SNEDics v3.4 Non-Gaussian ED ground state program		Start at Sun Mar  1 13:56:23 2020

parallized on 16 MPI threads  * 8 OpenMP threads = 128 total threads.
********************************************************************************************************************
********************************************************************************************************************

********************************************************************************************************************
System parameters and configurations
********************************************************************************************************************
Special program options are enabled: splitted diagonal Hamiltonian
********************************************************************************************************************
Read input file "model_params.in"
	Hubbard-Holstein model parameters : 	t = 1    U = 8    g = 8.7636    W = 16    
********************************************************************************************************************
Read input file "hilbertspace_params.in"
	Requested 16-site 2D lattice, with 16 electrons (8, 8)
	Boundary : Periodic		Hilbert space representation : momentum-space (restricted to kIdx = 10)
	Conservation: particle number[U(1)]      spin[U(1)]     momentum
********************************************************************************************************************

Cluster Positions:				Cluster symmetry group : D4
 x ... x ... x ... x .....                       x ... x ... x ... x .....
 |           |           :                       |           |           :
 |           |           :                       |           |           :
12    13    14    15     x                       1     5     6     5     x
 |           |           :                       |           |           :
 |           |           :                       |           |           :
 8 --- 9 ---10 ---11 --- x                       2 --- 6 ---10 --- 6 --- x
 |           |           :                       |           |           :
 |           |           :                       |           |           :
 4     5     6     7     x                       1     5     6     5     x
 |           |           :                       |           |           :
 |           |           :                       |           |           :
 0 --- 1 --- 2 --- 3 --- x                       0 --- 1 --- 2 --- 1 --- x
orbital number : 1
********************************************************************************************************************
Read input file "obs_params.in"
	Observable Type : Nq(All),   Sq(All),   N(All),   Delta[s](All),   Delta[d](All),   Delta[s+](All)
********************************************************************************************************************
** WARNING ** the input observables have non-local factors which have been reinterpreted. The total observable number is 96
********************************************************************************************************************


********************************************************************************************************************
Start calculating the non-Gaussian ED ground state
W = 16 is relatively large. The non-Gaussian ED calculation starts directly.
open output files: NGSEDIterationObs.txt
********************************************************************************************************************
Start the 0 rounds of NGS-ED iteration
	effective electronic model is modified as: kinetic energy t = 1
	                                           effective interaction Vq = [-0,-0,-0,-0,-0,-0,-0,-0,-0,-0,-0,-0,-0,-0,-0,-0]
	first Hamiltonian is constructed, non-zero numbers = 2845334624
	PARPACK diagonalization completed after 105 matrix-vector product operations.
	iteration results: : total energy is -8.284915 | electron energy -8.284915 + phonon energy 0.000000 | electron momentum kIdx = 10
	Nq(0) = 16,	Nq(1) = 0.0623747,	Nq(2) = 0.108897,	Nq(3) = 0.0623747,	Nq(4) = 0.0623747,	Nq(5) = 0.108897,	Nq(6) = 0.15084,	Nq(7) = 0.108897,	Nq(8) = 0.108897,	Nq(9) = 0.15084,	Nq(10) = 0.189673,	Nq(11) = 0.15084,	Nq(12) = 0.0623747,	Nq(13) = 0.108897,	Nq(14) = 0.15084,	Nq(15) = 0.108897,	Sq(0) = 3.91852e-19,	Sq(1) = 0.234593,	Sq(2) = 0.384437,	Sq(3) = 0.234593,	Sq(4) = 0.234593,	Sq(5) = 0.384437,	Sq(6) = 0.569544,	Sq(7) = 0.384437,	Sq(8) = 0.384437,	Sq(9) = 0.569544,	Sq(10) = 8.78091,	Sq(11) = 0.569544,	Sq(12) = 0.234593,	Sq(13) = 0.384437,	Sq(14) = 0.569544,	Sq(15) = 0.384437,	N(0) = 1.77141,	N(1) = 1.55608,	N(2) = 1,	N(3) = 1.55608,	N(4) = 1.55608,	N(5) = 1,	N(6) = 0.443921,	N(7) = 1,	N(8) = 1,	N(9) = 0.443921,	N(10) = 0.228587,	N(11) = 0.443921,	N(12) = 1.55608,	N(13) = 1,	N(14) = 0.443921,	N(15) = 1,	Delta[s](0) = 0.0801336,	Delta[s](1) = 0.0675311,	Delta[s](2) = 0.0539287,	Delta[s](3) = 0.0675311,	Delta[s](4) = 0.0675311,	Delta[s](5) = 0.0539287,	Delta[s](6) = 0.0388556,	Delta[s](7) = 0.0539287,	Delta[s](8) = 0.0539287,	Delta[s](9) = 0.0388556,	Delta[s](10) = 0.0187046,	Delta[s](11) = 0.0388556,	Delta[s](12) = 0.0675311,	Delta[s](13) = 0.0539287,	Delta[s](14) = 0.0388556,	Delta[s](15) = 0.0539287,	Delta[d](0) = 0.562827,	Delta[d](1) = 0.470828,	Delta[d](2) = 0.389894,	Delta[d](3) = 0.470828,	Delta[d](4) = 0.470828,	Delta[d](5) = 0.412888,	Delta[d](6) = 0.343305,	Delta[d](7) = 0.412888,	Delta[d](8) = 0.389894,	Delta[d](9) = 0.343305,	Delta[d](10) = 0.278782,	Delta[d](11) = 0.343305,	Delta[d](12) = 0.470828,	Delta[d](13) = 0.412888,	Delta[d](14) = 0.343305,	Delta[d](15) = 0.412888,	Delta[s+](0) = 0.602813,	Delta[s+](1) = 0.506889,	Delta[s+](2) = 0.389894,	Delta[s+](3) = 0.506889,	Delta[s+](4) = 0.506889,	Delta[s+](5) = 0.389894,	Delta[s+](6) = 0.271094,	Delta[s+](7) = 0.389894,	Delta[s+](8) = 0.389894,	Delta[s+](9) = 0.271094,	Delta[s+](10) = 0.162215,	Delta[s+](11) = 0.271094,	Delta[s+](12) = 0.506889,	Delta[s+](13) = 0.389894,	Delta[s+](14) = 0.271094,	Delta[s+](15) = 0.389894
The 0-th iteration is completed.	|| time cost : 0h 8m 9.533s
********************************************************************************************************************
Start the 1 rounds of NGS-ED iteration
	effective electronic model is modified as: kinetic energy t = 0.89721
	                                           effective interaction Vq = [-4.60438,-4.13635,-4.06611,-4.13635,-4.13635,-4.06611,-4.02141,-4.06611,-4.06611,-4.02141,-3.98691,-4.02141,-4.13635,-4.06611,-4.02141,-4.06611]
	PARPACK diagonalization completed after 45 matrix-vector product operations.
	iteration results: : total energy is -95.700874 | electron energy -95.706869 + phonon energy 0.005995 | electron momentum kIdx = 10
The 1-th iteration is completed.	|| time cost : 0h 7m 11.12s
********************************************************************************************************************
Start the 2 rounds of NGS-ED iteration
	effective electronic model is modified as: kinetic energy t = 0.820114
	                                           effective interaction Vq = [-4.79207,-4.70879,-4.68751,-4.70879,-4.70879,-4.68751,-4.62662,-4.68751,-4.68751,-4.62662,-4.56142,-4.62662,-4.70879,-4.68751,-4.62662,-4.68751]
	PARPACK diagonalization completed after 135 matrix-vector product operations.
	iteration results: : total energy is -102.662618 | electron energy -102.721420 + phonon energy 0.058802 | electron momentum kIdx = 10
The 2-th iteration is completed.	|| time cost : 0h 1m 1.914s
********************************************************************************************************************
Start the 3 rounds of NGS-ED iteration
	effective electronic model is modified as: kinetic energy t = 0.798648
	                                           effective interaction Vq = [-4.79972,-4.75782,-4.75768,-4.75782,-4.75782,-4.75768,-4.69853,-4.75768,-4.75768,-4.69853,-4.72115,-4.69853,-4.75782,-4.75768,-4.69853,-4.75768]
	PARPACK diagonalization completed after 45 matrix-vector product operations.
	iteration results: : total energy is -103.109252 | electron energy -103.190208 + phonon energy 0.080956 | electron momentum kIdx = 10
The 3-th iteration is completed.	|| time cost : 0h 0m 32.78s
********************************************************************************************************************
Start the 4 rounds of NGS-ED iteration
	effective electronic model is modified as: kinetic energy t = 0.796648
	                                           effective interaction Vq = [-4.80003,-4.76414,-4.73726,-4.76414,-4.76414,-4.73726,-4.71041,-4.73726,-4.73726,-4.71041,-4.78544,-4.71041,-4.76414,-4.73726,-4.71041,-4.73726]
	PARPACK diagonalization completed after 45 matrix-vector product operations.
	iteration results: : total energy is -103.312096 | electron energy -103.398162 + phonon energy 0.086066 | electron momentum kIdx = 10
The 4-th iteration is completed.	|| time cost : 0h 0m 32.769s
********************************************************************************************************************
Start the 5 rounds of NGS-ED iteration
	effective electronic model is modified as: kinetic energy t = 0.801572
	                                           effective interaction Vq = [-4.80004,-4.75882,-4.69571,-4.75882,-4.75882,-4.69571,-4.70302,-4.69571,-4.69571,-4.70302,-4.79472,-4.70302,-4.75882,-4.69571,-4.70302,-4.69571]
	PARPACK diagonalization completed after 30 matrix-vector product operations.
	iteration results: : total energy is -103.350273 | electron energy -103.434801 + phonon energy 0.084527 | electron momentum kIdx = 10
The 5-th iteration is completed.	|| time cost : 0h 0m 27.775s
********************************************************************************************************************
Start the 6 rounds of NGS-ED iteration
	effective electronic model is modified as: kinetic energy t = 0.803199
	                                           effective interaction Vq = [-4.80004,-4.75596,-4.68279,-4.75596,-4.75596,-4.68279,-4.69897,-4.68279,-4.68279,-4.69897,-4.79608,-4.69897,-4.75596,-4.68279,-4.69897,-4.68279]
	PARPACK diagonalization completed after 30 matrix-vector product operations.
	iteration results: : total energy is -103.352723 | electron energy -103.436224 + phonon energy 0.083501 | electron momentum kIdx = 10
The 6-th iteration is completed.	|| time cost : 0h 0m 27.945s
********************************************************************************************************************
Start the 7 rounds of NGS-ED iteration
	effective electronic model is modified as: kinetic energy t = 0.803667
	                                           effective interaction Vq = [-4.80004,-4.75496,-4.67949,-4.75496,-4.75496,-4.67949,-4.69751,-4.67949,-4.67949,-4.69751,-4.79635,-4.69751,-4.75496,-4.67949,-4.69751,-4.67949]
	PARPACK diagonalization completed after 30 matrix-vector product operations.
	iteration results: : total energy is -103.352877 | electron energy -103.436019 + phonon energy 0.083142 | electron momentum kIdx = 10
The 7-th iteration is completed.	|| time cost : 0h 0m 27.819s
********************************************************************************************************************
Start the 8 rounds of NGS-ED iteration
	effective electronic model is modified as: kinetic energy t = 0.803798
	                                           effective interaction Vq = [-4.80004,-4.75464,-4.67866,-4.75464,-4.75464,-4.67866,-4.69705,-4.67866,-4.67866,-4.69705, -4.7964,-4.69705,-4.75464,-4.67866,-4.69705,-4.67866]
	PARPACK diagonalization completed after 30 matrix-vector product operations.
	iteration results: : total energy is -103.352887 | electron energy -103.435919 + phonon energy 0.083032 | electron momentum kIdx = 10
The 8-th iteration is completed.	|| time cost : 0h 0m 27.919s
********************************************************************************************************************
Start the 9 rounds of NGS-ED iteration
	effective electronic model is modified as: kinetic energy t = 0.803834
	                                           effective interaction Vq = [-4.80004,-4.75455,-4.67845,-4.75455,-4.75455,-4.67845,-4.69691,-4.67845,-4.67845,-4.69691,-4.79641,-4.69691,-4.75455,-4.67845,-4.69691,-4.67845]
	PARPACK diagonalization completed after 30 matrix-vector product operations.
	iteration results: : total energy is -103.352888 | electron energy -103.435888 + phonon energy 0.082999 | electron momentum kIdx = 10
The 9-th iteration is completed.	|| time cost : 0h 0m 27.789s
********************************************************************************************************************
Start the 10 rounds of NGS-ED iteration
	effective electronic model is modified as: kinetic energy t = 0.803844
	                                           effective interaction Vq = [-4.80004,-4.75453, -4.6784,-4.75453,-4.75453, -4.6784,-4.69686, -4.6784, -4.6784,-4.69686,-4.79642,-4.69686,-4.75453, -4.6784,-4.69686, -4.6784]
	PARPACK diagonalization completed after 30 matrix-vector product operations.
	iteration results: : total energy is -103.352888 | electron energy -103.435878 + phonon energy 0.082990 | electron momentum kIdx = 10
	Nq(0) = 16,	Nq(1) = 0.331324,	Nq(2) = 0.372914,	Nq(3) = 0.331324,	Nq(4) = 0.331324,	Nq(5) = 0.372914,	Nq(6) = 0.606917,	Nq(7) = 0.372914,	Nq(8) = 0.372914,	Nq(9) = 0.606917,	Nq(10) = 4.77085,	Nq(11) = 0.606917,	Nq(12) = 0.331324,	Nq(13) = 0.372914,	Nq(14) = 0.606917,	Nq(15) = 0.372914,	Sq(0) = 9.93216e-18,	Sq(1) = 0.251551,	Sq(2) = 0.314306,	Sq(3) = 0.251551,	Sq(4) = 0.251551,	Sq(5) = 0.314306,	Sq(6) = 0.456436,	Sq(7) = 0.314306,	Sq(8) = 0.314306,	Sq(9) = 0.456436,	Sq(10) = 0.520919,	Sq(11) = 0.456436,	Sq(12) = 0.251551,	Sq(13) = 0.314306,	Sq(14) = 0.456436,	Sq(15) = 0.314306,	N(0) = 1.98314,	N(1) = 1.95663,	N(2) = 1,	N(3) = 1.95663,	N(4) = 1.95663,	N(5) = 1,	N(6) = 0.0433745,	N(7) = 1,	N(8) = 1,	N(9) = 0.0433745,	N(10) = 0.0168578,	N(11) = 0.0433745,	N(12) = 1.95663,	N(13) = 1,	N(14) = 0.0433745,	N(15) = 1,	Delta[s](0) = 0.476439,	Delta[s](1) = 0.355635,	Delta[s](2) = 0.342327,	Delta[s](3) = 0.355635,	Delta[s](4) = 0.355635,	Delta[s](5) = 0.342327,	Delta[s](6) = 0.291324,	Delta[s](7) = 0.342327,	Delta[s](8) = 0.342327,	Delta[s](9) = 0.291324,	Delta[s](10) = 0.262414,	Delta[s](11) = 0.291324,	Delta[s](12) = 0.355635,	Delta[s](13) = 0.342327,	Delta[s](14) = 0.291324,	Delta[s](15) = 0.342327,	Delta[d](0) = 0.219383,	Delta[d](1) = 0.213125,	Delta[d](2) = 0.211908,	Delta[d](3) = 0.213125,	Delta[d](4) = 0.213125,	Delta[d](5) = 0.142957,	Delta[d](6) = 0.174961,	Delta[d](7) = 0.142957,	Delta[d](8) = 0.211908,	Delta[d](9) = 0.174961,	Delta[d](10) = 0.0665438,	Delta[d](11) = 0.174961,	Delta[d](12) = 0.213125,	Delta[d](13) = 0.142957,	Delta[d](14) = 0.174961,	Delta[d](15) = 0.142957,	Delta[s+](0) = 0.402984,	Delta[s+](1) = 0.322408,	Delta[s+](2) = 0.211908,	Delta[s+](3) = 0.322408,	Delta[s+](4) = 0.322408,	Delta[s+](5) = 0.211908,	Delta[s+](6) = 0.0998113,	Delta[s+](7) = 0.211908,	Delta[s+](8) = 0.211908,	Delta[s+](9) = 0.0998113,	Delta[s+](10) = 0.0374817,	Delta[s+](11) = 0.0998113,	Delta[s+](12) = 0.322408,	Delta[s+](13) = 0.211908,	Delta[s+](14) = 0.0998113,	Delta[s+](15) = 0.211908
The 10-th iteration is completed.	|| time cost : 0h 4m 43.477s
********************************************************************************************************************
Start the 11 rounds of NGS-ED iteration
	effective electronic model is modified as: kinetic energy t = 0.803847
	                                           effective interaction Vq = [-4.80004,-4.75452,-4.67838,-4.75452,-4.75452,-4.67838,-4.69685,-4.67838,-4.67838,-4.69685,-4.79642,-4.69685,-4.75452,-4.67838,-4.69685,-4.67838]
	PARPACK diagonalization completed after 30 matrix-vector product operations.
	iteration results: : total energy is -103.352888 | electron energy -103.435876 + phonon energy 0.082988 | electron momentum kIdx = 10
The 11-th iteration is completed.	|| time cost : 0h 0m 27.85s
********************************************************************************************************************
Start the 12 rounds of NGS-ED iteration
	effective electronic model is modified as: kinetic energy t = 0.803847
	                                           effective interaction Vq = [-4.80004,-4.75452,-4.67838,-4.75452,-4.75452,-4.67838,-4.69685,-4.67838,-4.67838,-4.69685,-4.79642,-4.69685,-4.75452,-4.67838,-4.69685,-4.67838]
	PARPACK diagonalization completed after 30 matrix-vector product operations.
	iteration results: : total energy is -103.352888 | electron energy -103.435875 + phonon energy 0.082987 | electron momentum kIdx = 10
The 12-th iteration is completed.	|| time cost : 0h 0m 27.551s
********************************************************************************************************************
Start the 13 rounds of NGS-ED iteration
	effective electronic model is modified as: kinetic energy t = 0.803848
	                                           effective interaction Vq = [-4.80004,-4.75452,-4.67838,-4.75452,-4.75452,-4.67838,-4.69685,-4.67838,-4.67838,-4.69685,-4.79642,-4.69685,-4.75452,-4.67838,-4.69685,-4.67838]
	PARPACK diagonalization completed after 30 matrix-vector product operations.
	iteration results: : total energy is -103.352888 | electron energy -103.435875 + phonon energy 0.082987 | electron momentum kIdx = 10
The 13-th iteration is completed.	|| time cost : 0h 0m 27.776s
********************************************************************************************************************
Start the 14 rounds of NGS-ED iteration
	effective electronic model is modified as: kinetic energy t = 0.803848
	                                           effective interaction Vq = [-4.80004,-4.75452,-4.67838,-4.75452,-4.75452,-4.67838,-4.69685,-4.67838,-4.67838,-4.69685,-4.79642,-4.69685,-4.75452,-4.67838,-4.69685,-4.67838]
	PARPACK diagonalization completed after 30 matrix-vector product operations.
	iteration results: : total energy is -103.352888 | electron energy -103.435875 + phonon energy 0.082987 | electron momentum kIdx = 10
	Nq(0) = 16,	Nq(1) = 0.331319,	Nq(2) = 0.37291,	Nq(3) = 0.331319,	Nq(4) = 0.331319,	Nq(5) = 0.37291,	Nq(6) = 0.606909,	Nq(7) = 0.37291,	Nq(8) = 0.37291,	Nq(9) = 0.606909,	Nq(10) = 4.77092,	Nq(11) = 0.606909,	Nq(12) = 0.331319,	Nq(13) = 0.37291,	Nq(14) = 0.606909,	Nq(15) = 0.37291,	Sq(0) = -3.27376e-18,	Sq(1) = 0.25155,	Sq(2) = 0.314306,	Sq(3) = 0.25155,	Sq(4) = 0.25155,	Sq(5) = 0.314306,	Sq(6) = 0.456436,	Sq(7) = 0.314306,	Sq(8) = 0.314306,	Sq(9) = 0.456436,	Sq(10) = 0.52092,	Sq(11) = 0.456436,	Sq(12) = 0.25155,	Sq(13) = 0.314306,	Sq(14) = 0.456436,	Sq(15) = 0.314306,	N(0) = 1.98314,	N(1) = 1.95662,	N(2) = 1,	N(3) = 1.95662,	N(4) = 1.95662,	N(5) = 1,	N(6) = 0.0433752,	N(7) = 1,	N(8) = 1,	N(9) = 0.0433752,	N(10) = 0.0168577,	N(11) = 0.0433752,	N(12) = 1.95662,	N(13) = 1,	N(14) = 0.0433752,	N(15) = 1,	Delta[s](0) = 0.476434,	Delta[s](1) = 0.355635,	Delta[s](2) = 0.342327,	Delta[s](3) = 0.355635,	Delta[s](4) = 0.355635,	Delta[s](5) = 0.342327,	Delta[s](6) = 0.291325,	Delta[s](7) = 0.342327,	Delta[s](8) = 0.342327,	Delta[s](9) = 0.291325,	Delta[s](10) = 0.262416,	Delta[s](11) = 0.291325,	Delta[s](12) = 0.355635,	Delta[s](13) = 0.342327,	Delta[s](14) = 0.291325,	Delta[s](15) = 0.342327,	Delta[d](0) = 0.219382,	Delta[d](1) = 0.213123,	Delta[d](2) = 0.211907,	Delta[d](3) = 0.213123,	Delta[d](4) = 0.213123,	Delta[d](5) = 0.142956,	Delta[d](6) = 0.17496,	Delta[d](7) = 0.142956,	Delta[d](8) = 0.211907,	Delta[d](9) = 0.17496,	Delta[d](10) = 0.0665424,	Delta[d](11) = 0.17496,	Delta[d](12) = 0.213123,	Delta[d](13) = 0.142956,	Delta[d](14) = 0.17496,	Delta[d](15) = 0.142956,	Delta[s+](0) = 0.402984,	Delta[s+](1) = 0.322408,	Delta[s+](2) = 0.211907,	Delta[s+](3) = 0.322408,	Delta[s+](4) = 0.322408,	Delta[s+](5) = 0.211907,	Delta[s+](6) = 0.0998103,	Delta[s+](7) = 0.211907,	Delta[s+](8) = 0.211907,	Delta[s+](9) = 0.0998103,	Delta[s+](10) = 0.037481,	Delta[s+](11) = 0.0998103,	Delta[s+](12) = 0.322408,	Delta[s+](13) = 0.211907,	Delta[s+](14) = 0.0998103,	Delta[s+](15) = 0.211907
The 14-th iteration is completed.	|| time cost : 0h 4m 28.511s
********************************************************************************************************************
********************************************************************************************************************
Ground state is obtained after 15 iterations. The current ground-state energy is -103.353, in which electron energy is -103.436 and phonon energy is 0.0829867
final variational state is: 
	Gamma_x = [      1,1.01763, 1.0304,1.01763,1.01763, 1.0304, 1.0466, 1.0304, 1.0304, 1.0466,1.07942, 1.0466,1.01763, 1.0304, 1.0466, 1.0304]
	lambda_q = [0.547725,0.494382,0.460524,0.494382,0.494382,0.460524,0.467415,0.460524,0.460524,0.467415,0.532674,0.467415,0.494382,0.460524,0.467415,0.460524]
********************************************************************************************************************
o___o  ----------------------------------------
| L |	Time since last clock: 0h 0m 0s
A===A	Time since the beginning: 0h 30m 22.535s
***********************************************


Non-Gaussina ED ground state calculation is completed. The final ground-state energy is -103.353
********************************************************************************************************************
o___o  ----------------------------------------
| L |	Time since last clock: 0h 0m 0.008s
A===A	Time since the beginning: 0h 30m 22.543s
***********************************************



********************************************************************************************************************
All non-Gaussian ED ground state calculations have been completed. Exit now.
