SNEDics v3.4 Non-Gaussian ED ground state program		Start at Sat Sep 28 12:37:40 2019

parallized on 16 MPI threads  * 8 OpenMP threads = 128 total threads.
********************************************************************************************************************
********************************************************************************************************************

********************************************************************************************************************
System parameters and configurations
********************************************************************************************************************
Special program options are enabled: splitted diagonal Hamiltonian
********************************************************************************************************************
Read input file "model_params.in"
	Hubbard-Holstein model parameters : 	t = 1    U = 10    g = 1.5811    W = 5    
********************************************************************************************************************
Read input file "hilbertspace_params.in"
	Requested 16-site 2D lattice, with 10 electrons (5, 5)
	Boundary : Periodic		Hilbert space representation : momentum-space (restricted to kIdx = 0)
	Conservation: particle number[U(1)]      spin[U(1)]     momentum
********************************************************************************************************************

Cluster Positions:				Cluster symmetry group : D4
 x ... x ... x ... x .....                       x ... x ... x ... x .....
 |           |           :                       |           |           :
 |           |           :                       |           |           :
12    13    14    15     x                       1     5     6     5     x
 |           |           :                       |           |           :
 |           |           :                       |           |           :
 8 --- 9 ---10 ---11 --- x                       2 --- 6 ---10 --- 6 --- x
 |           |           :                       |           |           :
 |           |           :                       |           |           :
 4     5     6     7     x                       1     5     6     5     x
 |           |           :                       |           |           :
 |           |           :                       |           |           :
 0 --- 1 --- 2 --- 3 --- x                       0 --- 1 --- 2 --- 1 --- x
orbital number : 1
********************************************************************************************************************
Read input file "obs_params.in"
	Observable Type : Nq(All),   Sq(All),   N(All),   Delta[s](All),   Delta[d](All),   Delta[s+](All)
********************************************************************************************************************
** WARNING ** the input observables have non-local factors which have been reinterpreted. The total observable number is 96
********************************************************************************************************************


********************************************************************************************************************
Start calculating the non-Gaussian ED ground state
** WARNING ** Detected low phonon energy W < 10. The initial state will be prepared through a warm-up process.
********************************************************************************************************************
Start warm-up calculation for scaling factor 2
open output files: NGSEDWarmUpW10Obs.txt
********************************************************************************************************************
Start the 0 rounds of NGS-ED iteration
	effective electronic model is modified as: kinetic energy t = 1
	                                           effective interaction Vq = [-0,-0,-0,-0,-0,-0,-0,-0,-0,-0,-0,-0,-0,-0,-0,-0]
	first Hamiltonian is constructed, non-zero numbers = 242521378
	PARPACK diagonalization completed after 90 matrix-vector product operations.
	iteration results: : total energy is -16.903560 | electron energy -16.903560 + phonon energy 0.000000 | electron momentum kIdx = 0
	Nq(0) = 6.25,	Nq(1) = 0.204373,	Nq(2) = 0.272385,	Nq(3) = 0.204373,	Nq(4) = 0.204373,	Nq(5) = 0.272385,	Nq(6) = 0.347816,	Nq(7) = 0.272385,	Nq(8) = 0.272385,	Nq(9) = 0.347816,	Nq(10) = 0.424119,	Nq(11) = 0.347816,	Nq(12) = 0.204373,	Nq(13) = 0.272385,	Nq(14) = 0.347816,	Nq(15) = 0.272385,	Sq(0) = 7.16922e-19,	Sq(1) = 0.533446,	Sq(2) = 0.456822,	Sq(3) = 0.533446,	Sq(4) = 0.533446,	Sq(5) = 0.456822,	Sq(6) = 0.9653,	Sq(7) = 0.456822,	Sq(8) = 0.456822,	Sq(9) = 0.9653,	Sq(10) = 0.746901,	Sq(11) = 0.9653,	Sq(12) = 0.533446,	Sq(13) = 0.456822,	Sq(14) = 0.9653,	Sq(15) = 0.456822,	N(0) = 1.78421,	N(1) = 1.66059,	N(2) = 0.197839,	N(3) = 1.66059,	N(4) = 1.66059,	N(5) = 0.197839,	N(6) = 0.0766856,	N(7) = 0.197839,	N(8) = 0.197839,	N(9) = 0.0766856,	N(10) = 0.0796508,	N(11) = 0.0766856,	N(12) = 1.66059,	N(13) = 0.197839,	N(14) = 0.0766856,	N(15) = 0.197839,	Delta[s](0) = 0.0450522,	Delta[s](1) = 0.0270722,	Delta[s](2) = 0.0163405,	Delta[s](3) = 0.0270722,	Delta[s](4) = 0.0270722,	Delta[s](5) = 0.0163405,	Delta[s](6) = 0.0015903,	Delta[s](7) = 0.0163405,	Delta[s](8) = 0.0163405,	Delta[s](9) = 0.0015903,	Delta[s](10) = 0.000845864,	Delta[s](11) = 0.0015903,	Delta[s](12) = 0.0270722,	Delta[s](13) = 0.0163405,	Delta[s](14) = 0.0015903,	Delta[s](15) = 0.0163405,	Delta[d](0) = 0.191784,	Delta[d](1) = 0.0948031,	Delta[d](2) = 0.150974,	Delta[d](3) = 0.0948031,	Delta[d](4) = 0.0948031,	Delta[d](5) = 0.0952408,	Delta[d](6) = 0.0403503,	Delta[d](7) = 0.0952408,	Delta[d](8) = 0.150974,	Delta[d](9) = 0.0403503,	Delta[d](10) = 0.0234081,	Delta[d](11) = 0.0403503,	Delta[d](12) = 0.0948031,	Delta[d](13) = 0.0952408,	Delta[d](14) = 0.0403503,	Delta[d](15) = 0.0952408,	Delta[s+](0) = 0.551578,	Delta[s+](1) = 0.33356,	Delta[s+](2) = 0.150974,	Delta[s+](3) = 0.33356,	Delta[s+](4) = 0.33356,	Delta[s+](5) = 0.150974,	Delta[s+](6) = 0.0148289,	Delta[s+](7) = 0.150974,	Delta[s+](8) = 0.150974,	Delta[s+](9) = 0.0148289,	Delta[s+](10) = 0.00449967,	Delta[s+](11) = 0.0148289,	Delta[s+](12) = 0.33356,	Delta[s+](13) = 0.150974,	Delta[s+](14) = 0.0148289,	Delta[s+](15) = 0.150974
The 0-th iteration is completed.	|| time cost : 0h 0m 46.541s
********************************************************************************************************************
Start the 1 rounds of NGS-ED iteration
	effective electronic model is modified as: kinetic energy t = 0.986347
	                                           effective interaction Vq = [-0.432311,-0.403524,-0.389322,-0.403524,-0.403524,-0.389322,-0.382029,-0.389322,-0.389322,-0.382029,-0.377516,-0.382029,-0.403524,-0.389322,-0.382029,-0.389322]
	PARPACK diagonalization completed after 30 matrix-vector product operations.
	iteration results: : total energy is -21.005515 | electron energy -21.005676 + phonon energy 0.000161 | electron momentum kIdx = 0
The 1-th iteration is completed.	|| time cost : 0h 0m 38.765s
********************************************************************************************************************
Start the 2 rounds of NGS-ED iteration
	effective electronic model is modified as: kinetic energy t = 0.979293
	                                           effective interaction Vq = [-0.490818,-0.459712,-0.440751,-0.459712,-0.459712,-0.440751,-0.431149,-0.440751,-0.440751,-0.431149,-0.424815,-0.431149,-0.459712,-0.440751,-0.431149,-0.440751]
	PARPACK diagonalization completed after 30 matrix-vector product operations.
	iteration results: : total energy is -21.452355 | electron energy -21.453212 + phonon energy 0.000857 | electron momentum kIdx = 0
The 2-th iteration is completed.	|| time cost : 0h 0m 2.282s
********************************************************************************************************************
Start the 3 rounds of NGS-ED iteration
	effective electronic model is modified as: kinetic energy t = 0.977394
	                                           effective interaction Vq = [-0.498736,-0.471078,-0.450803,-0.471078,-0.471078,-0.450803, -0.44046,-0.450803,-0.450803, -0.44046,-0.433548, -0.44046,-0.471078,-0.450803, -0.44046,-0.450803]
	PARPACK diagonalization completed after 30 matrix-vector product operations.
	iteration results: : total energy is -21.506834 | electron energy -21.508131 + phonon energy 0.001297 | electron momentum kIdx = 0
The 3-th iteration is completed.	|| time cost : 0h 0m 2.311s
********************************************************************************************************************
Start the 4 rounds of NGS-ED iteration
	effective electronic model is modified as: kinetic energy t = 0.976921
	                                           effective interaction Vq = [-0.499808,-0.473915,-0.453109,-0.473915,-0.473915,-0.453109,-0.442492,-0.453109,-0.453109,-0.442492,-0.435388,-0.442492,-0.473915,-0.453109,-0.442492,-0.453109]
	PARPACK diagonalization completed after 30 matrix-vector product operations.
	iteration results: : total energy is -21.513851 | electron energy -21.515298 + phonon energy 0.001447 | electron momentum kIdx = 0
The 4-th iteration is completed.	|| time cost : 0h 0m 2.283s
********************************************************************************************************************
Start the 5 rounds of NGS-ED iteration
	effective electronic model is modified as: kinetic energy t = 0.976804
	                                           effective interaction Vq = [-0.499953,-0.474681,-0.453664,-0.474681,-0.474681,-0.453664,-0.442953,-0.453664,-0.453664,-0.442953,-0.435788,-0.442953,-0.474681,-0.453664,-0.442953,-0.453664]
	PARPACK diagonalization completed after 30 matrix-vector product operations.
	iteration results: : total energy is -21.514778 | electron energy -21.516267 + phonon energy 0.001489 | electron momentum kIdx = 0
The 5-th iteration is completed.	|| time cost : 0h 0m 2.281s
********************************************************************************************************************
Start the 6 rounds of NGS-ED iteration
	effective electronic model is modified as: kinetic energy t = 0.976775
	                                           effective interaction Vq = [-0.499972,-0.474893,-0.453799,-0.474893,-0.474893,-0.453799,-0.443059,-0.453799,-0.453799,-0.443059,-0.435876,-0.443059,-0.474893,-0.453799,-0.443059,-0.453799]
	PARPACK diagonalization completed after 30 matrix-vector product operations.
	iteration results: : total energy is -21.514902 | electron energy -21.516402 + phonon energy 0.001500 | electron momentum kIdx = 0
The 6-th iteration is completed.	|| time cost : 0h 0m 2.282s
********************************************************************************************************************
Start the 7 rounds of NGS-ED iteration
	effective electronic model is modified as: kinetic energy t = 0.976767
	                                           effective interaction Vq = [-0.499975,-0.474952,-0.453832,-0.474952,-0.474952,-0.453832,-0.443083,-0.453832,-0.453832,-0.443083,-0.435896,-0.443083,-0.474952,-0.453832,-0.443083,-0.453832]
	PARPACK diagonalization completed after 30 matrix-vector product operations.
	iteration results: : total energy is -21.514919 | electron energy -21.516421 + phonon energy 0.001502 | electron momentum kIdx = 0
	Nq(0) = 6.25,	Nq(1) = 0.208729,	Nq(2) = 0.274987,	Nq(3) = 0.208729,	Nq(4) = 0.208729,	Nq(5) = 0.274987,	Nq(6) = 0.352831,	Nq(7) = 0.274987,	Nq(8) = 0.274987,	Nq(9) = 0.352831,	Nq(10) = 0.42859,	Nq(11) = 0.352831,	Nq(12) = 0.208729,	Nq(13) = 0.274987,	Nq(14) = 0.352831,	Nq(15) = 0.274987,	Sq(0) = 8.7743e-19,	Sq(1) = 0.528782,	Sq(2) = 0.454659,	Sq(3) = 0.528782,	Sq(4) = 0.528782,	Sq(5) = 0.454659,	Sq(6) = 0.958099,	Sq(7) = 0.454659,	Sq(8) = 0.454659,	Sq(9) = 0.958099,	Sq(10) = 0.749767,	Sq(11) = 0.958099,	Sq(12) = 0.528782,	Sq(13) = 0.454659,	Sq(14) = 0.958099,	Sq(15) = 0.454659,	N(0) = 1.80064,	N(1) = 1.67997,	N(2) = 0.186213,	N(3) = 1.67997,	N(4) = 1.67997,	N(5) = 0.186213,	N(6) = 0.0717,	N(7) = 0.186213,	N(8) = 0.186213,	N(9) = 0.0717,	N(10) = 0.075404,	N(11) = 0.0717,	N(12) = 1.67997,	N(13) = 0.186213,	N(14) = 0.0717,	N(15) = 0.186213,	Delta[s](0) = 0.0486175,	Delta[s](1) = 0.0294449,	Delta[s](2) = 0.0183424,	Delta[s](3) = 0.0294449,	Delta[s](4) = 0.0294449,	Delta[s](5) = 0.0183424,	Delta[s](6) = 0.00234454,	Delta[s](7) = 0.0183424,	Delta[s](8) = 0.0183424,	Delta[s](9) = 0.00234454,	Delta[s](10) = 0.00154712,	Delta[s](11) = 0.00234454,	Delta[s](12) = 0.0294449,	Delta[s](13) = 0.0183424,	Delta[s](14) = 0.00234454,	Delta[s](15) = 0.0183424,	Delta[d](0) = 0.19477,	Delta[d](1) = 0.0948178,	Delta[d](2) = 0.15213,	Delta[d](3) = 0.0948178,	Delta[d](4) = 0.0948178,	Delta[d](5) = 0.0970471,	Delta[d](6) = 0.039927,	Delta[d](7) = 0.0970471,	Delta[d](8) = 0.15213,	Delta[d](9) = 0.039927,	Delta[d](10) = 0.023155,	Delta[d](11) = 0.039927,	Delta[d](12) = 0.0948178,	Delta[d](13) = 0.0970471,	Delta[d](14) = 0.039927,	Delta[d](15) = 0.0970471,	Delta[s+](0) = 0.554235,	Delta[s+](1) = 0.33584,	Delta[s+](2) = 0.15213,	Delta[s+](3) = 0.33584,	Delta[s+](4) = 0.33584,	Delta[s+](5) = 0.15213,	Delta[s+](6) = 0.0152832,	Delta[s+](7) = 0.15213,	Delta[s+](8) = 0.15213,	Delta[s+](9) = 0.0152832,	Delta[s+](10) = 0.00472352,	Delta[s+](11) = 0.0152832,	Delta[s+](12) = 0.33584,	Delta[s+](13) = 0.15213,	Delta[s+](14) = 0.0152832,	Delta[s+](15) = 0.15213
The 7-th iteration is completed.	|| time cost : 0h 0m 20.991s
********************************************************************************************************************
********************************************************************************************************************
Ground state is obtained after 8 iterations. The current ground-state energy is -21.5149, in which electron energy is -21.5164 and phonon energy is 0.00150221
final variational state is: 
	Gamma_x = [      1,1.00363,1.00583,1.00363,1.00363,1.00583,1.00792,1.00583,1.00583,1.00792, 1.0099,1.00792,1.00363,1.00583,1.00792,1.00583]
	lambda_q = [0.223526,0.173594,0.155678,0.173594,0.173594,0.155678,0.148178,0.155678,0.155678,0.148178,0.143554,0.148178,0.173594,0.155678,0.148178,0.155678]
********************************************************************************************************************
o___o  ----------------------------------------
| L |	Time since last clock: 0h 0m 0s
A===A	Time since the beginning: 0h 1m 57.741s
***********************************************


********************************************************************************************************************
Warm up runs have been completed. Start calculating W = 5 phonon.
open output files: NGSEDIterationObs.txt
********************************************************************************************************************
Start the 0 rounds of NGS-ED iteration
	effective electronic model is modified as: kinetic energy t = 0.976765
	                                           effective interaction Vq = [-0.457015,-0.398265,-0.371107,-0.398265,-0.398265,-0.371107,-0.358785,-0.371107,-0.371107,-0.358785,-0.350908,-0.358785,-0.398265,-0.371107,-0.358785,-0.371107]
	PARPACK diagonalization completed after 30 matrix-vector product operations.
	iteration results: : total energy is -20.891831 | electron energy -20.892583 + phonon energy 0.000751 | electron momentum kIdx = 0
	Nq(0) = 6.25,	Nq(1) = 0.207991,	Nq(2) = 0.274307,	Nq(3) = 0.207991,	Nq(4) = 0.207991,	Nq(5) = 0.274307,	Nq(6) = 0.351312,	Nq(7) = 0.274307,	Nq(8) = 0.274307,	Nq(9) = 0.351312,	Nq(10) = 0.426922,	Nq(11) = 0.351312,	Nq(12) = 0.207991,	Nq(13) = 0.274307,	Nq(14) = 0.351312,	Nq(15) = 0.274307,	Sq(0) = -1.96327e-19,	Sq(1) = 0.52987,	Sq(2) = 0.455259,	Sq(3) = 0.52987,	Sq(4) = 0.52987,	Sq(5) = 0.455259,	Sq(6) = 0.959821,	Sq(7) = 0.455259,	Sq(8) = 0.455259,	Sq(9) = 0.959821,	Sq(10) = 0.749709,	Sq(11) = 0.959821,	Sq(12) = 0.52987,	Sq(13) = 0.455259,	Sq(14) = 0.959821,	Sq(15) = 0.455259,	N(0) = 1.79654,	N(1) = 1.67531,	N(2) = 0.188898,	N(3) = 1.67531,	N(4) = 1.67531,	N(5) = 0.188898,	N(6) = 0.0730462,	N(7) = 0.188898,	N(8) = 0.188898,	N(9) = 0.0730462,	N(10) = 0.0766524,	N(11) = 0.0730462,	N(12) = 1.67531,	N(13) = 0.188898,	N(14) = 0.0730462,	N(15) = 0.188898,	Delta[s](0) = 0.0471294,	Delta[s](1) = 0.0286335,	Delta[s](2) = 0.0178182,	Delta[s](3) = 0.0286335,	Delta[s](4) = 0.0286335,	Delta[s](5) = 0.0178182,	Delta[s](6) = 0.00244651,	Delta[s](7) = 0.0178182,	Delta[s](8) = 0.0178182,	Delta[s](9) = 0.00244651,	Delta[s](10) = 0.00162778,	Delta[s](11) = 0.00244651,	Delta[s](12) = 0.0286335,	Delta[s](13) = 0.0178182,	Delta[s](14) = 0.00244651,	Delta[s](15) = 0.0178182,	Delta[d](0) = 0.194629,	Delta[d](1) = 0.0958271,	Delta[d](2) = 0.152917,	Delta[d](3) = 0.0958271,	Delta[d](4) = 0.0958271,	Delta[d](5) = 0.0972947,	Delta[d](6) = 0.0410117,	Delta[d](7) = 0.0972947,	Delta[d](8) = 0.152917,	Delta[d](9) = 0.0410117,	Delta[d](10) = 0.0239586,	Delta[d](11) = 0.0410117,	Delta[d](12) = 0.0958271,	Delta[d](13) = 0.0972947,	Delta[d](14) = 0.0410117,	Delta[d](15) = 0.0972947,	Delta[s+](0) = 0.555889,	Delta[s+](1) = 0.336903,	Delta[s+](2) = 0.152917,	Delta[s+](3) = 0.336903,	Delta[s+](4) = 0.336903,	Delta[s+](5) = 0.152917,	Delta[s+](6) = 0.0158798,	Delta[s+](7) = 0.152917,	Delta[s+](8) = 0.152917,	Delta[s+](9) = 0.0158798,	Delta[s+](10) = 0.00488367,	Delta[s+](11) = 0.0158798,	Delta[s+](12) = 0.336903,	Delta[s+](13) = 0.152917,	Delta[s+](14) = 0.0158798,	Delta[s+](15) = 0.152917
The 0-th iteration is completed.	|| time cost : 0h 0m 21.206s
********************************************************************************************************************
Start the 1 rounds of NGS-ED iteration
	effective electronic model is modified as: kinetic energy t = 0.974493
	                                           effective interaction Vq = [-0.484171,-0.418423,-0.384081,-0.418423,-0.418423,-0.384081,-0.368131,-0.384081,-0.384081,-0.368131, -0.35805,-0.368131,-0.418423,-0.384081,-0.368131,-0.384081]
	PARPACK diagonalization completed after 30 matrix-vector product operations.
	iteration results: : total energy is -21.069697 | electron energy -21.071865 + phonon energy 0.002168 | electron momentum kIdx = 0
The 1-th iteration is completed.	|| time cost : 0h 0m 2.303s
********************************************************************************************************************
Start the 2 rounds of NGS-ED iteration
	effective electronic model is modified as: kinetic energy t = 0.9735
	                                           effective interaction Vq = [-0.494161,-0.427063,-0.389261,-0.427063,-0.427063,-0.389261,-0.371793,-0.389261,-0.389261,-0.371793,-0.360861,-0.371793,-0.427063,-0.389261,-0.371793,-0.389261]
	PARPACK diagonalization completed after 30 matrix-vector product operations.
	iteration results: : total energy is -21.133733 | electron energy -21.136814 + phonon energy 0.003081 | electron momentum kIdx = 0
The 2-th iteration is completed.	|| time cost : 0h 0m 2.322s
********************************************************************************************************************
Start the 3 rounds of NGS-ED iteration
	effective electronic model is modified as: kinetic energy t = 0.97307
	                                           effective interaction Vq = [-0.497837, -0.43093,-0.391386, -0.43093, -0.43093,-0.391386, -0.37326,-0.391386,-0.391386, -0.37326,-0.361986, -0.37326, -0.43093,-0.391386, -0.37326,-0.391386]
	PARPACK diagonalization completed after 30 matrix-vector product operations.
	iteration results: : total energy is -21.157023 | electron energy -21.160576 + phonon energy 0.003554 | electron momentum kIdx = 0
The 3-th iteration is completed.	|| time cost : 0h 0m 2.315s
********************************************************************************************************************
Start the 4 rounds of NGS-ED iteration
	effective electronic model is modified as: kinetic energy t = 0.972884
	                                           effective interaction Vq = [-0.499189,-0.432701, -0.39227,-0.432701,-0.432701, -0.39227,-0.373855, -0.39227, -0.39227,-0.373855,-0.362441,-0.373855,-0.432701, -0.39227,-0.373855, -0.39227]
	PARPACK diagonalization completed after 30 matrix-vector product operations.
	iteration results: : total energy is -21.165538 | electron energy -21.169316 + phonon energy 0.003779 | electron momentum kIdx = 0
The 4-th iteration is completed.	|| time cost : 0h 0m 2.319s
********************************************************************************************************************
Start the 5 rounds of NGS-ED iteration
	effective electronic model is modified as: kinetic energy t = 0.972803
	                                           effective interaction Vq = [-0.499686,-0.433522, -0.39264,-0.433522,-0.433522, -0.39264,-0.374098, -0.39264, -0.39264,-0.374098,-0.362626,-0.374098,-0.433522, -0.39264,-0.374098, -0.39264]
	PARPACK diagonalization completed after 30 matrix-vector product operations.
	iteration results: : total energy is -21.168660 | electron energy -21.172541 + phonon energy 0.003882 | electron momentum kIdx = 0
The 5-th iteration is completed.	|| time cost : 0h 0m 2.313s
********************************************************************************************************************
Start the 6 rounds of NGS-ED iteration
	effective electronic model is modified as: kinetic energy t = 0.972767
	                                           effective interaction Vq = [-0.499869,-0.433905,-0.392796,-0.433905,-0.433905,-0.392796,-0.374198,-0.392796,-0.392796,-0.374198,-0.362701,-0.374198,-0.433905,-0.392796,-0.374198,-0.392796]
	PARPACK diagonalization completed after 30 matrix-vector product operations.
	iteration results: : total energy is -21.169806 | electron energy -21.173734 + phonon energy 0.003928 | electron momentum kIdx = 0
The 6-th iteration is completed.	|| time cost : 0h 0m 2.322s
********************************************************************************************************************
Start the 7 rounds of NGS-ED iteration
	effective electronic model is modified as: kinetic energy t = 0.972752
	                                           effective interaction Vq = [-0.499936,-0.434084,-0.392862,-0.434084,-0.434084,-0.392862,-0.374239,-0.392862,-0.392862,-0.374239,-0.362732,-0.374239,-0.434084,-0.392862,-0.374239,-0.392862]
	PARPACK diagonalization completed after 30 matrix-vector product operations.
	iteration results: : total energy is -21.170227 | electron energy -21.174176 + phonon energy 0.003949 | electron momentum kIdx = 0
The 7-th iteration is completed.	|| time cost : 0h 0m 2.285s
********************************************************************************************************************
Start the 8 rounds of NGS-ED iteration
	effective electronic model is modified as: kinetic energy t = 0.972745
	                                           effective interaction Vq = [-0.499961,-0.434167, -0.39289,-0.434167,-0.434167, -0.39289,-0.374256, -0.39289, -0.39289,-0.374256,-0.362744,-0.374256,-0.434167, -0.39289,-0.374256, -0.39289]
	PARPACK diagonalization completed after 30 matrix-vector product operations.
	iteration results: : total energy is -21.170382 | electron energy -21.174340 + phonon energy 0.003958 | electron momentum kIdx = 0
The 8-th iteration is completed.	|| time cost : 0h 0m 2.282s
********************************************************************************************************************
Start the 9 rounds of NGS-ED iteration
	effective electronic model is modified as: kinetic energy t = 0.972742
	                                           effective interaction Vq = [ -0.49997,-0.434207,-0.392902,-0.434207,-0.434207,-0.392902,-0.374263,-0.392902,-0.392902,-0.374263, -0.36275,-0.374263,-0.434207,-0.392902,-0.374263,-0.392902]
	PARPACK diagonalization completed after 30 matrix-vector product operations.
	iteration results: : total energy is -21.170439 | electron energy -21.174401 + phonon energy 0.003962 | electron momentum kIdx = 0
The 9-th iteration is completed.	|| time cost : 0h 0m 2.285s
********************************************************************************************************************
Start the 10 rounds of NGS-ED iteration
	effective electronic model is modified as: kinetic energy t = 0.972741
	                                           effective interaction Vq = [-0.499973,-0.434225,-0.392907,-0.434225,-0.434225,-0.392907,-0.374266,-0.392907,-0.392907,-0.374266,-0.362752,-0.374266,-0.434225,-0.392907,-0.374266,-0.392907]
	PARPACK diagonalization completed after 30 matrix-vector product operations.
	iteration results: : total energy is -21.170460 | electron energy -21.174424 + phonon energy 0.003963 | electron momentum kIdx = 0
	Nq(0) = 6.25,	Nq(1) = 0.208522,	Nq(2) = 0.274331,	Nq(3) = 0.208522,	Nq(4) = 0.208522,	Nq(5) = 0.274331,	Nq(6) = 0.351047,	Nq(7) = 0.274331,	Nq(8) = 0.274331,	Nq(9) = 0.351047,	Nq(10) = 0.426227,	Nq(11) = 0.351047,	Nq(12) = 0.208522,	Nq(13) = 0.274331,	Nq(14) = 0.351047,	Nq(15) = 0.274331,	Sq(0) = 1.49453e-19,	Sq(1) = 0.529727,	Sq(2) = 0.455304,	Sq(3) = 0.529727,	Sq(4) = 0.529727,	Sq(5) = 0.455304,	Sq(6) = 0.959565,	Sq(7) = 0.455304,	Sq(8) = 0.455304,	Sq(9) = 0.959565,	Sq(10) = 0.750518,	Sq(11) = 0.959565,	Sq(12) = 0.529727,	Sq(13) = 0.455304,	Sq(14) = 0.959565,	Sq(15) = 0.455304,	N(0) = 1.79666,	N(1) = 1.67573,	N(2) = 0.188503,	N(3) = 1.67573,	N(4) = 1.67573,	N(5) = 0.188503,	N(6) = 0.0731362,	N(7) = 0.188503,	N(8) = 0.188503,	N(9) = 0.0731362,	N(10) = 0.0768528,	N(11) = 0.0731362,	N(12) = 1.67573,	N(13) = 0.188503,	N(14) = 0.0731362,	N(15) = 0.188503,	Delta[s](0) = 0.0469547,	Delta[s](1) = 0.0285828,	Delta[s](2) = 0.0178326,	Delta[s](3) = 0.0285828,	Delta[s](4) = 0.0285828,	Delta[s](5) = 0.0178326,	Delta[s](6) = 0.00256186,	Delta[s](7) = 0.0178326,	Delta[s](8) = 0.0178326,	Delta[s](9) = 0.00256186,	Delta[s](10) = 0.00171521,	Delta[s](11) = 0.00256186,	Delta[s](12) = 0.0285828,	Delta[s](13) = 0.0178326,	Delta[s](14) = 0.00256186,	Delta[s](15) = 0.0178326,	Delta[d](0) = 0.196237,	Delta[d](1) = 0.0968815,	Delta[d](2) = 0.154388,	Delta[d](3) = 0.0968815,	Delta[d](4) = 0.0968815,	Delta[d](5) = 0.0982734,	Delta[d](6) = 0.041675,	Delta[d](7) = 0.0982734,	Delta[d](8) = 0.154388,	Delta[d](9) = 0.041675,	Delta[d](10) = 0.0244089,	Delta[d](11) = 0.041675,	Delta[d](12) = 0.0968815,	Delta[d](13) = 0.0982734,	Delta[d](14) = 0.041675,	Delta[d](15) = 0.0982734,	Delta[s+](0) = 0.560639,	Delta[s+](1) = 0.339864,	Delta[s+](2) = 0.154388,	Delta[s+](3) = 0.339864,	Delta[s+](4) = 0.339864,	Delta[s+](5) = 0.154388,	Delta[s+](6) = 0.016274,	Delta[s+](7) = 0.154388,	Delta[s+](8) = 0.154388,	Delta[s+](9) = 0.016274,	Delta[s+](10) = 0.00500629,	Delta[s+](11) = 0.016274,	Delta[s+](12) = 0.339864,	Delta[s+](13) = 0.154388,	Delta[s+](14) = 0.016274,	Delta[s+](15) = 0.154388
The 10-th iteration is completed.	|| time cost : 0h 0m 20.681s
********************************************************************************************************************
Start the 11 rounds of NGS-ED iteration
	effective electronic model is modified as: kinetic energy t = 0.97274
	                                           effective interaction Vq = [-0.499975,-0.434234,-0.392909,-0.434234,-0.434234,-0.392909,-0.374267,-0.392909,-0.392909,-0.374267,-0.362752,-0.374267,-0.434234,-0.392909,-0.374267,-0.392909]
	PARPACK diagonalization completed after 30 matrix-vector product operations.
	iteration results: : total energy is -21.170468 | electron energy -21.174432 + phonon energy 0.003964 | electron momentum kIdx = 0
The 11-th iteration is completed.	|| time cost : 0h 0m 2.336s
********************************************************************************************************************
Start the 12 rounds of NGS-ED iteration
	effective electronic model is modified as: kinetic energy t = 0.97274
	                                           effective interaction Vq = [-0.499975,-0.434238, -0.39291,-0.434238,-0.434238, -0.39291,-0.374268, -0.39291, -0.39291,-0.374268,-0.362753,-0.374268,-0.434238, -0.39291,-0.374268, -0.39291]
	PARPACK diagonalization completed after 30 matrix-vector product operations.
	iteration results: : total energy is -21.170471 | electron energy -21.174435 + phonon energy 0.003965 | electron momentum kIdx = 0
The 12-th iteration is completed.	|| time cost : 0h 0m 2.283s
********************************************************************************************************************
Start the 13 rounds of NGS-ED iteration
	effective electronic model is modified as: kinetic energy t = 0.972739
	                                           effective interaction Vq = [-0.499975, -0.43424, -0.39291, -0.43424, -0.43424, -0.39291,-0.374268, -0.39291, -0.39291,-0.374268,-0.362753,-0.374268, -0.43424, -0.39291,-0.374268, -0.39291]
	PARPACK diagonalization completed after 30 matrix-vector product operations.
	iteration results: : total energy is -21.170472 | electron energy -21.174437 + phonon energy 0.003965 | electron momentum kIdx = 0
The 13-th iteration is completed.	|| time cost : 0h 0m 2.283s
********************************************************************************************************************
Start the 14 rounds of NGS-ED iteration
	effective electronic model is modified as: kinetic energy t = 0.972739
	                                           effective interaction Vq = [-0.499975,-0.434241,-0.392911,-0.434241,-0.434241,-0.392911,-0.374268,-0.392911,-0.392911,-0.374268,-0.362753,-0.374268,-0.434241,-0.392911,-0.374268,-0.392911]
	PARPACK diagonalization completed after 30 matrix-vector product operations.
	iteration results: : total energy is -21.170472 | electron energy -21.174437 + phonon energy 0.003965 | electron momentum kIdx = 0
The 14-th iteration is completed.	|| time cost : 0h 0m 2.314s
********************************************************************************************************************
Start the 15 rounds of NGS-ED iteration
	effective electronic model is modified as: kinetic energy t = 0.972739
	                                           effective interaction Vq = [-0.499975,-0.434241,-0.392911,-0.434241,-0.434241,-0.392911,-0.374268,-0.392911,-0.392911,-0.374268,-0.362753,-0.374268,-0.434241,-0.392911,-0.374268,-0.392911]
	PARPACK diagonalization completed after 30 matrix-vector product operations.
	iteration results: : total energy is -21.170472 | electron energy -21.174437 + phonon energy 0.003965 | electron momentum kIdx = 0
The 15-th iteration is completed.	|| time cost : 0h 0m 2.314s
********************************************************************************************************************
Start the 16 rounds of NGS-ED iteration
	effective electronic model is modified as: kinetic energy t = 0.972739
	                                           effective interaction Vq = [-0.499975,-0.434241,-0.392911,-0.434241,-0.434241,-0.392911,-0.374268,-0.392911,-0.392911,-0.374268,-0.362753,-0.374268,-0.434241,-0.392911,-0.374268,-0.392911]
	PARPACK diagonalization completed after 30 matrix-vector product operations.
	iteration results: : total energy is -21.170472 | electron energy -21.174437 + phonon energy 0.003965 | electron momentum kIdx = 0
The 16-th iteration is completed.	|| time cost : 0h 0m 2.325s
********************************************************************************************************************
Start the 17 rounds of NGS-ED iteration
	effective electronic model is modified as: kinetic energy t = 0.972739
	                                           effective interaction Vq = [-0.499975,-0.434241,-0.392911,-0.434241,-0.434241,-0.392911,-0.374268,-0.392911,-0.392911,-0.374268,-0.362753,-0.374268,-0.434241,-0.392911,-0.374268,-0.392911]
	PARPACK diagonalization completed after 30 matrix-vector product operations.
	iteration results: : total energy is -21.170472 | electron energy -21.174437 + phonon energy 0.003965 | electron momentum kIdx = 0
The 17-th iteration is completed.	|| time cost : 0h 0m 2.312s
********************************************************************************************************************
Start the 18 rounds of NGS-ED iteration
	effective electronic model is modified as: kinetic energy t = 0.972739
	                                           effective interaction Vq = [-0.499975,-0.434242,-0.392911,-0.434242,-0.434242,-0.392911,-0.374268,-0.392911,-0.392911,-0.374268,-0.362753,-0.374268,-0.434242,-0.392911,-0.374268,-0.392911]
	PARPACK diagonalization completed after 30 matrix-vector product operations.
	iteration results: : total energy is -21.170472 | electron energy -21.174437 + phonon energy 0.003965 | electron momentum kIdx = 0
The 18-th iteration is completed.	|| time cost : 0h 0m 2.312s
********************************************************************************************************************
Start the 19 rounds of NGS-ED iteration
	effective electronic model is modified as: kinetic energy t = 0.972739
	                                           effective interaction Vq = [-0.499975,-0.434242,-0.392911,-0.434242,-0.434242,-0.392911,-0.374268,-0.392911,-0.392911,-0.374268,-0.362753,-0.374268,-0.434242,-0.392911,-0.374268,-0.392911]
	PARPACK diagonalization completed after 30 matrix-vector product operations.
	iteration results: : total energy is -21.170472 | electron energy -21.174437 + phonon energy 0.003965 | electron momentum kIdx = 0
The 19-th iteration is completed.	|| time cost : 0h 0m 2.313s
********************************************************************************************************************
Start the 20 rounds of NGS-ED iteration
	effective electronic model is modified as: kinetic energy t = 0.972739
	                                           effective interaction Vq = [-0.499975,-0.434242,-0.392911,-0.434242,-0.434242,-0.392911,-0.374268,-0.392911,-0.392911,-0.374268,-0.362753,-0.374268,-0.434242,-0.392911,-0.374268,-0.392911]
	PARPACK diagonalization completed after 30 matrix-vector product operations.
	iteration results: : total energy is -21.170472 | electron energy -21.174437 + phonon energy 0.003965 | electron momentum kIdx = 0
	Nq(0) = 6.25,	Nq(1) = 0.208522,	Nq(2) = 0.274331,	Nq(3) = 0.208522,	Nq(4) = 0.208522,	Nq(5) = 0.274331,	Nq(6) = 0.351047,	Nq(7) = 0.274331,	Nq(8) = 0.274331,	Nq(9) = 0.351047,	Nq(10) = 0.426227,	Nq(11) = 0.351047,	Nq(12) = 0.208522,	Nq(13) = 0.274331,	Nq(14) = 0.351047,	Nq(15) = 0.274331,	Sq(0) = -2.1121e-19,	Sq(1) = 0.529727,	Sq(2) = 0.455304,	Sq(3) = 0.529727,	Sq(4) = 0.529727,	Sq(5) = 0.455304,	Sq(6) = 0.959565,	Sq(7) = 0.455304,	Sq(8) = 0.455304,	Sq(9) = 0.959565,	Sq(10) = 0.750519,	Sq(11) = 0.959565,	Sq(12) = 0.529727,	Sq(13) = 0.455304,	Sq(14) = 0.959565,	Sq(15) = 0.455304,	N(0) = 1.79666,	N(1) = 1.67573,	N(2) = 0.188502,	N(3) = 1.67573,	N(4) = 1.67573,	N(5) = 0.188502,	N(6) = 0.0731363,	N(7) = 0.188502,	N(8) = 0.188502,	N(9) = 0.0731363,	N(10) = 0.0768529,	N(11) = 0.0731363,	N(12) = 1.67573,	N(13) = 0.188502,	N(14) = 0.0731363,	N(15) = 0.188502,	Delta[s](0) = 0.0469546,	Delta[s](1) = 0.0285828,	Delta[s](2) = 0.0178326,	Delta[s](3) = 0.0285828,	Delta[s](4) = 0.0285828,	Delta[s](5) = 0.0178326,	Delta[s](6) = 0.0025619,	Delta[s](7) = 0.0178326,	Delta[s](8) = 0.0178326,	Delta[s](9) = 0.0025619,	Delta[s](10) = 0.00171523,	Delta[s](11) = 0.0025619,	Delta[s](12) = 0.0285828,	Delta[s](13) = 0.0178326,	Delta[s](14) = 0.0025619,	Delta[s](15) = 0.0178326,	Delta[d](0) = 0.196249,	Delta[d](1) = 0.0968875,	Delta[d](2) = 0.154397,	Delta[d](3) = 0.0968875,	Delta[d](4) = 0.0968875,	Delta[d](5) = 0.0982794,	Delta[d](6) = 0.0416776,	Delta[d](7) = 0.0982794,	Delta[d](8) = 0.154397,	Delta[d](9) = 0.0416776,	Delta[d](10) = 0.0244104,	Delta[d](11) = 0.0416776,	Delta[d](12) = 0.0968875,	Delta[d](13) = 0.0982794,	Delta[d](14) = 0.0416776,	Delta[d](15) = 0.0982794,	Delta[s+](0) = 0.560673,	Delta[s+](1) = 0.339884,	Delta[s+](2) = 0.154397,	Delta[s+](3) = 0.339884,	Delta[s+](4) = 0.339884,	Delta[s+](5) = 0.154397,	Delta[s+](6) = 0.016275,	Delta[s+](7) = 0.154397,	Delta[s+](8) = 0.154397,	Delta[s+](9) = 0.016275,	Delta[s+](10) = 0.00500662,	Delta[s+](11) = 0.016275,	Delta[s+](12) = 0.339884,	Delta[s+](13) = 0.154397,	Delta[s+](14) = 0.016275,	Delta[s+](15) = 0.154397
The 20-th iteration is completed.	|| time cost : 0h 0m 20.97s
********************************************************************************************************************
Start the 21 rounds of NGS-ED iteration
	effective electronic model is modified as: kinetic energy t = 0.972739
	                                           effective interaction Vq = [-0.499975,-0.434242,-0.392911,-0.434242,-0.434242,-0.392911,-0.374268,-0.392911,-0.392911,-0.374268,-0.362753,-0.374268,-0.434242,-0.392911,-0.374268,-0.392911]
	PARPACK diagonalization completed after 30 matrix-vector product operations.
	iteration results: : total energy is -21.170472 | electron energy -21.174437 + phonon energy 0.003965 | electron momentum kIdx = 0
The 21-th iteration is completed.	|| time cost : 0h 0m 2.316s
********************************************************************************************************************
Start the 22 rounds of NGS-ED iteration
	effective electronic model is modified as: kinetic energy t = 0.972739
	                                           effective interaction Vq = [-0.499975,-0.434242,-0.392911,-0.434242,-0.434242,-0.392911,-0.374268,-0.392911,-0.392911,-0.374268,-0.362753,-0.374268,-0.434242,-0.392911,-0.374268,-0.392911]
	PARPACK diagonalization completed after 30 matrix-vector product operations.
	iteration results: : total energy is -21.170472 | electron energy -21.174437 + phonon energy 0.003965 | electron momentum kIdx = 0
The 22-th iteration is completed.	|| time cost : 0h 0m 2.285s
********************************************************************************************************************
Start the 23 rounds of NGS-ED iteration
	effective electronic model is modified as: kinetic energy t = 0.972739
	                                           effective interaction Vq = [-0.499975,-0.434242,-0.392911,-0.434242,-0.434242,-0.392911,-0.374268,-0.392911,-0.392911,-0.374268,-0.362753,-0.374268,-0.434242,-0.392911,-0.374268,-0.392911]
	PARPACK diagonalization completed after 30 matrix-vector product operations.
	iteration results: : total energy is -21.170472 | electron energy -21.174437 + phonon energy 0.003965 | electron momentum kIdx = 0
