SNEDics v3.22.2 Non-Gaussian ED ground state program		Start at Wed May  4 05:50:04 2022

Parallelization: 32 MPI threads  * 8 OpenMP threads = 256 total threads.
********************************************************************************************************************
********************************************************************************************************************

********************************************************************************************************************
System parameters and configurations
	special program options are enabled: splitted diagonal Hamiltonian | splitted Hamiltonian terms
********************************************************************************************************************
Read input file "model_params.in"
	Hubbard-Holstein model parameters : 	t = 1    U = 8    g = 0.25    W = 0.2    g' = 0.15    
********************************************************************************************************************
Read input file "hilbertspace_params.in"
	Requested 16-site 2D lattice, with 8 electrons (4, 4)
	Boundary : Periodic		Hilbert space representation : momentum-space (restricted to kIdx = 10)
	Conservation: particle number[U(1)]      spin[U(1)]     momentum
********************************************************************************************************************

Cluster Positions:				Cluster symmetry group : D4
 x ... x ... x ... x .....                       x ... x ... x ... x .....
 |           |           :                       |           |           :
 |           |           :                       |           |           :
12    13    14    15     x                       1     5     6     5     x
 |           |           :                       |           |           :
 |           |           :                       |           |           :
 8 --- 9 ---10 ---11 --- x                       2 --- 6 ---10 --- 6 --- x
 |           |           :                       |           |           :
 |           |           :                       |           |           :
 4     5     6     7     x                       1     5     6     5     x
 |           |           :                       |           |           :
 |           |           :                       |           |           :
 0 --- 1 --- 2 --- 3 --- x                       0 --- 1 --- 2 --- 1 --- x
orbital number : 1
********************************************************************************************************************
Read input file "obs_params.in"
	Observable Type : Nq(All),   Sq(All),   N(All-Orbital),   Delta[s](All),   Delta[d](All),   Delta[s+](All)
** WARNING ** the input observables have non-local factors which have been reinterpreted. The total observable number is 96
********************************************************************************************************************


********************************************************************************************************************
Start calculating the non-Gaussian ED ground state
Maximal iteration number is 1000; energy resolution is 1e-06. Phonon state relaxation time is 2000
W = 0.2 is relatively large. The non-Gaussian ED calculation starts directly.
open output files: NGSED_iteration_observables.txt
********************************************************************************************************************
Start the 0 rounds of NGS-ED iteration
	effective electronic model is modified as: kinetic energy t = 1
	                                           effective interaction Vq = [0,0,0,0,0,0,0,0,0,0,0,0,0,0,0,0]
	first Hamiltonian is constructed, size = 207168 and non-zero numbers = 32194784
	PARPACK diagonalization completed after 225 matrix-vector product operations.
	iteration results: : total energy is -14.228491 | electron energy -14.228491 + phonon energy 0.000000 | electron momentum kIdx = 10
	Nq(0) = 4,	Nq(1) = 0.1929,	Nq(2) = 0.241361,	Nq(3) = 0.1929,	Nq(4) = 0.1929,	Nq(5) = 0.2635,	
	Nq(6) = 0.343209,	Nq(7) = 0.2635,	Nq(8) = 0.241361,	Nq(9) = 0.343209,	Nq(10) = 0.497356,	
	Nq(11) = 0.343209,	Nq(12) = 0.1929,	Nq(13) = 0.2635,	Nq(14) = 0.343209,	Nq(15) = 0.2635;	
	Sq(0) = 1.05048e-18,	Sq(1) = 0.540129,	Sq(2) = 0.425883,	Sq(3) = 0.540129,	Sq(4) = 0.540129,	
	Sq(5) = 0.44091,	Sq(6) = 0.633208,	Sq(7) = 0.44091,	Sq(8) = 0.425883,	Sq(9) = 0.633208,	
	Sq(10) = 0.512733,	Sq(11) = 0.633208,	Sq(12) = 0.540129,	Sq(13) = 0.44091,	Sq(14) = 0.633208,	
	Sq(15) = 0.44091;	N(0) = 1.39632,	N(1) = 1.19393,	N(2) = 0.182033,	N(3) = 1.19393,	
	N(4) = 1.19393,	N(5) = 0.343994,	N(6) = 0.0196952,	N(7) = 0.343994,	N(8) = 0.182033,	
	N(9) = 0.0196952,	N(10) = 0.00914957,	N(11) = 0.0196952,	N(12) = 1.19393,	N(13) = 0.343994,	
	N(14) = 0.0196952,	N(15) = 0.343994;	Delta[s](0) = 0.0199998,	Delta[s](1) = 0.00993932,	Delta[s](2) = 0.00252053,	
	Delta[s](3) = 0.00993932,	Delta[s](4) = 0.00993932,	Delta[s](5) = 0.00579993,	Delta[s](6) = 0.00029255,	Delta[s](7) = 0.00579993,	
	Delta[s](8) = 0.00252052,	Delta[s](9) = 0.00029255,	Delta[s](10) = 8.76983e-05,	Delta[s](11) = 0.00029255,	Delta[s](12) = 0.00993932,	
	Delta[s](13) = 0.00579993,	Delta[s](14) = 0.00029255,	Delta[s](15) = 0.00579993;	Delta[d](0) = 0.0473628,	Delta[d](1) = 0.0386754,	
	Delta[d](2) = 0.0285201,	Delta[d](3) = 0.0386754,	Delta[d](4) = 0.0386754,	Delta[d](5) = 0.0661603,	Delta[d](6) = 0.0429817,	
	Delta[d](7) = 0.0661603,	Delta[d](8) = 0.0285201,	Delta[d](9) = 0.0429818,	Delta[d](10) = 0.00482343,	Delta[d](11) = 0.0429818,	
	Delta[d](12) = 0.0386754,	Delta[d](13) = 0.0661603,	Delta[d](14) = 0.0429817,	Delta[d](15) = 0.0661603;	Delta[s+](0) = 0.202698,	
	Delta[s+](1) = 0.129065,	Delta[s+](2) = 0.0285201,	Delta[s+](3) = 0.129065,	Delta[s+](4) = 0.129065,	Delta[s+](5) = 0.0694357,	
	Delta[s+](6) = 0.0123571,	Delta[s+](7) = 0.0694357,	Delta[s+](8) = 0.0285201,	Delta[s+](9) = 0.0123571,	Delta[s+](10) = 0.00123131,	
	Delta[s+](11) = 0.0123571,	Delta[s+](12) = 0.129065,	Delta[s+](13) = 0.0694357,	Delta[s+](14) = 0.0123571,	Delta[s+](15) = 0.0694357
	
The 0-th iteration is completed.	|| time cost : 0h 0m 5.357s
********************************************************************************************************************
Start the 1 rounds of NGS-ED iteration
	effective electronic model is modified as: kinetic energy t = 0.990248
	                                           effective interaction Vq = [    -3.6125,  -0.279244, -0.0312813,  -0.279244,  -0.279244, -0.0341281,-0.00115301, -0.0341281, -0.0312813,-0.00115301, -0.0712686,-0.00115301,  -0.279244, -0.0341281,-0.00115301, -0.0341281]
	PARPACK diagonalization completed after 45 matrix-vector product operations.
	iteration results: : total energy is -28.825561 | electron energy -28.840401 + phonon energy 0.014841 | electron momentum kIdx = 10
The 1-th iteration is completed.	|| time cost : 0h 0m 3.402s
********************************************************************************************************************
Start the 2 rounds of NGS-ED iteration
	effective electronic model is modified as: kinetic energy t = 0.989623
	                                           effective interaction Vq = [    -3.6125,  -0.295022, -0.0311749,  -0.295022,  -0.295022, -0.0339419,-0.00113923, -0.0339419, -0.0311749,-0.00113923, -0.0706338,-0.00113923,  -0.295022, -0.0339419,-0.00113923, -0.0339419]
	PARPACK diagonalization completed after 45 matrix-vector product operations.
	iteration results: : total energy is -28.825828 | electron energy -28.843169 + phonon energy 0.017341 | electron momentum kIdx = 10
The 2-th iteration is completed.	|| time cost : 0h 0m 0.752s
********************************************************************************************************************
Start the 3 rounds of NGS-ED iteration
	effective electronic model is modified as: kinetic energy t = 0.98958
	                                           effective interaction Vq = [    -3.6125,  -0.296161,  -0.031167,  -0.296161,  -0.296161,  -0.033929,-0.00113874,  -0.033929,  -0.031167,-0.00113874, -0.0704901,-0.00113874,  -0.296161,  -0.033929,-0.00113874,  -0.033929]
	PARPACK diagonalization completed after 30 matrix-vector product operations.
	iteration results: : total energy is -28.825830 | electron energy -28.843353 + phonon energy 0.017524 | electron momentum kIdx = 10
The 3-th iteration is completed.	|| time cost : 0h 0m 0.683s
********************************************************************************************************************
Start the 4 rounds of NGS-ED iteration
	effective electronic model is modified as: kinetic energy t = 0.989577
	                                           effective interaction Vq = [    -3.6125,  -0.296245, -0.0311665,  -0.296245,  -0.296245, -0.0339283,-0.00113871, -0.0339283, -0.0311665,-0.00113871, -0.0704769,-0.00113871,  -0.296245, -0.0339283,-0.00113871, -0.0339283]
	PARPACK diagonalization completed after 30 matrix-vector product operations.
	iteration results: : total energy is -28.825830 | electron energy -28.843367 + phonon energy 0.017537 | electron momentum kIdx = 10
The 4-th iteration is completed.	|| time cost : 0h 0m 0.689s
********************************************************************************************************************
Start the 5 rounds of NGS-ED iteration
	effective electronic model is modified as: kinetic energy t = 0.989576
	                                           effective interaction Vq = [    -3.6125,  -0.296252, -0.0311664,  -0.296252,  -0.296252, -0.0339282,-0.00113871, -0.0339282, -0.0311664,-0.00113871, -0.0704758,-0.00113871,  -0.296252, -0.0339282,-0.00113871, -0.0339282]
	PARPACK diagonalization completed after 30 matrix-vector product operations.
	iteration results: : total energy is -28.825830 | electron energy -28.843368 + phonon energy 0.017538 | electron momentum kIdx = 10
The 5-th iteration is completed.	|| time cost : 0h 0m 0.688s
********************************************************************************************************************
Start the 6 rounds of NGS-ED iteration
	effective electronic model is modified as: kinetic energy t = 0.989576
	                                           effective interaction Vq = [    -3.6125,  -0.296252, -0.0311664,  -0.296252,  -0.296252, -0.0339282,-0.00113871, -0.0339282, -0.0311664,-0.00113871, -0.0704757,-0.00113871,  -0.296252, -0.0339282,-0.00113871, -0.0339282]
	PARPACK diagonalization completed after 30 matrix-vector product operations.
	iteration results: : total energy is -28.825830 | electron energy -28.843368 + phonon energy 0.017538 | electron momentum kIdx = 10
The 6-th iteration is completed.	|| time cost : 0h 0m 0.686s
********************************************************************************************************************
Start the 7 rounds of NGS-ED iteration
	effective electronic model is modified as: kinetic energy t = 0.989576
	                                           effective interaction Vq = [    -3.6125,  -0.296252, -0.0311664,  -0.296252,  -0.296252, -0.0339282,-0.00113871, -0.0339282, -0.0311664,-0.00113871, -0.0704757,-0.00113871,  -0.296252, -0.0339282,-0.00113871, -0.0339282]
	PARPACK diagonalization completed after 30 matrix-vector product operations.
	iteration results: : total energy is -28.825830 | electron energy -28.843368 + phonon energy 0.017539 | electron momentum kIdx = 10
	Nq(0) = 4,	Nq(1) = 0.201498,	Nq(2) = 0.240456,	Nq(3) = 0.201498,	Nq(4) = 0.201498,	Nq(5) = 0.261938,	
	Nq(6) = 0.338636,	Nq(7) = 0.261938,	Nq(8) = 0.240456,	Nq(9) = 0.338636,	Nq(10) = 0.492902,	
	Nq(11) = 0.338636,	Nq(12) = 0.201498,	Nq(13) = 0.261938,	Nq(14) = 0.338636,	Nq(15) = 0.261938;	
	Sq(0) = -5.68309e-19,	Sq(1) = 0.540308,	Sq(2) = 0.426138,	Sq(3) = 0.540308,	Sq(4) = 0.540308,	
	Sq(5) = 0.442975,	Sq(6) = 0.628415,	Sq(7) = 0.442975,	Sq(8) = 0.426138,	Sq(9) = 0.628415,	
	Sq(10) = 0.518822,	Sq(11) = 0.628415,	Sq(12) = 0.540308,	Sq(13) = 0.442975,	Sq(14) = 0.628415,	
	Sq(15) = 0.442975;	N(0) = 1.40061,	N(1) = 1.19387,	N(2) = 0.180638,	N(3) = 1.19387,	
	N(4) = 1.19387,	N(5) = 0.342958,	N(6) = 0.0202239,	N(7) = 0.342958,	N(8) = 0.180638,	
	N(9) = 0.0202239,	N(10) = 0.00989572,	N(11) = 0.0202239,	N(12) = 1.19387,	N(13) = 0.342958,	
	N(14) = 0.0202239,	N(15) = 0.342958;	Delta[s](0) = 0.0203676,	Delta[s](1) = 0.0101024,	Delta[s](2) = 0.00255291,	
	Delta[s](3) = 0.0101024,	Delta[s](4) = 0.0101024,	Delta[s](5) = 0.00595132,	Delta[s](6) = 0.000318583,	Delta[s](7) = 0.00595132,	
	Delta[s](8) = 0.00255291,	Delta[s](9) = 0.000318583,	Delta[s](10) = 8.98025e-05,	Delta[s](11) = 0.000318583,	Delta[s](12) = 0.0101024,	
	Delta[s](13) = 0.00595132,	Delta[s](14) = 0.000318583,	Delta[s](15) = 0.00595132;	Delta[d](0) = 0.0477843,	Delta[d](1) = 0.0388227,	
	Delta[d](2) = 0.0284731,	Delta[d](3) = 0.0388227,	Delta[d](4) = 0.0388227,	Delta[d](5) = 0.0667756,	Delta[d](6) = 0.0436471,	
	Delta[d](7) = 0.0667756,	Delta[d](8) = 0.0284731,	Delta[d](9) = 0.0436471,	Delta[d](10) = 0.00529309,	Delta[d](11) = 0.0436471,	
	Delta[d](12) = 0.0388227,	Delta[d](13) = 0.0667756,	Delta[d](14) = 0.0436471,	Delta[d](15) = 0.0667756;	Delta[s+](0) = 0.20454,	
	Delta[s+](1) = 0.129969,	Delta[s+](2) = 0.0284731,	Delta[s+](3) = 0.129969,	Delta[s+](4) = 0.129969,	Delta[s+](5) = 0.0697055,	
	Delta[s+](6) = 0.0125498,	Delta[s+](7) = 0.0697055,	Delta[s+](8) = 0.0284731,	Delta[s+](9) = 0.0125498,	Delta[s+](10) = 0.00132422,	
	Delta[s+](11) = 0.0125498,	Delta[s+](12) = 0.129969,	Delta[s+](13) = 0.0697055,	Delta[s+](14) = 0.0125498,	Delta[s+](15) = 0.0697055
	
The 7-th iteration is completed.	|| time cost : 0h 0m 2.87s
********************************************************************************************************************
********************************************************************************************************************
Ground state is obtained after 8 iterations. The current ground-state energy is -28.8258, in which electron energy is -28.8434 and phonon energy is 0.0175385
Final variational state is: 
	Gamma_x = [      1,1.32128,1.03715,1.32128,1.32128,1.04409,1.00188,1.04409,1.03715,1.00188,1.18246,1.00188,1.32128,1.04409,1.00188,1.04409]
	lambda_q = [      4.25,  0.283983, 0.0639697,  0.283983,  0.283983, 0.0698056,-0.0116589, 0.0698056, 0.0639697,-0.0116589, -0.103755,-0.0116589,  0.283983, 0.0698056,-0.0116589, 0.0698056]
Effective e-e interactions mediated by phonons are:
	momentum-space Vq = [    -3.6125,  -0.296252, -0.0311664,  -0.296252,  -0.296252, -0.0339282,-0.00113871, -0.0339282, -0.0311664,-0.00113871, -0.0704757,-0.00113871,  -0.296252, -0.0339282,-0.00113871, -0.0339282]
	real-space Vr = [-0.316912,-0.258266,  -0.2256,-0.258266,-0.258266, -0.22629,-0.184487, -0.22629,  -0.2256,-0.184487,-0.168216,-0.184487,-0.258266, -0.22629,-0.184487, -0.22629]
********************************************************************************************************************
o___o  ----------------------------------------
| L |	Time since last clock: 0h 0m 0.011s
A===A	Time since the beginning: 0h 0m 15.142s
***********************************************


Non-Gaussina ED ground state calculation is completed. The final ground-state energy is -28.8258
********************************************************************************************************************
o___o  ----------------------------------------
| L |	Time since last clock: 0h 0m 0.003s
A===A	Time since the beginning: 0h 0m 15.146s
***********************************************



********************************************************************************************************************
All non-Gaussian ED ground state calculations have been completed. Exit now.
