SNEDics v3.21.4 Non-Gaussian ED ground state program		Start at Wed Jul 28 04:38:42 2021

parallized on 32 MPI threads  * 8 OpenMP threads = 256 total threads.
********************************************************************************************************************
********************************************************************************************************************

********************************************************************************************************************
System parameters and configurations
	special program options are enabled: splitted diagonal Hamiltonian | splitted Hamiltonian terms
********************************************************************************************************************
Read input file "model_params.in"
	Hubbard-Holstein model parameters : 	t = 1    U = 8    g = 0.05    W = 0.2    g' = 0.13    
********************************************************************************************************************
Read input file "hilbertspace_params.in"
	Requested 16-site 2D lattice, with 14 electrons (7, 7)
	Boundary : Periodic		Hilbert space representation : momentum-space (restricted to kIdx = 0)
	Conservation: particle number[U(1)]      spin[U(1)]     momentum
********************************************************************************************************************

Cluster Positions:				Cluster symmetry group : D4
 x ... x ... x ... x .....                       x ... x ... x ... x .....
 |           |           :                       |           |           :
 |           |           :                       |           |           :
12    13    14    15     x                       1     5     6     5     x
 |           |           :                       |           |           :
 |           |           :                       |           |           :
 8 --- 9 ---10 ---11 --- x                       2 --- 6 ---10 --- 6 --- x
 |           |           :                       |           |           :
 |           |           :                       |           |           :
 4     5     6     7     x                       1     5     6     5     x
 |           |           :                       |           |           :
 |           |           :                       |           |           :
 0 --- 1 --- 2 --- 3 --- x                       0 --- 1 --- 2 --- 1 --- x
orbital number : 1
********************************************************************************************************************
Read input file "obs_params.in"
	Observable Type : Nq(All),   Sq(All),   N(All),   Delta[s](All),   Delta[d](All),   Delta[s+](All)
** WARNING ** the input observables have non-local factors which have been reinterpreted. The total observable number is 96
********************************************************************************************************************


********************************************************************************************************************
Start calculating the non-Gaussian ED ground state
Maximal iteration number is 1000; energy resolution is 1e-06. Phonon state relaxation time is 2000
W = 0.2 is relatively large. The non-Gaussian ED calculation starts directly.
open output files: NGSED_iteration_obserbles.txt
********************************************************************************************************************
Start the 0 rounds of NGS-ED iteration
	effective electronic model is modified as: kinetic energy t = 1
	                                           effective interaction Vq = [0,0,0,0,0,0,0,0,0,0,0,0,0,0,0,0]
	first Hamiltonian is constructed, size = 8179600 and non-zero numbers = 2178478298
	PARPACK diagonalization completed after 180 matrix-vector product operations.
	iteration results: : total energy is -11.868836 | electron energy -11.868836 + phonon energy 0.000000 | electron momentum kIdx = 0
	Nq(0) = 12.25,	Nq(1) = 0.154193,	Nq(2) = 0.185311,	Nq(3) = 0.154193,	Nq(4) = 0.154193,	Nq(5) = 0.203281,	
	Nq(6) = 0.235634,	Nq(7) = 0.203281,	Nq(8) = 0.185311,	Nq(9) = 0.235634,	Nq(10) = 0.275446,	
	Nq(11) = 0.235634,	Nq(12) = 0.154193,	Nq(13) = 0.203281,	Nq(14) = 0.235634,	Nq(15) = 0.203281;	
	Sq(0) = -1.83137e-18,	Sq(1) = 0.474292,	Sq(2) = 0.766364,	Sq(3) = 0.474292,	Sq(4) = 0.474292,	
	Sq(5) = 0.630724,	Sq(6) = 1.05279,	Sq(7) = 0.630724,	Sq(8) = 0.766364,	Sq(9) = 1.05279,	
	Sq(10) = 2.56755,	Sq(11) = 1.05279,	Sq(12) = 0.474292,	Sq(13) = 0.630724,	Sq(14) = 1.05279,	
	Sq(15) = 0.630724;	N(0) = 1.75464,	N(1) = 1.59086,	N(2) = 0.323321,	N(3) = 1.59086,	
	N(4) = 1.59086,	N(5) = 0.999881,	N(6) = 0.267546,	N(7) = 0.999881,	N(8) = 0.323321,	
	N(9) = 0.267546,	N(10) = 0.165565,	N(11) = 0.267546,	N(12) = 1.59086,	N(13) = 0.999881,	
	N(14) = 0.267546,	N(15) = 0.999881;	Delta[s](0) = 0.0791165,	Delta[s](1) = 0.0591538,	Delta[s](2) = 0.0354229,	
	Delta[s](3) = 0.0591538,	Delta[s](4) = 0.0591538,	Delta[s](5) = 0.0422843,	Delta[s](6) = 0.0195632,	Delta[s](7) = 0.0422843,	
	Delta[s](8) = 0.0354229,	Delta[s](9) = 0.0195632,	Delta[s](10) = 0.000282403,	Delta[s](11) = 0.0195632,	Delta[s](12) = 0.0591538,	
	Delta[s](13) = 0.0422843,	Delta[s](14) = 0.0195632,	Delta[s](15) = 0.0422843;	Delta[d](0) = 0.275657,	Delta[d](1) = 0.189872,	
	Delta[d](2) = 0.19953,	Delta[d](3) = 0.189872,	Delta[d](4) = 0.189872,	Delta[d](5) = 0.176521,	Delta[d](6) = 0.132457,	
	Delta[d](7) = 0.176521,	Delta[d](8) = 0.19953,	Delta[d](9) = 0.132457,	Delta[d](10) = 0.0534242,	Delta[d](11) = 0.132457,	
	Delta[d](12) = 0.189872,	Delta[d](13) = 0.176521,	Delta[d](14) = 0.132457,	Delta[d](15) = 0.176521;	Delta[s+](0) = 0.559418,	
	Delta[s+](1) = 0.416566,	Delta[s+](2) = 0.19953,	Delta[s+](3) = 0.416566,	Delta[s+](4) = 0.416566,	Delta[s+](5) = 0.291158,	
	Delta[s+](6) = 0.126071,	Delta[s+](7) = 0.291158,	Delta[s+](8) = 0.19953,	Delta[s+](9) = 0.126071,	Delta[s+](10) = 0.0382489,	
	Delta[s+](11) = 0.126071,	Delta[s+](12) = 0.416566,	Delta[s+](13) = 0.291158,	Delta[s+](14) = 0.126071,	Delta[s+](15) = 0.291158
	
The 0-th iteration is completed.	|| time cost : 0h 4m 44.778s
********************************************************************************************************************
Start the 1 rounds of NGS-ED iteration
	effective electronic model is modified as: kinetic energy t = 0.998195
	                                           effective interaction Vq = [     -1.6245,  -0.0534453,-0.000833139,  -0.0534453,  -0.0534453,-0.000909596,  -0.0127243,-0.000909596,-0.000833139,  -0.0127243,  -0.0598847,  -0.0127243,  -0.0534453,-0.000909596,  -0.0127243,-0.000909596]
	PARPACK diagonalization completed after 60 matrix-vector product operations.
	iteration results: : total energy is -31.800293 | electron energy -31.800987 + phonon energy 0.000694 | electron momentum kIdx = 0
The 1-th iteration is completed.	|| time cost : 0h 3m 0.016s
********************************************************************************************************************
Start the 2 rounds of NGS-ED iteration
	effective electronic model is modified as: kinetic energy t = 0.998185
	                                           effective interaction Vq = [     -1.6245,   -0.053619,-0.000832254,   -0.053619,   -0.053619,-0.000908396,  -0.0127258,-0.000908396,-0.000832254,  -0.0127258,  -0.0601468,  -0.0127258,   -0.053619,-0.000908396,  -0.0127258,-0.000908396]
	PARPACK diagonalization completed after 30 matrix-vector product operations.
	iteration results: : total energy is -31.800293 | electron energy -31.800998 + phonon energy 0.000705 | electron momentum kIdx = 0
The 2-th iteration is completed.	|| time cost : 0h 0m 22.161s
********************************************************************************************************************
Start the 3 rounds of NGS-ED iteration
	effective electronic model is modified as: kinetic energy t = 0.998185
	                                           effective interaction Vq = [     -1.6245,  -0.0536196, -0.00083225,  -0.0536196,  -0.0536196,-0.000908391,  -0.0127257,-0.000908391, -0.00083225,  -0.0127257,  -0.0601479,  -0.0127257,  -0.0536196,-0.000908391,  -0.0127257,-0.000908391]
	PARPACK diagonalization completed after 30 matrix-vector product operations.
	iteration results: : total energy is -31.800293 | electron energy -31.800998 + phonon energy 0.000705 | electron momentum kIdx = 0
The 3-th iteration is completed.	|| time cost : 0h 0m 22.434s
********************************************************************************************************************
Start the 4 rounds of NGS-ED iteration
	effective electronic model is modified as: kinetic energy t = 0.998185
	                                           effective interaction Vq = [     -1.6245,  -0.0536196, -0.00083225,  -0.0536196,  -0.0536196,-0.000908391,  -0.0127257,-0.000908391, -0.00083225,  -0.0127257,  -0.0601479,  -0.0127257,  -0.0536196,-0.000908391,  -0.0127257,-0.000908391]
	PARPACK diagonalization completed after 30 matrix-vector product operations.
	iteration results: : total energy is -31.800293 | electron energy -31.800998 + phonon energy 0.000705 | electron momentum kIdx = 0
	Nq(0) = 12.25,	Nq(1) = 0.154889,	Nq(2) = 0.185335,	Nq(3) = 0.154889,	Nq(4) = 0.154889,	Nq(5) = 0.203251,	
	Nq(6) = 0.235952,	Nq(7) = 0.203251,	Nq(8) = 0.185335,	Nq(9) = 0.235952,	Nq(10) = 0.276844,	
	Nq(11) = 0.235952,	Nq(12) = 0.154889,	Nq(13) = 0.203251,	Nq(14) = 0.235952,	Nq(15) = 0.203251;	
	Sq(0) = 3.19416e-18,	Sq(1) = 0.473775,	Sq(2) = 0.765911,	Sq(3) = 0.473775,	Sq(4) = 0.473775,	
	Sq(5) = 0.630328,	Sq(6) = 1.05304,	Sq(7) = 0.630328,	Sq(8) = 0.765911,	Sq(9) = 1.05304,	
	Sq(10) = 2.56573,	Sq(11) = 1.05304,	Sq(12) = 0.473775,	Sq(13) = 0.630328,	Sq(14) = 1.05304,	
	Sq(15) = 0.630328;	N(0) = 1.75537,	N(1) = 1.59209,	N(2) = 0.322995,	N(3) = 1.59209,	
	N(4) = 1.59209,	N(5) = 0.999623,	N(6) = 0.266658,	N(7) = 0.999623,	N(8) = 0.322995,	
	N(9) = 0.266658,	N(10) = 0.165168,	N(11) = 0.266658,	N(12) = 1.59209,	N(13) = 0.999623,	
	N(14) = 0.266658,	N(15) = 0.999623;	Delta[s](0) = 0.0794372,	Delta[s](1) = 0.0593987,	Delta[s](2) = 0.0355747,	
	Delta[s](3) = 0.0593987,	Delta[s](4) = 0.0593987,	Delta[s](5) = 0.0424678,	Delta[s](6) = 0.0196506,	Delta[s](7) = 0.0424678,	
	Delta[s](8) = 0.0355747,	Delta[s](9) = 0.0196506,	Delta[s](10) = 0.000285623,	Delta[s](11) = 0.0196506,	Delta[s](12) = 0.0593987,	
	Delta[s](13) = 0.0424678,	Delta[s](14) = 0.0196506,	Delta[s](15) = 0.0424678;	Delta[d](0) = 0.276711,	Delta[d](1) = 0.189887,	
	Delta[d](2) = 0.199471,	Delta[d](3) = 0.189887,	Delta[d](4) = 0.189887,	Delta[d](5) = 0.176514,	Delta[d](6) = 0.132325,	
	Delta[d](7) = 0.176514,	Delta[d](8) = 0.199471,	Delta[d](9) = 0.132325,	Delta[d](10) = 0.0534527,	Delta[d](11) = 0.132325,	
	Delta[d](12) = 0.189887,	Delta[d](13) = 0.176514,	Delta[d](14) = 0.132325,	Delta[d](15) = 0.176514;	Delta[s+](0) = 0.55945,	
	Delta[s+](1) = 0.416592,	Delta[s+](2) = 0.199471,	Delta[s+](3) = 0.416592,	Delta[s+](4) = 0.416592,	Delta[s+](5) = 0.291104,	
	Delta[s+](6) = 0.125973,	Delta[s+](7) = 0.291104,	Delta[s+](8) = 0.199471,	Delta[s+](9) = 0.125973,	Delta[s+](10) = 0.0381736,	
	Delta[s+](11) = 0.125973,	Delta[s+](12) = 0.416592,	Delta[s+](13) = 0.291104,	Delta[s+](14) = 0.125973,	Delta[s+](15) = 0.291104
	
The 4-th iteration is completed.	|| time cost : 0h 3m 7.304s
********************************************************************************************************************
********************************************************************************************************************
Ground state is obtained after 5 iterations. The current ground-state energy is -31.8003, in which electron energy is -31.801 and phonon energy is 0.000705005
Final variational state is: 
	Gamma_x = [      1,1.04111,1.00076,1.04111,1.04111,1.00091, 1.0149,1.00091,1.00076, 1.0149,1.08546, 1.0149,1.04111,1.00091, 1.0149,1.00091]
	lambda_q = [      2.85, 0.0890407,0.00846584, 0.0890407, 0.0890407,0.00925522,-0.0307496,0.00925522,0.00846584,-0.0307496,-0.0648828,-0.0307496, 0.0890407,0.00925522,-0.0307496,0.00925522]
Effective e-e interactions mediated by phonons are:
	momentum-space Vq = [     -1.6245,  -0.0536196, -0.00083225,  -0.0536196,  -0.0536196,-0.000908391,  -0.0127257,-0.000908391, -0.00083225,  -0.0127257,  -0.0601479,  -0.0127257,  -0.0536196,-0.000908391,  -0.0127257,-0.000908391]
	real-space Vr = [ -0.122208, -0.102884, -0.105167, -0.102884, -0.102884, -0.105186,-0.0926603, -0.105186, -0.105167,-0.0926603,-0.0890353,-0.0926603, -0.102884, -0.105186,-0.0926603, -0.105186]
********************************************************************************************************************
o___o  ----------------------------------------
| L |	Time since last clock: 0h 0m 0.01s
A===A	Time since the beginning: 0h 11m 36.706s
***********************************************


Non-Gaussina ED ground state calculation is completed. The final ground-state energy is -31.8003
********************************************************************************************************************
o___o  ----------------------------------------
| L |	Time since last clock: 0h 0m 0.003s
A===A	Time since the beginning: 0h 11m 36.709s
***********************************************



********************************************************************************************************************
All non-Gaussian ED ground state calculations have been completed. Exit now.
