SNEDics v3.22.2 Non-Gaussian ED ground state program		Start at Fri Apr  8 12:25:40 2022

Parallelization: 32 MPI threads  * 8 OpenMP threads = 256 total threads.
********************************************************************************************************************
********************************************************************************************************************

********************************************************************************************************************
System parameters and configurations
	special program options are enabled: splitted diagonal Hamiltonian | splitted Hamiltonian terms
********************************************************************************************************************
Read input file "model_params.in"
	Hubbard-Holstein model parameters : 	t = 1    t' = -0.3    U = 8    g = 0.05    W = 0.2    g' = 0.05    
********************************************************************************************************************
Read input file "hilbertspace_params.in"
	Requested 16-site 2D lattice, with 8 electrons (4, 4)
	Boundary : Periodic		Hilbert space representation : momentum-space (restricted to kIdx = 10)
	Conservation: particle number[U(1)]      spin[U(1)]     momentum
********************************************************************************************************************

Cluster Positions:				Cluster symmetry group : D4
 x ... x ... x ... x .....                       x ... x ... x ... x .....
 |           |           :                       |           |           :
 |           |           :                       |           |           :
12    13    14    15     x                       1     5     6     5     x
 |           |           :                       |           |           :
 |           |           :                       |           |           :
 8 --- 9 ---10 ---11 --- x                       2 --- 6 ---10 --- 6 --- x
 |           |           :                       |           |           :
 |           |           :                       |           |           :
 4     5     6     7     x                       1     5     6     5     x
 |           |           :                       |           |           :
 |           |           :                       |           |           :
 0 --- 1 --- 2 --- 3 --- x                       0 --- 1 --- 2 --- 1 --- x
orbital number : 1
********************************************************************************************************************
Read input file "obs_params.in"
	Observable Type : Nq(All),   Sq(All),   N(All-Orbital),   Delta[s](All),   Delta[d](All),   Delta[s+](All)
** WARNING ** the input observables have non-local factors which have been reinterpreted. The total observable number is 96
********************************************************************************************************************


********************************************************************************************************************
Start calculating the non-Gaussian ED ground state
Maximal iteration number is 1000; energy resolution is 1e-06. Phonon state relaxation time is 2000
W = 0.2 is relatively large. The non-Gaussian ED calculation starts directly.
open output files: NGSED_iteration_observables.txt
********************************************************************************************************************
Start the 0 rounds of NGS-ED iteration
	effective electronic model is modified as: kinetic energy t = 1, t' = -0.3
	                                           effective interaction Vq = [0,0,0,0,0,0,0,0,0,0,0,0,0,0,0,0]
	first Hamiltonian is constructed, size = 207168 and non-zero numbers = 32240256
	PARPACK diagonalization completed after 105 matrix-vector product operations.
	iteration results: : total energy is -14.405877 | electron energy -14.405877 + phonon energy 0.000000 | electron momentum kIdx = 10
	Nq(0) = 4,	Nq(1) = 0.191255,	Nq(2) = 0.234333,	Nq(3) = 0.191255,	Nq(4) = 0.191255,	Nq(5) = 0.305984,	
	Nq(6) = 0.331756,	Nq(7) = 0.305984,	Nq(8) = 0.234333,	Nq(9) = 0.331756,	Nq(10) = 0.361611,	
	Nq(11) = 0.331756,	Nq(12) = 0.191255,	Nq(13) = 0.305984,	Nq(14) = 0.331756,	Nq(15) = 0.305984;	
	Sq(0) = -3.48352e-18,	Sq(1) = 0.388709,	Sq(2) = 0.400904,	Sq(3) = 0.388709,	Sq(4) = 0.388709,	
	Sq(5) = 0.66772,	Sq(6) = 0.571758,	Sq(7) = 0.66772,	Sq(8) = 0.400904,	Sq(9) = 0.571758,	
	Sq(10) = 0.539189,	Sq(11) = 0.571758,	Sq(12) = 0.388709,	Sq(13) = 0.66772,	Sq(14) = 0.571758,	
	Sq(15) = 0.66772;	N(0) = 1.74885,	N(1) = 0.991935,	N(2) = 0.972078,	N(3) = 0.991935,	
	N(4) = 0.991935,	N(5) = 0.0652548,	N(6) = 0.0181601,	N(7) = 0.0652548,	N(8) = 0.972078,	
	N(9) = 0.0181601,	N(10) = 0.00559157,	N(11) = 0.0181601,	N(12) = 0.991935,	N(13) = 0.0652548,	
	N(14) = 0.0181601,	N(15) = 0.0652548;	Delta[s](0) = 0.0136313,	Delta[s](1) = 0.0100837,	Delta[s](2) = 0.00899542,	
	Delta[s](3) = 0.0100837,	Delta[s](4) = 0.0100837,	Delta[s](5) = 0.000183115,	Delta[s](6) = 0.000103737,	Delta[s](7) = 0.000183115,	
	Delta[s](8) = 0.00899542,	Delta[s](9) = 0.000103737,	Delta[s](10) = 2.30037e-05,	Delta[s](11) = 0.000103737,	Delta[s](12) = 0.0100837,	
	Delta[s](13) = 0.000183115,	Delta[s](14) = 0.000103737,	Delta[s](15) = 0.000183115;	Delta[d](0) = 0.0185178,	Delta[d](1) = 0.0632824,	
	Delta[d](2) = 0.128261,	Delta[d](3) = 0.0632824,	Delta[d](4) = 0.0632824,	Delta[d](5) = 0.0792091,	Delta[d](6) = 0.161621,	
	Delta[d](7) = 0.0792091,	Delta[d](8) = 0.128261,	Delta[d](9) = 0.161621,	Delta[d](10) = 0.2837,	Delta[d](11) = 0.161621,	
	Delta[d](12) = 0.0632824,	Delta[d](13) = 0.0792091,	Delta[d](14) = 0.161621,	Delta[d](15) = 0.0792091;	Delta[s+](0) = 0.230674,	
	Delta[s+](1) = 0.157424,	Delta[s+](2) = 0.128261,	Delta[s+](3) = 0.157424,	Delta[s+](4) = 0.157424,	Delta[s+](5) = 0.00648759,	
	Delta[s+](6) = 0.0199615,	Delta[s+](7) = 0.00648759,	Delta[s+](8) = 0.128261,	Delta[s+](9) = 0.0199615,	Delta[s+](10) = 0.00180536,	
	Delta[s+](11) = 0.0199615,	Delta[s+](12) = 0.157424,	Delta[s+](13) = 0.00648759,	Delta[s+](14) = 0.0199615,	Delta[s+](15) = 0.00648759
	
The 0-th iteration is completed.	|| time cost : 0h 0m 4.935s
********************************************************************************************************************
Start the 1 rounds of NGS-ED iteration
	effective electronic model is modified as: kinetic energy t = 0.999379, t' = -0.299725
	                                           effective interaction Vq = [    -0.3125, -0.0163521,-0.00114849, -0.0163521, -0.0163521,-0.00148963, -0.0011094,-0.00148963,-0.00114849, -0.0011094,-0.00844871, -0.0011094, -0.0163521,-0.00148963, -0.0011094,-0.00148963]
	PARPACK diagonalization completed after 30 matrix-vector product operations.
	iteration results: : total energy is -15.665855 | electron energy -15.665913 + phonon energy 0.000058 | electron momentum kIdx = 10
The 1-th iteration is completed.	|| time cost : 0h 0m 3.447s
********************************************************************************************************************
Start the 2 rounds of NGS-ED iteration
	effective electronic model is modified as: kinetic energy t = 0.999378, t' = -0.299725
	                                           effective interaction Vq = [    -0.3125, -0.0163797,-0.00114793, -0.0163797, -0.0163797,-0.00148891,-0.00110885,-0.00148891,-0.00114793,-0.00110885,-0.00845286,-0.00110885, -0.0163797,-0.00148891,-0.00110885,-0.00148891]
	PARPACK diagonalization completed after 30 matrix-vector product operations.
	iteration results: : total energy is -15.665855 | electron energy -15.665913 + phonon energy 0.000058 | electron momentum kIdx = 10
The 2-th iteration is completed.	|| time cost : 0h 0m 0.798s
********************************************************************************************************************
Start the 3 rounds of NGS-ED iteration
	effective electronic model is modified as: kinetic energy t = 0.999378, t' = -0.299725
	                                           effective interaction Vq = [    -0.3125, -0.0163798,-0.00114793, -0.0163798, -0.0163798,-0.00148891,-0.00110885,-0.00148891,-0.00114793,-0.00110885,-0.00845286,-0.00110885, -0.0163798,-0.00148891,-0.00110885,-0.00148891]
	PARPACK diagonalization completed after 30 matrix-vector product operations.
	iteration results: : total energy is -15.665855 | electron energy -15.665913 + phonon energy 0.000058 | electron momentum kIdx = 10
	Nq(0) = 4,	Nq(1) = 0.191614,	Nq(2) = 0.234215,	Nq(3) = 0.191614,	Nq(4) = 0.191614,	Nq(5) = 0.305839,	
	Nq(6) = 0.3316,	Nq(7) = 0.305839,	Nq(8) = 0.234215,	Nq(9) = 0.3316,	Nq(10) = 0.361824,	
	Nq(11) = 0.3316,	Nq(12) = 0.191614,	Nq(13) = 0.305839,	Nq(14) = 0.3316,	Nq(15) = 0.305839;	
	Sq(0) = 4.88495e-18,	Sq(1) = 0.388702,	Sq(2) = 0.400878,	Sq(3) = 0.388702,	Sq(4) = 0.388702,	
	Sq(5) = 0.667622,	Sq(6) = 0.571815,	Sq(7) = 0.667622,	Sq(8) = 0.400878,	Sq(9) = 0.571815,	
	Sq(10) = 0.539227,	Sq(11) = 0.571815,	Sq(12) = 0.388702,	Sq(13) = 0.667622,	Sq(14) = 0.571815,	
	Sq(15) = 0.667622;	N(0) = 1.74929,	N(1) = 0.991884,	N(2) = 0.97212,	N(3) = 0.991884,	
	N(4) = 0.991884,	N(5) = 0.0651638,	N(6) = 0.0181685,	N(7) = 0.0651638,	N(8) = 0.97212,	
	N(9) = 0.0181685,	N(10) = 0.00560047,	N(11) = 0.0181685,	N(12) = 0.991884,	N(13) = 0.0651638,	
	N(14) = 0.0181685,	N(15) = 0.0651638;	Delta[s](0) = 0.0136442,	Delta[s](1) = 0.0101031,	Delta[s](2) = 0.00900778,	
	Delta[s](3) = 0.0101031,	Delta[s](4) = 0.0101031,	Delta[s](5) = 0.000180622,	Delta[s](6) = 0.000103285,	Delta[s](7) = 0.000180622,	
	Delta[s](8) = 0.00900778,	Delta[s](9) = 0.000103285,	Delta[s](10) = 2.31814e-05,	Delta[s](11) = 0.000103285,	Delta[s](12) = 0.0101031,	
	Delta[s](13) = 0.000180622,	Delta[s](14) = 0.000103285,	Delta[s](15) = 0.000180622;	Delta[d](0) = 0.0184655,	Delta[d](1) = 0.0632796,	
	Delta[d](2) = 0.128282,	Delta[d](3) = 0.0632796,	Delta[d](4) = 0.0632796,	Delta[d](5) = 0.0792035,	Delta[d](6) = 0.161637,	
	Delta[d](7) = 0.0792035,	Delta[d](8) = 0.128282,	Delta[d](9) = 0.161637,	Delta[d](10) = 0.283697,	Delta[d](11) = 0.161637,	
	Delta[d](12) = 0.0632796,	Delta[d](13) = 0.0792035,	Delta[d](14) = 0.161637,	Delta[d](15) = 0.0792035;	Delta[s+](0) = 0.230792,	
	Delta[s+](1) = 0.157558,	Delta[s+](2) = 0.128282,	Delta[s+](3) = 0.157558,	Delta[s+](4) = 0.157558,	Delta[s+](5) = 0.00645675,	
	Delta[s+](6) = 0.0199623,	Delta[s+](7) = 0.00645675,	Delta[s+](8) = 0.128282,	Delta[s+](9) = 0.0199623,	Delta[s+](10) = 0.00180267,	
	Delta[s+](11) = 0.0199623,	Delta[s+](12) = 0.157558,	Delta[s+](13) = 0.00645675,	Delta[s+](14) = 0.0199623,	Delta[s+](15) = 0.00645675
	
The 3-th iteration is completed.	|| time cost : 0h 0m 3.002s
********************************************************************************************************************
********************************************************************************************************************
Ground state is obtained after 4 iterations. The current ground-state energy is -15.6659, in which electron energy is -15.6659 and phonon energy is 5.84832e-05
Final variational state is: 
	Gamma_x = [      1,1.01519,1.00131,1.01519,1.01519,1.00221, 1.0018,1.00221,1.00131, 1.0018,1.01511, 1.0018,1.01519,1.00221, 1.0018,1.00221]
	lambda_q = [      1.25, 0.0567461, 0.0117557, 0.0567461, 0.0567461, 0.0153611, -0.011346, 0.0153611, 0.0117557, -0.011346,-0.0287263, -0.011346, 0.0567461, 0.0153611, -0.011346, 0.0153611]
Effective e-e interactions mediated by phonons are:
	momentum-space Vq = [    -0.3125, -0.0163798,-0.00114793, -0.0163798, -0.0163798,-0.00148891,-0.00110885,-0.00148891,-0.00114793,-0.00110885,-0.00845286,-0.00110885, -0.0163798,-0.00148891,-0.00110885,-0.00148891]
	real-space Vr = [-0.0249474,-0.0209118,-0.0198308,-0.0209118,-0.0209118,-0.0199161,-0.0170941,-0.0199161,-0.0198308,-0.0170941,-0.0162031,-0.0170941,-0.0209118,-0.0199161,-0.0170941,-0.0199161]
********************************************************************************************************************
o___o  ----------------------------------------
| L |	Time since last clock: 0h 0m 0.003s
A===A	Time since the beginning: 0h 0m 12.187s
***********************************************


Non-Gaussina ED ground state calculation is completed. The final ground-state energy is -15.6659
********************************************************************************************************************
o___o  ----------------------------------------
| L |	Time since last clock: 0h 0m 0.002s
A===A	Time since the beginning: 0h 0m 12.19s
***********************************************



********************************************************************************************************************
All non-Gaussian ED ground state calculations have been completed. Exit now.
