TACC:  Starting up job 4202045 
TACC:  Starting parallel tasks... 
SNEDics v3.4 Non-Gaussian ED ground state program		Start at Tue Aug 20 15:22:59 2019

parallized on 32 MPI threads  * 6 OpenMP threads = 192 total threads.
********************************************************************************************************************
********************************************************************************************************************

********************************************************************************************************************
System parameters and configurations
********************************************************************************************************************
Special program options are enabled: splitted diagonal Hamiltonian
********************************************************************************************************************
Read input file "model_params.in"
	Hubbard-Holstein model parameters : 	t = 1    U = 6.5    g = 3.1623    W = 5    
********************************************************************************************************************
Read input file "hilbertspace_params.in"
	Requested 16-site 2D lattice, with 15 electrons (8, 7)
	Boundary : Periodic		Hilbert space representation : momentum-space (restricted to kIdx = 10)
	Conservation: particle number[U(1)]      spin[U(1)]     momentum
********************************************************************************************************************

Cluster Positions:				Cluster symmetry group : D4
 x ... x ... x ... x .....                       x ... x ... x ... x .....
 |           |           :                       |           |           :
 |           |           :                       |           |           :
12    13    14    15     x                       1     5     6     5     x
 |           |           :                       |           |           :
 |           |           :                       |           |           :
 8 --- 9 ---10 ---11 --- x                       2 --- 6 ---10 --- 6 --- x
 |           |           :                       |           |           :
 |           |           :                       |           |           :
 4     5     6     7     x                       1     5     6     5     x
 |           |           :                       |           |           :
 |           |           :                       |           |           :
 0 --- 1 --- 2 --- 3 --- x                       0 --- 1 --- 2 --- 1 --- x
orbital number : 1
********************************************************************************************************************
Read input file "obs_params.in"
	Observable Type : Nq[All],   Sq[All],   N[All]
********************************************************************************************************************
** WARNING ** the input observables have non-local factors which have been reinterpreted. The total observable number is 48
********************************************************************************************************************


********************************************************************************************************************
Start calculating the non-Gaussian ED ground state
** WARNING ** Detected low phonon energy W < 10. The initial state will be prepared through a warm-up process.
********************************************************************************************************************
Start warm-up calculation for scaling factor 2
open output files: NGSEDWarmUpW10Obs.txt
********************************************************************************************************************
Start the 0 rounds of NGS-ED iteration
	effective electronic model is modified as: kinetic energy t = 1
	                                           effective interaction Vq = [0,0,0,0,0,0,0,0,0,0,0,0,0,0,0,0]
	first Hamiltonian is constructed, non-zero numbers = 2489446524
	PARPACK diagonalization completed after 180 matrix-vector product operations.
	iteration results: : total energy is -10.942539 | electron energy -10.942539 + phonon energy 0.000000 | electron momentum kIdx = 10
	Nq(0) = 14.0625,	Nq(1) = 0.139162,	Nq(2) = 0.198487,	Nq(3) = 0.139162,	Nq(4) = 0.139162,	Nq(5) = 0.189095,	Nq(6) = 0.244188,	Nq(7) = 0.189095,	Nq(8) = 0.198487,	Nq(9) = 0.244188,	Nq(10) = 0.288842,	Nq(11) = 0.244188,	Nq(12) = 0.139162,	Nq(13) = 0.189095,	Nq(14) = 0.244188,	Nq(15) = 0.189095,	Sq(0) = 0.0625,	Sq(1) = 0.48262,	Sq(2) = 0.658746,	Sq(3) = 0.48262,	Sq(4) = 0.48262,	Sq(5) = 1.11079,	Sq(6) = 0.979053,	Sq(7) = 1.11079,	Sq(8) = 0.658746,	Sq(9) = 0.979053,	Sq(10) = 1.29208,	Sq(11) = 0.979053,	Sq(12) = 0.48262,	Sq(13) = 1.11079,	Sq(14) = 0.979053,	Sq(15) = 1.11079,	N(0) = 1.78932,	N(1) = 1.66274,	N(2) = 1.09445,	N(3) = 1.66274,	N(4) = 1.66274,	N(5) = 0.766722,	N(6) = 0.290361,	N(7) = 0.766722,	N(8) = 1.09445,	N(9) = 0.290361,	N(10) = 0.142488,	N(11) = 0.290361,	N(12) = 1.66274,	N(13) = 0.766722,	N(14) = 0.290361,	N(15) = 0.766722
The 0-th iteration is completed.	|| time cost : 0h 2m 25.309s
********************************************************************************************************************
Start the 1 rounds of NGS-ED iteration
	effective electronic model is modified as: kinetic energy t = 0.951085
	                                           effective interaction Vq = [-1.72935,-1.58159,-1.52401,-1.58159,-1.58159,-1.51405,-1.48123,-1.51405,-1.52401,-1.48123,-1.45183,-1.48123,-1.58159,-1.51405,-1.48123,-1.51405]
	PARPACK diagonalization completed after 45 matrix-vector product operations.
	iteration results: : total energy is -39.948628 | electron energy -39.950303 + phonon energy 0.001675 | electron momentum kIdx = 10
The 1-th iteration is completed.	|| time cost : 0h 3m 6.692s
********************************************************************************************************************
Start the 2 rounds of NGS-ED iteration
	effective electronic model is modified as: kinetic energy t = 0.920517
	                                           effective interaction Vq = [ -1.9634,-1.83971,-1.77333,-1.83971,-1.83971,-1.75739,-1.73168,-1.75739,-1.77333,-1.73168,-1.69543,-1.73168,-1.83971,-1.75739,-1.73168,-1.75739]
	PARPACK diagonalization completed after 45 matrix-vector product operations.
	iteration results: : total energy is -43.747836 | electron energy -43.761479 + phonon energy 0.013643 | electron momentum kIdx = 10
The 2-th iteration is completed.	|| time cost : 0h 0m 23.503s
********************************************************************************************************************
Start the 3 rounds of NGS-ED iteration
	effective electronic model is modified as: kinetic energy t = 0.910375
	                                           effective interaction Vq = [-1.99507,-1.89726,-1.83019,-1.89726,-1.89726,-1.81233,-1.79064,-1.81233,-1.83019,-1.79064,-1.75267,-1.79064,-1.89726,-1.81233,-1.79064,-1.81233]
	PARPACK diagonalization completed after 30 matrix-vector product operations.
	iteration results: : total energy is -44.241446 | electron energy -44.264722 + phonon energy 0.023276 | electron momentum kIdx = 10
The 3-th iteration is completed.	|| time cost : 0h 0m 20.66s
********************************************************************************************************************
Start the 4 rounds of NGS-ED iteration
	effective electronic model is modified as: kinetic energy t = 0.907302
	                                           effective interaction Vq = [-1.99936,-1.91285,-1.84545,-1.91285,-1.91285,-1.82686,-1.80666,-1.82686,-1.84545,-1.80666,-1.76807,-1.80666,-1.91285,-1.82686,-1.80666,-1.82686]
	PARPACK diagonalization completed after 30 matrix-vector product operations.
	iteration results: : total energy is -44.306122 | electron energy -44.333370 + phonon energy 0.027247 | electron momentum kIdx = 10
The 4-th iteration is completed.	|| time cost : 0h 0m 21.109s
********************************************************************************************************************
Start the 5 rounds of NGS-ED iteration
	effective electronic model is modified as: kinetic energy t = 0.906388
	                                           effective interaction Vq = [-1.99994,-1.91747,-1.84982,-1.91747,-1.91747,-1.83094,-1.81125,-1.83094,-1.84982,-1.81125,-1.77242,-1.81125,-1.91747,-1.83094,-1.81125,-1.83094]
	PARPACK diagonalization completed after 30 matrix-vector product operations.
	iteration results: : total energy is -44.314677 | electron energy -44.343242 + phonon energy 0.028565 | electron momentum kIdx = 10
The 5-th iteration is completed.	|| time cost : 0h 0m 21.066s
********************************************************************************************************************
Start the 6 rounds of NGS-ED iteration
	effective electronic model is modified as: kinetic energy t = 0.906118
	                                           effective interaction Vq = [-2.00002,-1.91889, -1.8511,-1.91889,-1.91889,-1.83211,-1.81259,-1.83211, -1.8511,-1.81259,-1.77367,-1.81259,-1.91889,-1.83211,-1.81259,-1.83211]
	PARPACK diagonalization completed after 30 matrix-vector product operations.
	iteration results: : total energy is -44.315817 | electron energy -44.344788 + phonon energy 0.028971 | electron momentum kIdx = 10
The 6-th iteration is completed.	|| time cost : 0h 0m 20.565s
********************************************************************************************************************
Start the 7 rounds of NGS-ED iteration
	effective electronic model is modified as: kinetic energy t = 0.906037
	                                           effective interaction Vq = [-2.00003,-1.91933,-1.85147,-1.91933,-1.91933,-1.83244,-1.81298,-1.83244,-1.85147,-1.81298,-1.77403,-1.81298,-1.91933,-1.83244,-1.81298,-1.83244]
	PARPACK diagonalization completed after 30 matrix-vector product operations.
	iteration results: : total energy is -44.315969 | electron energy -44.345062 + phonon energy 0.029093 | electron momentum kIdx = 10
	Nq(0) = 14.0625,	Nq(1) = 0.247849,	Nq(2) = 0.328947,	Nq(3) = 0.247849,	Nq(4) = 0.247849,	Nq(5) = 0.302812,	Nq(6) = 0.415729,	Nq(7) = 0.302812,	Nq(8) = 0.328947,	Nq(9) = 0.415729,	Nq(10) = 0.478607,	Nq(11) = 0.415729,	Nq(12) = 0.247849,	Nq(13) = 0.302812,	Nq(14) = 0.415729,	Nq(15) = 0.302812,	Sq(0) = 0.0625,	Sq(1) = 0.44085,	Sq(2) = 0.630846,	Sq(3) = 0.44085,	Sq(4) = 0.44085,	Sq(5) = 0.943093,	Sq(6) = 0.788963,	Sq(7) = 0.943093,	Sq(8) = 0.630846,	Sq(9) = 0.788963,	Sq(10) = 0.919622,	Sq(11) = 0.788963,	Sq(12) = 0.44085,	Sq(13) = 0.943093,	Sq(14) = 0.788963,	Sq(15) = 0.943093,	N(0) = 1.94251,	N(1) = 1.91133,	N(2) = 1.14407,	N(3) = 1.91133,	N(4) = 1.91133,	N(5) = 0.697317,	N(6) = 0.0751425,	N(7) = 0.697317,	N(8) = 1.14407,	N(9) = 0.0751425,	N(10) = 0.0342089,	N(11) = 0.0751425,	N(12) = 1.91133,	N(13) = 0.697317,	N(14) = 0.0751425,	N(15) = 0.697317
The 7-th iteration is completed.	|| time cost : 0h 0m 53.65s
********************************************************************************************************************
********************************************************************************************************************
Ground state is obtained after 8 iterations. The current ground-state energy is -44.316, in which electron energy is -44.3451 and phonon energy is 0.0290927
final variational state is: 
	Gamma_x = [      1,1.01602,1.02641,1.01602,1.01602,1.02521,1.03591,1.02521,1.02641,1.03591,1.04362,1.03591,1.01602,1.02521,1.03591,1.02521]
	lambda_q = [0.447067,0.357462,0.325379,0.357462,0.357462,  0.3178,0.310495,  0.3178,0.325379,0.310495,0.296919,0.310495,0.357462,  0.3178,0.310495,  0.3178]
********************************************************************************************************************
o___o  ----------------------------------------
| L |	Time since last clock: 0h 0m 0s
A===A	Time since the beginning: 0h 8m 12.557s
***********************************************


********************************************************************************************************************
Warm up runs have been completed. Start calculating W = 5 phonon.
open output files: NGSEDIterationObs.txt
Start the 0 rounds of NGS-ED iteration
	effective electronic model is modified as: kinetic energy t = 0.906013
	                                           effective interaction Vq = [-1.82817,-1.62191,-1.52854,-1.62191,-1.62191,-1.50497,-1.48172,-1.50497,-1.52854,-1.48172,-1.43709,-1.48172,-1.62191,-1.50497,-1.48172,-1.50497]
	PARPACK diagonalization completed after 45 matrix-vector product operations.
	iteration results: : total energy is -40.374800 | electron energy -40.389364 + phonon energy 0.014564 | electron momentum kIdx = 10
	Nq(0) = 14.0625,	Nq(1) = 0.221344,	Nq(2) = 0.299093,	Nq(3) = 0.221344,	Nq(4) = 0.221344,	Nq(5) = 0.277739,	Nq(6) = 0.373799,	Nq(7) = 0.277739,	Nq(8) = 0.299093,	Nq(9) = 0.373799,	Nq(10) = 0.433001,	Nq(11) = 0.373799,	Nq(12) = 0.221344,	Nq(13) = 0.277739,	Nq(14) = 0.373799,	Nq(15) = 0.277739,	Sq(0) = 0.0625,	Sq(1) = 0.453396,	Sq(2) = 0.64195,	Sq(3) = 0.453396,	Sq(4) = 0.453396,	Sq(5) = 0.987492,	Sq(6) = 0.828369,	Sq(7) = 0.987492,	Sq(8) = 0.64195,	Sq(9) = 0.828369,	Sq(10) = 0.99136,	Sq(11) = 0.828369,	Sq(12) = 0.453396,	Sq(13) = 0.987492,	Sq(14) = 0.828369,	Sq(15) = 0.987492,	N(0) = 1.9152,	N(1) = 1.86768,	N(2) = 1.13467,	N(3) = 1.86768,	N(4) = 1.86768,	N(5) = 0.710536,	N(6) = 0.112596,	N(7) = 0.710536,	N(8) = 1.13467,	N(9) = 0.112596,	N(10) = 0.0522196,	N(11) = 0.112596,	N(12) = 1.86768,	N(13) = 0.710536,	N(14) = 0.112596,	N(15) = 0.710536
The 0-th iteration is completed.	|| time cost : 0h 0m 49.616s
********************************************************************************************************************
Start the 1 rounds of NGS-ED iteration
	effective electronic model is modified as: kinetic energy t = 0.898911
	                                           effective interaction Vq = [-1.93681,-1.69914,-1.58215,-1.69914,-1.69914,-1.55319,-1.51805,-1.55319,-1.58215,-1.51805,-1.46132,-1.51805,-1.69914,-1.55319,-1.51805,-1.55319]
	PARPACK diagonalization completed after 30 matrix-vector product operations.
	iteration results: : total energy is -41.945445 | electron energy -41.984222 + phonon energy 0.038778 | electron momentum kIdx = 10
The 1-th iteration is completed.	|| time cost : 0h 0m 17.653s
********************************************************************************************************************
Start the 2 rounds of NGS-ED iteration
	effective electronic model is modified as: kinetic energy t = 0.894808
	                                           effective interaction Vq = [-1.97677,-1.73643,  -1.609,-1.73643,-1.73643,-1.57732, -1.5386,-1.57732,  -1.609, -1.5386,-1.47751, -1.5386,-1.73643,-1.57732, -1.5386,-1.57732]
	PARPACK diagonalization completed after 30 matrix-vector product operations.
	iteration results: : total energy is -42.518952 | electron energy -42.572966 + phonon energy 0.054014 | electron momentum kIdx = 10
The 2-th iteration is completed.	|| time cost : 0h 0m 17.63s
********************************************************************************************************************
Start the 3 rounds of NGS-ED iteration
	effective electronic model is modified as: kinetic energy t = 0.892561
	                                           effective interaction Vq = [-1.99147,-1.75513,-1.62263,-1.75513,-1.75513, -1.5895,-1.54973, -1.5895,-1.62263,-1.54973,-1.48685,-1.54973,-1.75513, -1.5895,-1.54973, -1.5895]
	PARPACK diagonalization completed after 30 matrix-vector product operations.
	iteration results: : total energy is -42.728819 | electron energy -42.791168 + phonon energy 0.062349 | electron momentum kIdx = 10
The 3-th iteration is completed.	|| time cost : 0h 0m 17.621s
********************************************************************************************************************
Start the 4 rounds of NGS-ED iteration
	effective electronic model is modified as: kinetic energy t = 0.891361
	                                           effective interaction Vq = [-1.99688,-1.76473,-1.62958,-1.76473,-1.76473,-1.59567,-1.55564,-1.59567,-1.62958,-1.55564,-1.49193,-1.55564,-1.76473,-1.59567,-1.55564,-1.59567]
	PARPACK diagonalization completed after 30 matrix-vector product operations.
	iteration results: : total energy is -42.805725 | electron energy -42.872471 + phonon energy 0.066746 | electron momentum kIdx = 10
The 4-th iteration is completed.	|| time cost : 0h 0m 20.233s
********************************************************************************************************************
Start the 5 rounds of NGS-ED iteration
	effective electronic model is modified as: kinetic energy t = 0.890729
	                                           effective interaction Vq = [-1.99887,-1.76971,-1.63315,-1.76971,-1.76971,-1.59881,-1.55875,-1.59881,-1.63315,-1.55875,-1.49464,-1.55875,-1.76971,-1.59881,-1.55875,-1.59881]
	PARPACK diagonalization completed after 30 matrix-vector product operations.
	iteration results: : total energy is -42.833936 | electron energy -42.902975 + phonon energy 0.069039 | electron momentum kIdx = 10
The 5-th iteration is completed.	|| time cost : 0h 0m 17.642s
********************************************************************************************************************
Start the 6 rounds of NGS-ED iteration
	effective electronic model is modified as: kinetic energy t = 0.890398
	                                           effective interaction Vq = [ -1.9996,-1.77232,-1.63499,-1.77232,-1.77232,-1.60041,-1.56037,-1.60041,-1.63499,-1.56037,-1.49606,-1.56037,-1.77232,-1.60041,-1.56037,-1.60041]
	PARPACK diagonalization completed after 30 matrix-vector product operations.
	iteration results: : total energy is -42.844292 | electron energy -42.914523 + phonon energy 0.070231 | electron momentum kIdx = 10
The 6-th iteration is completed.	|| time cost : 0h 0m 17.66s
********************************************************************************************************************
Start the 7 rounds of NGS-ED iteration
	effective electronic model is modified as: kinetic energy t = 0.890225
	                                           effective interaction Vq = [-1.99987,-1.77369,-1.63593,-1.77369,-1.77369,-1.60122,-1.56122,-1.60122,-1.63593,-1.56122, -1.4968,-1.56122,-1.77369,-1.60122,-1.56122,-1.60122]
	PARPACK diagonalization completed after 30 matrix-vector product operations.
	iteration results: : total energy is -42.848096 | electron energy -42.918945 + phonon energy 0.070849 | electron momentum kIdx = 10
The 7-th iteration is completed.	|| time cost : 0h 0m 17.676s
********************************************************************************************************************
Start the 8 rounds of NGS-ED iteration
	effective electronic model is modified as: kinetic energy t = 0.890136
	                                           effective interaction Vq = [-1.99997,-1.77441,-1.63642,-1.77441,-1.77441,-1.60164,-1.56166,-1.60164,-1.63642,-1.56166,-1.49719,-1.56166,-1.77441,-1.60164,-1.56166,-1.60164]
	PARPACK diagonalization completed after 30 matrix-vector product operations.
	iteration results: : total energy is -42.849493 | electron energy -42.920664 + phonon energy 0.071170 | electron momentum kIdx = 10
The 8-th iteration is completed.	|| time cost : 0h 0m 17.673s
********************************************************************************************************************
Start the 9 rounds of NGS-ED iteration
	effective electronic model is modified as: kinetic energy t = 0.890089
	                                           effective interaction Vq = [-2.00001,-1.77479,-1.63667,-1.77479,-1.77479,-1.60185,-1.56189,-1.60185,-1.63667,-1.56189,-1.49739,-1.56189,-1.77479,-1.60185,-1.56189,-1.60185]
	PARPACK diagonalization completed after 30 matrix-vector product operations.
	iteration results: : total energy is -42.850007 | electron energy -42.921344 + phonon energy 0.071337 | electron momentum kIdx = 10
The 9-th iteration is completed.	|| time cost : 0h 0m 17.642s
********************************************************************************************************************
Start the 10 rounds of NGS-ED iteration
	effective electronic model is modified as: kinetic energy t = 0.890065
	                                           effective interaction Vq = [-2.00002,-1.77499, -1.6368,-1.77499,-1.77499,-1.60196,-1.56201,-1.60196, -1.6368,-1.56201, -1.4975,-1.56201,-1.77499,-1.60196,-1.56201,-1.60196]
	PARPACK diagonalization completed after 30 matrix-vector product operations.
	iteration results: : total energy is -42.850196 | electron energy -42.921619 + phonon energy 0.071423 | electron momentum kIdx = 10
	Nq(0) = 14.0625,	Nq(1) = 0.229642,	Nq(2) = 0.306181,	Nq(3) = 0.229642,	Nq(4) = 0.229642,	Nq(5) = 0.283373,	Nq(6) = 0.381554,	Nq(7) = 0.283373,	Nq(8) = 0.306181,	Nq(9) = 0.381554,	Nq(10) = 0.43994,	Nq(11) = 0.381554,	Nq(12) = 0.229642,	Nq(13) = 0.283373,	Nq(14) = 0.381554,	Nq(15) = 0.283373,	Sq(0) = 0.0625,	Sq(1) = 0.450782,	Sq(2) = 0.639946,	Sq(3) = 0.450782,	Sq(4) = 0.450782,	Sq(5) = 0.977149,	Sq(6) = 0.819535,	Sq(7) = 0.977149,	Sq(8) = 0.639946,	Sq(9) = 0.819535,	Sq(10) = 0.974668,	Sq(11) = 0.819535,	Sq(12) = 0.450782,	Sq(13) = 0.977149,	Sq(14) = 0.819535,	Sq(15) = 0.977149,	N(0) = 1.92108,	N(1) = 1.87856,	N(2) = 1.13626,	N(3) = 1.87856,	N(4) = 1.87856,	N(5) = 0.707591,	N(6) = 0.103343,	N(7) = 0.707591,	N(8) = 1.13626,	N(9) = 0.103343,	N(10) = 0.0484503,	N(11) = 0.103343,	N(12) = 1.87856,	N(13) = 0.707591,	N(14) = 0.103343,	N(15) = 0.707591
The 10-th iteration is completed.	|| time cost : 0h 0m 46.424s
********************************************************************************************************************
Start the 11 rounds of NGS-ED iteration
	effective electronic model is modified as: kinetic energy t = 0.890052
	                                           effective interaction Vq = [-2.00003, -1.7751,-1.63687, -1.7751, -1.7751,-1.60201,-1.56208,-1.60201,-1.63687,-1.56208,-1.49755,-1.56208, -1.7751,-1.60201,-1.56208,-1.60201]
	PARPACK diagonalization completed after 30 matrix-vector product operations.
	iteration results: : total energy is -42.850265 | electron energy -42.921733 + phonon energy 0.071468 | electron momentum kIdx = 10
The 11-th iteration is completed.	|| time cost : 0h 0m 17.709s
********************************************************************************************************************
Start the 12 rounds of NGS-ED iteration
	effective electronic model is modified as: kinetic energy t = 0.890045
	                                           effective interaction Vq = [-2.00003,-1.77515, -1.6369,-1.77515,-1.77515,-1.60204,-1.56211,-1.60204, -1.6369,-1.56211,-1.49758,-1.56211,-1.77515,-1.60204,-1.56211,-1.60204]
	PARPACK diagonalization completed after 30 matrix-vector product operations.
	iteration results: : total energy is -42.850291 | electron energy -42.921782 + phonon energy 0.071491 | electron momentum kIdx = 10
The 12-th iteration is completed.	|| time cost : 0h 0m 17.623s
********************************************************************************************************************
Start the 13 rounds of NGS-ED iteration
	effective electronic model is modified as: kinetic energy t = 0.890042
	                                           effective interaction Vq = [-2.00003,-1.77518,-1.63692,-1.77518,-1.77518,-1.60205,-1.56213,-1.60205,-1.63692,-1.56213, -1.4976,-1.56213,-1.77518,-1.60205,-1.56213,-1.60205]
	PARPACK diagonalization completed after 30 matrix-vector product operations.
	iteration results: : total energy is -42.850300 | electron energy -42.921804 + phonon energy 0.071503 | electron momentum kIdx = 10
The 13-th iteration is completed.	|| time cost : 0h 0m 17.628s
********************************************************************************************************************
Start the 14 rounds of NGS-ED iteration
	effective electronic model is modified as: kinetic energy t = 0.89004
	                                           effective interaction Vq = [-2.00003, -1.7752,-1.63693, -1.7752, -1.7752,-1.60206,-1.56213,-1.60206,-1.63693,-1.56213, -1.4976,-1.56213, -1.7752,-1.60206,-1.56213,-1.60206]
	PARPACK diagonalization completed after 30 matrix-vector product operations.
	iteration results: : total energy is -42.850304 | electron energy -42.921814 + phonon energy 0.071510 | electron momentum kIdx = 10
The 14-th iteration is completed.	|| time cost : 0h 0m 17.65s
********************************************************************************************************************
Start the 15 rounds of NGS-ED iteration
	effective electronic model is modified as: kinetic energy t = 0.890039
	                                           effective interaction Vq = [-2.00003,-1.77521,-1.63693,-1.77521,-1.77521,-1.60207,-1.56214,-1.60207,-1.63693,-1.56214,-1.49761,-1.56214,-1.77521,-1.60207,-1.56214,-1.60207]
	PARPACK diagonalization completed after 30 matrix-vector product operations.
	iteration results: : total energy is -42.850305 | electron energy -42.921818 + phonon energy 0.071513 | electron momentum kIdx = 10
The 15-th iteration is completed.	|| time cost : 0h 0m 17.626s
********************************************************************************************************************
Start the 16 rounds of NGS-ED iteration
	effective electronic model is modified as: kinetic energy t = 0.890039
	                                           effective interaction Vq = [-2.00003,-1.77521,-1.63693,-1.77521,-1.77521,-1.60207,-1.56214,-1.60207,-1.63693,-1.56214,-1.49761,-1.56214,-1.77521,-1.60207,-1.56214,-1.60207]
	PARPACK diagonalization completed after 30 matrix-vector product operations.
	iteration results: : total energy is -42.850306 | electron energy -42.921820 + phonon energy 0.071515 | electron momentum kIdx = 10
The 16-th iteration is completed.	|| time cost : 0h 0m 17.645s
********************************************************************************************************************
Start the 17 rounds of NGS-ED iteration
	effective electronic model is modified as: kinetic energy t = 0.890038
	                                           effective interaction Vq = [-2.00003,-1.77521,-1.63693,-1.77521,-1.77521,-1.60207,-1.56214,-1.60207,-1.63693,-1.56214,-1.49761,-1.56214,-1.77521,-1.60207,-1.56214,-1.60207]
	PARPACK diagonalization completed after 30 matrix-vector product operations.
	iteration results: : total energy is -42.850306 | electron energy -42.921821 + phonon energy 0.071515 | electron momentum kIdx = 10
The 17-th iteration is completed.	|| time cost : 0h 0m 17.644s
********************************************************************************************************************
Start the 18 rounds of NGS-ED iteration
	effective electronic model is modified as: kinetic energy t = 0.890038
	                                           effective interaction Vq = [-2.00003,-1.77521,-1.63694,-1.77521,-1.77521,-1.60207,-1.56214,-1.60207,-1.63694,-1.56214,-1.49761,-1.56214,-1.77521,-1.60207,-1.56214,-1.60207]
	PARPACK diagonalization completed after 30 matrix-vector product operations.
	iteration results: : total energy is -42.850306 | electron energy -42.921822 + phonon energy 0.071516 | electron momentum kIdx = 10
The 18-th iteration is completed.	|| time cost : 0h 0m 17.676s
********************************************************************************************************************
Start the 19 rounds of NGS-ED iteration
	effective electronic model is modified as: kinetic energy t = 0.890038
	                                           effective interaction Vq = [-2.00003,-1.77521,-1.63694,-1.77521,-1.77521,-1.60207,-1.56214,-1.60207,-1.63694,-1.56214,-1.49761,-1.56214,-1.77521,-1.60207,-1.56214,-1.60207]
	PARPACK diagonalization completed after 30 matrix-vector product operations.
	iteration results: : total energy is -42.850306 | electron energy -42.921822 + phonon energy 0.071516 | electron momentum kIdx = 10
The 19-th iteration is completed.	|| time cost : 0h 0m 19.3s
********************************************************************************************************************
Start the 20 rounds of NGS-ED iteration
	effective electronic model is modified as: kinetic energy t = 0.890038
	                                           effective interaction Vq = [-2.00003,-1.77521,-1.63694,-1.77521,-1.77521,-1.60207,-1.56214,-1.60207,-1.63694,-1.56214,-1.49761,-1.56214,-1.77521,-1.60207,-1.56214,-1.60207]
	PARPACK diagonalization completed after 30 matrix-vector product operations.
	iteration results: : total energy is -42.850306 | electron energy -42.921822 + phonon energy 0.071516 | electron momentum kIdx = 10
	Nq(0) = 14.0625,	Nq(1) = 0.229654,	Nq(2) = 0.30619,	Nq(3) = 0.229654,	Nq(4) = 0.229654,	Nq(5) = 0.28338,	Nq(6) = 0.381565,	Nq(7) = 0.28338,	Nq(8) = 0.30619,	Nq(9) = 0.381565,	Nq(10) = 0.439951,	Nq(11) = 0.381565,	Nq(12) = 0.229654,	Nq(13) = 0.28338,	Nq(14) = 0.381565,	Nq(15) = 0.28338,	Sq(0) = 0.0625,	Sq(1) = 0.450778,	Sq(2) = 0.639943,	Sq(3) = 0.450778,	Sq(4) = 0.450778,	Sq(5) = 0.977134,	Sq(6) = 0.819523,	Sq(7) = 0.977134,	Sq(8) = 0.639943,	Sq(9) = 0.819523,	Sq(10) = 0.974646,	Sq(11) = 0.819523,	Sq(12) = 0.450778,	Sq(13) = 0.977134,	Sq(14) = 0.819523,	Sq(15) = 0.977134,	N(0) = 1.92109,	N(1) = 1.87857,	N(2) = 1.13626,	N(3) = 1.87857,	N(4) = 1.87857,	N(5) = 0.707587,	N(6) = 0.10333,	N(7) = 0.707587,	N(8) = 1.13626,	N(9) = 0.10333,	N(10) = 0.0484453,	N(11) = 0.10333,	N(12) = 1.87857,	N(13) = 0.707587,	N(14) = 0.10333,	N(15) = 0.707587
The 20-th iteration is completed.	|| time cost : 0h 0m 46.395s
********************************************************************************************************************
Start the 21 rounds of NGS-ED iteration
	effective electronic model is modified as: kinetic energy t = 0.890038
	                                           effective interaction Vq = [-2.00003,-1.77521,-1.63694,-1.77521,-1.77521,-1.60207,-1.56214,-1.60207,-1.63694,-1.56214,-1.49761,-1.56214,-1.77521,-1.60207,-1.56214,-1.60207]
	PARPACK diagonalization completed after 30 matrix-vector product operations.
	iteration results: : total energy is -42.850306 | electron energy -42.921822 + phonon energy 0.071516 | electron momentum kIdx = 10
The 21-th iteration is completed.	|| time cost : 0h 0m 17.682s
********************************************************************************************************************
Start the 22 rounds of NGS-ED iteration
	effective electronic model is modified as: kinetic energy t = 0.890038
	                                           effective interaction Vq = [-2.00003,-1.77522,-1.63694,-1.77522,-1.77522,-1.60207,-1.56214,-1.60207,-1.63694,-1.56214,-1.49761,-1.56214,-1.77522,-1.60207,-1.56214,-1.60207]
	PARPACK diagonalization completed after 30 matrix-vector product operations.
	iteration results: : total energy is -42.850306 | electron energy -42.921822 + phonon energy 0.071516 | electron momentum kIdx = 10
The 22-th iteration is completed.	|| time cost : 0h 0m 17.687s
********************************************************************************************************************
Start the 23 rounds of NGS-ED iteration
	effective electronic model is modified as: kinetic energy t = 0.890038
	                                           effective interaction Vq = [-2.00003,-1.77522,-1.63694,-1.77522,-1.77522,-1.60207,-1.56214,-1.60207,-1.63694,-1.56214,-1.49761,-1.56214,-1.77522,-1.60207,-1.56214,-1.60207]
	PARPACK diagonalization completed after 30 matrix-vector product operations.
	iteration results: : total energy is -42.850306 | electron energy -42.921822 + phonon energy 0.071516 | electron momentum kIdx = 10
The 23-th iteration is completed.	|| time cost : 0h 0m 17.64s
********************************************************************************************************************
Start the 24 rounds of NGS-ED iteration
	effective electronic model is modified as: kinetic energy t = 0.890038
	                                           effective interaction Vq = [-2.00003,-1.77522,-1.63694,-1.77522,-1.77522,-1.60207,-1.56214,-1.60207,-1.63694,-1.56214,-1.49761,-1.56214,-1.77522,-1.60207,-1.56214,-1.60207]
	PARPACK diagonalization completed after 30 matrix-vector product operations.
	iteration results: : total energy is -42.850306 | electron energy -42.921822 + phonon energy 0.071516 | electron momentum kIdx = 10
	Nq(0) = 14.0625,	Nq(1) = 0.229654,	Nq(2) = 0.30619,	Nq(3) = 0.229654,	Nq(4) = 0.229654,	Nq(5) = 0.28338,	Nq(6) = 0.381565,	Nq(7) = 0.28338,	Nq(8) = 0.30619,	Nq(9) = 0.381565,	Nq(10) = 0.439951,	Nq(11) = 0.381565,	Nq(12) = 0.229654,	Nq(13) = 0.28338,	Nq(14) = 0.381565,	Nq(15) = 0.28338,	Sq(0) = 0.0625,	Sq(1) = 0.450778,	Sq(2) = 0.639943,	Sq(3) = 0.450778,	Sq(4) = 0.450778,	Sq(5) = 0.977134,	Sq(6) = 0.819523,	Sq(7) = 0.977134,	Sq(8) = 0.639943,	Sq(9) = 0.819523,	Sq(10) = 0.974645,	Sq(11) = 0.819523,	Sq(12) = 0.450778,	Sq(13) = 0.977134,	Sq(14) = 0.819523,	Sq(15) = 0.977134,	N(0) = 1.92109,	N(1) = 1.87857,	N(2) = 1.13626,	N(3) = 1.87857,	N(4) = 1.87857,	N(5) = 0.707587,	N(6) = 0.10333,	N(7) = 0.707587,	N(8) = 1.13626,	N(9) = 0.10333,	N(10) = 0.0484453,	N(11) = 0.10333,	N(12) = 1.87857,	N(13) = 0.707587,	N(14) = 0.10333,	N(15) = 0.707587
The 24-th iteration is completed.	|| time cost : 0h 0m 46.406s
********************************************************************************************************************
********************************************************************************************************************
Ground state is obtained after 25 iterations. The current ground-state energy is -42.8503, in which electron energy is -42.9218 and phonon energy is 0.0715164
final variational state is: 
	Gamma_x = [      1,1.04178,1.06169,1.04178,1.04178,1.05759,1.07888,1.05759,1.06169,1.07888,1.09185,1.07888,1.04178,1.05759,1.07888,1.05759]
	lambda_q = [0.632459,0.420416,0.362982,0.420416,0.420416, 0.35034,0.336526, 0.35034,0.362982,0.336526,0.315469,0.336526,0.420416, 0.35034,0.336526, 0.35034]
********************************************************************************************************************
o___o  ----------------------------------------
| L |	Time since last clock: 0h 0m 0s
A===A	Time since the beginning: 0h 17m 36.351s
***********************************************


Non-Gaussina ED ground state calculation is completed. The final ground-state energy is -42.8503
********************************************************************************************************************
o___o  ----------------------------------------
| L |	Time since last clock: 0h 0m 0s
A===A	Time since the beginning: 0h 17m 36.352s
***********************************************



********************************************************************************************************************
All non-Gaussian ED ground state calculations have been completed. Exit now.
TACC:  Shutdown complete. Exiting. 
