SNEDics v3.4 Non-Gaussian ED ground state program		Start at Tue Oct  1 11:57:50 2019

parallized on 16 MPI threads  * 8 OpenMP threads = 128 total threads.
********************************************************************************************************************
********************************************************************************************************************

********************************************************************************************************************
System parameters and configurations
********************************************************************************************************************
Special program options are enabled: splitted diagonal Hamiltonian
********************************************************************************************************************
Read input file "model_params.in"
	Hubbard-Holstein model parameters : 	t = 1    U = 4    g = 4    W = 5    
********************************************************************************************************************
Read input file "hilbertspace_params.in"
	Requested 16-site 2D lattice, with 16 electrons (8, 8)
	Boundary : Periodic		Hilbert space representation : momentum-space (restricted to kIdx = 0)
	Conservation: particle number[U(1)]      spin[U(1)]     momentum
********************************************************************************************************************

Cluster Positions:				Cluster symmetry group : D4
 x ... x ... x ... x .....                       x ... x ... x ... x .....
 |           |           :                       |           |           :
 |           |           :                       |           |           :
12    13    14    15     x                       1     5     6     5     x
 |           |           :                       |           |           :
 |           |           :                       |           |           :
 8 --- 9 ---10 ---11 --- x                       2 --- 6 ---10 --- 6 --- x
 |           |           :                       |           |           :
 |           |           :                       |           |           :
 4     5     6     7     x                       1     5     6     5     x
 |           |           :                       |           |           :
 |           |           :                       |           |           :
 0 --- 1 --- 2 --- 3 --- x                       0 --- 1 --- 2 --- 1 --- x
orbital number : 1
********************************************************************************************************************
Read input file "obs_params.in"
	Observable Type : Nq(All),   Sq(All),   N(All),   Delta[s](All),   Delta[d](All),   Delta[s+](All)
********************************************************************************************************************
** WARNING ** the input observables have non-local factors which have been reinterpreted. The total observable number is 96
********************************************************************************************************************


********************************************************************************************************************
Start calculating the non-Gaussian ED ground state
** WARNING ** Detected low phonon energy W < 10. The initial state will be prepared through a warm-up process.
********************************************************************************************************************
Start warm-up calculation for scaling factor 2
open output files: NGSEDWarmUpW10Obs.txt
********************************************************************************************************************
Start the 0 rounds of NGS-ED iteration
	effective electronic model is modified as: kinetic energy t = 1
	                                           effective interaction Vq = [-0,-0,-0,-0,-0,-0,-0,-0,-0,-0,-0,-0,-0,-0,-0,-0]
	first Hamiltonian is constructed, non-zero numbers = 2845383612
	PARPACK diagonalization completed after 90 matrix-vector product operations.
	iteration results: : total energy is -13.621855 | electron energy -13.621855 + phonon energy 0.000000 | electron momentum kIdx = 0
	Nq(0) = 16,	Nq(1) = 0.157533,	Nq(2) = 0.233127,	Nq(3) = 0.157533,	Nq(4) = 0.157533,	Nq(5) = 0.233127,	Nq(6) = 0.317451,	Nq(7) = 0.233127,	Nq(8) = 0.233127,	Nq(9) = 0.317451,	Nq(10) = 0.385325,	Nq(11) = 0.317451,	Nq(12) = 0.157533,	Nq(13) = 0.233127,	Nq(14) = 0.317451,	Nq(15) = 0.233127,	Sq(0) = -6.10931e-18,	Sq(1) = 0.426995,	Sq(2) = 0.623805,	Sq(3) = 0.426995,	Sq(4) = 0.426995,	Sq(5) = 0.623805,	Sq(6) = 0.804409,	Sq(7) = 0.623805,	Sq(8) = 0.623805,	Sq(9) = 0.804409,	Sq(10) = 3.64753,	Sq(11) = 0.804409,	Sq(12) = 0.426995,	Sq(13) = 0.623805,	Sq(14) = 0.804409,	Sq(15) = 0.623805,	N(0) = 1.93103,	N(1) = 1.84635,	N(2) = 1,	N(3) = 1.84635,	N(4) = 1.84635,	N(5) = 1,	N(6) = 0.153649,	N(7) = 1,	N(8) = 1,	N(9) = 0.153649,	N(10) = 0.0689656,	N(11) = 0.153649,	N(12) = 1.84635,	N(13) = 1,	N(14) = 0.153649,	N(15) = 1,	Delta[s](0) = 0.170963,	Delta[s](1) = 0.146479,	Delta[s](2) = 0.116165,	Delta[s](3) = 0.146479,	Delta[s](4) = 0.146479,	Delta[s](5) = 0.116165,	Delta[s](6) = 0.0888973,	Delta[s](7) = 0.116165,	Delta[s](8) = 0.116165,	Delta[s](9) = 0.0888973,	Delta[s](10) = 0.0325532,	Delta[s](11) = 0.0888973,	Delta[s](12) = 0.146479,	Delta[s](13) = 0.116165,	Delta[s](14) = 0.0888973,	Delta[s](15) = 0.116165,	Delta[d](0) = 0.556461,	Delta[d](1) = 0.380647,	Delta[d](2) = 0.306489,	Delta[d](3) = 0.380647,	Delta[d](4) = 0.380647,	Delta[d](5) = 0.32591,	Delta[d](6) = 0.236222,	Delta[d](7) = 0.32591,	Delta[d](8) = 0.306489,	Delta[d](9) = 0.236222,	Delta[d](10) = 0.105176,	Delta[d](11) = 0.236222,	Delta[d](12) = 0.380647,	Delta[d](13) = 0.32591,	Delta[d](14) = 0.236222,	Delta[d](15) = 0.32591,	Delta[s+](0) = 0.586381,	Delta[s+](1) = 0.466019,	Delta[s+](2) = 0.306489,	Delta[s+](3) = 0.466019,	Delta[s+](4) = 0.466019,	Delta[s+](5) = 0.306489,	Delta[s+](6) = 0.154081,	Delta[s+](7) = 0.306489,	Delta[s+](8) = 0.306489,	Delta[s+](9) = 0.154081,	Delta[s+](10) = 0.0387427,	Delta[s+](11) = 0.154081,	Delta[s+](12) = 0.466019,	Delta[s+](13) = 0.306489,	Delta[s+](14) = 0.154081,	Delta[s+](15) = 0.306489
The 0-th iteration is completed.	|| time cost : 0h 8m 25.902s
********************************************************************************************************************
Start the 1 rounds of NGS-ED iteration
	effective electronic model is modified as: kinetic energy t = 0.920897
	                                           effective interaction Vq = [-2.76693,-2.52404, -2.4423,-2.52404,-2.52404, -2.4423,-2.41237, -2.4423, -2.4423,-2.41237,-2.38059,-2.41237,-2.52404, -2.4423,-2.41237, -2.4423]
	PARPACK diagonalization completed after 75 matrix-vector product operations.
	iteration results: : total energy is -70.577078 | electron energy -70.583227 + phonon energy 0.006149 | electron momentum kIdx = 0
The 1-th iteration is completed.	|| time cost : 0h 7m 56.896s
********************************************************************************************************************
Start the 2 rounds of NGS-ED iteration
	effective electronic model is modified as: kinetic energy t = 0.847326
	                                           effective interaction Vq = [-3.14139,-3.02607,-3.00482,-3.02607,-3.02607,-3.00482,-2.92896,-3.00482,-3.00482,-2.92896,-2.94269,-2.92896,-3.02607,-3.00482,-2.92896,-3.00482]
	PARPACK diagonalization completed after 60 matrix-vector product operations.
	iteration results: : total energy is -80.448571 | electron energy -80.501621 + phonon energy 0.053050 | electron momentum kIdx = 0
The 2-th iteration is completed.	|| time cost : 0h 0m 36.728s
********************************************************************************************************************
Start the 3 rounds of NGS-ED iteration
	effective electronic model is modified as: kinetic energy t = 0.815834
	                                           effective interaction Vq = [-3.19207,-3.12794,-3.11516,-3.12794,-3.12794,-3.11516,-3.05513,-3.11516,-3.11516,-3.05513,-3.10328,-3.05513,-3.12794,-3.11516,-3.05513,-3.11516]
	PARPACK diagonalization completed after 45 matrix-vector product operations.
	iteration results: : total energy is -81.873982 | electron energy -81.967318 + phonon energy 0.093336 | electron momentum kIdx = 0
The 3-th iteration is completed.	|| time cost : 0h 0m 32.396s
********************************************************************************************************************
Start the 4 rounds of NGS-ED iteration
	effective electronic model is modified as: kinetic energy t = 0.806207
	                                           effective interaction Vq = [-3.19893,-3.14935,-3.12714,-3.14935,-3.14935,-3.12714,-3.08589,-3.12714,-3.12714,-3.08589,-3.16837,-3.08589,-3.14935,-3.12714,-3.08589,-3.12714]
	PARPACK diagonalization completed after 45 matrix-vector product operations.
	iteration results: : total energy is -82.164040 | electron energy -82.275773 + phonon energy 0.111733 | electron momentum kIdx = 0
The 4-th iteration is completed.	|| time cost : 0h 0m 32.047s
********************************************************************************************************************
Start the 5 rounds of NGS-ED iteration
	effective electronic model is modified as: kinetic energy t = 0.810504
	                                           effective interaction Vq = [-3.19985,-3.14357,-3.09263,-3.14357,-3.14357,-3.09263,-3.07755,-3.09263,-3.09263,-3.07755,-3.18901,-3.07755,-3.14357,-3.09263,-3.07755,-3.09263]
	PARPACK diagonalization completed after 45 matrix-vector product operations.
	iteration results: : total energy is -82.269070 | electron energy -82.383570 + phonon energy 0.114500 | electron momentum kIdx = 0
The 5-th iteration is completed.	|| time cost : 0h 0m 32.396s
********************************************************************************************************************
Start the 6 rounds of NGS-ED iteration
	effective electronic model is modified as: kinetic energy t = 0.816018
	                                           effective interaction Vq = [-3.19998,-3.13249,-3.05781,-3.13249,-3.13249,-3.05781,-3.06232,-3.05781,-3.05781,-3.06232,-3.19433,-3.06232,-3.13249,-3.05781,-3.06232,-3.05781]
	PARPACK diagonalization completed after 30 matrix-vector product operations.
	iteration results: : total energy is -82.300455 | electron energy -82.412209 + phonon energy 0.111754 | electron momentum kIdx = 0
The 6-th iteration is completed.	|| time cost : 0h 0m 27.385s
********************************************************************************************************************
Start the 7 rounds of NGS-ED iteration
	effective electronic model is modified as: kinetic energy t = 0.81932
	                                           effective interaction Vq = [    -3.2,-3.12411,-3.03776,-3.12411,-3.12411,-3.03776,-3.05125,-3.03776,-3.03776,-3.05125,-3.19589,-3.05125,-3.12411,-3.03776,-3.05125,-3.03776]
	PARPACK diagonalization completed after 30 matrix-vector product operations.
	iteration results: : total energy is -82.307889 | electron energy -82.416856 + phonon energy 0.108967 | electron momentum kIdx = 0
The 7-th iteration is completed.	|| time cost : 0h 0m 27.319s
********************************************************************************************************************
Start the 8 rounds of NGS-ED iteration
	effective electronic model is modified as: kinetic energy t = 0.821041
	                                           effective interaction Vq = [    -3.2,-3.11905, -3.0279,-3.11905,-3.11905, -3.0279,-3.04469, -3.0279, -3.0279,-3.04469,-3.19642,-3.04469,-3.11905, -3.0279,-3.04469, -3.0279]
	PARPACK diagonalization completed after 30 matrix-vector product operations.
	iteration results: : total energy is -82.309574 | electron energy -82.416767 + phonon energy 0.107193 | electron momentum kIdx = 0
The 8-th iteration is completed.	|| time cost : 0h 0m 27.41s
********************************************************************************************************************
Start the 9 rounds of NGS-ED iteration
	effective electronic model is modified as: kinetic energy t = 0.821903
	                                           effective interaction Vq = [    -3.2,-3.11628,-3.02325,-3.11628,-3.11628,-3.02325,-3.04113,-3.02325,-3.02325,-3.04113,-3.19662,-3.04113,-3.11628,-3.02325,-3.04113,-3.02325]
	PARPACK diagonalization completed after 30 matrix-vector product operations.
	iteration results: : total energy is -82.309960 | electron energy -82.416171 + phonon energy 0.106211 | electron momentum kIdx = 0
The 9-th iteration is completed.	|| time cost : 0h 0m 27.625s
********************************************************************************************************************
Start the 10 rounds of NGS-ED iteration
	effective electronic model is modified as: kinetic energy t = 0.822328
	                                           effective interaction Vq = [    -3.2,-3.11483,-3.02108,-3.11483,-3.11483,-3.02108,-3.03927,-3.02108,-3.02108,-3.03927, -3.1967,-3.03927,-3.11483,-3.02108,-3.03927,-3.02108]
	PARPACK diagonalization completed after 30 matrix-vector product operations.
	iteration results: : total energy is -82.310050 | electron energy -82.415749 + phonon energy 0.105700 | electron momentum kIdx = 0
	Nq(0) = 16,	Nq(1) = 0.282401,	Nq(2) = 0.350737,	Nq(3) = 0.282401,	Nq(4) = 0.282401,	Nq(5) = 0.350737,	Nq(6) = 0.552294,	Nq(7) = 0.350737,	Nq(8) = 0.350737,	Nq(9) = 0.552294,	Nq(10) = 6.11944,	Nq(11) = 0.552294,	Nq(12) = 0.282401,	Nq(13) = 0.350737,	Nq(14) = 0.552294,	Nq(15) = 0.350737,	Sq(0) = -8.93453e-19,	Sq(1) = 0.200037,	Sq(2) = 0.274214,	Sq(3) = 0.200037,	Sq(4) = 0.200037,	Sq(5) = 0.274214,	Sq(6) = 0.384102,	Sq(7) = 0.274214,	Sq(8) = 0.274214,	Sq(9) = 0.384102,	Sq(10) = 0.455516,	Sq(11) = 0.384102,	Sq(12) = 0.200037,	Sq(13) = 0.274214,	Sq(14) = 0.384102,	Sq(15) = 0.274214,	N(0) = 1.96193,	N(1) = 1.90144,	N(2) = 1,	N(3) = 1.90144,	N(4) = 1.90144,	N(5) = 1,	N(6) = 0.0985648,	N(7) = 1,	N(8) = 1,	N(9) = 0.0985648,	N(10) = 0.0380672,	N(11) = 0.0985648,	N(12) = 1.90144,	N(13) = 1,	N(14) = 0.0985648,	N(15) = 1,	Delta[s](0) = 0.535842,	Delta[s](1) = 0.387914,	Delta[s](2) = 0.363284,	Delta[s](3) = 0.387914,	Delta[s](4) = 0.387914,	Delta[s](5) = 0.363284,	Delta[s](6) = 0.311816,	Delta[s](7) = 0.363284,	Delta[s](8) = 0.363284,	Delta[s](9) = 0.311816,	Delta[s](10) = 0.266855,	Delta[s](11) = 0.311816,	Delta[s](12) = 0.387914,	Delta[s](13) = 0.363284,	Delta[s](14) = 0.311816,	Delta[s](15) = 0.363284,	Delta[d](0) = 0.199588,	Delta[d](1) = 0.184623,	Delta[d](2) = 0.190595,	Delta[d](3) = 0.184623,	Delta[d](4) = 0.184623,	Delta[d](5) = 0.127877,	Delta[d](6) = 0.148271,	Delta[d](7) = 0.127877,	Delta[d](8) = 0.190595,	Delta[d](9) = 0.148271,	Delta[d](10) = 0.0562637,	Delta[d](11) = 0.148271,	Delta[d](12) = 0.184623,	Delta[d](13) = 0.127877,	Delta[d](14) = 0.148271,	Delta[d](15) = 0.127877,	Delta[s+](0) = 0.367546,	Delta[s+](1) = 0.293068,	Delta[s+](2) = 0.190595,	Delta[s+](3) = 0.293068,	Delta[s+](4) = 0.293068,	Delta[s+](5) = 0.190595,	Delta[s+](6) = 0.0855771,	Delta[s+](7) = 0.190595,	Delta[s+](8) = 0.190595,	Delta[s+](9) = 0.0855771,	Delta[s+](10) = 0.031618,	Delta[s+](11) = 0.0855771,	Delta[s+](12) = 0.293068,	Delta[s+](13) = 0.190595,	Delta[s+](14) = 0.0855771,	Delta[s+](15) = 0.190595
The 10-th iteration is completed.	|| time cost : 0h 4m 24.994s
********************************************************************************************************************
Start the 11 rounds of NGS-ED iteration
	effective electronic model is modified as: kinetic energy t = 0.822537
	                                           effective interaction Vq = [    -3.2, -3.1141,-3.02006, -3.1141, -3.1141,-3.02006,-3.03833,-3.02006,-3.02006,-3.03833,-3.19673,-3.03833, -3.1141,-3.02006,-3.03833,-3.02006]
	PARPACK diagonalization completed after 30 matrix-vector product operations.
	iteration results: : total energy is -82.310071 | electron energy -82.415512 + phonon energy 0.105441 | electron momentum kIdx = 0
The 11-th iteration is completed.	|| time cost : 0h 0m 27.392s
********************************************************************************************************************
Start the 12 rounds of NGS-ED iteration
	effective electronic model is modified as: kinetic energy t = 0.822639
	                                           effective interaction Vq = [    -3.2,-3.11373,-3.01958,-3.11373,-3.11373,-3.01958,-3.03785,-3.01958,-3.01958,-3.03785,-3.19675,-3.03785,-3.11373,-3.01958,-3.03785,-3.01958]
	PARPACK diagonalization completed after 30 matrix-vector product operations.
	iteration results: : total energy is -82.310075 | electron energy -82.415388 + phonon energy 0.105312 | electron momentum kIdx = 0
	Nq(0) = 16,	Nq(1) = 0.281831,	Nq(2) = 0.350255,	Nq(3) = 0.281831,	Nq(4) = 0.281831,	Nq(5) = 0.350255,	Nq(6) = 0.551415,	Nq(7) = 0.350255,	Nq(8) = 0.350255,	Nq(9) = 0.551415,	Nq(10) = 6.12876,	Nq(11) = 0.551415,	Nq(12) = 0.281831,	Nq(13) = 0.350255,	Nq(14) = 0.551415,	Nq(15) = 0.350255,	Sq(0) = 3.2396e-19,	Sq(1) = 0.199975,	Sq(2) = 0.274173,	Sq(3) = 0.199975,	Sq(4) = 0.199975,	Sq(5) = 0.274173,	Sq(6) = 0.384069,	Sq(7) = 0.274173,	Sq(8) = 0.274173,	Sq(9) = 0.384069,	Sq(10) = 0.455512,	Sq(11) = 0.384069,	Sq(12) = 0.199975,	Sq(13) = 0.274173,	Sq(14) = 0.384069,	Sq(15) = 0.274173,	N(0) = 1.96192,	N(1) = 1.90129,	N(2) = 1,	N(3) = 1.90129,	N(4) = 1.90129,	N(5) = 1,	N(6) = 0.0987109,	N(7) = 1,	N(8) = 1,	N(9) = 0.0987109,	N(10) = 0.038081,	N(11) = 0.0987109,	N(12) = 1.90129,	N(13) = 1,	N(14) = 0.0987109,	N(15) = 1,	Delta[s](0) = 0.535112,	Delta[s](1) = 0.387974,	Delta[s](2) = 0.363324,	Delta[s](3) = 0.387974,	Delta[s](4) = 0.387974,	Delta[s](5) = 0.363324,	Delta[s](6) = 0.311894,	Delta[s](7) = 0.363324,	Delta[s](8) = 0.363324,	Delta[s](9) = 0.311894,	Delta[s](10) = 0.267108,	Delta[s](11) = 0.311894,	Delta[s](12) = 0.387974,	Delta[s](13) = 0.363324,	Delta[s](14) = 0.311894,	Delta[s](15) = 0.363324,	Delta[d](0) = 0.199421,	Delta[d](1) = 0.184453,	Delta[d](2) = 0.190496,	Delta[d](3) = 0.184453,	Delta[d](4) = 0.184453,	Delta[d](5) = 0.12771,	Delta[d](6) = 0.148089,	Delta[d](7) = 0.12771,	Delta[d](8) = 0.190496,	Delta[d](9) = 0.148089,	Delta[d](10) = 0.0560937,	Delta[d](11) = 0.148089,	Delta[d](12) = 0.184453,	Delta[d](13) = 0.12771,	Delta[d](14) = 0.148089,	Delta[d](15) = 0.12771,	Delta[s+](0) = 0.367545,	Delta[s+](1) = 0.292992,	Delta[s+](2) = 0.190496,	Delta[s+](3) = 0.292992,	Delta[s+](4) = 0.292992,	Delta[s+](5) = 0.190496,	Delta[s+](6) = 0.0854593,	Delta[s+](7) = 0.190496,	Delta[s+](8) = 0.190496,	Delta[s+](9) = 0.0854593,	Delta[s+](10) = 0.0315373,	Delta[s+](11) = 0.0854593,	Delta[s+](12) = 0.292992,	Delta[s+](13) = 0.190496,	Delta[s+](14) = 0.0854593,	Delta[s+](15) = 0.190496
The 12-th iteration is completed.	|| time cost : 0h 4m 45.787s
********************************************************************************************************************
********************************************************************************************************************
Ground state is obtained after 13 iterations. The current ground-state energy is -82.3101, in which electron energy is -82.4154 and phonon energy is 0.105312
final variational state is: 
	Gamma_x = [      1, 1.0251,1.04145, 1.0251, 1.0251,1.04145,1.06352,1.04145,1.04145,1.06352, 1.1282,1.06352, 1.0251,1.04145,1.06352,1.04145]
	lambda_q = [0.565684,0.472705,0.431279,0.472705,0.472705,0.431279,0.438256,0.431279,0.431279,0.438256,0.547663,0.438256,0.472705,0.431279,0.438256,0.431279]
********************************************************************************************************************
o___o  ----------------------------------------
| L |	Time since last clock: 0h 0m 0s
A===A	Time since the beginning: 0h 30m 4.282s
***********************************************


********************************************************************************************************************
Warm up runs have been completed. Start calculating W = 5 phonon.
open output files: NGSEDIterationObs.txt
********************************************************************************************************************
Start the 0 rounds of NGS-ED iteration
	effective electronic model is modified as: kinetic energy t = 0.822689
	                                           effective interaction Vq = [-2.92548,-2.66439,-2.52022,-2.66439,-2.66439,-2.52022,-2.54571,-2.52022,-2.52022,-2.54571,-2.88163,-2.54571,-2.66439,-2.52022,-2.54571,-2.52022]
	PARPACK diagonalization completed after 30 matrix-vector product operations.
	iteration results: : total energy is -73.509259 | electron energy -73.561883 + phonon energy 0.052624 | electron momentum kIdx = 0
	Nq(0) = 16,	Nq(1) = 0.264153,	Nq(2) = 0.328776,	Nq(3) = 0.264153,	Nq(4) = 0.264153,	Nq(5) = 0.328776,	Nq(6) = 0.506556,	Nq(7) = 0.328776,	Nq(8) = 0.328776,	Nq(9) = 0.506556,	Nq(10) = 6.05452,	Nq(11) = 0.506556,	Nq(12) = 0.264153,	Nq(13) = 0.328776,	Nq(14) = 0.506556,	Nq(15) = 0.328776,	Sq(0) = 7.90319e-19,	Sq(1) = 0.223552,	Sq(2) = 0.296768,	Sq(3) = 0.223552,	Sq(4) = 0.223552,	Sq(5) = 0.296768,	Sq(6) = 0.427959,	Sq(7) = 0.296768,	Sq(8) = 0.296768,	Sq(9) = 0.427959,	Sq(10) = 0.503338,	Sq(11) = 0.427959,	Sq(12) = 0.223552,	Sq(13) = 0.296768,	Sq(14) = 0.427959,	Sq(15) = 0.296768,	N(0) = 1.97477,	N(1) = 1.92432,	N(2) = 1,	N(3) = 1.92432,	N(4) = 1.92432,	N(5) = 1,	N(6) = 0.0756752,	N(7) = 1,	N(8) = 1,	N(9) = 0.0756752,	N(10) = 0.0252255,	N(11) = 0.0756752,	N(12) = 1.92432,	N(13) = 1,	N(14) = 0.0756752,	N(15) = 1,	Delta[s](0) = 0.44446,	Delta[s](1) = 0.368643,	Delta[s](2) = 0.350683,	Delta[s](3) = 0.368643,	Delta[s](4) = 0.368643,	Delta[s](5) = 0.350683,	Delta[s](6) = 0.311085,	Delta[s](7) = 0.350683,	Delta[s](8) = 0.350683,	Delta[s](9) = 0.311085,	Delta[s](10) = 0.287538,	Delta[s](11) = 0.311085,	Delta[s](12) = 0.368643,	Delta[s](13) = 0.350683,	Delta[s](14) = 0.311085,	Delta[s](15) = 0.350683,	Delta[d](0) = 0.203611,	Delta[d](1) = 0.19181,	Delta[d](2) = 0.201484,	Delta[d](3) = 0.19181,	Delta[d](4) = 0.19181,	Delta[d](5) = 0.13073,	Delta[d](6) = 0.153618,	Delta[d](7) = 0.13073,	Delta[d](8) = 0.201484,	Delta[d](9) = 0.153618,	Delta[d](10) = 0.0577555,	Delta[d](11) = 0.153618,	Delta[d](12) = 0.19181,	Delta[d](13) = 0.13073,	Delta[d](14) = 0.153618,	Delta[d](15) = 0.13073,	Delta[s+](0) = 0.40185,	Delta[s+](1) = 0.312784,	Delta[s+](2) = 0.201484,	Delta[s+](3) = 0.312784,	Delta[s+](4) = 0.312784,	Delta[s+](5) = 0.201484,	Delta[s+](6) = 0.0890278,	Delta[s+](7) = 0.201484,	Delta[s+](8) = 0.201484,	Delta[s+](9) = 0.0890278,	Delta[s+](10) = 0.0328883,	Delta[s+](11) = 0.0890278,	Delta[s+](12) = 0.312784,	Delta[s+](13) = 0.201484,	Delta[s+](14) = 0.0890278,	Delta[s+](15) = 0.201484
The 0-th iteration is completed.	|| time cost : 0h 4m 23.242s
********************************************************************************************************************
Start the 1 rounds of NGS-ED iteration
	effective electronic model is modified as: kinetic energy t = 0.799778
	                                           effective interaction Vq = [-3.09901,-2.80957,-2.62814,-2.80957,-2.80957,-2.62814,-2.65954,-2.62814,-2.62814,-2.65954,-3.07806,-2.65954,-2.80957,-2.62814,-2.65954,-2.62814]
	PARPACK diagonalization completed after 30 matrix-vector product operations.
	iteration results: : total energy is -77.540534 | electron energy -77.704499 + phonon energy 0.163965 | electron momentum kIdx = 0
The 1-th iteration is completed.	|| time cost : 0h 0m 27.404s
********************************************************************************************************************
Start the 2 rounds of NGS-ED iteration
	effective electronic model is modified as: kinetic energy t = 0.791223
	                                           effective interaction Vq = [-3.16285,-2.84403,-2.66039,-2.84403,-2.84403,-2.66039,-2.68769,-2.66039,-2.66039,-2.68769, -3.1532,-2.68769,-2.84403,-2.66039,-2.68769,-2.66039]
	PARPACK diagonalization completed after 30 matrix-vector product operations.
	iteration results: : total energy is -79.021199 | electron energy -79.251061 + phonon energy 0.229862 | electron momentum kIdx = 0
The 2-th iteration is completed.	|| time cost : 0h 0m 27.446s
********************************************************************************************************************
Start the 3 rounds of NGS-ED iteration
	effective electronic model is modified as: kinetic energy t = 0.789252
	                                           effective interaction Vq = [-3.18633,-2.84184,-2.66327,-2.84184,-2.84184,-2.66327,-2.68509,-2.66327,-2.66327,-2.68509,-3.17997,-2.68509,-2.84184,-2.66327,-2.68509,-2.66327]
	PARPACK diagonalization completed after 30 matrix-vector product operations.
	iteration results: : total energy is -79.541869 | electron energy -79.801503 + phonon energy 0.259634 | electron momentum kIdx = 0
The 3-th iteration is completed.	|| time cost : 0h 0m 27.605s
********************************************************************************************************************
Start the 4 rounds of NGS-ED iteration
	effective electronic model is modified as: kinetic energy t = 0.789565
	                                           effective interaction Vq = [-3.19497,-2.83096,-2.65768,-2.83096,-2.83096,-2.65768,-2.67495,-2.65768,-2.65768,-2.67495, -3.1897,-2.67495,-2.83096,-2.65768,-2.67495,-2.65768]
	PARPACK diagonalization completed after 30 matrix-vector product operations.
	iteration results: : total energy is -79.722538 | electron energy -79.994321 + phonon energy 0.271783 | electron momentum kIdx = 0
The 4-th iteration is completed.	|| time cost : 0h 0m 27.621s
********************************************************************************************************************
Start the 5 rounds of NGS-ED iteration
	effective electronic model is modified as: kinetic energy t = 0.790468
	                                           effective interaction Vq = [-3.19815, -2.8201,-2.65088, -2.8201, -2.8201,-2.65088,-2.66479,-2.65088,-2.65088,-2.66479, -3.1935,-2.66479, -2.8201,-2.65088,-2.66479,-2.65088]
	PARPACK diagonalization completed after 30 matrix-vector product operations.
	iteration results: : total energy is -79.785553 | electron energy -80.061664 + phonon energy 0.276111 | electron momentum kIdx = 0
The 5-th iteration is completed.	|| time cost : 0h 0m 27.857s
********************************************************************************************************************
Start the 6 rounds of NGS-ED iteration
	effective electronic model is modified as: kinetic energy t = 0.791385
	                                           effective interaction Vq = [-3.19932,-2.81136,-2.64497,-2.81136,-2.81136,-2.64497, -2.6565,-2.64497,-2.64497, -2.6565,-3.19512, -2.6565,-2.81136,-2.64497, -2.6565,-2.64497]
	PARPACK diagonalization completed after 30 matrix-vector product operations.
	iteration results: : total energy is -79.807817 | electron energy -80.084915 + phonon energy 0.277098 | electron momentum kIdx = 0
The 6-th iteration is completed.	|| time cost : 0h 0m 27.326s
********************************************************************************************************************
Start the 7 rounds of NGS-ED iteration
	effective electronic model is modified as: kinetic energy t = 0.792149
	                                           effective interaction Vq = [-3.19975,-2.80486,-2.64037,-2.80486,-2.80486,-2.64037,-2.65022,-2.64037,-2.64037,-2.65022,-3.19586,-2.65022,-2.80486,-2.64037,-2.65022,-2.64037]
	PARPACK diagonalization completed after 30 matrix-vector product operations.
	iteration results: : total energy is -79.815799 | electron energy -80.092575 + phonon energy 0.276775 | electron momentum kIdx = 0
The 7-th iteration is completed.	|| time cost : 0h 0m 27.381s
********************************************************************************************************************
Start the 8 rounds of NGS-ED iteration
	effective electronic model is modified as: kinetic energy t = 0.792737
	                                           effective interaction Vq = [-3.19991,-2.80019,-2.63695,-2.80019,-2.80019,-2.63695,-2.64564,-2.63695,-2.63695,-2.64564,-3.19622,-2.64564,-2.80019,-2.63695,-2.64564,-2.63695]
	PARPACK diagonalization completed after 30 matrix-vector product operations.
	iteration results: : total energy is -79.818701 | electron energy -80.094750 + phonon energy 0.276048 | electron momentum kIdx = 0
The 8-th iteration is completed.	|| time cost : 0h 0m 27.37s
********************************************************************************************************************
Start the 9 rounds of NGS-ED iteration
	effective electronic model is modified as: kinetic energy t = 0.793171
	                                           effective interaction Vq = [-3.19997,-2.79689,-2.63448,-2.79689,-2.79689,-2.63448,-2.64236,-2.63448,-2.63448,-2.64236, -3.1964,-2.64236,-2.79689,-2.63448,-2.64236,-2.63448]
	PARPACK diagonalization completed after 30 matrix-vector product operations.
	iteration results: : total energy is -79.819769 | electron energy -80.095064 + phonon energy 0.275296 | electron momentum kIdx = 0
The 9-th iteration is completed.	|| time cost : 0h 0m 27.652s
********************************************************************************************************************
Start the 10 rounds of NGS-ED iteration
	effective electronic model is modified as: kinetic energy t = 0.793484
	                                           effective interaction Vq = [-3.19999,-2.79459,-2.63272,-2.79459,-2.79459,-2.63272,-2.64005,-2.63272,-2.63272,-2.64005, -3.1965,-2.64005,-2.79459,-2.63272,-2.64005,-2.63272]
	PARPACK diagonalization completed after 30 matrix-vector product operations.
	iteration results: : total energy is -79.820166 | electron energy -80.094818 + phonon energy 0.274652 | electron momentum kIdx = 0
	Nq(0) = 16,	Nq(1) = 0.173025,	Nq(2) = 0.256053,	Nq(3) = 0.173025,	Nq(4) = 0.173025,	Nq(5) = 0.256053,	Nq(6) = 0.374065,	Nq(7) = 0.256053,	Nq(8) = 0.256053,	Nq(9) = 0.374065,	Nq(10) = 8.54861,	Nq(11) = 0.374065,	Nq(12) = 0.173025,	Nq(13) = 0.256053,	Nq(14) = 0.374065,	Nq(15) = 0.256053,	Sq(0) = 2.24513e-18,	Sq(1) = 0.154068,	Sq(2) = 0.232969,	Sq(3) = 0.154068,	Sq(4) = 0.154068,	Sq(5) = 0.232969,	Sq(6) = 0.327295,	Sq(7) = 0.232969,	Sq(8) = 0.232969,	Sq(9) = 0.327295,	Sq(10) = 0.40344,	Sq(11) = 0.327295,	Sq(12) = 0.154068,	Sq(13) = 0.232969,	Sq(14) = 0.327295,	Sq(15) = 0.232969,	N(0) = 1.93299,	N(1) = 1.8085,	N(2) = 1,	N(3) = 1.8085,	N(4) = 1.8085,	N(5) = 1,	N(6) = 0.191503,	N(7) = 1,	N(8) = 1,	N(9) = 0.191503,	N(10) = 0.0670119,	N(11) = 0.191503,	N(12) = 1.8085,	N(13) = 1,	N(14) = 0.191503,	N(15) = 1,	Delta[s](0) = 0.455936,	Delta[s](1) = 0.405351,	Delta[s](2) = 0.383833,	Delta[s](3) = 0.405351,	Delta[s](4) = 0.405351,	Delta[s](5) = 0.383833,	Delta[s](6) = 0.355865,	Delta[s](7) = 0.383833,	Delta[s](8) = 0.383833,	Delta[s](9) = 0.355865,	Delta[s](10) = 0.332848,	Delta[s](11) = 0.355865,	Delta[s](12) = 0.405351,	Delta[s](13) = 0.383833,	Delta[s](14) = 0.355865,	Delta[s](15) = 0.383833,	Delta[d](0) = 0.157927,	Delta[d](1) = 0.142782,	Delta[d](2) = 0.162964,	Delta[d](3) = 0.142782,	Delta[d](4) = 0.142782,	Delta[d](5) = 0.100027,	Delta[d](6) = 0.109701,	Delta[d](7) = 0.100027,	Delta[d](8) = 0.162964,	Delta[d](9) = 0.109701,	Delta[d](10) = 0.0420035,	Delta[d](11) = 0.109701,	Delta[d](12) = 0.142782,	Delta[d](13) = 0.100027,	Delta[d](14) = 0.109701,	Delta[d](15) = 0.100027,	Delta[s+](0) = 0.345894,	Delta[s+](1) = 0.260667,	Delta[s+](2) = 0.162964,	Delta[s+](3) = 0.260667,	Delta[s+](4) = 0.260667,	Delta[s+](5) = 0.162964,	Delta[s+](6) = 0.0679197,	Delta[s+](7) = 0.162964,	Delta[s+](8) = 0.162964,	Delta[s+](9) = 0.0679197,	Delta[s+](10) = 0.0256681,	Delta[s+](11) = 0.0679197,	Delta[s+](12) = 0.260667,	Delta[s+](13) = 0.162964,	Delta[s+](14) = 0.0679197,	Delta[s+](15) = 0.162964
The 10-th iteration is completed.	|| time cost : 0h 4m 24.664s
********************************************************************************************************************
Start the 11 rounds of NGS-ED iteration
	effective electronic model is modified as: kinetic energy t = 0.793705
	                                           effective interaction Vq = [    -3.2,  -2.793,-2.63149,  -2.793,  -2.793,-2.63149,-2.63843,-2.63149,-2.63149,-2.63843,-3.19654,-2.63843,  -2.793,-2.63149,-2.63843,-2.63149]
	PARPACK diagonalization completed after 30 matrix-vector product operations.
	iteration results: : total energy is -79.820315 | electron energy -80.094462 + phonon energy 0.274147 | electron momentum kIdx = 0
The 11-th iteration is completed.	|| time cost : 0h 0m 27.647s
********************************************************************************************************************
Start the 12 rounds of NGS-ED iteration
	effective electronic model is modified as: kinetic energy t = 0.793861
	                                           effective interaction Vq = [    -3.2,-2.79189,-2.63062,-2.79189,-2.79189,-2.63062,-2.63731,-2.63062,-2.63062,-2.63731,-3.19657,-2.63731,-2.79189,-2.63062,-2.63731,-2.63062]
	PARPACK diagonalization completed after 30 matrix-vector product operations.
	iteration results: : total energy is -79.820372 | electron energy -80.094141 + phonon energy 0.273769 | electron momentum kIdx = 0
The 12-th iteration is completed.	|| time cost : 0h 0m 27.606s
********************************************************************************************************************
Start the 13 rounds of NGS-ED iteration
	effective electronic model is modified as: kinetic energy t = 0.793969
	                                           effective interaction Vq = [    -3.2,-2.79114,-2.63003,-2.79114,-2.79114,-2.63003,-2.63653,-2.63003,-2.63003,-2.63653,-3.19659,-2.63653,-2.79114,-2.63003,-2.63653,-2.63003]
	PARPACK diagonalization completed after 30 matrix-vector product operations.
	iteration results: : total energy is -79.820394 | electron energy -80.093888 + phonon energy 0.273494 | electron momentum kIdx = 0
The 13-th iteration is completed.	|| time cost : 0h 0m 27.404s
********************************************************************************************************************
Start the 14 rounds of NGS-ED iteration
	effective electronic model is modified as: kinetic energy t = 0.794044
	                                           effective interaction Vq = [    -3.2,-2.79062,-2.62961,-2.79062,-2.79062,-2.62961,-2.63599,-2.62961,-2.62961,-2.63599,-3.19659,-2.63599,-2.79062,-2.62961,-2.63599,-2.62961]
	PARPACK diagonalization completed after 30 matrix-vector product operations.
	iteration results: : total energy is -79.820402 | electron energy -80.093700 + phonon energy 0.273298 | electron momentum kIdx = 0
The 14-th iteration is completed.	|| time cost : 0h 0m 27.358s
********************************************************************************************************************
Start the 15 rounds of NGS-ED iteration
	effective electronic model is modified as: kinetic energy t = 0.794096
	                                           effective interaction Vq = [    -3.2,-2.79026,-2.62933,-2.79026,-2.79026,-2.62933,-2.63562,-2.62933,-2.62933,-2.63562, -3.1966,-2.63562,-2.79026,-2.62933,-2.63562,-2.62933]
	PARPACK diagonalization completed after 30 matrix-vector product operations.
	iteration results: : total energy is -79.820406 | electron energy -80.093566 + phonon energy 0.273160 | electron momentum kIdx = 0
The 15-th iteration is completed.	|| time cost : 0h 0m 27.632s
********************************************************************************************************************
Start the 16 rounds of NGS-ED iteration
	effective electronic model is modified as: kinetic energy t = 0.794132
	                                           effective interaction Vq = [    -3.2,-2.79001,-2.62913,-2.79001,-2.79001,-2.62913,-2.63537,-2.62913,-2.62913,-2.63537, -3.1966,-2.63537,-2.79001,-2.62913,-2.63537,-2.62913]
	PARPACK diagonalization completed after 30 matrix-vector product operations.
	iteration results: : total energy is -79.820407 | electron energy -80.093470 + phonon energy 0.273063 | electron momentum kIdx = 0
The 16-th iteration is completed.	|| time cost : 0h 0m 27.324s
********************************************************************************************************************
Start the 17 rounds of NGS-ED iteration
	effective electronic model is modified as: kinetic energy t = 0.794157
	                                           effective interaction Vq = [    -3.2,-2.78985,  -2.629,-2.78985,-2.78985,  -2.629,-2.63519,  -2.629,  -2.629,-2.63519, -3.1966,-2.63519,-2.78985,  -2.629,-2.63519,  -2.629]
	PARPACK diagonalization completed after 30 matrix-vector product operations.
	iteration results: : total energy is -79.820407 | electron energy -80.093404 + phonon energy 0.272996 | electron momentum kIdx = 0
The 17-th iteration is completed.	|| time cost : 0h 0m 27.292s
********************************************************************************************************************
Start the 18 rounds of NGS-ED iteration
	effective electronic model is modified as: kinetic energy t = 0.794173
	                                           effective interaction Vq = [    -3.2,-2.78973, -2.6289,-2.78973,-2.78973, -2.6289,-2.63507, -2.6289, -2.6289,-2.63507, -3.1966,-2.63507,-2.78973, -2.6289,-2.63507, -2.6289]
	PARPACK diagonalization completed after 30 matrix-vector product operations.
	iteration results: : total energy is -79.820408 | electron energy -80.093357 + phonon energy 0.272950 | electron momentum kIdx = 0
The 18-th iteration is completed.	|| time cost : 0h 0m 27.639s
********************************************************************************************************************
Start the 19 rounds of NGS-ED iteration
	effective electronic model is modified as: kinetic energy t = 0.794185
	                                           effective interaction Vq = [    -3.2,-2.78965,-2.62884,-2.78965,-2.78965,-2.62884,-2.63499,-2.62884,-2.62884,-2.63499, -3.1966,-2.63499,-2.78965,-2.62884,-2.63499,-2.62884]
	PARPACK diagonalization completed after 30 matrix-vector product operations.
	iteration results: : total energy is -79.820408 | electron energy -80.093325 + phonon energy 0.272918 | electron momentum kIdx = 0
The 19-th iteration is completed.	|| time cost : 0h 0m 27.303s
********************************************************************************************************************
Start the 20 rounds of NGS-ED iteration
	effective electronic model is modified as: kinetic energy t = 0.794193
	                                           effective interaction Vq = [    -3.2, -2.7896, -2.6288, -2.7896, -2.7896, -2.6288,-2.63493, -2.6288, -2.6288,-2.63493, -3.1966,-2.63493, -2.7896, -2.6288,-2.63493, -2.6288]
	PARPACK diagonalization completed after 30 matrix-vector product operations.
	iteration results: : total energy is -79.820408 | electron energy -80.093303 + phonon energy 0.272895 | electron momentum kIdx = 0
