TACC:  Starting up job 4100535 
TACC:  Starting parallel tasks... 
SNEDics v3.4 Non-Gaussian ED ground state program		Start at Tue Aug  6 16:45:30 2019

parallized on 32 MPI threads  * 6 OpenMP threads = 192 total threads.
********************************************************************************************************************
********************************************************************************************************************

********************************************************************************************************************
System parameters and configurations
********************************************************************************************************************
Special program options are enabled: splitted diagonal Hamiltonian
********************************************************************************************************************
Read input file "model_params.in"
	Hubbard-Holstein model parameters : 	t = 1    U = 5    g = 3.1623    W = 5    
********************************************************************************************************************
Read input file "hilbertspace_params.in"
	Requested 16-site 2D lattice, with 14 electrons (7, 7)
	Boundary : Periodic		Hilbert space representation : momentum-space (restricted to kIdx = 0)
	Conservation: particle number[U(1)]      spin[U(1)]     momentum
********************************************************************************************************************

Cluster Positions:				Cluster symmetry group : D4
 x ... x ... x ... x .....                       x ... x ... x ... x .....
 |           |           :                       |           |           :
 |           |           :                       |           |           :
12    13    14    15     x                       1     5     6     5     x
 |           |           :                       |           |           :
 |           |           :                       |           |           :
 8 --- 9 ---10 ---11 --- x                       2 --- 6 ---10 --- 6 --- x
 |           |           :                       |           |           :
 |           |           :                       |           |           :
 4     5     6     7     x                       1     5     6     5     x
 |           |           :                       |           |           :
 |           |           :                       |           |           :
 0 --- 1 --- 2 --- 3 --- x                       0 --- 1 --- 2 --- 1 --- x
orbital number : 1
********************************************************************************************************************
Read input file "obs_params.in"
	Observable Type : Nq[All],   Sq[All]
********************************************************************************************************************
** WARNING ** the input observables have non-local factors which have been reinterpreted. The total observable number is 32
********************************************************************************************************************


********************************************************************************************************************
Start calculating the non-Gaussian ED ground state
** WARNING ** Detected low phonon energy W < 10. The initial state will be prepared through a warm-up process.
********************************************************************************************************************
Start warm-up calculation for scaling factor 2
open output files: NGSEDWarmUpW10Obs.txt
********************************************************************************************************************
Start the 0 rounds of NGS-ED iteration
	effective electronic model is modified as: kinetic energy t = 1
	                                           effective interaction Vq = [0,0,0,0,0,0,0,0,0,0,0,0,0,0,0,0]
	first Hamiltonian is constructed, non-zero numbers = 2178478298
	PARPACK diagonalization completed after 150 matrix-vector product operations.
	iteration results: : total energy is -14.4658 | electron energy -14.4658 + phonon energy 0 | electron momentum kIdx = 0
	Nq(0) = 12.25,	Nq(1) = 0.193419,	Nq(2) = 0.245302,	Nq(3) = 0.193419,	Nq(4) = 0.193419,	Nq(5) = 0.278802,	Nq(6) = 0.325354,	Nq(7) = 0.278802,	Nq(8) = 0.245302,	Nq(9) = 0.325354,	Nq(10) = 0.378006,	Nq(11) = 0.325354,	Nq(12) = 0.193419,	Nq(13) = 0.278802,	Nq(14) = 0.325354,	Nq(15) = 0.278802,	Sq(0) = 3.97442e-18,	Sq(1) = 0.470049,	Sq(2) = 0.7051,	Sq(3) = 0.470049,	Sq(4) = 0.470049,	Sq(5) = 0.602219,	Sq(6) = 0.912215,	Sq(7) = 0.602219,	Sq(8) = 0.7051,	Sq(9) = 0.912215,	Sq(10) = 2.34296,	Sq(11) = 0.912215,	Sq(12) = 0.470049,	Sq(13) = 0.602219,	Sq(14) = 0.912215,	Sq(15) = 0.602219
The 0-th iteration is completed.	|| time cost : 0h 2m 32.376s
********************************************************************************************************************
Start the 1 rounds of NGS-ED iteration
	effective electronic model is modified as: kinetic energy t = 0.947874
	                                           effective interaction Vq = [-1.72935,-1.60715,-1.53829,-1.60715,-1.60715,-1.56102,-1.51472,-1.56102,-1.53829,-1.51472,-1.48482,-1.51472,-1.60715,-1.56102,-1.51472,-1.56102]
	PARPACK diagonalization completed after 45 matrix-vector product operations.
	iteration results: : total energy is -42.0308 | electron energy -42.0333 + phonon energy 0.00246767 | electron momentum kIdx = 0
	Nq(0) = 12.25,	Nq(1) = 0.282938,	Nq(2) = 0.329079,	Nq(3) = 0.282938,	Nq(4) = 0.282938,	Nq(5) = 0.404849,	Nq(6) = 0.473784,	Nq(7) = 0.404849,	Nq(8) = 0.329079,	Nq(9) = 0.473784,	Nq(10) = 0.520493,	Nq(11) = 0.473784,	Nq(12) = 0.282938,	Nq(13) = 0.404849,	Nq(14) = 0.473784,	Nq(15) = 0.404849,	Sq(0) = 3.8005e-18,	Sq(1) = 0.42888,	Sq(2) = 0.623571,	Sq(3) = 0.42888,	Sq(4) = 0.42888,	Sq(5) = 0.557708,	Sq(6) = 0.743557,	Sq(7) = 0.557708,	Sq(8) = 0.623571,	Sq(9) = 0.743557,	Sq(10) = 1.75734,	Sq(11) = 0.743557,	Sq(12) = 0.42888,	Sq(13) = 0.557708,	Sq(14) = 0.743557,	Sq(15) = 0.557708
The 1-th iteration is completed.	|| time cost : 0h 3m 47.97s
********************************************************************************************************************
Start the 2 rounds of NGS-ED iteration
	effective electronic model is modified as: kinetic energy t = 0.91455
	                                           effective interaction Vq = [ -1.9634, -1.8615,-1.77772, -1.8615, -1.8615,-1.81529,-1.76807,-1.81529,-1.77772,-1.76807,-1.72429,-1.76807, -1.8615,-1.81529,-1.76807,-1.81529]
	PARPACK diagonalization completed after 45 matrix-vector product operations.
	iteration results: : total energy is -45.6069 | electron energy -45.6249 + phonon energy 0.0179867 | electron momentum kIdx = 0
	Nq(0) = 12.25,	Nq(1) = 0.303484,	Nq(2) = 0.341148,	Nq(3) = 0.303484,	Nq(4) = 0.303484,	Nq(5) = 0.428295,	Nq(6) = 0.504044,	Nq(7) = 0.428295,	Nq(8) = 0.341148,	Nq(9) = 0.504044,	Nq(10) = 0.543017,	Nq(11) = 0.504044,	Nq(12) = 0.303484,	Nq(13) = 0.428295,	Nq(14) = 0.504044,	Nq(15) = 0.428295,	Sq(0) = 2.21954e-17,	Sq(1) = 0.417778,	Sq(2) = 0.607153,	Sq(3) = 0.417778,	Sq(4) = 0.417778,	Sq(5) = 0.546701,	Sq(6) = 0.715843,	Sq(7) = 0.546701,	Sq(8) = 0.607153,	Sq(9) = 0.715843,	Sq(10) = 1.6458,	Sq(11) = 0.715843,	Sq(12) = 0.417778,	Sq(13) = 0.546701,	Sq(14) = 0.715843,	Sq(15) = 0.546701
The 2-th iteration is completed.	|| time cost : 0h 1m 12.619s
********************************************************************************************************************
Start the 3 rounds of NGS-ED iteration
	effective electronic model is modified as: kinetic energy t = 0.902944
	                                           effective interaction Vq = [-1.99507,-1.91771,-1.83145,-1.91771,-1.91771,-1.87339,-1.82892,-1.87339,-1.83145,-1.82892,-1.78019,-1.82892,-1.91771,-1.87339,-1.82892,-1.87339]
	PARPACK diagonalization completed after 45 matrix-vector product operations.
	iteration results: : total energy is -46.0687 | electron energy -46.0991 + phonon energy 0.0304139 | electron momentum kIdx = 0
	Nq(0) = 12.25,	Nq(1) = 0.308291,	Nq(2) = 0.343662,	Nq(3) = 0.308291,	Nq(4) = 0.308291,	Nq(5) = 0.433648,	Nq(6) = 0.511578,	Nq(7) = 0.433648,	Nq(8) = 0.343662,	Nq(9) = 0.511578,	Nq(10) = 0.548047,	Nq(11) = 0.511578,	Nq(12) = 0.308291,	Nq(13) = 0.433648,	Nq(14) = 0.511578,	Nq(15) = 0.433648,	Sq(0) = -1.67016e-17,	Sq(1) = 0.415069,	Sq(2) = 0.603183,	Sq(3) = 0.415069,	Sq(4) = 0.415069,	Sq(5) = 0.543959,	Sq(6) = 0.709475,	Sq(7) = 0.543959,	Sq(8) = 0.603183,	Sq(9) = 0.709475,	Sq(10) = 1.62019,	Sq(11) = 0.709475,	Sq(12) = 0.415069,	Sq(13) = 0.543959,	Sq(14) = 0.709475,	Sq(15) = 0.543959
The 3-th iteration is completed.	|| time cost : 0h 1m 8.787s
********************************************************************************************************************
Start the 4 rounds of NGS-ED iteration
	effective electronic model is modified as: kinetic energy t = 0.899242
	                                           effective interaction Vq = [-1.99936,-1.93302,-1.84582,-1.93302,-1.93302,-1.88936, -1.8461,-1.88936,-1.84582, -1.8461,-1.79541, -1.8461,-1.93302,-1.88936, -1.8461,-1.88936]
	PARPACK diagonalization completed after 30 matrix-vector product operations.
	iteration results: : total energy is -46.1286 | electron energy -46.1643 + phonon energy 0.0357179 | electron momentum kIdx = 0
	Nq(0) = 12.25,	Nq(1) = 0.309606,	Nq(2) = 0.34431,	Nq(3) = 0.309606,	Nq(4) = 0.309606,	Nq(5) = 0.435104,	Nq(6) = 0.513723,	Nq(7) = 0.435104,	Nq(8) = 0.34431,	Nq(9) = 0.513723,	Nq(10) = 0.549382,	Nq(11) = 0.513723,	Nq(12) = 0.309606,	Nq(13) = 0.435104,	Nq(14) = 0.513723,	Nq(15) = 0.435104,	Sq(0) = 7.12825e-18,	Sq(1) = 0.414314,	Sq(2) = 0.602084,	Sq(3) = 0.414314,	Sq(4) = 0.414314,	Sq(5) = 0.543191,	Sq(6) = 0.707728,	Sq(7) = 0.543191,	Sq(8) = 0.602084,	Sq(9) = 0.707728,	Sq(10) = 1.61317,	Sq(11) = 0.707728,	Sq(12) = 0.414314,	Sq(13) = 0.543191,	Sq(14) = 0.707728,	Sq(15) = 0.543191
The 4-th iteration is completed.	|| time cost : 0h 1m 5.965s
********************************************************************************************************************
Start the 5 rounds of NGS-ED iteration
	effective electronic model is modified as: kinetic energy t = 0.898085
	                                           effective interaction Vq = [-1.99994,-1.93766,-1.84993,-1.93766,-1.93766,-1.89411,-1.85127,-1.89411,-1.84993,-1.85127,-1.79979,-1.85127,-1.93766,-1.89411,-1.85127,-1.89411]
	PARPACK diagonalization completed after 30 matrix-vector product operations.
	iteration results: : total energy is -46.1364 | electron energy -46.174 + phonon energy 0.0375596 | electron momentum kIdx = 0
	Nq(0) = 12.25,	Nq(1) = 0.310006,	Nq(2) = 0.344493,	Nq(3) = 0.310006,	Nq(4) = 0.310006,	Nq(5) = 0.435535,	Nq(6) = 0.514371,	Nq(7) = 0.435535,	Nq(8) = 0.344493,	Nq(9) = 0.514371,	Nq(10) = 0.54976,	Nq(11) = 0.514371,	Nq(12) = 0.310006,	Nq(13) = 0.435535,	Nq(14) = 0.514371,	Nq(15) = 0.435535,	Sq(0) = -9.17313e-18,	Sq(1) = 0.414087,	Sq(2) = 0.601758,	Sq(3) = 0.414087,	Sq(4) = 0.414087,	Sq(5) = 0.542961,	Sq(6) = 0.707207,	Sq(7) = 0.542961,	Sq(8) = 0.601758,	Sq(9) = 0.707207,	Sq(10) = 1.61107,	Sq(11) = 0.707207,	Sq(12) = 0.414087,	Sq(13) = 0.542961,	Sq(14) = 0.707207,	Sq(15) = 0.542961
The 5-th iteration is completed.	|| time cost : 0h 1m 22.381s
********************************************************************************************************************
Start the 6 rounds of NGS-ED iteration
	effective electronic model is modified as: kinetic energy t = 0.897725
	                                           effective interaction Vq = [-2.00002,-1.93913,-1.85114,-1.93913,-1.93913,-1.89557,-1.85287,-1.89557,-1.85114,-1.85287,-1.80108,-1.85287,-1.93913,-1.89557,-1.85287,-1.89557]
	PARPACK diagonalization completed after 30 matrix-vector product operations.
	iteration results: : total energy is -46.1374 | electron energy -46.1756 + phonon energy 0.0381542 | electron momentum kIdx = 0
	Nq(0) = 12.25,	Nq(1) = 0.310133,	Nq(2) = 0.344546,	Nq(3) = 0.310133,	Nq(4) = 0.310133,	Nq(5) = 0.435667,	Nq(6) = 0.514571,	Nq(7) = 0.435667,	Nq(8) = 0.344546,	Nq(9) = 0.514571,	Nq(10) = 0.54987,	Nq(11) = 0.514571,	Nq(12) = 0.310133,	Nq(13) = 0.435667,	Nq(14) = 0.514571,	Nq(15) = 0.435667,	Sq(0) = 2.64928e-17,	Sq(1) = 0.414016,	Sq(2) = 0.601659,	Sq(3) = 0.414016,	Sq(4) = 0.414016,	Sq(5) = 0.542891,	Sq(6) = 0.707047,	Sq(7) = 0.542891,	Sq(8) = 0.601659,	Sq(9) = 0.707047,	Sq(10) = 1.61042,	Sq(11) = 0.707047,	Sq(12) = 0.414016,	Sq(13) = 0.542891,	Sq(14) = 0.707047,	Sq(15) = 0.542891
The 6-th iteration is completed.	|| time cost : 0h 1m 10.654s
********************************************************************************************************************
Start the 7 rounds of NGS-ED iteration
	effective electronic model is modified as: kinetic energy t = 0.897613
	                                           effective interaction Vq = [-2.00003,-1.93961,-1.85149,-1.93961,-1.93961,-1.89602,-1.85336,-1.89602,-1.85149,-1.85336,-1.80146,-1.85336,-1.93961,-1.89602,-1.85336,-1.89602]
	PARPACK diagonalization completed after 30 matrix-vector product operations.
********************************************************************************************************************
Ground state is obtained after 7 iterations. The current ground-state energy is -46.1376, in which electron energy is -46.1759 and phonon energy is 0.0383413
final variational state is: 
	Gamma_x = [      1,1.01792,1.02767,1.01792,1.01792,1.03109,1.04141,1.03109,1.02767,1.04141,1.04855,1.04141,1.01792,1.03109,1.04141,1.03109]
	lambda_q = [0.446809,0.369485,0.325341,0.369485,0.369485, 0.34523,0.326112, 0.34523,0.325341,0.326112,0.306303,0.326112,0.369485, 0.34523,0.326112, 0.34523]
********************************************************************************************************************
o___o  ----------------------------------------
| L |	Time since last clock: 0h 0m 6.407s
A===A	Time since the beginning: 0h 12m 27.164s
***********************************************


********************************************************************************************************************
Warm up runs have been completed. Start calculating W = 5 phonon.
open output files: NGSEDIterationObs.txt
Start the 0 rounds of NGS-ED iteration
	effective electronic model is modified as: kinetic energy t = 0.897613
	                                           effective interaction Vq = [ -1.8277,-1.65425,-1.52842,-1.65425,-1.65425,-1.58752,-1.53078,-1.58752,-1.52842,-1.53078,-1.46814,-1.53078,-1.65425,-1.58752,-1.53078,-1.58752]
	PARPACK diagonalization completed after 45 matrix-vector product operations.
	iteration results: : total energy is -42.1628 | electron energy -42.182 + phonon energy 0.0191706 | electron momentum kIdx = 0
	Nq(0) = 12.25,	Nq(1) = 0.282293,	Nq(2) = 0.326061,	Nq(3) = 0.282293,	Nq(4) = 0.282293,	Nq(5) = 0.402242,	Nq(6) = 0.469115,	Nq(7) = 0.402242,	Nq(8) = 0.326061,	Nq(9) = 0.469115,	Nq(10) = 0.513216,	Nq(11) = 0.469115,	Nq(12) = 0.282293,	Nq(13) = 0.402242,	Nq(14) = 0.469115,	Nq(15) = 0.402242,	Sq(0) = -4.53228e-18,	Sq(1) = 0.429911,	Sq(2) = 0.626294,	Sq(3) = 0.429911,	Sq(4) = 0.429911,	Sq(5) = 0.55923,	Sq(6) = 0.747373,	Sq(7) = 0.55923,	Sq(8) = 0.626294,	Sq(9) = 0.747373,	Sq(10) = 1.77142,	Sq(11) = 0.747373,	Sq(12) = 0.429911,	Sq(13) = 0.55923,	Sq(14) = 0.747373,	Sq(15) = 0.55923
The 0-th iteration is completed.	|| time cost : 0h 1m 8.791s
********************************************************************************************************************
Start the 1 rounds of NGS-ED iteration
	effective electronic model is modified as: kinetic energy t = 0.88678
	                                           effective interaction Vq = [-1.93663,-1.74144,-1.58834,-1.74144,-1.74144,-1.66009,-1.58395,-1.66009,-1.58834,-1.58395,-1.50845,-1.58395,-1.74144,-1.66009,-1.58395,-1.66009]
	PARPACK diagonalization completed after 45 matrix-vector product operations.
	iteration results: : total energy is -43.5884 | electron energy -43.6424 + phonon energy 0.0540681 | electron momentum kIdx = 0
	Nq(0) = 12.25,	Nq(1) = 0.289016,	Nq(2) = 0.329324,	Nq(3) = 0.289016,	Nq(4) = 0.289016,	Nq(5) = 0.408904,	Nq(6) = 0.475065,	Nq(7) = 0.408904,	Nq(8) = 0.329324,	Nq(9) = 0.475065,	Nq(10) = 0.516684,	Nq(11) = 0.475065,	Nq(12) = 0.289016,	Nq(13) = 0.408904,	Nq(14) = 0.475065,	Nq(15) = 0.408904,	Sq(0) = 4.43129e-18,	Sq(1) = 0.427003,	Sq(2) = 0.622454,	Sq(3) = 0.427003,	Sq(4) = 0.427003,	Sq(5) = 0.556728,	Sq(6) = 0.740233,	Sq(7) = 0.556728,	Sq(8) = 0.622454,	Sq(9) = 0.740233,	Sq(10) = 1.74197,	Sq(11) = 0.740233,	Sq(12) = 0.427003,	Sq(13) = 0.556728,	Sq(14) = 0.740233,	Sq(15) = 0.556728
The 1-th iteration is completed.	|| time cost : 0h 1m 8.909s
********************************************************************************************************************
Start the 2 rounds of NGS-ED iteration
	effective electronic model is modified as: kinetic energy t = 0.880448
	                                           effective interaction Vq = [-1.97671,-1.78418,-1.61841,-1.78418,-1.78418,-1.69696,-1.61334,-1.69696,-1.61841,-1.61334,-1.53216,-1.61334,-1.78418,-1.69696,-1.61334,-1.69696]
	PARPACK diagonalization completed after 30 matrix-vector product operations.
	iteration results: : total energy is -44.1062 | electron energy -44.1842 + phonon energy 0.0779624 | electron momentum kIdx = 0
	Nq(0) = 12.25,	Nq(1) = 0.29245,	Nq(2) = 0.330912,	Nq(3) = 0.29245,	Nq(4) = 0.29245,	Nq(5) = 0.412306,	Nq(6) = 0.478333,	Nq(7) = 0.412306,	Nq(8) = 0.330912,	Nq(9) = 0.478333,	Nq(10) = 0.518669,	Nq(11) = 0.478333,	Nq(12) = 0.29245,	Nq(13) = 0.412306,	Nq(14) = 0.478333,	Nq(15) = 0.412306,	Sq(0) = -5.02654e-18,	Sq(1) = 0.425483,	Sq(2) = 0.620421,	Sq(3) = 0.425483,	Sq(4) = 0.425483,	Sq(5) = 0.555378,	Sq(6) = 0.736538,	Sq(7) = 0.555378,	Sq(8) = 0.620421,	Sq(9) = 0.736538,	Sq(10) = 1.72672,	Sq(11) = 0.736538,	Sq(12) = 0.425483,	Sq(13) = 0.555378,	Sq(14) = 0.736538,	Sq(15) = 0.555378
The 2-th iteration is completed.	|| time cost : 0h 1m 12.093s
********************************************************************************************************************
Start the 3 rounds of NGS-ED iteration
	effective electronic model is modified as: kinetic energy t = 0.876888
	                                           effective interaction Vq = [-1.99145,-1.80607,-1.63377,-1.80607,-1.80607,-1.71614,-1.62937,-1.71614,-1.63377,-1.62937, -1.5453,-1.62937,-1.80607,-1.71614,-1.62937,-1.71614]
	PARPACK diagonalization completed after 45 matrix-vector product operations.
	iteration results: : total energy is -44.2948 | electron energy -44.3868 + phonon energy 0.0919997 | electron momentum kIdx = 0
	Nq(0) = 12.25,	Nq(1) = 0.294244,	Nq(2) = 0.331706,	Nq(3) = 0.294244,	Nq(4) = 0.294244,	Nq(5) = 0.414077,	Nq(6) = 0.480114,	Nq(7) = 0.414077,	Nq(8) = 0.331706,	Nq(9) = 0.480114,	Nq(10) = 0.519755,	Nq(11) = 0.480114,	Nq(12) = 0.294244,	Nq(13) = 0.414077,	Nq(14) = 0.480114,	Nq(15) = 0.414077,	Sq(0) = -6.97096e-18,	Sq(1) = 0.424678,	Sq(2) = 0.619342,	Sq(3) = 0.424678,	Sq(4) = 0.424678,	Sq(5) = 0.554652,	Sq(6) = 0.734597,	Sq(7) = 0.554652,	Sq(8) = 0.619342,	Sq(9) = 0.734597,	Sq(10) = 1.7187,	Sq(11) = 0.734597,	Sq(12) = 0.424678,	Sq(13) = 0.554652,	Sq(14) = 0.734597,	Sq(15) = 0.554652
The 3-th iteration is completed.	|| time cost : 0h 1m 8.788s
********************************************************************************************************************
Start the 4 rounds of NGS-ED iteration
	effective electronic model is modified as: kinetic energy t = 0.874923
	                                           effective interaction Vq = [-1.99687, -1.8176, -1.6417, -1.8176, -1.8176,-1.72626,-1.63808,-1.72626, -1.6417,-1.63808,-1.55241,-1.63808, -1.8176,-1.72626,-1.63808,-1.72626]
	PARPACK diagonalization completed after 30 matrix-vector product operations.
	iteration results: : total energy is -44.3636 | electron energy -44.4635 + phonon energy 0.0998706 | electron momentum kIdx = 0
	Nq(0) = 12.25,	Nq(1) = 0.295198,	Nq(2) = 0.332112,	Nq(3) = 0.295198,	Nq(4) = 0.295198,	Nq(5) = 0.415012,	Nq(6) = 0.481084,	Nq(7) = 0.415012,	Nq(8) = 0.332112,	Nq(9) = 0.481084,	Nq(10) = 0.520339,	Nq(11) = 0.481084,	Nq(12) = 0.295198,	Nq(13) = 0.415012,	Nq(14) = 0.481084,	Nq(15) = 0.415012,	Sq(0) = 3.08758e-17,	Sq(1) = 0.424247,	Sq(2) = 0.618767,	Sq(3) = 0.424247,	Sq(4) = 0.424247,	Sq(5) = 0.554262,	Sq(6) = 0.733565,	Sq(7) = 0.554262,	Sq(8) = 0.618767,	Sq(9) = 0.733565,	Sq(10) = 1.71443,	Sq(11) = 0.733565,	Sq(12) = 0.424247,	Sq(13) = 0.554262,	Sq(14) = 0.733565,	Sq(15) = 0.554262
The 4-th iteration is completed.	|| time cost : 0h 1m 6.002s
********************************************************************************************************************
Start the 5 rounds of NGS-ED iteration
	effective electronic model is modified as: kinetic energy t = 0.87385
	                                           effective interaction Vq = [-1.99887,-1.82377,-1.64582,-1.82377,-1.82377,-1.73166,-1.64281,-1.73166,-1.64582,-1.64281,-1.55622,-1.64281,-1.82377,-1.73166,-1.64281,-1.73166]
	PARPACK diagonalization completed after 30 matrix-vector product operations.
	iteration results: : total energy is -44.3887 | electron energy -44.493 + phonon energy 0.104202 | electron momentum kIdx = 0
	Nq(0) = 12.25,	Nq(1) = 0.295712,	Nq(2) = 0.332322,	Nq(3) = 0.295712,	Nq(4) = 0.295712,	Nq(5) = 0.415509,	Nq(6) = 0.481611,	Nq(7) = 0.415509,	Nq(8) = 0.332322,	Nq(9) = 0.481611,	Nq(10) = 0.520651,	Nq(11) = 0.481611,	Nq(12) = 0.295712,	Nq(13) = 0.415509,	Nq(14) = 0.481611,	Nq(15) = 0.415509,	Sq(0) = 4.50909e-18,	Sq(1) = 0.424015,	Sq(2) = 0.61846,	Sq(3) = 0.424015,	Sq(4) = 0.424015,	Sq(5) = 0.554052,	Sq(6) = 0.733012,	Sq(7) = 0.554052,	Sq(8) = 0.61846,	Sq(9) = 0.733012,	Sq(10) = 1.71214,	Sq(11) = 0.733012,	Sq(12) = 0.424015,	Sq(13) = 0.554052,	Sq(14) = 0.733012,	Sq(15) = 0.554052
The 5-th iteration is completed.	|| time cost : 0h 1m 5.948s
********************************************************************************************************************
Start the 6 rounds of NGS-ED iteration
	effective electronic model is modified as: kinetic energy t = 0.873267
	                                           effective interaction Vq = [ -1.9996,-1.82711,-1.64797,-1.82711,-1.82711,-1.73455,-1.64538,-1.73455,-1.64797,-1.64538,-1.55826,-1.64538,-1.82711,-1.73455,-1.64538,-1.73455]
	PARPACK diagonalization completed after 30 matrix-vector product operations.
	iteration results: : total energy is -44.3979 | electron energy -44.5045 + phonon energy 0.106564 | electron momentum kIdx = 0
	Nq(0) = 12.25,	Nq(1) = 0.295991,	Nq(2) = 0.332431,	Nq(3) = 0.295991,	Nq(4) = 0.295991,	Nq(5) = 0.415775,	Nq(6) = 0.481898,	Nq(7) = 0.415775,	Nq(8) = 0.332431,	Nq(9) = 0.481898,	Nq(10) = 0.520816,	Nq(11) = 0.481898,	Nq(12) = 0.295991,	Nq(13) = 0.415775,	Nq(14) = 0.481898,	Nq(15) = 0.415775,	Sq(0) = -6.91411e-19,	Sq(1) = 0.42389,	Sq(2) = 0.618295,	Sq(3) = 0.42389,	Sq(4) = 0.42389,	Sq(5) = 0.553938,	Sq(6) = 0.732714,	Sq(7) = 0.553938,	Sq(8) = 0.618295,	Sq(9) = 0.732714,	Sq(10) = 1.71091,	Sq(11) = 0.732714,	Sq(12) = 0.42389,	Sq(13) = 0.553938,	Sq(14) = 0.732714,	Sq(15) = 0.553938
The 6-th iteration is completed.	|| time cost : 0h 1m 9.361s
********************************************************************************************************************
Start the 7 rounds of NGS-ED iteration
	effective electronic model is modified as: kinetic energy t = 0.872951
	                                           effective interaction Vq = [-1.99987,-1.82893, -1.6491,-1.82893,-1.82893,-1.73611,-1.64677,-1.73611, -1.6491,-1.64677,-1.55934,-1.64677,-1.82893,-1.73611,-1.64677,-1.73611]
	PARPACK diagonalization completed after 30 matrix-vector product operations.
	iteration results: : total energy is -44.4013 | electron energy -44.5092 + phonon energy 0.107847 | electron momentum kIdx = 0
	Nq(0) = 12.25,	Nq(1) = 0.296143,	Nq(2) = 0.332488,	Nq(3) = 0.296143,	Nq(4) = 0.296143,	Nq(5) = 0.415918,	Nq(6) = 0.482054,	Nq(7) = 0.415918,	Nq(8) = 0.332488,	Nq(9) = 0.482054,	Nq(10) = 0.520904,	Nq(11) = 0.482054,	Nq(12) = 0.296143,	Nq(13) = 0.415918,	Nq(14) = 0.482054,	Nq(15) = 0.415918,	Sq(0) = -1.50703e-17,	Sq(1) = 0.423822,	Sq(2) = 0.618206,	Sq(3) = 0.423822,	Sq(4) = 0.423822,	Sq(5) = 0.553877,	Sq(6) = 0.732554,	Sq(7) = 0.553877,	Sq(8) = 0.618206,	Sq(9) = 0.732554,	Sq(10) = 1.71024,	Sq(11) = 0.732554,	Sq(12) = 0.423822,	Sq(13) = 0.553877,	Sq(14) = 0.732554,	Sq(15) = 0.553877
The 7-th iteration is completed.	|| time cost : 0h 1m 5.963s
********************************************************************************************************************
Start the 8 rounds of NGS-ED iteration
	effective electronic model is modified as: kinetic energy t = 0.87278
	                                           effective interaction Vq = [-1.99997,-1.82992,-1.64969,-1.82992,-1.82992,-1.73694,-1.64753,-1.73694,-1.64969,-1.64753,-1.55991,-1.64753,-1.82992,-1.73694,-1.64753,-1.73694]
	PARPACK diagonalization completed after 30 matrix-vector product operations.
	iteration results: : total energy is -44.4025 | electron energy -44.5111 + phonon energy 0.108542 | electron momentum kIdx = 0
	Nq(0) = 12.25,	Nq(1) = 0.296226,	Nq(2) = 0.332518,	Nq(3) = 0.296226,	Nq(4) = 0.296226,	Nq(5) = 0.415994,	Nq(6) = 0.482139,	Nq(7) = 0.415994,	Nq(8) = 0.332518,	Nq(9) = 0.482139,	Nq(10) = 0.520951,	Nq(11) = 0.482139,	Nq(12) = 0.296226,	Nq(13) = 0.415994,	Nq(14) = 0.482139,	Nq(15) = 0.415994,	Sq(0) = 1.63984e-17,	Sq(1) = 0.423785,	Sq(2) = 0.618158,	Sq(3) = 0.423785,	Sq(4) = 0.423785,	Sq(5) = 0.553843,	Sq(6) = 0.732467,	Sq(7) = 0.553843,	Sq(8) = 0.618158,	Sq(9) = 0.732467,	Sq(10) = 1.70988,	Sq(11) = 0.732467,	Sq(12) = 0.423785,	Sq(13) = 0.553843,	Sq(14) = 0.732467,	Sq(15) = 0.553843
The 8-th iteration is completed.	|| time cost : 0h 1m 5.974s
********************************************************************************************************************
Start the 9 rounds of NGS-ED iteration
	effective electronic model is modified as: kinetic energy t = 0.872687
	                                           effective interaction Vq = [-2.00001,-1.83046,   -1.65,-1.83046,-1.83046,-1.73739,-1.64794,-1.73739,   -1.65,-1.64794,-1.56022,-1.64794,-1.83046,-1.73739,-1.64794,-1.73739]
	PARPACK diagonalization completed after 30 matrix-vector product operations.
	iteration results: : total energy is -44.403 | electron energy -44.5119 + phonon energy 0.108918 | electron momentum kIdx = 0
	Nq(0) = 12.25,	Nq(1) = 0.296271,	Nq(2) = 0.332534,	Nq(3) = 0.296271,	Nq(4) = 0.296271,	Nq(5) = 0.416036,	Nq(6) = 0.482185,	Nq(7) = 0.416036,	Nq(8) = 0.332534,	Nq(9) = 0.482185,	Nq(10) = 0.520976,	Nq(11) = 0.482185,	Nq(12) = 0.296271,	Nq(13) = 0.416036,	Nq(14) = 0.482185,	Nq(15) = 0.416036,	Sq(0) = -3.19691e-17,	Sq(1) = 0.423765,	Sq(2) = 0.618132,	Sq(3) = 0.423765,	Sq(4) = 0.423765,	Sq(5) = 0.553825,	Sq(6) = 0.73242,	Sq(7) = 0.553825,	Sq(8) = 0.618132,	Sq(9) = 0.73242,	Sq(10) = 1.70968,	Sq(11) = 0.73242,	Sq(12) = 0.423765,	Sq(13) = 0.553825,	Sq(14) = 0.73242,	Sq(15) = 0.553825
The 9-th iteration is completed.	|| time cost : 0h 1m 15.272s
********************************************************************************************************************
Start the 10 rounds of NGS-ED iteration
	effective electronic model is modified as: kinetic energy t = 0.872637
	                                           effective interaction Vq = [-2.00002,-1.83076,-1.65016,-1.83076,-1.83076,-1.73763,-1.64816,-1.73763,-1.65016,-1.64816,-1.56038,-1.64816,-1.83076,-1.73763,-1.64816,-1.73763]
	PARPACK diagonalization completed after 30 matrix-vector product operations.
	iteration results: : total energy is -44.4032 | electron energy -44.5123 + phonon energy 0.109122 | electron momentum kIdx = 0
	Nq(0) = 12.25,	Nq(1) = 0.296296,	Nq(2) = 0.332542,	Nq(3) = 0.296296,	Nq(4) = 0.296296,	Nq(5) = 0.416058,	Nq(6) = 0.48221,	Nq(7) = 0.416058,	Nq(8) = 0.332542,	Nq(9) = 0.48221,	Nq(10) = 0.520989,	Nq(11) = 0.48221,	Nq(12) = 0.296296,	Nq(13) = 0.416058,	Nq(14) = 0.48221,	Nq(15) = 0.416058,	Sq(0) = -2.33689e-19,	Sq(1) = 0.423755,	Sq(2) = 0.618118,	Sq(3) = 0.423755,	Sq(4) = 0.423755,	Sq(5) = 0.553816,	Sq(6) = 0.732395,	Sq(7) = 0.553816,	Sq(8) = 0.618118,	Sq(9) = 0.732395,	Sq(10) = 1.70957,	Sq(11) = 0.732395,	Sq(12) = 0.423755,	Sq(13) = 0.553816,	Sq(14) = 0.732395,	Sq(15) = 0.553816
The 10-th iteration is completed.	|| time cost : 0h 1m 16.655s
********************************************************************************************************************
Start the 11 rounds of NGS-ED iteration
	effective electronic model is modified as: kinetic energy t = 0.87261
	                                           effective interaction Vq = [-2.00003,-1.83092,-1.65025,-1.83092,-1.83092,-1.73777,-1.64829,-1.73777,-1.65025,-1.64829,-1.56047,-1.64829,-1.83092,-1.73777,-1.64829,-1.73777]
	PARPACK diagonalization completed after 30 matrix-vector product operations.
	iteration results: : total energy is -44.4032 | electron energy -44.5125 + phonon energy 0.109232 | electron momentum kIdx = 0
	Nq(0) = 12.25,	Nq(1) = 0.29631,	Nq(2) = 0.332547,	Nq(3) = 0.29631,	Nq(4) = 0.29631,	Nq(5) = 0.41607,	Nq(6) = 0.482223,	Nq(7) = 0.41607,	Nq(8) = 0.332547,	Nq(9) = 0.482223,	Nq(10) = 0.520996,	Nq(11) = 0.482223,	Nq(12) = 0.29631,	Nq(13) = 0.41607,	Nq(14) = 0.482223,	Nq(15) = 0.41607,	Sq(0) = -1.20804e-21,	Sq(1) = 0.423749,	Sq(2) = 0.618111,	Sq(3) = 0.423749,	Sq(4) = 0.423749,	Sq(5) = 0.55381,	Sq(6) = 0.732381,	Sq(7) = 0.55381,	Sq(8) = 0.618111,	Sq(9) = 0.732381,	Sq(10) = 1.70952,	Sq(11) = 0.732381,	Sq(12) = 0.423749,	Sq(13) = 0.55381,	Sq(14) = 0.732381,	Sq(15) = 0.55381
The 11-th iteration is completed.	|| time cost : 0h 1m 26.59s
********************************************************************************************************************
Start the 12 rounds of NGS-ED iteration
	effective electronic model is modified as: kinetic energy t = 0.872595
	                                           effective interaction Vq = [-2.00003,-1.83101, -1.6503,-1.83101,-1.83101,-1.73784,-1.64835,-1.73784, -1.6503,-1.64835,-1.56052,-1.64835,-1.83101,-1.73784,-1.64835,-1.73784]
	PARPACK diagonalization completed after 30 matrix-vector product operations.
	iteration results: : total energy is -44.4033 | electron energy -44.5125 + phonon energy 0.109291 | electron momentum kIdx = 0
	Nq(0) = 12.25,	Nq(1) = 0.296317,	Nq(2) = 0.332549,	Nq(3) = 0.296317,	Nq(4) = 0.296317,	Nq(5) = 0.416076,	Nq(6) = 0.482231,	Nq(7) = 0.416076,	Nq(8) = 0.332549,	Nq(9) = 0.482231,	Nq(10) = 0.521,	Nq(11) = 0.482231,	Nq(12) = 0.296317,	Nq(13) = 0.416076,	Nq(14) = 0.482231,	Nq(15) = 0.416076,	Sq(0) = -7.9866e-18,	Sq(1) = 0.423745,	Sq(2) = 0.618107,	Sq(3) = 0.423745,	Sq(4) = 0.423745,	Sq(5) = 0.553807,	Sq(6) = 0.732374,	Sq(7) = 0.553807,	Sq(8) = 0.618107,	Sq(9) = 0.732374,	Sq(10) = 1.70949,	Sq(11) = 0.732374,	Sq(12) = 0.423745,	Sq(13) = 0.553807,	Sq(14) = 0.732374,	Sq(15) = 0.553807
The 12-th iteration is completed.	|| time cost : 0h 1m 24.206s
********************************************************************************************************************
Start the 13 rounds of NGS-ED iteration
	effective electronic model is modified as: kinetic energy t = 0.872587
	                                           effective interaction Vq = [-2.00003,-1.83106,-1.65032,-1.83106,-1.83106,-1.73787,-1.64839,-1.73787,-1.65032,-1.64839,-1.56054,-1.64839,-1.83106,-1.73787,-1.64839,-1.73787]
	PARPACK diagonalization completed after 30 matrix-vector product operations.
	iteration results: : total energy is -44.4033 | electron energy -44.5126 + phonon energy 0.109323 | electron momentum kIdx = 0
	Nq(0) = 12.25,	Nq(1) = 0.296321,	Nq(2) = 0.33255,	Nq(3) = 0.296321,	Nq(4) = 0.296321,	Nq(5) = 0.416079,	Nq(6) = 0.482235,	Nq(7) = 0.416079,	Nq(8) = 0.33255,	Nq(9) = 0.482235,	Nq(10) = 0.521002,	Nq(11) = 0.482235,	Nq(12) = 0.296321,	Nq(13) = 0.416079,	Nq(14) = 0.482235,	Nq(15) = 0.416079,	Sq(0) = -4.8206e-18,	Sq(1) = 0.423744,	Sq(2) = 0.618105,	Sq(3) = 0.423744,	Sq(4) = 0.423744,	Sq(5) = 0.553806,	Sq(6) = 0.73237,	Sq(7) = 0.553806,	Sq(8) = 0.618105,	Sq(9) = 0.73237,	Sq(10) = 1.70947,	Sq(11) = 0.73237,	Sq(12) = 0.423744,	Sq(13) = 0.553806,	Sq(14) = 0.73237,	Sq(15) = 0.553806
The 13-th iteration is completed.	|| time cost : 0h 1m 24.386s
********************************************************************************************************************
Start the 14 rounds of NGS-ED iteration
	effective electronic model is modified as: kinetic energy t = 0.872583
	                                           effective interaction Vq = [-2.00003,-1.83108,-1.65033,-1.83108,-1.83108,-1.73789,-1.64841,-1.73789,-1.65033,-1.64841,-1.56056,-1.64841,-1.83108,-1.73789,-1.64841,-1.73789]
	PARPACK diagonalization completed after 30 matrix-vector product operations.
	iteration results: : total energy is -44.4033 | electron energy -44.5126 + phonon energy 0.109341 | electron momentum kIdx = 0
	Nq(0) = 12.25,	Nq(1) = 0.296324,	Nq(2) = 0.332551,	Nq(3) = 0.296324,	Nq(4) = 0.296324,	Nq(5) = 0.416081,	Nq(6) = 0.482237,	Nq(7) = 0.416081,	Nq(8) = 0.332551,	Nq(9) = 0.482237,	Nq(10) = 0.521003,	Nq(11) = 0.482237,	Nq(12) = 0.296324,	Nq(13) = 0.416081,	Nq(14) = 0.482237,	Nq(15) = 0.416081,	Sq(0) = -9.95581e-18,	Sq(1) = 0.423743,	Sq(2) = 0.618103,	Sq(3) = 0.423743,	Sq(4) = 0.423743,	Sq(5) = 0.553805,	Sq(6) = 0.732368,	Sq(7) = 0.553805,	Sq(8) = 0.618103,	Sq(9) = 0.732368,	Sq(10) = 1.70946,	Sq(11) = 0.732368,	Sq(12) = 0.423743,	Sq(13) = 0.553805,	Sq(14) = 0.732368,	Sq(15) = 0.553805
The 14-th iteration is completed.	|| time cost : 0h 1m 24.996s
********************************************************************************************************************
Start the 15 rounds of NGS-ED iteration
	effective electronic model is modified as: kinetic energy t = 0.87258
	                                           effective interaction Vq = [-2.00003, -1.8311,-1.65034, -1.8311, -1.8311,-1.73791,-1.64842,-1.73791,-1.65034,-1.64842,-1.56056,-1.64842, -1.8311,-1.73791,-1.64842,-1.73791]
	PARPACK diagonalization completed after 30 matrix-vector product operations.
	iteration results: : total energy is -44.4033 | electron energy -44.5126 + phonon energy 0.10935 | electron momentum kIdx = 0
	Nq(0) = 12.25,	Nq(1) = 0.296325,	Nq(2) = 0.332551,	Nq(3) = 0.296325,	Nq(4) = 0.296325,	Nq(5) = 0.416082,	Nq(6) = 0.482238,	Nq(7) = 0.416082,	Nq(8) = 0.332551,	Nq(9) = 0.482238,	Nq(10) = 0.521004,	Nq(11) = 0.482238,	Nq(12) = 0.296325,	Nq(13) = 0.416082,	Nq(14) = 0.482238,	Nq(15) = 0.416082,	Sq(0) = 2.62264e-17,	Sq(1) = 0.423742,	Sq(2) = 0.618103,	Sq(3) = 0.423742,	Sq(4) = 0.423742,	Sq(5) = 0.553805,	Sq(6) = 0.732366,	Sq(7) = 0.553805,	Sq(8) = 0.618103,	Sq(9) = 0.732366,	Sq(10) = 1.70945,	Sq(11) = 0.732366,	Sq(12) = 0.423742,	Sq(13) = 0.553805,	Sq(14) = 0.732366,	Sq(15) = 0.553805
The 15-th iteration is completed.	|| time cost : 0h 1m 17.65s
********************************************************************************************************************
Start the 16 rounds of NGS-ED iteration
	effective electronic model is modified as: kinetic energy t = 0.872579
	                                           effective interaction Vq = [-2.00003, -1.8311,-1.65034, -1.8311, -1.8311,-1.73791,-1.64842,-1.73791,-1.65034,-1.64842,-1.56057,-1.64842, -1.8311,-1.73791,-1.64842,-1.73791]
	PARPACK diagonalization completed after 30 matrix-vector product operations.
********************************************************************************************************************
Ground state is obtained after 16 iterations. The current ground-state energy is -44.4033, in which electron energy is -44.5126 and phonon energy is 0.109355
final variational state is: 
	Gamma_x = [      1,1.05006,1.06682,1.05006,1.05006,1.07983,1.09834,1.07983,1.06682,1.09834,1.10917,1.09834,1.05006,1.07983,1.09834,1.07983]
	lambda_q = [0.632398,0.448654,0.368004,0.448654,0.448654,0.403498,0.367279,0.403498,0.368004,0.367279,0.335994,0.367279,0.448654,0.403498,0.367279,0.403498]
********************************************************************************************************************
o___o  ----------------------------------------
| L |	Time since last clock: 0h 0m 6.43s
A===A	Time since the beginning: 0h 32m 15.185s
***********************************************


********************************************************************************************************************
Non-Gaussina ED ground state calculation is completed. The final ground-state energy is -44.4033
********************************************************************************************************************
o___o  ----------------------------------------
| L |	Time since last clock: 0h 0m 0s
A===A	Time since the beginning: 0h 32m 15.186s
***********************************************



********************************************************************************************************************
All non-Gaussian ED ground state calculations have been completed. Exit now.
TACC:  Shutdown complete. Exiting. 
