SNEDics v3.4 Non-Gaussian ED ground state program		Start at Sat Sep 28 12:38:37 2019

parallized on 16 MPI threads  * 8 OpenMP threads = 128 total threads.
********************************************************************************************************************
********************************************************************************************************************

********************************************************************************************************************
System parameters and configurations
********************************************************************************************************************
Special program options are enabled: splitted diagonal Hamiltonian
********************************************************************************************************************
Read input file "model_params.in"
	Hubbard-Holstein model parameters : 	t = 1    U = 10    g = 4.1833    W = 5    
********************************************************************************************************************
Read input file "hilbertspace_params.in"
	Requested 16-site 2D lattice, with 10 electrons (5, 5)
	Boundary : Periodic		Hilbert space representation : momentum-space (restricted to kIdx = 0)
	Conservation: particle number[U(1)]      spin[U(1)]     momentum
********************************************************************************************************************

Cluster Positions:				Cluster symmetry group : D4
 x ... x ... x ... x .....                       x ... x ... x ... x .....
 |           |           :                       |           |           :
 |           |           :                       |           |           :
12    13    14    15     x                       1     5     6     5     x
 |           |           :                       |           |           :
 |           |           :                       |           |           :
 8 --- 9 ---10 ---11 --- x                       2 --- 6 ---10 --- 6 --- x
 |           |           :                       |           |           :
 |           |           :                       |           |           :
 4     5     6     7     x                       1     5     6     5     x
 |           |           :                       |           |           :
 |           |           :                       |           |           :
 0 --- 1 --- 2 --- 3 --- x                       0 --- 1 --- 2 --- 1 --- x
orbital number : 1
********************************************************************************************************************
Read input file "obs_params.in"
	Observable Type : Nq(All),   Sq(All),   N(All),   Delta[s](All),   Delta[d](All),   Delta[s+](All)
********************************************************************************************************************
** WARNING ** the input observables have non-local factors which have been reinterpreted. The total observable number is 96
********************************************************************************************************************


********************************************************************************************************************
Start calculating the non-Gaussian ED ground state
** WARNING ** Detected low phonon energy W < 10. The initial state will be prepared through a warm-up process.
********************************************************************************************************************
Start warm-up calculation for scaling factor 2
open output files: NGSEDWarmUpW10Obs.txt
********************************************************************************************************************
Start the 0 rounds of NGS-ED iteration
	effective electronic model is modified as: kinetic energy t = 1
	                                           effective interaction Vq = [-0,-0,-0,-0,-0,-0,-0,-0,-0,-0,-0,-0,-0,-0,-0,-0]
	first Hamiltonian is constructed, non-zero numbers = 242521378
	PARPACK diagonalization completed after 90 matrix-vector product operations.
	iteration results: : total energy is -16.903560 | electron energy -16.903560 + phonon energy 0.000000 | electron momentum kIdx = 0
	Nq(0) = 6.25,	Nq(1) = 0.204373,	Nq(2) = 0.272385,	Nq(3) = 0.204373,	Nq(4) = 0.204373,	Nq(5) = 0.272385,	Nq(6) = 0.347816,	Nq(7) = 0.272385,	Nq(8) = 0.272385,	Nq(9) = 0.347816,	Nq(10) = 0.424119,	Nq(11) = 0.347816,	Nq(12) = 0.204373,	Nq(13) = 0.272385,	Nq(14) = 0.347816,	Nq(15) = 0.272385,	Sq(0) = 7.16922e-19,	Sq(1) = 0.533446,	Sq(2) = 0.456822,	Sq(3) = 0.533446,	Sq(4) = 0.533446,	Sq(5) = 0.456822,	Sq(6) = 0.9653,	Sq(7) = 0.456822,	Sq(8) = 0.456822,	Sq(9) = 0.9653,	Sq(10) = 0.746901,	Sq(11) = 0.9653,	Sq(12) = 0.533446,	Sq(13) = 0.456822,	Sq(14) = 0.9653,	Sq(15) = 0.456822,	N(0) = 1.78421,	N(1) = 1.66059,	N(2) = 0.197839,	N(3) = 1.66059,	N(4) = 1.66059,	N(5) = 0.197839,	N(6) = 0.0766856,	N(7) = 0.197839,	N(8) = 0.197839,	N(9) = 0.0766856,	N(10) = 0.0796508,	N(11) = 0.0766856,	N(12) = 1.66059,	N(13) = 0.197839,	N(14) = 0.0766856,	N(15) = 0.197839,	Delta[s](0) = 0.0367785,	Delta[s](1) = 0.0239765,	Delta[s](2) = 0.0162815,	Delta[s](3) = 0.0239765,	Delta[s](4) = 0.0239765,	Delta[s](5) = 0.0162815,	Delta[s](6) = 0.00577179,	Delta[s](7) = 0.0162815,	Delta[s](8) = 0.0162815,	Delta[s](9) = 0.00577179,	Delta[s](10) = 0.00513041,	Delta[s](11) = 0.00577179,	Delta[s](12) = 0.0239765,	Delta[s](13) = 0.0162815,	Delta[s](14) = 0.00577179,	Delta[s](15) = 0.0162815,	Delta[d](0) = 0.181375,	Delta[d](1) = 0.0991632,	Delta[d](2) = 0.150769,	Delta[d](3) = 0.0991632,	Delta[d](4) = 0.0991632,	Delta[d](5) = 0.0960118,	Delta[d](6) = 0.0497898,	Delta[d](7) = 0.0960118,	Delta[d](8) = 0.150769,	Delta[d](9) = 0.0497898,	Delta[d](10) = 0.0319467,	Delta[d](11) = 0.0497898,	Delta[d](12) = 0.0991632,	Delta[d](13) = 0.0960118,	Delta[d](14) = 0.0497898,	Delta[d](15) = 0.0960118,	Delta[s+](0) = 0.525282,	Delta[s+](1) = 0.321239,	Delta[s+](2) = 0.150769,	Delta[s+](3) = 0.321239,	Delta[s+](4) = 0.321239,	Delta[s+](5) = 0.150769,	Delta[s+](6) = 0.023727,	Delta[s+](7) = 0.150769,	Delta[s+](8) = 0.150769,	Delta[s+](9) = 0.023727,	Delta[s+](10) = 0.00767907,	Delta[s+](11) = 0.023727,	Delta[s+](12) = 0.321239,	Delta[s+](13) = 0.150769,	Delta[s+](14) = 0.023727,	Delta[s+](15) = 0.150769
The 0-th iteration is completed.	|| time cost : 0h 0m 46.436s
********************************************************************************************************************
Start the 1 rounds of NGS-ED iteration
	effective electronic model is modified as: kinetic energy t = 0.907035
	                                           effective interaction Vq = [-3.02633,-2.83823,-2.74653,-2.83823,-2.83823,-2.74653,-2.70046,-2.74653,-2.74653,-2.70046,-2.67279,-2.70046,-2.83823,-2.74653,-2.70046,-2.74653]
	PARPACK diagonalization completed after 30 matrix-vector product operations.
	iteration results: : total energy is -46.357902 | electron energy -46.364946 + phonon energy 0.007045 | electron momentum kIdx = 0
The 1-th iteration is completed.	|| time cost : 0h 0m 39.268s
********************************************************************************************************************
Start the 2 rounds of NGS-ED iteration
	effective electronic model is modified as: kinetic energy t = 0.857083
	                                           effective interaction Vq = [ -3.4359,-3.26478,-3.13522,-3.26478,-3.26478,-3.13522,-3.10196,-3.13522,-3.13522,-3.10196,-3.05201,-3.10196,-3.26478,-3.13522,-3.10196,-3.13522]
	PARPACK diagonalization completed after 30 matrix-vector product operations.
	iteration results: : total energy is -49.793415 | electron energy -49.837300 + phonon energy 0.043886 | electron momentum kIdx = 0
The 2-th iteration is completed.	|| time cost : 0h 0m 2.283s
********************************************************************************************************************
Start the 3 rounds of NGS-ED iteration
	effective electronic model is modified as: kinetic energy t = 0.841082
	                                           effective interaction Vq = [-3.49132,-3.35793,-3.22197,-3.35793,-3.35793,-3.22197,-3.19693,-3.22197,-3.22197,-3.19693,-3.13824,-3.19693,-3.35793,-3.22197,-3.19693,-3.22197]
	PARPACK diagonalization completed after 30 matrix-vector product operations.
	iteration results: : total energy is -50.223691 | electron energy -50.293404 + phonon energy 0.069713 | electron momentum kIdx = 0
The 3-th iteration is completed.	|| time cost : 0h 0m 2.32s
********************************************************************************************************************
Start the 4 rounds of NGS-ED iteration
	effective electronic model is modified as: kinetic energy t = 0.836155
	                                           effective interaction Vq = [-3.49883,-3.38314,-3.24535,-3.38314,-3.38314,-3.24535,-3.22362,-3.24535,-3.24535,-3.22362,-3.16154,-3.22362,-3.38314,-3.24535,-3.22362,-3.24535]
	PARPACK diagonalization completed after 30 matrix-vector product operations.
	iteration results: : total energy is -50.278646 | electron energy -50.358465 + phonon energy 0.079819 | electron momentum kIdx = 0
The 4-th iteration is completed.	|| time cost : 0h 0m 2.283s
********************************************************************************************************************
Start the 5 rounds of NGS-ED iteration
	effective electronic model is modified as: kinetic energy t = 0.834645
	                                           effective interaction Vq = [-3.49984,-3.39073,-3.25209,-3.39073,-3.39073,-3.25209,-3.23162,-3.25209,-3.25209,-3.23162,-3.16819,-3.23162,-3.39073,-3.25209,-3.23162,-3.25209]
	PARPACK diagonalization completed after 30 matrix-vector product operations.
	iteration results: : total energy is -50.285766 | electron energy -50.368918 + phonon energy 0.083152 | electron momentum kIdx = 0
The 5-th iteration is completed.	|| time cost : 0h 0m 2.32s
********************************************************************************************************************
Start the 6 rounds of NGS-ED iteration
	effective electronic model is modified as: kinetic energy t = 0.834184
	                                           effective interaction Vq = [-3.49998,-3.39311,-3.25407,-3.39311,-3.39311,-3.25407,-3.23406,-3.25407,-3.25407,-3.23406,-3.17011,-3.23406,-3.39311,-3.25407,-3.23406,-3.25407]
	PARPACK diagonalization completed after 30 matrix-vector product operations.
	iteration results: : total energy is -50.286699 | electron energy -50.370892 + phonon energy 0.084193 | electron momentum kIdx = 0
The 6-th iteration is completed.	|| time cost : 0h 0m 2.315s
********************************************************************************************************************
Start the 7 rounds of NGS-ED iteration
	effective electronic model is modified as: kinetic energy t = 0.834042
	                                           effective interaction Vq = [    -3.5,-3.39387,-3.25465,-3.39387,-3.39387,-3.25465,-3.23482,-3.25465,-3.25465,-3.23482,-3.17066,-3.23482,-3.39387,-3.25465,-3.23482,-3.25465]
	PARPACK diagonalization completed after 30 matrix-vector product operations.
	iteration results: : total energy is -50.286823 | electron energy -50.371336 + phonon energy 0.084513 | electron momentum kIdx = 0
The 7-th iteration is completed.	|| time cost : 0h 0m 2.297s
********************************************************************************************************************
Start the 8 rounds of NGS-ED iteration
	effective electronic model is modified as: kinetic energy t = 0.833999
	                                           effective interaction Vq = [    -3.5,-3.39411,-3.25483,-3.39411,-3.39411,-3.25483,-3.23505,-3.25483,-3.25483,-3.23505,-3.17082,-3.23505,-3.39411,-3.25483,-3.23505,-3.25483]
	PARPACK diagonalization completed after 30 matrix-vector product operations.
	iteration results: : total energy is -50.286839 | electron energy -50.371450 + phonon energy 0.084611 | electron momentum kIdx = 0
	Nq(0) = 6.25,	Nq(1) = 0.270523,	Nq(2) = 0.311597,	Nq(3) = 0.270523,	Nq(4) = 0.270523,	Nq(5) = 0.311597,	Nq(6) = 0.435208,	Nq(7) = 0.311597,	Nq(8) = 0.311597,	Nq(9) = 0.435208,	Nq(10) = 0.491747,	Nq(11) = 0.435208,	Nq(12) = 0.270523,	Nq(13) = 0.311597,	Nq(14) = 0.435208,	Nq(15) = 0.311597,	Sq(0) = -1.20669e-17,	Sq(1) = 0.475376,	Sq(2) = 0.427165,	Sq(3) = 0.475376,	Sq(4) = 0.475376,	Sq(5) = 0.427165,	Sq(6) = 0.839683,	Sq(7) = 0.427165,	Sq(8) = 0.427165,	Sq(9) = 0.839683,	Sq(10) = 0.742521,	Sq(11) = 0.839683,	Sq(12) = 0.475376,	Sq(13) = 0.427165,	Sq(14) = 0.839683,	Sq(15) = 0.427165,	N(0) = 1.93786,	N(1) = 1.87699,	N(2) = 0.070253,	N(3) = 1.87699,	N(4) = 1.87699,	N(5) = 0.070253,	N(6) = 0.0260145,	N(7) = 0.070253,	N(8) = 0.070253,	N(9) = 0.0260145,	N(10) = 0.0286173,	N(11) = 0.0260145,	N(12) = 1.87699,	N(13) = 0.070253,	N(14) = 0.0260145,	N(15) = 0.070253,	Delta[s](0) = 0.0842519,	Delta[s](1) = 0.0568954,	Delta[s](2) = 0.0479281,	Delta[s](3) = 0.0568954,	Delta[s](4) = 0.0568954,	Delta[s](5) = 0.0479281,	Delta[s](6) = 0.0238063,	Delta[s](7) = 0.0479281,	Delta[s](8) = 0.0479281,	Delta[s](9) = 0.0238063,	Delta[s](10) = 0.0224996,	Delta[s](11) = 0.0238063,	Delta[s](12) = 0.0568954,	Delta[s](13) = 0.0479281,	Delta[s](14) = 0.0238063,	Delta[s](15) = 0.0479281,	Delta[d](0) = 0.202462,	Delta[d](1) = 0.0935034,	Delta[d](2) = 0.152642,	Delta[d](3) = 0.0935034,	Delta[d](4) = 0.0935034,	Delta[d](5) = 0.111674,	Delta[d](6) = 0.0432562,	Delta[d](7) = 0.111674,	Delta[d](8) = 0.152642,	Delta[d](9) = 0.0432562,	Delta[d](10) = 0.0298514,	Delta[d](11) = 0.0432562,	Delta[d](12) = 0.0935034,	Delta[d](13) = 0.111674,	Delta[d](14) = 0.0432562,	Delta[d](15) = 0.111674,	Delta[s+](0) = 0.527352,	Delta[s+](1) = 0.328235,	Delta[s+](2) = 0.152642,	Delta[s+](3) = 0.328235,	Delta[s+](4) = 0.328235,	Delta[s+](5) = 0.152642,	Delta[s+](6) = 0.0254406,	Delta[s+](7) = 0.152642,	Delta[s+](8) = 0.152642,	Delta[s+](9) = 0.0254406,	Delta[s+](10) = 0.0083766,	Delta[s+](11) = 0.0254406,	Delta[s+](12) = 0.328235,	Delta[s+](13) = 0.152642,	Delta[s+](14) = 0.0254406,	Delta[s+](15) = 0.152642
The 8-th iteration is completed.	|| time cost : 0h 0m 22.009s
********************************************************************************************************************
********************************************************************************************************************
Ground state is obtained after 9 iterations. The current ground-state energy is -50.2868, in which electron energy is -50.3714 and phonon energy is 0.0846108
final variational state is: 
	Gamma_x = [      1,1.02756,1.04334,1.02756,1.02756,1.04334,1.06259,1.04334,1.04334,1.06259,1.07586,1.06259,1.02756,1.04334,1.06259,1.04334]
	lambda_q = [0.591535,0.488742,0.435045,0.488742,0.488742,0.435045,0.428857,0.435045,0.435045,0.428857,0.410188,0.428857,0.488742,0.435045,0.428857,0.435045]
********************************************************************************************************************
o___o  ----------------------------------------
| L |	Time since last clock: 0h 0m 0s
A===A	Time since the beginning: 0h 2m 1.536s
***********************************************


********************************************************************************************************************
Warm up runs have been completed. Start calculating W = 5 phonon.
open output files: NGSEDIterationObs.txt
********************************************************************************************************************
Start the 0 rounds of NGS-ED iteration
	effective electronic model is modified as: kinetic energy t = 0.833986
	                                           effective interaction Vq = [-3.19957,-2.89476,-2.69353,-2.89476,-2.89476,-2.69353,-2.66848,-2.69353,-2.69353,-2.66848,-2.59061,-2.66848,-2.89476,-2.69353,-2.66848,-2.69353]
	PARPACK diagonalization completed after 30 matrix-vector product operations.
	iteration results: : total energy is -45.681367 | electron energy -45.723688 + phonon energy 0.042320 | electron momentum kIdx = 0
	Nq(0) = 6.25,	Nq(1) = 0.251769,	Nq(2) = 0.297546,	Nq(3) = 0.251769,	Nq(4) = 0.251769,	Nq(5) = 0.297546,	Nq(6) = 0.402339,	Nq(7) = 0.297546,	Nq(8) = 0.297546,	Nq(9) = 0.402339,	Nq(10) = 0.464703,	Nq(11) = 0.402339,	Nq(12) = 0.251769,	Nq(13) = 0.297546,	Nq(14) = 0.402339,	Nq(15) = 0.297546,	Sq(0) = -1.15661e-17,	Sq(1) = 0.492722,	Sq(2) = 0.437414,	Sq(3) = 0.492722,	Sq(4) = 0.492722,	Sq(5) = 0.437414,	Sq(6) = 0.882516,	Sq(7) = 0.437414,	Sq(8) = 0.437414,	Sq(9) = 0.882516,	Sq(10) = 0.758156,	Sq(11) = 0.882516,	Sq(12) = 0.492722,	Sq(13) = 0.437414,	Sq(14) = 0.882516,	Sq(15) = 0.437414,	N(0) = 1.9022,	N(1) = 1.82089,	N(2) = 0.102116,	N(3) = 1.82089,	N(4) = 1.82089,	N(5) = 0.102116,	N(6) = 0.039572,	N(7) = 0.102116,	N(8) = 0.102116,	N(9) = 0.039572,	N(10) = 0.0432549,	N(11) = 0.039572,	N(12) = 1.82089,	N(13) = 0.102116,	N(14) = 0.039572,	N(15) = 0.102116,	Delta[s](0) = 0.0628231,	Delta[s](1) = 0.0443794,	Delta[s](2) = 0.036467,	Delta[s](3) = 0.0443794,	Delta[s](4) = 0.0443794,	Delta[s](5) = 0.036467,	Delta[s](6) = 0.0200772,	Delta[s](7) = 0.036467,	Delta[s](8) = 0.036467,	Delta[s](9) = 0.0200772,	Delta[s](10) = 0.0187528,	Delta[s](11) = 0.0200772,	Delta[s](12) = 0.0443794,	Delta[s](13) = 0.036467,	Delta[s](14) = 0.0200772,	Delta[s](15) = 0.036467,	Delta[d](0) = 0.201226,	Delta[d](1) = 0.103995,	Delta[d](2) = 0.161374,	Delta[d](3) = 0.103995,	Delta[d](4) = 0.103995,	Delta[d](5) = 0.112505,	Delta[d](6) = 0.0534411,	Delta[d](7) = 0.112505,	Delta[d](8) = 0.161374,	Delta[d](9) = 0.0534411,	Delta[d](10) = 0.0361916,	Delta[d](11) = 0.0534411,	Delta[d](12) = 0.103995,	Delta[d](13) = 0.112505,	Delta[d](14) = 0.0534411,	Delta[d](15) = 0.112505,	Delta[s+](0) = 0.544485,	Delta[s+](1) = 0.339103,	Delta[s+](2) = 0.161374,	Delta[s+](3) = 0.339103,	Delta[s+](4) = 0.339103,	Delta[s+](5) = 0.161374,	Delta[s+](6) = 0.031329,	Delta[s+](7) = 0.161374,	Delta[s+](8) = 0.161374,	Delta[s+](9) = 0.031329,	Delta[s+](10) = 0.0105816,	Delta[s+](11) = 0.031329,	Delta[s+](12) = 0.339103,	Delta[s+](13) = 0.161374,	Delta[s+](14) = 0.031329,	Delta[s+](15) = 0.161374
The 0-th iteration is completed.	|| time cost : 0h 0m 21.14s
********************************************************************************************************************
Start the 1 rounds of NGS-ED iteration
	effective electronic model is modified as: kinetic energy t = 0.816114
	                                           effective interaction Vq = [-3.38948,-3.05994,-2.82066,-3.05994,-3.05994,-2.82066,-2.77933,-2.82066,-2.82066,-2.77933,-2.69248,-2.77933,-3.05994,-2.82066,-2.77933,-2.82066]
	PARPACK diagonalization completed after 30 matrix-vector product operations.
	iteration results: : total energy is -47.028237 | electron energy -47.144096 + phonon energy 0.115859 | electron momentum kIdx = 0
The 1-th iteration is completed.	|| time cost : 0h 0m 2.28s
********************************************************************************************************************
Start the 2 rounds of NGS-ED iteration
	effective electronic model is modified as: kinetic energy t = 0.805727
	                                           effective interaction Vq = [-3.45934,-3.14117,-2.88472,-3.14117,-3.14117,-2.88472,-2.83984,-2.88472,-2.88472,-2.83984,-2.74898,-2.83984,-3.14117,-2.88472,-2.83984,-2.88472]
	PARPACK diagonalization completed after 30 matrix-vector product operations.
	iteration results: : total energy is -47.511941 | electron energy -47.677697 + phonon energy 0.165756 | electron momentum kIdx = 0
The 2-th iteration is completed.	|| time cost : 0h 0m 2.303s
********************************************************************************************************************
Start the 3 rounds of NGS-ED iteration
	effective electronic model is modified as: kinetic energy t = 0.799904
	                                           effective interaction Vq = [-3.48504,-3.18287,-2.91769,-3.18287,-3.18287,-2.91769,-2.87256,-2.91769,-2.91769,-2.87256,-2.77939,-2.87256,-3.18287,-2.91769,-2.87256,-2.91769]
	PARPACK diagonalization completed after 30 matrix-vector product operations.
	iteration results: : total energy is -47.686451 | electron energy -47.881274 + phonon energy 0.194822 | electron momentum kIdx = 0
The 3-th iteration is completed.	|| time cost : 0h 0m 2.32s
********************************************************************************************************************
Start the 4 rounds of NGS-ED iteration
	effective electronic model is modified as: kinetic energy t = 0.796699
	                                           effective interaction Vq = [ -3.4945, -3.2049,-2.93487, -3.2049, -3.2049,-2.93487,-2.89024,-2.93487,-2.93487,-2.89024,-2.79559,-2.89024, -3.2049,-2.93487,-2.89024,-2.93487]
	PARPACK diagonalization completed after 30 matrix-vector product operations.
	iteration results: : total energy is -47.749636 | electron energy -47.960616 + phonon energy 0.210980 | electron momentum kIdx = 0
The 4-th iteration is completed.	|| time cost : 0h 0m 2.29s
********************************************************************************************************************
Start the 5 rounds of NGS-ED iteration
	effective electronic model is modified as: kinetic energy t = 0.794951
	                                           effective interaction Vq = [-3.49798,-3.21676,-2.94389,-3.21676,-3.21676,-2.94389,-2.89979,-2.94389,-2.94389,-2.89979,-2.80417,-2.89979,-3.21676,-2.94389,-2.89979,-2.94389]
	PARPACK diagonalization completed after 30 matrix-vector product operations.
	iteration results: : total energy is -47.772581 | electron energy -47.992381 + phonon energy 0.219801 | electron momentum kIdx = 0
The 5-th iteration is completed.	|| time cost : 0h 0m 2.292s
********************************************************************************************************************
Start the 6 rounds of NGS-ED iteration
	effective electronic model is modified as: kinetic energy t = 0.794003
	                                           effective interaction Vq = [-3.49926,-3.22321,-2.94864,-3.22321,-3.22321,-2.94864,-2.90497,-2.94864,-2.94864,-2.90497, -2.8087,-2.90497,-3.22321,-2.94864,-2.90497,-2.94864]
	PARPACK diagonalization completed after 30 matrix-vector product operations.
	iteration results: : total energy is -47.780933 | electron energy -48.005512 + phonon energy 0.224578 | electron momentum kIdx = 0
The 6-th iteration is completed.	|| time cost : 0h 0m 2.3s
********************************************************************************************************************
Start the 7 rounds of NGS-ED iteration
	effective electronic model is modified as: kinetic energy t = 0.79349
	                                           effective interaction Vq = [-3.49973,-3.22675,-2.95115,-3.22675,-3.22675,-2.95115,-2.90777,-2.95115,-2.95115,-2.90777,-2.81109,-2.90777,-3.22675,-2.95115,-2.90777,-2.95115]
	PARPACK diagonalization completed after 30 matrix-vector product operations.
	iteration results: : total energy is -47.783980 | electron energy -48.011137 + phonon energy 0.227157 | electron momentum kIdx = 0
The 7-th iteration is completed.	|| time cost : 0h 0m 2.295s
********************************************************************************************************************
Start the 8 rounds of NGS-ED iteration
	effective electronic model is modified as: kinetic energy t = 0.793213
	                                           effective interaction Vq = [ -3.4999,-3.22869,-2.95247,-3.22869,-3.22869,-2.95247,-2.90928,-2.95247,-2.95247,-2.90928,-2.81235,-2.90928,-3.22869,-2.95247,-2.90928,-2.95247]
	PARPACK diagonalization completed after 30 matrix-vector product operations.
	iteration results: : total energy is -47.785094 | electron energy -48.013640 + phonon energy 0.228546 | electron momentum kIdx = 0
The 8-th iteration is completed.	|| time cost : 0h 0m 2.292s
********************************************************************************************************************
Start the 9 rounds of NGS-ED iteration
	effective electronic model is modified as: kinetic energy t = 0.793063
	                                           effective interaction Vq = [-3.49996,-3.22976,-2.95317,-3.22976,-3.22976,-2.95317, -2.9101,-2.95317,-2.95317, -2.9101,-2.81301, -2.9101,-3.22976,-2.95317, -2.9101,-2.95317]
	PARPACK diagonalization completed after 30 matrix-vector product operations.
	iteration results: : total energy is -47.785501 | electron energy -48.014795 + phonon energy 0.229294 | electron momentum kIdx = 0
The 9-th iteration is completed.	|| time cost : 0h 0m 2.322s
********************************************************************************************************************
Start the 10 rounds of NGS-ED iteration
	effective electronic model is modified as: kinetic energy t = 0.792982
	                                           effective interaction Vq = [-3.49999,-3.23035,-2.95354,-3.23035,-3.23035,-2.95354,-2.91055,-2.95354,-2.95354,-2.91055,-2.81335,-2.91055,-3.23035,-2.95354,-2.91055,-2.95354]
	PARPACK diagonalization completed after 30 matrix-vector product operations.
	iteration results: : total energy is -47.785650 | electron energy -48.015346 + phonon energy 0.229696 | electron momentum kIdx = 0
	Nq(0) = 6.25,	Nq(1) = 0.262992,	Nq(2) = 0.300835,	Nq(3) = 0.262992,	Nq(4) = 0.262992,	Nq(5) = 0.300835,	Nq(6) = 0.408064,	Nq(7) = 0.300835,	Nq(8) = 0.300835,	Nq(9) = 0.408064,	Nq(10) = 0.465642,	Nq(11) = 0.408064,	Nq(12) = 0.262992,	Nq(13) = 0.300835,	Nq(14) = 0.408064,	Nq(15) = 0.300835,	Sq(0) = -1.19565e-17,	Sq(1) = 0.486912,	Sq(2) = 0.43543,	Sq(3) = 0.486912,	Sq(4) = 0.486912,	Sq(5) = 0.43543,	Sq(6) = 0.868459,	Sq(7) = 0.43543,	Sq(8) = 0.43543,	Sq(9) = 0.868459,	Sq(10) = 0.761062,	Sq(11) = 0.868459,	Sq(12) = 0.486912,	Sq(13) = 0.43543,	Sq(14) = 0.868459,	Sq(15) = 0.43543,	N(0) = 1.91239,	N(1) = 1.83935,	N(2) = 0.0905676,	N(3) = 1.83935,	N(4) = 1.83935,	N(5) = 0.0905676,	N(6) = 0.0366701,	N(7) = 0.0905676,	N(8) = 0.0905676,	N(9) = 0.0366701,	N(10) = 0.0401272,	N(11) = 0.0366701,	N(12) = 1.83935,	N(13) = 0.0905676,	N(14) = 0.0366701,	N(15) = 0.0905676,	Delta[s](0) = 0.0643653,	Delta[s](1) = 0.0466302,	Delta[s](2) = 0.0392596,	Delta[s](3) = 0.0466302,	Delta[s](4) = 0.0466302,	Delta[s](5) = 0.0392596,	Delta[s](6) = 0.0235264,	Delta[s](7) = 0.0392596,	Delta[s](8) = 0.0392596,	Delta[s](9) = 0.0235264,	Delta[s](10) = 0.0218871,	Delta[s](11) = 0.0235264,	Delta[s](12) = 0.0466302,	Delta[s](13) = 0.0392596,	Delta[s](14) = 0.0235264,	Delta[s](15) = 0.0392596,	Delta[d](0) = 0.212195,	Delta[d](1) = 0.112456,	Delta[d](2) = 0.171704,	Delta[d](3) = 0.112456,	Delta[d](4) = 0.112456,	Delta[d](5) = 0.121003,	Delta[d](6) = 0.0601888,	Delta[d](7) = 0.121003,	Delta[d](8) = 0.171704,	Delta[d](9) = 0.0601888,	Delta[d](10) = 0.0411343,	Delta[d](11) = 0.0601888,	Delta[d](12) = 0.112456,	Delta[d](13) = 0.121003,	Delta[d](14) = 0.0601888,	Delta[d](15) = 0.121003,	Delta[s+](0) = 0.571582,	Delta[s+](1) = 0.357684,	Delta[s+](2) = 0.171704,	Delta[s+](3) = 0.357684,	Delta[s+](4) = 0.357684,	Delta[s+](5) = 0.171704,	Delta[s+](6) = 0.0363161,	Delta[s+](7) = 0.171704,	Delta[s+](8) = 0.171704,	Delta[s+](9) = 0.0363161,	Delta[s+](10) = 0.0123822,	Delta[s+](11) = 0.0363161,	Delta[s+](12) = 0.357684,	Delta[s+](13) = 0.171704,	Delta[s+](14) = 0.0363161,	Delta[s+](15) = 0.171704
The 10-th iteration is completed.	|| time cost : 0h 0m 21.316s
********************************************************************************************************************
Start the 11 rounds of NGS-ED iteration
	effective electronic model is modified as: kinetic energy t = 0.792939
	                                           effective interaction Vq = [-3.49999,-3.23068,-2.95374,-3.23068,-3.23068,-2.95374,-2.91079,-2.95374,-2.95374,-2.91079,-2.81353,-2.91079,-3.23068,-2.95374,-2.91079,-2.95374]
	PARPACK diagonalization completed after 30 matrix-vector product operations.
	iteration results: : total energy is -47.785705 | electron energy -48.015618 + phonon energy 0.229913 | electron momentum kIdx = 0
The 11-th iteration is completed.	|| time cost : 0h 0m 2.319s
********************************************************************************************************************
Start the 12 rounds of NGS-ED iteration
	effective electronic model is modified as: kinetic energy t = 0.792915
	                                           effective interaction Vq = [    -3.5,-3.23086,-2.95384,-3.23086,-3.23086,-2.95384,-2.91092,-2.95384,-2.95384,-2.91092,-2.81362,-2.91092,-3.23086,-2.95384,-2.91092,-2.95384]
	PARPACK diagonalization completed after 30 matrix-vector product operations.
	iteration results: : total energy is -47.785725 | electron energy -48.015754 + phonon energy 0.230029 | electron momentum kIdx = 0
The 12-th iteration is completed.	|| time cost : 0h 0m 2.285s
********************************************************************************************************************
Start the 13 rounds of NGS-ED iteration
	effective electronic model is modified as: kinetic energy t = 0.792903
	                                           effective interaction Vq = [    -3.5,-3.23096,-2.95389,-3.23096,-3.23096,-2.95389,-2.91099,-2.95389,-2.95389,-2.91099,-2.81367,-2.91099,-3.23096,-2.95389,-2.91099,-2.95389]
	PARPACK diagonalization completed after 30 matrix-vector product operations.
	iteration results: : total energy is -47.785732 | electron energy -48.015824 + phonon energy 0.230092 | electron momentum kIdx = 0
The 13-th iteration is completed.	|| time cost : 0h 0m 2.291s
********************************************************************************************************************
Start the 14 rounds of NGS-ED iteration
	effective electronic model is modified as: kinetic energy t = 0.792896
	                                           effective interaction Vq = [    -3.5,-3.23101,-2.95392,-3.23101,-3.23101,-2.95392,-2.91103,-2.95392,-2.95392,-2.91103, -2.8137,-2.91103,-3.23101,-2.95392,-2.91103,-2.95392]
	PARPACK diagonalization completed after 30 matrix-vector product operations.
	iteration results: : total energy is -47.785735 | electron energy -48.015861 + phonon energy 0.230125 | electron momentum kIdx = 0
The 14-th iteration is completed.	|| time cost : 0h 0m 2.301s
********************************************************************************************************************
Start the 15 rounds of NGS-ED iteration
	effective electronic model is modified as: kinetic energy t = 0.792892
	                                           effective interaction Vq = [    -3.5,-3.23104,-2.95394,-3.23104,-3.23104,-2.95394,-2.91105,-2.95394,-2.95394,-2.91105,-2.81371,-2.91105,-3.23104,-2.95394,-2.91105,-2.95394]
	PARPACK diagonalization completed after 30 matrix-vector product operations.
	iteration results: : total energy is -47.785736 | electron energy -48.015880 + phonon energy 0.230144 | electron momentum kIdx = 0
The 15-th iteration is completed.	|| time cost : 0h 0m 2.324s
********************************************************************************************************************
Start the 16 rounds of NGS-ED iteration
	effective electronic model is modified as: kinetic energy t = 0.79289
	                                           effective interaction Vq = [    -3.5,-3.23106,-2.95394,-3.23106,-3.23106,-2.95394,-2.91106,-2.95394,-2.95394,-2.91106,-2.81372,-2.91106,-3.23106,-2.95394,-2.91106,-2.95394]
	PARPACK diagonalization completed after 30 matrix-vector product operations.
	iteration results: : total energy is -47.785736 | electron energy -48.015890 + phonon energy 0.230153 | electron momentum kIdx = 0
The 16-th iteration is completed.	|| time cost : 0h 0m 2.319s
********************************************************************************************************************
Start the 17 rounds of NGS-ED iteration
	effective electronic model is modified as: kinetic energy t = 0.792889
	                                           effective interaction Vq = [    -3.5,-3.23107,-2.95395,-3.23107,-3.23107,-2.95395,-2.91107,-2.95395,-2.95395,-2.91107,-2.81372,-2.91107,-3.23107,-2.95395,-2.91107,-2.95395]
	PARPACK diagonalization completed after 30 matrix-vector product operations.
	iteration results: : total energy is -47.785737 | electron energy -48.015895 + phonon energy 0.230159 | electron momentum kIdx = 0
The 17-th iteration is completed.	|| time cost : 0h 0m 2.297s
********************************************************************************************************************
Start the 18 rounds of NGS-ED iteration
	effective electronic model is modified as: kinetic energy t = 0.792888
	                                           effective interaction Vq = [    -3.5,-3.23108,-2.95395,-3.23108,-3.23108,-2.95395,-2.91107,-2.95395,-2.95395,-2.91107,-2.81372,-2.91107,-3.23108,-2.95395,-2.91107,-2.95395]
	PARPACK diagonalization completed after 30 matrix-vector product operations.
	iteration results: : total energy is -47.785737 | electron energy -48.015898 + phonon energy 0.230161 | electron momentum kIdx = 0
The 18-th iteration is completed.	|| time cost : 0h 0m 2.293s
********************************************************************************************************************
Start the 19 rounds of NGS-ED iteration
	effective electronic model is modified as: kinetic energy t = 0.792888
	                                           effective interaction Vq = [    -3.5,-3.23108,-2.95395,-3.23108,-3.23108,-2.95395,-2.91108,-2.95395,-2.95395,-2.91108,-2.81372,-2.91108,-3.23108,-2.95395,-2.91108,-2.95395]
	PARPACK diagonalization completed after 30 matrix-vector product operations.
	iteration results: : total energy is -47.785737 | electron energy -48.015900 + phonon energy 0.230163 | electron momentum kIdx = 0
The 19-th iteration is completed.	|| time cost : 0h 0m 2.293s
********************************************************************************************************************
Start the 20 rounds of NGS-ED iteration
	effective electronic model is modified as: kinetic energy t = 0.792888
	                                           effective interaction Vq = [    -3.5,-3.23108,-2.95395,-3.23108,-3.23108,-2.95395,-2.91108,-2.95395,-2.95395,-2.91108,-2.81372,-2.91108,-3.23108,-2.95395,-2.91108,-2.95395]
	PARPACK diagonalization completed after 30 matrix-vector product operations.
	iteration results: : total energy is -47.785737 | electron energy -48.015900 + phonon energy 0.230164 | electron momentum kIdx = 0
	Nq(0) = 6.25,	Nq(1) = 0.26302,	Nq(2) = 0.300836,	Nq(3) = 0.26302,	Nq(4) = 0.26302,	Nq(5) = 0.300836,	Nq(6) = 0.408079,	Nq(7) = 0.300836,	Nq(8) = 0.300836,	Nq(9) = 0.408079,	Nq(10) = 0.465636,	Nq(11) = 0.408079,	Nq(12) = 0.26302,	Nq(13) = 0.300836,	Nq(14) = 0.408079,	Nq(15) = 0.300836,	Sq(0) = -5.49466e-19,	Sq(1) = 0.486897,	Sq(2) = 0.435428,	Sq(3) = 0.486897,	Sq(4) = 0.486897,	Sq(5) = 0.435428,	Sq(6) = 0.868427,	Sq(7) = 0.435428,	Sq(8) = 0.435428,	Sq(9) = 0.868427,	Sq(10) = 0.76108,	Sq(11) = 0.868427,	Sq(12) = 0.486897,	Sq(13) = 0.435428,	Sq(14) = 0.868427,	Sq(15) = 0.435428,	N(0) = 1.91241,	N(1) = 1.83939,	N(2) = 0.0905419,	N(3) = 1.83939,	N(4) = 1.83939,	N(5) = 0.0905419,	N(6) = 0.0366676,	N(7) = 0.0905419,	N(8) = 0.0905419,	N(9) = 0.0366676,	N(10) = 0.0401207,	N(11) = 0.0366676,	N(12) = 1.83939,	N(13) = 0.0905419,	N(14) = 0.0366676,	N(15) = 0.0905419,	Delta[s](0) = 0.0643674,	Delta[s](1) = 0.0466345,	Delta[s](2) = 0.0392651,	Delta[s](3) = 0.0466345,	Delta[s](4) = 0.0466345,	Delta[s](5) = 0.0392651,	Delta[s](6) = 0.023534,	Delta[s](7) = 0.0392651,	Delta[s](8) = 0.0392651,	Delta[s](9) = 0.023534,	Delta[s](10) = 0.0218936,	Delta[s](11) = 0.023534,	Delta[s](12) = 0.0466345,	Delta[s](13) = 0.0392651,	Delta[s](14) = 0.023534,	Delta[s](15) = 0.0392651,	Delta[d](0) = 0.212284,	Delta[d](1) = 0.112511,	Delta[d](2) = 0.171781,	Delta[d](3) = 0.112511,	Delta[d](4) = 0.112511,	Delta[d](5) = 0.121059,	Delta[d](6) = 0.0602244,	Delta[d](7) = 0.121059,	Delta[d](8) = 0.171781,	Delta[d](9) = 0.0602244,	Delta[d](10) = 0.0411584,	Delta[d](11) = 0.0602244,	Delta[d](12) = 0.112511,	Delta[d](13) = 0.121059,	Delta[d](14) = 0.0602244,	Delta[d](15) = 0.121059,	Delta[s+](0) = 0.57182,	Delta[s+](1) = 0.357837,	Delta[s+](2) = 0.171781,	Delta[s+](3) = 0.357837,	Delta[s+](4) = 0.357837,	Delta[s+](5) = 0.171781,	Delta[s+](6) = 0.0363395,	Delta[s+](7) = 0.171781,	Delta[s+](8) = 0.171781,	Delta[s+](9) = 0.0363395,	Delta[s+](10) = 0.0123904,	Delta[s+](11) = 0.0363395,	Delta[s+](12) = 0.357837,	Delta[s+](13) = 0.171781,	Delta[s+](14) = 0.0363395,	Delta[s+](15) = 0.171781
The 20-th iteration is completed.	|| time cost : 0h 0m 20.81s
********************************************************************************************************************
Start the 21 rounds of NGS-ED iteration
	effective electronic model is modified as: kinetic energy t = 0.792888
	                                           effective interaction Vq = [    -3.5,-3.23108,-2.95395,-3.23108,-3.23108,-2.95395,-2.91108,-2.95395,-2.95395,-2.91108,-2.81372,-2.91108,-3.23108,-2.95395,-2.91108,-2.95395]
	PARPACK diagonalization completed after 30 matrix-vector product operations.
	iteration results: : total energy is -47.785737 | electron energy -48.015901 + phonon energy 0.230164 | electron momentum kIdx = 0
The 21-th iteration is completed.	|| time cost : 0h 0m 2.305s
********************************************************************************************************************
Start the 22 rounds of NGS-ED iteration
	effective electronic model is modified as: kinetic energy t = 0.792888
	                                           effective interaction Vq = [    -3.5,-3.23108,-2.95395,-3.23108,-3.23108,-2.95395,-2.91108,-2.95395,-2.95395,-2.91108,-2.81372,-2.91108,-3.23108,-2.95395,-2.91108,-2.95395]
	PARPACK diagonalization completed after 30 matrix-vector product operations.
	iteration results: : total energy is -47.785737 | electron energy -48.015901 + phonon energy 0.230164 | electron momentum kIdx = 0
The 22-th iteration is completed.	|| time cost : 0h 0m 2.287s
********************************************************************************************************************
Start the 23 rounds of NGS-ED iteration
	effective electronic model is modified as: kinetic energy t = 0.792888
	                                           effective interaction Vq = [    -3.5,-3.23108,-2.95395,-3.23108,-3.23108,-2.95395,-2.91108,-2.95395,-2.95395,-2.91108,-2.81372,-2.91108,-3.23108,-2.95395,-2.91108,-2.95395]
	PARPACK diagonalization completed after 30 matrix-vector product operations.
	iteration results: : total energy is -47.785737 | electron energy -48.015901 + phonon energy 0.230165 | electron momentum kIdx = 0
The 23-th iteration is completed.	|| time cost : 0h 0m 2.303s
********************************************************************************************************************
Start the 24 rounds of NGS-ED iteration
	effective electronic model is modified as: kinetic energy t = 0.792888
	                                           effective interaction Vq = [    -3.5,-3.23108,-2.95395,-3.23108,-3.23108,-2.95395,-2.91108,-2.95395,-2.95395,-2.91108,-2.81372,-2.91108,-3.23108,-2.95395,-2.91108,-2.95395]
	PARPACK diagonalization completed after 30 matrix-vector product operations.
	iteration results: : total energy is -47.785737 | electron energy -48.015901 + phonon energy 0.230165 | electron momentum kIdx = 0
