TACC:  Starting up job 4320230 
TACC:  Starting parallel tasks... 
SNEDics v3.4 Non-Gaussian ED ground state program		Start at Fri Sep 13 08:46:50 2019

parallized on 32 MPI threads  * 6 OpenMP threads = 192 total threads.
********************************************************************************************************************
********************************************************************************************************************

********************************************************************************************************************
System parameters and configurations
********************************************************************************************************************
Special program options are enabled: splitted diagonal Hamiltonian
********************************************************************************************************************
Read input file "model_params.in"
	Hubbard-Holstein model parameters : 	t = 1    U = 4    g = 3.1623    W = 5    
********************************************************************************************************************
Read input file "hilbertspace_params.in"
	Requested 16-site 2D lattice, with 16 electrons (8, 8)
	Boundary : Periodic		Hilbert space representation : momentum-space (restricted to kIdx = 0)
	Conservation: particle number[U(1)]      spin[U(1)]     momentum
********************************************************************************************************************

Cluster Positions:				Cluster symmetry group : D4
 x ... x ... x ... x .....                       x ... x ... x ... x .....
 |           |           :                       |           |           :
 |           |           :                       |           |           :
12    13    14    15     x                       1     5     6     5     x
 |           |           :                       |           |           :
 |           |           :                       |           |           :
 8 --- 9 ---10 ---11 --- x                       2 --- 6 ---10 --- 6 --- x
 |           |           :                       |           |           :
 |           |           :                       |           |           :
 4     5     6     7     x                       1     5     6     5     x
 |           |           :                       |           |           :
 |           |           :                       |           |           :
 0 --- 1 --- 2 --- 3 --- x                       0 --- 1 --- 2 --- 1 --- x
orbital number : 1
********************************************************************************************************************
Read input file "obs_params.in"
	Observable Type : Nq(All),   Sq(All),   N(All),   Delta[s](All),   Delta[d](All),   Delta[s+](All)
********************************************************************************************************************
** WARNING ** the input observables have non-local factors which have been reinterpreted. The total observable number is 96
********************************************************************************************************************


********************************************************************************************************************
Start calculating the non-Gaussian ED ground state
Input file varState.dat exists. Start iterations from it.
open output files: NGSEDIterationObs.txt
********************************************************************************************************************
Start the 0 rounds of NGS-ED iteration
	effective electronic model is modified as: kinetic energy t = 0.868938
	                                           effective interaction Vq = [-2.00003, -1.8641,-1.67151, -1.8641, -1.8641,-1.67151,-1.70585,-1.67151,-1.67151,-1.70585,-1.60595,-1.70585, -1.8641,-1.67151,-1.70585,-1.67151]
	first Hamiltonian is constructed, non-zero numbers = 12310855584
	PARPACK diagonalization completed after 165 matrix-vector product operations.
	iteration results: : total energy is -50.882977 | electron energy -51.005714 + phonon energy 0.122737 | electron momentum kIdx = 0
	Nq(0) = 16,	Nq(1) = 0.344978,	Nq(2) = 0.354992,	Nq(3) = 0.344978,	Nq(4) = 0.344978,	Nq(5) = 0.354992,	Nq(6) = 0.560474,	Nq(7) = 0.354992,	Nq(8) = 0.354992,	Nq(9) = 0.560474,	Nq(10) = 0.580375,	Nq(11) = 0.560474,	Nq(12) = 0.344978,	Nq(13) = 0.354992,	Nq(14) = 0.560474,	Nq(15) = 0.354992,	Sq(0) = 2.00841e-18,	Sq(1) = 0.388816,	Sq(2) = 0.564295,	Sq(3) = 0.388816,	Sq(4) = 0.388816,	Sq(5) = 0.564295,	Sq(6) = 0.656903,	Sq(7) = 0.564295,	Sq(8) = 0.564295,	Sq(9) = 0.656903,	Sq(10) = 2.09922,	Sq(11) = 0.656903,	Sq(12) = 0.388816,	Sq(13) = 0.564295,	Sq(14) = 0.656903,	Sq(15) = 0.564295,	N(0) = 1.99752,	N(1) = 1.99592,	N(2) = 1,	N(3) = 1.99592,	N(4) = 1.99592,	N(5) = 1,	N(6) = 0.00407692,	N(7) = 1,	N(8) = 1,	N(9) = 0.00407692,	N(10) = 0.00247878,	N(11) = 0.00407692,	N(12) = 1.99592,	N(13) = 1,	N(14) = 0.00407692,	N(15) = 1,	Delta[s](0) = 0.255181,	Delta[s](1) = 0.244903,	Delta[s](2) = 0.188003,	Delta[s](3) = 0.244903,	Delta[s](4) = 0.244903,	Delta[s](5) = 0.188003,	Delta[s](6) = 0.178783,	Delta[s](7) = 0.188003,	Delta[s](8) = 0.188003,	Delta[s](9) = 0.178783,	Delta[s](10) = 0.0881254,	Delta[s](11) = 0.178783,	Delta[s](12) = 0.244903,	Delta[s](13) = 0.188003,	Delta[s](14) = 0.178783,	Delta[s](15) = 0.188003,	Delta[d](0) = 0.578072,	Delta[d](1) = 0.332862,	Delta[d](2) = 0.290852,	Delta[d](3) = 0.332862,	Delta[d](4) = 0.332862,	Delta[d](5) = 0.342957,	Delta[d](6) = 0.253477,	Delta[d](7) = 0.342957,	Delta[d](8) = 0.290852,	Delta[d](9) = 0.253477,	Delta[d](10) = 0.112759,	Delta[d](11) = 0.253477,	Delta[d](12) = 0.332862,	Delta[d](13) = 0.342957,	Delta[d](14) = 0.253477,	Delta[d](15) = 0.342957,	Delta[s+](0) = 0.547117,	Delta[s+](1) = 0.445625,	Delta[s+](2) = 0.290852,	Delta[s+](3) = 0.445625,	Delta[s+](4) = 0.445625,	Delta[s+](5) = 0.290852,	Delta[s+](6) = 0.136738,	Delta[s+](7) = 0.290852,	Delta[s+](8) = 0.290852,	Delta[s+](9) = 0.136738,	Delta[s+](10) = 0.0332976,	Delta[s+](11) = 0.136738,	Delta[s+](12) = 0.445625,	Delta[s+](13) = 0.290852,	Delta[s+](14) = 0.136738,	Delta[s+](15) = 0.290852
The 0-th iteration is completed.	|| time cost : 0h 8m 57.577s
********************************************************************************************************************
Start the 1 rounds of NGS-ED iteration
	effective electronic model is modified as: kinetic energy t = 0.869162
	                                           effective interaction Vq = [-2.00003,-1.86288,-1.67088,-1.86288,-1.86288,-1.67088,-1.70478,-1.67088,-1.67088,-1.70478,-1.60584,-1.70478,-1.86288,-1.67088,-1.70478,-1.67088]
	PARPACK diagonalization completed after 30 matrix-vector product operations.
	iteration results: : total energy is -50.883004 | electron energy -51.005563 + phonon energy 0.122559 | electron momentum kIdx = 0
The 1-th iteration is completed.	|| time cost : 0h 0m 20.659s
********************************************************************************************************************
Start the 2 rounds of NGS-ED iteration
	effective electronic model is modified as: kinetic energy t = 0.869278
	                                           effective interaction Vq = [-2.00003,-1.86219,-1.67054,-1.86219,-1.86219,-1.67054, -1.7042,-1.67054,-1.67054, -1.7042,-1.60577, -1.7042,-1.86219,-1.67054, -1.7042,-1.67054]
	PARPACK diagonalization completed after 30 matrix-vector product operations.
	iteration results: : total energy is -50.883013 | electron energy -51.005343 + phonon energy 0.122331 | electron momentum kIdx = 0
The 2-th iteration is completed.	|| time cost : 0h 0m 20.605s
********************************************************************************************************************
Start the 3 rounds of NGS-ED iteration
	effective electronic model is modified as: kinetic energy t = 0.869341
	                                           effective interaction Vq = [-2.00003, -1.8618,-1.67037, -1.8618, -1.8618,-1.67037,-1.70388,-1.67037,-1.67037,-1.70388,-1.60572,-1.70388, -1.8618,-1.67037,-1.70388,-1.67037]
	PARPACK diagonalization completed after 30 matrix-vector product operations.
	iteration results: : total energy is -50.883015 | electron energy -51.005176 + phonon energy 0.122161 | electron momentum kIdx = 0
The 3-th iteration is completed.	|| time cost : 0h 0m 20.699s
********************************************************************************************************************
Start the 4 rounds of NGS-ED iteration
	effective electronic model is modified as: kinetic energy t = 0.869376
	                                           effective interaction Vq = [-2.00003,-1.86158,-1.67027,-1.86158,-1.86158,-1.67027,-1.70369,-1.67027,-1.67027,-1.70369,-1.60568,-1.70369,-1.86158,-1.67027,-1.70369,-1.67027]
	PARPACK diagonalization completed after 30 matrix-vector product operations.
	iteration results: : total energy is -50.883016 | electron energy -51.005067 + phonon energy 0.122051 | electron momentum kIdx = 0
The 4-th iteration is completed.	|| time cost : 0h 0m 20.817s
********************************************************************************************************************
Start the 5 rounds of NGS-ED iteration
	effective electronic model is modified as: kinetic energy t = 0.869396
	                                           effective interaction Vq = [-2.00003,-1.86145,-1.67022,-1.86145,-1.86145,-1.67022,-1.70359,-1.67022,-1.67022,-1.70359,-1.60566,-1.70359,-1.86145,-1.67022,-1.70359,-1.67022]
	PARPACK diagonalization completed after 30 matrix-vector product operations.
	iteration results: : total energy is -50.883017 | electron energy -51.005001 + phonon energy 0.121984 | electron momentum kIdx = 0
The 5-th iteration is completed.	|| time cost : 0h 0m 20.655s
********************************************************************************************************************
Start the 6 rounds of NGS-ED iteration
	effective electronic model is modified as: kinetic energy t = 0.869407
	                                           effective interaction Vq = [-2.00003,-1.86138,-1.67019,-1.86138,-1.86138,-1.67019,-1.70353,-1.67019,-1.67019,-1.70353,-1.60565,-1.70353,-1.86138,-1.67019,-1.70353,-1.67019]
	PARPACK diagonalization completed after 30 matrix-vector product operations.
	iteration results: : total energy is -50.883017 | electron energy -51.004962 + phonon energy 0.121945 | electron momentum kIdx = 0
The 6-th iteration is completed.	|| time cost : 0h 0m 20.631s
********************************************************************************************************************
Start the 7 rounds of NGS-ED iteration
	effective electronic model is modified as: kinetic energy t = 0.869413
	                                           effective interaction Vq = [-2.00003,-1.86134,-1.67017,-1.86134,-1.86134,-1.67017,-1.70349,-1.67017,-1.67017,-1.70349,-1.60565,-1.70349,-1.86134,-1.67017,-1.70349,-1.67017]
	PARPACK diagonalization completed after 30 matrix-vector product operations.
	iteration results: : total energy is -50.883017 | electron energy -51.004939 + phonon energy 0.121922 | electron momentum kIdx = 0
The 7-th iteration is completed.	|| time cost : 0h 0m 20.645s
********************************************************************************************************************
Start the 8 rounds of NGS-ED iteration
	effective electronic model is modified as: kinetic energy t = 0.869416
	                                           effective interaction Vq = [-2.00003,-1.86131,-1.67016,-1.86131,-1.86131,-1.67016,-1.70347,-1.67016,-1.67016,-1.70347,-1.60564,-1.70347,-1.86131,-1.67016,-1.70347,-1.67016]
	PARPACK diagonalization completed after 30 matrix-vector product operations.
	iteration results: : total energy is -50.883017 | electron energy -51.004926 + phonon energy 0.121909 | electron momentum kIdx = 0
The 8-th iteration is completed.	|| time cost : 0h 0m 20.631s
********************************************************************************************************************
Start the 9 rounds of NGS-ED iteration
	effective electronic model is modified as: kinetic energy t = 0.869418
	                                           effective interaction Vq = [-2.00003, -1.8613,-1.67016, -1.8613, -1.8613,-1.67016,-1.70346,-1.67016,-1.67016,-1.70346,-1.60564,-1.70346, -1.8613,-1.67016,-1.70346,-1.67016]
	PARPACK diagonalization completed after 30 matrix-vector product operations.
	iteration results: : total energy is -50.883017 | electron energy -51.004918 + phonon energy 0.121902 | electron momentum kIdx = 0
The 9-th iteration is completed.	|| time cost : 0h 0m 20.66s
********************************************************************************************************************
Start the 10 rounds of NGS-ED iteration
	effective electronic model is modified as: kinetic energy t = 0.869419
	                                           effective interaction Vq = [-2.00003,-1.86129,-1.67016,-1.86129,-1.86129,-1.67016,-1.70346,-1.67016,-1.67016,-1.70346,-1.60564,-1.70346,-1.86129,-1.67016,-1.70346,-1.67016]
	PARPACK diagonalization completed after 30 matrix-vector product operations.
	iteration results: : total energy is -50.883017 | electron energy -51.004914 + phonon energy 0.121897 | electron momentum kIdx = 0
	Nq(0) = 16,	Nq(1) = 0.344505,	Nq(2) = 0.354905,	Nq(3) = 0.344505,	Nq(4) = 0.344505,	Nq(5) = 0.354905,	Nq(6) = 0.559964,	Nq(7) = 0.354905,	Nq(8) = 0.354905,	Nq(9) = 0.559964,	Nq(10) = 0.580391,	Nq(11) = 0.559964,	Nq(12) = 0.344505,	Nq(13) = 0.354905,	Nq(14) = 0.559964,	Nq(15) = 0.354905,	Sq(0) = -1.73777e-18,	Sq(1) = 0.388939,	Sq(2) = 0.564439,	Sq(3) = 0.388939,	Sq(4) = 0.388939,	Sq(5) = 0.564439,	Sq(6) = 0.65715,	Sq(7) = 0.564439,	Sq(8) = 0.564439,	Sq(9) = 0.65715,	Sq(10) = 2.10132,	Sq(11) = 0.65715,	Sq(12) = 0.388939,	Sq(13) = 0.564439,	Sq(14) = 0.65715,	Sq(15) = 0.564439,	N(0) = 1.9975,	N(1) = 1.99586,	N(2) = 1,	N(3) = 1.99586,	N(4) = 1.99586,	N(5) = 1,	N(6) = 0.00413946,	N(7) = 1,	N(8) = 1,	N(9) = 0.00413946,	N(10) = 0.00250152,	N(11) = 0.00413946,	N(12) = 1.99586,	N(13) = 1,	N(14) = 0.00413946,	N(15) = 1,	Delta[s](0) = 0.255121,	Delta[s](1) = 0.244775,	Delta[s](2) = 0.187883,	Delta[s](3) = 0.244775,	Delta[s](4) = 0.244775,	Delta[s](5) = 0.187883,	Delta[s](6) = 0.178605,	Delta[s](7) = 0.187883,	Delta[s](8) = 0.187883,	Delta[s](9) = 0.178605,	Delta[s](10) = 0.0879057,	Delta[s](11) = 0.178605,	Delta[s](12) = 0.244775,	Delta[s](13) = 0.187883,	Delta[s](14) = 0.178605,	Delta[s](15) = 0.187883,	Delta[d](0) = 0.578119,	Delta[d](1) = 0.332874,	Delta[d](2) = 0.29083,	Delta[d](3) = 0.332874,	Delta[d](4) = 0.332874,	Delta[d](5) = 0.342923,	Delta[d](6) = 0.253419,	Delta[d](7) = 0.342923,	Delta[d](8) = 0.29083,	Delta[d](9) = 0.253419,	Delta[d](10) = 0.112621,	Delta[d](11) = 0.253419,	Delta[d](12) = 0.332874,	Delta[d](13) = 0.342923,	Delta[d](14) = 0.253419,	Delta[d](15) = 0.342923,	Delta[s+](0) = 0.547176,	Delta[s+](1) = 0.445664,	Delta[s+](2) = 0.29083,	Delta[s+](3) = 0.445664,	Delta[s+](4) = 0.445664,	Delta[s+](5) = 0.29083,	Delta[s+](6) = 0.136691,	Delta[s+](7) = 0.29083,	Delta[s+](8) = 0.29083,	Delta[s+](9) = 0.136691,	Delta[s+](10) = 0.0332221,	Delta[s+](11) = 0.136691,	Delta[s+](12) = 0.445664,	Delta[s+](13) = 0.29083,	Delta[s+](14) = 0.136691,	Delta[s+](15) = 0.29083
The 10-th iteration is completed.	|| time cost : 0h 4m 5.511s
********************************************************************************************************************
Start the 11 rounds of NGS-ED iteration
	effective electronic model is modified as: kinetic energy t = 0.86942
	                                           effective interaction Vq = [-2.00003,-1.86129,-1.67016,-1.86129,-1.86129,-1.67016,-1.70345,-1.67016,-1.67016,-1.70345,-1.60564,-1.70345,-1.86129,-1.67016,-1.70345,-1.67016]
	PARPACK diagonalization completed after 30 matrix-vector product operations.
	iteration results: : total energy is -50.883017 | electron energy -51.004912 + phonon energy 0.121895 | electron momentum kIdx = 0
The 11-th iteration is completed.	|| time cost : 0h 0m 22.167s
********************************************************************************************************************
Start the 12 rounds of NGS-ED iteration
	effective electronic model is modified as: kinetic energy t = 0.86942
	                                           effective interaction Vq = [-2.00003,-1.86128,-1.67015,-1.86128,-1.86128,-1.67015,-1.70345,-1.67015,-1.67015,-1.70345,-1.60564,-1.70345,-1.86128,-1.67015,-1.70345,-1.67015]
	PARPACK diagonalization completed after 30 matrix-vector product operations.
	iteration results: : total energy is -50.883017 | electron energy -51.004910 + phonon energy 0.121893 | electron momentum kIdx = 0
The 12-th iteration is completed.	|| time cost : 0h 0m 20.661s
********************************************************************************************************************
Start the 13 rounds of NGS-ED iteration
	effective electronic model is modified as: kinetic energy t = 0.869421
	                                           effective interaction Vq = [-2.00003,-1.86128,-1.67015,-1.86128,-1.86128,-1.67015,-1.70345,-1.67015,-1.67015,-1.70345,-1.60563,-1.70345,-1.86128,-1.67015,-1.70345,-1.67015]
	PARPACK diagonalization completed after 30 matrix-vector product operations.
	iteration results: : total energy is -50.883017 | electron energy -51.004909 + phonon energy 0.121893 | electron momentum kIdx = 0
The 13-th iteration is completed.	|| time cost : 0h 0m 20.652s
********************************************************************************************************************
Start the 14 rounds of NGS-ED iteration
	effective electronic model is modified as: kinetic energy t = 0.869421
	                                           effective interaction Vq = [-2.00003,-1.86128,-1.67015,-1.86128,-1.86128,-1.67015,-1.70345,-1.67015,-1.67015,-1.70345,-1.60563,-1.70345,-1.86128,-1.67015,-1.70345,-1.67015]
	PARPACK diagonalization completed after 30 matrix-vector product operations.
	iteration results: : total energy is -50.883017 | electron energy -51.004909 + phonon energy 0.121892 | electron momentum kIdx = 0
The 14-th iteration is completed.	|| time cost : 0h 0m 20.629s
********************************************************************************************************************
Start the 15 rounds of NGS-ED iteration
	effective electronic model is modified as: kinetic energy t = 0.869421
	                                           effective interaction Vq = [-2.00003,-1.86128,-1.67015,-1.86128,-1.86128,-1.67015,-1.70345,-1.67015,-1.67015,-1.70345,-1.60563,-1.70345,-1.86128,-1.67015,-1.70345,-1.67015]
	PARPACK diagonalization completed after 30 matrix-vector product operations.
	iteration results: : total energy is -50.883017 | electron energy -51.004909 + phonon energy 0.121892 | electron momentum kIdx = 0
	Nq(0) = 16,	Nq(1) = 0.344503,	Nq(2) = 0.354904,	Nq(3) = 0.344503,	Nq(4) = 0.344503,	Nq(5) = 0.354904,	Nq(6) = 0.559962,	Nq(7) = 0.354904,	Nq(8) = 0.354904,	Nq(9) = 0.559962,	Nq(10) = 0.580391,	Nq(11) = 0.559962,	Nq(12) = 0.344503,	Nq(13) = 0.354904,	Nq(14) = 0.559962,	Nq(15) = 0.354904,	Sq(0) = -1.06042e-17,	Sq(1) = 0.38894,	Sq(2) = 0.564439,	Sq(3) = 0.38894,	Sq(4) = 0.38894,	Sq(5) = 0.564439,	Sq(6) = 0.657151,	Sq(7) = 0.564439,	Sq(8) = 0.564439,	Sq(9) = 0.657151,	Sq(10) = 2.10132,	Sq(11) = 0.657151,	Sq(12) = 0.38894,	Sq(13) = 0.564439,	Sq(14) = 0.657151,	Sq(15) = 0.564439,	N(0) = 1.9975,	N(1) = 1.99586,	N(2) = 1,	N(3) = 1.99586,	N(4) = 1.99586,	N(5) = 1,	N(6) = 0.00413967,	N(7) = 1,	N(8) = 1,	N(9) = 0.00413967,	N(10) = 0.00250159,	N(11) = 0.00413967,	N(12) = 1.99586,	N(13) = 1,	N(14) = 0.00413967,	N(15) = 1,	Delta[s](0) = 0.255121,	Delta[s](1) = 0.244775,	Delta[s](2) = 0.187883,	Delta[s](3) = 0.244775,	Delta[s](4) = 0.244775,	Delta[s](5) = 0.187883,	Delta[s](6) = 0.178605,	Delta[s](7) = 0.187883,	Delta[s](8) = 0.187883,	Delta[s](9) = 0.178605,	Delta[s](10) = 0.0879049,	Delta[s](11) = 0.178605,	Delta[s](12) = 0.244775,	Delta[s](13) = 0.187883,	Delta[s](14) = 0.178605,	Delta[s](15) = 0.187883,	Delta[d](0) = 0.578119,	Delta[d](1) = 0.332874,	Delta[d](2) = 0.29083,	Delta[d](3) = 0.332874,	Delta[d](4) = 0.332874,	Delta[d](5) = 0.342923,	Delta[d](6) = 0.253419,	Delta[d](7) = 0.342923,	Delta[d](8) = 0.29083,	Delta[d](9) = 0.253419,	Delta[d](10) = 0.112621,	Delta[d](11) = 0.253419,	Delta[d](12) = 0.332874,	Delta[d](13) = 0.342923,	Delta[d](14) = 0.253419,	Delta[d](15) = 0.342923,	Delta[s+](0) = 0.547176,	Delta[s+](1) = 0.445664,	Delta[s+](2) = 0.29083,	Delta[s+](3) = 0.445664,	Delta[s+](4) = 0.445664,	Delta[s+](5) = 0.29083,	Delta[s+](6) = 0.136691,	Delta[s+](7) = 0.29083,	Delta[s+](8) = 0.29083,	Delta[s+](9) = 0.136691,	Delta[s+](10) = 0.0332219,	Delta[s+](11) = 0.136691,	Delta[s+](12) = 0.445664,	Delta[s+](13) = 0.29083,	Delta[s+](14) = 0.136691,	Delta[s+](15) = 0.29083
The 15-th iteration is completed.	|| time cost : 0h 4m 21.479s
********************************************************************************************************************
********************************************************************************************************************
Ground state is obtained after 16 iterations. The current ground-state energy is -50.883, in which electron energy is -51.0049 and phonon energy is 0.121892
final variational state is: 
	Gamma_x = [      1, 1.0549,1.07082, 1.0549, 1.0549,1.07082,1.11169,1.07082,1.07082,1.11169,1.12118,1.11169, 1.0549,1.07082,1.11169,1.07082]
	lambda_q = [ 0.63246,0.465879,0.375604,0.465879,0.465879,0.375604,0.388911,0.375604,0.375604,0.388911,0.351606,0.388911,0.465879,0.375604,0.388911,0.375604]
********************************************************************************************************************
o___o  ----------------------------------------
| L |	Time since last clock: 0h 0m 0s
A===A	Time since the beginning: 0h 21m 54.684s
***********************************************


Non-Gaussina ED ground state calculation is completed. The final ground-state energy is -50.883
********************************************************************************************************************
o___o  ----------------------------------------
| L |	Time since last clock: 0h 0m 0.001s
A===A	Time since the beginning: 0h 21m 54.686s
***********************************************



********************************************************************************************************************
All non-Gaussian ED ground state calculations have been completed. Exit now.
TACC:  Shutdown complete. Exiting. 
