TACC:  Starting up job 4149437 
TACC:  Starting parallel tasks... 
SNEDics v3.4 Non-Gaussian ED ground state program		Start at Tue Aug 13 13:46:28 2019

parallized on 32 MPI threads  * 6 OpenMP threads = 192 total threads.
********************************************************************************************************************
********************************************************************************************************************

********************************************************************************************************************
System parameters and configurations
********************************************************************************************************************
Special program options are enabled: splitted diagonal Hamiltonian
********************************************************************************************************************
Read input file "model_params.in"
	Hubbard-Holstein model parameters : 	t = 1    g = 0.5    W = 0.5    
********************************************************************************************************************
Read input file "hilbertspace_params.in"
	Requested 16-site 2D lattice, with 16 electrons (8, 8)
	Boundary : Periodic		Hilbert space representation : momentum-space (restricted to kIdx = 0)
	Conservation: particle number[U(1)]      spin[U(1)]     momentum
********************************************************************************************************************

Cluster Positions:				Cluster symmetry group : D4
 x ... x ... x ... x .....                       x ... x ... x ... x .....
 |           |           :                       |           |           :
 |           |           :                       |           |           :
12    13    14    15     x                       1     5     6     5     x
 |           |           :                       |           |           :
 |           |           :                       |           |           :
 8 --- 9 ---10 ---11 --- x                       2 --- 6 ---10 --- 6 --- x
 |           |           :                       |           |           :
 |           |           :                       |           |           :
 4     5     6     7     x                       1     5     6     5     x
 |           |           :                       |           |           :
 |           |           :                       |           |           :
 0 --- 1 --- 2 --- 3 --- x                       0 --- 1 --- 2 --- 1 --- x
orbital number : 1
********************************************************************************************************************
Read input file "obs_params.in"
	Observable Type : Nq[All],   Sq[All],   N[All]
********************************************************************************************************************
** WARNING ** the input observables have non-local factors which have been reinterpreted. The total observable number is 48
********************************************************************************************************************


********************************************************************************************************************
Start calculating the non-Gaussian ED ground state
Input file varState.txt exists. Start iterations from it.
open output files: NGSEDIterationObs.txt
Start the 0 rounds of NGS-ED iteration
	effective electronic model is modified as: kinetic energy t = 0.967448
	                                           effective interaction Vq = [-0.499998,-0.175964,-0.110588,-0.175964,-0.175964,-0.110588,-0.119951,-0.110588,-0.110588,-0.119951,-0.465504,-0.119951,-0.175964,-0.110588,-0.119951,-0.110588]
	first Hamiltonian is constructed, non-zero numbers = 9473058108
	PARPACK diagonalization completed after 75 matrix-vector product operations.
	iteration results: : total energy is -33.387251 | electron energy -33.646225 + phonon energy 0.258973 | electron momentum kIdx = 0
	Nq(0) = 16,	Nq(1) = 0.313933,	Nq(2) = 0.353898,	Nq(3) = 0.313933,	Nq(4) = 0.313933,	Nq(5) = 0.353898,	Nq(6) = 0.5571,	Nq(7) = 0.353898,	Nq(8) = 0.353898,	Nq(9) = 0.5571,	Nq(10) = 4.38047,	Nq(11) = 0.5571,	Nq(12) = 0.313933,	Nq(13) = 0.353898,	Nq(14) = 0.5571,	Nq(15) = 0.353898,	Sq(0) = -2.47041e-18,	Sq(1) = 0.299001,	Sq(2) = 0.347038,	Sq(3) = 0.299001,	Sq(4) = 0.299001,	Sq(5) = 0.347038,	Sq(6) = 0.535956,	Sq(7) = 0.347038,	Sq(8) = 0.347038,	Sq(9) = 0.535956,	Sq(10) = 0.589959,	Sq(11) = 0.535956,	Sq(12) = 0.299001,	Sq(13) = 0.347038,	Sq(14) = 0.535956,	Sq(15) = 0.347038,	N(0) = 1.99452,	N(1) = 1.98112,	N(2) = 1,	N(3) = 1.98112,	N(4) = 1.98112,	N(5) = 1,	N(6) = 0.0188849,	N(7) = 1,	N(8) = 1,	N(9) = 0.0188849,	N(10) = 0.00547638,	N(11) = 0.0188849,	N(12) = 1.98112,	N(13) = 1,	N(14) = 0.0188849,	N(15) = 1
The 0-th iteration is completed.	|| time cost : 0h 4m 46.742s
********************************************************************************************************************
Start the 1 rounds of NGS-ED iteration
	effective electronic model is modified as: kinetic energy t = 0.967448
	                                           effective interaction Vq = [-0.499998,-0.175964,-0.110588,-0.175964,-0.175964,-0.110588,-0.119951,-0.110588,-0.110588,-0.119951,-0.465504,-0.119951,-0.175964,-0.110588,-0.119951,-0.110588]
	PARPACK diagonalization completed after 30 matrix-vector product operations.
	iteration results: : total energy is -33.387254 | electron energy -33.646227 + phonon energy 0.258973 | electron momentum kIdx = 0
The 1-th iteration is completed.	|| time cost : 0h 0m 26.694s
********************************************************************************************************************
Start the 2 rounds of NGS-ED iteration
	effective electronic model is modified as: kinetic energy t = 0.967448
	                                           effective interaction Vq = [-0.499998,-0.175964,-0.110588,-0.175964,-0.175964,-0.110588,-0.119951,-0.110588,-0.110588,-0.119951,-0.465504,-0.119951,-0.175964,-0.110588,-0.119951,-0.110588]
	PARPACK diagonalization completed after 30 matrix-vector product operations.
	iteration results: : total energy is -33.387257 | electron energy -33.646230 + phonon energy 0.258973 | electron momentum kIdx = 0
The 2-th iteration is completed.	|| time cost : 0h 0m 24.928s
********************************************************************************************************************
Start the 3 rounds of NGS-ED iteration
	effective electronic model is modified as: kinetic energy t = 0.967448
	                                           effective interaction Vq = [-0.499999,-0.175963,-0.110588,-0.175963,-0.175963,-0.110588,-0.119951,-0.110588,-0.110588,-0.119951,-0.465504,-0.119951,-0.175963,-0.110588,-0.119951,-0.110588]
	PARPACK diagonalization completed after 30 matrix-vector product operations.
	iteration results: : total energy is -33.387259 | electron energy -33.646233 + phonon energy 0.258973 | electron momentum kIdx = 0
The 3-th iteration is completed.	|| time cost : 0h 0m 24.953s
********************************************************************************************************************
Start the 4 rounds of NGS-ED iteration
	effective electronic model is modified as: kinetic energy t = 0.967448
	                                           effective interaction Vq = [-0.499999,-0.175963,-0.110588,-0.175963,-0.175963,-0.110588,-0.119951,-0.110588,-0.110588,-0.119951,-0.465504,-0.119951,-0.175963,-0.110588,-0.119951,-0.110588]
	PARPACK diagonalization completed after 30 matrix-vector product operations.
	iteration results: : total energy is -33.387261 | electron energy -33.646235 + phonon energy 0.258973 | electron momentum kIdx = 0
The 4-th iteration is completed.	|| time cost : 0h 0m 24.948s
********************************************************************************************************************
Start the 5 rounds of NGS-ED iteration
	effective electronic model is modified as: kinetic energy t = 0.967448
	                                           effective interaction Vq = [-0.499999,-0.175963,-0.110587,-0.175963,-0.175963,-0.110587,-0.119951,-0.110587,-0.110587,-0.119951,-0.465504,-0.119951,-0.175963,-0.110587,-0.119951,-0.110587]
	PARPACK diagonalization completed after 30 matrix-vector product operations.
	iteration results: : total energy is -33.387263 | electron energy -33.646237 + phonon energy 0.258973 | electron momentum kIdx = 0
The 5-th iteration is completed.	|| time cost : 0h 0m 24.939s
********************************************************************************************************************
Start the 6 rounds of NGS-ED iteration
	effective electronic model is modified as: kinetic energy t = 0.967448
	                                           effective interaction Vq = [-0.499999,-0.175963,-0.110587,-0.175963,-0.175963,-0.110587,-0.119951,-0.110587,-0.110587,-0.119951,-0.465504,-0.119951,-0.175963,-0.110587,-0.119951,-0.110587]
	PARPACK diagonalization completed after 30 matrix-vector product operations.
	iteration results: : total energy is -33.387265 | electron energy -33.646238 + phonon energy 0.258973 | electron momentum kIdx = 0
The 6-th iteration is completed.	|| time cost : 0h 0m 24.927s
********************************************************************************************************************
Start the 7 rounds of NGS-ED iteration
	effective electronic model is modified as: kinetic energy t = 0.967448
	                                           effective interaction Vq = [-0.499999,-0.175963,-0.110587,-0.175963,-0.175963,-0.110587,-0.119951,-0.110587,-0.110587,-0.119951,-0.465504,-0.119951,-0.175963,-0.110587,-0.119951,-0.110587]
	PARPACK diagonalization completed after 30 matrix-vector product operations.
	iteration results: : total energy is -33.387267 | electron energy -33.646240 + phonon energy 0.258973 | electron momentum kIdx = 0
The 7-th iteration is completed.	|| time cost : 0h 0m 24.933s
********************************************************************************************************************
Start the 8 rounds of NGS-ED iteration
	effective electronic model is modified as: kinetic energy t = 0.967448
	                                           effective interaction Vq = [-0.499999,-0.175963,-0.110587,-0.175963,-0.175963,-0.110587,-0.119951,-0.110587,-0.110587,-0.119951,-0.465504,-0.119951,-0.175963,-0.110587,-0.119951,-0.110587]
	PARPACK diagonalization completed after 30 matrix-vector product operations.
	iteration results: : total energy is -33.387268 | electron energy -33.646241 + phonon energy 0.258973 | electron momentum kIdx = 0
The 8-th iteration is completed.	|| time cost : 0h 0m 24.919s
********************************************************************************************************************
Start the 9 rounds of NGS-ED iteration
	effective electronic model is modified as: kinetic energy t = 0.967448
	                                           effective interaction Vq = [-0.499999,-0.175963,-0.110587,-0.175963,-0.175963,-0.110587,-0.119951,-0.110587,-0.110587,-0.119951,-0.465504,-0.119951,-0.175963,-0.110587,-0.119951,-0.110587]
	PARPACK diagonalization completed after 30 matrix-vector product operations.
	iteration results: : total energy is -33.387270 | electron energy -33.646243 + phonon energy 0.258973 | electron momentum kIdx = 0
The 9-th iteration is completed.	|| time cost : 0h 0m 24.911s
********************************************************************************************************************
Start the 10 rounds of NGS-ED iteration
	effective electronic model is modified as: kinetic energy t = 0.967448
	                                           effective interaction Vq = [-0.499999,-0.175963,-0.110587,-0.175963,-0.175963,-0.110587,-0.119951,-0.110587,-0.110587,-0.119951,-0.465504,-0.119951,-0.175963,-0.110587,-0.119951,-0.110587]
	PARPACK diagonalization completed after 30 matrix-vector product operations.
	iteration results: : total energy is -33.387271 | electron energy -33.646244 + phonon energy 0.258973 | electron momentum kIdx = 0
	Nq(0) = 16,	Nq(1) = 0.313932,	Nq(2) = 0.353898,	Nq(3) = 0.313932,	Nq(4) = 0.313932,	Nq(5) = 0.353898,	Nq(6) = 0.5571,	Nq(7) = 0.353898,	Nq(8) = 0.353898,	Nq(9) = 0.5571,	Nq(10) = 4.38047,	Nq(11) = 0.5571,	Nq(12) = 0.313932,	Nq(13) = 0.353898,	Nq(14) = 0.5571,	Nq(15) = 0.353898,	Sq(0) = 7.21355e-18,	Sq(1) = 0.299,	Sq(2) = 0.347038,	Sq(3) = 0.299,	Sq(4) = 0.299,	Sq(5) = 0.347038,	Sq(6) = 0.535956,	Sq(7) = 0.347038,	Sq(8) = 0.347038,	Sq(9) = 0.535956,	Sq(10) = 0.589959,	Sq(11) = 0.535956,	Sq(12) = 0.299,	Sq(13) = 0.347038,	Sq(14) = 0.535956,	Sq(15) = 0.347038,	N(0) = 1.99452,	N(1) = 1.98112,	N(2) = 1,	N(3) = 1.98112,	N(4) = 1.98112,	N(5) = 1,	N(6) = 0.018885,	N(7) = 1,	N(8) = 1,	N(9) = 0.018885,	N(10) = 0.00547638,	N(11) = 0.018885,	N(12) = 1.98112,	N(13) = 1,	N(14) = 0.018885,	N(15) = 1
The 10-th iteration is completed.	|| time cost : 0h 0m 58.326s
********************************************************************************************************************
Start the 11 rounds of NGS-ED iteration
	effective electronic model is modified as: kinetic energy t = 0.967448
	                                           effective interaction Vq = [-0.499999,-0.175963,-0.110587,-0.175963,-0.175963,-0.110587,-0.119951,-0.110587,-0.110587,-0.119951,-0.465504,-0.119951,-0.175963,-0.110587,-0.119951,-0.110587]
	PARPACK diagonalization completed after 30 matrix-vector product operations.
	iteration results: : total energy is -33.387272 | electron energy -33.646245 + phonon energy 0.258973 | electron momentum kIdx = 0
The 11-th iteration is completed.	|| time cost : 0h 0m 24.928s
********************************************************************************************************************
Start the 12 rounds of NGS-ED iteration
	effective electronic model is modified as: kinetic energy t = 0.967448
	                                           effective interaction Vq = [-0.499999,-0.175963,-0.110587,-0.175963,-0.175963,-0.110587,-0.119951,-0.110587,-0.110587,-0.119951,-0.465504,-0.119951,-0.175963,-0.110587,-0.119951,-0.110587]
	PARPACK diagonalization completed after 30 matrix-vector product operations.
	iteration results: : total energy is -33.387273 | electron energy -33.646246 + phonon energy 0.258973 | electron momentum kIdx = 0
	Nq(0) = 16,	Nq(1) = 0.313932,	Nq(2) = 0.353898,	Nq(3) = 0.313932,	Nq(4) = 0.313932,	Nq(5) = 0.353898,	Nq(6) = 0.5571,	Nq(7) = 0.353898,	Nq(8) = 0.353898,	Nq(9) = 0.5571,	Nq(10) = 4.38047,	Nq(11) = 0.5571,	Nq(12) = 0.313932,	Nq(13) = 0.353898,	Nq(14) = 0.5571,	Nq(15) = 0.353898,	Sq(0) = 3.68442e-18,	Sq(1) = 0.299,	Sq(2) = 0.347038,	Sq(3) = 0.299,	Sq(4) = 0.299,	Sq(5) = 0.347038,	Sq(6) = 0.535956,	Sq(7) = 0.347038,	Sq(8) = 0.347038,	Sq(9) = 0.535956,	Sq(10) = 0.589959,	Sq(11) = 0.535956,	Sq(12) = 0.299,	Sq(13) = 0.347038,	Sq(14) = 0.535956,	Sq(15) = 0.347038,	N(0) = 1.99452,	N(1) = 1.98112,	N(2) = 1,	N(3) = 1.98112,	N(4) = 1.98112,	N(5) = 1,	N(6) = 0.018885,	N(7) = 1,	N(8) = 1,	N(9) = 0.018885,	N(10) = 0.00547638,	N(11) = 0.018885,	N(12) = 1.98112,	N(13) = 1,	N(14) = 0.018885,	N(15) = 1
The 12-th iteration is completed.	|| time cost : 0h 1m 3.252s
********************************************************************************************************************
********************************************************************************************************************
Ground state is obtained after 13 iterations. The current ground-state energy is -33.3873, in which electron energy is -33.6462 and phonon energy is 0.258973
final variational state is: 
	Gamma_x = [      1,1.10339,1.07608,1.10339,1.10339,1.07608,1.13222,1.07608,1.07608,1.13222,3.66624,1.13222,1.10339,1.07608,1.13222,1.07608]
	lambda_q = [0.998968,0.194969,0.117489,0.194969,0.194969,0.117489,0.128164,0.117489,0.117489,0.128164,0.737338,0.128164,0.194969,0.117489,0.128164,0.117489]
********************************************************************************************************************
o___o  ----------------------------------------
| L |	Time since last clock: 0h 0m 0s
A===A	Time since the beginning: 0h 10m 59.405s
***********************************************


********************************************************************************************************************
Non-Gaussina ED ground state calculation is completed. The final ground-state energy is -33.3873
********************************************************************************************************************
o___o  ----------------------------------------
| L |	Time since last clock: 0h 0m 0.01s
A===A	Time since the beginning: 0h 10m 59.415s
***********************************************



********************************************************************************************************************
All non-Gaussian ED ground state calculations have been completed. Exit now.
TACC:  Shutdown complete. Exiting. 
