SNEDics v3.4 Non-Gaussian ED ground state program		Start at Tue Oct  1 14:44:23 2019

parallized on 16 MPI threads  * 8 OpenMP threads = 128 total threads.
********************************************************************************************************************
********************************************************************************************************************

********************************************************************************************************************
System parameters and configurations
********************************************************************************************************************
Special program options are enabled: splitted diagonal Hamiltonian
********************************************************************************************************************
Read input file "model_params.in"
	Hubbard-Holstein model parameters : 	t = 1    U = 6.19    g = 4.1833    W = 5    
********************************************************************************************************************
Read input file "hilbertspace_params.in"
	Requested 16-site 2D lattice, with 16 electrons (8, 8)
	Boundary : Periodic		Hilbert space representation : momentum-space (restricted to kIdx = 0)
	Conservation: particle number[U(1)]      spin[U(1)]     momentum
********************************************************************************************************************

Cluster Positions:				Cluster symmetry group : D4
 x ... x ... x ... x .....                       x ... x ... x ... x .....
 |           |           :                       |           |           :
 |           |           :                       |           |           :
12    13    14    15     x                       1     5     6     5     x
 |           |           :                       |           |           :
 |           |           :                       |           |           :
 8 --- 9 ---10 ---11 --- x                       2 --- 6 ---10 --- 6 --- x
 |           |           :                       |           |           :
 |           |           :                       |           |           :
 4     5     6     7     x                       1     5     6     5     x
 |           |           :                       |           |           :
 |           |           :                       |           |           :
 0 --- 1 --- 2 --- 3 --- x                       0 --- 1 --- 2 --- 1 --- x
orbital number : 1
********************************************************************************************************************
Read input file "obs_params.in"
	Observable Type : Nq(All),   Sq(All),   N(All),   Delta[s](All),   Delta[d](All),   Delta[s+](All)
********************************************************************************************************************
** WARNING ** the input observables have non-local factors which have been reinterpreted. The total observable number is 96
********************************************************************************************************************


********************************************************************************************************************
Start calculating the non-Gaussian ED ground state
** WARNING ** Detected low phonon energy W < 10. The initial state will be prepared through a warm-up process.
********************************************************************************************************************
Start warm-up calculation for scaling factor 2
open output files: NGSEDWarmUpW10Obs.txt
********************************************************************************************************************
Start the 0 rounds of NGS-ED iteration
	effective electronic model is modified as: kinetic energy t = 1
	                                           effective interaction Vq = [-0,-0,-0,-0,-0,-0,-0,-0,-0,-0,-0,-0,-0,-0,-0,-0]
	first Hamiltonian is constructed, non-zero numbers = 2845383612
	PARPACK diagonalization completed after 90 matrix-vector product operations.
	iteration results: : total energy is -10.317770 | electron energy -10.317770 + phonon energy 0.000000 | electron momentum kIdx = 0
	Nq(0) = 16,	Nq(1) = 0.0939955,	Nq(2) = 0.15559,	Nq(3) = 0.0939955,	Nq(4) = 0.0939955,	Nq(5) = 0.15559,	Nq(6) = 0.212103,	Nq(7) = 0.15559,	Nq(8) = 0.15559,	Nq(9) = 0.212103,	Nq(10) = 0.264245,	Nq(11) = 0.212103,	Nq(12) = 0.0939955,	Nq(13) = 0.15559,	Nq(14) = 0.212103,	Nq(15) = 0.15559,	Sq(0) = -7.94508e-19,	Sq(1) = 0.423028,	Sq(2) = 0.635271,	Sq(3) = 0.423028,	Sq(4) = 0.423028,	Sq(5) = 0.635271,	Sq(6) = 0.882749,	Sq(7) = 0.635271,	Sq(8) = 0.635271,	Sq(9) = 0.882749,	Sq(10) = 4.54308,	Sq(11) = 0.882749,	Sq(12) = 0.423028,	Sq(13) = 0.635271,	Sq(14) = 0.882749,	Sq(15) = 0.635271,	N(0) = 1.84969,	N(1) = 1.68855,	N(2) = 1,	N(3) = 1.68855,	N(4) = 1.68855,	N(5) = 1,	N(6) = 0.311446,	N(7) = 1,	N(8) = 1,	N(9) = 0.311446,	N(10) = 0.150307,	N(11) = 0.311446,	N(12) = 1.68855,	N(13) = 1,	N(14) = 0.311446,	N(15) = 1,	Delta[s](0) = 0.116613,	Delta[s](1) = 0.0976942,	Delta[s](2) = 0.0772039,	Delta[s](3) = 0.0976942,	Delta[s](4) = 0.0976942,	Delta[s](5) = 0.0772039,	Delta[s](6) = 0.0548815,	Delta[s](7) = 0.0772039,	Delta[s](8) = 0.0772039,	Delta[s](9) = 0.0548815,	Delta[s](10) = 0.0209508,	Delta[s](11) = 0.0548815,	Delta[s](12) = 0.0976942,	Delta[s](13) = 0.0772039,	Delta[s](14) = 0.0548815,	Delta[s](15) = 0.0772039,	Delta[d](0) = 0.574575,	Delta[d](1) = 0.427191,	Delta[d](2) = 0.329822,	Delta[d](3) = 0.427191,	Delta[d](4) = 0.427191,	Delta[d](5) = 0.338694,	Delta[d](6) = 0.239727,	Delta[d](7) = 0.338694,	Delta[d](8) = 0.329822,	Delta[d](9) = 0.239727,	Delta[d](10) = 0.118286,	Delta[d](11) = 0.239727,	Delta[d](12) = 0.427191,	Delta[d](13) = 0.338694,	Delta[d](14) = 0.239727,	Delta[d](15) = 0.338694,	Delta[s+](0) = 0.608578,	Delta[s+](1) = 0.481076,	Delta[s+](2) = 0.329822,	Delta[s+](3) = 0.481076,	Delta[s+](4) = 0.481076,	Delta[s+](5) = 0.329822,	Delta[s+](6) = 0.182936,	Delta[s+](7) = 0.329822,	Delta[s+](8) = 0.329822,	Delta[s+](9) = 0.182936,	Delta[s+](10) = 0.0601585,	Delta[s+](11) = 0.182936,	Delta[s+](12) = 0.481076,	Delta[s+](13) = 0.329822,	Delta[s+](14) = 0.182936,	Delta[s+](15) = 0.329822
The 0-th iteration is completed.	|| time cost : 0h 8m 24.493s
********************************************************************************************************************
Start the 1 rounds of NGS-ED iteration
	effective electronic model is modified as: kinetic energy t = 0.922586
	                                           effective interaction Vq = [-3.02633,-2.65001,-2.57702,-2.65001,-2.65001,-2.57702,-2.53637,-2.57702,-2.57702,-2.53637,-2.50603,-2.53637,-2.65001,-2.57702,-2.53637,-2.57702]
	PARPACK diagonalization completed after 60 matrix-vector product operations.
	iteration results: : total energy is -67.228843 | electron energy -67.233252 + phonon energy 0.004409 | electron momentum kIdx = 0
The 1-th iteration is completed.	|| time cost : 0h 7m 50.536s
********************************************************************************************************************
Start the 2 rounds of NGS-ED iteration
	effective electronic model is modified as: kinetic energy t = 0.857953
	                                           effective interaction Vq = [ -3.4359,-3.24758,-3.11855,-3.24758,-3.24758,-3.11855,-3.11595,-3.11855,-3.11855,-3.11595,-3.05193,-3.11595,-3.24758,-3.11855,-3.11595,-3.11855]
	PARPACK diagonalization completed after 75 matrix-vector product operations.
	iteration results: : total energy is -75.870825 | electron energy -75.917516 + phonon energy 0.046691 | electron momentum kIdx = 0
The 2-th iteration is completed.	|| time cost : 0h 0m 41.74s
********************************************************************************************************************
Start the 3 rounds of NGS-ED iteration
	effective electronic model is modified as: kinetic energy t = 0.817377
	                                           effective interaction Vq = [-3.49132,-3.39444,-3.36048,-3.39444,-3.39444,-3.36048,  -3.285,-3.36048,-3.36048,  -3.285,-3.27729,  -3.285,-3.39444,-3.36048,  -3.285,-3.36048]
	PARPACK diagonalization completed after 60 matrix-vector product operations.
	iteration results: : total energy is -77.658741 | electron energy -77.753730 + phonon energy 0.094989 | electron momentum kIdx = 0
The 3-th iteration is completed.	|| time cost : 0h 0m 36.73s
********************************************************************************************************************
Start the 4 rounds of NGS-ED iteration
	effective electronic model is modified as: kinetic energy t = 0.802246
	                                           effective interaction Vq = [-3.49883,-3.43034,  -3.419,-3.43034,-3.43034,  -3.419,-3.33302,  -3.419,  -3.419,-3.33302,-3.34485,-3.33302,-3.43034,  -3.419,-3.33302,  -3.419]
	PARPACK diagonalization completed after 45 matrix-vector product operations.
	iteration results: : total energy is -77.899902 | electron energy -78.022850 + phonon energy 0.122948 | electron momentum kIdx = 0
The 4-th iteration is completed.	|| time cost : 0h 0m 32.075s
********************************************************************************************************************
Start the 5 rounds of NGS-ED iteration
	effective electronic model is modified as: kinetic energy t = 0.796806
	                                           effective interaction Vq = [-3.49984,-3.44093,-3.43579,-3.44093,-3.44093,-3.43579,-3.34868,-3.43579,-3.43579,-3.34868, -3.3682,-3.34868,-3.44093,-3.43579,-3.34868,-3.43579]
	PARPACK diagonalization completed after 45 matrix-vector product operations.
	iteration results: : total energy is -77.931556 | electron energy -78.066205 + phonon energy 0.134649 | electron momentum kIdx = 0
The 5-th iteration is completed.	|| time cost : 0h 0m 32.101s
********************************************************************************************************************
Start the 6 rounds of NGS-ED iteration
	effective electronic model is modified as: kinetic energy t = 0.794867
	                                           effective interaction Vq = [-3.49998,-3.44437,-3.44111,-3.44437,-3.44437,-3.44111,-3.35414,-3.44111,-3.44111,-3.35414,-3.37703,-3.35414,-3.44437,-3.44111,-3.35414,-3.44111]
	PARPACK diagonalization completed after 45 matrix-vector product operations.
	iteration results: : total energy is -77.935690 | electron energy -78.074773 + phonon energy 0.139083 | electron momentum kIdx = 0
The 6-th iteration is completed.	|| time cost : 0h 0m 31.974s
********************************************************************************************************************
Start the 7 rounds of NGS-ED iteration
	effective electronic model is modified as: kinetic energy t = 0.794174
	                                           effective interaction Vq = [    -3.5,-3.44553,-3.44286,-3.44553,-3.44553,-3.44286,-3.35609,-3.44286,-3.44286,-3.35609,-3.38057,-3.35609,-3.44553,-3.44286,-3.35609,-3.44286]
	PARPACK diagonalization completed after 45 matrix-vector product operations.
	iteration results: : total energy is -77.936233 | electron energy -78.076949 + phonon energy 0.140716 | electron momentum kIdx = 0
The 7-th iteration is completed.	|| time cost : 0h 0m 32.351s
********************************************************************************************************************
Start the 8 rounds of NGS-ED iteration
	effective electronic model is modified as: kinetic energy t = 0.793925
	                                           effective interaction Vq = [    -3.5,-3.44593,-3.44344,-3.44593,-3.44593,-3.44344,-3.35679,-3.44344,-3.44344,-3.35679,-3.38204,-3.35679,-3.44593,-3.44344,-3.35679,-3.44344]
	PARPACK diagonalization completed after 30 matrix-vector product operations.
	iteration results: : total energy is -77.936306 | electron energy -78.077620 + phonon energy 0.141314 | electron momentum kIdx = 0
The 8-th iteration is completed.	|| time cost : 0h 0m 27.711s
********************************************************************************************************************
Start the 9 rounds of NGS-ED iteration
	effective electronic model is modified as: kinetic energy t = 0.793835
	                                           effective interaction Vq = [    -3.5,-3.44607,-3.44363,-3.44607,-3.44607,-3.44363,-3.35705,-3.44363,-3.44363,-3.35705,-3.38266,-3.35705,-3.44607,-3.44363,-3.35705,-3.44363]
	PARPACK diagonalization completed after 30 matrix-vector product operations.
	iteration results: : total energy is -77.936316 | electron energy -78.077852 + phonon energy 0.141536 | electron momentum kIdx = 0
	Nq(0) = 16,	Nq(1) = 0.405318,	Nq(2) = 0.768153,	Nq(3) = 0.405318,	Nq(4) = 0.405318,	Nq(5) = 0.768153,	Nq(6) = 0.651828,	Nq(7) = 0.768153,	Nq(8) = 0.768153,	Nq(9) = 0.651828,	Nq(10) = 0.957784,	Nq(11) = 0.651828,	Nq(12) = 0.405318,	Nq(13) = 0.768153,	Nq(14) = 0.651828,	Nq(15) = 0.768153,	Sq(0) = -2.84968e-18,	Sq(1) = 0.322517,	Sq(2) = 0.354636,	Sq(3) = 0.322517,	Sq(4) = 0.322517,	Sq(5) = 0.354636,	Sq(6) = 0.550148,	Sq(7) = 0.354636,	Sq(8) = 0.354636,	Sq(9) = 0.550148,	Sq(10) = 0.586235,	Sq(11) = 0.550148,	Sq(12) = 0.322517,	Sq(13) = 0.354636,	Sq(14) = 0.550148,	Sq(15) = 0.354636,	N(0) = 1.99732,	N(1) = 1.99277,	N(2) = 1,	N(3) = 1.99277,	N(4) = 1.99277,	N(5) = 1,	N(6) = 0.00723477,	N(7) = 1,	N(8) = 1,	N(9) = 0.00723477,	N(10) = 0.00268465,	N(11) = 0.00723477,	N(12) = 1.99277,	N(13) = 1,	N(14) = 0.00723477,	N(15) = 1,	Delta[s](0) = 0.653411,	Delta[s](1) = 0.317406,	Delta[s](2) = 0.280836,	Delta[s](3) = 0.317406,	Delta[s](4) = 0.317406,	Delta[s](5) = 0.280836,	Delta[s](6) = 0.261105,	Delta[s](7) = 0.280836,	Delta[s](8) = 0.280836,	Delta[s](9) = 0.261105,	Delta[s](10) = 0.245174,	Delta[s](11) = 0.261105,	Delta[s](12) = 0.317406,	Delta[s](13) = 0.280836,	Delta[s](14) = 0.261105,	Delta[s](15) = 0.280836,	Delta[d](0) = 0.33721,	Delta[d](1) = 0.283984,	Delta[d](2) = 0.258978,	Delta[d](3) = 0.283984,	Delta[d](4) = 0.283984,	Delta[d](5) = 0.254967,	Delta[d](6) = 0.242274,	Delta[d](7) = 0.254967,	Delta[d](8) = 0.258978,	Delta[d](9) = 0.242274,	Delta[d](10) = 0.172905,	Delta[d](11) = 0.242274,	Delta[d](12) = 0.283984,	Delta[d](13) = 0.254967,	Delta[d](14) = 0.242274,	Delta[d](15) = 0.254967,	Delta[s+](0) = 0.460709,	Delta[s+](1) = 0.380065,	Delta[s+](2) = 0.258978,	Delta[s+](3) = 0.380065,	Delta[s+](4) = 0.380065,	Delta[s+](5) = 0.258978,	Delta[s+](6) = 0.133185,	Delta[s+](7) = 0.258978,	Delta[s+](8) = 0.258978,	Delta[s+](9) = 0.133185,	Delta[s+](10) = 0.049533,	Delta[s+](11) = 0.133185,	Delta[s+](12) = 0.380065,	Delta[s+](13) = 0.258978,	Delta[s+](14) = 0.133185,	Delta[s+](15) = 0.258978
The 9-th iteration is completed.	|| time cost : 0h 4m 22.897s
********************************************************************************************************************
********************************************************************************************************************
Ground state is obtained after 10 iterations. The current ground-state energy is -77.9363, in which electron energy is -78.0779 and phonon energy is 0.141536
final variational state is: 
	Gamma_x = [      1, 1.0313, 1.0613, 1.0313, 1.0313, 1.0613,1.07624, 1.0613, 1.0613,1.07624,1.10512,1.07624, 1.0313, 1.0613,1.07624, 1.0613]
	lambda_q = [0.591581,0.518206, 0.51657,0.518206,0.518206, 0.51657,0.472085, 0.51657, 0.51657,0.472085,0.483411,0.472085,0.518206, 0.51657,0.472085, 0.51657]
********************************************************************************************************************
o___o  ----------------------------------------
| L |	Time since last clock: 0h 0m 0s
A===A	Time since the beginning: 0h 24m 32.612s
***********************************************


********************************************************************************************************************
Warm up runs have been completed. Start calculating W = 5 phonon.
open output files: NGSEDIterationObs.txt
********************************************************************************************************************
Start the 0 rounds of NGS-ED iteration
	effective electronic model is modified as: kinetic energy t = 0.793802
	                                           effective interaction Vq = [-3.19968,-2.99293,-2.98771,-2.99293,-2.99293,-2.98771,-2.83543,-2.98771,-2.98771,-2.83543,-2.87608,-2.83543,-2.99293,-2.98771,-2.83543,-2.98771]
	PARPACK diagonalization completed after 75 matrix-vector product operations.
	iteration results: : total energy is -69.039612 | electron energy -69.110421 + phonon energy 0.070809 | electron momentum kIdx = 0
	Nq(0) = 16,	Nq(1) = 0.350785,	Nq(2) = 0.370561,	Nq(3) = 0.350785,	Nq(4) = 0.350785,	Nq(5) = 0.370561,	Nq(6) = 0.560265,	Nq(7) = 0.370561,	Nq(8) = 0.370561,	Nq(9) = 0.560265,	Nq(10) = 0.595271,	Nq(11) = 0.560265,	Nq(12) = 0.350785,	Nq(13) = 0.370561,	Nq(14) = 0.560265,	Nq(15) = 0.370561,	Sq(0) = -1.00731e-17,	Sq(1) = 0.387664,	Sq(2) = 0.558571,	Sq(3) = 0.387664,	Sq(4) = 0.387664,	Sq(5) = 0.558571,	Sq(6) = 0.648179,	Sq(7) = 0.558571,	Sq(8) = 0.558571,	Sq(9) = 0.648179,	Sq(10) = 2.04237,	Sq(11) = 0.648179,	Sq(12) = 0.387664,	Sq(13) = 0.558571,	Sq(14) = 0.648179,	Sq(15) = 0.558571,	N(0) = 1.99891,	N(1) = 1.99724,	N(2) = 1,	N(3) = 1.99724,	N(4) = 1.99724,	N(5) = 1,	N(6) = 0.00275508,	N(7) = 1,	N(8) = 1,	N(9) = 0.00275508,	N(10) = 0.00109353,	N(11) = 0.00275508,	N(12) = 1.99724,	N(13) = 1,	N(14) = 0.00275508,	N(15) = 1,	Delta[s](0) = 0.241071,	Delta[s](1) = 0.233865,	Delta[s](2) = 0.195259,	Delta[s](3) = 0.233865,	Delta[s](4) = 0.233865,	Delta[s](5) = 0.195259,	Delta[s](6) = 0.188853,	Delta[s](7) = 0.195259,	Delta[s](8) = 0.195259,	Delta[s](9) = 0.188853,	Delta[s](10) = 0.12792,	Delta[s](11) = 0.188853,	Delta[s](12) = 0.233865,	Delta[s](13) = 0.195259,	Delta[s](14) = 0.188853,	Delta[s](15) = 0.195259,	Delta[d](0) = 0.54184,	Delta[d](1) = 0.334062,	Delta[d](2) = 0.290836,	Delta[d](3) = 0.334062,	Delta[d](4) = 0.334062,	Delta[d](5) = 0.33764,	Delta[d](6) = 0.257893,	Delta[d](7) = 0.33764,	Delta[d](8) = 0.290836,	Delta[d](9) = 0.257893,	Delta[d](10) = 0.138123,	Delta[d](11) = 0.257893,	Delta[d](12) = 0.334062,	Delta[d](13) = 0.33764,	Delta[d](14) = 0.257893,	Delta[d](15) = 0.33764,	Delta[s+](0) = 0.521246,	Delta[s+](1) = 0.429357,	Delta[s+](2) = 0.290836,	Delta[s+](3) = 0.429357,	Delta[s+](4) = 0.429357,	Delta[s+](5) = 0.290836,	Delta[s+](6) = 0.152992,	Delta[s+](7) = 0.290836,	Delta[s+](8) = 0.290836,	Delta[s+](9) = 0.152992,	Delta[s+](10) = 0.0534444,	Delta[s+](11) = 0.152992,	Delta[s+](12) = 0.429357,	Delta[s+](13) = 0.290836,	Delta[s+](14) = 0.152992,	Delta[s+](15) = 0.290836
The 0-th iteration is completed.	|| time cost : 0h 4m 38.531s
********************************************************************************************************************
Start the 1 rounds of NGS-ED iteration
	effective electronic model is modified as: kinetic energy t = 0.783992
	                                           effective interaction Vq = [-3.38952,-3.15909,-3.00795,-3.15909,-3.15909,-3.00795,-2.95936,-3.00795,-3.00795,-2.95936,-2.90194,-2.95936,-3.15909,-3.00795,-2.95936,-3.00795]
	PARPACK diagonalization completed after 60 matrix-vector product operations.
	iteration results: : total energy is -72.307989 | electron energy -72.502703 + phonon energy 0.194714 | electron momentum kIdx = 0
The 1-th iteration is completed.	|| time cost : 0h 0m 37.183s
********************************************************************************************************************
Start the 2 rounds of NGS-ED iteration
	effective electronic model is modified as: kinetic energy t = 0.774021
	                                           effective interaction Vq = [-3.45936,-3.25034,-3.02832,-3.25034,-3.25034,-3.02832,-3.04232,-3.02832,-3.02832,-3.04232,-2.93252,-3.04232,-3.25034,-3.02832,-3.04232,-3.02832]
	PARPACK diagonalization completed after 60 matrix-vector product operations.
	iteration results: : total energy is -73.520816 | electron energy -73.789676 + phonon energy 0.268860 | electron momentum kIdx = 0
The 2-th iteration is completed.	|| time cost : 0h 0m 37.029s
********************************************************************************************************************
Start the 3 rounds of NGS-ED iteration
	effective electronic model is modified as: kinetic energy t = 0.766385
	                                           effective interaction Vq = [-3.48505,-3.30233,-3.04333,-3.30233,-3.30233,-3.04333, -3.0962,-3.04333,-3.04333, -3.0962,-2.95492, -3.0962,-3.30233,-3.04333, -3.0962,-3.04333]
	PARPACK diagonalization completed after 60 matrix-vector product operations.
	iteration results: : total energy is -73.974008 | electron energy -74.285487 + phonon energy 0.311479 | electron momentum kIdx = 0
The 3-th iteration is completed.	|| time cost : 0h 0m 37.039s
********************************************************************************************************************
Start the 4 rounds of NGS-ED iteration
	effective electronic model is modified as: kinetic energy t = 0.761034
	                                           effective interaction Vq = [ -3.4945,-3.33284,-3.05347,-3.33284,-3.33284,-3.05347,-3.13104,-3.05347,-3.05347,-3.13104,-2.96955,-3.13104,-3.33284,-3.05347,-3.13104,-3.05347]
	PARPACK diagonalization completed after 60 matrix-vector product operations.
	iteration results: : total energy is -74.143757 | electron energy -74.481004 + phonon energy 0.337248 | electron momentum kIdx = 0
The 4-th iteration is completed.	|| time cost : 0h 0m 37.081s
********************************************************************************************************************
Start the 5 rounds of NGS-ED iteration
	effective electronic model is modified as: kinetic energy t = 0.757419
	                                           effective interaction Vq = [-3.49798,-3.35116,-3.06014,-3.35116,-3.35116,-3.06014,-3.15362,-3.06014,-3.06014,-3.15362,-2.97876,-3.15362,-3.35116,-3.06014,-3.15362,-3.06014]
	PARPACK diagonalization completed after 60 matrix-vector product operations.
	iteration results: : total energy is -74.207435 | electron energy -74.560909 + phonon energy 0.353474 | electron momentum kIdx = 0
The 5-th iteration is completed.	|| time cost : 0h 0m 36.725s
********************************************************************************************************************
Start the 6 rounds of NGS-ED iteration
	effective electronic model is modified as: kinetic energy t = 0.75502
	                                           effective interaction Vq = [-3.49926,-3.36236, -3.0645,-3.36236,-3.36236, -3.0645,-3.16832, -3.0645, -3.0645,-3.16832,-2.98448,-3.16832,-3.36236, -3.0645,-3.16832, -3.0645]
	PARPACK diagonalization completed after 60 matrix-vector product operations.
	iteration results: : total energy is -74.231361 | electron energy -74.595283 + phonon energy 0.363922 | electron momentum kIdx = 0
The 6-th iteration is completed.	|| time cost : 0h 0m 36.841s
********************************************************************************************************************
Start the 7 rounds of NGS-ED iteration
	effective electronic model is modified as: kinetic energy t = 0.75344
	                                           effective interaction Vq = [-3.49973,-3.36931,-3.06735,-3.36931,-3.36931,-3.06735,-3.17791,-3.06735,-3.06735,-3.17791,-2.98802,-3.17791,-3.36931,-3.06735,-3.17791,-3.06735]
	PARPACK diagonalization completed after 60 matrix-vector product operations.
	iteration results: : total energy is -74.240368 | electron energy -74.611087 + phonon energy 0.370719 | electron momentum kIdx = 0
The 7-th iteration is completed.	|| time cost : 0h 0m 36.917s
********************************************************************************************************************
Start the 8 rounds of NGS-ED iteration
	effective electronic model is modified as: kinetic energy t = 0.752405
	                                           effective interaction Vq = [ -3.4999,-3.37365,-3.06922,-3.37365,-3.37365,-3.06922,-3.18419,-3.06922,-3.06922,-3.18419,-2.99021,-3.18419,-3.37365,-3.06922,-3.18419,-3.06922]
	PARPACK diagonalization completed after 60 matrix-vector product operations.
	iteration results: : total energy is -74.243767 | electron energy -74.618927 + phonon energy 0.375160 | electron momentum kIdx = 0
The 8-th iteration is completed.	|| time cost : 0h 0m 36.997s
********************************************************************************************************************
Start the 9 rounds of NGS-ED iteration
	effective electronic model is modified as: kinetic energy t = 0.751729
	                                           effective interaction Vq = [-3.49996,-3.37639,-3.07045,-3.37639,-3.37639,-3.07045,-3.18831,-3.07045,-3.07045,-3.18831,-2.99156,-3.18831,-3.37639,-3.07045,-3.18831,-3.07045]
	PARPACK diagonalization completed after 60 matrix-vector product operations.
	iteration results: : total energy is -74.245053 | electron energy -74.623119 + phonon energy 0.378066 | electron momentum kIdx = 0
The 9-th iteration is completed.	|| time cost : 0h 0m 36.769s
********************************************************************************************************************
Start the 10 rounds of NGS-ED iteration
	effective electronic model is modified as: kinetic energy t = 0.751288
	                                           effective interaction Vq = [-3.49999,-3.37812,-3.07125,-3.37812,-3.37812,-3.07125,-3.19101,-3.07125,-3.07125,-3.19101, -2.9924,-3.19101,-3.37812,-3.07125,-3.19101,-3.07125]
	PARPACK diagonalization completed after 60 matrix-vector product operations.
	iteration results: : total energy is -74.245541 | electron energy -74.625509 + phonon energy 0.379968 | electron momentum kIdx = 0
	Nq(0) = 16,	Nq(1) = 0.450583,	Nq(2) = 0.371418,	Nq(3) = 0.450583,	Nq(4) = 0.450583,	Nq(5) = 0.371418,	Nq(6) = 0.663106,	Nq(7) = 0.371418,	Nq(8) = 0.371418,	Nq(9) = 0.663106,	Nq(10) = 0.600753,	Nq(11) = 0.663106,	Nq(12) = 0.450583,	Nq(13) = 0.371418,	Nq(14) = 0.663106,	Nq(15) = 0.371418,	Sq(0) = 1.78502e-18,	Sq(1) = 0.36087,	Sq(2) = 0.527294,	Sq(3) = 0.36087,	Sq(4) = 0.36087,	Sq(5) = 0.527294,	Sq(6) = 0.603086,	Sq(7) = 0.527294,	Sq(8) = 0.527294,	Sq(9) = 0.603086,	Sq(10) = 1.69639,	Sq(11) = 0.603086,	Sq(12) = 0.36087,	Sq(13) = 0.527294,	Sq(14) = 0.603086,	Sq(15) = 0.527294,	N(0) = 1.9997,	N(1) = 1.99553,	N(2) = 1,	N(3) = 1.99553,	N(4) = 1.99553,	N(5) = 1,	N(6) = 0.00447459,	N(7) = 1,	N(8) = 1,	N(9) = 0.00447459,	N(10) = 0.000295619,	N(11) = 0.00447459,	N(12) = 1.99553,	N(13) = 1,	N(14) = 0.00447459,	N(15) = 1,	Delta[s](0) = 0.257656,	Delta[s](1) = 0.259492,	Delta[s](2) = 0.218277,	Delta[s](3) = 0.259492,	Delta[s](4) = 0.259492,	Delta[s](5) = 0.218277,	Delta[s](6) = 0.219079,	Delta[s](7) = 0.218277,	Delta[s](8) = 0.218277,	Delta[s](9) = 0.219079,	Delta[s](10) = 0.160412,	Delta[s](11) = 0.219079,	Delta[s](12) = 0.259492,	Delta[s](13) = 0.218277,	Delta[s](14) = 0.219079,	Delta[s](15) = 0.218277,	Delta[d](0) = 0.568474,	Delta[d](1) = 0.346146,	Delta[d](2) = 0.307602,	Delta[d](3) = 0.346146,	Delta[d](4) = 0.346146,	Delta[d](5) = 0.355333,	Delta[d](6) = 0.27901,	Delta[d](7) = 0.355333,	Delta[d](8) = 0.307602,	Delta[d](9) = 0.27901,	Delta[d](10) = 0.162646,	Delta[d](11) = 0.27901,	Delta[d](12) = 0.346146,	Delta[d](13) = 0.355333,	Delta[d](14) = 0.27901,	Delta[d](15) = 0.355333,	Delta[s+](0) = 0.534249,	Delta[s+](1) = 0.441439,	Delta[s+](2) = 0.307602,	Delta[s+](3) = 0.441439,	Delta[s+](4) = 0.441439,	Delta[s+](5) = 0.307602,	Delta[s+](6) = 0.167783,	Delta[s+](7) = 0.307602,	Delta[s+](8) = 0.307602,	Delta[s+](9) = 0.167783,	Delta[s+](10) = 0.0695935,	Delta[s+](11) = 0.167783,	Delta[s+](12) = 0.441439,	Delta[s+](13) = 0.307602,	Delta[s+](14) = 0.167783,	Delta[s+](15) = 0.307602
The 10-th iteration is completed.	|| time cost : 0h 4m 33.333s
********************************************************************************************************************
Start the 11 rounds of NGS-ED iteration
	effective electronic model is modified as: kinetic energy t = 0.751
	                                           effective interaction Vq = [-3.49999,-3.37922,-3.07178,-3.37922,-3.37922,-3.07178,-3.19279,-3.07178,-3.07178,-3.19279,-2.99291,-3.19279,-3.37922,-3.07178,-3.19279,-3.07178]
	PARPACK diagonalization completed after 60 matrix-vector product operations.
	iteration results: : total energy is -74.245727 | electron energy -74.626939 + phonon energy 0.381213 | electron momentum kIdx = 0
The 11-th iteration is completed.	|| time cost : 0h 0m 36.748s
********************************************************************************************************************
Start the 12 rounds of NGS-ED iteration
	effective electronic model is modified as: kinetic energy t = 0.750812
	                                           effective interaction Vq = [    -3.5,-3.37993,-3.07212,-3.37993,-3.37993,-3.07212,-3.19395,-3.07212,-3.07212,-3.19395,-2.99323,-3.19395,-3.37993,-3.07212,-3.19395,-3.07212]
	PARPACK diagonalization completed after 45 matrix-vector product operations.
	iteration results: : total energy is -74.245798 | electron energy -74.627825 + phonon energy 0.382027 | electron momentum kIdx = 0
The 12-th iteration is completed.	|| time cost : 0h 0m 32.048s
********************************************************************************************************************
Start the 13 rounds of NGS-ED iteration
	effective electronic model is modified as: kinetic energy t = 0.75069
	                                           effective interaction Vq = [    -3.5,-3.38037,-3.07235,-3.38037,-3.38037,-3.07235,-3.19472,-3.07235,-3.07235,-3.19472,-2.99343,-3.19472,-3.38037,-3.07235,-3.19472,-3.07235]
	PARPACK diagonalization completed after 45 matrix-vector product operations.
	iteration results: : total energy is -74.245825 | electron energy -74.628384 + phonon energy 0.382559 | electron momentum kIdx = 0
The 13-th iteration is completed.	|| time cost : 0h 0m 31.964s
********************************************************************************************************************
Start the 14 rounds of NGS-ED iteration
	effective electronic model is modified as: kinetic energy t = 0.750611
	                                           effective interaction Vq = [    -3.5,-3.38066, -3.0725,-3.38066,-3.38066, -3.0725,-3.19522, -3.0725, -3.0725,-3.19522,-2.99355,-3.19522,-3.38066, -3.0725,-3.19522, -3.0725]
	PARPACK diagonalization completed after 45 matrix-vector product operations.
	iteration results: : total energy is -74.245836 | electron energy -74.628743 + phonon energy 0.382907 | electron momentum kIdx = 0
The 14-th iteration is completed.	|| time cost : 0h 0m 32.519s
********************************************************************************************************************
Start the 15 rounds of NGS-ED iteration
	effective electronic model is modified as: kinetic energy t = 0.750559
	                                           effective interaction Vq = [    -3.5,-3.38084,-3.07259,-3.38084,-3.38084,-3.07259,-3.19555,-3.07259,-3.07259,-3.19555,-2.99363,-3.19555,-3.38084,-3.07259,-3.19555,-3.07259]
	PARPACK diagonalization completed after 45 matrix-vector product operations.
	iteration results: : total energy is -74.245840 | electron energy -74.628974 + phonon energy 0.383135 | electron momentum kIdx = 0
The 15-th iteration is completed.	|| time cost : 0h 0m 32.103s
********************************************************************************************************************
Start the 16 rounds of NGS-ED iteration
	effective electronic model is modified as: kinetic energy t = 0.750525
	                                           effective interaction Vq = [    -3.5,-3.38096,-3.07265,-3.38096,-3.38096,-3.07265,-3.19577,-3.07265,-3.07265,-3.19577,-2.99368,-3.19577,-3.38096,-3.07265,-3.19577,-3.07265]
	PARPACK diagonalization completed after 45 matrix-vector product operations.
	iteration results: : total energy is -74.245841 | electron energy -74.629124 + phonon energy 0.383283 | electron momentum kIdx = 0
The 16-th iteration is completed.	|| time cost : 0h 0m 32.365s
********************************************************************************************************************
Start the 17 rounds of NGS-ED iteration
	effective electronic model is modified as: kinetic energy t = 0.750503
	                                           effective interaction Vq = [    -3.5,-3.38103,-3.07269,-3.38103,-3.38103,-3.07269,-3.19591,-3.07269,-3.07269,-3.19591,-2.99371,-3.19591,-3.38103,-3.07269,-3.19591,-3.07269]
	PARPACK diagonalization completed after 30 matrix-vector product operations.
	iteration results: : total energy is -74.245842 | electron energy -74.629222 + phonon energy 0.383380 | electron momentum kIdx = 0
The 17-th iteration is completed.	|| time cost : 0h 0m 27.354s
********************************************************************************************************************
Start the 18 rounds of NGS-ED iteration
	effective electronic model is modified as: kinetic energy t = 0.750489
	                                           effective interaction Vq = [    -3.5,-3.38108,-3.07272,-3.38108,-3.38108,-3.07272,-3.19601,-3.07272,-3.07272,-3.19601,-2.99373,-3.19601,-3.38108,-3.07272,-3.19601,-3.07272]
	PARPACK diagonalization completed after 30 matrix-vector product operations.
	iteration results: : total energy is -74.245842 | electron energy -74.629286 + phonon energy 0.383443 | electron momentum kIdx = 0
The 18-th iteration is completed.	|| time cost : 0h 0m 27.627s
********************************************************************************************************************
Start the 19 rounds of NGS-ED iteration
	effective electronic model is modified as: kinetic energy t = 0.75048
	                                           effective interaction Vq = [    -3.5,-3.38111,-3.07273,-3.38111,-3.38111,-3.07273,-3.19607,-3.07273,-3.07273,-3.19607,-2.99374,-3.19607,-3.38111,-3.07273,-3.19607,-3.07273]
	PARPACK diagonalization completed after 30 matrix-vector product operations.
	iteration results: : total energy is -74.245842 | electron energy -74.629327 + phonon energy 0.383485 | electron momentum kIdx = 0
The 19-th iteration is completed.	|| time cost : 0h 0m 27.358s
********************************************************************************************************************
Start the 20 rounds of NGS-ED iteration
	effective electronic model is modified as: kinetic energy t = 0.750474
	                                           effective interaction Vq = [    -3.5,-3.38113,-3.07275,-3.38113,-3.38113,-3.07275,-3.19611,-3.07275,-3.07275,-3.19611,-2.99374,-3.19611,-3.38113,-3.07275,-3.19611,-3.07275]
	PARPACK diagonalization completed after 30 matrix-vector product operations.
	iteration results: : total energy is -74.245842 | electron energy -74.629354 + phonon energy 0.383512 | electron momentum kIdx = 0
	Nq(0) = 16,	Nq(1) = 0.45176,	Nq(2) = 0.371425,	Nq(3) = 0.45176,	Nq(4) = 0.45176,	Nq(5) = 0.371425,	Nq(6) = 0.664931,	Nq(7) = 0.371425,	Nq(8) = 0.371425,	Nq(9) = 0.664931,	Nq(10) = 0.600624,	Nq(11) = 0.664931,	Nq(12) = 0.45176,	Nq(13) = 0.371425,	Nq(14) = 0.664931,	Nq(15) = 0.371425,	Sq(0) = -2.94608e-18,	Sq(1) = 0.360448,	Sq(2) = 0.526781,	Sq(3) = 0.360448,	Sq(4) = 0.360449,	Sq(5) = 0.526781,	Sq(6) = 0.602437,	Sq(7) = 0.526781,	Sq(8) = 0.526781,	Sq(9) = 0.602437,	Sq(10) = 1.69184,	Sq(11) = 0.602437,	Sq(12) = 0.360449,	Sq(13) = 0.526781,	Sq(14) = 0.602437,	Sq(15) = 0.526781,	N(0) = 1.99968,	N(1) = 1.99536,	N(2) = 1,	N(3) = 1.99536,	N(4) = 1.99536,	N(5) = 1,	N(6) = 0.0046364,	N(7) = 1,	N(8) = 0.999998,	N(9) = 0.0046364,	N(10) = 0.00031678,	N(11) = 0.0046364,	N(12) = 1.99536,	N(13) = 1,	N(14) = 0.0046364,	N(15) = 1,	Delta[s](0) = 0.257896,	Delta[s](1) = 0.259847,	Delta[s](2) = 0.218629,	Delta[s](3) = 0.259847,	Delta[s](4) = 0.259847,	Delta[s](5) = 0.218629,	Delta[s](6) = 0.219502,	Delta[s](7) = 0.218629,	Delta[s](8) = 0.218629,	Delta[s](9) = 0.219502,	Delta[s](10) = 0.160904,	Delta[s](11) = 0.219502,	Delta[s](12) = 0.259847,	Delta[s](13) = 0.218629,	Delta[s](14) = 0.219502,	Delta[s](15) = 0.218629,	Delta[d](0) = 0.56857,	Delta[d](1) = 0.346138,	Delta[d](2) = 0.307661,	Delta[d](3) = 0.346138,	Delta[d](4) = 0.346137,	Delta[d](5) = 0.355327,	Delta[d](6) = 0.27914,	Delta[d](7) = 0.355327,	Delta[d](8) = 0.30766,	Delta[d](9) = 0.27914,	Delta[d](10) = 0.162866,	Delta[d](11) = 0.27914,	Delta[d](12) = 0.346137,	Delta[d](13) = 0.355327,	Delta[d](14) = 0.27914,	Delta[d](15) = 0.355327,	Delta[s+](0) = 0.534075,	Delta[s+](1) = 0.441327,	Delta[s+](2) = 0.307661,	Delta[s+](3) = 0.441327,	Delta[s+](4) = 0.441326,	Delta[s+](5) = 0.307661,	Delta[s+](6) = 0.167938,	Delta[s+](7) = 0.307661,	Delta[s+](8) = 0.30766,	Delta[s+](9) = 0.167938,	Delta[s+](10) = 0.0698287,	Delta[s+](11) = 0.167938,	Delta[s+](12) = 0.441326,	Delta[s+](13) = 0.307661,	Delta[s+](14) = 0.167938,	Delta[s+](15) = 0.307661
The 20-th iteration is completed.	|| time cost : 0h 4m 27.424s
********************************************************************************************************************
Start the 21 rounds of NGS-ED iteration
	effective electronic model is modified as: kinetic energy t = 0.75047
	                                           effective interaction Vq = [    -3.5,-3.38114,-3.07275,-3.38114,-3.38114,-3.07275,-3.19614,-3.07275,-3.07275,-3.19614,-2.99375,-3.19614,-3.38114,-3.07275,-3.19614,-3.07275]
	PARPACK diagonalization completed after 30 matrix-vector product operations.
	iteration results: : total energy is -74.245842 | electron energy -74.629372 + phonon energy 0.383529 | electron momentum kIdx = 0
The 21-th iteration is completed.	|| time cost : 0h 0m 27.335s
********************************************************************************************************************
Start the 22 rounds of NGS-ED iteration
	effective electronic model is modified as: kinetic energy t = 0.750467
	                                           effective interaction Vq = [    -3.5,-3.38115,-3.07276,-3.38115,-3.38115,-3.07276,-3.19615,-3.07276,-3.07276,-3.19615,-2.99375,-3.19615,-3.38115,-3.07276,-3.19615,-3.07276]
	PARPACK diagonalization completed after 30 matrix-vector product operations.
	iteration results: : total energy is -74.245842 | electron energy -74.629383 + phonon energy 0.383541 | electron momentum kIdx = 0
The 22-th iteration is completed.	|| time cost : 0h 0m 27.334s
********************************************************************************************************************
Start the 23 rounds of NGS-ED iteration
	effective electronic model is modified as: kinetic energy t = 0.750466
	                                           effective interaction Vq = [    -3.5,-3.38116,-3.07276,-3.38116,-3.38116,-3.07276,-3.19617,-3.07276,-3.07276,-3.19617,-2.99375,-3.19617,-3.38116,-3.07276,-3.19617,-3.07276]
	PARPACK diagonalization completed after 30 matrix-vector product operations.
	iteration results: : total energy is -74.245842 | electron energy -74.629391 + phonon energy 0.383548 | electron momentum kIdx = 0
The 23-th iteration is completed.	|| time cost : 0h 0m 27.644s
********************************************************************************************************************
Start the 24 rounds of NGS-ED iteration
	effective electronic model is modified as: kinetic energy t = 0.750464
	                                           effective interaction Vq = [    -3.5,-3.38116,-3.07276,-3.38116,-3.38116,-3.07276,-3.19617,-3.07276,-3.07276,-3.19617,-2.99375,-3.19617,-3.38116,-3.07276,-3.19617,-3.07276]
	PARPACK diagonalization completed after 30 matrix-vector product operations.
	iteration results: : total energy is -74.245842 | electron energy -74.629396 + phonon energy 0.383553 | electron momentum kIdx = 0
The 24-th iteration is completed.	|| time cost : 0h 0m 27.336s
