TACC:  Starting up job 1744374 
TACC:  Starting parallel tasks... 
SNEDics v3.4 Non-Gaussian ED ground state program		Start at Sun Oct 11 00:48:45 2020

parallized on 16 MPI threads  * 7 OpenMP threads = 112 total threads.
********************************************************************************************************************
********************************************************************************************************************

********************************************************************************************************************
System parameters and configurations
********************************************************************************************************************
Special program options are enabled: splitted diagonal Hamiltonian
********************************************************************************************************************
Read input file "model_params.in"
	Hubbard-Holstein model parameters : 	t = 1    U = 8    g = 0.07    W = 0.2    
********************************************************************************************************************
Read input file "hilbertspace_params.in"
	Requested 16-site 2D lattice, with 14 electrons (7, 7)
	Boundary : Periodic		Hilbert space representation : momentum-space (restricted to kIdx = 0)
	Conservation: particle number[U(1)]      spin[U(1)]     momentum
********************************************************************************************************************

Cluster Positions:				Cluster symmetry group : D4
 x ... x ... x ... x .....                       x ... x ... x ... x .....
 |           |           :                       |           |           :
 |           |           :                       |           |           :
12    13    14    15     x                       1     5     6     5     x
 |           |           :                       |           |           :
 |           |           :                       |           |           :
 8 --- 9 ---10 ---11 --- x                       2 --- 6 ---10 --- 6 --- x
 |           |           :                       |           |           :
 |           |           :                       |           |           :
 4     5     6     7     x                       1     5     6     5     x
 |           |           :                       |           |           :
 |           |           :                       |           |           :
 0 --- 1 --- 2 --- 3 --- x                       0 --- 1 --- 2 --- 1 --- x
orbital number : 1
********************************************************************************************************************
Read input file "obs_params.in"
	Observable Type : Nq(All),   Sq(All),   N(All),   Delta[s](All),   Delta[d](All),   Delta[s+](All)
********************************************************************************************************************
** WARNING ** the input observables have non-local factors which have been reinterpreted. The total observable number is 96
********************************************************************************************************************


********************************************************************************************************************
Start calculating the non-Gaussian ED ground state
** WARNING ** Detected low phonon energy W < 10. The initial state will be prepared through a warm-up process.
********************************************************************************************************************
Start warm-up calculation for scaling factor 64
open output files: NGSEDWarmUpW12.8Obs.txt
********************************************************************************************************************
Start the 0 rounds of NGS-ED iteration
	effective electronic model is modified as: kinetic energy t = 1
	                                           effective interaction Vq = [0,0,0,0,0,0,0,0,0,0,0,0,0,0,0,0]
	first Hamiltonian is constructed, non-zero numbers = 2178478298
	PARPACK diagonalization completed after 165 matrix-vector product operations.
	iteration results: : total energy is -11.868836 | electron energy -11.868836 + phonon energy 0.000000 | electron momentum kIdx = 0
	Nq(0) = 12.25,	Nq(1) = 0.154193,	Nq(2) = 0.185311,	Nq(3) = 0.154193,	Nq(4) = 0.154193,	Nq(5) = 0.203281,	Nq(6) = 0.235634,	Nq(7) = 0.203281,	Nq(8) = 0.185311,	Nq(9) = 0.235634,	Nq(10) = 0.275446,	Nq(11) = 0.235634,	Nq(12) = 0.154193,	Nq(13) = 0.203281,	Nq(14) = 0.235634,	Nq(15) = 0.203281,	Sq(0) = 1.11096e-18,	Sq(1) = 0.474292,	Sq(2) = 0.766364,	Sq(3) = 0.474292,	Sq(4) = 0.474292,	Sq(5) = 0.630724,	Sq(6) = 1.05279,	Sq(7) = 0.630724,	Sq(8) = 0.766364,	Sq(9) = 1.05279,	Sq(10) = 2.56755,	Sq(11) = 1.05279,	Sq(12) = 0.474292,	Sq(13) = 0.630724,	Sq(14) = 1.05279,	Sq(15) = 0.630724,	N(0) = 1.75464,	N(1) = 1.59086,	N(2) = 0.323321,	N(3) = 1.59086,	N(4) = 1.59086,	N(5) = 0.999881,	N(6) = 0.267546,	N(7) = 0.999881,	N(8) = 0.323321,	N(9) = 0.267546,	N(10) = 0.165565,	N(11) = 0.267546,	N(12) = 1.59086,	N(13) = 0.999881,	N(14) = 0.267546,	N(15) = 0.999881,	Delta[s](0) = 0.0793024,	Delta[s](1) = 0.0592423,	Delta[s](2) = 0.0354001,	Delta[s](3) = 0.0592423,	Delta[s](4) = 0.0592423,	Delta[s](5) = 0.0423024,	Delta[s](6) = 0.0194666,	Delta[s](7) = 0.0423024,	Delta[s](8) = 0.0354001,	Delta[s](9) = 0.0194666,	Delta[s](10) = 0.000101917,	Delta[s](11) = 0.0194666,	Delta[s](12) = 0.0592423,	Delta[s](13) = 0.0423024,	Delta[s](14) = 0.0194666,	Delta[s](15) = 0.0423024,	Delta[d](0) = 0.2761,	Delta[d](1) = 0.189673,	Delta[d](2) = 0.199526,	Delta[d](3) = 0.189673,	Delta[d](4) = 0.189673,	Delta[d](5) = 0.176445,	Delta[d](6) = 0.132335,	Delta[d](7) = 0.176445,	Delta[d](8) = 0.199526,	Delta[d](9) = 0.132335,	Delta[d](10) = 0.0533637,	Delta[d](11) = 0.132335,	Delta[d](12) = 0.189673,	Delta[d](13) = 0.176445,	Delta[d](14) = 0.132335,	Delta[d](15) = 0.176445,	Delta[s+](0) = 0.559799,	Delta[s+](1) = 0.41681,	Delta[s+](2) = 0.199526,	Delta[s+](3) = 0.41681,	Delta[s+](4) = 0.41681,	Delta[s+](5) = 0.291283,	Delta[s+](6) = 0.126007,	Delta[s+](7) = 0.291283,	Delta[s+](8) = 0.199526,	Delta[s+](9) = 0.126007,	Delta[s+](10) = 0.0381432,	Delta[s+](11) = 0.126007,	Delta[s+](12) = 0.41681,	Delta[s+](13) = 0.291283,	Delta[s+](14) = 0.126007,	Delta[s+](15) = 0.291283
The 0-th iteration is completed.	|| time cost : 0h 6m 31.184s
********************************************************************************************************************
Start the 1 rounds of NGS-ED iteration
	effective electronic model is modified as: kinetic energy t = 0.999357
	                                           effective interaction Vq = [ -0.022606,-0.0212003,-0.0202371,-0.0212003,-0.0212003,-0.0204502,-0.0198063,-0.0204502,-0.0202371,-0.0198063,-0.0194124,-0.0198063,-0.0212003,-0.0204502,-0.0198063,-0.0204502]
	PARPACK diagonalization completed after 60 matrix-vector product operations.
	iteration results: : total energy is -12.196156 | electron energy -12.196156 + phonon energy 0.000000 | electron momentum kIdx = 0
The 1-th iteration is completed.	|| time cost : 0h 5m 15.315s
********************************************************************************************************************
Start the 2 rounds of NGS-ED iteration
	effective electronic model is modified as: kinetic energy t = 0.999139
	                                           effective interaction Vq = [-0.0243536,-0.0230642, -0.021906,-0.0230642,-0.0230642,-0.0221712, -0.021365,-0.0221712, -0.021906, -0.021365,-0.0208647, -0.021365,-0.0230642,-0.0221712, -0.021365,-0.0221712]
	PARPACK diagonalization completed after 45 matrix-vector product operations.
	iteration results: : total energy is -12.218911 | electron energy -12.218912 + phonon energy 0.000001 | electron momentum kIdx = 0
The 2-th iteration is completed.	|| time cost : 0h 0m 24.447s
********************************************************************************************************************
Start the 3 rounds of NGS-ED iteration
	effective electronic model is modified as: kinetic energy t = 0.999101
	                                           effective interaction Vq = [-0.0244887,-0.0233418,-0.0221311,-0.0233418,-0.0233418,-0.0224105,-0.0215613,-0.0224105,-0.0221311,-0.0215613, -0.021035,-0.0215613,-0.0233418,-0.0224105,-0.0215613,-0.0224105]
	PARPACK diagonalization completed after 30 matrix-vector product operations.
	iteration results: : total energy is -12.220605 | electron energy -12.220606 + phonon energy 0.000001 | electron momentum kIdx = 0
The 3-th iteration is completed.	|| time cost : 0h 0m 21.616s
********************************************************************************************************************
Start the 4 rounds of NGS-ED iteration
	effective electronic model is modified as: kinetic energy t = 0.999094
	                                           effective interaction Vq = [-0.0244991, -0.023393,-0.0221656, -0.023393, -0.023393,-0.0224489,-0.0215887,-0.0224489,-0.0221656,-0.0215887,-0.0210568,-0.0215887, -0.023393,-0.0224489,-0.0215887,-0.0224489]
	PARPACK diagonalization completed after 30 matrix-vector product operations.
	iteration results: : total energy is -12.220734 | electron energy -12.220736 + phonon energy 0.000001 | electron momentum kIdx = 0
	Nq(0) = 12.25,	Nq(1) = 0.154508,	Nq(2) = 0.185847,	Nq(3) = 0.154508,	Nq(4) = 0.154508,	Nq(5) = 0.203931,	Nq(6) = 0.236408,	Nq(7) = 0.203931,	Nq(8) = 0.185847,	Nq(9) = 0.236408,	Nq(10) = 0.276365,	Nq(11) = 0.236408,	Nq(12) = 0.154508,	Nq(13) = 0.203931,	Nq(14) = 0.236408,	Nq(15) = 0.203931,	Sq(0) = -7.21615e-19,	Sq(1) = 0.47433,	Sq(2) = 0.76575,	Sq(3) = 0.47433,	Sq(4) = 0.47433,	Sq(5) = 0.63036,	Sq(6) = 1.05135,	Sq(7) = 0.63036,	Sq(8) = 0.76575,	Sq(9) = 1.05135,	Sq(10) = 2.56687,	Sq(11) = 1.05135,	Sq(12) = 0.47433,	Sq(13) = 0.63036,	Sq(14) = 1.05135,	Sq(15) = 0.63036,	N(0) = 1.75615,	N(1) = 1.59287,	N(2) = 0.321455,	N(3) = 1.59287,	N(4) = 1.59287,	N(5) = 0.999872,	N(6) = 0.26636,	N(7) = 0.999872,	N(8) = 0.321455,	N(9) = 0.26636,	N(10) = 0.164533,	N(11) = 0.26636,	N(12) = 1.59287,	N(13) = 0.999872,	N(14) = 0.26636,	N(15) = 0.999872,	Delta[s](0) = 0.0797768,	Delta[s](1) = 0.0596192,	Delta[s](2) = 0.0356552,	Delta[s](3) = 0.0596192,	Delta[s](4) = 0.0596192,	Delta[s](5) = 0.0426103,	Delta[s](6) = 0.0196434,	Delta[s](7) = 0.0426103,	Delta[s](8) = 0.0356552,	Delta[s](9) = 0.0196434,	Delta[s](10) = 0.00014461,	Delta[s](11) = 0.0196434,	Delta[s](12) = 0.0596192,	Delta[s](13) = 0.0426103,	Delta[s](14) = 0.0196434,	Delta[s](15) = 0.0426103,	Delta[d](0) = 0.275865,	Delta[d](1) = 0.189375,	Delta[d](2) = 0.199381,	Delta[d](3) = 0.189375,	Delta[d](4) = 0.189375,	Delta[d](5) = 0.176257,	Delta[d](6) = 0.13215,	Delta[d](7) = 0.176257,	Delta[d](8) = 0.199381,	Delta[d](9) = 0.13215,	Delta[d](10) = 0.0531673,	Delta[d](11) = 0.13215,	Delta[d](12) = 0.189375,	Delta[d](13) = 0.176257,	Delta[d](14) = 0.13215,	Delta[d](15) = 0.176257,	Delta[s+](0) = 0.560133,	Delta[s+](1) = 0.417032,	Delta[s+](2) = 0.199381,	Delta[s+](3) = 0.417032,	Delta[s+](4) = 0.417032,	Delta[s+](5) = 0.291371,	Delta[s+](6) = 0.125872,	Delta[s+](7) = 0.291371,	Delta[s+](8) = 0.199381,	Delta[s+](9) = 0.125872,	Delta[s+](10) = 0.0380144,	Delta[s+](11) = 0.125872,	Delta[s+](12) = 0.417032,	Delta[s+](13) = 0.291371,	Delta[s+](14) = 0.125872,	Delta[s+](15) = 0.291371
The 4-th iteration is completed.	|| time cost : 0h 3m 58.339s
********************************************************************************************************************
********************************************************************************************************************
Ground state is obtained after 5 iterations. The current ground-state energy is -12.2207, in which electron energy is -12.2207 and phonon energy is 1.3214e-06
final variational state is: 
	Gamma_x = [      1, 1.0001,1.00015, 1.0001, 1.0001,1.00016, 1.0002,1.00016,1.00015, 1.0002,1.00025, 1.0002, 1.0001,1.00016, 1.0002,1.00016]
	lambda_q = [0.0436773,0.0344925,0.0302611,0.0344925,0.0344925,0.0311108,0.0286787,0.0311108,0.0302611,0.0286787,0.0273554,0.0286787,0.0344925,0.0311108,0.0286787,0.0311108]
The effective e-e interactions mediated by phonons are: [0.0244999, 0.023403, 0.022171, 0.023403, 0.023403,0.0224552,0.0215926,0.0224552, 0.022171,0.0215926,0.0210596,0.0215926, 0.023403,0.0224552,0.0215926,0.0224552]
The real-space interactions mediated by phonons are: [   -0.359705, -0.00548029, 0.000135076,-0.000563156, -0.00706127, -0.00252278, 0.000135076,-0.000749344,-8.07929e-05,-0.000749344, 0.000135076, -0.00252278, -0.00706127,-0.000563156, 0.000135076, -0.00548029]
********************************************************************************************************************
o___o  ----------------------------------------
| L |	Time since last clock: 0h 0m 0s
A===A	Time since the beginning: 0h 16m 30.903s
***********************************************

********************************************************************************************************************
Start warm-up calculation for scaling factor 32
open output files: NGSEDWarmUpW6.4Obs.txt
********************************************************************************************************************
Start the 0 rounds of NGS-ED iteration
	effective electronic model is modified as: kinetic energy t = 0.999093
	                                           effective interaction Vq = [-0.0223813,-0.0197024,-0.0181049,-0.0197024,-0.0197024, -0.018444,-0.0174486, -0.018444,-0.0181049,-0.0174486,-0.0168751,-0.0174486,-0.0197024, -0.018444,-0.0174486, -0.018444]
	PARPACK diagonalization completed after 45 matrix-vector product operations.
	iteration results: : total energy is -12.182650 | electron energy -12.182651 + phonon energy 0.000001 | electron momentum kIdx = 0
	Nq(0) = 12.25,	Nq(1) = 0.154446,	Nq(2) = 0.185728,	Nq(3) = 0.154446,	Nq(4) = 0.154446,	Nq(5) = 0.203788,	Nq(6) = 0.236233,	Nq(7) = 0.203788,	Nq(8) = 0.185728,	Nq(9) = 0.236233,	Nq(10) = 0.276155,	Nq(11) = 0.236233,	Nq(12) = 0.154446,	Nq(13) = 0.203788,	Nq(14) = 0.236233,	Nq(15) = 0.203788,	Sq(0) = -2.74858e-18,	Sq(1) = 0.474314,	Sq(2) = 0.765883,	Sq(3) = 0.474314,	Sq(4) = 0.474314,	Sq(5) = 0.630438,	Sq(6) = 1.05168,	Sq(7) = 0.630438,	Sq(8) = 0.765883,	Sq(9) = 1.05168,	Sq(10) = 2.56703,	Sq(11) = 1.05168,	Sq(12) = 0.474314,	Sq(13) = 0.630438,	Sq(14) = 1.05168,	Sq(15) = 0.630438,	N(0) = 1.75582,	N(1) = 1.59243,	N(2) = 0.321862,	N(3) = 1.59243,	N(4) = 1.59243,	N(5) = 0.999871,	N(6) = 0.26662,	N(7) = 0.999871,	N(8) = 0.321862,	N(9) = 0.26662,	N(10) = 0.164763,	N(11) = 0.26662,	N(12) = 1.59243,	N(13) = 0.999871,	N(14) = 0.26662,	N(15) = 0.999871,	Delta[s](0) = 0.0796466,	Delta[s](1) = 0.0595237,	Delta[s](2) = 0.0356025,	Delta[s](3) = 0.0595237,	Delta[s](4) = 0.0595237,	Delta[s](5) = 0.0425406,	Delta[s](6) = 0.0196179,	Delta[s](7) = 0.0425406,	Delta[s](8) = 0.0356025,	Delta[s](9) = 0.0196179,	Delta[s](10) = 0.000161481,	Delta[s](11) = 0.0196179,	Delta[s](12) = 0.0595237,	Delta[s](13) = 0.0425406,	Delta[s](14) = 0.0196179,	Delta[s](15) = 0.0425406,	Delta[d](0) = 0.276009,	Delta[d](1) = 0.189533,	Delta[d](2) = 0.199494,	Delta[d](3) = 0.189533,	Delta[d](4) = 0.189533,	Delta[d](5) = 0.17638,	Delta[d](6) = 0.132255,	Delta[d](7) = 0.17638,	Delta[d](8) = 0.199494,	Delta[d](9) = 0.132255,	Delta[d](10) = 0.0532507,	Delta[d](11) = 0.132255,	Delta[d](12) = 0.189533,	Delta[d](13) = 0.17638,	Delta[d](14) = 0.132255,	Delta[d](15) = 0.17638,	Delta[s+](0) = 0.560224,	Delta[s+](1) = 0.417109,	Delta[s+](2) = 0.199494,	Delta[s+](3) = 0.417109,	Delta[s+](4) = 0.417109,	Delta[s+](5) = 0.291448,	Delta[s+](6) = 0.125962,	Delta[s+](7) = 0.291448,	Delta[s+](8) = 0.199494,	Delta[s+](9) = 0.125962,	Delta[s+](10) = 0.0380758,	Delta[s+](11) = 0.125962,	Delta[s+](12) = 0.417109,	Delta[s+](13) = 0.291448,	Delta[s+](14) = 0.125962,	Delta[s+](15) = 0.291448
The 0-th iteration is completed.	|| time cost : 0h 4m 0.562s
********************************************************************************************************************
Start the 1 rounds of NGS-ED iteration
	effective electronic model is modified as: kinetic energy t = 0.998986
	                                           effective interaction Vq = [-0.0239109,-0.0208884,-0.0187829,-0.0208884,-0.0208884,-0.0192355,-0.0179033,-0.0192355,-0.0187829,-0.0179033,-0.0171351,-0.0179033,-0.0208884,-0.0192355,-0.0179033,-0.0192355]
	PARPACK diagonalization completed after 45 matrix-vector product operations.
	iteration results: : total energy is -12.201695 | electron energy -12.201697 + phonon energy 0.000002 | electron momentum kIdx = 0
The 1-th iteration is completed.	|| time cost : 0h 0m 24.449s
********************************************************************************************************************
Start the 2 rounds of NGS-ED iteration
	effective electronic model is modified as: kinetic energy t = 0.99895
	                                           effective interaction Vq = [-0.0243362,-0.0212894,-0.0189782,-0.0212894,-0.0212894,-0.0194728,-0.0180237,-0.0194728,-0.0189782,-0.0180237,-0.0171987,-0.0180237,-0.0212894,-0.0194728,-0.0180237,-0.0194728]
	PARPACK diagonalization completed after 30 matrix-vector product operations.
	iteration results: : total energy is -12.206941 | electron energy -12.206944 + phonon energy 0.000003 | electron momentum kIdx = 0
The 2-th iteration is completed.	|| time cost : 0h 0m 21.638s
********************************************************************************************************************
Start the 3 rounds of NGS-ED iteration
	effective electronic model is modified as: kinetic energy t = 0.998938
	                                           effective interaction Vq = [-0.0244545,-0.0214335,-0.0190359,-0.0214335,-0.0214335,-0.0195462,-0.0180561,-0.0195462,-0.0190359,-0.0180561,-0.0172145,-0.0180561,-0.0214335,-0.0195462,-0.0180561,-0.0195462]
	PARPACK diagonalization completed after 30 matrix-vector product operations.
	iteration results: : total energy is -12.208394 | electron energy -12.208397 + phonon energy 0.000003 | electron momentum kIdx = 0
The 3-th iteration is completed.	|| time cost : 0h 0m 21.63s
********************************************************************************************************************
Start the 4 rounds of NGS-ED iteration
	effective electronic model is modified as: kinetic energy t = 0.998934
	                                           effective interaction Vq = [-0.0244873,-0.0214866,-0.0190531,-0.0214866,-0.0214866,-0.0195692,-0.0180649,-0.0195692,-0.0190531,-0.0180649,-0.0172184,-0.0180649,-0.0214866,-0.0195692,-0.0180649,-0.0195692]
	PARPACK diagonalization completed after 30 matrix-vector product operations.
	iteration results: : total energy is -12.208797 | electron energy -12.208801 + phonon energy 0.000003 | electron momentum kIdx = 0
The 4-th iteration is completed.	|| time cost : 0h 0m 21.64s
********************************************************************************************************************
Start the 5 rounds of NGS-ED iteration
	effective electronic model is modified as: kinetic energy t = 0.998933
	                                           effective interaction Vq = [-0.0244965,-0.0215064,-0.0190582,-0.0215064,-0.0215064,-0.0195764,-0.0180673,-0.0195764,-0.0190582,-0.0180673,-0.0172194,-0.0180673,-0.0215064,-0.0195764,-0.0180673,-0.0195764]
	PARPACK diagonalization completed after 30 matrix-vector product operations.
	iteration results: : total energy is -12.208909 | electron energy -12.208913 + phonon energy 0.000004 | electron momentum kIdx = 0
	Nq(0) = 12.25,	Nq(1) = 0.154462,	Nq(2) = 0.185736,	Nq(3) = 0.154462,	Nq(4) = 0.154462,	Nq(5) = 0.203799,	Nq(6) = 0.236239,	Nq(7) = 0.203799,	Nq(8) = 0.185736,	Nq(9) = 0.236239,	Nq(10) = 0.276158,	Nq(11) = 0.236239,	Nq(12) = 0.154462,	Nq(13) = 0.203799,	Nq(14) = 0.236239,	Nq(15) = 0.203799,	Sq(0) = 2.81112e-19,	Sq(1) = 0.474303,	Sq(2) = 0.765872,	Sq(3) = 0.474303,	Sq(4) = 0.474303,	Sq(5) = 0.63043,	Sq(6) = 1.05167,	Sq(7) = 0.63043,	Sq(8) = 0.765872,	Sq(9) = 1.05167,	Sq(10) = 2.56702,	Sq(11) = 1.05167,	Sq(12) = 0.474303,	Sq(13) = 0.63043,	Sq(14) = 1.05167,	Sq(15) = 0.63043,	N(0) = 1.75584,	N(1) = 1.59247,	N(2) = 0.321829,	N(3) = 1.59247,	N(4) = 1.59247,	N(5) = 0.999868,	N(6) = 0.2666,	N(7) = 0.999868,	N(8) = 0.321829,	N(9) = 0.2666,	N(10) = 0.164753,	N(11) = 0.2666,	N(12) = 1.59247,	N(13) = 0.999868,	N(14) = 0.2666,	N(15) = 0.999868,	Delta[s](0) = 0.0796466,	Delta[s](1) = 0.0595261,	Delta[s](2) = 0.0356074,	Delta[s](3) = 0.0595261,	Delta[s](4) = 0.0595261,	Delta[s](5) = 0.042545,	Delta[s](6) = 0.0196246,	Delta[s](7) = 0.042545,	Delta[s](8) = 0.0356074,	Delta[s](9) = 0.0196246,	Delta[s](10) = 0.000169974,	Delta[s](11) = 0.0196246,	Delta[s](12) = 0.0595261,	Delta[s](13) = 0.042545,	Delta[s](14) = 0.0196246,	Delta[s](15) = 0.042545,	Delta[d](0) = 0.276112,	Delta[d](1) = 0.189602,	Delta[d](2) = 0.199561,	Delta[d](3) = 0.189602,	Delta[d](4) = 0.189602,	Delta[d](5) = 0.176442,	Delta[d](6) = 0.132301,	Delta[d](7) = 0.176442,	Delta[d](8) = 0.199561,	Delta[d](9) = 0.132301,	Delta[d](10) = 0.0532731,	Delta[d](11) = 0.132301,	Delta[d](12) = 0.189602,	Delta[d](13) = 0.176442,	Delta[d](14) = 0.132301,	Delta[d](15) = 0.176442,	Delta[s+](0) = 0.560404,	Delta[s+](1) = 0.417243,	Delta[s+](2) = 0.199561,	Delta[s+](3) = 0.417243,	Delta[s+](4) = 0.417243,	Delta[s+](5) = 0.291542,	Delta[s+](6) = 0.126006,	Delta[s+](7) = 0.291542,	Delta[s+](8) = 0.199561,	Delta[s+](9) = 0.126006,	Delta[s+](10) = 0.0380926,	Delta[s+](11) = 0.126006,	Delta[s+](12) = 0.417243,	Delta[s+](13) = 0.291542,	Delta[s+](14) = 0.126006,	Delta[s+](15) = 0.291542
The 5-th iteration is completed.	|| time cost : 0h 4m 8.961s
********************************************************************************************************************
********************************************************************************************************************
Ground state is obtained after 6 iterations. The current ground-state energy is -12.2089, in which electron energy is -12.2089 and phonon energy is 3.54084e-06
final variational state is: 
	Gamma_x = [      1,1.00027,1.00035,1.00027,1.00027,1.00039,1.00045,1.00039,1.00035,1.00045,1.00052,1.00045,1.00027,1.00039,1.00045,1.00039]
	lambda_q = [0.0614808, 0.040271,0.0327165, 0.040271, 0.040271,0.0341418,0.0301699,0.0341418,0.0327165,0.0301699,0.0281441,0.0301699, 0.040271,0.0341418,0.0301699,0.0341418]
The effective e-e interactions mediated by phonons are: [ 0.024499,0.0215138,0.0190598,0.0215138,0.0215138,0.0195787,0.0180679,0.0195787,0.0190598,0.0180679,0.0172196,0.0180679,0.0215138,0.0195787,0.0180679,0.0195787]
The real-space interactions mediated by phonons are: [    -0.31648,  -0.0112427,-0.000531239, -0.00227315,  -0.0141711, -0.00600292,-0.000531239, -0.00223822, -0.00152349, -0.00223822,-0.000531239, -0.00600292,  -0.0141711, -0.00227315,-0.000531239,  -0.0112427]
********************************************************************************************************************
o___o  ----------------------------------------
| L |	Time since last clock: 0h 0m 0s
A===A	Time since the beginning: 0h 26m 9.787s
***********************************************

********************************************************************************************************************
Start warm-up calculation for scaling factor 16
open output files: NGSEDWarmUpW3.2Obs.txt
********************************************************************************************************************
Start the 0 rounds of NGS-ED iteration
	effective electronic model is modified as: kinetic energy t = 0.998933
	                                           effective interaction Vq = [-0.0223336,-0.0173621,-0.0148961,-0.0173621,-0.0173621,-0.0153893,-0.0139824,-0.0153893,-0.0148961,-0.0139824, -0.013226,-0.0139824,-0.0173621,-0.0153893,-0.0139824,-0.0153893]
	PARPACK diagonalization completed after 45 matrix-vector product operations.
	iteration results: : total energy is -12.169930 | electron energy -12.169931 + phonon energy 0.000002 | electron momentum kIdx = 0
	Nq(0) = 12.25,	Nq(1) = 0.154394,	Nq(2) = 0.185615,	Nq(3) = 0.154394,	Nq(4) = 0.154394,	Nq(5) = 0.203653,	Nq(6) = 0.236064,	Nq(7) = 0.203653,	Nq(8) = 0.185615,	Nq(9) = 0.236064,	Nq(10) = 0.275951,	Nq(11) = 0.236064,	Nq(12) = 0.154394,	Nq(13) = 0.203653,	Nq(14) = 0.236064,	Nq(15) = 0.203653,	Sq(0) = 2.21982e-18,	Sq(1) = 0.474291,	Sq(2) = 0.766008,	Sq(3) = 0.474291,	Sq(4) = 0.474291,	Sq(5) = 0.630511,	Sq(6) = 1.05199,	Sq(7) = 0.630511,	Sq(8) = 0.766008,	Sq(9) = 1.05199,	Sq(10) = 2.56717,	Sq(11) = 1.05199,	Sq(12) = 0.474291,	Sq(13) = 0.630511,	Sq(14) = 1.05199,	Sq(15) = 0.630511,	N(0) = 1.75551,	N(1) = 1.59202,	N(2) = 0.322246,	N(3) = 1.59202,	N(4) = 1.59202,	N(5) = 0.999869,	N(6) = 0.266865,	N(7) = 0.999869,	N(8) = 0.322246,	N(9) = 0.266865,	N(10) = 0.164986,	N(11) = 0.266865,	N(12) = 1.59202,	N(13) = 0.999869,	N(14) = 0.266865,	N(15) = 0.999869,	Delta[s](0) = 0.079538,	Delta[s](1) = 0.0594406,	Delta[s](2) = 0.0355511,	Delta[s](3) = 0.0594406,	Delta[s](4) = 0.0594406,	Delta[s](5) = 0.0424756,	Delta[s](6) = 0.0195864,	Delta[s](7) = 0.0424756,	Delta[s](8) = 0.0355511,	Delta[s](9) = 0.0195864,	Delta[s](10) = 0.000162986,	Delta[s](11) = 0.0195864,	Delta[s](12) = 0.0594406,	Delta[s](13) = 0.0424756,	Delta[s](14) = 0.0195864,	Delta[s](15) = 0.0424756,	Delta[d](0) = 0.27627,	Delta[d](1) = 0.189751,	Delta[d](2) = 0.199674,	Delta[d](3) = 0.189751,	Delta[d](4) = 0.189751,	Delta[d](5) = 0.176558,	Delta[d](6) = 0.132399,	Delta[d](7) = 0.176558,	Delta[d](8) = 0.199674,	Delta[d](9) = 0.132399,	Delta[d](10) = 0.0533423,	Delta[d](11) = 0.132399,	Delta[d](12) = 0.189751,	Delta[d](13) = 0.176558,	Delta[d](14) = 0.132399,	Delta[d](15) = 0.176558,	Delta[s+](0) = 0.560542,	Delta[s+](1) = 0.417352,	Delta[s+](2) = 0.199674,	Delta[s+](3) = 0.417352,	Delta[s+](4) = 0.417352,	Delta[s+](5) = 0.291635,	Delta[s+](6) = 0.126089,	Delta[s+](7) = 0.291635,	Delta[s+](8) = 0.199674,	Delta[s+](9) = 0.126089,	Delta[s+](10) = 0.0381403,	Delta[s+](11) = 0.126089,	Delta[s+](12) = 0.417352,	Delta[s+](13) = 0.291635,	Delta[s+](14) = 0.126089,	Delta[s+](15) = 0.291635
The 0-th iteration is completed.	|| time cost : 0h 4m 0.425s
********************************************************************************************************************
Start the 1 rounds of NGS-ED iteration
	effective electronic model is modified as: kinetic energy t = 0.998975
	                                           effective interaction Vq = [-0.0233577,-0.0176478,-0.0146322,-0.0176478,-0.0176478,-0.0152333,-0.0135246,-0.0152333,-0.0146322,-0.0135246,-0.0126167,-0.0135246,-0.0176478,-0.0152333,-0.0135246,-0.0152333]
	PARPACK diagonalization completed after 45 matrix-vector product operations.
	iteration results: : total energy is -12.182542 | electron energy -12.182545 + phonon energy 0.000004 | electron momentum kIdx = 0
The 1-th iteration is completed.	|| time cost : 0h 0m 24.398s
********************************************************************************************************************
Start the 2 rounds of NGS-ED iteration
	effective electronic model is modified as: kinetic energy t = 0.998989
	                                           effective interaction Vq = [-0.0238977,-0.0177932,-0.0145232,-0.0177932,-0.0177932,-0.0151659,-0.0133528,-0.0151659,-0.0145232,-0.0133528,-0.0124081,-0.0133528,-0.0177932,-0.0151659,-0.0133528,-0.0151659]
	PARPACK diagonalization completed after 45 matrix-vector product operations.
	iteration results: : total energy is -12.189167 | electron energy -12.189172 + phonon energy 0.000005 | electron momentum kIdx = 0
The 2-th iteration is completed.	|| time cost : 0h 0m 24.375s
********************************************************************************************************************
Start the 3 rounds of NGS-ED iteration
	effective electronic model is modified as: kinetic energy t = 0.998994
	                                           effective interaction Vq = [-0.0241824,-0.0178676,-0.0144785,-0.0178676,-0.0178676,-0.0151369, -0.013289,-0.0151369,-0.0144785, -0.013289,-0.0123375, -0.013289,-0.0178676,-0.0151369, -0.013289,-0.0151369]
	PARPACK diagonalization completed after 30 matrix-vector product operations.
	iteration results: : total energy is -12.192657 | electron energy -12.192662 + phonon energy 0.000005 | electron momentum kIdx = 0
The 3-th iteration is completed.	|| time cost : 0h 0m 21.607s
********************************************************************************************************************
Start the 4 rounds of NGS-ED iteration
	effective electronic model is modified as: kinetic energy t = 0.998995
	                                           effective interaction Vq = [-0.0243325, -0.017906,-0.0144602, -0.017906, -0.017906,-0.0151245,-0.0132654,-0.0151245,-0.0144602,-0.0132654,-0.0123138,-0.0132654, -0.017906,-0.0151245,-0.0132654,-0.0151245]
	PARPACK diagonalization completed after 30 matrix-vector product operations.
	iteration results: : total energy is -12.194497 | electron energy -12.194502 + phonon energy 0.000006 | electron momentum kIdx = 0
The 4-th iteration is completed.	|| time cost : 0h 0m 21.658s
********************************************************************************************************************
Start the 5 rounds of NGS-ED iteration
	effective electronic model is modified as: kinetic energy t = 0.998995
	                                           effective interaction Vq = [-0.0244117,-0.0179258,-0.0144527,-0.0179258,-0.0179258,-0.0151192,-0.0132567,-0.0151192,-0.0144527,-0.0132567,-0.0123058,-0.0132567,-0.0179258,-0.0151192,-0.0132567,-0.0151192]
	PARPACK diagonalization completed after 30 matrix-vector product operations.
	iteration results: : total energy is -12.195466 | electron energy -12.195472 + phonon energy 0.000006 | electron momentum kIdx = 0
The 5-th iteration is completed.	|| time cost : 0h 0m 21.606s
********************************************************************************************************************
Start the 6 rounds of NGS-ED iteration
	effective electronic model is modified as: kinetic energy t = 0.998995
	                                           effective interaction Vq = [-0.0244534, -0.017936,-0.0144496, -0.017936, -0.017936,-0.0151169,-0.0132535,-0.0151169,-0.0144496,-0.0132535,-0.0123031,-0.0132535, -0.017936,-0.0151169,-0.0132535,-0.0151169]
	PARPACK diagonalization completed after 30 matrix-vector product operations.
	iteration results: : total energy is -12.195978 | electron energy -12.195984 + phonon energy 0.000006 | electron momentum kIdx = 0
The 6-th iteration is completed.	|| time cost : 0h 0m 21.73s
********************************************************************************************************************
Start the 7 rounds of NGS-ED iteration
	effective electronic model is modified as: kinetic energy t = 0.998995
	                                           effective interaction Vq = [-0.0244754,-0.0179413,-0.0144484,-0.0179413,-0.0179413, -0.015116,-0.0132523, -0.015116,-0.0144484,-0.0132523,-0.0123022,-0.0132523,-0.0179413, -0.015116,-0.0132523, -0.015116]
	PARPACK diagonalization completed after 30 matrix-vector product operations.
	iteration results: : total energy is -12.196247 | electron energy -12.196254 + phonon energy 0.000006 | electron momentum kIdx = 0
The 7-th iteration is completed.	|| time cost : 0h 0m 21.614s
********************************************************************************************************************
Start the 8 rounds of NGS-ED iteration
	effective electronic model is modified as: kinetic energy t = 0.998995
	                                           effective interaction Vq = [-0.0244871, -0.017944,-0.0144479, -0.017944, -0.017944,-0.0151156,-0.0132519,-0.0151156,-0.0144479,-0.0132519,-0.0123019,-0.0132519, -0.017944,-0.0151156,-0.0132519,-0.0151156]
	PARPACK diagonalization completed after 30 matrix-vector product operations.
	iteration results: : total energy is -12.196390 | electron energy -12.196396 + phonon energy 0.000006 | electron momentum kIdx = 0
	Nq(0) = 12.25,	Nq(1) = 0.154404,	Nq(2) = 0.185609,	Nq(3) = 0.154404,	Nq(4) = 0.154404,	Nq(5) = 0.203646,	Nq(6) = 0.23605,	Nq(7) = 0.203646,	Nq(8) = 0.185609,	Nq(9) = 0.23605,	Nq(10) = 0.275932,	Nq(11) = 0.23605,	Nq(12) = 0.154404,	Nq(13) = 0.203646,	Nq(14) = 0.23605,	Nq(15) = 0.203646,	Sq(0) = -5.47665e-19,	Sq(1) = 0.474277,	Sq(2) = 0.766012,	Sq(3) = 0.474277,	Sq(4) = 0.474277,	Sq(5) = 0.630511,	Sq(6) = 1.05202,	Sq(7) = 0.630511,	Sq(8) = 0.766012,	Sq(9) = 1.05202,	Sq(10) = 2.56718,	Sq(11) = 1.05202,	Sq(12) = 0.474277,	Sq(13) = 0.630511,	Sq(14) = 1.05202,	Sq(15) = 0.630511,	N(0) = 1.75549,	N(1) = 1.59201,	N(2) = 0.322262,	N(3) = 1.59201,	N(4) = 1.59201,	N(5) = 0.999865,	N(6) = 0.266875,	N(7) = 0.999865,	N(8) = 0.322262,	N(9) = 0.266875,	N(10) = 0.165002,	N(11) = 0.266875,	N(12) = 1.59201,	N(13) = 0.999865,	N(14) = 0.266875,	N(15) = 0.999865,	Delta[s](0) = 0.0795369,	Delta[s](1) = 0.0594389,	Delta[s](2) = 0.0355484,	Delta[s](3) = 0.0594389,	Delta[s](4) = 0.0594389,	Delta[s](5) = 0.0424732,	Delta[s](6) = 0.0195833,	Delta[s](7) = 0.0424732,	Delta[s](8) = 0.0355484,	Delta[s](9) = 0.0195833,	Delta[s](10) = 0.000159769,	Delta[s](11) = 0.0195833,	Delta[s](12) = 0.0594389,	Delta[s](13) = 0.0424732,	Delta[s](14) = 0.0195833,	Delta[s](15) = 0.0424732,	Delta[d](0) = 0.276507,	Delta[d](1) = 0.1899,	Delta[d](2) = 0.199826,	Delta[d](3) = 0.1899,	Delta[d](4) = 0.1899,	Delta[d](5) = 0.176693,	Delta[d](6) = 0.132499,	Delta[d](7) = 0.176693,	Delta[d](8) = 0.199826,	Delta[d](9) = 0.132499,	Delta[d](10) = 0.0533854,	Delta[d](11) = 0.132499,	Delta[d](12) = 0.1899,	Delta[d](13) = 0.176693,	Delta[d](14) = 0.132499,	Delta[d](15) = 0.176693,	Delta[s+](0) = 0.560966,	Delta[s+](1) = 0.417667,	Delta[s+](2) = 0.199826,	Delta[s+](3) = 0.417667,	Delta[s+](4) = 0.417667,	Delta[s+](5) = 0.291854,	Delta[s+](6) = 0.126184,	Delta[s+](7) = 0.291854,	Delta[s+](8) = 0.199826,	Delta[s+](9) = 0.126184,	Delta[s+](10) = 0.0381694,	Delta[s+](11) = 0.126184,	Delta[s+](12) = 0.417667,	Delta[s+](13) = 0.291854,	Delta[s+](14) = 0.126184,	Delta[s+](15) = 0.291854
The 8-th iteration is completed.	|| time cost : 0h 3m 57.955s
********************************************************************************************************************
********************************************************************************************************************
Ground state is obtained after 9 iterations. The current ground-state energy is -12.1964, in which electron energy is -12.1964 and phonon energy is 6.11478e-06
final variational state is: 
	Gamma_x = [      1,1.00059,1.00065,1.00059,1.00059,1.00073,1.00079,1.00073,1.00065,1.00079,1.00088,1.00079,1.00059,1.00073,1.00079,1.00073]
	lambda_q = [0.0860394,0.0422418,0.0314523,0.0422418,0.0422418,0.0333457,0.0282119,0.0333457,0.0314523,0.0282119,0.0257592,0.0282119,0.0422418,0.0333457,0.0282119,0.0333457]
The effective e-e interactions mediated by phonons are: [0.0244932,0.0179454,0.0144477,0.0179454,0.0179454,0.0151154,0.0132518,0.0151154,0.0144477,0.0132518,0.0123018,0.0132518,0.0179454,0.0151154,0.0132518,0.0151154]
The real-space interactions mediated by phonons are: [  -0.250941, -0.0176954,-0.00305002,-0.00598794, -0.0215787, -0.0110683,-0.00305002,-0.00543027,-0.00522883,-0.00543027,-0.00305002, -0.0110683, -0.0215787,-0.00598794,-0.00305002, -0.0176954]
********************************************************************************************************************
o___o  ----------------------------------------
| L |	Time since last clock: 0h 0m 0s
A===A	Time since the beginning: 0h 36m 45.16s
***********************************************

********************************************************************************************************************
Start warm-up calculation for scaling factor 8
open output files: NGSEDWarmUpW1.6Obs.txt
********************************************************************************************************************
Start the 0 rounds of NGS-ED iteration
	effective electronic model is modified as: kinetic energy t = 0.998995
	                                           effective interaction Vq = [ -0.0222254, -0.0138719, -0.0108717, -0.0138719, -0.0138719, -0.0114251,-0.00989789, -0.0114251, -0.0108717,-0.00989789,-0.00913846,-0.00989789, -0.0138719, -0.0114251,-0.00989789, -0.0114251]
	PARPACK diagonalization completed after 45 matrix-vector product operations.
	iteration results: : total energy is -12.157802 | electron energy -12.157805 + phonon energy 0.000003 | electron momentum kIdx = 0
	Nq(0) = 12.25,	Nq(1) = 0.15434,	Nq(2) = 0.185506,	Nq(3) = 0.15434,	Nq(4) = 0.15434,	Nq(5) = 0.203521,	Nq(6) = 0.235903,	Nq(7) = 0.203521,	Nq(8) = 0.185506,	Nq(9) = 0.235903,	Nq(10) = 0.275759,	Nq(11) = 0.235903,	Nq(12) = 0.15434,	Nq(13) = 0.203521,	Nq(14) = 0.235903,	Nq(15) = 0.203521,	Sq(0) = -7.25985e-19,	Sq(1) = 0.474274,	Sq(2) = 0.76613,	Sq(3) = 0.474274,	Sq(4) = 0.474274,	Sq(5) = 0.630582,	Sq(6) = 1.05229,	Sq(7) = 0.630582,	Sq(8) = 0.76613,	Sq(9) = 1.05229,	Sq(10) = 2.56731,	Sq(11) = 1.05229,	Sq(12) = 0.474274,	Sq(13) = 0.630582,	Sq(14) = 1.05229,	Sq(15) = 0.630582,	N(0) = 1.7552,	N(1) = 1.59162,	N(2) = 0.322622,	N(3) = 1.59162,	N(4) = 1.59162,	N(5) = 0.999868,	N(6) = 0.267103,	N(7) = 0.999868,	N(8) = 0.322622,	N(9) = 0.267103,	N(10) = 0.165199,	N(11) = 0.267103,	N(12) = 1.59162,	N(13) = 0.999868,	N(14) = 0.267103,	N(15) = 0.999868,	Delta[s](0) = 0.0794581,	Delta[s](1) = 0.0593726,	Delta[s](2) = 0.0354983,	Delta[s](3) = 0.0593726,	Delta[s](4) = 0.0593726,	Delta[s](5) = 0.0424145,	Delta[s](6) = 0.019543,	Delta[s](7) = 0.0424145,	Delta[s](8) = 0.0354983,	Delta[s](9) = 0.019543,	Delta[s](10) = 0.000139027,	Delta[s](11) = 0.019543,	Delta[s](12) = 0.0593726,	Delta[s](13) = 0.0424145,	Delta[s](14) = 0.019543,	Delta[s](15) = 0.0424145,	Delta[d](0) = 0.276643,	Delta[d](1) = 0.190019,	Delta[d](2) = 0.199922,	Delta[d](3) = 0.190019,	Delta[d](4) = 0.190019,	Delta[d](5) = 0.176787,	Delta[d](6) = 0.132577,	Delta[d](7) = 0.176787,	Delta[d](8) = 0.199922,	Delta[d](9) = 0.132577,	Delta[d](10) = 0.0534342,	Delta[d](11) = 0.132577,	Delta[d](12) = 0.190019,	Delta[d](13) = 0.176787,	Delta[d](14) = 0.132577,	Delta[d](15) = 0.176787,	Delta[s+](0) = 0.561114,	Delta[s+](1) = 0.417782,	Delta[s+](2) = 0.199922,	Delta[s+](3) = 0.417782,	Delta[s+](4) = 0.417782,	Delta[s+](5) = 0.291944,	Delta[s+](6) = 0.126249,	Delta[s+](7) = 0.291944,	Delta[s+](8) = 0.199922,	Delta[s+](9) = 0.126249,	Delta[s+](10) = 0.0382007,	Delta[s+](11) = 0.126249,	Delta[s+](12) = 0.417782,	Delta[s+](13) = 0.291944,	Delta[s+](14) = 0.126249,	Delta[s+](15) = 0.291944
The 0-th iteration is completed.	|| time cost : 0h 4m 0.442s
********************************************************************************************************************
Start the 1 rounds of NGS-ED iteration
	effective electronic model is modified as: kinetic energy t = 0.999125
	                                           effective interaction Vq = [ -0.0228483, -0.0135748, -0.0101986, -0.0135748, -0.0135748, -0.0108156,-0.00912161, -0.0108156, -0.0101986,-0.00912161,-0.00829208,-0.00912161, -0.0135748, -0.0108156,-0.00912161, -0.0108156]
	PARPACK diagonalization completed after 45 matrix-vector product operations.
	iteration results: : total energy is -12.165729 | electron energy -12.165734 + phonon energy 0.000005 | electron momentum kIdx = 0
The 1-th iteration is completed.	|| time cost : 0h 0m 24.453s
********************************************************************************************************************
Start the 2 rounds of NGS-ED iteration
	effective electronic model is modified as: kinetic energy t = 0.999182
