SNEDics v3.22.2 Non-Gaussian ED ground state program		Start at Sun May 22 17:38:15 2022

Parallelization: 32 MPI threads  * 8 OpenMP threads = 256 total threads.
********************************************************************************************************************
********************************************************************************************************************

********************************************************************************************************************
System parameters and configurations
	special program options are enabled: splitted diagonal Hamiltonian | splitted Hamiltonian terms
********************************************************************************************************************
Read input file "model_params.in"
	Hubbard-Holstein model parameters : 	t = 1    t' = -0.3    U = 8    g = 0.4    W = 0.2    g' = 0.45    
********************************************************************************************************************
Read input file "hilbertspace_params.in"
	Requested 16-site 2D lattice, with 8 electrons (4, 4)
	Boundary : Periodic		Hilbert space representation : momentum-space (restricted to kIdx = 0)
	Conservation: particle number[U(1)]      spin[U(1)]     momentum
********************************************************************************************************************

Cluster Positions:				Cluster symmetry group : D4
 x ... x ... x ... x .....                       x ... x ... x ... x .....
 |           |           :                       |           |           :
 |           |           :                       |           |           :
12    13    14    15     x                       1     5     6     5     x
 |           |           :                       |           |           :
 |           |           :                       |           |           :
 8 --- 9 ---10 ---11 --- x                       2 --- 6 ---10 --- 6 --- x
 |           |           :                       |           |           :
 |           |           :                       |           |           :
 4     5     6     7     x                       1     5     6     5     x
 |           |           :                       |           |           :
 |           |           :                       |           |           :
 0 --- 1 --- 2 --- 3 --- x                       0 --- 1 --- 2 --- 1 --- x
orbital number : 1
********************************************************************************************************************
Read input file "obs_params.in"
	Observable Type : Nq(All),   Sq(All),   N(All-Orbital),   Delta[s](All),   Delta[d](All),   Delta[s+](All)
** WARNING ** the input observables have non-local factors which have been reinterpreted. The total observable number is 96
********************************************************************************************************************


********************************************************************************************************************
Start calculating the non-Gaussian ED ground state
Maximal iteration number is 1000; energy resolution is 1e-06. Phonon state relaxation time is 2000
W = 0.2 is relatively large. The non-Gaussian ED calculation starts directly.
open output files: NGSED_iteration_observables.txt
********************************************************************************************************************
Start the 0 rounds of NGS-ED iteration
	effective electronic model is modified as: kinetic energy t = 1, t' = -0.3
	                                           effective interaction Vq = [0,0,0,0,0,0,0,0,0,0,0,0,0,0,0,0]
	first Hamiltonian is constructed, size = 207184 and non-zero numbers = 32252562
	PARPACK diagonalization completed after 120 matrix-vector product operations.
	iteration results: : total energy is -14.600323 | electron energy -14.600323 + phonon energy 0.000000 | electron momentum kIdx = 0
	Nq(0) = 4,	Nq(1) = 0.197198,	Nq(2) = 0.25408,	Nq(3) = 0.197198,	Nq(4) = 0.197198,	Nq(5) = 0.267076,	
	Nq(6) = 0.353825,	Nq(7) = 0.267076,	Nq(8) = 0.25408,	Nq(9) = 0.353825,	Nq(10) = 0.466428,	
	Nq(11) = 0.353825,	Nq(12) = 0.197198,	Nq(13) = 0.267076,	Nq(14) = 0.353825,	Nq(15) = 0.267076;	
	Sq(0) = 8.19558e-19,	Sq(1) = 0.482052,	Sq(2) = 0.340779,	Sq(3) = 0.482052,	Sq(4) = 0.482052,	
	Sq(5) = 0.566062,	Sq(6) = 0.591821,	Sq(7) = 0.566062,	Sq(8) = 0.340779,	Sq(9) = 0.591821,	
	Sq(10) = 0.511715,	Sq(11) = 0.591821,	Sq(12) = 0.482052,	Sq(13) = 0.566062,	Sq(14) = 0.591821,	
	Sq(15) = 0.566062;	N(0) = 1.72489,	N(1) = 1.32099,	N(2) = 0.213478,	N(3) = 1.32099,	
	N(4) = 1.32099,	N(5) = 0.105651,	N(6) = 0.0323985,	N(7) = 0.105651,	N(8) = 0.213478,	
	N(9) = 0.0323985,	N(10) = 0.0120143,	N(11) = 0.0323985,	N(12) = 1.32099,	N(13) = 0.105651,	
	N(14) = 0.0323985,	N(15) = 0.105651;	Delta[s](0) = 0.0133134,	Delta[s](1) = 0.00994204,	Delta[s](2) = 0.00807955,	
	Delta[s](3) = 0.00994204,	Delta[s](4) = 0.00994204,	Delta[s](5) = 0.00716756,	Delta[s](6) = 0.00532955,	Delta[s](7) = 0.00716756,	
	Delta[s](8) = 0.00807955,	Delta[s](9) = 0.00532955,	Delta[s](10) = 0.00426367,	Delta[s](11) = 0.00532955,	Delta[s](12) = 0.00994204,	
	Delta[s](13) = 0.00716756,	Delta[s](14) = 0.00532955,	Delta[s](15) = 0.00716756;	Delta[d](0) = 0.124088,	Delta[d](1) = 0.0716404,	
	Delta[d](2) = 0.0801921,	Delta[d](3) = 0.0716404,	Delta[d](4) = 0.0716404,	Delta[d](5) = 0.0476525,	Delta[d](6) = 0.0415153,	
	Delta[d](7) = 0.0476525,	Delta[d](8) = 0.0801921,	Delta[d](9) = 0.0415153,	Delta[d](10) = 0.0266581,	Delta[d](11) = 0.0415153,	
	Delta[d](12) = 0.0716404,	Delta[d](13) = 0.0476525,	Delta[d](14) = 0.0415153,	Delta[d](15) = 0.0476525;	Delta[s+](0) = 0.267854,	
	Delta[s+](1) = 0.159965,	Delta[s+](2) = 0.0801921,	Delta[s+](3) = 0.159965,	Delta[s+](4) = 0.159965,	Delta[s+](5) = 0.0668323,	
	Delta[s+](6) = 0.0184995,	Delta[s+](7) = 0.0668323,	Delta[s+](8) = 0.0801921,	Delta[s+](9) = 0.0184995,	Delta[s+](10) = 0.00433002,	
	Delta[s+](11) = 0.0184995,	Delta[s+](12) = 0.159965,	Delta[s+](13) = 0.0668323,	Delta[s+](14) = 0.0184995,	Delta[s+](15) = 0.0668323
	
The 0-th iteration is completed.	|| time cost : 0h 0m 5.562s
********************************************************************************************************************
Start the 1 rounds of NGS-ED iteration
	effective electronic model is modified as: kinetic energy t = 0.77663, t' = -0.218172
	                                           effective interaction Vq = [    -24.2, -6.26297,-0.120776, -6.26297, -6.26297, -0.11583,-0.180968, -0.11583,-0.120776,-0.180968, -7.88942,-0.180968, -6.26297, -0.11583,-0.180968, -0.11583]
	PARPACK diagonalization completed after 60 matrix-vector product operations.
	iteration results: : total energy is -127.644075 | electron energy -130.013844 + phonon energy 2.369768 | electron momentum kIdx = 0
The 1-th iteration is completed.	|| time cost : 0h 0m 4.013s
********************************************************************************************************************
Start the 2 rounds of NGS-ED iteration
	effective electronic model is modified as: kinetic energy t = 0.726094, t' = -0.2983
	                                           effective interaction Vq = [     -24.2, -0.348311, -0.028166, -0.348311, -0.348311,-0.0304952,-0.0446044,-0.0304952, -0.028166,-0.0446044,  -9.79368,-0.0446044, -0.348311,-0.0304952,-0.0446044,-0.0304952]
	PARPACK diagonalization completed after 30 matrix-vector product operations.
	iteration results: : total energy is -136.250350 | electron energy -137.072112 + phonon energy 0.821763 | electron momentum kIdx = 0
The 2-th iteration is completed.	|| time cost : 0h 0m 1.514s
********************************************************************************************************************
Start the 3 rounds of NGS-ED iteration
	effective electronic model is modified as: kinetic energy t = 0.656656, t' = -0.299049
	                                           effective interaction Vq = [     -24.2, -0.257067, -0.023513, -0.257067, -0.257067,-0.0226233,-0.0336923,-0.0226233, -0.023513,-0.0336923,  -9.79659,-0.0336923, -0.257067,-0.0226233,-0.0336923,-0.0226233]
	PARPACK diagonalization completed after 30 matrix-vector product operations.
	iteration results: : total energy is -136.305387 | electron energy -136.913472 + phonon energy 0.608085 | electron momentum kIdx = 0
The 3-th iteration is completed.	|| time cost : 0h 0m 1.567s
********************************************************************************************************************
Start the 4 rounds of NGS-ED iteration
	effective electronic model is modified as: kinetic energy t = 0.637183, t' = -0.299086
	                                           effective interaction Vq = [     -24.2, -0.252822,-0.0233084, -0.252822, -0.252822,-0.0218118, -0.032294,-0.0218118,-0.0233084, -0.032294,  -9.79705, -0.032294, -0.252822,-0.0218118, -0.032294,-0.0218118]
	PARPACK diagonalization completed after 30 matrix-vector product operations.
	iteration results: : total energy is -136.308554 | electron energy -136.871256 + phonon energy 0.562702 | electron momentum kIdx = 0
The 4-th iteration is completed.	|| time cost : 0h 0m 1.586s
********************************************************************************************************************
Start the 5 rounds of NGS-ED iteration
	effective electronic model is modified as: kinetic energy t = 0.631252, t' = -0.299091
	                                           effective interaction Vq = [     -24.2, -0.252303,-0.0233056, -0.252303, -0.252303,-0.0216338, -0.031959,-0.0216338,-0.0233056, -0.031959,  -9.79718, -0.031959, -0.252303,-0.0216338, -0.031959,-0.0216338]
	PARPACK diagonalization completed after 120 matrix-vector product operations.
	iteration results: : total energy is -136.480119 | electron energy -137.029913 + phonon energy 0.549794 | electron momentum kIdx = 0
The 5-th iteration is completed.	|| time cost : 0h 0m 1.817s
********************************************************************************************************************
Start the 6 rounds of NGS-ED iteration
	effective electronic model is modified as: kinetic energy t = 0.602873, t' = -0.298779
	                                           effective interaction Vq = [     -24.2, -0.294278,-0.0268548, -0.294278, -0.294278,-0.0246665,-0.0359272,-0.0246665,-0.0268548,-0.0359272,  -9.79768,-0.0359272, -0.294278,-0.0246665,-0.0359272,-0.0246665]
	PARPACK diagonalization completed after 30 matrix-vector product operations.
	iteration results: : total energy is -136.485407 | electron energy -136.979253 + phonon energy 0.493846 | electron momentum kIdx = 0
The 6-th iteration is completed.	|| time cost : 0h 0m 1.434s
********************************************************************************************************************
Start the 7 rounds of NGS-ED iteration
	effective electronic model is modified as: kinetic energy t = 0.59296, t' = -0.298752
	                                           effective interaction Vq = [     -24.2, -0.297767,-0.0271827, -0.297767, -0.297767, -0.024837,-0.0360193, -0.024837,-0.0271827,-0.0360193,  -9.79783,-0.0360193, -0.297767, -0.024837,-0.0360193, -0.024837]
	PARPACK diagonalization completed after 30 matrix-vector product operations.
	iteration results: : total energy is -136.486000 | electron energy -136.961831 + phonon energy 0.475832 | electron momentum kIdx = 0
The 7-th iteration is completed.	|| time cost : 0h 0m 1.441s
********************************************************************************************************************
Start the 8 rounds of NGS-ED iteration
	effective electronic model is modified as: kinetic energy t = 0.589297, t' = -0.298743
	                                           effective interaction Vq = [     -24.2, -0.298927,-0.0272931, -0.298927, -0.298927,-0.0248971,-0.0360551,-0.0248971,-0.0272931,-0.0360551,  -9.79788,-0.0360551, -0.298927,-0.0248971,-0.0360551,-0.0248971]
	PARPACK diagonalization completed after 30 matrix-vector product operations.
	iteration results: : total energy is -136.486078 | electron energy -136.955457 + phonon energy 0.469379 | electron momentum kIdx = 0
The 8-th iteration is completed.	|| time cost : 0h 0m 1.456s
********************************************************************************************************************
Start the 9 rounds of NGS-ED iteration
	effective electronic model is modified as: kinetic energy t = 0.58792, t' = -0.298739
	                                           effective interaction Vq = [     -24.2, -0.299365,-0.0273348, -0.299365, -0.299365,-0.0249206,-0.0360705,-0.0249206,-0.0273348,-0.0360705,   -9.7979,-0.0360705, -0.299365,-0.0249206,-0.0360705,-0.0249206]
	PARPACK diagonalization completed after 30 matrix-vector product operations.
	iteration results: : total energy is -136.486089 | electron energy -136.953071 + phonon energy 0.466982 | electron momentum kIdx = 0
The 9-th iteration is completed.	|| time cost : 0h 0m 1.439s
********************************************************************************************************************
Start the 10 rounds of NGS-ED iteration
	effective electronic model is modified as: kinetic energy t = 0.587399, t' = -0.298738
	                                           effective interaction Vq = [     -24.2, -0.299532,-0.0273506, -0.299532, -0.299532,-0.0249297,-0.0360767,-0.0249297,-0.0273506,-0.0360767,  -9.79791,-0.0360767, -0.299532,-0.0249297,-0.0360767,-0.0249297]
	PARPACK diagonalization completed after 30 matrix-vector product operations.
	iteration results: : total energy is -136.486091 | electron energy -136.952169 + phonon energy 0.466078 | electron momentum kIdx = 0
The 10-th iteration is completed.	|| time cost : 0h 0m 1.454s
********************************************************************************************************************
Start the 11 rounds of NGS-ED iteration
	effective electronic model is modified as: kinetic energy t = 0.587201, t' = -0.298738
	                                           effective interaction Vq = [     -24.2, -0.299595,-0.0273567, -0.299595, -0.299595,-0.0249331,-0.0360791,-0.0249331,-0.0273567,-0.0360791,  -9.79791,-0.0360791, -0.299595,-0.0249331,-0.0360791,-0.0249331]
	PARPACK diagonalization completed after 30 matrix-vector product operations.
	iteration results: : total energy is -136.486091 | electron energy -136.951827 + phonon energy 0.465737 | electron momentum kIdx = 0
The 11-th iteration is completed.	|| time cost : 0h 0m 1.446s
********************************************************************************************************************
Start the 12 rounds of NGS-ED iteration
	effective electronic model is modified as: kinetic energy t = 0.587126, t' = -0.298737
	                                           effective interaction Vq = [     -24.2, -0.299619,-0.0273589, -0.299619, -0.299619,-0.0249344,  -0.03608,-0.0249344,-0.0273589,  -0.03608,  -9.79791,  -0.03608, -0.299619,-0.0249344,  -0.03608,-0.0249344]
	PARPACK diagonalization completed after 30 matrix-vector product operations.
	iteration results: : total energy is -136.486091 | electron energy -136.951698 + phonon energy 0.465607 | electron momentum kIdx = 0
The 12-th iteration is completed.	|| time cost : 0h 0m 1.442s
********************************************************************************************************************
Start the 13 rounds of NGS-ED iteration
	effective electronic model is modified as: kinetic energy t = 0.587098, t' = -0.298737
	                                           effective interaction Vq = [     -24.2, -0.299628,-0.0273598, -0.299628, -0.299628,-0.0249349,-0.0360803,-0.0249349,-0.0273598,-0.0360803,  -9.79791,-0.0360803, -0.299628,-0.0249349,-0.0360803,-0.0249349]
	PARPACK diagonalization completed after 30 matrix-vector product operations.
	iteration results: : total energy is -136.486091 | electron energy -136.951648 + phonon energy 0.465558 | electron momentum kIdx = 0
The 13-th iteration is completed.	|| time cost : 0h 0m 1.442s
********************************************************************************************************************
Start the 14 rounds of NGS-ED iteration
	effective electronic model is modified as: kinetic energy t = 0.587087, t' = -0.298737
	                                           effective interaction Vq = [     -24.2, -0.299632,-0.0273601, -0.299632, -0.299632,-0.0249351,-0.0360804,-0.0249351,-0.0273601,-0.0360804,  -9.79791,-0.0360804, -0.299632,-0.0249351,-0.0360804,-0.0249351]
	PARPACK diagonalization completed after 30 matrix-vector product operations.
	iteration results: : total energy is -136.486091 | electron energy -136.951630 + phonon energy 0.465539 | electron momentum kIdx = 0
The 14-th iteration is completed.	|| time cost : 0h 0m 1.446s
********************************************************************************************************************
Start the 15 rounds of NGS-ED iteration
	effective electronic model is modified as: kinetic energy t = 0.587083, t' = -0.298737
	                                           effective interaction Vq = [     -24.2, -0.299633,-0.0273603, -0.299633, -0.299633,-0.0249352,-0.0360805,-0.0249352,-0.0273603,-0.0360805,  -9.79791,-0.0360805, -0.299633,-0.0249352,-0.0360805,-0.0249352]
	PARPACK diagonalization completed after 30 matrix-vector product operations.
	iteration results: : total energy is -136.486091 | electron energy -136.951623 + phonon energy 0.465532 | electron momentum kIdx = 0
The 15-th iteration is completed.	|| time cost : 0h 0m 1.446s
********************************************************************************************************************
Start the 16 rounds of NGS-ED iteration
	effective electronic model is modified as: kinetic energy t = 0.587081, t' = -0.298737
	                                           effective interaction Vq = [     -24.2, -0.299633,-0.0273603, -0.299633, -0.299633,-0.0249352,-0.0360805,-0.0249352,-0.0273603,-0.0360805,  -9.79791,-0.0360805, -0.299633,-0.0249352,-0.0360805,-0.0249352]
	PARPACK diagonalization completed after 30 matrix-vector product operations.
	iteration results: : total energy is -136.486091 | electron energy -136.951620 + phonon energy 0.465529 | electron momentum kIdx = 0
The 16-th iteration is completed.	|| time cost : 0h 0m 1.442s
********************************************************************************************************************
Start the 17 rounds of NGS-ED iteration
	effective electronic model is modified as: kinetic energy t = 0.587081, t' = -0.298737
	                                           effective interaction Vq = [     -24.2, -0.299634,-0.0273603, -0.299634, -0.299634,-0.0249352,-0.0360805,-0.0249352,-0.0273603,-0.0360805,  -9.79791,-0.0360805, -0.299634,-0.0249352,-0.0360805,-0.0249352]
	PARPACK diagonalization completed after 30 matrix-vector product operations.
	iteration results: : total energy is -136.486091 | electron energy -136.951619 + phonon energy 0.465528 | electron momentum kIdx = 0
The 17-th iteration is completed.	|| time cost : 0h 0m 1.426s
********************************************************************************************************************
Start the 18 rounds of NGS-ED iteration
	effective electronic model is modified as: kinetic energy t = 0.587081, t' = -0.298737
	                                           effective interaction Vq = [     -24.2, -0.299634,-0.0273603, -0.299634, -0.299634,-0.0249353,-0.0360805,-0.0249353,-0.0273603,-0.0360805,  -9.79791,-0.0360805, -0.299634,-0.0249353,-0.0360805,-0.0249353]
	PARPACK diagonalization completed after 30 matrix-vector product operations.
	iteration results: : total energy is -136.486091 | electron energy -136.951619 + phonon energy 0.465528 | electron momentum kIdx = 0
The 18-th iteration is completed.	|| time cost : 0h 0m 1.426s
********************************************************************************************************************
Start the 19 rounds of NGS-ED iteration
	effective electronic model is modified as: kinetic energy t = 0.58708, t' = -0.298737
	                                           effective interaction Vq = [     -24.2, -0.299634,-0.0273603, -0.299634, -0.299634,-0.0249353,-0.0360805,-0.0249353,-0.0273603,-0.0360805,  -9.79791,-0.0360805, -0.299634,-0.0249353,-0.0360805,-0.0249353]
	PARPACK diagonalization completed after 30 matrix-vector product operations.
	iteration results: : total energy is -136.486091 | electron energy -136.951618 + phonon energy 0.465528 | electron momentum kIdx = 0
The 19-th iteration is completed.	|| time cost : 0h 0m 1.444s
********************************************************************************************************************
Start the 20 rounds of NGS-ED iteration
	effective electronic model is modified as: kinetic energy t = 0.58708, t' = -0.298737
	                                           effective interaction Vq = [     -24.2, -0.299634,-0.0273603, -0.299634, -0.299634,-0.0249353,-0.0360805,-0.0249353,-0.0273603,-0.0360805,  -9.79791,-0.0360805, -0.299634,-0.0249353,-0.0360805,-0.0249353]
	PARPACK diagonalization completed after 30 matrix-vector product operations.
	iteration results: : total energy is -136.486091 | electron energy -136.951618 + phonon energy 0.465527 | electron momentum kIdx = 0
The 20-th iteration is completed.	|| time cost : 0h 0m 1.403s
********************************************************************************************************************
Start the 21 rounds of NGS-ED iteration
	effective electronic model is modified as: kinetic energy t = 0.58708, t' = -0.298737
	                                           effective interaction Vq = [     -24.2, -0.299634,-0.0273603, -0.299634, -0.299634,-0.0249353,-0.0360805,-0.0249353,-0.0273603,-0.0360805,  -9.79791,-0.0360805, -0.299634,-0.0249353,-0.0360805,-0.0249353]
	PARPACK diagonalization completed after 30 matrix-vector product operations.
	iteration results: : total energy is -136.486091 | electron energy -136.951618 + phonon energy 0.465527 | electron momentum kIdx = 0
	Nq(0) = 4,	Nq(1) = 0.00711262,	Nq(2) = 0.0138263,	Nq(3) = 0.00711262,	Nq(4) = 0.00711262,	Nq(5) = 0.00890611,	
	Nq(6) = 0.0106423,	Nq(7) = 0.00890611,	Nq(8) = 0.0138263,	Nq(9) = 0.0106423,	Nq(10) = 3.94785,	
	Nq(11) = 0.0106423,	Nq(12) = 0.00711262,	Nq(13) = 0.00890611,	Nq(14) = 0.0106423,	Nq(15) = 0.00890611;	
	Sq(0) = -8.90608e-20,	Sq(1) = 0.33257,	Sq(2) = 1.958,	Sq(3) = 0.33257,	Sq(4) = 0.33257,	
	Sq(5) = 0.332851,	Sq(6) = 0.333185,	Sq(7) = 0.332851,	Sq(8) = 1.958,	Sq(9) = 0.333185,	
	Sq(10) = 0.0074296,	Sq(11) = 0.333185,	Sq(12) = 0.33257,	Sq(13) = 0.332851,	Sq(14) = 0.333185,	
	Sq(15) = 0.332851;	N(0) = 0.431043,	N(1) = 0.569104,	N(2) = 0.654332,	N(3) = 0.569104,	
	N(4) = 0.569104,	N(5) = 0.5,	N(6) = 0.430901,	N(7) = 0.5,	N(8) = 0.654332,	
	N(9) = 0.430901,	N(10) = 0.260272,	N(11) = 0.430901,	N(12) = 0.569104,	N(13) = 0.5,	
	N(14) = 0.430901,	N(15) = 0.5;	Delta[s](0) = 0.0049893,	Delta[s](1) = 0.00255959,	Delta[s](2) = 4.30512e-05,	
	Delta[s](3) = 0.00255959,	Delta[s](4) = 0.00255959,	Delta[s](5) = 0.00258877,	Delta[s](6) = 0.00259159,	Delta[s](7) = 0.00258877,	
	Delta[s](8) = 4.30512e-05,	Delta[s](9) = 0.00259159,	Delta[s](10) = 0.00503828,	Delta[s](11) = 0.00259159,	Delta[s](12) = 0.00255959,	
	Delta[s](13) = 0.00258877,	Delta[s](14) = 0.00259159,	Delta[s](15) = 0.00258877;	Delta[d](0) = 6.0896e-07,	Delta[d](1) = 0.000289023,	
	Delta[d](2) = 0.000239478,	Delta[d](3) = 0.000289023,	Delta[d](4) = 0.000289023,	Delta[d](5) = 0.000547247,	Delta[d](6) = 0.00047354,	
	Delta[d](7) = 0.000547247,	Delta[d](8) = 0.000239478,	Delta[d](9) = 0.00047354,	Delta[d](10) = 7.95086e-06,	Delta[d](11) = 0.00047354,	
	Delta[d](12) = 0.000289023,	Delta[d](13) = 0.000547247,	Delta[d](14) = 0.00047354,	Delta[d](15) = 0.000547247;	Delta[s+](0) = 0.00251112,	
	Delta[s+](1) = 0.00191277,	Delta[s+](2) = 0.000239478,	Delta[s+](3) = 0.00191277,	Delta[s+](4) = 0.00191277,	Delta[s+](5) = 0.00148072,	
	Delta[s+](6) = 0.000228385,	Delta[s+](7) = 0.00148072,	Delta[s+](8) = 0.000239478,	Delta[s+](9) = 0.000228385,	Delta[s+](10) = 3.90862e-06,	
	Delta[s+](11) = 0.000228385,	Delta[s+](12) = 0.00191277,	Delta[s+](13) = 0.00148072,	Delta[s+](14) = 0.000228385,	Delta[s+](15) = 0.00148072
	
The 21-th iteration is completed.	|| time cost : 0h 0m 3.734s
********************************************************************************************************************
********************************************************************************************************************
Ground state is obtained after 22 iterations. The current ground-state energy is -136.486, in which electron energy is -136.952 and phonon energy is 0.465527
Final variational state is: 
	Gamma_x = [      1,1.01062,1.00188,1.01062,1.01062, 1.0011,1.00191, 1.0011,1.00188,1.00191, 11.221,1.00191,1.01062, 1.0011,1.00191, 1.0011]
	lambda_q = [        11,  0.116284, 0.0344979,  0.116284,  0.116284, 0.0314158,-0.0363447, 0.0314158, 0.0344979,-0.0363447,   -6.8978,-0.0363447,  0.116284, 0.0314158,-0.0363447, 0.0314158]
Effective e-e interactions mediated by phonons are:
	momentum-space Vq = [     -24.2, -0.299634,-0.0273603, -0.299634, -0.299634,-0.0249353,-0.0360805,-0.0249353,-0.0273603,-0.0360805,  -9.79791,-0.0360805, -0.299634,-0.0249353,-0.0360805,-0.0249353]
	real-space Vr = [ -2.21845,-0.933075, -2.12206,-0.933075,-0.933075, -2.12145,-0.867186, -2.12145, -2.12206,-0.867186, -2.05059,-0.867186,-0.933075, -2.12145,-0.867186, -2.12145]
********************************************************************************************************************
o___o  ----------------------------------------
| L |	Time since last clock: 0h 0m 0.006s
A===A	Time since the beginning: 0h 0m 41.397s
***********************************************


Non-Gaussina ED ground state calculation is completed. The final ground-state energy is -136.486
********************************************************************************************************************
o___o  ----------------------------------------
| L |	Time since last clock: 0h 0m 0.002s
A===A	Time since the beginning: 0h 0m 41.4s
***********************************************



********************************************************************************************************************
All non-Gaussian ED ground state calculations have been completed. Exit now.
