SNEDics v3.4 Non-Gaussian ED ground state program		Start at Tue Sep 24 13:54:49 2019

parallized on 16 MPI threads  * 8 OpenMP threads = 128 total threads.
********************************************************************************************************************
********************************************************************************************************************

********************************************************************************************************************
System parameters and configurations
********************************************************************************************************************
Special program options are enabled: splitted diagonal Hamiltonian
********************************************************************************************************************
Read input file "model_params.in"
	Hubbard-Holstein model parameters : 	t = 1    U = 10    g = 4.7434    W = 5    
********************************************************************************************************************
Read input file "hilbertspace_params.in"
	Requested 16-site 2D lattice, with 14 electrons (7, 7)
	Boundary : Periodic		Hilbert space representation : momentum-space (restricted to kIdx = 0)
	Conservation: particle number[U(1)]      spin[U(1)]     momentum
********************************************************************************************************************

Cluster Positions:				Cluster symmetry group : D4
 x ... x ... x ... x .....                       x ... x ... x ... x .....
 |           |           :                       |           |           :
 |           |           :                       |           |           :
12    13    14    15     x                       1     5     6     5     x
 |           |           :                       |           |           :
 |           |           :                       |           |           :
 8 --- 9 ---10 ---11 --- x                       2 --- 6 ---10 --- 6 --- x
 |           |           :                       |           |           :
 |           |           :                       |           |           :
 4     5     6     7     x                       1     5     6     5     x
 |           |           :                       |           |           :
 |           |           :                       |           |           :
 0 --- 1 --- 2 --- 3 --- x                       0 --- 1 --- 2 --- 1 --- x
orbital number : 1
********************************************************************************************************************
Read input file "obs_params.in"
	Observable Type : Nq(All),   Sq(All),   N(All),   Delta[s](All),   Delta[d](All),   Delta[s+](All)
********************************************************************************************************************
** WARNING ** the input observables have non-local factors which have been reinterpreted. The total observable number is 96
********************************************************************************************************************


********************************************************************************************************************
Start calculating the non-Gaussian ED ground state
** WARNING ** Detected low phonon energy W < 10. The initial state will be prepared through a warm-up process.
********************************************************************************************************************
Start warm-up calculation for scaling factor 2
open output files: NGSEDWarmUpW10Obs.txt
********************************************************************************************************************
Start the 0 rounds of NGS-ED iteration
	effective electronic model is modified as: kinetic energy t = 1
	                                           effective interaction Vq = [-0,-0,-0,-0,-0,-0,-0,-0,-0,-0,-0,-0,-0,-0,-0,-0]
	first Hamiltonian is constructed, non-zero numbers = 2178478298
	PARPACK diagonalization completed after 180 matrix-vector product operations.
	iteration results: : total energy is -10.807012 | electron energy -10.807012 + phonon energy 0.000000 | electron momentum kIdx = 0
	Nq(0) = 12.25,	Nq(1) = 0.141929,	Nq(2) = 0.162174,	Nq(3) = 0.141929,	Nq(4) = 0.141929,	Nq(5) = 0.175613,	Nq(6) = 0.20172,	Nq(7) = 0.175613,	Nq(8) = 0.162174,	Nq(9) = 0.20172,	Nq(10) = 0.233929,	Nq(11) = 0.20172,	Nq(12) = 0.141929,	Nq(13) = 0.175613,	Nq(14) = 0.20172,	Nq(15) = 0.175613,	Sq(0) = 9.86455e-19,	Sq(1) = 0.470092,	Sq(2) = 0.793515,	Sq(3) = 0.470092,	Sq(4) = 0.470092,	Sq(5) = 0.652239,	Sq(6) = 1.12077,	Sq(7) = 0.652239,	Sq(8) = 0.793515,	Sq(9) = 1.12077,	Sq(10) = 2.55524,	Sq(11) = 1.12077,	Sq(12) = 0.470092,	Sq(13) = 0.652239,	Sq(14) = 1.12077,	Sq(15) = 0.652239,	N(0) = 1.67827,	N(1) = 1.49596,	N(2) = 0.417412,	N(3) = 1.49596,	N(4) = 1.49596,	N(5) = 0.99941,	N(6) = 0.321825,	N(7) = 0.99941,	N(8) = 0.417412,	N(9) = 0.321825,	N(10) = 0.218126,	N(11) = 0.321825,	N(12) = 1.49596,	N(13) = 0.99941,	N(14) = 0.321825,	N(15) = 0.99941,	Delta[s](0) = 0.0461485,	Delta[s](1) = 0.0367449,	Delta[s](2) = 0.0258039,	Delta[s](3) = 0.0367449,	Delta[s](4) = 0.0367449,	Delta[s](5) = 0.0285438,	Delta[s](6) = 0.018401,	Delta[s](7) = 0.0285438,	Delta[s](8) = 0.0258039,	Delta[s](9) = 0.018401,	Delta[s](10) = 0.0101499,	Delta[s](11) = 0.018401,	Delta[s](12) = 0.0367449,	Delta[s](13) = 0.0285438,	Delta[s](14) = 0.018401,	Delta[s](15) = 0.0285438,	Delta[d](0) = 0.296755,	Delta[d](1) = 0.226769,	Delta[d](2) = 0.221316,	Delta[d](3) = 0.226769,	Delta[d](4) = 0.226769,	Delta[d](5) = 0.204,	Delta[d](6) = 0.156635,	Delta[d](7) = 0.204,	Delta[d](8) = 0.221316,	Delta[d](9) = 0.156635,	Delta[d](10) = 0.077136,	Delta[d](11) = 0.156635,	Delta[d](12) = 0.226769,	Delta[d](13) = 0.204,	Delta[d](14) = 0.156635,	Delta[d](15) = 0.204,	Delta[s+](0) = 0.545254,	Delta[s+](1) = 0.410393,	Delta[s+](2) = 0.221316,	Delta[s+](3) = 0.410393,	Delta[s+](4) = 0.410393,	Delta[s+](5) = 0.294785,	Delta[s+](6) = 0.146941,	Delta[s+](7) = 0.294785,	Delta[s+](8) = 0.221316,	Delta[s+](9) = 0.146941,	Delta[s+](10) = 0.0576916,	Delta[s+](11) = 0.146941,	Delta[s+](12) = 0.410393,	Delta[s+](13) = 0.294785,	Delta[s+](14) = 0.146941,	Delta[s+](15) = 0.294785
The 0-th iteration is completed.	|| time cost : 0h 6m 35.517s
********************************************************************************************************************
Start the 1 rounds of NGS-ED iteration
	effective electronic model is modified as: kinetic energy t = 0.891818
	                                           effective interaction Vq = [-3.89096,-3.62192,-3.42538,-3.62192,-3.62192,-3.46055,-3.33548,-3.46055,-3.42538,-3.33548, -3.2588,-3.33548,-3.62192,-3.46055,-3.33548,-3.46055]
	PARPACK diagonalization completed after 60 matrix-vector product operations.
	iteration results: : total energy is -68.328112 | electron energy -68.333924 + phonon energy 0.005812 | electron momentum kIdx = 0
The 1-th iteration is completed.	|| time cost : 0h 5m 48.846s
********************************************************************************************************************
Start the 2 rounds of NGS-ED iteration
	effective electronic model is modified as: kinetic energy t = 0.822994
	                                           effective interaction Vq = [-4.41755, -4.1866,-4.00742, -4.1866, -4.1866,-4.07207,-3.95439,-4.07207,-4.00742,-3.95439,-3.86989,-3.95439, -4.1866,-4.07207,-3.95439,-4.07207]
	PARPACK diagonalization completed after 45 matrix-vector product operations.
	iteration results: : total energy is -76.306947 | electron energy -76.367564 + phonon energy 0.060616 | electron momentum kIdx = 0
The 2-th iteration is completed.	|| time cost : 0h 0m 24.006s
********************************************************************************************************************
Start the 3 rounds of NGS-ED iteration
	effective electronic model is modified as: kinetic energy t = 0.795129
	                                           effective interaction Vq = [-4.48881,-4.32649,-4.16009,-4.32649,-4.32649,-4.23481,-4.13329,-4.23481,-4.16009,-4.13329,-4.04504,-4.13329,-4.32649,-4.23481,-4.13329,-4.23481]
	PARPACK diagonalization completed after 45 matrix-vector product operations.
	iteration results: : total energy is -77.417668 | electron energy -77.529042 + phonon energy 0.111373 | electron momentum kIdx = 0
The 3-th iteration is completed.	|| time cost : 0h 0m 24.048s
********************************************************************************************************************
Start the 4 rounds of NGS-ED iteration
	effective electronic model is modified as: kinetic energy t = 0.784601
	                                           effective interaction Vq = [-4.49846,-4.36803,-4.20691,-4.36803,-4.36803,-4.28514,-4.19265,-4.28514,-4.20691,-4.19265,-4.10241,-4.19265,-4.36803,-4.28514,-4.19265,-4.28514]
	PARPACK diagonalization completed after 45 matrix-vector product operations.
	iteration results: : total energy is -77.569420 | electron energy -77.705284 + phonon energy 0.135864 | electron momentum kIdx = 0
The 4-th iteration is completed.	|| time cost : 0h 0m 24.053s
********************************************************************************************************************
Start the 5 rounds of NGS-ED iteration
	effective electronic model is modified as: kinetic energy t = 0.780726
	                                           effective interaction Vq = [-4.49976,-4.38175,-4.22238,-4.38175,-4.38175,-4.30203,-4.21367,-4.30203,-4.22238,-4.21367,-4.12233,-4.21367,-4.38175,-4.30203,-4.21367,-4.30203]
	PARPACK diagonalization completed after 30 matrix-vector product operations.
	iteration results: : total energy is -77.589943 | electron energy -77.735565 + phonon energy 0.145622 | electron momentum kIdx = 0
The 5-th iteration is completed.	|| time cost : 0h 0m 20.426s
********************************************************************************************************************
Start the 6 rounds of NGS-ED iteration
	effective electronic model is modified as: kinetic energy t = 0.779315
	                                           effective interaction Vq = [-4.49994,-4.38652,-4.22765,-4.38652,-4.38652,-4.30791,-4.22133,-4.30791,-4.22765,-4.22133,-4.12941,-4.22133,-4.38652,-4.30791,-4.22133,-4.30791]
	PARPACK diagonalization completed after 30 matrix-vector product operations.
	iteration results: : total energy is -77.592708 | electron energy -77.741987 + phonon energy 0.149279 | electron momentum kIdx = 0
The 6-th iteration is completed.	|| time cost : 0h 0m 20.423s
********************************************************************************************************************
Start the 7 rounds of NGS-ED iteration
	effective electronic model is modified as: kinetic energy t = 0.778804
	                                           effective interaction Vq = [-4.49996,-4.38821,-4.22947,-4.38821,-4.38821,-4.30998,-4.22416,-4.30998,-4.22947,-4.22416,-4.13196,-4.22416,-4.38821,-4.30998,-4.22416,-4.30998]
	PARPACK diagonalization completed after 30 matrix-vector product operations.
	iteration results: : total energy is -77.593080 | electron energy -77.743703 + phonon energy 0.150622 | electron momentum kIdx = 0
The 7-th iteration is completed.	|| time cost : 0h 0m 20.423s
********************************************************************************************************************
Start the 8 rounds of NGS-ED iteration
	effective electronic model is modified as: kinetic energy t = 0.778618
	                                           effective interaction Vq = [-4.49997,-4.38882,-4.23011,-4.38882,-4.38882,-4.31072, -4.2252,-4.31072,-4.23011, -4.2252,-4.13287, -4.2252,-4.38882,-4.31072, -4.2252,-4.31072]
	PARPACK diagonalization completed after 30 matrix-vector product operations.
	iteration results: : total energy is -77.593130 | electron energy -77.744243 + phonon energy 0.151112 | electron momentum kIdx = 0
The 8-th iteration is completed.	|| time cost : 0h 0m 20.675s
********************************************************************************************************************
Start the 9 rounds of NGS-ED iteration
	effective electronic model is modified as: kinetic energy t = 0.778551
	                                           effective interaction Vq = [-4.49997,-4.38904,-4.23033,-4.38904,-4.38904,-4.31098,-4.22558,-4.31098,-4.23033,-4.22558, -4.1332,-4.22558,-4.38904,-4.31098,-4.22558,-4.31098]
	PARPACK diagonalization completed after 30 matrix-vector product operations.
	iteration results: : total energy is -77.593137 | electron energy -77.744428 + phonon energy 0.151291 | electron momentum kIdx = 0
	Nq(0) = 12.25,	Nq(1) = 0.294676,	Nq(2) = 0.331809,	Nq(3) = 0.294676,	Nq(4) = 0.294676,	Nq(5) = 0.414982,	Nq(6) = 0.479924,	Nq(7) = 0.414982,	Nq(8) = 0.331809,	Nq(9) = 0.479924,	Nq(10) = 0.517426,	Nq(11) = 0.479924,	Nq(12) = 0.294676,	Nq(13) = 0.414982,	Nq(14) = 0.479924,	Nq(15) = 0.414982,	Sq(0) = -9.33685e-19,	Sq(1) = 0.424489,	Sq(2) = 0.619345,	Sq(3) = 0.424489,	Sq(4) = 0.424489,	Sq(5) = 0.554671,	Sq(6) = 0.734341,	Sq(7) = 0.554671,	Sq(8) = 0.619345,	Sq(9) = 0.734341,	Sq(10) = 1.71793,	Sq(11) = 0.734341,	Sq(12) = 0.424489,	Sq(13) = 0.554671,	Sq(14) = 0.734341,	Sq(15) = 0.554671,	N(0) = 1.97945,	N(1) = 1.96265,	N(2) = 0.0273081,	N(3) = 1.96265,	N(4) = 1.96265,	N(5) = 0.99844,	N(6) = 0.0272371,	N(7) = 0.99844,	N(8) = 0.0273081,	N(9) = 0.0272371,	N(10) = 0.012634,	N(11) = 0.0272371,	N(12) = 1.96265,	N(13) = 0.99844,	N(14) = 0.0272371,	N(15) = 0.99844,	Delta[s](0) = 0.170853,	Delta[s](1) = 0.150477,	Delta[s](2) = 0.122029,	Delta[s](3) = 0.150477,	Delta[s](4) = 0.150477,	Delta[s](5) = 0.135325,	Delta[s](6) = 0.113268,	Delta[s](7) = 0.135325,	Delta[s](8) = 0.122029,	Delta[s](9) = 0.113268,	Delta[s](10) = 0.0834983,	Delta[s](11) = 0.113268,	Delta[s](12) = 0.150477,	Delta[s](13) = 0.135325,	Delta[s](14) = 0.113268,	Delta[s](15) = 0.135325,	Delta[d](0) = 0.229534,	Delta[d](1) = 0.166331,	Delta[d](2) = 0.176402,	Delta[d](3) = 0.166331,	Delta[d](4) = 0.166331,	Delta[d](5) = 0.169579,	Delta[d](6) = 0.123983,	Delta[d](7) = 0.169579,	Delta[d](8) = 0.176402,	Delta[d](9) = 0.123983,	Delta[d](10) = 0.0546733,	Delta[d](11) = 0.123983,	Delta[d](12) = 0.166331,	Delta[d](13) = 0.169579,	Delta[d](14) = 0.123983,	Delta[d](15) = 0.169579,	Delta[s+](0) = 0.53132,	Delta[s+](1) = 0.400907,	Delta[s+](2) = 0.176402,	Delta[s+](3) = 0.400907,	Delta[s+](4) = 0.400907,	Delta[s+](5) = 0.283279,	Delta[s+](6) = 0.116409,	Delta[s+](7) = 0.283279,	Delta[s+](8) = 0.176402,	Delta[s+](9) = 0.116409,	Delta[s+](10) = 0.0409751,	Delta[s+](11) = 0.116409,	Delta[s+](12) = 0.400907,	Delta[s+](13) = 0.283279,	Delta[s+](14) = 0.116409,	Delta[s+](15) = 0.283279
The 9-th iteration is completed.	|| time cost : 0h 3m 15.237s
********************************************************************************************************************
********************************************************************************************************************
Ground state is obtained after 10 iterations. The current ground-state energy is -77.5931, in which electron energy is -77.7444 and phonon energy is 0.151291
final variational state is: 
	Gamma_x = [      1, 1.0357,1.05672, 1.0357, 1.0357,1.06268,1.08351,1.06268,1.05672,1.08351,1.09947,1.08351, 1.0357,1.06268,1.08351,1.06268]
	lambda_q = [0.670788, 0.56553,0.506634, 0.56553, 0.56553,0.533379,0.505216,0.533379,0.506634,0.505216,0.479338,0.505216, 0.56553,0.533379,0.505216,0.533379]
********************************************************************************************************************
o___o  ----------------------------------------
| L |	Time since last clock: 0h 0m 0s
A===A	Time since the beginning: 0h 18m 13.658s
***********************************************


********************************************************************************************************************
Warm up runs have been completed. Start calculating W = 5 phonon.
open output files: NGSEDIterationObs.txt
********************************************************************************************************************
Start the 0 rounds of NGS-ED iteration
	effective electronic model is modified as: kinetic energy t = 0.778526
	                                           effective interaction Vq = [-4.11385,-3.76595,-3.52295,-3.76595,-3.76595, -3.6376,-3.51667, -3.6376,-3.52295,-3.51667,-3.39856,-3.51667,-3.76595, -3.6376,-3.51667, -3.6376]
	PARPACK diagonalization completed after 45 matrix-vector product operations.
	iteration results: : total energy is -69.280447 | electron energy -69.356125 + phonon energy 0.075678 | electron momentum kIdx = 0
	Nq(0) = 12.25,	Nq(1) = 0.233794,	Nq(2) = 0.281468,	Nq(3) = 0.233794,	Nq(4) = 0.233794,	Nq(5) = 0.333764,	Nq(6) = 0.381618,	Nq(7) = 0.333764,	Nq(8) = 0.281468,	Nq(9) = 0.381618,	Nq(10) = 0.42855,	Nq(11) = 0.381618,	Nq(12) = 0.233794,	Nq(13) = 0.333764,	Nq(14) = 0.381618,	Nq(15) = 0.333764,	Sq(0) = 6.42762e-18,	Sq(1) = 0.455105,	Sq(2) = 0.672531,	Sq(3) = 0.455105,	Sq(4) = 0.455105,	Sq(5) = 0.586244,	Sq(6) = 0.836294,	Sq(7) = 0.586244,	Sq(8) = 0.672531,	Sq(9) = 0.836294,	Sq(10) = 2.10617,	Sq(11) = 0.836294,	Sq(12) = 0.455105,	Sq(13) = 0.586244,	Sq(14) = 0.836294,	Sq(15) = 0.586244,	N(0) = 1.92982,	N(1) = 1.87208,	N(2) = 0.0934203,	N(3) = 1.87208,	N(4) = 1.87208,	N(5) = 0.997155,	N(6) = 0.0903374,	N(7) = 0.997155,	N(8) = 0.0934203,	N(9) = 0.0903374,	N(10) = 0.0450402,	N(11) = 0.0903374,	N(12) = 1.87208,	N(13) = 0.997155,	N(14) = 0.0903374,	N(15) = 0.997155,	Delta[s](0) = 0.122692,	Delta[s](1) = 0.108448,	Delta[s](2) = 0.0908084,	Delta[s](3) = 0.108448,	Delta[s](4) = 0.108448,	Delta[s](5) = 0.0978978,	Delta[s](6) = 0.0814735,	Delta[s](7) = 0.0978978,	Delta[s](8) = 0.0908084,	Delta[s](9) = 0.0814735,	Delta[s](10) = 0.063511,	Delta[s](11) = 0.0814735,	Delta[s](12) = 0.108448,	Delta[s](13) = 0.0978978,	Delta[s](14) = 0.0814735,	Delta[s](15) = 0.0978978,	Delta[d](0) = 0.255446,	Delta[d](1) = 0.197229,	Delta[d](2) = 0.208558,	Delta[d](3) = 0.197229,	Delta[d](4) = 0.197229,	Delta[d](5) = 0.194346,	Delta[d](6) = 0.14814,	Delta[d](7) = 0.194346,	Delta[d](8) = 0.208558,	Delta[d](9) = 0.14814,	Delta[d](10) = 0.0691642,	Delta[d](11) = 0.14814,	Delta[d](12) = 0.197229,	Delta[d](13) = 0.194346,	Delta[d](14) = 0.14814,	Delta[d](15) = 0.194346,	Delta[s+](0) = 0.586275,	Delta[s+](1) = 0.440598,	Delta[s+](2) = 0.208558,	Delta[s+](3) = 0.440598,	Delta[s+](4) = 0.440598,	Delta[s+](5) = 0.313139,	Delta[s+](6) = 0.139904,	Delta[s+](7) = 0.313139,	Delta[s+](8) = 0.208558,	Delta[s+](9) = 0.139904,	Delta[s+](10) = 0.0530152,	Delta[s+](11) = 0.139904,	Delta[s+](12) = 0.440598,	Delta[s+](13) = 0.313139,	Delta[s+](14) = 0.139904,	Delta[s+](15) = 0.313139
The 0-th iteration is completed.	|| time cost : 0h 3m 17.548s
********************************************************************************************************************
Start the 1 rounds of NGS-ED iteration
	effective electronic model is modified as: kinetic energy t = 0.761234
	                                           effective interaction Vq = [-4.35792,-3.95338, -3.6632,-3.95338,-3.95338,-3.79343,-3.62626,-3.79343, -3.6632,-3.62626,-3.49239,-3.62626,-3.95338,-3.79343,-3.62626,-3.79343]
	PARPACK diagonalization completed after 45 matrix-vector product operations.
	iteration results: : total energy is -72.458519 | electron energy -72.649092 + phonon energy 0.190573 | electron momentum kIdx = 0
The 1-th iteration is completed.	|| time cost : 0h 0m 24.313s
********************************************************************************************************************
Start the 2 rounds of NGS-ED iteration
	effective electronic model is modified as: kinetic energy t = 0.748133
	                                           effective interaction Vq = [-4.44771,-4.05495,-3.74788,-4.05495,-4.05495,-3.88714,-3.70386,-3.88714,-3.74788,-3.70386,-3.56478,-3.70386,-4.05495,-3.88714,-3.70386,-3.88714]
	PARPACK diagonalization completed after 45 matrix-vector product operations.
	iteration results: : total energy is -73.629605 | electron energy -73.896310 + phonon energy 0.266705 | electron momentum kIdx = 0
The 2-th iteration is completed.	|| time cost : 0h 0m 24.099s
********************************************************************************************************************
Start the 3 rounds of NGS-ED iteration
	effective electronic model is modified as: kinetic energy t = 0.739274
	                                           effective interaction Vq = [-4.48074,-4.11214,-3.79863,-4.11214,-4.11214,-3.94341,-3.75454,-3.94341,-3.79863,-3.75454,-3.61295,-3.75454,-4.11214,-3.94341,-3.75454,-3.94341]
	PARPACK diagonalization completed after 45 matrix-vector product operations.
	iteration results: : total energy is -74.061892 | electron energy -74.375715 + phonon energy 0.313823 | electron momentum kIdx = 0
The 3-th iteration is completed.	|| time cost : 0h 0m 24.095s
********************************************************************************************************************
Start the 4 rounds of NGS-ED iteration
	effective electronic model is modified as: kinetic energy t = 0.733547
	                                           effective interaction Vq = [ -4.4929,-4.14521, -3.8291,-4.14521,-4.14521,-3.97739,-3.78683,-3.97739, -3.8291,-3.78683,-3.64364,-3.78683,-4.14521,-3.97739,-3.78683,-3.97739]
	PARPACK diagonalization completed after 30 matrix-vector product operations.
	iteration results: : total energy is -74.221479 | electron energy -74.564481 + phonon energy 0.343002 | electron momentum kIdx = 0
The 4-th iteration is completed.	|| time cost : 0h 0m 20.382s
********************************************************************************************************************
Start the 5 rounds of NGS-ED iteration
	effective electronic model is modified as: kinetic energy t = 0.72992
	                                           effective interaction Vq = [-4.49737,-4.16469,-3.84747,-4.16469,-4.16469,-3.99803,-3.80724,-3.99803,-3.84747,-3.80724,-3.66294,-3.80724,-4.16469,-3.99803,-3.80724,-3.99803]
	PARPACK diagonalization completed after 30 matrix-vector product operations.
	iteration results: : total energy is -74.280386 | electron energy -74.641550 + phonon energy 0.361164 | electron momentum kIdx = 0
The 5-th iteration is completed.	|| time cost : 0h 0m 20.418s
********************************************************************************************************************
Start the 6 rounds of NGS-ED iteration
	effective electronic model is modified as: kinetic energy t = 0.727646
	                                           effective interaction Vq = [-4.49901, -4.1763,-3.85859, -4.1763, -4.1763,-4.01064,-3.82012,-4.01064,-3.85859,-3.82012,-3.67502,-3.82012, -4.1763,-4.01064,-3.82012,-4.01064]
	PARPACK diagonalization completed after 30 matrix-vector product operations.
	iteration results: : total energy is -74.302129 | electron energy -74.674622 + phonon energy 0.372494 | electron momentum kIdx = 0
The 6-th iteration is completed.	|| time cost : 0h 0m 20.431s
********************************************************************************************************************
Start the 7 rounds of NGS-ED iteration
	effective electronic model is modified as: kinetic energy t = 0.726227
	                                           effective interaction Vq = [-4.49962,-4.18327,-3.86533,-4.18327,-4.18327,-4.01836,-3.82824,-4.01836,-3.86533,-3.82824,-3.68256,-3.82824,-4.18327,-4.01836,-3.82824,-4.01836]
	PARPACK diagonalization completed after 30 matrix-vector product operations.
	iteration results: : total energy is -74.310154 | electron energy -74.689718 + phonon energy 0.379564 | electron momentum kIdx = 0
The 7-th iteration is completed.	|| time cost : 0h 0m 21.649s
********************************************************************************************************************
Start the 8 rounds of NGS-ED iteration
	effective electronic model is modified as: kinetic energy t = 0.725345
	                                           effective interaction Vq = [-4.49984,-4.18749,-3.86944,-4.18749,-4.18749, -4.0231,-3.83335, -4.0231,-3.86944,-3.83335,-3.68727,-3.83335,-4.18749, -4.0231,-3.83335, -4.0231]
	PARPACK diagonalization completed after 30 matrix-vector product operations.
	iteration results: : total energy is -74.313116 | electron energy -74.697090 + phonon energy 0.383974 | electron momentum kIdx = 0
The 8-th iteration is completed.	|| time cost : 0h 0m 20.415s
********************************************************************************************************************
Start the 9 rounds of NGS-ED iteration
	effective electronic model is modified as: kinetic energy t = 0.724796
	                                           effective interaction Vq = [-4.49992,-4.19005,-3.87194,-4.19005,-4.19005,-4.02602,-3.83657,-4.02602,-3.87194,-3.83657,-3.69021,-3.83657,-4.19005,-4.02602,-3.83657,-4.02602]
	PARPACK diagonalization completed after 30 matrix-vector product operations.
	iteration results: : total energy is -74.314210 | electron energy -74.700933 + phonon energy 0.386723 | electron momentum kIdx = 0
The 9-th iteration is completed.	|| time cost : 0h 0m 20.456s
********************************************************************************************************************
Start the 10 rounds of NGS-ED iteration
	effective electronic model is modified as: kinetic energy t = 0.724456
	                                           effective interaction Vq = [-4.49995, -4.1916,-3.87347, -4.1916, -4.1916,-4.02782, -3.8386,-4.02782,-3.87347, -3.8386,-3.69205, -3.8386, -4.1916,-4.02782, -3.8386,-4.02782]
	PARPACK diagonalization completed after 30 matrix-vector product operations.
	iteration results: : total energy is -74.314613 | electron energy -74.703049 + phonon energy 0.388436 | electron momentum kIdx = 0
	Nq(0) = 12.25,	Nq(1) = 0.263592,	Nq(2) = 0.30249,	Nq(3) = 0.263592,	Nq(4) = 0.263592,	Nq(5) = 0.369503,	Nq(6) = 0.414214,	Nq(7) = 0.369503,	Nq(8) = 0.30249,	Nq(9) = 0.414214,	Nq(10) = 0.455745,	Nq(11) = 0.414214,	Nq(12) = 0.263592,	Nq(13) = 0.369503,	Nq(14) = 0.414214,	Nq(15) = 0.369503,	Sq(0) = 1.72454e-17,	Sq(1) = 0.443064,	Sq(2) = 0.652961,	Sq(3) = 0.443064,	Sq(4) = 0.443064,	Sq(5) = 0.575407,	Sq(6) = 0.793446,	Sq(7) = 0.575407,	Sq(8) = 0.652961,	Sq(9) = 0.793446,	Sq(10) = 1.94645,	Sq(11) = 0.793446,	Sq(12) = 0.443064,	Sq(13) = 0.575407,	Sq(14) = 0.793446,	Sq(15) = 0.575407,	N(0) = 1.95259,	N(1) = 1.91569,	N(2) = 0.0607371,	N(3) = 1.91569,	N(4) = 1.91569,	N(5) = 0.997276,	N(6) = 0.0609212,	N(7) = 0.997276,	N(8) = 0.0607371,	N(9) = 0.0609212,	N(10) = 0.030389,	N(11) = 0.0609212,	N(12) = 1.91569,	N(13) = 0.997276,	N(14) = 0.0609212,	N(15) = 0.997276,	Delta[s](0) = 0.134884,	Delta[s](1) = 0.121831,	Delta[s](2) = 0.105018,	Delta[s](3) = 0.121831,	Delta[s](4) = 0.121831,	Delta[s](5) = 0.112102,	Delta[s](6) = 0.0973243,	Delta[s](7) = 0.112102,	Delta[s](8) = 0.105018,	Delta[s](9) = 0.0973243,	Delta[s](10) = 0.0800314,	Delta[s](11) = 0.0973243,	Delta[s](12) = 0.121831,	Delta[s](13) = 0.112102,	Delta[s](14) = 0.0973243,	Delta[s](15) = 0.112102,	Delta[d](0) = 0.269671,	Delta[d](1) = 0.213337,	Delta[d](2) = 0.223262,	Delta[d](3) = 0.213337,	Delta[d](4) = 0.213337,	Delta[d](5) = 0.21212,	Delta[d](6) = 0.162863,	Delta[d](7) = 0.21212,	Delta[d](8) = 0.223262,	Delta[d](9) = 0.162863,	Delta[d](10) = 0.0806942,	Delta[d](11) = 0.162863,	Delta[d](12) = 0.213337,	Delta[d](13) = 0.21212,	Delta[d](14) = 0.162863,	Delta[d](15) = 0.21212,	Delta[s+](0) = 0.617673,	Delta[s+](1) = 0.466285,	Delta[s+](2) = 0.223262,	Delta[s+](3) = 0.466285,	Delta[s+](4) = 0.466285,	Delta[s+](5) = 0.334033,	Delta[s+](6) = 0.152318,	Delta[s+](7) = 0.334033,	Delta[s+](8) = 0.223262,	Delta[s+](9) = 0.152318,	Delta[s+](10) = 0.0617901,	Delta[s+](11) = 0.152318,	Delta[s+](12) = 0.466285,	Delta[s+](13) = 0.334033,	Delta[s+](14) = 0.152318,	Delta[s+](15) = 0.334033
The 10-th iteration is completed.	|| time cost : 0h 3m 12.739s
********************************************************************************************************************
Start the 11 rounds of NGS-ED iteration
	effective electronic model is modified as: kinetic energy t = 0.724245
	                                           effective interaction Vq = [-4.49996,-4.19255, -3.8744,-4.19255,-4.19255,-4.02893,-3.83988,-4.02893, -3.8744,-3.83988,-3.69319,-3.83988,-4.19255,-4.02893,-3.83988,-4.02893]
	PARPACK diagonalization completed after 30 matrix-vector product operations.
	iteration results: : total energy is -74.314762 | electron energy -74.704265 + phonon energy 0.389502 | electron momentum kIdx = 0
The 11-th iteration is completed.	|| time cost : 0h 0m 20.451s
********************************************************************************************************************
Start the 12 rounds of NGS-ED iteration
	effective electronic model is modified as: kinetic energy t = 0.724114
	                                           effective interaction Vq = [-4.49997,-4.19313,-3.87497,-4.19313,-4.19313,-4.02961,-3.84068,-4.02961,-3.87497,-3.84068,-3.69391,-3.84068,-4.19313,-4.02961,-3.84068,-4.02961]
	PARPACK diagonalization completed after 30 matrix-vector product operations.
	iteration results: : total energy is -74.314817 | electron energy -74.704983 + phonon energy 0.390166 | electron momentum kIdx = 0
The 12-th iteration is completed.	|| time cost : 0h 0m 20.457s
********************************************************************************************************************
Start the 13 rounds of NGS-ED iteration
	effective electronic model is modified as: kinetic energy t = 0.724033
	                                           effective interaction Vq = [-4.49997,-4.19348,-3.87532,-4.19348,-4.19348,-4.03003,-3.84119,-4.03003,-3.87532,-3.84119,-3.69435,-3.84119,-4.19348,-4.03003,-3.84119,-4.03003]
	PARPACK diagonalization completed after 30 matrix-vector product operations.
	iteration results: : total energy is -74.314838 | electron energy -74.705417 + phonon energy 0.390579 | electron momentum kIdx = 0
The 13-th iteration is completed.	|| time cost : 0h 0m 20.658s
********************************************************************************************************************
Start the 14 rounds of NGS-ED iteration
	effective electronic model is modified as: kinetic energy t = 0.723982
	                                           effective interaction Vq = [-4.49997, -4.1937,-3.87553, -4.1937, -4.1937,-4.03029, -3.8415,-4.03029,-3.87553, -3.8415,-3.69463, -3.8415, -4.1937,-4.03029, -3.8415,-4.03029]
	PARPACK diagonalization completed after 30 matrix-vector product operations.
	iteration results: : total energy is -74.314845 | electron energy -74.705681 + phonon energy 0.390836 | electron momentum kIdx = 0
The 14-th iteration is completed.	|| time cost : 0h 0m 20.443s
********************************************************************************************************************
Start the 15 rounds of NGS-ED iteration
	effective electronic model is modified as: kinetic energy t = 0.723951
	                                           effective interaction Vq = [-4.49997,-4.19383,-3.87566,-4.19383,-4.19383,-4.03045, -3.8417,-4.03045,-3.87566, -3.8417, -3.6948, -3.8417,-4.19383,-4.03045, -3.8417,-4.03045]
	PARPACK diagonalization completed after 30 matrix-vector product operations.
	iteration results: : total energy is -74.314848 | electron energy -74.705844 + phonon energy 0.390996 | electron momentum kIdx = 0
The 15-th iteration is completed.	|| time cost : 0h 0m 20.409s
********************************************************************************************************************
Start the 16 rounds of NGS-ED iteration
	effective electronic model is modified as: kinetic energy t = 0.723931
	                                           effective interaction Vq = [-4.49997,-4.19391,-3.87574,-4.19391,-4.19391,-4.03055,-3.84183,-4.03055,-3.87574,-3.84183,-3.69491,-3.84183,-4.19391,-4.03055,-3.84183,-4.03055]
	PARPACK diagonalization completed after 30 matrix-vector product operations.
	iteration results: : total energy is -74.314849 | electron energy -74.705944 + phonon energy 0.391095 | electron momentum kIdx = 0
The 16-th iteration is completed.	|| time cost : 0h 0m 20.414s
********************************************************************************************************************
Start the 17 rounds of NGS-ED iteration
	effective electronic model is modified as: kinetic energy t = 0.723919
	                                           effective interaction Vq = [-4.49997,-4.19396,-3.87579,-4.19396,-4.19396,-4.03061,-3.84191,-4.03061,-3.87579,-3.84191,-3.69498,-3.84191,-4.19396,-4.03061,-3.84191,-4.03061]
	PARPACK diagonalization completed after 30 matrix-vector product operations.
	iteration results: : total energy is -74.314850 | electron energy -74.706007 + phonon energy 0.391157 | electron momentum kIdx = 0
The 17-th iteration is completed.	|| time cost : 0h 0m 20.35s
********************************************************************************************************************
Start the 18 rounds of NGS-ED iteration
	effective electronic model is modified as: kinetic energy t = 0.723912
	                                           effective interaction Vq = [-4.49997,-4.19399,-3.87582,-4.19399,-4.19399,-4.03065,-3.84195,-4.03065,-3.87582,-3.84195,-3.69502,-3.84195,-4.19399,-4.03065,-3.84195,-4.03065]
	PARPACK diagonalization completed after 30 matrix-vector product operations.
	iteration results: : total energy is -74.314850 | electron energy -74.706045 + phonon energy 0.391195 | electron momentum kIdx = 0
The 18-th iteration is completed.	|| time cost : 0h 0m 20.449s
********************************************************************************************************************
Start the 19 rounds of NGS-ED iteration
	effective electronic model is modified as: kinetic energy t = 0.723907
	                                           effective interaction Vq = [-4.49997,-4.19401,-3.87584,-4.19401,-4.19401,-4.03067,-3.84199,-4.03067,-3.87584,-3.84199,-3.69505,-3.84199,-4.19401,-4.03067,-3.84199,-4.03067]
	PARPACK diagonalization completed after 30 matrix-vector product operations.
	iteration results: : total energy is -74.314850 | electron energy -74.706069 + phonon energy 0.391219 | electron momentum kIdx = 0
The 19-th iteration is completed.	|| time cost : 0h 0m 20.509s
********************************************************************************************************************
Start the 20 rounds of NGS-ED iteration
	effective electronic model is modified as: kinetic energy t = 0.723904
	                                           effective interaction Vq = [-4.49997,-4.19402,-3.87586,-4.19402,-4.19402,-4.03069,  -3.842,-4.03069,-3.87586,  -3.842,-3.69506,  -3.842,-4.19402,-4.03069,  -3.842,-4.03069]
	PARPACK diagonalization completed after 30 matrix-vector product operations.
	iteration results: : total energy is -74.314850 | electron energy -74.706084 + phonon energy 0.391234 | electron momentum kIdx = 0
	Nq(0) = 12.25,	Nq(1) = 0.263793,	Nq(2) = 0.302627,	Nq(3) = 0.263793,	Nq(4) = 0.263793,	Nq(5) = 0.369784,	Nq(6) = 0.414556,	Nq(7) = 0.369784,	Nq(8) = 0.302627,	Nq(9) = 0.414556,	Nq(10) = 0.456005,	Nq(11) = 0.414556,	Nq(12) = 0.263793,	Nq(13) = 0.369784,	Nq(14) = 0.414556,	Nq(15) = 0.369784,	Sq(0) = 9.96748e-19,	Sq(1) = 0.442964,	Sq(2) = 0.652795,	Sq(3) = 0.442964,	Sq(4) = 0.442964,	Sq(5) = 0.575304,	Sq(6) = 0.793101,	Sq(7) = 0.575304,	Sq(8) = 0.652795,	Sq(9) = 0.793101,	Sq(10) = 1.94514,	Sq(11) = 0.793101,	Sq(12) = 0.442964,	Sq(13) = 0.575304,	Sq(14) = 0.793101,	Sq(15) = 0.575304,	N(0) = 1.95276,	N(1) = 1.91601,	N(2) = 0.0605033,	N(3) = 1.91601,	N(4) = 1.91601,	N(5) = 0.997282,	N(6) = 0.0607009,	N(7) = 0.997282,	N(8) = 0.0605033,	N(9) = 0.0607009,	N(10) = 0.0302676,	N(11) = 0.0607009,	N(12) = 1.91601,	N(13) = 0.997282,	N(14) = 0.0607009,	N(15) = 0.997282,	Delta[s](0) = 0.13498,	Delta[s](1) = 0.121939,	Delta[s](2) = 0.105137,	Delta[s](3) = 0.121939,	Delta[s](4) = 0.121939,	Delta[s](5) = 0.112219,	Delta[s](6) = 0.0974589,	Delta[s](7) = 0.112219,	Delta[s](8) = 0.105137,	Delta[s](9) = 0.0974589,	Delta[s](10) = 0.0801763,	Delta[s](11) = 0.0974589,	Delta[s](12) = 0.121939,	Delta[s](13) = 0.112219,	Delta[s](14) = 0.0974589,	Delta[s](15) = 0.112219,	Delta[d](0) = 0.269715,	Delta[d](1) = 0.213439,	Delta[d](2) = 0.223346,	Delta[d](3) = 0.213439,	Delta[d](4) = 0.213439,	Delta[d](5) = 0.212235,	Delta[d](6) = 0.162965,	Delta[d](7) = 0.212235,	Delta[d](8) = 0.223346,	Delta[d](9) = 0.162965,	Delta[d](10) = 0.0807874,	Delta[d](11) = 0.162965,	Delta[d](12) = 0.213439,	Delta[d](13) = 0.212235,	Delta[d](14) = 0.162965,	Delta[d](15) = 0.212235,	Delta[s+](0) = 0.617789,	Delta[s+](1) = 0.466394,	Delta[s+](2) = 0.223346,	Delta[s+](3) = 0.466394,	Delta[s+](4) = 0.466394,	Delta[s+](5) = 0.334143,	Delta[s+](6) = 0.152406,	Delta[s+](7) = 0.334143,	Delta[s+](8) = 0.223346,	Delta[s+](9) = 0.152406,	Delta[s+](10) = 0.0618661,	Delta[s+](11) = 0.152406,	Delta[s+](12) = 0.466394,	Delta[s+](13) = 0.334143,	Delta[s+](14) = 0.152406,	Delta[s+](15) = 0.334143
The 20-th iteration is completed.	|| time cost : 0h 3m 19.671s
********************************************************************************************************************
Start the 21 rounds of NGS-ED iteration
	effective electronic model is modified as: kinetic energy t = 0.723903
	                                           effective interaction Vq = [-4.49997,-4.19403,-3.87586,-4.19403,-4.19403, -4.0307,-3.84202, -4.0307,-3.87586,-3.84202,-3.69507,-3.84202,-4.19403, -4.0307,-3.84202, -4.0307]
	PARPACK diagonalization completed after 30 matrix-vector product operations.
	iteration results: : total energy is -74.314850 | electron energy -74.706093 + phonon energy 0.391243 | electron momentum kIdx = 0
The 21-th iteration is completed.	|| time cost : 0h 0m 20.662s
********************************************************************************************************************
Start the 22 rounds of NGS-ED iteration
	effective electronic model is modified as: kinetic energy t = 0.723901
	                                           effective interaction Vq = [-4.49997,-4.19403,-3.87587,-4.19403,-4.19403, -4.0307,-3.84202, -4.0307,-3.87587,-3.84202,-3.69508,-3.84202,-4.19403, -4.0307,-3.84202, -4.0307]
	PARPACK diagonalization completed after 30 matrix-vector product operations.
	iteration results: : total energy is -74.314850 | electron energy -74.706099 + phonon energy 0.391249 | electron momentum kIdx = 0
The 22-th iteration is completed.	|| time cost : 0h 0m 20.446s
********************************************************************************************************************
Start the 23 rounds of NGS-ED iteration
	effective electronic model is modified as: kinetic energy t = 0.723901
	                                           effective interaction Vq = [-4.49997,-4.19403,-3.87587,-4.19403,-4.19403,-4.03071,-3.84203,-4.03071,-3.87587,-3.84203,-3.69508,-3.84203,-4.19403,-4.03071,-3.84203,-4.03071]
	PARPACK diagonalization completed after 30 matrix-vector product operations.
	iteration results: : total energy is -74.314850 | electron energy -74.706103 + phonon energy 0.391253 | electron momentum kIdx = 0
The 23-th iteration is completed.	|| time cost : 0h 0m 20.738s
********************************************************************************************************************
Start the 24 rounds of NGS-ED iteration
	effective electronic model is modified as: kinetic energy t = 0.7239
	                                           effective interaction Vq = [-4.49997,-4.19404,-3.87587,-4.19404,-4.19404,-4.03071,-3.84203,-4.03071,-3.87587,-3.84203,-3.69508,-3.84203,-4.19404,-4.03071,-3.84203,-4.03071]
	PARPACK diagonalization completed after 30 matrix-vector product operations.
