SNEDics v3.2 diagonalization test program		Start at Wed May  1 21:19:31 2019

parallized on 80 MPI threads  * 6 OpenMP threads = 480 total threads.
************************************************************************************
************************************************************************************

Input file "model_params.in"
Hubbard-Holstein model parameters : 	t = 1    g = 1.2247    W = 1    
************************************************************************************
Input file "hilbertspace_params.in"

Cluster Positions:				Cluster symmetry group : D4
 x ... x ... x ... x .....                       x ... x ... x ... x .....
 |           |           :                       |           |           :
 |           |           :                       |           |           :
12    13    14    15     x                       1     5     6     5     x
 |           |           :                       |           |           :
 |           |           :                       |           |           :
 8 --- 9 ---10 ---11 --- x                       2 --- 6 ---10 --- 6 --- x
 |           |           :                       |           |           :
 |           |           :                       |           |           :
 4     5     6     7     x                       1     5     6     5     x
 |           |           :                       |           |           :
 |           |           :                       |           |           :
 0 --- 1 --- 2 --- 3 --- x                       0 --- 1 --- 2 --- 1 --- x
orbital number : 1
************************************************************************************
** NOTE ** Detected low phonon energy W < 10. The initial state will be prepared through a warm-up process.
starting warm-up calculation for scaling factor 16
0 rounds of non-Gaussian ED iteration : ground-state energy is -24 | electron energy -24 + phonon energy 0 | electron momentum kIdx = 0
Nq = 	16	0.35572	0.465227	0.35572	0.39428	0.487103	0.60572	0.507462	0.542672	0.64428	0.917633	0.64428	0.39428	0.507462	0.60572	0.487103
Sq = 	8.34467e-18	0.35572	0.425474	0.35572	0.39428	0.540027	0.60572	0.536794	0.565364	0.64428	0.940857	0.64428	0.39428	0.536794	0.60572	0.540027
effective band is asymmetric (tx,ty)=(0.953364,0.953273)
1 rounds of non-Gaussian ED iteration : ground-state energy is -60.2302 | electron energy -60.2333 + phonon energy 0.00303971 | electron momentum kIdx = 0
Nq = 	16	0.432908	0.630112	0.432908	0.433548	0.630743	0.763737	0.632249	0.633615	0.765757	2.95087	0.765757	0.433548	0.632249	0.763737	0.630743
Sq = 	-2.35815e-18	0.202342	0.276974	0.202342	0.202489	0.277082	0.384704	0.277099	0.277194	0.384928	0.45606	0.384928	0.202489	0.277099	0.384704	0.277082
effective band is asymmetric (tx,ty)=(0.933711,0.933682)
2 rounds of non-Gaussian ED iteration : ground-state energy is -61.8185 | electron energy -61.8273 + phonon energy 0.00873948 | electron momentum kIdx = 0
Nq = 	16	0.399893	0.554705	0.399893	0.399954	0.554764	0.731388	0.554893	0.555011	0.731611	3.88286	0.731611	0.399954	0.554893	0.731388	0.554764
Sq = 	-4.01535e-18	0.190122	0.265909	0.190122	0.190131	0.265915	0.367049	0.265917	0.265922	0.367065	0.438183	0.367065	0.190131	0.265917	0.367049	0.265915
effective band is asymmetric (tx,ty)=(0.930738,0.930732)
3 rounds of non-Gaussian ED iteration : ground-state energy is -61.8801 | electron energy -61.8906 + phonon energy 0.0104704 | electron momentum kIdx = 0
Nq = 	16	0.3946	0.542641	0.3946	0.39461	0.542652	0.725666	0.542673	0.542693	0.725704	4.02146	0.725704	0.39461	0.542673	0.725666	0.542652
Sq = 	3.86689e-18	0.188909	0.264738	0.188909	0.18891	0.264739	0.365252	0.264739	0.26474	0.365254	0.436315	0.365254	0.18891	0.264739	0.365252	0.264739
effective band is asymmetric (tx,ty)=(0.930363,0.930362)
4 rounds of non-Gaussian ED iteration : ground-state energy is -61.8825 | electron energy -61.8933 + phonon energy 0.0107898 | electron momentum kIdx = 0
Nq = 	16	0.393411	0.539715	0.393411	0.393413	0.539718	0.724238	0.539722	0.539725	0.724245	4.0522	0.724245	0.393413	0.539722	0.724238	0.539718
Sq = 	-2.95998e-18	0.188765	0.264594	0.188765	0.188765	0.264594	0.365037	0.264594	0.264594	0.365038	0.436089	0.365038	0.188765	0.264594	0.365037	0.264594
Ground state is obtained after 5 iterations. The current ground-state energy is -61.8827, in which electron energy is -61.8935 and phonon energy is 0.0108382
final variational state is: 
Gamma_x =       1 1.00616 1.01134 1.00616 1.00616 1.01134 1.01648 1.01134 1.01134 1.01648 1.02735 1.01648 1.00616 1.01134 1.01648 1.01134
lambda_q = 0.306072 0.278097 0.267115 0.278097 0.278097 0.267115  0.26331 0.267116 0.267117 0.263311 0.294728 0.263311 0.278097 0.267116  0.26331 0.267115
o___o  -------------------------------------
| L |	Time since last clock: 0h 25m 13.677s
A===A	Time since the beginning: 0h 25m 13.677s
********************************************

************************************************************************************
starting warm-up calculation for scaling factor 8
0 rounds of non-Gaussian ED iteration : ground-state energy is -57.7669 | electron energy -57.7723 + phonon energy 0.0054191 | electron momentum kIdx = 0
Nq = 	16	0.33942	0.42295	0.33942	0.339421	0.422951	0.637351	0.422952	0.422953	0.637353	5.06024	0.637353	0.339421	0.422952	0.637351	0.422951
Sq = 	-4.28166e-19	0.204305	0.278001	0.204305	0.204305	0.278001	0.387852	0.278001	0.278001	0.387853	0.458326	0.387853	0.204305	0.278001	0.387852	0.278001
1 rounds of non-Gaussian ED iteration : ground-state energy is -60.0962 | electron energy -60.1213 + phonon energy 0.0250783 | electron momentum kIdx = 0
Nq = 	16	0.309423	0.388546	0.309423	0.309424	0.388546	0.599424	0.388546	0.388546	0.599425	5.77817	0.599425	0.309424	0.388546	0.599424	0.388546
Sq = 	-2.75023e-18	0.190072	0.264867	0.190072	0.190072	0.264867	0.367081	0.264867	0.264867	0.367081	0.437345	0.367081	0.190072	0.264867	0.367081	0.264867
2 rounds of non-Gaussian ED iteration : ground-state energy is -60.5507 | electron energy -60.5877 + phonon energy 0.036954 | electron momentum kIdx = 0
Nq = 	16	0.30151	0.380445	0.30151	0.30151	0.380445	0.589231	0.380445	0.380445	0.589231	5.96575	0.589231	0.30151	0.380445	0.589231	0.380445
Sq = 	4.99439e-18	0.186181	0.261151	0.186181	0.186181	0.261151	0.36137	0.261151	0.261151	0.36137	0.431501	0.36137	0.186181	0.261151	0.36137	0.261151
3 rounds of non-Gaussian ED iteration : ground-state energy is -60.639 | electron energy -60.6812 + phonon energy 0.0421968 | electron momentum kIdx = 0
Nq = 	16	0.299478	0.378333	0.299478	0.299478	0.378334	0.586616	0.378334	0.378334	0.586616	6.01602	0.586616	0.299478	0.378334	0.586616	0.378334
Sq = 	-3.02596e-18	0.185076	0.260086	0.185076	0.185076	0.260086	0.359739	0.260086	0.260086	0.359739	0.429829	0.359739	0.185076	0.260086	0.359739	0.260086
4 rounds of non-Gaussian ED iteration : ground-state energy is -60.6562 | electron energy -60.7005 + phonon energy 0.0443346 | electron momentum kIdx = 0
Nq = 	16	0.298803	0.3776	0.298803	0.298803	0.3776	0.585734	0.3776	0.3776	0.585734	6.0328	0.585734	0.298803	0.3776	0.585734	0.3776
Sq = 	7.16029e-18	0.184719	0.25974	0.184719	0.184719	0.25974	0.359212	0.25974	0.25974	0.359212	0.429289	0.359212	0.184719	0.25974	0.359212	0.25974
5 rounds of non-Gaussian ED iteration : ground-state energy is -60.6595 | electron energy -60.7047 + phonon energy 0.045181 | electron momentum kIdx = 0
Nq = 	16	0.298498	0.377259	0.298498	0.298498	0.377259	0.585324	0.377259	0.377259	0.585324	6.03992	0.585324	0.298498	0.377259	0.585324	0.377259
Sq = 	-8.98053e-19	0.18459	0.259615	0.18459	0.18459	0.259615	0.359023	0.259615	0.259615	0.359023	0.429096	0.359023	0.18459	0.259615	0.359023	0.259615
Ground state is obtained after 6 iterations. The current ground-state energy is -60.6602, in which electron energy is -60.7057 and phonon energy is 0.0455098
final variational state is: 
Gamma_x =       1 1.01811 1.02909 1.01811 1.01811 1.02909 1.04446 1.02909 1.02909 1.04446 1.09926 1.04446 1.01811 1.02909 1.04446 1.02909
lambda_q = 0.431952 0.345859 0.310629 0.345859 0.345859 0.310629 0.314813 0.310629 0.310629 0.314813 0.413313 0.314813 0.345859 0.310629 0.314813 0.310629
o___o  -------------------------------------
| L |	Time since last clock: 0h 29m 55.396s
A===A	Time since the beginning: 0h 55m 9.074s
********************************************

************************************************************************************
starting warm-up calculation for scaling factor 4
0 rounds of non-Gaussian ED iteration : ground-state energy is -56.3162 | electron energy -56.339 + phonon energy 0.0227549 | electron momentum kIdx = 0
Nq = 	16	0.269061	0.3426	0.269061	0.269061	0.3426	0.534778	0.3426	0.3426	0.534778	6.37356	0.534778	0.269061	0.3426	0.534778	0.3426
Sq = 	-1.96877e-18	0.194889	0.269719	0.194889	0.194889	0.269719	0.377192	0.269719	0.269719	0.377192	0.448843	0.377192	0.194889	0.269719	0.377192	0.269719
1 rounds of non-Gaussian ED iteration : ground-state energy is -57.9252 | electron energy -57.9863 + phonon energy 0.0611497 | electron momentum kIdx = 0
Nq = 	16	0.242546	0.32201	0.242546	0.242546	0.32201	0.495636	0.32201	0.32201	0.495636	6.98972	0.495636	0.242546	0.32201	0.495636	0.32201
Sq = 	7.15947e-19	0.180789	0.256895	0.180789	0.180789	0.256895	0.357774	0.256895	0.256895	0.357774	0.429865	0.357774	0.180789	0.256895	0.357774	0.256895
2 rounds of non-Gaussian ED iteration : ground-state energy is -58.6462 | electron energy -58.7368 + phonon energy 0.0906083 | electron momentum kIdx = 0
Nq = 	16	0.228223	0.310389	0.228223	0.228223	0.310389	0.47376	0.310389	0.310389	0.47376	7.32834	0.47376	0.228223	0.310389	0.47376	0.310389
Sq = 	-1.343e-19	0.173328	0.24983	0.173328	0.173328	0.24983	0.347402	0.24983	0.24983	0.347402	0.419497	0.347402	0.173328	0.24983	0.347402	0.24983
3 rounds of non-Gaussian ED iteration : ground-state energy is -58.963 | electron energy -59.0725 + phonon energy 0.109528 | electron momentum kIdx = 0
Nq = 	16	0.220517	0.30395	0.220517	0.220517	0.30395	0.461707	0.30395	0.30395	0.461707	7.51057	0.461707	0.220517	0.30395	0.461707	0.30395
Sq = 	-3.07328e-19	0.169466	0.24611	0.169466	0.169466	0.24611	0.342048	0.24611	0.24611	0.342048	0.414109	0.342048	0.169466	0.24611	0.342048	0.24611
4 rounds of non-Gaussian ED iteration : ground-state energy is -59.1007 | electron energy -59.2215 + phonon energy 0.120881 | electron momentum kIdx = 0
Nq = 	16	0.216199	0.300289	0.216199	0.216199	0.300289	0.454844	0.300289	0.300289	0.454844	7.61148	0.454844	0.216199	0.300289	0.454844	0.300289
Sq = 	4.97883e-19	0.167412	0.244125	0.167412	0.167412	0.244125	0.339234	0.244125	0.244125	0.339234	0.411282	0.339234	0.167412	0.244125	0.339234	0.244125
5 rounds of non-Gaussian ED iteration : ground-state energy is -59.1602 | electron energy -59.2877 + phonon energy 0.127452 | electron momentum kIdx = 0
Nq = 	16	0.213652	0.298118	0.213652	0.213652	0.298118	0.450751	0.298118	0.298118	0.450751	7.66998	0.450751	0.213652	0.298118	0.450751	0.298118
Sq = 	-2.2198e-18	0.166268	0.243021	0.166268	0.166268	0.243021	0.337691	0.243021	0.243021	0.337691	0.409742	0.337691	0.166268	0.243021	0.337691	0.243021
6 rounds of non-Gaussian ED iteration : ground-state energy is -59.186 | electron energy -59.3172 + phonon energy 0.131153 | electron momentum kIdx = 0
Nq = 	16	0.212083	0.296778	0.212083	0.212083	0.296778	0.44821	0.296778	0.296778	0.44821	7.7054	0.44821	0.212083	0.296778	0.44821	0.296778
Sq = 	-8.51305e-19	0.165599	0.24238	0.165599	0.165599	0.24238	0.336805	0.24238	0.24238	0.336805	0.408865	0.336805	0.165599	0.24238	0.336805	0.24238
7 rounds of non-Gaussian ED iteration : ground-state energy is -59.1972 | electron energy -59.3304 + phonon energy 0.133181 | electron momentum kIdx = 0
Nq = 	16	0.211086	0.295927	0.211086	0.211086	0.295927	0.446586	0.295927	0.295927	0.446586	7.72756	0.446586	0.211086	0.295927	0.446586	0.295927
Sq = 	2.59843e-18	0.165194	0.241993	0.165194	0.165194	0.241993	0.336277	0.241993	0.241993	0.336277	0.408347	0.336277	0.165194	0.241993	0.336277	0.241993
8 rounds of non-Gaussian ED iteration : ground-state energy is -59.2021 | electron energy -59.3364 + phonon energy 0.13426 | electron momentum kIdx = 0
Nq = 	16	0.21044	0.295376	0.21044	0.21044	0.295376	0.445529	0.295376	0.295376	0.445529	7.74174	0.445529	0.21044	0.295376	0.445529	0.295376
Sq = 	9.73368e-19	0.164941	0.241754	0.164941	0.164941	0.241754	0.335953	0.241754	0.241754	0.335953	0.408032	0.335953	0.164941	0.241754	0.335953	0.241754
9 rounds of non-Gaussian ED iteration : ground-state energy is -59.2043 | electron energy -59.3391 + phonon energy 0.134813 | electron momentum kIdx = 0
Nq = 	16	0.210016	0.295015	0.210016	0.210016	0.295015	0.444833	0.295015	0.295015	0.444833	7.75093	0.444833	0.210016	0.295015	0.444833	0.295015
Sq = 	-4.96167e-18	0.164781	0.241603	0.164781	0.164781	0.241603	0.335751	0.241603	0.241603	0.335751	0.407836	0.335751	0.164781	0.241603	0.335751	0.241603
Ground state is obtained after 10 iterations. The current ground-state energy is -59.2052, in which electron energy is -59.3403 and phonon energy is 0.135081
final variational state is: 
Gamma_x =       1 1.03878 1.05702 1.03878 1.03878 1.05702 1.08714 1.05702 1.05702 1.08714 1.33232 1.08714 1.03878 1.05702 1.08714 1.05702
lambda_q = 0.609046 0.368194 0.317333 0.368194 0.368194 0.317333 0.322513 0.317333 0.317333 0.322513 0.578696 0.322513 0.368194 0.317333 0.322513 0.317333
o___o  -------------------------------------
| L |	Time since last clock: 0h 47m 29.033s
A===A	Time since the beginning: 1h 42m 38.107s
********************************************

************************************************************************************
starting warm-up calculation for scaling factor 2
0 rounds of non-Gaussian ED iteration : ground-state energy is -54.8159 | electron energy -54.8835 + phonon energy 0.0675406 | electron momentum kIdx = 0
Nq = 	16	0.204533	0.288524	0.204533	0.204533	0.288524	0.430999	0.288524	0.288524	0.430999	7.71333	0.430999	0.204533	0.288524	0.430999	0.288524
Sq = 	-5.02081e-19	0.171762	0.249926	0.171762	0.171762	0.249926	0.350317	0.249926	0.249926	0.350317	0.42553	0.350317	0.171762	0.249926	0.350317	0.249926
1 rounds of non-Gaussian ED iteration : ground-state energy is -55.9022 | electron energy -56.025 + phonon energy 0.122811 | electron momentum kIdx = 0
Nq = 	16	0.185174	0.27016	0.185174	0.185174	0.27016	0.399006	0.27016	0.27016	0.399006	8.24107	0.399006	0.185174	0.27016	0.399006	0.27016
Sq = 	3.28433e-18	0.159351	0.237645	0.159351	0.159351	0.237645	0.332623	0.237645	0.237645	0.332623	0.407479	0.332623	0.159351	0.237645	0.332623	0.237645
2 rounds of non-Gaussian ED iteration : ground-state energy is -56.6296 | electron energy -56.7986 + phonon energy 0.168933 | electron momentum kIdx = 0
Nq = 	16	0.17205	0.257027	0.17205	0.17205	0.257027	0.376894	0.257027	0.257027	0.376894	8.61389	0.376894	0.17205	0.257027	0.376894	0.257027
Sq = 	3.35343e-18	0.150692	0.228648	0.150692	0.150692	0.228648	0.319862	0.228648	0.228648	0.319862	0.394062	0.319862	0.150692	0.228648	0.319862	0.228648
3 rounds of non-Gaussian ED iteration : ground-state energy is -57.1033 | electron energy -57.3076 + phonon energy 0.204261 | electron momentum kIdx = 0
Nq = 	16	0.163441	0.248081	0.163441	0.163441	0.248081	0.362134	0.248081	0.248081	0.362134	8.86518	0.362134	0.163441	0.248081	0.362134	0.248081
Sq = 	4.34851e-18	0.144928	0.222466	0.144928	0.144928	0.222466	0.311188	0.222466	0.222466	0.311188	0.384778	0.311188	0.144928	0.222466	0.311188	0.222466
4 rounds of non-Gaussian ED iteration : ground-state energy is -57.4058 | electron energy -57.636 + phonon energy 0.230235 | electron momentum kIdx = 0
Nq = 	16	0.157842	0.242117	0.157842	0.157842	0.242117	0.352402	0.242117	0.242117	0.352402	9.0312	0.352402	0.157842	0.242117	0.352402	0.242117
Sq = 	-5.18215e-18	0.141162	0.218346	0.141162	0.141162	0.218346	0.305454	0.218346	0.218346	0.305454	0.378578	0.305454	0.141162	0.218346	0.305454	0.218346
5 rounds of non-Gaussian ED iteration : ground-state energy is -57.5972 | electron energy -57.846 + phonon energy 0.248866 | electron momentum kIdx = 0
Nq = 	16	0.154182	0.238158	0.154182	0.154182	0.238158	0.345975	0.238158	0.238158	0.345975	9.14058	0.345975	0.154182	0.238158	0.345975	0.238158
Sq = 	-1.44457e-18	0.138706	0.215627	0.138706	0.138706	0.215627	0.301692	0.215627	0.215627	0.301692	0.374488	0.301692	0.138706	0.215627	0.301692	0.215627
6 rounds of non-Gaussian ED iteration : ground-state energy is -57.7182 | electron energy -57.9802 + phonon energy 0.261973 | electron momentum kIdx = 0
Nq = 	16	0.15176	0.235512	0.15176	0.15176	0.235512	0.341687	0.235512	0.235512	0.341687	9.21319	0.341687	0.15176	0.235512	0.341687	0.235512
Sq = 	4.90111e-18	0.13709	0.213826	0.13709	0.13709	0.213826	0.299213	0.213826	0.213826	0.299213	0.371785	0.299213	0.13709	0.213826	0.299213	0.213826
7 rounds of non-Gaussian ED iteration : ground-state energy is -57.7951 | electron energy -58.0661 + phonon energy 0.271031 | electron momentum kIdx = 0
Nq = 	16	0.150131	0.233722	0.150131	0.150131	0.233722	0.338785	0.233722	0.233722	0.338785	9.26202	0.338785	0.150131	0.233722	0.338785	0.233722
Sq = 	-1.56058e-18	0.136012	0.21262	0.136012	0.136012	0.21262	0.297559	0.21262	0.21262	0.297559	0.36998	0.297559	0.136012	0.21262	0.297559	0.21262
8 rounds of non-Gaussian ED iteration : ground-state energy is -57.8444 | electron energy -58.1215 + phonon energy 0.27718 | electron momentum kIdx = 0
Nq = 	16	0.149018	0.232494	0.149018	0.149018	0.232494	0.336788	0.232494	0.232494	0.336788	9.29537	0.336788	0.149018	0.232494	0.336788	0.232494
Sq = 	3.88243e-18	0.135281	0.2118	0.135281	0.135281	0.2118	0.29644	0.2118	0.2118	0.29644	0.368759	0.29644	0.135281	0.2118	0.29644	0.2118
9 rounds of non-Gaussian ED iteration : ground-state energy is -57.8762 | electron energy -58.1575 + phonon energy 0.281279 | electron momentum kIdx = 0
Nq = 	16	0.148245	0.231639	0.148245	0.148245	0.231639	0.335395	0.231639	0.231639	0.335395	9.31847	0.335395	0.148245	0.231639	0.335395	0.231639
Sq = 	1.62398e-18	0.134777	0.211236	0.134777	0.134777	0.211236	0.295672	0.211236	0.211236	0.295672	0.367921	0.295672	0.134777	0.211236	0.295672	0.211236
10 rounds of non-Gaussian ED iteration : ground-state energy is -57.8969 | electron energy -58.1809 + phonon energy 0.283959 | electron momentum kIdx = 0
Nq = 	16	0.147701	0.231037	0.147701	0.147701	0.231037	0.33441	0.231037	0.231037	0.33441	9.3347	0.33441	0.147701	0.231037	0.33441	0.231037
Sq = 	1.30499e-18	0.134426	0.210842	0.134426	0.134426	0.210842	0.295137	0.210842	0.210842	0.295137	0.367338	0.295137	0.134426	0.210842	0.295137	0.210842
11 rounds of non-Gaussian ED iteration : ground-state energy is -57.9105 | electron energy -58.1962 + phonon energy 0.285676 | electron momentum kIdx = 0
Nq = 	16	0.147315	0.230608	0.147315	0.147315	0.230608	0.333705	0.230608	0.230608	0.333705	9.34622	0.333705	0.147315	0.230608	0.333705	0.230608
Sq = 	-2.91052e-18	0.134177	0.210563	0.134177	0.134177	0.210563	0.29476	0.210563	0.210563	0.29476	0.366928	0.29476	0.134177	0.210563	0.29476	0.210563
12 rounds of non-Gaussian ED iteration : ground-state energy is -57.9195 | electron energy -58.2062 + phonon energy 0.28675 | electron momentum kIdx = 0
Nq = 	16	0.147038	0.230299	0.147038	0.147038	0.230299	0.333197	0.230299	0.230299	0.333197	9.35448	0.333197	0.147038	0.230299	0.333197	0.230299
Sq = 	-2.0255e-18	0.134	0.210365	0.134	0.134	0.210365	0.294492	0.210365	0.210365	0.294492	0.366637	0.294492	0.134	0.210365	0.294492	0.210365
13 rounds of non-Gaussian ED iteration : ground-state energy is -57.9254 | electron energy -58.2128 + phonon energy 0.287402 | electron momentum kIdx = 0
Nq = 	16	0.146837	0.230076	0.146837	0.146837	0.230076	0.332828	0.230076	0.230076	0.332828	9.36043	0.332828	0.146837	0.230076	0.332828	0.230076
Sq = 	-6.2497e-18	0.133872	0.210222	0.133872	0.133872	0.210222	0.2943	0.210222	0.210222	0.2943	0.366428	0.2943	0.133872	0.210222	0.2943	0.210222
14 rounds of non-Gaussian ED iteration : ground-state energy is -57.9294 | electron energy -58.2171 + phonon energy 0.287783 | electron momentum kIdx = 0
Nq = 	16	0.146691	0.229914	0.146691	0.146691	0.229914	0.332558	0.229914	0.229914	0.332558	9.36476	0.332558	0.146691	0.229914	0.332558	0.229914
Sq = 	2.27064e-18	0.13378	0.210119	0.13378	0.13378	0.210119	0.294162	0.210119	0.210119	0.294162	0.366278	0.294162	0.13378	0.210119	0.294162	0.210119
15 rounds of non-Gaussian ED iteration : ground-state energy is -57.932 | electron energy -58.22 + phonon energy 0.287992 | electron momentum kIdx = 0
Nq = 	16	0.146585	0.229795	0.146585	0.146585	0.229795	0.33236	0.229795	0.229795	0.33236	9.36792	0.33236	0.146585	0.229795	0.33236	0.229795
Sq = 	-1.03004e-18	0.133713	0.210045	0.133713	0.133713	0.210045	0.294061	0.210045	0.210045	0.294061	0.36617	0.294061	0.133713	0.210045	0.294061	0.210045
16 rounds of non-Gaussian ED iteration : ground-state energy is -57.9337 | electron energy -58.2218 + phonon energy 0.288097 | electron momentum kIdx = 0
Nq = 	16	0.146507	0.229708	0.146507	0.146507	0.229708	0.332214	0.229708	0.229708	0.332214	9.37023	0.332214	0.146507	0.229708	0.332214	0.229708
Sq = 	4.05556e-19	0.133664	0.20999	0.133664	0.133664	0.20999	0.293989	0.20999	0.20999	0.293989	0.366091	0.293989	0.133664	0.20999	0.293989	0.20999
17 rounds of non-Gaussian ED iteration : ground-state energy is -57.9349 | electron energy -58.2231 + phonon energy 0.288138 | electron momentum kIdx = 0
Nq = 	16	0.14645	0.229644	0.14645	0.14645	0.229644	0.332107	0.229644	0.229644	0.332107	9.37192	0.332107	0.14645	0.229644	0.332107	0.229644
Sq = 	-2.60128e-18	0.133628	0.20995	0.133628	0.133628	0.20995	0.293935	0.20995	0.20995	0.293935	0.366034	0.293935	0.133628	0.20995	0.293935	0.20995
Ground state is obtained after 18 iterations. The current ground-state energy is -57.9357, in which electron energy is -58.2238 and phonon energy is 0.288144
final variational state is: 
Gamma_x =       1 1.05232 1.07691 1.05232 1.05232 1.07691 1.11299 1.07691 1.07691 1.11299 1.98268 1.11299 1.05232 1.07691 1.11299 1.07691
lambda_q = 0.858973 0.311631 0.269082 0.311631 0.311631 0.269082 0.268462 0.269082 0.269082 0.268462 0.817294 0.268462 0.311631 0.269082 0.268462 0.269082
o___o  -------------------------------------
| L |	Time since last clock: 1h 22m 47.022s
A===A	Time since the beginning: 3h 5m 25.13s
********************************************

************************************************************************************
Warm up completed
o___o  -------------------------------------
| L |	Time since last clock: 0h 0m 0.028s
A===A	Time since the beginning: 3h 5m 25.159s
********************************************

************************************************************************************
0 rounds of non-Gaussian ED iteration : ground-state energy is -53.7743 | electron energy -53.9184 + phonon energy 0.144072 | electron momentum kIdx = 0
Nq = 	16	0.155438	0.238931	0.155438	0.155438	0.238931	0.345283	0.238931	0.238931	0.345283	8.99915	0.345283	0.155438	0.238931	0.345283	0.238931
Sq = 	2.5385e-18	0.144646	0.223208	0.144646	0.144646	0.223208	0.314152	0.223208	0.223208	0.314152	0.389941	0.314152	0.144646	0.223208	0.314152	0.223208
1 rounds of non-Gaussian ED iteration : ground-state energy is -54.5413 | electron energy -54.7503 + phonon energy 0.208957 | electron momentum kIdx = 0
Nq = 	16	0.144135	0.225947	0.144135	0.144135	0.225947	0.32502	0.225947	0.225947	0.32502	9.373	0.32502	0.144135	0.225947	0.32502	0.225947
Sq = 	2.762e-18	0.135625	0.213085	0.135625	0.135625	0.213085	0.299863	0.213085	0.213085	0.299863	0.374238	0.299863	0.135625	0.213085	0.299863	0.213085
2 rounds of non-Gaussian ED iteration : ground-state energy is -55.1444 | electron energy -55.4096 + phonon energy 0.265233 | electron momentum kIdx = 0
Nq = 	16	0.135714	0.215993	0.135714	0.135714	0.215993	0.309814	0.215993	0.215993	0.309814	9.66125	0.309814	0.135714	0.215993	0.309814	0.215993
Sq = 	-3.69644e-18	0.128721	0.205025	0.128721	0.128721	0.205025	0.288535	0.205025	0.205025	0.288535	0.361503	0.288535	0.128721	0.205025	0.288535	0.205025
3 rounds of non-Gaussian ED iteration : ground-state energy is -55.605 | electron energy -55.9173 + phonon energy 0.312228 | electron momentum kIdx = 0
Nq = 	16	0.129745	0.208771	0.129745	0.129745	0.208771	0.29893	0.208771	0.208771	0.29893	9.8707	0.29893	0.129745	0.208771	0.29893	0.208771
Sq = 	2.37221e-18	0.123748	0.199054	0.123748	0.123748	0.199054	0.280173	0.199054	0.199054	0.280173	0.351965	0.280173	0.123748	0.199054	0.280173	0.199054
4 rounds of non-Gaussian ED iteration : ground-state energy is -55.95 | electron energy -56.3005 + phonon energy 0.35051 | electron momentum kIdx = 0
Nq = 	16	0.125638	0.203717	0.125638	0.125638	0.203717	0.291377	0.203717	0.203717	0.291377	10.0173	0.291377	0.125638	0.203717	0.291377	0.203717
Sq = 	4.51201e-18	0.120296	0.194826	0.120296	0.120296	0.194826	0.274271	0.194826	0.194826	0.274271	0.345168	0.274271	0.120296	0.194826	0.274271	0.194826
5 rounds of non-Gaussian ED iteration : ground-state energy is -56.2067 | electron energy -56.5877 + phonon energy 0.381072 | electron momentum kIdx = 0
Nq = 	16	0.122858	0.200255	0.122858	0.122858	0.200255	0.286228	0.200255	0.200255	0.286228	10.1175	0.286228	0.122858	0.200255	0.286228	0.200255
Sq = 	1.41746e-18	0.117948	0.191913	0.117948	0.117948	0.191913	0.270214	0.191913	0.191913	0.270214	0.340469	0.270214	0.117948	0.191913	0.270214	0.191913
6 rounds of non-Gaussian ED iteration : ground-state energy is -56.3985 | electron energy -56.8035 + phonon energy 0.405022 | electron momentum kIdx = 0
Nq = 	16	0.120987	0.197908	0.120987	0.120987	0.197908	0.282745	0.197908	0.197908	0.282745	10.1854	0.282745	0.120987	0.197908	0.282745	0.197908
Sq = 	-5.05484e-19	0.116366	0.189934	0.116366	0.116366	0.189934	0.267463	0.189934	0.189934	0.267463	0.33727	0.267463	0.116366	0.189934	0.267463	0.189934
7 rounds of non-Gaussian ED iteration : ground-state energy is -56.5436 | electron energy -56.9671 + phonon energy 0.423462 | electron momentum kIdx = 0
Nq = 	16	0.119726	0.196318	0.119726	0.119726	0.196318	0.280388	0.196318	0.196318	0.280388	10.2314	0.280388	0.119726	0.196318	0.280388	0.196318
Sq = 	6.30617e-20	0.115301	0.188594	0.115301	0.115301	0.188594	0.265603	0.188594	0.188594	0.265603	0.335102	0.265603	0.115301	0.188594	0.265603	0.188594
8 rounds of non-Gaussian ED iteration : ground-state energy is -56.6551 | electron energy -57.0926 + phonon energy 0.437422 | electron momentum kIdx = 0
Nq = 	16	0.11887	0.195234	0.11887	0.11887	0.195234	0.278781	0.195234	0.195234	0.278781	10.2626	0.278781	0.11887	0.195234	0.278781	0.195234
Sq = 	2.12889e-18	0.114579	0.187683	0.114579	0.114579	0.187683	0.26434	0.187683	0.187683	0.26434	0.333629	0.26434	0.114579	0.187683	0.26434	0.187683
9 rounds of non-Gaussian ED iteration : ground-state energy is -56.7422 | electron energy -57.19 + phonon energy 0.447825 | electron momentum kIdx = 0
Nq = 	16	0.118281	0.194488	0.118281	0.118281	0.194488	0.277672	0.194488	0.194488	0.277672	10.2841	0.277672	0.118281	0.194488	0.277672	0.194488
Sq = 	-1.61044e-18	0.114085	0.187057	0.114085	0.114085	0.187057	0.263474	0.187057	0.187057	0.263474	0.332618	0.263474	0.114085	0.187057	0.263474	0.187057
10 rounds of non-Gaussian ED iteration : ground-state energy is -56.8111 | electron energy -57.2666 + phonon energy 0.455463 | electron momentum kIdx = 0
Nq = 	16	0.117871	0.193967	0.117871	0.117871	0.193967	0.276896	0.193967	0.193967	0.276896	10.299	0.276896	0.117871	0.193967	0.276896	0.193967
Sq = 	-1.84254e-18	0.113741	0.186622	0.113741	0.113741	0.186622	0.262873	0.186622	0.186622	0.262873	0.331917	0.262873	0.113741	0.186622	0.262873	0.186622
11 rounds of non-Gaussian ED iteration : ground-state energy is -56.8662 | electron energy -57.3272 + phonon energy 0.460993 | electron momentum kIdx = 0
Nq = 	16	0.117581	0.193598	0.117581	0.117581	0.193598	0.276344	0.193598	0.193598	0.276344	10.3096	0.276344	0.117581	0.193598	0.276344	0.193598
Sq = 	-7.90887e-19	0.113499	0.186315	0.113499	0.113499	0.186315	0.262449	0.186315	0.186315	0.262449	0.331422	0.262449	0.113499	0.186315	0.262449	0.186315
12 rounds of non-Gaussian ED iteration : ground-state energy is -56.9105 | electron energy -57.3755 + phonon energy 0.464944 | electron momentum kIdx = 0
Nq = 	16	0.117372	0.193331	0.117372	0.117372	0.193331	0.275945	0.193331	0.193331	0.275945	10.3172	0.275945	0.117372	0.193331	0.275945	0.193331
Sq = 	-2.04017e-18	0.113325	0.186095	0.113325	0.113325	0.186095	0.262146	0.186095	0.186095	0.262146	0.331069	0.262146	0.113325	0.186095	0.262146	0.186095
13 rounds of non-Gaussian ED iteration : ground-state energy is -56.9465 | electron energy -57.4142 + phonon energy 0.467728 | electron momentum kIdx = 0
Nq = 	16	0.11722	0.193137	0.11722	0.11722	0.193137	0.275651	0.193137	0.193137	0.275651	10.3228	0.275651	0.11722	0.193137	0.275651	0.193137
Sq = 	4.08036e-20	0.113198	0.185935	0.113198	0.113198	0.185935	0.261926	0.185935	0.185935	0.261926	0.330812	0.261926	0.113198	0.185935	0.261926	0.185935
14 rounds of non-Gaussian ED iteration : ground-state energy is -56.9757 | electron energy -57.4453 + phonon energy 0.469664 | electron momentum kIdx = 0
Nq = 	16	0.117107	0.192992	0.117107	0.117107	0.192992	0.275433	0.192992	0.192992	0.275433	10.3269	0.275433	0.117107	0.192992	0.275433	0.192992
Sq = 	1.1416e-18	0.113105	0.185817	0.113105	0.113105	0.185817	0.261764	0.185817	0.185817	0.261764	0.330624	0.261764	0.113105	0.185817	0.261764	0.185817
15 rounds of non-Gaussian ED iteration : ground-state energy is -56.9995 | electron energy -57.4705 + phonon energy 0.470988 | electron momentum kIdx = 0
Nq = 	16	0.117022	0.192883	0.117022	0.117022	0.192883	0.275267	0.192883	0.192883	0.275267	10.33	0.275267	0.117022	0.192883	0.275267	0.192883
Sq = 	-4.4262e-18	0.113035	0.185729	0.113035	0.113035	0.185729	0.261644	0.185729	0.185729	0.261644	0.330484	0.261644	0.113035	0.185729	0.261644	0.185729
16 rounds of non-Gaussian ED iteration : ground-state energy is -57.0189 | electron energy -57.4908 + phonon energy 0.471876 | electron momentum kIdx = 0
Nq = 	16	0.116958	0.1928	0.116958	0.116958	0.1928	0.275141	0.1928	0.1928	0.275141	10.3323	0.275141	0.116958	0.1928	0.275141	0.1928
Sq = 	2.99945e-18	0.112982	0.185662	0.112982	0.112982	0.185662	0.261553	0.185662	0.185662	0.261553	0.330378	0.261553	0.112982	0.185662	0.261553	0.185662
17 rounds of non-Gaussian ED iteration : ground-state energy is -57.0348 | electron energy -57.5073 + phonon energy 0.472458 | electron momentum kIdx = 0
Nq = 	16	0.116908	0.192736	0.116908	0.116908	0.192736	0.275043	0.192736	0.192736	0.275043	10.3341	0.275043	0.116908	0.192736	0.275043	0.192736
Sq = 	4.47941e-18	0.112941	0.185611	0.112941	0.112941	0.185611	0.261483	0.185611	0.185611	0.261483	0.330297	0.261483	0.112941	0.185611	0.261483	0.185611
18 rounds of non-Gaussian ED iteration : ground-state energy is -57.0478 | electron energy -57.5206 + phonon energy 0.472827 | electron momentum kIdx = 0
Nq = 	16	0.11687	0.192687	0.11687	0.11687	0.192687	0.274966	0.192687	0.192687	0.274966	10.3355	0.274966	0.11687	0.192687	0.274966	0.192687
Sq = 	-1.50317e-18	0.11291	0.185572	0.11291	0.11291	0.185572	0.26143	0.185572	0.185572	0.26143	0.330235	0.26143	0.11291	0.185572	0.26143	0.185572
19 rounds of non-Gaussian ED iteration : ground-state energy is -57.0584 | electron energy -57.5314 + phonon energy 0.473049 | electron momentum kIdx = 0
Nq = 	16	0.116839	0.192648	0.116839	0.116839	0.192648	0.274906	0.192648	0.192648	0.274906	10.3366	0.274906	0.116839	0.192648	0.274906	0.192648
Sq = 	3.06759e-18	0.112886	0.185541	0.112886	0.112886	0.185541	0.261388	0.185541	0.185541	0.261388	0.330187	0.261388	0.112886	0.185541	0.261388	0.185541
20 rounds of non-Gaussian ED iteration : ground-state energy is -57.0671 | electron energy -57.5403 + phonon energy 0.473172 | electron momentum kIdx = 0
Nq = 	16	0.116816	0.192617	0.116816	0.116816	0.192617	0.274858	0.192617	0.192617	0.274858	10.3375	0.274858	0.116816	0.192617	0.274858	0.192617
Sq = 	9.00422e-19	0.112866	0.185517	0.112866	0.112866	0.185517	0.261356	0.185517	0.185517	0.261356	0.33015	0.261356	0.112866	0.185517	0.261356	0.185517
21 rounds of non-Gaussian ED iteration : ground-state energy is -57.0742 | electron energy -57.5474 + phonon energy 0.47323 | electron momentum kIdx = 0
Nq = 	16	0.116797	0.192592	0.116797	0.116797	0.192592	0.274819	0.192592	0.192592	0.274819	10.3381	0.274819	0.116797	0.192592	0.274819	0.192592
Sq = 	-3.15284e-18	0.112851	0.185498	0.112851	0.112851	0.185498	0.26133	0.185498	0.185498	0.26133	0.33012	0.26133	0.112851	0.185498	0.26133	0.185498
22 rounds of non-Gaussian ED iteration : ground-state energy is -57.08 | electron energy -57.5533 + phonon energy 0.473244 | electron momentum kIdx = 0
Nq = 	16	0.116781	0.192573	0.116781	0.116781	0.192573	0.274788	0.192573	0.192573	0.274788	10.3387	0.274788	0.116781	0.192573	0.274788	0.192573
Sq = 	-1.44361e-18	0.112839	0.185483	0.112839	0.112839	0.185483	0.26131	0.185483	0.185483	0.26131	0.330097	0.26131	0.112839	0.185483	0.26131	0.185483
23 rounds of non-Gaussian ED iteration : ground-state energy is -57.0848 | electron energy -57.558 + phonon energy 0.473232 | electron momentum kIdx = 0
Nq = 	16	0.116769	0.192557	0.116769	0.116769	0.192557	0.274763	0.192557	0.192557	0.274763	10.3391	0.274763	0.116769	0.192557	0.274763	0.192557
Sq = 	3.67715e-19	0.112829	0.185471	0.112829	0.112829	0.185471	0.261293	0.185471	0.185471	0.261293	0.330078	0.261293	0.112829	0.185471	0.261293	0.185471
24 rounds of non-Gaussian ED iteration : ground-state energy is -57.0887 | electron energy -57.5619 + phonon energy 0.473205 | electron momentum kIdx = 0
Nq = 	16	0.116759	0.192544	0.116759	0.116759	0.192544	0.274743	0.192544	0.192544	0.274743	10.3395	0.274743	0.116759	0.192544	0.274743	0.192544
Sq = 	-1.12234e-18	0.112821	0.185461	0.112821	0.112821	0.185461	0.26128	0.185461	0.185461	0.26128	0.330062	0.26128	0.112821	0.185461	0.26128	0.185461
25 rounds of non-Gaussian ED iteration : ground-state energy is -57.0919 | electron energy -57.5651 + phonon energy 0.473169 | electron momentum kIdx = 0
Nq = 	16	0.116751	0.192533	0.116751	0.116751	0.192533	0.274726	0.192533	0.192533	0.274726	10.3398	0.274726	0.116751	0.192533	0.274726	0.192533
Sq = 	-3.46154e-18	0.112815	0.185453	0.112815	0.112815	0.185453	0.261269	0.185453	0.185453	0.261269	0.33005	0.261269	0.112815	0.185453	0.261269	0.185453
26 rounds of non-Gaussian ED iteration : ground-state energy is -57.0945 | electron energy -57.5676 + phonon energy 0.473129 | electron momentum kIdx = 0
Nq = 	16	0.116744	0.192524	0.116744	0.116744	0.192524	0.274712	0.192524	0.192524	0.274712	10.34	0.274712	0.116744	0.192524	0.274712	0.192524
Sq = 	8.76129e-19	0.11281	0.185446	0.11281	0.11281	0.185446	0.26126	0.185446	0.185446	0.26126	0.33004	0.26126	0.11281	0.185446	0.26126	0.185446
27 rounds of non-Gaussian ED iteration : ground-state energy is -57.0966 | electron energy -57.5697 + phonon energy 0.47309 | electron momentum kIdx = 0
Nq = 	16	0.116739	0.192517	0.116739	0.116739	0.192517	0.2747	0.192517	0.192517	0.2747	10.3402	0.2747	0.116739	0.192517	0.2747	0.192517
Sq = 	4.89038e-21	0.112805	0.185441	0.112805	0.112805	0.185441	0.261253	0.185441	0.185441	0.261253	0.330032	0.261253	0.112805	0.185441	0.261253	0.185441
28 rounds of non-Gaussian ED iteration : ground-state energy is -57.0984 | electron energy -57.5714 + phonon energy 0.473051 | electron momentum kIdx = 0
Nq = 	16	0.116734	0.192511	0.116734	0.116734	0.192511	0.274691	0.192511	0.192511	0.274691	10.3404	0.274691	0.116734	0.192511	0.274691	0.192511
Sq = 	4.65484e-19	0.112802	0.185437	0.112802	0.112802	0.185437	0.261247	0.185437	0.185437	0.261247	0.330025	0.261247	0.112802	0.185437	0.261247	0.185437
29 rounds of non-Gaussian ED iteration : ground-state energy is -57.0998 | electron energy -57.5728 + phonon energy 0.473016 | electron momentum kIdx = 0
Nq = 	16	0.116731	0.192506	0.116731	0.116731	0.192506	0.274683	0.192506	0.192506	0.274683	10.3405	0.274683	0.116731	0.192506	0.274683	0.192506
Sq = 	-9.76563e-20	0.112799	0.185433	0.112799	0.112799	0.185433	0.261242	0.185433	0.185433	0.261242	0.33002	0.261242	0.112799	0.185433	0.261242	0.185433
30 rounds of non-Gaussian ED iteration : ground-state energy is -57.101 | electron energy -57.574 + phonon energy 0.472983 | electron momentum kIdx = 0
Nq = 	16	0.116727	0.192502	0.116727	0.116727	0.192502	0.274676	0.192502	0.192502	0.274676	10.3406	0.274676	0.116727	0.192502	0.274676	0.192502
Sq = 	1.41195e-18	0.112796	0.18543	0.112796	0.112796	0.18543	0.261238	0.18543	0.18543	0.261238	0.330015	0.261238	0.112796	0.18543	0.261238	0.18543
31 rounds of non-Gaussian ED iteration : ground-state energy is -57.102 | electron energy -57.5749 + phonon energy 0.472954 | electron momentum kIdx = 0
Nq = 	16	0.116725	0.192499	0.116725	0.116725	0.192499	0.274671	0.192499	0.192499	0.274671	10.3407	0.274671	0.116725	0.192499	0.274671	0.192499
Sq = 	-1.08019e-18	0.112794	0.185427	0.112794	0.112794	0.185427	0.261235	0.185427	0.185427	0.261235	0.330011	0.261235	0.112794	0.185427	0.261235	0.185427
32 rounds of non-Gaussian ED iteration : ground-state energy is -57.1028 | electron energy -57.5757 + phonon energy 0.472928 | electron momentum kIdx = 0
Nq = 	16	0.116723	0.192496	0.116723	0.116723	0.192496	0.274666	0.192496	0.192496	0.274666	10.3408	0.274666	0.116723	0.192496	0.274666	0.192496
Sq = 	5.61451e-19	0.112792	0.185425	0.112792	0.112792	0.185425	0.261232	0.185425	0.185425	0.261232	0.330008	0.261232	0.112792	0.185425	0.261232	0.185425
33 rounds of non-Gaussian ED iteration : ground-state energy is -57.1034 | electron energy -57.5763 + phonon energy 0.472905 | electron momentum kIdx = 0
Nq = 	16	0.116721	0.192494	0.116721	0.116721	0.192494	0.274662	0.192494	0.192494	0.274662	10.3409	0.274662	0.116721	0.192494	0.274662	0.192494
Sq = 	-3.43062e-18	0.112791	0.185424	0.112791	0.112791	0.185424	0.26123	0.185424	0.185424	0.26123	0.330005	0.26123	0.112791	0.185424	0.26123	0.185424
34 rounds of non-Gaussian ED iteration : ground-state energy is -57.1039 | electron energy -57.5768 + phonon energy 0.472885 | electron momentum kIdx = 0
Nq = 	16	0.116719	0.192492	0.116719	0.116719	0.192492	0.274659	0.192492	0.192492	0.274659	10.3409	0.274659	0.116719	0.192492	0.274659	0.192492
Sq = 	3.56023e-19	0.11279	0.185422	0.11279	0.11279	0.185422	0.261228	0.185422	0.185422	0.261228	0.330003	0.261228	0.11279	0.185422	0.261228	0.185422
35 rounds of non-Gaussian ED iteration : ground-state energy is -57.1044 | electron energy -57.5772 + phonon energy 0.472868 | electron momentum kIdx = 0
Nq = 	16	0.116718	0.19249	0.116718	0.116718	0.19249	0.274656	0.19249	0.19249	0.274656	10.341	0.274656	0.116718	0.19249	0.274656	0.19249
Sq = 	-8.83801e-19	0.112789	0.185421	0.112789	0.112789	0.185421	0.261226	0.185421	0.185421	0.261226	0.330001	0.261226	0.112789	0.185421	0.261226	0.185421
36 rounds of non-Gaussian ED iteration : ground-state energy is -57.1047 | electron energy -57.5776 + phonon energy 0.472853 | electron momentum kIdx = 0
Nq = 	16	0.116717	0.192489	0.116717	0.116717	0.192489	0.274654	0.192489	0.192489	0.274654	10.341	0.274654	0.116717	0.192489	0.274654	0.192489
Sq = 	2.76998e-19	0.112788	0.18542	0.112788	0.112788	0.18542	0.261225	0.18542	0.18542	0.261225	0.33	0.261225	0.112788	0.18542	0.261225	0.18542
37 rounds of non-Gaussian ED iteration : ground-state energy is -57.105 | electron energy -57.5778 + phonon energy 0.47284 | electron momentum kIdx = 0
Nq = 	16	0.116716	0.192487	0.116716	0.116716	0.192487	0.274652	0.192487	0.192487	0.274652	10.341	0.274652	0.116716	0.192487	0.274652	0.192487
Sq = 	-6.07639e-22	0.112787	0.185419	0.112787	0.112787	0.185419	0.261224	0.185419	0.185419	0.261224	0.329998	0.261224	0.112787	0.185419	0.261224	0.185419
38 rounds of non-Gaussian ED iteration : ground-state energy is -57.1052 | electron energy -57.5781 + phonon energy 0.472829 | electron momentum kIdx = 0
