TACC:  Starting up job 1742745 
TACC:  Starting parallel tasks... 
SNEDics v3.4 Non-Gaussian ED ground state program		Start at Sat Oct 10 05:47:03 2020

parallized on 16 MPI threads  * 7 OpenMP threads = 112 total threads.
********************************************************************************************************************
********************************************************************************************************************

********************************************************************************************************************
System parameters and configurations
********************************************************************************************************************
Special program options are enabled: splitted diagonal Hamiltonian
********************************************************************************************************************
Read input file "model_params.in"
	Hubbard-Holstein model parameters : 	t = 1    U = 8    g = 0.05    W = 0.2    g' = 0.15    
********************************************************************************************************************
Read input file "hilbertspace_params.in"
	Requested 16-site 2D lattice, with 14 electrons (7, 7)
	Boundary : Periodic		Hilbert space representation : momentum-space (restricted to kIdx = 0)
	Conservation: particle number[U(1)]      spin[U(1)]     momentum
********************************************************************************************************************

Cluster Positions:				Cluster symmetry group : D4
 x ... x ... x ... x .....                       x ... x ... x ... x .....
 |           |           :                       |           |           :
 |           |           :                       |           |           :
12    13    14    15     x                       1     5     6     5     x
 |           |           :                       |           |           :
 |           |           :                       |           |           :
 8 --- 9 ---10 ---11 --- x                       2 --- 6 ---10 --- 6 --- x
 |           |           :                       |           |           :
 |           |           :                       |           |           :
 4     5     6     7     x                       1     5     6     5     x
 |           |           :                       |           |           :
 |           |           :                       |           |           :
 0 --- 1 --- 2 --- 3 --- x                       0 --- 1 --- 2 --- 1 --- x
orbital number : 1
********************************************************************************************************************
Read input file "obs_params.in"
	Observable Type : Nq(All),   Sq(All),   N(All),   Delta[s](All),   Delta[d](All),   Delta[s+](All)
********************************************************************************************************************
** WARNING ** the input observables have non-local factors which have been reinterpreted. The total observable number is 96
********************************************************************************************************************


********************************************************************************************************************
Start calculating the non-Gaussian ED ground state
** WARNING ** Detected low phonon energy W < 10. The initial state will be prepared through a warm-up process.
********************************************************************************************************************
Start warm-up calculation for scaling factor 64
open output files: NGSEDWarmUpW12.8Obs.txt
********************************************************************************************************************
Start the 0 rounds of NGS-ED iteration
	effective electronic model is modified as: kinetic energy t = 1
	                                           effective interaction Vq = [0,0,0,0,0,0,0,0,0,0,0,0,0,0,0,0]
	first Hamiltonian is constructed, non-zero numbers = 2178478298
	PARPACK diagonalization completed after 165 matrix-vector product operations.
	iteration results: : total energy is -11.868836 | electron energy -11.868836 + phonon energy 0.000000 | electron momentum kIdx = 0
	Nq(0) = 12.25,	Nq(1) = 0.154193,	Nq(2) = 0.185311,	Nq(3) = 0.154193,	Nq(4) = 0.154193,	Nq(5) = 0.203281,	Nq(6) = 0.235634,	Nq(7) = 0.203281,	Nq(8) = 0.185311,	Nq(9) = 0.235634,	Nq(10) = 0.275446,	Nq(11) = 0.235634,	Nq(12) = 0.154193,	Nq(13) = 0.203281,	Nq(14) = 0.235634,	Nq(15) = 0.203281,	Sq(0) = 1.11096e-18,	Sq(1) = 0.474292,	Sq(2) = 0.766364,	Sq(3) = 0.474292,	Sq(4) = 0.474292,	Sq(5) = 0.630724,	Sq(6) = 1.05279,	Sq(7) = 0.630724,	Sq(8) = 0.766364,	Sq(9) = 1.05279,	Sq(10) = 2.56755,	Sq(11) = 1.05279,	Sq(12) = 0.474292,	Sq(13) = 0.630724,	Sq(14) = 1.05279,	Sq(15) = 0.630724,	N(0) = 1.75464,	N(1) = 1.59086,	N(2) = 0.323321,	N(3) = 1.59086,	N(4) = 1.59086,	N(5) = 0.999881,	N(6) = 0.267546,	N(7) = 0.999881,	N(8) = 0.323321,	N(9) = 0.267546,	N(10) = 0.165565,	N(11) = 0.267546,	N(12) = 1.59086,	N(13) = 0.999881,	N(14) = 0.267546,	N(15) = 0.999881,	Delta[s](0) = 0.0778695,	Delta[s](1) = 0.0585404,	Delta[s](2) = 0.0354972,	Delta[s](3) = 0.0585404,	Delta[s](4) = 0.0585404,	Delta[s](5) = 0.0422298,	Delta[s](6) = 0.020197,	Delta[s](7) = 0.0422298,	Delta[s](8) = 0.0354972,	Delta[s](9) = 0.020197,	Delta[s](10) = 0.00151732,	Delta[s](11) = 0.020197,	Delta[s](12) = 0.0585404,	Delta[s](13) = 0.0422298,	Delta[s](14) = 0.020197,	Delta[s](15) = 0.0422298,	Delta[d](0) = 0.280153,	Delta[d](1) = 0.194002,	Delta[d](2) = 0.203413,	Delta[d](3) = 0.194002,	Delta[d](4) = 0.194002,	Delta[d](5) = 0.180164,	Delta[d](6) = 0.135371,	Delta[d](7) = 0.180164,	Delta[d](8) = 0.203413,	Delta[d](9) = 0.135371,	Delta[d](10) = 0.0548073,	Delta[d](11) = 0.135371,	Delta[d](12) = 0.194002,	Delta[d](13) = 0.180164,	Delta[d](14) = 0.135371,	Delta[d](15) = 0.180164,	Delta[s+](0) = 0.568855,	Delta[s+](1) = 0.423725,	Delta[s+](2) = 0.203413,	Delta[s+](3) = 0.423725,	Delta[s+](4) = 0.423725,	Delta[s+](5) = 0.296357,	Delta[s+](6) = 0.128777,	Delta[s+](7) = 0.296357,	Delta[s+](8) = 0.203413,	Delta[s+](9) = 0.128777,	Delta[s+](10) = 0.0394305,	Delta[s+](11) = 0.128777,	Delta[s+](12) = 0.423725,	Delta[s+](13) = 0.296357,	Delta[s+](14) = 0.128777,	Delta[s+](15) = 0.296357
The 0-th iteration is completed.	|| time cost : 0h 6m 30.345s
********************************************************************************************************************
Start the 1 rounds of NGS-ED iteration
	effective electronic model is modified as: kinetic energy t = 0.990242
	                                           effective interaction Vq = [  -1.94919, -0.530312,-0.0103334, -0.530312, -0.530312,-0.0104414, -0.252925,-0.0104414,-0.0103334, -0.252925,  -1.20136, -0.252925, -0.530312,-0.0104414, -0.252925,-0.0104414]
	PARPACK diagonalization completed after 60 matrix-vector product operations.
	iteration results: : total energy is -36.522567 | electron energy -36.522789 + phonon energy 0.000222 | electron momentum kIdx = 0
The 1-th iteration is completed.	|| time cost : 0h 5m 18.273s
********************************************************************************************************************
Start the 2 rounds of NGS-ED iteration
	effective electronic model is modified as: kinetic energy t = 0.986683
	                                           effective interaction Vq = [  -2.09988, -0.578087,-0.0111781, -0.578087, -0.578087,-0.0113115, -0.273657,-0.0113115,-0.0111781, -0.273657,  -1.31461, -0.273657, -0.578087,-0.0113115, -0.273657,-0.0113115]
	PARPACK diagonalization completed after 45 matrix-vector product operations.
	iteration results: : total energy is -38.393997 | electron energy -38.394808 + phonon energy 0.000811 | electron momentum kIdx = 0
The 2-th iteration is completed.	|| time cost : 0h 0m 24.399s
********************************************************************************************************************
Start the 3 rounds of NGS-ED iteration
	effective electronic model is modified as: kinetic energy t = 0.986014
	                                           effective interaction Vq = [ -2.11152,-0.585319,-0.011292,-0.585319,-0.585319,-0.011432,-0.276375,-0.011432,-0.011292,-0.276375, -1.33114,-0.276375,-0.585319,-0.011432,-0.276375,-0.011432]
	PARPACK diagonalization completed after 45 matrix-vector product operations.
	iteration results: : total energy is -38.537562 | electron energy -38.538593 + phonon energy 0.001030 | electron momentum kIdx = 0
The 3-th iteration is completed.	|| time cost : 0h 0m 24.385s
********************************************************************************************************************
Start the 4 rounds of NGS-ED iteration
	effective electronic model is modified as: kinetic energy t = 0.985894
	                                           effective interaction Vq = [  -2.11242, -0.586687,-0.0113095, -0.586687, -0.586687,-0.0114512, -0.276773,-0.0114512,-0.0113095, -0.276773,  -1.33385, -0.276773, -0.586687,-0.0114512, -0.276773,-0.0114512]
	PARPACK diagonalization completed after 45 matrix-vector product operations.
	iteration results: : total energy is -38.548624 | electron energy -38.549702 + phonon energy 0.001077 | electron momentum kIdx = 0
The 4-th iteration is completed.	|| time cost : 0h 0m 24.362s
********************************************************************************************************************
Start the 5 rounds of NGS-ED iteration
	effective electronic model is modified as: kinetic energy t = 0.985873
	                                           effective interaction Vq = [  -2.11249, -0.586961,-0.0113122, -0.586961, -0.586961,-0.0114544, -0.276832,-0.0114544,-0.0113122, -0.276832,   -1.3343, -0.276832, -0.586961,-0.0114544, -0.276832,-0.0114544]
	PARPACK diagonalization completed after 30 matrix-vector product operations.
	iteration results: : total energy is -38.549478 | electron energy -38.550564 + phonon energy 0.001086 | electron momentum kIdx = 0
The 5-th iteration is completed.	|| time cost : 0h 0m 21.61s
********************************************************************************************************************
Start the 6 rounds of NGS-ED iteration
	effective electronic model is modified as: kinetic energy t = 0.985869
	                                           effective interaction Vq = [   -2.1125, -0.587016,-0.0113127, -0.587016, -0.587016,-0.0114549, -0.276841,-0.0114549,-0.0113127, -0.276841,  -1.33438, -0.276841, -0.587016,-0.0114549, -0.276841,-0.0114549]
	PARPACK diagonalization completed after 30 matrix-vector product operations.
	iteration results: : total energy is -38.549544 | electron energy -38.550632 + phonon energy 0.001088 | electron momentum kIdx = 0
	Nq(0) = 12.25,	Nq(1) = 0.163902,	Nq(2) = 0.188957,	Nq(3) = 0.163902,	Nq(4) = 0.163902,	Nq(5) = 0.206951,	Nq(6) = 0.246881,	Nq(7) = 0.206951,	Nq(8) = 0.188957,	Nq(9) = 0.246881,	Nq(10) = 0.316875,	Nq(11) = 0.246881,	Nq(12) = 0.163902,	Nq(13) = 0.206951,	Nq(14) = 0.246881,	Nq(15) = 0.206951,	Sq(0) = -1.19901e-18,	Sq(1) = 0.47038,	Sq(2) = 0.75575,	Sq(3) = 0.47038,	Sq(4) = 0.47038,	Sq(5) = 0.622754,	Sq(6) = 1.04315,	Sq(7) = 0.622754,	Sq(8) = 0.75575,	Sq(9) = 1.04315,	Sq(10) = 2.52764,	Sq(11) = 1.04315,	Sq(12) = 0.47038,	Sq(13) = 0.622754,	Sq(14) = 1.04315,	Sq(15) = 0.622754,	N(0) = 1.77389,	N(1) = 1.621,	N(2) = 0.309424,	N(3) = 1.621,	N(4) = 1.621,	N(5) = 0.996728,	N(6) = 0.246183,	N(7) = 0.996728,	N(8) = 0.309424,	N(9) = 0.246183,	N(10) = 0.151604,	N(11) = 0.246183,	N(12) = 1.621,	N(13) = 0.996728,	N(14) = 0.246183,	N(15) = 0.996728,	Delta[s](0) = 0.085451,	Delta[s](1) = 0.0646497,	Delta[s](2) = 0.039906,	Delta[s](3) = 0.0646497,	Delta[s](4) = 0.0646497,	Delta[s](5) = 0.0471062,	Delta[s](6) = 0.0232444,	Delta[s](7) = 0.0471062,	Delta[s](8) = 0.039906,	Delta[s](9) = 0.0232444,	Delta[s](10) = 0.00259853,	Delta[s](11) = 0.0232444,	Delta[s](12) = 0.0646497,	Delta[s](13) = 0.0471062,	Delta[s](14) = 0.0232444,	Delta[s](15) = 0.0471062,	Delta[d](0) = 0.290551,	Delta[d](1) = 0.195447,	Delta[d](2) = 0.204696,	Delta[d](3) = 0.195447,	Delta[d](4) = 0.195447,	Delta[d](5) = 0.181984,	Delta[d](6) = 0.135054,	Delta[d](7) = 0.181984,	Delta[d](8) = 0.204696,	Delta[d](9) = 0.135054,	Delta[d](10) = 0.0545174,	Delta[d](11) = 0.135054,	Delta[d](12) = 0.195447,	Delta[d](13) = 0.181984,	Delta[d](14) = 0.135054,	Delta[d](15) = 0.181984,	Delta[s+](0) = 0.578355,	Delta[s+](1) = 0.431226,	Delta[s+](2) = 0.204696,	Delta[s+](3) = 0.431226,	Delta[s+](4) = 0.431226,	Delta[s+](5) = 0.300677,	Delta[s+](6) = 0.128872,	Delta[s+](7) = 0.300677,	Delta[s+](8) = 0.204696,	Delta[s+](9) = 0.128872,	Delta[s+](10) = 0.0383882,	Delta[s+](11) = 0.128872,	Delta[s+](12) = 0.431226,	Delta[s+](13) = 0.300677,	Delta[s+](14) = 0.128872,	Delta[s+](15) = 0.300677
The 6-th iteration is completed.	|| time cost : 0h 3m 59.977s
********************************************************************************************************************
********************************************************************************************************************
Ground state is obtained after 7 iterations. The current ground-state energy is -38.5495, in which electron energy is -38.5506 and phonon energy is 0.00108754
final variational state is: 
	Gamma_x = [      1,1.00255,1.00008,1.00255,1.00255,1.00008, 1.0027,1.00008,1.00008, 1.0027,1.01702, 1.0027,1.00255,1.00008, 1.0027,1.00008]
	lambda_q = [ 0.406198,  0.17414,0.0216191,  0.17414,  0.17414,0.0222144, -0.10347,0.0222144,0.0216191, -0.10347,-0.225789, -0.10347,  0.17414,0.0222144, -0.10347,0.0222144]
The effective e-e interactions mediated by phonons are: [   2.1125, 0.587027,0.0113127, 0.587027, 0.587027, 0.011455, 0.276843, 0.011455,0.0113127, 0.276843,  1.33439, 0.276843, 0.587027, 0.011455, 0.276843, 0.011455]
The real-space interactions mediated by phonons are: [ -6.97082, -1.57091,-0.949758, -2.86887, -1.39848, -3.20461,-0.949758,-0.760354,  -3.4237,-0.760354,-0.949758, -3.20461, -1.39848, -2.86887,-0.949758, -1.57091]
********************************************************************************************************************
o___o  ----------------------------------------
| L |	Time since last clock: 0h 0m 0s
A===A	Time since the beginning: 0h 17m 23.355s
***********************************************

********************************************************************************************************************
Start warm-up calculation for scaling factor 32
open output files: NGSEDWarmUpW6.4Obs.txt
********************************************************************************************************************
Start the 0 rounds of NGS-ED iteration
	effective electronic model is modified as: kinetic energy t = 0.985868
	                                           effective interaction Vq = [   -1.93116,  -0.495481,-0.00923835,  -0.495481,  -0.495481,-0.00940809,  -0.224139,-0.00940809,-0.00923835,  -0.224139,    -1.0787,  -0.224139,  -0.495481,-0.00940809,  -0.224139,-0.00940809]
	PARPACK diagonalization completed after 60 matrix-vector product operations.
	iteration results: : total energy is -36.135098 | electron energy -36.135642 + phonon energy 0.000544 | electron momentum kIdx = 0
	Nq(0) = 12.25,	Nq(1) = 0.16201,	Nq(2) = 0.187852,	Nq(3) = 0.16201,	Nq(4) = 0.16201,	Nq(5) = 0.20576,	Nq(6) = 0.244094,	Nq(7) = 0.20576,	Nq(8) = 0.187852,	Nq(9) = 0.244094,	Nq(10) = 0.306968,	Nq(11) = 0.244094,	Nq(12) = 0.16201,	Nq(13) = 0.20576,	Nq(14) = 0.244094,	Nq(15) = 0.20576,	Sq(0) = 1.03499e-18,	Sq(1) = 0.470783,	Sq(2) = 0.758175,	Sq(3) = 0.470783,	Sq(4) = 0.470783,	Sq(5) = 0.624472,	Sq(6) = 1.04646,	Sq(7) = 0.624472,	Sq(8) = 0.758175,	Sq(9) = 1.04646,	Sq(10) = 2.53664,	Sq(11) = 1.04646,	Sq(12) = 0.470783,	Sq(13) = 0.624472,	Sq(14) = 1.04646,	Sq(15) = 0.624472,	N(0) = 1.76947,	N(1) = 1.61404,	N(2) = 0.313205,	N(3) = 1.61404,	N(4) = 1.61404,	N(5) = 0.997264,	N(6) = 0.250995,	N(7) = 0.997264,	N(8) = 0.313205,	N(9) = 0.250995,	N(10) = 0.154931,	N(11) = 0.250995,	N(12) = 1.61404,	N(13) = 0.997264,	N(14) = 0.250995,	N(15) = 0.997264,	Delta[s](0) = 0.0832416,	Delta[s](1) = 0.0629922,	Delta[s](2) = 0.0388804,	Delta[s](3) = 0.0629922,	Delta[s](4) = 0.0629922,	Delta[s](5) = 0.0458948,	Delta[s](6) = 0.0226981,	Delta[s](7) = 0.0458948,	Delta[s](8) = 0.0388804,	Delta[s](9) = 0.0226981,	Delta[s](10) = 0.00272236,	Delta[s](11) = 0.0226981,	Delta[s](12) = 0.0629922,	Delta[s](13) = 0.0458948,	Delta[s](14) = 0.0226981,	Delta[s](15) = 0.0458948,	Delta[d](0) = 0.295906,	Delta[d](1) = 0.200636,	Delta[d](2) = 0.209706,	Delta[d](3) = 0.200636,	Delta[d](4) = 0.200636,	Delta[d](5) = 0.186461,	Delta[d](6) = 0.138814,	Delta[d](7) = 0.186461,	Delta[d](8) = 0.209706,	Delta[d](9) = 0.138814,	Delta[d](10) = 0.0562864,	Delta[d](11) = 0.138814,	Delta[d](12) = 0.200636,	Delta[d](13) = 0.186461,	Delta[d](14) = 0.138814,	Delta[d](15) = 0.186461,	Delta[s+](0) = 0.590012,	Delta[s+](1) = 0.439887,	Delta[s+](2) = 0.209706,	Delta[s+](3) = 0.439887,	Delta[s+](4) = 0.439887,	Delta[s+](5) = 0.307016,	Delta[s+](6) = 0.132299,	Delta[s+](7) = 0.307016,	Delta[s+](8) = 0.209706,	Delta[s+](9) = 0.132299,	Delta[s+](10) = 0.0398717,	Delta[s+](11) = 0.132299,	Delta[s+](12) = 0.439887,	Delta[s+](13) = 0.307016,	Delta[s+](14) = 0.132299,	Delta[s+](15) = 0.307016
The 0-th iteration is completed.	|| time cost : 0h 4m 2.777s
********************************************************************************************************************
Start the 1 rounds of NGS-ED iteration
	effective electronic model is modified as: kinetic energy t = 0.984351
	                                           effective interaction Vq = [   -2.06208,  -0.525808,-0.00958895,  -0.525808,  -0.525808,-0.00981521,   -0.23039,-0.00981521,-0.00958895,   -0.23039,   -1.10348,   -0.23039,  -0.525808,-0.00981521,   -0.23039,-0.00981521]
	PARPACK diagonalization completed after 45 matrix-vector product operations.
	iteration results: : total energy is -37.745178 | electron energy -37.746899 + phonon energy 0.001721 | electron momentum kIdx = 0
The 1-th iteration is completed.	|| time cost : 0h 0m 24.51s
********************************************************************************************************************
Start the 2 rounds of NGS-ED iteration
	effective electronic model is modified as: kinetic energy t = 0.983772
	                                           effective interaction Vq = [   -2.09848,  -0.536369,-0.00969045,  -0.536369,  -0.536369,-0.00993712,   -0.23217,-0.00993712,-0.00969045,   -0.23217,   -1.11258,   -0.23217,  -0.536369,-0.00993712,   -0.23217,-0.00993712]
	PARPACK diagonalization completed after 45 matrix-vector product operations.
	iteration results: : total energy is -38.191989 | electron energy -38.194283 + phonon energy 0.002294 | electron momentum kIdx = 0
The 2-th iteration is completed.	|| time cost : 0h 0m 24.405s
********************************************************************************************************************
Start the 3 rounds of NGS-ED iteration
	effective electronic model is modified as: kinetic energy t = 0.983555
	                                           effective interaction Vq = [    -2.1086,  -0.540291,-0.00972068,  -0.540291,  -0.540291,-0.00997484,  -0.232691,-0.00997484,-0.00972068,  -0.232691,   -1.11588,  -0.232691,  -0.540291,-0.00997484,  -0.232691,-0.00997484]
	PARPACK diagonalization completed after 45 matrix-vector product operations.
	iteration results: : total energy is -38.316099 | electron energy -38.318620 + phonon energy 0.002521 | electron momentum kIdx = 0
The 3-th iteration is completed.	|| time cost : 0h 0m 24.443s
********************************************************************************************************************
Start the 4 rounds of NGS-ED iteration
	effective electronic model is modified as: kinetic energy t = 0.983475
	                                           effective interaction Vq = [   -2.11142,  -0.541789,-0.00972978,  -0.541789,  -0.541789,-0.00998665,  -0.232846,-0.00998665,-0.00972978,  -0.232846,   -1.11707,  -0.232846,  -0.541789,-0.00998665,  -0.232846,-0.00998665]
	PARPACK diagonalization completed after 45 matrix-vector product operations.
	iteration results: : total energy is -38.350589 | electron energy -38.353195 + phonon energy 0.002606 | electron momentum kIdx = 0
The 4-th iteration is completed.	|| time cost : 0h 0m 24.428s
********************************************************************************************************************
Start the 5 rounds of NGS-ED iteration
	effective electronic model is modified as: kinetic energy t = 0.983445
	                                           effective interaction Vq = [    -2.1122,  -0.542369,-0.00973254,  -0.542369,  -0.542369,-0.00999035,  -0.232892,-0.00999035,-0.00973254,  -0.232892,    -1.1175,  -0.232892,  -0.542369,-0.00999035,  -0.232892,-0.00999035]
	PARPACK diagonalization completed after 30 matrix-vector product operations.
	iteration results: : total energy is -38.360176 | electron energy -38.362813 + phonon energy 0.002637 | electron momentum kIdx = 0
The 5-th iteration is completed.	|| time cost : 0h 0m 21.615s
********************************************************************************************************************
Start the 6 rounds of NGS-ED iteration
	effective electronic model is modified as: kinetic energy t = 0.983433
	                                           effective interaction Vq = [   -2.11242,  -0.542594,-0.00973337,  -0.542594,  -0.542594,-0.00999152,  -0.232906,-0.00999152,-0.00973337,  -0.232906,   -1.11765,  -0.232906,  -0.542594,-0.00999152,  -0.232906,-0.00999152]
	PARPACK diagonalization completed after 30 matrix-vector product operations.
	iteration results: : total energy is -38.362841 | electron energy -38.365490 + phonon energy 0.002649 | electron momentum kIdx = 0
The 6-th iteration is completed.	|| time cost : 0h 0m 21.647s
********************************************************************************************************************
Start the 7 rounds of NGS-ED iteration
	effective electronic model is modified as: kinetic energy t = 0.983429
	                                           effective interaction Vq = [   -2.11248,  -0.542681,-0.00973363,  -0.542681,  -0.542681,-0.00999188,  -0.232911,-0.00999188,-0.00973363,  -0.232911,   -1.11771,  -0.232911,  -0.542681,-0.00999188,  -0.232911,-0.00999188]
	PARPACK diagonalization completed after 30 matrix-vector product operations.
	iteration results: : total energy is -38.363582 | electron energy -38.366235 + phonon energy 0.002653 | electron momentum kIdx = 0
The 7-th iteration is completed.	|| time cost : 0h 0m 21.604s
********************************************************************************************************************
Start the 8 rounds of NGS-ED iteration
	effective electronic model is modified as: kinetic energy t = 0.983427
	                                           effective interaction Vq = [   -2.11249,  -0.542715,-0.00973371,  -0.542715,  -0.542715,  -0.009992,  -0.232912,  -0.009992,-0.00973371,  -0.232912,   -1.11773,  -0.232912,  -0.542715,  -0.009992,  -0.232912,  -0.009992]
	PARPACK diagonalization completed after 30 matrix-vector product operations.
	iteration results: : total energy is -38.363788 | electron energy -38.366442 + phonon energy 0.002654 | electron momentum kIdx = 0
	Nq(0) = 12.25,	Nq(1) = 0.162625,	Nq(2) = 0.187785,	Nq(3) = 0.162625,	Nq(4) = 0.162625,	Nq(5) = 0.205596,	Nq(6) = 0.244184,	Nq(7) = 0.205596,	Nq(8) = 0.187785,	Nq(9) = 0.244184,	Nq(10) = 0.308058,	Nq(11) = 0.244184,	Nq(12) = 0.162625,	Nq(13) = 0.205596,	Nq(14) = 0.244184,	Nq(15) = 0.205596,	Sq(0) = 1.09059e-18,	Sq(1) = 0.470327,	Sq(2) = 0.757889,	Sq(3) = 0.470327,	Sq(4) = 0.470327,	Sq(5) = 0.624214,	Sq(6) = 1.04691,	Sq(7) = 0.624214,	Sq(8) = 0.757889,	Sq(9) = 1.04691,	Sq(10) = 2.53519,	Sq(11) = 1.04691,	Sq(12) = 0.470327,	Sq(13) = 0.624214,	Sq(14) = 1.04691,	Sq(15) = 0.624214,	N(0) = 1.7697,	N(1) = 1.61469,	N(2) = 0.313331,	N(3) = 1.61469,	N(4) = 1.61469,	N(5) = 0.996972,	N(6) = 0.250532,	N(7) = 0.996972,	N(8) = 0.313331,	N(9) = 0.250532,	N(10) = 0.154873,	N(11) = 0.250532,	N(12) = 1.61469,	N(13) = 0.996972,	N(14) = 0.250532,	N(15) = 0.996972,	Delta[s](0) = 0.0832638,	Delta[s](1) = 0.063056,	Delta[s](2) = 0.0389885,	Delta[s](3) = 0.063056,	Delta[s](4) = 0.063056,	Delta[s](5) = 0.0459845,	Delta[s](6) = 0.0228326,	Delta[s](7) = 0.0459845,	Delta[s](8) = 0.0389885,	Delta[s](9) = 0.0228326,	Delta[s](10) = 0.0028905,	Delta[s](11) = 0.0228326,	Delta[s](12) = 0.063056,	Delta[s](13) = 0.0459845,	Delta[s](14) = 0.0228326,	Delta[s](15) = 0.0459845,	Delta[d](0) = 0.304217,	Delta[d](1) = 0.206036,	Delta[d](2) = 0.215084,	Delta[d](3) = 0.206036,	Delta[d](4) = 0.206036,	Delta[d](5) = 0.191368,	Delta[d](6) = 0.142408,	Delta[d](7) = 0.191368,	Delta[d](8) = 0.215084,	Delta[d](9) = 0.142408,	Delta[d](10) = 0.0578985,	Delta[d](11) = 0.142408,	Delta[d](12) = 0.206036,	Delta[d](13) = 0.191368,	Delta[d](14) = 0.142408,	Delta[d](15) = 0.191368,	Delta[s+](0) = 0.604734,	Delta[s+](1) = 0.450901,	Delta[s+](2) = 0.215084,	Delta[s+](3) = 0.450901,	Delta[s+](4) = 0.450901,	Delta[s+](5) = 0.314696,	Delta[s+](6) = 0.135702,	Delta[s+](7) = 0.314696,	Delta[s+](8) = 0.215084,	Delta[s+](9) = 0.135702,	Delta[s+](10) = 0.04097,	Delta[s+](11) = 0.135702,	Delta[s+](12) = 0.450901,	Delta[s+](13) = 0.314696,	Delta[s+](14) = 0.135702,	Delta[s+](15) = 0.314696
The 8-th iteration is completed.	|| time cost : 0h 3m 58.216s
********************************************************************************************************************
********************************************************************************************************************
Ground state is obtained after 9 iterations. The current ground-state energy is -38.3638, in which electron energy is -38.3664 and phonon energy is 0.00265427
final variational state is: 
	Gamma_x = [      1,1.00698,1.00018,1.00698,1.00698, 1.0002,1.00598, 1.0002,1.00018,1.00598,1.03704,1.00598,1.00698, 1.0002,1.00598, 1.0002]
	lambda_q = [ 0.573994, 0.204948, 0.023404, 0.204948, 0.204948,0.0243985,-0.109456,0.0243985, 0.023404,-0.109456,-0.237777,-0.109456, 0.204948,0.0243985,-0.109456,0.0243985]
The effective e-e interactions mediated by phonons are: [    2.1125,  0.542729,0.00973373,  0.542729,  0.542729,0.00999203,  0.232912,0.00999203,0.00973373,  0.232912,   1.11773,  0.232912,  0.542729,0.00999203,  0.232912,0.00999203]
The real-space interactions mediated by phonons are: [ -6.39223, -1.72408, -1.03677, -2.71857,  -1.6144, -3.05391, -1.03677,-0.914495, -3.20973,-0.914495, -1.03677, -3.05391,  -1.6144, -2.71857, -1.03677, -1.72408]
********************************************************************************************************************
o___o  ----------------------------------------
| L |	Time since last clock: 0h 0m 0s
A===A	Time since the beginning: 0h 28m 7.005s
***********************************************

********************************************************************************************************************
Start warm-up calculation for scaling factor 16
open output files: NGSEDWarmUpW3.2Obs.txt
********************************************************************************************************************
Start the 0 rounds of NGS-ED iteration
	effective electronic model is modified as: kinetic energy t = 0.983427
	                                           effective interaction Vq = [   -1.93047,  -0.439442,-0.00760882,  -0.439442,  -0.439442,-0.00785448,  -0.180574,-0.00785448,-0.00760882,  -0.180574,  -0.865298,  -0.180574,  -0.439442,-0.00785448,  -0.180574,-0.00785448]
	PARPACK diagonalization completed after 60 matrix-vector product operations.
	iteration results: : total energy is -35.938547 | electron energy -35.939875 + phonon energy 0.001327 | electron momentum kIdx = 0
	Nq(0) = 12.25,	Nq(1) = 0.160622,	Nq(2) = 0.186711,	Nq(3) = 0.160622,	Nq(4) = 0.160622,	Nq(5) = 0.204456,	Nq(6) = 0.241485,	Nq(7) = 0.204456,	Nq(8) = 0.186711,	Nq(9) = 0.241485,	Nq(10) = 0.298891,	Nq(11) = 0.241485,	Nq(12) = 0.160622,	Nq(13) = 0.204456,	Nq(14) = 0.241485,	Nq(15) = 0.204456,	Sq(0) = -1.84143e-18,	Sq(1) = 0.47088,	Sq(2) = 0.760299,	Sq(3) = 0.47088,	Sq(4) = 0.47088,	Sq(5) = 0.62594,	Sq(6) = 1.04996,	Sq(7) = 0.62594,	Sq(8) = 0.760299,	Sq(9) = 1.04996,	Sq(10) = 2.5437,	Sq(11) = 1.04996,	Sq(12) = 0.47088,	Sq(13) = 0.62594,	Sq(14) = 1.04996,	Sq(15) = 0.62594,	N(0) = 1.76522,	N(1) = 1.60769,	N(2) = 0.317122,	N(3) = 1.60769,	N(4) = 1.60769,	N(5) = 0.997575,	N(6) = 0.255326,	N(7) = 0.997575,	N(8) = 0.317122,	N(9) = 0.255326,	N(10) = 0.158173,	N(11) = 0.255326,	N(12) = 1.60769,	N(13) = 0.997575,	N(14) = 0.255326,	N(15) = 0.997575,	Delta[s](0) = 0.0814743,	Delta[s](1) = 0.061618,	Delta[s](2) = 0.0379694,	Delta[s](3) = 0.061618,	Delta[s](4) = 0.061618,	Delta[s](5) = 0.0448206,	Delta[s](6) = 0.022118,	Delta[s](7) = 0.0448206,	Delta[s](8) = 0.0379694,	Delta[s](9) = 0.022118,	Delta[s](10) = 0.00264459,	Delta[s](11) = 0.022118,	Delta[s](12) = 0.061618,	Delta[s](13) = 0.0448206,	Delta[s](14) = 0.022118,	Delta[s](15) = 0.0448206,	Delta[d](0) = 0.310572,	Delta[d](1) = 0.211772,	Delta[d](2) = 0.220833,	Delta[d](3) = 0.211772,	Delta[d](4) = 0.211772,	Delta[d](5) = 0.196435,	Delta[d](6) = 0.146577,	Delta[d](7) = 0.196435,	Delta[d](8) = 0.220833,	Delta[d](9) = 0.146577,	Delta[d](10) = 0.0597539,	Delta[d](11) = 0.146577,	Delta[d](12) = 0.211772,	Delta[d](13) = 0.196435,	Delta[d](14) = 0.146577,	Delta[d](15) = 0.196435,	Delta[s+](0) = 0.618844,	Delta[s+](1) = 0.461363,	Delta[s+](2) = 0.220833,	Delta[s+](3) = 0.461363,	Delta[s+](4) = 0.461363,	Delta[s+](5) = 0.32226,	Delta[s+](6) = 0.139539,	Delta[s+](7) = 0.32226,	Delta[s+](8) = 0.220833,	Delta[s+](9) = 0.139539,	Delta[s+](10) = 0.0424759,	Delta[s+](11) = 0.139539,	Delta[s+](12) = 0.461363,	Delta[s+](13) = 0.32226,	Delta[s+](14) = 0.139539,	Delta[s+](15) = 0.32226
The 0-th iteration is completed.	|| time cost : 0h 4m 4.777s
********************************************************************************************************************
Start the 1 rounds of NGS-ED iteration
	effective electronic model is modified as: kinetic energy t = 0.984224
	                                           effective interaction Vq = [   -2.01652,  -0.447459,-0.00747835,  -0.447459,  -0.447459,-0.00777797,  -0.175015,-0.00777797,-0.00747835,  -0.175015,  -0.832643,  -0.175015,  -0.447459,-0.00777797,  -0.175015,-0.00777797]
	PARPACK diagonalization completed after 45 matrix-vector product operations.
	iteration results: : total energy is -36.994991 | electron energy -36.997647 + phonon energy 0.002656 | electron momentum kIdx = 0
The 1-th iteration is completed.	|| time cost : 0h 0m 24.44s
********************************************************************************************************************
Start the 2 rounds of NGS-ED iteration
	effective electronic model is modified as: kinetic energy t = 0.984418
	                                           effective interaction Vq = [   -2.06189,  -0.451795,-0.00742383,  -0.451795,  -0.451795,-0.00774419,  -0.172951,-0.00774419,-0.00742383,  -0.172951,  -0.822586,  -0.172951,  -0.451795,-0.00774419,  -0.172951,-0.00774419]
	PARPACK diagonalization completed after 45 matrix-vector product operations.
	iteration results: : total energy is -37.551193 | electron energy -37.554558 + phonon energy 0.003365 | electron momentum kIdx = 0
The 2-th iteration is completed.	|| time cost : 0h 0m 24.403s
********************************************************************************************************************
Start the 3 rounds of NGS-ED iteration
	effective electronic model is modified as: kinetic energy t = 0.984446
	                                           effective interaction Vq = [   -2.08581,   -0.45417,-0.00740128,   -0.45417,   -0.45417,-0.00772941,    -0.1722,-0.00772941,-0.00740128,    -0.1722,  -0.819824,    -0.1722,   -0.45417,-0.00772941,    -0.1722,-0.00772941]
	PARPACK diagonalization completed after 45 matrix-vector product operations.
	iteration results: : total energy is -37.844352 | electron energy -37.848075 + phonon energy 0.003723 | electron momentum kIdx = 0
The 3-th iteration is completed.	|| time cost : 0h 0m 24.436s
********************************************************************************************************************
Start the 4 rounds of NGS-ED iteration
	effective electronic model is modified as: kinetic energy t = 0.984435
	                                           effective interaction Vq = [   -2.09843,  -0.455483,  -0.007392,  -0.455483,  -0.455483,-0.00772298,  -0.171932,-0.00772298,  -0.007392,  -0.171932,  -0.819251,  -0.171932,  -0.455483,-0.00772298,  -0.171932,-0.00772298]
	PARPACK diagonalization completed after 45 matrix-vector product operations.
	iteration results: : total energy is -37.998910 | electron energy -38.002820 + phonon energy 0.003909 | electron momentum kIdx = 0
The 4-th iteration is completed.	|| time cost : 0h 0m 24.376s
********************************************************************************************************************
Start the 5 rounds of NGS-ED iteration
	effective electronic model is modified as: kinetic energy t = 0.984419
	                                           effective interaction Vq = [  -2.10508, -0.456213,-0.0073882, -0.456213, -0.456213,-0.0077202, -0.171838,-0.0077202,-0.0073882, -0.171838, -0.819261, -0.171838, -0.456213,-0.0077202, -0.171838,-0.0077202]
	PARPACK diagonalization completed after 30 matrix-vector product operations.
	iteration results: : total energy is -38.080403 | electron energy -38.084412 + phonon energy 0.004009 | electron momentum kIdx = 0
The 5-th iteration is completed.	|| time cost : 0h 0m 21.589s
********************************************************************************************************************
Start the 6 rounds of NGS-ED iteration
	effective electronic model is modified as: kinetic energy t = 0.984407
	                                           effective interaction Vq = [   -2.10859,   -0.45662,-0.00738666,   -0.45662,   -0.45662,-0.00771901,  -0.171807,-0.00771901,-0.00738666,  -0.171807,  -0.819379,  -0.171807,   -0.45662,-0.00771901,  -0.171807,-0.00771901]
	PARPACK diagonalization completed after 30 matrix-vector product operations.
	iteration results: : total energy is -38.123372 | electron energy -38.127436 + phonon energy 0.004064 | electron momentum kIdx = 0
The 6-th iteration is completed.	|| time cost : 0h 0m 21.63s
********************************************************************************************************************
Start the 7 rounds of NGS-ED iteration
	effective electronic model is modified as: kinetic energy t = 0.984399
	                                           effective interaction Vq = [   -2.11044,  -0.456848,-0.00738603,  -0.456848,  -0.456848,-0.00771849,  -0.171797,-0.00771849,-0.00738603,  -0.171797,  -0.819484,  -0.171797,  -0.456848,-0.00771849,  -0.171797,-0.00771849]
	PARPACK diagonalization completed after 30 matrix-vector product operations.
	iteration results: : total energy is -38.146029 | electron energy -38.150123 + phonon energy 0.004094 | electron momentum kIdx = 0
The 7-th iteration is completed.	|| time cost : 0h 0m 21.643s
********************************************************************************************************************
Start the 8 rounds of NGS-ED iteration
	effective electronic model is modified as: kinetic energy t = 0.984394
	                                           effective interaction Vq = [   -2.11141,  -0.456976,-0.00738578,  -0.456976,  -0.456976,-0.00771827,  -0.171795,-0.00771827,-0.00738578,  -0.171795,  -0.819557,  -0.171795,  -0.456976,-0.00771827,  -0.171795,-0.00771827]
	PARPACK diagonalization completed after 30 matrix-vector product operations.
	iteration results: : total energy is -38.157975 | electron energy -38.162087 + phonon energy 0.004112 | electron momentum kIdx = 0
The 8-th iteration is completed.	|| time cost : 0h 0m 21.616s
********************************************************************************************************************
Start the 9 rounds of NGS-ED iteration
	effective electronic model is modified as: kinetic energy t = 0.984391
	                                           effective interaction Vq = [   -2.11193,  -0.457048,-0.00738569,  -0.457048,  -0.457048,-0.00771818,  -0.171795,-0.00771818,-0.00738569,  -0.171795,  -0.819603,  -0.171795,  -0.457048,-0.00771818,  -0.171795,-0.00771818]
	PARPACK diagonalization completed after 30 matrix-vector product operations.
	iteration results: : total energy is -38.164275 | electron energy -38.168396 + phonon energy 0.004121 | electron momentum kIdx = 0
The 9-th iteration is completed.	|| time cost : 0h 0m 21.622s
********************************************************************************************************************
Start the 10 rounds of NGS-ED iteration
	effective electronic model is modified as: kinetic energy t = 0.984389
	                                           effective interaction Vq = [    -2.1122,  -0.457089,-0.00738565,  -0.457089,  -0.457089,-0.00771814,  -0.171795,-0.00771814,-0.00738565,  -0.171795,  -0.819631,  -0.171795,  -0.457089,-0.00771814,  -0.171795,-0.00771814]
	PARPACK diagonalization completed after 30 matrix-vector product operations.
	iteration results: : total energy is -38.167596 | electron energy -38.171723 + phonon energy 0.004127 | electron momentum kIdx = 0
	Nq(0) = 12.25,	Nq(1) = 0.160871,	Nq(2) = 0.186701,	Nq(3) = 0.160871,	Nq(4) = 0.160871,	Nq(5) = 0.204402,	Nq(6) = 0.241286,	Nq(7) = 0.204402,	Nq(8) = 0.186701,	Nq(9) = 0.241286,	Nq(10) = 0.297721,	Nq(11) = 0.241286,	Nq(12) = 0.160871,	Nq(13) = 0.204402,	Nq(14) = 0.241286,	Nq(15) = 0.204402,	Sq(0) = 4.39719e-18,	Sq(1) = 0.470615,	Sq(2) = 0.760344,	Sq(3) = 0.470615,	Sq(4) = 0.470615,	Sq(5) = 0.625973,	Sq(6) = 1.05033,	Sq(7) = 0.625973,	Sq(8) = 0.760344,	Sq(9) = 1.05033,	Sq(10) = 2.54429,	Sq(11) = 1.05033,	Sq(12) = 0.470615,	Sq(13) = 0.625973,	Sq(14) = 1.05033,	Sq(15) = 0.625973,	N(0) = 1.76508,	N(1) = 1.60758,	N(2) = 0.317082,	N(3) = 1.60758,	N(4) = 1.60758,	N(5) = 0.997459,	N(6) = 0.255536,	N(7) = 0.997459,	N(8) = 0.317082,	N(9) = 0.255536,	N(10) = 0.15845,	N(11) = 0.255536,	N(12) = 1.60758,	N(13) = 0.997459,	N(14) = 0.255536,	N(15) = 0.997459,	Delta[s](0) = 0.0814389,	Delta[s](1) = 0.0615824,	Delta[s](2) = 0.037927,	Delta[s](3) = 0.0615824,	Delta[s](4) = 0.0615824,	Delta[s](5) = 0.0447832,	Delta[s](6) = 0.0220779,	Delta[s](7) = 0.0447832,	Delta[s](8) = 0.037927,	Delta[s](9) = 0.0220779,	Delta[s](10) = 0.00261166,	Delta[s](11) = 0.0220779,	Delta[s](12) = 0.0615824,	Delta[s](13) = 0.0447832,	Delta[s](14) = 0.0220779,	Delta[s](15) = 0.0447832,	Delta[d](0) = 0.33114,	Delta[d](1) = 0.225552,	Delta[d](2) = 0.235098,	Delta[d](3) = 0.225552,	Delta[d](4) = 0.225552,	Delta[d](5) = 0.209139,	Delta[d](6) = 0.156042,	Delta[d](7) = 0.209139,	Delta[d](8) = 0.235098,	Delta[d](9) = 0.156042,	Delta[d](10) = 0.0636964,	Delta[d](11) = 0.156042,	Delta[d](12) = 0.225552,	Delta[d](13) = 0.209139,	Delta[d](14) = 0.156042,	Delta[d](15) = 0.209139,	Delta[s+](0) = 0.658696,	Delta[s+](1) = 0.491042,	Delta[s+](2) = 0.235098,	Delta[s+](3) = 0.491042,	Delta[s+](4) = 0.491042,	Delta[s+](5) = 0.34296,	Delta[s+](6) = 0.148537,	Delta[s+](7) = 0.34296,	Delta[s+](8) = 0.235098,	Delta[s+](9) = 0.148537,	Delta[s+](10) = 0.0452507,	Delta[s+](11) = 0.148537,	Delta[s+](12) = 0.491042,	Delta[s+](13) = 0.34296,	Delta[s+](14) = 0.148537,	Delta[s+](15) = 0.34296
The 10-th iteration is completed.	|| time cost : 0h 3m 57.646s
********************************************************************************************************************
Start the 11 rounds of NGS-ED iteration
	effective electronic model is modified as: kinetic energy t = 0.984389
