SNEDics v3.4 Non-Gaussian ED ground state program		Start at Fri Sep 27 00:08:57 2019

parallized on 16 MPI threads  * 8 OpenMP threads = 128 total threads.
********************************************************************************************************************
********************************************************************************************************************

********************************************************************************************************************
System parameters and configurations
********************************************************************************************************************
Special program options are enabled: splitted diagonal Hamiltonian
********************************************************************************************************************
Read input file "model_params.in"
	Hubbard-Holstein model parameters : 	t = 1    U = 7    g = 3.1623    W = 5    
********************************************************************************************************************
Read input file "hilbertspace_params.in"
	Requested 16-site 2D lattice, with 12 electrons (6, 6)
	Boundary : Periodic		Hilbert space representation : momentum-space (restricted to kIdx = 0)
	Conservation: particle number[U(1)]      spin[U(1)]     momentum
********************************************************************************************************************

Cluster Positions:				Cluster symmetry group : D4
 x ... x ... x ... x .....                       x ... x ... x ... x .....
 |           |           :                       |           |           :
 |           |           :                       |           |           :
12    13    14    15     x                       1     5     6     5     x
 |           |           :                       |           |           :
 |           |           :                       |           |           :
 8 --- 9 ---10 ---11 --- x                       2 --- 6 ---10 --- 6 --- x
 |           |           :                       |           |           :
 |           |           :                       |           |           :
 4     5     6     7     x                       1     5     6     5     x
 |           |           :                       |           |           :
 |           |           :                       |           |           :
 0 --- 1 --- 2 --- 3 --- x                       0 --- 1 --- 2 --- 1 --- x
orbital number : 1
********************************************************************************************************************
Read input file "obs_params.in"
	Observable Type : Nq(All),   Sq(All),   N(All),   Delta[s](All),   Delta[d](All),   Delta[s+](All)
********************************************************************************************************************
** WARNING ** the input observables have non-local factors which have been reinterpreted. The total observable number is 96
********************************************************************************************************************


********************************************************************************************************************
Start calculating the non-Gaussian ED ground state
** WARNING ** Detected low phonon energy W < 10. The initial state will be prepared through a warm-up process.
********************************************************************************************************************
Start warm-up calculation for scaling factor 2
open output files: NGSEDWarmUpW10Obs.txt
********************************************************************************************************************
Start the 0 rounds of NGS-ED iteration
	effective electronic model is modified as: kinetic energy t = 1
	                                           effective interaction Vq = [-0,-0,-0,-0,-0,-0,-0,-0,-0,-0,-0,-0,-0,-0,-0,-0]
	first Hamiltonian is constructed, non-zero numbers = 969134044
	PARPACK diagonalization completed after 150 matrix-vector product operations.
	iteration results: : total energy is -15.425223 | electron energy -15.425223 + phonon energy 0.000000 | electron momentum kIdx = 0
	Nq(0) = 9,	Nq(1) = 0.201482,	Nq(2) = 0.276615,	Nq(3) = 0.201482,	Nq(4) = 0.201482,	Nq(5) = 0.255504,	Nq(6) = 0.331249,	Nq(7) = 0.255504,	Nq(8) = 0.276615,	Nq(9) = 0.331249,	Nq(10) = 0.394673,	Nq(11) = 0.331249,	Nq(12) = 0.201482,	Nq(13) = 0.255504,	Nq(14) = 0.331249,	Nq(15) = 0.255504,	Sq(0) = -1.69079e-18,	Sq(1) = 0.544222,	Sq(2) = 0.422607,	Sq(3) = 0.544222,	Sq(4) = 0.544222,	Sq(5) = 0.784586,	Sq(6) = 0.988954,	Sq(7) = 0.784586,	Sq(8) = 0.422607,	Sq(9) = 0.988954,	Sq(10) = 0.782889,	Sq(11) = 0.988954,	Sq(12) = 0.544222,	Sq(13) = 0.784586,	Sq(14) = 0.988954,	Sq(15) = 0.784586,	N(0) = 1.8036,	N(1) = 1.6739,	N(2) = 0.731522,	N(3) = 1.6739,	N(4) = 1.6739,	N(5) = 0.363501,	N(6) = 0.125952,	N(7) = 0.363501,	N(8) = 0.731522,	N(9) = 0.125952,	N(10) = 0.0799487,	N(11) = 0.125952,	N(12) = 1.6739,	N(13) = 0.363501,	N(14) = 0.125952,	N(15) = 0.363501,	Delta[s](0) = 0.0700801,	Delta[s](1) = 0.0505145,	Delta[s](2) = 0.0368294,	Delta[s](3) = 0.0505145,	Delta[s](4) = 0.0505145,	Delta[s](5) = 0.0334941,	Delta[s](6) = 0.0159847,	Delta[s](7) = 0.0334941,	Delta[s](8) = 0.0368294,	Delta[s](9) = 0.0159847,	Delta[s](10) = 0.00671135,	Delta[s](11) = 0.0159847,	Delta[s](12) = 0.0505145,	Delta[s](13) = 0.0334941,	Delta[s](14) = 0.0159847,	Delta[s](15) = 0.0334941,	Delta[d](0) = 0.226932,	Delta[d](1) = 0.179965,	Delta[d](2) = 0.222739,	Delta[d](3) = 0.179965,	Delta[d](4) = 0.179965,	Delta[d](5) = 0.125976,	Delta[d](6) = 0.151181,	Delta[d](7) = 0.125976,	Delta[d](8) = 0.222739,	Delta[d](9) = 0.151181,	Delta[d](10) = 0.0771482,	Delta[d](11) = 0.151181,	Delta[d](12) = 0.179965,	Delta[d](13) = 0.125976,	Delta[d](14) = 0.151181,	Delta[d](15) = 0.125976,	Delta[s+](0) = 0.525732,	Delta[s+](1) = 0.359479,	Delta[s+](2) = 0.222739,	Delta[s+](3) = 0.359479,	Delta[s+](4) = 0.359479,	Delta[s+](5) = 0.178235,	Delta[s+](6) = 0.0656259,	Delta[s+](7) = 0.178235,	Delta[s+](8) = 0.222739,	Delta[s+](9) = 0.0656259,	Delta[s+](10) = 0.0186901,	Delta[s+](11) = 0.0656259,	Delta[s+](12) = 0.359479,	Delta[s+](13) = 0.178235,	Delta[s+](14) = 0.0656259,	Delta[s+](15) = 0.178235
The 0-th iteration is completed.	|| time cost : 0h 2m 58.449s
********************************************************************************************************************
Start the 1 rounds of NGS-ED iteration
	effective electronic model is modified as: kinetic energy t = 0.94675
	                                           effective interaction Vq = [-1.72935,-1.61766,-1.56772,-1.61766,-1.61766,-1.55447,-1.52831,-1.55447,-1.56772,-1.52831,-1.50574,-1.52831,-1.61766,-1.55447,-1.52831,-1.55447]
	PARPACK diagonalization completed after 45 matrix-vector product operations.
	iteration results: : total energy is -36.896774 | electron energy -36.899100 + phonon energy 0.002327 | electron momentum kIdx = 0
The 1-th iteration is completed.	|| time cost : 0h 2m 34.901s
********************************************************************************************************************
Start the 2 rounds of NGS-ED iteration
	effective electronic model is modified as: kinetic energy t = 0.916667
	                                           effective interaction Vq = [ -1.9634,-1.85836,-1.79308,-1.85836,-1.85836,-1.77558,-1.75426,-1.77558,-1.79308,-1.75426, -1.7381,-1.75426,-1.85836,-1.77558,-1.75426,-1.77558]
	PARPACK diagonalization completed after 45 matrix-vector product operations.
	iteration results: : total energy is -39.495097 | electron energy -39.510538 + phonon energy 0.015441 | electron momentum kIdx = 0
The 2-th iteration is completed.	|| time cost : 0h 0m 10.497s
********************************************************************************************************************
Start the 3 rounds of NGS-ED iteration
	effective electronic model is modified as: kinetic energy t = 0.907223
	                                           effective interaction Vq = [-1.99507,-1.90973,-1.84215,-1.90973,-1.90973,-1.82336,-1.80478,-1.82336,-1.84215,-1.80478,-1.79181,-1.80478,-1.90973,-1.82336,-1.80478,-1.82336]
	PARPACK diagonalization completed after 30 matrix-vector product operations.
	iteration results: : total energy is -39.822699 | electron energy -39.847714 + phonon energy 0.025014 | electron momentum kIdx = 0
The 3-th iteration is completed.	|| time cost : 0h 0m 9.099s
********************************************************************************************************************
Start the 4 rounds of NGS-ED iteration
	effective electronic model is modified as: kinetic energy t = 0.904458
	                                           effective interaction Vq = [-1.99936,-1.92333,-1.85493,-1.92333,-1.92333,-1.83563,-1.81802,-1.83563,-1.85493,-1.81802,-1.80624,-1.81802,-1.92333,-1.83563,-1.81802,-1.83563]
	PARPACK diagonalization completed after 30 matrix-vector product operations.
	iteration results: : total energy is -39.864944 | electron energy -39.893698 + phonon energy 0.028754 | electron momentum kIdx = 0
The 4-th iteration is completed.	|| time cost : 0h 0m 9.083s
********************************************************************************************************************
Start the 5 rounds of NGS-ED iteration
	effective electronic model is modified as: kinetic energy t = 0.903658
	                                           effective interaction Vq = [-1.99994, -1.9273,-1.85848, -1.9273, -1.9273,-1.83897,-1.82169,-1.83897,-1.85848,-1.82169,-1.81033,-1.82169, -1.9273,-1.83897,-1.82169,-1.83897]
	PARPACK diagonalization completed after 30 matrix-vector product operations.
	iteration results: : total energy is -39.870481 | electron energy -39.900432 + phonon energy 0.029951 | electron momentum kIdx = 0
The 5-th iteration is completed.	|| time cost : 0h 0m 9.106s
********************************************************************************************************************
Start the 6 rounds of NGS-ED iteration
	effective electronic model is modified as: kinetic energy t = 0.903427
	                                           effective interaction Vq = [-2.00002,-1.92851,-1.85949,-1.92851,-1.92851, -1.8399,-1.82273, -1.8399,-1.85949,-1.82273,-1.81151,-1.82273,-1.92851, -1.8399,-1.82273, -1.8399]
	PARPACK diagonalization completed after 30 matrix-vector product operations.
	iteration results: : total energy is -39.871215 | electron energy -39.901524 + phonon energy 0.030309 | electron momentum kIdx = 0
The 6-th iteration is completed.	|| time cost : 0h 0m 9.106s
********************************************************************************************************************
Start the 7 rounds of NGS-ED iteration
	effective electronic model is modified as: kinetic energy t = 0.903359
	                                           effective interaction Vq = [-2.00003,-1.92888,-1.85977,-1.92888,-1.92888,-1.84016,-1.82302,-1.84016,-1.85977,-1.82302,-1.81185,-1.82302,-1.92888,-1.84016,-1.82302,-1.84016]
	PARPACK diagonalization completed after 30 matrix-vector product operations.
	iteration results: : total energy is -39.871313 | electron energy -39.901727 + phonon energy 0.030413 | electron momentum kIdx = 0
	Nq(0) = 9,	Nq(1) = 0.265092,	Nq(2) = 0.338429,	Nq(3) = 0.265092,	Nq(4) = 0.265092,	Nq(5) = 0.309613,	Nq(6) = 0.427707,	Nq(7) = 0.309613,	Nq(8) = 0.338429,	Nq(9) = 0.427707,	Nq(10) = 0.540313,	Nq(11) = 0.427707,	Nq(12) = 0.265092,	Nq(13) = 0.309613,	Nq(14) = 0.427707,	Nq(15) = 0.309613,	Sq(0) = -5.10291e-19,	Sq(1) = 0.485934,	Sq(2) = 0.412668,	Sq(3) = 0.485934,	Sq(4) = 0.485934,	Sq(5) = 0.712956,	Sq(6) = 0.851114,	Sq(7) = 0.712956,	Sq(8) = 0.412668,	Sq(9) = 0.851114,	Sq(10) = 0.747833,	Sq(11) = 0.851114,	Sq(12) = 0.485934,	Sq(13) = 0.712956,	Sq(14) = 0.851114,	Sq(15) = 0.712956,	N(0) = 1.92883,	N(1) = 1.87222,	N(2) = 0.684861,	N(3) = 1.87222,	N(4) = 1.87222,	N(5) = 0.243462,	N(6) = 0.0521591,	N(7) = 0.243462,	N(8) = 0.684861,	N(9) = 0.0521591,	N(10) = 0.0300664,	N(11) = 0.0521591,	N(12) = 1.87222,	N(13) = 0.243462,	N(14) = 0.0521591,	N(15) = 0.243462,	Delta[s](0) = 0.125295,	Delta[s](1) = 0.0920748,	Delta[s](2) = 0.0765471,	Delta[s](3) = 0.0920748,	Delta[s](4) = 0.0920748,	Delta[s](5) = 0.0696886,	Delta[s](6) = 0.0412153,	Delta[s](7) = 0.0696886,	Delta[s](8) = 0.0765471,	Delta[s](9) = 0.0412153,	Delta[s](10) = 0.0231059,	Delta[s](11) = 0.0412153,	Delta[s](12) = 0.0920748,	Delta[s](13) = 0.0696886,	Delta[s](14) = 0.0412153,	Delta[s](15) = 0.0696886,	Delta[d](0) = 0.232465,	Delta[d](1) = 0.179202,	Delta[d](2) = 0.227737,	Delta[d](3) = 0.179202,	Delta[d](4) = 0.179202,	Delta[d](5) = 0.130222,	Delta[d](6) = 0.147952,	Delta[d](7) = 0.130222,	Delta[d](8) = 0.227737,	Delta[d](9) = 0.147952,	Delta[d](10) = 0.0542483,	Delta[d](11) = 0.147952,	Delta[d](12) = 0.179202,	Delta[d](13) = 0.130222,	Delta[d](14) = 0.147952,	Delta[d](15) = 0.130222,	Delta[s+](0) = 0.540476,	Delta[s+](1) = 0.369792,	Delta[s+](2) = 0.227737,	Delta[s+](3) = 0.369792,	Delta[s+](4) = 0.369792,	Delta[s+](5) = 0.176228,	Delta[s+](6) = 0.0596511,	Delta[s+](7) = 0.176228,	Delta[s+](8) = 0.227737,	Delta[s+](9) = 0.0596511,	Delta[s+](10) = 0.0155553,	Delta[s+](11) = 0.0596511,	Delta[s+](12) = 0.369792,	Delta[s+](13) = 0.176228,	Delta[s+](14) = 0.0596511,	Delta[s+](15) = 0.176228
The 7-th iteration is completed.	|| time cost : 0h 1m 25.04s
********************************************************************************************************************
********************************************************************************************************************
Ground state is obtained after 8 iterations. The current ground-state energy is -39.8713, in which electron energy is -39.9017 and phonon energy is 0.0304134
final variational state is: 
	Gamma_x = [      1,1.01634,1.02669,1.01634,1.01634,1.02542,1.03638,1.02542,1.02669,1.03638,  1.047,1.03638,1.01634,1.02542,1.03638,1.02542]
	lambda_q = [0.447067,0.362932,0.328823,0.362932,0.362932,0.320806,0.314203,0.320806,0.328823,0.314203,0.310074,0.314203,0.362932,0.320806,0.314203,0.320806]
********************************************************************************************************************
o___o  ----------------------------------------
| L |	Time since last clock: 0h 0m 0s
A===A	Time since the beginning: 0h 7m 45.284s
***********************************************


********************************************************************************************************************
Warm up runs have been completed. Start calculating W = 5 phonon.
open output files: NGSEDIterationObs.txt
********************************************************************************************************************
Start the 0 rounds of NGS-ED iteration
	effective electronic model is modified as: kinetic energy t = 0.90334
	                                           effective interaction Vq = [-1.82817, -1.6368,-1.53905, -1.6368, -1.6368,-1.51439,-1.49359,-1.51439,-1.53905,-1.49359,-1.48037,-1.49359, -1.6368,-1.51439,-1.49359,-1.51439]
	PARPACK diagonalization completed after 45 matrix-vector product operations.
	iteration results: : total energy is -36.717524 | electron energy -36.732746 + phonon energy 0.015222 | electron momentum kIdx = 0
	Nq(0) = 9,	Nq(1) = 0.249085,	Nq(2) = 0.32114,	Nq(3) = 0.249085,	Nq(4) = 0.249085,	Nq(5) = 0.294905,	Nq(6) = 0.399939,	Nq(7) = 0.294905,	Nq(8) = 0.32114,	Nq(9) = 0.399939,	Nq(10) = 0.497079,	Nq(11) = 0.399939,	Nq(12) = 0.249085,	Nq(13) = 0.294905,	Nq(14) = 0.399939,	Nq(15) = 0.294905,	Sq(0) = 5.56745e-18,	Sq(1) = 0.501625,	Sq(2) = 0.415789,	Sq(3) = 0.501625,	Sq(4) = 0.501625,	Sq(5) = 0.7326,	Sq(6) = 0.888529,	Sq(7) = 0.7326,	Sq(8) = 0.415789,	Sq(9) = 0.888529,	Sq(10) = 0.76233,	Sq(11) = 0.888529,	Sq(12) = 0.501625,	Sq(13) = 0.7326,	Sq(14) = 0.888529,	Sq(15) = 0.7326,	N(0) = 1.9036,	N(1) = 1.82903,	N(2) = 0.693515,	N(3) = 1.82903,	N(4) = 1.82903,	N(5) = 0.269263,	N(6) = 0.0688113,	N(7) = 0.269263,	N(8) = 0.693515,	N(9) = 0.0688113,	N(10) = 0.0409583,	N(11) = 0.0688113,	N(12) = 1.82903,	N(13) = 0.269263,	N(14) = 0.0688113,	N(15) = 0.269263,	Delta[s](0) = 0.106131,	Delta[s](1) = 0.0793067,	Delta[s](2) = 0.064994,	Delta[s](3) = 0.0793067,	Delta[s](4) = 0.0793067,	Delta[s](5) = 0.0597007,	Delta[s](6) = 0.0359791,	Delta[s](7) = 0.0597007,	Delta[s](8) = 0.064994,	Delta[s](9) = 0.0359791,	Delta[s](10) = 0.0214739,	Delta[s](11) = 0.0359791,	Delta[s](12) = 0.0793067,	Delta[s](13) = 0.0597007,	Delta[s](14) = 0.0359791,	Delta[s](15) = 0.0597007,	Delta[d](0) = 0.235458,	Delta[d](1) = 0.184863,	Delta[d](2) = 0.233102,	Delta[d](3) = 0.184863,	Delta[d](4) = 0.184863,	Delta[d](5) = 0.134,	Delta[d](6) = 0.154439,	Delta[d](7) = 0.134,	Delta[d](8) = 0.233102,	Delta[d](9) = 0.154439,	Delta[d](10) = 0.0658654,	Delta[d](11) = 0.154439,	Delta[d](12) = 0.184863,	Delta[d](13) = 0.134,	Delta[d](14) = 0.154439,	Delta[d](15) = 0.134,	Delta[s+](0) = 0.549958,	Delta[s+](1) = 0.376557,	Delta[s+](2) = 0.233102,	Delta[s+](3) = 0.376557,	Delta[s+](4) = 0.376557,	Delta[s+](5) = 0.183129,	Delta[s+](6) = 0.0655075,	Delta[s+](7) = 0.183129,	Delta[s+](8) = 0.233102,	Delta[s+](9) = 0.0655075,	Delta[s+](10) = 0.0188744,	Delta[s+](11) = 0.0655075,	Delta[s+](12) = 0.376557,	Delta[s+](13) = 0.183129,	Delta[s+](14) = 0.0655075,	Delta[s+](15) = 0.183129
The 0-th iteration is completed.	|| time cost : 0h 1m 28.522s
********************************************************************************************************************
Start the 1 rounds of NGS-ED iteration
	effective electronic model is modified as: kinetic energy t = 0.893613
	                                           effective interaction Vq = [-1.93681,-1.72521,-1.60473,-1.72521,-1.72521,-1.57369,-1.54327,-1.57369,-1.60473,-1.54327,-1.52263,-1.54327,-1.72521,-1.57369,-1.54327,-1.57369]
	PARPACK diagonalization completed after 30 matrix-vector product operations.
	iteration results: : total energy is -37.760527 | electron energy -37.802571 + phonon energy 0.042044 | electron momentum kIdx = 0
The 1-th iteration is completed.	|| time cost : 0h 0m 9.083s
********************************************************************************************************************
Start the 2 rounds of NGS-ED iteration
	effective electronic model is modified as: kinetic energy t = 0.888383
	                                           effective interaction Vq = [-1.97677,-1.76689,-1.63599,-1.76689,-1.76689,-1.60176,-1.56851,-1.60176,-1.63599,-1.56851,-1.54594,-1.56851,-1.76689,-1.60176,-1.56851,-1.60176]
	PARPACK diagonalization completed after 30 matrix-vector product operations.
	iteration results: : total energy is -38.137388 | electron energy -38.197294 + phonon energy 0.059906 | electron momentum kIdx = 0
The 2-th iteration is completed.	|| time cost : 0h 0m 9.1s
********************************************************************************************************************
Start the 3 rounds of NGS-ED iteration
	effective electronic model is modified as: kinetic energy t = 0.885645
	                                           effective interaction Vq = [-1.99147,-1.78745,-1.65126,-1.78745,-1.78745,-1.61534,-1.58129,-1.61534,-1.65126,-1.58129,-1.55832,-1.58129,-1.78745,-1.61534,-1.58129,-1.61534]
	PARPACK diagonalization completed after 30 matrix-vector product operations.
	iteration results: : total energy is -38.274245 | electron energy -38.344201 + phonon energy 0.069956 | electron momentum kIdx = 0
The 3-th iteration is completed.	|| time cost : 0h 0m 9.098s
********************************************************************************************************************
Start the 4 rounds of NGS-ED iteration
	effective electronic model is modified as: kinetic energy t = 0.88423
	                                           effective interaction Vq = [-1.99688,-1.79788,-1.65883,-1.79788,-1.79788,  -1.622,-1.58777,  -1.622,-1.65883,-1.58777,-1.56479,-1.58777,-1.79788,  -1.622,-1.58777,  -1.622]
	PARPACK diagonalization completed after 30 matrix-vector product operations.
	iteration results: : total energy is -38.324123 | electron energy -38.399426 + phonon energy 0.075303 | electron momentum kIdx = 0
The 4-th iteration is completed.	|| time cost : 0h 0m 8.991s
********************************************************************************************************************
Start the 5 rounds of NGS-ED iteration
	effective electronic model is modified as: kinetic energy t = 0.883504
	                                           effective interaction Vq = [-1.99887,-1.80325,-1.66261,-1.80325,-1.80325,-1.62528,-1.59104,-1.62528,-1.66261,-1.59104,-1.56814,-1.59104,-1.80325,-1.62528,-1.59104,-1.62528]
	PARPACK diagonalization completed after 30 matrix-vector product operations.
	iteration results: : total energy is -38.342349 | electron energy -38.420430 + phonon energy 0.078082 | electron momentum kIdx = 0
The 5-th iteration is completed.	|| time cost : 0h 0m 9.083s
********************************************************************************************************************
Start the 6 rounds of NGS-ED iteration
	effective electronic model is modified as: kinetic energy t = 0.883132
	                                           effective interaction Vq = [ -1.9996,-1.80605, -1.6645,-1.80605,-1.80605, -1.6269, -1.5927, -1.6269, -1.6645, -1.5927,-1.56987, -1.5927,-1.80605, -1.6269, -1.5927, -1.6269]
	PARPACK diagonalization completed after 30 matrix-vector product operations.
	iteration results: : total energy is -38.349021 | electron energy -38.428531 + phonon energy 0.079510 | electron momentum kIdx = 0
The 6-th iteration is completed.	|| time cost : 0h 0m 9.031s
********************************************************************************************************************
Start the 7 rounds of NGS-ED iteration
	effective electronic model is modified as: kinetic energy t = 0.882942
	                                           effective interaction Vq = [-1.99987,-1.80751,-1.66545,-1.80751,-1.80751,-1.62771,-1.59354,-1.62771,-1.66545,-1.59354,-1.57076,-1.59354,-1.80751,-1.62771,-1.59354,-1.62771]
	PARPACK diagonalization completed after 30 matrix-vector product operations.
	iteration results: : total energy is -38.351467 | electron energy -38.431708 + phonon energy 0.080241 | electron momentum kIdx = 0
The 7-th iteration is completed.	|| time cost : 0h 0m 9.09s
********************************************************************************************************************
Start the 8 rounds of NGS-ED iteration
	effective electronic model is modified as: kinetic energy t = 0.882845
	                                           effective interaction Vq = [-1.99997,-1.80828,-1.66593,-1.80828,-1.80828,-1.62811,-1.59396,-1.62811,-1.66593,-1.59396,-1.57122,-1.59396,-1.80828,-1.62811,-1.59396,-1.62811]
	PARPACK diagonalization completed after 30 matrix-vector product operations.
	iteration results: : total energy is -38.352364 | electron energy -38.432978 + phonon energy 0.080614 | electron momentum kIdx = 0
The 8-th iteration is completed.	|| time cost : 0h 0m 9.086s
********************************************************************************************************************
Start the 9 rounds of NGS-ED iteration
	effective electronic model is modified as: kinetic energy t = 0.882795
	                                           effective interaction Vq = [-2.00001,-1.80868,-1.66617,-1.80868,-1.80868,-1.62831,-1.59417,-1.62831,-1.66617,-1.59417,-1.57146,-1.59417,-1.80868,-1.62831,-1.59417,-1.62831]
	PARPACK diagonalization completed after 30 matrix-vector product operations.
	iteration results: : total energy is -38.352694 | electron energy -38.433498 + phonon energy 0.080804 | electron momentum kIdx = 0
The 9-th iteration is completed.	|| time cost : 0h 0m 9.098s
********************************************************************************************************************
Start the 10 rounds of NGS-ED iteration
	effective electronic model is modified as: kinetic energy t = 0.88277
	                                           effective interaction Vq = [-2.00002,-1.80889,-1.66629,-1.80889,-1.80889, -1.6284,-1.59428, -1.6284,-1.66629,-1.59428,-1.57158,-1.59428,-1.80889, -1.6284,-1.59428, -1.6284]
	PARPACK diagonalization completed after 30 matrix-vector product operations.
	iteration results: : total energy is -38.352815 | electron energy -38.433716 + phonon energy 0.080901 | electron momentum kIdx = 0
	Nq(0) = 9,	Nq(1) = 0.256139,	Nq(2) = 0.32546,	Nq(3) = 0.256139,	Nq(4) = 0.256139,	Nq(5) = 0.297958,	Nq(6) = 0.404367,	Nq(7) = 0.297958,	Nq(8) = 0.32546,	Nq(9) = 0.404367,	Nq(10) = 0.502752,	Nq(11) = 0.404367,	Nq(12) = 0.256139,	Nq(13) = 0.297958,	Nq(14) = 0.404367,	Nq(15) = 0.297958,	Sq(0) = 6.64219e-18,	Sq(1) = 0.497406,	Sq(2) = 0.41534,	Sq(3) = 0.497406,	Sq(4) = 0.497406,	Sq(5) = 0.72775,	Sq(6) = 0.880092,	Sq(7) = 0.72775,	Sq(8) = 0.41534,	Sq(9) = 0.880092,	Sq(10) = 0.760803,	Sq(11) = 0.880092,	Sq(12) = 0.497406,	Sq(13) = 0.72775,	Sq(14) = 0.880092,	Sq(15) = 0.72775,	N(0) = 1.90957,	N(1) = 1.84036,	N(2) = 0.689666,	N(3) = 1.84036,	N(4) = 1.84036,	N(5) = 0.262555,	N(6) = 0.0651224,	N(7) = 0.262555,	N(8) = 0.689666,	N(9) = 0.0651224,	N(10) = 0.0389431,	N(11) = 0.0651224,	N(12) = 1.84036,	N(13) = 0.262555,	N(14) = 0.0651224,	N(15) = 0.262555,	Delta[s](0) = 0.107666,	Delta[s](1) = 0.0811495,	Delta[s](2) = 0.0672726,	Delta[s](3) = 0.0811495,	Delta[s](4) = 0.0811495,	Delta[s](5) = 0.0620234,	Delta[s](6) = 0.0386833,	Delta[s](7) = 0.0620234,	Delta[s](8) = 0.0672726,	Delta[s](9) = 0.0386833,	Delta[s](10) = 0.0241268,	Delta[s](11) = 0.0386833,	Delta[s](12) = 0.0811495,	Delta[s](13) = 0.0620234,	Delta[s](14) = 0.0386833,	Delta[s](15) = 0.0620234,	Delta[d](0) = 0.244154,	Delta[d](1) = 0.192339,	Delta[d](2) = 0.241542,	Delta[d](3) = 0.192339,	Delta[d](4) = 0.192339,	Delta[d](5) = 0.140124,	Delta[d](6) = 0.160404,	Delta[d](7) = 0.140124,	Delta[d](8) = 0.241542,	Delta[d](9) = 0.160404,	Delta[d](10) = 0.0694726,	Delta[d](11) = 0.160404,	Delta[d](12) = 0.192339,	Delta[d](13) = 0.140124,	Delta[d](14) = 0.160404,	Delta[d](15) = 0.140124,	Delta[s+](0) = 0.568447,	Delta[s+](1) = 0.389555,	Delta[s+](2) = 0.241542,	Delta[s+](3) = 0.389555,	Delta[s+](4) = 0.389555,	Delta[s+](5) = 0.190094,	Delta[s+](6) = 0.0688788,	Delta[s+](7) = 0.190094,	Delta[s+](8) = 0.241542,	Delta[s+](9) = 0.0688788,	Delta[s+](10) = 0.0204455,	Delta[s+](11) = 0.0688788,	Delta[s+](12) = 0.389555,	Delta[s+](13) = 0.190094,	Delta[s+](14) = 0.0688788,	Delta[s+](15) = 0.190094
The 10-th iteration is completed.	|| time cost : 0h 1m 25.644s
********************************************************************************************************************
Start the 11 rounds of NGS-ED iteration
	effective electronic model is modified as: kinetic energy t = 0.882757
	                                           effective interaction Vq = [-2.00003,  -1.809,-1.66635,  -1.809,  -1.809,-1.62845,-1.59433,-1.62845,-1.66635,-1.59433,-1.57164,-1.59433,  -1.809,-1.62845,-1.59433,-1.62845]
	PARPACK diagonalization completed after 30 matrix-vector product operations.
	iteration results: : total energy is -38.352860 | electron energy -38.433810 + phonon energy 0.080950 | electron momentum kIdx = 0
The 11-th iteration is completed.	|| time cost : 0h 0m 9.094s
********************************************************************************************************************
Start the 12 rounds of NGS-ED iteration
	effective electronic model is modified as: kinetic energy t = 0.88275
	                                           effective interaction Vq = [-2.00003,-1.80906,-1.66638,-1.80906,-1.80906,-1.62848,-1.59436,-1.62848,-1.66638,-1.59436,-1.57167,-1.59436,-1.80906,-1.62848,-1.59436,-1.62848]
	PARPACK diagonalization completed after 30 matrix-vector product operations.
	iteration results: : total energy is -38.352876 | electron energy -38.433851 + phonon energy 0.080975 | electron momentum kIdx = 0
The 12-th iteration is completed.	|| time cost : 0h 0m 8.966s
********************************************************************************************************************
Start the 13 rounds of NGS-ED iteration
	effective electronic model is modified as: kinetic energy t = 0.882746
	                                           effective interaction Vq = [-2.00003,-1.80909, -1.6664,-1.80909,-1.80909,-1.62849,-1.59438,-1.62849, -1.6664,-1.59438,-1.57169,-1.59438,-1.80909,-1.62849,-1.59438,-1.62849]
	PARPACK diagonalization completed after 30 matrix-vector product operations.
	iteration results: : total energy is -38.352882 | electron energy -38.433870 + phonon energy 0.080988 | electron momentum kIdx = 0
The 13-th iteration is completed.	|| time cost : 0h 0m 9.096s
********************************************************************************************************************
Start the 14 rounds of NGS-ED iteration
	effective electronic model is modified as: kinetic energy t = 0.882745
	                                           effective interaction Vq = [-2.00003,-1.80911, -1.6664,-1.80911,-1.80911, -1.6285,-1.59438, -1.6285, -1.6664,-1.59438, -1.5717,-1.59438,-1.80911, -1.6285,-1.59438, -1.6285]
	PARPACK diagonalization completed after 30 matrix-vector product operations.
	iteration results: : total energy is -38.352884 | electron energy -38.433879 + phonon energy 0.080995 | electron momentum kIdx = 0
The 14-th iteration is completed.	|| time cost : 0h 0m 9.008s
********************************************************************************************************************
Start the 15 rounds of NGS-ED iteration
	effective electronic model is modified as: kinetic energy t = 0.882744
	                                           effective interaction Vq = [-2.00003,-1.80912,-1.66641,-1.80912,-1.80912, -1.6285,-1.59439, -1.6285,-1.66641,-1.59439, -1.5717,-1.59439,-1.80912, -1.6285,-1.59439, -1.6285]
	PARPACK diagonalization completed after 30 matrix-vector product operations.
	iteration results: : total energy is -38.352885 | electron energy -38.433883 + phonon energy 0.080998 | electron momentum kIdx = 0
The 15-th iteration is completed.	|| time cost : 0h 0m 9.124s
********************************************************************************************************************
Start the 16 rounds of NGS-ED iteration
	effective electronic model is modified as: kinetic energy t = 0.882743
	                                           effective interaction Vq = [-2.00003,-1.80912,-1.66641,-1.80912,-1.80912, -1.6285,-1.59439, -1.6285,-1.66641,-1.59439, -1.5717,-1.59439,-1.80912, -1.6285,-1.59439, -1.6285]
	PARPACK diagonalization completed after 30 matrix-vector product operations.
	iteration results: : total energy is -38.352885 | electron energy -38.433885 + phonon energy 0.081000 | electron momentum kIdx = 0
The 16-th iteration is completed.	|| time cost : 0h 0m 9.097s
********************************************************************************************************************
Start the 17 rounds of NGS-ED iteration
	effective electronic model is modified as: kinetic energy t = 0.882743
	                                           effective interaction Vq = [-2.00003,-1.80912,-1.66641,-1.80912,-1.80912, -1.6285,-1.59439, -1.6285,-1.66641,-1.59439,-1.57171,-1.59439,-1.80912, -1.6285,-1.59439, -1.6285]
	PARPACK diagonalization completed after 30 matrix-vector product operations.
	iteration results: : total energy is -38.352885 | electron energy -38.433886 + phonon energy 0.081001 | electron momentum kIdx = 0
The 17-th iteration is completed.	|| time cost : 0h 0m 8.985s
********************************************************************************************************************
Start the 18 rounds of NGS-ED iteration
	effective electronic model is modified as: kinetic energy t = 0.882743
	                                           effective interaction Vq = [-2.00003,-1.80913,-1.66641,-1.80913,-1.80913, -1.6285,-1.59439, -1.6285,-1.66641,-1.59439,-1.57171,-1.59439,-1.80913, -1.6285,-1.59439, -1.6285]
	PARPACK diagonalization completed after 30 matrix-vector product operations.
	iteration results: : total energy is -38.352885 | electron energy -38.433886 + phonon energy 0.081001 | electron momentum kIdx = 0
The 18-th iteration is completed.	|| time cost : 0h 0m 9s
********************************************************************************************************************
Start the 19 rounds of NGS-ED iteration
	effective electronic model is modified as: kinetic energy t = 0.882743
	                                           effective interaction Vq = [-2.00003,-1.80913,-1.66641,-1.80913,-1.80913, -1.6285,-1.59439, -1.6285,-1.66641,-1.59439,-1.57171,-1.59439,-1.80913, -1.6285,-1.59439, -1.6285]
	PARPACK diagonalization completed after 30 matrix-vector product operations.
	iteration results: : total energy is -38.352885 | electron energy -38.433887 + phonon energy 0.081001 | electron momentum kIdx = 0
The 19-th iteration is completed.	|| time cost : 0h 0m 9.034s
********************************************************************************************************************
Start the 20 rounds of NGS-ED iteration
	effective electronic model is modified as: kinetic energy t = 0.882743
	                                           effective interaction Vq = [-2.00003,-1.80913,-1.66641,-1.80913,-1.80913, -1.6285,-1.59439, -1.6285,-1.66641,-1.59439,-1.57171,-1.59439,-1.80913, -1.6285,-1.59439, -1.6285]
	PARPACK diagonalization completed after 30 matrix-vector product operations.
	iteration results: : total energy is -38.352885 | electron energy -38.433887 + phonon energy 0.081001 | electron momentum kIdx = 0
	Nq(0) = 9,	Nq(1) = 0.25615,	Nq(2) = 0.325463,	Nq(3) = 0.25615,	Nq(4) = 0.25615,	Nq(5) = 0.297959,	Nq(6) = 0.404371,	Nq(7) = 0.297959,	Nq(8) = 0.325463,	Nq(9) = 0.404371,	Nq(10) = 0.502761,	Nq(11) = 0.404371,	Nq(12) = 0.25615,	Nq(13) = 0.297959,	Nq(14) = 0.404371,	Nq(15) = 0.297959,	Sq(0) = 1.20211e-17,	Sq(1) = 0.497401,	Sq(2) = 0.41534,	Sq(3) = 0.497401,	Sq(4) = 0.497401,	Sq(5) = 0.727745,	Sq(6) = 0.880082,	Sq(7) = 0.727745,	Sq(8) = 0.41534,	Sq(9) = 0.880082,	Sq(10) = 0.760803,	Sq(11) = 0.880082,	Sq(12) = 0.497401,	Sq(13) = 0.727745,	Sq(14) = 0.880082,	Sq(15) = 0.727745,	N(0) = 1.90958,	N(1) = 1.84037,	N(2) = 0.68966,	N(3) = 1.84037,	N(4) = 1.84037,	N(5) = 0.262548,	N(6) = 0.0651187,	N(7) = 0.262548,	N(8) = 0.68966,	N(9) = 0.0651187,	N(10) = 0.0389412,	N(11) = 0.0651187,	N(12) = 1.84037,	N(13) = 0.262548,	N(14) = 0.0651187,	N(15) = 0.262548,	Delta[s](0) = 0.107667,	Delta[s](1) = 0.0811514,	Delta[s](2) = 0.067275,	Delta[s](3) = 0.0811514,	Delta[s](4) = 0.0811514,	Delta[s](5) = 0.062026,	Delta[s](6) = 0.0386865,	Delta[s](7) = 0.062026,	Delta[s](8) = 0.067275,	Delta[s](9) = 0.0386865,	Delta[s](10) = 0.02413,	Delta[s](11) = 0.0386865,	Delta[s](12) = 0.0811514,	Delta[s](13) = 0.062026,	Delta[s](14) = 0.0386865,	Delta[s](15) = 0.062026,	Delta[d](0) = 0.244215,	Delta[d](1) = 0.192387,	Delta[d](2) = 0.241601,	Delta[d](3) = 0.192387,	Delta[d](4) = 0.192387,	Delta[d](5) = 0.14016,	Delta[d](6) = 0.160444,	Delta[d](7) = 0.14016,	Delta[d](8) = 0.241601,	Delta[d](9) = 0.160444,	Delta[d](10) = 0.0694918,	Delta[d](11) = 0.160444,	Delta[d](12) = 0.192387,	Delta[d](13) = 0.14016,	Delta[d](14) = 0.160444,	Delta[d](15) = 0.14016,	Delta[s+](0) = 0.568587,	Delta[s+](1) = 0.38965,	Delta[s+](2) = 0.241601,	Delta[s+](3) = 0.38965,	Delta[s+](4) = 0.38965,	Delta[s+](5) = 0.190142,	Delta[s+](6) = 0.0688973,	Delta[s+](7) = 0.190142,	Delta[s+](8) = 0.241601,	Delta[s+](9) = 0.0688973,	Delta[s+](10) = 0.0204518,	Delta[s+](11) = 0.0688973,	Delta[s+](12) = 0.38965,	Delta[s+](13) = 0.190142,	Delta[s+](14) = 0.0688973,	Delta[s+](15) = 0.190142
The 20-th iteration is completed.	|| time cost : 0h 1m 25.141s
********************************************************************************************************************
Start the 21 rounds of NGS-ED iteration
	effective electronic model is modified as: kinetic energy t = 0.882743
	                                           effective interaction Vq = [-2.00003,-1.80913,-1.66641,-1.80913,-1.80913, -1.6285,-1.59439, -1.6285,-1.66641,-1.59439,-1.57171,-1.59439,-1.80913, -1.6285,-1.59439, -1.6285]
	PARPACK diagonalization completed after 30 matrix-vector product operations.
	iteration results: : total energy is -38.352885 | electron energy -38.433887 + phonon energy 0.081001 | electron momentum kIdx = 0
The 21-th iteration is completed.	|| time cost : 0h 0m 9.105s
********************************************************************************************************************
Start the 22 rounds of NGS-ED iteration
	effective electronic model is modified as: kinetic energy t = 0.882743
	                                           effective interaction Vq = [-2.00003,-1.80913,-1.66641,-1.80913,-1.80913, -1.6285,-1.59439, -1.6285,-1.66641,-1.59439,-1.57171,-1.59439,-1.80913, -1.6285,-1.59439, -1.6285]
	PARPACK diagonalization completed after 30 matrix-vector product operations.
	iteration results: : total energy is -38.352885 | electron energy -38.433887 + phonon energy 0.081001 | electron momentum kIdx = 0
The 22-th iteration is completed.	|| time cost : 0h 0m 8.973s
********************************************************************************************************************
Start the 23 rounds of NGS-ED iteration
	effective electronic model is modified as: kinetic energy t = 0.882743
	                                           effective interaction Vq = [-2.00003,-1.80913,-1.66641,-1.80913,-1.80913, -1.6285,-1.59439, -1.6285,-1.66641,-1.59439,-1.57171,-1.59439,-1.80913, -1.6285,-1.59439, -1.6285]
	PARPACK diagonalization completed after 30 matrix-vector product operations.
	iteration results: : total energy is -38.352885 | electron energy -38.433887 + phonon energy 0.081001 | electron momentum kIdx = 0
The 23-th iteration is completed.	|| time cost : 0h 0m 9.118s
********************************************************************************************************************
Start the 24 rounds of NGS-ED iteration
	effective electronic model is modified as: kinetic energy t = 0.882743
	                                           effective interaction Vq = [-2.00003,-1.80913,-1.66641,-1.80913,-1.80913, -1.6285,-1.59439, -1.6285,-1.66641,-1.59439,-1.57171,-1.59439,-1.80913, -1.6285,-1.59439, -1.6285]
	PARPACK diagonalization completed after 30 matrix-vector product operations.
	iteration results: : total energy is -38.352885 | electron energy -38.433887 + phonon energy 0.081001 | electron momentum kIdx = 0
