SNEDics v3.21.4 Non-Gaussian ED ground state program		Start at Mon Jul 26 13:43:10 2021

parallized on 32 MPI threads  * 8 OpenMP threads = 256 total threads.
********************************************************************************************************************
********************************************************************************************************************

********************************************************************************************************************
System parameters and configurations
	special program options are enabled: splitted diagonal Hamiltonian | splitted Hamiltonian terms
********************************************************************************************************************
Read input file "model_params.in"
	Hubbard-Holstein model parameters : 	t = 1    U = 8    g = 0.06    W = 0.2    g' = 0.01    
********************************************************************************************************************
Read input file "hilbertspace_params.in"
	Requested 16-site 2D lattice, with 12 electrons (6, 6)
	Boundary : Periodic		Hilbert space representation : momentum-space (restricted to kIdx = 0)
	Conservation: particle number[U(1)]      spin[U(1)]     momentum
********************************************************************************************************************

Cluster Positions:				Cluster symmetry group : D4
 x ... x ... x ... x .....                       x ... x ... x ... x .....
 |           |           :                       |           |           :
 |           |           :                       |           |           :
12    13    14    15     x                       1     5     6     5     x
 |           |           :                       |           |           :
 |           |           :                       |           |           :
 8 --- 9 ---10 ---11 --- x                       2 --- 6 ---10 --- 6 --- x
 |           |           :                       |           |           :
 |           |           :                       |           |           :
 4     5     6     7     x                       1     5     6     5     x
 |           |           :                       |           |           :
 |           |           :                       |           |           :
 0 --- 1 --- 2 --- 3 --- x                       0 --- 1 --- 2 --- 1 --- x
orbital number : 1
********************************************************************************************************************
Read input file "obs_params.in"
	Observable Type : Nq(All),   Sq(All),   N(All),   Delta[s](All),   Delta[d](All),   Delta[s+](All)
** WARNING ** the input observables have non-local factors which have been reinterpreted. The total observable number is 96
********************************************************************************************************************


********************************************************************************************************************
Start calculating the non-Gaussian ED ground state
Maximal iteration number is 1000; energy resolution is 1e-06. Phonon state relaxation time is 2000
W = 0.2 is relatively large. The non-Gaussian ED calculation starts directly.
open output files: NGSED_iteration_obserbles.txt
********************************************************************************************************************
Start the 0 rounds of NGS-ED iteration
	effective electronic model is modified as: kinetic energy t = 1
	                                           effective interaction Vq = [0,0,0,0,0,0,0,0,0,0,0,0,0,0,0,0]
	first Hamiltonian is constructed, size = 4008592 and non-zero numbers = 969134044
	PARPACK diagonalization completed after 150 matrix-vector product operations.
	iteration results: : total energy is -14.925310 | electron energy -14.925310 + phonon energy 0.000000 | electron momentum kIdx = 0
	Nq(0) = 9,	Nq(1) = 0.191675,	Nq(2) = 0.266183,	Nq(3) = 0.191675,	Nq(4) = 0.191675,	Nq(5) = 0.245517,	
	Nq(6) = 0.314107,	Nq(7) = 0.245517,	Nq(8) = 0.266183,	Nq(9) = 0.314107,	Nq(10) = 0.369338,	
	Nq(11) = 0.314107,	Nq(12) = 0.191675,	Nq(13) = 0.245517,	Nq(14) = 0.314107,	Nq(15) = 0.245517;	
	Sq(0) = 3.02743e-18,	Sq(1) = 0.554662,	Sq(2) = 0.424361,	Sq(3) = 0.554662,	Sq(4) = 0.554662,	
	Sq(5) = 0.79749,	Sq(6) = 1.01287,	Sq(7) = 0.79749,	Sq(8) = 0.424361,	Sq(9) = 1.01287,	
	Sq(10) = 0.784303,	Sq(11) = 1.01287,	Sq(12) = 0.554662,	Sq(13) = 0.79749,	Sq(14) = 1.01287,	
	Sq(15) = 0.79749;	N(0) = 1.76735,	N(1) = 1.6264,	N(2) = 0.74365,	N(3) = 1.6264,	
	N(4) = 1.6264,	N(5) = 0.392302,	N(6) = 0.144321,	N(7) = 0.392302,	N(8) = 0.74365,	
	N(9) = 0.144321,	N(10) = 0.0932732,	N(11) = 0.144321,	N(12) = 1.6264,	N(13) = 0.392302,	
	N(14) = 0.144321,	N(15) = 0.392302;	Delta[s](0) = 0.0658244,	Delta[s](1) = 0.0454283,	Delta[s](2) = 0.0304083,	
	Delta[s](3) = 0.0454283,	Delta[s](4) = 0.0454283,	Delta[s](5) = 0.0270927,	Delta[s](6) = 0.00917762,	Delta[s](7) = 0.0270927,	
	Delta[s](8) = 0.0304083,	Delta[s](9) = 0.00917762,	Delta[s](10) = 1.46989e-05,	Delta[s](11) = 0.00917762,	Delta[s](12) = 0.0454283,	
	Delta[s](13) = 0.0270927,	Delta[s](14) = 0.00917762,	Delta[s](15) = 0.0270927;	Delta[d](0) = 0.229574,	Delta[d](1) = 0.18009,	
	Delta[d](2) = 0.222327,	Delta[d](3) = 0.18009,	Delta[d](4) = 0.18009,	Delta[d](5) = 0.122934,	Delta[d](6) = 0.150487,	
	Delta[d](7) = 0.122934,	Delta[d](8) = 0.222327,	Delta[d](9) = 0.150487,	Delta[d](10) = 0.0765315,	Delta[d](11) = 0.150487,	
	Delta[d](12) = 0.18009,	Delta[d](13) = 0.122934,	Delta[d](14) = 0.150487,	Delta[d](15) = 0.122934;	Delta[s+](0) = 0.530005,	
	Delta[s+](1) = 0.361415,	Delta[s+](2) = 0.222327,	Delta[s+](3) = 0.361415,	Delta[s+](4) = 0.361415,	Delta[s+](5) = 0.177157,	
	Delta[s+](6) = 0.0625466,	Delta[s+](7) = 0.177157,	Delta[s+](8) = 0.222327,	Delta[s+](9) = 0.0625466,	Delta[s+](10) = 0.0156063,	
	Delta[s+](11) = 0.0625466,	Delta[s+](12) = 0.361415,	Delta[s+](13) = 0.177157,	Delta[s+](14) = 0.0625466,	Delta[s+](15) = 0.177157
	
The 0-th iteration is completed.	|| time cost : 0h 2m 4.897s
********************************************************************************************************************
Start the 1 rounds of NGS-ED iteration
	effective electronic model is modified as: kinetic energy t = 0.999844
	                                           effective interaction Vq = [       -0.05, -0.00385922, -0.00154871, -0.00385922, -0.00385922, -0.00143537,-0.000548543, -0.00143537, -0.00154871,-0.000548543,-0.000121612,-0.000548543, -0.00385922, -0.00143537,-0.000548543, -0.00143537]
	PARPACK diagonalization completed after 45 matrix-vector product operations.
	iteration results: : total energy is -15.378348 | electron energy -15.378352 + phonon energy 0.000004 | electron momentum kIdx = 0
The 1-th iteration is completed.	|| time cost : 0h 1m 18.214s
********************************************************************************************************************
Start the 2 rounds of NGS-ED iteration
	effective electronic model is modified as: kinetic energy t = 0.999844
	                                           effective interaction Vq = [       -0.05, -0.00386037, -0.00154866, -0.00386037, -0.00386037, -0.00143536,-0.000548489, -0.00143536, -0.00154866,-0.000548489,-0.000121598,-0.000548489, -0.00386037, -0.00143536,-0.000548489, -0.00143536]
	PARPACK diagonalization completed after 30 matrix-vector product operations.
	iteration results: : total energy is -15.378348 | electron energy -15.378352 + phonon energy 0.000004 | electron momentum kIdx = 0
The 2-th iteration is completed.	|| time cost : 0h 0m 9.779s
********************************************************************************************************************
Start the 3 rounds of NGS-ED iteration
	effective electronic model is modified as: kinetic energy t = 0.999844
	                                           effective interaction Vq = [       -0.05, -0.00386037, -0.00154866, -0.00386037, -0.00386037, -0.00143536,-0.000548489, -0.00143536, -0.00154866,-0.000548489,-0.000121598,-0.000548489, -0.00386037, -0.00143536,-0.000548489, -0.00143536]
	PARPACK diagonalization completed after 30 matrix-vector product operations.
	iteration results: : total energy is -15.378348 | electron energy -15.378352 + phonon energy 0.000004 | electron momentum kIdx = 0
	Nq(0) = 9,	Nq(1) = 0.191749,	Nq(2) = 0.266191,	Nq(3) = 0.191749,	Nq(4) = 0.191749,	Nq(5) = 0.245529,	
	Nq(6) = 0.314093,	Nq(7) = 0.245529,	Nq(8) = 0.266191,	Nq(9) = 0.314093,	Nq(10) = 0.369316,	
	Nq(11) = 0.314093,	Nq(12) = 0.191749,	Nq(13) = 0.245529,	Nq(14) = 0.314093,	Nq(15) = 0.245529;	
	Sq(0) = 8.53538e-19,	Sq(1) = 0.554624,	Sq(2) = 0.424368,	Sq(3) = 0.554624,	Sq(4) = 0.554624,	
	Sq(5) = 0.797455,	Sq(6) = 1.01285,	Sq(7) = 0.797455,	Sq(8) = 0.424368,	Sq(9) = 1.01285,	
	Sq(10) = 0.784376,	Sq(11) = 1.01285,	Sq(12) = 0.554624,	Sq(13) = 0.797455,	Sq(14) = 1.01285,	
	Sq(15) = 0.797455;	N(0) = 1.76741,	N(1) = 1.6265,	N(2) = 0.74361,	N(3) = 1.6265,	
	N(4) = 1.6265,	N(5) = 0.392221,	N(6) = 0.144303,	N(7) = 0.392221,	N(8) = 0.74361,	
	N(9) = 0.144303,	N(10) = 0.0932864,	N(11) = 0.144303,	N(12) = 1.6265,	N(13) = 0.392221,	
	N(14) = 0.144303,	N(15) = 0.392221;	Delta[s](0) = 0.0658446,	Delta[s](1) = 0.0454418,	Delta[s](2) = 0.0304195,	
	Delta[s](3) = 0.0454418,	Delta[s](4) = 0.0454418,	Delta[s](5) = 0.0271019,	Delta[s](6) = 0.00917956,	Delta[s](7) = 0.0271019,	
	Delta[s](8) = 0.0304195,	Delta[s](9) = 0.00917956,	Delta[s](10) = 1.47069e-05,	Delta[s](11) = 0.00917956,	Delta[s](12) = 0.0454418,	
	Delta[s](13) = 0.0271019,	Delta[s](14) = 0.00917956,	Delta[s](15) = 0.0271019;	Delta[d](0) = 0.229596,	Delta[d](1) = 0.180104,	
	Delta[d](2) = 0.222339,	Delta[d](3) = 0.180104,	Delta[d](4) = 0.180104,	Delta[d](5) = 0.122934,	Delta[d](6) = 0.150491,	
	Delta[d](7) = 0.122934,	Delta[d](8) = 0.222339,	Delta[d](9) = 0.150491,	Delta[d](10) = 0.0765015,	Delta[d](11) = 0.150491,	
	Delta[d](12) = 0.180104,	Delta[d](13) = 0.122934,	Delta[d](14) = 0.150491,	Delta[d](15) = 0.122934;	Delta[s+](0) = 0.530047,	
	Delta[s+](1) = 0.361441,	Delta[s+](2) = 0.222339,	Delta[s+](3) = 0.361441,	Delta[s+](4) = 0.361441,	Delta[s+](5) = 0.177163,	
	Delta[s+](6) = 0.0625435,	Delta[s+](7) = 0.177163,	Delta[s+](8) = 0.222339,	Delta[s+](9) = 0.0625435,	Delta[s+](10) = 0.0156065,	
	Delta[s+](11) = 0.0625435,	Delta[s+](12) = 0.361441,	Delta[s+](13) = 0.177163,	Delta[s+](14) = 0.0625435,	Delta[s+](15) = 0.177163
	
The 3-th iteration is completed.	|| time cost : 0h 1m 20.987s
********************************************************************************************************************
********************************************************************************************************************
Ground state is obtained after 4 iterations. The current ground-state energy is -15.3783, in which electron energy is -15.3784 and phonon energy is 3.71348e-06
Final variational state is: 
	Gamma_x = [      1,1.00359,1.00202,1.00359,1.00359,1.00173,1.00085,1.00173,1.00202,1.00085,1.00022,1.00085,1.00359,1.00173,1.00085,1.00173]
	lambda_q = [       0.5, 0.0249025, 0.0131957, 0.0249025, 0.0249025, 0.0122098,0.00697784, 0.0122098, 0.0131957,0.00697784,0.00308761,0.00697784, 0.0249025, 0.0122098,0.00697784, 0.0122098]
Effective e-e interactions mediated by phonons are:
	momentum-space Vq = [       -0.05, -0.00386037, -0.00154866, -0.00386037, -0.00386037, -0.00143536,-0.000548489, -0.00143536, -0.00154866,-0.000548489,-0.000121598,-0.000548489, -0.00386037, -0.00143536,-0.000548489, -0.00143536]
	real-space Vr = [-0.00478724,-0.00353139,-0.00296734,-0.00353139,-0.00353139,-0.00293902,-0.00270341,-0.00293902,-0.00296734,-0.00270341,-0.00258281,-0.00270341,-0.00353139,-0.00293902,-0.00270341,-0.00293902]
********************************************************************************************************************
o___o  ----------------------------------------
| L |	Time since last clock: 0h 0m 0.012s
A===A	Time since the beginning: 0h 4m 53.891s
***********************************************


Non-Gaussina ED ground state calculation is completed. The final ground-state energy is -15.3783
********************************************************************************************************************
o___o  ----------------------------------------
| L |	Time since last clock: 0h 0m 0.007s
A===A	Time since the beginning: 0h 4m 53.899s
***********************************************



********************************************************************************************************************
All non-Gaussian ED ground state calculations have been completed. Exit now.
