SNEDics v3.22.2 Non-Gaussian ED ground state program		Start at Tue May 31 00:57:49 2022

Parallelization: 32 MPI threads  * 8 OpenMP threads = 256 total threads.
********************************************************************************************************************
********************************************************************************************************************

********************************************************************************************************************
System parameters and configurations
	special program options are enabled: splitted diagonal Hamiltonian | splitted Hamiltonian terms
********************************************************************************************************************
Read input file "model_params.in"
	Hubbard-Holstein model parameters : 	t = 1    U = 8    g = 0.5    W = 0.2    
********************************************************************************************************************
Read input file "hilbertspace_params.in"
	Requested 16-site 2D lattice, with 12 electrons (6, 6)
	Boundary : Periodic		Hilbert space representation : momentum-space (restricted to kIdx = 0)
	Conservation: particle number[U(1)]      spin[U(1)]     momentum
********************************************************************************************************************

Cluster Positions:				Cluster symmetry group : D4
 x ... x ... x ... x .....                       x ... x ... x ... x .....
 |           |           :                       |           |           :
 |           |           :                       |           |           :
12    13    14    15     x                       1     5     6     5     x
 |           |           :                       |           |           :
 |           |           :                       |           |           :
 8 --- 9 ---10 ---11 --- x                       2 --- 6 ---10 --- 6 --- x
 |           |           :                       |           |           :
 |           |           :                       |           |           :
 4     5     6     7     x                       1     5     6     5     x
 |           |           :                       |           |           :
 |           |           :                       |           |           :
 0 --- 1 --- 2 --- 3 --- x                       0 --- 1 --- 2 --- 1 --- x
orbital number : 1
********************************************************************************************************************
Read input file "obs_params.in"
	Observable Type : Nq(All),   Sq(All),   N(All-Orbital),   Delta[s](All),   Delta[d](All),   Delta[s+](All)
** WARNING ** the input observables have non-local factors which have been reinterpreted. The total observable number is 96
********************************************************************************************************************


********************************************************************************************************************
Start calculating the non-Gaussian ED ground state
Maximal iteration number is 1000; energy resolution is 1e-06. Phonon state relaxation time is 2000
W = 0.2 is relatively large. The non-Gaussian ED calculation starts directly.
open output files: NGSED_iteration_observables.txt
********************************************************************************************************************
Start the 0 rounds of NGS-ED iteration
	effective electronic model is modified as: kinetic energy t = 1
	                                           effective interaction Vq = [0,0,0,0,0,0,0,0,0,0,0,0,0,0,0,0]
	first Hamiltonian is constructed, size = 4008592 and non-zero numbers = 969134044
	PARPACK diagonalization completed after 150 matrix-vector product operations.
	iteration results: : total energy is -14.925310 | electron energy -14.925310 + phonon energy 0.000000 | electron momentum kIdx = 0
	Nq(0) = 9,	Nq(1) = 0.191675,	Nq(2) = 0.266183,	Nq(3) = 0.191675,	Nq(4) = 0.191675,	Nq(5) = 0.245517,	
	Nq(6) = 0.314107,	Nq(7) = 0.245517,	Nq(8) = 0.266183,	Nq(9) = 0.314107,	Nq(10) = 0.369338,	
	Nq(11) = 0.314107,	Nq(12) = 0.191675,	Nq(13) = 0.245517,	Nq(14) = 0.314107,	Nq(15) = 0.245517;	
	Sq(0) = 3.02743e-18,	Sq(1) = 0.554662,	Sq(2) = 0.424361,	Sq(3) = 0.554662,	Sq(4) = 0.554662,	
	Sq(5) = 0.79749,	Sq(6) = 1.01287,	Sq(7) = 0.79749,	Sq(8) = 0.424361,	Sq(9) = 1.01287,	
	Sq(10) = 0.784303,	Sq(11) = 1.01287,	Sq(12) = 0.554662,	Sq(13) = 0.79749,	Sq(14) = 1.01287,	
	Sq(15) = 0.79749;	N(0) = 1.76735,	N(1) = 1.6264,	N(2) = 0.74365,	N(3) = 1.6264,	
	N(4) = 1.6264,	N(5) = 0.392302,	N(6) = 0.144321,	N(7) = 0.392302,	N(8) = 0.74365,	
	N(9) = 0.144321,	N(10) = 0.0932732,	N(11) = 0.144321,	N(12) = 1.6264,	N(13) = 0.392302,	
	N(14) = 0.144321,	N(15) = 0.392302;	Delta[s](0) = 0.0639775,	Delta[s](1) = 0.044609,	Delta[s](2) = 0.0302775,	
	Delta[s](3) = 0.044609,	Delta[s](4) = 0.044609,	Delta[s](5) = 0.0271531,	Delta[s](6) = 0.0101434,	Delta[s](7) = 0.0271531,	
	Delta[s](8) = 0.0302775,	Delta[s](9) = 0.0101434,	Delta[s](10) = 0.00129563,	Delta[s](11) = 0.0101434,	Delta[s](12) = 0.044609,	
	Delta[s](13) = 0.0271531,	Delta[s](14) = 0.0101434,	Delta[s](15) = 0.0271531;	Delta[d](0) = 0.228049,	Delta[d](1) = 0.17977,	
	Delta[d](2) = 0.221263,	Delta[d](3) = 0.17977,	Delta[d](4) = 0.17977,	Delta[d](5) = 0.123612,	Delta[d](6) = 0.150349,	
	Delta[d](7) = 0.123612,	Delta[d](8) = 0.221263,	Delta[d](9) = 0.150349,	Delta[d](10) = 0.0788906,	Delta[d](11) = 0.150349,	
	Delta[d](12) = 0.17977,	Delta[d](13) = 0.123612,	Delta[d](14) = 0.150349,	Delta[d](15) = 0.123612;	Delta[s+](0) = 0.525199,	
	Delta[s+](1) = 0.358492,	Delta[s+](2) = 0.221263,	Delta[s+](3) = 0.358492,	Delta[s+](4) = 0.358492,	Delta[s+](5) = 0.17691,	
	Delta[s+](6) = 0.0638421,	Delta[s+](7) = 0.17691,	Delta[s+](8) = 0.221263,	Delta[s+](9) = 0.0638421,	Delta[s+](10) = 0.0167568,	
	Delta[s+](11) = 0.0638421,	Delta[s+](12) = 0.358492,	Delta[s+](13) = 0.17691,	Delta[s+](14) = 0.0638421,	Delta[s+](15) = 0.17691
	
The 0-th iteration is completed.	|| time cost : 0h 2m 2.852s
********************************************************************************************************************
Start the 1 rounds of NGS-ED iteration
	effective electronic model is modified as: kinetic energy t = 0.987513
	                                           effective interaction Vq = [     -1.25, -0.175695, -0.126337, -0.175695, -0.175695, -0.114399, -0.100146, -0.114399, -0.126337, -0.100146,-0.0896658, -0.100146, -0.175695, -0.114399, -0.100146, -0.114399]
	PARPACK diagonalization completed after 45 matrix-vector product operations.
	iteration results: : total energy is -26.400325 | electron energy -26.417969 + phonon energy 0.017643 | electron momentum kIdx = 0
The 1-th iteration is completed.	|| time cost : 0h 1m 17.829s
********************************************************************************************************************
Start the 2 rounds of NGS-ED iteration
	effective electronic model is modified as: kinetic energy t = 0.987452
	                                           effective interaction Vq = [     -1.25, -0.177698, -0.126404, -0.177698, -0.177698, -0.114363, -0.100106, -0.114363, -0.126404, -0.100106,-0.0897197, -0.100106, -0.177698, -0.114363, -0.100106, -0.114363]
	PARPACK diagonalization completed after 30 matrix-vector product operations.
	iteration results: : total energy is -26.400333 | electron energy -26.418348 + phonon energy 0.018014 | electron momentum kIdx = 0
The 2-th iteration is completed.	|| time cost : 0h 0m 9.321s
********************************************************************************************************************
Start the 3 rounds of NGS-ED iteration
	effective electronic model is modified as: kinetic energy t = 0.987451
	                                           effective interaction Vq = [     -1.25, -0.177747, -0.126394, -0.177747, -0.177747, -0.114356,   -0.1001, -0.114356, -0.126394,   -0.1001,-0.0897168,   -0.1001, -0.177747, -0.114356,   -0.1001, -0.114356]
	PARPACK diagonalization completed after 30 matrix-vector product operations.
	iteration results: : total energy is -26.400333 | electron energy -26.418351 + phonon energy 0.018017 | electron momentum kIdx = 0
The 3-th iteration is completed.	|| time cost : 0h 0m 9.32s
********************************************************************************************************************
Start the 4 rounds of NGS-ED iteration
	effective electronic model is modified as: kinetic energy t = 0.987451
	                                           effective interaction Vq = [     -1.25, -0.177749, -0.126393, -0.177749, -0.177749, -0.114356, -0.100099, -0.114356, -0.126393, -0.100099,-0.0897167, -0.100099, -0.177749, -0.114356, -0.100099, -0.114356]
	PARPACK diagonalization completed after 30 matrix-vector product operations.
	iteration results: : total energy is -26.400333 | electron energy -26.418351 + phonon energy 0.018017 | electron momentum kIdx = 0
The 4-th iteration is completed.	|| time cost : 0h 0m 9.313s
********************************************************************************************************************
Start the 5 rounds of NGS-ED iteration
	effective electronic model is modified as: kinetic energy t = 0.987451
	                                           effective interaction Vq = [     -1.25, -0.177749, -0.126393, -0.177749, -0.177749, -0.114356, -0.100099, -0.114356, -0.126393, -0.100099,-0.0897167, -0.100099, -0.177749, -0.114356, -0.100099, -0.114356]
	PARPACK diagonalization completed after 30 matrix-vector product operations.
	iteration results: : total energy is -26.400333 | electron energy -26.418351 + phonon energy 0.018017 | electron momentum kIdx = 0
	Nq(0) = 9,	Nq(1) = 0.194403,	Nq(2) = 0.267468,	Nq(3) = 0.194403,	Nq(4) = 0.194403,	Nq(5) = 0.246563,	
	Nq(6) = 0.315405,	Nq(7) = 0.246563,	Nq(8) = 0.267468,	Nq(9) = 0.315405,	Nq(10) = 0.371154,	
	Nq(11) = 0.315405,	Nq(12) = 0.194403,	Nq(13) = 0.246563,	Nq(14) = 0.315405,	Nq(15) = 0.246563;	
	Sq(0) = -1.24923e-19,	Sq(1) = 0.55273,	Sq(2) = 0.424294,	Sq(3) = 0.55273,	Sq(4) = 0.55273,	
	Sq(5) = 0.795491,	Sq(6) = 1.01022,	Sq(7) = 0.795491,	Sq(8) = 0.424294,	Sq(9) = 1.01022,	
	Sq(10) = 0.786085,	Sq(11) = 1.01022,	Sq(12) = 0.55273,	Sq(13) = 0.795491,	Sq(14) = 1.01022,	
	Sq(15) = 0.795491;	N(0) = 1.77231,	N(1) = 1.63342,	N(2) = 0.741254,	N(3) = 1.63342,	
	N(4) = 1.63342,	N(5) = 0.387687,	N(6) = 0.142128,	N(7) = 0.387687,	N(8) = 0.741254,	
	N(9) = 0.142128,	N(10) = 0.0922589,	N(11) = 0.142128,	N(12) = 1.63342,	N(13) = 0.387687,	
	N(14) = 0.142128,	N(15) = 0.387687;	Delta[s](0) = 0.0656061,	Delta[s](1) = 0.0457489,	Delta[s](2) = 0.0311788,	
	Delta[s](3) = 0.0457489,	Delta[s](4) = 0.0457489,	Delta[s](5) = 0.027943,	Delta[s](6) = 0.01043,	Delta[s](7) = 0.027943,	
	Delta[s](8) = 0.0311788,	Delta[s](9) = 0.01043,	Delta[s](10) = 0.00133624,	Delta[s](11) = 0.01043,	Delta[s](12) = 0.0457489,	
	Delta[s](13) = 0.027943,	Delta[s](14) = 0.01043,	Delta[s](15) = 0.027943;	Delta[d](0) = 0.228434,	Delta[d](1) = 0.179954,	
	Delta[d](2) = 0.221679,	Delta[d](3) = 0.179954,	Delta[d](4) = 0.179954,	Delta[d](5) = 0.123533,	Delta[d](6) = 0.150315,	
	Delta[d](7) = 0.123533,	Delta[d](8) = 0.221679,	Delta[d](9) = 0.150315,	Delta[d](10) = 0.077429,	Delta[d](11) = 0.150315,	
	Delta[d](12) = 0.179954,	Delta[d](13) = 0.123533,	Delta[d](14) = 0.150315,	Delta[d](15) = 0.123533;	Delta[s+](0) = 0.526885,	
	Delta[s+](1) = 0.359533,	Delta[s+](2) = 0.221679,	Delta[s+](3) = 0.359533,	Delta[s+](4) = 0.359533,	Delta[s+](5) = 0.17704,	
	Delta[s+](6) = 0.0635249,	Delta[s+](7) = 0.17704,	Delta[s+](8) = 0.221679,	Delta[s+](9) = 0.0635249,	Delta[s+](10) = 0.0166001,	
	Delta[s+](11) = 0.0635249,	Delta[s+](12) = 0.359533,	Delta[s+](13) = 0.17704,	Delta[s+](14) = 0.0635249,	Delta[s+](15) = 0.17704
	
The 5-th iteration is completed.	|| time cost : 0h 1m 19.147s
********************************************************************************************************************
********************************************************************************************************************
Ground state is obtained after 6 iterations. The current ground-state energy is -26.4003, in which electron energy is -26.4184 and phonon energy is 0.0180175
Final variational state is: 
	Gamma_x = [      1,1.17986,1.17797,1.17986,1.17986,1.14702,1.16644,1.14702,1.17797,1.16644,1.17665,1.16644,1.17986,1.14702,1.16644,1.14702]
	lambda_q = [      2.5, 0.184561, 0.129761, 0.184561, 0.184561, 0.117098, 0.102188, 0.117098, 0.129761, 0.102188,0.0913871, 0.102188, 0.184561, 0.117098, 0.102188, 0.117098]
Effective e-e interactions mediated by phonons are:
	momentum-space Vq = [     -1.25, -0.177749, -0.126393, -0.177749, -0.177749, -0.114356, -0.100099, -0.114356, -0.126393, -0.100099,-0.0897167, -0.100099, -0.177749, -0.114356, -0.100099, -0.114356]
	real-space Vr = [ -0.197582,-0.0822239,-0.0709425,-0.0822239,-0.0822239,-0.0679331,-0.0628115,-0.0679331,-0.0709425,-0.0628115,-0.0586583,-0.0628115,-0.0822239,-0.0679331,-0.0628115,-0.0679331]
********************************************************************************************************************
o___o  ----------------------------------------
| L |	Time since last clock: 0h 0m 0.009s
A===A	Time since the beginning: 0h 5m 7.795s
***********************************************


Non-Gaussina ED ground state calculation is completed. The final ground-state energy is -26.4003
********************************************************************************************************************
o___o  ----------------------------------------
| L |	Time since last clock: 0h 0m 0.003s
A===A	Time since the beginning: 0h 5m 7.798s
***********************************************



********************************************************************************************************************
All non-Gaussian ED ground state calculations have been completed. Exit now.
