SNEDics v3.22.2 Non-Gaussian ED ground state program		Start at Sun Jun 26 04:50:47 2022

Parallelization: 32 MPI threads  * 8 OpenMP threads = 256 total threads.
********************************************************************************************************************
********************************************************************************************************************

********************************************************************************************************************
System parameters and configurations
	special program options are enabled: splitted diagonal Hamiltonian | splitted Hamiltonian terms
********************************************************************************************************************
Read input file "model_params.in"
	Hubbard-Holstein model parameters : 	t = 1    t' = -0.3    U = 8    g = 0.9    W = 0.2    g' = 0.6    
********************************************************************************************************************
Read input file "hilbertspace_params.in"
	Requested 16-site 2D lattice, with 8 electrons (4, 4)
	Boundary : Periodic		Hilbert space representation : momentum-space (restricted to kIdx = 10)
	Conservation: particle number[U(1)]      spin[U(1)]     momentum
********************************************************************************************************************

Cluster Positions:				Cluster symmetry group : D4
 x ... x ... x ... x .....                       x ... x ... x ... x .....
 |           |           :                       |           |           :
 |           |           :                       |           |           :
12    13    14    15     x                       1     5     6     5     x
 |           |           :                       |           |           :
 |           |           :                       |           |           :
 8 --- 9 ---10 ---11 --- x                       2 --- 6 ---10 --- 6 --- x
 |           |           :                       |           |           :
 |           |           :                       |           |           :
 4     5     6     7     x                       1     5     6     5     x
 |           |           :                       |           |           :
 |           |           :                       |           |           :
 0 --- 1 --- 2 --- 3 --- x                       0 --- 1 --- 2 --- 1 --- x
orbital number : 1
********************************************************************************************************************
Read input file "obs_params.in"
	Observable Type : Nq(All),   Sq(All),   N(All-Orbital),   Delta[s](All),   Delta[d](All),   Delta[s+](All)
** WARNING ** the input observables have non-local factors which have been reinterpreted. The total observable number is 96
********************************************************************************************************************


********************************************************************************************************************
Start calculating the non-Gaussian ED ground state
Maximal iteration number is 1000; energy resolution is 1e-06. Phonon state relaxation time is 2000
W = 0.2 is relatively large. The non-Gaussian ED calculation starts directly.
open output files: NGSED_iteration_observables.txt
********************************************************************************************************************
Start the 0 rounds of NGS-ED iteration
	effective electronic model is modified as: kinetic energy t = 1, t' = -0.3
	                                           effective interaction Vq = [0,0,0,0,0,0,0,0,0,0,0,0,0,0,0,0]
	first Hamiltonian is constructed, size = 207168 and non-zero numbers = 32240256
	PARPACK diagonalization completed after 105 matrix-vector product operations.
	iteration results: : total energy is -14.405877 | electron energy -14.405877 + phonon energy 0.000000 | electron momentum kIdx = 10
	Nq(0) = 4,	Nq(1) = 0.191255,	Nq(2) = 0.234333,	Nq(3) = 0.191255,	Nq(4) = 0.191255,	Nq(5) = 0.305984,	
	Nq(6) = 0.331756,	Nq(7) = 0.305984,	Nq(8) = 0.234333,	Nq(9) = 0.331756,	Nq(10) = 0.361611,	
	Nq(11) = 0.331756,	Nq(12) = 0.191255,	Nq(13) = 0.305984,	Nq(14) = 0.331756,	Nq(15) = 0.305984;	
	Sq(0) = -3.48352e-18,	Sq(1) = 0.388709,	Sq(2) = 0.400904,	Sq(3) = 0.388709,	Sq(4) = 0.388709,	
	Sq(5) = 0.66772,	Sq(6) = 0.571758,	Sq(7) = 0.66772,	Sq(8) = 0.400904,	Sq(9) = 0.571758,	
	Sq(10) = 0.539189,	Sq(11) = 0.571758,	Sq(12) = 0.388709,	Sq(13) = 0.66772,	Sq(14) = 0.571758,	
	Sq(15) = 0.66772;	N(0) = 1.74885,	N(1) = 0.991935,	N(2) = 0.972078,	N(3) = 0.991935,	
	N(4) = 0.991935,	N(5) = 0.0652548,	N(6) = 0.0181601,	N(7) = 0.0652548,	N(8) = 0.972078,	
	N(9) = 0.0181601,	N(10) = 0.00559157,	N(11) = 0.0181601,	N(12) = 0.991935,	N(13) = 0.0652548,	
	N(14) = 0.0181601,	N(15) = 0.0652548;	Delta[s](0) = 0.00463525,	Delta[s](1) = 0.00460209,	Delta[s](2) = 0.00457419,	
	Delta[s](3) = 0.00460209,	Delta[s](4) = 0.00460209,	Delta[s](5) = 0.00456769,	Delta[s](6) = 0.00453888,	Delta[s](7) = 0.00456769,	
	Delta[s](8) = 0.00457419,	Delta[s](9) = 0.00453888,	Delta[s](10) = 0.00450916,	Delta[s](11) = 0.00453888,	Delta[s](12) = 0.00460209,	
	Delta[s](13) = 0.00456769,	Delta[s](14) = 0.00453888,	Delta[s](15) = 0.00456769;	Delta[d](0) = 0.0379718,	Delta[d](1) = 0.0525139,	
	Delta[d](2) = 0.0759529,	Delta[d](3) = 0.0525139,	Delta[d](4) = 0.0525139,	Delta[d](5) = 0.0693852,	Delta[d](6) = 0.0955474,	
	Delta[d](7) = 0.0693852,	Delta[d](8) = 0.0759529,	Delta[d](9) = 0.0955474,	Delta[d](10) = 0.124831,	Delta[d](11) = 0.0955474,	
	Delta[d](12) = 0.0525139,	Delta[d](13) = 0.0693852,	Delta[d](14) = 0.0955474,	Delta[d](15) = 0.0693852;	Delta[s+](0) = 0.0643611,	
	Delta[s+](1) = 0.0653174,	Delta[s+](2) = 0.0759529,	Delta[s+](3) = 0.0653174,	Delta[s+](4) = 0.0653174,	Delta[s+](5) = 0.0631581,	
	Delta[s+](6) = 0.0707963,	Delta[s+](7) = 0.0631581,	Delta[s+](8) = 0.0759529,	Delta[s+](9) = 0.0707963,	Delta[s+](10) = 0.0753593,	
	Delta[s+](11) = 0.0707963,	Delta[s+](12) = 0.0653174,	Delta[s+](13) = 0.0631581,	Delta[s+](14) = 0.0707963,	Delta[s+](15) = 0.0631581
	
The 0-th iteration is completed.	|| time cost : 0h 0m 5.211s
********************************************************************************************************************
Start the 1 rounds of NGS-ED iteration
	effective electronic model is modified as: kinetic energy t = 0.294317, t' = -0.0521312
	                                           effective interaction Vq = [   -54.45,   -21.11, -2.84335,   -21.11,   -21.11, -3.33732,-0.136846, -3.33732, -2.84335,-0.136846, -10.2151,-0.136846,   -21.11, -3.33732,-0.136846, -3.33732]
	PARPACK diagonalization completed after 45 matrix-vector product operations.
	iteration results: : total energy is -363.726701 | electron energy -368.076109 + phonon energy 4.349408 | electron momentum kIdx = 10
The 1-th iteration is completed.	|| time cost : 0h 0m 3.13s
********************************************************************************************************************
Start the 2 rounds of NGS-ED iteration
	effective electronic model is modified as: kinetic energy t = 1.98101e-13, t' = -7.33428e-18
	                                           effective interaction Vq = [-54.45,-22.05, -4.05,-22.05,-22.05, -4.05, -0.45, -4.05, -4.05, -0.45,-11.25, -0.45,-22.05, -4.05, -0.45, -4.05]
	PARPACK diagonalization completed after 30 matrix-vector product operations.
	iteration results: : total energy is -378.400000 | electron energy -378.400000 + phonon energy 0.000000 | electron momentum kIdx = 10
The 2-th iteration is completed.	|| time cost : 0h 0m 0.378s
********************************************************************************************************************
Start the 3 rounds of NGS-ED iteration
	effective electronic model is modified as: kinetic energy t = 1.98099e-13, t' = -7.33427e-18
	                                           effective interaction Vq = [-54.45,-22.05, -4.05,-22.05,-22.05, -4.05, -0.45, -4.05, -4.05, -0.45,-11.25, -0.45,-22.05, -4.05, -0.45, -4.05]
	PARPACK diagonalization completed after 30 matrix-vector product operations.
	iteration results: : total energy is -378.400000 | electron energy -378.400000 + phonon energy 0.000000 | electron momentum kIdx = 10
The 3-th iteration is completed.	|| time cost : 0h 0m 0.375s
********************************************************************************************************************
Start the 4 rounds of NGS-ED iteration
	effective electronic model is modified as: kinetic energy t = 1.98103e-13, t' = -7.33426e-18
	                                           effective interaction Vq = [-54.45,-22.05, -4.05,-22.05,-22.05, -4.05, -0.45, -4.05, -4.05, -0.45,-11.25, -0.45,-22.05, -4.05, -0.45, -4.05]
	PARPACK diagonalization completed after 30 matrix-vector product operations.
	iteration results: : total energy is -378.400000 | electron energy -378.400000 + phonon energy 0.000000 | electron momentum kIdx = 10
The 4-th iteration is completed.	|| time cost : 0h 0m 0.379s
********************************************************************************************************************
Start the 5 rounds of NGS-ED iteration
	effective electronic model is modified as: kinetic energy t = 1.98104e-13, t' = -7.33432e-18
	                                           effective interaction Vq = [-54.45,-22.05, -4.05,-22.05,-22.05, -4.05, -0.45, -4.05, -4.05, -0.45,-11.25, -0.45,-22.05, -4.05, -0.45, -4.05]
	PARPACK diagonalization completed after 30 matrix-vector product operations.
	iteration results: : total energy is -378.400000 | electron energy -378.400000 + phonon energy 0.000000 | electron momentum kIdx = 10
The 5-th iteration is completed.	|| time cost : 0h 0m 0.375s
********************************************************************************************************************
Start the 6 rounds of NGS-ED iteration
	effective electronic model is modified as: kinetic energy t = 1.98101e-13, t' = -7.33427e-18
	                                           effective interaction Vq = [-54.45,-22.05, -4.05,-22.05,-22.05, -4.05, -0.45, -4.05, -4.05, -0.45,-11.25, -0.45,-22.05, -4.05, -0.45, -4.05]
	PARPACK diagonalization completed after 30 matrix-vector product operations.
	iteration results: : total energy is -378.400000 | electron energy -378.400000 + phonon energy 0.000000 | electron momentum kIdx = 10
The 6-th iteration is completed.	|| time cost : 0h 0m 0.375s
********************************************************************************************************************
Start the 7 rounds of NGS-ED iteration
	effective electronic model is modified as: kinetic energy t = 1.98099e-13, t' = -7.33429e-18
	                                           effective interaction Vq = [-54.45,-22.05, -4.05,-22.05,-22.05, -4.05, -0.45, -4.05, -4.05, -0.45,-11.25, -0.45,-22.05, -4.05, -0.45, -4.05]
	PARPACK diagonalization completed after 30 matrix-vector product operations.
	iteration results: : total energy is -378.400000 | electron energy -378.400000 + phonon energy 0.000000 | electron momentum kIdx = 10
The 7-th iteration is completed.	|| time cost : 0h 0m 0.373s
********************************************************************************************************************
Start the 8 rounds of NGS-ED iteration
	effective electronic model is modified as: kinetic energy t = 1.98093e-13, t' = -7.33429e-18
	                                           effective interaction Vq = [-54.45,-22.05, -4.05,-22.05,-22.05, -4.05, -0.45, -4.05, -4.05, -0.45,-11.25, -0.45,-22.05, -4.05, -0.45, -4.05]
	PARPACK diagonalization completed after 30 matrix-vector product operations.
	iteration results: : total energy is -378.400000 | electron energy -378.400000 + phonon energy 0.000000 | electron momentum kIdx = 10
The 8-th iteration is completed.	|| time cost : 0h 0m 0.365s
********************************************************************************************************************
Start the 9 rounds of NGS-ED iteration
	effective electronic model is modified as: kinetic energy t = 1.9812e-13, t' = -7.33427e-18
	                                           effective interaction Vq = [-54.45,-22.05, -4.05,-22.05,-22.05, -4.05, -0.45, -4.05, -4.05, -0.45,-11.25, -0.45,-22.05, -4.05, -0.45, -4.05]
	PARPACK diagonalization completed after 30 matrix-vector product operations.
	iteration results: : total energy is -378.400000 | electron energy -378.400000 + phonon energy 0.000000 | electron momentum kIdx = 10
The 9-th iteration is completed.	|| time cost : 0h 0m 0.378s
********************************************************************************************************************
Start the 10 rounds of NGS-ED iteration
	effective electronic model is modified as: kinetic energy t = 1.98069e-13, t' = -7.33429e-18
	                                           effective interaction Vq = [-54.45,-22.05, -4.05,-22.05,-22.05, -4.05, -0.45, -4.05, -4.05, -0.45,-11.25, -0.45,-22.05, -4.05, -0.45, -4.05]
	PARPACK diagonalization completed after 30 matrix-vector product operations.
	iteration results: : total energy is -378.400000 | electron energy -378.400000 + phonon energy 0.000000 | electron momentum kIdx = 10
The 10-th iteration is completed.	|| time cost : 0h 0m 0.374s
********************************************************************************************************************
Start the 11 rounds of NGS-ED iteration
	effective electronic model is modified as: kinetic energy t = 1.98103e-13, t' = -7.33435e-18
	                                           effective interaction Vq = [-54.45,-22.05, -4.05,-22.05,-22.05, -4.05, -0.45, -4.05, -4.05, -0.45,-11.25, -0.45,-22.05, -4.05, -0.45, -4.05]
	PARPACK diagonalization completed after 30 matrix-vector product operations.
	iteration results: : total energy is -378.400000 | electron energy -378.400000 + phonon energy 0.000000 | electron momentum kIdx = 10
The 11-th iteration is completed.	|| time cost : 0h 0m 0.377s
********************************************************************************************************************
Start the 12 rounds of NGS-ED iteration
	effective electronic model is modified as: kinetic energy t = 1.98102e-13, t' = -7.33426e-18
	                                           effective interaction Vq = [-54.45,-22.05, -4.05,-22.05,-22.05, -4.05, -0.45, -4.05, -4.05, -0.45,-11.25, -0.45,-22.05, -4.05, -0.45, -4.05]
	PARPACK diagonalization completed after 30 matrix-vector product operations.
	iteration results: : total energy is -378.400000 | electron energy -378.400000 + phonon energy 0.000000 | electron momentum kIdx = 10
The 12-th iteration is completed.	|| time cost : 0h 0m 0.378s
********************************************************************************************************************
Start the 13 rounds of NGS-ED iteration
	effective electronic model is modified as: kinetic energy t = 1.98098e-13, t' = -7.3344e-18
	                                           effective interaction Vq = [-54.45,-22.05, -4.05,-22.05,-22.05, -4.05, -0.45, -4.05, -4.05, -0.45,-11.25, -0.45,-22.05, -4.05, -0.45, -4.05]
	PARPACK diagonalization completed after 30 matrix-vector product operations.
	iteration results: : total energy is -378.400000 | electron energy -378.400000 + phonon energy 0.000000 | electron momentum kIdx = 10
The 13-th iteration is completed.	|| time cost : 0h 0m 0.374s
********************************************************************************************************************
Start the 14 rounds of NGS-ED iteration
	effective electronic model is modified as: kinetic energy t = 1.9811e-13, t' = -7.33463e-18
	                                           effective interaction Vq = [-54.45,-22.05, -4.05,-22.05,-22.05, -4.05, -0.45, -4.05, -4.05, -0.45,-11.25, -0.45,-22.05, -4.05, -0.45, -4.05]
	PARPACK diagonalization completed after 30 matrix-vector product operations.
	iteration results: : total energy is -378.400000 | electron energy -378.400000 + phonon energy 0.000000 | electron momentum kIdx = 10
The 14-th iteration is completed.	|| time cost : 0h 0m 0.372s
********************************************************************************************************************
Start the 15 rounds of NGS-ED iteration
	effective electronic model is modified as: kinetic energy t = 1.98102e-13, t' = -7.33423e-18
	                                           effective interaction Vq = [-54.45,-22.05, -4.05,-22.05,-22.05, -4.05, -0.45, -4.05, -4.05, -0.45,-11.25, -0.45,-22.05, -4.05, -0.45, -4.05]
	PARPACK diagonalization completed after 30 matrix-vector product operations.
	iteration results: : total energy is -378.400000 | electron energy -378.400000 + phonon energy 0.000000 | electron momentum kIdx = 10
The 15-th iteration is completed.	|| time cost : 0h 0m 0.378s
********************************************************************************************************************
Start the 16 rounds of NGS-ED iteration
	effective electronic model is modified as: kinetic energy t = 1.98122e-13, t' = -7.33426e-18
	                                           effective interaction Vq = [-54.45,-22.05, -4.05,-22.05,-22.05, -4.05, -0.45, -4.05, -4.05, -0.45,-11.25, -0.45,-22.05, -4.05, -0.45, -4.05]
	PARPACK diagonalization completed after 30 matrix-vector product operations.
	iteration results: : total energy is -378.400000 | electron energy -378.400000 + phonon energy 0.000000 | electron momentum kIdx = 10
The 16-th iteration is completed.	|| time cost : 0h 0m 0.387s
********************************************************************************************************************
Start the 17 rounds of NGS-ED iteration
	effective electronic model is modified as: kinetic energy t = 1.98105e-13, t' = -7.33423e-18
	                                           effective interaction Vq = [-54.45,-22.05, -4.05,-22.05,-22.05, -4.05, -0.45, -4.05, -4.05, -0.45,-11.25, -0.45,-22.05, -4.05, -0.45, -4.05]
	PARPACK diagonalization completed after 30 matrix-vector product operations.
	iteration results: : total energy is -378.400000 | electron energy -378.400000 + phonon energy 0.000000 | electron momentum kIdx = 10
The 17-th iteration is completed.	|| time cost : 0h 0m 0.376s
********************************************************************************************************************
Start the 18 rounds of NGS-ED iteration
	effective electronic model is modified as: kinetic energy t = 1.97743e-13, t' = -7.33426e-18
	                                           effective interaction Vq = [-54.45,-22.05, -4.05,-22.05,-22.05, -4.05, -0.45, -4.05, -4.05, -0.45,-11.25, -0.45,-22.05, -4.05, -0.45, -4.05]
	PARPACK diagonalization completed after 30 matrix-vector product operations.
	iteration results: : total energy is -378.400000 | electron energy -378.400000 + phonon energy 0.000000 | electron momentum kIdx = 10
The 18-th iteration is completed.	|| time cost : 0h 0m 0.376s
********************************************************************************************************************
Start the 19 rounds of NGS-ED iteration
	effective electronic model is modified as: kinetic energy t = 1.98104e-13, t' = -7.33434e-18
	                                           effective interaction Vq = [-54.45,-22.05, -4.05,-22.05,-22.05, -4.05, -0.45, -4.05, -4.05, -0.45,-11.25, -0.45,-22.05, -4.05, -0.45, -4.05]
	PARPACK diagonalization completed after 30 matrix-vector product operations.
	iteration results: : total energy is -378.400000 | electron energy -378.400000 + phonon energy 0.000000 | electron momentum kIdx = 10
The 19-th iteration is completed.	|| time cost : 0h 0m 0.377s
********************************************************************************************************************
Start the 20 rounds of NGS-ED iteration
	effective electronic model is modified as: kinetic energy t = 1.98095e-13, t' = -7.33428e-18
	                                           effective interaction Vq = [-54.45,-22.05, -4.05,-22.05,-22.05, -4.05, -0.45, -4.05, -4.05, -0.45,-11.25, -0.45,-22.05, -4.05, -0.45, -4.05]
	PARPACK diagonalization completed after 30 matrix-vector product operations.
	iteration results: : total energy is -378.400000 | electron energy -378.400000 + phonon energy 0.000000 | electron momentum kIdx = 10
The 20-th iteration is completed.	|| time cost : 0h 0m 0.371s
********************************************************************************************************************
Start the 21 rounds of NGS-ED iteration
	effective electronic model is modified as: kinetic energy t = 1.98103e-13, t' = -7.33432e-18
	                                           effective interaction Vq = [-54.45,-22.05, -4.05,-22.05,-22.05, -4.05, -0.45, -4.05, -4.05, -0.45,-11.25, -0.45,-22.05, -4.05, -0.45, -4.05]
	PARPACK diagonalization completed after 30 matrix-vector product operations.
	iteration results: : total energy is -378.400000 | electron energy -378.400000 + phonon energy 0.000000 | electron momentum kIdx = 10
The 21-th iteration is completed.	|| time cost : 0h 0m 0.375s
********************************************************************************************************************
Start the 22 rounds of NGS-ED iteration
	effective electronic model is modified as: kinetic energy t = 1.98104e-13, t' = -7.33429e-18
	                                           effective interaction Vq = [-54.45,-22.05, -4.05,-22.05,-22.05, -4.05, -0.45, -4.05, -4.05, -0.45,-11.25, -0.45,-22.05, -4.05, -0.45, -4.05]
	PARPACK diagonalization completed after 30 matrix-vector product operations.
	iteration results: : total energy is -378.400000 | electron energy -378.400000 + phonon energy 0.000000 | electron momentum kIdx = 10
The 22-th iteration is completed.	|| time cost : 0h 0m 0.376s
********************************************************************************************************************
Start the 23 rounds of NGS-ED iteration
	effective electronic model is modified as: kinetic energy t = 1.98097e-13, t' = -7.33423e-18
	                                           effective interaction Vq = [-54.45,-22.05, -4.05,-22.05,-22.05, -4.05, -0.45, -4.05, -4.05, -0.45,-11.25, -0.45,-22.05, -4.05, -0.45, -4.05]
	PARPACK diagonalization completed after 30 matrix-vector product operations.
	iteration results: : total energy is -378.400000 | electron energy -378.400000 + phonon energy 0.000000 | electron momentum kIdx = 10
The 23-th iteration is completed.	|| time cost : 0h 0m 0.378s
********************************************************************************************************************
Start the 24 rounds of NGS-ED iteration
	effective electronic model is modified as: kinetic energy t = 1.98097e-13, t' = -7.33426e-18
	                                           effective interaction Vq = [-54.45,-22.05, -4.05,-22.05,-22.05, -4.05, -0.45, -4.05, -4.05, -0.45,-11.25, -0.45,-22.05, -4.05, -0.45, -4.05]
	PARPACK diagonalization completed after 30 matrix-vector product operations.
	iteration results: : total energy is -378.400000 | electron energy -378.400000 + phonon energy 0.000000 | electron momentum kIdx = 10
The 24-th iteration is completed.	|| time cost : 0h 0m 0.375s
********************************************************************************************************************
Start the 25 rounds of NGS-ED iteration
	effective electronic model is modified as: kinetic energy t = 1.98104e-13, t' = -7.33432e-18
	                                           effective interaction Vq = [-54.45,-22.05, -4.05,-22.05,-22.05, -4.05, -0.45, -4.05, -4.05, -0.45,-11.25, -0.45,-22.05, -4.05, -0.45, -4.05]
	PARPACK diagonalization completed after 30 matrix-vector product operations.
	iteration results: : total energy is -378.400000 | electron energy -378.400000 + phonon energy 0.000000 | electron momentum kIdx = 10
The 25-th iteration is completed.	|| time cost : 0h 0m 0.375s
********************************************************************************************************************
Start the 26 rounds of NGS-ED iteration
	effective electronic model is modified as: kinetic energy t = 1.98099e-13, t' = -7.33434e-18
	                                           effective interaction Vq = [-54.45,-22.05, -4.05,-22.05,-22.05, -4.05, -0.45, -4.05, -4.05, -0.45,-11.25, -0.45,-22.05, -4.05, -0.45, -4.05]
	PARPACK diagonalization completed after 30 matrix-vector product operations.
	iteration results: : total energy is -378.400000 | electron energy -378.400000 + phonon energy 0.000000 | electron momentum kIdx = 10
The 26-th iteration is completed.	|| time cost : 0h 0m 0.376s
********************************************************************************************************************
Start the 27 rounds of NGS-ED iteration
	effective electronic model is modified as: kinetic energy t = 1.98105e-13, t' = -7.3344e-18
	                                           effective interaction Vq = [-54.45,-22.05, -4.05,-22.05,-22.05, -4.05, -0.45, -4.05, -4.05, -0.45,-11.25, -0.45,-22.05, -4.05, -0.45, -4.05]
	PARPACK diagonalization completed after 30 matrix-vector product operations.
	iteration results: : total energy is -378.400000 | electron energy -378.400000 + phonon energy 0.000000 | electron momentum kIdx = 10
The 27-th iteration is completed.	|| time cost : 0h 0m 0.377s
********************************************************************************************************************
Start the 28 rounds of NGS-ED iteration
	effective electronic model is modified as: kinetic energy t = 1.98102e-13, t' = -7.33428e-18
	                                           effective interaction Vq = [-54.45,-22.05, -4.05,-22.05,-22.05, -4.05, -0.45, -4.05, -4.05, -0.45,-11.25, -0.45,-22.05, -4.05, -0.45, -4.05]
	PARPACK diagonalization completed after 30 matrix-vector product operations.
	iteration results: : total energy is -378.400000 | electron energy -378.400000 + phonon energy 0.000000 | electron momentum kIdx = 10
The 28-th iteration is completed.	|| time cost : 0h 0m 0.377s
********************************************************************************************************************
Start the 29 rounds of NGS-ED iteration
	effective electronic model is modified as: kinetic energy t = 1.98107e-13, t' = -7.33434e-18
	                                           effective interaction Vq = [-54.45,-22.05, -4.05,-22.05,-22.05, -4.05, -0.45, -4.05, -4.05, -0.45,-11.25, -0.45,-22.05, -4.05, -0.45, -4.05]
	PARPACK diagonalization completed after 30 matrix-vector product operations.
	iteration results: : total energy is -378.400000 | electron energy -378.400000 + phonon energy 0.000000 | electron momentum kIdx = 10
The 29-th iteration is completed.	|| time cost : 0h 0m 0.375s
********************************************************************************************************************
Start the 30 rounds of NGS-ED iteration
	effective electronic model is modified as: kinetic energy t = 1.98106e-13, t' = -7.33438e-18
	                                           effective interaction Vq = [-54.45,-22.05, -4.05,-22.05,-22.05, -4.05, -0.45, -4.05, -4.05, -0.45,-11.25, -0.45,-22.05, -4.05, -0.45, -4.05]
	PARPACK diagonalization completed after 30 matrix-vector product operations.
	iteration results: : total energy is -378.400000 | electron energy -378.400000 + phonon energy 0.000000 | electron momentum kIdx = 10
The 30-th iteration is completed.	|| time cost : 0h 0m 0.376s
********************************************************************************************************************
Start the 31 rounds of NGS-ED iteration
	effective electronic model is modified as: kinetic energy t = 1.98094e-13, t' = -7.33416e-18
	                                           effective interaction Vq = [-54.45,-22.05, -4.05,-22.05,-22.05, -4.05, -0.45, -4.05, -4.05, -0.45,-11.25, -0.45,-22.05, -4.05, -0.45, -4.05]
	PARPACK diagonalization completed after 30 matrix-vector product operations.
	iteration results: : total energy is -378.400000 | electron energy -378.400000 + phonon energy 0.000000 | electron momentum kIdx = 10
The 31-th iteration is completed.	|| time cost : 0h 0m 0.38s
********************************************************************************************************************
Start the 32 rounds of NGS-ED iteration
	effective electronic model is modified as: kinetic energy t = 1.98101e-13, t' = -7.33436e-18
	                                           effective interaction Vq = [-54.45,-22.05, -4.05,-22.05,-22.05, -4.05, -0.45, -4.05, -4.05, -0.45,-11.25, -0.45,-22.05, -4.05, -0.45, -4.05]
	PARPACK diagonalization completed after 30 matrix-vector product operations.
	iteration results: : total energy is -378.400000 | electron energy -378.400000 + phonon energy 0.000000 | electron momentum kIdx = 10
The 32-th iteration is completed.	|| time cost : 0h 0m 0.37s
********************************************************************************************************************
Start the 33 rounds of NGS-ED iteration
	effective electronic model is modified as: kinetic energy t = 1.98052e-13, t' = -7.33248e-18
	                                           effective interaction Vq = [-54.45,-22.05, -4.05,-22.05,-22.05, -4.05, -0.45, -4.05, -4.05, -0.45,-11.25, -0.45,-22.05, -4.05, -0.45, -4.05]
	PARPACK diagonalization completed after 30 matrix-vector product operations.
	iteration results: : total energy is -378.400000 | electron energy -378.400000 + phonon energy 0.000000 | electron momentum kIdx = 10
The 33-th iteration is completed.	|| time cost : 0h 0m 0.385s
********************************************************************************************************************
Start the 34 rounds of NGS-ED iteration
	effective electronic model is modified as: kinetic energy t = 1.98096e-13, t' = -7.33427e-18
	                                           effective interaction Vq = [-54.45,-22.05, -4.05,-22.05,-22.05, -4.05, -0.45, -4.05, -4.05, -0.45,-11.25, -0.45,-22.05, -4.05, -0.45, -4.05]
	PARPACK diagonalization completed after 30 matrix-vector product operations.
	iteration results: : total energy is -378.400000 | electron energy -378.400000 + phonon energy 0.000000 | electron momentum kIdx = 10
The 34-th iteration is completed.	|| time cost : 0h 0m 0.375s
********************************************************************************************************************
Start the 35 rounds of NGS-ED iteration
	effective electronic model is modified as: kinetic energy t = 1.98097e-13, t' = -7.33425e-18
	                                           effective interaction Vq = [-54.45,-22.05, -4.05,-22.05,-22.05, -4.05, -0.45, -4.05, -4.05, -0.45,-11.25, -0.45,-22.05, -4.05, -0.45, -4.05]
	PARPACK diagonalization completed after 30 matrix-vector product operations.
	iteration results: : total energy is -378.400000 | electron energy -378.400000 + phonon energy 0.000000 | electron momentum kIdx = 10
The 35-th iteration is completed.	|| time cost : 0h 0m 0.375s
********************************************************************************************************************
Start the 36 rounds of NGS-ED iteration
	effective electronic model is modified as: kinetic energy t = 1.98099e-13, t' = -7.33428e-18
	                                           effective interaction Vq = [-54.45,-22.05, -4.05,-22.05,-22.05, -4.05, -0.45, -4.05, -4.05, -0.45,-11.25, -0.45,-22.05, -4.05, -0.45, -4.05]
	PARPACK diagonalization completed after 30 matrix-vector product operations.
	iteration results: : total energy is -378.400000 | electron energy -378.400000 + phonon energy 0.000000 | electron momentum kIdx = 10
The 36-th iteration is completed.	|| time cost : 0h 0m 0.379s
********************************************************************************************************************
Start the 37 rounds of NGS-ED iteration
	effective electronic model is modified as: kinetic energy t = 1.98099e-13, t' = -7.33425e-18
	                                           effective interaction Vq = [-54.45,-22.05, -4.05,-22.05,-22.05, -4.05, -0.45, -4.05, -4.05, -0.45,-11.25, -0.45,-22.05, -4.05, -0.45, -4.05]
	PARPACK diagonalization completed after 30 matrix-vector product operations.
	iteration results: : total energy is -378.400000 | electron energy -378.400000 + phonon energy 0.000000 | electron momentum kIdx = 10
The 37-th iteration is completed.	|| time cost : 0h 0m 0.378s
********************************************************************************************************************
Start the 38 rounds of NGS-ED iteration
	effective electronic model is modified as: kinetic energy t = 1.98099e-13, t' = -7.33427e-18
	                                           effective interaction Vq = [-54.45,-22.05, -4.05,-22.05,-22.05, -4.05, -0.45, -4.05, -4.05, -0.45,-11.25, -0.45,-22.05, -4.05, -0.45, -4.05]
	PARPACK diagonalization completed after 30 matrix-vector product operations.
	iteration results: : total energy is -378.400000 | electron energy -378.400000 + phonon energy 0.000000 | electron momentum kIdx = 10
The 38-th iteration is completed.	|| time cost : 0h 0m 0.373s
********************************************************************************************************************
Start the 39 rounds of NGS-ED iteration
	effective electronic model is modified as: kinetic energy t = 1.98094e-13, t' = -7.33429e-18
	                                           effective interaction Vq = [-54.45,-22.05, -4.05,-22.05,-22.05, -4.05, -0.45, -4.05, -4.05, -0.45,-11.25, -0.45,-22.05, -4.05, -0.45, -4.05]
	PARPACK diagonalization completed after 30 matrix-vector product operations.
	iteration results: : total energy is -378.400000 | electron energy -378.400000 + phonon energy 0.000000 | electron momentum kIdx = 10
The 39-th iteration is completed.	|| time cost : 0h 0m 0.381s
********************************************************************************************************************
Start the 40 rounds of NGS-ED iteration
	effective electronic model is modified as: kinetic energy t = 1.98104e-13, t' = -7.33436e-18
	                                           effective interaction Vq = [-54.45,-22.05, -4.05,-22.05,-22.05, -4.05, -0.45, -4.05, -4.05, -0.45,-11.25, -0.45,-22.05, -4.05, -0.45, -4.05]
	PARPACK diagonalization completed after 30 matrix-vector product operations.
	iteration results: : total energy is -378.400000 | electron energy -378.400000 + phonon energy 0.000000 | electron momentum kIdx = 10
The 40-th iteration is completed.	|| time cost : 0h 0m 0.378s
********************************************************************************************************************
Start the 41 rounds of NGS-ED iteration
	effective electronic model is modified as: kinetic energy t = 1.981e-13, t' = -7.33419e-18
	                                           effective interaction Vq = [-54.45,-22.05, -4.05,-22.05,-22.05, -4.05, -0.45, -4.05, -4.05, -0.45,-11.25, -0.45,-22.05, -4.05, -0.45, -4.05]
	PARPACK diagonalization completed after 30 matrix-vector product operations.
	iteration results: : total energy is -378.400000 | electron energy -378.400000 + phonon energy 0.000000 | electron momentum kIdx = 10
The 41-th iteration is completed.	|| time cost : 0h 0m 0.373s
********************************************************************************************************************
Start the 42 rounds of NGS-ED iteration
	effective electronic model is modified as: kinetic energy t = 1.98102e-13, t' = -7.33429e-18
	                                           effective interaction Vq = [-54.45,-22.05, -4.05,-22.05,-22.05, -4.05, -0.45, -4.05, -4.05, -0.45,-11.25, -0.45,-22.05, -4.05, -0.45, -4.05]
	PARPACK diagonalization completed after 30 matrix-vector product operations.
	iteration results: : total energy is -378.400000 | electron energy -378.400000 + phonon energy 0.000000 | electron momentum kIdx = 10
The 42-th iteration is completed.	|| time cost : 0h 0m 0.374s
********************************************************************************************************************
Start the 43 rounds of NGS-ED iteration
	effective electronic model is modified as: kinetic energy t = 1.98102e-13, t' = -7.33426e-18
	                                           effective interaction Vq = [-54.45,-22.05, -4.05,-22.05,-22.05, -4.05, -0.45, -4.05, -4.05, -0.45,-11.25, -0.45,-22.05, -4.05, -0.45, -4.05]
	PARPACK diagonalization completed after 30 matrix-vector product operations.
	iteration results: : total energy is -378.400000 | electron energy -378.400000 + phonon energy 0.000000 | electron momentum kIdx = 10
The 43-th iteration is completed.	|| time cost : 0h 0m 0.376s
********************************************************************************************************************
Start the 44 rounds of NGS-ED iteration
	effective electronic model is modified as: kinetic energy t = 1.98095e-13, t' = -7.33425e-18
	                                           effective interaction Vq = [-54.45,-22.05, -4.05,-22.05,-22.05, -4.05, -0.45, -4.05, -4.05, -0.45,-11.25, -0.45,-22.05, -4.05, -0.45, -4.05]
	PARPACK diagonalization completed after 30 matrix-vector product operations.
	iteration results: : total energy is -378.400000 | electron energy -378.400000 + phonon energy 0.000000 | electron momentum kIdx = 10
The 44-th iteration is completed.	|| time cost : 0h 0m 0.377s
********************************************************************************************************************
Start the 45 rounds of NGS-ED iteration
	effective electronic model is modified as: kinetic energy t = 1.98098e-13, t' = -7.33423e-18
	                                           effective interaction Vq = [-54.45,-22.05, -4.05,-22.05,-22.05, -4.05, -0.45, -4.05, -4.05, -0.45,-11.25, -0.45,-22.05, -4.05, -0.45, -4.05]
	PARPACK diagonalization completed after 30 matrix-vector product operations.
	iteration results: : total energy is -378.400000 | electron energy -378.400000 + phonon energy 0.000000 | electron momentum kIdx = 10
The 45-th iteration is completed.	|| time cost : 0h 0m 0.371s
********************************************************************************************************************
Start the 46 rounds of NGS-ED iteration
	effective electronic model is modified as: kinetic energy t = 1.98124e-13, t' = -7.33513e-18
	                                           effective interaction Vq = [-54.45,-22.05, -4.05,-22.05,-22.05, -4.05, -0.45, -4.05, -4.05, -0.45,-11.25, -0.45,-22.05, -4.05, -0.45, -4.05]
	PARPACK diagonalization completed after 30 matrix-vector product operations.
	iteration results: : total energy is -378.400000 | electron energy -378.400000 + phonon energy 0.000000 | electron momentum kIdx = 10
The 46-th iteration is completed.	|| time cost : 0h 0m 0.371s
********************************************************************************************************************
Start the 47 rounds of NGS-ED iteration
	effective electronic model is modified as: kinetic energy t = 1.98098e-13, t' = -7.33428e-18
	                                           effective interaction Vq = [-54.45,-22.05, -4.05,-22.05,-22.05, -4.05, -0.45, -4.05, -4.05, -0.45,-11.25, -0.45,-22.05, -4.05, -0.45, -4.05]
	PARPACK diagonalization completed after 30 matrix-vector product operations.
	iteration results: : total energy is -378.400000 | electron energy -378.400000 + phonon energy 0.000000 | electron momentum kIdx = 10
The 47-th iteration is completed.	|| time cost : 0h 0m 0.377s
********************************************************************************************************************
Start the 48 rounds of NGS-ED iteration
	effective electronic model is modified as: kinetic energy t = 1.98095e-13, t' = -7.33426e-18
