SNEDics v3.4 Non-Gaussian ED ground state program		Start at Tue Oct  1 13:54:28 2019

parallized on 16 MPI threads  * 8 OpenMP threads = 128 total threads.
********************************************************************************************************************
********************************************************************************************************************

********************************************************************************************************************
System parameters and configurations
********************************************************************************************************************
Special program options are enabled: splitted diagonal Hamiltonian
********************************************************************************************************************
Read input file "model_params.in"
	Hubbard-Holstein model parameters : 	t = 1    U = 5.7    g = 3.8078    W = 5    
********************************************************************************************************************
Read input file "hilbertspace_params.in"
	Requested 16-site 2D lattice, with 16 electrons (8, 8)
	Boundary : Periodic		Hilbert space representation : momentum-space (restricted to kIdx = 0)
	Conservation: particle number[U(1)]      spin[U(1)]     momentum
********************************************************************************************************************

Cluster Positions:				Cluster symmetry group : D4
 x ... x ... x ... x .....                       x ... x ... x ... x .....
 |           |           :                       |           |           :
 |           |           :                       |           |           :
12    13    14    15     x                       1     5     6     5     x
 |           |           :                       |           |           :
 |           |           :                       |           |           :
 8 --- 9 ---10 ---11 --- x                       2 --- 6 ---10 --- 6 --- x
 |           |           :                       |           |           :
 |           |           :                       |           |           :
 4     5     6     7     x                       1     5     6     5     x
 |           |           :                       |           |           :
 |           |           :                       |           |           :
 0 --- 1 --- 2 --- 3 --- x                       0 --- 1 --- 2 --- 1 --- x
orbital number : 1
********************************************************************************************************************
Read input file "obs_params.in"
	Observable Type : Nq(All),   Sq(All),   N(All),   Delta[s](All),   Delta[d](All),   Delta[s+](All)
********************************************************************************************************************
** WARNING ** the input observables have non-local factors which have been reinterpreted. The total observable number is 96
********************************************************************************************************************


********************************************************************************************************************
Start calculating the non-Gaussian ED ground state
** WARNING ** Detected low phonon energy W < 10. The initial state will be prepared through a warm-up process.
********************************************************************************************************************
Start warm-up calculation for scaling factor 2
open output files: NGSEDWarmUpW10Obs.txt
********************************************************************************************************************
Start the 0 rounds of NGS-ED iteration
	effective electronic model is modified as: kinetic energy t = 1
	                                           effective interaction Vq = [-0,-0,-0,-0,-0,-0,-0,-0,-0,-0,-0,-0,-0,-0,-0,-0]
	first Hamiltonian is constructed, non-zero numbers = 2845383612
	PARPACK diagonalization completed after 90 matrix-vector product operations.
	iteration results: : total energy is -10.940651 | electron energy -10.940651 + phonon energy 0.000000 | electron momentum kIdx = 0
	Nq(0) = 16,	Nq(1) = 0.105527,	Nq(2) = 0.171054,	Nq(3) = 0.105527,	Nq(4) = 0.105527,	Nq(5) = 0.171054,	Nq(6) = 0.232427,	Nq(7) = 0.171054,	Nq(8) = 0.171054,	Nq(9) = 0.232427,	Nq(10) = 0.288265,	Nq(11) = 0.232427,	Nq(12) = 0.105527,	Nq(13) = 0.171054,	Nq(14) = 0.232427,	Nq(15) = 0.171054,	Sq(0) = 1.57674e-18,	Sq(1) = 0.42512,	Sq(2) = 0.633356,	Sq(3) = 0.42512,	Sq(4) = 0.42512,	Sq(5) = 0.633356,	Sq(6) = 0.866049,	Sq(7) = 0.633356,	Sq(8) = 0.633356,	Sq(9) = 0.866049,	Sq(10) = 4.36877,	Sq(11) = 0.866049,	Sq(12) = 0.42512,	Sq(13) = 0.633356,	Sq(14) = 0.866049,	Sq(15) = 0.633356,	N(0) = 1.86933,	N(1) = 1.72408,	N(2) = 1,	N(3) = 1.72408,	N(4) = 1.72408,	N(5) = 1,	N(6) = 0.27592,	N(7) = 1,	N(8) = 1,	N(9) = 0.27592,	N(10) = 0.13067,	N(11) = 0.27592,	N(12) = 1.72408,	N(13) = 1,	N(14) = 0.27592,	N(15) = 1,	Delta[s](0) = 0.129628,	Delta[s](1) = 0.108354,	Delta[s](2) = 0.0849899,	Delta[s](3) = 0.108354,	Delta[s](4) = 0.108354,	Delta[s](5) = 0.0849899,	Delta[s](6) = 0.0600463,	Delta[s](7) = 0.0849899,	Delta[s](8) = 0.0849899,	Delta[s](9) = 0.0600463,	Delta[s](10) = 0.0200336,	Delta[s](11) = 0.0600463,	Delta[s](12) = 0.108354,	Delta[s](13) = 0.0849899,	Delta[s](14) = 0.0600463,	Delta[s](15) = 0.0849899,	Delta[d](0) = 0.570483,	Delta[d](1) = 0.416997,	Delta[d](2) = 0.324131,	Delta[d](3) = 0.416997,	Delta[d](4) = 0.416997,	Delta[d](5) = 0.334618,	Delta[d](6) = 0.237804,	Delta[d](7) = 0.334618,	Delta[d](8) = 0.324131,	Delta[d](9) = 0.237804,	Delta[d](10) = 0.113875,	Delta[d](11) = 0.237804,	Delta[d](12) = 0.416997,	Delta[d](13) = 0.334618,	Delta[d](14) = 0.237804,	Delta[d](15) = 0.334618,	Delta[s+](0) = 0.605301,	Delta[s+](1) = 0.478447,	Delta[s+](2) = 0.324131,	Delta[s+](3) = 0.478447,	Delta[s+](4) = 0.478447,	Delta[s+](5) = 0.324131,	Delta[s+](6) = 0.175018,	Delta[s+](7) = 0.324131,	Delta[s+](8) = 0.324131,	Delta[s+](9) = 0.175018,	Delta[s+](10) = 0.0535204,	Delta[s+](11) = 0.175018,	Delta[s+](12) = 0.478447,	Delta[s+](13) = 0.324131,	Delta[s+](14) = 0.175018,	Delta[s+](15) = 0.324131
The 0-th iteration is completed.	|| time cost : 0h 8m 44.403s
********************************************************************************************************************
Start the 1 rounds of NGS-ED iteration
	effective electronic model is modified as: kinetic energy t = 0.933948
	                                           effective interaction Vq = [-2.50741,-2.21509,-2.15076,-2.21509,-2.21509,-2.15076,-2.11696,-2.15076,-2.15076,-2.11696,-2.09072,-2.11696,-2.21509,-2.15076,-2.11696,-2.15076]
	PARPACK diagonalization completed after 45 matrix-vector product operations.
	iteration results: : total energy is -58.170589 | electron energy -58.174066 + phonon energy 0.003477 | electron momentum kIdx = 0
The 1-th iteration is completed.	|| time cost : 0h 7m 43.097s
********************************************************************************************************************
Start the 2 rounds of NGS-ED iteration
	effective electronic model is modified as: kinetic energy t = 0.88267
	                                           effective interaction Vq = [-2.84676,-2.67993,-2.57162,-2.67993,-2.67993,-2.57162, -2.5633,-2.57162,-2.57162, -2.5633,-2.51194, -2.5633,-2.67993,-2.57162, -2.5633,-2.57162]
	PARPACK diagonalization completed after 45 matrix-vector product operations.
	iteration results: : total energy is -64.958887 | electron energy -64.991551 + phonon energy 0.032664 | electron momentum kIdx = 0
The 2-th iteration is completed.	|| time cost : 0h 0m 32.115s
********************************************************************************************************************
Start the 3 rounds of NGS-ED iteration
	effective electronic model is modified as: kinetic energy t = 0.861759
	                                           effective interaction Vq = [-2.89268,-2.79247,-2.67474,-2.79247,-2.79247,-2.67474,-2.68641,-2.67474,-2.67474,-2.68641,-2.62059,-2.68641,-2.79247,-2.67474,-2.68641,-2.67474]
	PARPACK diagonalization completed after 45 matrix-vector product operations.
	iteration results: : total energy is -65.894489 | electron energy -65.954511 + phonon energy 0.060021 | electron momentum kIdx = 0
The 3-th iteration is completed.	|| time cost : 0h 0m 32.086s
********************************************************************************************************************
Start the 4 rounds of NGS-ED iteration
	effective electronic model is modified as: kinetic energy t = 0.854082
	                                           effective interaction Vq = [ -2.8989,-2.82452,-2.70458,-2.82452,-2.82452,-2.70458,-2.72562,-2.70458,-2.70458,-2.72562,-2.65292,-2.72562,-2.82452,-2.70458,-2.72562,-2.70458]
	PARPACK diagonalization completed after 45 matrix-vector product operations.
	iteration results: : total energy is -66.021016 | electron energy -66.094342 + phonon energy 0.073326 | electron momentum kIdx = 0
The 4-th iteration is completed.	|| time cost : 0h 0m 32.371s
********************************************************************************************************************
Start the 5 rounds of NGS-ED iteration
	effective electronic model is modified as: kinetic energy t = 0.851351
	                                           effective interaction Vq = [-2.89974,-2.83484,-2.71394,-2.83484,-2.83484,-2.71394, -2.7391,-2.71394,-2.71394, -2.7391,-2.66322, -2.7391,-2.83484,-2.71394, -2.7391,-2.71394]
	PARPACK diagonalization completed after 30 matrix-vector product operations.
	iteration results: : total energy is -66.037982 | electron energy -66.116561 + phonon energy 0.078579 | electron momentum kIdx = 0
The 5-th iteration is completed.	|| time cost : 0h 0m 27.682s
********************************************************************************************************************
Start the 6 rounds of NGS-ED iteration
	effective electronic model is modified as: kinetic energy t = 0.850388
	                                           effective interaction Vq = [-2.89985,-2.83839,-2.71698,-2.83839,-2.83839,-2.71698,-2.74388,-2.71698,-2.71698,-2.74388, -2.6666,-2.74388,-2.83839,-2.71698,-2.74388,-2.71698]
	PARPACK diagonalization completed after 30 matrix-vector product operations.
	iteration results: : total energy is -66.040251 | electron energy -66.120759 + phonon energy 0.080508 | electron momentum kIdx = 0
The 6-th iteration is completed.	|| time cost : 0h 0m 27.412s
********************************************************************************************************************
Start the 7 rounds of NGS-ED iteration
	effective electronic model is modified as: kinetic energy t = 0.85005
	                                           effective interaction Vq = [-2.89987,-2.83964,-2.71797,-2.83964,-2.83964,-2.71797,-2.74561,-2.71797,-2.71797,-2.74561,-2.66772,-2.74561,-2.83964,-2.71797,-2.74561,-2.71797]
	PARPACK diagonalization completed after 30 matrix-vector product operations.
	iteration results: : total energy is -66.040555 | electron energy -66.121752 + phonon energy 0.081198 | electron momentum kIdx = 0
The 7-th iteration is completed.	|| time cost : 0h 0m 27.515s
********************************************************************************************************************
Start the 8 rounds of NGS-ED iteration
	effective electronic model is modified as: kinetic energy t = 0.84993
	                                           effective interaction Vq = [-2.89987,-2.84008, -2.7183,-2.84008,-2.84008, -2.7183,-2.74623, -2.7183, -2.7183,-2.74623,-2.66809,-2.74623,-2.84008, -2.7183,-2.74623, -2.7183]
	PARPACK diagonalization completed after 30 matrix-vector product operations.
	iteration results: : total energy is -66.040595 | electron energy -66.122038 + phonon energy 0.081443 | electron momentum kIdx = 0
	Nq(0) = 16,	Nq(1) = 0.370936,	Nq(2) = 0.367073,	Nq(3) = 0.370936,	Nq(4) = 0.370936,	Nq(5) = 0.367073,	Nq(6) = 0.601751,	Nq(7) = 0.367073,	Nq(8) = 0.367073,	Nq(9) = 0.601751,	Nq(10) = 0.60268,	Nq(11) = 0.601751,	Nq(12) = 0.370936,	Nq(13) = 0.367073,	Nq(14) = 0.601751,	Nq(15) = 0.367073,	Sq(0) = 3.46992e-18,	Sq(1) = 0.379497,	Sq(2) = 0.550028,	Sq(3) = 0.379497,	Sq(4) = 0.379497,	Sq(5) = 0.550028,	Sq(6) = 0.635771,	Sq(7) = 0.550028,	Sq(8) = 0.550028,	Sq(9) = 0.635771,	Sq(10) = 1.9429,	Sq(11) = 0.635771,	Sq(12) = 0.379497,	Sq(13) = 0.550028,	Sq(14) = 0.635771,	Sq(15) = 0.550028,	N(0) = 1.99959,	N(1) = 1.99947,	N(2) = 1,	N(3) = 1.99947,	N(4) = 1.99947,	N(5) = 1,	N(6) = 0.000531438,	N(7) = 1,	N(8) = 1,	N(9) = 0.000531438,	N(10) = 0.000407697,	N(11) = 0.000531438,	N(12) = 1.99947,	N(13) = 1,	N(14) = 0.000531438,	N(15) = 1,	Delta[s](0) = 0.260999,	Delta[s](1) = 0.256819,	Delta[s](2) = 0.197205,	Delta[s](3) = 0.256819,	Delta[s](4) = 0.256819,	Delta[s](5) = 0.197205,	Delta[s](6) = 0.193526,	Delta[s](7) = 0.197205,	Delta[s](8) = 0.197205,	Delta[s](9) = 0.193526,	Delta[s](10) = 0.102325,	Delta[s](11) = 0.193526,	Delta[s](12) = 0.256819,	Delta[s](13) = 0.197205,	Delta[s](14) = 0.193526,	Delta[s](15) = 0.197205,	Delta[d](0) = 0.542987,	Delta[d](1) = 0.309524,	Delta[d](2) = 0.272849,	Delta[d](3) = 0.309524,	Delta[d](4) = 0.309524,	Delta[d](5) = 0.325664,	Delta[d](6) = 0.241471,	Delta[d](7) = 0.325664,	Delta[d](8) = 0.272849,	Delta[d](9) = 0.241471,	Delta[d](10) = 0.111515,	Delta[d](11) = 0.241471,	Delta[d](12) = 0.309524,	Delta[d](13) = 0.325664,	Delta[d](14) = 0.241471,	Delta[d](15) = 0.325664,	Delta[s+](0) = 0.505328,	Delta[s+](1) = 0.413576,	Delta[s+](2) = 0.272849,	Delta[s+](3) = 0.413576,	Delta[s+](4) = 0.413576,	Delta[s+](5) = 0.272849,	Delta[s+](6) = 0.130884,	Delta[s+](7) = 0.272849,	Delta[s+](8) = 0.272849,	Delta[s+](9) = 0.130884,	Delta[s+](10) = 0.0354511,	Delta[s+](11) = 0.130884,	Delta[s+](12) = 0.413576,	Delta[s+](13) = 0.272849,	Delta[s+](14) = 0.130884,	Delta[s+](15) = 0.272849
The 8-th iteration is completed.	|| time cost : 0h 4m 32.437s
********************************************************************************************************************
********************************************************************************************************************
Ground state is obtained after 9 iterations. The current ground-state energy is -66.0406, in which electron energy is -66.122 and phonon energy is 0.0814425
final variational state is: 
	Gamma_x = [      1,1.02675,1.04072,1.02675,1.02675,1.04072,1.06368,1.04072,1.04072,1.06368,1.07336,1.06368,1.02675,1.04072,1.06368,1.04072]
	lambda_q = [0.538438,0.461286,0.403799,0.461286,0.461286,0.403799,0.414645,0.403799,0.403799,0.414645,0.386302,0.414645,0.461286,0.403799,0.414645,0.403799]
********************************************************************************************************************
o___o  ----------------------------------------
| L |	Time since last clock: 0h 0m 0s
A===A	Time since the beginning: 0h 23m 59.122s
***********************************************


********************************************************************************************************************
Warm up runs have been completed. Start calculating W = 5 phonon.
open output files: NGSEDIterationObs.txt
********************************************************************************************************************
Start the 0 rounds of NGS-ED iteration
	effective electronic model is modified as: kinetic energy t = 0.849888
	                                           effective interaction Vq = [-2.65095,-2.44905, -2.2599,-2.44905,-2.44905, -2.2599,-2.29812, -2.2599, -2.2599,-2.29812,-2.19578,-2.29812,-2.44905, -2.2599,-2.29812, -2.2599]
	PARPACK diagonalization completed after 45 matrix-vector product operations.
	iteration results: : total energy is -59.347610 | electron energy -59.388375 + phonon energy 0.040765 | electron momentum kIdx = 0
	Nq(0) = 16,	Nq(1) = 0.298653,	Nq(2) = 0.335287,	Nq(3) = 0.298653,	Nq(4) = 0.298653,	Nq(5) = 0.335287,	Nq(6) = 0.505155,	Nq(7) = 0.335287,	Nq(8) = 0.335287,	Nq(9) = 0.505155,	Nq(10) = 0.547201,	Nq(11) = 0.505155,	Nq(12) = 0.298653,	Nq(13) = 0.335287,	Nq(14) = 0.505155,	Nq(15) = 0.335287,	Sq(0) = 6.33107e-19,	Sq(1) = 0.401398,	Sq(2) = 0.582727,	Sq(3) = 0.401398,	Sq(4) = 0.401398,	Sq(5) = 0.582727,	Sq(6) = 0.688701,	Sq(7) = 0.582727,	Sq(8) = 0.582727,	Sq(9) = 0.688701,	Sq(10) = 2.36909,	Sq(11) = 0.688701,	Sq(12) = 0.401398,	Sq(13) = 0.582727,	Sq(14) = 0.688701,	Sq(15) = 0.582727,	N(0) = 1.99159,	N(1) = 1.98325,	N(2) = 1,	N(3) = 1.98325,	N(4) = 1.98325,	N(5) = 1,	N(6) = 0.016749,	N(7) = 1,	N(8) = 1,	N(9) = 0.016749,	N(10) = 0.00840772,	N(11) = 0.016749,	N(12) = 1.98325,	N(13) = 1,	N(14) = 0.016749,	N(15) = 1,	Delta[s](0) = 0.229219,	Delta[s](1) = 0.215627,	Delta[s](2) = 0.175208,	Delta[s](3) = 0.215627,	Delta[s](4) = 0.215627,	Delta[s](5) = 0.175208,	Delta[s](6) = 0.162474,	Delta[s](7) = 0.175208,	Delta[s](8) = 0.175208,	Delta[s](9) = 0.162474,	Delta[s](10) = 0.0942103,	Delta[s](11) = 0.162474,	Delta[s](12) = 0.215627,	Delta[s](13) = 0.175208,	Delta[s](14) = 0.162474,	Delta[s](15) = 0.175208,	Delta[d](0) = 0.559003,	Delta[d](1) = 0.343458,	Delta[d](2) = 0.296274,	Delta[d](3) = 0.343458,	Delta[d](4) = 0.343458,	Delta[d](5) = 0.338169,	Delta[d](6) = 0.253457,	Delta[d](7) = 0.338169,	Delta[d](8) = 0.296274,	Delta[d](9) = 0.253457,	Delta[d](10) = 0.121417,	Delta[d](11) = 0.253457,	Delta[d](12) = 0.343458,	Delta[d](13) = 0.338169,	Delta[d](14) = 0.253457,	Delta[d](15) = 0.338169,	Delta[s+](0) = 0.552434,	Delta[s+](1) = 0.448506,	Delta[s+](2) = 0.296274,	Delta[s+](3) = 0.448506,	Delta[s+](4) = 0.448506,	Delta[s+](5) = 0.296274,	Delta[s+](6) = 0.146645,	Delta[s+](7) = 0.296274,	Delta[s+](8) = 0.296274,	Delta[s+](9) = 0.146645,	Delta[s+](10) = 0.0412795,	Delta[s+](11) = 0.146645,	Delta[s+](12) = 0.448506,	Delta[s+](13) = 0.296274,	Delta[s+](14) = 0.146645,	Delta[s+](15) = 0.296274
The 0-th iteration is completed.	|| time cost : 0h 4m 53.29s
********************************************************************************************************************
Start the 1 rounds of NGS-ED iteration
	effective electronic model is modified as: kinetic energy t = 0.836545
	                                           effective interaction Vq = [ -2.8083,-2.56758,-2.34959,-2.56758,-2.56758,-2.34959,-2.37731,-2.34959,-2.34959,-2.37731,-2.26875,-2.37731,-2.56758,-2.34959,-2.37731,-2.34959]
	PARPACK diagonalization completed after 45 matrix-vector product operations.
	iteration results: : total energy is -62.006297 | electron energy -62.119945 + phonon energy 0.113648 | electron momentum kIdx = 0
The 1-th iteration is completed.	|| time cost : 0h 0m 32.184s
********************************************************************************************************************
Start the 2 rounds of NGS-ED iteration
	effective electronic model is modified as: kinetic energy t = 0.827073
	                                           effective interaction Vq = [-2.86618,-2.63265,-2.40046,-2.63265,-2.63265,-2.40046,-2.42987,-2.40046,-2.40046,-2.42987,-2.31673,-2.42987,-2.63265,-2.40046,-2.42987,-2.40046]
	PARPACK diagonalization completed after 45 matrix-vector product operations.
	iteration results: : total energy is -62.984208 | electron energy -63.146515 + phonon energy 0.162306 | electron momentum kIdx = 0
The 2-th iteration is completed.	|| time cost : 0h 0m 32.111s
********************************************************************************************************************
Start the 3 rounds of NGS-ED iteration
	effective electronic model is modified as: kinetic energy t = 0.820908
	                                           effective interaction Vq = [-2.88748,-2.66953,-2.42932,-2.66953,-2.66953,-2.42932,-2.46294,-2.42932,-2.42932,-2.46294,-2.34587,-2.46294,-2.66953,-2.42932,-2.46294,-2.42932]
	PARPACK diagonalization completed after 45 matrix-vector product operations.
	iteration results: : total energy is -63.344267 | electron energy -63.536005 + phonon energy 0.191739 | electron momentum kIdx = 0
The 3-th iteration is completed.	|| time cost : 0h 0m 32.144s
********************************************************************************************************************
Start the 4 rounds of NGS-ED iteration
	effective electronic model is modified as: kinetic energy t = 0.817045
	                                           effective interaction Vq = [-2.89531,-2.69093,-2.44579,-2.69093,-2.69093,-2.44579,-2.48344,-2.44579,-2.44579,-2.48344,-2.36314,-2.48344,-2.69093,-2.44579,-2.48344,-2.44579]
	PARPACK diagonalization completed after 45 matrix-vector product operations.
	iteration results: : total energy is -63.476834 | electron energy -63.686256 + phonon energy 0.209422 | electron momentum kIdx = 0
The 4-th iteration is completed.	|| time cost : 0h 0m 32.424s
********************************************************************************************************************
Start the 5 rounds of NGS-ED iteration
	effective electronic model is modified as: kinetic energy t = 0.814667
	                                           effective interaction Vq = [-2.89819,-2.70356,-2.45524,-2.70356,-2.70356,-2.45524,-2.49609,-2.45524,-2.45524,-2.49609,-2.37332,-2.49609,-2.70356,-2.45524,-2.49609,-2.45524]
	PARPACK diagonalization completed after 45 matrix-vector product operations.
	iteration results: : total energy is -63.525636 | electron energy -63.745731 + phonon energy 0.220095 | electron momentum kIdx = 0
The 5-th iteration is completed.	|| time cost : 0h 0m 32.135s
********************************************************************************************************************
Start the 6 rounds of NGS-ED iteration
	effective electronic model is modified as: kinetic energy t = 0.813216
	                                           effective interaction Vq = [-2.89925, -2.7111,-2.46069, -2.7111, -2.7111,-2.46069, -2.5039,-2.46069,-2.46069, -2.5039,-2.37931, -2.5039, -2.7111,-2.46069, -2.5039,-2.46069]
	PARPACK diagonalization completed after 45 matrix-vector product operations.
	iteration results: : total energy is -63.543600 | electron energy -63.770159 + phonon energy 0.226559 | electron momentum kIdx = 0
The 6-th iteration is completed.	|| time cost : 0h 0m 32.094s
********************************************************************************************************************
Start the 7 rounds of NGS-ED iteration
	effective electronic model is modified as: kinetic energy t = 0.812334
	                                           effective interaction Vq = [-2.89964,-2.71564,-2.46384,-2.71564,-2.71564,-2.46384,-2.50872,-2.46384,-2.46384,-2.50872,-2.38284,-2.50872,-2.71564,-2.46384,-2.50872,-2.46384]
	PARPACK diagonalization completed after 30 matrix-vector product operations.
	iteration results: : total energy is -63.550212 | electron energy -63.780694 + phonon energy 0.230482 | electron momentum kIdx = 0
The 7-th iteration is completed.	|| time cost : 0h 0m 27.387s
********************************************************************************************************************
Start the 8 rounds of NGS-ED iteration
	effective electronic model is modified as: kinetic energy t = 0.811799
	                                           effective interaction Vq = [-2.89978,-2.71838,-2.46568,-2.71838,-2.71838,-2.46568, -2.5117,-2.46568,-2.46568, -2.5117,-2.38492, -2.5117,-2.71838,-2.46568, -2.5117,-2.46568]
	PARPACK diagonalization completed after 30 matrix-vector product operations.
	iteration results: : total energy is -63.552646 | electron energy -63.785509 + phonon energy 0.232864 | electron momentum kIdx = 0
The 8-th iteration is completed.	|| time cost : 0h 0m 27.336s
********************************************************************************************************************
Start the 9 rounds of NGS-ED iteration
	effective electronic model is modified as: kinetic energy t = 0.811474
	                                           effective interaction Vq = [-2.89984,-2.72004,-2.46675,-2.72004,-2.72004,-2.46675,-2.51354,-2.46675,-2.46675,-2.51354,-2.38615,-2.51354,-2.72004,-2.46675,-2.51354,-2.46675]
	PARPACK diagonalization completed after 30 matrix-vector product operations.
	iteration results: : total energy is -63.553542 | electron energy -63.787852 + phonon energy 0.234310 | electron momentum kIdx = 0
The 9-th iteration is completed.	|| time cost : 0h 0m 27.418s
********************************************************************************************************************
Start the 10 rounds of NGS-ED iteration
	effective electronic model is modified as: kinetic energy t = 0.811277
	                                           effective interaction Vq = [-2.89986,-2.72105,-2.46737,-2.72105,-2.72105,-2.46737,-2.51468,-2.46737,-2.46737,-2.51468,-2.38689,-2.51468,-2.72105,-2.46737,-2.51468,-2.46737]
	PARPACK diagonalization completed after 30 matrix-vector product operations.
	iteration results: : total energy is -63.553872 | electron energy -63.789061 + phonon energy 0.235190 | electron momentum kIdx = 0
	Nq(0) = 16,	Nq(1) = 0.341965,	Nq(2) = 0.350008,	Nq(3) = 0.341965,	Nq(4) = 0.341965,	Nq(5) = 0.350008,	Nq(6) = 0.548363,	Nq(7) = 0.350008,	Nq(8) = 0.350008,	Nq(9) = 0.548363,	Nq(10) = 0.569106,	Nq(11) = 0.548363,	Nq(12) = 0.341965,	Nq(13) = 0.350008,	Nq(14) = 0.548363,	Nq(15) = 0.350008,	Sq(0) = 4.41749e-18,	Sq(1) = 0.391058,	Sq(2) = 0.568563,	Sq(3) = 0.391058,	Sq(4) = 0.391058,	Sq(5) = 0.568563,	Sq(6) = 0.662976,	Sq(7) = 0.568563,	Sq(8) = 0.568563,	Sq(9) = 0.662976,	Sq(10) = 2.14202,	Sq(11) = 0.662976,	Sq(12) = 0.391058,	Sq(13) = 0.568563,	Sq(14) = 0.662976,	Sq(15) = 0.568563,	N(0) = 1.99623,	N(1) = 1.99416,	N(2) = 1,	N(3) = 1.99416,	N(4) = 1.99416,	N(5) = 1,	N(6) = 0.0058408,	N(7) = 1,	N(8) = 1,	N(9) = 0.0058408,	N(10) = 0.00377247,	N(11) = 0.0058408,	N(12) = 1.99416,	N(13) = 1,	N(14) = 0.0058408,	N(15) = 1,	Delta[s](0) = 0.238161,	Delta[s](1) = 0.229106,	Delta[s](2) = 0.18799,	Delta[s](3) = 0.229106,	Delta[s](4) = 0.229106,	Delta[s](5) = 0.18799,	Delta[s](6) = 0.179735,	Delta[s](7) = 0.18799,	Delta[s](8) = 0.18799,	Delta[s](9) = 0.179735,	Delta[s](10) = 0.113766,	Delta[s](11) = 0.179735,	Delta[s](12) = 0.229106,	Delta[s](13) = 0.18799,	Delta[s](14) = 0.179735,	Delta[s](15) = 0.18799,	Delta[d](0) = 0.577731,	Delta[d](1) = 0.353676,	Delta[d](2) = 0.308324,	Delta[d](3) = 0.353676,	Delta[d](4) = 0.353676,	Delta[d](5) = 0.354721,	Delta[d](6) = 0.269024,	Delta[d](7) = 0.354721,	Delta[d](8) = 0.308324,	Delta[d](9) = 0.269024,	Delta[d](10) = 0.137791,	Delta[d](11) = 0.269024,	Delta[d](12) = 0.353676,	Delta[d](13) = 0.354721,	Delta[d](14) = 0.269024,	Delta[d](15) = 0.354721,	Delta[s+](0) = 0.56442,	Delta[s+](1) = 0.460599,	Delta[s+](2) = 0.308324,	Delta[s+](3) = 0.460599,	Delta[s+](4) = 0.460599,	Delta[s+](5) = 0.308324,	Delta[s+](6) = 0.156201,	Delta[s+](7) = 0.308324,	Delta[s+](8) = 0.308324,	Delta[s+](9) = 0.156201,	Delta[s+](10) = 0.0496183,	Delta[s+](11) = 0.156201,	Delta[s+](12) = 0.460599,	Delta[s+](13) = 0.308324,	Delta[s+](14) = 0.156201,	Delta[s+](15) = 0.308324
The 10-th iteration is completed.	|| time cost : 0h 4m 25.663s
********************************************************************************************************************
Start the 11 rounds of NGS-ED iteration
	effective electronic model is modified as: kinetic energy t = 0.811158
	                                           effective interaction Vq = [-2.89986,-2.72166,-2.46774,-2.72166,-2.72166,-2.46774,-2.51538,-2.46774,-2.46774,-2.51538,-2.38732,-2.51538,-2.72166,-2.46774,-2.51538,-2.46774]
	PARPACK diagonalization completed after 30 matrix-vector product operations.
	iteration results: : total energy is -63.553993 | electron energy -63.789717 + phonon energy 0.235724 | electron momentum kIdx = 0
The 11-th iteration is completed.	|| time cost : 0h 0m 27.688s
********************************************************************************************************************
Start the 12 rounds of NGS-ED iteration
	effective electronic model is modified as: kinetic energy t = 0.811085
	                                           effective interaction Vq = [-2.89987,-2.72203,-2.46796,-2.72203,-2.72203,-2.46796,-2.51581,-2.46796,-2.46796,-2.51581,-2.38758,-2.51581,-2.72203,-2.46796,-2.51581,-2.46796]
	PARPACK diagonalization completed after 30 matrix-vector product operations.
	iteration results: : total energy is -63.554038 | electron energy -63.790087 + phonon energy 0.236049 | electron momentum kIdx = 0
The 12-th iteration is completed.	|| time cost : 0h 0m 27.419s
********************************************************************************************************************
Start the 13 rounds of NGS-ED iteration
	effective electronic model is modified as: kinetic energy t = 0.811041
	                                           effective interaction Vq = [-2.89987,-2.72226,-2.46808,-2.72226,-2.72226,-2.46808,-2.51608,-2.46808,-2.46808,-2.51608,-2.38773,-2.51608,-2.72226,-2.46808,-2.51608,-2.46808]
	PARPACK diagonalization completed after 30 matrix-vector product operations.
	iteration results: : total energy is -63.554054 | electron energy -63.790301 + phonon energy 0.236247 | electron momentum kIdx = 0
The 13-th iteration is completed.	|| time cost : 0h 0m 27.398s
********************************************************************************************************************
Start the 14 rounds of NGS-ED iteration
	effective electronic model is modified as: kinetic energy t = 0.811014
	                                           effective interaction Vq = [-2.89987, -2.7224,-2.46816, -2.7224, -2.7224,-2.46816,-2.51624,-2.46816,-2.46816,-2.51624,-2.38783,-2.51624, -2.7224,-2.46816,-2.51624,-2.46816]
	PARPACK diagonalization completed after 30 matrix-vector product operations.
	iteration results: : total energy is -63.554060 | electron energy -63.790428 + phonon energy 0.236368 | electron momentum kIdx = 0
The 14-th iteration is completed.	|| time cost : 0h 0m 27.455s
********************************************************************************************************************
Start the 15 rounds of NGS-ED iteration
	effective electronic model is modified as: kinetic energy t = 0.810998
	                                           effective interaction Vq = [-2.89987,-2.72248, -2.4682,-2.72248,-2.72248, -2.4682,-2.51634, -2.4682, -2.4682,-2.51634,-2.38788,-2.51634,-2.72248, -2.4682,-2.51634, -2.4682]
	PARPACK diagonalization completed after 30 matrix-vector product operations.
	iteration results: : total energy is -63.554062 | electron energy -63.790504 + phonon energy 0.236441 | electron momentum kIdx = 0
The 15-th iteration is completed.	|| time cost : 0h 0m 27.442s
********************************************************************************************************************
Start the 16 rounds of NGS-ED iteration
	effective electronic model is modified as: kinetic energy t = 0.810988
	                                           effective interaction Vq = [-2.89987,-2.72253,-2.46823,-2.72253,-2.72253,-2.46823, -2.5164,-2.46823,-2.46823, -2.5164,-2.38792, -2.5164,-2.72253,-2.46823, -2.5164,-2.46823]
	PARPACK diagonalization completed after 30 matrix-vector product operations.
	iteration results: : total energy is -63.554063 | electron energy -63.790549 + phonon energy 0.236486 | electron momentum kIdx = 0
The 16-th iteration is completed.	|| time cost : 0h 0m 27.459s
********************************************************************************************************************
Start the 17 rounds of NGS-ED iteration
	effective electronic model is modified as: kinetic energy t = 0.810982
	                                           effective interaction Vq = [-2.89987,-2.72257,-2.46824,-2.72257,-2.72257,-2.46824,-2.51644,-2.46824,-2.46824,-2.51644,-2.38794,-2.51644,-2.72257,-2.46824,-2.51644,-2.46824]
	PARPACK diagonalization completed after 30 matrix-vector product operations.
	iteration results: : total energy is -63.554064 | electron energy -63.790577 + phonon energy 0.236513 | electron momentum kIdx = 0
The 17-th iteration is completed.	|| time cost : 0h 0m 27.339s
********************************************************************************************************************
Start the 18 rounds of NGS-ED iteration
	effective electronic model is modified as: kinetic energy t = 0.810978
	                                           effective interaction Vq = [-2.89987,-2.72258,-2.46825,-2.72258,-2.72258,-2.46825,-2.51647,-2.46825,-2.46825,-2.51647,-2.38795,-2.51647,-2.72258,-2.46825,-2.51647,-2.46825]
	PARPACK diagonalization completed after 30 matrix-vector product operations.
	iteration results: : total energy is -63.554064 | electron energy -63.790593 + phonon energy 0.236530 | electron momentum kIdx = 0
The 18-th iteration is completed.	|| time cost : 0h 0m 27.395s
********************************************************************************************************************
Start the 19 rounds of NGS-ED iteration
	effective electronic model is modified as: kinetic energy t = 0.810976
	                                           effective interaction Vq = [-2.89987, -2.7226,-2.46826, -2.7226, -2.7226,-2.46826,-2.51648,-2.46826,-2.46826,-2.51648,-2.38795,-2.51648, -2.7226,-2.46826,-2.51648,-2.46826]
	PARPACK diagonalization completed after 30 matrix-vector product operations.
	iteration results: : total energy is -63.554064 | electron energy -63.790604 + phonon energy 0.236540 | electron momentum kIdx = 0
The 19-th iteration is completed.	|| time cost : 0h 0m 27.664s
********************************************************************************************************************
Start the 20 rounds of NGS-ED iteration
	effective electronic model is modified as: kinetic energy t = 0.810975
	                                           effective interaction Vq = [-2.89987, -2.7226,-2.46826, -2.7226, -2.7226,-2.46826,-2.51649,-2.46826,-2.46826,-2.51649,-2.38796,-2.51649, -2.7226,-2.46826,-2.51649,-2.46826]
	PARPACK diagonalization completed after 30 matrix-vector product operations.
	iteration results: : total energy is -63.554064 | electron energy -63.790610 + phonon energy 0.236546 | electron momentum kIdx = 0
	Nq(0) = 16,	Nq(1) = 0.342265,	Nq(2) = 0.350063,	Nq(3) = 0.342265,	Nq(4) = 0.342265,	Nq(5) = 0.350063,	Nq(6) = 0.548748,	Nq(7) = 0.350063,	Nq(8) = 0.350063,	Nq(9) = 0.548748,	Nq(10) = 0.569223,	Nq(11) = 0.548748,	Nq(12) = 0.342265,	Nq(13) = 0.350063,	Nq(14) = 0.548748,	Nq(15) = 0.350063,	Sq(0) = -6.15682e-18,	Sq(1) = 0.390971,	Sq(2) = 0.568457,	Sq(3) = 0.390971,	Sq(4) = 0.390971,	Sq(5) = 0.568457,	Sq(6) = 0.662799,	Sq(7) = 0.568457,	Sq(8) = 0.568457,	Sq(9) = 0.662799,	Sq(10) = 2.14053,	Sq(11) = 0.662799,	Sq(12) = 0.390971,	Sq(13) = 0.568457,	Sq(14) = 0.662799,	Sq(15) = 0.568457,	N(0) = 1.99625,	N(1) = 1.99421,	N(2) = 1,	N(3) = 1.99421,	N(4) = 1.99421,	N(5) = 1,	N(6) = 0.00578649,	N(7) = 1,	N(8) = 1,	N(9) = 0.00578649,	N(10) = 0.00375046,	N(11) = 0.00578649,	N(12) = 1.99421,	N(13) = 1,	N(14) = 0.00578649,	N(15) = 1,	Delta[s](0) = 0.238219,	Delta[s](1) = 0.229199,	Delta[s](2) = 0.18808,	Delta[s](3) = 0.229199,	Delta[s](4) = 0.229199,	Delta[s](5) = 0.18808,	Delta[s](6) = 0.179856,	Delta[s](7) = 0.18808,	Delta[s](8) = 0.18808,	Delta[s](9) = 0.179856,	Delta[s](10) = 0.113908,	Delta[s](11) = 0.179856,	Delta[s](12) = 0.229199,	Delta[s](13) = 0.18808,	Delta[s](14) = 0.179856,	Delta[s](15) = 0.18808,	Delta[d](0) = 0.57784,	Delta[d](1) = 0.353756,	Delta[d](2) = 0.308415,	Delta[d](3) = 0.353756,	Delta[d](4) = 0.353756,	Delta[d](5) = 0.354837,	Delta[d](6) = 0.269134,	Delta[d](7) = 0.354837,	Delta[d](8) = 0.308415,	Delta[d](9) = 0.269134,	Delta[d](10) = 0.137916,	Delta[d](11) = 0.269134,	Delta[d](12) = 0.353756,	Delta[d](13) = 0.354837,	Delta[d](14) = 0.269134,	Delta[d](15) = 0.354837,	Delta[s+](0) = 0.564511,	Delta[s+](1) = 0.460684,	Delta[s+](2) = 0.308415,	Delta[s+](3) = 0.460684,	Delta[s+](4) = 0.460684,	Delta[s+](5) = 0.308415,	Delta[s+](6) = 0.156275,	Delta[s+](7) = 0.308415,	Delta[s+](8) = 0.308415,	Delta[s+](9) = 0.156275,	Delta[s+](10) = 0.0496854,	Delta[s+](11) = 0.156275,	Delta[s+](12) = 0.460684,	Delta[s+](13) = 0.308415,	Delta[s+](14) = 0.156275,	Delta[s+](15) = 0.308415
The 20-th iteration is completed.	|| time cost : 0h 4m 26.385s
********************************************************************************************************************
Start the 21 rounds of NGS-ED iteration
	effective electronic model is modified as: kinetic energy t = 0.810974
	                                           effective interaction Vq = [-2.89987,-2.72261,-2.46827,-2.72261,-2.72261,-2.46827, -2.5165,-2.46827,-2.46827, -2.5165,-2.38796, -2.5165,-2.72261,-2.46827, -2.5165,-2.46827]
	PARPACK diagonalization completed after 30 matrix-vector product operations.
	iteration results: : total energy is -63.554064 | electron energy -63.790614 + phonon energy 0.236550 | electron momentum kIdx = 0
The 21-th iteration is completed.	|| time cost : 0h 0m 27.701s
********************************************************************************************************************
Start the 22 rounds of NGS-ED iteration
	effective electronic model is modified as: kinetic energy t = 0.810973
	                                           effective interaction Vq = [-2.89987,-2.72261,-2.46827,-2.72261,-2.72261,-2.46827, -2.5165,-2.46827,-2.46827, -2.5165,-2.38796, -2.5165,-2.72261,-2.46827, -2.5165,-2.46827]
	PARPACK diagonalization completed after 30 matrix-vector product operations.
	iteration results: : total energy is -63.554064 | electron energy -63.790616 + phonon energy 0.236552 | electron momentum kIdx = 0
The 22-th iteration is completed.	|| time cost : 0h 0m 27.658s
********************************************************************************************************************
Start the 23 rounds of NGS-ED iteration
	effective electronic model is modified as: kinetic energy t = 0.810973
	                                           effective interaction Vq = [-2.89987,-2.72261,-2.46827,-2.72261,-2.72261,-2.46827, -2.5165,-2.46827,-2.46827, -2.5165,-2.38796, -2.5165,-2.72261,-2.46827, -2.5165,-2.46827]
	PARPACK diagonalization completed after 30 matrix-vector product operations.
	iteration results: : total energy is -63.554064 | electron energy -63.790617 + phonon energy 0.236554 | electron momentum kIdx = 0
The 23-th iteration is completed.	|| time cost : 0h 0m 27.348s
********************************************************************************************************************
Start the 24 rounds of NGS-ED iteration
	effective electronic model is modified as: kinetic energy t = 0.810973
	                                           effective interaction Vq = [-2.89987,-2.72261,-2.46827,-2.72261,-2.72261,-2.46827, -2.5165,-2.46827,-2.46827, -2.5165,-2.38796, -2.5165,-2.72261,-2.46827, -2.5165,-2.46827]
	PARPACK diagonalization completed after 30 matrix-vector product operations.
	iteration results: : total energy is -63.554064 | electron energy -63.790618 + phonon energy 0.236554 | electron momentum kIdx = 0
The 24-th iteration is completed.	|| time cost : 0h 0m 27.661s
********************************************************************************************************************
Start the 25 rounds of NGS-ED iteration
	effective electronic model is modified as: kinetic energy t = 0.810973
	                                           effective interaction Vq = [-2.89987,-2.72261,-2.46827,-2.72261,-2.72261,-2.46827, -2.5165,-2.46827,-2.46827, -2.5165,-2.38796, -2.5165,-2.72261,-2.46827, -2.5165,-2.46827]
	PARPACK diagonalization completed after 30 matrix-vector product operations.
	iteration results: : total energy is -63.554064 | electron energy -63.790619 + phonon energy 0.236555 | electron momentum kIdx = 0
The 25-th iteration is completed.	|| time cost : 0h 0m 27.431s
