SNEDics v3.22.2 Non-Gaussian ED ground state program		Start at Thu Jun 30 10:42:48 2022

Parallelization: 32 MPI threads  * 8 OpenMP threads = 256 total threads.
********************************************************************************************************************
********************************************************************************************************************

********************************************************************************************************************
System parameters and configurations
	special program options are enabled: splitted diagonal Hamiltonian | splitted Hamiltonian terms
********************************************************************************************************************
Read input file "model_params.in"
	Hubbard-Holstein model parameters : 	t = 1    t' = -0.3    U = 8    g = 0.95    W = 0.2    g' = 0.5    
********************************************************************************************************************
Read input file "hilbertspace_params.in"
	Requested 16-site 2D lattice, with 12 electrons (6, 6)
	Boundary : Periodic		Hilbert space representation : momentum-space (restricted to kIdx = 10)
	Conservation: particle number[U(1)]      spin[U(1)]     momentum
********************************************************************************************************************

Cluster Positions:				Cluster symmetry group : D4
 x ... x ... x ... x .....                       x ... x ... x ... x .....
 |           |           :                       |           |           :
 |           |           :                       |           |           :
12    13    14    15     x                       1     5     6     5     x
 |           |           :                       |           |           :
 |           |           :                       |           |           :
 8 --- 9 ---10 ---11 --- x                       2 --- 6 ---10 --- 6 --- x
 |           |           :                       |           |           :
 |           |           :                       |           |           :
 4     5     6     7     x                       1     5     6     5     x
 |           |           :                       |           |           :
 |           |           :                       |           |           :
 0 --- 1 --- 2 --- 3 --- x                       0 --- 1 --- 2 --- 1 --- x
orbital number : 1
********************************************************************************************************************
Read input file "obs_params.in"
	Observable Type : Nq(All),   Sq(All),   N(All-Orbital),   Delta[s](All),   Delta[d](All),   Delta[s+](All)
** WARNING ** the input observables have non-local factors which have been reinterpreted. The total observable number is 96
********************************************************************************************************************


********************************************************************************************************************
Start calculating the non-Gaussian ED ground state
Maximal iteration number is 1000; energy resolution is 1e-06. Phonon state relaxation time is 2000
W = 0.2 is relatively large. The non-Gaussian ED calculation starts directly.
open output files: NGSED_iteration_observables.txt
********************************************************************************************************************
Start the 0 rounds of NGS-ED iteration
	effective electronic model is modified as: kinetic energy t = 1, t' = -0.3
	                                           effective interaction Vq = [0,0,0,0,0,0,0,0,0,0,0,0,0,0,0,0]
	first Hamiltonian is constructed, size = 4008592 and non-zero numbers = 969952276
	PARPACK diagonalization completed after 120 matrix-vector product operations.
	iteration results: : total energy is -14.904199 | electron energy -14.904199 + phonon energy 0.000000 | electron momentum kIdx = 10
	Nq(0) = 9,	Nq(1) = 0.183693,	Nq(2) = 0.250775,	Nq(3) = 0.183693,	Nq(4) = 0.183693,	Nq(5) = 0.258947,	
	Nq(6) = 0.308855,	Nq(7) = 0.258947,	Nq(8) = 0.250775,	Nq(9) = 0.308855,	Nq(10) = 0.355902,	
	Nq(11) = 0.308855,	Nq(12) = 0.183693,	Nq(13) = 0.258947,	Nq(14) = 0.308855,	Nq(15) = 0.258947;	
	Sq(0) = 3.45099e-18,	Sq(1) = 0.504384,	Sq(2) = 0.469115,	Sq(3) = 0.504384,	Sq(4) = 0.504384,	
	Sq(5) = 0.735911,	Sq(6) = 0.943053,	Sq(7) = 0.735911,	Sq(8) = 0.469115,	Sq(9) = 0.943053,	
	Sq(10) = 1.46495,	Sq(11) = 0.943053,	Sq(12) = 0.504384,	Sq(13) = 0.735911,	Sq(14) = 0.943053,	
	Sq(15) = 0.735911;	N(0) = 1.70338,	N(1) = 1.58882,	N(2) = 1.04187,	N(3) = 1.58882,	
	N(4) = 1.58882,	N(5) = 0.289608,	N(6) = 0.157281,	N(7) = 0.289608,	N(8) = 1.04187,	
	N(9) = 0.157281,	N(10) = 0.0700575,	N(11) = 0.157281,	N(12) = 1.58882,	N(13) = 0.289608,	
	N(14) = 0.157281,	N(15) = 0.289608;	Delta[s](0) = 0.0335682,	Delta[s](1) = 0.0301216,	Delta[s](2) = 0.0273851,	
	Delta[s](3) = 0.0301216,	Delta[s](4) = 0.0301216,	Delta[s](5) = 0.0266347,	Delta[s](6) = 0.0238395,	Delta[s](7) = 0.0266347,	
	Delta[s](8) = 0.0273851,	Delta[s](9) = 0.0238395,	Delta[s](10) = 0.0209954,	Delta[s](11) = 0.0238395,	Delta[s](12) = 0.0301216,	
	Delta[s](13) = 0.0266347,	Delta[s](14) = 0.0238395,	Delta[s](15) = 0.0266347;	Delta[d](0) = 0.226452,	Delta[d](1) = 0.195002,	
	Delta[d](2) = 0.215544,	Delta[d](3) = 0.195002,	Delta[d](4) = 0.195002,	Delta[d](5) = 0.162891,	Delta[d](6) = 0.18645,	
	Delta[d](7) = 0.162891,	Delta[d](8) = 0.215544,	Delta[d](9) = 0.18645,	Delta[d](10) = 0.218074,	Delta[d](11) = 0.18645,	
	Delta[d](12) = 0.195002,	Delta[d](13) = 0.162891,	Delta[d](14) = 0.18645,	Delta[d](15) = 0.162891;	Delta[s+](0) = 0.363609,	
	Delta[s+](1) = 0.268429,	Delta[s+](2) = 0.215544,	Delta[s+](3) = 0.268429,	Delta[s+](4) = 0.268429,	Delta[s+](5) = 0.164218,	
	Delta[s+](6) = 0.111689,	Delta[s+](7) = 0.164218,	Delta[s+](8) = 0.215544,	Delta[s+](9) = 0.111689,	Delta[s+](10) = 0.0668511,	
	Delta[s+](11) = 0.111689,	Delta[s+](12) = 0.268429,	Delta[s+](13) = 0.164218,	Delta[s+](14) = 0.111689,	Delta[s+](15) = 0.164218
	
The 0-th iteration is completed.	|| time cost : 0h 2m 2.371s
********************************************************************************************************************
Start the 1 rounds of NGS-ED iteration
	effective electronic model is modified as: kinetic energy t = 0.676833, t' = -0.15632
	                                           effective interaction Vq = [  -43.5125,  -16.1146,  -1.60308,  -16.1146,  -16.1146,  -1.78781,-0.0012407,  -1.78781,  -1.60308,-0.0012407,  -2.55828,-0.0012407,  -16.1146,  -1.78781,-0.0012407,  -1.78781]
	PARPACK diagonalization completed after 180 matrix-vector product operations.
	iteration results: : total energy is -523.089792 | electron energy -527.049343 + phonon energy 3.959551 | electron momentum kIdx = 10
The 1-th iteration is completed.	|| time cost : 0h 1m 36.196s
********************************************************************************************************************
Start the 2 rounds of NGS-ED iteration
	effective electronic model is modified as: kinetic energy t = 4.55368e-11, t' = -1.77693e-16
	                                           effective interaction Vq = [-43.5125,-19.0125, -4.5125,-19.0125,-19.0125, -4.5125, -0.0125, -4.5125, -4.5125, -0.0125, -5.5125, -0.0125,-19.0125, -4.5125, -0.0125, -4.5125]
	PARPACK diagonalization completed after 45 matrix-vector product operations.
	iteration results: : total energy is -566.300000 | electron energy -566.300000 + phonon energy 0.000000 | electron momentum kIdx = 10
The 2-th iteration is completed.	|| time cost : 0h 0m 10.999s
********************************************************************************************************************
Start the 3 rounds of NGS-ED iteration
	effective electronic model is modified as: kinetic energy t = 1.91352e-11, t' = -1.77693e-16
	                                           effective interaction Vq = [-43.5125,-19.0125, -4.5125,-19.0125,-19.0125, -4.5125, -0.0125, -4.5125, -4.5125, -0.0125,-5.43474, -0.0125,-19.0125, -4.5125, -0.0125, -4.5125]
	PARPACK diagonalization completed after 30 matrix-vector product operations.
	iteration results: : total energy is -566.300000 | electron energy -566.300000 + phonon energy 0.000000 | electron momentum kIdx = 10
The 3-th iteration is completed.	|| time cost : 0h 0m 9.046s
********************************************************************************************************************
Start the 4 rounds of NGS-ED iteration
	effective electronic model is modified as: kinetic energy t = 1.50757e-10, t' = -1.77693e-16
	                                           effective interaction Vq = [-43.5125,-19.0125, -4.5125,-19.0125,-19.0125, -4.5125, -0.0125, -4.5125, -4.5125, -0.0125,-5.30885, -0.0125,-19.0125, -4.5125, -0.0125, -4.5125]
	PARPACK diagonalization completed after 30 matrix-vector product operations.
	iteration results: : total energy is -566.300000 | electron energy -566.300000 + phonon energy 0.000000 | electron momentum kIdx = 10
The 4-th iteration is completed.	|| time cost : 0h 0m 9.362s
********************************************************************************************************************
Start the 5 rounds of NGS-ED iteration
	effective electronic model is modified as: kinetic energy t = 1.39821e-09, t' = -1.77693e-16
	                                           effective interaction Vq = [ -43.5125, -19.0125,  -4.5125, -19.0125, -19.0125,  -4.5125,  -0.0125,  -4.5125,  -4.5125,  -0.0125,-0.824948,  -0.0125, -19.0125,  -4.5125,  -0.0125,  -4.5125]
	PARPACK diagonalization completed after 30 matrix-vector product operations.
	iteration results: : total energy is -566.300000 | electron energy -566.300000 + phonon energy 0.000000 | electron momentum kIdx = 10
The 5-th iteration is completed.	|| time cost : 0h 0m 10.364s
********************************************************************************************************************
Start the 6 rounds of NGS-ED iteration
	effective electronic model is modified as: kinetic energy t = 1.42707e-09, t' = -1.77693e-16
	                                           effective interaction Vq = [ -43.5125, -19.0125,  -4.5125, -19.0125, -19.0125,  -4.5125,  -0.0125,  -4.5125,  -4.5125,  -0.0125,-0.126009,  -0.0125, -19.0125,  -4.5125,  -0.0125,  -4.5125]
	PARPACK diagonalization completed after 30 matrix-vector product operations.
	iteration results: : total energy is -566.300000 | electron energy -566.300000 + phonon energy 0.000000 | electron momentum kIdx = 10
The 6-th iteration is completed.	|| time cost : 0h 0m 10.692s
********************************************************************************************************************
Start the 7 rounds of NGS-ED iteration
	effective electronic model is modified as: kinetic energy t = 1.42729e-09, t' = -1.77693e-16
	                                           effective interaction Vq = [ -43.5125, -19.0125,  -4.5125, -19.0125, -19.0125,  -4.5125,  -0.0125,  -4.5125,  -4.5125,  -0.0125,-0.102437,  -0.0125, -19.0125,  -4.5125,  -0.0125,  -4.5125]
	PARPACK diagonalization completed after 30 matrix-vector product operations.
	iteration results: : total energy is -566.300000 | electron energy -566.300000 + phonon energy 0.000000 | electron momentum kIdx = 10
The 7-th iteration is completed.	|| time cost : 0h 0m 9.954s
********************************************************************************************************************
Start the 8 rounds of NGS-ED iteration
	effective electronic model is modified as: kinetic energy t = 1.42634e-09, t' = -1.77693e-16
	                                           effective interaction Vq = [ -43.5125, -19.0125,  -4.5125, -19.0125, -19.0125,  -4.5125,  -0.0125,  -4.5125,  -4.5125,  -0.0125,-0.183053,  -0.0125, -19.0125,  -4.5125,  -0.0125,  -4.5125]
	PARPACK diagonalization completed after 30 matrix-vector product operations.
	iteration results: : total energy is -566.300000 | electron energy -566.300000 + phonon energy 0.000000 | electron momentum kIdx = 10
The 8-th iteration is completed.	|| time cost : 0h 0m 10s
********************************************************************************************************************
Start the 9 rounds of NGS-ED iteration
	effective electronic model is modified as: kinetic energy t = 1.42653e-09, t' = -1.77693e-16
	                                           effective interaction Vq = [ -43.5125, -19.0125,  -4.5125, -19.0125, -19.0125,  -4.5125,  -0.0125,  -4.5125,  -4.5125,  -0.0125,-0.169895,  -0.0125, -19.0125,  -4.5125,  -0.0125,  -4.5125]
	PARPACK diagonalization completed after 30 matrix-vector product operations.
	iteration results: : total energy is -566.300000 | electron energy -566.300000 + phonon energy 0.000000 | electron momentum kIdx = 10
The 9-th iteration is completed.	|| time cost : 0h 0m 9.787s
********************************************************************************************************************
Start the 10 rounds of NGS-ED iteration
	effective electronic model is modified as: kinetic energy t = 1.4257e-09, t' = -1.77693e-16
	                                           effective interaction Vq = [ -43.5125, -19.0125,  -4.5125, -19.0125, -19.0125,  -4.5125,  -0.0125,  -4.5125,  -4.5125,  -0.0125,-0.221227,  -0.0125, -19.0125,  -4.5125,  -0.0125,  -4.5125]
	PARPACK diagonalization completed after 30 matrix-vector product operations.
	iteration results: : total energy is -566.300000 | electron energy -566.300000 + phonon energy 0.000000 | electron momentum kIdx = 10
The 10-th iteration is completed.	|| time cost : 0h 0m 11.209s
********************************************************************************************************************
Start the 11 rounds of NGS-ED iteration
	effective electronic model is modified as: kinetic energy t = 1.42747e-09, t' = -1.77693e-16
	                                           effective interaction Vq = [  -43.5125,  -19.0125,   -4.5125,  -19.0125,  -19.0125,   -4.5125,   -0.0125,   -4.5125,   -4.5125,   -0.0125,-0.0786745,   -0.0125,  -19.0125,   -4.5125,   -0.0125,   -4.5125]
	PARPACK diagonalization completed after 30 matrix-vector product operations.
	iteration results: : total energy is -566.300000 | electron energy -566.300000 + phonon energy 0.000000 | electron momentum kIdx = 10
The 11-th iteration is completed.	|| time cost : 0h 0m 10.059s
********************************************************************************************************************
Start the 12 rounds of NGS-ED iteration
	effective electronic model is modified as: kinetic energy t = 1.4266e-09, t' = -1.77693e-16
	                                           effective interaction Vq = [ -43.5125, -19.0125,  -4.5125, -19.0125, -19.0125,  -4.5125,  -0.0125,  -4.5125,  -4.5125,  -0.0125,-0.165193,  -0.0125, -19.0125,  -4.5125,  -0.0125,  -4.5125]
	PARPACK diagonalization completed after 30 matrix-vector product operations.
	iteration results: : total energy is -566.300000 | electron energy -566.300000 + phonon energy 0.000000 | electron momentum kIdx = 10
The 12-th iteration is completed.	|| time cost : 0h 0m 21.339s
********************************************************************************************************************
Start the 13 rounds of NGS-ED iteration
	effective electronic model is modified as: kinetic energy t = 1.42771e-09, t' = -1.77693e-16
	                                           effective interaction Vq = [  -43.5125,  -19.0125,   -4.5125,  -19.0125,  -19.0125,   -4.5125,   -0.0125,   -4.5125,   -4.5125,   -0.0125,-0.0138706,   -0.0125,  -19.0125,   -4.5125,   -0.0125,   -4.5125]
	PARPACK diagonalization completed after 30 matrix-vector product operations.
	iteration results: : total energy is -566.300000 | electron energy -566.300000 + phonon energy 0.000000 | electron momentum kIdx = 10
The 13-th iteration is completed.	|| time cost : 0h 0m 9.997s
********************************************************************************************************************
Start the 14 rounds of NGS-ED iteration
	effective electronic model is modified as: kinetic energy t = 1.42651e-09, t' = -1.77693e-16
	                                           effective interaction Vq = [ -43.5125, -19.0125,  -4.5125, -19.0125, -19.0125,  -4.5125,  -0.0125,  -4.5125,  -4.5125,  -0.0125,-0.171328,  -0.0125, -19.0125,  -4.5125,  -0.0125,  -4.5125]
	PARPACK diagonalization completed after 30 matrix-vector product operations.
	iteration results: : total energy is -566.300000 | electron energy -566.300000 + phonon energy 0.000000 | electron momentum kIdx = 10
The 14-th iteration is completed.	|| time cost : 0h 0m 10.757s
********************************************************************************************************************
Start the 15 rounds of NGS-ED iteration
	effective electronic model is modified as: kinetic energy t = 1.42732e-09, t' = -1.77693e-16
	                                           effective interaction Vq = [  -43.5125,  -19.0125,   -4.5125,  -19.0125,  -19.0125,   -4.5125,   -0.0125,   -4.5125,   -4.5125,   -0.0125,-0.0992214,   -0.0125,  -19.0125,   -4.5125,   -0.0125,   -4.5125]
	PARPACK diagonalization completed after 30 matrix-vector product operations.
	iteration results: : total energy is -566.300000 | electron energy -566.300000 + phonon energy 0.000000 | electron momentum kIdx = 10
The 15-th iteration is completed.	|| time cost : 0h 0m 9.997s
********************************************************************************************************************
Start the 16 rounds of NGS-ED iteration
	effective electronic model is modified as: kinetic energy t = 1.4265e-09, t' = -1.77693e-16
	                                           effective interaction Vq = [ -43.5125, -19.0125,  -4.5125, -19.0125, -19.0125,  -4.5125,  -0.0125,  -4.5125,  -4.5125,  -0.0125,-0.172379,  -0.0125, -19.0125,  -4.5125,  -0.0125,  -4.5125]
	PARPACK diagonalization completed after 30 matrix-vector product operations.
	iteration results: : total energy is -566.300000 | electron energy -566.300000 + phonon energy 0.000000 | electron momentum kIdx = 10
The 16-th iteration is completed.	|| time cost : 0h 0m 10.244s
********************************************************************************************************************
Start the 17 rounds of NGS-ED iteration
	effective electronic model is modified as: kinetic energy t = 1.42698e-09, t' = -1.77693e-16
	                                           effective interaction Vq = [ -43.5125, -19.0125,  -4.5125, -19.0125, -19.0125,  -4.5125,  -0.0125,  -4.5125,  -4.5125,  -0.0125,-0.134281,  -0.0125, -19.0125,  -4.5125,  -0.0125,  -4.5125]
	PARPACK diagonalization completed after 30 matrix-vector product operations.
	iteration results: : total energy is -566.300000 | electron energy -566.300000 + phonon energy 0.000000 | electron momentum kIdx = 10
The 17-th iteration is completed.	|| time cost : 0h 0m 10.385s
********************************************************************************************************************
Start the 18 rounds of NGS-ED iteration
	effective electronic model is modified as: kinetic energy t = 1.42707e-09, t' = -1.77693e-16
	                                           effective interaction Vq = [ -43.5125, -19.0125,  -4.5125, -19.0125, -19.0125,  -4.5125,  -0.0125,  -4.5125,  -4.5125,  -0.0125,-0.126162,  -0.0125, -19.0125,  -4.5125,  -0.0125,  -4.5125]
	PARPACK diagonalization completed after 30 matrix-vector product operations.
	iteration results: : total energy is -566.300000 | electron energy -566.300000 + phonon energy 0.000000 | electron momentum kIdx = 10
The 18-th iteration is completed.	|| time cost : 0h 0m 10.143s
********************************************************************************************************************
Start the 19 rounds of NGS-ED iteration
	effective electronic model is modified as: kinetic energy t = 1.42677e-09, t' = -1.77693e-16
	                                           effective interaction Vq = [ -43.5125, -19.0125,  -4.5125, -19.0125, -19.0125,  -4.5125,  -0.0125,  -4.5125,  -4.5125,  -0.0125,-0.152392,  -0.0125, -19.0125,  -4.5125,  -0.0125,  -4.5125]
	PARPACK diagonalization completed after 30 matrix-vector product operations.
	iteration results: : total energy is -566.300000 | electron energy -566.300000 + phonon energy 0.000000 | electron momentum kIdx = 10
The 19-th iteration is completed.	|| time cost : 0h 0m 10.44s
********************************************************************************************************************
Start the 20 rounds of NGS-ED iteration
	effective electronic model is modified as: kinetic energy t = 1.42713e-09, t' = -1.77693e-16
	                                           effective interaction Vq = [ -43.5125, -19.0125,  -4.5125, -19.0125, -19.0125,  -4.5125,  -0.0125,  -4.5125,  -4.5125,  -0.0125,-0.120193,  -0.0125, -19.0125,  -4.5125,  -0.0125,  -4.5125]
	PARPACK diagonalization completed after 30 matrix-vector product operations.
	iteration results: : total energy is -566.300000 | electron energy -566.300000 + phonon energy 0.000000 | electron momentum kIdx = 10
The 20-th iteration is completed.	|| time cost : 0h 0m 10.043s
********************************************************************************************************************
Start the 21 rounds of NGS-ED iteration
	effective electronic model is modified as: kinetic energy t = 1.42641e-09, t' = -1.77693e-16
	                                           effective interaction Vq = [ -43.5125, -19.0125,  -4.5125, -19.0125, -19.0125,  -4.5125,  -0.0125,  -4.5125,  -4.5125,  -0.0125,-0.178291,  -0.0125, -19.0125,  -4.5125,  -0.0125,  -4.5125]
	PARPACK diagonalization completed after 30 matrix-vector product operations.
	iteration results: : total energy is -566.300000 | electron energy -566.300000 + phonon energy 0.000000 | electron momentum kIdx = 10
The 21-th iteration is completed.	|| time cost : 0h 0m 9.763s
********************************************************************************************************************
Start the 22 rounds of NGS-ED iteration
	effective electronic model is modified as: kinetic energy t = 1.42552e-09, t' = -1.77693e-16
	                                           effective interaction Vq = [ -43.5125, -19.0125,  -4.5125, -19.0125, -19.0125,  -4.5125,  -0.0125,  -4.5125,  -4.5125,  -0.0125,-0.230584,  -0.0125, -19.0125,  -4.5125,  -0.0125,  -4.5125]
	PARPACK diagonalization completed after 30 matrix-vector product operations.
	iteration results: : total energy is -566.300000 | electron energy -566.300000 + phonon energy 0.000000 | electron momentum kIdx = 10
The 22-th iteration is completed.	|| time cost : 0h 0m 9.892s
********************************************************************************************************************
Start the 23 rounds of NGS-ED iteration
	effective electronic model is modified as: kinetic energy t = 1.42607e-09, t' = -1.77693e-16
	                                           effective interaction Vq = [ -43.5125, -19.0125,  -4.5125, -19.0125, -19.0125,  -4.5125,  -0.0125,  -4.5125,  -4.5125,  -0.0125,-0.200201,  -0.0125, -19.0125,  -4.5125,  -0.0125,  -4.5125]
	PARPACK diagonalization completed after 30 matrix-vector product operations.
	iteration results: : total energy is -566.300000 | electron energy -566.300000 + phonon energy 0.000000 | electron momentum kIdx = 10
The 23-th iteration is completed.	|| time cost : 0h 0m 9.581s
********************************************************************************************************************
Start the 24 rounds of NGS-ED iteration
	effective electronic model is modified as: kinetic energy t = 1.42373e-09, t' = -1.77693e-16
	                                           effective interaction Vq = [ -43.5125, -19.0125,  -4.5125, -19.0125, -19.0125,  -4.5125,  -0.0125,  -4.5125,  -4.5125,  -0.0125,-0.309723,  -0.0125, -19.0125,  -4.5125,  -0.0125,  -4.5125]
	PARPACK diagonalization completed after 30 matrix-vector product operations.
	iteration results: : total energy is -566.300000 | electron energy -566.300000 + phonon energy 0.000000 | electron momentum kIdx = 10
The 24-th iteration is completed.	|| time cost : 0h 0m 10.294s
********************************************************************************************************************
Start the 25 rounds of NGS-ED iteration
	effective electronic model is modified as: kinetic energy t = 1.427e-09, t' = -1.77693e-16
	                                           effective interaction Vq = [-43.5125,-19.0125, -4.5125,-19.0125,-19.0125, -4.5125, -0.0125, -4.5125, -4.5125, -0.0125,-0.13237, -0.0125,-19.0125, -4.5125, -0.0125, -4.5125]
	PARPACK diagonalization completed after 30 matrix-vector product operations.
	iteration results: : total energy is -566.300000 | electron energy -566.300000 + phonon energy 0.000000 | electron momentum kIdx = 10
The 25-th iteration is completed.	|| time cost : 0h 0m 10.112s
********************************************************************************************************************
Start the 26 rounds of NGS-ED iteration
	effective electronic model is modified as: kinetic energy t = 1.42666e-09, t' = -1.77693e-16
	                                           effective interaction Vq = [ -43.5125, -19.0125,  -4.5125, -19.0125, -19.0125,  -4.5125,  -0.0125,  -4.5125,  -4.5125,  -0.0125,-0.160863,  -0.0125, -19.0125,  -4.5125,  -0.0125,  -4.5125]
	PARPACK diagonalization completed after 30 matrix-vector product operations.
	iteration results: : total energy is -566.300000 | electron energy -566.300000 + phonon energy 0.000000 | electron momentum kIdx = 10
The 26-th iteration is completed.	|| time cost : 0h 0m 9.79s
********************************************************************************************************************
Start the 27 rounds of NGS-ED iteration
	effective electronic model is modified as: kinetic energy t = 1.42547e-09, t' = -1.77693e-16
	                                           effective interaction Vq = [-43.5125,-19.0125, -4.5125,-19.0125,-19.0125, -4.5125, -0.0125, -4.5125, -4.5125, -0.0125,-0.23343, -0.0125,-19.0125, -4.5125, -0.0125, -4.5125]
	PARPACK diagonalization completed after 30 matrix-vector product operations.
	iteration results: : total energy is -566.300000 | electron energy -566.300000 + phonon energy 0.000000 | electron momentum kIdx = 10
The 27-th iteration is completed.	|| time cost : 0h 0m 10.082s
********************************************************************************************************************
Start the 28 rounds of NGS-ED iteration
	effective electronic model is modified as: kinetic energy t = 1.42668e-09, t' = -1.77693e-16
	                                           effective interaction Vq = [ -43.5125, -19.0125,  -4.5125, -19.0125, -19.0125,  -4.5125,  -0.0125,  -4.5125,  -4.5125,  -0.0125,-0.158766,  -0.0125, -19.0125,  -4.5125,  -0.0125,  -4.5125]
	PARPACK diagonalization completed after 30 matrix-vector product operations.
	iteration results: : total energy is -566.300000 | electron energy -566.300000 + phonon energy 0.000000 | electron momentum kIdx = 10
The 28-th iteration is completed.	|| time cost : 0h 0m 9.686s
********************************************************************************************************************
Start the 29 rounds of NGS-ED iteration
	effective electronic model is modified as: kinetic energy t = 1.42508e-09, t' = -1.77693e-16
	                                           effective interaction Vq = [ -43.5125, -19.0125,  -4.5125, -19.0125, -19.0125,  -4.5125,  -0.0125,  -4.5125,  -4.5125,  -0.0125,-0.252654,  -0.0125, -19.0125,  -4.5125,  -0.0125,  -4.5125]
	PARPACK diagonalization completed after 30 matrix-vector product operations.
	iteration results: : total energy is -566.300000 | electron energy -566.300000 + phonon energy 0.000000 | electron momentum kIdx = 10
The 29-th iteration is completed.	|| time cost : 0h 0m 10.047s
********************************************************************************************************************
Start the 30 rounds of NGS-ED iteration
	effective electronic model is modified as: kinetic energy t = 1.42657e-09, t' = -1.77693e-16
	                                           effective interaction Vq = [ -43.5125, -19.0125,  -4.5125, -19.0125, -19.0125,  -4.5125,  -0.0125,  -4.5125,  -4.5125,  -0.0125,-0.167585,  -0.0125, -19.0125,  -4.5125,  -0.0125,  -4.5125]
	PARPACK diagonalization completed after 30 matrix-vector product operations.
	iteration results: : total energy is -566.300000 | electron energy -566.300000 + phonon energy 0.000000 | electron momentum kIdx = 10
The 30-th iteration is completed.	|| time cost : 0h 0m 11.519s
********************************************************************************************************************
Start the 31 rounds of NGS-ED iteration
	effective electronic model is modified as: kinetic energy t = 1.42753e-09, t' = -1.77693e-16
	                                           effective interaction Vq = [  -43.5125,  -19.0125,   -4.5125,  -19.0125,  -19.0125,   -4.5125,   -0.0125,   -4.5125,   -4.5125,   -0.0125,-0.0688124,   -0.0125,  -19.0125,   -4.5125,   -0.0125,   -4.5125]
	PARPACK diagonalization completed after 30 matrix-vector product operations.
	iteration results: : total energy is -566.300000 | electron energy -566.300000 + phonon energy 0.000000 | electron momentum kIdx = 10
The 31-th iteration is completed.	|| time cost : 0h 0m 9.715s
********************************************************************************************************************
Start the 32 rounds of NGS-ED iteration
	effective electronic model is modified as: kinetic energy t = 1.42527e-09, t' = -1.77693e-16
	                                           effective interaction Vq = [ -43.5125, -19.0125,  -4.5125, -19.0125, -19.0125,  -4.5125,  -0.0125,  -4.5125,  -4.5125,  -0.0125,-0.243172,  -0.0125, -19.0125,  -4.5125,  -0.0125,  -4.5125]
	PARPACK diagonalization completed after 30 matrix-vector product operations.
	iteration results: : total energy is -566.300000 | electron energy -566.300000 + phonon energy 0.000000 | electron momentum kIdx = 10
The 32-th iteration is completed.	|| time cost : 0h 0m 10.212s
********************************************************************************************************************
Start the 33 rounds of NGS-ED iteration
	effective electronic model is modified as: kinetic energy t = 1.42684e-09, t' = -1.77693e-16
	                                           effective interaction Vq = [ -43.5125, -19.0125,  -4.5125, -19.0125, -19.0125,  -4.5125,  -0.0125,  -4.5125,  -4.5125,  -0.0125,-0.146128,  -0.0125, -19.0125,  -4.5125,  -0.0125,  -4.5125]
	PARPACK diagonalization completed after 30 matrix-vector product operations.
	iteration results: : total energy is -566.300000 | electron energy -566.300000 + phonon energy 0.000000 | electron momentum kIdx = 10
The 33-th iteration is completed.	|| time cost : 0h 0m 10.263s
********************************************************************************************************************
Start the 34 rounds of NGS-ED iteration
	effective electronic model is modified as: kinetic energy t = 1.42694e-09, t' = -1.77693e-16
	                                           effective interaction Vq = [ -43.5125, -19.0125,  -4.5125, -19.0125, -19.0125,  -4.5125,  -0.0125,  -4.5125,  -4.5125,  -0.0125,-0.137907,  -0.0125, -19.0125,  -4.5125,  -0.0125,  -4.5125]
	PARPACK diagonalization completed after 30 matrix-vector product operations.
	iteration results: : total energy is -566.300000 | electron energy -566.300000 + phonon energy 0.000000 | electron momentum kIdx = 10
The 34-th iteration is completed.	|| time cost : 0h 0m 10.114s
********************************************************************************************************************
Start the 35 rounds of NGS-ED iteration
	effective electronic model is modified as: kinetic energy t = 1.42674e-09, t' = -1.77693e-16
	                                           effective interaction Vq = [ -43.5125, -19.0125,  -4.5125, -19.0125, -19.0125,  -4.5125,  -0.0125,  -4.5125,  -4.5125,  -0.0125,-0.154749,  -0.0125, -19.0125,  -4.5125,  -0.0125,  -4.5125]
	PARPACK diagonalization completed after 30 matrix-vector product operations.
	iteration results: : total energy is -566.300000 | electron energy -566.300000 + phonon energy 0.000000 | electron momentum kIdx = 10
The 35-th iteration is completed.	|| time cost : 0h 0m 15.242s
********************************************************************************************************************
Start the 36 rounds of NGS-ED iteration
	effective electronic model is modified as: kinetic energy t = 1.42769e-09, t' = -1.77693e-16
	                                           effective interaction Vq = [  -43.5125,  -19.0125,   -4.5125,  -19.0125,  -19.0125,   -4.5125,   -0.0125,   -4.5125,   -4.5125,   -0.0125,-0.0274129,   -0.0125,  -19.0125,   -4.5125,   -0.0125,   -4.5125]
	PARPACK diagonalization completed after 30 matrix-vector product operations.
	iteration results: : total energy is -566.300000 | electron energy -566.300000 + phonon energy 0.000000 | electron momentum kIdx = 10
The 36-th iteration is completed.	|| time cost : 0h 0m 9.809s
********************************************************************************************************************
Start the 37 rounds of NGS-ED iteration
	effective electronic model is modified as: kinetic energy t = 1.42583e-09, t' = -1.77693e-16
	                                           effective interaction Vq = [ -43.5125, -19.0125,  -4.5125, -19.0125, -19.0125,  -4.5125,  -0.0125,  -4.5125,  -4.5125,  -0.0125,-0.213899,  -0.0125, -19.0125,  -4.5125,  -0.0125,  -4.5125]
	PARPACK diagonalization completed after 30 matrix-vector product operations.
	iteration results: : total energy is -566.300000 | electron energy -566.300000 + phonon energy 0.000000 | electron momentum kIdx = 10
The 37-th iteration is completed.	|| time cost : 0h 0m 9.776s
********************************************************************************************************************
Start the 38 rounds of NGS-ED iteration
	effective electronic model is modified as: kinetic energy t = 1.42574e-09, t' = -1.77693e-16
	                                           effective interaction Vq = [ -43.5125, -19.0125,  -4.5125, -19.0125, -19.0125,  -4.5125,  -0.0125,  -4.5125,  -4.5125,  -0.0125,-0.218786,  -0.0125, -19.0125,  -4.5125,  -0.0125,  -4.5125]
	PARPACK diagonalization completed after 30 matrix-vector product operations.
	iteration results: : total energy is -566.300000 | electron energy -566.300000 + phonon energy 0.000000 | electron momentum kIdx = 10
The 38-th iteration is completed.	|| time cost : 0h 0m 10.008s
********************************************************************************************************************
Start the 39 rounds of NGS-ED iteration
	effective electronic model is modified as: kinetic energy t = 1.4265e-09, t' = -1.77693e-16
	                                           effective interaction Vq = [ -43.5125, -19.0125,  -4.5125, -19.0125, -19.0125,  -4.5125,  -0.0125,  -4.5125,  -4.5125,  -0.0125,-0.172256,  -0.0125, -19.0125,  -4.5125,  -0.0125,  -4.5125]
	PARPACK diagonalization completed after 30 matrix-vector product operations.
	iteration results: : total energy is -566.300000 | electron energy -566.300000 + phonon energy 0.000000 | electron momentum kIdx = 10
The 39-th iteration is completed.	|| time cost : 0h 0m 10.481s
********************************************************************************************************************
Start the 40 rounds of NGS-ED iteration
	effective electronic model is modified as: kinetic energy t = 1.42713e-09, t' = -1.77693e-16
	                                           effective interaction Vq = [ -43.5125, -19.0125,  -4.5125, -19.0125, -19.0125,  -4.5125,  -0.0125,  -4.5125,  -4.5125,  -0.0125,-0.119819,  -0.0125, -19.0125,  -4.5125,  -0.0125,  -4.5125]
	PARPACK diagonalization completed after 30 matrix-vector product operations.
	iteration results: : total energy is -566.300000 | electron energy -566.300000 + phonon energy 0.000000 | electron momentum kIdx = 10
The 40-th iteration is completed.	|| time cost : 0h 0m 10.126s
********************************************************************************************************************
Start the 41 rounds of NGS-ED iteration
	effective electronic model is modified as: kinetic energy t = 1.42672e-09, t' = -1.77693e-16
	                                           effective interaction Vq = [ -43.5125, -19.0125,  -4.5125, -19.0125, -19.0125,  -4.5125,  -0.0125,  -4.5125,  -4.5125,  -0.0125,-0.156082,  -0.0125, -19.0125,  -4.5125,  -0.0125,  -4.5125]
	PARPACK diagonalization completed after 30 matrix-vector product operations.
	iteration results: : total energy is -566.300000 | electron energy -566.300000 + phonon energy 0.000000 | electron momentum kIdx = 10
The 41-th iteration is completed.	|| time cost : 0h 0m 10.065s
********************************************************************************************************************
Start the 42 rounds of NGS-ED iteration
	effective electronic model is modified as: kinetic energy t = 1.42663e-09, t' = -1.77693e-16
	                                           effective interaction Vq = [ -43.5125, -19.0125,  -4.5125, -19.0125, -19.0125,  -4.5125,  -0.0125,  -4.5125,  -4.5125,  -0.0125,-0.162728,  -0.0125, -19.0125,  -4.5125,  -0.0125,  -4.5125]
	PARPACK diagonalization completed after 30 matrix-vector product operations.
	iteration results: : total energy is -566.300000 | electron energy -566.300000 + phonon energy 0.000000 | electron momentum kIdx = 10
The 42-th iteration is completed.	|| time cost : 0h 0m 10.412s
********************************************************************************************************************
Start the 43 rounds of NGS-ED iteration
	effective electronic model is modified as: kinetic energy t = 1.42708e-09, t' = -1.77693e-16
	                                           effective interaction Vq = [ -43.5125, -19.0125,  -4.5125, -19.0125, -19.0125,  -4.5125,  -0.0125,  -4.5125,  -4.5125,  -0.0125,-0.124558,  -0.0125, -19.0125,  -4.5125,  -0.0125,  -4.5125]
	PARPACK diagonalization completed after 30 matrix-vector product operations.
	iteration results: : total energy is -566.300000 | electron energy -566.300000 + phonon energy 0.000000 | electron momentum kIdx = 10
The 43-th iteration is completed.	|| time cost : 0h 0m 10.612s
********************************************************************************************************************
Start the 44 rounds of NGS-ED iteration
	effective electronic model is modified as: kinetic energy t = 1.42725e-09, t' = -1.77693e-16
	                                           effective interaction Vq = [ -43.5125, -19.0125,  -4.5125, -19.0125, -19.0125,  -4.5125,  -0.0125,  -4.5125,  -4.5125,  -0.0125,-0.107529,  -0.0125, -19.0125,  -4.5125,  -0.0125,  -4.5125]
	PARPACK diagonalization completed after 30 matrix-vector product operations.
	iteration results: : total energy is -566.300000 | electron energy -566.300000 + phonon energy 0.000000 | electron momentum kIdx = 10
The 44-th iteration is completed.	|| time cost : 0h 0m 10.469s
********************************************************************************************************************
Start the 45 rounds of NGS-ED iteration
	effective electronic model is modified as: kinetic energy t = 1.42714e-09, t' = -1.77693e-16
