SNEDics v3.21.4 Non-Gaussian ED ground state program		Start at Tue Jul 27 04:57:05 2021

parallized on 32 MPI threads  * 8 OpenMP threads = 256 total threads.
********************************************************************************************************************
********************************************************************************************************************

********************************************************************************************************************
System parameters and configurations
	special program options are enabled: splitted diagonal Hamiltonian | splitted Hamiltonian terms
********************************************************************************************************************
Read input file "model_params.in"
	Hubbard-Holstein model parameters : 	t = 1    U = 8    g = 0.12    W = 0.2    g' = 0.12    
********************************************************************************************************************
Read input file "hilbertspace_params.in"
	Requested 16-site 2D lattice, with 14 electrons (7, 7)
	Boundary : Periodic		Hilbert space representation : momentum-space (restricted to kIdx = 0)
	Conservation: particle number[U(1)]      spin[U(1)]     momentum
********************************************************************************************************************

Cluster Positions:				Cluster symmetry group : D4
 x ... x ... x ... x .....                       x ... x ... x ... x .....
 |           |           :                       |           |           :
 |           |           :                       |           |           :
12    13    14    15     x                       1     5     6     5     x
 |           |           :                       |           |           :
 |           |           :                       |           |           :
 8 --- 9 ---10 ---11 --- x                       2 --- 6 ---10 --- 6 --- x
 |           |           :                       |           |           :
 |           |           :                       |           |           :
 4     5     6     7     x                       1     5     6     5     x
 |           |           :                       |           |           :
 |           |           :                       |           |           :
 0 --- 1 --- 2 --- 3 --- x                       0 --- 1 --- 2 --- 1 --- x
orbital number : 1
********************************************************************************************************************
Read input file "obs_params.in"
	Observable Type : Nq(All),   Sq(All),   N(All),   Delta[s](All),   Delta[d](All),   Delta[s+](All)
** WARNING ** the input observables have non-local factors which have been reinterpreted. The total observable number is 96
********************************************************************************************************************


********************************************************************************************************************
Start calculating the non-Gaussian ED ground state
Maximal iteration number is 1000; energy resolution is 1e-06. Phonon state relaxation time is 2000
W = 0.2 is relatively large. The non-Gaussian ED calculation starts directly.
open output files: NGSED_iteration_obserbles.txt
********************************************************************************************************************
Start the 0 rounds of NGS-ED iteration
	effective electronic model is modified as: kinetic energy t = 1
	                                           effective interaction Vq = [0,0,0,0,0,0,0,0,0,0,0,0,0,0,0,0]
	first Hamiltonian is constructed, size = 8179600 and non-zero numbers = 2178478298
	PARPACK diagonalization completed after 180 matrix-vector product operations.
	iteration results: : total energy is -11.868836 | electron energy -11.868836 + phonon energy 0.000000 | electron momentum kIdx = 0
	Nq(0) = 12.25,	Nq(1) = 0.154193,	Nq(2) = 0.185311,	Nq(3) = 0.154193,	Nq(4) = 0.154193,	Nq(5) = 0.203281,	
	Nq(6) = 0.235634,	Nq(7) = 0.203281,	Nq(8) = 0.185311,	Nq(9) = 0.235634,	Nq(10) = 0.275446,	
	Nq(11) = 0.235634,	Nq(12) = 0.154193,	Nq(13) = 0.203281,	Nq(14) = 0.235634,	Nq(15) = 0.203281;	
	Sq(0) = -1.83137e-18,	Sq(1) = 0.474292,	Sq(2) = 0.766364,	Sq(3) = 0.474292,	Sq(4) = 0.474292,	
	Sq(5) = 0.630724,	Sq(6) = 1.05279,	Sq(7) = 0.630724,	Sq(8) = 0.766364,	Sq(9) = 1.05279,	
	Sq(10) = 2.56755,	Sq(11) = 1.05279,	Sq(12) = 0.474292,	Sq(13) = 0.630724,	Sq(14) = 1.05279,	
	Sq(15) = 0.630724;	N(0) = 1.75464,	N(1) = 1.59086,	N(2) = 0.323321,	N(3) = 1.59086,	
	N(4) = 1.59086,	N(5) = 0.999881,	N(6) = 0.267546,	N(7) = 0.999881,	N(8) = 0.323321,	
	N(9) = 0.267546,	N(10) = 0.165565,	N(11) = 0.267546,	N(12) = 1.59086,	N(13) = 0.999881,	
	N(14) = 0.267546,	N(15) = 0.999881;	Delta[s](0) = 0.0791088,	Delta[s](1) = 0.0591511,	Delta[s](2) = 0.0354349,	
	Delta[s](3) = 0.0591511,	Delta[s](4) = 0.0591511,	Delta[s](5) = 0.0422761,	Delta[s](6) = 0.0195684,	Delta[s](7) = 0.0422761,	
	Delta[s](8) = 0.0354349,	Delta[s](9) = 0.0195684,	Delta[s](10) = 0.00028923,	Delta[s](11) = 0.0195684,	Delta[s](12) = 0.0591511,	
	Delta[s](13) = 0.0422761,	Delta[s](14) = 0.0195684,	Delta[s](15) = 0.0422761;	Delta[d](0) = 0.275472,	Delta[d](1) = 0.189978,	
	Delta[d](2) = 0.199556,	Delta[d](3) = 0.189978,	Delta[d](4) = 0.189978,	Delta[d](5) = 0.176583,	Delta[d](6) = 0.132523,	
	Delta[d](7) = 0.176583,	Delta[d](8) = 0.199556,	Delta[d](9) = 0.132523,	Delta[d](10) = 0.0534674,	Delta[d](11) = 0.132523,	
	Delta[d](12) = 0.189978,	Delta[d](13) = 0.176583,	Delta[d](14) = 0.132523,	Delta[d](15) = 0.176583;	Delta[s+](0) = 0.55929,	
	Delta[s+](1) = 0.416482,	Delta[s+](2) = 0.199556,	Delta[s+](3) = 0.416482,	Delta[s+](4) = 0.416482,	Delta[s+](5) = 0.291127,	
	Delta[s+](6) = 0.126113,	Delta[s+](7) = 0.291127,	Delta[s+](8) = 0.199556,	Delta[s+](9) = 0.126113,	Delta[s+](10) = 0.0382986,	
	Delta[s+](11) = 0.126113,	Delta[s+](12) = 0.416482,	Delta[s+](13) = 0.291127,	Delta[s+](14) = 0.126113,	Delta[s+](15) = 0.291127
	
The 0-th iteration is completed.	|| time cost : 0h 4m 49.554s
********************************************************************************************************************
Start the 1 rounds of NGS-ED iteration
	effective electronic model is modified as: kinetic energy t = 0.998148
	                                           effective interaction Vq = [       -1.8, -0.0730499,-0.00481565, -0.0730499, -0.0730499,-0.00526103,-0.00411556,-0.00526103,-0.00481565,-0.00411556, -0.0339718,-0.00411556, -0.0730499,-0.00526103,-0.00411556,-0.00526103]
	PARPACK diagonalization completed after 60 matrix-vector product operations.
	iteration results: : total energy is -33.951220 | electron energy -33.951935 + phonon energy 0.000715 | electron momentum kIdx = 0
The 1-th iteration is completed.	|| time cost : 0h 3m 0.07s
********************************************************************************************************************
Start the 2 rounds of NGS-ED iteration
	effective electronic model is modified as: kinetic energy t = 0.998135
	                                           effective interaction Vq = [       -1.8, -0.0734145,-0.00481115, -0.0734145, -0.0734145,-0.00525418,-0.00411283,-0.00525418,-0.00481115,-0.00411283, -0.0340396,-0.00411283, -0.0734145,-0.00525418,-0.00411283,-0.00525418]
	PARPACK diagonalization completed after 30 matrix-vector product operations.
	iteration results: : total energy is -33.951221 | electron energy -33.951950 + phonon energy 0.000729 | electron momentum kIdx = 0
The 2-th iteration is completed.	|| time cost : 0h 0m 21.971s
********************************************************************************************************************
Start the 3 rounds of NGS-ED iteration
	effective electronic model is modified as: kinetic energy t = 0.998135
	                                           effective interaction Vq = [       -1.8, -0.0734165,-0.00481112, -0.0734165, -0.0734165,-0.00525412,-0.00411281,-0.00525412,-0.00481112,-0.00411281, -0.0340397,-0.00411281, -0.0734165,-0.00525412,-0.00411281,-0.00525412]
	PARPACK diagonalization completed after 30 matrix-vector product operations.
	iteration results: : total energy is -33.951221 | electron energy -33.951950 + phonon energy 0.000729 | electron momentum kIdx = 0
The 3-th iteration is completed.	|| time cost : 0h 0m 22.069s
********************************************************************************************************************
Start the 4 rounds of NGS-ED iteration
	effective electronic model is modified as: kinetic energy t = 0.998135
	                                           effective interaction Vq = [       -1.8, -0.0734165,-0.00481112, -0.0734165, -0.0734165,-0.00525412,-0.00411281,-0.00525412,-0.00481112,-0.00411281, -0.0340397,-0.00411281, -0.0734165,-0.00525412,-0.00411281,-0.00525412]
	PARPACK diagonalization completed after 30 matrix-vector product operations.
	iteration results: : total energy is -33.951221 | electron energy -33.951950 + phonon energy 0.000729 | electron momentum kIdx = 0
	Nq(0) = 12.25,	Nq(1) = 0.155114,	Nq(2) = 0.185327,	Nq(3) = 0.155114,	Nq(4) = 0.155114,	Nq(5) = 0.203218,	
	Nq(6) = 0.235722,	Nq(7) = 0.203218,	Nq(8) = 0.185327,	Nq(9) = 0.235722,	Nq(10) = 0.276252,	
	Nq(11) = 0.235722,	Nq(12) = 0.155114,	Nq(13) = 0.203218,	Nq(14) = 0.235722,	Nq(15) = 0.203218;	
	Sq(0) = -4.4257e-18,	Sq(1) = 0.473509,	Sq(2) = 0.7659,	Sq(3) = 0.473509,	Sq(4) = 0.473509,	
	Sq(5) = 0.63033,	Sq(6) = 1.05342,	Sq(7) = 0.63033,	Sq(8) = 0.7659,	Sq(9) = 1.05342,	
	Sq(10) = 2.56606,	Sq(11) = 1.05342,	Sq(12) = 0.473509,	Sq(13) = 0.63033,	Sq(14) = 1.05342,	
	Sq(15) = 0.63033;	N(0) = 1.75527,	N(1) = 1.59201,	N(2) = 0.322999,	N(3) = 1.59201,	
	N(4) = 1.59201,	N(5) = 0.999544,	N(6) = 0.266776,	N(7) = 0.999544,	N(8) = 0.322999,	
	N(9) = 0.266776,	N(10) = 0.165434,	N(11) = 0.266776,	N(12) = 1.59201,	N(13) = 0.999544,	
	N(14) = 0.266776,	N(15) = 0.999544;	Delta[s](0) = 0.0793879,	Delta[s](1) = 0.0593639,	Delta[s](2) = 0.0355531,	
	Delta[s](3) = 0.0593639,	Delta[s](4) = 0.0593639,	Delta[s](5) = 0.0424402,	Delta[s](6) = 0.0196387,	Delta[s](7) = 0.0424402,	
	Delta[s](8) = 0.0355531,	Delta[s](9) = 0.0196387,	Delta[s](10) = 0.000292909,	Delta[s](11) = 0.0196387,	Delta[s](12) = 0.0593639,	
	Delta[s](13) = 0.0424402,	Delta[s](14) = 0.0196387,	Delta[s](15) = 0.0424402;	Delta[d](0) = 0.277193,	Delta[d](1) = 0.190069,	
	Delta[d](2) = 0.199547,	Delta[d](3) = 0.190069,	Delta[d](4) = 0.190069,	Delta[d](5) = 0.176615,	Delta[d](6) = 0.132391,	
	Delta[d](7) = 0.176615,	Delta[d](8) = 0.199547,	Delta[d](9) = 0.132391,	Delta[d](10) = 0.0535613,	Delta[d](11) = 0.132391,	
	Delta[d](12) = 0.190069,	Delta[d](13) = 0.176615,	Delta[d](14) = 0.132391,	Delta[d](15) = 0.176615;	Delta[s+](0) = 0.559484,	
	Delta[s+](1) = 0.416603,	Delta[s+](2) = 0.199547,	Delta[s+](3) = 0.416603,	Delta[s+](4) = 0.416603,	Delta[s+](5) = 0.291106,	
	Delta[s+](6) = 0.126024,	Delta[s+](7) = 0.291106,	Delta[s+](8) = 0.199547,	Delta[s+](9) = 0.126024,	Delta[s+](10) = 0.0382359,	
	Delta[s+](11) = 0.126024,	Delta[s+](12) = 0.416603,	Delta[s+](13) = 0.291106,	Delta[s+](14) = 0.126024,	Delta[s+](15) = 0.291106
	
The 4-th iteration is completed.	|| time cost : 0h 3m 11.77s
********************************************************************************************************************
********************************************************************************************************************
Ground state is obtained after 5 iterations. The current ground-state energy is -33.9512, in which electron energy is -33.9519 and phonon energy is 0.000729052
Final variational state is: 
	Gamma_x = [      1,1.05675,1.00439,1.05675,1.05675,1.00525,1.00479,1.00525,1.00439,1.00479,1.04746,1.00479,1.05675,1.00525,1.00479,1.00525]
	lambda_q = [         3,  0.105032, 0.0203929,  0.105032,  0.105032, 0.0223068,-0.0173887, 0.0223068, 0.0203929,-0.0173887,-0.0479151,-0.0173887,  0.105032, 0.0223068,-0.0173887, 0.0223068]
Effective e-e interactions mediated by phonons are:
	momentum-space Vq = [       -1.8, -0.0734165,-0.00481112, -0.0734165, -0.0734165,-0.00525412,-0.00411281,-0.00525412,-0.00481112,-0.00411281, -0.0340397,-0.00411281, -0.0734165,-0.00525412,-0.00411281,-0.00525412]
	real-space Vr = [ -0.135925, -0.119035, -0.113915, -0.119035, -0.119035, -0.114026,  -0.10171, -0.114026, -0.113915,  -0.10171,-0.0971601,  -0.10171, -0.119035, -0.114026,  -0.10171, -0.114026]
********************************************************************************************************************
o___o  ----------------------------------------
| L |	Time since last clock: 0h 0m 0.01s
A===A	Time since the beginning: 0h 11m 45.446s
***********************************************


Non-Gaussina ED ground state calculation is completed. The final ground-state energy is -33.9512
********************************************************************************************************************
o___o  ----------------------------------------
| L |	Time since last clock: 0h 0m 0.003s
A===A	Time since the beginning: 0h 11m 45.449s
***********************************************



********************************************************************************************************************
All non-Gaussian ED ground state calculations have been completed. Exit now.
