SNEDics v3.2 diagonalization test program		Start at Tue Apr 23 07:49:09 2019

parallized on 80 MPI threads  * 6 OpenMP threads = 480 total threads.
************************************************************************************
************************************************************************************

Input file "model_params.in"
Hubbard-Holstein model parameters : 	t = 1    U = 5    g = 3    W = 5    
************************************************************************************
Input file "hilbertspace_params.in"

Cluster Positions:				Cluster symmetry group : D4
 x ... x ... x ... x .....                       x ... x ... x ... x .....
 |           |           :                       |           |           :
 |           |           :                       |           |           :
12    13    14    15     x                       1     5     6     5     x
 |           |           :                       |           |           :
 |           |           :                       |           |           :
 8 --- 9 ---10 ---11 --- x                       2 --- 6 ---10 --- 6 --- x
 |           |           :                       |           |           :
 |           |           :                       |           |           :
 4     5     6     7     x                       1     5     6     5     x
 |           |           :                       |           |           :
 |           |           :                       |           |           :
 0 --- 1 --- 2 --- 3 --- x                       0 --- 1 --- 2 --- 1 --- x
orbital number : 1
************************************************************************************
0 rounds of non-Gaussian ED iteration : ground-state energy is -11.9405 | electron energy -11.9405 + phonon energy 0 | electron momentum kIdx = 0
Nq = 	16	0.12461	0.195263	0.12461	0.12461	0.195263	0.26473	0.195263	0.195263	0.26473	0.325885	0.26473	0.12461	0.195263	0.26473	0.195263
Sq = 	-6.83509e-19	0.427088	0.630149	0.427088	0.427088	0.630149	0.841324	0.630149	0.630149	0.841324	4.09063	0.841324	0.427088	0.630149	0.841324	0.630149
1 rounds of non-Gaussian ED iteration : ground-state energy is -32.8009 | electron energy -32.8015 + phonon energy 0.000623231 | electron momentum kIdx = 0
Nq = 	16	0.187428	0.26266	0.187428	0.187428	0.26266	0.360806	0.26266	0.26266	0.360806	0.430552	0.360806	0.187428	0.26266	0.360806	0.26266
Sq = 	1.76306e-18	0.424296	0.617139	0.424296	0.424296	0.617139	0.775638	0.617139	0.617139	0.775638	3.29798	0.775638	0.424296	0.617139	0.775638	0.617139
2 rounds of non-Gaussian ED iteration : ground-state energy is -40.1086 | electron energy -40.1173 + phonon energy 0.00872907 | electron momentum kIdx = 0
Nq = 	16	0.212442	0.28374	0.212442	0.212442	0.28374	0.394437	0.28374	0.28374	0.394437	0.462848	0.394437	0.212442	0.28374	0.394437	0.28374
Sq = 	-5.32135e-18	0.420657	0.610772	0.420657	0.420657	0.610772	0.754025	0.610772	0.610772	0.754025	3.04383	0.754025	0.420657	0.610772	0.754025	0.610772
3 rounds of non-Gaussian ED iteration : ground-state energy is -42.7286 | electron energy -42.7531 + phonon energy 0.0245545 | electron momentum kIdx = 0
Nq = 	16	0.22374	0.292045	0.22374	0.22374	0.292045	0.40871	0.292045	0.292045	0.40871	0.475503	0.40871	0.22374	0.292045	0.40871	0.292045
Sq = 	1.14335e-17	0.418728	0.607757	0.418728	0.418728	0.607757	0.745	0.607757	0.607757	0.745	2.94097	0.745	0.418728	0.607757	0.745	0.607757
4 rounds of non-Gaussian ED iteration : ground-state energy is -43.6773 | electron energy -43.7173 + phonon energy 0.0399555 | electron momentum kIdx = 0
Nq = 	16	0.229201	0.295747	0.229201	0.229201	0.295747	0.415416	0.295747	0.295747	0.415416	0.481182	0.415416	0.229201	0.295747	0.415416	0.295747
Sq = 	-7.8111e-19	0.417742	0.606286	0.417742	0.417742	0.606286	0.740812	0.606286	0.606286	0.740812	2.89394	0.740812	0.417742	0.606286	0.740812	0.606286
5 rounds of non-Gaussian ED iteration : ground-state energy is -44.0225 | electron energy -44.0736 + phonon energy 0.0510475 | electron momentum kIdx = 0
Nq = 	16	0.23195	0.297513	0.23195	0.23195	0.297513	0.418745	0.297513	0.297513	0.418745	0.483924	0.418745	0.23195	0.297513	0.418745	0.297513
Sq = 	-8.10229e-18	0.417234	0.605547	0.417234	0.417234	0.605547	0.738755	0.605547	0.605547	0.738755	2.87098	0.738755	0.417234	0.605547	0.738755	0.605547
6 rounds of non-Gaussian ED iteration : ground-state energy is -44.1485 | electron energy -44.2064 + phonon energy 0.0579481 | electron momentum kIdx = 0
Nq = 	16	0.233369	0.298388	0.233369	0.233369	0.298388	0.420448	0.298388	0.298388	0.420448	0.485302	0.420448	0.233369	0.298388	0.420448	0.298388
Sq = 	2.25784e-18	0.416968	0.605169	0.416968	0.416968	0.605169	0.737713	0.605169	0.605169	0.737713	2.85936	0.737713	0.416968	0.605169	0.737713	0.605169
7 rounds of non-Gaussian ED iteration : ground-state energy is -44.1945 | electron energy -44.2565 + phonon energy 0.0619271 | electron momentum kIdx = 0
Nq = 	16	0.234113	0.298832	0.234113	0.234113	0.298832	0.421334	0.298832	0.298832	0.421334	0.48601	0.421334	0.234113	0.298832	0.421334	0.298832
Sq = 	-1.87961e-18	0.416829	0.604973	0.416829	0.416829	0.604973	0.737174	0.604973	0.604973	0.737174	2.85336	0.737174	0.416829	0.604973	0.737174	0.604973
8 rounds of non-Gaussian ED iteration : ground-state energy is -44.2114 | electron energy -44.2755 + phonon energy 0.0641297 | electron momentum kIdx = 0
Nq = 	16	0.234506	0.29906	0.234506	0.234506	0.29906	0.421798	0.29906	0.29906	0.421798	0.486378	0.421798	0.234506	0.29906	0.421798	0.29906
Sq = 	-4.32736e-18	0.416755	0.604871	0.416755	0.416755	0.604871	0.736894	0.604871	0.604871	0.736894	2.85023	0.736894	0.416755	0.604871	0.736894	0.604871
9 rounds of non-Gaussian ED iteration : ground-state energy is -44.2176 | electron energy -44.2829 + phonon energy 0.0653221 | electron momentum kIdx = 0
Nq = 	16	0.234714	0.299178	0.234714	0.234714	0.299178	0.422043	0.299178	0.299178	0.422043	0.486571	0.422043	0.234714	0.299178	0.422043	0.299178
Sq = 	-2.19002e-18	0.416716	0.604817	0.416716	0.416716	0.604817	0.736746	0.604817	0.604817	0.736746	2.84858	0.736746	0.416716	0.604817	0.736746	0.604817
10 rounds of non-Gaussian ED iteration : ground-state energy is -44.2198 | electron energy -44.2858 + phonon energy 0.0659599 | electron momentum kIdx = 0
Nq = 	16	0.234825	0.299239	0.234825	0.234825	0.299239	0.422173	0.299239	0.299239	0.422173	0.486672	0.422173	0.234825	0.299239	0.422173	0.299239
Sq = 	-2.93533e-18	0.416695	0.604789	0.416695	0.416695	0.604789	0.736669	0.604789	0.604789	0.736669	2.84771	0.736669	0.416695	0.604789	0.736669	0.604789
11 rounds of non-Gaussian ED iteration : ground-state energy is -44.2207 | electron energy -44.287 + phonon energy 0.0662987 | electron momentum kIdx = 0
Nq = 	16	0.234884	0.299272	0.234884	0.234884	0.299272	0.422241	0.299272	0.299271	0.422241	0.486725	0.422241	0.234884	0.299272	0.422241	0.299272
Sq = 	3.77901e-18	0.416684	0.604774	0.416684	0.416684	0.604774	0.736628	0.604774	0.604774	0.736628	2.84725	0.736628	0.416684	0.604774	0.736628	0.604774
12 rounds of non-Gaussian ED iteration : ground-state energy is -44.221 | electron energy -44.2875 + phonon energy 0.0664781 | electron momentum kIdx = 0
Nq = 	16	0.234916	0.299288	0.234916	0.234916	0.299288	0.422278	0.299288	0.299288	0.422278	0.486753	0.422278	0.234916	0.299288	0.422278	0.299288
Sq = 	-3.11484e-19	0.416678	0.604767	0.416678	0.416678	0.604767	0.736606	0.604767	0.604767	0.736606	2.84701	0.736606	0.416678	0.604767	0.736606	0.604767
13 rounds of non-Gaussian ED iteration : ground-state energy is -44.2211 | electron energy -44.2877 + phonon energy 0.066573 | electron momentum kIdx = 0
Nq = 	16	0.234933	0.299297	0.234933	0.234933	0.299297	0.422297	0.299297	0.299297	0.422297	0.486768	0.422297	0.234933	0.299297	0.422297	0.299297
Sq = 	-2.75462e-18	0.416675	0.604763	0.416675	0.416675	0.604763	0.736595	0.604763	0.604763	0.736595	2.84688	0.736595	0.416675	0.604763	0.736595	0.604763
14 rounds of non-Gaussian ED iteration : ground-state energy is -44.2211 | electron energy -44.2878 + phonon energy 0.066623 | electron momentum kIdx = 0
Nq = 	16	0.234942	0.299302	0.234942	0.234942	0.299302	0.422307	0.299302	0.299302	0.422307	0.486776	0.422307	0.234942	0.299302	0.422307	0.299302
Sq = 	-8.09833e-18	0.416673	0.60476	0.416673	0.416673	0.60476	0.736589	0.60476	0.60476	0.736589	2.84681	0.736589	0.416673	0.60476	0.736589	0.60476
15 rounds of non-Gaussian ED iteration : ground-state energy is -44.2212 | electron energy -44.2878 + phonon energy 0.0666495 | electron momentum kIdx = 0
Nq = 	16	0.234946	0.299304	0.234946	0.234946	0.299304	0.422313	0.299304	0.299304	0.422313	0.48678	0.422313	0.234946	0.299304	0.422313	0.299304
Sq = 	-5.29492e-18	0.416672	0.604759	0.416672	0.416672	0.604759	0.736586	0.604759	0.604759	0.736586	2.84677	0.736586	0.416672	0.604759	0.736586	0.604759
16 rounds of non-Gaussian ED iteration : ground-state energy is -44.2212 | electron energy -44.2878 + phonon energy 0.0666634 | electron momentum kIdx = 0
Nq = 	16	0.234949	0.299305	0.234949	0.234949	0.299305	0.422315	0.299305	0.299305	0.422315	0.486782	0.422315	0.234949	0.299305	0.422315	0.299305
Sq = 	-6.65017e-18	0.416672	0.604759	0.416672	0.416672	0.604759	0.736584	0.604759	0.604759	0.736584	2.84675	0.736584	0.416672	0.604759	0.736584	0.604759
17 rounds of non-Gaussian ED iteration : ground-state energy is -44.2212 | electron energy -44.2878 + phonon energy 0.0666708 | electron momentum kIdx = 0
Nq = 	16	0.23495	0.299306	0.23495	0.23495	0.299306	0.422317	0.299306	0.299306	0.422317	0.486783	0.422317	0.23495	0.299306	0.422317	0.299306
Sq = 	-5.27407e-18	0.416672	0.604758	0.416672	0.416671	0.604758	0.736583	0.604758	0.604758	0.736583	2.84674	0.736583	0.416671	0.604758	0.736583	0.604758
Ground state is obtained after 18 iterations. The current ground-state energy is -44.2212, in which electron energy is -44.2878 and phonon energy is 0.0666747
o___o  -------------------------------------
| L |	Time since last clock: 1h 33m 43.647s
A===A	Time since the beginning: 1h 33m 43.647s
********************************************

************************************************************************************
