TACC:  Starting up job 1744439 
TACC:  Starting parallel tasks... 
SNEDics v3.4 Non-Gaussian ED ground state program		Start at Sun Oct 11 00:51:19 2020

parallized on 16 MPI threads  * 7 OpenMP threads = 112 total threads.
********************************************************************************************************************
********************************************************************************************************************

********************************************************************************************************************
System parameters and configurations
********************************************************************************************************************
Special program options are enabled: splitted diagonal Hamiltonian
********************************************************************************************************************
Read input file "model_params.in"
	Hubbard-Holstein model parameters : 	t = 1    U = 8    g = 0.03    W = 0.2    g' = 0.01    
********************************************************************************************************************
Read input file "hilbertspace_params.in"
	Requested 16-site 2D lattice, with 14 electrons (7, 7)
	Boundary : Periodic		Hilbert space representation : momentum-space (restricted to kIdx = 0)
	Conservation: particle number[U(1)]      spin[U(1)]     momentum
********************************************************************************************************************

Cluster Positions:				Cluster symmetry group : D4
 x ... x ... x ... x .....                       x ... x ... x ... x .....
 |           |           :                       |           |           :
 |           |           :                       |           |           :
12    13    14    15     x                       1     5     6     5     x
 |           |           :                       |           |           :
 |           |           :                       |           |           :
 8 --- 9 ---10 ---11 --- x                       2 --- 6 ---10 --- 6 --- x
 |           |           :                       |           |           :
 |           |           :                       |           |           :
 4     5     6     7     x                       1     5     6     5     x
 |           |           :                       |           |           :
 |           |           :                       |           |           :
 0 --- 1 --- 2 --- 3 --- x                       0 --- 1 --- 2 --- 1 --- x
orbital number : 1
********************************************************************************************************************
Read input file "obs_params.in"
	Observable Type : Nq(All),   Sq(All),   N(All),   Delta[s](All),   Delta[d](All),   Delta[s+](All)
********************************************************************************************************************
** WARNING ** the input observables have non-local factors which have been reinterpreted. The total observable number is 96
********************************************************************************************************************


********************************************************************************************************************
Start calculating the non-Gaussian ED ground state
** WARNING ** Detected low phonon energy W < 10. The initial state will be prepared through a warm-up process.
********************************************************************************************************************
Start warm-up calculation for scaling factor 64
open output files: NGSEDWarmUpW12.8Obs.txt
********************************************************************************************************************
Start the 0 rounds of NGS-ED iteration
	effective electronic model is modified as: kinetic energy t = 1
	                                           effective interaction Vq = [0,0,0,0,0,0,0,0,0,0,0,0,0,0,0,0]
	first Hamiltonian is constructed, non-zero numbers = 2178478298
	PARPACK diagonalization completed after 165 matrix-vector product operations.
	iteration results: : total energy is -11.868836 | electron energy -11.868836 + phonon energy 0.000000 | electron momentum kIdx = 0
	Nq(0) = 12.25,	Nq(1) = 0.154193,	Nq(2) = 0.185311,	Nq(3) = 0.154193,	Nq(4) = 0.154193,	Nq(5) = 0.203281,	Nq(6) = 0.235634,	Nq(7) = 0.203281,	Nq(8) = 0.185311,	Nq(9) = 0.235634,	Nq(10) = 0.275446,	Nq(11) = 0.235634,	Nq(12) = 0.154193,	Nq(13) = 0.203281,	Nq(14) = 0.235634,	Nq(15) = 0.203281,	Sq(0) = 1.11096e-18,	Sq(1) = 0.474292,	Sq(2) = 0.766364,	Sq(3) = 0.474292,	Sq(4) = 0.474292,	Sq(5) = 0.630724,	Sq(6) = 1.05279,	Sq(7) = 0.630724,	Sq(8) = 0.766364,	Sq(9) = 1.05279,	Sq(10) = 2.56755,	Sq(11) = 1.05279,	Sq(12) = 0.474292,	Sq(13) = 0.630724,	Sq(14) = 1.05279,	Sq(15) = 0.630724,	N(0) = 1.75464,	N(1) = 1.59086,	N(2) = 0.323321,	N(3) = 1.59086,	N(4) = 1.59086,	N(5) = 0.999881,	N(6) = 0.267546,	N(7) = 0.999881,	N(8) = 0.323321,	N(9) = 0.267546,	N(10) = 0.165565,	N(11) = 0.267546,	N(12) = 1.59086,	N(13) = 0.999881,	N(14) = 0.267546,	N(15) = 0.999881,	Delta[s](0) = 0.0793885,	Delta[s](1) = 0.059285,	Delta[s](2) = 0.0353913,	Delta[s](3) = 0.059285,	Delta[s](4) = 0.059285,	Delta[s](5) = 0.0423079,	Delta[s](6) = 0.0194228,	Delta[s](7) = 0.0423079,	Delta[s](8) = 0.0353913,	Delta[s](9) = 0.0194228,	Delta[s](10) = 1.5905e-05,	Delta[s](11) = 0.0194228,	Delta[s](12) = 0.059285,	Delta[s](13) = 0.0423079,	Delta[s](14) = 0.0194228,	Delta[s](15) = 0.0423079,	Delta[d](0) = 0.276201,	Delta[d](1) = 0.189671,	Delta[d](2) = 0.199553,	Delta[d](3) = 0.189671,	Delta[d](4) = 0.189671,	Delta[d](5) = 0.176446,	Delta[d](6) = 0.132325,	Delta[d](7) = 0.176446,	Delta[d](8) = 0.199553,	Delta[d](9) = 0.132325,	Delta[d](10) = 0.0533224,	Delta[d](11) = 0.132325,	Delta[d](12) = 0.189671,	Delta[d](13) = 0.176446,	Delta[d](14) = 0.132325,	Delta[d](15) = 0.176446,	Delta[s+](0) = 0.560047,	Delta[s+](1) = 0.416984,	Delta[s+](2) = 0.199553,	Delta[s+](3) = 0.416984,	Delta[s+](4) = 0.416984,	Delta[s+](5) = 0.291379,	Delta[s+](6) = 0.125997,	Delta[s+](7) = 0.291379,	Delta[s+](8) = 0.199553,	Delta[s+](9) = 0.125997,	Delta[s+](10) = 0.0381004,	Delta[s+](11) = 0.125997,	Delta[s+](12) = 0.416984,	Delta[s+](13) = 0.291379,	Delta[s+](14) = 0.125997,	Delta[s+](15) = 0.291379
The 0-th iteration is completed.	|| time cost : 0h 6m 30.462s
********************************************************************************************************************
Start the 1 rounds of NGS-ED iteration
	effective electronic model is modified as: kinetic energy t = 0.999899
	                                           effective interaction Vq = [   -0.022606,  -0.0108162, -0.00371681,  -0.0108162,  -0.0108162, -0.00375597,-0.000404179, -0.00375597, -0.00371681,-0.000404179,-0.000396136,-0.000404179,  -0.0108162, -0.00375597,-0.000404179, -0.00375597]
	PARPACK diagonalization completed after 45 matrix-vector product operations.
	iteration results: : total energy is -12.155647 | electron energy -12.155647 + phonon energy 0.000000 | electron momentum kIdx = 0
The 1-th iteration is completed.	|| time cost : 0h 5m 18.837s
********************************************************************************************************************
Start the 2 rounds of NGS-ED iteration
	effective electronic model is modified as: kinetic energy t = 0.99986
	                                           effective interaction Vq = [  -0.0243536,  -0.0117674,  -0.0040228,  -0.0117674,  -0.0117674, -0.00407146,-0.000435881, -0.00407146,  -0.0040228,-0.000435881,-0.000425648,-0.000435881,  -0.0117674, -0.00407146,-0.000435881, -0.00407146]
	PARPACK diagonalization completed after 45 matrix-vector product operations.
	iteration results: : total energy is -12.177387 | electron energy -12.177387 + phonon energy 0.000000 | electron momentum kIdx = 0
The 2-th iteration is completed.	|| time cost : 0h 0m 24.354s
********************************************************************************************************************
Start the 3 rounds of NGS-ED iteration
	effective electronic model is modified as: kinetic energy t = 0.999852
	                                           effective interaction Vq = [  -0.0244887,   -0.011909, -0.00406401,   -0.011909,   -0.011909, -0.00411525, -0.00043986, -0.00411525, -0.00406401, -0.00043986,-0.000429094, -0.00043986,   -0.011909, -0.00411525, -0.00043986, -0.00411525]
	PARPACK diagonalization completed after 30 matrix-vector product operations.
	iteration results: : total energy is -12.179053 | electron energy -12.179053 + phonon energy 0.000000 | electron momentum kIdx = 0
The 3-th iteration is completed.	|| time cost : 0h 0m 21.785s
********************************************************************************************************************
Start the 4 rounds of NGS-ED iteration
	effective electronic model is modified as: kinetic energy t = 0.999851
	                                           effective interaction Vq = [  -0.0244991,  -0.0119352, -0.00407031,  -0.0119352,  -0.0119352, -0.00412226,-0.000440413, -0.00412226, -0.00407031,-0.000440413,-0.000429532,-0.000440413,  -0.0119352, -0.00412226,-0.000440413, -0.00412226]
	PARPACK diagonalization completed after 30 matrix-vector product operations.
	iteration results: : total energy is -12.179182 | electron energy -12.179182 + phonon energy 0.000000 | electron momentum kIdx = 0
	Nq(0) = 12.25,	Nq(1) = 0.154345,	Nq(2) = 0.185388,	Nq(3) = 0.154345,	Nq(4) = 0.154345,	Nq(5) = 0.203363,	Nq(6) = 0.235689,	Nq(7) = 0.203363,	Nq(8) = 0.185388,	Nq(9) = 0.235689,	Nq(10) = 0.275527,	Nq(11) = 0.235689,	Nq(12) = 0.154345,	Nq(13) = 0.203363,	Nq(14) = 0.235689,	Nq(15) = 0.203363,	Sq(0) = -2.11023e-18,	Sq(1) = 0.474188,	Sq(2) = 0.766242,	Sq(3) = 0.474188,	Sq(4) = 0.474188,	Sq(5) = 0.630647,	Sq(6) = 1.05271,	Sq(7) = 0.630647,	Sq(8) = 0.766242,	Sq(9) = 1.05271,	Sq(10) = 2.56743,	Sq(11) = 1.05271,	Sq(12) = 0.474188,	Sq(13) = 0.630647,	Sq(14) = 1.05271,	Sq(15) = 0.630647,	N(0) = 1.75487,	N(1) = 1.5912,	N(2) = 0.323043,	N(3) = 1.5912,	N(4) = 1.5912,	N(5) = 0.999843,	N(6) = 0.26735,	N(7) = 0.999843,	N(8) = 0.323043,	N(9) = 0.26735,	N(10) = 0.165473,	N(11) = 0.26735,	N(12) = 1.5912,	N(13) = 0.999843,	N(14) = 0.26735,	N(15) = 0.999843,	Delta[s](0) = 0.0794629,	Delta[s](1) = 0.0593443,	Delta[s](2) = 0.0354282,	Delta[s](3) = 0.0593443,	Delta[s](4) = 0.0593443,	Delta[s](5) = 0.0423571,	Delta[s](6) = 0.0194492,	Delta[s](7) = 0.0423571,	Delta[s](8) = 0.0354282,	Delta[s](9) = 0.0194492,	Delta[s](10) = 2.36002e-05,	Delta[s](11) = 0.0194492,	Delta[s](12) = 0.0593443,	Delta[s](13) = 0.0423571,	Delta[s](14) = 0.0194492,	Delta[s](15) = 0.0423571,	Delta[d](0) = 0.2765,	Delta[d](1) = 0.189712,	Delta[d](2) = 0.199602,	Delta[d](3) = 0.189712,	Delta[d](4) = 0.189712,	Delta[d](5) = 0.176485,	Delta[d](6) = 0.132333,	Delta[d](7) = 0.176485,	Delta[d](8) = 0.199602,	Delta[d](9) = 0.132333,	Delta[d](10) = 0.053333,	Delta[d](11) = 0.132333,	Delta[d](12) = 0.189712,	Delta[d](13) = 0.176485,	Delta[d](14) = 0.132333,	Delta[d](15) = 0.176485,	Delta[s+](0) = 0.560297,	Delta[s+](1) = 0.417161,	Delta[s+](2) = 0.199602,	Delta[s+](3) = 0.417161,	Delta[s+](4) = 0.417161,	Delta[s+](5) = 0.291481,	Delta[s+](6) = 0.126013,	Delta[s+](7) = 0.291481,	Delta[s+](8) = 0.199602,	Delta[s+](9) = 0.126013,	Delta[s+](10) = 0.0380951,	Delta[s+](11) = 0.126013,	Delta[s+](12) = 0.417161,	Delta[s+](13) = 0.291481,	Delta[s+](14) = 0.126013,	Delta[s+](15) = 0.291481
The 4-th iteration is completed.	|| time cost : 0h 3m 57.376s
********************************************************************************************************************
********************************************************************************************************************
Ground state is obtained after 5 iterations. The current ground-state energy is -12.1792, in which electron energy is -12.1792 and phonon energy is 4.79735e-08
final variational state is: 
	Gamma_x = [      1,1.00005,1.00003,1.00005,1.00005,1.00003,      1,1.00003,1.00003,      1,1.00001,      1,1.00005,1.00003,      1,1.00003]
	lambda_q = [  0.0436773,  0.0246371,  0.0129627,  0.0246371,  0.0246371,  0.0133259, 0.00409382,  0.0133259,  0.0129627, 0.00409382,-0.00390461, 0.00409382,  0.0246371,  0.0133259, 0.00409382,  0.0133259]
The effective e-e interactions mediated by phonons are: [  0.0244999,  0.0119402,  0.0040713,  0.0119402,  0.0119402, 0.00412341,0.000440491, 0.00412341,  0.0040713,0.000440491,0.000429589,0.000440491,  0.0119402, 0.00412341,0.000440491, 0.00412341]
The real-space interactions mediated by phonons are: [ -0.0990887, -0.0380289,-0.00469073, -0.0116299, -0.0470699, -0.0240772,-0.00469073,-0.00797856, -0.0165785,-0.00797856,-0.00469073, -0.0240772, -0.0470699, -0.0116299,-0.00469073, -0.0380289]
********************************************************************************************************************
o___o  ----------------------------------------
| L |	Time since last clock: 0h 0m 0s
A===A	Time since the beginning: 0h 16m 32.817s
***********************************************

********************************************************************************************************************
Start warm-up calculation for scaling factor 32
open output files: NGSEDWarmUpW6.4Obs.txt
********************************************************************************************************************
Start the 0 rounds of NGS-ED iteration
	effective electronic model is modified as: kinetic energy t = 0.999851
	                                           effective interaction Vq = [  -0.0223813,  -0.0100521, -0.00332429,  -0.0100521,  -0.0100521, -0.00338645,-0.000355903, -0.00338645, -0.00332429,-0.000355903,-0.000344182,-0.000355903,  -0.0100521, -0.00338645,-0.000355903, -0.00338645]
	PARPACK diagonalization completed after 45 matrix-vector product operations.
	iteration results: : total energy is -12.151094 | electron energy -12.151094 + phonon energy 0.000000 | electron momentum kIdx = 0
	Nq(0) = 12.25,	Nq(1) = 0.15432,	Nq(2) = 0.185371,	Nq(3) = 0.15432,	Nq(4) = 0.15432,	Nq(5) = 0.203344,	Nq(6) = 0.235675,	Nq(7) = 0.203344,	Nq(8) = 0.185371,	Nq(9) = 0.235675,	Nq(10) = 0.275508,	Nq(11) = 0.235675,	Nq(12) = 0.15432,	Nq(13) = 0.203344,	Nq(14) = 0.235675,	Nq(15) = 0.203344,	Sq(0) = 6.97845e-19,	Sq(1) = 0.474203,	Sq(2) = 0.766267,	Sq(3) = 0.474203,	Sq(4) = 0.474203,	Sq(5) = 0.630662,	Sq(6) = 1.05274,	Sq(7) = 0.630662,	Sq(8) = 0.766267,	Sq(9) = 1.05274,	Sq(10) = 2.56745,	Sq(11) = 1.05274,	Sq(12) = 0.474203,	Sq(13) = 0.630662,	Sq(14) = 1.05274,	Sq(15) = 0.630662,	N(0) = 1.75483,	N(1) = 1.59113,	N(2) = 0.323102,	N(3) = 1.59113,	N(4) = 1.59113,	N(5) = 0.999849,	N(6) = 0.26739,	N(7) = 0.999849,	N(8) = 0.323102,	N(9) = 0.26739,	N(10) = 0.165495,	N(11) = 0.26739,	N(12) = 1.59113,	N(13) = 0.999849,	N(14) = 0.26739,	N(15) = 0.999849,	Delta[s](0) = 0.0794419,	Delta[s](1) = 0.0593293,	Delta[s](2) = 0.0354215,	Delta[s](3) = 0.0593293,	Delta[s](4) = 0.0593293,	Delta[s](5) = 0.0423463,	Delta[s](6) = 0.0194467,	Delta[s](7) = 0.0423463,	Delta[s](8) = 0.0354215,	Delta[s](9) = 0.0194467,	Delta[s](10) = 2.76675e-05,	Delta[s](11) = 0.0194467,	Delta[s](12) = 0.0593293,	Delta[s](13) = 0.0423463,	Delta[s](14) = 0.0194467,	Delta[s](15) = 0.0423463,	Delta[d](0) = 0.276535,	Delta[d](1) = 0.189778,	Delta[d](2) = 0.199663,	Delta[d](3) = 0.189778,	Delta[d](4) = 0.189778,	Delta[d](5) = 0.176543,	Delta[d](6) = 0.132382,	Delta[d](7) = 0.176543,	Delta[d](8) = 0.199663,	Delta[d](9) = 0.132382,	Delta[d](10) = 0.0533551,	Delta[d](11) = 0.132382,	Delta[d](12) = 0.189778,	Delta[d](13) = 0.176543,	Delta[d](14) = 0.132382,	Delta[d](15) = 0.176543,	Delta[s+](0) = 0.560427,	Delta[s+](1) = 0.417261,	Delta[s+](2) = 0.199663,	Delta[s+](3) = 0.417261,	Delta[s+](4) = 0.417261,	Delta[s+](5) = 0.291556,	Delta[s+](6) = 0.126057,	Delta[s+](7) = 0.291556,	Delta[s+](8) = 0.199663,	Delta[s+](9) = 0.126057,	Delta[s+](10) = 0.0381143,	Delta[s+](11) = 0.126057,	Delta[s+](12) = 0.417261,	Delta[s+](13) = 0.291556,	Delta[s+](14) = 0.126057,	Delta[s+](15) = 0.291556
The 0-th iteration is completed.	|| time cost : 0h 4m 1.012s
********************************************************************************************************************
Start the 1 rounds of NGS-ED iteration
	effective electronic model is modified as: kinetic energy t = 0.999825
	                                           effective interaction Vq = [  -0.0239109,  -0.0106569, -0.00344847,  -0.0106569,  -0.0106569, -0.00353145,-0.000365128, -0.00353145, -0.00344847,-0.000365128,-0.000349426,-0.000365128,  -0.0106569, -0.00353145,-0.000365128, -0.00353145]
	PARPACK diagonalization completed after 45 matrix-vector product operations.
	iteration results: : total energy is -12.169940 | electron energy -12.169940 + phonon energy 0.000000 | electron momentum kIdx = 0
The 1-th iteration is completed.	|| time cost : 0h 0m 24.396s
********************************************************************************************************************
Start the 2 rounds of NGS-ED iteration
	effective electronic model is modified as: kinetic energy t = 0.999815
	                                           effective interaction Vq = [  -0.0243362,  -0.0108613, -0.00348412,  -0.0108613,  -0.0108613,  -0.0035748,-0.000367555,  -0.0035748, -0.00348412,-0.000367555,-0.000350695,-0.000367555,  -0.0108613,  -0.0035748,-0.000367555,  -0.0035748]
	PARPACK diagonalization completed after 30 matrix-vector product operations.
	iteration results: : total energy is -12.175164 | electron energy -12.175164 + phonon energy 0.000000 | electron momentum kIdx = 0
The 2-th iteration is completed.	|| time cost : 0h 0m 21.581s
********************************************************************************************************************
Start the 3 rounds of NGS-ED iteration
	effective electronic model is modified as: kinetic energy t = 0.999812
	                                           effective interaction Vq = [  -0.0244545,  -0.0109347, -0.00349463,  -0.0109347,  -0.0109347, -0.00358818,-0.000368204, -0.00358818, -0.00349463,-0.000368204,-0.000351005,-0.000368204,  -0.0109347, -0.00358818,-0.000368204, -0.00358818]
	PARPACK diagonalization completed after 30 matrix-vector product operations.
	iteration results: : total energy is -12.176614 | electron energy -12.176614 + phonon energy 0.000000 | electron momentum kIdx = 0
The 3-th iteration is completed.	|| time cost : 0h 0m 21.585s
********************************************************************************************************************
Start the 4 rounds of NGS-ED iteration
	effective electronic model is modified as: kinetic energy t = 0.99981
	                                           effective interaction Vq = [  -0.0244873,  -0.0109617, -0.00349775,  -0.0109617,  -0.0109617, -0.00359236,-0.000368378, -0.00359236, -0.00349775,-0.000368378, -0.00035108,-0.000368378,  -0.0109617, -0.00359236,-0.000368378, -0.00359236]
	PARPACK diagonalization completed after 30 matrix-vector product operations.
	iteration results: : total energy is -12.177017 | electron energy -12.177017 + phonon energy 0.000000 | electron momentum kIdx = 0
The 4-th iteration is completed.	|| time cost : 0h 0m 21.642s
********************************************************************************************************************
Start the 5 rounds of NGS-ED iteration
	effective electronic model is modified as: kinetic energy t = 0.99981
	                                           effective interaction Vq = [  -0.0244965,  -0.0109718, -0.00349868,  -0.0109718,  -0.0109718, -0.00359366,-0.000368425, -0.00359366, -0.00349868,-0.000368425,-0.000351099,-0.000368425,  -0.0109718, -0.00359366,-0.000368425, -0.00359366]
	PARPACK diagonalization completed after 30 matrix-vector product operations.
	iteration results: : total energy is -12.177129 | electron energy -12.177129 + phonon energy 0.000000 | electron momentum kIdx = 0
	Nq(0) = 12.25,	Nq(1) = 0.154329,	Nq(2) = 0.18537,	Nq(3) = 0.154329,	Nq(4) = 0.154329,	Nq(5) = 0.203343,	Nq(6) = 0.235672,	Nq(7) = 0.203343,	Nq(8) = 0.18537,	Nq(9) = 0.235672,	Nq(10) = 0.275506,	Nq(11) = 0.235672,	Nq(12) = 0.154329,	Nq(13) = 0.203343,	Nq(14) = 0.235672,	Nq(15) = 0.203343,	Sq(0) = -4.48909e-18,	Sq(1) = 0.474194,	Sq(2) = 0.766263,	Sq(3) = 0.474194,	Sq(4) = 0.474194,	Sq(5) = 0.630659,	Sq(6) = 1.05275,	Sq(7) = 0.630659,	Sq(8) = 0.766263,	Sq(9) = 1.05275,	Sq(10) = 2.56744,	Sq(11) = 1.05275,	Sq(12) = 0.474194,	Sq(13) = 0.630659,	Sq(14) = 1.05275,	Sq(15) = 0.630659,	N(0) = 1.75483,	N(1) = 1.59114,	N(2) = 0.3231,	N(3) = 1.59114,	N(4) = 1.59114,	N(5) = 0.999845,	N(6) = 0.267386,	N(7) = 0.999845,	N(8) = 0.3231,	N(9) = 0.267386,	N(10) = 0.165498,	N(11) = 0.267386,	N(12) = 1.59114,	N(13) = 0.999845,	N(14) = 0.267386,	N(15) = 0.999845,	Delta[s](0) = 0.079441,	Delta[s](1) = 0.0593293,	Delta[s](2) = 0.0354223,	Delta[s](3) = 0.0593293,	Delta[s](4) = 0.0593293,	Delta[s](5) = 0.042347,	Delta[s](6) = 0.0194482,	Delta[s](7) = 0.042347,	Delta[s](8) = 0.0354223,	Delta[s](9) = 0.0194482,	Delta[s](10) = 3.00183e-05,	Delta[s](11) = 0.0194482,	Delta[s](12) = 0.0593293,	Delta[s](13) = 0.042347,	Delta[s](14) = 0.0194482,	Delta[s](15) = 0.042347,	Delta[d](0) = 0.276636,	Delta[d](1) = 0.189841,	Delta[d](2) = 0.199726,	Delta[d](3) = 0.189841,	Delta[d](4) = 0.189841,	Delta[d](5) = 0.1766,	Delta[d](6) = 0.132424,	Delta[d](7) = 0.1766,	Delta[d](8) = 0.199726,	Delta[d](9) = 0.132424,	Delta[d](10) = 0.0533748,	Delta[d](11) = 0.132424,	Delta[d](12) = 0.189841,	Delta[d](13) = 0.1766,	Delta[d](14) = 0.132424,	Delta[d](15) = 0.1766,	Delta[s+](0) = 0.560596,	Delta[s+](1) = 0.417387,	Delta[s+](2) = 0.199726,	Delta[s+](3) = 0.417387,	Delta[s+](4) = 0.417387,	Delta[s+](5) = 0.291644,	Delta[s+](6) = 0.126096,	Delta[s+](7) = 0.291644,	Delta[s+](8) = 0.199726,	Delta[s+](9) = 0.126096,	Delta[s+](10) = 0.0381278,	Delta[s+](11) = 0.126096,	Delta[s+](12) = 0.417387,	Delta[s+](13) = 0.291644,	Delta[s+](14) = 0.126096,	Delta[s+](15) = 0.291644
The 5-th iteration is completed.	|| time cost : 0h 3m 57.952s
********************************************************************************************************************
********************************************************************************************************************
Ground state is obtained after 6 iterations. The current ground-state energy is -12.1771, in which electron energy is -12.1771 and phonon energy is 1.64077e-07
final variational state is: 
	Gamma_x = [      1,1.00014,1.00006,1.00014,1.00014,1.00007,1.00001,1.00007,1.00006,1.00001,1.00001,1.00001,1.00014,1.00007,1.00001,1.00007]
	lambda_q = [  0.0614808,  0.0287605,    0.01401,  0.0287605,  0.0287605,   0.014619, 0.00430489,   0.014619,    0.01401, 0.00430489,-0.00401545, 0.00430489,  0.0287605,   0.014619, 0.00430489,   0.014619]
The effective e-e interactions mediated by phonons are: [   0.024499,  0.0109755, 0.00349896,  0.0109755,  0.0109755, 0.00359407,0.000368438, 0.00359407, 0.00349896,0.000368438,0.000351103,0.000368438,  0.0109755, 0.00359407,0.000368438, 0.00359407]
The real-space interactions mediated by phonons are: [ -0.0916002, -0.0370848,-0.00604691, -0.0130337, -0.0453621, -0.0245147,-0.00604691, -0.0093671, -0.0174717, -0.0093671,-0.00604691, -0.0245147, -0.0453621, -0.0130337,-0.00604691, -0.0370848]
********************************************************************************************************************
o___o  ----------------------------------------
| L |	Time since last clock: 0h 0m 0s
A===A	Time since the beginning: 0h 26m 0.989s
***********************************************

********************************************************************************************************************
Start warm-up calculation for scaling factor 16
open output files: NGSEDWarmUpW3.2Obs.txt
********************************************************************************************************************
Start the 0 rounds of NGS-ED iteration
	effective electronic model is modified as: kinetic energy t = 0.99981
	                                           effective interaction Vq = [  -0.0223336, -0.00885727,  -0.0027343, -0.00885727, -0.00885727, -0.00282467,-0.000285089, -0.00282467,  -0.0027343,-0.000285089,-0.000269639,-0.000285089, -0.00885727, -0.00282467,-0.000285089, -0.00282467]
	PARPACK diagonalization completed after 45 matrix-vector product operations.
	iteration results: : total energy is -12.148316 | electron energy -12.148316 + phonon energy 0.000000 | electron momentum kIdx = 0
	Nq(0) = 12.25,	Nq(1) = 0.154301,	Nq(2) = 0.185353,	Nq(3) = 0.154301,	Nq(4) = 0.154301,	Nq(5) = 0.203324,	Nq(6) = 0.235657,	Nq(7) = 0.203324,	Nq(8) = 0.185353,	Nq(9) = 0.235657,	Nq(10) = 0.275485,	Nq(11) = 0.235657,	Nq(12) = 0.154301,	Nq(13) = 0.203324,	Nq(14) = 0.235657,	Nq(15) = 0.203324,	Sq(0) = 4.45537e-18,	Sq(1) = 0.474211,	Sq(2) = 0.766289,	Sq(3) = 0.474211,	Sq(4) = 0.474211,	Sq(5) = 0.630675,	Sq(6) = 1.05277,	Sq(7) = 0.630675,	Sq(8) = 0.766289,	Sq(9) = 1.05277,	Sq(10) = 2.56747,	Sq(11) = 1.05277,	Sq(12) = 0.474211,	Sq(13) = 0.630675,	Sq(14) = 1.05277,	Sq(15) = 0.630675,	N(0) = 1.75478,	N(1) = 1.59106,	N(2) = 0.323162,	N(3) = 1.59106,	N(4) = 1.59106,	N(5) = 0.999852,	N(6) = 0.267428,	N(7) = 0.999852,	N(8) = 0.323162,	N(9) = 0.267428,	N(10) = 0.165521,	N(11) = 0.267428,	N(12) = 1.59106,	N(13) = 0.999852,	N(14) = 0.267428,	N(15) = 0.999852,	Delta[s](0) = 0.0794227,	Delta[s](1) = 0.0593153,	Delta[s](2) = 0.0354144,	Delta[s](3) = 0.0593153,	Delta[s](4) = 0.0593153,	Delta[s](5) = 0.0423359,	Delta[s](6) = 0.0194433,	Delta[s](7) = 0.0423359,	Delta[s](8) = 0.0354144,	Delta[s](9) = 0.0194433,	Delta[s](10) = 3.02497e-05,	Delta[s](11) = 0.0194433,	Delta[s](12) = 0.0593153,	Delta[s](13) = 0.0423359,	Delta[s](14) = 0.0194433,	Delta[s](15) = 0.0423359,	Delta[d](0) = 0.276667,	Delta[d](1) = 0.189899,	Delta[d](2) = 0.199781,	Delta[d](3) = 0.189899,	Delta[d](4) = 0.189899,	Delta[d](5) = 0.176651,	Delta[d](6) = 0.132467,	Delta[d](7) = 0.176651,	Delta[d](8) = 0.199781,	Delta[d](9) = 0.132467,	Delta[d](10) = 0.0533925,	Delta[d](11) = 0.132467,	Delta[d](12) = 0.189899,	Delta[d](13) = 0.176651,	Delta[d](14) = 0.132467,	Delta[d](15) = 0.176651,	Delta[s+](0) = 0.560721,	Delta[s+](1) = 0.417482,	Delta[s+](2) = 0.199781,	Delta[s+](3) = 0.417482,	Delta[s+](4) = 0.417482,	Delta[s+](5) = 0.291716,	Delta[s+](6) = 0.126135,	Delta[s+](7) = 0.291716,	Delta[s+](8) = 0.199781,	Delta[s+](9) = 0.126135,	Delta[s+](10) = 0.0381434,	Delta[s+](11) = 0.126135,	Delta[s+](12) = 0.417482,	Delta[s+](13) = 0.291716,	Delta[s+](14) = 0.126135,	Delta[s+](15) = 0.291716
The 0-th iteration is completed.	|| time cost : 0h 4m 2.084s
********************************************************************************************************************
Start the 1 rounds of NGS-ED iteration
	effective electronic model is modified as: kinetic energy t = 0.999808
	                                           effective interaction Vq = [  -0.0233577, -0.00900254, -0.00268556, -0.00900254, -0.00900254, -0.00279572,-0.000275711, -0.00279572, -0.00268556,-0.000275711,-0.000257172,-0.000275711, -0.00900254, -0.00279572,-0.000275711, -0.00279572]
	PARPACK diagonalization completed after 30 matrix-vector product operations.
	iteration results: : total energy is -12.160869 | electron energy -12.160870 + phonon energy 0.000000 | electron momentum kIdx = 0
The 1-th iteration is completed.	|| time cost : 0h 0m 21.579s
********************************************************************************************************************
Start the 2 rounds of NGS-ED iteration
	effective electronic model is modified as: kinetic energy t = 0.999807
	                                           effective interaction Vq = [  -0.0238977, -0.00907634, -0.00266539, -0.00907634, -0.00907634, -0.00278316,-0.000272189, -0.00278316, -0.00266539,-0.000272189,-0.000252901,-0.000272189, -0.00907634, -0.00278316,-0.000272189, -0.00278316]
	PARPACK diagonalization completed after 30 matrix-vector product operations.
	iteration results: : total energy is -12.167486 | electron energy -12.167487 + phonon energy 0.000000 | electron momentum kIdx = 0
The 2-th iteration is completed.	|| time cost : 0h 0m 21.604s
********************************************************************************************************************
Start the 3 rounds of NGS-ED iteration
	effective electronic model is modified as: kinetic energy t = 0.999806
	                                           effective interaction Vq = [  -0.0241824, -0.00911412,  -0.0026571, -0.00911412, -0.00911412, -0.00277774,-0.000270879, -0.00277774,  -0.0026571,-0.000270879,-0.000251455,-0.000270879, -0.00911412, -0.00277774,-0.000270879, -0.00277774]
	PARPACK diagonalization completed after 30 matrix-vector product operations.
	iteration results: : total energy is -12.170975 | electron energy -12.170975 + phonon energy 0.000000 | electron momentum kIdx = 0
The 3-th iteration is completed.	|| time cost : 0h 0m 21.591s
********************************************************************************************************************
Start the 4 rounds of NGS-ED iteration
	effective electronic model is modified as: kinetic energy t = 0.999806
	                                           effective interaction Vq = [  -0.0243325, -0.00913353, -0.00265369, -0.00913353, -0.00913353,  -0.0027754,-0.000270394,  -0.0027754, -0.00265369,-0.000270394,-0.000250968,-0.000270394, -0.00913353,  -0.0027754,-0.000270394,  -0.0027754]
	PARPACK diagonalization completed after 30 matrix-vector product operations.
	iteration results: : total energy is -12.172814 | electron energy -12.172814 + phonon energy 0.000000 | electron momentum kIdx = 0
The 4-th iteration is completed.	|| time cost : 0h 0m 21.623s
********************************************************************************************************************
Start the 5 rounds of NGS-ED iteration
	effective electronic model is modified as: kinetic energy t = 0.999805
	                                           effective interaction Vq = [  -0.0244117, -0.00914353,  -0.0026523, -0.00914353, -0.00914353,  -0.0027744,-0.000270214,  -0.0027744,  -0.0026523,-0.000270214,-0.000250803,-0.000270214, -0.00914353,  -0.0027744,-0.000270214,  -0.0027744]
	PARPACK diagonalization completed after 30 matrix-vector product operations.
	iteration results: : total energy is -12.173784 | electron energy -12.173784 + phonon energy 0.000000 | electron momentum kIdx = 0
The 5-th iteration is completed.	|| time cost : 0h 0m 21.58s
********************************************************************************************************************
Start the 6 rounds of NGS-ED iteration
	effective electronic model is modified as: kinetic energy t = 0.999805
	                                           effective interaction Vq = [  -0.0244534, -0.00914868, -0.00265172, -0.00914868, -0.00914868, -0.00277396,-0.000270147, -0.00277396, -0.00265172,-0.000270147,-0.000250748,-0.000270147, -0.00914868, -0.00277396,-0.000270147, -0.00277396]
	PARPACK diagonalization completed after 30 matrix-vector product operations.
	iteration results: : total energy is -12.174295 | electron energy -12.174296 + phonon energy 0.000000 | electron momentum kIdx = 0
The 6-th iteration is completed.	|| time cost : 0h 0m 21.577s
********************************************************************************************************************
Start the 7 rounds of NGS-ED iteration
	effective electronic model is modified as: kinetic energy t = 0.999805
	                                           effective interaction Vq = [  -0.0244754, -0.00915134, -0.00265149, -0.00915134, -0.00915134, -0.00277378,-0.000270122, -0.00277378, -0.00265149,-0.000270122, -0.00025073,-0.000270122, -0.00915134, -0.00277378,-0.000270122, -0.00277378]
	PARPACK diagonalization completed after 30 matrix-vector product operations.
	iteration results: : total energy is -12.174565 | electron energy -12.174565 + phonon energy 0.000000 | electron momentum kIdx = 0
The 7-th iteration is completed.	|| time cost : 0h 0m 21.594s
********************************************************************************************************************
Start the 8 rounds of NGS-ED iteration
	effective electronic model is modified as: kinetic energy t = 0.999805
	                                           effective interaction Vq = [  -0.0244871, -0.00915272, -0.00265139, -0.00915272, -0.00915272,  -0.0027737,-0.000270113,  -0.0027737, -0.00265139,-0.000270113,-0.000250723,-0.000270113, -0.00915272,  -0.0027737,-0.000270113,  -0.0027737]
	PARPACK diagonalization completed after 30 matrix-vector product operations.
	iteration results: : total energy is -12.174707 | electron energy -12.174707 + phonon energy 0.000000 | electron momentum kIdx = 0
	Nq(0) = 12.25,	Nq(1) = 0.154304,	Nq(2) = 0.185351,	Nq(3) = 0.154304,	Nq(4) = 0.154304,	Nq(5) = 0.203322,	Nq(6) = 0.235656,	Nq(7) = 0.203322,	Nq(8) = 0.185351,	Nq(9) = 0.235656,	Nq(10) = 0.275484,	Nq(11) = 0.235656,	Nq(12) = 0.154304,	Nq(13) = 0.203322,	Nq(14) = 0.235656,	Nq(15) = 0.203322,	Sq(0) = -4.52031e-18,	Sq(1) = 0.474207,	Sq(2) = 0.766289,	Sq(3) = 0.474207,	Sq(4) = 0.474207,	Sq(5) = 0.630674,	Sq(6) = 1.05278,	Sq(7) = 0.630674,	Sq(8) = 0.766289,	Sq(9) = 1.05278,	Sq(10) = 2.56746,	Sq(11) = 1.05278,	Sq(12) = 0.474207,	Sq(13) = 0.630674,	Sq(14) = 1.05278,	Sq(15) = 0.630674,	N(0) = 1.75478,	N(1) = 1.59106,	N(2) = 0.323166,	N(3) = 1.59106,	N(4) = 1.59106,	N(5) = 0.99985,	N(6) = 0.267429,	N(7) = 0.99985,	N(8) = 0.323166,	N(9) = 0.267429,	N(10) = 0.165523,	N(11) = 0.267429,	N(12) = 1.59106,	N(13) = 0.99985,	N(14) = 0.267429,	N(15) = 0.99985,	Delta[s](0) = 0.079422,	Delta[s](1) = 0.0593149,	Delta[s](2) = 0.0354143,	Delta[s](3) = 0.0593149,	Delta[s](4) = 0.0593149,	Delta[s](5) = 0.0423356,	Delta[s](6) = 0.0194434,	Delta[s](7) = 0.0423356,	Delta[s](8) = 0.0354143,	Delta[s](9) = 0.0194434,	Delta[s](10) = 3.07269e-05,	Delta[s](11) = 0.0194434,	Delta[s](12) = 0.0593149,	Delta[s](13) = 0.0423356,	Delta[s](14) = 0.0194434,	Delta[s](15) = 0.0423356,	Delta[d](0) = 0.276867,	Delta[d](1) = 0.190034,	Delta[d](2) = 0.199921,	Delta[d](3) = 0.190034,	Delta[d](4) = 0.190034,	Delta[d](5) = 0.176776,	Delta[d](6) = 0.13256,	Delta[d](7) = 0.176776,	Delta[d](8) = 0.199921,	Delta[d](9) = 0.13256,	Delta[d](10) = 0.0534312,	Delta[d](11) = 0.13256,	Delta[d](12) = 0.190034,	Delta[d](13) = 0.176776,	Delta[d](14) = 0.13256,	Delta[d](15) = 0.176776,	Delta[s+](0) = 0.56111,	Delta[s+](1) = 0.417772,	Delta[s+](2) = 0.199921,	Delta[s+](3) = 0.417772,	Delta[s+](4) = 0.417772,	Delta[s+](5) = 0.291919,	Delta[s+](6) = 0.126224,	Delta[s+](7) = 0.291919,	Delta[s+](8) = 0.199921,	Delta[s+](9) = 0.126224,	Delta[s+](10) = 0.0381706,	Delta[s+](11) = 0.126224,	Delta[s+](12) = 0.417772,	Delta[s+](13) = 0.291919,	Delta[s+](14) = 0.126224,	Delta[s+](15) = 0.291919
The 8-th iteration is completed.	|| time cost : 0h 3m 58.108s
********************************************************************************************************************
********************************************************************************************************************
Ground state is obtained after 9 iterations. The current ground-state energy is -12.1747, in which electron energy is -12.1747 and phonon energy is 3.68498e-07
final variational state is: 
	Gamma_x = [      1, 1.0003,1.00012, 1.0003, 1.0003,1.00013,1.00002,1.00013,1.00012,1.00002,1.00002,1.00002, 1.0003,1.00013,1.00002,1.00013]
	lambda_q = [  0.0860394,  0.0301611,  0.0134646,  0.0301611,  0.0301611,  0.0142733, 0.00402411,  0.0142733,  0.0134646, 0.00402411,-0.00367392, 0.00402411,  0.0301611,  0.0142733, 0.00402411,  0.0142733]
The effective e-e interactions mediated by phonons are: [  0.0244932, 0.00915343, 0.00265135, 0.00915343, 0.00915343, 0.00277366, 0.00027011, 0.00277366, 0.00265135, 0.00027011,0.000250721, 0.00027011, 0.00915343, 0.00277366, 0.00027011, 0.00277366]
The real-space interactions mediated by phonons are: [ -0.0788354, -0.0351459,-0.00883767, -0.0153367, -0.0420091, -0.0249519,-0.00883767, -0.0119327,  -0.018952, -0.0119327,-0.00883767, -0.0249519, -0.0420091, -0.0153367,-0.00883767, -0.0351459]
********************************************************************************************************************
o___o  ----------------------------------------
| L |	Time since last clock: 0h 0m 0s
A===A	Time since the beginning: 0h 36m 32.333s
***********************************************

********************************************************************************************************************
Start warm-up calculation for scaling factor 8
open output files: NGSEDWarmUpW1.6Obs.txt
********************************************************************************************************************
Start the 0 rounds of NGS-ED iteration
	effective electronic model is modified as: kinetic energy t = 0.999805
	                                           effective interaction Vq = [  -0.0222254, -0.00707534, -0.00199494, -0.00707534, -0.00707534, -0.00209629,-0.000201729, -0.00209629, -0.00199494,-0.000201729,-0.000186232,-0.000201729, -0.00707534, -0.00209629,-0.000201729, -0.00209629]
	PARPACK diagonalization completed after 45 matrix-vector product operations.
	iteration results: : total energy is -12.144843 | electron energy -12.144843 + phonon energy 0.000000 | electron momentum kIdx = 0
	Nq(0) = 12.25,	Nq(1) = 0.154276,	Nq(2) = 0.185336,	Nq(3) = 0.154276,	Nq(4) = 0.154276,	Nq(5) = 0.203305,	Nq(6) = 0.235643,	Nq(7) = 0.203305,	Nq(8) = 0.185336,	Nq(9) = 0.235643,	Nq(10) = 0.275465,	Nq(11) = 0.235643,	Nq(12) = 0.154276,	Nq(13) = 0.203305,	Nq(14) = 0.235643,	Nq(15) = 0.203305,	Sq(0) = 6.35411e-19,	Sq(1) = 0.474226,	Sq(2) = 0.766313,	Sq(3) = 0.474226,	Sq(4) = 0.474226,	Sq(5) = 0.630689,	Sq(6) = 1.0528,	Sq(7) = 0.630689,	Sq(8) = 0.766313,	Sq(9) = 1.0528,	Sq(10) = 2.56749,	Sq(11) = 1.0528,	Sq(12) = 0.474226,	Sq(13) = 0.630689,	Sq(14) = 1.0528,	Sq(15) = 0.630689,	N(0) = 1.75473,	N(1) = 1.591,	N(2) = 0.323222,	N(3) = 1.591,	N(4) = 1.591,	N(5) = 0.999857,	N(6) = 0.267468,	N(7) = 0.999857,	N(8) = 0.323222,	N(9) = 0.267468,	N(10) = 0.165544,	N(11) = 0.267468,	N(12) = 1.591,	N(13) = 0.999857,	N(14) = 0.267468,	N(15) = 0.999857,	Delta[s](0) = 0.079408,	Delta[s](1) = 0.0593034,	Delta[s](2) = 0.0354065,	Delta[s](3) = 0.0593034,	Delta[s](4) = 0.0593034,	Delta[s](5) = 0.0423258,	Delta[s](6) = 0.0194375,	Delta[s](7) = 0.0423258,	Delta[s](8) = 0.0354065,	Delta[s](9) = 0.0194375,	Delta[s](10) = 2.80759e-05,	Delta[s](11) = 0.0194375,	Delta[s](12) = 0.0593034,	Delta[s](13) = 0.0423258,	Delta[s](14) = 0.0194375,	Delta[s](15) = 0.0423258,	Delta[d](0) = 0.276895,	Delta[d](1) = 0.190081,	Delta[d](2) = 0.19997,	Delta[d](3) = 0.190081,	Delta[d](4) = 0.190081,	Delta[d](5) = 0.176819,	Delta[d](6) = 0.132597,	Delta[d](7) = 0.176819,	Delta[d](8) = 0.19997,	Delta[d](9) = 0.132597,	Delta[d](10) = 0.0534444,	Delta[d](11) = 0.132597,	Delta[d](12) = 0.190081,	Delta[d](13) = 0.176819,	Delta[d](14) = 0.132597,	Delta[d](15) = 0.176819,	Delta[s+](0) = 0.561227,	Delta[s+](1) = 0.417861,	Delta[s+](2) = 0.19997,	Delta[s+](3) = 0.417861,	Delta[s+](4) = 0.417861,	Delta[s+](5) = 0.291984,	Delta[s+](6) = 0.126257,	Delta[s+](7) = 0.291984,	Delta[s+](8) = 0.19997,	Delta[s+](9) = 0.126257,	Delta[s+](10) = 0.0381822,	Delta[s+](11) = 0.126257,	Delta[s+](12) = 0.417861,	Delta[s+](13) = 0.291984,	Delta[s+](14) = 0.126257,	Delta[s+](15) = 0.291984
The 0-th iteration is completed.	|| time cost : 0h 3m 59.725s
********************************************************************************************************************
Start the 1 rounds of NGS-ED iteration
	effective electronic model is modified as: kinetic energy t = 0.999822
