TACC:  Starting up job 4155312 
TACC:  Starting parallel tasks... 
SNEDics v3.4 Non-Gaussian ED ground state program		Start at Wed Aug 14 05:03:11 2019

parallized on 32 MPI threads  * 6 OpenMP threads = 192 total threads.
********************************************************************************************************************
********************************************************************************************************************

********************************************************************************************************************
System parameters and configurations
********************************************************************************************************************
Special program options are enabled: splitted diagonal Hamiltonian
********************************************************************************************************************
Read input file "model_params.in"
	Hubbard-Holstein model parameters : 	t = 1    g = 0.6325    W = 0.2    
********************************************************************************************************************
Read input file "hilbertspace_params.in"
	Requested 16-site 2D lattice, with 16 electrons (8, 8)
	Boundary : Periodic		Hilbert space representation : momentum-space (restricted to kIdx = 0)
	Conservation: particle number[U(1)]      spin[U(1)]     momentum
********************************************************************************************************************

Cluster Positions:				Cluster symmetry group : D4
 x ... x ... x ... x .....                       x ... x ... x ... x .....
 |           |           :                       |           |           :
 |           |           :                       |           |           :
12    13    14    15     x                       1     5     6     5     x
 |           |           :                       |           |           :
 |           |           :                       |           |           :
 8 --- 9 ---10 ---11 --- x                       2 --- 6 ---10 --- 6 --- x
 |           |           :                       |           |           :
 |           |           :                       |           |           :
 4     5     6     7     x                       1     5     6     5     x
 |           |           :                       |           |           :
 |           |           :                       |           |           :
 0 --- 1 --- 2 --- 3 --- x                       0 --- 1 --- 2 --- 1 --- x
orbital number : 1
********************************************************************************************************************
Read input file "obs_params.in"
	Observable Type : Nq[All],   Sq[All],   N[All]
********************************************************************************************************************
** WARNING ** the input observables have non-local factors which have been reinterpreted. The total observable number is 48
********************************************************************************************************************


********************************************************************************************************************
Start calculating the non-Gaussian ED ground state
Input file varState.txt exists. Start iterations from it.
open output files: NGSEDIterationObs.txt
Start the 0 rounds of NGS-ED iteration
	effective electronic model is modified as: kinetic energy t = 0.929953
	                                           effective interaction Vq = [ -2.00005,-0.110387, -0.10383,-0.110387,-0.110387, -0.10383,-0.101474, -0.10383, -0.10383,-0.101474, -1.99786,-0.101474,-0.110387, -0.10383,-0.101474, -0.10383]
	first Hamiltonian is constructed, non-zero numbers = 9473058108
	PARPACK diagonalization completed after 45 matrix-vector product operations.
	iteration results: : total energy is -70.164144 | electron energy -70.939526 + phonon energy 0.775382 | electron momentum kIdx = 0
	Nq(0) = 16,	Nq(1) = 0.0565528,	Nq(2) = 0.103765,	Nq(3) = 0.0565528,	Nq(4) = 0.0565528,	Nq(5) = 0.103765,	Nq(6) = 0.148771,	Nq(7) = 0.103765,	Nq(8) = 0.103765,	Nq(9) = 0.148771,	Nq(10) = 12.9259,	Nq(11) = 0.148771,	Nq(12) = 0.0565528,	Nq(13) = 0.103765,	Nq(14) = 0.148771,	Nq(15) = 0.103765,	Sq(0) = -1.64915e-20,	Sq(1) = 0.0564307,	Sq(2) = 0.103428,	Sq(3) = 0.0564307,	Sq(4) = 0.0564307,	Sq(5) = 0.103428,	Sq(6) = 0.148129,	Sq(7) = 0.103428,	Sq(8) = 0.103428,	Sq(9) = 0.148129,	Sq(10) = 0.191398,	Sq(11) = 0.148129,	Sq(12) = 0.0564307,	Sq(13) = 0.103428,	Sq(14) = 0.148129,	Sq(15) = 0.103428,	N(0) = 1.74764,	N(1) = 1.49749,	N(2) = 1,	N(3) = 1.49749,	N(4) = 1.49749,	N(5) = 1,	N(6) = 0.502506,	N(7) = 1,	N(8) = 1,	N(9) = 0.502506,	N(10) = 0.252364,	N(11) = 0.502506,	N(12) = 1.49749,	N(13) = 1,	N(14) = 0.502506,	N(15) = 1
The 0-th iteration is completed.	|| time cost : 0h 4m 35.693s
********************************************************************************************************************
Start the 1 rounds of NGS-ED iteration
	effective electronic model is modified as: kinetic energy t = 0.929953
	                                           effective interaction Vq = [ -2.00006,-0.110387, -0.10383,-0.110387,-0.110387, -0.10383,-0.101474, -0.10383, -0.10383,-0.101474, -1.99786,-0.101474,-0.110387, -0.10383,-0.101474, -0.10383]
	PARPACK diagonalization completed after 30 matrix-vector product operations.
	iteration results: : total energy is -70.164287 | electron energy -70.939669 + phonon energy 0.775382 | electron momentum kIdx = 0
The 1-th iteration is completed.	|| time cost : 0h 0m 25.422s
********************************************************************************************************************
Start the 2 rounds of NGS-ED iteration
	effective electronic model is modified as: kinetic energy t = 0.929953
	                                           effective interaction Vq = [ -2.00007,-0.110387, -0.10383,-0.110387,-0.110387, -0.10383,-0.101474, -0.10383, -0.10383,-0.101474, -1.99786,-0.101474,-0.110387, -0.10383,-0.101474, -0.10383]
	PARPACK diagonalization completed after 30 matrix-vector product operations.
	iteration results: : total energy is -70.164424 | electron energy -70.939806 + phonon energy 0.775382 | electron momentum kIdx = 0
The 2-th iteration is completed.	|| time cost : 0h 0m 25.194s
********************************************************************************************************************
Start the 3 rounds of NGS-ED iteration
	effective electronic model is modified as: kinetic energy t = 0.929953
	                                           effective interaction Vq = [ -2.00008,-0.110387, -0.10383,-0.110387,-0.110387, -0.10383,-0.101474, -0.10383, -0.10383,-0.101474, -1.99786,-0.101474,-0.110387, -0.10383,-0.101474, -0.10383]
	PARPACK diagonalization completed after 30 matrix-vector product operations.
	iteration results: : total energy is -70.164556 | electron energy -70.939938 + phonon energy 0.775382 | electron momentum kIdx = 0
The 3-th iteration is completed.	|| time cost : 0h 0m 24.967s
********************************************************************************************************************
Start the 4 rounds of NGS-ED iteration
	effective electronic model is modified as: kinetic energy t = 0.929953
	                                           effective interaction Vq = [ -2.00009,-0.110387, -0.10383,-0.110387,-0.110387, -0.10383,-0.101474, -0.10383, -0.10383,-0.101474, -1.99786,-0.101474,-0.110387, -0.10383,-0.101474, -0.10383]
	PARPACK diagonalization completed after 30 matrix-vector product operations.
	iteration results: : total energy is -70.164683 | electron energy -70.940065 + phonon energy 0.775382 | electron momentum kIdx = 0
The 4-th iteration is completed.	|| time cost : 0h 0m 24.939s
********************************************************************************************************************
Start the 5 rounds of NGS-ED iteration
	effective electronic model is modified as: kinetic energy t = 0.929953
	                                           effective interaction Vq = [ -2.00009,-0.110387, -0.10383,-0.110387,-0.110387, -0.10383,-0.101474, -0.10383, -0.10383,-0.101474, -1.99786,-0.101474,-0.110387, -0.10383,-0.101474, -0.10383]
	PARPACK diagonalization completed after 30 matrix-vector product operations.
	iteration results: : total energy is -70.164805 | electron energy -70.940187 + phonon energy 0.775382 | electron momentum kIdx = 0
The 5-th iteration is completed.	|| time cost : 0h 0m 24.96s
********************************************************************************************************************
Start the 6 rounds of NGS-ED iteration
	effective electronic model is modified as: kinetic energy t = 0.929953
	                                           effective interaction Vq = [  -2.0001,-0.110387, -0.10383,-0.110387,-0.110387, -0.10383,-0.101474, -0.10383, -0.10383,-0.101474, -1.99786,-0.101474,-0.110387, -0.10383,-0.101474, -0.10383]
	PARPACK diagonalization completed after 30 matrix-vector product operations.
	iteration results: : total energy is -70.164922 | electron energy -70.940304 + phonon energy 0.775382 | electron momentum kIdx = 0
The 6-th iteration is completed.	|| time cost : 0h 0m 25.04s
********************************************************************************************************************
Start the 7 rounds of NGS-ED iteration
	effective electronic model is modified as: kinetic energy t = 0.929953
	                                           effective interaction Vq = [ -2.00011,-0.110387, -0.10383,-0.110387,-0.110387, -0.10383,-0.101474, -0.10383, -0.10383,-0.101474, -1.99786,-0.101474,-0.110387, -0.10383,-0.101474, -0.10383]
	PARPACK diagonalization completed after 30 matrix-vector product operations.
	iteration results: : total energy is -70.165034 | electron energy -70.940416 + phonon energy 0.775382 | electron momentum kIdx = 0
The 7-th iteration is completed.	|| time cost : 0h 0m 24.917s
********************************************************************************************************************
Start the 8 rounds of NGS-ED iteration
	effective electronic model is modified as: kinetic energy t = 0.929953
	                                           effective interaction Vq = [ -2.00012,-0.110387, -0.10383,-0.110387,-0.110387, -0.10383,-0.101474, -0.10383, -0.10383,-0.101474, -1.99786,-0.101474,-0.110387, -0.10383,-0.101474, -0.10383]
	PARPACK diagonalization completed after 30 matrix-vector product operations.
	iteration results: : total energy is -70.165143 | electron energy -70.940524 + phonon energy 0.775382 | electron momentum kIdx = 0
The 8-th iteration is completed.	|| time cost : 0h 0m 24.94s
********************************************************************************************************************
Start the 9 rounds of NGS-ED iteration
	effective electronic model is modified as: kinetic energy t = 0.929953
	                                           effective interaction Vq = [ -2.00012,-0.110387, -0.10383,-0.110387,-0.110387, -0.10383,-0.101474, -0.10383, -0.10383,-0.101474, -1.99786,-0.101474,-0.110387, -0.10383,-0.101474, -0.10383]
	PARPACK diagonalization completed after 30 matrix-vector product operations.
	iteration results: : total energy is -70.165246 | electron energy -70.940628 + phonon energy 0.775382 | electron momentum kIdx = 0
The 9-th iteration is completed.	|| time cost : 0h 0m 24.983s
********************************************************************************************************************
Start the 10 rounds of NGS-ED iteration
	effective electronic model is modified as: kinetic energy t = 0.929953
	                                           effective interaction Vq = [ -2.00013,-0.110387,-0.103829,-0.110387,-0.110387,-0.103829,-0.101474,-0.103829,-0.103829,-0.101474, -1.99786,-0.101474,-0.110387,-0.103829,-0.101474,-0.103829]
	PARPACK diagonalization completed after 30 matrix-vector product operations.
	iteration results: : total energy is -70.165346 | electron energy -70.940728 + phonon energy 0.775382 | electron momentum kIdx = 0
	Nq(0) = 16,	Nq(1) = 0.0565528,	Nq(2) = 0.103765,	Nq(3) = 0.0565528,	Nq(4) = 0.0565528,	Nq(5) = 0.103765,	Nq(6) = 0.148771,	Nq(7) = 0.103765,	Nq(8) = 0.103765,	Nq(9) = 0.148771,	Nq(10) = 12.9259,	Nq(11) = 0.148771,	Nq(12) = 0.0565528,	Nq(13) = 0.103765,	Nq(14) = 0.148771,	Nq(15) = 0.103765,	Sq(0) = -5.58917e-19,	Sq(1) = 0.0564307,	Sq(2) = 0.103428,	Sq(3) = 0.0564307,	Sq(4) = 0.0564307,	Sq(5) = 0.103428,	Sq(6) = 0.148129,	Sq(7) = 0.103428,	Sq(8) = 0.103428,	Sq(9) = 0.148129,	Sq(10) = 0.191398,	Sq(11) = 0.148129,	Sq(12) = 0.0564307,	Sq(13) = 0.103428,	Sq(14) = 0.148129,	Sq(15) = 0.103428,	N(0) = 1.74764,	N(1) = 1.49749,	N(2) = 1,	N(3) = 1.49749,	N(4) = 1.49749,	N(5) = 1,	N(6) = 0.502507,	N(7) = 1,	N(8) = 1,	N(9) = 0.502507,	N(10) = 0.252364,	N(11) = 0.502507,	N(12) = 1.49749,	N(13) = 1,	N(14) = 0.502507,	N(15) = 1
The 10-th iteration is completed.	|| time cost : 0h 0m 58.303s
********************************************************************************************************************
Start the 11 rounds of NGS-ED iteration
	effective electronic model is modified as: kinetic energy t = 0.929953
	                                           effective interaction Vq = [ -2.00013,-0.110387,-0.103829,-0.110387,-0.110387,-0.103829,-0.101474,-0.103829,-0.103829,-0.101474, -1.99786,-0.101474,-0.110387,-0.103829,-0.101474,-0.103829]
	PARPACK diagonalization completed after 30 matrix-vector product operations.
	iteration results: : total energy is -70.165442 | electron energy -70.940824 + phonon energy 0.775382 | electron momentum kIdx = 0
The 11-th iteration is completed.	|| time cost : 0h 0m 25.013s
********************************************************************************************************************
Start the 12 rounds of NGS-ED iteration
	effective electronic model is modified as: kinetic energy t = 0.929953
	                                           effective interaction Vq = [ -2.00014,-0.110387,-0.103829,-0.110387,-0.110387,-0.103829,-0.101474,-0.103829,-0.103829,-0.101474, -1.99786,-0.101474,-0.110387,-0.103829,-0.101474,-0.103829]
	PARPACK diagonalization completed after 30 matrix-vector product operations.
	iteration results: : total energy is -70.165534 | electron energy -70.940916 + phonon energy 0.775382 | electron momentum kIdx = 0
The 12-th iteration is completed.	|| time cost : 0h 0m 27.769s
********************************************************************************************************************
Start the 13 rounds of NGS-ED iteration
	effective electronic model is modified as: kinetic energy t = 0.929953
	                                           effective interaction Vq = [ -2.00015,-0.110387,-0.103829,-0.110387,-0.110387,-0.103829,-0.101474,-0.103829,-0.103829,-0.101474, -1.99786,-0.101474,-0.110387,-0.103829,-0.101474,-0.103829]
	PARPACK diagonalization completed after 30 matrix-vector product operations.
	iteration results: : total energy is -70.165623 | electron energy -70.941004 + phonon energy 0.775382 | electron momentum kIdx = 0
The 13-th iteration is completed.	|| time cost : 0h 0m 26.298s
********************************************************************************************************************
Start the 14 rounds of NGS-ED iteration
	effective electronic model is modified as: kinetic energy t = 0.929953
	                                           effective interaction Vq = [ -2.00015,-0.110387,-0.103829,-0.110387,-0.110387,-0.103829,-0.101474,-0.103829,-0.103829,-0.101474, -1.99786,-0.101474,-0.110387,-0.103829,-0.101474,-0.103829]
	PARPACK diagonalization completed after 30 matrix-vector product operations.
	iteration results: : total energy is -70.165708 | electron energy -70.941089 + phonon energy 0.775382 | electron momentum kIdx = 0
The 14-th iteration is completed.	|| time cost : 0h 0m 24.964s
********************************************************************************************************************
Start the 15 rounds of NGS-ED iteration
	effective electronic model is modified as: kinetic energy t = 0.929953
	                                           effective interaction Vq = [ -2.00016,-0.110387,-0.103829,-0.110387,-0.110387,-0.103829,-0.101474,-0.103829,-0.103829,-0.101474, -1.99786,-0.101474,-0.110387,-0.103829,-0.101474,-0.103829]
	PARPACK diagonalization completed after 30 matrix-vector product operations.
	iteration results: : total energy is -70.165789 | electron energy -70.941171 + phonon energy 0.775382 | electron momentum kIdx = 0
The 15-th iteration is completed.	|| time cost : 0h 0m 24.974s
********************************************************************************************************************
Start the 16 rounds of NGS-ED iteration
	effective electronic model is modified as: kinetic energy t = 0.929953
	                                           effective interaction Vq = [ -2.00016,-0.110387,-0.103829,-0.110387,-0.110387,-0.103829,-0.101473,-0.103829,-0.103829,-0.101473, -1.99786,-0.101473,-0.110387,-0.103829,-0.101473,-0.103829]
	PARPACK diagonalization completed after 30 matrix-vector product operations.
	iteration results: : total energy is -70.165868 | electron energy -70.941249 + phonon energy 0.775382 | electron momentum kIdx = 0
The 16-th iteration is completed.	|| time cost : 0h 0m 24.962s
********************************************************************************************************************
Start the 17 rounds of NGS-ED iteration
	effective electronic model is modified as: kinetic energy t = 0.929953
	                                           effective interaction Vq = [ -2.00017,-0.110387,-0.103829,-0.110387,-0.110387,-0.103829,-0.101473,-0.103829,-0.103829,-0.101473, -1.99786,-0.101473,-0.110387,-0.103829,-0.101473,-0.103829]
	PARPACK diagonalization completed after 30 matrix-vector product operations.
	iteration results: : total energy is -70.165943 | electron energy -70.941325 + phonon energy 0.775382 | electron momentum kIdx = 0
The 17-th iteration is completed.	|| time cost : 0h 0m 24.993s
********************************************************************************************************************
Start the 18 rounds of NGS-ED iteration
	effective electronic model is modified as: kinetic energy t = 0.929953
	                                           effective interaction Vq = [ -2.00017,-0.110387,-0.103829,-0.110387,-0.110387,-0.103829,-0.101473,-0.103829,-0.103829,-0.101473, -1.99786,-0.101473,-0.110387,-0.103829,-0.101473,-0.103829]
	PARPACK diagonalization completed after 30 matrix-vector product operations.
	iteration results: : total energy is -70.166016 | electron energy -70.941397 + phonon energy 0.775382 | electron momentum kIdx = 0
The 18-th iteration is completed.	|| time cost : 0h 0m 24.956s
********************************************************************************************************************
Start the 19 rounds of NGS-ED iteration
	effective electronic model is modified as: kinetic energy t = 0.929953
	                                           effective interaction Vq = [ -2.00017,-0.110387,-0.103829,-0.110387,-0.110387,-0.103829,-0.101473,-0.103829,-0.103829,-0.101473, -1.99786,-0.101473,-0.110387,-0.103829,-0.101473,-0.103829]
	PARPACK diagonalization completed after 30 matrix-vector product operations.
	iteration results: : total energy is -70.166085 | electron energy -70.941467 + phonon energy 0.775382 | electron momentum kIdx = 0
The 19-th iteration is completed.	|| time cost : 0h 0m 24.972s
********************************************************************************************************************
Start the 20 rounds of NGS-ED iteration
	effective electronic model is modified as: kinetic energy t = 0.929953
	                                           effective interaction Vq = [ -2.00018,-0.110387,-0.103829,-0.110387,-0.110387,-0.103829,-0.101473,-0.103829,-0.103829,-0.101473, -1.99786,-0.101473,-0.110387,-0.103829,-0.101473,-0.103829]
	PARPACK diagonalization completed after 30 matrix-vector product operations.
	iteration results: : total energy is -70.166152 | electron energy -70.941534 + phonon energy 0.775382 | electron momentum kIdx = 0
	Nq(0) = 16,	Nq(1) = 0.0565528,	Nq(2) = 0.103765,	Nq(3) = 0.0565528,	Nq(4) = 0.0565528,	Nq(5) = 0.103765,	Nq(6) = 0.148771,	Nq(7) = 0.103765,	Nq(8) = 0.103765,	Nq(9) = 0.148771,	Nq(10) = 12.9259,	Nq(11) = 0.148771,	Nq(12) = 0.0565528,	Nq(13) = 0.103765,	Nq(14) = 0.148771,	Nq(15) = 0.103765,	Sq(0) = -4.21554e-19,	Sq(1) = 0.0564306,	Sq(2) = 0.103428,	Sq(3) = 0.0564306,	Sq(4) = 0.0564306,	Sq(5) = 0.103428,	Sq(6) = 0.148129,	Sq(7) = 0.103428,	Sq(8) = 0.103428,	Sq(9) = 0.148129,	Sq(10) = 0.191398,	Sq(11) = 0.148129,	Sq(12) = 0.0564306,	Sq(13) = 0.103428,	Sq(14) = 0.148129,	Sq(15) = 0.103428,	N(0) = 1.74764,	N(1) = 1.49749,	N(2) = 1,	N(3) = 1.49749,	N(4) = 1.49749,	N(5) = 1,	N(6) = 0.502507,	N(7) = 1,	N(8) = 1,	N(9) = 0.502507,	N(10) = 0.252364,	N(11) = 0.502507,	N(12) = 1.49749,	N(13) = 1,	N(14) = 0.502507,	N(15) = 1
The 20-th iteration is completed.	|| time cost : 0h 0m 58.306s
********************************************************************************************************************
Start the 21 rounds of NGS-ED iteration
	effective electronic model is modified as: kinetic energy t = 0.929953
	                                           effective interaction Vq = [ -2.00018,-0.110387,-0.103829,-0.110387,-0.110387,-0.103829,-0.101473,-0.103829,-0.103829,-0.101473, -1.99786,-0.101473,-0.110387,-0.103829,-0.101473,-0.103829]
	PARPACK diagonalization completed after 30 matrix-vector product operations.
	iteration results: : total energy is -70.166216 | electron energy -70.941598 + phonon energy 0.775382 | electron momentum kIdx = 0
The 21-th iteration is completed.	|| time cost : 0h 0m 24.996s
********************************************************************************************************************
Start the 22 rounds of NGS-ED iteration
	effective electronic model is modified as: kinetic energy t = 0.929953
	                                           effective interaction Vq = [ -2.00019,-0.110387,-0.103829,-0.110387,-0.110387,-0.103829,-0.101473,-0.103829,-0.103829,-0.101473, -1.99786,-0.101473,-0.110387,-0.103829,-0.101473,-0.103829]
	PARPACK diagonalization completed after 30 matrix-vector product operations.
	iteration results: : total energy is -70.166278 | electron energy -70.941660 + phonon energy 0.775382 | electron momentum kIdx = 0
The 22-th iteration is completed.	|| time cost : 0h 0m 24.949s
********************************************************************************************************************
Start the 23 rounds of NGS-ED iteration
	effective electronic model is modified as: kinetic energy t = 0.929953
	                                           effective interaction Vq = [ -2.00019,-0.110387,-0.103829,-0.110387,-0.110387,-0.103829,-0.101473,-0.103829,-0.103829,-0.101473, -1.99786,-0.101473,-0.110387,-0.103829,-0.101473,-0.103829]
	PARPACK diagonalization completed after 30 matrix-vector product operations.
	iteration results: : total energy is -70.166337 | electron energy -70.941719 + phonon energy 0.775382 | electron momentum kIdx = 0
The 23-th iteration is completed.	|| time cost : 0h 0m 29.898s
********************************************************************************************************************
Start the 24 rounds of NGS-ED iteration
	effective electronic model is modified as: kinetic energy t = 0.929953
	                                           effective interaction Vq = [ -2.00019,-0.110387,-0.103829,-0.110387,-0.110387,-0.103829,-0.101473,-0.103829,-0.103829,-0.101473, -1.99786,-0.101473,-0.110387,-0.103829,-0.101473,-0.103829]
	PARPACK diagonalization completed after 30 matrix-vector product operations.
	iteration results: : total energy is -70.166394 | electron energy -70.941776 + phonon energy 0.775382 | electron momentum kIdx = 0
The 24-th iteration is completed.	|| time cost : 0h 0m 24.936s
********************************************************************************************************************
Start the 25 rounds of NGS-ED iteration
	effective electronic model is modified as: kinetic energy t = 0.929953
	                                           effective interaction Vq = [  -2.0002,-0.110387,-0.103829,-0.110387,-0.110387,-0.103829,-0.101473,-0.103829,-0.103829,-0.101473, -1.99786,-0.101473,-0.110387,-0.103829,-0.101473,-0.103829]
	PARPACK diagonalization completed after 30 matrix-vector product operations.
	iteration results: : total energy is -70.166449 | electron energy -70.941831 + phonon energy 0.775382 | electron momentum kIdx = 0
The 25-th iteration is completed.	|| time cost : 0h 0m 24.981s
********************************************************************************************************************
Start the 26 rounds of NGS-ED iteration
	effective electronic model is modified as: kinetic energy t = 0.929953
	                                           effective interaction Vq = [  -2.0002,-0.110387,-0.103829,-0.110387,-0.110387,-0.103829,-0.101473,-0.103829,-0.103829,-0.101473, -1.99786,-0.101473,-0.110387,-0.103829,-0.101473,-0.103829]
	PARPACK diagonalization completed after 30 matrix-vector product operations.
	iteration results: : total energy is -70.166502 | electron energy -70.941883 + phonon energy 0.775382 | electron momentum kIdx = 0
The 26-th iteration is completed.	|| time cost : 0h 0m 24.956s
********************************************************************************************************************
Start the 27 rounds of NGS-ED iteration
	effective electronic model is modified as: kinetic energy t = 0.929953
	                                           effective interaction Vq = [  -2.0002,-0.110387,-0.103829,-0.110387,-0.110387,-0.103829,-0.101473,-0.103829,-0.103829,-0.101473, -1.99786,-0.101473,-0.110387,-0.103829,-0.101473,-0.103829]
	PARPACK diagonalization completed after 30 matrix-vector product operations.
	iteration results: : total energy is -70.166552 | electron energy -70.941934 + phonon energy 0.775382 | electron momentum kIdx = 0
The 27-th iteration is completed.	|| time cost : 0h 0m 24.971s
********************************************************************************************************************
Start the 28 rounds of NGS-ED iteration
	effective electronic model is modified as: kinetic energy t = 0.929953
	                                           effective interaction Vq = [ -2.00021,-0.110387,-0.103829,-0.110387,-0.110387,-0.103829,-0.101473,-0.103829,-0.103829,-0.101473, -1.99786,-0.101473,-0.110387,-0.103829,-0.101473,-0.103829]
	PARPACK diagonalization completed after 30 matrix-vector product operations.
	iteration results: : total energy is -70.166601 | electron energy -70.941982 + phonon energy 0.775382 | electron momentum kIdx = 0
The 28-th iteration is completed.	|| time cost : 0h 0m 24.957s
********************************************************************************************************************
Start the 29 rounds of NGS-ED iteration
	effective electronic model is modified as: kinetic energy t = 0.929953
	                                           effective interaction Vq = [ -2.00021,-0.110387,-0.103829,-0.110387,-0.110387,-0.103829,-0.101473,-0.103829,-0.103829,-0.101473, -1.99786,-0.101473,-0.110387,-0.103829,-0.101473,-0.103829]
	PARPACK diagonalization completed after 30 matrix-vector product operations.
	iteration results: : total energy is -70.166647 | electron energy -70.942029 + phonon energy 0.775382 | electron momentum kIdx = 0
The 29-th iteration is completed.	|| time cost : 0h 0m 24.958s
********************************************************************************************************************
Start the 30 rounds of NGS-ED iteration
	effective electronic model is modified as: kinetic energy t = 0.929953
	                                           effective interaction Vq = [ -2.00021,-0.110387,-0.103829,-0.110387,-0.110387,-0.103829,-0.101473,-0.103829,-0.103829,-0.101473, -1.99786,-0.101473,-0.110387,-0.103829,-0.101473,-0.103829]
	PARPACK diagonalization completed after 30 matrix-vector product operations.
	iteration results: : total energy is -70.166692 | electron energy -70.942074 + phonon energy 0.775382 | electron momentum kIdx = 0
	Nq(0) = 16,	Nq(1) = 0.0565528,	Nq(2) = 0.103765,	Nq(3) = 0.0565528,	Nq(4) = 0.0565528,	Nq(5) = 0.103765,	Nq(6) = 0.148771,	Nq(7) = 0.103765,	Nq(8) = 0.103765,	Nq(9) = 0.148771,	Nq(10) = 12.9259,	Nq(11) = 0.148771,	Nq(12) = 0.0565528,	Nq(13) = 0.103765,	Nq(14) = 0.148771,	Nq(15) = 0.103765,	Sq(0) = 1.42322e-19,	Sq(1) = 0.0564306,	Sq(2) = 0.103428,	Sq(3) = 0.0564306,	Sq(4) = 0.0564306,	Sq(5) = 0.103428,	Sq(6) = 0.148129,	Sq(7) = 0.103428,	Sq(8) = 0.103428,	Sq(9) = 0.148129,	Sq(10) = 0.191398,	Sq(11) = 0.148129,	Sq(12) = 0.0564306,	Sq(13) = 0.103428,	Sq(14) = 0.148129,	Sq(15) = 0.103428,	N(0) = 1.74764,	N(1) = 1.49749,	N(2) = 1,	N(3) = 1.49749,	N(4) = 1.49749,	N(5) = 1,	N(6) = 0.502507,	N(7) = 1,	N(8) = 1,	N(9) = 0.502507,	N(10) = 0.252364,	N(11) = 0.502507,	N(12) = 1.49749,	N(13) = 1,	N(14) = 0.502507,	N(15) = 1
The 30-th iteration is completed.	|| time cost : 0h 0m 58.32s
********************************************************************************************************************
Start the 31 rounds of NGS-ED iteration
	effective electronic model is modified as: kinetic energy t = 0.929953
	                                           effective interaction Vq = [ -2.00022,-0.110387,-0.103829,-0.110387,-0.110387,-0.103829,-0.101473,-0.103829,-0.103829,-0.101473, -1.99786,-0.101473,-0.110387,-0.103829,-0.101473,-0.103829]
	PARPACK diagonalization completed after 30 matrix-vector product operations.
	iteration results: : total energy is -70.166735 | electron energy -70.942117 + phonon energy 0.775382 | electron momentum kIdx = 0
The 31-th iteration is completed.	|| time cost : 0h 0m 25.006s
********************************************************************************************************************
Start the 32 rounds of NGS-ED iteration
	effective electronic model is modified as: kinetic energy t = 0.929953
	                                           effective interaction Vq = [ -2.00022,-0.110387,-0.103829,-0.110387,-0.110387,-0.103829,-0.101473,-0.103829,-0.103829,-0.101473, -1.99786,-0.101473,-0.110387,-0.103829,-0.101473,-0.103829]
	PARPACK diagonalization completed after 30 matrix-vector product operations.
	iteration results: : total energy is -70.166777 | electron energy -70.942158 + phonon energy 0.775382 | electron momentum kIdx = 0
The 32-th iteration is completed.	|| time cost : 0h 0m 24.947s
********************************************************************************************************************
Start the 33 rounds of NGS-ED iteration
	effective electronic model is modified as: kinetic energy t = 0.929953
	                                           effective interaction Vq = [ -2.00022,-0.110387,-0.103829,-0.110387,-0.110387,-0.103829,-0.101473,-0.103829,-0.103829,-0.101473, -1.99786,-0.101473,-0.110387,-0.103829,-0.101473,-0.103829]
	PARPACK diagonalization completed after 30 matrix-vector product operations.
	iteration results: : total energy is -70.166816 | electron energy -70.942198 + phonon energy 0.775382 | electron momentum kIdx = 0
The 33-th iteration is completed.	|| time cost : 0h 0m 26.137s
********************************************************************************************************************
Start the 34 rounds of NGS-ED iteration
	effective electronic model is modified as: kinetic energy t = 0.929953
	                                           effective interaction Vq = [ -2.00022,-0.110387,-0.103829,-0.110387,-0.110387,-0.103829,-0.101473,-0.103829,-0.103829,-0.101473, -1.99786,-0.101473,-0.110387,-0.103829,-0.101473,-0.103829]
	PARPACK diagonalization completed after 30 matrix-vector product operations.
	iteration results: : total energy is -70.166855 | electron energy -70.942236 + phonon energy 0.775381 | electron momentum kIdx = 0
The 34-th iteration is completed.	|| time cost : 0h 0m 24.994s
********************************************************************************************************************
Start the 35 rounds of NGS-ED iteration
	effective electronic model is modified as: kinetic energy t = 0.929953
	                                           effective interaction Vq = [ -2.00023,-0.110387,-0.103829,-0.110387,-0.110387,-0.103829,-0.101473,-0.103829,-0.103829,-0.101473, -1.99786,-0.101473,-0.110387,-0.103829,-0.101473,-0.103829]
	PARPACK diagonalization completed after 30 matrix-vector product operations.
	iteration results: : total energy is -70.166891 | electron energy -70.942273 + phonon energy 0.775381 | electron momentum kIdx = 0
The 35-th iteration is completed.	|| time cost : 0h 0m 25.046s
********************************************************************************************************************
Start the 36 rounds of NGS-ED iteration
	effective electronic model is modified as: kinetic energy t = 0.929953
	                                           effective interaction Vq = [ -2.00023,-0.110387,-0.103829,-0.110387,-0.110387,-0.103829,-0.101473,-0.103829,-0.103829,-0.101473, -1.99786,-0.101473,-0.110387,-0.103829,-0.101473,-0.103829]
	PARPACK diagonalization completed after 30 matrix-vector product operations.
	iteration results: : total energy is -70.166927 | electron energy -70.942308 + phonon energy 0.775381 | electron momentum kIdx = 0
The 36-th iteration is completed.	|| time cost : 0h 0m 24.947s
********************************************************************************************************************
Start the 37 rounds of NGS-ED iteration
	effective electronic model is modified as: kinetic energy t = 0.929953
	                                           effective interaction Vq = [ -2.00023,-0.110387,-0.103829,-0.110387,-0.110387,-0.103829,-0.101473,-0.103829,-0.103829,-0.101473, -1.99786,-0.101473,-0.110387,-0.103829,-0.101473,-0.103829]
	PARPACK diagonalization completed after 30 matrix-vector product operations.
	iteration results: : total energy is -70.166960 | electron energy -70.942342 + phonon energy 0.775381 | electron momentum kIdx = 0
The 37-th iteration is completed.	|| time cost : 0h 0m 24.96s
********************************************************************************************************************
Start the 38 rounds of NGS-ED iteration
	effective electronic model is modified as: kinetic energy t = 0.929953
	                                           effective interaction Vq = [ -2.00023,-0.110387,-0.103829,-0.110387,-0.110387,-0.103829,-0.101473,-0.103829,-0.103829,-0.101473, -1.99786,-0.101473,-0.110387,-0.103829,-0.101473,-0.103829]
	PARPACK diagonalization completed after 30 matrix-vector product operations.
	iteration results: : total energy is -70.166993 | electron energy -70.942374 + phonon energy 0.775381 | electron momentum kIdx = 0
The 38-th iteration is completed.	|| time cost : 0h 0m 25.04s
********************************************************************************************************************
Start the 39 rounds of NGS-ED iteration
	effective electronic model is modified as: kinetic energy t = 0.929953
	                                           effective interaction Vq = [ -2.00023,-0.110387,-0.103829,-0.110387,-0.110387,-0.103829,-0.101473,-0.103829,-0.103829,-0.101473, -1.99786,-0.101473,-0.110387,-0.103829,-0.101473,-0.103829]
	PARPACK diagonalization completed after 30 matrix-vector product operations.
	iteration results: : total energy is -70.167024 | electron energy -70.942406 + phonon energy 0.775381 | electron momentum kIdx = 0
The 39-th iteration is completed.	|| time cost : 0h 0m 24.976s
********************************************************************************************************************
Start the 40 rounds of NGS-ED iteration
	effective electronic model is modified as: kinetic energy t = 0.929953
	                                           effective interaction Vq = [ -2.00024,-0.110387,-0.103829,-0.110387,-0.110387,-0.103829,-0.101473,-0.103829,-0.103829,-0.101473, -1.99786,-0.101473,-0.110387,-0.103829,-0.101473,-0.103829]
	PARPACK diagonalization completed after 30 matrix-vector product operations.
	iteration results: : total energy is -70.167054 | electron energy -70.942436 + phonon energy 0.775381 | electron momentum kIdx = 0
	Nq(0) = 16,	Nq(1) = 0.0565528,	Nq(2) = 0.103765,	Nq(3) = 0.0565528,	Nq(4) = 0.0565528,	Nq(5) = 0.103765,	Nq(6) = 0.148771,	Nq(7) = 0.103765,	Nq(8) = 0.103765,	Nq(9) = 0.148771,	Nq(10) = 12.9259,	Nq(11) = 0.148771,	Nq(12) = 0.0565528,	Nq(13) = 0.103765,	Nq(14) = 0.148771,	Nq(15) = 0.103765,	Sq(0) = -7.36606e-20,	Sq(1) = 0.0564306,	Sq(2) = 0.103428,	Sq(3) = 0.0564306,	Sq(4) = 0.0564306,	Sq(5) = 0.103428,	Sq(6) = 0.148129,	Sq(7) = 0.103428,	Sq(8) = 0.103428,	Sq(9) = 0.148129,	Sq(10) = 0.191398,	Sq(11) = 0.148129,	Sq(12) = 0.0564306,	Sq(13) = 0.103428,	Sq(14) = 0.148129,	Sq(15) = 0.103428,	N(0) = 1.74764,	N(1) = 1.49749,	N(2) = 1,	N(3) = 1.49749,	N(4) = 1.49749,	N(5) = 1,	N(6) = 0.502507,	N(7) = 1,	N(8) = 1,	N(9) = 0.502507,	N(10) = 0.252364,	N(11) = 0.502507,	N(12) = 1.49749,	N(13) = 1,	N(14) = 0.502507,	N(15) = 1
The 40-th iteration is completed.	|| time cost : 0h 0m 58.356s
********************************************************************************************************************
Start the 41 rounds of NGS-ED iteration
	effective electronic model is modified as: kinetic energy t = 0.929953
	                                           effective interaction Vq = [ -2.00024,-0.110387,-0.103829,-0.110387,-0.110387,-0.103829,-0.101473,-0.103829,-0.103829,-0.101473, -1.99786,-0.101473,-0.110387,-0.103829,-0.101473,-0.103829]
	PARPACK diagonalization completed after 30 matrix-vector product operations.
	iteration results: : total energy is -70.167083 | electron energy -70.942465 + phonon energy 0.775381 | electron momentum kIdx = 0
The 41-th iteration is completed.	|| time cost : 0h 0m 24.977s
********************************************************************************************************************
Start the 42 rounds of NGS-ED iteration
	effective electronic model is modified as: kinetic energy t = 0.929953
	                                           effective interaction Vq = [ -2.00024,-0.110387,-0.103829,-0.110387,-0.110387,-0.103829,-0.101473,-0.103829,-0.103829,-0.101473, -1.99786,-0.101473,-0.110387,-0.103829,-0.101473,-0.103829]
	PARPACK diagonalization completed after 30 matrix-vector product operations.
	iteration results: : total energy is -70.167111 | electron energy -70.942492 + phonon energy 0.775381 | electron momentum kIdx = 0
The 42-th iteration is completed.	|| time cost : 0h 0m 24.949s
********************************************************************************************************************
Start the 43 rounds of NGS-ED iteration
	effective electronic model is modified as: kinetic energy t = 0.929953
	                                           effective interaction Vq = [ -2.00024,-0.110387,-0.103829,-0.110387,-0.110387,-0.103829,-0.101473,-0.103829,-0.103829,-0.101473, -1.99786,-0.101473,-0.110387,-0.103829,-0.101473,-0.103829]
	PARPACK diagonalization completed after 30 matrix-vector product operations.
	iteration results: : total energy is -70.167138 | electron energy -70.942519 + phonon energy 0.775381 | electron momentum kIdx = 0
The 43-th iteration is completed.	|| time cost : 0h 0m 24.998s
********************************************************************************************************************
Start the 44 rounds of NGS-ED iteration
	effective electronic model is modified as: kinetic energy t = 0.929953
