SNEDics v3.22.2 Non-Gaussian ED ground state program		Start at Tue May 31 00:59:07 2022

Parallelization: 32 MPI threads  * 8 OpenMP threads = 256 total threads.
********************************************************************************************************************
********************************************************************************************************************

********************************************************************************************************************
System parameters and configurations
	special program options are enabled: splitted diagonal Hamiltonian | splitted Hamiltonian terms
********************************************************************************************************************
Read input file "model_params.in"
	Hubbard-Holstein model parameters : 	t = 1    U = 8    g = 0.5    W = 0.2    g' = 0.1    
********************************************************************************************************************
Read input file "hilbertspace_params.in"
	Requested 16-site 2D lattice, with 8 electrons (4, 4)
	Boundary : Periodic		Hilbert space representation : momentum-space (restricted to kIdx = 0)
	Conservation: particle number[U(1)]      spin[U(1)]     momentum
********************************************************************************************************************

Cluster Positions:				Cluster symmetry group : D4
 x ... x ... x ... x .....                       x ... x ... x ... x .....
 |           |           :                       |           |           :
 |           |           :                       |           |           :
12    13    14    15     x                       1     5     6     5     x
 |           |           :                       |           |           :
 |           |           :                       |           |           :
 8 --- 9 ---10 ---11 --- x                       2 --- 6 ---10 --- 6 --- x
 |           |           :                       |           |           :
 |           |           :                       |           |           :
 4     5     6     7     x                       1     5     6     5     x
 |           |           :                       |           |           :
 |           |           :                       |           |           :
 0 --- 1 --- 2 --- 3 --- x                       0 --- 1 --- 2 --- 1 --- x
orbital number : 1
********************************************************************************************************************
Read input file "obs_params.in"
	Observable Type : Nq(All),   Sq(All),   N(All-Orbital),   Delta[s](All),   Delta[d](All),   Delta[s+](All)
** WARNING ** the input observables have non-local factors which have been reinterpreted. The total observable number is 96
********************************************************************************************************************


********************************************************************************************************************
Start calculating the non-Gaussian ED ground state
Maximal iteration number is 1000; energy resolution is 1e-06. Phonon state relaxation time is 2000
W = 0.2 is relatively large. The non-Gaussian ED calculation starts directly.
open output files: NGSED_iteration_observables.txt
********************************************************************************************************************
Start the 0 rounds of NGS-ED iteration
	effective electronic model is modified as: kinetic energy t = 1
	                                           effective interaction Vq = [0,0,0,0,0,0,0,0,0,0,0,0,0,0,0,0]
	first Hamiltonian is constructed, size = 207184 and non-zero numbers = 32207050
	PARPACK diagonalization completed after 75 matrix-vector product operations.
	iteration results: : total energy is -16.460627 | electron energy -16.460627 + phonon energy 0.000000 | electron momentum kIdx = 0
	Nq(0) = 4,	Nq(1) = 0.217892,	Nq(2) = 0.275693,	Nq(3) = 0.217892,	Nq(4) = 0.217892,	Nq(5) = 0.260941,	
	Nq(6) = 0.370592,	Nq(7) = 0.260941,	Nq(8) = 0.275693,	Nq(9) = 0.370592,	Nq(10) = 0.4202,	
	Nq(11) = 0.370592,	Nq(12) = 0.217892,	Nq(13) = 0.260941,	Nq(14) = 0.370592,	Nq(15) = 0.260941;	
	Sq(0) = 2.57535e-18,	Sq(1) = 0.41044,	Sq(2) = 0.343979,	Sq(3) = 0.41044,	Sq(4) = 0.41044,	
	Sq(5) = 0.572101,	Sq(6) = 0.615629,	Sq(7) = 0.572101,	Sq(8) = 0.343979,	Sq(9) = 0.615629,	
	Sq(10) = 0.550078,	Sq(11) = 0.615629,	Sq(12) = 0.41044,	Sq(13) = 0.572101,	Sq(14) = 0.615629,	
	Sq(15) = 0.572101;	N(0) = 1.82882,	N(1) = 1.37933,	N(2) = 0.0780726,	N(3) = 1.37933,	
	N(4) = 1.37933,	N(5) = 0.0780398,	N(6) = 0.0412646,	N(7) = 0.0780398,	N(8) = 0.0780726,	
	N(9) = 0.0412646,	N(10) = 0.0205069,	N(11) = 0.0412646,	N(12) = 1.37933,	N(13) = 0.0780398,	
	N(14) = 0.0412646,	N(15) = 0.0780398;	Delta[s](0) = 0.0371947,	Delta[s](1) = 0.020549,	Delta[s](2) = 0.00996823,	
	Delta[s](3) = 0.020549,	Delta[s](4) = 0.020549,	Delta[s](5) = 0.0101185,	Delta[s](6) = 0.00111803,	Delta[s](7) = 0.0101185,	
	Delta[s](8) = 0.00996823,	Delta[s](9) = 0.00111803,	Delta[s](10) = 0.000368873,	Delta[s](11) = 0.00111803,	Delta[s](12) = 0.020549,	
	Delta[s](13) = 0.0101185,	Delta[s](14) = 0.00111803,	Delta[s](15) = 0.0101185;	Delta[d](0) = 0.261038,	Delta[d](1) = 0.0604455,	
	Delta[d](2) = 0.0796326,	Delta[d](3) = 0.0604455,	Delta[d](4) = 0.0604455,	Delta[d](5) = 0.0549309,	Delta[d](6) = 0.0148245,	
	Delta[d](7) = 0.0549309,	Delta[d](8) = 0.0796326,	Delta[d](9) = 0.0148245,	Delta[d](10) = 0.00895318,	Delta[d](11) = 0.0148245,	
	Delta[d](12) = 0.0604455,	Delta[d](13) = 0.0549309,	Delta[d](14) = 0.0148245,	Delta[d](15) = 0.0549309;	Delta[s+](0) = 0.392668,	
	Delta[s+](1) = 0.22338,	Delta[s+](2) = 0.0796326,	Delta[s+](3) = 0.22338,	Delta[s+](4) = 0.22338,	Delta[s+](5) = 0.0748059,	
	Delta[s+](6) = 0.00497052,	Delta[s+](7) = 0.0748059,	Delta[s+](8) = 0.0796326,	Delta[s+](9) = 0.00497052,	Delta[s+](10) = 0.00102551,	
	Delta[s+](11) = 0.00497052,	Delta[s+](12) = 0.22338,	Delta[s+](13) = 0.0748059,	Delta[s+](14) = 0.00497052,	Delta[s+](15) = 0.0748059
	
The 0-th iteration is completed.	|| time cost : 0h 0m 4.825s
********************************************************************************************************************
Start the 1 rounds of NGS-ED iteration
	effective electronic model is modified as: kinetic energy t = 0.979901
	                                           effective interaction Vq = [      -4.05,  -0.549708,   -0.13818,  -0.549708,  -0.549708,  -0.128861,  -0.040592,  -0.128861,   -0.13818,  -0.040592,-0.00364191,  -0.040592,  -0.549708,  -0.128861,  -0.040592,  -0.128861]
	PARPACK diagonalization completed after 30 matrix-vector product operations.
	iteration results: : total energy is -33.001612 | electron energy -33.070021 + phonon energy 0.068409 | electron momentum kIdx = 0
The 1-th iteration is completed.	|| time cost : 0h 0m 3.44s
********************************************************************************************************************
Start the 2 rounds of NGS-ED iteration
	effective electronic model is modified as: kinetic energy t = 0.976645
	                                           effective interaction Vq = [      -4.05,  -0.651441,  -0.137812,  -0.651441,  -0.651441,  -0.128737, -0.0394662,  -0.128737,  -0.137812, -0.0394662,-0.00351271, -0.0394662,  -0.651441,  -0.128737, -0.0394662,  -0.128737]
	PARPACK diagonalization completed after 30 matrix-vector product operations.
	iteration results: : total energy is -33.006145 | electron energy -33.106631 + phonon energy 0.100486 | electron momentum kIdx = 0
The 2-th iteration is completed.	|| time cost : 0h 0m 0.791s
********************************************************************************************************************
Start the 3 rounds of NGS-ED iteration
	effective electronic model is modified as: kinetic energy t = 0.975787
	                                           effective interaction Vq = [      -4.05,  -0.678224,  -0.137265,  -0.678224,  -0.678224,  -0.128455, -0.0392712,  -0.128455,  -0.137265, -0.0392712,-0.00349517, -0.0392712,  -0.678224,  -0.128455, -0.0392712,  -0.128455]
	PARPACK diagonalization completed after 30 matrix-vector product operations.
	iteration results: : total energy is -33.006442 | electron energy -33.116206 + phonon energy 0.109764 | electron momentum kIdx = 0
The 3-th iteration is completed.	|| time cost : 0h 0m 0.785s
********************************************************************************************************************
Start the 4 rounds of NGS-ED iteration
	effective electronic model is modified as: kinetic energy t = 0.975547
	                                           effective interaction Vq = [      -4.05,  -0.685678,  -0.137109,  -0.685678,  -0.685678,  -0.128376, -0.0392209,  -0.128376,  -0.137109, -0.0392209,-0.00349058, -0.0392209,  -0.685678,  -0.128376, -0.0392209,  -0.128376]
	PARPACK diagonalization completed after 30 matrix-vector product operations.
	iteration results: : total energy is -33.006465 | electron energy -33.118875 + phonon energy 0.112410 | electron momentum kIdx = 0
The 4-th iteration is completed.	|| time cost : 0h 0m 0.775s
********************************************************************************************************************
Start the 5 rounds of NGS-ED iteration
	effective electronic model is modified as: kinetic energy t = 0.97548
	                                           effective interaction Vq = [     -4.05, -0.687781, -0.137065, -0.687781, -0.687781, -0.128355,-0.0392069, -0.128355, -0.137065,-0.0392069,-0.0034893,-0.0392069, -0.687781, -0.128355,-0.0392069, -0.128355]
	PARPACK diagonalization completed after 30 matrix-vector product operations.
	iteration results: : total energy is -33.006466 | electron energy -33.119629 + phonon energy 0.113162 | electron momentum kIdx = 0
The 5-th iteration is completed.	|| time cost : 0h 0m 0.794s
********************************************************************************************************************
Start the 6 rounds of NGS-ED iteration
	effective electronic model is modified as: kinetic energy t = 0.97546
	                                           effective interaction Vq = [      -4.05,  -0.688378,  -0.137053,  -0.688378,  -0.688378,  -0.128348, -0.0392029,  -0.128348,  -0.137053, -0.0392029,-0.00348894, -0.0392029,  -0.688378,  -0.128348, -0.0392029,  -0.128348]
	PARPACK diagonalization completed after 30 matrix-vector product operations.
	iteration results: : total energy is -33.006467 | electron energy -33.119842 + phonon energy 0.113376 | electron momentum kIdx = 0
The 6-th iteration is completed.	|| time cost : 0h 0m 0.789s
********************************************************************************************************************
Start the 7 rounds of NGS-ED iteration
	effective electronic model is modified as: kinetic energy t = 0.975455
	                                           effective interaction Vq = [      -4.05,  -0.688547,   -0.13705,  -0.688547,  -0.688547,  -0.128347, -0.0392018,  -0.128347,   -0.13705, -0.0392018,-0.00348884, -0.0392018,  -0.688547,  -0.128347, -0.0392018,  -0.128347]
	PARPACK diagonalization completed after 30 matrix-vector product operations.
	iteration results: : total energy is -33.006467 | electron energy -33.119903 + phonon energy 0.113436 | electron momentum kIdx = 0
The 7-th iteration is completed.	|| time cost : 0h 0m 0.781s
********************************************************************************************************************
Start the 8 rounds of NGS-ED iteration
	effective electronic model is modified as: kinetic energy t = 0.975453
	                                           effective interaction Vq = [      -4.05,  -0.688595,  -0.137049,  -0.688595,  -0.688595,  -0.128346, -0.0392015,  -0.128346,  -0.137049, -0.0392015,-0.00348881, -0.0392015,  -0.688595,  -0.128346, -0.0392015,  -0.128346]
	PARPACK diagonalization completed after 30 matrix-vector product operations.
	iteration results: : total energy is -33.006467 | electron energy -33.119920 + phonon energy 0.113454 | electron momentum kIdx = 0
The 8-th iteration is completed.	|| time cost : 0h 0m 0.783s
********************************************************************************************************************
Start the 9 rounds of NGS-ED iteration
	effective electronic model is modified as: kinetic energy t = 0.975453
	                                           effective interaction Vq = [     -4.05, -0.688608, -0.137048, -0.688608, -0.688608, -0.128346,-0.0392014, -0.128346, -0.137048,-0.0392014,-0.0034888,-0.0392014, -0.688608, -0.128346,-0.0392014, -0.128346]
	PARPACK diagonalization completed after 30 matrix-vector product operations.
	iteration results: : total energy is -33.006467 | electron energy -33.119925 + phonon energy 0.113459 | electron momentum kIdx = 0
The 9-th iteration is completed.	|| time cost : 0h 0m 0.792s
********************************************************************************************************************
Start the 10 rounds of NGS-ED iteration
	effective electronic model is modified as: kinetic energy t = 0.975453
	                                           effective interaction Vq = [     -4.05, -0.688612, -0.137048, -0.688612, -0.688612, -0.128346,-0.0392014, -0.128346, -0.137048,-0.0392014,-0.0034888,-0.0392014, -0.688612, -0.128346,-0.0392014, -0.128346]
	PARPACK diagonalization completed after 30 matrix-vector product operations.
	iteration results: : total energy is -33.006467 | electron energy -33.119926 + phonon energy 0.113460 | electron momentum kIdx = 0
The 10-th iteration is completed.	|| time cost : 0h 0m 0.79s
********************************************************************************************************************
Start the 11 rounds of NGS-ED iteration
	effective electronic model is modified as: kinetic energy t = 0.975453
	                                           effective interaction Vq = [     -4.05, -0.688613, -0.137048, -0.688613, -0.688613, -0.128346,-0.0392014, -0.128346, -0.137048,-0.0392014,-0.0034888,-0.0392014, -0.688613, -0.128346,-0.0392014, -0.128346]
	PARPACK diagonalization completed after 30 matrix-vector product operations.
	iteration results: : total energy is -33.006467 | electron energy -33.119927 + phonon energy 0.113460 | electron momentum kIdx = 0
The 11-th iteration is completed.	|| time cost : 0h 0m 0.791s
********************************************************************************************************************
Start the 12 rounds of NGS-ED iteration
	effective electronic model is modified as: kinetic energy t = 0.975453
	                                           effective interaction Vq = [     -4.05, -0.688614, -0.137048, -0.688614, -0.688614, -0.128346,-0.0392013, -0.128346, -0.137048,-0.0392013,-0.0034888,-0.0392013, -0.688614, -0.128346,-0.0392013, -0.128346]
	PARPACK diagonalization completed after 30 matrix-vector product operations.
	iteration results: : total energy is -33.006467 | electron energy -33.119927 + phonon energy 0.113460 | electron momentum kIdx = 0
The 12-th iteration is completed.	|| time cost : 0h 0m 0.789s
********************************************************************************************************************
Start the 13 rounds of NGS-ED iteration
	effective electronic model is modified as: kinetic energy t = 0.975453
	                                           effective interaction Vq = [     -4.05, -0.688614, -0.137048, -0.688614, -0.688614, -0.128346,-0.0392013, -0.128346, -0.137048,-0.0392013,-0.0034888,-0.0392013, -0.688614, -0.128346,-0.0392013, -0.128346]
	PARPACK diagonalization completed after 30 matrix-vector product operations.
	iteration results: : total energy is -33.006467 | electron energy -33.119927 + phonon energy 0.113460 | electron momentum kIdx = 0
	Nq(0) = 4,	Nq(1) = 0.24262,	Nq(2) = 0.27348,	Nq(3) = 0.24262,	Nq(4) = 0.24262,	Nq(5) = 0.259664,	
	Nq(6) = 0.358023,	Nq(7) = 0.259664,	Nq(8) = 0.27348,	Nq(9) = 0.358023,	Nq(10) = 0.401011,	
	Nq(11) = 0.358023,	Nq(12) = 0.24262,	Nq(13) = 0.259664,	Nq(14) = 0.358023,	Nq(15) = 0.259664;	
	Sq(0) = -4.63837e-19,	Sq(1) = 0.403409,	Sq(2) = 0.345137,	Sq(3) = 0.403409,	Sq(4) = 0.403409,	
	Sq(5) = 0.574919,	Sq(6) = 0.611281,	Sq(7) = 0.574919,	Sq(8) = 0.345137,	Sq(9) = 0.611281,	
	Sq(10) = 0.562088,	Sq(11) = 0.611281,	Sq(12) = 0.403409,	Sq(13) = 0.574919,	Sq(14) = 0.611281,	
	Sq(15) = 0.574919;	N(0) = 1.84009,	N(1) = 1.385,	N(2) = 0.0695354,	N(3) = 1.385,	
	N(4) = 1.385,	N(5) = 0.0692614,	N(6) = 0.0448639,	N(7) = 0.0692614,	N(8) = 0.0695354,	
	N(9) = 0.0448639,	N(10) = 0.024337,	N(11) = 0.0448639,	N(12) = 1.385,	N(13) = 0.0692614,	
	N(14) = 0.0448639,	N(15) = 0.0692614;	Delta[s](0) = 0.0387448,	Delta[s](1) = 0.0215269,	Delta[s](2) = 0.0103347,	
	Delta[s](3) = 0.0215269,	Delta[s](4) = 0.0215269,	Delta[s](5) = 0.0107191,	Delta[s](6) = 0.00144615,	Delta[s](7) = 0.0107191,	
	Delta[s](8) = 0.0103347,	Delta[s](9) = 0.00144615,	Delta[s](10) = 0.000417367,	Delta[s](11) = 0.00144615,	Delta[s](12) = 0.0215269,	
	Delta[s](13) = 0.0107191,	Delta[s](14) = 0.00144615,	Delta[s](15) = 0.0107191;	Delta[d](0) = 0.268024,	Delta[d](1) = 0.0602749,	
	Delta[d](2) = 0.0802501,	Delta[d](3) = 0.0602749,	Delta[d](4) = 0.0602749,	Delta[d](5) = 0.0577675,	Delta[d](6) = 0.0156309,	
	Delta[d](7) = 0.0577675,	Delta[d](8) = 0.0802501,	Delta[d](9) = 0.0156309,	Delta[d](10) = 0.010131,	Delta[d](11) = 0.0156309,	
	Delta[d](12) = 0.0602749,	Delta[d](13) = 0.0577675,	Delta[d](14) = 0.0156309,	Delta[d](15) = 0.0577675;	Delta[s+](0) = 0.398931,	
	Delta[s+](1) = 0.227174,	Delta[s+](2) = 0.0802501,	Delta[s+](3) = 0.227174,	Delta[s+](4) = 0.227174,	Delta[s+](5) = 0.0762307,	
	Delta[s+](6) = 0.00600819,	Delta[s+](7) = 0.0762307,	Delta[s+](8) = 0.0802501,	Delta[s+](9) = 0.00600819,	Delta[s+](10) = 0.00135672,	
	Delta[s+](11) = 0.00600819,	Delta[s+](12) = 0.227174,	Delta[s+](13) = 0.0762307,	Delta[s+](14) = 0.00600819,	Delta[s+](15) = 0.0762307
	
The 13-th iteration is completed.	|| time cost : 0h 0m 3.001s
********************************************************************************************************************
********************************************************************************************************************
Ground state is obtained after 14 iterations. The current ground-state energy is -33.0065, in which electron energy is -33.1199 and phonon energy is 0.11346
Final variational state is: 
	Gamma_x = [      1,2.02663,1.19838,2.02663,2.02663,1.17518,1.07092,1.17518,1.19838,1.07092,1.00689,1.07092,2.02663,1.17518,1.07092,1.17518]
	lambda_q = [      4.5, 0.532352, 0.141026, 0.532352, 0.532352, 0.131821,0.0668241, 0.131821, 0.141026,0.0668241,0.0177594,0.0668241, 0.532352, 0.131821,0.0668241, 0.131821]
Effective e-e interactions mediated by phonons are:
	momentum-space Vq = [     -4.05, -0.688614, -0.137048, -0.688614, -0.688614, -0.128346,-0.0392013, -0.128346, -0.137048,-0.0392013,-0.0034888,-0.0392013, -0.688614, -0.128346,-0.0392013, -0.128346]
	real-space Vr = [-0.484514,-0.334083,-0.238388,-0.334083,-0.334083,-0.236212, -0.17173,-0.236212,-0.238388, -0.17173,-0.120607, -0.17173,-0.334083,-0.236212, -0.17173,-0.236212]
********************************************************************************************************************
o___o  ----------------------------------------
| L |	Time since last clock: 0h 0m 0.007s
A===A	Time since the beginning: 0h 0m 19.939s
***********************************************


Non-Gaussina ED ground state calculation is completed. The final ground-state energy is -33.0065
********************************************************************************************************************
o___o  ----------------------------------------
| L |	Time since last clock: 0h 0m 0.002s
A===A	Time since the beginning: 0h 0m 19.942s
***********************************************



********************************************************************************************************************
All non-Gaussian ED ground state calculations have been completed. Exit now.
