TACC:  Starting up job 1813951 
TACC:  Starting parallel tasks... 
SNEDics v3.4 Non-Gaussian ED ground state program		Start at Fri Oct 23 21:17:12 2020

parallized on 16 MPI threads  * 7 OpenMP threads = 112 total threads.
********************************************************************************************************************
********************************************************************************************************************

********************************************************************************************************************
System parameters and configurations
********************************************************************************************************************
Special program options are enabled: splitted diagonal Hamiltonian
********************************************************************************************************************
Read input file "model_params.in"
	Hubbard-Holstein model parameters : 	t = 1    U = 10    g = 1.4142    W = 1    
********************************************************************************************************************
Read input file "hilbertspace_params.in"
	Requested 16-site 2D lattice, with 14 electrons (7, 7)
	Boundary : Periodic		Hilbert space representation : momentum-space (restricted to kIdx = 0)
	Conservation: particle number[U(1)]      spin[U(1)]     momentum
********************************************************************************************************************

Cluster Positions:				Cluster symmetry group : D4
 x ... x ... x ... x .....                       x ... x ... x ... x .....
 |           |           :                       |           |           :
 |           |           :                       |           |           :
12    13    14    15     x                       1     5     6     5     x
 |           |           :                       |           |           :
 |           |           :                       |           |           :
 8 --- 9 ---10 ---11 --- x                       2 --- 6 ---10 --- 6 --- x
 |           |           :                       |           |           :
 |           |           :                       |           |           :
 4     5     6     7     x                       1     5     6     5     x
 |           |           :                       |           |           :
 |           |           :                       |           |           :
 0 --- 1 --- 2 --- 3 --- x                       0 --- 1 --- 2 --- 1 --- x
orbital number : 1
********************************************************************************************************************
Read input file "obs_params.in"
	Observable Type : Nq(All),   Sq(All),   N(All),   Delta[s](All),   Delta[d](All),   Delta[s+](All)
********************************************************************************************************************
** WARNING ** the input observables have non-local factors which have been reinterpreted. The total observable number is 96
********************************************************************************************************************


********************************************************************************************************************
Start calculating the non-Gaussian ED ground state
** WARNING ** Detected low phonon energy W < 10. The initial state will be prepared through a warm-up process.
********************************************************************************************************************
Start warm-up calculation for scaling factor 16
open output files: NGSEDWarmUpW16Obs.txt
********************************************************************************************************************
Start the 0 rounds of NGS-ED iteration
	effective electronic model is modified as: kinetic energy t = 1
	                                           effective interaction Vq = [0,0,0,0,0,0,0,0,0,0,0,0,0,0,0,0]
	first Hamiltonian is constructed, non-zero numbers = 2178478298
	PARPACK diagonalization completed after 180 matrix-vector product operations.
	iteration results: : total energy is -10.807012 | electron energy -10.807012 + phonon energy 0.000000 | electron momentum kIdx = 0
	Nq(0) = 12.25,	Nq(1) = 0.141929,	Nq(2) = 0.162174,	Nq(3) = 0.141929,	Nq(4) = 0.141929,	Nq(5) = 0.175613,	Nq(6) = 0.20172,	Nq(7) = 0.175613,	Nq(8) = 0.162174,	Nq(9) = 0.20172,	Nq(10) = 0.233929,	Nq(11) = 0.20172,	Nq(12) = 0.141929,	Nq(13) = 0.175613,	Nq(14) = 0.20172,	Nq(15) = 0.175613,	Sq(0) = 4.57656e-19,	Sq(1) = 0.470092,	Sq(2) = 0.793515,	Sq(3) = 0.470092,	Sq(4) = 0.470092,	Sq(5) = 0.652239,	Sq(6) = 1.12077,	Sq(7) = 0.652239,	Sq(8) = 0.793515,	Sq(9) = 1.12077,	Sq(10) = 2.55524,	Sq(11) = 1.12077,	Sq(12) = 0.470092,	Sq(13) = 0.652239,	Sq(14) = 1.12077,	Sq(15) = 0.652239,	N(0) = 1.67827,	N(1) = 1.49596,	N(2) = 0.417412,	N(3) = 1.49596,	N(4) = 1.49596,	N(5) = 0.99941,	N(6) = 0.321825,	N(7) = 0.99941,	N(8) = 0.417412,	N(9) = 0.321825,	N(10) = 0.218126,	N(11) = 0.321825,	N(12) = 1.49596,	N(13) = 0.99941,	N(14) = 0.321825,	N(15) = 0.99941,	Delta[s](0) = 0.0513396,	Delta[s](1) = 0.0392929,	Delta[s](2) = 0.0252453,	Delta[s](3) = 0.0392929,	Delta[s](4) = 0.0392929,	Delta[s](5) = 0.028809,	Delta[s](6) = 0.0157956,	Delta[s](7) = 0.028809,	Delta[s](8) = 0.0252453,	Delta[s](9) = 0.0157956,	Delta[s](10) = 0.00524474,	Delta[s](11) = 0.0157956,	Delta[s](12) = 0.0392929,	Delta[s](13) = 0.028809,	Delta[s](14) = 0.0157956,	Delta[s](15) = 0.028809,	Delta[d](0) = 0.293451,	Delta[d](1) = 0.216288,	Delta[d](2) = 0.214462,	Delta[d](3) = 0.216288,	Delta[d](4) = 0.216288,	Delta[d](5) = 0.195524,	Delta[d](6) = 0.149614,	Delta[d](7) = 0.195524,	Delta[d](8) = 0.214462,	Delta[d](9) = 0.149614,	Delta[d](10) = 0.0707856,	Delta[d](11) = 0.149614,	Delta[d](12) = 0.216288,	Delta[d](13) = 0.195524,	Delta[d](14) = 0.149614,	Delta[d](15) = 0.195524,	Delta[s+](0) = 0.545167,	Delta[s+](1) = 0.408846,	Delta[s+](2) = 0.214462,	Delta[s+](3) = 0.408846,	Delta[s+](4) = 0.408846,	Delta[s+](5) = 0.291162,	Delta[s+](6) = 0.139926,	Delta[s+](7) = 0.291162,	Delta[s+](8) = 0.214462,	Delta[s+](9) = 0.139926,	Delta[s+](10) = 0.0512088,	Delta[s+](11) = 0.139926,	Delta[s+](12) = 0.408846,	Delta[s+](13) = 0.291162,	Delta[s+](14) = 0.139926,	Delta[s+](15) = 0.291162
The 0-th iteration is completed.	|| time cost : 0h 6m 35.103s
********************************************************************************************************************
Start the 1 rounds of NGS-ED iteration
	effective electronic model is modified as: kinetic energy t = 0.94872
	                                           effective interaction Vq = [-1.91844,-1.83293,-1.76224,-1.83293,-1.83293,-1.77515,-1.72778,-1.77515,-1.76224,-1.72778,-1.69755,-1.72778,-1.83293,-1.77515,-1.72778,-1.77515]
	PARPACK diagonalization completed after 60 matrix-vector product operations.
	iteration results: : total energy is -38.639331 | electron energy -38.640827 + phonon energy 0.001496 | electron momentum kIdx = 0
The 1-th iteration is completed.	|| time cost : 0h 5m 19.322s
********************************************************************************************************************
Start the 2 rounds of NGS-ED iteration
	effective electronic model is modified as: kinetic energy t = 0.934187
	                                           effective interaction Vq = [-1.99664,-1.93259,-1.86929,-1.93259,-1.93259,-1.88595,-1.83985,-1.88595,-1.86929,-1.83985,-1.81033,-1.83985,-1.93259,-1.88595,-1.83985,-1.88595]
	PARPACK diagonalization completed after 45 matrix-vector product operations.
	iteration results: : total energy is -39.694190 | electron energy -39.699693 + phonon energy 0.005503 | electron momentum kIdx = 0
The 2-th iteration is completed.	|| time cost : 0h 0m 24.388s
********************************************************************************************************************
Start the 3 rounds of NGS-ED iteration
	effective electronic model is modified as: kinetic energy t = 0.93204
	                                           effective interaction Vq = [-1.99983,-1.94392,-1.88152,-1.94392,-1.94392,-1.89886,-1.85268,-1.89886,-1.88152,-1.85268,-1.82298,-1.85268,-1.94392,-1.89886,-1.85268,-1.89886]
	PARPACK diagonalization completed after 45 matrix-vector product operations.
	iteration results: : total energy is -39.735209 | electron energy -39.741695 + phonon energy 0.006486 | electron momentum kIdx = 0
The 3-th iteration is completed.	|| time cost : 0h 0m 24.473s
********************************************************************************************************************
Start the 4 rounds of NGS-ED iteration
	effective electronic model is modified as: kinetic energy t = 0.931741
	                                           effective interaction Vq = [-1.99996,-1.94556,-1.88314,-1.94556,-1.94556,-1.90063,-1.85434,-1.90063,-1.88314,-1.85434,-1.82455,-1.85434,-1.94556,-1.90063,-1.85434,-1.90063]
	PARPACK diagonalization completed after 30 matrix-vector product operations.
	iteration results: : total energy is -39.736840 | electron energy -39.743475 + phonon energy 0.006635 | electron momentum kIdx = 0
The 4-th iteration is completed.	|| time cost : 0h 0m 21.626s
********************************************************************************************************************
Start the 5 rounds of NGS-ED iteration
	effective electronic model is modified as: kinetic energy t = 0.9317
	                                           effective interaction Vq = [-1.99996,-1.94581,-1.88336,-1.94581,-1.94581,-1.90088,-1.85456,-1.90088,-1.88336,-1.85456,-1.82475,-1.85456,-1.94581,-1.90088,-1.85456,-1.90088]
	PARPACK diagonalization completed after 30 matrix-vector product operations.
	iteration results: : total energy is -39.736906 | electron energy -39.743561 + phonon energy 0.006656 | electron momentum kIdx = 0
	Nq(0) = 12.25,	Nq(1) = 0.168104,	Nq(2) = 0.207202,	Nq(3) = 0.168104,	Nq(4) = 0.168104,	Nq(5) = 0.230286,	Nq(6) = 0.266998,	Nq(7) = 0.230286,	Nq(8) = 0.207202,	Nq(9) = 0.266998,	Nq(10) = 0.311634,	Nq(11) = 0.266998,	Nq(12) = 0.168104,	Nq(13) = 0.230286,	Nq(14) = 0.266998,	Nq(15) = 0.230286,	Sq(0) = 4.3437e-19,	Sq(1) = 0.474311,	Sq(2) = 0.742453,	Sq(3) = 0.474311,	Sq(4) = 0.474311,	Sq(5) = 0.618366,	Sq(6) = 0.997702,	Sq(7) = 0.618366,	Sq(8) = 0.742453,	Sq(9) = 0.997702,	Sq(10) = 2.51599,	Sq(11) = 0.997702,	Sq(12) = 0.474311,	Sq(13) = 0.618366,	Sq(14) = 0.997702,	Sq(15) = 0.618366,	N(0) = 1.80891,	N(1) = 1.66763,	N(2) = 0.254923,	N(3) = 1.66763,	N(4) = 1.66763,	N(5) = 0.999192,	N(6) = 0.22141,	N(7) = 0.999192,	N(8) = 0.254923,	N(9) = 0.22141,	N(10) = 0.128305,	N(11) = 0.22141,	N(12) = 1.66763,	N(13) = 0.999192,	N(14) = 0.22141,	N(15) = 0.999192,	Delta[s](0) = 0.0883266,	Delta[s](1) = 0.0695331,	Delta[s](2) = 0.0470554,	Delta[s](3) = 0.0695331,	Delta[s](4) = 0.0695331,	Delta[s](5) = 0.0541733,	Delta[s](6) = 0.0322231,	Delta[s](7) = 0.0541733,	Delta[s](8) = 0.0470554,	Delta[s](9) = 0.0322231,	Delta[s](10) = 0.0126396,	Delta[s](11) = 0.0322231,	Delta[s](12) = 0.0695331,	Delta[s](13) = 0.0541733,	Delta[s](14) = 0.0322231,	Delta[s](15) = 0.0541733,	Delta[d](0) = 0.266778,	Delta[d](1) = 0.187831,	Delta[d](2) = 0.199534,	Delta[d](3) = 0.187831,	Delta[d](4) = 0.187831,	Delta[d](5) = 0.177436,	Delta[d](6) = 0.132973,	Delta[d](7) = 0.177436,	Delta[d](8) = 0.199534,	Delta[d](9) = 0.132973,	Delta[d](10) = 0.0538783,	Delta[d](11) = 0.132973,	Delta[d](12) = 0.187831,	Delta[d](13) = 0.177436,	Delta[d](14) = 0.132973,	Delta[d](15) = 0.177436,	Delta[s+](0) = 0.566323,	Delta[s+](1) = 0.421987,	Delta[s+](2) = 0.199534,	Delta[s+](3) = 0.421987,	Delta[s+](4) = 0.421987,	Delta[s+](5) = 0.295362,	Delta[s+](6) = 0.127526,	Delta[s+](7) = 0.295362,	Delta[s+](8) = 0.199534,	Delta[s+](9) = 0.127526,	Delta[s+](10) = 0.0400809,	Delta[s+](11) = 0.127526,	Delta[s+](12) = 0.421987,	Delta[s+](13) = 0.295362,	Delta[s+](14) = 0.127526,	Delta[s+](15) = 0.295362
The 5-th iteration is completed.	|| time cost : 0h 3m 57.629s
********************************************************************************************************************
********************************************************************************************************************
Ground state is obtained after 6 iterations. The current ground-state energy is -39.7369, in which electron energy is -39.7436 and phonon energy is 0.00665579
final variational state is: 
	Gamma_x = [      1,1.00579,1.00953,1.00579,1.00579,1.01001,1.01323,1.01001,1.00953,1.01323,1.01636,1.01323,1.00579,1.01001,1.01323,1.01001]
	lambda_q = [0.353526,0.295392,0.268192,0.295392,0.295392,0.274872,0.258229,0.274872,0.268192,0.258229,0.248913,0.258229,0.295392,0.274872,0.258229,0.274872]
The effective e-e interactions mediated by phonons are: [1.99996,1.94584,1.88339,1.94584,1.94584,1.90092,1.85458,1.90092,1.88339,1.85458,1.82478,1.85458,1.94584,1.90092,1.85458,1.90092]
The real-space interactions mediated by phonons are: [  -30.3969, -0.277253,0.00833856,-0.0257437, -0.357701, -0.124521,0.00833856,-0.0387828, 0.0121615,-0.0387828,0.00833856, -0.124521, -0.357701,-0.0257437,0.00833856, -0.277253]
********************************************************************************************************************
o___o  ----------------------------------------
| L |	Time since last clock: 0h 0m 0s
A===A	Time since the beginning: 0h 17m 2.544s
***********************************************

********************************************************************************************************************
Start warm-up calculation for scaling factor 8
open output files: NGSEDWarmUpW8Obs.txt
********************************************************************************************************************
Start the 0 rounds of NGS-ED iteration
	effective electronic model is modified as: kinetic energy t = 0.931694
	                                           effective interaction Vq = [-1.82834,-1.66506, -1.5701,-1.66506,-1.66506,-1.59452,-1.53236,-1.59452, -1.5701,-1.53236,-1.49562,-1.53236,-1.66506,-1.59452,-1.53236,-1.59452]
	PARPACK diagonalization completed after 60 matrix-vector product operations.
	iteration results: : total energy is -36.622748 | electron energy -36.626077 + phonon energy 0.003329 | electron momentum kIdx = 0
	Nq(0) = 12.25,	Nq(1) = 0.1612,	Nq(2) = 0.195099,	Nq(3) = 0.1612,	Nq(4) = 0.1612,	Nq(5) = 0.215438,	Nq(6) = 0.249154,	Nq(7) = 0.215438,	Nq(8) = 0.195099,	Nq(9) = 0.249154,	Nq(10) = 0.290806,	Nq(11) = 0.249154,	Nq(12) = 0.1612,	Nq(13) = 0.215438,	Nq(14) = 0.249154,	Nq(15) = 0.215438,	Sq(0) = -4.57866e-18,	Sq(1) = 0.47374,	Sq(2) = 0.755197,	Sq(3) = 0.47374,	Sq(4) = 0.47374,	Sq(5) = 0.624447,	Sq(6) = 1.02801,	Sq(7) = 0.624447,	Sq(8) = 0.755197,	Sq(9) = 1.02801,	Sq(10) = 2.55064,	Sq(11) = 1.02801,	Sq(12) = 0.47374,	Sq(13) = 0.624447,	Sq(14) = 1.02801,	Sq(15) = 0.624447,	N(0) = 1.78073,	N(1) = 1.62715,	N(2) = 0.290158,	N(3) = 1.62715,	N(4) = 1.62715,	N(5) = 0.99936,	N(6) = 0.246184,	N(7) = 0.99936,	N(8) = 0.290158,	N(9) = 0.246184,	N(10) = 0.14816,	N(11) = 0.246184,	N(12) = 1.62715,	N(13) = 0.99936,	N(14) = 0.246184,	N(15) = 0.99936,	Delta[s](0) = 0.0762392,	Delta[s](1) = 0.0603617,	Delta[s](2) = 0.0414535,	Delta[s](3) = 0.0603617,	Delta[s](4) = 0.0603617,	Delta[s](5) = 0.0470929,	Delta[s](6) = 0.0288003,	Delta[s](7) = 0.0470929,	Delta[s](8) = 0.0414535,	Delta[s](9) = 0.0288003,	Delta[s](10) = 0.01292,	Delta[s](11) = 0.0288003,	Delta[s](12) = 0.0603617,	Delta[s](13) = 0.0470929,	Delta[s](14) = 0.0288003,	Delta[s](15) = 0.0470929,	Delta[d](0) = 0.278989,	Delta[d](1) = 0.201915,	Delta[d](2) = 0.209492,	Delta[d](3) = 0.201915,	Delta[d](4) = 0.201915,	Delta[d](5) = 0.188182,	Delta[d](6) = 0.142135,	Delta[d](7) = 0.188182,	Delta[d](8) = 0.209492,	Delta[d](9) = 0.142135,	Delta[d](10) = 0.0611932,	Delta[d](11) = 0.142135,	Delta[d](12) = 0.201915,	Delta[d](13) = 0.188182,	Delta[d](14) = 0.142135,	Delta[d](15) = 0.188182,	Delta[s+](0) = 0.572701,	Delta[s+](1) = 0.42764,	Delta[s+](2) = 0.209492,	Delta[s+](3) = 0.42764,	Delta[s+](4) = 0.42764,	Delta[s+](5) = 0.301657,	Delta[s+](6) = 0.135774,	Delta[s+](7) = 0.301657,	Delta[s+](8) = 0.209492,	Delta[s+](9) = 0.135774,	Delta[s+](10) = 0.0459396,	Delta[s+](11) = 0.135774,	Delta[s+](12) = 0.42764,	Delta[s+](13) = 0.301657,	Delta[s+](14) = 0.135774,	Delta[s+](15) = 0.301657
The 0-th iteration is completed.	|| time cost : 0h 4m 3.465s
********************************************************************************************************************
Start the 1 rounds of NGS-ED iteration
	effective electronic model is modified as: kinetic energy t = 0.918638
	                                           effective interaction Vq = [-1.96531,-1.79233,-1.66469,-1.79233,-1.79233,-1.69622,-1.61115,-1.69622,-1.66469,-1.61115,-1.56092,-1.61115,-1.79233,-1.69622,-1.61115,-1.69622]
	PARPACK diagonalization completed after 60 matrix-vector product operations.
	iteration results: : total energy is -38.367053 | electron energy -38.379331 + phonon energy 0.012278 | electron momentum kIdx = 0
The 1-th iteration is completed.	|| time cost : 0h 0m 27.258s
********************************************************************************************************************
Start the 2 rounds of NGS-ED iteration
	effective electronic model is modified as: kinetic energy t = 0.914236
	                                           effective interaction Vq = [-1.99297,-1.82967,-1.69192,-1.82967,-1.82967,-1.72606,-1.63414,-1.72606,-1.69192,-1.63414, -1.5803,-1.63414,-1.82967,-1.72606,-1.63414,-1.72606]
	PARPACK diagonalization completed after 45 matrix-vector product operations.
	iteration results: : total energy is -38.713196 | electron energy -38.730083 + phonon energy 0.016888 | electron momentum kIdx = 0
The 2-th iteration is completed.	|| time cost : 0h 0m 24.457s
********************************************************************************************************************
Start the 3 rounds of NGS-ED iteration
	effective electronic model is modified as: kinetic energy t = 0.912786
	                                           effective interaction Vq = [-1.99855,-1.84186,-1.70028,-1.84186,-1.84186,-1.73543,-1.64117,-1.73543,-1.70028,-1.64117,-1.58624,-1.64117,-1.84186,-1.73543,-1.64117,-1.73543]
	PARPACK diagonalization completed after 45 matrix-vector product operations.
	iteration results: : total energy is -38.782419 | electron energy -38.801064 + phonon energy 0.018645 | electron momentum kIdx = 0
The 3-th iteration is completed.	|| time cost : 0h 0m 24.458s
********************************************************************************************************************
Start the 4 rounds of NGS-ED iteration
	effective electronic model is modified as: kinetic energy t = 0.912311
	                                           effective interaction Vq = [-1.99968,-1.84601, -1.7029,-1.84601,-1.84601,-1.73845,-1.64336,-1.73845, -1.7029,-1.64336,-1.58808,-1.64336,-1.84601,-1.73845,-1.64336,-1.73845]
	PARPACK diagonalization completed after 45 matrix-vector product operations.
	iteration results: : total energy is -38.796322 | electron energy -38.815576 + phonon energy 0.019255 | electron momentum kIdx = 0
The 4-th iteration is completed.	|| time cost : 0h 0m 24.429s
********************************************************************************************************************
Start the 5 rounds of NGS-ED iteration
	effective electronic model is modified as: kinetic energy t = 0.912154
	                                           effective interaction Vq = [ -1.9999,-1.84745,-1.70373,-1.84745,-1.84745,-1.73943,-1.64405,-1.73943,-1.70373,-1.64405,-1.58865,-1.64405,-1.84745,-1.73943,-1.64405,-1.73943]
	PARPACK diagonalization completed after 30 matrix-vector product operations.
	iteration results: : total energy is -38.799120 | electron energy -38.818579 + phonon energy 0.019458 | electron momentum kIdx = 0
The 5-th iteration is completed.	|| time cost : 0h 0m 21.617s
********************************************************************************************************************
Start the 6 rounds of NGS-ED iteration
	effective electronic model is modified as: kinetic energy t = 0.912103
	                                           effective interaction Vq = [-1.99995,-1.84796,  -1.704,-1.84796,-1.84796,-1.73975,-1.64426,-1.73975,  -1.704,-1.64426,-1.58883,-1.64426,-1.84796,-1.73975,-1.64426,-1.73975]
	PARPACK diagonalization completed after 30 matrix-vector product operations.
	iteration results: : total energy is -38.799684 | electron energy -38.819210 + phonon energy 0.019526 | electron momentum kIdx = 0
The 6-th iteration is completed.	|| time cost : 0h 0m 21.689s
********************************************************************************************************************
Start the 7 rounds of NGS-ED iteration
	effective electronic model is modified as: kinetic energy t = 0.912086
	                                           effective interaction Vq = [-1.99996,-1.84813,-1.70408,-1.84813,-1.84813,-1.73986,-1.64433,-1.73986,-1.70408,-1.64433,-1.58889,-1.64433,-1.84813,-1.73986,-1.64433,-1.73986]
	PARPACK diagonalization completed after 30 matrix-vector product operations.
	iteration results: : total energy is -38.799798 | electron energy -38.819346 + phonon energy 0.019548 | electron momentum kIdx = 0
	Nq(0) = 12.25,	Nq(1) = 0.163346,	Nq(2) = 0.197324,	Nq(3) = 0.163346,	Nq(4) = 0.163346,	Nq(5) = 0.218277,	Nq(6) = 0.251851,	Nq(7) = 0.218277,	Nq(8) = 0.197324,	Nq(9) = 0.251851,	Nq(10) = 0.293556,	Nq(11) = 0.251851,	Nq(12) = 0.163346,	Nq(13) = 0.218277,	Nq(14) = 0.251851,	Nq(15) = 0.218277,	Sq(0) = -5.81133e-18,	Sq(1) = 0.473128,	Sq(2) = 0.752707,	Sq(3) = 0.473128,	Sq(4) = 0.473128,	Sq(5) = 0.623111,	Sq(6) = 1.02295,	Sq(7) = 0.623111,	Sq(8) = 0.752707,	Sq(9) = 1.02295,	Sq(10) = 2.54572,	Sq(11) = 1.02295,	Sq(12) = 0.473128,	Sq(13) = 0.623111,	Sq(14) = 1.02295,	Sq(15) = 0.623111,	N(0) = 1.78618,	N(1) = 1.63526,	N(2) = 0.28286,	N(3) = 1.63526,	N(4) = 1.63526,	N(5) = 0.999091,	N(6) = 0.241486,	N(7) = 0.999091,	N(8) = 0.28286,	N(9) = 0.241486,	N(10) = 0.144776,	N(11) = 0.241486,	N(12) = 1.63526,	N(13) = 0.999091,	N(14) = 0.241486,	N(15) = 0.999091,	Delta[s](0) = 0.0772134,	Delta[s](1) = 0.0614473,	Delta[s](2) = 0.0426449,	Delta[s](3) = 0.0614473,	Delta[s](4) = 0.0614473,	Delta[s](5) = 0.048305,	Delta[s](6) = 0.0300855,	Delta[s](7) = 0.048305,	Delta[s](8) = 0.0426449,	Delta[s](9) = 0.0300855,	Delta[s](10) = 0.0141977,	Delta[s](11) = 0.0300855,	Delta[s](12) = 0.0614473,	Delta[s](13) = 0.048305,	Delta[s](14) = 0.0300855,	Delta[s](15) = 0.048305,	Delta[d](0) = 0.283977,	Delta[d](1) = 0.205577,	Delta[d](2) = 0.213274,	Delta[d](3) = 0.205577,	Delta[d](4) = 0.205577,	Delta[d](5) = 0.191738,	Delta[d](6) = 0.144796,	Delta[d](7) = 0.191738,	Delta[d](8) = 0.213274,	Delta[d](9) = 0.144796,	Delta[d](10) = 0.0625398,	Delta[d](11) = 0.144796,	Delta[d](12) = 0.205577,	Delta[d](13) = 0.191738,	Delta[d](14) = 0.144796,	Delta[d](15) = 0.191738,	Delta[s+](0) = 0.583437,	Delta[s+](1) = 0.435654,	Delta[s+](2) = 0.213274,	Delta[s+](3) = 0.435654,	Delta[s+](4) = 0.435654,	Delta[s+](5) = 0.307314,	Delta[s+](6) = 0.138363,	Delta[s+](7) = 0.307314,	Delta[s+](8) = 0.213274,	Delta[s+](9) = 0.138363,	Delta[s+](10) = 0.0470452,	Delta[s+](11) = 0.138363,	Delta[s+](12) = 0.435654,	Delta[s+](13) = 0.307314,	Delta[s+](14) = 0.138363,	Delta[s+](15) = 0.307314
The 7-th iteration is completed.	|| time cost : 0h 3m 57.235s
********************************************************************************************************************
********************************************************************************************************************
Ground state is obtained after 8 iterations. The current ground-state energy is -38.7998, in which electron energy is -38.8193 and phonon energy is 0.0195476
final variational state is: 
	Gamma_x = [      1,1.01643,1.02362,1.01643,1.01643,1.02548,1.03118,1.02548,1.02362,1.03118,1.03703,1.03118,1.01643,1.02548,1.03118,1.02548]
	lambda_q = [0.499752, 0.36226, 0.30769, 0.36226, 0.36226,0.319693, 0.28916,0.319693, 0.30769, 0.28916,0.273319, 0.28916, 0.36226,0.319693, 0.28916,0.319693]
The effective e-e interactions mediated by phonons are: [1.99996,1.84819,1.70411,1.84819,1.84819,1.73989,1.64435,1.73989,1.70411,1.64435,1.58891,1.64435,1.84819,1.73989,1.64435,1.73989]
The real-space interactions mediated by phonons are: [   -27.9268,  -0.643646,-0.00768733,  -0.104068,  -0.818741,  -0.324705,-0.00768733,  -0.110979, -0.0375235,  -0.110979,-0.00768733,  -0.324705,  -0.818741,  -0.104068,-0.00768733,  -0.643646]
********************************************************************************************************************
o___o  ----------------------------------------
| L |	Time since last clock: 0h 0m 0s
A===A	Time since the beginning: 0h 27m 27.158s
***********************************************

********************************************************************************************************************
Start warm-up calculation for scaling factor 4
open output files: NGSEDWarmUpW4Obs.txt
********************************************************************************************************************
Start the 0 rounds of NGS-ED iteration
	effective electronic model is modified as: kinetic energy t = 0.91208
	                                           effective interaction Vq = [-1.82799, -1.5243,-1.36185, -1.5243, -1.5243,-1.39963,-1.30127,-1.39963,-1.36185,-1.30127, -1.2473,-1.30127, -1.5243,-1.39963,-1.30127,-1.39963]
	PARPACK diagonalization completed after 60 matrix-vector product operations.
	iteration results: : total energy is -35.647867 | electron energy -35.657644 + phonon energy 0.009777 | electron momentum kIdx = 0
	Nq(0) = 12.25,	Nq(1) = 0.156561,	Nq(2) = 0.185365,	Nq(3) = 0.156561,	Nq(4) = 0.156561,	Nq(5) = 0.203732,	Nq(6) = 0.234644,	Nq(7) = 0.203732,	Nq(8) = 0.185365,	Nq(9) = 0.234644,	Nq(10) = 0.273434,	Nq(11) = 0.234644,	Nq(12) = 0.156561,	Nq(13) = 0.203732,	Nq(14) = 0.234644,	Nq(15) = 0.203732,	Sq(0) = 3.42441e-18,	Sq(1) = 0.471936,	Sq(2) = 0.76558,	Sq(3) = 0.471936,	Sq(4) = 0.471936,	Sq(5) = 0.630106,	Sq(6) = 1.05448,	Sq(7) = 0.630106,	Sq(8) = 0.76558,	Sq(9) = 1.05448,	Sq(10) = 2.56882,	Sq(11) = 1.05448,	Sq(12) = 0.471936,	Sq(13) = 0.630106,	Sq(14) = 1.05448,	Sq(15) = 0.630106,	N(0) = 1.75546,	N(1) = 1.5927,	N(2) = 0.321593,	N(3) = 1.5927,	N(4) = 1.5927,	N(5) = 0.999204,	N(6) = 0.26685,	N(7) = 0.999204,	N(8) = 0.321593,	N(9) = 0.26685,	N(10) = 0.166331,	N(11) = 0.26685,	N(12) = 1.5927,	N(13) = 0.999204,	N(14) = 0.26685,	N(15) = 0.999204,	Delta[s](0) = 0.0673646,	Delta[s](1) = 0.0534414,	Delta[s](2) = 0.0369388,	Delta[s](3) = 0.0534414,	Delta[s](4) = 0.0534414,	Delta[s](5) = 0.041601,	Delta[s](6) = 0.025799,	Delta[s](7) = 0.041601,	Delta[s](8) = 0.0369388,	Delta[s](9) = 0.025799,	Delta[s](10) = 0.0123499,	Delta[s](11) = 0.025799,	Delta[s](12) = 0.0534414,	Delta[s](13) = 0.041601,	Delta[s](14) = 0.025799,	Delta[s](15) = 0.041601,	Delta[d](0) = 0.299961,	Delta[d](1) = 0.220669,	Delta[d](2) = 0.224344,	Delta[d](3) = 0.220669,	Delta[d](4) = 0.220669,	Delta[d](5) = 0.203187,	Delta[d](6) = 0.154165,	Delta[d](7) = 0.203187,	Delta[d](8) = 0.224344,	Delta[d](9) = 0.154165,	Delta[d](10) = 0.0693004,	Delta[d](11) = 0.154165,	Delta[d](12) = 0.220669,	Delta[d](13) = 0.203187,	Delta[d](14) = 0.154165,	Delta[d](15) = 0.203187,	Delta[s+](0) = 0.595318,	Delta[s+](1) = 0.445346,	Delta[s+](2) = 0.224344,	Delta[s+](3) = 0.445346,	Delta[s+](4) = 0.445346,	Delta[s+](5) = 0.31586,	Delta[s+](6) = 0.146657,	Delta[s+](7) = 0.31586,	Delta[s+](8) = 0.224344,	Delta[s+](9) = 0.146657,	Delta[s+](10) = 0.0521761,	Delta[s+](11) = 0.146657,	Delta[s+](12) = 0.445346,	Delta[s+](13) = 0.31586,	Delta[s+](14) = 0.146657,	Delta[s+](15) = 0.31586
The 0-th iteration is completed.	|| time cost : 0h 4m 2.987s
********************************************************************************************************************
Start the 1 rounds of NGS-ED iteration
	effective electronic model is modified as: kinetic energy t = 0.911398
	                                           effective interaction Vq = [-1.92269,-1.57996,-1.37079,-1.57996,-1.57996,-1.41703, -1.2916,-1.41703,-1.37079, -1.2916,-1.22362, -1.2916,-1.57996,-1.41703, -1.2916,-1.41703]
	PARPACK diagonalization completed after 60 matrix-vector product operations.
	iteration results: : total energy is -36.821061 | electron energy -36.843053 + phonon energy 0.021992 | electron momentum kIdx = 0
The 1-th iteration is completed.	|| time cost : 0h 0m 27.303s
********************************************************************************************************************
Start the 2 rounds of NGS-ED iteration
	effective electronic model is modified as: kinetic energy t = 0.9104
	                                           effective interaction Vq = [-1.96524,-1.60864,-1.37724,-1.60864,-1.60864,-1.42733,-1.29135,-1.42733,-1.37724,-1.29135,-1.21921,-1.29135,-1.60864,-1.42733,-1.29135,-1.42733]
	PARPACK diagonalization completed after 45 matrix-vector product operations.
	iteration results: : total energy is -37.345557 | electron energy -37.374795 + phonon energy 0.029237 | electron momentum kIdx = 0
The 2-th iteration is completed.	|| time cost : 0h 0m 24.443s
********************************************************************************************************************
Start the 3 rounds of NGS-ED iteration
	effective electronic model is modified as: kinetic energy t = 0.909662
	                                           effective interaction Vq = [-1.98436,-1.62379,-1.38127,-1.62379,-1.62379, -1.4332,-1.29284, -1.4332,-1.38127,-1.29284,-1.21937,-1.29284,-1.62379, -1.4332,-1.29284, -1.4332]
	PARPACK diagonalization completed after 45 matrix-vector product operations.
	iteration results: : total energy is -37.580662 | electron energy -37.613768 + phonon energy 0.033106 | electron momentum kIdx = 0
The 3-th iteration is completed.	|| time cost : 0h 0m 24.443s
********************************************************************************************************************
Start the 4 rounds of NGS-ED iteration
	effective electronic model is modified as: kinetic energy t = 0.909198
	                                           effective interaction Vq = [-1.99295,-1.63192,-1.38363,-1.63192,-1.63192,-1.43648,-1.29415,-1.43648,-1.38363,-1.29415,-1.22022,-1.29415,-1.63192,-1.43648,-1.29415,-1.43648]
	PARPACK diagonalization completed after 45 matrix-vector product operations.
	iteration results: : total energy is -37.686157 | electron energy -37.721290 + phonon energy 0.035133 | electron momentum kIdx = 0
The 4-th iteration is completed.	|| time cost : 0h 0m 24.448s
********************************************************************************************************************
Start the 5 rounds of NGS-ED iteration
	effective electronic model is modified as: kinetic energy t = 0.908927
	                                           effective interaction Vq = [-1.99681,-1.63632,-1.38496,-1.63632,-1.63632,-1.43828,-1.29502,-1.43828,-1.38496,-1.29502,-1.22089,-1.29502,-1.63632,-1.43828,-1.29502,-1.43828]
	PARPACK diagonalization completed after 45 matrix-vector product operations.
	iteration results: : total energy is -37.733519 | electron energy -37.769716 + phonon energy 0.036196 | electron momentum kIdx = 0
The 5-th iteration is completed.	|| time cost : 0h 0m 24.499s
********************************************************************************************************************
Start the 6 rounds of NGS-ED iteration
	effective electronic model is modified as: kinetic energy t = 0.908774
	                                           effective interaction Vq = [-1.99855,-1.63872,-1.38569,-1.63872,-1.63872,-1.43925,-1.29554,-1.43925,-1.38569,-1.29554,-1.22132,-1.29554,-1.63872,-1.43925,-1.29554,-1.43925]
	PARPACK diagonalization completed after 45 matrix-vector product operations.
	iteration results: : total energy is -37.754789 | electron energy -37.791546 + phonon energy 0.036757 | electron momentum kIdx = 0
The 6-th iteration is completed.	|| time cost : 0h 0m 24.5s
********************************************************************************************************************
Start the 7 rounds of NGS-ED iteration
	effective electronic model is modified as: kinetic energy t = 0.908689
	                                           effective interaction Vq = [-1.99933,-1.64003,-1.38608,-1.64003,-1.64003,-1.43978,-1.29583,-1.43978,-1.38608,-1.29583,-1.22156,-1.29583,-1.64003,-1.43978,-1.29583,-1.43978]
	PARPACK diagonalization completed after 30 matrix-vector product operations.
	iteration results: : total energy is -37.764343 | electron energy -37.801397 + phonon energy 0.037054 | electron momentum kIdx = 0
The 7-th iteration is completed.	|| time cost : 0h 0m 21.675s
********************************************************************************************************************
Start the 8 rounds of NGS-ED iteration
	effective electronic model is modified as: kinetic energy t = 0.908643
	                                           effective interaction Vq = [-1.99968,-1.64074, -1.3863,-1.64074,-1.64074,-1.44006,-1.29599,-1.44006, -1.3863,-1.29599, -1.2217,-1.29599,-1.64074,-1.44006,-1.29599,-1.44006]
	PARPACK diagonalization completed after 30 matrix-vector product operations.
	iteration results: : total energy is -37.768635 | electron energy -37.805846 + phonon energy 0.037212 | electron momentum kIdx = 0
The 8-th iteration is completed.	|| time cost : 0h 0m 21.679s
********************************************************************************************************************
Start the 9 rounds of NGS-ED iteration
	effective electronic model is modified as: kinetic energy t = 0.908617
	                                           effective interaction Vq = [-1.99983,-1.64114,-1.38641,-1.64114,-1.64114,-1.44021,-1.29608,-1.44021,-1.38641,-1.29608,-1.22178,-1.29608,-1.64114,-1.44021,-1.29608,-1.44021]
	PARPACK diagonalization completed after 30 matrix-vector product operations.
	iteration results: : total energy is -37.770563 | electron energy -37.807859 + phonon energy 0.037296 | electron momentum kIdx = 0
The 9-th iteration is completed.	|| time cost : 0h 0m 21.684s
********************************************************************************************************************
Start the 10 rounds of NGS-ED iteration
	effective electronic model is modified as: kinetic energy t = 0.908604
	                                           effective interaction Vq = [ -1.9999,-1.64135,-1.38647,-1.64135,-1.64135,-1.44029,-1.29612,-1.44029,-1.38647,-1.29612,-1.22182,-1.29612,-1.64135,-1.44029,-1.29612,-1.44029]
	PARPACK diagonalization completed after 30 matrix-vector product operations.
	iteration results: : total energy is -37.771429 | electron energy -37.808770 + phonon energy 0.037341 | electron momentum kIdx = 0
The 10-th iteration is completed.	|| time cost : 0h 0m 21.636s
********************************************************************************************************************
Start the 11 rounds of NGS-ED iteration
	effective electronic model is modified as: kinetic energy t = 0.908596
	                                           effective interaction Vq = [-1.99994,-1.64147, -1.3865,-1.64147,-1.64147,-1.44034,-1.29615,-1.44034, -1.3865,-1.29615,-1.22184,-1.29615,-1.64147,-1.44034,-1.29615,-1.44034]
	PARPACK diagonalization completed after 30 matrix-vector product operations.
	iteration results: : total energy is -37.771818 | electron energy -37.809184 + phonon energy 0.037365 | electron momentum kIdx = 0
The 11-th iteration is completed.	|| time cost : 0h 0m 21.788s
********************************************************************************************************************
Start the 12 rounds of NGS-ED iteration
	effective electronic model is modified as: kinetic energy t = 0.908592
	                                           effective interaction Vq = [-1.99995,-1.64154,-1.38652,-1.64154,-1.64154,-1.44036,-1.29616,-1.44036,-1.38652,-1.29616,-1.22185,-1.29616,-1.64154,-1.44036,-1.29616,-1.44036]
	PARPACK diagonalization completed after 30 matrix-vector product operations.
	iteration results: : total energy is -37.771993 | electron energy -37.809371 + phonon energy 0.037378 | electron momentum kIdx = 0
	Nq(0) = 12.25,	Nq(1) = 0.158088,	Nq(2) = 0.185608,	Nq(3) = 0.158088,	Nq(4) = 0.158088,	Nq(5) = 0.204142,	Nq(6) = 0.234457,	Nq(7) = 0.204142,	Nq(8) = 0.185608,	Nq(9) = 0.234457,	Nq(10) = 0.272946,	Nq(11) = 0.234457,	Nq(12) = 0.158088,	Nq(13) = 0.204142,	Nq(14) = 0.234457,	Nq(15) = 0.204142,	Sq(0) = 1.39052e-17,	Sq(1) = 0.470609,	Sq(2) = 0.764825,	Sq(3) = 0.470609,	Sq(4) = 0.470609,	Sq(5) = 0.62959,	Sq(6) = 1.05495,	Sq(7) = 0.62959,	Sq(8) = 0.764825,	Sq(9) = 1.05495,	Sq(10) = 2.56885,	Sq(11) = 1.05495,	Sq(12) = 0.470609,	Sq(13) = 0.62959,	Sq(14) = 1.05495,	Sq(15) = 0.62959,	N(0) = 1.75652,	N(1) = 1.59455,	N(2) = 0.32011,	N(3) = 1.59455,	N(4) = 1.59455,	N(5) = 0.998738,	N(6) = 0.265941,	N(7) = 0.998738,	N(8) = 0.32011,	N(9) = 0.265941,	N(10) = 0.166347,	N(11) = 0.265941,	N(12) = 1.59455,	N(13) = 0.998738,	N(14) = 0.265941,	N(15) = 0.998738,	Delta[s](0) = 0.0673748,	Delta[s](1) = 0.0535641,	Delta[s](2) = 0.0371741,	Delta[s](3) = 0.0535641,	Delta[s](4) = 0.0535641,	Delta[s](5) = 0.0418096,	Delta[s](6) = 0.0261184,	Delta[s](7) = 0.0418096,	Delta[s](8) = 0.0371741,	Delta[s](9) = 0.0261184,	Delta[s](10) = 0.0127621,	Delta[s](11) = 0.0261184,	Delta[s](12) = 0.0535641,	Delta[s](13) = 0.0418096,	Delta[s](14) = 0.0261184,	Delta[s](15) = 0.0418096,	Delta[d](0) = 0.318231,	Delta[d](1) = 0.233477,	Delta[d](2) = 0.236741,	Delta[d](3) = 0.233477,	Delta[d](4) = 0.233477,	Delta[d](5) = 0.214645,	Delta[d](6) = 0.162778,	Delta[d](7) = 0.214645,	Delta[d](8) = 0.236741,	Delta[d](9) = 0.162778,	Delta[d](10) = 0.0735664,	Delta[d](11) = 0.162778,	Delta[d](12) = 0.233477,	Delta[d](13) = 0.214645,	Delta[d](14) = 0.162778,	Delta[d](15) = 0.214645,	Delta[s+](0) = 0.627243,	Delta[s+](1) = 0.469235,	Delta[s+](2) = 0.236741,	Delta[s+](3) = 0.469235,	Delta[s+](4) = 0.469235,	Delta[s+](5) = 0.332802,	Delta[s+](6) = 0.154827,	Delta[s+](7) = 0.332802,	Delta[s+](8) = 0.236741,	Delta[s+](9) = 0.154827,	Delta[s+](10) = 0.0553661,	Delta[s+](11) = 0.154827,	Delta[s+](12) = 0.469235,	Delta[s+](13) = 0.332802,	Delta[s+](14) = 0.154827,	Delta[s+](15) = 0.332802
The 12-th iteration is completed.	|| time cost : 0h 3m 58.229s
********************************************************************************************************************
********************************************************************************************************************
Ground state is obtained after 13 iterations. The current ground-state energy is -37.772, in which electron energy is -37.8094 and phonon energy is 0.0373784
final variational state is: 
	Gamma_x = [      1,1.03932,1.04691,1.03932,1.03932,1.05215,1.05817,1.05215,1.04691,1.05817, 1.0661,1.05817,1.03932,1.05215,1.05817,1.05215]
	lambda_q = [0.705956,0.407773,0.315489,0.407773,0.407773,0.333071,0.287638,0.333071,0.315489,0.287638,0.266049,0.287638,0.407773,0.333071,0.287638,0.333071]
The effective e-e interactions mediated by phonons are: [1.99996,1.64157,1.38653,1.64157,1.64157,1.44037,1.29617,1.44037,1.38653,1.29617,1.22186,1.29617,1.64157,1.44037,1.29617,1.44037]
The real-space interactions mediated by phonons are: [ -23.5073, -1.18116,-0.103334, -0.31006, -1.46891,-0.683924,-0.103334,-0.278575,-0.233378,-0.278575,-0.103334,-0.683924, -1.46891, -0.31006,-0.103334, -1.18116]
********************************************************************************************************************
o___o  ----------------------------------------
| L |	Time since last clock: 0h 0m 0.201s
A===A	Time since the beginning: 0h 39m 46.679s
***********************************************

