SNEDics v3.22.2 Non-Gaussian ED ground state program		Start at Fri May 27 03:14:42 2022

Parallelization: 32 MPI threads  * 8 OpenMP threads = 256 total threads.
********************************************************************************************************************
********************************************************************************************************************

********************************************************************************************************************
System parameters and configurations
	special program options are enabled: splitted diagonal Hamiltonian | splitted Hamiltonian terms
********************************************************************************************************************
Read input file "model_params.in"
	Hubbard-Holstein model parameters : 	t = 1    t' = -0.3    U = 8    g = 0.45    W = 0.2    g' = 0.1    
********************************************************************************************************************
Read input file "hilbertspace_params.in"
	Requested 16-site 2D lattice, with 12 electrons (6, 6)
	Boundary : Periodic		Hilbert space representation : momentum-space (restricted to kIdx = 0)
	Conservation: particle number[U(1)]      spin[U(1)]     momentum
********************************************************************************************************************

Cluster Positions:				Cluster symmetry group : D4
 x ... x ... x ... x .....                       x ... x ... x ... x .....
 |           |           :                       |           |           :
 |           |           :                       |           |           :
12    13    14    15     x                       1     5     6     5     x
 |           |           :                       |           |           :
 |           |           :                       |           |           :
 8 --- 9 ---10 ---11 --- x                       2 --- 6 ---10 --- 6 --- x
 |           |           :                       |           |           :
 |           |           :                       |           |           :
 4     5     6     7     x                       1     5     6     5     x
 |           |           :                       |           |           :
 |           |           :                       |           |           :
 0 --- 1 --- 2 --- 3 --- x                       0 --- 1 --- 2 --- 1 --- x
orbital number : 1
********************************************************************************************************************
Read input file "obs_params.in"
	Observable Type : Nq(All),   Sq(All),   N(All-Orbital),   Delta[s](All),   Delta[d](All),   Delta[s+](All)
** WARNING ** the input observables have non-local factors which have been reinterpreted. The total observable number is 96
********************************************************************************************************************


********************************************************************************************************************
Start calculating the non-Gaussian ED ground state
Maximal iteration number is 1000; energy resolution is 1e-06. Phonon state relaxation time is 2000
W = 0.2 is relatively large. The non-Gaussian ED calculation starts directly.
open output files: NGSED_iteration_observables.txt
********************************************************************************************************************
Start the 0 rounds of NGS-ED iteration
	effective electronic model is modified as: kinetic energy t = 1, t' = -0.3
	                                           effective interaction Vq = [0,0,0,0,0,0,0,0,0,0,0,0,0,0,0,0]
	first Hamiltonian is constructed, size = 4008592 and non-zero numbers = 969952250
	PARPACK diagonalization completed after 135 matrix-vector product operations.
	iteration results: : total energy is -15.091341 | electron energy -15.091341 + phonon energy 0.000000 | electron momentum kIdx = 0
	Nq(0) = 9,	Nq(1) = 0.182775,	Nq(2) = 0.248843,	Nq(3) = 0.182775,	Nq(4) = 0.182775,	Nq(5) = 0.263236,	
	Nq(6) = 0.307436,	Nq(7) = 0.263236,	Nq(8) = 0.248843,	Nq(9) = 0.307436,	Nq(10) = 0.356784,	
	Nq(11) = 0.307436,	Nq(12) = 0.182775,	Nq(13) = 0.263236,	Nq(14) = 0.307436,	Nq(15) = 0.263236;	
	Sq(0) = 2.57275e-18,	Sq(1) = 0.523525,	Sq(2) = 0.451304,	Sq(3) = 0.523525,	Sq(4) = 0.523525,	
	Sq(5) = 0.707557,	Sq(6) = 1.00669,	Sq(7) = 0.707557,	Sq(8) = 0.451304,	Sq(9) = 1.00669,	
	Sq(10) = 1.27807,	Sq(11) = 1.00669,	Sq(12) = 0.523525,	Sq(13) = 0.707557,	Sq(14) = 1.00669,	
	Sq(15) = 0.707557;	N(0) = 1.72657,	N(1) = 1.59708,	N(2) = 1.0703,	N(3) = 1.59708,	
	N(4) = 1.59708,	N(5) = 0.264255,	N(6) = 0.153085,	N(7) = 0.264255,	N(8) = 1.0703,	
	N(9) = 0.153085,	N(10) = 0.0751403,	N(11) = 0.153085,	N(12) = 1.59708,	N(13) = 0.264255,	
	N(14) = 0.153085,	N(15) = 0.264255;	Delta[s](0) = 0.0612734,	Delta[s](1) = 0.0409654,	Delta[s](2) = 0.0330522,	
	Delta[s](3) = 0.0409654,	Delta[s](4) = 0.0409654,	Delta[s](5) = 0.0228795,	Delta[s](6) = 0.0122957,	Delta[s](7) = 0.0228795,	
	Delta[s](8) = 0.0330522,	Delta[s](9) = 0.0122957,	Delta[s](10) = 0.00218788,	Delta[s](11) = 0.0122957,	Delta[s](12) = 0.0409654,	
	Delta[s](13) = 0.0228795,	Delta[s](14) = 0.0122957,	Delta[s](15) = 0.0228795;	Delta[d](0) = 0.529492,	Delta[d](1) = 0.257282,	
	Delta[d](2) = 0.264236,	Delta[d](3) = 0.257282,	Delta[d](4) = 0.257282,	Delta[d](5) = 0.141939,	Delta[d](6) = 0.158841,	
	Delta[d](7) = 0.141939,	Delta[d](8) = 0.264236,	Delta[d](9) = 0.158841,	Delta[d](10) = 0.109446,	Delta[d](11) = 0.158841,	
	Delta[d](12) = 0.257282,	Delta[d](13) = 0.141939,	Delta[d](14) = 0.158841,	Delta[d](15) = 0.141939;	Delta[s+](0) = 0.514601,	
	Delta[s+](1) = 0.354063,	Delta[s+](2) = 0.264236,	Delta[s+](3) = 0.354063,	Delta[s+](4) = 0.354063,	Delta[s+](5) = 0.15536,	
	Delta[s+](6) = 0.0656993,	Delta[s+](7) = 0.15536,	Delta[s+](8) = 0.264236,	Delta[s+](9) = 0.0656993,	Delta[s+](10) = 0.0132432,	
	Delta[s+](11) = 0.0656993,	Delta[s+](12) = 0.354063,	Delta[s+](13) = 0.15536,	Delta[s+](14) = 0.0656993,	Delta[s+](15) = 0.15536
	
The 0-th iteration is completed.	|| time cost : 0h 2m 5.116s
********************************************************************************************************************
Start the 1 rounds of NGS-ED iteration
	effective electronic model is modified as: kinetic energy t = 0.989718, t' = -0.294955
	                                           effective interaction Vq = [     -3.6125,   -0.305537,  -0.0893549,   -0.305537,   -0.305537,  -0.0975298,  -0.0220007,  -0.0975298,  -0.0893549,  -0.0220007,-0.000758799,  -0.0220007,   -0.305537,  -0.0975298,  -0.0220007,  -0.0975298]
	PARPACK diagonalization completed after 60 matrix-vector product operations.
	iteration results: : total energy is -47.792911 | electron energy -47.811576 + phonon energy 0.018665 | electron momentum kIdx = 0
The 1-th iteration is completed.	|| time cost : 0h 1m 20.092s
********************************************************************************************************************
Start the 2 rounds of NGS-ED iteration
	effective electronic model is modified as: kinetic energy t = 0.989321, t' = -0.294717
	                                           effective interaction Vq = [     -3.6125,   -0.319038,  -0.0886924,   -0.319038,   -0.319038,  -0.0978031,  -0.0218202,  -0.0978031,  -0.0886924,  -0.0218202,-0.000751766,  -0.0218202,   -0.319038,  -0.0978031,  -0.0218202,  -0.0978031]
	PARPACK diagonalization completed after 45 matrix-vector product operations.
	iteration results: : total energy is -47.793068 | electron energy -47.813952 + phonon energy 0.020884 | electron momentum kIdx = 0
The 2-th iteration is completed.	|| time cost : 0h 0m 11.583s
********************************************************************************************************************
Start the 3 rounds of NGS-ED iteration
	effective electronic model is modified as: kinetic energy t = 0.9893, t' = -0.294704
	                                           effective interaction Vq = [     -3.6125,   -0.319795,  -0.0886322,   -0.319795,   -0.319795,    -0.09778,  -0.0218139,    -0.09778,  -0.0886322,  -0.0218139,-0.000751579,  -0.0218139,   -0.319795,    -0.09778,  -0.0218139,    -0.09778]
	PARPACK diagonalization completed after 45 matrix-vector product operations.
	iteration results: : total energy is -47.793069 | electron energy -47.814072 + phonon energy 0.021003 | electron momentum kIdx = 0
The 3-th iteration is completed.	|| time cost : 0h 0m 11.585s
********************************************************************************************************************
Start the 4 rounds of NGS-ED iteration
	effective electronic model is modified as: kinetic energy t = 0.989299, t' = -0.294704
	                                           effective interaction Vq = [     -3.6125,   -0.319838,  -0.0886287,   -0.319838,   -0.319838,  -0.0977783,  -0.0218135,  -0.0977783,  -0.0886287,  -0.0218135,-0.000751569,  -0.0218135,   -0.319838,  -0.0977783,  -0.0218135,  -0.0977783]
	PARPACK diagonalization completed after 30 matrix-vector product operations.
	iteration results: : total energy is -47.793069 | electron energy -47.814079 + phonon energy 0.021010 | electron momentum kIdx = 0
The 4-th iteration is completed.	|| time cost : 0h 0m 9.646s
********************************************************************************************************************
Start the 5 rounds of NGS-ED iteration
	effective electronic model is modified as: kinetic energy t = 0.989299, t' = -0.294704
	                                           effective interaction Vq = [     -3.6125,   -0.319841,  -0.0886285,   -0.319841,   -0.319841,  -0.0977782,  -0.0218135,  -0.0977782,  -0.0886285,  -0.0218135,-0.000751569,  -0.0218135,   -0.319841,  -0.0977782,  -0.0218135,  -0.0977782]
	PARPACK diagonalization completed after 30 matrix-vector product operations.
	iteration results: : total energy is -47.793069 | electron energy -47.814079 + phonon energy 0.021010 | electron momentum kIdx = 0
The 5-th iteration is completed.	|| time cost : 0h 0m 9.644s
********************************************************************************************************************
Start the 6 rounds of NGS-ED iteration
	effective electronic model is modified as: kinetic energy t = 0.989299, t' = -0.294704
	                                           effective interaction Vq = [     -3.6125,   -0.319841,  -0.0886285,   -0.319841,   -0.319841,  -0.0977782,  -0.0218135,  -0.0977782,  -0.0886285,  -0.0218135,-0.000751568,  -0.0218135,   -0.319841,  -0.0977782,  -0.0218135,  -0.0977782]
	PARPACK diagonalization completed after 30 matrix-vector product operations.
	iteration results: : total energy is -47.793069 | electron energy -47.814079 + phonon energy 0.021010 | electron momentum kIdx = 0
	Nq(0) = 9,	Nq(1) = 0.189068,	Nq(2) = 0.247759,	Nq(3) = 0.189068,	Nq(4) = 0.189068,	Nq(5) = 0.264825,	
	Nq(6) = 0.306252,	Nq(7) = 0.264825,	Nq(8) = 0.247759,	Nq(9) = 0.306252,	Nq(10) = 0.35523,	
	Nq(11) = 0.306252,	Nq(12) = 0.189068,	Nq(13) = 0.264825,	Nq(14) = 0.306252,	Nq(15) = 0.264825;	
	Sq(0) = 4.35686e-18,	Sq(1) = 0.523631,	Sq(2) = 0.452663,	Sq(3) = 0.523631,	Sq(4) = 0.523631,	
	Sq(5) = 0.70024,	Sq(6) = 1.00289,	Sq(7) = 0.70024,	Sq(8) = 0.452663,	Sq(9) = 1.00289,	
	Sq(10) = 1.29632,	Sq(11) = 1.00289,	Sq(12) = 0.523631,	Sq(13) = 0.70024,	Sq(14) = 1.00289,	
	Sq(15) = 0.70024;	N(0) = 1.73152,	N(1) = 1.60818,	N(2) = 1.06427,	N(3) = 1.60818,	
	N(4) = 1.60818,	N(5) = 0.255571,	N(6) = 0.15208,	N(7) = 0.255571,	N(8) = 1.06427,	
	N(9) = 0.15208,	N(10) = 0.0766323,	N(11) = 0.15208,	N(12) = 1.60818,	N(13) = 0.255571,	
	N(14) = 0.15208,	N(15) = 0.255571;	Delta[s](0) = 0.0628835,	Delta[s](1) = 0.0420747,	Delta[s](2) = 0.0340325,	
	Delta[s](3) = 0.0420747,	Delta[s](4) = 0.0420747,	Delta[s](5) = 0.0235979,	Delta[s](6) = 0.0124743,	Delta[s](7) = 0.0235979,	
	Delta[s](8) = 0.0340325,	Delta[s](9) = 0.0124743,	Delta[s](10) = 0.00212691,	Delta[s](11) = 0.0124743,	Delta[s](12) = 0.0420747,	
	Delta[s](13) = 0.0235979,	Delta[s](14) = 0.0124743,	Delta[s](15) = 0.0235979;	Delta[d](0) = 0.533714,	Delta[d](1) = 0.257872,	
	Delta[d](2) = 0.265539,	Delta[d](3) = 0.257872,	Delta[d](4) = 0.257872,	Delta[d](5) = 0.142108,	Delta[d](6) = 0.158414,	
	Delta[d](7) = 0.142108,	Delta[d](8) = 0.265539,	Delta[d](9) = 0.158414,	Delta[d](10) = 0.105965,	Delta[d](11) = 0.158414,	
	Delta[d](12) = 0.257872,	Delta[d](13) = 0.142108,	Delta[d](14) = 0.158414,	Delta[d](15) = 0.142108;	Delta[s+](0) = 0.519246,	
	Delta[s+](1) = 0.356844,	Delta[s+](2) = 0.265539,	Delta[s+](3) = 0.356844,	Delta[s+](4) = 0.356844,	Delta[s+](5) = 0.156132,	
	Delta[s+](6) = 0.065421,	Delta[s+](7) = 0.156132,	Delta[s+](8) = 0.265539,	Delta[s+](9) = 0.065421,	Delta[s+](10) = 0.0133721,	
	Delta[s+](11) = 0.065421,	Delta[s+](12) = 0.356844,	Delta[s+](13) = 0.156132,	Delta[s+](14) = 0.065421,	Delta[s+](15) = 0.156132
	
The 6-th iteration is completed.	|| time cost : 0h 1m 21.708s
********************************************************************************************************************
********************************************************************************************************************
Ground state is obtained after 7 iterations. The current ground-state energy is -47.7931, in which electron energy is -47.8141 and phonon energy is 0.0210102
Final variational state is: 
	Gamma_x = [      1,1.33114,1.11302,1.33114,1.33114,1.13411,1.03334,1.13411,1.11302,1.03334,1.00132,1.03334,1.33114,1.13411,1.03334,1.13411]
	lambda_q = [      4.25,  0.256123,  0.100731,  0.256123,  0.256123,    0.1114, 0.0444161,    0.1114,  0.100731, 0.0444161,0.00763219, 0.0444161,  0.256123,    0.1114, 0.0444161,    0.1114]
Effective e-e interactions mediated by phonons are:
	momentum-space Vq = [     -3.6125,   -0.319841,  -0.0886285,   -0.319841,   -0.319841,  -0.0977782,  -0.0218135,  -0.0977782,  -0.0886285,  -0.0218135,-0.000751568,  -0.0218135,   -0.319841,  -0.0977782,  -0.0218135,  -0.0977782]
	real-space Vr = [-0.346765,-0.262988,-0.212462,-0.262988,-0.262988, -0.21475,-0.188481, -0.21475,-0.212462,-0.188481,-0.175938,-0.188481,-0.262988, -0.21475,-0.188481, -0.21475]
********************************************************************************************************************
o___o  ----------------------------------------
| L |	Time since last clock: 0h 0m 0.009s
A===A	Time since the beginning: 0h 5m 29.385s
***********************************************


Non-Gaussina ED ground state calculation is completed. The final ground-state energy is -47.7931
********************************************************************************************************************
o___o  ----------------------------------------
| L |	Time since last clock: 0h 0m 0.01s
A===A	Time since the beginning: 0h 5m 29.396s
***********************************************



********************************************************************************************************************
All non-Gaussian ED ground state calculations have been completed. Exit now.
