SNEDics v3.4 Non-Gaussian ED ground state program		Start at Tue Oct  1 12:54:28 2019

parallized on 16 MPI threads  * 8 OpenMP threads = 128 total threads.
********************************************************************************************************************
********************************************************************************************************************

********************************************************************************************************************
System parameters and configurations
********************************************************************************************************************
Special program options are enabled: splitted diagonal Hamiltonian
********************************************************************************************************************
Read input file "model_params.in"
	Hubbard-Holstein model parameters : 	t = 1    U = 4.6    g = 4.062    W = 5    
********************************************************************************************************************
Read input file "hilbertspace_params.in"
	Requested 16-site 2D lattice, with 16 electrons (8, 8)
	Boundary : Periodic		Hilbert space representation : momentum-space (restricted to kIdx = 0)
	Conservation: particle number[U(1)]      spin[U(1)]     momentum
********************************************************************************************************************

Cluster Positions:				Cluster symmetry group : D4
 x ... x ... x ... x .....                       x ... x ... x ... x .....
 |           |           :                       |           |           :
 |           |           :                       |           |           :
12    13    14    15     x                       1     5     6     5     x
 |           |           :                       |           |           :
 |           |           :                       |           |           :
 8 --- 9 ---10 ---11 --- x                       2 --- 6 ---10 --- 6 --- x
 |           |           :                       |           |           :
 |           |           :                       |           |           :
 4     5     6     7     x                       1     5     6     5     x
 |           |           :                       |           |           :
 |           |           :                       |           |           :
 0 --- 1 --- 2 --- 3 --- x                       0 --- 1 --- 2 --- 1 --- x
orbital number : 1
********************************************************************************************************************
Read input file "obs_params.in"
	Observable Type : Nq(All),   Sq(All),   N(All),   Delta[s](All),   Delta[d](All),   Delta[s+](All)
********************************************************************************************************************
** WARNING ** the input observables have non-local factors which have been reinterpreted. The total observable number is 96
********************************************************************************************************************


********************************************************************************************************************
Start calculating the non-Gaussian ED ground state
** WARNING ** Detected low phonon energy W < 10. The initial state will be prepared through a warm-up process.
********************************************************************************************************************
Start warm-up calculation for scaling factor 2
open output files: NGSEDWarmUpW10Obs.txt
********************************************************************************************************************
Start the 0 rounds of NGS-ED iteration
	effective electronic model is modified as: kinetic energy t = 1
	                                           effective interaction Vq = [-0,-0,-0,-0,-0,-0,-0,-0,-0,-0,-0,-0,-0,-0,-0,-0]
	first Hamiltonian is constructed, non-zero numbers = 2845383612
	PARPACK diagonalization completed after 90 matrix-vector product operations.
	iteration results: : total energy is -12.575455 | electron energy -12.575455 + phonon energy 0.000000 | electron momentum kIdx = 0
	Nq(0) = 16,	Nq(1) = 0.136962,	Nq(2) = 0.210041,	Nq(3) = 0.136962,	Nq(4) = 0.136962,	Nq(5) = 0.210041,	Nq(6) = 0.284902,	Nq(7) = 0.210041,	Nq(8) = 0.210041,	Nq(9) = 0.284902,	Nq(10) = 0.348956,	Nq(11) = 0.284902,	Nq(12) = 0.136962,	Nq(13) = 0.210041,	Nq(14) = 0.284902,	Nq(15) = 0.210041,	Sq(0) = -2.72541e-19,	Sq(1) = 0.427514,	Sq(2) = 0.627928,	Sq(3) = 0.427514,	Sq(4) = 0.427514,	Sq(5) = 0.627928,	Sq(6) = 0.826781,	Sq(7) = 0.627928,	Sq(8) = 0.627928,	Sq(9) = 0.826781,	Sq(10) = 3.91859,	Sq(11) = 0.826781,	Sq(12) = 0.427514,	Sq(13) = 0.627928,	Sq(14) = 0.826781,	Sq(15) = 0.627928,	N(0) = 1.91074,	N(1) = 1.80449,	N(2) = 1,	N(3) = 1.80449,	N(4) = 1.80449,	N(5) = 1,	N(6) = 0.195511,	N(7) = 1,	N(8) = 1,	N(9) = 0.195511,	N(10) = 0.0892559,	N(11) = 0.195511,	N(12) = 1.80449,	N(13) = 1,	N(14) = 0.195511,	N(15) = 1,	Delta[s](0) = 0.154431,	Delta[s](1) = 0.131359,	Delta[s](2) = 0.104453,	Delta[s](3) = 0.131359,	Delta[s](4) = 0.131359,	Delta[s](5) = 0.104453,	Delta[s](6) = 0.0781438,	Delta[s](7) = 0.104453,	Delta[s](8) = 0.104453,	Delta[s](9) = 0.0781438,	Delta[s](10) = 0.0291722,	Delta[s](11) = 0.0781438,	Delta[s](12) = 0.131359,	Delta[s](13) = 0.104453,	Delta[s](14) = 0.0781438,	Delta[s](15) = 0.104453,	Delta[d](0) = 0.560514,	Delta[d](1) = 0.394749,	Delta[d](2) = 0.313675,	Delta[d](3) = 0.394749,	Delta[d](4) = 0.394749,	Delta[d](5) = 0.329037,	Delta[d](6) = 0.237302,	Delta[d](7) = 0.329037,	Delta[d](8) = 0.313675,	Delta[d](9) = 0.237302,	Delta[d](10) = 0.109495,	Delta[d](11) = 0.237302,	Delta[d](12) = 0.394749,	Delta[d](13) = 0.329037,	Delta[d](14) = 0.237302,	Delta[d](15) = 0.329037,	Delta[s+](0) = 0.594789,	Delta[s+](1) = 0.471549,	Delta[s+](2) = 0.313675,	Delta[s+](3) = 0.471549,	Delta[s+](4) = 0.471549,	Delta[s+](5) = 0.313675,	Delta[s+](6) = 0.162313,	Delta[s+](7) = 0.313675,	Delta[s+](8) = 0.313675,	Delta[s+](9) = 0.162313,	Delta[s+](10) = 0.044486,	Delta[s+](11) = 0.162313,	Delta[s+](12) = 0.471549,	Delta[s+](13) = 0.313675,	Delta[s+](14) = 0.162313,	Delta[s+](15) = 0.313675
The 0-th iteration is completed.	|| time cost : 0h 8m 32.44s
********************************************************************************************************************
Start the 1 rounds of NGS-ED iteration
	effective electronic model is modified as: kinetic energy t = 0.920708
	                                           effective interaction Vq = [-2.85337,-2.57696,-2.49701,-2.57696,-2.57696,-2.49701,-2.46269,-2.49701,-2.49701,-2.46269,-2.43149,-2.46269,-2.57696,-2.49701,-2.46269,-2.49701]
	PARPACK diagonalization completed after 75 matrix-vector product operations.
	iteration results: : total energy is -69.557344 | electron energy -69.563094 + phonon energy 0.005750 | electron momentum kIdx = 0
The 1-th iteration is completed.	|| time cost : 0h 7m 49.49s
********************************************************************************************************************
Start the 2 rounds of NGS-ED iteration
	effective electronic model is modified as: kinetic energy t = 0.845703
	                                           effective interaction Vq = [-3.23953,  -3.111,-3.09145,  -3.111,  -3.111,-3.09145,-3.00476,-3.09145,-3.09145,-3.00476,-3.01148,-3.00476,  -3.111,-3.09145,-3.00476,-3.09145]
	PARPACK diagonalization completed after 60 matrix-vector product operations.
	iteration results: : total energy is -79.613167 | electron energy -79.667457 + phonon energy 0.054290 | electron momentum kIdx = 0
The 2-th iteration is completed.	|| time cost : 0h 0m 36.754s
********************************************************************************************************************
Start the 3 rounds of NGS-ED iteration
	effective electronic model is modified as: kinetic energy t = 0.813736
	                                           effective interaction Vq = [-3.29179, -3.2206,-3.21146, -3.2206, -3.2206,-3.21146,-3.13856,-3.21146,-3.21146,-3.13856,-3.17096,-3.13856, -3.2206,-3.21146,-3.13856,-3.21146]
	PARPACK diagonalization completed after 45 matrix-vector product operations.
	iteration results: : total energy is -81.033154 | electron energy -81.130833 + phonon energy 0.097679 | electron momentum kIdx = 0
The 3-th iteration is completed.	|| time cost : 0h 0m 32.151s
********************************************************************************************************************
Start the 4 rounds of NGS-ED iteration
	effective electronic model is modified as: kinetic energy t = 0.801557
	                                           effective interaction Vq = [-3.29886,-3.24794,-3.23646,-3.24794,-3.24794,-3.23646,  -3.178,-3.23646,-3.23646,  -3.178,-3.23954,  -3.178,-3.24794,-3.23646,  -3.178,-3.23646]
	PARPACK diagonalization completed after 45 matrix-vector product operations.
	iteration results: : total energy is -81.273200 | electron energy -81.392088 + phonon energy 0.118888 | electron momentum kIdx = 0
The 4-th iteration is completed.	|| time cost : 0h 0m 32.053s
********************************************************************************************************************
Start the 5 rounds of NGS-ED iteration
	effective electronic model is modified as: kinetic energy t = 0.801331
	                                           effective interaction Vq = [-3.29982,-3.25003,-3.21896,-3.25003,-3.25003,-3.21896,-3.18152,-3.21896,-3.21896,-3.18152,-3.27811,-3.18152,-3.25003,-3.21896,-3.18152,-3.21896]
	PARPACK diagonalization completed after 45 matrix-vector product operations.
	iteration results: : total energy is -81.404699 | electron energy -81.530679 + phonon energy 0.125980 | electron momentum kIdx = 0
The 5-th iteration is completed.	|| time cost : 0h 0m 32.089s
********************************************************************************************************************
Start the 6 rounds of NGS-ED iteration
	effective electronic model is modified as: kinetic energy t = 0.808498
	                                           effective interaction Vq = [-3.29995,-3.23933,-3.17171,-3.23933,-3.23933,-3.17171,-3.16613,-3.17171,-3.17171,-3.16613,-3.29065,-3.16613,-3.23933,-3.17171,-3.16613,-3.17171]
	PARPACK diagonalization completed after 45 matrix-vector product operations.
	iteration results: : total energy is -81.474817 | electron energy -81.598782 + phonon energy 0.123964 | electron momentum kIdx = 0
The 6-th iteration is completed.	|| time cost : 0h 0m 32.122s
********************************************************************************************************************
Start the 7 rounds of NGS-ED iteration
	effective electronic model is modified as: kinetic energy t = 0.813218
	                                           effective interaction Vq = [-3.29997,-3.22956,-3.14046,-3.22956,-3.22956,-3.14046,-3.15276,-3.14046,-3.14046,-3.15276,-3.29411,-3.15276,-3.22956,-3.14046,-3.15276,-3.14046]
	PARPACK diagonalization completed after 30 matrix-vector product operations.
	iteration results: : total energy is -81.491912 | electron energy -81.612307 + phonon energy 0.120395 | electron momentum kIdx = 0
The 7-th iteration is completed.	|| time cost : 0h 0m 27.527s
********************************************************************************************************************
Start the 8 rounds of NGS-ED iteration
	effective electronic model is modified as: kinetic energy t = 0.815526
	                                           effective interaction Vq = [-3.29997,-3.22363,-3.12578,-3.22363,-3.22363,-3.12578,-3.14486,-3.12578,-3.12578,-3.14486,-3.29519,-3.14486,-3.22363,-3.12578,-3.14486,-3.12578]
	PARPACK diagonalization completed after 30 matrix-vector product operations.
	iteration results: : total energy is -81.495257 | electron energy -81.613278 + phonon energy 0.118020 | electron momentum kIdx = 0
The 8-th iteration is completed.	|| time cost : 0h 0m 27.413s
********************************************************************************************************************
Start the 9 rounds of NGS-ED iteration
	effective electronic model is modified as: kinetic energy t = 0.816597
	                                           effective interaction Vq = [-3.29997,-3.22049,-3.11941,-3.22049,-3.22049,-3.11941,-3.14071,-3.11941,-3.11941,-3.14071,-3.29557,-3.14071,-3.22049,-3.11941,-3.14071,-3.11941]
	PARPACK diagonalization completed after 30 matrix-vector product operations.
	iteration results: : total energy is -81.495904 | electron energy -81.612658 + phonon energy 0.116754 | electron momentum kIdx = 0
The 9-th iteration is completed.	|| time cost : 0h 0m 27.46s
********************************************************************************************************************
Start the 10 rounds of NGS-ED iteration
	effective electronic model is modified as: kinetic energy t = 0.817088
	                                           effective interaction Vq = [-3.29997,-3.21893, -3.1167,-3.21893,-3.21893, -3.1167,-3.13865, -3.1167, -3.1167,-3.13865,-3.29572,-3.13865,-3.21893, -3.1167,-3.13865, -3.1167]
	PARPACK diagonalization completed after 30 matrix-vector product operations.
	iteration results: : total energy is -81.496032 | electron energy -81.612161 + phonon energy 0.116129 | electron momentum kIdx = 0
	Nq(0) = 16,	Nq(1) = 0.301023,	Nq(2) = 0.357785,	Nq(3) = 0.301023,	Nq(4) = 0.301023,	Nq(5) = 0.357785,	Nq(6) = 0.5702,	Nq(7) = 0.357785,	Nq(8) = 0.357785,	Nq(9) = 0.5702,	Nq(10) = 5.54383,	Nq(11) = 0.5702,	Nq(12) = 0.301023,	Nq(13) = 0.357785,	Nq(14) = 0.5702,	Nq(15) = 0.357785,	Sq(0) = 1.19623e-18,	Sq(1) = 0.223499,	Sq(2) = 0.294252,	Sq(3) = 0.223499,	Sq(4) = 0.223499,	Sq(5) = 0.294252,	Sq(6) = 0.418906,	Sq(7) = 0.294252,	Sq(8) = 0.294252,	Sq(9) = 0.418906,	Sq(10) = 0.489437,	Sq(11) = 0.418906,	Sq(12) = 0.223499,	Sq(13) = 0.294252,	Sq(14) = 0.418906,	Sq(15) = 0.294252,	N(0) = 1.97346,	N(1) = 1.92989,	N(2) = 1,	N(3) = 1.92989,	N(4) = 1.92989,	N(5) = 1,	N(6) = 0.0701074,	N(7) = 1,	N(8) = 1,	N(9) = 0.0701074,	N(10) = 0.0265388,	N(11) = 0.0701074,	N(12) = 1.92989,	N(13) = 1,	N(14) = 0.0701074,	N(15) = 1,	Delta[s](0) = 0.503668,	Delta[s](1) = 0.372813,	Delta[s](2) = 0.353282,	Delta[s](3) = 0.372813,	Delta[s](4) = 0.372813,	Delta[s](5) = 0.353282,	Delta[s](6) = 0.302132,	Delta[s](7) = 0.353282,	Delta[s](8) = 0.353282,	Delta[s](9) = 0.302132,	Delta[s](10) = 0.26457,	Delta[s](11) = 0.302132,	Delta[s](12) = 0.372813,	Delta[s](13) = 0.353282,	Delta[s](14) = 0.302132,	Delta[s](15) = 0.353282,	Delta[d](0) = 0.210217,	Delta[d](1) = 0.198449,	Delta[d](2) = 0.201942,	Delta[d](3) = 0.198449,	Delta[d](4) = 0.198449,	Delta[d](5) = 0.134822,	Delta[d](6) = 0.16039,	Delta[d](7) = 0.134822,	Delta[d](8) = 0.201942,	Delta[d](9) = 0.16039,	Delta[d](10) = 0.0594464,	Delta[d](11) = 0.16039,	Delta[d](12) = 0.198449,	Delta[d](13) = 0.134822,	Delta[d](14) = 0.16039,	Delta[d](15) = 0.134822,	Delta[s+](0) = 0.38966,	Delta[s+](1) = 0.310189,	Delta[s+](2) = 0.201942,	Delta[s+](3) = 0.310189,	Delta[s+](4) = 0.310189,	Delta[s+](5) = 0.201942,	Delta[s+](6) = 0.091378,	Delta[s+](7) = 0.201942,	Delta[s+](8) = 0.201942,	Delta[s+](9) = 0.091378,	Delta[s+](10) = 0.0332274,	Delta[s+](11) = 0.091378,	Delta[s+](12) = 0.310189,	Delta[s+](13) = 0.201942,	Delta[s+](14) = 0.091378,	Delta[s+](15) = 0.201942
The 10-th iteration is completed.	|| time cost : 0h 4m 51.216s
********************************************************************************************************************
Start the 11 rounds of NGS-ED iteration
	effective electronic model is modified as: kinetic energy t = 0.817312
	                                           effective interaction Vq = [-3.29997,-3.21818,-3.11554,-3.21818,-3.21818,-3.11554,-3.13765,-3.11554,-3.11554,-3.13765,-3.29577,-3.13765,-3.21818,-3.11554,-3.13765,-3.11554]
	PARPACK diagonalization completed after 30 matrix-vector product operations.
	iteration results: : total energy is -81.496057 | electron energy -81.611889 + phonon energy 0.115832 | electron momentum kIdx = 0
The 11-th iteration is completed.	|| time cost : 0h 0m 27.788s
********************************************************************************************************************
Start the 12 rounds of NGS-ED iteration
	effective electronic model is modified as: kinetic energy t = 0.817414
	                                           effective interaction Vq = [-3.29997,-3.21782,-3.11503,-3.21782,-3.21782,-3.11503,-3.13718,-3.11503,-3.11503,-3.13718, -3.2958,-3.13718,-3.21782,-3.11503,-3.13718,-3.11503]
	PARPACK diagonalization completed after 30 matrix-vector product operations.
	iteration results: : total energy is -81.496062 | electron energy -81.611755 + phonon energy 0.115693 | electron momentum kIdx = 0
	Nq(0) = 16,	Nq(1) = 0.300499,	Nq(2) = 0.357377,	Nq(3) = 0.300499,	Nq(4) = 0.300499,	Nq(5) = 0.357377,	Nq(6) = 0.569406,	Nq(7) = 0.357377,	Nq(8) = 0.357377,	Nq(9) = 0.569406,	Nq(10) = 5.55215,	Nq(11) = 0.569406,	Nq(12) = 0.300499,	Nq(13) = 0.357377,	Nq(14) = 0.569406,	Nq(15) = 0.357377,	Sq(0) = 2.72089e-18,	Sq(1) = 0.22343,	Sq(2) = 0.294215,	Sq(3) = 0.22343,	Sq(4) = 0.22343,	Sq(5) = 0.294215,	Sq(6) = 0.418878,	Sq(7) = 0.294215,	Sq(8) = 0.294215,	Sq(9) = 0.418878,	Sq(10) = 0.489453,	Sq(11) = 0.418878,	Sq(12) = 0.22343,	Sq(13) = 0.294215,	Sq(14) = 0.418878,	Sq(15) = 0.294215,	N(0) = 1.97345,	N(1) = 1.92977,	N(2) = 1,	N(3) = 1.92977,	N(4) = 1.92977,	N(5) = 1,	N(6) = 0.0702304,	N(7) = 1,	N(8) = 1,	N(9) = 0.0702304,	N(10) = 0.0265523,	N(11) = 0.0702304,	N(12) = 1.92977,	N(13) = 1,	N(14) = 0.0702304,	N(15) = 1,	Delta[s](0) = 0.503088,	Delta[s](1) = 0.372867,	Delta[s](2) = 0.353311,	Delta[s](3) = 0.372867,	Delta[s](4) = 0.372867,	Delta[s](5) = 0.353311,	Delta[s](6) = 0.302199,	Delta[s](7) = 0.353311,	Delta[s](8) = 0.353311,	Delta[s](9) = 0.302199,	Delta[s](10) = 0.264794,	Delta[s](11) = 0.302199,	Delta[s](12) = 0.372867,	Delta[s](13) = 0.353311,	Delta[s](14) = 0.302199,	Delta[s](15) = 0.353311,	Delta[d](0) = 0.210073,	Delta[d](1) = 0.198292,	Delta[d](2) = 0.201854,	Delta[d](3) = 0.198292,	Delta[d](4) = 0.198292,	Delta[d](5) = 0.134674,	Delta[d](6) = 0.160221,	Delta[d](7) = 0.134674,	Delta[d](8) = 0.201854,	Delta[d](9) = 0.160221,	Delta[d](10) = 0.0592925,	Delta[d](11) = 0.160221,	Delta[d](12) = 0.198292,	Delta[d](13) = 0.134674,	Delta[d](14) = 0.160221,	Delta[d](15) = 0.134674,	Delta[s+](0) = 0.389672,	Delta[s+](1) = 0.310127,	Delta[s+](2) = 0.201854,	Delta[s+](3) = 0.310127,	Delta[s+](4) = 0.310127,	Delta[s+](5) = 0.201854,	Delta[s+](6) = 0.0912672,	Delta[s+](7) = 0.201854,	Delta[s+](8) = 0.201854,	Delta[s+](9) = 0.0912672,	Delta[s+](10) = 0.0331525,	Delta[s+](11) = 0.0912672,	Delta[s+](12) = 0.310127,	Delta[s+](13) = 0.201854,	Delta[s+](14) = 0.0912672,	Delta[s+](15) = 0.201854
The 12-th iteration is completed.	|| time cost : 0h 4m 34.232s
********************************************************************************************************************
********************************************************************************************************************
Ground state is obtained after 13 iterations. The current ground-state energy is -81.4961, in which electron energy is -81.6118 and phonon energy is 0.115693
final variational state is: 
	Gamma_x = [      1,1.02674,1.04356,1.02674,1.02674,1.04356, 1.0671,1.04356,1.04356, 1.0671,1.13329, 1.0671,1.02674,1.04356, 1.0671,1.04356]
	lambda_q = [0.574452,0.483729,0.438383,0.483729,0.483729,0.438383, 0.44678,0.438383,0.438383, 0.44678,0.554051, 0.44678,0.483729,0.438383, 0.44678,0.438383]
********************************************************************************************************************
o___o  ----------------------------------------
| L |	Time since last clock: 0h 0m 0s
A===A	Time since the beginning: 0h 30m 22.742s
***********************************************


********************************************************************************************************************
Warm up runs have been completed. Start calculating W = 5 phonon.
open output files: NGSEDIterationObs.txt
********************************************************************************************************************
Start the 0 rounds of NGS-ED iteration
	effective electronic model is modified as: kinetic energy t = 0.817461
	                                           effective interaction Vq = [-3.01687,-2.75985,-2.60052,-2.75985,-2.75985,-2.60052,-2.63158,-2.60052,-2.60052,-2.63158,-2.96625,-2.63158,-2.75985,-2.60052,-2.63158,-2.60052]
	PARPACK diagonalization completed after 45 matrix-vector product operations.
	iteration results: : total energy is -72.511326 | electron energy -72.569141 + phonon energy 0.057814 | electron momentum kIdx = 0
	Nq(0) = 16,	Nq(1) = 0.289105,	Nq(2) = 0.339943,	Nq(3) = 0.289105,	Nq(4) = 0.289105,	Nq(5) = 0.339943,	Nq(6) = 0.529338,	Nq(7) = 0.339943,	Nq(8) = 0.339943,	Nq(9) = 0.529338,	Nq(10) = 5.31512,	Nq(11) = 0.529338,	Nq(12) = 0.289105,	Nq(13) = 0.339943,	Nq(14) = 0.529338,	Nq(15) = 0.339943,	Sq(0) = -3.41515e-18,	Sq(1) = 0.253918,	Sq(2) = 0.319795,	Sq(3) = 0.253918,	Sq(4) = 0.253918,	Sq(5) = 0.319795,	Sq(6) = 0.473204,	Sq(7) = 0.319795,	Sq(8) = 0.319795,	Sq(9) = 0.473204,	Sq(10) = 0.544186,	Sq(11) = 0.473204,	Sq(12) = 0.253918,	Sq(13) = 0.319795,	Sq(14) = 0.473204,	Sq(15) = 0.319795,	N(0) = 1.98494,	N(1) = 1.95341,	N(2) = 1,	N(3) = 1.95341,	N(4) = 1.95341,	N(5) = 1,	N(6) = 0.04659,	N(7) = 1,	N(8) = 1,	N(9) = 0.04659,	N(10) = 0.0150648,	N(11) = 0.04659,	N(12) = 1.95341,	N(13) = 1,	N(14) = 0.04659,	N(15) = 1,	Delta[s](0) = 0.420454,	Delta[s](1) = 0.350904,	Delta[s](2) = 0.336851,	Delta[s](3) = 0.350904,	Delta[s](4) = 0.350904,	Delta[s](5) = 0.336851,	Delta[s](6) = 0.29746,	Delta[s](7) = 0.336851,	Delta[s](8) = 0.336851,	Delta[s](9) = 0.29746,	Delta[s](10) = 0.27926,	Delta[s](11) = 0.29746,	Delta[s](12) = 0.350904,	Delta[s](13) = 0.336851,	Delta[s](14) = 0.29746,	Delta[s](15) = 0.336851,	Delta[d](0) = 0.217443,	Delta[d](1) = 0.209925,	Delta[d](2) = 0.216336,	Delta[d](3) = 0.209925,	Delta[d](4) = 0.209925,	Delta[d](5) = 0.140913,	Delta[d](6) = 0.169994,	Delta[d](7) = 0.140913,	Delta[d](8) = 0.216336,	Delta[d](9) = 0.169994,	Delta[d](10) = 0.0643185,	Delta[d](11) = 0.169994,	Delta[d](12) = 0.209925,	Delta[d](13) = 0.140913,	Delta[d](14) = 0.169994,	Delta[d](15) = 0.140913,	Delta[s+](0) = 0.42839,	Delta[s+](1) = 0.33409,	Delta[s+](2) = 0.216336,	Delta[s+](3) = 0.33409,	Delta[s+](4) = 0.33409,	Delta[s+](5) = 0.216336,	Delta[s+](6) = 0.0976469,	Delta[s+](7) = 0.216336,	Delta[s+](8) = 0.216336,	Delta[s+](9) = 0.0976469,	Delta[s+](10) = 0.036187,	Delta[s+](11) = 0.0976469,	Delta[s+](12) = 0.33409,	Delta[s+](13) = 0.216336,	Delta[s+](14) = 0.0976469,	Delta[s+](15) = 0.216336
The 0-th iteration is completed.	|| time cost : 0h 4m 27.463s
********************************************************************************************************************
Start the 1 rounds of NGS-ED iteration
	effective electronic model is modified as: kinetic energy t = 0.793002
	                                           effective interaction Vq = [-3.19582,-2.91881, -2.7183,-2.91881,-2.91881, -2.7183,-2.75661, -2.7183, -2.7183,-2.75661,-3.16902,-2.75661,-2.91881, -2.7183,-2.75661, -2.7183]
	PARPACK diagonalization completed after 30 matrix-vector product operations.
	iteration results: : total energy is -76.544908 | electron energy -76.724859 + phonon energy 0.179951 | electron momentum kIdx = 0
The 1-th iteration is completed.	|| time cost : 0h 0m 27.423s
********************************************************************************************************************
Start the 2 rounds of NGS-ED iteration
	effective electronic model is modified as: kinetic energy t = 0.78243
	                                           effective interaction Vq = [-3.26166,-2.96639, -2.7617,-2.96639,-2.96639, -2.7617,-2.79703, -2.7617, -2.7617,-2.79703,-3.24832,-2.79703,-2.96639, -2.7617,-2.79703, -2.7617]
	PARPACK diagonalization completed after 30 matrix-vector product operations.
	iteration results: : total energy is -78.027284 | electron energy -78.283625 + phonon energy 0.256341 | electron momentum kIdx = 0
The 2-th iteration is completed.	|| time cost : 0h 0m 27.677s
********************************************************************************************************************
Start the 3 rounds of NGS-ED iteration
	effective electronic model is modified as: kinetic energy t = 0.778787
	                                           effective interaction Vq = [-3.28587,-2.97469,-2.77389,-2.97469,-2.97469,-2.77389,-2.80439,-2.77389,-2.77389,-2.80439,-3.27711,-2.80439,-2.97469,-2.77389,-2.80439,-2.77389]
	PARPACK diagonalization completed after 30 matrix-vector product operations.
	iteration results: : total energy is -78.548706 | electron energy -78.842151 + phonon energy 0.293445 | electron momentum kIdx = 0
The 3-th iteration is completed.	|| time cost : 0h 0m 27.363s
********************************************************************************************************************
Start the 4 rounds of NGS-ED iteration
	effective electronic model is modified as: kinetic energy t = 0.777901
	                                           effective interaction Vq = [-3.29478,-2.97159,-2.77521,-2.97159,-2.97159,-2.77521,-2.80164,-2.77521,-2.77521,-2.80164,-3.28776,-2.80164,-2.97159,-2.77521,-2.80164,-2.77521]
	PARPACK diagonalization completed after 30 matrix-vector product operations.
	iteration results: : total energy is -78.729502 | electron energy -79.039628 + phonon energy 0.310126 | electron momentum kIdx = 0
The 4-th iteration is completed.	|| time cost : 0h 0m 27.368s
********************************************************************************************************************
Start the 5 rounds of NGS-ED iteration
	effective electronic model is modified as: kinetic energy t = 0.777983
	                                           effective interaction Vq = [-3.29806,-2.96629,-2.77332,-2.96629,-2.96629,-2.77332,-2.79676,-2.77332,-2.77332,-2.79676,-3.29198,-2.79676,-2.96629,-2.77332,-2.79676,-2.77332]
	PARPACK diagonalization completed after 30 matrix-vector product operations.
	iteration results: : total energy is -78.792461 | electron energy -79.109652 + phonon energy 0.317191 | electron momentum kIdx = 0
The 5-th iteration is completed.	|| time cost : 0h 0m 27.72s
********************************************************************************************************************
Start the 6 rounds of NGS-ED iteration
	effective electronic model is modified as: kinetic energy t = 0.778342
	                                           effective interaction Vq = [-3.29927,-2.96146,-2.77083,-2.96146,-2.96146,-2.77083,-2.79219,-2.77083,-2.77083,-2.79219, -3.2938,-2.79219,-2.96146,-2.77083,-2.79219,-2.77083]
	PARPACK diagonalization completed after 30 matrix-vector product operations.
	iteration results: : total energy is -78.814648 | electron energy -79.134493 + phonon energy 0.319844 | electron momentum kIdx = 0
The 6-th iteration is completed.	|| time cost : 0h 0m 27.401s
********************************************************************************************************************
Start the 7 rounds of NGS-ED iteration
	effective electronic model is modified as: kinetic energy t = 0.778729
	                                           effective interaction Vq = [-3.29971,-2.95765,-2.76859,-2.95765,-2.95765,-2.76859,-2.78851,-2.76859,-2.76859,-2.78851,-3.29464,-2.78851,-2.95765,-2.76859,-2.78851,-2.76859]
	PARPACK diagonalization completed after 30 matrix-vector product operations.
	iteration results: : total energy is -78.822570 | electron energy -79.143127 + phonon energy 0.320557 | electron momentum kIdx = 0
The 7-th iteration is completed.	|| time cost : 0h 0m 27.405s
********************************************************************************************************************
Start the 8 rounds of NGS-ED iteration
	effective electronic model is modified as: kinetic energy t = 0.779062
	                                           effective interaction Vq = [-3.29987,-2.95483,-2.76679,-2.95483,-2.95483,-2.76679,-2.78572,-2.76679,-2.76679,-2.78572,-3.29504,-2.78572,-2.95483,-2.76679,-2.78572,-2.76679]
	PARPACK diagonalization completed after 30 matrix-vector product operations.
	iteration results: : total energy is -78.825433 | electron energy -79.145918 + phonon energy 0.320485 | electron momentum kIdx = 0
The 8-th iteration is completed.	|| time cost : 0h 0m 27.487s
********************************************************************************************************************
Start the 9 rounds of NGS-ED iteration
	effective electronic model is modified as: kinetic energy t = 0.779323
	                                           effective interaction Vq = [-3.29993, -2.9528,-2.76543, -2.9528, -2.9528,-2.76543,-2.78368,-2.76543,-2.76543,-2.78368,-3.29524,-2.78368, -2.9528,-2.76543,-2.78368,-2.76543]
	PARPACK diagonalization completed after 30 matrix-vector product operations.
	iteration results: : total energy is -78.826477 | electron energy -79.146632 + phonon energy 0.320155 | electron momentum kIdx = 0
The 9-th iteration is completed.	|| time cost : 0h 0m 27.368s
********************************************************************************************************************
Start the 10 rounds of NGS-ED iteration
	effective electronic model is modified as: kinetic energy t = 0.779519
	                                           effective interaction Vq = [-3.29996,-2.95137,-2.76443,-2.95137,-2.95137,-2.76443,-2.78221,-2.76443,-2.76443,-2.78221,-3.29535,-2.78221,-2.95137,-2.76443,-2.78221,-2.76443]
	PARPACK diagonalization completed after 30 matrix-vector product operations.
	iteration results: : total energy is -78.826862 | electron energy -79.146649 + phonon energy 0.319787 | electron momentum kIdx = 0
	Nq(0) = 16,	Nq(1) = 0.202873,	Nq(2) = 0.281488,	Nq(3) = 0.202873,	Nq(4) = 0.202873,	Nq(5) = 0.281488,	Nq(6) = 0.416078,	Nq(7) = 0.281488,	Nq(8) = 0.281488,	Nq(9) = 0.416078,	Nq(10) = 7.62424,	Nq(11) = 0.416078,	Nq(12) = 0.202873,	Nq(13) = 0.281488,	Nq(14) = 0.416078,	Nq(15) = 0.281488,	Sq(0) = -8.97914e-19,	Sq(1) = 0.180398,	Sq(2) = 0.260265,	Sq(3) = 0.180398,	Sq(4) = 0.180398,	Sq(5) = 0.260265,	Sq(6) = 0.369604,	Sq(7) = 0.260265,	Sq(8) = 0.260265,	Sq(9) = 0.369604,	Sq(10) = 0.449437,	Sq(11) = 0.369604,	Sq(12) = 0.180398,	Sq(13) = 0.260265,	Sq(14) = 0.369604,	Sq(15) = 0.260265,	N(0) = 1.95234,	N(1) = 1.85824,	N(2) = 1,	N(3) = 1.85824,	N(4) = 1.85824,	N(5) = 1,	N(6) = 0.141764,	N(7) = 1,	N(8) = 1,	N(9) = 0.141764,	N(10) = 0.0476648,	N(11) = 0.141764,	N(12) = 1.85824,	N(13) = 1,	N(14) = 0.141764,	N(15) = 1,	Delta[s](0) = 0.439069,	Delta[s](1) = 0.38824,	Delta[s](2) = 0.369554,	Delta[s](3) = 0.38824,	Delta[s](4) = 0.38824,	Delta[s](5) = 0.369554,	Delta[s](6) = 0.34118,	Delta[s](7) = 0.369554,	Delta[s](8) = 0.369554,	Delta[s](9) = 0.34118,	Delta[s](10) = 0.320404,	Delta[s](11) = 0.34118,	Delta[s](12) = 0.38824,	Delta[s](13) = 0.369554,	Delta[s](14) = 0.34118,	Delta[s](15) = 0.369554,	Delta[d](0) = 0.178334,	Delta[d](1) = 0.163831,	Delta[d](2) = 0.181802,	Delta[d](3) = 0.163831,	Delta[d](4) = 0.163831,	Delta[d](5) = 0.115172,	Delta[d](6) = 0.128696,	Delta[d](7) = 0.115172,	Delta[d](8) = 0.181802,	Delta[d](9) = 0.128696,	Delta[d](10) = 0.0519074,	Delta[d](11) = 0.128696,	Delta[d](12) = 0.163831,	Delta[d](13) = 0.115172,	Delta[d](14) = 0.128696,	Delta[d](15) = 0.115172,	Delta[s+](0) = 0.377149,	Delta[s+](1) = 0.286643,	Delta[s+](2) = 0.181802,	Delta[s+](3) = 0.286643,	Delta[s+](4) = 0.286643,	Delta[s+](5) = 0.181802,	Delta[s+](6) = 0.0785383,	Delta[s+](7) = 0.181802,	Delta[s+](8) = 0.181802,	Delta[s+](9) = 0.0785383,	Delta[s+](10) = 0.0308206,	Delta[s+](11) = 0.0785383,	Delta[s+](12) = 0.286643,	Delta[s+](13) = 0.181802,	Delta[s+](14) = 0.0785383,	Delta[s+](15) = 0.181802
The 10-th iteration is completed.	|| time cost : 0h 4m 33.088s
********************************************************************************************************************
Start the 11 rounds of NGS-ED iteration
	effective electronic model is modified as: kinetic energy t = 0.779661
	                                           effective interaction Vq = [-3.29996,-2.95037,-2.76371,-2.95037,-2.95037,-2.76371,-2.78118,-2.76371,-2.76371,-2.78118, -3.2954,-2.78118,-2.95037,-2.76371,-2.78118,-2.76371]
	PARPACK diagonalization completed after 30 matrix-vector product operations.
	iteration results: : total energy is -78.827004 | electron energy -79.146468 + phonon energy 0.319464 | electron momentum kIdx = 0
The 11-th iteration is completed.	|| time cost : 0h 0m 27.367s
********************************************************************************************************************
Start the 12 rounds of NGS-ED iteration
	effective electronic model is modified as: kinetic energy t = 0.779762
	                                           effective interaction Vq = [-3.29997,-2.94967,-2.76319,-2.94967,-2.94967,-2.76319,-2.78045,-2.76319,-2.76319,-2.78045,-3.29543,-2.78045,-2.94967,-2.76319,-2.78045,-2.76319]
	PARPACK diagonalization completed after 30 matrix-vector product operations.
	iteration results: : total energy is -78.827058 | electron energy -79.146265 + phonon energy 0.319207 | electron momentum kIdx = 0
The 12-th iteration is completed.	|| time cost : 0h 0m 27.422s
********************************************************************************************************************
Start the 13 rounds of NGS-ED iteration
	effective electronic model is modified as: kinetic energy t = 0.779834
	                                           effective interaction Vq = [-3.29997,-2.94919,-2.76284,-2.94919,-2.94919,-2.76284,-2.77994,-2.76284,-2.76284,-2.77994,-3.29545,-2.77994,-2.94919,-2.76284,-2.77994,-2.76284]
	PARPACK diagonalization completed after 30 matrix-vector product operations.
	iteration results: : total energy is -78.827077 | electron energy -79.146091 + phonon energy 0.319013 | electron momentum kIdx = 0
The 13-th iteration is completed.	|| time cost : 0h 0m 27.348s
********************************************************************************************************************
Start the 14 rounds of NGS-ED iteration
	effective electronic model is modified as: kinetic energy t = 0.779884
	                                           effective interaction Vq = [-3.29997,-2.94886,-2.76258,-2.94886,-2.94886,-2.76258,-2.77959,-2.76258,-2.76258,-2.77959,-3.29545,-2.77959,-2.94886,-2.76258,-2.77959,-2.76258]
	PARPACK diagonalization completed after 30 matrix-vector product operations.
	iteration results: : total energy is -78.827085 | electron energy -79.145957 + phonon energy 0.318872 | electron momentum kIdx = 0
The 14-th iteration is completed.	|| time cost : 0h 0m 27.44s
********************************************************************************************************************
Start the 15 rounds of NGS-ED iteration
	effective electronic model is modified as: kinetic energy t = 0.779919
	                                           effective interaction Vq = [-3.29997,-2.94863,-2.76241,-2.94863,-2.94863,-2.76241,-2.77934,-2.76241,-2.76241,-2.77934,-3.29546,-2.77934,-2.94863,-2.76241,-2.77934,-2.76241]
	PARPACK diagonalization completed after 30 matrix-vector product operations.
	iteration results: : total energy is -78.827088 | electron energy -79.145858 + phonon energy 0.318770 | electron momentum kIdx = 0
The 15-th iteration is completed.	|| time cost : 0h 0m 27.725s
********************************************************************************************************************
Start the 16 rounds of NGS-ED iteration
	effective electronic model is modified as: kinetic energy t = 0.779943
	                                           effective interaction Vq = [-3.29997,-2.94847,-2.76229,-2.94847,-2.94847,-2.76229,-2.77917,-2.76229,-2.76229,-2.77917,-3.29546,-2.77917,-2.94847,-2.76229,-2.77917,-2.76229]
	PARPACK diagonalization completed after 30 matrix-vector product operations.
	iteration results: : total energy is -78.827089 | electron energy -79.145787 + phonon energy 0.318698 | electron momentum kIdx = 0
The 16-th iteration is completed.	|| time cost : 0h 0m 27.427s
********************************************************************************************************************
Start the 17 rounds of NGS-ED iteration
	effective electronic model is modified as: kinetic energy t = 0.77996
	                                           effective interaction Vq = [-3.29997,-2.94836,-2.76221,-2.94836,-2.94836,-2.76221,-2.77906,-2.76221,-2.76221,-2.77906,-3.29546,-2.77906,-2.94836,-2.76221,-2.77906,-2.76221]
	PARPACK diagonalization completed after 30 matrix-vector product operations.
	iteration results: : total energy is -78.827090 | electron energy -79.145737 + phonon energy 0.318648 | electron momentum kIdx = 0
The 17-th iteration is completed.	|| time cost : 0h 0m 27.463s
********************************************************************************************************************
Start the 18 rounds of NGS-ED iteration
	effective electronic model is modified as: kinetic energy t = 0.779972
	                                           effective interaction Vq = [-3.29997,-2.94829,-2.76215,-2.94829,-2.94829,-2.76215,-2.77898,-2.76215,-2.76215,-2.77898,-3.29547,-2.77898,-2.94829,-2.76215,-2.77898,-2.76215]
	PARPACK diagonalization completed after 30 matrix-vector product operations.
	iteration results: : total energy is -78.827090 | electron energy -79.145702 + phonon energy 0.318612 | electron momentum kIdx = 0
The 18-th iteration is completed.	|| time cost : 0h 0m 27.403s
********************************************************************************************************************
Start the 19 rounds of NGS-ED iteration
	effective electronic model is modified as: kinetic energy t = 0.77998
	                                           effective interaction Vq = [-3.29997,-2.94824,-2.76211,-2.94824,-2.94824,-2.76211,-2.77892,-2.76211,-2.76211,-2.77892,-3.29547,-2.77892,-2.94824,-2.76211,-2.77892,-2.76211]
	PARPACK diagonalization completed after 30 matrix-vector product operations.
	iteration results: : total energy is -78.827090 | electron energy -79.145678 + phonon energy 0.318588 | electron momentum kIdx = 0
The 19-th iteration is completed.	|| time cost : 0h 0m 27.415s
********************************************************************************************************************
Start the 20 rounds of NGS-ED iteration
	effective electronic model is modified as: kinetic energy t = 0.779985
	                                           effective interaction Vq = [-3.29997, -2.9482,-2.76208, -2.9482, -2.9482,-2.76208,-2.77888,-2.76208,-2.76208,-2.77888,-3.29547,-2.77888, -2.9482,-2.76208,-2.77888,-2.76208]
	PARPACK diagonalization completed after 30 matrix-vector product operations.
	iteration results: : total energy is -78.827090 | electron energy -79.145661 + phonon energy 0.318571 | electron momentum kIdx = 0
