SNEDics v3.4 Non-Gaussian ED ground state program		Start at Tue Sep 24 19:33:36 2019

parallized on 16 MPI threads  * 8 OpenMP threads = 128 total threads.
********************************************************************************************************************
********************************************************************************************************************

********************************************************************************************************************
System parameters and configurations
********************************************************************************************************************
Special program options are enabled: splitted diagonal Hamiltonian
********************************************************************************************************************
Read input file "model_params.in"
	Hubbard-Holstein model parameters : 	t = 1    g = 3.5355    W = 5    
********************************************************************************************************************
Read input file "hilbertspace_params.in"
	Requested 16-site 2D lattice, with 14 electrons (7, 7)
	Boundary : Periodic		Hilbert space representation : momentum-space (restricted to kIdx = 10)
	Conservation: particle number[U(1)]      spin[U(1)]     momentum
********************************************************************************************************************

Cluster Positions:				Cluster symmetry group : D4
 x ... x ... x ... x .....                       x ... x ... x ... x .....
 |           |           :                       |           |           :
 |           |           :                       |           |           :
12    13    14    15     x                       1     5     6     5     x
 |           |           :                       |           |           :
 |           |           :                       |           |           :
 8 --- 9 ---10 ---11 --- x                       2 --- 6 ---10 --- 6 --- x
 |           |           :                       |           |           :
 |           |           :                       |           |           :
 4     5     6     7     x                       1     5     6     5     x
 |           |           :                       |           |           :
 |           |           :                       |           |           :
 0 --- 1 --- 2 --- 3 --- x                       0 --- 1 --- 2 --- 1 --- x
orbital number : 1
********************************************************************************************************************
Read input file "obs_params.in"
	Observable Type : Nq(All),   Sq(All),   N(All),   Delta[s](All),   Delta[d](All),   Delta[s+](All)
********************************************************************************************************************
** WARNING ** the input observables have non-local factors which have been reinterpreted. The total observable number is 96
********************************************************************************************************************


********************************************************************************************************************
Start calculating the non-Gaussian ED ground state
** WARNING ** Detected low phonon energy W < 10. The initial state will be prepared through a warm-up process.
********************************************************************************************************************
Start warm-up calculation for scaling factor 2
open output files: NGSEDWarmUpW10Obs.txt
********************************************************************************************************************
Start the 0 rounds of NGS-ED iteration
	effective electronic model is modified as: kinetic energy t = 1
	                                           effective interaction Vq = [-0,-0,-0,-0,-0,-0,-0,-0,-0,-0,-0,-0,-0,-0,-0,-0]
	first Hamiltonian is constructed, non-zero numbers = 5976392
	PARPACK diagonalization completed after 30 matrix-vector product operations.
	iteration results: : total energy is -24.000000 | electron energy -24.000000 + phonon energy 0.000000 | electron momentum kIdx = 10
	Nq(0) = 12.25,	Nq(1) = 0.374739,	Nq(2) = 0.448534,	Nq(3) = 0.374739,	Nq(4) = 0.375261,	Nq(5) = 0.498898,	Nq(6) = 0.624739,	Nq(7) = 0.517159,	Nq(8) = 0.457995,	Nq(9) = 0.625261,	Nq(10) = 1.02206,	Nq(11) = 0.625261,	Nq(12) = 0.375261,	Nq(13) = 0.517159,	Nq(14) = 0.624739,	Nq(15) = 0.498898,	Sq(0) = -1.90595e-18,	Sq(1) = 0.374739,	Sq(2) = 0.477844,	Sq(3) = 0.374739,	Sq(4) = 0.375261,	Sq(5) = 0.511427,	Sq(6) = 0.624739,	Sq(7) = 0.478262,	Sq(8) = 0.492891,	Sq(9) = 0.625261,	Sq(10) = 0.83918,	Sq(11) = 0.625261,	Sq(12) = 0.375261,	Sq(13) = 0.478262,	Sq(14) = 0.624739,	Sq(15) = 0.511427,	N(0) = 2,	N(1) = 2,	N(2) = 0.509716,	N(3) = 2,	N(4) = 2,	N(5) = 0.30313,	N(6) = 8.40487e-26,	N(7) = 0.5993,	N(8) = 0.505534,	N(9) = 8.56863e-26,	N(10) = 3.13185e-26,	N(11) = 8.40724e-26,	N(12) = 2,	N(13) = 0.630066,	N(14) = 8.52828e-26,	N(15) = 1.45225,	Delta[s](0) = 0.327979,	Delta[s](1) = 0.209669,	Delta[s](2) = 0.198051,	Delta[s](3) = 0.260739,	Delta[s](4) = 0.208114,	Delta[s](5) = 0.163382,	Delta[s](6) = 0.116663,	Delta[s](7) = 0.194242,	Delta[s](8) = 0.201734,	Delta[s](9) = 0.117873,	Delta[s](10) = 0.0952481,	Delta[s](11) = 0.168942,	Delta[s](12) = 0.261949,	Delta[s](13) = 0.189097,	Delta[s](14) = 0.170497,	Delta[s](15) = 0.221176,	Delta[d](0) = 0.374705,	Delta[d](1) = 0.172994,	Delta[d](2) = 0.191133,	Delta[d](3) = 0.205433,	Delta[d](4) = 0.177691,	Delta[d](5) = 0.149158,	Delta[d](6) = 0.125705,	Delta[d](7) = 0.20763,	Delta[d](8) = 0.187669,	Delta[d](9) = 0.115561,	Delta[d](10) = 0.0571572,	Delta[d](11) = 0.14758,	Delta[d](12) = 0.195204,	Delta[d](13) = 0.16958,	Delta[d](14) = 0.14302,	Delta[d](15) = 0.137609,	Delta[s+](0) = 0.483717,	Delta[s+](1) = 0.345704,	Delta[s+](2) = 0.191751,	Delta[s+](3) = 0.380923,	Delta[s+](4) = 0.353938,	Delta[s+](5) = 0.17894,	Delta[s+](6) = 0.0632502,	Delta[s+](7) = 0.216688,	Delta[s+](8) = 0.194332,	Delta[s+](9) = 0.0562947,	Delta[s+](10) = 0.0118961,	Delta[s+](11) = 0.0918869,	Delta[s+](12) = 0.374092,	Delta[s+](13) = 0.188043,	Delta[s+](14) = 0.0835799,	Delta[s+](15) = 0.284241
The 0-th iteration is completed.	|| time cost : 0h 5m 23.724s
********************************************************************************************************************
Start the 1 rounds of NGS-ED iteration
	effective electronic model is modified as: kinetic energy (tx,ty)=(0.924988, 0.924945)
	                                           effective interaction Vq = [-2.16162,-2.07049,-2.01013,-2.07049, -2.0705,-2.02558,-1.99993,-2.03048, -2.0131,      -2,-2.03223,      -2, -2.0705,-2.03048,-1.99993,-2.02558]
	PARPACK diagonalization completed after 75 matrix-vector product operations.
	iteration results: : total energy is -69.913464 | electron energy -69.920371 + phonon energy 0.006907 | electron momentum kIdx = 10
The 1-th iteration is completed.	|| time cost : 0h 5m 39.651s
********************************************************************************************************************
Start the 2 rounds of NGS-ED iteration
	effective electronic model is modified as: kinetic energy (tx,ty)=(0.867876, 0.867854)
	                                           effective interaction Vq = [-2.45416,-2.38295,-2.35647,-2.38295,-2.38295,-2.36009,-2.33312,-2.36133,-2.35712,-2.33316,-2.41954,-2.33316,-2.38295,-2.36133,-2.33312,-2.36009]
	PARPACK diagonalization completed after 45 matrix-vector product operations.
	iteration results: : total energy is -76.764019 | electron energy -76.797132 + phonon energy 0.033113 | electron momentum kIdx = 10
The 2-th iteration is completed.	|| time cost : 0h 0m 22.81s
********************************************************************************************************************
Start the 3 rounds of NGS-ED iteration
	effective electronic model is modified as: kinetic energy (tx,ty)=(0.84546, 0.845451)
	                                           effective interaction Vq = [-2.49376,-2.44514,-2.42643,-2.44514,-2.44514,-2.42743,-2.40659,-2.42778,-2.42661,-2.40661,-2.48313,-2.40661,-2.44514,-2.42778,-2.40659,-2.42743]
	PARPACK diagonalization completed after 45 matrix-vector product operations.
	iteration results: : total energy is -77.699876 | electron energy -77.747194 + phonon energy 0.047318 | electron momentum kIdx = 10
The 3-th iteration is completed.	|| time cost : 0h 0m 22.828s
********************************************************************************************************************
Start the 4 rounds of NGS-ED iteration
	effective electronic model is modified as: kinetic energy (tx,ty)=(0.837218, 0.837215)
	                                           effective interaction Vq = [-2.49911,-2.46173,-2.44537,-2.46173,-2.46173,-2.44568,-2.42827, -2.4458,-2.44542,-2.42827,-2.49426,-2.42827,-2.46173, -2.4458,-2.42827,-2.44568]
	PARPACK diagonalization completed after 30 matrix-vector product operations.
	iteration results: : total energy is -77.822544 | electron energy -77.875891 + phonon energy 0.053347 | electron momentum kIdx = 10
The 4-th iteration is completed.	|| time cost : 0h 0m 19.704s
********************************************************************************************************************
Start the 5 rounds of NGS-ED iteration
	effective electronic model is modified as: kinetic energy (tx,ty)=(0.834128, 0.834126)
	                                           effective interaction Vq = [-2.49984,-2.46707,-2.45166,-2.46707,-2.46707,-2.45177,-2.43602,-2.45181,-2.45168,-2.43602, -2.4967,-2.43602,-2.46707,-2.45181,-2.43602,-2.45177]
	PARPACK diagonalization completed after 30 matrix-vector product operations.
	iteration results: : total energy is -77.838670 | electron energy -77.894536 + phonon energy 0.055866 | electron momentum kIdx = 10
The 5-th iteration is completed.	|| time cost : 0h 0m 19.729s
********************************************************************************************************************
Start the 6 rounds of NGS-ED iteration
	effective electronic model is modified as: kinetic energy t = 0.832947
	                                           effective interaction Vq = [-2.49994,-2.46897,-2.45396,-2.46897,-2.46897,  -2.454,-2.43904,-2.45401,-2.45397,-2.43904,-2.49736,-2.43904,-2.46897,-2.45401,-2.43904,  -2.454]
	PARPACK diagonalization completed after 30 matrix-vector product operations.
	iteration results: : total energy is -77.840823 | electron energy -77.897697 + phonon energy 0.056873 | electron momentum kIdx = 10
The 6-th iteration is completed.	|| time cost : 0h 0m 19.361s
********************************************************************************************************************
Start the 7 rounds of NGS-ED iteration
	effective electronic model is modified as: kinetic energy t = 0.832491
	                                           effective interaction Vq = [-2.49995,-2.46966,-2.45483,-2.46966,-2.46966,-2.45485,-2.44025,-2.45485,-2.45484,-2.44025,-2.49756,-2.44025,-2.46966,-2.45485,-2.44025,-2.45485]
	PARPACK diagonalization completed after 30 matrix-vector product operations.
	iteration results: : total energy is -77.841112 | electron energy -77.898378 + phonon energy 0.057266 | electron momentum kIdx = 10
The 7-th iteration is completed.	|| time cost : 0h 0m 19.447s
********************************************************************************************************************
Start the 8 rounds of NGS-ED iteration
	effective electronic model is modified as: kinetic energy t = 0.832313
	                                           effective interaction Vq = [-2.49995,-2.46993,-2.45517,-2.46993,-2.46993,-2.45518,-2.44074,-2.45518,-2.45517,-2.44074,-2.49762,-2.44074,-2.46993,-2.45518,-2.44074,-2.45518]
	PARPACK diagonalization completed after 30 matrix-vector product operations.
	iteration results: : total energy is -77.841151 | electron energy -77.898569 + phonon energy 0.057418 | electron momentum kIdx = 10
The 8-th iteration is completed.	|| time cost : 0h 0m 19.359s
********************************************************************************************************************
Start the 9 rounds of NGS-ED iteration
	effective electronic model is modified as: kinetic energy t = 0.832244
	                                           effective interaction Vq = [-2.49995,-2.47003,-2.45531,-2.47003,-2.47003,-2.45531,-2.44094,-2.45531,-2.45531,-2.44094,-2.49764,-2.44094,-2.47003,-2.45531,-2.44094,-2.45531]
	PARPACK diagonalization completed after 30 matrix-vector product operations.
	iteration results: : total energy is -77.841156 | electron energy -77.898634 + phonon energy 0.057477 | electron momentum kIdx = 10
	Nq(0) = 12.25,	Nq(1) = 0.36628,	Nq(2) = 0.574477,	Nq(3) = 0.36628,	Nq(4) = 0.36628,	Nq(5) = 0.574478,	Nq(6) = 0.722406,	Nq(7) = 0.574478,	Nq(8) = 0.574477,	Nq(9) = 0.722406,	Nq(10) = 5.40347,	Nq(11) = 0.722406,	Nq(12) = 0.36628,	Nq(13) = 0.574478,	Nq(14) = 0.722406,	Nq(15) = 0.574478,	Sq(0) = -1.47006e-18,	Sq(1) = 0.103737,	Sq(2) = 0.162771,	Sq(3) = 0.103737,	Sq(4) = 0.103737,	Sq(5) = 0.162771,	Sq(6) = 0.22107,	Sq(7) = 0.162771,	Sq(8) = 0.162771,	Sq(9) = 0.22107,	Sq(10) = 0.269071,	Sq(11) = 0.22107,	Sq(12) = 0.103737,	Sq(13) = 0.162771,	Sq(14) = 0.22107,	Sq(15) = 0.162771,	N(0) = 1.83005,	N(1) = 1.59873,	N(2) = 0.772937,	N(3) = 1.59873,	N(4) = 1.59873,	N(5) = 0.772937,	N(6) = 0.254258,	N(7) = 0.772937,	N(8) = 0.772937,	N(9) = 0.254258,	N(10) = 0.120375,	N(11) = 0.254258,	N(12) = 1.59873,	N(13) = 0.772937,	N(14) = 0.254258,	N(15) = 0.772937,	Delta[s](0) = 0.918185,	Delta[s](1) = 0.38007,	Delta[s](2) = 0.316852,	Delta[s](3) = 0.38007,	Delta[s](4) = 0.38007,	Delta[s](5) = 0.316852,	Delta[s](6) = 0.268966,	Delta[s](7) = 0.316852,	Delta[s](8) = 0.316852,	Delta[s](9) = 0.268965,	Delta[s](10) = 0.312104,	Delta[s](11) = 0.268965,	Delta[s](12) = 0.38007,	Delta[s](13) = 0.316852,	Delta[s](14) = 0.268966,	Delta[s](15) = 0.316852,	Delta[d](0) = 0.132653,	Delta[d](1) = 0.111188,	Delta[d](2) = 0.12111,	Delta[d](3) = 0.111188,	Delta[d](4) = 0.111188,	Delta[d](5) = 0.0912878,	Delta[d](6) = 0.0888392,	Delta[d](7) = 0.0912878,	Delta[d](8) = 0.12111,	Delta[d](9) = 0.0888392,	Delta[d](10) = 0.0519081,	Delta[d](11) = 0.0888392,	Delta[d](12) = 0.111188,	Delta[d](13) = 0.0912878,	Delta[d](14) = 0.0888392,	Delta[d](15) = 0.0912878,	Delta[s+](0) = 0.249689,	Delta[s+](1) = 0.187417,	Delta[s+](2) = 0.12111,	Delta[s+](3) = 0.187417,	Delta[s+](4) = 0.187417,	Delta[s+](5) = 0.12111,	Delta[s+](6) = 0.0598513,	Delta[s+](7) = 0.12111,	Delta[s+](8) = 0.12111,	Delta[s+](9) = 0.0598513,	Delta[s+](10) = 0.0316751,	Delta[s+](11) = 0.0598513,	Delta[s+](12) = 0.187417,	Delta[s+](13) = 0.12111,	Delta[s+](14) = 0.0598513,	Delta[s+](15) = 0.12111
The 9-th iteration is completed.	|| time cost : 0h 3m 16.863s
********************************************************************************************************************
********************************************************************************************************************
Ground state is obtained after 10 iterations. The current ground-state energy is -77.8412, in which electron energy is -77.8986 and phonon energy is 0.057477
final variational state is: 
	Gamma_x = [      1,1.01799,1.03378,1.01799,1.01799,1.03378,1.04802,1.03378,1.03378,1.04802,1.08263,1.04802,1.01799,1.03378,1.04802,1.03378]
	lambda_q = [0.499973,0.445327,0.433217,0.445327,0.445327,0.433218, 0.42323,0.433218,0.433217, 0.42323,0.484816, 0.42323,0.445327,0.433218, 0.42323,0.433218]
********************************************************************************************************************
o___o  ----------------------------------------
| L |	Time since last clock: 0h 0m 0s
A===A	Time since the beginning: 0h 16m 43.479s
***********************************************


********************************************************************************************************************
Warm up runs have been completed. Start calculating W = 5 phonon.
open output files: NGSEDIterationObs.txt
********************************************************************************************************************
Start the 0 rounds of NGS-ED iteration
	effective electronic model is modified as: kinetic energy t = 0.832216
	                                           effective interaction Vq = [-2.28544,-2.15733,-2.12489,-2.15733,-2.15733,-2.12489,-2.09704, -2.1249,-2.12489,-2.09704, -2.2529,-2.09704,-2.15733, -2.1249,-2.09704,-2.12489]
	PARPACK diagonalization completed after 45 matrix-vector product operations.
	iteration results: : total energy is -71.396150 | electron energy -71.424900 + phonon energy 0.028750 | electron momentum kIdx = 10
	Nq(0) = 12.25,	Nq(1) = 0.348313,	Nq(2) = 0.537743,	Nq(3) = 0.348313,	Nq(4) = 0.348313,	Nq(5) = 0.537743,	Nq(6) = 0.64592,	Nq(7) = 0.537743,	Nq(8) = 0.537743,	Nq(9) = 0.64592,	Nq(10) = 5.68813,	Nq(11) = 0.64592,	Nq(12) = 0.348313,	Nq(13) = 0.537743,	Nq(14) = 0.64592,	Nq(15) = 0.537743,	Sq(0) = 2.39545e-18,	Sq(1) = 0.119375,	Sq(2) = 0.181937,	Sq(3) = 0.119375,	Sq(4) = 0.119375,	Sq(5) = 0.181937,	Sq(6) = 0.247561,	Sq(7) = 0.181937,	Sq(8) = 0.181937,	Sq(9) = 0.247561,	Sq(10) = 0.299111,	Sq(11) = 0.247561,	Sq(12) = 0.119375,	Sq(13) = 0.181937,	Sq(14) = 0.247561,	Sq(15) = 0.181937,	N(0) = 1.86067,	N(1) = 1.64822,	N(2) = 0.757551,	N(3) = 1.64822,	N(4) = 1.64822,	N(5) = 0.757551,	N(6) = 0.225183,	N(7) = 0.757551,	N(8) = 0.757551,	N(9) = 0.225183,	N(10) = 0.100429,	N(11) = 0.225183,	N(12) = 1.64822,	N(13) = 0.757551,	N(14) = 0.225183,	N(15) = 0.757551,	Delta[s](0) = 0.747046,	Delta[s](1) = 0.365562,	Delta[s](2) = 0.318786,	Delta[s](3) = 0.365562,	Delta[s](4) = 0.365562,	Delta[s](5) = 0.318786,	Delta[s](6) = 0.281482,	Delta[s](7) = 0.318786,	Delta[s](8) = 0.318786,	Delta[s](9) = 0.281482,	Delta[s](10) = 0.322823,	Delta[s](11) = 0.281482,	Delta[s](12) = 0.365562,	Delta[s](13) = 0.318786,	Delta[s](14) = 0.281482,	Delta[s](15) = 0.318786,	Delta[d](0) = 0.133215,	Delta[d](1) = 0.110587,	Delta[d](2) = 0.122518,	Delta[d](3) = 0.110587,	Delta[d](4) = 0.110587,	Delta[d](5) = 0.0898544,	Delta[d](6) = 0.0868595,	Delta[d](7) = 0.0898544,	Delta[d](8) = 0.122518,	Delta[d](9) = 0.0868595,	Delta[d](10) = 0.0479152,	Delta[d](11) = 0.0868595,	Delta[d](12) = 0.110587,	Delta[d](13) = 0.0898544,	Delta[d](14) = 0.0868595,	Delta[d](15) = 0.0898544,	Delta[s+](0) = 0.26688,	Delta[s+](1) = 0.195188,	Delta[s+](2) = 0.122518,	Delta[s+](3) = 0.195188,	Delta[s+](4) = 0.195188,	Delta[s+](5) = 0.122518,	Delta[s+](6) = 0.0572116,	Delta[s+](7) = 0.122518,	Delta[s+](8) = 0.122518,	Delta[s+](9) = 0.0572116,	Delta[s+](10) = 0.0284728,	Delta[s+](11) = 0.0572116,	Delta[s+](12) = 0.195188,	Delta[s+](13) = 0.122518,	Delta[s+](14) = 0.0572116,	Delta[s+](15) = 0.122518
The 0-th iteration is completed.	|| time cost : 0h 3m 16.215s
********************************************************************************************************************
Start the 1 rounds of NGS-ED iteration
	effective electronic model is modified as: kinetic energy t = 0.801152
	                                           effective interaction Vq = [-2.42104,-2.28589,-2.24759,-2.28589,-2.28589,-2.24759,-2.20797,-2.24759,-2.24759,-2.20797,-2.40183,-2.20797,-2.28589,-2.24759,-2.20797,-2.24759]
	PARPACK diagonalization completed after 45 matrix-vector product operations.
	iteration results: : total energy is -74.180590 | electron energy -74.276941 + phonon energy 0.096351 | electron momentum kIdx = 10
The 1-th iteration is completed.	|| time cost : 0h 0m 22.48s
********************************************************************************************************************
Start the 2 rounds of NGS-ED iteration
	effective electronic model is modified as: kinetic energy t = 0.782187
	                                           effective interaction Vq = [-2.47092, -2.3478, -2.3047, -2.3478, -2.3478, -2.3047,-2.26282, -2.3047, -2.3047,-2.26282,-2.46014,-2.26282, -2.3478, -2.3047,-2.26282, -2.3047]
	PARPACK diagonalization completed after 45 matrix-vector product operations.
	iteration results: : total energy is -75.200367 | electron energy -75.338958 + phonon energy 0.138590 | electron momentum kIdx = 10
The 2-th iteration is completed.	|| time cost : 0h 0m 22.512s
********************************************************************************************************************
Start the 3 rounds of NGS-ED iteration
	effective electronic model is modified as: kinetic energy t = 0.770811
	                                           effective interaction Vq = [-2.48927,-2.37975,-2.33377,-2.37975,-2.37975,-2.33377,-2.29225,-2.33377,-2.33377,-2.29225,-2.48206,-2.29225,-2.37975,-2.33377,-2.29225,-2.33377]
	PARPACK diagonalization completed after 30 matrix-vector product operations.
	iteration results: : total energy is -75.561296 | electron energy -75.722744 + phonon energy 0.161447 | electron momentum kIdx = 10
The 3-th iteration is completed.	|| time cost : 0h 0m 19.4s
********************************************************************************************************************
Start the 4 rounds of NGS-ED iteration
	effective electronic model is modified as: kinetic energy t = 0.763917
	                                           effective interaction Vq = [-2.49602,-2.39715,-2.34994,-2.39715,-2.39715,-2.34994,-2.30957,-2.34994,-2.34994,-2.30957,-2.49052,-2.30957,-2.39715,-2.34994,-2.30957,-2.34994]
	PARPACK diagonalization completed after 30 matrix-vector product operations.
	iteration results: : total energy is -75.687848 | electron energy -75.862183 + phonon energy 0.174334 | electron momentum kIdx = 10
The 4-th iteration is completed.	|| time cost : 0h 0m 19.422s
********************************************************************************************************************
Start the 5 rounds of NGS-ED iteration
	effective electronic model is modified as: kinetic energy t = 0.759661
	                                           effective interaction Vq = [-2.49851,-2.40704,-2.35954,-2.40704,-2.40704,-2.35954,-2.32047,-2.35954,-2.35954,-2.32047,-2.49401,-2.32047,-2.40704,-2.35954,-2.32047,-2.35954]
	PARPACK diagonalization completed after 30 matrix-vector product operations.
	iteration results: : total energy is -75.732427 | electron energy -75.914429 + phonon energy 0.182002 | electron momentum kIdx = 10
The 5-th iteration is completed.	|| time cost : 0h 0m 19.439s
********************************************************************************************************************
Start the 6 rounds of NGS-ED iteration
	effective electronic model is modified as: kinetic energy t = 0.756983
	                                           effective interaction Vq = [-2.49942,-2.41284, -2.3655,-2.41284,-2.41284, -2.3655,-2.32763, -2.3655, -2.3655,-2.32763,-2.49555,-2.32763,-2.41284, -2.3655,-2.32763, -2.3655]
	PARPACK diagonalization completed after 30 matrix-vector product operations.
	iteration results: : total energy is -75.748311 | electron energy -75.935029 + phonon energy 0.186717 | electron momentum kIdx = 10
The 6-th iteration is completed.	|| time cost : 0h 0m 19.425s
********************************************************************************************************************
Start the 7 rounds of NGS-ED iteration
	effective electronic model is modified as: kinetic energy t = 0.75527
	                                           effective interaction Vq = [-2.49976,-2.41631, -2.3693,-2.41631,-2.41631, -2.3693,-2.33245, -2.3693, -2.3693,-2.33245,-2.49628,-2.33245,-2.41631, -2.3693,-2.33245, -2.3693]
	PARPACK diagonalization completed after 30 matrix-vector product operations.
	iteration results: : total energy is -75.754053 | electron energy -75.943727 + phonon energy 0.189674 | electron momentum kIdx = 10
The 7-th iteration is completed.	|| time cost : 0h 0m 19.428s
********************************************************************************************************************
Start the 8 rounds of NGS-ED iteration
	effective electronic model is modified as: kinetic energy t = 0.754159
	                                           effective interaction Vq = [-2.49988,-2.41844,-2.37177,-2.41844,-2.41844,-2.37177,-2.33573,-2.37177,-2.37177,-2.33573,-2.49664,-2.33573,-2.41844,-2.37177,-2.33573,-2.37177]
	PARPACK diagonalization completed after 30 matrix-vector product operations.
	iteration results: : total energy is -75.756162 | electron energy -75.947716 + phonon energy 0.191554 | electron momentum kIdx = 10
The 8-th iteration is completed.	|| time cost : 0h 0m 19.404s
********************************************************************************************************************
Start the 9 rounds of NGS-ED iteration
	effective electronic model is modified as: kinetic energy t = 0.75343
	                                           effective interaction Vq = [-2.49993,-2.41975, -2.3734,-2.41975,-2.41975, -2.3734,-2.33798, -2.3734, -2.3734,-2.33798,-2.49683,-2.33798,-2.41975, -2.3734,-2.33798, -2.3734]
	PARPACK diagonalization completed after 30 matrix-vector product operations.
	iteration results: : total energy is -75.756949 | electron energy -75.949713 + phonon energy 0.192764 | electron momentum kIdx = 10
The 9-th iteration is completed.	|| time cost : 0h 0m 19.444s
********************************************************************************************************************
Start the 10 rounds of NGS-ED iteration
	effective electronic model is modified as: kinetic energy t = 0.752948
	                                           effective interaction Vq = [-2.49994,-2.42058,-2.37449,-2.42058,-2.42058,-2.37449,-2.33954,-2.37449,-2.37449,-2.33954,-2.49692,-2.33954,-2.42058,-2.37449,-2.33954,-2.37449]
	PARPACK diagonalization completed after 30 matrix-vector product operations.
	iteration results: : total energy is -75.757249 | electron energy -75.950800 + phonon energy 0.193551 | electron momentum kIdx = 10
	Nq(0) = 12.25,	Nq(1) = 0.338219,	Nq(2) = 0.489879,	Nq(3) = 0.338219,	Nq(4) = 0.338219,	Nq(5) = 0.489879,	Nq(6) = 0.607926,	Nq(7) = 0.489879,	Nq(8) = 0.489879,	Nq(9) = 0.607926,	Nq(10) = 6.87303,	Nq(11) = 0.607926,	Nq(12) = 0.338219,	Nq(13) = 0.489879,	Nq(14) = 0.607926,	Nq(15) = 0.489879,	Sq(0) = 3.78101e-19,	Sq(1) = 0.0841565,	Sq(2) = 0.138135,	Sq(3) = 0.0841565,	Sq(4) = 0.0841565,	Sq(5) = 0.138135,	Sq(6) = 0.188815,	Sq(7) = 0.138135,	Sq(8) = 0.138135,	Sq(9) = 0.188815,	Sq(10) = 0.232412,	Sq(11) = 0.188815,	Sq(12) = 0.0841565,	Sq(13) = 0.138135,	Sq(14) = 0.188815,	Sq(15) = 0.138135,	N(0) = 1.79235,	N(1) = 1.51718,	N(2) = 0.791441,	N(3) = 1.51718,	N(4) = 1.51718,	N(5) = 0.791441,	N(6) = 0.310809,	N(7) = 0.791441,	N(8) = 0.791441,	N(9) = 0.310809,	N(10) = 0.147036,	N(11) = 0.310809,	N(12) = 1.51718,	N(13) = 0.791441,	N(14) = 0.310809,	N(15) = 0.791441,	Delta[s](0) = 0.709149,	Delta[s](1) = 0.383601,	Delta[s](2) = 0.344411,	Delta[s](3) = 0.383601,	Delta[s](4) = 0.383601,	Delta[s](5) = 0.344411,	Delta[s](6) = 0.315112,	Delta[s](7) = 0.344411,	Delta[s](8) = 0.344411,	Delta[s](9) = 0.315112,	Delta[s](10) = 0.352976,	Delta[s](11) = 0.315112,	Delta[s](12) = 0.383601,	Delta[s](13) = 0.344411,	Delta[s](14) = 0.315112,	Delta[s](15) = 0.344411,	Delta[d](0) = 0.102898,	Delta[d](1) = 0.0904386,	Delta[d](2) = 0.103047,	Delta[d](3) = 0.0904386,	Delta[d](4) = 0.0904386,	Delta[d](5) = 0.0743906,	Delta[d](6) = 0.0730671,	Delta[d](7) = 0.0743906,	Delta[d](8) = 0.103047,	Delta[d](9) = 0.0730671,	Delta[d](10) = 0.0465981,	Delta[d](11) = 0.0730671,	Delta[d](12) = 0.0904386,	Delta[d](13) = 0.0743906,	Delta[d](14) = 0.0730671,	Delta[d](15) = 0.0743906,	Delta[s+](0) = 0.223943,	Delta[s+](1) = 0.159722,	Delta[s+](2) = 0.103047,	Delta[s+](3) = 0.159722,	Delta[s+](4) = 0.159722,	Delta[s+](5) = 0.103047,	Delta[s+](6) = 0.054169,	Delta[s+](7) = 0.103047,	Delta[s+](8) = 0.103047,	Delta[s+](9) = 0.054169,	Delta[s+](10) = 0.0314452,	Delta[s+](11) = 0.054169,	Delta[s+](12) = 0.159722,	Delta[s+](13) = 0.103047,	Delta[s+](14) = 0.054169,	Delta[s+](15) = 0.103047
The 10-th iteration is completed.	|| time cost : 0h 3m 11.189s
********************************************************************************************************************
Start the 11 rounds of NGS-ED iteration
	effective electronic model is modified as: kinetic energy t = 0.752626
	                                           effective interaction Vq = [-2.49995, -2.4211,-2.37522, -2.4211, -2.4211,-2.37522,-2.34061,-2.37522,-2.37522,-2.34061,-2.49697,-2.34061, -2.4211,-2.37522,-2.34061,-2.37522]
	PARPACK diagonalization completed after 30 matrix-vector product operations.
	iteration results: : total energy is -75.757365 | electron energy -75.951433 + phonon energy 0.194068 | electron momentum kIdx = 10
The 11-th iteration is completed.	|| time cost : 0h 0m 19.496s
********************************************************************************************************************
Start the 12 rounds of NGS-ED iteration
	effective electronic model is modified as: kinetic energy t = 0.75241
	                                           effective interaction Vq = [-2.49995,-2.42143,-2.37571,-2.42143,-2.42143,-2.37571,-2.34135,-2.37571,-2.37571,-2.34135,-2.49699,-2.34135,-2.42143,-2.37571,-2.34135,-2.37571]
	PARPACK diagonalization completed after 30 matrix-vector product operations.
	iteration results: : total energy is -75.757410 | electron energy -75.951822 + phonon energy 0.194412 | electron momentum kIdx = 10
The 12-th iteration is completed.	|| time cost : 0h 0m 19.413s
********************************************************************************************************************
Start the 13 rounds of NGS-ED iteration
	effective electronic model is modified as: kinetic energy t = 0.752264
	                                           effective interaction Vq = [-2.49995,-2.42165,-2.37604,-2.42165,-2.42165,-2.37604,-2.34187,-2.37604,-2.37604,-2.34187,  -2.497,-2.34187,-2.42165,-2.37604,-2.34187,-2.37604]
	PARPACK diagonalization completed after 30 matrix-vector product operations.
	iteration results: : total energy is -75.757429 | electron energy -75.952070 + phonon energy 0.194642 | electron momentum kIdx = 10
The 13-th iteration is completed.	|| time cost : 0h 0m 19.337s
********************************************************************************************************************
Start the 14 rounds of NGS-ED iteration
	effective electronic model is modified as: kinetic energy t = 0.752165
	                                           effective interaction Vq = [-2.49995,-2.42179,-2.37627,-2.42179,-2.42179,-2.37627,-2.34223,-2.37627,-2.37627,-2.34223,-2.49701,-2.34223,-2.42179,-2.37627,-2.34223,-2.37627]
	PARPACK diagonalization completed after 30 matrix-vector product operations.
	iteration results: : total energy is -75.757436 | electron energy -75.952233 + phonon energy 0.194797 | electron momentum kIdx = 10
The 14-th iteration is completed.	|| time cost : 0h 0m 19.478s
********************************************************************************************************************
Start the 15 rounds of NGS-ED iteration
	effective electronic model is modified as: kinetic energy t = 0.752098
	                                           effective interaction Vq = [-2.49995,-2.42188,-2.37642,-2.42188,-2.42188,-2.37642,-2.34247,-2.37642,-2.37642,-2.34247,-2.49701,-2.34247,-2.42188,-2.37642,-2.34247,-2.37642]
	PARPACK diagonalization completed after 30 matrix-vector product operations.
	iteration results: : total energy is -75.757439 | electron energy -75.952341 + phonon energy 0.194901 | electron momentum kIdx = 10
The 15-th iteration is completed.	|| time cost : 0h 0m 19.449s
********************************************************************************************************************
Start the 16 rounds of NGS-ED iteration
	effective electronic model is modified as: kinetic energy t = 0.752052
	                                           effective interaction Vq = [-2.49995,-2.42194,-2.37653,-2.42194,-2.42194,-2.37653,-2.34264,-2.37653,-2.37653,-2.34264,-2.49701,-2.34264,-2.42194,-2.37653,-2.34264,-2.37653]
	PARPACK diagonalization completed after 30 matrix-vector product operations.
	iteration results: : total energy is -75.757441 | electron energy -75.952413 + phonon energy 0.194973 | electron momentum kIdx = 10
The 16-th iteration is completed.	|| time cost : 0h 0m 19.417s
********************************************************************************************************************
Start the 17 rounds of NGS-ED iteration
	effective electronic model is modified as: kinetic energy t = 0.752021
	                                           effective interaction Vq = [-2.49995,-2.42198, -2.3766,-2.42198,-2.42198, -2.3766,-2.34276, -2.3766, -2.3766,-2.34276,-2.49701,-2.34276,-2.42198, -2.3766,-2.34276, -2.3766]
	PARPACK diagonalization completed after 30 matrix-vector product operations.
	iteration results: : total energy is -75.757441 | electron energy -75.952462 + phonon energy 0.195021 | electron momentum kIdx = 10
The 17-th iteration is completed.	|| time cost : 0h 0m 19.403s
********************************************************************************************************************
Start the 18 rounds of NGS-ED iteration
	effective electronic model is modified as: kinetic energy t = 0.751999
	                                           effective interaction Vq = [-2.49995,  -2.422,-2.37665,  -2.422,  -2.422,-2.37665,-2.34285,-2.37665,-2.37665,-2.34285,-2.49701,-2.34285,  -2.422,-2.37665,-2.34285,-2.37665]
	PARPACK diagonalization completed after 30 matrix-vector product operations.
	iteration results: : total energy is -75.757441 | electron energy -75.952496 + phonon energy 0.195055 | electron momentum kIdx = 10
The 18-th iteration is completed.	|| time cost : 0h 0m 19.44s
********************************************************************************************************************
Start the 19 rounds of NGS-ED iteration
	effective electronic model is modified as: kinetic energy t = 0.751985
	                                           effective interaction Vq = [-2.49995,-2.42202,-2.37668,-2.42202,-2.42202,-2.37668, -2.3429,-2.37668,-2.37668, -2.3429,-2.49701, -2.3429,-2.42202,-2.37668, -2.3429,-2.37668]
	PARPACK diagonalization completed after 30 matrix-vector product operations.
	iteration results: : total energy is -75.757441 | electron energy -75.952519 + phonon energy 0.195077 | electron momentum kIdx = 10
The 19-th iteration is completed.	|| time cost : 0h 0m 19.391s
********************************************************************************************************************
Start the 20 rounds of NGS-ED iteration
	effective electronic model is modified as: kinetic energy t = 0.751974
	                                           effective interaction Vq = [-2.49995,-2.42203, -2.3767,-2.42203,-2.42203, -2.3767,-2.34294, -2.3767, -2.3767,-2.34294,-2.49701,-2.34294,-2.42203, -2.3767,-2.34294, -2.3767]
	PARPACK diagonalization completed after 30 matrix-vector product operations.
	iteration results: : total energy is -75.757442 | electron energy -75.952535 + phonon energy 0.195093 | electron momentum kIdx = 10
	Nq(0) = 12.25,	Nq(1) = 0.338699,	Nq(2) = 0.491121,	Nq(3) = 0.338699,	Nq(4) = 0.338699,	Nq(5) = 0.491121,	Nq(6) = 0.610391,	Nq(7) = 0.491121,	Nq(8) = 0.491121,	Nq(9) = 0.610391,	Nq(10) = 6.85612,	Nq(11) = 0.610391,	Nq(12) = 0.338699,	Nq(13) = 0.491121,	Nq(14) = 0.610391,	Nq(15) = 0.491121,	Sq(0) = 1.83856e-18,	Sq(1) = 0.0840522,	Sq(2) = 0.13799,	Sq(3) = 0.0840522,	Sq(4) = 0.0840522,	Sq(5) = 0.13799,	Sq(6) = 0.188616,	Sq(7) = 0.13799,	Sq(8) = 0.13799,	Sq(9) = 0.188616,	Sq(10) = 0.23218,	Sq(11) = 0.188616,	Sq(12) = 0.0840522,	Sq(13) = 0.13799,	Sq(14) = 0.188616,	Sq(15) = 0.13799,	N(0) = 1.79203,	N(1) = 1.51697,	N(2) = 0.791563,	N(3) = 1.51697,	N(4) = 1.51697,	N(5) = 0.791563,	N(6) = 0.310872,	N(7) = 0.791563,	N(8) = 0.791563,	N(9) = 0.310872,	N(10) = 0.147227,	N(11) = 0.310872,	N(12) = 1.51697,	N(13) = 0.791563,	N(14) = 0.310872,	N(15) = 0.791563,	Delta[s](0) = 0.709576,	Delta[s](1) = 0.383731,	Delta[s](2) = 0.344473,	Delta[s](3) = 0.383731,	Delta[s](4) = 0.383731,	Delta[s](5) = 0.344473,	Delta[s](6) = 0.315155,	Delta[s](7) = 0.344473,	Delta[s](8) = 0.344473,	Delta[s](9) = 0.315155,	Delta[s](10) = 0.352646,	Delta[s](11) = 0.315155,	Delta[s](12) = 0.383731,	Delta[s](13) = 0.344473,	Delta[s](14) = 0.315155,	Delta[s](15) = 0.344473,	Delta[d](0) = 0.103103,	Delta[d](1) = 0.0906643,	Delta[d](2) = 0.103218,	Delta[d](3) = 0.0906643,	Delta[d](4) = 0.0906643,	Delta[d](5) = 0.0746499,	Delta[d](6) = 0.0733382,	Delta[d](7) = 0.0746499,	Delta[d](8) = 0.103218,	Delta[d](9) = 0.0733382,	Delta[d](10) = 0.0469201,	Delta[d](11) = 0.0733382,	Delta[d](12) = 0.0906643,	Delta[d](13) = 0.0746499,	Delta[d](14) = 0.0733382,	Delta[d](15) = 0.0746499,	Delta[s+](0) = 0.223716,	Delta[s+](1) = 0.159764,	Delta[s+](2) = 0.103218,	Delta[s+](3) = 0.159764,	Delta[s+](4) = 0.159764,	Delta[s+](5) = 0.103218,	Delta[s+](6) = 0.0544152,	Delta[s+](7) = 0.103218,	Delta[s+](8) = 0.103218,	Delta[s+](9) = 0.0544152,	Delta[s+](10) = 0.031684,	Delta[s+](11) = 0.0544152,	Delta[s+](12) = 0.159764,	Delta[s+](13) = 0.103218,	Delta[s+](14) = 0.0544152,	Delta[s+](15) = 0.103218
The 20-th iteration is completed.	|| time cost : 0h 3m 10.827s
********************************************************************************************************************
Start the 21 rounds of NGS-ED iteration
	effective electronic model is modified as: kinetic energy t = 0.751967
	                                           effective interaction Vq = [-2.49995,-2.42204,-2.37672,-2.42204,-2.42204,-2.37672,-2.34297,-2.37672,-2.37672,-2.34297,-2.49701,-2.34297,-2.42204,-2.37672,-2.34297,-2.37672]
	PARPACK diagonalization completed after 30 matrix-vector product operations.
	iteration results: : total energy is -75.757442 | electron energy -75.952545 + phonon energy 0.195104 | electron momentum kIdx = 10
The 21-th iteration is completed.	|| time cost : 0h 0m 19.478s
********************************************************************************************************************
Start the 22 rounds of NGS-ED iteration
	effective electronic model is modified as: kinetic energy t = 0.751963
	                                           effective interaction Vq = [-2.49995,-2.42205,-2.37673,-2.42205,-2.42205,-2.37673,-2.34299,-2.37673,-2.37673,-2.34299,-2.49701,-2.34299,-2.42205,-2.37673,-2.34299,-2.37673]
	PARPACK diagonalization completed after 30 matrix-vector product operations.
	iteration results: : total energy is -75.757442 | electron energy -75.952553 + phonon energy 0.195111 | electron momentum kIdx = 10
The 22-th iteration is completed.	|| time cost : 0h 0m 19.41s
********************************************************************************************************************
Start the 23 rounds of NGS-ED iteration
	effective electronic model is modified as: kinetic energy t = 0.751959
	                                           effective interaction Vq = [-2.49995,-2.42205,-2.37674,-2.42205,-2.42205,-2.37674,  -2.343,-2.37674,-2.37674,  -2.343,-2.49701,  -2.343,-2.42205,-2.37674,  -2.343,-2.37674]
	PARPACK diagonalization completed after 30 matrix-vector product operations.
	iteration results: : total energy is -75.757442 | electron energy -75.952558 + phonon energy 0.195116 | electron momentum kIdx = 10
The 23-th iteration is completed.	|| time cost : 0h 0m 19.415s
********************************************************************************************************************
Start the 24 rounds of NGS-ED iteration
	effective electronic model is modified as: kinetic energy t = 0.751957
	                                           effective interaction Vq = [-2.49995,-2.42205,-2.37674,-2.42205,-2.42205,-2.37674,-2.34301,-2.37674,-2.37674,-2.34301,-2.49701,-2.34301,-2.42205,-2.37674,-2.34301,-2.37674]
