SNEDics v3.21.4 Non-Gaussian ED ground state program		Start at Mon Jul 26 03:27:42 2021

parallized on 32 MPI threads  * 8 OpenMP threads = 256 total threads.
********************************************************************************************************************
********************************************************************************************************************

********************************************************************************************************************
System parameters and configurations
	special program options are enabled: splitted diagonal Hamiltonian | splitted Hamiltonian terms
********************************************************************************************************************
Read input file "model_params.in"
	Hubbard-Holstein model parameters : 	t = 1    U = 8    g = 0.02    W = 0.2    g' = 0.09    
********************************************************************************************************************
Read input file "hilbertspace_params.in"
	Requested 16-site 2D lattice, with 14 electrons (7, 7)
	Boundary : Periodic		Hilbert space representation : momentum-space (restricted to kIdx = 0)
	Conservation: particle number[U(1)]      spin[U(1)]     momentum
********************************************************************************************************************

Cluster Positions:				Cluster symmetry group : D4
 x ... x ... x ... x .....                       x ... x ... x ... x .....
 |           |           :                       |           |           :
 |           |           :                       |           |           :
12    13    14    15     x                       1     5     6     5     x
 |           |           :                       |           |           :
 |           |           :                       |           |           :
 8 --- 9 ---10 ---11 --- x                       2 --- 6 ---10 --- 6 --- x
 |           |           :                       |           |           :
 |           |           :                       |           |           :
 4     5     6     7     x                       1     5     6     5     x
 |           |           :                       |           |           :
 |           |           :                       |           |           :
 0 --- 1 --- 2 --- 3 --- x                       0 --- 1 --- 2 --- 1 --- x
orbital number : 1
********************************************************************************************************************
Read input file "obs_params.in"
	Observable Type : Nq(All),   Sq(All),   N(All),   Delta[s](All),   Delta[d](All),   Delta[s+](All)
** WARNING ** the input observables have non-local factors which have been reinterpreted. The total observable number is 96
********************************************************************************************************************


********************************************************************************************************************
Start calculating the non-Gaussian ED ground state
Maximal iteration number is 1000; energy resolution is 1e-06. Phonon state relaxation time is 2000
W = 0.2 is relatively large. The non-Gaussian ED calculation starts directly.
open output files: NGSED_iteration_obserbles.txt
********************************************************************************************************************
Start the 0 rounds of NGS-ED iteration
	effective electronic model is modified as: kinetic energy t = 1
	                                           effective interaction Vq = [0,0,0,0,0,0,0,0,0,0,0,0,0,0,0,0]
	first Hamiltonian is constructed, size = 8179600 and non-zero numbers = 2178478298
	PARPACK diagonalization completed after 180 matrix-vector product operations.
	iteration results: : total energy is -11.868836 | electron energy -11.868836 + phonon energy 0.000000 | electron momentum kIdx = 0
	Nq(0) = 12.25,	Nq(1) = 0.154193,	Nq(2) = 0.185311,	Nq(3) = 0.154193,	Nq(4) = 0.154193,	Nq(5) = 0.203281,	
	Nq(6) = 0.235634,	Nq(7) = 0.203281,	Nq(8) = 0.185311,	Nq(9) = 0.235634,	Nq(10) = 0.275446,	
	Nq(11) = 0.235634,	Nq(12) = 0.154193,	Nq(13) = 0.203281,	Nq(14) = 0.235634,	Nq(15) = 0.203281;	
	Sq(0) = -1.83137e-18,	Sq(1) = 0.474292,	Sq(2) = 0.766364,	Sq(3) = 0.474292,	Sq(4) = 0.474292,	
	Sq(5) = 0.630724,	Sq(6) = 1.05279,	Sq(7) = 0.630724,	Sq(8) = 0.766364,	Sq(9) = 1.05279,	
	Sq(10) = 2.56755,	Sq(11) = 1.05279,	Sq(12) = 0.474292,	Sq(13) = 0.630724,	Sq(14) = 1.05279,	
	Sq(15) = 0.630724;	N(0) = 1.75464,	N(1) = 1.59086,	N(2) = 0.323321,	N(3) = 1.59086,	
	N(4) = 1.59086,	N(5) = 0.999881,	N(6) = 0.267546,	N(7) = 0.999881,	N(8) = 0.323321,	
	N(9) = 0.267546,	N(10) = 0.165565,	N(11) = 0.267546,	N(12) = 1.59086,	N(13) = 0.999881,	
	N(14) = 0.267546,	N(15) = 0.999881;	Delta[s](0) = 0.0792716,	Delta[s](1) = 0.0592285,	Delta[s](2) = 0.035403,	
	Delta[s](3) = 0.0592285,	Delta[s](4) = 0.0592285,	Delta[s](5) = 0.042299,	Delta[s](6) = 0.019483,	Delta[s](7) = 0.042299,	
	Delta[s](8) = 0.035403,	Delta[s](9) = 0.019483,	Delta[s](10) = 0.00013054,	Delta[s](11) = 0.019483,	Delta[s](12) = 0.0592285,	
	Delta[s](13) = 0.042299,	Delta[s](14) = 0.019483,	Delta[s](15) = 0.042299;	Delta[d](0) = 0.275926,	Delta[d](1) = 0.189694,	
	Delta[d](2) = 0.199489,	Delta[d](3) = 0.189694,	Delta[d](4) = 0.189694,	Delta[d](5) = 0.176425,	Delta[d](6) = 0.132339,	
	Delta[d](7) = 0.176425,	Delta[d](8) = 0.199489,	Delta[d](9) = 0.132339,	Delta[d](10) = 0.0533458,	Delta[d](11) = 0.132339,	
	Delta[d](12) = 0.189694,	Delta[d](13) = 0.176425,	Delta[d](14) = 0.132339,	Delta[d](15) = 0.176425;	Delta[s+](0) = 0.559657,	
	Delta[s+](1) = 0.416714,	Delta[s+](2) = 0.199489,	Delta[s+](3) = 0.416714,	Delta[s+](4) = 0.416714,	Delta[s+](5) = 0.291217,	
	Delta[s+](6) = 0.125991,	Delta[s+](7) = 0.291217,	Delta[s+](8) = 0.199489,	Delta[s+](9) = 0.125991,	Delta[s+](10) = 0.0381474,	
	Delta[s+](11) = 0.125991,	Delta[s+](12) = 0.416714,	Delta[s+](13) = 0.291217,	Delta[s+](14) = 0.125991,	Delta[s+](15) = 0.291217
	
The 0-th iteration is completed.	|| time cost : 0h 4m 47.857s
********************************************************************************************************************
Start the 1 rounds of NGS-ED iteration
	effective electronic model is modified as: kinetic energy t = 0.999168
	                                           effective interaction Vq = [      -0.722,  -0.0217487,-0.000133098,  -0.0217487,  -0.0217487,-0.000145297, -0.00733558,-0.000145297,-0.000133098, -0.00733558,  -0.0301207, -0.00733558,  -0.0217487,-0.000145297, -0.00733558,-0.000145297]
	PARPACK diagonalization completed after 45 matrix-vector product operations.
	iteration results: : total energy is -20.727897 | electron energy -20.728048 + phonon energy 0.000151 | electron momentum kIdx = 0
The 1-th iteration is completed.	|| time cost : 0h 2m 55.529s
********************************************************************************************************************
Start the 2 rounds of NGS-ED iteration
	effective electronic model is modified as: kinetic energy t = 0.999166
	                                           effective interaction Vq = [      -0.722,  -0.0217743,-0.000133033,  -0.0217743,  -0.0217743,-0.000145211, -0.00733683,-0.000145211,-0.000133033, -0.00733683,  -0.0301819, -0.00733683,  -0.0217743,-0.000145211, -0.00733683,-0.000145211]
	PARPACK diagonalization completed after 30 matrix-vector product operations.
	iteration results: : total energy is -20.727897 | electron energy -20.728049 + phonon energy 0.000152 | electron momentum kIdx = 0
The 2-th iteration is completed.	|| time cost : 0h 0m 21.985s
********************************************************************************************************************
Start the 3 rounds of NGS-ED iteration
	effective electronic model is modified as: kinetic energy t = 0.999166
	                                           effective interaction Vq = [      -0.722,  -0.0217744,-0.000133033,  -0.0217744,  -0.0217744,-0.000145211, -0.00733683,-0.000145211,-0.000133033, -0.00733683,  -0.0301821, -0.00733683,  -0.0217744,-0.000145211, -0.00733683,-0.000145211]
	PARPACK diagonalization completed after 30 matrix-vector product operations.
	iteration results: : total energy is -20.727897 | electron energy -20.728049 + phonon energy 0.000152 | electron momentum kIdx = 0
	Nq(0) = 12.25,	Nq(1) = 0.154478,	Nq(2) = 0.185329,	Nq(3) = 0.154478,	Nq(4) = 0.154478,	Nq(5) = 0.203279,	
	Nq(6) = 0.235818,	Nq(7) = 0.203279,	Nq(8) = 0.185329,	Nq(9) = 0.235818,	Nq(10) = 0.276147,	
	Nq(11) = 0.235818,	Nq(12) = 0.154478,	Nq(13) = 0.203279,	Nq(14) = 0.235818,	Nq(15) = 0.203279;	
	Sq(0) = 4.22602e-18,	Sq(1) = 0.474096,	Sq(2) = 0.766157,	Sq(3) = 0.474096,	Sq(4) = 0.474096,	
	Sq(5) = 0.630542,	Sq(6) = 1.05284,	Sq(7) = 0.630542,	Sq(8) = 0.766157,	Sq(9) = 1.05284,	
	Sq(10) = 2.56669,	Sq(11) = 1.05284,	Sq(12) = 0.474096,	Sq(13) = 0.630542,	Sq(14) = 1.05284,	
	Sq(15) = 0.630542;	N(0) = 1.755,	N(1) = 1.59144,	N(2) = 0.32315,	N(3) = 1.59144,	
	N(4) = 1.59144,	N(5) = 0.999776,	N(6) = 0.267121,	N(7) = 0.999776,	N(8) = 0.32315,	
	N(9) = 0.267121,	N(10) = 0.165339,	N(11) = 0.267121,	N(12) = 1.59144,	N(13) = 0.999776,	
	N(14) = 0.267121,	N(15) = 0.999776;	Delta[s](0) = 0.0794268,	Delta[s](1) = 0.0593468,	Delta[s](2) = 0.0354779,	
	Delta[s](3) = 0.0593468,	Delta[s](4) = 0.0593468,	Delta[s](5) = 0.0423871,	Delta[s](6) = 0.0195257,	Delta[s](7) = 0.0423871,	
	Delta[s](8) = 0.0354779,	Delta[s](9) = 0.0195257,	Delta[s](10) = 0.000131203,	Delta[s](11) = 0.0195257,	Delta[s](12) = 0.0593468,	
	Delta[s](13) = 0.0423871,	Delta[s](14) = 0.0195257,	Delta[s](15) = 0.0423871;	Delta[d](0) = 0.276308,	Delta[d](1) = 0.189686,	
	Delta[d](2) = 0.199454,	Delta[d](3) = 0.189686,	Delta[d](4) = 0.189686,	Delta[d](5) = 0.176413,	Delta[d](6) = 0.132277,	
	Delta[d](7) = 0.176413,	Delta[d](8) = 0.199454,	Delta[d](9) = 0.132277,	Delta[d](10) = 0.053347,	Delta[d](11) = 0.132277,	
	Delta[d](12) = 0.189686,	Delta[d](13) = 0.176413,	Delta[d](14) = 0.132277,	Delta[d](15) = 0.176413;	Delta[s+](0) = 0.559654,	
	Delta[s+](1) = 0.416715,	Delta[s+](2) = 0.199454,	Delta[s+](3) = 0.416715,	Delta[s+](4) = 0.416715,	Delta[s+](5) = 0.291189,	
	Delta[s+](6) = 0.125943,	Delta[s+](7) = 0.291189,	Delta[s+](8) = 0.199454,	Delta[s+](9) = 0.125943,	Delta[s+](10) = 0.0381096,	
	Delta[s+](11) = 0.125943,	Delta[s+](12) = 0.416715,	Delta[s+](13) = 0.291189,	Delta[s+](14) = 0.125943,	Delta[s+](15) = 0.291189
	
The 3-th iteration is completed.	|| time cost : 0h 3m 11.951s
********************************************************************************************************************
********************************************************************************************************************
Ground state is obtained after 4 iterations. The current ground-state energy is -20.7279, in which electron energy is -20.728 and phonon energy is 0.000152374
Final variational state is: 
	Gamma_x = [      1,1.01647,1.00012,1.01647,1.01647,1.00014,1.00856,1.00014,1.00012,1.00856,1.04196,1.00856,1.01647,1.00014,1.00856,1.00014]
	lambda_q = [       1.9, 0.0560042,0.00338305, 0.0560042, 0.0560042,0.00369868,-0.0232659,0.00369868,0.00338305,-0.0232659,-0.0449804,-0.0232659, 0.0560042,0.00369868,-0.0232659,0.00369868]
Effective e-e interactions mediated by phonons are:
	momentum-space Vq = [      -0.722,  -0.0217744,-0.000133033,  -0.0217744,  -0.0217744,-0.000145211, -0.00733683,-0.000145211,-0.000133033, -0.00733683,  -0.0301821, -0.00733683,  -0.0217744,-0.000145211, -0.00733683,-0.000145211]
	real-space Vr = [-0.0543421,-0.0450433,-0.0469917,-0.0450433,-0.0450433,-0.0469947,-0.0414339,-0.0469947,-0.0469917,-0.0414339,-0.0397865,-0.0414339,-0.0450433,-0.0469947,-0.0414339,-0.0469947]
********************************************************************************************************************
o___o  ----------------------------------------
| L |	Time since last clock: 0h 0m 0.008s
A===A	Time since the beginning: 0h 11m 17.332s
***********************************************


Non-Gaussina ED ground state calculation is completed. The final ground-state energy is -20.7279
********************************************************************************************************************
o___o  ----------------------------------------
| L |	Time since last clock: 0h 0m 0.006s
A===A	Time since the beginning: 0h 11m 17.338s
***********************************************



********************************************************************************************************************
All non-Gaussian ED ground state calculations have been completed. Exit now.
