SNEDics v3.4 Non-Gaussian ED ground state program		Start at Tue Oct  1 13:58:10 2019

parallized on 16 MPI threads  * 8 OpenMP threads = 128 total threads.
********************************************************************************************************************
********************************************************************************************************************

********************************************************************************************************************
System parameters and configurations
********************************************************************************************************************
Special program options are enabled: splitted diagonal Hamiltonian
********************************************************************************************************************
Read input file "model_params.in"
	Hubbard-Holstein model parameters : 	t = 1    U = 5.8    g = 4    W = 5    
********************************************************************************************************************
Read input file "hilbertspace_params.in"
	Requested 16-site 2D lattice, with 16 electrons (8, 8)
	Boundary : Periodic		Hilbert space representation : momentum-space (restricted to kIdx = 0)
	Conservation: particle number[U(1)]      spin[U(1)]     momentum
********************************************************************************************************************

Cluster Positions:				Cluster symmetry group : D4
 x ... x ... x ... x .....                       x ... x ... x ... x .....
 |           |           :                       |           |           :
 |           |           :                       |           |           :
12    13    14    15     x                       1     5     6     5     x
 |           |           :                       |           |           :
 |           |           :                       |           |           :
 8 --- 9 ---10 ---11 --- x                       2 --- 6 ---10 --- 6 --- x
 |           |           :                       |           |           :
 |           |           :                       |           |           :
 4     5     6     7     x                       1     5     6     5     x
 |           |           :                       |           |           :
 |           |           :                       |           |           :
 0 --- 1 --- 2 --- 3 --- x                       0 --- 1 --- 2 --- 1 --- x
orbital number : 1
********************************************************************************************************************
Read input file "obs_params.in"
	Observable Type : Nq(All),   Sq(All),   N(All),   Delta[s](All),   Delta[d](All),   Delta[s+](All)
********************************************************************************************************************
** WARNING ** the input observables have non-local factors which have been reinterpreted. The total observable number is 96
********************************************************************************************************************


********************************************************************************************************************
Start calculating the non-Gaussian ED ground state
** WARNING ** Detected low phonon energy W < 10. The initial state will be prepared through a warm-up process.
********************************************************************************************************************
Start warm-up calculation for scaling factor 2
open output files: NGSEDWarmUpW10Obs.txt
********************************************************************************************************************
Start the 0 rounds of NGS-ED iteration
	effective electronic model is modified as: kinetic energy t = 1
	                                           effective interaction Vq = [-0,-0,-0,-0,-0,-0,-0,-0,-0,-0,-0,-0,-0,-0,-0,-0]
	first Hamiltonian is constructed, non-zero numbers = 2845383612
	PARPACK diagonalization completed after 90 matrix-vector product operations.
	iteration results: : total energy is -10.808628 | electron energy -10.808628 + phonon energy 0.000000 | electron momentum kIdx = 0
	Nq(0) = 16,	Nq(1) = 0.103056,	Nq(2) = 0.167793,	Nq(3) = 0.103056,	Nq(4) = 0.103056,	Nq(5) = 0.167793,	Nq(6) = 0.228127,	Nq(7) = 0.167793,	Nq(8) = 0.167793,	Nq(9) = 0.228127,	Nq(10) = 0.283203,	Nq(11) = 0.228127,	Nq(12) = 0.103056,	Nq(13) = 0.167793,	Nq(14) = 0.228127,	Nq(15) = 0.167793,	Sq(0) = -4.07883e-19,	Sq(1) = 0.424734,	Sq(2) = 0.633764,	Sq(3) = 0.424734,	Sq(4) = 0.424734,	Sq(5) = 0.633764,	Sq(6) = 0.869501,	Sq(7) = 0.633764,	Sq(8) = 0.633764,	Sq(9) = 0.869501,	Sq(10) = 4.40578,	Sq(11) = 0.869501,	Sq(12) = 0.424734,	Sq(13) = 0.633764,	Sq(14) = 0.869501,	Sq(15) = 0.633764,	N(0) = 1.86537,	N(1) = 1.71677,	N(2) = 1,	N(3) = 1.71677,	N(4) = 1.71677,	N(5) = 1,	N(6) = 0.283231,	N(7) = 1,	N(8) = 1,	N(9) = 0.283231,	N(10) = 0.134634,	N(11) = 0.283231,	N(12) = 1.71677,	N(13) = 1,	N(14) = 0.283231,	N(15) = 1,	Delta[s](0) = 0.126093,	Delta[s](1) = 0.105671,	Delta[s](2) = 0.0833174,	Delta[s](3) = 0.105671,	Delta[s](4) = 0.105671,	Delta[s](5) = 0.0833174,	Delta[s](6) = 0.0593364,	Delta[s](7) = 0.0833174,	Delta[s](8) = 0.0833174,	Delta[s](9) = 0.0593364,	Delta[s](10) = 0.0213204,	Delta[s](11) = 0.0593364,	Delta[s](12) = 0.105671,	Delta[s](13) = 0.0833174,	Delta[s](14) = 0.0593364,	Delta[s](15) = 0.0833174,	Delta[d](0) = 0.571132,	Delta[d](1) = 0.419513,	Delta[d](2) = 0.325717,	Delta[d](3) = 0.419513,	Delta[d](4) = 0.419513,	Delta[d](5) = 0.335772,	Delta[d](6) = 0.238597,	Delta[d](7) = 0.335772,	Delta[d](8) = 0.325717,	Delta[d](9) = 0.238597,	Delta[d](10) = 0.115516,	Delta[d](11) = 0.238597,	Delta[d](12) = 0.419513,	Delta[d](13) = 0.335772,	Delta[d](14) = 0.238597,	Delta[d](15) = 0.335772,	Delta[s+](0) = 0.606088,	Delta[s+](1) = 0.479138,	Delta[s+](2) = 0.325717,	Delta[s+](3) = 0.479138,	Delta[s+](4) = 0.479138,	Delta[s+](5) = 0.325717,	Delta[s+](6) = 0.177274,	Delta[s+](7) = 0.325717,	Delta[s+](8) = 0.325717,	Delta[s+](9) = 0.177274,	Delta[s+](10) = 0.0554894,	Delta[s+](11) = 0.177274,	Delta[s+](12) = 0.479138,	Delta[s+](13) = 0.325717,	Delta[s+](14) = 0.177274,	Delta[s+](15) = 0.325717
The 0-th iteration is completed.	|| time cost : 0h 8m 34.275s
********************************************************************************************************************
Start the 1 rounds of NGS-ED iteration
	effective electronic model is modified as: kinetic energy t = 0.927609
	                                           effective interaction Vq = [-2.76693, -2.4411,-2.37129, -2.4411, -2.4411,-2.37129, -2.3342,-2.37129,-2.37129, -2.3342,-2.30569, -2.3342, -2.4411,-2.37129, -2.3342,-2.37129]
	PARPACK diagonalization completed after 60 matrix-vector product operations.
	iteration results: : total energy is -63.141483 | electron energy -63.145579 + phonon energy 0.004096 | electron momentum kIdx = 0
The 1-th iteration is completed.	|| time cost : 0h 7m 47.734s
********************************************************************************************************************
Start the 2 rounds of NGS-ED iteration
	effective electronic model is modified as: kinetic energy t = 0.86923
	                                           effective interaction Vq = [-3.14139,-2.96974,-2.84971,-2.96974,-2.96974,-2.84971,-2.84696,-2.84971,-2.84971,-2.84696, -2.7875,-2.84696,-2.96974,-2.84971,-2.84696,-2.84971]
	PARPACK diagonalization completed after 60 matrix-vector product operations.
	iteration results: : total energy is -70.875929 | electron energy -70.916284 + phonon energy 0.040355 | electron momentum kIdx = 0
The 2-th iteration is completed.	|| time cost : 0h 0m 36.686s
********************************************************************************************************************
Start the 3 rounds of NGS-ED iteration
	effective electronic model is modified as: kinetic energy t = 0.844384
	                                           effective interaction Vq = [-3.19207,-3.09797,-2.96796,-3.09797,-3.09797,-2.96796, -2.9923,-2.96796,-2.96796, -2.9923,-2.91286, -2.9923,-3.09797,-2.96796, -2.9923,-2.96796]
	PARPACK diagonalization completed after 75 matrix-vector product operations.
	iteration results: : total energy is -72.106722 | electron energy -72.181426 + phonon energy 0.074704 | electron momentum kIdx = 0
The 3-th iteration is completed.	|| time cost : 0h 0m 41.797s
********************************************************************************************************************
Start the 4 rounds of NGS-ED iteration
	effective electronic model is modified as: kinetic energy t = 0.823219
	                                           effective interaction Vq = [-3.19893, -3.1329,-3.09544, -3.1329, -3.1329,-3.09544, -3.0386,-3.09544,-3.09544, -3.0386, -3.0235, -3.0386, -3.1329,-3.09544, -3.0386,-3.09544]
	PARPACK diagonalization completed after 60 matrix-vector product operations.
	iteration results: : total energy is -72.510800 | electron energy -72.609723 + phonon energy 0.098923 | electron momentum kIdx = 0
The 4-th iteration is completed.	|| time cost : 0h 0m 36.728s
********************************************************************************************************************
Start the 5 rounds of NGS-ED iteration
	effective electronic model is modified as: kinetic energy t = 0.815813
	                                           effective interaction Vq = [-3.19985,-3.14216,-3.12879,-3.14216,-3.14216,-3.12879,-3.05165,-3.12879,-3.12879,-3.05165,-3.05872,-3.05165,-3.14216,-3.12879,-3.05165,-3.12879]
	PARPACK diagonalization completed after 45 matrix-vector product operations.
	iteration results: : total energy is -72.563460 | electron energy -72.675961 + phonon energy 0.112501 | electron momentum kIdx = 0
The 5-th iteration is completed.	|| time cost : 0h 0m 32.006s
********************************************************************************************************************
Start the 6 rounds of NGS-ED iteration
	effective electronic model is modified as: kinetic energy t = 0.813254
	                                           effective interaction Vq = [-3.19998,-3.14491,-3.13891,-3.14491,-3.14491,-3.13891,-3.05567,-3.13891,-3.13891,-3.05567,-3.07109,-3.05567,-3.14491,-3.13891,-3.05567,-3.13891]
	PARPACK diagonalization completed after 30 matrix-vector product operations.
	iteration results: : total energy is -72.570125 | electron energy -72.688160 + phonon energy 0.118034 | electron momentum kIdx = 0
The 6-th iteration is completed.	|| time cost : 0h 0m 27.385s
********************************************************************************************************************
Start the 7 rounds of NGS-ED iteration
	effective electronic model is modified as: kinetic energy t = 0.812374
	                                           effective interaction Vq = [    -3.2,-3.14576,-3.14222,-3.14576,-3.14576,-3.14222,-3.05694,-3.14222,-3.14222,-3.05694,-3.07564,-3.05694,-3.14576,-3.14222,-3.05694,-3.14222]
	PARPACK diagonalization completed after 30 matrix-vector product operations.
	iteration results: : total energy is -72.570962 | electron energy -72.691033 + phonon energy 0.120071 | electron momentum kIdx = 0
The 7-th iteration is completed.	|| time cost : 0h 0m 27.341s
********************************************************************************************************************
Start the 8 rounds of NGS-ED iteration
	effective electronic model is modified as: kinetic energy t = 0.812071
	                                           effective interaction Vq = [    -3.2,-3.14603,-3.14334,-3.14603,-3.14603,-3.14334,-3.05735,-3.14334,-3.14334,-3.05735,-3.07735,-3.05735,-3.14603,-3.14334,-3.05735,-3.14334]
	PARPACK diagonalization completed after 30 matrix-vector product operations.
	iteration results: : total energy is -72.571067 | electron energy -72.691862 + phonon energy 0.120795 | electron momentum kIdx = 0
The 8-th iteration is completed.	|| time cost : 0h 0m 27.293s
********************************************************************************************************************
Start the 9 rounds of NGS-ED iteration
	effective electronic model is modified as: kinetic energy t = 0.811966
	                                           effective interaction Vq = [    -3.2,-3.14611,-3.14372,-3.14611,-3.14611,-3.14372,-3.05748,-3.14372,-3.14372,-3.05748,-3.07799,-3.05748,-3.14611,-3.14372,-3.05748,-3.14372]
	PARPACK diagonalization completed after 30 matrix-vector product operations.
	iteration results: : total energy is -72.571081 | electron energy -72.692129 + phonon energy 0.121049 | electron momentum kIdx = 0
	Nq(0) = 16,	Nq(1) = 0.395969,	Nq(2) = 0.753154,	Nq(3) = 0.395969,	Nq(4) = 0.395969,	Nq(5) = 0.753154,	Nq(6) = 0.636707,	Nq(7) = 0.753154,	Nq(8) = 0.753154,	Nq(9) = 0.636707,	Nq(10) = 0.915065,	Nq(11) = 0.636707,	Nq(12) = 0.395969,	Nq(13) = 0.753154,	Nq(14) = 0.636707,	Nq(15) = 0.753154,	Sq(0) = -1.11547e-17,	Sq(1) = 0.340108,	Sq(2) = 0.362476,	Sq(3) = 0.340108,	Sq(4) = 0.340108,	Sq(5) = 0.362476,	Sq(6) = 0.574821,	Sq(7) = 0.362476,	Sq(8) = 0.362476,	Sq(9) = 0.574821,	Sq(10) = 0.600729,	Sq(11) = 0.574821,	Sq(12) = 0.340108,	Sq(13) = 0.362476,	Sq(14) = 0.574821,	Sq(15) = 0.362476,	N(0) = 1.99885,	N(1) = 1.99671,	N(2) = 1,	N(3) = 1.99671,	N(4) = 1.99671,	N(5) = 1,	N(6) = 0.00328647,	N(7) = 1,	N(8) = 1,	N(9) = 0.00328647,	N(10) = 0.00114623,	N(11) = 0.00328647,	N(12) = 1.99671,	N(13) = 1,	N(14) = 0.00328647,	N(15) = 1,	Delta[s](0) = 0.648605,	Delta[s](1) = 0.311524,	Delta[s](2) = 0.272785,	Delta[s](3) = 0.311524,	Delta[s](4) = 0.311524,	Delta[s](5) = 0.272785,	Delta[s](6) = 0.252109,	Delta[s](7) = 0.272785,	Delta[s](8) = 0.272785,	Delta[s](9) = 0.252109,	Delta[s](10) = 0.2425,	Delta[s](11) = 0.252109,	Delta[s](12) = 0.311524,	Delta[s](13) = 0.272785,	Delta[s](14) = 0.252109,	Delta[s](15) = 0.272785,	Delta[d](0) = 0.34048,	Delta[d](1) = 0.285014,	Delta[d](2) = 0.260266,	Delta[d](3) = 0.285014,	Delta[d](4) = 0.285014,	Delta[d](5) = 0.254302,	Delta[d](6) = 0.241206,	Delta[d](7) = 0.254302,	Delta[d](8) = 0.260266,	Delta[d](9) = 0.241206,	Delta[d](10) = 0.168088,	Delta[d](11) = 0.241206,	Delta[d](12) = 0.285014,	Delta[d](13) = 0.254302,	Delta[d](14) = 0.241206,	Delta[d](15) = 0.254302,	Delta[s+](0) = 0.471079,	Delta[s+](1) = 0.386762,	Delta[s+](2) = 0.260266,	Delta[s+](3) = 0.386762,	Delta[s+](4) = 0.386762,	Delta[s+](5) = 0.260266,	Delta[s+](6) = 0.130349,	Delta[s+](7) = 0.260266,	Delta[s+](8) = 0.260266,	Delta[s+](9) = 0.130349,	Delta[s+](10) = 0.0447386,	Delta[s+](11) = 0.130349,	Delta[s+](12) = 0.386762,	Delta[s+](13) = 0.260266,	Delta[s+](14) = 0.130349,	Delta[s+](15) = 0.260266
The 9-th iteration is completed.	|| time cost : 0h 4m 23.054s
********************************************************************************************************************
********************************************************************************************************************
Ground state is obtained after 10 iterations. The current ground-state energy is -72.5711, in which electron energy is -72.6921 and phonon energy is 0.121049
final variational state is: 
	Gamma_x = [      1,1.02902,1.05688,1.02902,1.02902,1.05688,1.07013,1.05688,1.05688,1.07013,1.09611,1.07013,1.02902,1.05688,1.07013,1.05688]
	lambda_q = [ 0.56566,0.492292,0.490749,0.492292,0.492292,0.490749,0.446319,0.490749,0.490749,0.446319, 0.45534,0.446319,0.492292,0.490749,0.446319,0.490749]
********************************************************************************************************************
o___o  ----------------------------------------
| L |	Time since last clock: 0h 0m 0s
A===A	Time since the beginning: 0h 24m 34.303s
***********************************************


********************************************************************************************************************
Warm up runs have been completed. Start calculating W = 5 phonon.
open output files: NGSEDIterationObs.txt
********************************************************************************************************************
Start the 0 rounds of NGS-ED iteration
	effective electronic model is modified as: kinetic energy t = 0.81193
	                                           effective interaction Vq = [-2.92542,-2.72658,-2.72182,-2.72658,-2.72658,-2.72182,-2.57455,-2.72182,-2.72182,-2.57455,-2.60605,-2.57455,-2.72658,-2.72182,-2.57455,-2.72182]
	PARPACK diagonalization completed after 75 matrix-vector product operations.
	iteration results: : total energy is -64.650554 | electron energy -64.711123 + phonon energy 0.060569 | electron momentum kIdx = 0
	Nq(0) = 16,	Nq(1) = 0.337936,	Nq(2) = 0.365192,	Nq(3) = 0.337936,	Nq(4) = 0.337936,	Nq(5) = 0.365192,	Nq(6) = 0.547253,	Nq(7) = 0.365192,	Nq(8) = 0.365192,	Nq(9) = 0.547253,	Nq(10) = 0.586689,	Nq(11) = 0.547253,	Nq(12) = 0.337936,	Nq(13) = 0.365192,	Nq(14) = 0.547253,	Nq(15) = 0.365192,	Sq(0) = -1.86167e-17,	Sq(1) = 0.391109,	Sq(2) = 0.563865,	Sq(3) = 0.391109,	Sq(4) = 0.391109,	Sq(5) = 0.563865,	Sq(6) = 0.656529,	Sq(7) = 0.563865,	Sq(8) = 0.563865,	Sq(9) = 0.656529,	Sq(10) = 2.10765,	Sq(11) = 0.656529,	Sq(12) = 0.391109,	Sq(13) = 0.563865,	Sq(14) = 0.656529,	Sq(15) = 0.563865,	N(0) = 1.99818,	N(1) = 1.99535,	N(2) = 1,	N(3) = 1.99535,	N(4) = 1.99535,	N(5) = 1,	N(6) = 0.00465125,	N(7) = 1,	N(8) = 1,	N(9) = 0.00465125,	N(10) = 0.00182178,	N(11) = 0.00465125,	N(12) = 1.99535,	N(13) = 1,	N(14) = 0.00465125,	N(15) = 1,	Delta[s](0) = 0.240615,	Delta[s](1) = 0.231592,	Delta[s](2) = 0.190742,	Delta[s](3) = 0.231592,	Delta[s](4) = 0.231592,	Delta[s](5) = 0.190742,	Delta[s](6) = 0.182683,	Delta[s](7) = 0.190742,	Delta[s](8) = 0.190742,	Delta[s](9) = 0.182683,	Delta[s](10) = 0.117131,	Delta[s](11) = 0.182683,	Delta[s](12) = 0.231592,	Delta[s](13) = 0.190742,	Delta[s](14) = 0.182683,	Delta[s](15) = 0.190742,	Delta[d](0) = 0.54644,	Delta[d](1) = 0.333654,	Delta[d](2) = 0.289806,	Delta[d](3) = 0.333654,	Delta[d](4) = 0.333654,	Delta[d](5) = 0.336747,	Delta[d](6) = 0.255144,	Delta[d](7) = 0.336747,	Delta[d](8) = 0.289806,	Delta[d](9) = 0.255144,	Delta[d](10) = 0.131105,	Delta[d](11) = 0.255144,	Delta[d](12) = 0.333654,	Delta[d](13) = 0.336747,	Delta[d](14) = 0.255144,	Delta[d](15) = 0.336747,	Delta[s+](0) = 0.52622,	Delta[s+](1) = 0.432124,	Delta[s+](2) = 0.289806,	Delta[s+](3) = 0.432124,	Delta[s+](4) = 0.432124,	Delta[s+](5) = 0.289806,	Delta[s+](6) = 0.148969,	Delta[s+](7) = 0.289806,	Delta[s+](8) = 0.289806,	Delta[s+](9) = 0.148969,	Delta[s+](10) = 0.0482513,	Delta[s+](11) = 0.148969,	Delta[s+](12) = 0.432124,	Delta[s+](13) = 0.289806,	Delta[s+](14) = 0.148969,	Delta[s+](15) = 0.289806
The 0-th iteration is completed.	|| time cost : 0h 4m 41.035s
********************************************************************************************************************
Start the 1 rounds of NGS-ED iteration
	effective electronic model is modified as: kinetic energy t = 0.803951
	                                           effective interaction Vq = [-3.09899,-2.87345,-2.73192,-2.87345,-2.87345,-2.73192,-2.68086,-2.73192,-2.73192,-2.68086,-2.62486,-2.68086,-2.87345,-2.73192,-2.68086,-2.73192]
	PARPACK diagonalization completed after 45 matrix-vector product operations.
	iteration results: : total energy is -67.609702 | electron energy -67.774549 + phonon energy 0.164848 | electron momentum kIdx = 0
The 1-th iteration is completed.	|| time cost : 0h 0m 32.345s
********************************************************************************************************************
Start the 2 rounds of NGS-ED iteration
	effective electronic model is modified as: kinetic energy t = 0.795848
	                                           effective interaction Vq = [-3.16284,-2.95299,-2.74563,-2.95299,-2.95299,-2.74563, -2.7505,-2.74563,-2.74563, -2.7505,-2.64957, -2.7505,-2.95299,-2.74563, -2.7505,-2.74563]
	PARPACK diagonalization completed after 45 matrix-vector product operations.
	iteration results: : total energy is -68.700971 | electron energy -68.927351 + phonon energy 0.226380 | electron momentum kIdx = 0
The 2-th iteration is completed.	|| time cost : 0h 0m 31.981s
********************************************************************************************************************
Start the 3 rounds of NGS-ED iteration
	effective electronic model is modified as: kinetic energy t = 0.789748
	                                           effective interaction Vq = [-3.18633,-2.99781,-2.75637,-2.99781,-2.99781,-2.75637,-2.79483,-2.75637,-2.75637,-2.79483,  -2.668,-2.79483,-2.99781,-2.75637,-2.79483,-2.75637]
	PARPACK diagonalization completed after 45 matrix-vector product operations.
	iteration results: : total energy is -69.105538 | electron energy -69.366685 + phonon energy 0.261147 | electron momentum kIdx = 0
The 3-th iteration is completed.	|| time cost : 0h 0m 32.338s
********************************************************************************************************************
Start the 4 rounds of NGS-ED iteration
	effective electronic model is modified as: kinetic energy t = 0.785568
	                                           effective interaction Vq = [-3.19497,-3.02384,-2.76372,-3.02384,-3.02384,-2.76372,-2.82293,-2.76372,-2.76372,-2.82293, -2.6801,-2.82293,-3.02384,-2.76372,-2.82293,-2.76372]
	PARPACK diagonalization completed after 45 matrix-vector product operations.
	iteration results: : total energy is -69.255687 | electron energy -69.537449 + phonon energy 0.281762 | electron momentum kIdx = 0
The 4-th iteration is completed.	|| time cost : 0h 0m 32.092s
********************************************************************************************************************
Start the 5 rounds of NGS-ED iteration
	effective electronic model is modified as: kinetic energy t = 0.782813
	                                           effective interaction Vq = [-3.19815, -3.0393, -2.7685, -3.0393, -3.0393, -2.7685,-2.84078, -2.7685, -2.7685,-2.84078,-2.68771,-2.84078, -3.0393, -2.7685,-2.84078, -2.7685]
	PARPACK diagonalization completed after 45 matrix-vector product operations.
	iteration results: : total energy is -69.311428 | electron energy -69.605898 + phonon energy 0.294470 | electron momentum kIdx = 0
The 5-th iteration is completed.	|| time cost : 0h 0m 32.055s
********************************************************************************************************************
Start the 6 rounds of NGS-ED iteration
	effective electronic model is modified as: kinetic energy t = 0.781032
	                                           effective interaction Vq = [-3.19932,-3.04863,-2.77154,-3.04863,-3.04863,-2.77154,-2.85215,-2.77154,-2.77154,-2.85215,-2.69243,-2.85215,-3.04863,-2.77154,-2.85215,-2.77154]
	PARPACK diagonalization completed after 45 matrix-vector product operations.
	iteration results: : total energy is -69.332126 | electron energy -69.634595 + phonon energy 0.302469 | electron momentum kIdx = 0
The 6-th iteration is completed.	|| time cost : 0h 0m 32.046s
********************************************************************************************************************
Start the 7 rounds of NGS-ED iteration
	effective electronic model is modified as: kinetic energy t = 0.77989
	                                           effective interaction Vq = [-3.19975,-3.05432,-2.77346,-3.05432,-3.05432,-2.77346,-2.85942,-2.77346,-2.77346,-2.85942,-2.69534,-2.85942,-3.05432,-2.77346,-2.85942,-2.77346]
	PARPACK diagonalization completed after 45 matrix-vector product operations.
	iteration results: : total energy is -69.339814 | electron energy -69.647365 + phonon energy 0.307550 | electron momentum kIdx = 0
The 7-th iteration is completed.	|| time cost : 0h 0m 32.018s
********************************************************************************************************************
Start the 8 rounds of NGS-ED iteration
	effective electronic model is modified as: kinetic energy t = 0.779163
	                                           effective interaction Vq = [-3.19991,-3.05783,-2.77467,-3.05783,-3.05783,-2.77467,-2.86407,-2.77467,-2.77467,-2.86407,-2.69713,-2.86407,-3.05783,-2.77467,-2.86407,-2.77467]
	PARPACK diagonalization completed after 45 matrix-vector product operations.
	iteration results: : total energy is -69.342672 | electron energy -69.653461 + phonon energy 0.310789 | electron momentum kIdx = 0
The 8-th iteration is completed.	|| time cost : 0h 0m 32.307s
********************************************************************************************************************
Start the 9 rounds of NGS-ED iteration
	effective electronic model is modified as: kinetic energy t = 0.7787
	                                           effective interaction Vq = [-3.19997,   -3.06,-2.77543,   -3.06,   -3.06,-2.77543,-2.86704,-2.77543,-2.77543,-2.86704,-2.69823,-2.86704,   -3.06,-2.77543,-2.86704,-2.77543]
	PARPACK diagonalization completed after 45 matrix-vector product operations.
	iteration results: : total energy is -69.343735 | electron energy -69.656590 + phonon energy 0.312855 | electron momentum kIdx = 0
The 9-th iteration is completed.	|| time cost : 0h 0m 32.011s
********************************************************************************************************************
Start the 10 rounds of NGS-ED iteration
	effective electronic model is modified as: kinetic energy t = 0.778406
	                                           effective interaction Vq = [-3.19999,-3.06134, -2.7759,-3.06134,-3.06134, -2.7759,-2.86895, -2.7759, -2.7759,-2.86895,-2.69891,-2.86895,-3.06134, -2.7759,-2.86895, -2.7759]
	PARPACK diagonalization completed after 45 matrix-vector product operations.
	iteration results: : total energy is -69.344130 | electron energy -69.658303 + phonon energy 0.314173 | electron momentum kIdx = 0
	Nq(0) = 16,	Nq(1) = 0.41037,	Nq(2) = 0.366049,	Nq(3) = 0.41037,	Nq(4) = 0.41037,	Nq(5) = 0.366049,	Nq(6) = 0.623965,	Nq(7) = 0.366049,	Nq(8) = 0.366049,	Nq(9) = 0.623965,	Nq(10) = 0.595127,	Nq(11) = 0.623965,	Nq(12) = 0.41037,	Nq(13) = 0.366049,	Nq(14) = 0.623965,	Nq(15) = 0.366049,	Sq(0) = 6.74153e-18,	Sq(1) = 0.371941,	Sq(2) = 0.542274,	Sq(3) = 0.371941,	Sq(4) = 0.371941,	Sq(5) = 0.542274,	Sq(6) = 0.623058,	Sq(7) = 0.542274,	Sq(8) = 0.542274,	Sq(9) = 0.623058,	Sq(10) = 1.8376,	Sq(11) = 0.623058,	Sq(12) = 0.371941,	Sq(13) = 0.542274,	Sq(14) = 0.623058,	Sq(15) = 0.542274,	N(0) = 1.9996,	N(1) = 1.99873,	N(2) = 1,	N(3) = 1.99873,	N(4) = 1.99873,	N(5) = 1,	N(6) = 0.0012748,	N(7) = 1,	N(8) = 1,	N(9) = 0.0012748,	N(10) = 0.000399865,	N(11) = 0.0012748,	N(12) = 1.99873,	N(13) = 1,	N(14) = 0.0012748,	N(15) = 1,	Delta[s](0) = 0.252357,	Delta[s](1) = 0.250687,	Delta[s](2) = 0.207462,	Delta[s](3) = 0.250687,	Delta[s](4) = 0.250687,	Delta[s](5) = 0.207462,	Delta[s](6) = 0.205704,	Delta[s](7) = 0.207462,	Delta[s](8) = 0.207462,	Delta[s](9) = 0.205704,	Delta[s](10) = 0.141686,	Delta[s](11) = 0.205704,	Delta[s](12) = 0.250687,	Delta[s](13) = 0.207462,	Delta[s](14) = 0.205704,	Delta[s](15) = 0.207462,	Delta[d](0) = 0.566684,	Delta[d](1) = 0.345735,	Delta[d](2) = 0.305514,	Delta[d](3) = 0.345735,	Delta[d](4) = 0.345735,	Delta[d](5) = 0.355193,	Delta[d](6) = 0.273681,	Delta[d](7) = 0.355193,	Delta[d](8) = 0.305514,	Delta[d](9) = 0.273681,	Delta[d](10) = 0.152516,	Delta[d](11) = 0.273681,	Delta[d](12) = 0.345735,	Delta[d](13) = 0.355193,	Delta[d](14) = 0.273681,	Delta[d](15) = 0.355193,	Delta[s+](0) = 0.542699,	Delta[s+](1) = 0.4463,	Delta[s+](2) = 0.305514,	Delta[s+](3) = 0.4463,	Delta[s+](4) = 0.4463,	Delta[s+](5) = 0.305514,	Delta[s+](6) = 0.160806,	Delta[s+](7) = 0.305514,	Delta[s+](8) = 0.305514,	Delta[s+](9) = 0.160806,	Delta[s+](10) = 0.0599196,	Delta[s+](11) = 0.160806,	Delta[s+](12) = 0.4463,	Delta[s+](13) = 0.305514,	Delta[s+](14) = 0.160806,	Delta[s+](15) = 0.305514
The 10-th iteration is completed.	|| time cost : 0h 4m 27.593s
********************************************************************************************************************
Start the 11 rounds of NGS-ED iteration
	effective electronic model is modified as: kinetic energy t = 0.778219
	                                           effective interaction Vq = [    -3.2,-3.06218, -2.7762,-3.06218,-3.06218, -2.7762,-2.87018, -2.7762, -2.7762,-2.87018,-2.69932,-2.87018,-3.06218, -2.7762,-2.87018, -2.7762]
	PARPACK diagonalization completed after 30 matrix-vector product operations.
	iteration results: : total energy is -69.344278 | electron energy -69.659291 + phonon energy 0.315013 | electron momentum kIdx = 0
The 11-th iteration is completed.	|| time cost : 0h 0m 27.61s
********************************************************************************************************************
Start the 12 rounds of NGS-ED iteration
	effective electronic model is modified as: kinetic energy t = 0.778101
	                                           effective interaction Vq = [    -3.2,-3.06271,-2.77639,-3.06271,-3.06271,-2.77639,-2.87096,-2.77639,-2.77639,-2.87096,-2.69958,-2.87096,-3.06271,-2.77639,-2.87096,-2.77639]
	PARPACK diagonalization completed after 30 matrix-vector product operations.
	iteration results: : total energy is -69.344333 | electron energy -69.659881 + phonon energy 0.315549 | electron momentum kIdx = 0
The 12-th iteration is completed.	|| time cost : 0h 0m 27.326s
********************************************************************************************************************
Start the 13 rounds of NGS-ED iteration
	effective electronic model is modified as: kinetic energy t = 0.778026
	                                           effective interaction Vq = [    -3.2,-3.06303, -2.7765,-3.06303,-3.06303, -2.7765,-2.87147, -2.7765, -2.7765,-2.87147,-2.69974,-2.87147,-3.06303, -2.7765,-2.87147, -2.7765]
	PARPACK diagonalization completed after 30 matrix-vector product operations.
	iteration results: : total energy is -69.344353 | electron energy -69.660243 + phonon energy 0.315890 | electron momentum kIdx = 0
The 13-th iteration is completed.	|| time cost : 0h 0m 27.256s
********************************************************************************************************************
Start the 14 rounds of NGS-ED iteration
	effective electronic model is modified as: kinetic energy t = 0.777978
	                                           effective interaction Vq = [    -3.2,-3.06324,-2.77658,-3.06324,-3.06324,-2.77658,-2.87179,-2.77658,-2.77658,-2.87179,-2.69984,-2.87179,-3.06324,-2.77658,-2.87179,-2.77658]
	PARPACK diagonalization completed after 30 matrix-vector product operations.
	iteration results: : total energy is -69.344361 | electron energy -69.660468 + phonon energy 0.316107 | electron momentum kIdx = 0
The 14-th iteration is completed.	|| time cost : 0h 0m 27.298s
********************************************************************************************************************
Start the 15 rounds of NGS-ED iteration
	effective electronic model is modified as: kinetic energy t = 0.777948
	                                           effective interaction Vq = [    -3.2,-3.06336,-2.77662,-3.06336,-3.06336,-2.77662,  -2.872,-2.77662,-2.77662,  -2.872, -2.6999,  -2.872,-3.06336,-2.77662,  -2.872,-2.77662]
	PARPACK diagonalization completed after 30 matrix-vector product operations.
	iteration results: : total energy is -69.344364 | electron energy -69.660609 + phonon energy 0.316245 | electron momentum kIdx = 0
The 15-th iteration is completed.	|| time cost : 0h 0m 27.316s
********************************************************************************************************************
Start the 16 rounds of NGS-ED iteration
	effective electronic model is modified as: kinetic energy t = 0.777929
	                                           effective interaction Vq = [    -3.2,-3.06344,-2.77665,-3.06344,-3.06344,-2.77665,-2.87213,-2.77665,-2.77665,-2.87213,-2.69994,-2.87213,-3.06344,-2.77665,-2.87213,-2.77665]
	PARPACK diagonalization completed after 30 matrix-vector product operations.
	iteration results: : total energy is -69.344365 | electron energy -69.660698 + phonon energy 0.316334 | electron momentum kIdx = 0
The 16-th iteration is completed.	|| time cost : 0h 0m 27.59s
********************************************************************************************************************
Start the 17 rounds of NGS-ED iteration
	effective electronic model is modified as: kinetic energy t = 0.777917
	                                           effective interaction Vq = [    -3.2,-3.06349,-2.77667,-3.06349,-3.06349,-2.77667,-2.87221,-2.77667,-2.77667,-2.87221,-2.69996,-2.87221,-3.06349,-2.77667,-2.87221,-2.77667]
	PARPACK diagonalization completed after 30 matrix-vector product operations.
	iteration results: : total energy is -69.344365 | electron energy -69.660755 + phonon energy 0.316390 | electron momentum kIdx = 0
The 17-th iteration is completed.	|| time cost : 0h 0m 27.359s
********************************************************************************************************************
Start the 18 rounds of NGS-ED iteration
	effective electronic model is modified as: kinetic energy t = 0.777909
	                                           effective interaction Vq = [    -3.2,-3.06353,-2.77668,-3.06353,-3.06353,-2.77668,-2.87227,-2.77668,-2.77668,-2.87227,-2.69997,-2.87227,-3.06353,-2.77668,-2.87227,-2.77668]
	PARPACK diagonalization completed after 30 matrix-vector product operations.
	iteration results: : total energy is -69.344365 | electron energy -69.660791 + phonon energy 0.316425 | electron momentum kIdx = 0
The 18-th iteration is completed.	|| time cost : 0h 0m 27.23s
********************************************************************************************************************
Start the 19 rounds of NGS-ED iteration
	effective electronic model is modified as: kinetic energy t = 0.777904
	                                           effective interaction Vq = [    -3.2,-3.06355,-2.77669,-3.06355,-3.06355,-2.77669, -2.8723,-2.77669,-2.77669, -2.8723,-2.69998, -2.8723,-3.06355,-2.77669, -2.8723,-2.77669]
	PARPACK diagonalization completed after 30 matrix-vector product operations.
	iteration results: : total energy is -69.344365 | electron energy -69.660813 + phonon energy 0.316448 | electron momentum kIdx = 0
The 19-th iteration is completed.	|| time cost : 0h 0m 27.658s
********************************************************************************************************************
Start the 20 rounds of NGS-ED iteration
	effective electronic model is modified as: kinetic energy t = 0.777901
	                                           effective interaction Vq = [    -3.2,-3.06356,-2.77669,-3.06356,-3.06356,-2.77669,-2.87232,-2.77669,-2.77669,-2.87232,-2.69999,-2.87232,-3.06356,-2.77669,-2.87232,-2.77669]
	PARPACK diagonalization completed after 30 matrix-vector product operations.
	iteration results: : total energy is -69.344365 | electron energy -69.660828 + phonon energy 0.316463 | electron momentum kIdx = 0
	Nq(0) = 16,	Nq(1) = 0.411033,	Nq(2) = 0.366034,	Nq(3) = 0.411033,	Nq(4) = 0.411033,	Nq(5) = 0.366034,	Nq(6) = 0.624985,	Nq(7) = 0.366034,	Nq(8) = 0.366034,	Nq(9) = 0.624985,	Nq(10) = 0.595149,	Nq(11) = 0.624985,	Nq(12) = 0.411033,	Nq(13) = 0.366034,	Nq(14) = 0.624985,	Nq(15) = 0.366034,	Sq(0) = -1.57294e-18,	Sq(1) = 0.371713,	Sq(2) = 0.54201,	Sq(3) = 0.371713,	Sq(4) = 0.371713,	Sq(5) = 0.54201,	Sq(6) = 0.622687,	Sq(7) = 0.54201,	Sq(8) = 0.54201,	Sq(9) = 0.622687,	Sq(10) = 1.83492,	Sq(11) = 0.622687,	Sq(12) = 0.371713,	Sq(13) = 0.54201,	Sq(14) = 0.622687,	Sq(15) = 0.54201,	N(0) = 1.9996,	N(1) = 1.9987,	N(2) = 1,	N(3) = 1.9987,	N(4) = 1.9987,	N(5) = 1,	N(6) = 0.00130172,	N(7) = 1,	N(8) = 1,	N(9) = 0.00130172,	N(10) = 0.000397102,	N(11) = 0.00130172,	N(12) = 1.9987,	N(13) = 1,	N(14) = 0.00130172,	N(15) = 1,	Delta[s](0) = 0.252482,	Delta[s](1) = 0.250886,	Delta[s](2) = 0.207652,	Delta[s](3) = 0.250886,	Delta[s](4) = 0.250886,	Delta[s](5) = 0.207652,	Delta[s](6) = 0.205951,	Delta[s](7) = 0.207652,	Delta[s](8) = 0.207652,	Delta[s](9) = 0.205951,	Delta[s](10) = 0.141971,	Delta[s](11) = 0.205951,	Delta[s](12) = 0.250886,	Delta[s](13) = 0.207652,	Delta[s](14) = 0.205951,	Delta[s](15) = 0.207652,	Delta[d](0) = 0.566648,	Delta[d](1) = 0.345778,	Delta[d](2) = 0.305596,	Delta[d](3) = 0.345778,	Delta[d](4) = 0.345778,	Delta[d](5) = 0.355289,	Delta[d](6) = 0.2738,	Delta[d](7) = 0.355289,	Delta[d](8) = 0.305596,	Delta[d](9) = 0.2738,	Delta[d](10) = 0.152728,	Delta[d](11) = 0.2738,	Delta[d](12) = 0.345778,	Delta[d](13) = 0.355289,	Delta[d](14) = 0.2738,	Delta[d](15) = 0.355289,	Delta[s+](0) = 0.542689,	Delta[s+](1) = 0.446305,	Delta[s+](2) = 0.305596,	Delta[s+](3) = 0.446305,	Delta[s+](4) = 0.446305,	Delta[s+](5) = 0.305596,	Delta[s+](6) = 0.160911,	Delta[s+](7) = 0.305596,	Delta[s+](8) = 0.305596,	Delta[s+](9) = 0.160911,	Delta[s+](10) = 0.0600535,	Delta[s+](11) = 0.160911,	Delta[s+](12) = 0.446305,	Delta[s+](13) = 0.305596,	Delta[s+](14) = 0.160911,	Delta[s+](15) = 0.305596
The 20-th iteration is completed.	|| time cost : 0h 4m 24.328s
********************************************************************************************************************
Start the 21 rounds of NGS-ED iteration
	effective electronic model is modified as: kinetic energy t = 0.777899
	                                           effective interaction Vq = [    -3.2,-3.06357, -2.7767,-3.06357,-3.06357, -2.7767,-2.87234, -2.7767, -2.7767,-2.87234,-2.69999,-2.87234,-3.06357, -2.7767,-2.87234, -2.7767]
	PARPACK diagonalization completed after 30 matrix-vector product operations.
	iteration results: : total energy is -69.344365 | electron energy -69.660837 + phonon energy 0.316472 | electron momentum kIdx = 0
The 21-th iteration is completed.	|| time cost : 0h 0m 27.602s
********************************************************************************************************************
Start the 22 rounds of NGS-ED iteration
	effective electronic model is modified as: kinetic energy t = 0.777898
	                                           effective interaction Vq = [    -3.2,-3.06357, -2.7767,-3.06357,-3.06357, -2.7767,-2.87235, -2.7767, -2.7767,-2.87235,-2.69999,-2.87235,-3.06357, -2.7767,-2.87235, -2.7767]
	PARPACK diagonalization completed after 30 matrix-vector product operations.
	iteration results: : total energy is -69.344365 | electron energy -69.660843 + phonon energy 0.316478 | electron momentum kIdx = 0
The 22-th iteration is completed.	|| time cost : 0h 0m 27.344s
********************************************************************************************************************
Start the 23 rounds of NGS-ED iteration
	effective electronic model is modified as: kinetic energy t = 0.777897
	                                           effective interaction Vq = [    -3.2,-3.06357, -2.7767,-3.06357,-3.06357, -2.7767,-2.87235, -2.7767, -2.7767,-2.87235,    -2.7,-2.87235,-3.06357, -2.7767,-2.87235, -2.7767]
	PARPACK diagonalization completed after 30 matrix-vector product operations.
	iteration results: : total energy is -69.344365 | electron energy -69.660847 + phonon energy 0.316481 | electron momentum kIdx = 0
The 23-th iteration is completed.	|| time cost : 0h 0m 27.609s
********************************************************************************************************************
Start the 24 rounds of NGS-ED iteration
	effective electronic model is modified as: kinetic energy t = 0.777896
	                                           effective interaction Vq = [    -3.2,-3.06358, -2.7767,-3.06358,-3.06358, -2.7767,-2.87236, -2.7767, -2.7767,-2.87236,    -2.7,-2.87236,-3.06358, -2.7767,-2.87236, -2.7767]
	PARPACK diagonalization completed after 30 matrix-vector product operations.
	iteration results: : total energy is -69.344365 | electron energy -69.660849 + phonon energy 0.316484 | electron momentum kIdx = 0
The 24-th iteration is completed.	|| time cost : 0h 0m 27.602s
