SNEDics v3.4 Non-Gaussian ED ground state program		Start at Wed Sep 25 13:11:22 2019

parallized on 16 MPI threads  * 8 OpenMP threads = 128 total threads.
********************************************************************************************************************
********************************************************************************************************************

********************************************************************************************************************
System parameters and configurations
********************************************************************************************************************
Special program options are enabled: splitted diagonal Hamiltonian
********************************************************************************************************************
Read input file "model_params.in"
	Hubbard-Holstein model parameters : 	t = 1    U = 0.5    g = 2.2361    W = 5    
********************************************************************************************************************
Read input file "hilbertspace_params.in"
	Requested 16-site 2D lattice, with 14 electrons (7, 7)
	Boundary : Periodic		Hilbert space representation : momentum-space (restricted to kIdx = 10)
	Conservation: particle number[U(1)]      spin[U(1)]     momentum
********************************************************************************************************************

Cluster Positions:				Cluster symmetry group : D4
 x ... x ... x ... x .....                       x ... x ... x ... x .....
 |           |           :                       |           |           :
 |           |           :                       |           |           :
12    13    14    15     x                       1     5     6     5     x
 |           |           :                       |           |           :
 |           |           :                       |           |           :
 8 --- 9 ---10 ---11 --- x                       2 --- 6 ---10 --- 6 --- x
 |           |           :                       |           |           :
 |           |           :                       |           |           :
 4     5     6     7     x                       1     5     6     5     x
 |           |           :                       |           |           :
 |           |           :                       |           |           :
 0 --- 1 --- 2 --- 3 --- x                       0 --- 1 --- 2 --- 1 --- x
orbital number : 1
********************************************************************************************************************
Read input file "obs_params.in"
	Observable Type : Nq(All),   Sq(All),   N(All),   Delta[s](All),   Delta[d](All),   Delta[s+](All)
********************************************************************************************************************
** WARNING ** the input observables have non-local factors which have been reinterpreted. The total observable number is 96
********************************************************************************************************************


********************************************************************************************************************
Start calculating the non-Gaussian ED ground state
** WARNING ** Detected low phonon energy W < 10. The initial state will be prepared through a warm-up process.
********************************************************************************************************************
Start warm-up calculation for scaling factor 2
open output files: NGSEDWarmUpW10Obs.txt
********************************************************************************************************************
Start the 0 rounds of NGS-ED iteration
	effective electronic model is modified as: kinetic energy t = 1
	                                           effective interaction Vq = [-0,-0,-0,-0,-0,-0,-0,-0,-0,-0,-0,-0,-0,-0,-0,-0]
	first Hamiltonian is constructed, non-zero numbers = 2178478152
	PARPACK diagonalization completed after 195 matrix-vector product operations.
	iteration results: : total energy is -22.645913 | electron energy -22.645913 + phonon energy 0.000000 | electron momentum kIdx = 10
	Nq(0) = 12.25,	Nq(1) = 0.347796,	Nq(2) = 0.504599,	Nq(3) = 0.347796,	Nq(4) = 0.34652,	Nq(5) = 0.474456,	Nq(6) = 0.582885,	Nq(7) = 0.367269,	Nq(8) = 0.447906,	Nq(9) = 0.584083,	Nq(10) = 0.602579,	Nq(11) = 0.584083,	Nq(12) = 0.34652,	Nq(13) = 0.367269,	Nq(14) = 0.582885,	Nq(15) = 0.474456,	Sq(0) = -1.68627e-17,	Sq(1) = 0.390735,	Sq(2) = 0.494416,	Sq(3) = 0.390735,	Sq(4) = 0.390467,	Sq(5) = 0.517998,	Sq(6) = 0.655051,	Sq(7) = 0.564123,	Sq(8) = 0.539833,	Sq(9) = 0.655277,	Sq(10) = 1.40735,	Sq(11) = 0.655277,	Sq(12) = 0.390467,	Sq(13) = 0.564123,	Sq(14) = 0.655051,	Sq(15) = 0.517998,	N(0) = 1.99846,	N(1) = 1.997,	N(2) = 0.999762,	N(3) = 1.997,	N(4) = 1.99701,	N(5) = 0.983985,	N(6) = 0.00219312,	N(7) = 0.0181232,	N(8) = 0.999844,	N(9) = 0.00221181,	N(10) = 0.000890586,	N(11) = 0.00221181,	N(12) = 1.99701,	N(13) = 0.0181232,	N(14) = 0.00219312,	N(15) = 0.983985,	Delta[s](0) = 0.278227,	Delta[s](1) = 0.222586,	Delta[s](2) = 0.174217,	Delta[s](3) = 0.222586,	Delta[s](4) = 0.222416,	Delta[s](5) = 0.173387,	Delta[s](6) = 0.117625,	Delta[s](7) = 0.126434,	Delta[s](8) = 0.174142,	Delta[s](9) = 0.117763,	Delta[s](10) = 0.0185426,	Delta[s](11) = 0.117764,	Delta[s](12) = 0.222416,	Delta[s](13) = 0.126434,	Delta[s](14) = 0.117625,	Delta[s](15) = 0.173387,	Delta[d](0) = 0.606079,	Delta[d](1) = 0.258235,	Delta[d](2) = 0.255217,	Delta[d](3) = 0.258235,	Delta[d](4) = 0.25824,	Delta[d](5) = 0.132242,	Delta[d](6) = 0.18982,	Delta[d](7) = 0.325792,	Delta[d](8) = 0.255117,	Delta[d](9) = 0.189739,	Delta[d](10) = 0.052023,	Delta[d](11) = 0.189739,	Delta[d](12) = 0.25824,	Delta[d](13) = 0.325792,	Delta[d](14) = 0.18982,	Delta[d](15) = 0.132242,	Delta[s+](0) = 0.507634,	Delta[s+](1) = 0.380724,	Delta[s+](2) = 0.255217,	Delta[s+](3) = 0.380724,	Delta[s+](4) = 0.38073,	Delta[s+](5) = 0.253231,	Delta[s+](6) = 0.0703986,	Delta[s+](7) = 0.134149,	Delta[s+](8) = 0.255117,	Delta[s+](9) = 0.0703137,	Delta[s+](10) = 0.00504398,	Delta[s+](11) = 0.0703137,	Delta[s+](12) = 0.38073,	Delta[s+](13) = 0.134149,	Delta[s+](14) = 0.0703986,	Delta[s+](15) = 0.253231
The 0-th iteration is completed.	|| time cost : 0h 6m 34.243s
********************************************************************************************************************
Start the 1 rounds of NGS-ED iteration
	effective electronic model is modified as: kinetic energy (tx,ty)=(0.97044, 0.970549)
	                                           effective interaction Vq = [-0.864689, -0.82373,-0.808435, -0.82373,-0.823577,-0.804845,-0.791903,-0.787404,-0.801288,-0.792051,-0.771252,-0.792051,-0.823577,-0.787404,-0.791903,-0.804845]
	PARPACK diagonalization completed after 135 matrix-vector product operations.
	iteration results: : total energy is -39.387961 | electron energy -39.389052 + phonon energy 0.001092 | electron momentum kIdx = 10
The 1-th iteration is completed.	|| time cost : 0h 5m 58.53s
********************************************************************************************************************
Start the 2 rounds of NGS-ED iteration
	effective electronic model is modified as: kinetic energy (tx,ty)=(0.948785, 0.94883)
	                                           effective interaction Vq = [-0.981712, -0.94509,-0.930572, -0.94509,-0.945062,-0.929902,-0.912098,-0.926016,-0.929195,-0.912105, -0.94472,-0.912105,-0.945062,-0.926016,-0.912098,-0.929902]
	PARPACK diagonalization completed after 45 matrix-vector product operations.
	iteration results: : total energy is -41.625003 | electron energy -41.632099 + phonon energy 0.007096 | electron momentum kIdx = 10
The 2-th iteration is completed.	|| time cost : 0h 0m 24.345s
********************************************************************************************************************
Start the 3 rounds of NGS-ED iteration
	effective electronic model is modified as: kinetic energy (tx,ty)=(0.941115, 0.94113)
	                                           effective interaction Vq = [ -0.99755,-0.968781,-0.955814,-0.968781,-0.968775,-0.955652,-0.937167,-0.954594,-0.955469,-0.937167,-0.977716,-0.937167,-0.968775,-0.954594,-0.937167,-0.955652]
	PARPACK diagonalization completed after 45 matrix-vector product operations.
	iteration results: : total energy is -41.903270 | electron energy -41.915583 + phonon energy 0.012313 | electron momentum kIdx = 10
The 3-th iteration is completed.	|| time cost : 0h 0m 24.356s
********************************************************************************************************************
Start the 4 rounds of NGS-ED iteration
	effective electronic model is modified as: kinetic energy (tx,ty)=(0.938663, 0.938667)
	                                           effective interaction Vq = [-0.999693,-0.974814,-0.962412,-0.974814,-0.974812,-0.962367,-0.943669,-0.962042,-0.962313,-0.943669,-0.985599,-0.943669,-0.974812,-0.962042,-0.943669,-0.962367]
	PARPACK diagonalization completed after 30 matrix-vector product operations.
	iteration results: : total energy is -41.938214 | electron energy -41.952907 + phonon energy 0.014692 | electron momentum kIdx = 10
The 4-th iteration is completed.	|| time cost : 0h 0m 20.851s
********************************************************************************************************************
Start the 5 rounds of NGS-ED iteration
	effective electronic model is modified as: kinetic energy (tx,ty)=(0.937896, 0.937897)
	                                           effective interaction Vq = [-0.999983, -0.97657, -0.96433, -0.97657,-0.976569,-0.964317, -0.94551,-0.964212,  -0.9643,-0.945509,-0.987852,-0.945509,-0.976569,-0.964212, -0.94551,-0.964317]
	PARPACK diagonalization completed after 30 matrix-vector product operations.
	iteration results: : total energy is -41.942658 | electron energy -41.958213 + phonon energy 0.015555 | electron momentum kIdx = 10
The 5-th iteration is completed.	|| time cost : 0h 0m 20.732s
********************************************************************************************************************
Start the 6 rounds of NGS-ED iteration
	effective electronic model is modified as: kinetic energy t = 0.937657
	                                           effective interaction Vq = [ -1.00002,-0.977107,-0.964909,-0.977107,-0.977107,-0.964905,-0.946045, -0.96487,-0.964899,-0.946045,-0.988558,-0.946045,-0.977107, -0.96487,-0.946045,-0.964905]
	PARPACK diagonalization completed after 30 matrix-vector product operations.
	iteration results: : total energy is -41.943224 | electron energy -41.959067 + phonon energy 0.015843 | electron momentum kIdx = 10
The 6-th iteration is completed.	|| time cost : 0h 0m 20.387s
********************************************************************************************************************
Start the 7 rounds of NGS-ED iteration
	effective electronic model is modified as: kinetic energy t = 0.937583
	                                           effective interaction Vq = [ -1.00003,-0.977274,-0.965085,-0.977274,-0.977274,-0.965084,-0.946202,-0.965073,-0.965083,-0.946202,-0.988787,-0.946202,-0.977274,-0.965073,-0.946202,-0.965084]
	PARPACK diagonalization completed after 30 matrix-vector product operations.
	iteration results: : total energy is -41.943303 | electron energy -41.959238 + phonon energy 0.015935 | electron momentum kIdx = 10
	Nq(0) = 12.25,	Nq(1) = 0.385563,	Nq(2) = 0.590681,	Nq(3) = 0.385563,	Nq(4) = 0.385563,	Nq(5) = 0.590681,	Nq(6) = 0.669933,	Nq(7) = 0.590674,	Nq(8) = 0.59068,	Nq(9) = 0.669933,	Nq(10) = 2.24416,	Nq(11) = 0.669933,	Nq(12) = 0.385563,	Nq(13) = 0.590674,	Nq(14) = 0.669933,	Nq(15) = 0.590681,	Sq(0) = 9.48825e-18,	Sq(1) = 0.292621,	Sq(2) = 0.335037,	Sq(3) = 0.292621,	Sq(4) = 0.292621,	Sq(5) = 0.335037,	Sq(6) = 0.503077,	Sq(7) = 0.335037,	Sq(8) = 0.335037,	Sq(9) = 0.503077,	Sq(10) = 0.546767,	Sq(11) = 0.503077,	Sq(12) = 0.292621,	Sq(13) = 0.335037,	Sq(14) = 0.503077,	Sq(15) = 0.335037,	N(0) = 1.98952,	N(1) = 1.97324,	N(2) = 0.67253,	N(3) = 1.97324,	N(4) = 1.97324,	N(5) = 0.672531,	N(6) = 0.018497,	N(7) = 0.672521,	N(8) = 0.672531,	N(9) = 0.018497,	N(10) = 0.00836375,	N(11) = 0.018497,	N(12) = 1.97324,	N(13) = 0.672521,	N(14) = 0.018497,	N(15) = 0.672531,	Delta[s](0) = 0.632989,	Delta[s](1) = 0.283455,	Delta[s](2) = 0.239657,	Delta[s](3) = 0.283455,	Delta[s](4) = 0.283455,	Delta[s](5) = 0.239657,	Delta[s](6) = 0.168277,	Delta[s](7) = 0.239658,	Delta[s](8) = 0.239657,	Delta[s](9) = 0.168277,	Delta[s](10) = 0.252247,	Delta[s](11) = 0.168277,	Delta[s](12) = 0.283455,	Delta[s](13) = 0.239658,	Delta[s](14) = 0.168277,	Delta[s](15) = 0.239657,	Delta[d](0) = 0.236016,	Delta[d](1) = 0.188238,	Delta[d](2) = 0.190644,	Delta[d](3) = 0.188238,	Delta[d](4) = 0.188238,	Delta[d](5) = 0.12929,	Delta[d](6) = 0.136345,	Delta[d](7) = 0.12929,	Delta[d](8) = 0.190644,	Delta[d](9) = 0.136346,	Delta[d](10) = 0.0232668,	Delta[d](11) = 0.136346,	Delta[d](12) = 0.188238,	Delta[d](13) = 0.12929,	Delta[d](14) = 0.136345,	Delta[d](15) = 0.12929,	Delta[s+](0) = 0.438688,	Delta[s+](1) = 0.330808,	Delta[s+](2) = 0.190644,	Delta[s+](3) = 0.330808,	Delta[s+](4) = 0.330808,	Delta[s+](5) = 0.190644,	Delta[s+](6) = 0.0633286,	Delta[s+](7) = 0.190643,	Delta[s+](8) = 0.190644,	Delta[s+](9) = 0.0633286,	Delta[s+](10) = 0.0107531,	Delta[s+](11) = 0.0633286,	Delta[s+](12) = 0.330808,	Delta[s+](13) = 0.190643,	Delta[s+](14) = 0.0633286,	Delta[s+](15) = 0.190644
The 7-th iteration is completed.	|| time cost : 0h 3m 31.361s
********************************************************************************************************************
********************************************************************************************************************
Ground state is obtained after 8 iterations. The current ground-state energy is -41.9433, in which electron energy is -41.9592 and phonon energy is 0.015935
final variational state is: 
	Gamma_x = [      1,1.00991, 1.0181,1.00991,1.00991,1.01809,1.02414,1.01809,1.01809,1.02414,1.04322,1.02414,1.00991,1.01809,1.02414,1.01809]
	lambda_q = [0.316126,0.268585,0.257165,0.268585,0.268585,0.257165,0.242897,0.257162,0.257165,0.242897,0.282816,0.242897,0.268585,0.257162,0.242897,0.257165]
********************************************************************************************************************
o___o  ----------------------------------------
| L |	Time since last clock: 0h 0m 0s
A===A	Time since the beginning: 0h 17m 54.807s
***********************************************


********************************************************************************************************************
Warm up runs have been completed. Start calculating W = 5 phonon.
open output files: NGSEDIterationObs.txt
********************************************************************************************************************
Start the 0 rounds of NGS-ED iteration
	effective electronic model is modified as: kinetic energy t = 0.93756
	                                           effective interaction Vq = [-0.914101,-0.840476,-0.819425,-0.840476,-0.840476,-0.819424,-0.791289,-0.819418,-0.819423,-0.791289,-0.864885,-0.791289,-0.840476,-0.819418,-0.791289,-0.819424]
	PARPACK diagonalization completed after 30 matrix-vector product operations.
	iteration results: : total energy is -39.492228 | electron energy -39.500210 + phonon energy 0.007982 | electron momentum kIdx = 10
	Nq(0) = 12.25,	Nq(1) = 0.383491,	Nq(2) = 0.581023,	Nq(3) = 0.383491,	Nq(4) = 0.383491,	Nq(5) = 0.581023,	Nq(6) = 0.65491,	Nq(7) = 0.58102,	Nq(8) = 0.581023,	Nq(9) = 0.65491,	Nq(10) = 2.16214,	Nq(11) = 0.65491,	Nq(12) = 0.383491,	Nq(13) = 0.58102,	Nq(14) = 0.65491,	Nq(15) = 0.581023,	Sq(0) = 2.11608e-18,	Sq(1) = 0.306467,	Sq(2) = 0.343522,	Sq(3) = 0.306467,	Sq(4) = 0.306467,	Sq(5) = 0.343522,	Sq(6) = 0.52441,	Sq(7) = 0.343522,	Sq(8) = 0.343521,	Sq(9) = 0.52441,	Sq(10) = 0.563486,	Sq(11) = 0.52441,	Sq(12) = 0.306467,	Sq(13) = 0.343522,	Sq(14) = 0.52441,	Sq(15) = 0.343522,	N(0) = 1.99327,	N(1) = 1.98216,	N(2) = 0.670302,	N(3) = 1.98216,	N(4) = 1.98216,	N(5) = 0.670302,	N(6) = 0.0127119,	N(7) = 0.670296,	N(8) = 0.670302,	N(9) = 0.0127119,	N(10) = 0.00543549,	N(11) = 0.0127119,	N(12) = 1.98216,	N(13) = 0.670296,	N(14) = 0.0127119,	N(15) = 0.670302,	Delta[s](0) = 0.583095,	Delta[s](1) = 0.275368,	Delta[s](2) = 0.235511,	Delta[s](3) = 0.275368,	Delta[s](4) = 0.275368,	Delta[s](5) = 0.235511,	Delta[s](6) = 0.169358,	Delta[s](7) = 0.235512,	Delta[s](8) = 0.235511,	Delta[s](9) = 0.169358,	Delta[s](10) = 0.250873,	Delta[s](11) = 0.169358,	Delta[s](12) = 0.275368,	Delta[s](13) = 0.235512,	Delta[s](14) = 0.169358,	Delta[s](15) = 0.235511,	Delta[d](0) = 0.237632,	Delta[d](1) = 0.191785,	Delta[d](2) = 0.195202,	Delta[d](3) = 0.191785,	Delta[d](4) = 0.191785,	Delta[d](5) = 0.131394,	Delta[d](6) = 0.139732,	Delta[d](7) = 0.131394,	Delta[d](8) = 0.195202,	Delta[d](9) = 0.139732,	Delta[d](10) = 0.0255827,	Delta[d](11) = 0.139732,	Delta[d](12) = 0.191785,	Delta[d](13) = 0.131394,	Delta[d](14) = 0.139732,	Delta[d](15) = 0.131394,	Delta[s+](0) = 0.450254,	Delta[s+](1) = 0.338537,	Delta[s+](2) = 0.195202,	Delta[s+](3) = 0.338537,	Delta[s+](4) = 0.338537,	Delta[s+](5) = 0.195202,	Delta[s+](6) = 0.0660177,	Delta[s+](7) = 0.195202,	Delta[s+](8) = 0.195202,	Delta[s+](9) = 0.0660177,	Delta[s+](10) = 0.0118755,	Delta[s+](11) = 0.0660177,	Delta[s+](12) = 0.338537,	Delta[s+](13) = 0.195202,	Delta[s+](14) = 0.0660177,	Delta[s+](15) = 0.195202
The 0-th iteration is completed.	|| time cost : 0h 3m 15.07s
********************************************************************************************************************
Start the 1 rounds of NGS-ED iteration
	effective electronic model is modified as: kinetic energy t = 0.926125
	                                           effective interaction Vq = [-0.968418,-0.890494,-0.864963,-0.890494,-0.890494,-0.864963,-0.829661, -0.86496,-0.864963,-0.829661,-0.919678,-0.829661,-0.890494, -0.86496,-0.829661,-0.864963]
	PARPACK diagonalization completed after 30 matrix-vector product operations.
	iteration results: : total energy is -40.326357 | electron energy -40.351747 + phonon energy 0.025390 | electron momentum kIdx = 10
The 1-th iteration is completed.	|| time cost : 0h 0m 20.505s
********************************************************************************************************************
Start the 2 rounds of NGS-ED iteration
	effective electronic model is modified as: kinetic energy t = 0.919821
	                                           effective interaction Vq = [  -0.9884,-0.913132,-0.886255,-0.913132,-0.913132,-0.886255,-0.847599,-0.886254,-0.886255,-0.847599,-0.945246,-0.847599,-0.913132,-0.886254,-0.847599,-0.886255]
	PARPACK diagonalization completed after 30 matrix-vector product operations.
	iteration results: : total energy is -40.621857 | electron energy -40.661603 + phonon energy 0.039746 | electron momentum kIdx = 10
The 2-th iteration is completed.	|| time cost : 0h 0m 20.435s
********************************************************************************************************************
Start the 3 rounds of NGS-ED iteration
	effective electronic model is modified as: kinetic energy t = 0.916426
	                                           effective interaction Vq = [-0.995751,-0.924023,-0.896711,-0.924023,-0.924023,-0.896711,-0.856308, -0.89671,-0.896711,-0.856308,-0.957733,-0.856308,-0.924023, -0.89671,-0.856308,-0.896711]
	PARPACK diagonalization completed after 30 matrix-vector product operations.
	iteration results: : total energy is -40.727050 | electron energy -40.776298 + phonon energy 0.049248 | electron momentum kIdx = 10
The 3-th iteration is completed.	|| time cost : 0h 0m 20.484s
********************************************************************************************************************
Start the 4 rounds of NGS-ED iteration
	effective electronic model is modified as: kinetic energy t = 0.914617
	                                           effective interaction Vq = [-0.998455,-0.929475,-0.902003,-0.929475,-0.929475,-0.902003,-0.860628,-0.902003,-0.902003,-0.860628,-0.964094,-0.860628,-0.929475,-0.902003,-0.860628,-0.902003]
	PARPACK diagonalization completed after 30 matrix-vector product operations.
	iteration results: : total energy is -40.764676 | electron energy -40.819647 + phonon energy 0.054971 | electron momentum kIdx = 10
The 4-th iteration is completed.	|| time cost : 0h 0m 20.416s
********************************************************************************************************************
Start the 5 rounds of NGS-ED iteration
	effective electronic model is modified as: kinetic energy t = 0.913657
	                                           effective interaction Vq = [ -0.99945,-0.932268,-0.904729,-0.932268,-0.932268,-0.904729,-0.862795,-0.904729,-0.904729,-0.862795,-0.967441,-0.862795,-0.932268,-0.904729,-0.862795,-0.904729]
	PARPACK diagonalization completed after 30 matrix-vector product operations.
	iteration results: : total energy is -40.778196 | electron energy -40.836449 + phonon energy 0.058252 | electron momentum kIdx = 10
The 5-th iteration is completed.	|| time cost : 0h 0m 20.475s
********************************************************************************************************************
Start the 6 rounds of NGS-ED iteration
	effective electronic model is modified as: kinetic energy t = 0.913148
	                                           effective interaction Vq = [-0.999816,-0.933717,-0.906147,-0.933717,-0.933717,-0.906147,-0.863887,-0.906147,-0.906147,-0.863887,-0.969242,-0.863887,-0.933717,-0.906147,-0.863887,-0.906147]
	PARPACK diagonalization completed after 30 matrix-vector product operations.
	iteration results: : total energy is -40.783074 | electron energy -40.843158 + phonon energy 0.060084 | electron momentum kIdx = 10
The 6-th iteration is completed.	|| time cost : 0h 0m 20.443s
********************************************************************************************************************
Start the 7 rounds of NGS-ED iteration
	effective electronic model is modified as: kinetic energy t = 0.912878
	                                           effective interaction Vq = [ -0.99995,-0.934474,-0.906888,-0.934474,-0.934474,-0.906888,-0.864438,-0.906888,-0.906888,-0.864438,-0.970224,-0.864438,-0.934474,-0.906888,-0.864438,-0.906888]
	PARPACK diagonalization completed after 30 matrix-vector product operations.
	iteration results: : total energy is -40.784841 | electron energy -40.845931 + phonon energy 0.061090 | electron momentum kIdx = 10
The 7-th iteration is completed.	|| time cost : 0h 0m 20.692s
********************************************************************************************************************
Start the 8 rounds of NGS-ED iteration
	effective electronic model is modified as: kinetic energy t = 0.912735
	                                           effective interaction Vq = [       -1, -0.93487,-0.907277, -0.93487, -0.93487,-0.907277,-0.864715,-0.907277,-0.907277,-0.864715,-0.970765,-0.864715, -0.93487,-0.907277,-0.864715,-0.907277]
	PARPACK diagonalization completed after 30 matrix-vector product operations.
	iteration results: : total energy is -40.785482 | electron energy -40.847121 + phonon energy 0.061638 | electron momentum kIdx = 10
The 8-th iteration is completed.	|| time cost : 0h 0m 20.485s
********************************************************************************************************************
Start the 9 rounds of NGS-ED iteration
	effective electronic model is modified as: kinetic energy t = 0.912659
	                                           effective interaction Vq = [ -1.00002,-0.935078,-0.907481,-0.935078,-0.935078,-0.907481,-0.864854,-0.907481,-0.907481,-0.864854,-0.971064,-0.864854,-0.935078,-0.907481,-0.864854,-0.907481]
	PARPACK diagonalization completed after 30 matrix-vector product operations.
	iteration results: : total energy is -40.785716 | electron energy -40.847651 + phonon energy 0.061935 | electron momentum kIdx = 10
The 9-th iteration is completed.	|| time cost : 0h 0m 20.429s
********************************************************************************************************************
Start the 10 rounds of NGS-ED iteration
	effective electronic model is modified as: kinetic energy t = 0.912619
	                                           effective interaction Vq = [ -1.00002,-0.935187,-0.907588,-0.935187,-0.935187,-0.907588,-0.864924,-0.907588,-0.907588,-0.864924,-0.971231,-0.864924,-0.935187,-0.907588,-0.864924,-0.907588]
	PARPACK diagonalization completed after 30 matrix-vector product operations.
	iteration results: : total energy is -40.785801 | electron energy -40.847897 + phonon energy 0.062096 | electron momentum kIdx = 10
	Nq(0) = 12.25,	Nq(1) = 0.382825,	Nq(2) = 0.586372,	Nq(3) = 0.382825,	Nq(4) = 0.382825,	Nq(5) = 0.586372,	Nq(6) = 0.653502,	Nq(7) = 0.586372,	Nq(8) = 0.586372,	Nq(9) = 0.653502,	Nq(10) = 2.32048,	Nq(11) = 0.653502,	Nq(12) = 0.382825,	Nq(13) = 0.586372,	Nq(14) = 0.653502,	Nq(15) = 0.586372,	Sq(0) = -2.65741e-18,	Sq(1) = 0.293686,	Sq(2) = 0.336164,	Sq(3) = 0.293686,	Sq(4) = 0.293686,	Sq(5) = 0.336164,	Sq(6) = 0.506108,	Sq(7) = 0.336164,	Sq(8) = 0.336164,	Sq(9) = 0.506108,	Sq(10) = 0.549822,	Sq(11) = 0.506108,	Sq(12) = 0.293686,	Sq(13) = 0.336164,	Sq(14) = 0.506108,	Sq(15) = 0.336164,	N(0) = 1.99037,	N(1) = 1.97419,	N(2) = 0.671882,	N(3) = 1.97419,	N(4) = 1.97419,	N(5) = 0.671882,	N(6) = 0.0184613,	N(7) = 0.671882,	N(8) = 0.671882,	N(9) = 0.0184613,	N(10) = 0.00772381,	N(11) = 0.0184613,	N(12) = 1.97419,	N(13) = 0.671882,	N(14) = 0.0184613,	N(15) = 0.671882,	Delta[s](0) = 0.584952,	Delta[s](1) = 0.280776,	Delta[s](2) = 0.240534,	Delta[s](3) = 0.280776,	Delta[s](4) = 0.280776,	Delta[s](5) = 0.240534,	Delta[s](6) = 0.178114,	Delta[s](7) = 0.240534,	Delta[s](8) = 0.240534,	Delta[s](9) = 0.178114,	Delta[s](10) = 0.253294,	Delta[s](11) = 0.178114,	Delta[s](12) = 0.280776,	Delta[s](13) = 0.240534,	Delta[s](14) = 0.178114,	Delta[s](15) = 0.240534,	Delta[d](0) = 0.236541,	Delta[d](1) = 0.189782,	Delta[d](2) = 0.194175,	Delta[d](3) = 0.189782,	Delta[d](4) = 0.189782,	Delta[d](5) = 0.133206,	Delta[d](6) = 0.139153,	Delta[d](7) = 0.133206,	Delta[d](8) = 0.194175,	Delta[d](9) = 0.139153,	Delta[d](10) = 0.0304557,	Delta[d](11) = 0.139153,	Delta[d](12) = 0.189782,	Delta[d](13) = 0.133206,	Delta[d](14) = 0.139153,	Delta[d](15) = 0.133206,	Delta[s+](0) = 0.444789,	Delta[s+](1) = 0.334541,	Delta[s+](2) = 0.194175,	Delta[s+](3) = 0.334541,	Delta[s+](4) = 0.334541,	Delta[s+](5) = 0.194175,	Delta[s+](6) = 0.0670263,	Delta[s+](7) = 0.194175,	Delta[s+](8) = 0.194175,	Delta[s+](9) = 0.0670263,	Delta[s+](10) = 0.014038,	Delta[s+](11) = 0.0670263,	Delta[s+](12) = 0.334541,	Delta[s+](13) = 0.194175,	Delta[s+](14) = 0.0670263,	Delta[s+](15) = 0.194175
The 10-th iteration is completed.	|| time cost : 0h 3m 12.116s
********************************************************************************************************************
Start the 11 rounds of NGS-ED iteration
	effective electronic model is modified as: kinetic energy t = 0.912598
	                                           effective interaction Vq = [ -1.00003,-0.935243,-0.907645,-0.935243,-0.935243,-0.907645,-0.864958,-0.907645,-0.907645,-0.864958,-0.971323,-0.864958,-0.935243,-0.907645,-0.864958,-0.907645]
	PARPACK diagonalization completed after 30 matrix-vector product operations.
	iteration results: : total energy is -40.785832 | electron energy -40.848015 + phonon energy 0.062183 | electron momentum kIdx = 10
The 11-th iteration is completed.	|| time cost : 0h 0m 20.441s
********************************************************************************************************************
Start the 12 rounds of NGS-ED iteration
	effective electronic model is modified as: kinetic energy t = 0.912586
	                                           effective interaction Vq = [ -1.00003,-0.935273,-0.907674,-0.935273,-0.935273,-0.907674,-0.864975,-0.907674,-0.907674,-0.864975,-0.971375,-0.864975,-0.935273,-0.907674,-0.864975,-0.907674]
	PARPACK diagonalization completed after 30 matrix-vector product operations.
	iteration results: : total energy is -40.785844 | electron energy -40.848073 + phonon energy 0.062230 | electron momentum kIdx = 10
The 12-th iteration is completed.	|| time cost : 0h 0m 20.434s
********************************************************************************************************************
Start the 13 rounds of NGS-ED iteration
	effective electronic model is modified as: kinetic energy t = 0.91258
	                                           effective interaction Vq = [ -1.00003,-0.935289, -0.90769,-0.935289,-0.935289, -0.90769,-0.864984, -0.90769, -0.90769,-0.864984,-0.971403,-0.864984,-0.935289, -0.90769,-0.864984, -0.90769]
	PARPACK diagonalization completed after 30 matrix-vector product operations.
	iteration results: : total energy is -40.785848 | electron energy -40.848103 + phonon energy 0.062255 | electron momentum kIdx = 10
The 13-th iteration is completed.	|| time cost : 0h 0m 20.506s
********************************************************************************************************************
Start the 14 rounds of NGS-ED iteration
	effective electronic model is modified as: kinetic energy t = 0.912577
	                                           effective interaction Vq = [ -1.00003,-0.935297,-0.907698,-0.935297,-0.935297,-0.907698,-0.864988,-0.907698,-0.907698,-0.864988,-0.971419,-0.864988,-0.935297,-0.907698,-0.864988,-0.907698]
	PARPACK diagonalization completed after 30 matrix-vector product operations.
	iteration results: : total energy is -40.785849 | electron energy -40.848118 + phonon energy 0.062269 | electron momentum kIdx = 10
The 14-th iteration is completed.	|| time cost : 0h 0m 20.649s
********************************************************************************************************************
Start the 15 rounds of NGS-ED iteration
	effective electronic model is modified as: kinetic energy t = 0.912575
	                                           effective interaction Vq = [ -1.00003,-0.935301,-0.907702,-0.935301,-0.935301,-0.907702,-0.864989,-0.907702,-0.907702,-0.864989,-0.971428,-0.864989,-0.935301,-0.907702,-0.864989,-0.907702]
	PARPACK diagonalization completed after 30 matrix-vector product operations.
	iteration results: : total energy is -40.785850 | electron energy -40.848126 + phonon energy 0.062276 | electron momentum kIdx = 10
The 15-th iteration is completed.	|| time cost : 0h 0m 20.644s
********************************************************************************************************************
Start the 16 rounds of NGS-ED iteration
	effective electronic model is modified as: kinetic energy t = 0.912575
	                                           effective interaction Vq = [ -1.00003,-0.935303,-0.907704,-0.935303,-0.935303,-0.907704, -0.86499,-0.907704,-0.907704, -0.86499,-0.971433, -0.86499,-0.935303,-0.907704, -0.86499,-0.907704]
	PARPACK diagonalization completed after 30 matrix-vector product operations.
	iteration results: : total energy is -40.785850 | electron energy -40.848130 + phonon energy 0.062280 | electron momentum kIdx = 10
The 16-th iteration is completed.	|| time cost : 0h 0m 20.525s
********************************************************************************************************************
Start the 17 rounds of NGS-ED iteration
	effective electronic model is modified as: kinetic energy t = 0.912574
	                                           effective interaction Vq = [ -1.00003,-0.935304,-0.907706,-0.935304,-0.935304,-0.907706,-0.864991,-0.907706,-0.907706,-0.864991,-0.971436,-0.864991,-0.935304,-0.907706,-0.864991,-0.907706]
	PARPACK diagonalization completed after 30 matrix-vector product operations.
	iteration results: : total energy is -40.785850 | electron energy -40.848132 + phonon energy 0.062282 | electron momentum kIdx = 10
The 17-th iteration is completed.	|| time cost : 0h 0m 20.432s
********************************************************************************************************************
Start the 18 rounds of NGS-ED iteration
	effective electronic model is modified as: kinetic energy t = 0.912574
	                                           effective interaction Vq = [ -1.00003,-0.935304,-0.907706,-0.935304,-0.935304,-0.907706,-0.864991,-0.907706,-0.907706,-0.864991,-0.971438,-0.864991,-0.935304,-0.907706,-0.864991,-0.907706]
	PARPACK diagonalization completed after 30 matrix-vector product operations.
	iteration results: : total energy is -40.785850 | electron energy -40.848133 + phonon energy 0.062283 | electron momentum kIdx = 10
The 18-th iteration is completed.	|| time cost : 0h 0m 20.511s
********************************************************************************************************************
Start the 19 rounds of NGS-ED iteration
	effective electronic model is modified as: kinetic energy t = 0.912574
	                                           effective interaction Vq = [ -1.00003,-0.935305,-0.907707,-0.935305,-0.935305,-0.907707,-0.864991,-0.907707,-0.907707,-0.864991,-0.971439,-0.864991,-0.935305,-0.907707,-0.864991,-0.907707]
	PARPACK diagonalization completed after 30 matrix-vector product operations.
	iteration results: : total energy is -40.785850 | electron energy -40.848134 + phonon energy 0.062284 | electron momentum kIdx = 10
The 19-th iteration is completed.	|| time cost : 0h 0m 20.529s
********************************************************************************************************************
Start the 20 rounds of NGS-ED iteration
	effective electronic model is modified as: kinetic energy t = 0.912574
	                                           effective interaction Vq = [ -1.00003,-0.935305,-0.907707,-0.935305,-0.935305,-0.907707,-0.864991,-0.907707,-0.907707,-0.864991,-0.971439,-0.864991,-0.935305,-0.907707,-0.864991,-0.907707]
	PARPACK diagonalization completed after 30 matrix-vector product operations.
	iteration results: : total energy is -40.785850 | electron energy -40.848134 + phonon energy 0.062284 | electron momentum kIdx = 10
	Nq(0) = 12.25,	Nq(1) = 0.382813,	Nq(2) = 0.586376,	Nq(3) = 0.382813,	Nq(4) = 0.382813,	Nq(5) = 0.586376,	Nq(6) = 0.653479,	Nq(7) = 0.586376,	Nq(8) = 0.586376,	Nq(9) = 0.653479,	Nq(10) = 2.32093,	Nq(11) = 0.653479,	Nq(12) = 0.382813,	Nq(13) = 0.586376,	Nq(14) = 0.653479,	Nq(15) = 0.586376,	Sq(0) = -1.31168e-18,	Sq(1) = 0.293662,	Sq(2) = 0.33615,	Sq(3) = 0.293662,	Sq(4) = 0.293662,	Sq(5) = 0.33615,	Sq(6) = 0.506075,	Sq(7) = 0.33615,	Sq(8) = 0.33615,	Sq(9) = 0.506075,	Sq(10) = 0.549798,	Sq(11) = 0.506075,	Sq(12) = 0.293662,	Sq(13) = 0.33615,	Sq(14) = 0.506075,	Sq(15) = 0.33615,	N(0) = 1.99037,	N(1) = 1.97417,	N(2) = 0.671885,	N(3) = 1.97417,	N(4) = 1.97417,	N(5) = 0.671885,	N(6) = 0.0184742,	N(7) = 0.671885,	N(8) = 0.671885,	N(9) = 0.0184742,	N(10) = 0.00772813,	N(11) = 0.0184742,	N(12) = 1.97417,	N(13) = 0.671885,	N(14) = 0.0184742,	N(15) = 0.671885,	Delta[s](0) = 0.584948,	Delta[s](1) = 0.280786,	Delta[s](2) = 0.240542,	Delta[s](3) = 0.280786,	Delta[s](4) = 0.280786,	Delta[s](5) = 0.240542,	Delta[s](6) = 0.178132,	Delta[s](7) = 0.240542,	Delta[s](8) = 0.240542,	Delta[s](9) = 0.178132,	Delta[s](10) = 0.253303,	Delta[s](11) = 0.178132,	Delta[s](12) = 0.280786,	Delta[s](13) = 0.240542,	Delta[s](14) = 0.178132,	Delta[s](15) = 0.240542,	Delta[d](0) = 0.236557,	Delta[d](1) = 0.189791,	Delta[d](2) = 0.194189,	Delta[d](3) = 0.189791,	Delta[d](4) = 0.189791,	Delta[d](5) = 0.133219,	Delta[d](6) = 0.13916,	Delta[d](7) = 0.133219,	Delta[d](8) = 0.194189,	Delta[d](9) = 0.13916,	Delta[d](10) = 0.0304649,	Delta[d](11) = 0.13916,	Delta[d](12) = 0.189791,	Delta[d](13) = 0.133219,	Delta[d](14) = 0.13916,	Delta[d](15) = 0.133219,	Delta[s+](0) = 0.444818,	Delta[s+](1) = 0.334562,	Delta[s+](2) = 0.194189,	Delta[s+](3) = 0.334562,	Delta[s+](4) = 0.334562,	Delta[s+](5) = 0.194189,	Delta[s+](6) = 0.0670317,	Delta[s+](7) = 0.194189,	Delta[s+](8) = 0.194189,	Delta[s+](9) = 0.0670317,	Delta[s+](10) = 0.014042,	Delta[s+](11) = 0.0670317,	Delta[s+](12) = 0.334562,	Delta[s+](13) = 0.194189,	Delta[s+](14) = 0.0670317,	Delta[s+](15) = 0.194189
The 20-th iteration is completed.	|| time cost : 0h 3m 12.978s
********************************************************************************************************************
Start the 21 rounds of NGS-ED iteration
	effective electronic model is modified as: kinetic energy t = 0.912574
	                                           effective interaction Vq = [ -1.00003,-0.935305,-0.907707,-0.935305,-0.935305,-0.907707,-0.864991,-0.907707,-0.907707,-0.864991,-0.971439,-0.864991,-0.935305,-0.907707,-0.864991,-0.907707]
	PARPACK diagonalization completed after 30 matrix-vector product operations.
	iteration results: : total energy is -40.785850 | electron energy -40.848135 + phonon energy 0.062284 | electron momentum kIdx = 10
The 21-th iteration is completed.	|| time cost : 0h 0m 20.494s
********************************************************************************************************************
Start the 22 rounds of NGS-ED iteration
	effective electronic model is modified as: kinetic energy t = 0.912574
	                                           effective interaction Vq = [ -1.00003,-0.935305,-0.907707,-0.935305,-0.935305,-0.907707,-0.864991,-0.907707,-0.907707,-0.864991, -0.97144,-0.864991,-0.935305,-0.907707,-0.864991,-0.907707]
	PARPACK diagonalization completed after 30 matrix-vector product operations.
	iteration results: : total energy is -40.785850 | electron energy -40.848135 + phonon energy 0.062285 | electron momentum kIdx = 10
The 22-th iteration is completed.	|| time cost : 0h 0m 20.438s
********************************************************************************************************************
Start the 23 rounds of NGS-ED iteration
	effective electronic model is modified as: kinetic energy t = 0.912574
	                                           effective interaction Vq = [ -1.00003,-0.935305,-0.907707,-0.935305,-0.935305,-0.907707,-0.864991,-0.907707,-0.907707,-0.864991, -0.97144,-0.864991,-0.935305,-0.907707,-0.864991,-0.907707]
	PARPACK diagonalization completed after 30 matrix-vector product operations.
	iteration results: : total energy is -40.785850 | electron energy -40.848135 + phonon energy 0.062285 | electron momentum kIdx = 10
