SNEDics v3.22.2 Non-Gaussian ED ground state program		Start at Sun May 29 13:14:27 2022

Parallelization: 32 MPI threads  * 8 OpenMP threads = 256 total threads.
********************************************************************************************************************
********************************************************************************************************************

********************************************************************************************************************
System parameters and configurations
	special program options are enabled: splitted diagonal Hamiltonian | splitted Hamiltonian terms
********************************************************************************************************************
Read input file "model_params.in"
	Hubbard-Holstein model parameters : 	t = 1    t' = -0.3    U = 8    g = 0.45    W = 0.2    g' = 0.15    
********************************************************************************************************************
Read input file "hilbertspace_params.in"
	Requested 16-site 2D lattice, with 12 electrons (6, 6)
	Boundary : Periodic		Hilbert space representation : momentum-space (restricted to kIdx = 10)
	Conservation: particle number[U(1)]      spin[U(1)]     momentum
********************************************************************************************************************

Cluster Positions:				Cluster symmetry group : D4
 x ... x ... x ... x .....                       x ... x ... x ... x .....
 |           |           :                       |           |           :
 |           |           :                       |           |           :
12    13    14    15     x                       1     5     6     5     x
 |           |           :                       |           |           :
 |           |           :                       |           |           :
 8 --- 9 ---10 ---11 --- x                       2 --- 6 ---10 --- 6 --- x
 |           |           :                       |           |           :
 |           |           :                       |           |           :
 4     5     6     7     x                       1     5     6     5     x
 |           |           :                       |           |           :
 |           |           :                       |           |           :
 0 --- 1 --- 2 --- 3 --- x                       0 --- 1 --- 2 --- 1 --- x
orbital number : 1
********************************************************************************************************************
Read input file "obs_params.in"
	Observable Type : Nq(All),   Sq(All),   N(All-Orbital),   Delta[s](All),   Delta[d](All),   Delta[s+](All)
** WARNING ** the input observables have non-local factors which have been reinterpreted. The total observable number is 96
********************************************************************************************************************


********************************************************************************************************************
Start calculating the non-Gaussian ED ground state
Maximal iteration number is 1000; energy resolution is 1e-06. Phonon state relaxation time is 2000
W = 0.2 is relatively large. The non-Gaussian ED calculation starts directly.
open output files: NGSED_iteration_observables.txt
********************************************************************************************************************
Start the 0 rounds of NGS-ED iteration
	effective electronic model is modified as: kinetic energy t = 1, t' = -0.3
	                                           effective interaction Vq = [0,0,0,0,0,0,0,0,0,0,0,0,0,0,0,0]
	first Hamiltonian is constructed, size = 4008592 and non-zero numbers = 969952276
	PARPACK diagonalization completed after 120 matrix-vector product operations.
	iteration results: : total energy is -14.904199 | electron energy -14.904199 + phonon energy 0.000000 | electron momentum kIdx = 10
	Nq(0) = 9,	Nq(1) = 0.183693,	Nq(2) = 0.250775,	Nq(3) = 0.183693,	Nq(4) = 0.183693,	Nq(5) = 0.258947,	
	Nq(6) = 0.308855,	Nq(7) = 0.258947,	Nq(8) = 0.250775,	Nq(9) = 0.308855,	Nq(10) = 0.355902,	
	Nq(11) = 0.308855,	Nq(12) = 0.183693,	Nq(13) = 0.258947,	Nq(14) = 0.308855,	Nq(15) = 0.258947;	
	Sq(0) = 3.45099e-18,	Sq(1) = 0.504384,	Sq(2) = 0.469115,	Sq(3) = 0.504384,	Sq(4) = 0.504384,	
	Sq(5) = 0.735911,	Sq(6) = 0.943053,	Sq(7) = 0.735911,	Sq(8) = 0.469115,	Sq(9) = 0.943053,	
	Sq(10) = 1.46495,	Sq(11) = 0.943053,	Sq(12) = 0.504384,	Sq(13) = 0.735911,	Sq(14) = 0.943053,	
	Sq(15) = 0.735911;	N(0) = 1.70338,	N(1) = 1.58882,	N(2) = 1.04187,	N(3) = 1.58882,	
	N(4) = 1.58882,	N(5) = 0.289608,	N(6) = 0.157281,	N(7) = 0.289608,	N(8) = 1.04187,	
	N(9) = 0.157281,	N(10) = 0.0700575,	N(11) = 0.157281,	N(12) = 1.58882,	N(13) = 0.289608,	
	N(14) = 0.157281,	N(15) = 0.289608;	Delta[s](0) = 0.059409,	Delta[s](1) = 0.0410478,	Delta[s](2) = 0.0321931,	
	Delta[s](3) = 0.0410478,	Delta[s](4) = 0.0410478,	Delta[s](5) = 0.022621,	Delta[s](6) = 0.0127063,	Delta[s](7) = 0.022621,	
	Delta[s](8) = 0.0321931,	Delta[s](9) = 0.0127063,	Delta[s](10) = 0.00242161,	Delta[s](11) = 0.0127063,	Delta[s](12) = 0.0410478,	
	Delta[s](13) = 0.022621,	Delta[s](14) = 0.0127063,	Delta[s](15) = 0.022621;	Delta[d](0) = 0.272366,	Delta[d](1) = 0.219253,	
	Delta[d](2) = 0.260959,	Delta[d](3) = 0.219253,	Delta[d](4) = 0.219253,	Delta[d](5) = 0.148652,	Delta[d](6) = 0.197597,	
	Delta[d](7) = 0.148652,	Delta[d](8) = 0.260959,	Delta[d](9) = 0.197597,	Delta[d](10) = 0.325331,	Delta[d](11) = 0.197597,	
	Delta[d](12) = 0.219253,	Delta[d](13) = 0.148652,	Delta[d](14) = 0.197597,	Delta[d](15) = 0.148652;	Delta[s+](0) = 0.4973,	
	Delta[s+](1) = 0.347437,	Delta[s+](2) = 0.260959,	Delta[s+](3) = 0.347437,	Delta[s+](4) = 0.347437,	Delta[s+](5) = 0.158219,	
	Delta[s+](6) = 0.0723231,	Delta[s+](7) = 0.158219,	Delta[s+](8) = 0.260959,	Delta[s+](9) = 0.0723231,	Delta[s+](10) = 0.0240496,	
	Delta[s+](11) = 0.0723231,	Delta[s+](12) = 0.347437,	Delta[s+](13) = 0.158219,	Delta[s+](14) = 0.0723231,	Delta[s+](15) = 0.158219
	
The 0-th iteration is completed.	|| time cost : 0h 2m 1.756s
********************************************************************************************************************
Start the 1 rounds of NGS-ED iteration
	effective electronic model is modified as: kinetic energy t = 0.986995, t' = -0.293184
	                                           effective interaction Vq = [    -5.5125,  -0.465493, -0.0916231,  -0.465493,  -0.465493, -0.0970781, -0.0078964, -0.0970781, -0.0916231, -0.0078964,-0.00696512, -0.0078964,  -0.465493, -0.0970781, -0.0078964, -0.0970781]
	PARPACK diagonalization completed after 45 matrix-vector product operations.
	iteration results: : total energy is -64.747193 | electron energy -64.783518 + phonon energy 0.036325 | electron momentum kIdx = 10
The 1-th iteration is completed.	|| time cost : 0h 1m 18.098s
********************************************************************************************************************
Start the 2 rounds of NGS-ED iteration
	effective electronic model is modified as: kinetic energy t = 0.985778, t' = -0.292457
	                                           effective interaction Vq = [    -5.5125,  -0.509402, -0.0906713,  -0.509402,  -0.509402, -0.0970748,-0.00780263, -0.0970748, -0.0906713,-0.00780263,-0.00689412,-0.00780263,  -0.509402, -0.0970748,-0.00780263, -0.0970748]
	PARPACK diagonalization completed after 45 matrix-vector product operations.
	iteration results: : total energy is -64.748086 | electron energy -64.794081 + phonon energy 0.045995 | electron momentum kIdx = 10
The 2-th iteration is completed.	|| time cost : 0h 0m 11.491s
********************************************************************************************************************
Start the 3 rounds of NGS-ED iteration
	effective electronic model is modified as: kinetic energy t = 0.985635, t' = -0.292371
	                                           effective interaction Vq = [    -5.5125,  -0.514637, -0.0905126,  -0.514637,  -0.514637, -0.0969878,-0.00779622, -0.0969878, -0.0905126,-0.00779622,-0.00688904,-0.00779622,  -0.514637, -0.0969878,-0.00779622, -0.0969878]
	PARPACK diagonalization completed after 30 matrix-vector product operations.
	iteration results: : total energy is -64.748098 | electron energy -64.795295 + phonon energy 0.047197 | electron momentum kIdx = 10
The 3-th iteration is completed.	|| time cost : 0h 0m 9.547s
********************************************************************************************************************
Start the 4 rounds of NGS-ED iteration
	effective electronic model is modified as: kinetic energy t = 0.985618, t' = -0.29236
	                                           effective interaction Vq = [    -5.5125,  -0.515275, -0.0904935,  -0.515275,  -0.515275, -0.0969765,-0.00779548, -0.0969765, -0.0904935,-0.00779548,-0.00688845,-0.00779548,  -0.515275, -0.0969765,-0.00779548, -0.0969765]
	PARPACK diagonalization completed after 30 matrix-vector product operations.
	iteration results: : total energy is -64.748098 | electron energy -64.795443 + phonon energy 0.047344 | electron momentum kIdx = 10
The 4-th iteration is completed.	|| time cost : 0h 0m 9.539s
********************************************************************************************************************
Start the 5 rounds of NGS-ED iteration
	effective electronic model is modified as: kinetic energy t = 0.985616, t' = -0.292359
	                                           effective interaction Vq = [    -5.5125,  -0.515353, -0.0904912,  -0.515353,  -0.515353, -0.0969752,-0.00779539, -0.0969752, -0.0904912,-0.00779539,-0.00688838,-0.00779539,  -0.515353, -0.0969752,-0.00779539, -0.0969752]
	PARPACK diagonalization completed after 30 matrix-vector product operations.
	iteration results: : total energy is -64.748098 | electron energy -64.795461 + phonon energy 0.047362 | electron momentum kIdx = 10
The 5-th iteration is completed.	|| time cost : 0h 0m 9.535s
********************************************************************************************************************
Start the 6 rounds of NGS-ED iteration
	effective electronic model is modified as: kinetic energy t = 0.985615, t' = -0.292359
	                                           effective interaction Vq = [    -5.5125,  -0.515362, -0.0904909,  -0.515362,  -0.515362,  -0.096975,-0.00779538,  -0.096975, -0.0904909,-0.00779538,-0.00688837,-0.00779538,  -0.515362,  -0.096975,-0.00779538,  -0.096975]
	PARPACK diagonalization completed after 30 matrix-vector product operations.
	iteration results: : total energy is -64.748098 | electron energy -64.795463 + phonon energy 0.047364 | electron momentum kIdx = 10
The 6-th iteration is completed.	|| time cost : 0h 0m 9.543s
********************************************************************************************************************
Start the 7 rounds of NGS-ED iteration
	effective electronic model is modified as: kinetic energy t = 0.985615, t' = -0.292359
	                                           effective interaction Vq = [    -5.5125,  -0.515363, -0.0904909,  -0.515363,  -0.515363,  -0.096975,-0.00779538,  -0.096975, -0.0904909,-0.00779538,-0.00688837,-0.00779538,  -0.515363,  -0.096975,-0.00779538,  -0.096975]
	PARPACK diagonalization completed after 30 matrix-vector product operations.
	iteration results: : total energy is -64.748098 | electron energy -64.795463 + phonon energy 0.047365 | electron momentum kIdx = 10
The 7-th iteration is completed.	|| time cost : 0h 0m 9.58s
********************************************************************************************************************
Start the 8 rounds of NGS-ED iteration
	effective electronic model is modified as: kinetic energy t = 0.985615, t' = -0.292359
	                                           effective interaction Vq = [    -5.5125,  -0.515364, -0.0904909,  -0.515364,  -0.515364,  -0.096975,-0.00779538,  -0.096975, -0.0904909,-0.00779538,-0.00688837,-0.00779538,  -0.515364,  -0.096975,-0.00779538,  -0.096975]
	PARPACK diagonalization completed after 30 matrix-vector product operations.
	iteration results: : total energy is -64.748098 | electron energy -64.795463 + phonon energy 0.047365 | electron momentum kIdx = 10
	Nq(0) = 9,	Nq(1) = 0.194826,	Nq(2) = 0.248925,	Nq(3) = 0.194826,	Nq(4) = 0.194826,	Nq(5) = 0.259977,	
	Nq(6) = 0.306606,	Nq(7) = 0.259977,	Nq(8) = 0.248925,	Nq(9) = 0.306606,	Nq(10) = 0.354404,	
	Nq(11) = 0.306606,	Nq(12) = 0.194826,	Nq(13) = 0.259977,	Nq(14) = 0.306606,	Nq(15) = 0.259977;	
	Sq(0) = 6.26464e-19,	Sq(1) = 0.502452,	Sq(2) = 0.465392,	Sq(3) = 0.502452,	Sq(4) = 0.502452,	
	Sq(5) = 0.728474,	Sq(6) = 0.93956,	Sq(7) = 0.728474,	Sq(8) = 0.465392,	Sq(9) = 0.93956,	
	Sq(10) = 1.48938,	Sq(11) = 0.93956,	Sq(12) = 0.502452,	Sq(13) = 0.728474,	Sq(14) = 0.93956,	
	Sq(15) = 0.728474;	N(0) = 1.71106,	N(1) = 1.60458,	N(2) = 1.0352,	N(3) = 1.60458,	
	N(4) = 1.60458,	N(5) = 0.275905,	N(6) = 0.155864,	N(7) = 0.275905,	N(8) = 1.0352,	
	N(9) = 0.155864,	N(10) = 0.0731633,	N(11) = 0.155864,	N(12) = 1.60458,	N(13) = 0.275905,	
	N(14) = 0.155864,	N(15) = 0.275905;	Delta[s](0) = 0.0615362,	Delta[s](1) = 0.0426002,	Delta[s](2) = 0.0335683,	
	Delta[s](3) = 0.0426002,	Delta[s](4) = 0.0426002,	Delta[s](5) = 0.0236931,	Delta[s](6) = 0.0131656,	Delta[s](7) = 0.0236931,	
	Delta[s](8) = 0.0335683,	Delta[s](9) = 0.0131656,	Delta[s](10) = 0.00243493,	Delta[s](11) = 0.0131656,	Delta[s](12) = 0.0426002,	
	Delta[s](13) = 0.0236931,	Delta[s](14) = 0.0131656,	Delta[s](15) = 0.0236931;	Delta[d](0) = 0.273347,	Delta[d](1) = 0.221274,	
	Delta[d](2) = 0.263212,	Delta[d](3) = 0.221274,	Delta[d](4) = 0.221274,	Delta[d](5) = 0.148566,	Delta[d](6) = 0.196602,	
	Delta[d](7) = 0.148566,	Delta[d](8) = 0.263212,	Delta[d](9) = 0.196602,	Delta[d](10) = 0.329511,	Delta[d](11) = 0.196602,	
	Delta[d](12) = 0.221274,	Delta[d](13) = 0.148566,	Delta[d](14) = 0.196602,	Delta[d](15) = 0.148566;	Delta[s+](0) = 0.504513,	
	Delta[s+](1) = 0.351698,	Delta[s+](2) = 0.263212,	Delta[s+](3) = 0.351698,	Delta[s+](4) = 0.351698,	Delta[s+](5) = 0.159369,	
	Delta[s+](6) = 0.0720891,	Delta[s+](7) = 0.159369,	Delta[s+](8) = 0.263212,	Delta[s+](9) = 0.0720891,	Delta[s+](10) = 0.0242454,	
	Delta[s+](11) = 0.0720891,	Delta[s+](12) = 0.351698,	Delta[s+](13) = 0.159369,	Delta[s+](14) = 0.0720891,	Delta[s+](15) = 0.159369
	
The 8-th iteration is completed.	|| time cost : 0h 1m 19.736s
********************************************************************************************************************
********************************************************************************************************************
Ground state is obtained after 9 iterations. The current ground-state energy is -64.7481, in which electron energy is -64.7955 and phonon energy is 0.0473647
Final variational state is: 
	Gamma_x = [      1,1.58443,1.11602,1.58443,1.58443,1.13041, 1.0118,1.13041,1.11602, 1.0118,1.01209, 1.0118,1.58443,1.13041, 1.0118,1.13041]
	lambda_q = [      5.25,  0.360947,  0.102898,  0.360947,  0.360947,  0.110461,  0.026451,  0.110461,  0.102898,  0.026451,-0.0233239,  0.026451,  0.360947,  0.110461,  0.026451,  0.110461]
Effective e-e interactions mediated by phonons are:
	momentum-space Vq = [    -5.5125,  -0.515364, -0.0904909,  -0.515364,  -0.515364,  -0.096975,-0.00779538,  -0.096975, -0.0904909,-0.00779538,-0.00688837,-0.00779538,  -0.515364,  -0.096975,-0.00779538,  -0.096975]
	real-space Vr = [-0.511307,-0.407547,-0.332029,-0.407547,-0.407547, -0.33365,-0.280655, -0.33365,-0.332029,-0.280655,-0.249727,-0.280655,-0.407547, -0.33365,-0.280655, -0.33365]
********************************************************************************************************************
o___o  ----------------------------------------
| L |	Time since last clock: 0h 0m 0.008s
A===A	Time since the beginning: 0h 5m 38.84s
***********************************************


Non-Gaussina ED ground state calculation is completed. The final ground-state energy is -64.7481
********************************************************************************************************************
o___o  ----------------------------------------
| L |	Time since last clock: 0h 0m 0.003s
A===A	Time since the beginning: 0h 5m 38.843s
***********************************************



********************************************************************************************************************
All non-Gaussian ED ground state calculations have been completed. Exit now.
