TACC:  Starting up job 4375418 
TACC:  Starting parallel tasks... 
SNEDics v3.4 Non-Gaussian ED ground state program		Start at Sat Sep 21 17:07:33 2019

parallized on 32 MPI threads  * 6 OpenMP threads = 192 total threads.
********************************************************************************************************************
********************************************************************************************************************

********************************************************************************************************************
System parameters and configurations
********************************************************************************************************************
Special program options are enabled: splitted diagonal Hamiltonian
********************************************************************************************************************
Read input file "model_params.in"
	Hubbard-Holstein model parameters : 	t = 1    U = 5    g = 3.873    W = 5    
********************************************************************************************************************
Read input file "hilbertspace_params.in"
	Requested 16-site 2D lattice, with 16 electrons (8, 8)
	Boundary : Periodic		Hilbert space representation : momentum-space (restricted to kIdx = 10)
	Conservation: particle number[U(1)]      spin[U(1)]     momentum
********************************************************************************************************************

Cluster Positions:				Cluster symmetry group : D4
 x ... x ... x ... x .....                       x ... x ... x ... x .....
 |           |           :                       |           |           :
 |           |           :                       |           |           :
12    13    14    15     x                       1     5     6     5     x
 |           |           :                       |           |           :
 |           |           :                       |           |           :
 8 --- 9 ---10 ---11 --- x                       2 --- 6 ---10 --- 6 --- x
 |           |           :                       |           |           :
 |           |           :                       |           |           :
 4     5     6     7     x                       1     5     6     5     x
 |           |           :                       |           |           :
 |           |           :                       |           |           :
 0 --- 1 --- 2 --- 3 --- x                       0 --- 1 --- 2 --- 1 --- x
orbital number : 1
********************************************************************************************************************
Read input file "obs_params.in"
	Observable Type : Nq(All),   Sq(All),   N(All),   Delta[s](All),   Delta[d](All),   Delta[s+](All)
********************************************************************************************************************
** WARNING ** the input observables have non-local factors which have been reinterpreted. The total observable number is 96
********************************************************************************************************************


********************************************************************************************************************
Start calculating the non-Gaussian ED ground state
** WARNING ** Detected low phonon energy W < 10. The initial state will be prepared through a warm-up process.
********************************************************************************************************************
Start warm-up calculation for scaling factor 2
open output files: NGSEDWarmUpW10Obs.txt
********************************************************************************************************************
Start the 0 rounds of NGS-ED iteration
	effective electronic model is modified as: kinetic energy t = 1
	                                           effective interaction Vq = [0,0,0,0,0,0,0,0,0,0,0,0,0,0,0,0]
	first Hamiltonian is constructed, non-zero numbers = 2845334624
	PARPACK diagonalization completed after 105 matrix-vector product operations.
	iteration results: : total energy is -11.764498 | electron energy -11.764498 + phonon energy 0.000000 | electron momentum kIdx = 10
	Nq(0) = 16,	Nq(1) = 0.129087,	Nq(2) = 0.19735,	Nq(3) = 0.129087,	Nq(4) = 0.129087,	Nq(5) = 0.19735,	Nq(6) = 0.267812,	Nq(7) = 0.19735,	Nq(8) = 0.19735,	Nq(9) = 0.267812,	Nq(10) = 0.326327,	Nq(11) = 0.267812,	Nq(12) = 0.129087,	Nq(13) = 0.19735,	Nq(14) = 0.267812,	Nq(15) = 0.19735,	Sq(0) = 2.55242e-18,	Sq(1) = 0.28904,	Sq(2) = 0.410486,	Sq(3) = 0.28904,	Sq(4) = 0.28904,	Sq(5) = 0.410486,	Sq(6) = 0.60958,	Sq(7) = 0.410486,	Sq(8) = 0.410486,	Sq(9) = 0.60958,	Sq(10) = 6.84458,	Sq(11) = 0.60958,	Sq(12) = 0.28904,	Sq(13) = 0.410486,	Sq(14) = 0.60958,	Sq(15) = 0.410486,	N(0) = 1.89631,	N(1) = 1.77119,	N(2) = 1,	N(3) = 1.77119,	N(4) = 1.77119,	N(5) = 1,	N(6) = 0.228806,	N(7) = 1,	N(8) = 1,	N(9) = 0.228806,	N(10) = 0.103694,	N(11) = 0.228806,	N(12) = 1.77119,	N(13) = 1,	N(14) = 0.228806,	N(15) = 1,	Delta[s](0) = 0.146225,	Delta[s](1) = 0.124405,	Delta[s](2) = 0.0981938,	Delta[s](3) = 0.124405,	Delta[s](4) = 0.124405,	Delta[s](5) = 0.0981938,	Delta[s](6) = 0.0727586,	Delta[s](7) = 0.0981938,	Delta[s](8) = 0.0981938,	Delta[s](9) = 0.0727586,	Delta[s](10) = 0.0249696,	Delta[s](11) = 0.0727586,	Delta[s](12) = 0.124405,	Delta[s](13) = 0.0981938,	Delta[s](14) = 0.0727586,	Delta[s](15) = 0.0981938,	Delta[d](0) = 0.527672,	Delta[d](1) = 0.411409,	Delta[d](2) = 0.345005,	Delta[d](3) = 0.411409,	Delta[d](4) = 0.411409,	Delta[d](5) = 0.384668,	Delta[d](6) = 0.317639,	Delta[d](7) = 0.384668,	Delta[d](8) = 0.345005,	Delta[d](9) = 0.317639,	Delta[d](10) = 0.257221,	Delta[d](11) = 0.317639,	Delta[d](12) = 0.411409,	Delta[d](13) = 0.384668,	Delta[d](14) = 0.317639,	Delta[d](15) = 0.384668,	Delta[s+](0) = 0.594581,	Delta[s+](1) = 0.490595,	Delta[s+](2) = 0.345005,	Delta[s+](3) = 0.490595,	Delta[s+](4) = 0.490595,	Delta[s+](5) = 0.345005,	Delta[s+](6) = 0.203069,	Delta[s+](7) = 0.345005,	Delta[s+](8) = 0.345005,	Delta[s+](9) = 0.203069,	Delta[s+](10) = 0.087886,	Delta[s+](11) = 0.203069,	Delta[s+](12) = 0.490595,	Delta[s+](13) = 0.345005,	Delta[s+](14) = 0.203069,	Delta[s+](15) = 0.345005
The 0-th iteration is completed.	|| time cost : 0h 5m 36.163s
********************************************************************************************************************
Start the 1 rounds of NGS-ED iteration
	effective electronic model is modified as: kinetic energy t = 0.928679
	                                           effective interaction Vq = [-2.59402,-2.33428,-2.25806,-2.33428,-2.33428,-2.25806,-2.22571,-2.25806,-2.25806,-2.22571,-2.19415,-2.22571,-2.33428,-2.25806,-2.22571,-2.25806]
	PARPACK diagonalization completed after 45 matrix-vector product operations.
	iteration results: : total energy is -62.172664 | electron energy -62.177062 + phonon energy 0.004398 | electron momentum kIdx = 10
The 1-th iteration is completed.	|| time cost : 0h 3m 33.36s
********************************************************************************************************************
Start the 2 rounds of NGS-ED iteration
	effective electronic model is modified as: kinetic energy t = 0.872775
	                                           effective interaction Vq = [-2.94508, -2.8085,-2.68818, -2.8085, -2.8085,-2.68818,-2.69774,-2.68818,-2.68818,-2.69774,-2.63162,-2.69774, -2.8085,-2.68818,-2.69774,-2.68818]
	PARPACK diagonalization completed after 45 matrix-vector product operations.
	iteration results: : total energy is -69.813867 | electron energy -69.853249 + phonon energy 0.039382 | electron momentum kIdx = 10
The 2-th iteration is completed.	|| time cost : 0h 0m 24.146s
********************************************************************************************************************
Start the 3 rounds of NGS-ED iteration
	effective electronic model is modified as: kinetic energy t = 0.842519
	                                           effective interaction Vq = [-2.99259,-2.91316,-2.87117,-2.91316,-2.91316,-2.87117,-2.82077,-2.87117,-2.87117,-2.82077,-2.74404,-2.82077,-2.91316,-2.87117,-2.82077,-2.87117]
	PARPACK diagonalization completed after 30 matrix-vector product operations.
	iteration results: : total energy is -71.107687 | electron energy -71.181535 + phonon energy 0.073849 | electron momentum kIdx = 10
The 3-th iteration is completed.	|| time cost : 0h 0m 20.496s
********************************************************************************************************************
Start the 4 rounds of NGS-ED iteration
	effective electronic model is modified as: kinetic energy t = 0.831597
	                                           effective interaction Vq = [-2.99902,-2.93916,-2.91759,-2.93916,-2.93916,-2.91759,-2.85544,-2.91759,-2.91759,-2.85544,-2.77725,-2.85544,-2.93916,-2.91759,-2.85544,-2.91759]
	PARPACK diagonalization completed after 30 matrix-vector product operations.
	iteration results: : total energy is -71.278183 | electron energy -71.370239 + phonon energy 0.092056 | electron momentum kIdx = 10
The 4-th iteration is completed.	|| time cost : 0h 0m 24.335s
********************************************************************************************************************
Start the 5 rounds of NGS-ED iteration
	effective electronic model is modified as: kinetic energy t = 0.82779
	                                           effective interaction Vq = [-2.99989,-2.94683, -2.9314,-2.94683,-2.94683, -2.9314,-2.86649, -2.9314, -2.9314,-2.86649, -2.7881,-2.86649,-2.94683, -2.9314,-2.86649, -2.9314]
	PARPACK diagonalization completed after 30 matrix-vector product operations.
	iteration results: : total energy is -71.300290 | electron energy -71.399639 + phonon energy 0.099348 | electron momentum kIdx = 10
The 5-th iteration is completed.	|| time cost : 0h 0m 25.039s
********************************************************************************************************************
Start the 6 rounds of NGS-ED iteration
	effective electronic model is modified as: kinetic energy t = 0.826477
	                                           effective interaction Vq = [-3.00001,-2.94928,-2.93589,-2.94928,-2.94928,-2.93589,-2.87021,-2.93589,-2.93589,-2.87021,-2.79178,-2.87021,-2.94928,-2.93589,-2.87021,-2.93589]
	PARPACK diagonalization completed after 30 matrix-vector product operations.
	iteration results: : total energy is -71.303146 | electron energy -71.405149 + phonon energy 0.102002 | electron momentum kIdx = 10
The 6-th iteration is completed.	|| time cost : 0h 0m 22.807s
********************************************************************************************************************
Start the 7 rounds of NGS-ED iteration
	effective electronic model is modified as: kinetic energy t = 0.826026
	                                           effective interaction Vq = [-3.00002,-2.95009,-2.93739,-2.95009,-2.95009,-2.93739,-2.87148,-2.93739,-2.93739,-2.87148,-2.79305,-2.87148,-2.95009,-2.93739,-2.87148,-2.93739]
	PARPACK diagonalization completed after 30 matrix-vector product operations.
	iteration results: : total energy is -71.303516 | electron energy -71.406451 + phonon energy 0.102935 | electron momentum kIdx = 10
The 7-th iteration is completed.	|| time cost : 0h 0m 20.526s
********************************************************************************************************************
Start the 8 rounds of NGS-ED iteration
	effective electronic model is modified as: kinetic energy t = 0.825871
	                                           effective interaction Vq = [-3.00003,-2.95036, -2.9379,-2.95036,-2.95036, -2.9379,-2.87191, -2.9379, -2.9379,-2.87191,-2.79349,-2.87191,-2.95036, -2.9379,-2.87191, -2.9379]
	PARPACK diagonalization completed after 30 matrix-vector product operations.
	iteration results: : total energy is -71.303564 | electron energy -71.406822 + phonon energy 0.103258 | electron momentum kIdx = 10
The 8-th iteration is completed.	|| time cost : 0h 0m 20.485s
********************************************************************************************************************
Start the 9 rounds of NGS-ED iteration
	effective electronic model is modified as: kinetic energy t = 0.825818
	                                           effective interaction Vq = [-3.00003,-2.95045,-2.93808,-2.95045,-2.95045,-2.93808,-2.87207,-2.93808,-2.93808,-2.87207,-2.79364,-2.87207,-2.95045,-2.93808,-2.87207,-2.93808]
	PARPACK diagonalization completed after 105 matrix-vector product operations.
	iteration results: : total energy is -71.561227 | electron energy -71.664597 + phonon energy 0.103370 | electron momentum kIdx = 10
The 9-th iteration is completed.	|| time cost : 0h 0m 38.997s
********************************************************************************************************************
Start the 10 rounds of NGS-ED iteration
	effective electronic model is modified as: kinetic energy t = 0.823145
	                                           effective interaction Vq = [-3.00003,-2.94728,-2.94588,-2.94728,-2.94728,-2.94588,-2.86694,-2.94588,-2.94588,-2.86694,-2.86388,-2.86694,-2.94728,-2.94588,-2.86694,-2.94588]
	PARPACK diagonalization completed after 45 matrix-vector product operations.
	iteration results: : total energy is -71.580874 | electron energy -71.687001 + phonon energy 0.106127 | electron momentum kIdx = 10
	Nq(0) = 16,	Nq(1) = 0.383932,	Nq(2) = 0.775688,	Nq(3) = 0.383932,	Nq(4) = 0.383932,	Nq(5) = 0.775688,	Nq(6) = 0.638638,	Nq(7) = 0.775688,	Nq(8) = 0.775688,	Nq(9) = 0.638638,	Nq(10) = 1.00452,	Nq(11) = 0.638638,	Nq(12) = 0.383932,	Nq(13) = 0.775688,	Nq(14) = 0.638638,	Nq(15) = 0.775688,	Sq(0) = 4.66356e-19,	Sq(1) = 0.331178,	Sq(2) = 0.355101,	Sq(3) = 0.331178,	Sq(4) = 0.331178,	Sq(5) = 0.355101,	Sq(6) = 0.554446,	Sq(7) = 0.355101,	Sq(8) = 0.355101,	Sq(9) = 0.554446,	Sq(10) = 0.577965,	Sq(11) = 0.554446,	Sq(12) = 0.331178,	Sq(13) = 0.355101,	Sq(14) = 0.554446,	Sq(15) = 0.355101,	N(0) = 1.99672,	N(1) = 1.99148,	N(2) = 1,	N(3) = 1.99148,	N(4) = 1.99148,	N(5) = 1,	N(6) = 0.00852312,	N(7) = 1,	N(8) = 1,	N(9) = 0.00852312,	N(10) = 0.00328097,	N(11) = 0.00852312,	N(12) = 1.99148,	N(13) = 1,	N(14) = 0.00852312,	N(15) = 1,	Delta[s](0) = 0.452705,	Delta[s](1) = 0.319926,	Delta[s](2) = 0.278179,	Delta[s](3) = 0.319926,	Delta[s](4) = 0.319926,	Delta[s](5) = 0.278179,	Delta[s](6) = 0.256012,	Delta[s](7) = 0.278179,	Delta[s](8) = 0.278179,	Delta[s](9) = 0.256012,	Delta[s](10) = 0.448939,	Delta[s](11) = 0.256012,	Delta[s](12) = 0.319926,	Delta[s](13) = 0.278179,	Delta[s](14) = 0.256012,	Delta[s](15) = 0.278179,	Delta[d](0) = 0.338239,	Delta[d](1) = 0.281991,	Delta[d](2) = 0.254767,	Delta[d](3) = 0.281991,	Delta[d](4) = 0.281991,	Delta[d](5) = 0.251065,	Delta[d](6) = 0.238937,	Delta[d](7) = 0.251065,	Delta[d](8) = 0.254767,	Delta[d](9) = 0.238937,	Delta[d](10) = 0.164305,	Delta[d](11) = 0.238937,	Delta[d](12) = 0.281991,	Delta[d](13) = 0.251065,	Delta[d](14) = 0.238937,	Delta[d](15) = 0.251065,	Delta[s+](0) = 0.456984,	Delta[s+](1) = 0.376587,	Delta[s+](2) = 0.254767,	Delta[s+](3) = 0.376587,	Delta[s+](4) = 0.376587,	Delta[s+](5) = 0.254767,	Delta[s+](6) = 0.126732,	Delta[s+](7) = 0.254767,	Delta[s+](8) = 0.254767,	Delta[s+](9) = 0.126732,	Delta[s+](10) = 0.0422477,	Delta[s+](11) = 0.126732,	Delta[s+](12) = 0.376587,	Delta[s+](13) = 0.254767,	Delta[s+](14) = 0.126732,	Delta[s+](15) = 0.254767
The 10-th iteration is completed.	|| time cost : 0h 4m 15.07s
********************************************************************************************************************
Start the 11 rounds of NGS-ED iteration
	effective electronic model is modified as: kinetic energy t = 0.822079
	                                           effective interaction Vq = [-3.00003,-2.94626,-2.94811,-2.94626,-2.94626,-2.94811,-2.86518,-2.94811,-2.94811,-2.86518,-2.89054,-2.86518,-2.94626,-2.94811,-2.86518,-2.94811]
	PARPACK diagonalization completed after 45 matrix-vector product operations.
	iteration results: : total energy is -71.585046 | electron energy -71.693464 + phonon energy 0.108418 | electron momentum kIdx = 10
The 11-th iteration is completed.	|| time cost : 0h 0m 28.375s
********************************************************************************************************************
Start the 12 rounds of NGS-ED iteration
	effective electronic model is modified as: kinetic energy t = 0.821519
	                                           effective interaction Vq = [-3.00003, -2.9461,-2.94817, -2.9461, -2.9461,-2.94817,-2.86487,-2.94817,-2.94817,-2.86487,-2.90606,-2.86487, -2.9461,-2.94817,-2.86487,-2.94817]
	PARPACK diagonalization completed after 30 matrix-vector product operations.
	iteration results: : total energy is -71.587385 | electron energy -71.697129 + phonon energy 0.109744 | electron momentum kIdx = 10
The 12-th iteration is completed.	|| time cost : 0h 0m 22.675s
********************************************************************************************************************
Start the 13 rounds of NGS-ED iteration
	effective electronic model is modified as: kinetic energy t = 0.821033
	                                           effective interaction Vq = [-3.00003,-2.94636,-2.94627,-2.94636,-2.94636,-2.94627,-2.86531,-2.94627,-2.94627,-2.86531,-2.92402,-2.86531,-2.94636,-2.94627,-2.86531,-2.94627]
	PARPACK diagonalization completed after 45 matrix-vector product operations.
	iteration results: : total energy is -71.598218 | electron energy -71.709086 + phonon energy 0.110868 | electron momentum kIdx = 10
The 13-th iteration is completed.	|| time cost : 0h 0m 24.208s
********************************************************************************************************************
Start the 14 rounds of NGS-ED iteration
	effective electronic model is modified as: kinetic energy t = 0.822179
	                                           effective interaction Vq = [-3.00003,-2.94639,-2.92493,-2.94639,-2.94639,-2.92493,-2.86573,-2.92493,-2.92493,-2.86573,-2.96547,-2.86573,-2.94639,-2.92493,-2.86573,-2.92493]
	PARPACK diagonalization completed after 45 matrix-vector product operations.
	iteration results: : total energy is -71.717071 | electron energy -71.829070 + phonon energy 0.112000 | electron momentum kIdx = 10
The 14-th iteration is completed.	|| time cost : 0h 0m 24.226s
********************************************************************************************************************
Start the 15 rounds of NGS-ED iteration
	effective electronic model is modified as: kinetic energy t = 0.829323
	                                           effective interaction Vq = [-3.00003,-2.94153,-2.86251,-2.94153,-2.94153,-2.86251,-2.85889,-2.86251,-2.86251,-2.85889,-2.98506,-2.85889,-2.94153,-2.86251,-2.85889,-2.86251]
	PARPACK diagonalization completed after 30 matrix-vector product operations.
	iteration results: : total energy is -71.800734 | electron energy -71.910300 + phonon energy 0.109565 | electron momentum kIdx = 10
The 15-th iteration is completed.	|| time cost : 0h 0m 20.512s
********************************************************************************************************************
Start the 16 rounds of NGS-ED iteration
	effective electronic model is modified as: kinetic energy t = 0.832023
	                                           effective interaction Vq = [-3.00003,-2.93776,-2.83647,-2.93776,-2.93776,-2.83647,-2.85381,-2.83647,-2.83647,-2.85381,-2.99007,-2.85381,-2.93776,-2.83647,-2.85381,-2.83647]
	PARPACK diagonalization completed after 30 matrix-vector product operations.
	iteration results: : total energy is -71.811335 | electron energy -71.918926 + phonon energy 0.107591 | electron momentum kIdx = 10
The 16-th iteration is completed.	|| time cost : 0h 0m 20.509s
********************************************************************************************************************
Start the 17 rounds of NGS-ED iteration
	effective electronic model is modified as: kinetic energy t = 0.833024
	                                           effective interaction Vq = [-3.00003,-2.93581, -2.8272,-2.93581,-2.93581, -2.8272,-2.85125, -2.8272, -2.8272,-2.85125,-2.99157,-2.85125,-2.93581, -2.8272,-2.85125, -2.8272]
	PARPACK diagonalization completed after 30 matrix-vector product operations.
	iteration results: : total energy is -71.812633 | electron energy -71.919336 + phonon energy 0.106704 | electron momentum kIdx = 10
The 17-th iteration is completed.	|| time cost : 0h 0m 20.557s
********************************************************************************************************************
Start the 18 rounds of NGS-ED iteration
	effective electronic model is modified as: kinetic energy t = 0.833399
	                                           effective interaction Vq = [-3.00003,-2.93492,  -2.824,-2.93492,-2.93492,  -2.824, -2.8501,  -2.824,  -2.824, -2.8501,-2.99206, -2.8501,-2.93492,  -2.824, -2.8501,  -2.824]
	PARPACK diagonalization completed after 30 matrix-vector product operations.
	iteration results: : total energy is -71.812794 | electron energy -71.919126 + phonon energy 0.106332 | electron momentum kIdx = 10
The 18-th iteration is completed.	|| time cost : 0h 0m 20.542s
********************************************************************************************************************
Start the 19 rounds of NGS-ED iteration
	effective electronic model is modified as: kinetic energy t = 0.83354
	                                           effective interaction Vq = [-3.00003,-2.93453, -2.8229,-2.93453,-2.93453, -2.8229, -2.8496, -2.8229, -2.8229, -2.8496,-2.99222, -2.8496,-2.93453, -2.8229, -2.8496, -2.8229]
	PARPACK diagonalization completed after 30 matrix-vector product operations.
	iteration results: : total energy is -71.812815 | electron energy -71.918995 + phonon energy 0.106180 | electron momentum kIdx = 10
The 19-th iteration is completed.	|| time cost : 0h 0m 20.891s
********************************************************************************************************************
Start the 20 rounds of NGS-ED iteration
	effective electronic model is modified as: kinetic energy t = 0.833594
	                                           effective interaction Vq = [-3.00003,-2.93437,-2.82253,-2.93437,-2.93437,-2.82253,-2.84939,-2.82253,-2.82253,-2.84939,-2.99228,-2.84939,-2.93437,-2.82253,-2.84939,-2.82253]
	PARPACK diagonalization completed after 30 matrix-vector product operations.
	iteration results: : total energy is -71.812818 | electron energy -71.918936 + phonon energy 0.106118 | electron momentum kIdx = 10
	Nq(0) = 16,	Nq(1) = 0.34591,	Nq(2) = 0.368361,	Nq(3) = 0.34591,	Nq(4) = 0.34591,	Nq(5) = 0.368361,	Nq(6) = 0.601659,	Nq(7) = 0.368361,	Nq(8) = 0.368361,	Nq(9) = 0.601659,	Nq(10) = 4.10395,	Nq(11) = 0.601659,	Nq(12) = 0.34591,	Nq(13) = 0.368361,	Nq(14) = 0.601659,	Nq(15) = 0.368361,	Sq(0) = 6.64879e-18,	Sq(1) = 0.295156,	Sq(2) = 0.342593,	Sq(3) = 0.295156,	Sq(4) = 0.295156,	Sq(5) = 0.342593,	Sq(6) = 0.52138,	Sq(7) = 0.342593,	Sq(8) = 0.342593,	Sq(9) = 0.52138,	Sq(10) = 0.573909,	Sq(11) = 0.52138,	Sq(12) = 0.295156,	Sq(13) = 0.342593,	Sq(14) = 0.52138,	Sq(15) = 0.342593,	N(0) = 1.99405,	N(1) = 1.98328,	N(2) = 1,	N(3) = 1.98328,	N(4) = 1.98328,	N(5) = 1,	N(6) = 0.0167218,	N(7) = 1,	N(8) = 1,	N(9) = 0.0167218,	N(10) = 0.00595249,	N(11) = 0.0167218,	N(12) = 1.98328,	N(13) = 1,	N(14) = 0.0167218,	N(15) = 1,	Delta[s](0) = 0.440219,	Delta[s](1) = 0.334942,	Delta[s](2) = 0.325267,	Delta[s](3) = 0.334942,	Delta[s](4) = 0.334942,	Delta[s](5) = 0.325267,	Delta[s](6) = 0.267791,	Delta[s](7) = 0.325267,	Delta[s](8) = 0.325267,	Delta[s](9) = 0.267791,	Delta[s](10) = 0.249439,	Delta[s](11) = 0.267791,	Delta[s](12) = 0.334942,	Delta[s](13) = 0.325267,	Delta[s](14) = 0.267791,	Delta[s](15) = 0.325267,	Delta[d](0) = 0.234279,	Delta[d](1) = 0.236161,	Delta[d](2) = 0.230462,	Delta[d](3) = 0.236161,	Delta[d](4) = 0.236161,	Delta[d](5) = 0.146911,	Delta[d](6) = 0.192155,	Delta[d](7) = 0.146911,	Delta[d](8) = 0.230462,	Delta[d](9) = 0.192155,	Delta[d](10) = 0.0594909,	Delta[d](11) = 0.192155,	Delta[d](12) = 0.236161,	Delta[d](13) = 0.146911,	Delta[d](14) = 0.192155,	Delta[d](15) = 0.146911,	Delta[s+](0) = 0.447261,	Delta[s+](1) = 0.35601,	Delta[s+](2) = 0.230462,	Delta[s+](3) = 0.35601,	Delta[s+](4) = 0.35601,	Delta[s+](5) = 0.230462,	Delta[s+](6) = 0.103819,	Delta[s+](7) = 0.230462,	Delta[s+](8) = 0.230462,	Delta[s+](9) = 0.103819,	Delta[s+](10) = 0.0326068,	Delta[s+](11) = 0.103819,	Delta[s+](12) = 0.35601,	Delta[s+](13) = 0.230462,	Delta[s+](14) = 0.103819,	Delta[s+](15) = 0.230462
The 20-th iteration is completed.	|| time cost : 0h 3m 53.222s
********************************************************************************************************************
********************************************************************************************************************
Ground state is obtained after 21 iterations. The current ground-state energy is -71.8128, in which electron energy is -71.9189 and phonon energy is 0.106118
final variational state is: 
	Gamma_x = [      1,1.02652,1.04153,1.02652,1.02652,1.04153,1.06476,1.04153,1.04153,1.06476,1.12554,1.06476,1.02652,1.04153,1.06476,1.04153]
	lambda_q = [0.547725,0.466659,0.414446,0.466659,0.466659,0.414446,0.424956,0.414446,0.414446,0.424956,0.519928,0.424956,0.466659,0.414446,0.424956,0.414446]
********************************************************************************************************************
o___o  ----------------------------------------
| L |	Time since last clock: 0h 0m 0s
A===A	Time since the beginning: 0h 23m 57.151s
***********************************************


********************************************************************************************************************
Warm up runs have been completed. Start calculating W = 5 phonon.
open output files: NGSEDIterationObs.txt
********************************************************************************************************************
Start the 0 rounds of NGS-ED iteration
	effective electronic model is modified as: kinetic energy t = 0.833614
	                                           effective interaction Vq = [-2.74266,-2.52589,-2.35147,-2.52589,-2.52589,-2.35147,-2.38877,-2.35147,-2.35147,-2.38877,-2.67574,-2.38877,-2.52589,-2.35147,-2.38877,-2.35147]
	PARPACK diagonalization completed after 45 matrix-vector product operations.
	iteration results: : total energy is -63.853983 | electron energy -63.907030 + phonon energy 0.053047 | electron momentum kIdx = 10
	Nq(0) = 16,	Nq(1) = 0.342745,	Nq(2) = 0.355131,	Nq(3) = 0.342745,	Nq(4) = 0.342745,	Nq(5) = 0.355131,	Nq(6) = 0.566446,	Nq(7) = 0.355131,	Nq(8) = 0.355131,	Nq(9) = 0.566446,	Nq(10) = 3.67963,	Nq(11) = 0.566446,	Nq(12) = 0.342745,	Nq(13) = 0.355131,	Nq(14) = 0.566446,	Nq(15) = 0.355131,	Sq(0) = 6.65654e-18,	Sq(1) = 0.339202,	Sq(2) = 0.366322,	Sq(3) = 0.339202,	Sq(4) = 0.339202,	Sq(5) = 0.366322,	Sq(6) = 0.593098,	Sq(7) = 0.366322,	Sq(8) = 0.366322,	Sq(9) = 0.593098,	Sq(10) = 0.625687,	Sq(11) = 0.593098,	Sq(12) = 0.339202,	Sq(13) = 0.366322,	Sq(14) = 0.593098,	Sq(15) = 0.366322,	N(0) = 1.99763,	N(1) = 1.99399,	N(2) = 1,	N(3) = 1.99399,	N(4) = 1.99399,	N(5) = 1,	N(6) = 0.00601225,	N(7) = 1,	N(8) = 1,	N(9) = 0.00601225,	N(10) = 0.00236712,	N(11) = 0.00601225,	N(12) = 1.99399,	N(13) = 1,	N(14) = 0.00601225,	N(15) = 1,	Delta[s](0) = 0.37864,	Delta[s](1) = 0.310733,	Delta[s](2) = 0.303438,	Delta[s](3) = 0.310733,	Delta[s](4) = 0.310733,	Delta[s](5) = 0.303438,	Delta[s](6) = 0.257769,	Delta[s](7) = 0.303438,	Delta[s](8) = 0.303438,	Delta[s](9) = 0.257769,	Delta[s](10) = 0.250311,	Delta[s](11) = 0.257769,	Delta[s](12) = 0.310733,	Delta[s](13) = 0.303438,	Delta[s](14) = 0.257769,	Delta[s](15) = 0.303438,	Delta[d](0) = 0.243942,	Delta[d](1) = 0.252942,	Delta[d](2) = 0.247742,	Delta[d](3) = 0.252942,	Delta[d](4) = 0.252942,	Delta[d](5) = 0.157165,	Delta[d](6) = 0.207705,	Delta[d](7) = 0.157165,	Delta[d](8) = 0.247742,	Delta[d](9) = 0.207705,	Delta[d](10) = 0.0704102,	Delta[d](11) = 0.207705,	Delta[d](12) = 0.252942,	Delta[d](13) = 0.157165,	Delta[d](14) = 0.207705,	Delta[d](15) = 0.157165,	Delta[s+](0) = 0.484792,	Delta[s+](1) = 0.381806,	Delta[s+](2) = 0.247742,	Delta[s+](3) = 0.381806,	Delta[s+](4) = 0.381806,	Delta[s+](5) = 0.247742,	Delta[s+](6) = 0.114387,	Delta[s+](7) = 0.247742,	Delta[s+](8) = 0.247742,	Delta[s+](9) = 0.114387,	Delta[s+](10) = 0.038506,	Delta[s+](11) = 0.114387,	Delta[s+](12) = 0.381806,	Delta[s+](13) = 0.247742,	Delta[s+](14) = 0.114387,	Delta[s+](15) = 0.247742
The 0-th iteration is completed.	|| time cost : 0h 4m 53.035s
********************************************************************************************************************
Start the 1 rounds of NGS-ED iteration
	effective electronic model is modified as: kinetic energy t = 0.809934
	                                           effective interaction Vq = [-2.90535,-2.68074,-2.46235,-2.68074,-2.68074,-2.46235,-2.50804,-2.46235,-2.46235,-2.50804,-2.85675,-2.50804,-2.68074,-2.46235,-2.50804,-2.46235]
	PARPACK diagonalization completed after 30 matrix-vector product operations.
	iteration results: : total energy is -67.214293 | electron energy -67.376949 + phonon energy 0.162656 | electron momentum kIdx = 10
The 1-th iteration is completed.	|| time cost : 0h 0m 22.148s
********************************************************************************************************************
Start the 2 rounds of NGS-ED iteration
	effective electronic model is modified as: kinetic energy t = 0.797208
	                                           effective interaction Vq = [ -2.9652,-2.74434,-2.51502,-2.74434,-2.74434,-2.51502,-2.56246,-2.51502,-2.51502,-2.56246,-2.93374,-2.56246,-2.74434,-2.51502,-2.56246,-2.51502]
	PARPACK diagonalization completed after 30 matrix-vector product operations.
	iteration results: : total energy is -68.446975 | electron energy -68.689344 + phonon energy 0.242369 | electron momentum kIdx = 10
The 2-th iteration is completed.	|| time cost : 0h 0m 20.56s
********************************************************************************************************************
Start the 3 rounds of NGS-ED iteration
	effective electronic model is modified as: kinetic energy t = 0.790763
	                                           effective interaction Vq = [-2.98721,-2.77112,-2.54014,-2.77112,-2.77112,-2.54014,-2.58706,-2.54014,-2.54014,-2.58706,-2.96494,-2.58706,-2.77112,-2.54014,-2.58706,-2.54014]
	PARPACK diagonalization completed after 30 matrix-vector product operations.
	iteration results: : total energy is -68.886449 | electron energy -69.175827 + phonon energy 0.289379 | electron momentum kIdx = 10
The 3-th iteration is completed.	|| time cost : 0h 0m 20.546s
********************************************************************************************************************
Start the 4 rounds of NGS-ED iteration
	effective electronic model is modified as: kinetic energy t = 0.787526
	                                           effective interaction Vq = [-2.99531,-2.78298,-2.55249,-2.78298,-2.78298,-2.55249,-2.59859,-2.55249,-2.55249,-2.59859,-2.97783,-2.59859,-2.78298,-2.55249,-2.59859,-2.55249]
	PARPACK diagonalization completed after 30 matrix-vector product operations.
	iteration results: : total energy is -69.041286 | electron energy -69.356426 + phonon energy 0.315140 | electron momentum kIdx = 10
The 4-th iteration is completed.	|| time cost : 0h 0m 23.518s
********************************************************************************************************************
Start the 5 rounds of NGS-ED iteration
	effective electronic model is modified as: kinetic energy t = 0.785884
	                                           effective interaction Vq = [-2.99829, -2.7885,-2.55877, -2.7885, -2.7885,-2.55877,-2.60425,-2.55877,-2.55877,-2.60425,-2.98346,-2.60425, -2.7885,-2.55877,-2.60425,-2.55877]
	PARPACK diagonalization completed after 30 matrix-vector product operations.
	iteration results: : total energy is -69.095890 | electron energy -69.424709 + phonon energy 0.328819 | electron momentum kIdx = 10
The 5-th iteration is completed.	|| time cost : 0h 0m 24.142s
********************************************************************************************************************
Start the 6 rounds of NGS-ED iteration
	effective electronic model is modified as: kinetic energy t = 0.785042
	                                           effective interaction Vq = [-2.99939,-2.79117,-2.56203,-2.79117,-2.79117,-2.56203,-2.60712,-2.56203,-2.56203,-2.60712,-2.98605,-2.60712,-2.79117,-2.56203,-2.60712,-2.56203]
	PARPACK diagonalization completed after 30 matrix-vector product operations.
	iteration results: : total energy is -69.115276 | electron energy -69.451243 + phonon energy 0.335967 | electron momentum kIdx = 10
The 6-th iteration is completed.	|| time cost : 0h 0m 21.12s
********************************************************************************************************************
Start the 7 rounds of NGS-ED iteration
	effective electronic model is modified as: kinetic energy t = 0.784607
	                                           effective interaction Vq = [-2.99979, -2.7925,-2.56374, -2.7925, -2.7925,-2.56374,-2.60861,-2.56374,-2.56374,-2.60861,-2.98729,-2.60861, -2.7925,-2.56374,-2.60861,-2.56374]
	PARPACK diagonalization completed after 30 matrix-vector product operations.
	iteration results: : total energy is -69.122213 | electron energy -69.461884 + phonon energy 0.339671 | electron momentum kIdx = 10
The 7-th iteration is completed.	|| time cost : 0h 0m 20.542s
********************************************************************************************************************
Start the 8 rounds of NGS-ED iteration
	effective electronic model is modified as: kinetic energy t = 0.78438
	                                           effective interaction Vq = [-2.99994,-2.79317,-2.56466,-2.79317,-2.79317,-2.56466,-2.60939,-2.56466,-2.56466,-2.60939, -2.9879,-2.60939,-2.79317,-2.56466,-2.60939,-2.56466]
	PARPACK diagonalization completed after 30 matrix-vector product operations.
	iteration results: : total energy is -69.124713 | electron energy -69.466296 + phonon energy 0.341583 | electron momentum kIdx = 10
The 8-th iteration is completed.	|| time cost : 0h 0m 20.56s
********************************************************************************************************************
Start the 9 rounds of NGS-ED iteration
	effective electronic model is modified as: kinetic energy t = 0.784262
	                                           effective interaction Vq = [-2.99999,-2.79351,-2.56515,-2.79351,-2.79351,-2.56515,-2.60981,-2.56515,-2.56515,-2.60981, -2.9882,-2.60981,-2.79351,-2.56515,-2.60981,-2.56515]
	PARPACK diagonalization completed after 30 matrix-vector product operations.
	iteration results: : total energy is -69.125619 | electron energy -69.468188 + phonon energy 0.342570 | electron momentum kIdx = 10
The 9-th iteration is completed.	|| time cost : 0h 0m 20.581s
********************************************************************************************************************
Start the 10 rounds of NGS-ED iteration
	effective electronic model is modified as: kinetic energy t = 0.784199
	                                           effective interaction Vq = [-3.00001,-2.79368,-2.56541,-2.79368,-2.79368,-2.56541,-2.61004,-2.56541,-2.56541,-2.61004,-2.98836,-2.61004,-2.79368,-2.56541,-2.61004,-2.56541]
	PARPACK diagonalization completed after 30 matrix-vector product operations.
	iteration results: : total energy is -69.125949 | electron energy -69.469028 + phonon energy 0.343079 | electron momentum kIdx = 10
	Nq(0) = 16,	Nq(1) = 0.300804,	Nq(2) = 0.339053,	Nq(3) = 0.300804,	Nq(4) = 0.300804,	Nq(5) = 0.339053,	Nq(6) = 0.527436,	Nq(7) = 0.339053,	Nq(8) = 0.339053,	Nq(9) = 0.527436,	Nq(10) = 4.94631,	Nq(11) = 0.527436,	Nq(12) = 0.300804,	Nq(13) = 0.339053,	Nq(14) = 0.527436,	Nq(15) = 0.339053,	Sq(0) = -1.8353e-20,	Sq(1) = 0.274594,	Sq(2) = 0.334359,	Sq(3) = 0.274594,	Sq(4) = 0.274594,	Sq(5) = 0.334359,	Sq(6) = 0.506918,	Sq(7) = 0.334359,	Sq(8) = 0.334359,	Sq(9) = 0.506918,	Sq(10) = 0.574213,	Sq(11) = 0.506918,	Sq(12) = 0.274594,	Sq(13) = 0.334359,	Sq(14) = 0.506918,	Sq(15) = 0.334359,	N(0) = 1.98906,	N(1) = 1.96673,	N(2) = 1,	N(3) = 1.96673,	N(4) = 1.96673,	N(5) = 1,	N(6) = 0.033274,	N(7) = 1,	N(8) = 1,	N(9) = 0.033274,	N(10) = 0.0109385,	N(11) = 0.033274,	N(12) = 1.96673,	N(13) = 1,	N(14) = 0.033274,	N(15) = 1,	Delta[s](0) = 0.398216,	Delta[s](1) = 0.338433,	Delta[s](2) = 0.326621,	Delta[s](3) = 0.338433,	Delta[s](4) = 0.338433,	Delta[s](5) = 0.326621,	Delta[s](6) = 0.289811,	Delta[s](7) = 0.326621,	Delta[s](8) = 0.326621,	Delta[s](9) = 0.289811,	Delta[s](10) = 0.275871,	Delta[s](11) = 0.289811,	Delta[s](12) = 0.338433,	Delta[s](13) = 0.326621,	Delta[s](14) = 0.289811,	Delta[s](15) = 0.326621,	Delta[d](0) = 0.232736,	Delta[d](1) = 0.228148,	Delta[d](2) = 0.233612,	Delta[d](3) = 0.228148,	Delta[d](4) = 0.228148,	Delta[d](5) = 0.152477,	Delta[d](6) = 0.185777,	Delta[d](7) = 0.152477,	Delta[d](8) = 0.233612,	Delta[d](9) = 0.185777,	Delta[d](10) = 0.0721943,	Delta[d](11) = 0.185777,	Delta[d](12) = 0.228148,	Delta[d](13) = 0.152477,	Delta[d](14) = 0.185777,	Delta[d](15) = 0.152477,	Delta[s+](0) = 0.463485,	Delta[s+](1) = 0.3604,	Delta[s+](2) = 0.233612,	Delta[s+](3) = 0.3604,	Delta[s+](4) = 0.3604,	Delta[s+](5) = 0.233612,	Delta[s+](6) = 0.106617,	Delta[s+](7) = 0.233612,	Delta[s+](8) = 0.233612,	Delta[s+](9) = 0.106617,	Delta[s+](10) = 0.0399086,	Delta[s+](11) = 0.106617,	Delta[s+](12) = 0.3604,	Delta[s+](13) = 0.233612,	Delta[s+](14) = 0.106617,	Delta[s+](15) = 0.233612
The 10-th iteration is completed.	|| time cost : 0h 4m 0.291s
********************************************************************************************************************
Start the 11 rounds of NGS-ED iteration
	effective electronic model is modified as: kinetic energy t = 0.784166
	                                           effective interaction Vq = [-3.00002,-2.79378,-2.56555,-2.79378,-2.79378,-2.56555,-2.61016,-2.56555,-2.56555,-2.61016,-2.98843,-2.61016,-2.79378,-2.56555,-2.61016,-2.56555]
	PARPACK diagonalization completed after 30 matrix-vector product operations.
	iteration results: : total energy is -69.126069 | electron energy -69.469412 + phonon energy 0.343343 | electron momentum kIdx = 10
The 11-th iteration is completed.	|| time cost : 0h 0m 24.589s
********************************************************************************************************************
Start the 12 rounds of NGS-ED iteration
	effective electronic model is modified as: kinetic energy t = 0.784148
	                                           effective interaction Vq = [-3.00002,-2.79382,-2.56563,-2.79382,-2.79382,-2.56563,-2.61023,-2.56563,-2.56563,-2.61023,-2.98847,-2.61023,-2.79382,-2.56563,-2.61023,-2.56563]
	PARPACK diagonalization completed after 30 matrix-vector product operations.
	iteration results: : total energy is -69.126113 | electron energy -69.469594 + phonon energy 0.343481 | electron momentum kIdx = 10
The 12-th iteration is completed.	|| time cost : 0h 0m 24.032s
********************************************************************************************************************
Start the 13 rounds of NGS-ED iteration
	effective electronic model is modified as: kinetic energy t = 0.784139
	                                           effective interaction Vq = [-3.00003,-2.79385,-2.56567,-2.79385,-2.79385,-2.56567,-2.61027,-2.56567,-2.56567,-2.61027,-2.98849,-2.61027,-2.79385,-2.56567,-2.61027,-2.56567]
	PARPACK diagonalization completed after 30 matrix-vector product operations.
	iteration results: : total energy is -69.126129 | electron energy -69.469681 + phonon energy 0.343552 | electron momentum kIdx = 10
