SNEDics v3.22.2 Non-Gaussian ED ground state program		Start at Sun Apr 17 12:09:37 2022

Parallelization: 32 MPI threads  * 8 OpenMP threads = 256 total threads.
********************************************************************************************************************
********************************************************************************************************************

********************************************************************************************************************
System parameters and configurations
	special program options are enabled: splitted diagonal Hamiltonian | splitted Hamiltonian terms
********************************************************************************************************************
Read input file "model_params.in"
	Hubbard-Holstein model parameters : 	t = 1    U = 8    g = 0.1    W = 0.2    g' = 0.3    
********************************************************************************************************************
Read input file "hilbertspace_params.in"
	Requested 16-site 2D lattice, with 8 electrons (4, 4)
	Boundary : Periodic		Hilbert space representation : momentum-space (restricted to kIdx = 0)
	Conservation: particle number[U(1)]      spin[U(1)]     momentum
********************************************************************************************************************

Cluster Positions:				Cluster symmetry group : D4
 x ... x ... x ... x .....                       x ... x ... x ... x .....
 |           |           :                       |           |           :
 |           |           :                       |           |           :
12    13    14    15     x                       1     5     6     5     x
 |           |           :                       |           |           :
 |           |           :                       |           |           :
 8 --- 9 ---10 ---11 --- x                       2 --- 6 ---10 --- 6 --- x
 |           |           :                       |           |           :
 |           |           :                       |           |           :
 4     5     6     7     x                       1     5     6     5     x
 |           |           :                       |           |           :
 |           |           :                       |           |           :
 0 --- 1 --- 2 --- 3 --- x                       0 --- 1 --- 2 --- 1 --- x
orbital number : 1
********************************************************************************************************************
Read input file "obs_params.in"
	Observable Type : Nq(All),   Sq(All),   N(All-Orbital),   Delta[s](All),   Delta[d](All),   Delta[s+](All)
** WARNING ** the input observables have non-local factors which have been reinterpreted. The total observable number is 96
********************************************************************************************************************


********************************************************************************************************************
Start calculating the non-Gaussian ED ground state
Maximal iteration number is 1000; energy resolution is 1e-06. Phonon state relaxation time is 2000
W = 0.2 is relatively large. The non-Gaussian ED calculation starts directly.
open output files: NGSED_iteration_observables.txt
********************************************************************************************************************
Start the 0 rounds of NGS-ED iteration
	effective electronic model is modified as: kinetic energy t = 1
	                                           effective interaction Vq = [0,0,0,0,0,0,0,0,0,0,0,0,0,0,0,0]
	first Hamiltonian is constructed, size = 207184 and non-zero numbers = 32207050
	PARPACK diagonalization completed after 75 matrix-vector product operations.
	iteration results: : total energy is -16.460627 | electron energy -16.460627 + phonon energy 0.000000 | electron momentum kIdx = 0
	Nq(0) = 4,	Nq(1) = 0.217892,	Nq(2) = 0.275693,	Nq(3) = 0.217892,	Nq(4) = 0.217892,	Nq(5) = 0.260941,	
	Nq(6) = 0.370592,	Nq(7) = 0.260941,	Nq(8) = 0.275693,	Nq(9) = 0.370592,	Nq(10) = 0.4202,	
	Nq(11) = 0.370592,	Nq(12) = 0.217892,	Nq(13) = 0.260941,	Nq(14) = 0.370592,	Nq(15) = 0.260941;	
	Sq(0) = 2.57535e-18,	Sq(1) = 0.41044,	Sq(2) = 0.343979,	Sq(3) = 0.41044,	Sq(4) = 0.41044,	
	Sq(5) = 0.572101,	Sq(6) = 0.615629,	Sq(7) = 0.572101,	Sq(8) = 0.343979,	Sq(9) = 0.615629,	
	Sq(10) = 0.550078,	Sq(11) = 0.615629,	Sq(12) = 0.41044,	Sq(13) = 0.572101,	Sq(14) = 0.615629,	
	Sq(15) = 0.572101;	N(0) = 1.82882,	N(1) = 1.37933,	N(2) = 0.0780726,	N(3) = 1.37933,	
	N(4) = 1.37933,	N(5) = 0.0780398,	N(6) = 0.0412646,	N(7) = 0.0780398,	N(8) = 0.0780726,	
	N(9) = 0.0412646,	N(10) = 0.0205069,	N(11) = 0.0412646,	N(12) = 1.37933,	N(13) = 0.0780398,	
	N(14) = 0.0412646,	N(15) = 0.0780398;	Delta[s](0) = 0.0351393,	Delta[s](1) = 0.0194623,	Delta[s](2) = 0.00991029,	
	Delta[s](3) = 0.0194623,	Delta[s](4) = 0.0194623,	Delta[s](5) = 0.0100706,	Delta[s](6) = 0.0022544,	Delta[s](7) = 0.0100706,	
	Delta[s](8) = 0.00991029,	Delta[s](9) = 0.0022544,	Delta[s](10) = 0.00253316,	Delta[s](11) = 0.0022544,	Delta[s](12) = 0.0194623,	
	Delta[s](13) = 0.0100706,	Delta[s](14) = 0.0022544,	Delta[s](15) = 0.0100706;	Delta[d](0) = 0.261533,	Delta[d](1) = 0.0608069,	
	Delta[d](2) = 0.0793394,	Delta[d](3) = 0.0608069,	Delta[d](4) = 0.0608069,	Delta[d](5) = 0.0545564,	Delta[d](6) = 0.0148502,	
	Delta[d](7) = 0.0545564,	Delta[d](8) = 0.0793394,	Delta[d](9) = 0.0148502,	Delta[d](10) = 0.00850904,	Delta[d](11) = 0.0148502,	
	Delta[d](12) = 0.0608069,	Delta[d](13) = 0.0545564,	Delta[d](14) = 0.0148502,	Delta[d](15) = 0.0545564;	Delta[s+](0) = 0.393794,	
	Delta[s+](1) = 0.224031,	Delta[s+](2) = 0.0793394,	Delta[s+](3) = 0.224031,	Delta[s+](4) = 0.224031,	Delta[s+](5) = 0.0746557,	
	Delta[s+](6) = 0.00482946,	Delta[s+](7) = 0.0746557,	Delta[s+](8) = 0.0793394,	Delta[s+](9) = 0.00482946,	Delta[s+](10) = 0.00114798,	
	Delta[s+](11) = 0.00482946,	Delta[s+](12) = 0.224031,	Delta[s+](13) = 0.0746557,	Delta[s+](14) = 0.00482946,	Delta[s+](15) = 0.0746557
	
The 0-th iteration is completed.	|| time cost : 0h 0m 5.235s
********************************************************************************************************************
Start the 1 rounds of NGS-ED iteration
	effective electronic model is modified as: kinetic energy t = 0.950561
	                                           effective interaction Vq = [      -8.45,  -0.572112, -0.0048274,  -0.572112,  -0.572112,-0.00458438,  -0.135465,-0.00458438, -0.0048274,  -0.135465,   -3.05856,  -0.135465,  -0.572112,-0.00458438,  -0.135465,-0.00458438]
	PARPACK diagonalization completed after 45 matrix-vector product operations.
	iteration results: : total energy is -51.672914 | electron energy -52.187390 + phonon energy 0.514476 | electron momentum kIdx = 0
The 1-th iteration is completed.	|| time cost : 0h 0m 3.942s
********************************************************************************************************************
Start the 2 rounds of NGS-ED iteration
	effective electronic model is modified as: kinetic energy t = 0.896142
	                                           effective interaction Vq = [      -8.45,  -0.377905,-0.00435629,  -0.377905,  -0.377905,-0.00414836,  -0.109862,-0.00414836,-0.00435629,  -0.109862,   -5.86792,  -0.109862,  -0.377905,-0.00414836,  -0.109862,-0.00414836]
	PARPACK diagonalization completed after 30 matrix-vector product operations.
	iteration results: : total energy is -58.635936 | electron energy -59.876729 + phonon energy 1.240793 | electron momentum kIdx = 0
The 2-th iteration is completed.	|| time cost : 0h 0m 1.082s
********************************************************************************************************************
Start the 3 rounds of NGS-ED iteration
	effective electronic model is modified as: kinetic energy t = 0.828027
	                                           effective interaction Vq = [      -8.45,  -0.115973,-0.00219081,  -0.115973,  -0.115973,-0.00220003, -0.0526626,-0.00220003,-0.00219081, -0.0526626,   -6.03778, -0.0526626,  -0.115973,-0.00220003, -0.0526626,-0.00220003]
	PARPACK diagonalization completed after 30 matrix-vector product operations.
	iteration results: : total energy is -59.253237 | electron energy -60.079456 + phonon energy 0.826218 | electron momentum kIdx = 0
The 3-th iteration is completed.	|| time cost : 0h 0m 1.149s
********************************************************************************************************************
Start the 4 rounds of NGS-ED iteration
	effective electronic model is modified as: kinetic energy t = 0.816292
	                                           effective interaction Vq = [      -8.45,  -0.101933, -0.0019596,  -0.101933,  -0.101933,-0.00197024, -0.0474109,-0.00197024, -0.0019596, -0.0474109,   -6.03998, -0.0474109,  -0.101933,-0.00197024, -0.0474109,-0.00197024]
	PARPACK diagonalization completed after 30 matrix-vector product operations.
	iteration results: : total energy is -59.258210 | electron energy -60.024912 + phonon energy 0.766703 | electron momentum kIdx = 0
The 4-th iteration is completed.	|| time cost : 0h 0m 1.161s
********************************************************************************************************************
Start the 5 rounds of NGS-ED iteration
	effective electronic model is modified as: kinetic energy t = 0.814722
	                                           effective interaction Vq = [      -8.45,  -0.100279,-0.00193157,  -0.100279,  -0.100279,-0.00194208,  -0.046773,-0.00194208,-0.00193157,  -0.046773,   -6.04022,  -0.046773,  -0.100279,-0.00194208,  -0.046773,-0.00194208]
	PARPACK diagonalization completed after 30 matrix-vector product operations.
	iteration results: : total energy is -59.258291 | electron energy -60.017534 + phonon energy 0.759243 | electron momentum kIdx = 0
The 5-th iteration is completed.	|| time cost : 0h 0m 1.159s
********************************************************************************************************************
Start the 6 rounds of NGS-ED iteration
	effective electronic model is modified as: kinetic energy t = 0.814511
	                                           effective interaction Vq = [      -8.45,  -0.100061,-0.00192786,  -0.100061,  -0.100061,-0.00193836, -0.0466886,-0.00193836,-0.00192786, -0.0466886,   -6.04025, -0.0466886,  -0.100061,-0.00193836, -0.0466886,-0.00193836]
	PARPACK diagonalization completed after 30 matrix-vector product operations.
	iteration results: : total energy is -59.258293 | electron energy -60.016544 + phonon energy 0.758251 | electron momentum kIdx = 0
The 6-th iteration is completed.	|| time cost : 0h 0m 1.158s
********************************************************************************************************************
Start the 7 rounds of NGS-ED iteration
	effective electronic model is modified as: kinetic energy t = 0.814483
	                                           effective interaction Vq = [      -8.45,  -0.100032,-0.00192736,  -0.100032,  -0.100032,-0.00193786, -0.0466773,-0.00193786,-0.00192736, -0.0466773,   -6.04026, -0.0466773,  -0.100032,-0.00193786, -0.0466773,-0.00193786]
	PARPACK diagonalization completed after 30 matrix-vector product operations.
	iteration results: : total energy is -59.258293 | electron energy -60.016411 + phonon energy 0.758118 | electron momentum kIdx = 0
The 7-th iteration is completed.	|| time cost : 0h 0m 1.175s
********************************************************************************************************************
Start the 8 rounds of NGS-ED iteration
	effective electronic model is modified as: kinetic energy t = 0.814479
	                                           effective interaction Vq = [      -8.45,  -0.100028,-0.00192729,  -0.100028,  -0.100028,-0.00193779, -0.0466758,-0.00193779,-0.00192729, -0.0466758,   -6.04026, -0.0466758,  -0.100028,-0.00193779, -0.0466758,-0.00193779]
	PARPACK diagonalization completed after 120 matrix-vector product operations.
	iteration results: : total energy is -59.281236 | electron energy -60.039336 + phonon energy 0.758101 | electron momentum kIdx = 0
The 8-th iteration is completed.	|| time cost : 0h 0m 1.529s
********************************************************************************************************************
Start the 9 rounds of NGS-ED iteration
	effective electronic model is modified as: kinetic energy t = 0.816209
	                                           effective interaction Vq = [      -8.45,  -0.100928,-0.00194716,  -0.100928,  -0.100928,-0.00195208, -0.0469257,-0.00195307,-0.00194716, -0.0469257,   -6.04002, -0.0469257,  -0.100928,-0.00195307, -0.0469257,-0.00195208]
	PARPACK diagonalization completed after 30 matrix-vector product operations.
	iteration results: : total energy is -59.281330 | electron energy -60.047629 + phonon energy 0.766298 | electron momentum kIdx = 0
The 9-th iteration is completed.	|| time cost : 0h 0m 1.164s
********************************************************************************************************************
Start the 10 rounds of NGS-ED iteration
	effective electronic model is modified as: kinetic energy t = 0.816435
	                                           effective interaction Vq = [      -8.45,   -0.10116,-0.00195116,   -0.10116,   -0.10116,-0.00195609,  -0.047016,-0.00195709,-0.00195116,  -0.047016,   -6.03999,  -0.047016,   -0.10116,-0.00195709,  -0.047016,-0.00195609]
	PARPACK diagonalization completed after 30 matrix-vector product operations.
	iteration results: : total energy is -59.281332 | electron energy -60.048708 + phonon energy 0.767376 | electron momentum kIdx = 0
The 10-th iteration is completed.	|| time cost : 0h 0m 1.161s
********************************************************************************************************************
Start the 11 rounds of NGS-ED iteration
	effective electronic model is modified as: kinetic energy t = 0.816465
	                                           effective interaction Vq = [      -8.45,  -0.101192, -0.0019517,  -0.101192,  -0.101192,-0.00195663, -0.0470281,-0.00195762, -0.0019517, -0.0470281,   -6.03998, -0.0470281,  -0.101192,-0.00195762, -0.0470281,-0.00195663]
	PARPACK diagonalization completed after 30 matrix-vector product operations.
	iteration results: : total energy is -59.281332 | electron energy -60.048852 + phonon energy 0.767520 | electron momentum kIdx = 0
The 11-th iteration is completed.	|| time cost : 0h 0m 1.166s
********************************************************************************************************************
Start the 12 rounds of NGS-ED iteration
	effective electronic model is modified as: kinetic energy t = 0.816469
	                                           effective interaction Vq = [      -8.45,  -0.101196,-0.00195177,  -0.101196,  -0.101196, -0.0019567, -0.0470297, -0.0019577,-0.00195177, -0.0470297,   -6.03998, -0.0470297,  -0.101196, -0.0019577, -0.0470297, -0.0019567]
	PARPACK diagonalization completed after 30 matrix-vector product operations.
	iteration results: : total energy is -59.281332 | electron energy -60.048871 + phonon energy 0.767539 | electron momentum kIdx = 0
The 12-th iteration is completed.	|| time cost : 0h 0m 1.157s
********************************************************************************************************************
Start the 13 rounds of NGS-ED iteration
	effective electronic model is modified as: kinetic energy t = 0.816469
	                                           effective interaction Vq = [      -8.45,  -0.101196,-0.00195178,  -0.101196,  -0.101196,-0.00195671, -0.0470299,-0.00195771,-0.00195178, -0.0470299,   -6.03998, -0.0470299,  -0.101196,-0.00195771, -0.0470299,-0.00195671]
	PARPACK diagonalization completed after 30 matrix-vector product operations.
	iteration results: : total energy is -59.281332 | electron energy -60.048874 + phonon energy 0.767542 | electron momentum kIdx = 0
The 13-th iteration is completed.	|| time cost : 0h 0m 1.156s
********************************************************************************************************************
Start the 14 rounds of NGS-ED iteration
	effective electronic model is modified as: kinetic energy t = 0.816469
	                                           effective interaction Vq = [      -8.45,  -0.101196,-0.00195178,  -0.101196,  -0.101196,-0.00195671, -0.0470299,-0.00195771,-0.00195178, -0.0470299,   -6.03998, -0.0470299,  -0.101196,-0.00195771, -0.0470299,-0.00195671]
	PARPACK diagonalization completed after 30 matrix-vector product operations.
	iteration results: : total energy is -59.281332 | electron energy -60.048874 + phonon energy 0.767542 | electron momentum kIdx = 0
The 14-th iteration is completed.	|| time cost : 0h 0m 1.164s
********************************************************************************************************************
Start the 15 rounds of NGS-ED iteration
	effective electronic model is modified as: kinetic energy t = 0.816469
	                                           effective interaction Vq = [      -8.45,  -0.101196,-0.00195178,  -0.101196,  -0.101196,-0.00195671, -0.0470299,-0.00195771,-0.00195178, -0.0470299,   -6.03998, -0.0470299,  -0.101196,-0.00195771, -0.0470299,-0.00195671]
	PARPACK diagonalization completed after 30 matrix-vector product operations.
	iteration results: : total energy is -59.281332 | electron energy -60.048874 + phonon energy 0.767542 | electron momentum kIdx = 0
	Nq(0) = 4,	Nq(1) = 0.0141614,	Nq(2) = 0.0269028,	Nq(3) = 0.0141614,	Nq(4) = 0.0141614,	Nq(5) = 0.0269728,	
	Nq(6) = 0.0385153,	Nq(7) = 0.0269869,	Nq(8) = 0.0269028,	Nq(9) = 0.0385153,	Nq(10) = 3.64855,	
	Nq(11) = 0.0385153,	Nq(12) = 0.0141614,	Nq(13) = 0.0269869,	Nq(14) = 0.0385153,	Nq(15) = 0.0269728;	
	Sq(0) = -5.78706e-20,	Sq(1) = 0.336113,	Sq(2) = 0.656978,	Sq(3) = 0.336113,	Sq(4) = 0.336113,	
	Sq(5) = 0.958706,	Sq(6) = 0.346616,	Sq(7) = 0.983774,	Sq(8) = 0.656978,	Sq(9) = 0.346616,	
	Sq(10) = 0.0491915,	Sq(11) = 0.346616,	Sq(12) = 0.336113,	Sq(13) = 0.983774,	Sq(14) = 0.346616,	
	Sq(15) = 0.958706;	N(0) = 0.952568,	N(1) = 0.655563,	N(2) = 0.478368,	N(3) = 0.655563,	
	N(4) = 0.655563,	N(5) = 0.457634,	N(6) = 0.344448,	N(7) = 0.455912,	N(8) = 0.478368,	
	N(9) = 0.344448,	N(10) = 0.263559,	N(11) = 0.344448,	N(12) = 0.655563,	N(13) = 0.455912,	
	N(14) = 0.344448,	N(15) = 0.457634;	Delta[s](0) = 0.00162275,	Delta[s](1) = 0.000829981,	Delta[s](2) = 0.000537463,	
	Delta[s](3) = 0.000829981,	Delta[s](4) = 0.000829981,	Delta[s](5) = 0.000409083,	Delta[s](6) = 0.000481961,	Delta[s](7) = 0.000400497,	
	Delta[s](8) = 0.000537463,	Delta[s](9) = 0.000481961,	Delta[s](10) = 0.000924545,	Delta[s](11) = 0.000481961,	Delta[s](12) = 0.000829981,	
	Delta[s](13) = 0.000400497,	Delta[s](14) = 0.000481961,	Delta[s](15) = 0.000409083;	Delta[d](0) = 0.0120364,	Delta[d](1) = 0.00813343,	
	Delta[d](2) = 0.0090456,	Delta[d](3) = 0.00813343,	Delta[d](4) = 0.00813343,	Delta[d](5) = 0.00226926,	Delta[d](6) = 0.00169665,	
	Delta[d](7) = 0.00228874,	Delta[d](8) = 0.0090456,	Delta[d](9) = 0.00169665,	Delta[d](10) = 2.56317e-05,	Delta[d](11) = 0.00169665,	
	Delta[d](12) = 0.00813343,	Delta[d](13) = 0.00228874,	Delta[d](14) = 0.00169665,	Delta[d](15) = 0.00226926;	Delta[s+](0) = 0.0348284,	
	Delta[s+](1) = 0.0184845,	Delta[s+](2) = 0.0090456,	Delta[s+](3) = 0.0184845,	Delta[s+](4) = 0.0184845,	Delta[s+](5) = 0.007135,	
	Delta[s+](6) = 0.00182077,	Delta[s+](7) = 0.00709973,	Delta[s+](8) = 0.0090456,	Delta[s+](9) = 0.00182077,	Delta[s+](10) = 1.5971e-05,	
	Delta[s+](11) = 0.00182077,	Delta[s+](12) = 0.0184845,	Delta[s+](13) = 0.00709973,	Delta[s+](14) = 0.00182077,	Delta[s+](15) = 0.007135
	
The 15-th iteration is completed.	|| time cost : 0h 0m 3.356s
********************************************************************************************************************
********************************************************************************************************************
Ground state is obtained after 16 iterations. The current ground-state energy is -59.2813, in which electron energy is -60.0489 and phonon energy is 0.767542
Final variational state is: 
	Gamma_x = [      1,1.00712,1.00026,1.00712,1.00712,1.00026,1.00901,1.00026,1.00026,1.00901,17.2925,1.00901,1.00712,1.00026,1.00901,1.00026]
	lambda_q = [       6.5, 0.0730454,0.00985604, 0.0730454, 0.0730454,0.00988121,-0.0474808,0.00988627,0.00985604,-0.0474808,  -5.27618,-0.0474808, 0.0730454,0.00988627,-0.0474808,0.00988121]
Effective e-e interactions mediated by phonons are:
	momentum-space Vq = [      -8.45,  -0.101196,-0.00195178,  -0.101196,  -0.101196,-0.00195671, -0.0470299,-0.00195771,-0.00195178, -0.0470299,   -6.03998, -0.0470299,  -0.101196,-0.00195771, -0.0470299,-0.00195671]
	real-space Vr = [-0.943414,-0.157397,-0.905378,-0.157397,-0.157397, -0.90538,-0.143855, -0.90538,-0.905378,-0.143855,  -0.8693,-0.143855,-0.157397, -0.90538,-0.143855, -0.90538]
********************************************************************************************************************
o___o  ----------------------------------------
| L |	Time since last clock: 0h 0m 0.009s
A===A	Time since the beginning: 0h 0m 27.931s
***********************************************


Non-Gaussina ED ground state calculation is completed. The final ground-state energy is -59.2813
********************************************************************************************************************
o___o  ----------------------------------------
| L |	Time since last clock: 0h 0m 0.009s
A===A	Time since the beginning: 0h 0m 27.94s
***********************************************



********************************************************************************************************************
All non-Gaussian ED ground state calculations have been completed. Exit now.
