SNEDics v3.22.2 Non-Gaussian ED ground state program		Start at Wed Jun 15 17:10:52 2022

Parallelization: 32 MPI threads  * 8 OpenMP threads = 256 total threads.
********************************************************************************************************************
********************************************************************************************************************

********************************************************************************************************************
System parameters and configurations
	special program options are enabled: splitted diagonal Hamiltonian | splitted Hamiltonian terms
********************************************************************************************************************
Read input file "model_params.in"
	Hubbard-Holstein model parameters : 	t = 1    U = 8    g = 0.8    W = 0.2    
********************************************************************************************************************
Read input file "hilbertspace_params.in"
	Requested 16-site 2D lattice, with 8 electrons (4, 4)
	Boundary : Periodic		Hilbert space representation : momentum-space (restricted to kIdx = 10)
	Conservation: particle number[U(1)]      spin[U(1)]     momentum
********************************************************************************************************************

Cluster Positions:				Cluster symmetry group : D4
 x ... x ... x ... x .....                       x ... x ... x ... x .....
 |           |           :                       |           |           :
 |           |           :                       |           |           :
12    13    14    15     x                       1     5     6     5     x
 |           |           :                       |           |           :
 |           |           :                       |           |           :
 8 --- 9 ---10 ---11 --- x                       2 --- 6 ---10 --- 6 --- x
 |           |           :                       |           |           :
 |           |           :                       |           |           :
 4     5     6     7     x                       1     5     6     5     x
 |           |           :                       |           |           :
 |           |           :                       |           |           :
 0 --- 1 --- 2 --- 3 --- x                       0 --- 1 --- 2 --- 1 --- x
orbital number : 1
********************************************************************************************************************
Read input file "obs_params.in"
	Observable Type : Nq(All),   Sq(All),   N(All-Orbital),   Delta[s](All),   Delta[d](All),   Delta[s+](All)
** WARNING ** the input observables have non-local factors which have been reinterpreted. The total observable number is 96
********************************************************************************************************************


********************************************************************************************************************
Start calculating the non-Gaussian ED ground state
Maximal iteration number is 1000; energy resolution is 1e-06. Phonon state relaxation time is 2000
W = 0.2 is relatively large. The non-Gaussian ED calculation starts directly.
open output files: NGSED_iteration_observables.txt
********************************************************************************************************************
Start the 0 rounds of NGS-ED iteration
	effective electronic model is modified as: kinetic energy t = 1
	                                           effective interaction Vq = [0,0,0,0,0,0,0,0,0,0,0,0,0,0,0,0]
	first Hamiltonian is constructed, size = 207168 and non-zero numbers = 32194784
	PARPACK diagonalization completed after 225 matrix-vector product operations.
	iteration results: : total energy is -14.228491 | electron energy -14.228491 + phonon energy 0.000000 | electron momentum kIdx = 10
	Nq(0) = 4,	Nq(1) = 0.1929,	Nq(2) = 0.241361,	Nq(3) = 0.1929,	Nq(4) = 0.1929,	Nq(5) = 0.2635,	
	Nq(6) = 0.343209,	Nq(7) = 0.2635,	Nq(8) = 0.241361,	Nq(9) = 0.343209,	Nq(10) = 0.497356,	
	Nq(11) = 0.343209,	Nq(12) = 0.1929,	Nq(13) = 0.2635,	Nq(14) = 0.343209,	Nq(15) = 0.2635;	
	Sq(0) = 1.05048e-18,	Sq(1) = 0.540129,	Sq(2) = 0.425883,	Sq(3) = 0.540129,	Sq(4) = 0.540129,	
	Sq(5) = 0.44091,	Sq(6) = 0.633208,	Sq(7) = 0.44091,	Sq(8) = 0.425883,	Sq(9) = 0.633208,	
	Sq(10) = 0.512733,	Sq(11) = 0.633208,	Sq(12) = 0.540129,	Sq(13) = 0.44091,	Sq(14) = 0.633208,	
	Sq(15) = 0.44091;	N(0) = 1.39632,	N(1) = 1.19393,	N(2) = 0.182033,	N(3) = 1.19393,	
	N(4) = 1.19393,	N(5) = 0.343994,	N(6) = 0.0196952,	N(7) = 0.343994,	N(8) = 0.182033,	
	N(9) = 0.0196952,	N(10) = 0.00914957,	N(11) = 0.0196952,	N(12) = 1.19393,	N(13) = 0.343994,	
	N(14) = 0.0196952,	N(15) = 0.343994;	Delta[s](0) = 0.0143616,	Delta[s](1) = 0.0082344,	Delta[s](2) = 0.00364546,	
	Delta[s](3) = 0.0082344,	Delta[s](4) = 0.0082344,	Delta[s](5) = 0.00569965,	Delta[s](6) = 0.00238849,	Delta[s](7) = 0.00569965,	
	Delta[s](8) = 0.00364546,	Delta[s](9) = 0.00238849,	Delta[s](10) = 0.00231313,	Delta[s](11) = 0.00238849,	Delta[s](12) = 0.0082344,	
	Delta[s](13) = 0.00569965,	Delta[s](14) = 0.00238849,	Delta[s](15) = 0.00569965;	Delta[d](0) = 0.0409344,	Delta[d](1) = 0.0391022,	
	Delta[d](2) = 0.0347427,	Delta[d](3) = 0.0391022,	Delta[d](4) = 0.0391022,	Delta[d](5) = 0.0634805,	Delta[d](6) = 0.0478598,	
	Delta[d](7) = 0.0634805,	Delta[d](8) = 0.0347427,	Delta[d](9) = 0.0478598,	Delta[d](10) = 0.0193827,	Delta[d](11) = 0.0478598,	
	Delta[d](12) = 0.0391022,	Delta[d](13) = 0.0634805,	Delta[d](14) = 0.0478598,	Delta[d](15) = 0.0634805;	Delta[s+](0) = 0.181151,	
	Delta[s+](1) = 0.11892,	Delta[s+](2) = 0.0347427,	Delta[s+](3) = 0.11892,	Delta[s+](4) = 0.11892,	Delta[s+](5) = 0.0689908,	
	Delta[s+](6) = 0.0199208,	Delta[s+](7) = 0.0689908,	Delta[s+](8) = 0.0347427,	Delta[s+](9) = 0.0199208,	Delta[s+](10) = 0.00854365,	
	Delta[s+](11) = 0.0199208,	Delta[s+](12) = 0.11892,	Delta[s+](13) = 0.0689908,	Delta[s+](14) = 0.0199208,	Delta[s+](15) = 0.0689908
	
The 0-th iteration is completed.	|| time cost : 0h 0m 5.184s
********************************************************************************************************************
Start the 1 rounds of NGS-ED iteration
	effective electronic model is modified as: kinetic energy t = 0.873531
	                                           effective interaction Vq = [     -3.2, -1.01479,-0.626018, -1.01479, -1.01479,-0.790399,-0.875186,-0.790399,-0.626018,-0.875186, -1.58768,-0.875186, -1.01479,-0.790399,-0.875186,-0.790399]
	PARPACK diagonalization completed after 45 matrix-vector product operations.
	iteration results: : total energy is -28.257802 | electron energy -29.119653 + phonon energy 0.861851 | electron momentum kIdx = 10
The 1-th iteration is completed.	|| time cost : 0h 0m 3.608s
********************************************************************************************************************
Start the 2 rounds of NGS-ED iteration
	effective electronic model is modified as: kinetic energy t = 0.871844
	                                           effective interaction Vq = [     -3.2,-0.950978,-0.534321,-0.950978,-0.950978,-0.647218,-0.798777,-0.647218,-0.534321,-0.798777, -2.35873,-0.798777,-0.950978,-0.647218,-0.798777,-0.647218]
	PARPACK diagonalization completed after 45 matrix-vector product operations.
	iteration results: : total energy is -28.562004 | electron energy -29.505381 + phonon energy 0.943376 | electron momentum kIdx = 10
The 2-th iteration is completed.	|| time cost : 0h 0m 1.042s
********************************************************************************************************************
Start the 3 rounds of NGS-ED iteration
	effective electronic model is modified as: kinetic energy t = 0.884669
	                                           effective interaction Vq = [     -3.2,-0.631755,-0.428115,-0.631755,-0.631755,-0.458006,-0.526069,-0.458006,-0.428115,-0.526069, -2.95337,-0.526069,-0.631755,-0.458006,-0.526069,-0.458006]
	PARPACK diagonalization completed after 195 matrix-vector product operations.
	iteration results: : total energy is -29.466242 | electron energy -30.356941 + phonon energy 0.890698 | electron momentum kIdx = 10
The 3-th iteration is completed.	|| time cost : 0h 0m 1.626s
********************************************************************************************************************
Start the 4 rounds of NGS-ED iteration
	effective electronic model is modified as: kinetic energy t = 0.896777
	                                           effective interaction Vq = [     -3.2,-0.339499,-0.297205,-0.339499,-0.339499,-0.322996,-0.289097,-0.322996,-0.297205,-0.289097, -3.12895,-0.289097,-0.339499,-0.322996,-0.289097,-0.322996]
	PARPACK diagonalization completed after 60 matrix-vector product operations.
	iteration results: : total energy is -29.718171 | electron energy -30.540091 + phonon energy 0.821920 | electron momentum kIdx = 10
The 4-th iteration is completed.	|| time cost : 0h 0m 1.064s
********************************************************************************************************************
Start the 5 rounds of NGS-ED iteration
	effective electronic model is modified as: kinetic energy t = 0.896714
	                                           effective interaction Vq = [     -3.2,-0.295229,-0.267649,-0.295229,-0.295229,-0.282081,-0.254655,-0.282081,-0.267649,-0.254655, -3.14762,-0.254655,-0.295229,-0.282081,-0.254655,-0.282081]
	PARPACK diagonalization completed after 60 matrix-vector product operations.
	iteration results: : total energy is -29.727539 | electron energy -30.523884 + phonon energy 0.796345 | electron momentum kIdx = 10
The 5-th iteration is completed.	|| time cost : 0h 0m 1.049s
********************************************************************************************************************
Start the 6 rounds of NGS-ED iteration
	effective electronic model is modified as: kinetic energy t = 0.896588
	                                           effective interaction Vq = [     -3.2,-0.288871,-0.264571,-0.288871,-0.288871,-0.274941,-0.249862,-0.274941,-0.264571,-0.249862, -3.15002,-0.249862,-0.288871,-0.274941,-0.249862,-0.274941]
	PARPACK diagonalization completed after 60 matrix-vector product operations.
	iteration results: : total energy is -29.727756 | electron energy -30.519538 + phonon energy 0.791781 | electron momentum kIdx = 10
The 6-th iteration is completed.	|| time cost : 0h 0m 1.049s
********************************************************************************************************************
Start the 7 rounds of NGS-ED iteration
	effective electronic model is modified as: kinetic energy t = 0.896567
	                                           effective interaction Vq = [     -3.2,-0.287946,-0.264563,-0.287946,-0.287946,-0.273666,-0.249169,-0.273666,-0.264563,-0.249169, -3.15036,-0.249169,-0.287946,-0.273666,-0.249169,-0.273666]
	PARPACK diagonalization completed after 75 matrix-vector product operations.
	iteration results: : total energy is -29.727761 | electron energy -30.518856 + phonon energy 0.791095 | electron momentum kIdx = 10
The 7-th iteration is completed.	|| time cost : 0h 0m 1.08s
********************************************************************************************************************
Start the 8 rounds of NGS-ED iteration
	effective electronic model is modified as: kinetic energy t = 0.896564
	                                           effective interaction Vq = [     -3.2,-0.287811,-0.264692,-0.287811,-0.287811,-0.273413,-0.249068,-0.273413,-0.264692,-0.249068, -3.15041,-0.249068,-0.287811,-0.273413,-0.249068,-0.273413]
	PARPACK diagonalization completed after 45 matrix-vector product operations.
	iteration results: : total energy is -29.727761 | electron energy -30.518755 + phonon energy 0.790994 | electron momentum kIdx = 10
The 8-th iteration is completed.	|| time cost : 0h 0m 0.985s
********************************************************************************************************************
Start the 9 rounds of NGS-ED iteration
	effective electronic model is modified as: kinetic energy t = 0.896564
	                                           effective interaction Vq = [     -3.2,-0.287791,-0.264749,-0.287791,-0.287791,-0.273356,-0.249053,-0.273356,-0.264749,-0.249053, -3.15042,-0.249053,-0.287791,-0.273356,-0.249053,-0.273356]
	PARPACK diagonalization completed after 45 matrix-vector product operations.
	iteration results: : total energy is -29.727761 | electron energy -30.518740 + phonon energy 0.790979 | electron momentum kIdx = 10
The 9-th iteration is completed.	|| time cost : 0h 0m 0.979s
********************************************************************************************************************
Start the 10 rounds of NGS-ED iteration
	effective electronic model is modified as: kinetic energy t = 0.896564
	                                           effective interaction Vq = [     -3.2,-0.287788,-0.264768,-0.287788,-0.287788,-0.273342, -0.24905,-0.273342,-0.264768, -0.24905, -3.15042, -0.24905,-0.287788,-0.273342, -0.24905,-0.273342]
	PARPACK diagonalization completed after 45 matrix-vector product operations.
	iteration results: : total energy is -29.727761 | electron energy -30.518738 + phonon energy 0.790977 | electron momentum kIdx = 10
The 10-th iteration is completed.	|| time cost : 0h 0m 0.976s
********************************************************************************************************************
Start the 11 rounds of NGS-ED iteration
	effective electronic model is modified as: kinetic energy t = 0.896564
	                                           effective interaction Vq = [     -3.2,-0.287787,-0.264775,-0.287787,-0.287787,-0.273338, -0.24905,-0.273338,-0.264775, -0.24905, -3.15042, -0.24905,-0.287787,-0.273338, -0.24905,-0.273338]
	PARPACK diagonalization completed after 60 matrix-vector product operations.
	iteration results: : total energy is -29.727761 | electron energy -30.518738 + phonon energy 0.790976 | electron momentum kIdx = 10
The 11-th iteration is completed.	|| time cost : 0h 0m 1.047s
********************************************************************************************************************
Start the 12 rounds of NGS-ED iteration
	effective electronic model is modified as: kinetic energy t = 0.896564
	                                           effective interaction Vq = [     -3.2,-0.287787,-0.264776,-0.287787,-0.287787,-0.273337, -0.24905,-0.273337,-0.264776, -0.24905, -3.15042, -0.24905,-0.287787,-0.273337, -0.24905,-0.273337]
	PARPACK diagonalization completed after 45 matrix-vector product operations.
	iteration results: : total energy is -29.727761 | electron energy -30.518738 + phonon energy 0.790976 | electron momentum kIdx = 10
The 12-th iteration is completed.	|| time cost : 0h 0m 0.958s
********************************************************************************************************************
Start the 13 rounds of NGS-ED iteration
	effective electronic model is modified as: kinetic energy t = 0.896564
	                                           effective interaction Vq = [     -3.2,-0.287787,-0.264777,-0.287787,-0.287787,-0.273337, -0.24905,-0.273337,-0.264777, -0.24905, -3.15042, -0.24905,-0.287787,-0.273337, -0.24905,-0.273337]
	PARPACK diagonalization completed after 30 matrix-vector product operations.
	iteration results: : total energy is -29.727761 | electron energy -30.518738 + phonon energy 0.790976 | electron momentum kIdx = 10
The 13-th iteration is completed.	|| time cost : 0h 0m 0.923s
********************************************************************************************************************
Start the 14 rounds of NGS-ED iteration
	effective electronic model is modified as: kinetic energy t = 0.896564
	                                           effective interaction Vq = [     -3.2,-0.287787,-0.264777,-0.287787,-0.287787,-0.273337, -0.24905,-0.273337,-0.264777, -0.24905, -3.15042, -0.24905,-0.287787,-0.273337, -0.24905,-0.273337]
	PARPACK diagonalization completed after 30 matrix-vector product operations.
	iteration results: : total energy is -29.727761 | electron energy -30.518738 + phonon energy 0.790976 | electron momentum kIdx = 10
	Nq(0) = 4,	Nq(1) = 0.0677064,	Nq(2) = 0.117099,	Nq(3) = 0.0677064,	Nq(4) = 0.0677064,	Nq(5) = 0.1201,	
	Nq(6) = 0.158025,	Nq(7) = 0.1201,	Nq(8) = 0.117099,	Nq(9) = 0.158025,	Nq(10) = 2.49087,	
	Nq(11) = 0.158025,	Nq(12) = 0.0677064,	Nq(13) = 0.1201,	Nq(14) = 0.158025,	Nq(15) = 0.1201;	
	Sq(0) = 8.08995e-19,	Sq(1) = 0.341569,	Sq(2) = 1.02797,	Sq(3) = 0.341569,	Sq(4) = 0.341569,	
	Sq(5) = 0.666456,	Sq(6) = 0.399005,	Sq(7) = 0.666456,	Sq(8) = 1.02797,	Sq(9) = 0.399005,	
	Sq(10) = 0.20754,	Sq(11) = 0.399005,	Sq(12) = 0.341569,	Sq(13) = 0.666456,	Sq(14) = 0.399005,	
	Sq(15) = 0.666456;	N(0) = 1.49188,	N(1) = 0.832747,	N(2) = 0.351141,	N(3) = 0.832747,	
	N(4) = 0.832747,	N(5) = 0.43419,	N(6) = 0.167327,	N(7) = 0.43419,	N(8) = 0.351141,	
	N(9) = 0.167327,	N(10) = 0.0687789,	N(11) = 0.167327,	N(12) = 0.832747,	N(13) = 0.43419,	
	N(14) = 0.167327,	N(15) = 0.43419;	Delta[s](0) = 0.00903808,	Delta[s](1) = 0.00520758,	Delta[s](2) = 0.00200211,	
	Delta[s](3) = 0.00520758,	Delta[s](4) = 0.00520758,	Delta[s](5) = 0.00301647,	Delta[s](6) = 0.00148516,	Delta[s](7) = 0.00301647,	
	Delta[s](8) = 0.00200211,	Delta[s](9) = 0.00148516,	Delta[s](10) = 0.00231778,	Delta[s](11) = 0.00148516,	Delta[s](12) = 0.00520758,	
	Delta[s](13) = 0.00301647,	Delta[s](14) = 0.00148516,	Delta[s](15) = 0.00301647;	Delta[d](0) = 0.033399,	Delta[d](1) = 0.0257696,	
	Delta[d](2) = 0.0252646,	Delta[d](3) = 0.0257696,	Delta[d](4) = 0.0257696,	Delta[d](5) = 0.0119048,	Delta[d](6) = 0.00751687,	
	Delta[d](7) = 0.0119048,	Delta[d](8) = 0.0252646,	Delta[d](9) = 0.00751687,	Delta[d](10) = 0.00106065,	Delta[d](11) = 0.00751687,	
	Delta[d](12) = 0.0257696,	Delta[d](13) = 0.0119048,	Delta[d](14) = 0.00751687,	Delta[d](15) = 0.0119048;	Delta[s+](0) = 0.139847,	
	Delta[s+](1) = 0.0777265,	Delta[s+](2) = 0.0252646,	Delta[s+](3) = 0.0777265,	Delta[s+](4) = 0.0777265,	Delta[s+](5) = 0.0379914,	
	Delta[s+](6) = 0.0069496,	Delta[s+](7) = 0.0379914,	Delta[s+](8) = 0.0252646,	Delta[s+](9) = 0.0069496,	Delta[s+](10) = 0.000844991,	
	Delta[s+](11) = 0.0069496,	Delta[s+](12) = 0.0777265,	Delta[s+](13) = 0.0379914,	Delta[s+](14) = 0.0069496,	Delta[s+](15) = 0.0379914
	
The 14-th iteration is completed.	|| time cost : 0h 0m 3.121s
********************************************************************************************************************
********************************************************************************************************************
Ground state is obtained after 15 iterations. The current ground-state energy is -29.7278, in which electron energy is -30.5187 and phonon energy is 0.790976
Final variational state is: 
	Gamma_x = [      1,1.09965,1.16312,1.09965,1.09965,1.17327,1.21121,1.17327,1.16312,1.21121,17.4306,1.21121,1.09965,1.17327,1.21121,1.17327]
	lambda_q = [       4,0.184104,0.169058,0.184104,0.184104,0.174648,0.158809,0.174648,0.169058,0.158809,  3.5021,0.158809,0.184104,0.174648,0.158809,0.174648]
Effective e-e interactions mediated by phonons are:
	momentum-space Vq = [     -3.2,-0.287787,-0.264777,-0.287787,-0.287787,-0.273337, -0.24905,-0.273337,-0.264777, -0.24905, -3.15042, -0.24905,-0.287787,-0.273337, -0.24905,-0.273337]
	real-space Vr = [  -0.632542,-0.00794096,  -0.361664,-0.00794096,-0.00794096,  -0.363804, 0.00174339,  -0.363804,  -0.361664, 0.00174339,  -0.364123, 0.00174339,-0.00794096,  -0.363804, 0.00174339,  -0.363804]
********************************************************************************************************************
o___o  ----------------------------------------
| L |	Time since last clock: 0h 0m 0.008s
A===A	Time since the beginning: 0h 0m 24.705s
***********************************************


Non-Gaussina ED ground state calculation is completed. The final ground-state energy is -29.7278
********************************************************************************************************************
o___o  ----------------------------------------
| L |	Time since last clock: 0h 0m 0.002s
A===A	Time since the beginning: 0h 0m 24.708s
***********************************************



********************************************************************************************************************
All non-Gaussian ED ground state calculations have been completed. Exit now.
