SNEDics v3.4 Non-Gaussian ED ground state program		Start at Sat Sep 21 18:14:23 2019

parallized on 16 MPI threads  * 8 OpenMP threads = 128 total threads.
********************************************************************************************************************
********************************************************************************************************************

********************************************************************************************************************
System parameters and configurations
********************************************************************************************************************
Special program options are enabled: splitted diagonal Hamiltonian
********************************************************************************************************************
Read input file "model_params.in"
	Hubbard-Holstein model parameters : 	t = 1    U = 1.5    g = 2.7386    W = 5    
********************************************************************************************************************
Read input file "hilbertspace_params.in"
	Requested 16-site 2D lattice, with 16 electrons (8, 8)
	Boundary : Periodic		Hilbert space representation : momentum-space (restricted to kIdx = 0)
	Conservation: particle number[U(1)]      spin[U(1)]     momentum
********************************************************************************************************************

Cluster Positions:				Cluster symmetry group : D4
 x ... x ... x ... x .....                       x ... x ... x ... x .....
 |           |           :                       |           |           :
 |           |           :                       |           |           :
12    13    14    15     x                       1     5     6     5     x
 |           |           :                       |           |           :
 |           |           :                       |           |           :
 8 --- 9 ---10 ---11 --- x                       2 --- 6 ---10 --- 6 --- x
 |           |           :                       |           |           :
 |           |           :                       |           |           :
 4     5     6     7     x                       1     5     6     5     x
 |           |           :                       |           |           :
 |           |           :                       |           |           :
 0 --- 1 --- 2 --- 3 --- x                       0 --- 1 --- 2 --- 1 --- x
orbital number : 1
********************************************************************************************************************
Read input file "obs_params.in"
	Observable Type : Nq(All),   Sq(All),   N(All),   Delta[s](All),   Delta[d](All),   Delta[s+](All)
********************************************************************************************************************
** WARNING ** the input observables have non-local factors which have been reinterpreted. The total observable number is 96
********************************************************************************************************************


********************************************************************************************************************
Start calculating the non-Gaussian ED ground state
** WARNING ** Detected low phonon energy W < 10. The initial state will be prepared through a warm-up process.
********************************************************************************************************************
Start warm-up calculation for scaling factor 2
open output files: NGSEDWarmUpW10Obs.txt
********************************************************************************************************************
Start the 0 rounds of NGS-ED iteration
	effective electronic model is modified as: kinetic energy t = 1
	                                           effective interaction Vq = [-0,-0,-0,-0,-0,-0,-0,-0,-0,-0,-0,-0,-0,-0,-0,-0]
	first Hamiltonian is constructed, non-zero numbers = 2845383612
	PARPACK diagonalization completed after 135 matrix-vector product operations.
	iteration results: : total energy is -19.354301 | electron energy -19.354301 + phonon energy 0.000000 | electron momentum kIdx = 0
	Nq(0) = 16,	Nq(1) = 0.272569,	Nq(2) = 0.32906,	Nq(3) = 0.272569,	Nq(4) = 0.272569,	Nq(5) = 0.32906,	Nq(6) = 0.485005,	Nq(7) = 0.32906,	Nq(8) = 0.32906,	Nq(9) = 0.485005,	Nq(10) = 0.544679,	Nq(11) = 0.485005,	Nq(12) = 0.272569,	Nq(13) = 0.32906,	Nq(14) = 0.485005,	Nq(15) = 0.32906,	Sq(0) = -8.42004e-19,	Sq(1) = 0.406195,	Sq(2) = 0.587791,	Sq(3) = 0.406195,	Sq(4) = 0.406195,	Sq(5) = 0.587791,	Sq(6) = 0.700868,	Sq(7) = 0.587791,	Sq(8) = 0.587791,	Sq(9) = 0.700868,	Sq(10) = 2.49566,	Sq(11) = 0.700868,	Sq(12) = 0.406195,	Sq(13) = 0.587791,	Sq(14) = 0.700868,	Sq(15) = 0.587791,	N(0) = 1.98964,	N(1) = 1.97495,	N(2) = 1,	N(3) = 1.97495,	N(4) = 1.97495,	N(5) = 1,	N(6) = 0.0250526,	N(7) = 1,	N(8) = 1,	N(9) = 0.0250526,	N(10) = 0.0103568,	N(11) = 0.0250526,	N(12) = 1.97495,	N(13) = 1,	N(14) = 0.0250526,	N(15) = 1,	Delta[s](0) = 0.257028,	Delta[s](1) = 0.231609,	Delta[s](2) = 0.166031,	Delta[s](3) = 0.231609,	Delta[s](4) = 0.231609,	Delta[s](5) = 0.166031,	Delta[s](6) = 0.141904,	Delta[s](7) = 0.166031,	Delta[s](8) = 0.166031,	Delta[s](9) = 0.141904,	Delta[s](10) = 0.0273982,	Delta[s](11) = 0.141904,	Delta[s](12) = 0.231609,	Delta[s](13) = 0.166031,	Delta[s](14) = 0.141904,	Delta[s](15) = 0.166031,	Delta[d](0) = 0.563302,	Delta[d](1) = 0.317335,	Delta[d](2) = 0.271127,	Delta[d](3) = 0.317335,	Delta[d](4) = 0.317335,	Delta[d](5) = 0.318608,	Delta[d](6) = 0.227033,	Delta[d](7) = 0.318608,	Delta[d](8) = 0.271127,	Delta[d](9) = 0.227033,	Delta[d](10) = 0.0755698,	Delta[d](11) = 0.227033,	Delta[d](12) = 0.317335,	Delta[d](13) = 0.318608,	Delta[d](14) = 0.227033,	Delta[d](15) = 0.318608,	Delta[s+](0) = 0.535795,	Delta[s+](1) = 0.432498,	Delta[s+](2) = 0.271127,	Delta[s+](3) = 0.432498,	Delta[s+](4) = 0.432498,	Delta[s+](5) = 0.271127,	Delta[s+](6) = 0.115823,	Delta[s+](7) = 0.271127,	Delta[s+](8) = 0.271127,	Delta[s+](9) = 0.115823,	Delta[s+](10) = 0.0130789,	Delta[s+](11) = 0.115823,	Delta[s+](12) = 0.432498,	Delta[s+](13) = 0.271127,	Delta[s+](14) = 0.115823,	Delta[s+](15) = 0.271127
The 0-th iteration is completed.	|| time cost : 0h 11m 5.27s
********************************************************************************************************************
Start the 1 rounds of NGS-ED iteration
	effective electronic model is modified as: kinetic energy t = 0.958421
	                                           effective interaction Vq = [-1.29698,-1.22079,-1.17153,-1.22079,-1.22079,-1.17153,-1.16993,-1.17153,-1.17153,-1.16993,  -1.147,-1.16993,-1.22079,-1.17153,-1.16993,-1.17153]
	PARPACK diagonalization completed after 105 matrix-vector product operations.
	iteration results: : total energy is -47.810598 | electron energy -47.812721 + phonon energy 0.002123 | electron momentum kIdx = 0
The 1-th iteration is completed.	|| time cost : 0h 10m 7.147s
********************************************************************************************************************
Start the 2 rounds of NGS-ED iteration
	effective electronic model is modified as: kinetic energy t = 0.924262
	                                           effective interaction Vq = [-1.47251, -1.4193,-1.40546, -1.4193, -1.4193,-1.40546,-1.37009,-1.40546,-1.40546,-1.37009,-1.38493,-1.37009, -1.4193,-1.40546,-1.37009,-1.40546]
	PARPACK diagonalization completed after 60 matrix-vector product operations.
	iteration results: : total energy is -52.014840 | electron energy -52.029487 + phonon energy 0.014647 | electron momentum kIdx = 0
The 2-th iteration is completed.	|| time cost : 0h 0m 50.027s
********************************************************************************************************************
Start the 3 rounds of NGS-ED iteration
	effective electronic model is modified as: kinetic energy t = 0.911285
	                                           effective interaction Vq = [-1.49627,-1.45867,-1.44835,-1.45867,-1.45867,-1.44835, -1.4143,-1.44835,-1.44835, -1.4143,-1.45167, -1.4143,-1.45867,-1.44835, -1.4143,-1.44835]
	PARPACK diagonalization completed after 45 matrix-vector product operations.
	iteration results: : total energy is -52.574031 | electron energy -52.600050 + phonon energy 0.026019 | electron momentum kIdx = 0
The 3-th iteration is completed.	|| time cost : 0h 0m 43.233s
********************************************************************************************************************
Start the 4 rounds of NGS-ED iteration
	effective electronic model is modified as: kinetic energy t = 0.908542
	                                           effective interaction Vq = [-1.49948,-1.46675,-1.44601,-1.46675,-1.46675,-1.44601,-1.42339,-1.44601,-1.44601,-1.42339,-1.48084,-1.42339,-1.46675,-1.44601,-1.42339,-1.44601]
	PARPACK diagonalization completed after 45 matrix-vector product operations.
	iteration results: : total energy is -52.685923 | electron energy -52.717147 + phonon energy 0.031224 | electron momentum kIdx = 0
The 4-th iteration is completed.	|| time cost : 0h 0m 43.263s
********************************************************************************************************************
Start the 5 rounds of NGS-ED iteration
	effective electronic model is modified as: kinetic energy t = 0.910397
	                                           effective interaction Vq = [-1.49992,-1.46604,-1.42599,-1.46604,-1.46604,-1.42599,-1.42153,-1.42599,-1.42599,-1.42153,-1.49088,-1.42153,-1.46604,-1.42599,-1.42153,-1.42599]
	PARPACK diagonalization completed after 45 matrix-vector product operations.
	iteration results: : total energy is -52.720648 | electron energy -52.753026 + phonon energy 0.032378 | electron momentum kIdx = 0
The 5-th iteration is completed.	|| time cost : 0h 0m 43.482s
********************************************************************************************************************
Start the 6 rounds of NGS-ED iteration
	effective electronic model is modified as: kinetic energy t = 0.911815
	                                           effective interaction Vq = [-1.49998,-1.46439,-1.41282,-1.46439,-1.46439,-1.41282,-1.41901,-1.41282,-1.41282,-1.41901,-1.49387,-1.41901,-1.46439,-1.41282,-1.41901,-1.41282]
	PARPACK diagonalization completed after 45 matrix-vector product operations.
	iteration results: : total energy is -52.727691 | electron energy -52.759970 + phonon energy 0.032279 | electron momentum kIdx = 0
The 6-th iteration is completed.	|| time cost : 0h 0m 43.365s
********************************************************************************************************************
Start the 7 rounds of NGS-ED iteration
	effective electronic model is modified as: kinetic energy t = 0.912452
	                                           effective interaction Vq = [-1.49998,-1.46338,-1.40711,-1.46338,-1.46338,-1.40711, -1.4176,-1.40711,-1.40711, -1.4176,-1.49484, -1.4176,-1.46338,-1.40711, -1.4176,-1.40711]
	PARPACK diagonalization completed after 45 matrix-vector product operations.
	iteration results: : total energy is -52.728778 | electron energy -52.760859 + phonon energy 0.032081 | electron momentum kIdx = 0
The 7-th iteration is completed.	|| time cost : 0h 0m 43.262s
********************************************************************************************************************
Start the 8 rounds of NGS-ED iteration
	effective electronic model is modified as: kinetic energy t = 0.912711
	                                           effective interaction Vq = [-1.49999,-1.46288,-1.40491,-1.46288,-1.46288,-1.40491,-1.41694,-1.40491,-1.40491,-1.41694,-1.49517,-1.41694,-1.46288,-1.40491,-1.41694,-1.40491]
	PARPACK diagonalization completed after 30 matrix-vector product operations.
	iteration results: : total energy is -52.728934 | electron energy -52.760901 + phonon energy 0.031967 | electron momentum kIdx = 0
The 8-th iteration is completed.	|| time cost : 0h 0m 36.305s
********************************************************************************************************************
Start the 9 rounds of NGS-ED iteration
	effective electronic model is modified as: kinetic energy t = 0.912814
	                                           effective interaction Vq = [-1.49999,-1.46266,-1.40408,-1.46266,-1.46266,-1.40408,-1.41665,-1.40408,-1.40408,-1.41665,-1.49529,-1.41665,-1.46266,-1.40408,-1.41665,-1.40408]
	PARPACK diagonalization completed after 30 matrix-vector product operations.
	iteration results: : total energy is -52.728956 | electron energy -52.760870 + phonon energy 0.031915 | electron momentum kIdx = 0
The 9-th iteration is completed.	|| time cost : 0h 0m 36.212s
********************************************************************************************************************
Start the 10 rounds of NGS-ED iteration
	effective electronic model is modified as: kinetic energy t = 0.912854
	                                           effective interaction Vq = [-1.49999,-1.46256,-1.40378,-1.46256,-1.46256,-1.40378,-1.41653,-1.40378,-1.40378,-1.41653,-1.49533,-1.41653,-1.46256,-1.40378,-1.41653,-1.40378]
	PARPACK diagonalization completed after 30 matrix-vector product operations.
	iteration results: : total energy is -52.728959 | electron energy -52.760851 + phonon energy 0.031892 | electron momentum kIdx = 0
	Nq(0) = 16,	Nq(1) = 0.351283,	Nq(2) = 0.385482,	Nq(3) = 0.351283,	Nq(4) = 0.351283,	Nq(5) = 0.385482,	Nq(6) = 0.628001,	Nq(7) = 0.385482,	Nq(8) = 0.385482,	Nq(9) = 0.628001,	Nq(10) = 4.25351,	Nq(11) = 0.628001,	Nq(12) = 0.351283,	Nq(13) = 0.385482,	Nq(14) = 0.628001,	Nq(15) = 0.385482,	Sq(0) = -4.99468e-18,	Sq(1) = 0.27053,	Sq(2) = 0.327029,	Sq(3) = 0.27053,	Sq(4) = 0.27053,	Sq(5) = 0.327029,	Sq(6) = 0.482535,	Sq(7) = 0.327029,	Sq(8) = 0.327029,	Sq(9) = 0.482535,	Sq(10) = 0.542026,	Sq(11) = 0.482535,	Sq(12) = 0.27053,	Sq(13) = 0.327029,	Sq(14) = 0.482535,	Sq(15) = 0.327029,	N(0) = 1.98869,	N(1) = 1.97105,	N(2) = 1,	N(3) = 1.97105,	N(4) = 1.97105,	N(5) = 1,	N(6) = 0.0289471,	N(7) = 1,	N(8) = 1,	N(9) = 0.0289471,	N(10) = 0.0113092,	N(11) = 0.0289471,	N(12) = 1.97105,	N(13) = 1,	N(14) = 0.0289471,	N(15) = 1,	Delta[s](0) = 0.587679,	Delta[s](1) = 0.355558,	Delta[s](2) = 0.338669,	Delta[s](3) = 0.355558,	Delta[s](4) = 0.355558,	Delta[s](5) = 0.338669,	Delta[s](6) = 0.252007,	Delta[s](7) = 0.338669,	Delta[s](8) = 0.338669,	Delta[s](9) = 0.252007,	Delta[s](10) = 0.191817,	Delta[s](11) = 0.252007,	Delta[s](12) = 0.355558,	Delta[s](13) = 0.338669,	Delta[s](14) = 0.252007,	Delta[s](15) = 0.338669,	Delta[d](0) = 0.236968,	Delta[d](1) = 0.23271,	Delta[d](2) = 0.223046,	Delta[d](3) = 0.23271,	Delta[d](4) = 0.23271,	Delta[d](5) = 0.136981,	Delta[d](6) = 0.183463,	Delta[d](7) = 0.136981,	Delta[d](8) = 0.223046,	Delta[d](9) = 0.183463,	Delta[d](10) = 0.0370226,	Delta[d](11) = 0.183463,	Delta[d](12) = 0.23271,	Delta[d](13) = 0.136981,	Delta[d](14) = 0.183463,	Delta[d](15) = 0.136981,	Delta[s+](0) = 0.436141,	Delta[s+](1) = 0.351296,	Delta[s+](2) = 0.223046,	Delta[s+](3) = 0.351296,	Delta[s+](4) = 0.351296,	Delta[s+](5) = 0.223046,	Delta[s+](6) = 0.0907612,	Delta[s+](7) = 0.223046,	Delta[s+](8) = 0.223046,	Delta[s+](9) = 0.0907612,	Delta[s+](10) = 0.0184411,	Delta[s+](11) = 0.0907612,	Delta[s+](12) = 0.351296,	Delta[s+](13) = 0.223046,	Delta[s+](14) = 0.0907612,	Delta[s+](15) = 0.223046
The 10-th iteration is completed.	|| time cost : 0h 5m 43.246s
********************************************************************************************************************
********************************************************************************************************************
Ground state is obtained after 11 iterations. The current ground-state energy is -52.729, in which electron energy is -52.7609 and phonon energy is 0.0318918
final variational state is: 
	Gamma_x = [      1,1.01413,1.02213,1.01413,1.01413,1.02213,1.03455,1.02213,1.02213,1.03455,1.06918,1.03455,1.01413,1.02213,1.03455,1.02213]
	lambda_q = [ 0.38729,0.326089,0.289153,0.326089,0.326089,0.289153,0.295916,0.289153,0.289153,0.295916, 0.36576,0.295916,0.326089,0.289153,0.295916,0.289153]
********************************************************************************************************************
o___o  ----------------------------------------
| L |	Time since last clock: 0h 0m 0s
A===A	Time since the beginning: 0h 32m 34.818s
***********************************************


********************************************************************************************************************
Warm up runs have been completed. Start calculating W = 5 phonon.
open output files: NGSEDIterationObs.txt
********************************************************************************************************************
Start the 0 rounds of NGS-ED iteration
	effective electronic model is modified as: kinetic energy t = 0.912869
	                                           effective interaction Vq = [ -1.3713,-1.25439, -1.1657,-1.25439,-1.25439, -1.1657,-1.18296, -1.1657, -1.1657,-1.18296,-1.33444,-1.18296,-1.25439, -1.1657,-1.18296, -1.1657]
	PARPACK diagonalization completed after 45 matrix-vector product operations.
	iteration results: : total energy is -48.605413 | electron energy -48.621354 + phonon energy 0.015941 | electron momentum kIdx = 0
	Nq(0) = 16,	Nq(1) = 0.341654,	Nq(2) = 0.369628,	Nq(3) = 0.341654,	Nq(4) = 0.341654,	Nq(5) = 0.369628,	Nq(6) = 0.601943,	Nq(7) = 0.369628,	Nq(8) = 0.369628,	Nq(9) = 0.601943,	Nq(10) = 4.20102,	Nq(11) = 0.601943,	Nq(12) = 0.341654,	Nq(13) = 0.369628,	Nq(14) = 0.601943,	Nq(15) = 0.369628,	Sq(0) = -5.87114e-18,	Sq(1) = 0.289078,	Sq(2) = 0.33907,	Sq(3) = 0.289078,	Sq(4) = 0.289078,	Sq(5) = 0.33907,	Sq(6) = 0.512302,	Sq(7) = 0.33907,	Sq(8) = 0.33907,	Sq(9) = 0.512302,	Sq(10) = 0.566889,	Sq(11) = 0.512302,	Sq(12) = 0.289078,	Sq(13) = 0.33907,	Sq(14) = 0.512302,	Sq(15) = 0.33907,	N(0) = 1.99306,	N(1) = 1.98038,	N(2) = 1,	N(3) = 1.98038,	N(4) = 1.98038,	N(5) = 1,	N(6) = 0.0196183,	N(7) = 1,	N(8) = 1,	N(9) = 0.0196183,	N(10) = 0.00693655,	N(11) = 0.0196183,	N(12) = 1.98038,	N(13) = 1,	N(14) = 0.0196183,	N(15) = 1,	Delta[s](0) = 0.494864,	Delta[s](1) = 0.344913,	Delta[s](2) = 0.331039,	Delta[s](3) = 0.344913,	Delta[s](4) = 0.344913,	Delta[s](5) = 0.331039,	Delta[s](6) = 0.252984,	Delta[s](7) = 0.331039,	Delta[s](8) = 0.331039,	Delta[s](9) = 0.252984,	Delta[s](10) = 0.223899,	Delta[s](11) = 0.252984,	Delta[s](12) = 0.344913,	Delta[s](13) = 0.331039,	Delta[s](14) = 0.252984,	Delta[s](15) = 0.331039,	Delta[d](0) = 0.237365,	Delta[d](1) = 0.237535,	Delta[d](2) = 0.229498,	Delta[d](3) = 0.237535,	Delta[d](4) = 0.237535,	Delta[d](5) = 0.137506,	Delta[d](6) = 0.187695,	Delta[d](7) = 0.137506,	Delta[d](8) = 0.229498,	Delta[d](9) = 0.187695,	Delta[d](10) = 0.0375946,	Delta[d](11) = 0.187695,	Delta[d](12) = 0.237535,	Delta[d](13) = 0.137506,	Delta[d](14) = 0.187695,	Delta[d](15) = 0.137506,	Delta[s+](0) = 0.453823,	Delta[s+](1) = 0.362108,	Delta[s+](2) = 0.229498,	Delta[s+](3) = 0.362108,	Delta[s+](4) = 0.362108,	Delta[s+](5) = 0.229498,	Delta[s+](6) = 0.0935195,	Delta[s+](7) = 0.229498,	Delta[s+](8) = 0.229498,	Delta[s+](9) = 0.0935195,	Delta[s+](10) = 0.0196697,	Delta[s+](11) = 0.0935195,	Delta[s+](12) = 0.362108,	Delta[s+](13) = 0.229498,	Delta[s+](14) = 0.0935195,	Delta[s+](15) = 0.229498
The 0-th iteration is completed.	|| time cost : 0h 6m 10.135s
********************************************************************************************************************
Start the 1 rounds of NGS-ED iteration
	effective electronic model is modified as: kinetic energy t = 0.899449
	                                           effective interaction Vq = [-1.45264,-1.32659, -1.2137,-1.32659,-1.32659, -1.2137,-1.23748, -1.2137, -1.2137,-1.23748,-1.42263,-1.23748,-1.32659, -1.2137,-1.23748, -1.2137]
	PARPACK diagonalization completed after 45 matrix-vector product operations.
	iteration results: : total energy is -50.273779 | electron energy -50.323952 + phonon energy 0.050173 | electron momentum kIdx = 0
The 1-th iteration is completed.	|| time cost : 0h 0m 43.193s
********************************************************************************************************************
Start the 2 rounds of NGS-ED iteration
	effective electronic model is modified as: kinetic energy t = 0.892507
	                                           effective interaction Vq = [-1.48257,-1.35688,-1.23498,-1.35688,-1.35688,-1.23498,-1.26108,-1.23498,-1.23498,-1.26108,-1.45999,-1.26108,-1.35688,-1.23498,-1.26108,-1.23498]
	PARPACK diagonalization completed after 30 matrix-vector product operations.
	iteration results: : total energy is -50.876178 | electron energy -50.953339 + phonon energy 0.077161 | electron momentum kIdx = 0
The 2-th iteration is completed.	|| time cost : 0h 0m 36.274s
********************************************************************************************************************
Start the 3 rounds of NGS-ED iteration
	effective electronic model is modified as: kinetic energy t = 0.888998
	                                           effective interaction Vq = [-1.49358,-1.37031,-1.24469,-1.37031,-1.37031,-1.24469, -1.2716,-1.24469,-1.24469, -1.2716,-1.47609, -1.2716,-1.37031,-1.24469, -1.2716,-1.24469]
	PARPACK diagonalization completed after 30 matrix-vector product operations.
	iteration results: : total energy is -51.091783 | electron energy -51.186169 + phonon energy 0.094386 | electron momentum kIdx = 0
The 3-th iteration is completed.	|| time cost : 0h 0m 36.221s
********************************************************************************************************************
Start the 4 rounds of NGS-ED iteration
	effective electronic model is modified as: kinetic energy t = 0.887229
	                                           effective interaction Vq = [-1.49763,-1.37652,-1.24923,-1.37652,-1.37652,-1.24923,-1.27641,-1.24923,-1.24923,-1.27641,-1.48335,-1.27641,-1.37652,-1.24923,-1.27641,-1.24923]
	PARPACK diagonalization completed after 30 matrix-vector product operations.
	iteration results: : total energy is -51.168706 | electron energy -51.273177 + phonon energy 0.104471 | electron momentum kIdx = 0
The 4-th iteration is completed.	|| time cost : 0h 0m 36.279s
********************************************************************************************************************
Start the 5 rounds of NGS-ED iteration
	effective electronic model is modified as: kinetic energy t = 0.886335
	                                           effective interaction Vq = [-1.49912,-1.37946,-1.25139,-1.37946,-1.37946,-1.25139,-1.27865,-1.25139,-1.25139,-1.27865, -1.4868,-1.27865,-1.37946,-1.25139,-1.27865,-1.25139]
	PARPACK diagonalization completed after 30 matrix-vector product operations.
	iteration results: : total energy is -51.196180 | electron energy -51.306297 + phonon energy 0.110117 | electron momentum kIdx = 0
The 5-th iteration is completed.	|| time cost : 0h 0m 36.205s
********************************************************************************************************************
Start the 6 rounds of NGS-ED iteration
	effective electronic model is modified as: kinetic energy t = 0.885883
	                                           effective interaction Vq = [-1.49967,-1.38087,-1.25242,-1.38087,-1.38087,-1.25242,-1.27969,-1.25242,-1.25242,-1.27969,-1.48852,-1.27969,-1.38087,-1.25242,-1.27969,-1.25242]
	PARPACK diagonalization completed after 30 matrix-vector product operations.
	iteration results: : total energy is -51.206024 | electron energy -51.319221 + phonon energy 0.113197 | electron momentum kIdx = 0
The 6-th iteration is completed.	|| time cost : 0h 0m 36.584s
********************************************************************************************************************
Start the 7 rounds of NGS-ED iteration
	effective electronic model is modified as: kinetic energy t = 0.885656
	                                           effective interaction Vq = [-1.49987,-1.38155,-1.25291,-1.38155,-1.38155,-1.25291,-1.28016,-1.25291,-1.25291,-1.28016,-1.48941,-1.28016,-1.38155,-1.25291,-1.28016,-1.25291]
	PARPACK diagonalization completed after 30 matrix-vector product operations.
	iteration results: : total energy is -51.209565 | electron energy -51.324415 + phonon energy 0.114850 | electron momentum kIdx = 0
The 7-th iteration is completed.	|| time cost : 0h 0m 36.207s
********************************************************************************************************************
Start the 8 rounds of NGS-ED iteration
	effective electronic model is modified as: kinetic energy t = 0.885541
	                                           effective interaction Vq = [-1.49994,-1.38186,-1.25314,-1.38186,-1.38186,-1.25314,-1.28038,-1.25314,-1.25314,-1.28038,-1.48988,-1.28038,-1.38186,-1.25314,-1.28038,-1.25314]
	PARPACK diagonalization completed after 30 matrix-vector product operations.
	iteration results: : total energy is -51.210845 | electron energy -51.326573 + phonon energy 0.115729 | electron momentum kIdx = 0
The 8-th iteration is completed.	|| time cost : 0h 0m 36.275s
********************************************************************************************************************
Start the 9 rounds of NGS-ED iteration
	effective electronic model is modified as: kinetic energy t = 0.885484
	                                           effective interaction Vq = [-1.49997,-1.38201,-1.25324,-1.38201,-1.38201,-1.25324,-1.28047,-1.25324,-1.25324,-1.28047,-1.49013,-1.28047,-1.38201,-1.25324,-1.28047,-1.25324]
	PARPACK diagonalization completed after 30 matrix-vector product operations.
	iteration results: : total energy is -51.211308 | electron energy -51.327501 + phonon energy 0.116193 | electron momentum kIdx = 0
The 9-th iteration is completed.	|| time cost : 0h 0m 36.38s
********************************************************************************************************************
Start the 10 rounds of NGS-ED iteration
	effective electronic model is modified as: kinetic energy t = 0.885456
	                                           effective interaction Vq = [-1.49998,-1.38207,-1.25329,-1.38207,-1.38207,-1.25329, -1.2805,-1.25329,-1.25329, -1.2805,-1.49026, -1.2805,-1.38207,-1.25329, -1.2805,-1.25329]
	PARPACK diagonalization completed after 30 matrix-vector product operations.
	iteration results: : total energy is -51.211477 | electron energy -51.327914 + phonon energy 0.116437 | electron momentum kIdx = 0
	Nq(0) = 16,	Nq(1) = 0.318813,	Nq(2) = 0.359253,	Nq(3) = 0.318813,	Nq(4) = 0.318813,	Nq(5) = 0.359253,	Nq(6) = 0.576085,	Nq(7) = 0.359253,	Nq(8) = 0.359253,	Nq(9) = 0.576085,	Nq(10) = 4.81611,	Nq(11) = 0.576085,	Nq(12) = 0.318813,	Nq(13) = 0.359253,	Nq(14) = 0.576085,	Nq(15) = 0.359253,	Sq(0) = -1.61911e-18,	Sq(1) = 0.262788,	Sq(2) = 0.323732,	Sq(3) = 0.262788,	Sq(4) = 0.262788,	Sq(5) = 0.323732,	Sq(6) = 0.478078,	Sq(7) = 0.323732,	Sq(8) = 0.323732,	Sq(9) = 0.478078,	Sq(10) = 0.542916,	Sq(11) = 0.478078,	Sq(12) = 0.262788,	Sq(13) = 0.323732,	Sq(14) = 0.478078,	Sq(15) = 0.323732,	N(0) = 1.98732,	N(1) = 1.9639,	N(2) = 1,	N(3) = 1.9639,	N(4) = 1.9639,	N(5) = 1,	N(6) = 0.0361014,	N(7) = 1,	N(8) = 1,	N(9) = 0.0361014,	N(10) = 0.0126764,	N(11) = 0.0361014,	N(12) = 1.9639,	N(13) = 1,	N(14) = 0.0361014,	N(15) = 1,	Delta[s](0) = 0.496031,	Delta[s](1) = 0.357679,	Delta[s](2) = 0.339104,	Delta[s](3) = 0.357679,	Delta[s](4) = 0.357679,	Delta[s](5) = 0.339104,	Delta[s](6) = 0.269267,	Delta[s](7) = 0.339104,	Delta[s](8) = 0.339104,	Delta[s](9) = 0.269267,	Delta[s](10) = 0.237176,	Delta[s](11) = 0.269267,	Delta[s](12) = 0.357679,	Delta[s](13) = 0.339104,	Delta[s](14) = 0.269267,	Delta[s](15) = 0.339104,	Delta[d](0) = 0.231837,	Delta[d](1) = 0.22495,	Delta[d](2) = 0.222998,	Delta[d](3) = 0.22495,	Delta[d](4) = 0.22495,	Delta[d](5) = 0.136295,	Delta[d](6) = 0.176853,	Delta[d](7) = 0.136295,	Delta[d](8) = 0.222998,	Delta[d](9) = 0.176853,	Delta[d](10) = 0.0406812,	Delta[d](11) = 0.176853,	Delta[d](12) = 0.22495,	Delta[d](13) = 0.136295,	Delta[d](14) = 0.176853,	Delta[d](15) = 0.136295,	Delta[s+](0) = 0.44374,	Delta[s+](1) = 0.351826,	Delta[s+](2) = 0.222998,	Delta[s+](3) = 0.351826,	Delta[s+](4) = 0.351826,	Delta[s+](5) = 0.222998,	Delta[s+](6) = 0.090294,	Delta[s+](7) = 0.222998,	Delta[s+](8) = 0.222998,	Delta[s+](9) = 0.090294,	Delta[s+](10) = 0.0212812,	Delta[s+](11) = 0.090294,	Delta[s+](12) = 0.351826,	Delta[s+](13) = 0.222998,	Delta[s+](14) = 0.090294,	Delta[s+](15) = 0.222998
The 10-th iteration is completed.	|| time cost : 0h 5m 43.362s
********************************************************************************************************************
Start the 11 rounds of NGS-ED iteration
	effective electronic model is modified as: kinetic energy t = 0.885443
	                                           effective interaction Vq = [-1.49998, -1.3821,-1.25331, -1.3821, -1.3821,-1.25331,-1.28051,-1.25331,-1.25331,-1.28051,-1.49033,-1.28051, -1.3821,-1.25331,-1.28051,-1.25331]
	PARPACK diagonalization completed after 30 matrix-vector product operations.
	iteration results: : total energy is -51.211538 | electron energy -51.328103 + phonon energy 0.116565 | electron momentum kIdx = 0
The 11-th iteration is completed.	|| time cost : 0h 0m 36.392s
********************************************************************************************************************
Start the 12 rounds of NGS-ED iteration
	effective electronic model is modified as: kinetic energy t = 0.885436
	                                           effective interaction Vq = [-1.49999,-1.38211,-1.25332,-1.38211,-1.38211,-1.25332,-1.28051,-1.25332,-1.25332,-1.28051,-1.49037,-1.28051,-1.38211,-1.25332,-1.28051,-1.25332]
	PARPACK diagonalization completed after 30 matrix-vector product operations.
	iteration results: : total energy is -51.211560 | electron energy -51.328192 + phonon energy 0.116632 | electron momentum kIdx = 0
The 12-th iteration is completed.	|| time cost : 0h 0m 36.51s
********************************************************************************************************************
Start the 13 rounds of NGS-ED iteration
	effective electronic model is modified as: kinetic energy t = 0.885433
	                                           effective interaction Vq = [-1.49999,-1.38211,-1.25332,-1.38211,-1.38211,-1.25332,-1.28051,-1.25332,-1.25332,-1.28051,-1.49039,-1.28051,-1.38211,-1.25332,-1.28051,-1.25332]
	PARPACK diagonalization completed after 30 matrix-vector product operations.
	iteration results: : total energy is -51.211569 | electron energy -51.328235 + phonon energy 0.116667 | electron momentum kIdx = 0
The 13-th iteration is completed.	|| time cost : 0h 0m 36.177s
********************************************************************************************************************
Start the 14 rounds of NGS-ED iteration
	effective electronic model is modified as: kinetic energy t = 0.885432
	                                           effective interaction Vq = [-1.49999,-1.38211,-1.25332,-1.38211,-1.38211,-1.25332,-1.28051,-1.25332,-1.25332,-1.28051,-1.49041,-1.28051,-1.38211,-1.25332,-1.28051,-1.25332]
	PARPACK diagonalization completed after 30 matrix-vector product operations.
	iteration results: : total energy is -51.211572 | electron energy -51.328256 + phonon energy 0.116685 | electron momentum kIdx = 0
The 14-th iteration is completed.	|| time cost : 0h 0m 36.183s
********************************************************************************************************************
Start the 15 rounds of NGS-ED iteration
	effective electronic model is modified as: kinetic energy t = 0.885431
	                                           effective interaction Vq = [-1.49999,-1.38211,-1.25332,-1.38211,-1.38211,-1.25332, -1.2805,-1.25332,-1.25332, -1.2805,-1.49041, -1.2805,-1.38211,-1.25332, -1.2805,-1.25332]
	PARPACK diagonalization completed after 30 matrix-vector product operations.
	iteration results: : total energy is -51.211573 | electron energy -51.328267 + phonon energy 0.116694 | electron momentum kIdx = 0
The 15-th iteration is completed.	|| time cost : 0h 0m 36.268s
********************************************************************************************************************
Start the 16 rounds of NGS-ED iteration
	effective electronic model is modified as: kinetic energy t = 0.885431
	                                           effective interaction Vq = [-1.49999,-1.38211,-1.25332,-1.38211,-1.38211,-1.25332, -1.2805,-1.25332,-1.25332, -1.2805,-1.49042, -1.2805,-1.38211,-1.25332, -1.2805,-1.25332]
	PARPACK diagonalization completed after 30 matrix-vector product operations.
	iteration results: : total energy is -51.211573 | electron energy -51.328272 + phonon energy 0.116699 | electron momentum kIdx = 0
The 16-th iteration is completed.	|| time cost : 0h 0m 36.428s
********************************************************************************************************************
Start the 17 rounds of NGS-ED iteration
	effective electronic model is modified as: kinetic energy t = 0.885431
	                                           effective interaction Vq = [-1.49999,-1.38211,-1.25332,-1.38211,-1.38211,-1.25332, -1.2805,-1.25332,-1.25332, -1.2805,-1.49042, -1.2805,-1.38211,-1.25332, -1.2805,-1.25332]
	PARPACK diagonalization completed after 30 matrix-vector product operations.
	iteration results: : total energy is -51.211573 | electron energy -51.328275 + phonon energy 0.116701 | electron momentum kIdx = 0
The 17-th iteration is completed.	|| time cost : 0h 0m 36.469s
********************************************************************************************************************
Start the 18 rounds of NGS-ED iteration
	effective electronic model is modified as: kinetic energy t = 0.885431
	                                           effective interaction Vq = [-1.49999,-1.38211,-1.25332,-1.38211,-1.38211,-1.25332, -1.2805,-1.25332,-1.25332, -1.2805,-1.49042, -1.2805,-1.38211,-1.25332, -1.2805,-1.25332]
	PARPACK diagonalization completed after 30 matrix-vector product operations.
	iteration results: : total energy is -51.211573 | electron energy -51.328276 + phonon energy 0.116703 | electron momentum kIdx = 0
The 18-th iteration is completed.	|| time cost : 0h 0m 36.443s
********************************************************************************************************************
Start the 19 rounds of NGS-ED iteration
	effective electronic model is modified as: kinetic energy t = 0.885431
	                                           effective interaction Vq = [-1.49999, -1.3821,-1.25332, -1.3821, -1.3821,-1.25332, -1.2805,-1.25332,-1.25332, -1.2805,-1.49042, -1.2805, -1.3821,-1.25332, -1.2805,-1.25332]
	PARPACK diagonalization completed after 30 matrix-vector product operations.
	iteration results: : total energy is -51.211573 | electron energy -51.328277 + phonon energy 0.116703 | electron momentum kIdx = 0
The 19-th iteration is completed.	|| time cost : 0h 0m 36.183s
********************************************************************************************************************
Start the 20 rounds of NGS-ED iteration
	effective electronic model is modified as: kinetic energy t = 0.885431
	                                           effective interaction Vq = [-1.49999, -1.3821,-1.25332, -1.3821, -1.3821,-1.25332, -1.2805,-1.25332,-1.25332, -1.2805,-1.49042, -1.2805, -1.3821,-1.25332, -1.2805,-1.25332]
	PARPACK diagonalization completed after 30 matrix-vector product operations.
	iteration results: : total energy is -51.211573 | electron energy -51.328277 + phonon energy 0.116704 | electron momentum kIdx = 0
	Nq(0) = 16,	Nq(1) = 0.318763,	Nq(2) = 0.35923,	Nq(3) = 0.318763,	Nq(4) = 0.318763,	Nq(5) = 0.35923,	Nq(6) = 0.57602,	Nq(7) = 0.35923,	Nq(8) = 0.35923,	Nq(9) = 0.57602,	Nq(10) = 4.81715,	Nq(11) = 0.57602,	Nq(12) = 0.318763,	Nq(13) = 0.35923,	Nq(14) = 0.57602,	Nq(15) = 0.35923,	Sq(0) = -2.28823e-18,	Sq(1) = 0.262755,	Sq(2) = 0.323712,	Sq(3) = 0.262755,	Sq(4) = 0.262755,	Sq(5) = 0.323712,	Sq(6) = 0.478038,	Sq(7) = 0.323712,	Sq(8) = 0.323712,	Sq(9) = 0.478038,	Sq(10) = 0.542888,	Sq(11) = 0.478038,	Sq(12) = 0.262755,	Sq(13) = 0.323712,	Sq(14) = 0.478038,	Sq(15) = 0.323712,	N(0) = 1.98732,	N(1) = 1.96387,	N(2) = 1,	N(3) = 1.96387,	N(4) = 1.96387,	N(5) = 1,	N(6) = 0.0361283,	N(7) = 1,	N(8) = 1,	N(9) = 0.0361283,	N(10) = 0.0126844,	N(11) = 0.0361283,	N(12) = 1.96387,	N(13) = 1,	N(14) = 0.0361283,	N(15) = 1,	Delta[s](0) = 0.496014,	Delta[s](1) = 0.357695,	Delta[s](2) = 0.339113,	Delta[s](3) = 0.357695,	Delta[s](4) = 0.357695,	Delta[s](5) = 0.339113,	Delta[s](6) = 0.26929,	Delta[s](7) = 0.339113,	Delta[s](8) = 0.339113,	Delta[s](9) = 0.26929,	Delta[s](10) = 0.237201,	Delta[s](11) = 0.26929,	Delta[s](12) = 0.357695,	Delta[s](13) = 0.339113,	Delta[s](14) = 0.26929,	Delta[s](15) = 0.339113,	Delta[d](0) = 0.231857,	Delta[d](1) = 0.224959,	Delta[d](2) = 0.223018,	Delta[d](3) = 0.224959,	Delta[d](4) = 0.224959,	Delta[d](5) = 0.136306,	Delta[d](6) = 0.176857,	Delta[d](7) = 0.136306,	Delta[d](8) = 0.223018,	Delta[d](9) = 0.176857,	Delta[d](10) = 0.0406828,	Delta[d](11) = 0.176857,	Delta[d](12) = 0.224959,	Delta[d](13) = 0.136306,	Delta[d](14) = 0.176857,	Delta[d](15) = 0.136306,	Delta[s+](0) = 0.443789,	Delta[s+](1) = 0.351859,	Delta[s+](2) = 0.223018,	Delta[s+](3) = 0.351859,	Delta[s+](4) = 0.351859,	Delta[s+](5) = 0.223018,	Delta[s+](6) = 0.0902975,	Delta[s+](7) = 0.223018,	Delta[s+](8) = 0.223018,	Delta[s+](9) = 0.0902975,	Delta[s+](10) = 0.0212824,	Delta[s+](11) = 0.0902975,	Delta[s+](12) = 0.351859,	Delta[s+](13) = 0.223018,	Delta[s+](14) = 0.0902975,	Delta[s+](15) = 0.223018
The 20-th iteration is completed.	|| time cost : 0h 5m 39.399s
********************************************************************************************************************
Start the 21 rounds of NGS-ED iteration
	effective electronic model is modified as: kinetic energy t = 0.885431
	                                           effective interaction Vq = [-1.49999, -1.3821,-1.25332, -1.3821, -1.3821,-1.25332, -1.2805,-1.25332,-1.25332, -1.2805,-1.49042, -1.2805, -1.3821,-1.25332, -1.2805,-1.25332]
	PARPACK diagonalization completed after 30 matrix-vector product operations.
	iteration results: : total energy is -51.211573 | electron energy -51.328277 + phonon energy 0.116704 | electron momentum kIdx = 0
The 21-th iteration is completed.	|| time cost : 0h 0m 36.392s
********************************************************************************************************************
Start the 22 rounds of NGS-ED iteration
	effective electronic model is modified as: kinetic energy t = 0.885431
	                                           effective interaction Vq = [-1.49999, -1.3821,-1.25332, -1.3821, -1.3821,-1.25332, -1.2805,-1.25332,-1.25332, -1.2805,-1.49042, -1.2805, -1.3821,-1.25332, -1.2805,-1.25332]
	PARPACK diagonalization completed after 30 matrix-vector product operations.
	iteration results: : total energy is -51.211573 | electron energy -51.328277 + phonon energy 0.116704 | electron momentum kIdx = 0
The 22-th iteration is completed.	|| time cost : 0h 0m 36.354s
********************************************************************************************************************
Start the 23 rounds of NGS-ED iteration
	effective electronic model is modified as: kinetic energy t = 0.885431
	                                           effective interaction Vq = [-1.49999, -1.3821,-1.25332, -1.3821, -1.3821,-1.25332, -1.2805,-1.25332,-1.25332, -1.2805,-1.49042, -1.2805, -1.3821,-1.25332, -1.2805,-1.25332]
	PARPACK diagonalization completed after 30 matrix-vector product operations.
	iteration results: : total energy is -51.211573 | electron energy -51.328277 + phonon energy 0.116704 | electron momentum kIdx = 0
The 23-th iteration is completed.	|| time cost : 0h 0m 36.199s
