TACC:  Starting up job 1813888 
TACC:  Starting parallel tasks... 
SNEDics v3.4 Non-Gaussian ED ground state program		Start at Fri Oct 23 21:17:06 2020

parallized on 16 MPI threads  * 7 OpenMP threads = 112 total threads.
********************************************************************************************************************
********************************************************************************************************************

********************************************************************************************************************
System parameters and configurations
********************************************************************************************************************
Special program options are enabled: splitted diagonal Hamiltonian
********************************************************************************************************************
Read input file "model_params.in"
	Hubbard-Holstein model parameters : 	t = 1    U = 2    g = 1.8708    W = 1    
********************************************************************************************************************
Read input file "hilbertspace_params.in"
	Requested 16-site 2D lattice, with 14 electrons (7, 7)
	Boundary : Periodic		Hilbert space representation : momentum-space (restricted to kIdx = 0)
	Conservation: particle number[U(1)]      spin[U(1)]     momentum
********************************************************************************************************************

Cluster Positions:				Cluster symmetry group : D4
 x ... x ... x ... x .....                       x ... x ... x ... x .....
 |           |           :                       |           |           :
 |           |           :                       |           |           :
12    13    14    15     x                       1     5     6     5     x
 |           |           :                       |           |           :
 |           |           :                       |           |           :
 8 --- 9 ---10 ---11 --- x                       2 --- 6 ---10 --- 6 --- x
 |           |           :                       |           |           :
 |           |           :                       |           |           :
 4     5     6     7     x                       1     5     6     5     x
 |           |           :                       |           |           :
 |           |           :                       |           |           :
 0 --- 1 --- 2 --- 3 --- x                       0 --- 1 --- 2 --- 1 --- x
orbital number : 1
********************************************************************************************************************
Read input file "obs_params.in"
	Observable Type : Nq(All),   Sq(All),   N(All),   Delta[s](All),   Delta[d](All),   Delta[s+](All)
********************************************************************************************************************
** WARNING ** the input observables have non-local factors which have been reinterpreted. The total observable number is 96
********************************************************************************************************************


********************************************************************************************************************
Start calculating the non-Gaussian ED ground state
** WARNING ** Detected low phonon energy W < 10. The initial state will be prepared through a warm-up process.
********************************************************************************************************************
Start warm-up calculation for scaling factor 16
open output files: NGSEDWarmUpW16Obs.txt
********************************************************************************************************************
Start the 0 rounds of NGS-ED iteration
	effective electronic model is modified as: kinetic energy t = 1
	                                           effective interaction Vq = [0,0,0,0,0,0,0,0,0,0,0,0,0,0,0,0]
	first Hamiltonian is constructed, non-zero numbers = 2178478298
	PARPACK diagonalization completed after 195 matrix-vector product operations.
	iteration results: : total energy is -19.171045 | electron energy -19.171045 + phonon energy 0.000000 | electron momentum kIdx = 0
	Nq(0) = 12.25,	Nq(1) = 0.279436,	Nq(2) = 0.329205,	Nq(3) = 0.279436,	Nq(4) = 0.279436,	Nq(5) = 0.404041,	Nq(6) = 0.478016,	Nq(7) = 0.404041,	Nq(8) = 0.329205,	Nq(9) = 0.478016,	Nq(10) = 0.527076,	Nq(11) = 0.478016,	Nq(12) = 0.279436,	Nq(13) = 0.404041,	Nq(14) = 0.478016,	Nq(15) = 0.404041,	Sq(0) = 1.51988e-18,	Sq(1) = 0.429144,	Sq(2) = 0.622642,	Sq(3) = 0.429144,	Sq(4) = 0.429144,	Sq(5) = 0.557077,	Sq(6) = 0.742896,	Sq(7) = 0.557077,	Sq(8) = 0.622642,	Sq(9) = 0.742896,	Sq(10) = 1.75679,	Sq(11) = 0.742896,	Sq(12) = 0.429144,	Sq(13) = 0.557077,	Sq(14) = 0.742896,	Sq(15) = 0.557077,	N(0) = 1.97713,	N(1) = 1.95615,	N(2) = 0.0329049,	N(3) = 1.95615,	N(4) = 1.95615,	N(5) = 0.998401,	N(6) = 0.0312702,	N(7) = 0.998401,	N(8) = 0.0329049,	N(9) = 0.0312702,	N(10) = 0.0137669,	N(11) = 0.0312702,	N(12) = 1.95615,	N(13) = 0.998401,	N(14) = 0.0312702,	N(15) = 0.998401,	Delta[s](0) = 0.197849,	Delta[s](1) = 0.16159,	Delta[s](2) = 0.112211,	Delta[s](3) = 0.16159,	Delta[s](4) = 0.16159,	Delta[s](5) = 0.135656,	Delta[s](6) = 0.0963802,	Delta[s](7) = 0.135656,	Delta[s](8) = 0.112211,	Delta[s](9) = 0.0963802,	Delta[s](10) = 0.0439515,	Delta[s](11) = 0.0963802,	Delta[s](12) = 0.16159,	Delta[s](13) = 0.135656,	Delta[s](14) = 0.0963802,	Delta[s](15) = 0.135656,	Delta[d](0) = 0.229067,	Delta[d](1) = 0.140454,	Delta[d](2) = 0.154169,	Delta[d](3) = 0.140454,	Delta[d](4) = 0.140454,	Delta[d](5) = 0.143204,	Delta[d](6) = 0.0958305,	Delta[d](7) = 0.143204,	Delta[d](8) = 0.154169,	Delta[d](9) = 0.0958305,	Delta[d](10) = 0.0270724,	Delta[d](11) = 0.0958305,	Delta[d](12) = 0.140454,	Delta[d](13) = 0.143204,	Delta[d](14) = 0.0958305,	Delta[d](15) = 0.143204,	Delta[s+](0) = 0.527033,	Delta[s+](1) = 0.394512,	Delta[s+](2) = 0.154169,	Delta[s+](3) = 0.394512,	Delta[s+](4) = 0.394512,	Delta[s+](5) = 0.269005,	Delta[s+](6) = 0.0921996,	Delta[s+](7) = 0.269005,	Delta[s+](8) = 0.154169,	Delta[s+](9) = 0.0921996,	Delta[s+](10) = 0.0196602,	Delta[s+](11) = 0.0921996,	Delta[s+](12) = 0.394512,	Delta[s+](13) = 0.269005,	Delta[s+](14) = 0.0921996,	Delta[s+](15) = 0.269005
The 0-th iteration is completed.	|| time cost : 0h 6m 36.003s
********************************************************************************************************************
Start the 1 rounds of NGS-ED iteration
	effective electronic model is modified as: kinetic energy t = 0.900354
	                                           effective interaction Vq = [-3.35723,-3.24914,-3.16734,-3.24914,-3.24914,-3.20555,-3.16247,-3.20555,-3.16734,-3.16247,-3.11916,-3.16247,-3.24914,-3.20555,-3.16247,-3.20555]
	PARPACK diagonalization completed after 120 matrix-vector product operations.
	iteration results: : total energy is -88.028865 | electron energy -88.041369 + phonon energy 0.012505 | electron momentum kIdx = 0
The 1-th iteration is completed.	|| time cost : 0h 5m 26.719s
********************************************************************************************************************
Start the 2 rounds of NGS-ED iteration
	effective electronic model is modified as: kinetic energy t = 0.84657
	                                           effective interaction Vq = [-3.49408,-3.46873,-3.45136,-3.46873,-3.46873, -3.4559,-3.44295, -3.4559,-3.45136,-3.44295,-3.45519,-3.44295,-3.46873, -3.4559,-3.44295, -3.4559]
	PARPACK diagonalization completed after 45 matrix-vector product operations.
	iteration results: : total energy is -92.155007 | electron energy -92.187287 + phonon energy 0.032280 | electron momentum kIdx = 0
The 2-th iteration is completed.	|| time cost : 0h 0m 24.468s
********************************************************************************************************************
Start the 3 rounds of NGS-ED iteration
	effective electronic model is modified as: kinetic energy t = 0.834158
	                                           effective interaction Vq = [-3.49966,-3.48651,-3.47738,-3.48651,-3.48651, -3.4781,-3.47258, -3.4781,-3.47738,-3.47258,-3.48938,-3.47258,-3.48651, -3.4781,-3.47258, -3.4781]
	PARPACK diagonalization completed after 45 matrix-vector product operations.
	iteration results: : total energy is -92.344720 | electron energy -92.380744 + phonon energy 0.036024 | electron momentum kIdx = 0
The 3-th iteration is completed.	|| time cost : 0h 0m 24.432s
********************************************************************************************************************
Start the 4 rounds of NGS-ED iteration
	effective electronic model is modified as: kinetic energy t = 0.831684
	                                           effective interaction Vq = [-3.49988,-3.48894,-3.48111,-3.48894,-3.48894,-3.48125,-3.47724,-3.48125,-3.48111,-3.47724,-3.49379,-3.47724,-3.48894,-3.48125,-3.47724,-3.48125]
	PARPACK diagonalization completed after 45 matrix-vector product operations.
	iteration results: : total energy is -92.352635 | electron energy -92.389536 + phonon energy 0.036901 | electron momentum kIdx = 0
The 4-th iteration is completed.	|| time cost : 0h 0m 24.417s
********************************************************************************************************************
Start the 5 rounds of NGS-ED iteration
	effective electronic model is modified as: kinetic energy t = 0.831189
	                                           effective interaction Vq = [-3.49989,-3.48938,-3.48179,-3.48938,-3.48938,-3.48182,-3.47816,-3.48182,-3.48179,-3.47816,-3.49453,-3.47816,-3.48938,-3.48182,-3.47816,-3.48182]
	PARPACK diagonalization completed after 30 matrix-vector product operations.
	iteration results: : total energy is -92.352955 | electron energy -92.390059 + phonon energy 0.037104 | electron momentum kIdx = 0
The 5-th iteration is completed.	|| time cost : 0h 0m 21.639s
********************************************************************************************************************
Start the 6 rounds of NGS-ED iteration
	effective electronic model is modified as: kinetic energy t = 0.831089
	                                           effective interaction Vq = [-3.49989,-3.48946,-3.48192,-3.48946,-3.48946,-3.48193,-3.47836,-3.48193,-3.48192,-3.47836,-3.49467,-3.47836,-3.48946,-3.48193,-3.47836,-3.48193]
	PARPACK diagonalization completed after 30 matrix-vector product operations.
	iteration results: : total energy is -92.352968 | electron energy -92.390116 + phonon energy 0.037148 | electron momentum kIdx = 0
	Nq(0) = 12.25,	Nq(1) = 0.49987,	Nq(2) = 0.740301,	Nq(3) = 0.49987,	Nq(4) = 0.49987,	Nq(5) = 0.740307,	Nq(6) = 0.997246,	Nq(7) = 0.740307,	Nq(8) = 0.740301,	Nq(9) = 0.997246,	Nq(10) = 2.78469,	Nq(11) = 0.997246,	Nq(12) = 0.49987,	Nq(13) = 0.740307,	Nq(14) = 0.997246,	Nq(15) = 0.740307,	Sq(0) = 1.03278e-18,	Sq(1) = 0.100776,	Sq(2) = 0.162491,	Sq(3) = 0.100776,	Sq(4) = 0.100776,	Sq(5) = 0.162491,	Sq(6) = 0.221046,	Sq(7) = 0.162491,	Sq(8) = 0.162491,	Sq(9) = 0.221046,	Sq(10) = 0.272783,	Sq(11) = 0.221046,	Sq(12) = 0.100776,	Sq(13) = 0.162491,	Sq(14) = 0.221046,	Sq(15) = 0.162491,	N(0) = 1.83213,	N(1) = 1.62243,	N(2) = 0.770845,	N(3) = 1.62243,	N(4) = 1.62243,	N(5) = 0.770845,	N(6) = 0.233829,	N(7) = 0.770845,	N(8) = 0.770845,	N(9) = 0.233829,	N(10) = 0.117781,	N(11) = 0.233829,	N(12) = 1.62243,	N(13) = 0.770845,	N(14) = 0.233829,	N(15) = 0.770845,	Delta[s](0) = 1.35486,	Delta[s](1) = 0.352258,	Delta[s](2) = 0.296455,	Delta[s](3) = 0.352258,	Delta[s](4) = 0.352258,	Delta[s](5) = 0.296454,	Delta[s](6) = 0.25002,	Delta[s](7) = 0.296454,	Delta[s](8) = 0.296455,	Delta[s](9) = 0.25002,	Delta[s](10) = 0.189787,	Delta[s](11) = 0.25002,	Delta[s](12) = 0.352258,	Delta[s](13) = 0.296454,	Delta[s](14) = 0.25002,	Delta[s](15) = 0.296454,	Delta[d](0) = 0.17694,	Delta[d](1) = 0.150867,	Delta[d](2) = 0.150379,	Delta[d](3) = 0.150867,	Delta[d](4) = 0.150867,	Delta[d](5) = 0.133997,	Delta[d](6) = 0.128151,	Delta[d](7) = 0.133997,	Delta[d](8) = 0.150379,	Delta[d](9) = 0.128151,	Delta[d](10) = 0.0934012,	Delta[d](11) = 0.128151,	Delta[d](12) = 0.150867,	Delta[d](13) = 0.133997,	Delta[d](14) = 0.128151,	Delta[d](15) = 0.133997,	Delta[s+](0) = 0.263211,	Delta[s+](1) = 0.216572,	Delta[s+](2) = 0.150379,	Delta[s+](3) = 0.216572,	Delta[s+](4) = 0.216572,	Delta[s+](5) = 0.150379,	Delta[s+](6) = 0.0867885,	Delta[s+](7) = 0.150379,	Delta[s+](8) = 0.150379,	Delta[s+](9) = 0.0867885,	Delta[s+](10) = 0.0530941,	Delta[s+](11) = 0.0867885,	Delta[s+](12) = 0.216572,	Delta[s+](13) = 0.150379,	Delta[s+](14) = 0.0867885,	Delta[s+](15) = 0.150379
The 6-th iteration is completed.	|| time cost : 0h 3m 58.004s
********************************************************************************************************************
********************************************************************************************************************
Ground state is obtained after 7 iterations. The current ground-state energy is -92.353, in which electron energy is -92.3901 and phonon energy is 0.0371477
final variational state is: 
	Gamma_x = [      1,1.01134,1.02176,1.01134,1.01134,1.02176,  1.032,1.02176,1.02176,  1.032,1.04611,  1.032,1.01134,1.02176,  1.032,1.02176]
	lambda_q = [0.467694,0.442187,0.434213,0.442187,0.442187,0.434214,0.431049,0.434214,0.434213,0.431049,0.449683,0.431049,0.442187,0.434214,0.431049,0.434214]
The effective e-e interactions mediated by phonons are: [3.49989,3.48948,3.48195,3.48948,3.48948,3.48195, 3.4784,3.48195,3.48195, 3.4784, 3.4947, 3.4784,3.48948,3.48195, 3.4784,3.48195]
The real-space interactions mediated by phonons are: [   -55.7578, -0.0234021,-0.00288687, -0.0209607, -0.0273503, -0.0329517,-0.00288687, 0.00554688, -0.0306849, 0.00554688,-0.00288687, -0.0329517, -0.0273503, -0.0209607,-0.00288687, -0.0234021]
********************************************************************************************************************
o___o  ----------------------------------------
| L |	Time since last clock: 0h 0m 0s
A===A	Time since the beginning: 0h 17m 35.685s
***********************************************

********************************************************************************************************************
Start warm-up calculation for scaling factor 8
open output files: NGSEDWarmUpW8Obs.txt
********************************************************************************************************************
Start the 0 rounds of NGS-ED iteration
	effective electronic model is modified as: kinetic energy t = 0.831068
	                                           effective interaction Vq = [-3.19963,-3.11536,-3.08688,-3.11536,-3.11536,-3.08689, -3.0753,-3.08689,-3.08688, -3.0753,-3.14121, -3.0753,-3.11536,-3.08689, -3.0753,-3.08689]
	PARPACK diagonalization completed after 45 matrix-vector product operations.
	iteration results: : total energy is -83.705277 | electron energy -83.723856 + phonon energy 0.018578 | electron momentum kIdx = 0
	Nq(0) = 12.25,	Nq(1) = 0.47403,	Nq(2) = 0.691491,	Nq(3) = 0.47403,	Nq(4) = 0.47403,	Nq(5) = 0.691494,	Nq(6) = 0.881092,	Nq(7) = 0.691494,	Nq(8) = 0.691491,	Nq(9) = 0.881092,	Nq(10) = 3.13549,	Nq(11) = 0.881092,	Nq(12) = 0.47403,	Nq(13) = 0.691494,	Nq(14) = 0.881092,	Nq(15) = 0.691494,	Sq(0) = -1.70391e-18,	Sq(1) = 0.12645,	Sq(2) = 0.19409,	Sq(3) = 0.12645,	Sq(4) = 0.12645,	Sq(5) = 0.19409,	Sq(6) = 0.263387,	Sq(7) = 0.19409,	Sq(8) = 0.19409,	Sq(9) = 0.263387,	Sq(10) = 0.321179,	Sq(11) = 0.263387,	Sq(12) = 0.12645,	Sq(13) = 0.19409,	Sq(14) = 0.263387,	Sq(15) = 0.19409,	N(0) = 1.87621,	N(1) = 1.70672,	N(2) = 0.746795,	N(3) = 1.70672,	N(4) = 1.70672,	N(5) = 0.746795,	N(6) = 0.181995,	N(7) = 0.746795,	N(8) = 0.746795,	N(9) = 0.181995,	N(10) = 0.0881586,	N(11) = 0.181995,	N(12) = 1.70672,	N(13) = 0.746795,	N(14) = 0.181995,	N(15) = 0.746795,	Delta[s](0) = 0.970543,	Delta[s](1) = 0.34336,	Delta[s](2) = 0.304545,	Delta[s](3) = 0.34336,	Delta[s](4) = 0.34336,	Delta[s](5) = 0.304544,	Delta[s](6) = 0.269948,	Delta[s](7) = 0.304544,	Delta[s](8) = 0.304545,	Delta[s](9) = 0.269948,	Delta[s](10) = 0.226429,	Delta[s](11) = 0.269948,	Delta[s](12) = 0.34336,	Delta[s](13) = 0.304544,	Delta[s](14) = 0.269948,	Delta[s](15) = 0.304544,	Delta[d](0) = 0.179259,	Delta[d](1) = 0.151602,	Delta[d](2) = 0.153173,	Delta[d](3) = 0.151602,	Delta[d](4) = 0.151602,	Delta[d](5) = 0.133055,	Delta[d](6) = 0.127655,	Delta[d](7) = 0.133055,	Delta[d](8) = 0.153173,	Delta[d](9) = 0.127655,	Delta[d](10) = 0.0890326,	Delta[d](11) = 0.127655,	Delta[d](12) = 0.151602,	Delta[d](13) = 0.133055,	Delta[d](14) = 0.127655,	Delta[d](15) = 0.133055,	Delta[s+](0) = 0.282196,	Delta[s+](1) = 0.226578,	Delta[s+](2) = 0.153173,	Delta[s+](3) = 0.226578,	Delta[s+](4) = 0.226578,	Delta[s+](5) = 0.153173,	Delta[s+](6) = 0.0842853,	Delta[s+](7) = 0.153173,	Delta[s+](8) = 0.153173,	Delta[s+](9) = 0.0842853,	Delta[s+](10) = 0.0490705,	Delta[s+](11) = 0.0842853,	Delta[s+](12) = 0.226578,	Delta[s+](13) = 0.153173,	Delta[s+](14) = 0.0842853,	Delta[s+](15) = 0.153173
The 0-th iteration is completed.	|| time cost : 0h 4m 1.508s
********************************************************************************************************************
Start the 1 rounds of NGS-ED iteration
	effective electronic model is modified as: kinetic energy t = 0.775366
	                                           effective interaction Vq = [-3.43927,-3.36163,-3.33179,-3.36163,-3.36163,-3.33179,-3.31484,-3.33179,-3.33179,-3.31484,-3.40281,-3.31484,-3.36163,-3.33179,-3.31484,-3.33179]
	PARPACK diagonalization completed after 45 matrix-vector product operations.
	iteration results: : total energy is -88.760602 | electron energy -88.855363 + phonon energy 0.094761 | electron momentum kIdx = 0
The 1-th iteration is completed.	|| time cost : 0h 0m 24.453s
********************************************************************************************************************
Start the 2 rounds of NGS-ED iteration
	effective electronic model is modified as: kinetic energy t = 0.748075
	                                           effective interaction Vq = [-3.48765,-3.43123,  -3.405,-3.43123,-3.43123,  -3.405,-3.39163,  -3.405,  -3.405,-3.39163,-3.47061,-3.39163,-3.43123,  -3.405,-3.39163,  -3.405]
	PARPACK diagonalization completed after 45 matrix-vector product operations.
	iteration results: : total energy is -89.812339 | electron energy -89.938817 + phonon energy 0.126478 | electron momentum kIdx = 0
The 2-th iteration is completed.	|| time cost : 0h 0m 24.488s
********************************************************************************************************************
Start the 3 rounds of NGS-ED iteration
	effective electronic model is modified as: kinetic energy t = 0.735065
	                                           effective interaction Vq = [-3.49742,-3.45493,-3.43163,-3.45493,-3.45493,-3.43163,-3.42125,-3.43163,-3.43163,-3.42125,-3.48756,-3.42125,-3.45493,-3.43163,-3.42125,-3.43163]
	PARPACK diagonalization completed after 45 matrix-vector product operations.
	iteration results: : total energy is -90.025543 | electron energy -90.163543 + phonon energy 0.138000 | electron momentum kIdx = 0
The 3-th iteration is completed.	|| time cost : 0h 0m 24.532s
********************************************************************************************************************
Start the 4 rounds of NGS-ED iteration
	effective electronic model is modified as: kinetic energy t = 0.728529
	                                           effective interaction Vq = [-3.49939,-3.46467,-3.44349,-3.46467,-3.46467,-3.44349,-3.43521,-3.44349,-3.44349,-3.43521,-3.49213,-3.43521,-3.46467,-3.44349,-3.43521,-3.44349]
	PARPACK diagonalization completed after 45 matrix-vector product operations.
	iteration results: : total energy is -90.070563 | electron energy -90.213789 + phonon energy 0.143226 | electron momentum kIdx = 0
The 4-th iteration is completed.	|| time cost : 0h 0m 24.525s
********************************************************************************************************************
Start the 5 rounds of NGS-ED iteration
	effective electronic model is modified as: kinetic energy t = 0.725099
	                                           effective interaction Vq = [-3.49979,-3.46919,-3.44942,-3.46919,-3.46919,-3.44942,-3.44253,-3.44942,-3.44942,-3.44253, -3.4934,-3.44253,-3.46919,-3.44942,-3.44253,-3.44942]
	PARPACK diagonalization completed after 45 matrix-vector product operations.
	iteration results: : total energy is -90.080853 | electron energy -90.226702 + phonon energy 0.145849 | electron momentum kIdx = 0
The 5-th iteration is completed.	|| time cost : 0h 0m 24.495s
********************************************************************************************************************
Start the 6 rounds of NGS-ED iteration
	effective electronic model is modified as: kinetic energy t = 0.723249
	                                           effective interaction Vq = [-3.49987,-3.47144,-3.45257,-3.47144,-3.47144,-3.45257,-3.44656,-3.45257,-3.45257,-3.44656,-3.49368,-3.44656,-3.47144,-3.45257,-3.44656,-3.45257]
	PARPACK diagonalization completed after 45 matrix-vector product operations.
	iteration results: : total energy is -90.083443 | electron energy -90.230640 + phonon energy 0.147197 | electron momentum kIdx = 0
The 6-th iteration is completed.	|| time cost : 0h 0m 24.5s
********************************************************************************************************************
Start the 7 rounds of NGS-ED iteration
	effective electronic model is modified as: kinetic energy t = 0.722232
	                                           effective interaction Vq = [-3.49989,-3.47261, -3.4543,-3.47261,-3.47261, -3.4543,-3.44884, -3.4543, -3.4543,-3.44884,-3.49367,-3.44884,-3.47261, -3.4543,-3.44884, -3.4543]
	PARPACK diagonalization completed after 30 matrix-vector product operations.
	iteration results: : total energy is -90.084162 | electron energy -90.232064 + phonon energy 0.147902 | electron momentum kIdx = 0
The 7-th iteration is completed.	|| time cost : 0h 0m 21.659s
********************************************************************************************************************
Start the 8 rounds of NGS-ED iteration
	effective electronic model is modified as: kinetic energy t = 0.721663
	                                           effective interaction Vq = [-3.49989,-3.47324,-3.45528,-3.47324,-3.47324,-3.45528,-3.45015,-3.45528,-3.45528,-3.45015,-3.49358,-3.45015,-3.47324,-3.45528,-3.45015,-3.45528]
	PARPACK diagonalization completed after 45 matrix-vector product operations.
	iteration results: : total energy is -90.084380 | electron energy -90.232660 + phonon energy 0.148280 | electron momentum kIdx = 0
The 8-th iteration is completed.	|| time cost : 0h 0m 24.464s
********************************************************************************************************************
Start the 9 rounds of NGS-ED iteration
	effective electronic model is modified as: kinetic energy t = 0.72134
	                                           effective interaction Vq = [-3.49989,-3.47359,-3.45584,-3.47359,-3.47359,-3.45584,-3.45091,-3.45584,-3.45584,-3.45091,-3.49349,-3.45091,-3.47359,-3.45584,-3.45091,-3.45584]
	PARPACK diagonalization completed after 30 matrix-vector product operations.
	iteration results: : total energy is -90.084451 | electron energy -90.232938 + phonon energy 0.148487 | electron momentum kIdx = 0
The 9-th iteration is completed.	|| time cost : 0h 0m 21.699s
********************************************************************************************************************
Start the 10 rounds of NGS-ED iteration
	effective electronic model is modified as: kinetic energy t = 0.721155
	                                           effective interaction Vq = [-3.49989,-3.47379,-3.45616,-3.47379,-3.47379,-3.45616,-3.45136,-3.45616,-3.45616,-3.45136,-3.49342,-3.45136,-3.47379,-3.45616,-3.45136,-3.45616]
	PARPACK diagonalization completed after 30 matrix-vector product operations.
	iteration results: : total energy is -90.084475 | electron energy -90.233078 + phonon energy 0.148603 | electron momentum kIdx = 0
The 10-th iteration is completed.	|| time cost : 0h 0m 21.673s
********************************************************************************************************************
Start the 11 rounds of NGS-ED iteration
	effective electronic model is modified as: kinetic energy t = 0.721046
	                                           effective interaction Vq = [-3.49989, -3.4739,-3.45635, -3.4739, -3.4739,-3.45635,-3.45163,-3.45635,-3.45635,-3.45163,-3.49337,-3.45163, -3.4739,-3.45635,-3.45163,-3.45635]
	PARPACK diagonalization completed after 30 matrix-vector product operations.
	iteration results: : total energy is -90.084483 | electron energy -90.233153 + phonon energy 0.148670 | electron momentum kIdx = 0
	Nq(0) = 12.25,	Nq(1) = 0.480793,	Nq(2) = 0.702579,	Nq(3) = 0.480793,	Nq(4) = 0.480793,	Nq(5) = 0.702579,	Nq(6) = 0.968701,	Nq(7) = 0.702579,	Nq(8) = 0.702579,	Nq(9) = 0.968701,	Nq(10) = 3.62061,	Nq(11) = 0.968701,	Nq(12) = 0.480793,	Nq(13) = 0.702579,	Nq(14) = 0.968701,	Nq(15) = 0.702579,	Sq(0) = -8.98177e-19,	Sq(1) = 0.0810495,	Sq(2) = 0.135915,	Sq(3) = 0.0810495,	Sq(4) = 0.0810495,	Sq(5) = 0.135915,	Sq(6) = 0.186134,	Sq(7) = 0.135915,	Sq(8) = 0.135915,	Sq(9) = 0.186134,	Sq(10) = 0.231717,	Sq(11) = 0.186134,	Sq(12) = 0.0810495,	Sq(13) = 0.135915,	Sq(14) = 0.186134,	Sq(15) = 0.135915,	N(0) = 1.78789,	N(1) = 1.54215,	N(2) = 0.791229,	N(3) = 1.54215,	N(4) = 1.54215,	N(5) = 0.791229,	N(6) = 0.28709,	N(7) = 0.791229,	N(8) = 0.791229,	N(9) = 0.28709,	N(10) = 0.147793,	N(11) = 0.28709,	N(12) = 1.54215,	N(13) = 0.791229,	N(14) = 0.28709,	N(15) = 0.791229,	Delta[s](0) = 0.934671,	Delta[s](1) = 0.37149,	Delta[s](2) = 0.335665,	Delta[s](3) = 0.37149,	Delta[s](4) = 0.37149,	Delta[s](5) = 0.335665,	Delta[s](6) = 0.307421,	Delta[s](7) = 0.335665,	Delta[s](8) = 0.335665,	Delta[s](9) = 0.307421,	Delta[s](10) = 0.277727,	Delta[s](11) = 0.307421,	Delta[s](12) = 0.37149,	Delta[s](13) = 0.335665,	Delta[s](14) = 0.307421,	Delta[s](15) = 0.335665,	Delta[d](0) = 0.151993,	Delta[d](1) = 0.136942,	Delta[d](2) = 0.139636,	Delta[d](3) = 0.136942,	Delta[d](4) = 0.136942,	Delta[d](5) = 0.124515,	Delta[d](6) = 0.121145,	Delta[d](7) = 0.124515,	Delta[d](8) = 0.139636,	Delta[d](9) = 0.121145,	Delta[d](10) = 0.0983628,	Delta[d](11) = 0.121145,	Delta[d](12) = 0.136942,	Delta[d](13) = 0.124515,	Delta[d](14) = 0.121145,	Delta[d](15) = 0.124515,	Delta[s+](0) = 0.231709,	Delta[s+](1) = 0.190515,	Delta[s+](2) = 0.139636,	Delta[s+](3) = 0.190515,	Delta[s+](4) = 0.190515,	Delta[s+](5) = 0.139636,	Delta[s+](6) = 0.0919157,	Delta[s+](7) = 0.139636,	Delta[s+](8) = 0.139636,	Delta[s+](9) = 0.0919157,	Delta[s+](10) = 0.0645676,	Delta[s+](11) = 0.0919157,	Delta[s+](12) = 0.190515,	Delta[s+](13) = 0.139636,	Delta[s+](14) = 0.0919157,	Delta[s+](15) = 0.139636
The 11-th iteration is completed.	|| time cost : 0h 3m 57.387s
********************************************************************************************************************
********************************************************************************************************************
Ground state is obtained after 12 iterations. The current ground-state energy is -90.0845, in which electron energy is -90.2332 and phonon energy is 0.14867
final variational state is: 
	Gamma_x = [      1, 1.0336,1.06263, 1.0336, 1.0336,1.06263,1.09144,1.06263,1.06263,1.09144,   1.14,1.09144, 1.0336,1.06263,1.09144,1.06263]
	lambda_q = [0.661415,  0.6045,0.587745,  0.6045,  0.6045,0.587745, 0.58388,0.587745,0.587745, 0.58388,0.632801, 0.58388,  0.6045,0.587745, 0.58388,0.587745]
The effective e-e interactions mediated by phonons are: [3.49989,3.47397,3.45646,3.47397,3.47397,3.45646,3.45178,3.45646,3.45646,3.45178,3.49334,3.45178,3.47397,3.45646,3.45178,3.45646]
The real-space interactions mediated by phonons are: [    -55.435, -0.0463402,-0.00841919, -0.0575035, -0.0509217, -0.0815141,-0.00841919,  0.0116266, -0.0803098,  0.0116266,-0.00841919, -0.0815141, -0.0509217, -0.0575035,-0.00841919, -0.0463402]
********************************************************************************************************************
o___o  ----------------------------------------
| L |	Time since last clock: 0h 0m 0s
A===A	Time since the beginning: 0h 29m 31.076s
***********************************************

********************************************************************************************************************
Start warm-up calculation for scaling factor 4
open output files: NGSEDWarmUpW4Obs.txt
********************************************************************************************************************
Start the 0 rounds of NGS-ED iteration
	effective electronic model is modified as: kinetic energy t = 0.720983
	                                           effective interaction Vq = [-3.19962,-3.06191,-3.01644,-3.06191,-3.06191,-3.01644,-3.00563,-3.01644,-3.01644,-3.00563,-3.13363,-3.00563,-3.06191,-3.01644,-3.00563,-3.01644]
	PARPACK diagonalization completed after 45 matrix-vector product operations.
	iteration results: : total energy is -80.964406 | electron energy -81.038760 + phonon energy 0.074354 | electron momentum kIdx = 0
	Nq(0) = 12.25,	Nq(1) = 0.407389,	Nq(2) = 0.582648,	Nq(3) = 0.407389,	Nq(4) = 0.407389,	Nq(5) = 0.582648,	Nq(6) = 0.748616,	Nq(7) = 0.582648,	Nq(8) = 0.582648,	Nq(9) = 0.748616,	Nq(10) = 5.053,	Nq(11) = 0.748616,	Nq(12) = 0.407389,	Nq(13) = 0.582648,	Nq(14) = 0.748616,	Nq(15) = 0.582648,	Sq(0) = 2.2641e-19,	Sq(1) = 0.103277,	Sq(2) = 0.164961,	Sq(3) = 0.103277,	Sq(4) = 0.103277,	Sq(5) = 0.164961,	Sq(6) = 0.224561,	Sq(7) = 0.164961,	Sq(8) = 0.164961,	Sq(9) = 0.224561,	Sq(10) = 0.275973,	Sq(11) = 0.224561,	Sq(12) = 0.103277,	Sq(13) = 0.164961,	Sq(14) = 0.224561,	Sq(15) = 0.164961,	N(0) = 1.8385,	N(1) = 1.61585,	N(2) = 0.769444,	N(3) = 1.61585,	N(4) = 1.61585,	N(5) = 0.769444,	N(6) = 0.24165,	N(7) = 0.769444,	N(8) = 0.769444,	N(9) = 0.24165,	N(10) = 0.114834,	N(11) = 0.24165,	N(12) = 1.61585,	N(13) = 0.769444,	N(14) = 0.24165,	N(15) = 0.769444,	Delta[s](0) = 0.677642,	Delta[s](1) = 0.362796,	Delta[s](2) = 0.336492,	Delta[s](3) = 0.362796,	Delta[s](4) = 0.362796,	Delta[s](5) = 0.336492,	Delta[s](6) = 0.314789,	Delta[s](7) = 0.336492,	Delta[s](8) = 0.336492,	Delta[s](9) = 0.314789,	Delta[s](10) = 0.304522,	Delta[s](11) = 0.314789,	Delta[s](12) = 0.362796,	Delta[s](13) = 0.336492,	Delta[s](14) = 0.314789,	Delta[s](15) = 0.336492,	Delta[d](0) = 0.137888,	Delta[d](1) = 0.12201,	Delta[d](2) = 0.129734,	Delta[d](3) = 0.12201,	Delta[d](4) = 0.12201,	Delta[d](5) = 0.106787,	Delta[d](6) = 0.104127,	Delta[d](7) = 0.106787,	Delta[d](8) = 0.129734,	Delta[d](9) = 0.104127,	Delta[d](10) = 0.0767591,	Delta[d](11) = 0.104127,	Delta[d](12) = 0.12201,	Delta[d](13) = 0.106787,	Delta[d](14) = 0.104127,	Delta[d](15) = 0.106787,	Delta[s+](0) = 0.246122,	Delta[s+](1) = 0.189751,	Delta[s+](2) = 0.129734,	Delta[s+](3) = 0.189751,	Delta[s+](4) = 0.189751,	Delta[s+](5) = 0.129734,	Delta[s+](6) = 0.0762314,	Delta[s+](7) = 0.129734,	Delta[s+](8) = 0.129734,	Delta[s+](9) = 0.0762314,	Delta[s+](10) = 0.0487414,	Delta[s+](11) = 0.0762314,	Delta[s+](12) = 0.189751,	Delta[s+](13) = 0.129734,	Delta[s+](14) = 0.0762314,	Delta[s+](15) = 0.129734
The 0-th iteration is completed.	|| time cost : 0h 4m 0.003s
********************************************************************************************************************
Start the 1 rounds of NGS-ED iteration
	effective electronic model is modified as: kinetic energy t = 0.686709
	                                           effective interaction Vq = [-3.36497,-3.21267,-3.15777,-3.21267,-3.21267,-3.15777,-3.13716,-3.15777,-3.15777,-3.13716,-3.33342,-3.13716,-3.21267,-3.15777,-3.13716,-3.15777]
	PARPACK diagonalization completed after 45 matrix-vector product operations.
	iteration results: : total energy is -84.516570 | electron energy -84.732687 + phonon energy 0.216116 | electron momentum kIdx = 0
The 1-th iteration is completed.	|| time cost : 0h 0m 24.524s
********************************************************************************************************************
Start the 2 rounds of NGS-ED iteration
	effective electronic model is modified as: kinetic energy t = 0.66503
	                                           effective interaction Vq = [-3.43927,-3.28798,-3.22299,-3.28798,-3.28798,-3.22299,-3.19299,-3.22299,-3.22299,-3.19299,-3.42895,-3.19299,-3.28798,-3.22299,-3.19299,-3.22299]
	PARPACK diagonalization completed after 45 matrix-vector product operations.
	iteration results: : total energy is -86.154069 | electron energy -86.438914 + phonon energy 0.284845 | electron momentum kIdx = 0
The 2-th iteration is completed.	|| time cost : 0h 0m 24.457s
********************************************************************************************************************
Start the 3 rounds of NGS-ED iteration
	effective electronic model is modified as: kinetic energy t = 0.651371
	                                           effective interaction Vq = [-3.47265,-3.33075,-3.25617,-3.33075,-3.33075,-3.25617,-3.21718,-3.25617,-3.25617,-3.21718,-3.46897,-3.21718,-3.33075,-3.25617,-3.21718,-3.25617]
	PARPACK diagonalization completed after 45 matrix-vector product operations.
	iteration results: : total energy is -86.858776 | electron energy -87.166032 + phonon energy 0.307256 | electron momentum kIdx = 0
The 3-th iteration is completed.	|| time cost : 0h 0m 24.454s
********************************************************************************************************************
Start the 4 rounds of NGS-ED iteration
	effective electronic model is modified as: kinetic energy t = 0.642514
	                                           effective interaction Vq = [-3.48765,-3.35678,-3.27563,-3.35678,-3.35678,-3.27563, -3.2299,-3.27563,-3.27563, -3.2299,-3.48532, -3.2299,-3.35678,-3.27563, -3.2299,-3.27563]
	PARPACK diagonalization completed after 30 matrix-vector product operations.
	iteration results: : total energy is -87.154101 | electron energy -87.468009 + phonon energy 0.313908 | electron momentum kIdx = 0
The 4-th iteration is completed.	|| time cost : 0h 0m 21.706s
********************************************************************************************************************
Start the 5 rounds of NGS-ED iteration
	effective electronic model is modified as: kinetic energy t = 0.636664
	                                           effective interaction Vq = [-3.49439,-3.37315,-3.28816,-3.37315,-3.37315,-3.28816,  -3.238,-3.28816,-3.28816,  -3.238,-3.49218,  -3.238,-3.37315,-3.28816,  -3.238,-3.28816]
	PARPACK diagonalization completed after 30 matrix-vector product operations.
	iteration results: : total energy is -87.277518 | electron energy -87.593858 + phonon energy 0.316340 | electron momentum kIdx = 0
The 5-th iteration is completed.	|| time cost : 0h 0m 21.645s
********************************************************************************************************************
Start the 6 rounds of NGS-ED iteration
	effective electronic model is modified as: kinetic energy t = 0.632717
	                                           effective interaction Vq = [-3.49742, -3.3837,-3.29672, -3.3837, -3.3837,-3.29672,-3.24392,-3.29672,-3.29672,-3.24392, -3.4952,-3.24392, -3.3837,-3.29672,-3.24392,-3.29672]
	PARPACK diagonalization completed after 30 matrix-vector product operations.
	iteration results: : total energy is -87.329523 | electron energy -87.647334 + phonon energy 0.317811 | electron momentum kIdx = 0
The 6-th iteration is completed.	|| time cost : 0h 0m 21.697s
********************************************************************************************************************
Start the 7 rounds of NGS-ED iteration
	effective electronic model is modified as: kinetic energy t = 0.629986
	                                           effective interaction Vq = [-3.49878,-3.39064,-3.30281,-3.39064,-3.39064,-3.30281,-3.24859,-3.30281,-3.30281,-3.24859,-3.49663,-3.24859,-3.39064,-3.30281,-3.24859,-3.30281]
	PARPACK diagonalization completed after 30 matrix-vector product operations.
	iteration results: : total energy is -87.351731 | electron energy -87.670789 + phonon energy 0.319058 | electron momentum kIdx = 0
The 7-th iteration is completed.	|| time cost : 0h 0m 21.689s
********************************************************************************************************************
Start the 8 rounds of NGS-ED iteration
	effective electronic model is modified as: kinetic energy t = 0.628047
	                                           effective interaction Vq = [-3.49939,-3.39528,-3.30726,-3.39528,-3.39528,-3.30726,-3.25242,-3.30726,-3.30726,-3.25242,-3.49734,-3.25242,-3.39528,-3.30726,-3.25242,-3.30726]
	PARPACK diagonalization completed after 30 matrix-vector product operations.
	iteration results: : total energy is -87.361364 | electron energy -87.681550 + phonon energy 0.320186 | electron momentum kIdx = 0
The 8-th iteration is completed.	|| time cost : 0h 0m 21.734s
********************************************************************************************************************
Start the 9 rounds of NGS-ED iteration
	effective electronic model is modified as: kinetic energy t = 0.626635
	                                           effective interaction Vq = [-3.49967,-3.39844,-3.31058,-3.39844,-3.39844,-3.31058, -3.2556,-3.31058,-3.31058, -3.2556,-3.49771, -3.2556,-3.39844,-3.31058, -3.2556,-3.31058]
	PARPACK diagonalization completed after 30 matrix-vector product operations.
	iteration results: : total energy is -87.365615 | electron energy -87.686802 + phonon energy 0.321187 | electron momentum kIdx = 0
The 9-th iteration is completed.	|| time cost : 0h 0m 21.623s
********************************************************************************************************************
Start the 10 rounds of NGS-ED iteration
	effective electronic model is modified as: kinetic energy t = 0.625584
	                                           effective interaction Vq = [-3.49979,-3.40063,-3.31311,-3.40063,-3.40063,-3.31311,-3.25826,-3.31311,-3.31311,-3.25826,-3.49791,-3.25826,-3.40063,-3.31311,-3.25826,-3.31311]
	PARPACK diagonalization completed after 30 matrix-vector product operations.
	iteration results: : total energy is -87.367526 | electron energy -87.689580 + phonon energy 0.322054 | electron momentum kIdx = 0
The 10-th iteration is completed.	|| time cost : 0h 0m 21.639s
********************************************************************************************************************
Start the 11 rounds of NGS-ED iteration
	effective electronic model is modified as: kinetic energy t = 0.624787
	                                           effective interaction Vq = [-3.49985,-3.40216,-3.31504,-3.40216,-3.40216,-3.31504,-3.26048,-3.31504,-3.31504,-3.26048,-3.49802,-3.26048,-3.40216,-3.31504,-3.26048,-3.31504]
	PARPACK diagonalization completed after 30 matrix-vector product operations.
	iteration results: : total energy is -87.368404 | electron energy -87.691194 + phonon energy 0.322790 | electron momentum kIdx = 0
The 11-th iteration is completed.	|| time cost : 0h 0m 21.646s
********************************************************************************************************************
Start the 12 rounds of NGS-ED iteration
	effective electronic model is modified as: kinetic energy t = 0.624172
	                                           effective interaction Vq = [-3.49987,-3.40325,-3.31655,-3.40325,-3.40325,-3.31655,-3.26234,-3.31655,-3.31655,-3.26234,-3.49808,-3.26234,-3.40325,-3.31655,-3.26234,-3.31655]
	PARPACK diagonalization completed after 30 matrix-vector product operations.
