SNEDics v3.2 diagonalization test program		Start at Fri May  3 19:39:11 2019

parallized on 80 MPI threads  * 6 OpenMP threads = 480 total threads.
************************************************************************************
************************************************************************************

Input file "model_params.in"
Hubbard-Holstein model parameters : 	t = 1    U = 10    g = 1.8708    W = 1    
************************************************************************************
Input file "hilbertspace_params.in"

Cluster Positions:				Cluster symmetry group : D4
 x ... x ... x ... x .....                       x ... x ... x ... x .....
 |           |           :                       |           |           :
 |           |           :                       |           |           :
12    13    14    15     x                       1     5     6     5     x
 |           |           :                       |           |           :
 |           |           :                       |           |           :
 8 --- 9 ---10 ---11 --- x                       2 --- 6 ---10 --- 6 --- x
 |           |           :                       |           |           :
 |           |           :                       |           |           :
 4     5     6     7     x                       1     5     6     5     x
 |           |           :                       |           |           :
 |           |           :                       |           |           :
 0 --- 1 --- 2 --- 3 --- x                       0 --- 1 --- 2 --- 1 --- x
orbital number : 1
************************************************************************************
** NOTE ** Detected low phonon energy W < 10. The initial state will be prepared through a warm-up process.
starting warm-up calculation for scaling factor 16
0 rounds of non-Gaussian ED iteration : ground-state energy is -7.029 | electron energy -7.029 + phonon energy 0 | electron momentum kIdx = 0
Nq = 	16	0.0420847	0.0772202	0.0420847	0.0420847	0.0772202	0.109143	0.0772202	0.0772202	0.109143	0.139405	0.109143	0.0420847	0.0772202	0.109143	0.0772202
Sq = 	-6.79764e-19	0.401736	0.646986	0.401736	0.401736	0.646986	0.988392	0.646986	0.646986	0.988392	5.34993	0.988392	0.401736	0.646986	0.988392	0.646986
1 rounds of non-Gaussian ED iteration : ground-state energy is -65.411 | electron energy -65.413 + phonon energy 0.00207131 | electron momentum kIdx = 0
Nq = 	16	0.137029	0.209762	0.137029	0.137029	0.209762	0.283687	0.209762	0.209762	0.283687	0.346613	0.283687	0.137029	0.209762	0.283687	0.209762
Sq = 	4.43046e-18	0.427697	0.628258	0.427697	0.427697	0.628258	0.827214	0.628258	0.628258	0.827214	3.92276	0.827214	0.427697	0.628258	0.827214	0.628258
2 rounds of non-Gaussian ED iteration : ground-state energy is -68.1478 | electron energy -68.1643 + phonon energy 0.016445 | electron momentum kIdx = 0
Nq = 	16	0.160987	0.235905	0.160987	0.160987	0.235905	0.320149	0.235905	0.235905	0.320149	0.386622	0.320149	0.160987	0.235905	0.320149	0.235905
Sq = 	-3.61098e-18	0.427103	0.623728	0.427103	0.427103	0.623728	0.801949	0.623728	0.623728	0.801949	3.61483	0.801949	0.427103	0.623728	0.801949	0.623728
3 rounds of non-Gaussian ED iteration : ground-state energy is -68.2641 | electron energy -68.2879 + phonon energy 0.0237815 | electron momentum kIdx = 0
Nq = 	16	0.164711	0.239708	0.164711	0.164711	0.239708	0.325756	0.239708	0.239708	0.325756	0.392604	0.325756	0.164711	0.239708	0.325756	0.239708
Sq = 	5.05002e-18	0.426837	0.622938	0.426837	0.426837	0.622938	0.798237	0.622938	0.622938	0.798237	3.56936	0.798237	0.426837	0.622938	0.798237	0.622938
4 rounds of non-Gaussian ED iteration : ground-state energy is -68.2688 | electron energy -68.2943 + phonon energy 0.0254947 | electron momentum kIdx = 0
Nq = 	16	0.165362	0.240359	0.165362	0.165362	0.240359	0.326739	0.240359	0.240359	0.326739	0.393641	0.326739	0.165362	0.240359	0.326739	0.240359
Sq = 	-2.49874e-18	0.426785	0.622797	0.426785	0.426785	0.622797	0.797595	0.622797	0.622797	0.797595	3.5615	0.797595	0.426785	0.622797	0.797595	0.622797
Ground state is obtained after 5 iterations. The current ground-state energy is -68.269, in which electron energy is -68.2948 and phonon energy is 0.0258309
final variational state is: 
Gamma_x =       1 1.01069 1.01877 1.01069 1.01069 1.01877 1.02686 1.01877 1.01877 1.02686 1.03401 1.02686 1.01069 1.01877 1.02686 1.01877
lambda_q = 0.467543 0.383615 0.360068 0.383615 0.383615 0.360068 0.352388 0.360068 0.360068 0.352388 0.344003 0.352388 0.383615 0.360068 0.352388 0.360068
o___o  -------------------------------------
| L |	Time since last clock: 0h 28m 20.786s
A===A	Time since the beginning: 0h 28m 20.786s
********************************************

************************************************************************************
starting warm-up calculation for scaling factor 8
0 rounds of non-Gaussian ED iteration : ground-state energy is -61.6282 | electron energy -61.6411 + phonon energy 0.0129154 | electron momentum kIdx = 0
Nq = 	16	0.124234	0.193861	0.124234	0.124234	0.193861	0.261891	0.193861	0.193861	0.261891	0.321148	0.261891	0.124234	0.193861	0.261891	0.193861
Sq = 	-2.91207e-18	0.427326	0.63081	0.427326	0.427326	0.63081	0.842794	0.63081	0.63081	0.842794	4.10585	0.842794	0.427326	0.63081	0.842794	0.63081
1 rounds of non-Gaussian ED iteration : ground-state energy is -65.5312 | electron energy -65.5721 + phonon energy 0.0408796 | electron momentum kIdx = 0
Nq = 	16	0.130589	0.201275	0.130589	0.130589	0.201275	0.271353	0.201275	0.201275	0.271353	0.331528	0.271353	0.130589	0.201275	0.271353	0.201275
Sq = 	-3.16864e-19	0.427756	0.629931	0.427756	0.427756	0.629931	0.835559	0.629931	0.629931	0.835559	4.0202	0.835559	0.427756	0.629931	0.835559	0.629931
2 rounds of non-Gaussian ED iteration : ground-state energy is -66.3182 | electron energy -66.3728 + phonon energy 0.0546715 | electron momentum kIdx = 0
Nq = 	16	0.133215	0.204268	0.133215	0.133215	0.204268	0.275266	0.204268	0.204268	0.275266	0.335833	0.275266	0.133215	0.204268	0.275266	0.204268
Sq = 	3.67199e-18	0.427875	0.629546	0.427875	0.427875	0.629546	0.832645	0.629546	0.629546	0.832645	3.98528	0.832645	0.427875	0.629546	0.832645	0.629546
3 rounds of non-Gaussian ED iteration : ground-state energy is -66.4768 | electron energy -66.5375 + phonon energy 0.0606869 | electron momentum kIdx = 0
Nq = 	16	0.134309	0.205499	0.134309	0.134309	0.205499	0.276897	0.205499	0.205499	0.276897	0.337627	0.276897	0.134309	0.205499	0.276897	0.205499
Sq = 	1.31136e-18	0.427915	0.629382	0.427915	0.427915	0.629382	0.831445	0.629382	0.629382	0.831445	3.97083	0.831445	0.427915	0.629382	0.831445	0.629382
4 rounds of non-Gaussian ED iteration : ground-state energy is -66.5088 | electron energy -66.5721 + phonon energy 0.0632639 | electron momentum kIdx = 0
Nq = 	16	0.134769	0.206012	0.134769	0.134769	0.206012	0.277582	0.206012	0.206012	0.277582	0.338381	0.277582	0.134769	0.206012	0.277582	0.206012
Sq = 	-1.47128e-18	0.427929	0.629312	0.427929	0.427929	0.629312	0.830944	0.629312	0.629312	0.830944	3.96478	0.830944	0.427929	0.629312	0.830944	0.629312
5 rounds of non-Gaussian ED iteration : ground-state energy is -66.5153 | electron energy -66.5796 + phonon energy 0.0643611 | electron momentum kIdx = 0
Nq = 	16	0.134963	0.206227	0.134963	0.134963	0.206227	0.277871	0.206227	0.206227	0.277871	0.338698	0.277871	0.134963	0.206227	0.277871	0.206227
Sq = 	1.71976e-18	0.427935	0.629283	0.427935	0.427935	0.629283	0.830733	0.629283	0.629283	0.830733	3.96223	0.830733	0.427935	0.629283	0.830733	0.629283
6 rounds of non-Gaussian ED iteration : ground-state energy is -66.5166 | electron energy -66.5814 + phonon energy 0.0648267 | electron momentum kIdx = 0
Nq = 	16	0.135045	0.206317	0.135045	0.135045	0.206317	0.277994	0.206317	0.206317	0.277994	0.338833	0.277994	0.135045	0.206317	0.277994	0.206317
Sq = 	1.3044e-18	0.427937	0.62927	0.427937	0.427937	0.62927	0.830644	0.62927	0.62927	0.830644	3.96116	0.830644	0.427937	0.62927	0.830644	0.62927
Ground state is obtained after 7 iterations. The current ground-state energy is -66.5168, in which electron energy is -66.5818 and phonon energy is 0.065024
final variational state is: 
Gamma_x =       1 1.02624 1.04354 1.02624 1.02624 1.04354 1.06028 1.04354 1.04354 1.06028 1.07493 1.06028 1.02624 1.04354 1.06028 1.04354
lambda_q = 0.660711 0.446085 0.407963 0.446085 0.446085 0.407963 0.393541 0.407963 0.407963 0.393541 0.381347 0.393541 0.446085 0.407963 0.393541 0.407963
o___o  -------------------------------------
| L |	Time since last clock: 0h 38m 19.748s
A===A	Time since the beginning: 1h 6m 40.535s
********************************************

************************************************************************************
starting warm-up calculation for scaling factor 4
0 rounds of non-Gaussian ED iteration : ground-state energy is -60.0298 | electron energy -60.0623 + phonon energy 0.032512 | electron momentum kIdx = 0
Nq = 	16	0.0965035	0.158196	0.0965035	0.0965035	0.158196	0.214579	0.158196	0.158196	0.214579	0.265924	0.214579	0.0965035	0.158196	0.214579	0.158196
Sq = 	3.85919e-18	0.423833	0.635422	0.423833	0.423833	0.635422	0.879833	0.635422	0.635422	0.879833	4.51337	0.879833	0.423833	0.635422	0.879833	0.635422
1 rounds of non-Gaussian ED iteration : ground-state energy is -62.7194 | electron energy -62.7809 + phonon energy 0.0615042 | electron momentum kIdx = 0
Nq = 	16	0.0947779	0.15582	0.0947779	0.0947779	0.15582	0.211303	0.15582	0.15582	0.211303	0.261948	0.211303	0.0947779	0.15582	0.211303	0.15582
Sq = 	9.26662e-19	0.423522	0.635767	0.423522	0.423522	0.635767	0.882463	0.635767	0.635767	0.882463	4.54027	0.882463	0.423522	0.635767	0.882463	0.635767
2 rounds of non-Gaussian ED iteration : ground-state energy is -63.9184 | electron energy -63.99 + phonon energy 0.0715309 | electron momentum kIdx = 0
Nq = 	16	0.0939039	0.154644	0.0939039	0.0939039	0.154644	0.209758	0.154644	0.154644	0.209758	0.26016	0.209758	0.0939039	0.154644	0.209758	0.154644
Sq = 	2.92386e-19	0.423337	0.635907	0.423337	0.423337	0.635907	0.883766	0.635907	0.635907	0.883766	4.55347	0.883766	0.423337	0.635907	0.883766	0.635907
3 rounds of non-Gaussian ED iteration : ground-state energy is -64.456 | electron energy -64.5299 + phonon energy 0.0739104 | electron momentum kIdx = 0
Nq = 	16	0.0934607	0.154058	0.0934607	0.0934607	0.154058	0.209007	0.154058	0.154058	0.209007	0.25931	0.209007	0.0934607	0.154058	0.209007	0.154058
Sq = 	2.51314e-18	0.423237	0.635969	0.423237	0.423237	0.635969	0.884419	0.635969	0.635969	0.884419	4.56004	0.884419	0.423237	0.635969	0.884419	0.635969
4 rounds of non-Gaussian ED iteration : ground-state energy is -64.6974 | electron energy -64.7714 + phonon energy 0.0739661 | electron momentum kIdx = 0
Nq = 	16	0.0932267	0.153752	0.0932267	0.0932267	0.153752	0.208619	0.153752	0.153752	0.208619	0.258874	0.208619	0.0932267	0.153752	0.208619	0.153752
Sq = 	3.38644e-19	0.423182	0.635999	0.423182	0.423182	0.635999	0.88476	0.635999	0.635999	0.88476	4.56347	0.88476	0.423182	0.635999	0.88476	0.635999
5 rounds of non-Gaussian ED iteration : ground-state energy is -64.8058 | electron energy -64.8793 + phonon energy 0.073505 | electron momentum kIdx = 0
Nq = 	16	0.093098	0.153584	0.093098	0.093098	0.153584	0.208406	0.153584	0.153584	0.208406	0.258635	0.208406	0.093098	0.153584	0.208406	0.153584
Sq = 	6.81757e-19	0.423151	0.636016	0.423151	0.423151	0.636016	0.884948	0.636016	0.636016	0.884948	4.56536	0.884948	0.423151	0.636016	0.884948	0.636016
6 rounds of non-Gaussian ED iteration : ground-state energy is -64.8546 | electron energy -64.9276 + phonon energy 0.0730484 | electron momentum kIdx = 0
Nq = 	16	0.0930247	0.153488	0.0930247	0.0930247	0.153488	0.208285	0.153488	0.153488	0.208285	0.258498	0.208285	0.0930247	0.153488	0.208285	0.153488
Sq = 	1.57952e-18	0.423134	0.636025	0.423134	0.423134	0.636025	0.885055	0.636025	0.636025	0.885055	4.56643	0.885055	0.423134	0.636025	0.885055	0.636025
7 rounds of non-Gaussian ED iteration : ground-state energy is -64.8765 | electron energy -64.9492 + phonon energy 0.0727072 | electron momentum kIdx = 0
Nq = 	16	0.092982	0.153433	0.092982	0.092982	0.153433	0.208215	0.153433	0.153433	0.208215	0.258418	0.208215	0.092982	0.153433	0.208215	0.153433
Sq = 	6.89703e-19	0.423124	0.63603	0.423124	0.423124	0.63603	0.885117	0.63603	0.63603	0.885117	4.56705	0.885117	0.423124	0.63603	0.885117	0.63603
8 rounds of non-Gaussian ED iteration : ground-state energy is -64.8863 | electron energy -64.9588 + phonon energy 0.0724762 | electron momentum kIdx = 0
Nq = 	16	0.0929567	0.1534	0.0929567	0.0929567	0.1534	0.208173	0.1534	0.1534	0.208173	0.258369	0.208173	0.0929567	0.1534	0.208173	0.1534
Sq = 	-9.85603e-20	0.423118	0.636034	0.423118	0.423118	0.636034	0.885154	0.636034	0.636034	0.885154	4.56743	0.885154	0.423118	0.636034	0.885154	0.636034
9 rounds of non-Gaussian ED iteration : ground-state energy is -64.8907 | electron energy -64.963 + phonon energy 0.0723267 | electron momentum kIdx = 0
Nq = 	16	0.0929416	0.15338	0.0929416	0.0929416	0.15338	0.208147	0.15338	0.15338	0.208147	0.25834	0.208147	0.0929416	0.15338	0.208147	0.15338
Sq = 	-1.56312e-18	0.423114	0.636036	0.423114	0.423114	0.636036	0.885176	0.636036	0.636036	0.885176	4.56765	0.885176	0.423114	0.636036	0.885176	0.636036
10 rounds of non-Gaussian ED iteration : ground-state energy is -64.8927 | electron energy -64.9649 + phonon energy 0.0722323 | electron momentum kIdx = 0
Nq = 	16	0.0929324	0.153368	0.0929324	0.0929324	0.153368	0.208132	0.153368	0.153368	0.208132	0.258323	0.208132	0.0929324	0.153368	0.208132	0.153368
Sq = 	8.61167e-20	0.423112	0.636037	0.423112	0.423112	0.636037	0.88519	0.636037	0.636037	0.88519	4.56778	0.88519	0.423112	0.636037	0.88519	0.636037
Ground state is obtained after 11 iterations. The current ground-state energy is -64.8936, in which electron energy is -64.9658 and phonon energy is 0.0721735
final variational state is: 
Gamma_x =       1 1.04096 1.06664 1.04096 1.04096 1.06664 1.08985 1.06664 1.06664 1.08985 1.11111 1.08985 1.04096 1.06664 1.08985 1.06664
lambda_q = 0.932028 0.414522 0.376231 0.414522 0.414522 0.376231 0.358694 0.376231 0.376231 0.358694 0.347193 0.358694 0.414522 0.376231 0.358694 0.376231
o___o  -------------------------------------
| L |	Time since last clock: 0h 58m 21.084s
A===A	Time since the beginning: 2h 5m 1.619s
********************************************

************************************************************************************
starting warm-up calculation for scaling factor 2
0 rounds of non-Gaussian ED iteration : ground-state energy is -58.9022 | electron energy -58.9383 + phonon energy 0.0360867 | electron momentum kIdx = 0
Nq = 	16	0.0699077	0.120779	0.0699077	0.0699077	0.120779	0.166154	0.120779	0.120779	0.166154	0.208544	0.166154	0.0699077	0.120779	0.166154	0.120779
Sq = 	2.82857e-18	0.416153	0.640001	0.416153	0.416153	0.640001	0.924161	0.640001	0.640001	0.924161	4.92127	0.924161	0.416153	0.640001	0.924161	0.640001
1 rounds of non-Gaussian ED iteration : ground-state energy is -60.6111 | electron energy -60.6613 + phonon energy 0.0502238 | electron momentum kIdx = 0
Nq = 	16	0.0671976	0.116753	0.0671976	0.0671976	0.116753	0.160928	0.116753	0.116753	0.160928	0.202267	0.160928	0.0671976	0.116753	0.160928	0.116753
Sq = 	-5.40522e-19	0.41508	0.640547	0.41508	0.41508	0.640547	0.929425	0.640547	0.640547	0.929425	4.96341	0.929425	0.41508	0.640547	0.929425	0.640547
2 rounds of non-Gaussian ED iteration : ground-state energy is -61.7122 | electron energy -61.7645 + phonon energy 0.0523304 | electron momentum kIdx = 0
Nq = 	16	0.0656485	0.114454	0.0656485	0.0656485	0.114454	0.157985	0.114454	0.114454	0.157985	0.198781	0.157985	0.0656485	0.114454	0.157985	0.114454
Sq = 	-1.08717e-18	0.414418	0.640845	0.414418	0.414418	0.640845	0.932497	0.640845	0.640845	0.932497	4.98723	0.932497	0.414418	0.640845	0.932497	0.640845
3 rounds of non-Gaussian ED iteration : ground-state energy is -62.4414 | electron energy -62.4915 + phonon energy 0.0501604 | electron momentum kIdx = 0
Nq = 	16	0.0648214	0.113228	0.0648214	0.0648214	0.113228	0.156425	0.113228	0.113228	0.156425	0.196942	0.156425	0.0648214	0.113228	0.156425	0.113228
Sq = 	5.44543e-19	0.414051	0.641001	0.414051	0.414051	0.641001	0.934157	0.641001	0.641001	0.934157	4.99987	0.934157	0.414051	0.641001	0.934157	0.641001
4 rounds of non-Gaussian ED iteration : ground-state energy is -62.9283 | electron energy -62.9754 + phonon energy 0.0471293 | electron momentum kIdx = 0
Nq = 	16	0.064374	0.112565	0.064374	0.064374	0.112565	0.155581	0.112565	0.112565	0.155581	0.195946	0.155581	0.064374	0.112565	0.155581	0.112565
Sq = 	3.17671e-19	0.41385	0.641085	0.41385	0.41385	0.641085	0.935061	0.641085	0.641085	0.935061	5.00669	0.935061	0.41385	0.641085	0.935061	0.641085
5 rounds of non-Gaussian ED iteration : ground-state energy is -63.2542 | electron energy -63.2986 + phonon energy 0.0443842 | electron momentum kIdx = 0
Nq = 	16	0.0641214	0.11219	0.0641214	0.0641214	0.11219	0.155103	0.11219	0.11219	0.155103	0.195379	0.155103	0.0641214	0.11219	0.155103	0.11219
Sq = 	-1.2441e-18	0.413735	0.641134	0.413735	0.413735	0.641134	0.935574	0.641134	0.641134	0.935574	5.01054	0.935574	0.413735	0.641134	0.935574	0.641134
6 rounds of non-Gaussian ED iteration : ground-state energy is -63.4726 | electron energy -63.5148 + phonon energy 0.042194 | electron momentum kIdx = 0
Nq = 	16	0.0639712	0.111967	0.0639712	0.0639712	0.111967	0.154816	0.111967	0.111967	0.154816	0.195037	0.154816	0.0639712	0.111967	0.154816	0.111967
Sq = 	6.55184e-19	0.413668	0.641163	0.413668	0.413668	0.641163	0.93588	0.641163	0.641163	0.93588	5.01284	0.93588	0.413668	0.641163	0.93588	0.641163
7 rounds of non-Gaussian ED iteration : ground-state energy is -63.6189 | electron energy -63.6594 + phonon energy 0.0405354 | electron momentum kIdx = 0
Nq = 	16	0.0638772	0.111826	0.0638772	0.0638772	0.111826	0.154635	0.111826	0.111826	0.154635	0.194819	0.154635	0.0638772	0.111826	0.154635	0.111826
Sq = 	3.31065e-18	0.413626	0.641182	0.413626	0.413626	0.641182	0.936072	0.641182	0.641182	0.936072	5.01429	0.936072	0.413626	0.641182	0.936072	0.641182
8 rounds of non-Gaussian ED iteration : ground-state energy is -63.717 | electron energy -63.7563 + phonon energy 0.0393095 | electron momentum kIdx = 0
Nq = 	16	0.0638158	0.111734	0.0638158	0.0638158	0.111734	0.154516	0.111734	0.111734	0.154516	0.194675	0.154516	0.0638158	0.111734	0.154516	0.111734
Sq = 	-4.82499e-19	0.413599	0.641195	0.413599	0.413599	0.641195	0.936198	0.641195	0.641195	0.936198	5.01524	0.936198	0.413599	0.641195	0.936198	0.641195
9 rounds of non-Gaussian ED iteration : ground-state energy is -63.7827 | electron energy -63.8211 + phonon energy 0.038414 | electron momentum kIdx = 0
Nq = 	16	0.0637744	0.111671	0.0637744	0.0637744	0.111671	0.154434	0.111671	0.111671	0.154434	0.194577	0.154434	0.0637744	0.111671	0.154434	0.111671
Sq = 	-3.10633e-19	0.413581	0.641204	0.413581	0.413581	0.641204	0.936283	0.641204	0.641204	0.936283	5.01588	0.936283	0.413581	0.641204	0.936283	0.641204
10 rounds of non-Gaussian ED iteration : ground-state energy is -63.8267 | electron energy -63.8645 + phonon energy 0.0377636 | electron momentum kIdx = 0
Nq = 	16	0.0637458	0.111628	0.0637458	0.0637458	0.111628	0.154378	0.111628	0.111628	0.154378	0.194508	0.154378	0.0637458	0.111628	0.154378	0.111628
Sq = 	3.28459e-18	0.413568	0.64121	0.413568	0.413568	0.64121	0.936342	0.64121	0.64121	0.936342	5.01632	0.936342	0.413568	0.64121	0.936342	0.64121
11 rounds of non-Gaussian ED iteration : ground-state energy is -63.8563 | electron energy -63.8936 + phonon energy 0.0372926 | electron momentum kIdx = 0
Nq = 	16	0.0637257	0.111598	0.0637257	0.0637257	0.111598	0.154338	0.111598	0.111598	0.154338	0.194459	0.154338	0.0637257	0.111598	0.154338	0.111598
Sq = 	5.59267e-19	0.41356	0.641215	0.41356	0.41356	0.641215	0.936383	0.641215	0.641215	0.936383	5.01664	0.936383	0.41356	0.641215	0.936383	0.641215
12 rounds of non-Gaussian ED iteration : ground-state energy is -63.8761 | electron energy -63.913 + phonon energy 0.0369518 | electron momentum kIdx = 0
Nq = 	16	0.0637114	0.111576	0.0637114	0.0637114	0.111576	0.15431	0.111576	0.111576	0.15431	0.194425	0.15431	0.0637114	0.111576	0.15431	0.111576
Sq = 	2.01051e-18	0.413554	0.641218	0.413554	0.413554	0.641218	0.936413	0.641218	0.641218	0.936413	5.01686	0.936413	0.413554	0.641218	0.936413	0.641218
13 rounds of non-Gaussian ED iteration : ground-state energy is -63.8893 | electron energy -63.926 + phonon energy 0.0367054 | electron momentum kIdx = 0
Nq = 	16	0.0637012	0.111561	0.0637012	0.0637012	0.111561	0.154289	0.111561	0.111561	0.154289	0.1944	0.154289	0.0637012	0.111561	0.154289	0.111561
Sq = 	-1.32727e-18	0.413549	0.64122	0.413549	0.413549	0.64122	0.936434	0.64122	0.64122	0.936434	5.01702	0.936434	0.413549	0.64122	0.936434	0.64122
14 rounds of non-Gaussian ED iteration : ground-state energy is -63.8982 | electron energy -63.9347 + phonon energy 0.0365272 | electron momentum kIdx = 0
Nq = 	16	0.0636939	0.111549	0.0636939	0.0636939	0.111549	0.154275	0.111549	0.111549	0.154275	0.194382	0.154275	0.0636939	0.111549	0.154275	0.111549
Sq = 	8.54745e-19	0.413546	0.641222	0.413546	0.413546	0.641222	0.936449	0.641222	0.641222	0.936449	5.01713	0.936449	0.413546	0.641222	0.936449	0.641222
15 rounds of non-Gaussian ED iteration : ground-state energy is -63.9042 | electron energy -63.9406 + phonon energy 0.0363984 | electron momentum kIdx = 0
Nq = 	16	0.0636886	0.111541	0.0636886	0.0636886	0.111541	0.154264	0.111541	0.111541	0.154264	0.194369	0.154264	0.0636886	0.111541	0.154264	0.111541
Sq = 	1.01657e-18	0.413544	0.641223	0.413544	0.413544	0.641223	0.93646	0.641223	0.641223	0.93646	5.01722	0.93646	0.413544	0.641223	0.93646	0.641223
16 rounds of non-Gaussian ED iteration : ground-state energy is -63.9082 | electron energy -63.9445 + phonon energy 0.0363052 | electron momentum kIdx = 0
Nq = 	16	0.0636849	0.111536	0.0636849	0.0636849	0.111536	0.154257	0.111536	0.111536	0.154257	0.19436	0.154257	0.0636849	0.111536	0.154257	0.111536
Sq = 	1.9045e-18	0.413542	0.641224	0.413542	0.413542	0.641224	0.936468	0.641224	0.641224	0.936468	5.01728	0.936468	0.413542	0.641224	0.936468	0.641224
17 rounds of non-Gaussian ED iteration : ground-state energy is -63.9108 | electron energy -63.9471 + phonon energy 0.0362378 | electron momentum kIdx = 0
Nq = 	16	0.0636821	0.111532	0.0636821	0.0636821	0.111532	0.154251	0.111532	0.111532	0.154251	0.194353	0.154251	0.0636821	0.111532	0.154251	0.111532
Sq = 	-2.55101e-18	0.413541	0.641225	0.413541	0.413541	0.641225	0.936473	0.641225	0.641225	0.936473	5.01732	0.936473	0.413541	0.641225	0.936473	0.641225
18 rounds of non-Gaussian ED iteration : ground-state energy is -63.9126 | electron energy -63.9488 + phonon energy 0.0361891 | electron momentum kIdx = 0
Nq = 	16	0.0636802	0.111529	0.0636802	0.0636802	0.111529	0.154247	0.111529	0.111529	0.154247	0.194348	0.154247	0.0636802	0.111529	0.154247	0.111529
Sq = 	-1.31954e-18	0.41354	0.641225	0.41354	0.41354	0.641225	0.936477	0.641225	0.641225	0.936477	5.01735	0.936477	0.41354	0.641225	0.936477	0.641225
19 rounds of non-Gaussian ED iteration : ground-state energy is -63.9138 | electron energy -63.95 + phonon energy 0.0361538 | electron momentum kIdx = 0
Nq = 	16	0.0636787	0.111526	0.0636787	0.0636787	0.111526	0.154244	0.111526	0.111526	0.154244	0.194344	0.154244	0.0636787	0.111526	0.154244	0.111526
Sq = 	-1.59088e-18	0.41354	0.641226	0.41354	0.41354	0.641226	0.93648	0.641226	0.641226	0.93648	5.01737	0.93648	0.41354	0.641226	0.93648	0.641226
Ground state is obtained after 20 iterations. The current ground-state energy is -63.9146, in which electron energy is -63.9508 and phonon energy is 0.0361283
final variational state is: 
Gamma_x =       1 1.03999 1.06675 1.03999 1.03999 1.06675 1.09005 1.06675 1.06675 1.09005 1.11203 1.09005 1.03999 1.06675 1.09005 1.06675
lambda_q =   1.3157 0.301186  0.27695 0.301186 0.301186  0.27695 0.264131  0.27695  0.27695 0.264131 0.256475 0.264131 0.301186  0.27695 0.264131  0.27695
o___o  -------------------------------------
| L |	Time since last clock: 1h 43m 47.318s
A===A	Time since the beginning: 3h 48m 48.937s
********************************************

************************************************************************************
Warm up completed
o___o  -------------------------------------
| L |	Time since last clock: 0h 0m 0.028s
A===A	Time since the beginning: 3h 48m 48.965s
********************************************

************************************************************************************
0 rounds of non-Gaussian ED iteration : ground-state energy is -58.4384 | electron energy -58.4565 + phonon energy 0.0180642 | electron momentum kIdx = 0
Nq = 	16	0.0543692	0.0971085	0.0543692	0.0543692	0.0971085	0.135429	0.0971085	0.0971085	0.135429	0.17155	0.135429	0.0543692	0.0971085	0.135429	0.0971085
Sq = 	4.2418e-19	0.409045	0.643426	0.409045	0.409045	0.643426	0.956942	0.643426	0.643426	0.956942	5.1621	0.956942	0.409045	0.643426	0.956942	0.643426
1 rounds of non-Gaussian ED iteration : ground-state energy is -59.4007 | electron energy -59.4224 + phonon energy 0.0217185 | electron momentum kIdx = 0
Nq = 	16	0.0529596	0.0948789	0.0529596	0.0529596	0.0948789	0.132501	0.0948789	0.0948789	0.132501	0.167983	0.132501	0.0529596	0.0948789	0.132501	0.0948789
Sq = 	-3.92623e-19	0.408292	0.643793	0.408292	0.408292	0.643793	0.96027	0.643793	0.643793	0.96027	5.1839	0.96027	0.408292	0.643793	0.96027	0.643793
2 rounds of non-Gaussian ED iteration : ground-state energy is -60.1443 | electron energy -60.1666 + phonon energy 0.022244 | electron momentum kIdx = 0
Nq = 	16	0.0522391	0.0937416	0.0522391	0.0522391	0.0937416	0.131021	0.0937416	0.0937416	0.131021	0.1662	0.131021	0.0522391	0.0937416	0.131021	0.0937416
Sq = 	3.9752e-19	0.407888	0.643975	0.407888	0.407888	0.643975	0.961996	0.643975	0.643975	0.961996	5.19492	0.961996	0.407888	0.643975	0.961996	0.643975
3 rounds of non-Gaussian ED iteration : ground-state energy is -60.7456 | electron energy -60.7673 + phonon energy 0.0216947 | electron momentum kIdx = 0
Nq = 	16	0.0519066	0.0932184	0.0519066	0.0519066	0.0932184	0.130344	0.0932184	0.0932184	0.130344	0.165389	0.130344	0.0519066	0.0932184	0.130344	0.0932184
Sq = 	2.1644e-18	0.407698	0.644058	0.407698	0.407698	0.644058	0.962799	0.644058	0.644058	0.962799	5.19997	0.962799	0.407698	0.644058	0.962799	0.644058
4 rounds of non-Gaussian ED iteration : ground-state energy is -61.2366 | electron energy -61.2574 + phonon energy 0.0208686 | electron momentum kIdx = 0
Nq = 	16	0.0517528	0.0929771	0.0517528	0.0517528	0.0929771	0.130033	0.0929771	0.0929771	0.130033	0.165016	0.130033	0.0517528	0.0929771	0.130033	0.0929771
Sq = 	-5.03795e-19	0.407608	0.644095	0.407608	0.407608	0.644095	0.963171	0.644095	0.644095	0.963171	5.20229	0.963171	0.407608	0.644095	0.963171	0.644095
5 rounds of non-Gaussian ED iteration : ground-state energy is -61.6383 | electron energy -61.6583 + phonon energy 0.0200468 | electron momentum kIdx = 0
Nq = 	16	0.0516775	0.0928589	0.0516775	0.0516775	0.0928589	0.12988	0.0928589	0.0928589	0.12988	0.164833	0.12988	0.0516775	0.0928589	0.12988	0.0928589
Sq = 	8.14257e-20	0.407565	0.644114	0.407565	0.407565	0.644114	0.963353	0.644114	0.644114	0.963353	5.20343	0.963353	0.407565	0.644114	0.963353	0.644114
6 rounds of non-Gaussian ED iteration : ground-state energy is -61.9672 | electron energy -61.9865 + phonon energy 0.019316 | electron momentum kIdx = 0
Nq = 	16	0.0516369	0.0927949	0.0516369	0.0516369	0.0927949	0.129797	0.0927949	0.0927949	0.129797	0.164732	0.129797	0.0516369	0.0927949	0.129797	0.0927949
Sq = 	-1.68597e-18	0.407541	0.644124	0.407541	0.407541	0.644124	0.963452	0.644124	0.644124	0.963452	5.20405	0.963452	0.407541	0.644124	0.963452	0.644124
7 rounds of non-Gaussian ED iteration : ground-state energy is -62.2364 | electron energy -62.2551 + phonon energy 0.0186929 | electron momentum kIdx = 0
Nq = 	16	0.0516121	0.0927557	0.0516121	0.0516121	0.0927557	0.129746	0.0927557	0.0927557	0.129746	0.16467	0.129746	0.0516121	0.0927557	0.129746	0.0927557
Sq = 	-1.02378e-18	0.407527	0.644131	0.407527	0.407527	0.644131	0.963512	0.644131	0.644131	0.963512	5.20442	0.963512	0.407527	0.644131	0.963512	0.644131
8 rounds of non-Gaussian ED iteration : ground-state energy is -62.4568 | electron energy -62.475 + phonon energy 0.0181705 | electron momentum kIdx = 0
Nq = 	16	0.0515953	0.0927289	0.0515953	0.0515953	0.0927289	0.12971	0.0927289	0.0927289	0.12971	0.164626	0.12971	0.0515953	0.0927289	0.12971	0.0927289
Sq = 	-1.58782e-19	0.407518	0.644135	0.407518	0.407518	0.644135	0.963553	0.644135	0.644135	0.963553	5.20468	0.963553	0.407518	0.644135	0.963553	0.644135
9 rounds of non-Gaussian ED iteration : ground-state energy is -62.6373 | electron energy -62.655 + phonon energy 0.0177356 | electron momentum kIdx = 0
Nq = 	16	0.0515828	0.092709	0.0515828	0.0515828	0.092709	0.129684	0.092709	0.092709	0.129684	0.164594	0.129684	0.0515828	0.092709	0.129684	0.092709
Sq = 	-6.43169e-19	0.407511	0.644139	0.407511	0.407511	0.644139	0.963583	0.644139	0.644139	0.963583	5.20488	0.963583	0.407511	0.644139	0.963583	0.644139
10 rounds of non-Gaussian ED iteration : ground-state energy is -62.785 | electron energy -62.8024 + phonon energy 0.0173744 | electron momentum kIdx = 0
Nq = 	16	0.051573	0.0926933	0.051573	0.051573	0.0926933	0.129663	0.0926933	0.0926933	0.129663	0.164568	0.129663	0.051573	0.0926933	0.129663	0.0926933
Sq = 	5.79258e-19	0.407506	0.644142	0.407506	0.407506	0.644142	0.963607	0.644142	0.644142	0.963607	5.20503	0.963607	0.407506	0.644142	0.963607	0.644142
11 rounds of non-Gaussian ED iteration : ground-state energy is -62.906 | electron energy -62.9231 + phonon energy 0.0170743 | electron momentum kIdx = 0
Nq = 	16	0.0515651	0.0926806	0.0515651	0.0515651	0.0926806	0.129646	0.0926806	0.0926806	0.129646	0.164547	0.129646	0.0515651	0.0926806	0.129646	0.0926806
Sq = 	-1.02294e-19	0.407502	0.644144	0.407502	0.407502	0.644144	0.963626	0.644144	0.644144	0.963626	5.20515	0.963626	0.407502	0.644144	0.963626	0.644144
12 rounds of non-Gaussian ED iteration : ground-state energy is -63.005 | electron energy -63.0219 + phonon energy 0.016825 | electron momentum kIdx = 0
Nq = 	16	0.0515587	0.0926702	0.0515587	0.0515587	0.0926702	0.129632	0.0926702	0.0926702	0.129632	0.164529	0.129632	0.0515587	0.0926702	0.129632	0.0926702
Sq = 	-6.66378e-19	0.407498	0.644146	0.407498	0.407498	0.644146	0.963641	0.644146	0.644146	0.963641	5.20525	0.963641	0.407498	0.644146	0.963641	0.644146
13 rounds of non-Gaussian ED iteration : ground-state energy is -63.0861 | electron energy -63.1027 + phonon energy 0.0166178 | electron momentum kIdx = 0
Nq = 	16	0.0515533	0.0926615	0.0515533	0.0515533	0.0926615	0.12962	0.0926615	0.0926615	0.12962	0.164515	0.12962	0.0515533	0.0926615	0.12962	0.0926615
Sq = 	-6.56005e-19	0.407495	0.644147	0.407495	0.407495	0.644147	0.963654	0.644147	0.644147	0.963654	5.20534	0.963654	0.407495	0.644147	0.963654	0.644147
14 rounds of non-Gaussian ED iteration : ground-state energy is -63.1525 | electron energy -63.1689 + phonon energy 0.0164452 | electron momentum kIdx = 0
Nq = 	16	0.0515488	0.0926543	0.0515488	0.0515488	0.0926543	0.129611	0.0926543	0.0926543	0.129611	0.164503	0.129611	0.0515488	0.0926543	0.129611	0.0926543
Sq = 	-2.46199e-18	0.407493	0.644149	0.407493	0.407493	0.644149	0.963665	0.644149	0.644149	0.963665	5.20541	0.963665	0.407493	0.644149	0.963665	0.644149
15 rounds of non-Gaussian ED iteration : ground-state energy is -63.2068 | electron energy -63.2231 + phonon energy 0.0163016 | electron momentum kIdx = 0
Nq = 	16	0.0515451	0.0926483	0.0515451	0.0515451	0.0926483	0.129603	0.0926483	0.0926483	0.129603	0.164493	0.129603	0.0515451	0.0926483	0.129603	0.0926483
Sq = 	-2.4949e-18	0.407491	0.64415	0.407491	0.407491	0.64415	0.963674	0.64415	0.64415	0.963674	5.20547	0.963674	0.407491	0.64415	0.963674	0.64415
16 rounds of non-Gaussian ED iteration : ground-state energy is -63.2513 | electron energy -63.2675 + phonon energy 0.0161818 | electron momentum kIdx = 0
Nq = 	16	0.051542	0.0926433	0.051542	0.051542	0.0926433	0.129596	0.0926433	0.0926433	0.129596	0.164484	0.129596	0.051542	0.0926433	0.129596	0.0926433
Sq = 	-4.05644e-19	0.407489	0.644151	0.407489	0.407489	0.644151	0.963682	0.644151	0.644151	0.963682	5.20552	0.963682	0.407489	0.644151	0.963682	0.644151
17 rounds of non-Gaussian ED iteration : ground-state energy is -63.2878 | electron energy -63.3039 + phonon energy 0.0160819 | electron momentum kIdx = 0
Nq = 	16	0.0515394	0.0926391	0.0515394	0.0515394	0.0926391	0.12959	0.0926391	0.0926391	0.12959	0.164477	0.12959	0.0515394	0.0926391	0.12959	0.0926391
Sq = 	-8.38449e-19	0.407488	0.644151	0.407488	0.407488	0.644151	0.963688	0.644151	0.644151	0.963688	5.20556	0.963688	0.407488	0.644151	0.963688	0.644151
18 rounds of non-Gaussian ED iteration : ground-state energy is -63.3176 | electron energy -63.3336 + phonon energy 0.0159986 | electron momentum kIdx = 0
Nq = 	16	0.0515372	0.0926356	0.0515372	0.0515372	0.0926356	0.129586	0.0926356	0.0926356	0.129586	0.164471	0.129586	0.0515372	0.0926356	0.129586	0.0926356
Sq = 	5.79459e-19	0.407487	0.644152	0.407487	0.407487	0.644152	0.963694	0.644152	0.644152	0.963694	5.20559	0.963694	0.407487	0.644152	0.963694	0.644152
19 rounds of non-Gaussian ED iteration : ground-state energy is -63.342 | electron energy -63.3579 + phonon energy 0.015929 | electron momentum kIdx = 0
Nq = 	16	0.0515354	0.0926327	0.0515354	0.0515354	0.0926327	0.129582	0.0926327	0.0926327	0.129582	0.164466	0.129582	0.0515354	0.0926327	0.129582	0.0926327
Sq = 	-7.32622e-19	0.407486	0.644153	0.407486	0.407486	0.644153	0.963698	0.644153	0.644153	0.963698	5.20562	0.963698	0.407486	0.644153	0.963698	0.644153
20 rounds of non-Gaussian ED iteration : ground-state energy is -63.362 | electron energy -63.3779 + phonon energy 0.0158709 | electron momentum kIdx = 0
Nq = 	16	0.0515339	0.0926302	0.0515339	0.0515339	0.0926302	0.129578	0.0926302	0.0926302	0.129578	0.164462	0.129578	0.0515339	0.0926302	0.129578	0.0926302
Sq = 	9.5267e-19	0.407485	0.644153	0.407485	0.407485	0.644153	0.963702	0.644153	0.644153	0.963702	5.20564	0.963702	0.407485	0.644153	0.963702	0.644153
21 rounds of non-Gaussian ED iteration : ground-state energy is -63.3784 | electron energy -63.3942 + phonon energy 0.0158223 | electron momentum kIdx = 0
Nq = 	16	0.0515326	0.0926282	0.0515326	0.0515326	0.0926282	0.129576	0.0926282	0.0926282	0.129576	0.164459	0.129576	0.0515326	0.0926282	0.129576	0.0926282
Sq = 	5.23678e-19	0.407484	0.644153	0.407484	0.407484	0.644153	0.963705	0.644153	0.644153	0.963705	5.20566	0.963705	0.407484	0.644153	0.963705	0.644153
22 rounds of non-Gaussian ED iteration : ground-state energy is -63.3918 | electron energy -63.4076 + phonon energy 0.0157817 | electron momentum kIdx = 0
Nq = 	16	0.0515315	0.0926265	0.0515315	0.0515315	0.0926265	0.129573	0.0926265	0.0926265	0.129573	0.164456	0.129573	0.0515315	0.0926265	0.129573	0.0926265
Sq = 	8.96426e-20	0.407484	0.644154	0.407484	0.407484	0.644154	0.963707	0.644154	0.644154	0.963707	5.20568	0.963707	0.407484	0.644154	0.963707	0.644154
23 rounds of non-Gaussian ED iteration : ground-state energy is -63.4028 | electron energy -63.4185 + phonon energy 0.0157478 | electron momentum kIdx = 0
Nq = 	16	0.0515307	0.092625	0.0515307	0.0515307	0.092625	0.129571	0.092625	0.092625	0.129571	0.164453	0.129571	0.0515307	0.092625	0.129571	0.092625
Sq = 	5.84734e-19	0.407483	0.644154	0.407483	0.407483	0.644154	0.963709	0.644154	0.644154	0.963709	5.20569	0.963709	0.407483	0.644154	0.963709	0.644154
24 rounds of non-Gaussian ED iteration : ground-state energy is -63.4117 | electron energy -63.4275 + phonon energy 0.0157194 | electron momentum kIdx = 0
Nq = 	16	0.0515299	0.0926238	0.0515299	0.0515299	0.0926238	0.12957	0.0926238	0.0926238	0.12957	0.164451	0.12957	0.0515299	0.0926238	0.12957	0.0926238
Sq = 	-1.60748e-19	0.407483	0.644154	0.407483	0.407483	0.644154	0.963711	0.644154	0.644154	0.963711	5.2057	0.963711	0.407483	0.644154	0.963711	0.644154
25 rounds of non-Gaussian ED iteration : ground-state energy is -63.4191 | electron energy -63.4348 + phonon energy 0.0156957 | electron momentum kIdx = 0
Nq = 	16	0.0515293	0.0926228	0.0515293	0.0515293	0.0926228	0.129568	0.0926228	0.0926228	0.129568	0.16445	0.129568	0.0515293	0.0926228	0.129568	0.0926228
Sq = 	8.29664e-19	0.407483	0.644154	0.407483	0.407483	0.644154	0.963713	0.644154	0.644154	0.963713	5.20571	0.963713	0.407483	0.644154	0.963713	0.644154
26 rounds of non-Gaussian ED iteration : ground-state energy is -63.4251 | electron energy -63.4408 + phonon energy 0.0156759 | electron momentum kIdx = 0
Nq = 	16	0.0515288	0.092622	0.0515288	0.0515288	0.092622	0.129567	0.092622	0.092622	0.129567	0.164448	0.129567	0.0515288	0.092622	0.129567	0.092622
Sq = 	-7.57696e-19	0.407482	0.644155	0.407482	0.407482	0.644155	0.963714	0.644155	0.644155	0.963714	5.20572	0.963714	0.407482	0.644155	0.963714	0.644155
27 rounds of non-Gaussian ED iteration : ground-state energy is -63.43 | electron energy -63.4457 + phonon energy 0.0156593 | electron momentum kIdx = 0
Nq = 	16	0.0515283	0.0926213	0.0515283	0.0515283	0.0926213	0.129566	0.0926213	0.0926213	0.129566	0.164447	0.129566	0.0515283	0.0926213	0.129566	0.0926213
Sq = 	8.86364e-19	0.407482	0.644155	0.407482	0.407482	0.644155	0.963715	0.644155	0.644155	0.963715	5.20573	0.963715	0.407482	0.644155	0.963715	0.644155
28 rounds of non-Gaussian ED iteration : ground-state energy is -63.4341 | electron energy -63.4497 + phonon energy 0.0156454 | electron momentum kIdx = 0
Nq = 	16	0.051528	0.0926207	0.051528	0.051528	0.0926207	0.129566	0.0926207	0.0926207	0.129566	0.164446	0.129566	0.051528	0.0926207	0.129566	0.0926207
Sq = 	-1.07701e-18	0.407482	0.644155	0.407482	0.407482	0.644155	0.963716	0.644155	0.644155	0.963716	5.20573	0.963716	0.407482	0.644155	0.963716	0.644155
29 rounds of non-Gaussian ED iteration : ground-state energy is -63.4374 | electron energy -63.453 + phonon energy 0.0156338 | electron momentum kIdx = 0
Nq = 	16	0.0515277	0.0926202	0.0515277	0.0515277	0.0926202	0.129565	0.0926202	0.0926202	0.129565	0.164445	0.129565	0.0515277	0.0926202	0.129565	0.0926202
Sq = 	-6.64139e-19	0.407482	0.644155	0.407482	0.407482	0.644155	0.963717	0.644155	0.644155	0.963717	5.20574	0.963717	0.407482	0.644155	0.963717	0.644155
30 rounds of non-Gaussian ED iteration : ground-state energy is -63.4401 | electron energy -63.4557 + phonon energy 0.0156241 | electron momentum kIdx = 0
Nq = 	16	0.0515274	0.0926198	0.0515274	0.0515274	0.0926198	0.129564	0.0926198	0.0926198	0.129564	0.164445	0.129564	0.0515274	0.0926198	0.129564	0.0926198
Sq = 	-1.44055e-18	0.407482	0.644155	0.407482	0.407482	0.644155	0.963717	0.644155	0.644155	0.963717	5.20574	0.963717	0.407482	0.644155	0.963717	0.644155
31 rounds of non-Gaussian ED iteration : ground-state energy is -63.4423 | electron energy -63.4579 + phonon energy 0.015616 | electron momentum kIdx = 0
Nq = 	16	0.0515272	0.0926195	0.0515272	0.0515272	0.0926195	0.129564	0.0926195	0.0926195	0.129564	0.164444	0.129564	0.0515272	0.0926195	0.129564	0.0926195
Sq = 	5.32366e-19	0.407482	0.644155	0.407482	0.407482	0.644155	0.963718	0.644155	0.644155	0.963718	5.20575	0.963718	0.407482	0.644155	0.963718	0.644155
32 rounds of non-Gaussian ED iteration : ground-state energy is -63.4441 | electron energy -63.4597 + phonon energy 0.0156092 | electron momentum kIdx = 0
Nq = 	16	0.051527	0.0926192	0.051527	0.051527	0.0926192	0.129564	0.0926192	0.0926192	0.129564	0.164443	0.129564	0.051527	0.0926192	0.129564	0.0926192
Sq = 	2.21736e-19	0.407481	0.644155	0.407481	0.407481	0.644155	0.963718	0.644155	0.644155	0.963718	5.20575	0.963718	0.407481	0.644155	0.963718	0.644155
33 rounds of non-Gaussian ED iteration : ground-state energy is -63.4456 | electron energy -63.4612 + phonon energy 0.0156035 | electron momentum kIdx = 0
