SNEDics v3.22.2 Non-Gaussian ED ground state program		Start at Fri Jun  3 01:04:08 2022

Parallelization: 32 MPI threads  * 8 OpenMP threads = 256 total threads.
********************************************************************************************************************
********************************************************************************************************************

********************************************************************************************************************
System parameters and configurations
	special program options are enabled: splitted diagonal Hamiltonian | splitted Hamiltonian terms
********************************************************************************************************************
Read input file "model_params.in"
	Hubbard-Holstein model parameters : 	t = 1    U = 8    g = 0.55    W = 0.2    g' = 0.3    
********************************************************************************************************************
Read input file "hilbertspace_params.in"
	Requested 16-site 2D lattice, with 12 electrons (6, 6)
	Boundary : Periodic		Hilbert space representation : momentum-space (restricted to kIdx = 0)
	Conservation: particle number[U(1)]      spin[U(1)]     momentum
********************************************************************************************************************

Cluster Positions:				Cluster symmetry group : D4
 x ... x ... x ... x .....                       x ... x ... x ... x .....
 |           |           :                       |           |           :
 |           |           :                       |           |           :
12    13    14    15     x                       1     5     6     5     x
 |           |           :                       |           |           :
 |           |           :                       |           |           :
 8 --- 9 ---10 ---11 --- x                       2 --- 6 ---10 --- 6 --- x
 |           |           :                       |           |           :
 |           |           :                       |           |           :
 4     5     6     7     x                       1     5     6     5     x
 |           |           :                       |           |           :
 |           |           :                       |           |           :
 0 --- 1 --- 2 --- 3 --- x                       0 --- 1 --- 2 --- 1 --- x
orbital number : 1
********************************************************************************************************************
Read input file "obs_params.in"
	Observable Type : Nq(All),   Sq(All),   N(All-Orbital),   Delta[s](All),   Delta[d](All),   Delta[s+](All)
** WARNING ** the input observables have non-local factors which have been reinterpreted. The total observable number is 96
********************************************************************************************************************


********************************************************************************************************************
Start calculating the non-Gaussian ED ground state
Maximal iteration number is 1000; energy resolution is 1e-06. Phonon state relaxation time is 2000
W = 0.2 is relatively large. The non-Gaussian ED calculation starts directly.
open output files: NGSED_iteration_observables.txt
********************************************************************************************************************
Start the 0 rounds of NGS-ED iteration
	effective electronic model is modified as: kinetic energy t = 1
	                                           effective interaction Vq = [0,0,0,0,0,0,0,0,0,0,0,0,0,0,0,0]
	first Hamiltonian is constructed, size = 4008592 and non-zero numbers = 969134044
	PARPACK diagonalization completed after 150 matrix-vector product operations.
	iteration results: : total energy is -14.925310 | electron energy -14.925310 + phonon energy 0.000000 | electron momentum kIdx = 0
	Nq(0) = 9,	Nq(1) = 0.191675,	Nq(2) = 0.266183,	Nq(3) = 0.191675,	Nq(4) = 0.191675,	Nq(5) = 0.245517,	
	Nq(6) = 0.314107,	Nq(7) = 0.245517,	Nq(8) = 0.266183,	Nq(9) = 0.314107,	Nq(10) = 0.369338,	
	Nq(11) = 0.314107,	Nq(12) = 0.191675,	Nq(13) = 0.245517,	Nq(14) = 0.314107,	Nq(15) = 0.245517;	
	Sq(0) = 3.02743e-18,	Sq(1) = 0.554662,	Sq(2) = 0.424361,	Sq(3) = 0.554662,	Sq(4) = 0.554662,	
	Sq(5) = 0.79749,	Sq(6) = 1.01287,	Sq(7) = 0.79749,	Sq(8) = 0.424361,	Sq(9) = 1.01287,	
	Sq(10) = 0.784303,	Sq(11) = 1.01287,	Sq(12) = 0.554662,	Sq(13) = 0.79749,	Sq(14) = 1.01287,	
	Sq(15) = 0.79749;	N(0) = 1.76735,	N(1) = 1.6264,	N(2) = 0.74365,	N(3) = 1.6264,	
	N(4) = 1.6264,	N(5) = 0.392302,	N(6) = 0.144321,	N(7) = 0.392302,	N(8) = 0.74365,	
	N(9) = 0.144321,	N(10) = 0.0932732,	N(11) = 0.144321,	N(12) = 1.6264,	N(13) = 0.392302,	
	N(14) = 0.144321,	N(15) = 0.392302;	Delta[s](0) = 0.0567112,	Delta[s](1) = 0.041632,	Delta[s](2) = 0.0293916,	
	Delta[s](3) = 0.041632,	Delta[s](4) = 0.041632,	Delta[s](5) = 0.0273559,	Delta[s](6) = 0.0142156,	Delta[s](7) = 0.0273559,	
	Delta[s](8) = 0.0293916,	Delta[s](9) = 0.0142156,	Delta[s](10) = 0.00514128,	Delta[s](11) = 0.0142156,	Delta[s](12) = 0.041632,	
	Delta[s](13) = 0.0273559,	Delta[s](14) = 0.0142156,	Delta[s](15) = 0.0273559;	Delta[d](0) = 0.217678,	Delta[d](1) = 0.177794,	
	Delta[d](2) = 0.21446,	Delta[d](3) = 0.177794,	Delta[d](4) = 0.177794,	Delta[d](5) = 0.128117,	Delta[d](6) = 0.14807,	
	Delta[d](7) = 0.128117,	Delta[d](8) = 0.21446,	Delta[d](9) = 0.14807,	Delta[d](10) = 0.0976197,	Delta[d](11) = 0.14807,	
	Delta[d](12) = 0.177794,	Delta[d](13) = 0.128117,	Delta[d](14) = 0.14807,	Delta[d](15) = 0.128117;	Delta[s+](0) = 0.495638,	
	Delta[s+](1) = 0.340641,	Delta[s+](2) = 0.21446,	Delta[s+](3) = 0.340641,	Delta[s+](4) = 0.340641,	Delta[s+](5) = 0.174908,	
	Delta[s+](6) = 0.0711442,	Delta[s+](7) = 0.174908,	Delta[s+](8) = 0.21446,	Delta[s+](9) = 0.0711442,	Delta[s+](10) = 0.0226106,	
	Delta[s+](11) = 0.0711442,	Delta[s+](12) = 0.340641,	Delta[s+](13) = 0.174908,	Delta[s+](14) = 0.0711442,	Delta[s+](15) = 0.174908
	
The 0-th iteration is completed.	|| time cost : 0h 2m 2.945s
********************************************************************************************************************
Start the 1 rounds of NGS-ED iteration
	effective electronic model is modified as: kinetic energy t = 0.936389
	                                           effective interaction Vq = [    -15.3125,    -3.05739,   -0.168541,    -3.05739,    -3.05739,   -0.151372,-0.000912446,   -0.151372,   -0.168541,-0.000912446,   -0.186685,-0.000912446,    -3.05739,   -0.151372,-0.000912446,   -0.151372]
	PARPACK diagonalization completed after 60 matrix-vector product operations.
	iteration results: : total energy is -154.161663 | electron energy -154.847653 + phonon energy 0.685991 | electron momentum kIdx = 0
The 1-th iteration is completed.	|| time cost : 0h 1m 19.818s
********************************************************************************************************************
Start the 2 rounds of NGS-ED iteration
	effective electronic model is modified as: kinetic energy t = 0.870431
	                                           effective interaction Vq = [    -15.3125,    -5.47871,   -0.155911,    -5.47871,    -5.47871,   -0.150277,-0.000893115,   -0.150277,   -0.155911,-0.000893115,   -0.189383,-0.000893115,    -5.47871,   -0.150277,-0.000893115,   -0.150277]
	PARPACK diagonalization completed after 75 matrix-vector product operations.
	iteration results: : total energy is -162.856416 | electron energy -164.665761 + phonon energy 1.809344 | electron momentum kIdx = 0
The 2-th iteration is completed.	|| time cost : 0h 0m 15.066s
********************************************************************************************************************
Start the 3 rounds of NGS-ED iteration
	effective electronic model is modified as: kinetic energy t = 0.682222
	                                           effective interaction Vq = [   -15.3125,   -6.60378,  -0.167474,   -6.60378,   -6.60378,  -0.378271,-0.00107481,  -0.378271,  -0.167474,-0.00107481,  -0.181387,-0.00107481,   -6.60378,  -0.378271,-0.00107481,  -0.378271]
	PARPACK diagonalization completed after 60 matrix-vector product operations.
	iteration results: : total energy is -172.388981 | electron energy -174.205965 + phonon energy 1.816983 | electron momentum kIdx = 0
The 3-th iteration is completed.	|| time cost : 0h 0m 13.16s
********************************************************************************************************************
Start the 4 rounds of NGS-ED iteration
	effective electronic model is modified as: kinetic energy t = 0.572578
	                                           effective interaction Vq = [    -15.3125,    -6.60793,   -0.138915,    -6.60793,    -6.60793,   -0.781265,-0.000959917,   -0.781265,   -0.138915,-0.000959917,   -0.150256,-0.000959917,    -6.60793,   -0.781265,-0.000959917,   -0.781265]
	PARPACK diagonalization completed after 60 matrix-vector product operations.
	iteration results: : total energy is -172.617920 | electron energy -174.023039 + phonon energy 1.405119 | electron momentum kIdx = 0
The 4-th iteration is completed.	|| time cost : 0h 0m 13.176s
********************************************************************************************************************
Start the 5 rounds of NGS-ED iteration
	effective electronic model is modified as: kinetic energy t = 0.48845
	                                           effective interaction Vq = [    -15.3125,    -6.60942,   -0.121486,    -6.60942,    -6.60942,    -1.01393,-0.000926483,    -1.01393,   -0.121486,-0.000926483,   -0.144533,-0.000926483,    -6.60942,    -1.01393,-0.000926483,    -1.01393]
	PARPACK diagonalization completed after 60 matrix-vector product operations.
	iteration results: : total energy is -172.707182 | electron energy -173.884920 + phonon energy 1.177738 | electron momentum kIdx = 0
The 5-th iteration is completed.	|| time cost : 0h 0m 13.156s
********************************************************************************************************************
Start the 6 rounds of NGS-ED iteration
	effective electronic model is modified as: kinetic energy t = 0.400947
	                                           effective interaction Vq = [    -15.3125,    -6.61045,   -0.119521,    -6.61045,    -6.61045,    -1.17846,-0.000944801,    -1.17846,   -0.119521,-0.000944801,   -0.149079,-0.000944801,    -6.61045,    -1.17846,-0.000944801,    -1.17846]
	PARPACK diagonalization completed after 60 matrix-vector product operations.
	iteration results: : total energy is -172.781032 | electron energy -173.735515 + phonon energy 0.954483 | electron momentum kIdx = 0
The 6-th iteration is completed.	|| time cost : 0h 0m 13.018s
********************************************************************************************************************
Start the 7 rounds of NGS-ED iteration
	effective electronic model is modified as: kinetic energy t = 0.267657
	                                           effective interaction Vq = [   -15.3125,   -6.61144,  -0.140214,   -6.61144,   -6.61144,   -1.34188,-0.00112889,   -1.34188,  -0.140214,-0.00112889,   -0.18179,-0.00112889,   -6.61144,   -1.34188,-0.00112889,   -1.34188]
	PARPACK diagonalization completed after 60 matrix-vector product operations.
	iteration results: : total energy is -172.910245 | electron energy -173.549834 + phonon energy 0.639589 | electron momentum kIdx = 0
The 7-th iteration is completed.	|| time cost : 0h 0m 12.718s
********************************************************************************************************************
Start the 8 rounds of NGS-ED iteration
	effective electronic model is modified as: kinetic energy t = 0.000300996
	                                           effective interaction Vq = [  -15.3125,   -6.6125,  -1.51076,   -6.6125,   -6.6125,   -1.5125,-0.0124854,   -1.5125,  -1.51076,-0.0124854,  -2.10989,-0.0124854,   -6.6125,   -1.5125,-0.0124854,   -1.5125]
	PARPACK diagonalization completed after 60 matrix-vector product operations.
	iteration results: : total energy is -173.449985 | electron energy -173.449999 + phonon energy 0.000014 | electron momentum kIdx = 0
The 8-th iteration is completed.	|| time cost : 0h 0m 16.043s
********************************************************************************************************************
Start the 9 rounds of NGS-ED iteration
	effective electronic model is modified as: kinetic energy t = 0.00242211
	                                           effective interaction Vq = [    -15.3125,     -6.6125,   -0.013711,     -6.6125,     -6.6125,     -1.5125,-0.000113314,     -1.5125,   -0.013711,-0.000113314,  -0.0191501,-0.000113314,     -6.6125,     -1.5125,-0.000113314,     -1.5125]
	PARPACK diagonalization completed after 60 matrix-vector product operations.
	iteration results: : total energy is -173.450022 | electron energy -173.450022 + phonon energy 0.000000 | electron momentum kIdx = 0
The 9-th iteration is completed.	|| time cost : 0h 0m 13.212s
********************************************************************************************************************
Start the 10 rounds of NGS-ED iteration
	effective electronic model is modified as: kinetic energy t = 0.00242257
	                                           effective interaction Vq = [    -15.3125,     -6.6125,  -0.0890529,     -6.6125,     -6.6125,     -1.5125,-0.000735974,     -1.5125,  -0.0890529,-0.000735974,   -0.124379,-0.000735974,     -6.6125,     -1.5125,-0.000735974,     -1.5125]
	PARPACK diagonalization completed after 30 matrix-vector product operations.
	iteration results: : total energy is -173.450023 | electron energy -173.450023 + phonon energy 0.000000 | electron momentum kIdx = 0
The 10-th iteration is completed.	|| time cost : 0h 0m 9.344s
********************************************************************************************************************
Start the 11 rounds of NGS-ED iteration
	effective electronic model is modified as: kinetic energy t = 0.00242254
	                                           effective interaction Vq = [    -15.3125,     -6.6125,  -0.0897608,     -6.6125,     -6.6125,     -1.5125,-0.000741824,     -1.5125,  -0.0897608,-0.000741824,   -0.125368,-0.000741824,     -6.6125,     -1.5125,-0.000741824,     -1.5125]
	PARPACK diagonalization completed after 30 matrix-vector product operations.
	iteration results: : total energy is -173.450023 | electron energy -173.450023 + phonon energy 0.000000 | electron momentum kIdx = 0
The 11-th iteration is completed.	|| time cost : 0h 0m 9.349s
********************************************************************************************************************
Start the 12 rounds of NGS-ED iteration
	effective electronic model is modified as: kinetic energy t = 0.00242254
	                                           effective interaction Vq = [    -15.3125,     -6.6125,  -0.0897661,     -6.6125,     -6.6125,     -1.5125,-0.000741868,     -1.5125,  -0.0897661,-0.000741868,   -0.125375,-0.000741868,     -6.6125,     -1.5125,-0.000741868,     -1.5125]
	PARPACK diagonalization completed after 30 matrix-vector product operations.
	iteration results: : total energy is -173.450023 | electron energy -173.450023 + phonon energy 0.000000 | electron momentum kIdx = 0
The 12-th iteration is completed.	|| time cost : 0h 0m 9.342s
********************************************************************************************************************
Start the 13 rounds of NGS-ED iteration
	effective electronic model is modified as: kinetic energy t = 0.00242254
	                                           effective interaction Vq = [    -15.3125,     -6.6125,  -0.0897661,     -6.6125,     -6.6125,     -1.5125,-0.000741868,     -1.5125,  -0.0897662,-0.000741869,   -0.125375,-0.000741869,     -6.6125,     -1.5125,-0.000741868,     -1.5125]
	PARPACK diagonalization completed after 30 matrix-vector product operations.
	iteration results: : total energy is -173.450023 | electron energy -173.450023 + phonon energy 0.000000 | electron momentum kIdx = 0
	Nq(0) = 9,	Nq(1) = 2.5,	Nq(2) = 4.39949e-07,	Nq(3) = 2.5,	Nq(4) = 2.5,	Nq(5) = 0.25,	
	Nq(6) = 6.59923e-07,	Nq(7) = 0.25,	Nq(8) = 4.39949e-07,	Nq(9) = 6.59923e-07,	Nq(10) = 8.79894e-07,	
	Nq(11) = 6.59923e-07,	Nq(12) = 2.5,	Nq(13) = 0.25,	Nq(14) = 6.59923e-07,	Nq(15) = 0.25;	
	Sq(0) = -5.46906e-20,	Sq(1) = 0.0833334,	Sq(2) = 0.166667,	Sq(3) = 0.0833334,	Sq(4) = 0.0833334,	
	Sq(5) = 0.25,	Sq(6) = 0.416666,	Sq(7) = 0.25,	Sq(8) = 0.166667,	Sq(9) = 0.416666,	
	Sq(10) = 0.666665,	Sq(11) = 0.416666,	Sq(12) = 0.0833334,	Sq(13) = 0.25,	Sq(14) = 0.416666,	
	Sq(15) = 0.25;	N(0) = 0.751168,	N(1) = 0.750585,	N(2) = 0.749999,	N(3) = 0.750585,	
	N(4) = 0.750585,	N(5) = 0.750001,	N(6) = 0.749415,	N(7) = 0.750001,	N(8) = 0.749999,	
	N(9) = 0.749415,	N(10) = 0.748829,	N(11) = 0.749415,	N(12) = 0.750585,	N(13) = 0.750001,	
	N(14) = 0.749415,	N(15) = 0.750001;	Delta[s](0) = 0.25,	Delta[s](1) = 0.25,	Delta[s](2) = 0.25,	
	Delta[s](3) = 0.25,	Delta[s](4) = 0.25,	Delta[s](5) = 0.25,	Delta[s](6) = 0.25,	Delta[s](7) = 0.25,	
	Delta[s](8) = 0.25,	Delta[s](9) = 0.25,	Delta[s](10) = 0.25,	Delta[s](11) = 0.25,	Delta[s](12) = 0.25,	
	Delta[s](13) = 0.25,	Delta[s](14) = 0.25,	Delta[s](15) = 0.25;	Delta[d](0) = 0.28125,	Delta[d](1) = 0.260417,	
	Delta[d](2) = 0.239583,	Delta[d](3) = 0.260417,	Delta[d](4) = 0.260417,	Delta[d](5) = 0.239583,	Delta[d](6) = 0.21875,	
	Delta[d](7) = 0.239583,	Delta[d](8) = 0.239583,	Delta[d](9) = 0.21875,	Delta[d](10) = 0.197917,	Delta[d](11) = 0.21875,	
	Delta[d](12) = 0.260417,	Delta[d](13) = 0.239583,	Delta[d](14) = 0.21875,	Delta[d](15) = 0.239583;	Delta[s+](0) = 0.28125,	
	Delta[s+](1) = 0.260417,	Delta[s+](2) = 0.239583,	Delta[s+](3) = 0.260417,	Delta[s+](4) = 0.260417,	Delta[s+](5) = 0.239583,	
	Delta[s+](6) = 0.21875,	Delta[s+](7) = 0.239583,	Delta[s+](8) = 0.239583,	Delta[s+](9) = 0.21875,	Delta[s+](10) = 0.197917,	
	Delta[s+](11) = 0.21875,	Delta[s+](12) = 0.260417,	Delta[s+](13) = 0.239583,	Delta[s+](14) = 0.21875,	Delta[s+](15) = 0.239583
	
The 13-th iteration is completed.	|| time cost : 0h 1m 19.59s
********************************************************************************************************************
********************************************************************************************************************
Ground state is obtained after 14 iterations. The current ground-state energy is -173.45, in which electron energy is -173.45 and phonon energy is 5.29799e-08
Final variational state is: 
	Gamma_x = [      1,1.00047,      1,1.00047,1.00047,1.00021,      1,1.00021,      1,      1,      1,      1,1.00047,1.00021,      1,1.00021]
	lambda_q = [       8.75,    5.74998,  0.0828537,    5.74998,    5.74998,    2.74984,-0.00753215,    2.74984,  0.0828537,-0.00753215, -0.0979177,-0.00753215,    5.74998,    2.74984,-0.00753215,    2.74984]
Effective e-e interactions mediated by phonons are:
	momentum-space Vq = [    -15.3125,     -6.6125,  -0.0897661,     -6.6125,     -6.6125,     -1.5125,-0.000741868,     -1.5125,  -0.0897662,-0.000741869,   -0.125375,-0.000741869,     -6.6125,     -1.5125,-0.000741868,     -1.5125]
	real-space Vr = [ -3.00752, -1.77567,-0.597963, -1.77567, -1.77567,-0.953646,-0.122726,-0.953646,-0.597963,-0.122726, 0.299097,-0.122726, -1.77567,-0.953646,-0.122726,-0.953646]
********************************************************************************************************************
o___o  ----------------------------------------
| L |	Time since last clock: 0h 0m 0.007s
A===A	Time since the beginning: 0h 6m 59.948s
***********************************************


Non-Gaussina ED ground state calculation is completed. The final ground-state energy is -173.45
********************************************************************************************************************
o___o  ----------------------------------------
| L |	Time since last clock: 0h 0m 0.003s
A===A	Time since the beginning: 0h 6m 59.951s
***********************************************



********************************************************************************************************************
All non-Gaussian ED ground state calculations have been completed. Exit now.
