SNEDics v3.22.2 Non-Gaussian ED ground state program		Start at Mon May 23 23:03:10 2022

Parallelization: 32 MPI threads  * 8 OpenMP threads = 256 total threads.
********************************************************************************************************************
********************************************************************************************************************

********************************************************************************************************************
System parameters and configurations
	special program options are enabled: splitted diagonal Hamiltonian | splitted Hamiltonian terms
********************************************************************************************************************
Read input file "model_params.in"
	Hubbard-Holstein model parameters : 	t = 1    U = 8    g = 0.4    W = 0.2    g' = 0.15    
********************************************************************************************************************
Read input file "hilbertspace_params.in"
	Requested 16-site 2D lattice, with 8 electrons (4, 4)
	Boundary : Periodic		Hilbert space representation : momentum-space (restricted to kIdx = 10)
	Conservation: particle number[U(1)]      spin[U(1)]     momentum
********************************************************************************************************************

Cluster Positions:				Cluster symmetry group : D4
 x ... x ... x ... x .....                       x ... x ... x ... x .....
 |           |           :                       |           |           :
 |           |           :                       |           |           :
12    13    14    15     x                       1     5     6     5     x
 |           |           :                       |           |           :
 |           |           :                       |           |           :
 8 --- 9 ---10 ---11 --- x                       2 --- 6 ---10 --- 6 --- x
 |           |           :                       |           |           :
 |           |           :                       |           |           :
 4     5     6     7     x                       1     5     6     5     x
 |           |           :                       |           |           :
 |           |           :                       |           |           :
 0 --- 1 --- 2 --- 3 --- x                       0 --- 1 --- 2 --- 1 --- x
orbital number : 1
********************************************************************************************************************
Read input file "obs_params.in"
	Observable Type : Nq(All),   Sq(All),   N(All-Orbital),   Delta[s](All),   Delta[d](All),   Delta[s+](All)
** WARNING ** the input observables have non-local factors which have been reinterpreted. The total observable number is 96
********************************************************************************************************************


********************************************************************************************************************
Start calculating the non-Gaussian ED ground state
Maximal iteration number is 1000; energy resolution is 1e-06. Phonon state relaxation time is 2000
W = 0.2 is relatively large. The non-Gaussian ED calculation starts directly.
open output files: NGSED_iteration_observables.txt
********************************************************************************************************************
Start the 0 rounds of NGS-ED iteration
	effective electronic model is modified as: kinetic energy t = 1
	                                           effective interaction Vq = [0,0,0,0,0,0,0,0,0,0,0,0,0,0,0,0]
	first Hamiltonian is constructed, size = 207168 and non-zero numbers = 32194784
	PARPACK diagonalization completed after 225 matrix-vector product operations.
	iteration results: : total energy is -14.228491 | electron energy -14.228491 + phonon energy 0.000000 | electron momentum kIdx = 10
	Nq(0) = 4,	Nq(1) = 0.1929,	Nq(2) = 0.241361,	Nq(3) = 0.1929,	Nq(4) = 0.1929,	Nq(5) = 0.2635,	
	Nq(6) = 0.343209,	Nq(7) = 0.2635,	Nq(8) = 0.241361,	Nq(9) = 0.343209,	Nq(10) = 0.497356,	
	Nq(11) = 0.343209,	Nq(12) = 0.1929,	Nq(13) = 0.2635,	Nq(14) = 0.343209,	Nq(15) = 0.2635;	
	Sq(0) = 1.05048e-18,	Sq(1) = 0.540129,	Sq(2) = 0.425883,	Sq(3) = 0.540129,	Sq(4) = 0.540129,	
	Sq(5) = 0.44091,	Sq(6) = 0.633208,	Sq(7) = 0.44091,	Sq(8) = 0.425883,	Sq(9) = 0.633208,	
	Sq(10) = 0.512733,	Sq(11) = 0.633208,	Sq(12) = 0.540129,	Sq(13) = 0.44091,	Sq(14) = 0.633208,	
	Sq(15) = 0.44091;	N(0) = 1.39632,	N(1) = 1.19393,	N(2) = 0.182033,	N(3) = 1.19393,	
	N(4) = 1.19393,	N(5) = 0.343994,	N(6) = 0.0196952,	N(7) = 0.343994,	N(8) = 0.182033,	
	N(9) = 0.0196952,	N(10) = 0.00914957,	N(11) = 0.0196952,	N(12) = 1.19393,	N(13) = 0.343994,	
	N(14) = 0.0196952,	N(15) = 0.343994;	Delta[s](0) = 0.0193247,	Delta[s](1) = 0.00981979,	Delta[s](2) = 0.00270849,	
	Delta[s](3) = 0.00981979,	Delta[s](4) = 0.00981979,	Delta[s](5) = 0.00576918,	Delta[s](6) = 0.000506497,	Delta[s](7) = 0.00576918,	
	Delta[s](8) = 0.00270849,	Delta[s](9) = 0.000506497,	Delta[s](10) = 0.000132223,	Delta[s](11) = 0.000506497,	Delta[s](12) = 0.00981979,	
	Delta[s](13) = 0.00576918,	Delta[s](14) = 0.000506497,	Delta[s](15) = 0.00576918;	Delta[d](0) = 0.0459045,	Delta[d](1) = 0.0388941,	
	Delta[d](2) = 0.0297141,	Delta[d](3) = 0.0388941,	Delta[d](4) = 0.0388941,	Delta[d](5) = 0.065507,	Delta[d](6) = 0.0437311,	
	Delta[d](7) = 0.065507,	Delta[d](8) = 0.0297141,	Delta[d](9) = 0.0437312,	Delta[d](10) = 0.0073749,	Delta[d](11) = 0.0437312,	
	Delta[d](12) = 0.0388941,	Delta[d](13) = 0.065507,	Delta[d](14) = 0.0437311,	Delta[d](15) = 0.065507;	Delta[s+](0) = 0.199268,	
	Delta[s+](1) = 0.127537,	Delta[s+](2) = 0.0297141,	Delta[s+](3) = 0.127537,	Delta[s+](4) = 0.127537,	Delta[s+](5) = 0.0694818,	
	Delta[s+](6) = 0.0133534,	Delta[s+](7) = 0.0694818,	Delta[s+](8) = 0.0297141,	Delta[s+](9) = 0.0133534,	Delta[s+](10) = 0.00202422,	
	Delta[s+](11) = 0.0133534,	Delta[s+](12) = 0.127537,	Delta[s+](13) = 0.0694818,	Delta[s+](14) = 0.0133534,	Delta[s+](15) = 0.0694818
	
The 0-th iteration is completed.	|| time cost : 0h 0m 5.043s
********************************************************************************************************************
Start the 1 rounds of NGS-ED iteration
	effective electronic model is modified as: kinetic energy t = 0.981374
	                                           effective interaction Vq = [         -5,  -0.551421, -0.0856077,  -0.551421,  -0.551421, -0.0944725,-0.00467632, -0.0944725, -0.0856077,-0.00467632, -0.0210207,-0.00467632,  -0.551421, -0.0944725,-0.00467632, -0.0944725]
	PARPACK diagonalization completed after 45 matrix-vector product operations.
	iteration results: : total energy is -34.501031 | electron energy -34.551928 + phonon energy 0.050897 | electron momentum kIdx = 10
The 1-th iteration is completed.	|| time cost : 0h 0m 3.402s
********************************************************************************************************************
Start the 2 rounds of NGS-ED iteration
	effective electronic model is modified as: kinetic energy t = 0.977612
	                                           effective interaction Vq = [         -5,  -0.655614, -0.0857769,  -0.655614,  -0.655614, -0.0946191,-0.00457916, -0.0946191, -0.0857769,-0.00457916,  -0.019877,-0.00457916,  -0.655614, -0.0946191,-0.00457916, -0.0946191]
	PARPACK diagonalization completed after 45 matrix-vector product operations.
	iteration results: : total energy is -34.505589 | electron energy -34.584076 + phonon energy 0.078487 | electron momentum kIdx = 10
The 2-th iteration is completed.	|| time cost : 0h 0m 0.753s
********************************************************************************************************************
Start the 3 rounds of NGS-ED iteration
	effective electronic model is modified as: kinetic energy t = 0.976598
	                                           effective interaction Vq = [         -5,   -0.68366, -0.0856453,   -0.68366,   -0.68366, -0.0943533,-0.00456639, -0.0943533, -0.0856453,-0.00456639, -0.0196856,-0.00456639,   -0.68366, -0.0943533,-0.00456639, -0.0943533]
	PARPACK diagonalization completed after 45 matrix-vector product operations.
	iteration results: : total energy is -34.505902 | electron energy -34.592693 + phonon energy 0.086791 | electron momentum kIdx = 10
The 3-th iteration is completed.	|| time cost : 0h 0m 0.751s
********************************************************************************************************************
Start the 4 rounds of NGS-ED iteration
	effective electronic model is modified as: kinetic energy t = 0.976304
	                                           effective interaction Vq = [        -5, -0.691746,-0.0856079, -0.691746, -0.691746,-0.0942744, -0.004563,-0.0942744,-0.0856079, -0.004563,-0.0196352, -0.004563, -0.691746,-0.0942744, -0.004563,-0.0942744]
	PARPACK diagonalization completed after 45 matrix-vector product operations.
	iteration results: : total energy is -34.505928 | electron energy -34.595181 + phonon energy 0.089253 | electron momentum kIdx = 10
The 4-th iteration is completed.	|| time cost : 0h 0m 0.756s
********************************************************************************************************************
Start the 5 rounds of NGS-ED iteration
	effective electronic model is modified as: kinetic energy t = 0.976217
	                                           effective interaction Vq = [         -5,  -0.694121, -0.0855971,  -0.694121,  -0.694121, -0.0942515,-0.00456201, -0.0942515, -0.0855971,-0.00456201, -0.0196207,-0.00456201,  -0.694121, -0.0942515,-0.00456201, -0.0942515]
	PARPACK diagonalization completed after 45 matrix-vector product operations.
	iteration results: : total energy is -34.505930 | electron energy -34.595912 + phonon energy 0.089982 | electron momentum kIdx = 10
The 5-th iteration is completed.	|| time cost : 0h 0m 0.755s
********************************************************************************************************************
Start the 6 rounds of NGS-ED iteration
	effective electronic model is modified as: kinetic energy t = 0.976192
	                                           effective interaction Vq = [         -5,  -0.694823,  -0.085594,  -0.694823,  -0.694823, -0.0942447,-0.00456173, -0.0942447,  -0.085594,-0.00456173, -0.0196164,-0.00456173,  -0.694823, -0.0942447,-0.00456173, -0.0942447]
	PARPACK diagonalization completed after 30 matrix-vector product operations.
	iteration results: : total energy is -34.505930 | electron energy -34.596128 + phonon energy 0.090198 | electron momentum kIdx = 10
The 6-th iteration is completed.	|| time cost : 0h 0m 0.689s
********************************************************************************************************************
Start the 7 rounds of NGS-ED iteration
	effective electronic model is modified as: kinetic energy t = 0.976184
	                                           effective interaction Vq = [         -5,   -0.69503,  -0.085593,   -0.69503,   -0.69503, -0.0942427,-0.00456164, -0.0942427,  -0.085593,-0.00456164, -0.0196152,-0.00456164,   -0.69503, -0.0942427,-0.00456164, -0.0942427]
	PARPACK diagonalization completed after 30 matrix-vector product operations.
	iteration results: : total energy is -34.505930 | electron energy -34.596192 + phonon energy 0.090262 | electron momentum kIdx = 10
The 7-th iteration is completed.	|| time cost : 0h 0m 0.669s
********************************************************************************************************************
Start the 8 rounds of NGS-ED iteration
	effective electronic model is modified as: kinetic energy t = 0.976182
	                                           effective interaction Vq = [         -5,  -0.695092, -0.0855928,  -0.695092,  -0.695092, -0.0942422,-0.00456162, -0.0942422, -0.0855928,-0.00456162, -0.0196148,-0.00456162,  -0.695092, -0.0942422,-0.00456162, -0.0942422]
	PARPACK diagonalization completed after 30 matrix-vector product operations.
	iteration results: : total energy is -34.505930 | electron energy -34.596211 + phonon energy 0.090280 | electron momentum kIdx = 10
The 8-th iteration is completed.	|| time cost : 0h 0m 0.697s
********************************************************************************************************************
Start the 9 rounds of NGS-ED iteration
	effective electronic model is modified as: kinetic energy t = 0.976181
	                                           effective interaction Vq = [         -5,   -0.69511, -0.0855927,   -0.69511,   -0.69511,  -0.094242,-0.00456161,  -0.094242, -0.0855927,-0.00456161, -0.0196147,-0.00456161,   -0.69511,  -0.094242,-0.00456161,  -0.094242]
	PARPACK diagonalization completed after 30 matrix-vector product operations.
	iteration results: : total energy is -34.505930 | electron energy -34.596217 + phonon energy 0.090286 | electron momentum kIdx = 10
The 9-th iteration is completed.	|| time cost : 0h 0m 0.692s
********************************************************************************************************************
Start the 10 rounds of NGS-ED iteration
	effective electronic model is modified as: kinetic energy t = 0.976181
	                                           effective interaction Vq = [         -5,  -0.695115, -0.0855926,  -0.695115,  -0.695115, -0.0942419,-0.00456161, -0.0942419, -0.0855926,-0.00456161, -0.0196146,-0.00456161,  -0.695115, -0.0942419,-0.00456161, -0.0942419]
	PARPACK diagonalization completed after 30 matrix-vector product operations.
	iteration results: : total energy is -34.505930 | electron energy -34.596218 + phonon energy 0.090288 | electron momentum kIdx = 10
The 10-th iteration is completed.	|| time cost : 0h 0m 0.691s
********************************************************************************************************************
Start the 11 rounds of NGS-ED iteration
	effective electronic model is modified as: kinetic energy t = 0.976181
	                                           effective interaction Vq = [        -5, -0.695117,-0.0855926, -0.695117, -0.695117,-0.0942419,-0.0045616,-0.0942419,-0.0855926,-0.0045616,-0.0196146,-0.0045616, -0.695117,-0.0942419,-0.0045616,-0.0942419]
	PARPACK diagonalization completed after 30 matrix-vector product operations.
	iteration results: : total energy is -34.505930 | electron energy -34.596219 + phonon energy 0.090288 | electron momentum kIdx = 10
The 11-th iteration is completed.	|| time cost : 0h 0m 0.693s
********************************************************************************************************************
Start the 12 rounds of NGS-ED iteration
	effective electronic model is modified as: kinetic energy t = 0.976181
	                                           effective interaction Vq = [        -5, -0.695117,-0.0855926, -0.695117, -0.695117,-0.0942419,-0.0045616,-0.0942419,-0.0855926,-0.0045616,-0.0196146,-0.0045616, -0.695117,-0.0942419,-0.0045616,-0.0942419]
	PARPACK diagonalization completed after 30 matrix-vector product operations.
	iteration results: : total energy is -34.505930 | electron energy -34.596219 + phonon energy 0.090288 | electron momentum kIdx = 10
The 12-th iteration is completed.	|| time cost : 0h 0m 0.69s
********************************************************************************************************************
Start the 13 rounds of NGS-ED iteration
	effective electronic model is modified as: kinetic energy t = 0.976181
	                                           effective interaction Vq = [        -5, -0.695117,-0.0855926, -0.695117, -0.695117,-0.0942419,-0.0045616,-0.0942419,-0.0855926,-0.0045616,-0.0196146,-0.0045616, -0.695117,-0.0942419,-0.0045616,-0.0942419]
	PARPACK diagonalization completed after 30 matrix-vector product operations.
	iteration results: : total energy is -34.505930 | electron energy -34.596219 + phonon energy 0.090288 | electron momentum kIdx = 10
	Nq(0) = 4,	Nq(1) = 0.217047,	Nq(2) = 0.240254,	Nq(3) = 0.217047,	Nq(4) = 0.217047,	Nq(5) = 0.26179,	
	Nq(6) = 0.332674,	Nq(7) = 0.26179,	Nq(8) = 0.240254,	Nq(9) = 0.332674,	Nq(10) = 0.462215,	
	Nq(11) = 0.332674,	Nq(12) = 0.217047,	Nq(13) = 0.26179,	Nq(14) = 0.332674,	Nq(15) = 0.26179;	
	Sq(0) = -2.41577e-19,	Sq(1) = 0.537156,	Sq(2) = 0.429327,	Sq(3) = 0.537156,	Sq(4) = 0.537156,	
	Sq(5) = 0.448111,	Sq(6) = 0.619966,	Sq(7) = 0.448111,	Sq(8) = 0.429327,	Sq(9) = 0.619966,	
	Sq(10) = 0.531649,	Sq(11) = 0.619966,	Sq(12) = 0.537156,	Sq(13) = 0.448111,	Sq(14) = 0.619966,	
	Sq(15) = 0.448111;	N(0) = 1.40975,	N(1) = 1.19178,	N(2) = 0.180715,	N(3) = 1.19178,	
	N(4) = 1.19178,	N(5) = 0.340262,	N(6) = 0.0222882,	N(7) = 0.340262,	N(8) = 0.180715,	
	N(9) = 0.0222882,	N(10) = 0.011505,	N(11) = 0.0222882,	N(12) = 1.19178,	N(13) = 0.340262,	
	N(14) = 0.0222882,	N(15) = 0.340262;	Delta[s](0) = 0.0199448,	Delta[s](1) = 0.0102757,	Delta[s](2) = 0.00288926,	
	Delta[s](3) = 0.0102757,	Delta[s](4) = 0.0102757,	Delta[s](5) = 0.0061546,	Delta[s](6) = 0.000694177,	Delta[s](7) = 0.0061546,	
	Delta[s](8) = 0.00288926,	Delta[s](9) = 0.000694177,	Delta[s](10) = 0.000161132,	Delta[s](11) = 0.000694177,	Delta[s](12) = 0.0102757,	
	Delta[s](13) = 0.0061546,	Delta[s](14) = 0.000694177,	Delta[s](15) = 0.0061546;	Delta[d](0) = 0.0470848,	Delta[d](1) = 0.0397185,	
	Delta[d](2) = 0.0306821,	Delta[d](3) = 0.0397185,	Delta[d](4) = 0.0397185,	Delta[d](5) = 0.0675421,	Delta[d](6) = 0.0465083,	
	Delta[d](7) = 0.0675421,	Delta[d](8) = 0.0306821,	Delta[d](9) = 0.0465083,	Delta[d](10) = 0.0100587,	Delta[d](11) = 0.0465083,	
	Delta[d](12) = 0.0397185,	Delta[d](13) = 0.0675421,	Delta[d](14) = 0.0465083,	Delta[d](15) = 0.0675421;	Delta[s+](0) = 0.202926,	
	Delta[s+](1) = 0.130063,	Delta[s+](2) = 0.0306821,	Delta[s+](3) = 0.130063,	Delta[s+](4) = 0.130063,	Delta[s+](5) = 0.0706152,	
	Delta[s+](6) = 0.0145421,	Delta[s+](7) = 0.0706152,	Delta[s+](8) = 0.0306821,	Delta[s+](9) = 0.0145421,	Delta[s+](10) = 0.00274269,	
	Delta[s+](11) = 0.0145421,	Delta[s+](12) = 0.130063,	Delta[s+](13) = 0.0706152,	Delta[s+](14) = 0.0145421,	Delta[s+](15) = 0.0706152
	
The 13-th iteration is completed.	|| time cost : 0h 0m 2.881s
********************************************************************************************************************
********************************************************************************************************************
Ground state is obtained after 14 iterations. The current ground-state energy is -34.5059, in which electron energy is -34.5962 and phonon energy is 0.0902884
Final variational state is: 
	Gamma_x = [      1,1.90743,1.10489,1.90743,1.90743,1.12661,1.00743,1.12661,1.10489,1.00743,1.04514,1.00743,1.90743,1.12661,1.00743,1.12661]
	lambda_q = [         5,  0.537836,  0.110017,  0.537836,  0.537836,  0.121492, 0.0233534,  0.121492,  0.110017, 0.0233534,-0.0503017, 0.0233534,  0.537836,  0.121492, 0.0233534,  0.121492]
Effective e-e interactions mediated by phonons are:
	momentum-space Vq = [        -5, -0.695117,-0.0855926, -0.695117, -0.695117,-0.0942419,-0.0045616,-0.0942419,-0.0855926,-0.0045616,-0.0196146,-0.0045616, -0.695117,-0.0942419,-0.0045616,-0.0942419]
	real-space Vr = [-0.522905,-0.397594,-0.300865,-0.397594,-0.397594,-0.303027,-0.224955,-0.303027,-0.300865,-0.224955,-0.173066,-0.224955,-0.397594,-0.303027,-0.224955,-0.303027]
********************************************************************************************************************
o___o  ----------------------------------------
| L |	Time since last clock: 0h 0m 0.008s
A===A	Time since the beginning: 0h 0m 19.178s
***********************************************


Non-Gaussina ED ground state calculation is completed. The final ground-state energy is -34.5059
********************************************************************************************************************
o___o  ----------------------------------------
| L |	Time since last clock: 0h 0m 0.002s
A===A	Time since the beginning: 0h 0m 19.18s
***********************************************



********************************************************************************************************************
All non-Gaussian ED ground state calculations have been completed. Exit now.
