SNEDics v3.2 diagonalization test program		Start at Fri May  3 19:36:05 2019

parallized on 80 MPI threads  * 6 OpenMP threads = 480 total threads.
************************************************************************************
************************************************************************************

Input file "model_params.in"
Hubbard-Holstein model parameters : 	t = 1    U = 6    g = 2.1213    W = 1    
************************************************************************************
Input file "hilbertspace_params.in"

Cluster Positions:				Cluster symmetry group : D4
 x ... x ... x ... x .....                       x ... x ... x ... x .....
 |           |           :                       |           |           :
 |           |           :                       |           |           :
12    13    14    15     x                       1     5     6     5     x
 |           |           :                       |           |           :
 |           |           :                       |           |           :
 8 --- 9 ---10 ---11 --- x                       2 --- 6 ---10 --- 6 --- x
 |           |           :                       |           |           :
 |           |           :                       |           |           :
 4     5     6     7     x                       1     5     6     5     x
 |           |           :                       |           |           :
 |           |           :                       |           |           :
 0 --- 1 --- 2 --- 3 --- x                       0 --- 1 --- 2 --- 1 --- x
orbital number : 1
************************************************************************************
** NOTE ** Detected low phonon energy W < 10. The initial state will be prepared through a warm-up process.
starting warm-up calculation for scaling factor 16
0 rounds of non-Gaussian ED iteration : ground-state energy is -10.5522 | electron energy -10.5522 + phonon energy 0 | electron momentum kIdx = 0
Nq = 	16	0.0982957	0.161432	0.0982957	0.0982957	0.161432	0.219761	0.161432	0.161432	0.219761	0.273324	0.219761	0.0982957	0.161432	0.219761	0.161432
Sq = 	-3.34797e-19	0.423896	0.634552	0.423896	0.423896	0.634552	0.876339	0.634552	0.634552	0.876339	4.47761	0.876339	0.423896	0.634552	0.876339	0.634552
1 rounds of non-Gaussian ED iteration : ground-state energy is -99.5831 | electron energy -99.592 + phonon energy 0.00894376 | electron momentum kIdx = 0
Nq = 	16	0.467511	0.782217	0.467511	0.467511	0.782217	0.747004	0.782217	0.782217	0.747004	1.25428	0.747004	0.467511	0.782217	0.747004	0.782217
Sq = 	-5.85878e-18	0.250254	0.313473	0.250254	0.250254	0.313473	0.449593	0.313473	0.313473	0.449593	0.514134	0.449593	0.250254	0.313473	0.449593	0.313473
2 rounds of non-Gaussian ED iteration : ground-state energy is -106.394 | electron energy -106.45 + phonon energy 0.0566889 | electron momentum kIdx = 0
Nq = 	16	0.448431	0.672227	0.448431	0.448431	0.672227	0.783015	0.672227	0.672227	0.783015	2.95346	0.783015	0.448431	0.672227	0.783015	0.672227
Sq = 	-9.02067e-18	0.180272	0.256416	0.180272	0.180272	0.256416	0.35153	0.256416	0.256416	0.35153	0.421692	0.35153	0.180272	0.256416	0.35153	0.256416
3 rounds of non-Gaussian ED iteration : ground-state energy is -106.798 | electron energy -106.867 + phonon energy 0.0689774 | electron momentum kIdx = 0
Nq = 	16	0.370646	0.506602	0.370646	0.370646	0.506602	0.69401	0.506602	0.506602	0.69401	4.79935	0.69401	0.370646	0.506602	0.69401	0.506602
Sq = 	-2.07176e-18	0.169564	0.24569	0.169564	0.169564	0.24569	0.336122	0.24569	0.24569	0.336122	0.405527	0.336122	0.169564	0.24569	0.336122	0.24569
4 rounds of non-Gaussian ED iteration : ground-state energy is -106.84 | electron energy -106.909 + phonon energy 0.0695605 | electron momentum kIdx = 0
Nq = 	16	0.335457	0.443745	0.335457	0.335457	0.443745	0.645227	0.443745	0.443745	0.645227	5.52954	0.645227	0.335457	0.443745	0.645227	0.443745
Sq = 	5.40832e-18	0.16878	0.244508	0.16878	0.16878	0.244508	0.334813	0.244508	0.244508	0.334813	0.403838	0.334813	0.16878	0.244508	0.334813	0.244508
5 rounds of non-Gaussian ED iteration : ground-state energy is -106.85 | electron energy -106.918 + phonon energy 0.0682841 | electron momentum kIdx = 0
Nq = 	16	0.317438	0.414578	0.317438	0.317438	0.414578	0.618887	0.414578	0.414578	0.618887	5.87862	0.618887	0.317438	0.414578	0.618887	0.414578
Sq = 	3.6176e-19	0.169065	0.244568	0.169065	0.169065	0.244568	0.335209	0.244568	0.244568	0.335209	0.404104	0.335209	0.169065	0.244568	0.335209	0.244568
6 rounds of non-Gaussian ED iteration : ground-state energy is -106.853 | electron energy -106.92 + phonon energy 0.0671642 | electron momentum kIdx = 0
Nq = 	16	0.307552	0.399801	0.307552	0.307552	0.399801	0.604174	0.399801	0.399801	0.604174	6.06285	0.604174	0.307552	0.399801	0.604174	0.399801
Sq = 	4.69446e-18	0.169263	0.244648	0.169263	0.169263	0.244648	0.33553	0.244648	0.244648	0.33553	0.404379	0.33553	0.169263	0.244648	0.33553	0.244648
7 rounds of non-Gaussian ED iteration : ground-state energy is -106.854 | electron energy -106.92 + phonon energy 0.066427 | electron momentum kIdx = 0
Nq = 	16	0.302151	0.392152	0.302151	0.302151	0.392152	0.596066	0.392152	0.392152	0.596066	6.16137	0.596066	0.302151	0.392152	0.596066	0.392152
Sq = 	-8.45483e-19	0.169354	0.244682	0.169354	0.169354	0.244682	0.335701	0.244682	0.244682	0.335701	0.404535	0.335701	0.169354	0.244682	0.335701	0.244682
Ground state is obtained after 8 iterations. The current ground-state energy is -106.854, in which electron energy is -106.92 and phonon energy is 0.0659896
final variational state is: 
Gamma_x =       1 1.01529 1.02751 1.01529 1.01529 1.02751 1.04126 1.02751 1.02751 1.04126  1.0703 1.04126 1.01529 1.02751 1.04126 1.02751
lambda_q = 0.530324 0.478054 0.454622 0.478054 0.478054 0.454622 0.456245 0.454622 0.454622 0.456245 0.519659 0.456245 0.478054 0.454622 0.456245 0.454622
o___o  -------------------------------------
| L |	Time since last clock: 0h 43m 17.71s
A===A	Time since the beginning: 0h 43m 17.71s
********************************************

************************************************************************************
starting warm-up calculation for scaling factor 8
0 rounds of non-Gaussian ED iteration : ground-state energy is -94.8281 | electron energy -94.8611 + phonon energy 0.0329948 | electron momentum kIdx = 0
Nq = 	16	0.256822	0.328941	0.256822	0.256822	0.328941	0.507012	0.328941	0.328941	0.507012	6.44725	0.507012	0.256822	0.328941	0.507012	0.328941
Sq = 	-1.1749e-18	0.203062	0.278304	0.203062	0.203062	0.278304	0.393545	0.278304	0.278304	0.393545	0.467521	0.393545	0.203062	0.278304	0.393545	0.278304
1 rounds of non-Gaussian ED iteration : ground-state energy is -102.339 | electron energy -102.487 + phonon energy 0.147567 | electron momentum kIdx = 0
Nq = 	16	0.183308	0.269126	0.183308	0.183308	0.269126	0.40102	0.269126	0.269126	0.40102	8.51894	0.40102	0.183308	0.269126	0.40102	0.269126
Sq = 	-2.38392e-18	0.146433	0.222252	0.146433	0.146433	0.222252	0.307927	0.222252	0.222252	0.307927	0.378041	0.307927	0.146433	0.222252	0.307927	0.222252
2 rounds of non-Gaussian ED iteration : ground-state energy is -103.843 | electron energy -104.024 + phonon energy 0.181419 | electron momentum kIdx = 0
Nq = 	16	0.163006	0.249111	0.163006	0.163006	0.249111	0.367428	0.249111	0.249111	0.367428	9.10834	0.367428	0.163006	0.249111	0.367428	0.249111
Sq = 	1.63752e-18	0.133012	0.207087	0.133012	0.133012	0.207087	0.286609	0.207087	0.207087	0.286609	0.354261	0.286609	0.133012	0.207087	0.286609	0.207087
3 rounds of non-Gaussian ED iteration : ground-state energy is -104.129 | electron energy -104.316 + phonon energy 0.18726 | electron momentum kIdx = 0
Nq = 	16	0.156138	0.241896	0.156138	0.156138	0.241896	0.35526	0.241896	0.241896	0.35526	9.3001	0.35526	0.156138	0.241896	0.35526	0.241896
Sq = 	-4.41726e-18	0.129151	0.202681	0.129151	0.129151	0.202681	0.280647	0.202681	0.202681	0.280647	0.34766	0.280647	0.129151	0.202681	0.280647	0.202681
4 rounds of non-Gaussian ED iteration : ground-state energy is -104.184 | electron energy -104.371 + phonon energy 0.187283 | electron momentum kIdx = 0
Nq = 	16	0.152872	0.238347	0.152872	0.152872	0.238347	0.349234	0.238347	0.238347	0.349234	9.38743	0.349234	0.152872	0.238347	0.349234	0.238347
Sq = 	9.56965e-20	0.127559	0.2009	0.127559	0.127559	0.2009	0.278319	0.2009	0.2009	0.278319	0.345154	0.278319	0.127559	0.2009	0.278319	0.2009
5 rounds of non-Gaussian ED iteration : ground-state energy is -104.195 | electron energy -104.381 + phonon energy 0.186077 | electron momentum kIdx = 0
Nq = 	16	0.151021	0.236288	0.151021	0.151021	0.236288	0.345737	0.236288	0.236288	0.345737	9.43599	0.345737	0.151021	0.236288	0.345737	0.236288
Sq = 	-1.10356e-18	0.126722	0.199977	0.126722	0.126722	0.199977	0.277144	0.199977	0.199977	0.277144	0.343918	0.277144	0.126722	0.199977	0.277144	0.199977
6 rounds of non-Gaussian ED iteration : ground-state energy is -104.197 | electron energy -104.382 + phonon energy 0.184817 | electron momentum kIdx = 0
Nq = 	16	0.1499	0.235023	0.1499	0.1499	0.235023	0.343592	0.235023	0.235023	0.343592	9.46521	0.343592	0.1499	0.235023	0.343592	0.235023
Sq = 	-2.69107e-18	0.126232	0.199441	0.126232	0.126232	0.199441	0.276472	0.199441	0.199441	0.276472	0.343222	0.276472	0.126232	0.199441	0.276472	0.199441
Ground state is obtained after 7 iterations. The current ground-state energy is -104.198, in which electron energy is -104.382 and phonon energy is 0.183816
final variational state is: 
Gamma_x =       1 1.03385 1.05877 1.03385 1.03385 1.05877 1.08706 1.05877 1.05877 1.08706 1.22102 1.08706 1.03385 1.05877 1.08706 1.05877
lambda_q = 0.749181 0.549548 0.515378 0.549548 0.549548 0.515378 0.515571 0.515378 0.515378 0.515571 0.735221 0.515571 0.549548 0.515378 0.515571 0.515378
o___o  -------------------------------------
| L |	Time since last clock: 0h 37m 51.988s
A===A	Time since the beginning: 1h 21m 9.699s
********************************************

************************************************************************************
starting warm-up calculation for scaling factor 4
0 rounds of non-Gaussian ED iteration : ground-state energy is -91.665 | electron energy -91.757 + phonon energy 0.0919078 | electron momentum kIdx = 0
Nq = 	16	0.144731	0.224546	0.144731	0.144731	0.224546	0.322086	0.224546	0.224546	0.322086	9.33553	0.322086	0.144731	0.224546	0.322086	0.224546
Sq = 	9.9826e-19	0.137697	0.216066	0.137697	0.137697	0.216066	0.305285	0.216066	0.216066	0.305285	0.381599	0.305285	0.137697	0.216066	0.305285	0.216066
1 rounds of non-Gaussian ED iteration : ground-state energy is -97.5252 | electron energy -97.7677 + phonon energy 0.242495 | electron momentum kIdx = 0
Nq = 	16	0.100489	0.169762	0.100489	0.100489	0.169762	0.242128	0.169762	0.169762	0.242128	11.0168	0.242128	0.100489	0.169762	0.242128	0.169762
Sq = 	4.32911e-19	0.0968827	0.164212	0.0968827	0.0968827	0.164212	0.231665	0.164212	0.164212	0.231665	0.294713	0.231665	0.0968827	0.164212	0.231665	0.164212
2 rounds of non-Gaussian ED iteration : ground-state energy is -100.13 | electron energy -100.434 + phonon energy 0.304905 | electron momentum kIdx = 0
Nq = 	16	0.0830111	0.144941	0.0830111	0.0830111	0.144941	0.206685	0.144941	0.144941	0.206685	11.7354	0.206685	0.0830111	0.144941	0.206685	0.144941
Sq = 	-5.64521e-20	0.0811292	0.141816	0.0811292	0.0811292	0.141816	0.200898	0.141816	0.141816	0.200898	0.257208	0.200898	0.0811292	0.141816	0.200898	0.141816
3 rounds of non-Gaussian ED iteration : ground-state energy is -101.216 | electron energy -101.535 + phonon energy 0.319281 | electron momentum kIdx = 0
Nq = 	16	0.0751549	0.133078	0.0751549	0.0751549	0.133078	0.189764	0.133078	0.133078	0.189764	12.0706	0.189764	0.0751549	0.133078	0.189764	0.133078
Sq = 	2.07108e-19	0.0740979	0.131377	0.0740979	0.0740979	0.131377	0.186702	0.131377	0.131377	0.186702	0.239795	0.186702	0.0740979	0.131377	0.186702	0.131377
4 rounds of non-Gaussian ED iteration : ground-state energy is -101.663 | electron energy -101.981 + phonon energy 0.317692 | electron momentum kIdx = 0
Nq = 	16	0.0710109	0.126624	0.0710109	0.0710109	0.126624	0.180541	0.126624	0.126624	0.180541	12.2512	0.180541	0.0710109	0.126624	0.180541	0.126624
Sq = 	8.0571e-19	0.0703873	0.125755	0.0703873	0.0703873	0.125755	0.17909	0.125755	0.125755	0.17909	0.230442	0.17909	0.0703873	0.125755	0.17909	0.125755
5 rounds of non-Gaussian ED iteration : ground-state energy is -101.849 | electron energy -102.161 + phonon energy 0.312132 | electron momentum kIdx = 0
Nq = 	16	0.0685838	0.122778	0.0685838	0.0685838	0.122778	0.175036	0.122778	0.122778	0.175036	12.3585	0.175036	0.0685838	0.122778	0.175036	0.122778
Sq = 	7.24253e-19	0.068202	0.122406	0.068202	0.068202	0.122406	0.174559	0.122406	0.122406	0.174559	0.22487	0.174559	0.068202	0.122406	0.174559	0.122406
6 rounds of non-Gaussian ED iteration : ground-state energy is -101.928 | electron energy -102.234 + phonon energy 0.306385 | electron momentum kIdx = 0
Nq = 	16	0.0670795	0.120368	0.0670795	0.0670795	0.120368	0.171585	0.120368	0.120368	0.171585	12.4258	0.171585	0.0670795	0.120368	0.171585	0.120368
Sq = 	8.16196e-20	0.0668387	0.1203	0.0668387	0.0668387	0.1203	0.171711	0.1203	0.1203	0.171711	0.221363	0.171711	0.0668387	0.1203	0.171711	0.1203
7 rounds of non-Gaussian ED iteration : ground-state energy is -101.961 | electron energy -102.263 + phonon energy 0.301532 | electron momentum kIdx = 0
Nq = 	16	0.0661204	0.118822	0.0661204	0.0661204	0.118822	0.169368	0.118822	0.118822	0.169368	12.469	0.169368	0.0661204	0.118822	0.169368	0.118822
Sq = 	-5.13027e-19	0.0659643	0.118942	0.0659643	0.0659643	0.118942	0.169875	0.118942	0.118942	0.169875	0.219101	0.169875	0.0659643	0.118942	0.169875	0.118942
8 rounds of non-Gaussian ED iteration : ground-state energy is -101.976 | electron energy -102.274 + phonon energy 0.297761 | electron momentum kIdx = 0
Nq = 	16	0.0655001	0.117817	0.0655001	0.0655001	0.117817	0.167927	0.117817	0.117817	0.167927	12.4971	0.167927	0.0655001	0.117817	0.167927	0.117817
Sq = 	2.44976e-19	0.0653962	0.118058	0.0653962	0.0653962	0.118058	0.168678	0.118058	0.118058	0.168678	0.217625	0.168678	0.0653962	0.118058	0.168678	0.118058
9 rounds of non-Gaussian ED iteration : ground-state energy is -101.983 | electron energy -102.278 + phonon energy 0.294965 | electron momentum kIdx = 0
Nq = 	16	0.065096	0.11716	0.065096	0.065096	0.11716	0.166985	0.11716	0.11716	0.166985	12.5155	0.166985	0.065096	0.11716	0.166985	0.11716
Sq = 	-3.55322e-19	0.065025	0.117478	0.065025	0.065025	0.117478	0.167894	0.117478	0.117478	0.167894	0.216657	0.167894	0.065025	0.117478	0.167894	0.117478
10 rounds of non-Gaussian ED iteration : ground-state energy is -101.985 | electron energy -102.278 + phonon energy 0.292955 | electron momentum kIdx = 0
Nq = 	16	0.0648317	0.11673	0.0648317	0.0648317	0.11673	0.166367	0.11673	0.11673	0.166367	12.5276	0.166367	0.0648317	0.11673	0.166367	0.11673
Sq = 	3.15836e-19	0.0647817	0.117098	0.0647817	0.0647817	0.117098	0.167379	0.117098	0.117098	0.167379	0.216022	0.167379	0.0647817	0.117098	0.167379	0.117098
11 rounds of non-Gaussian ED iteration : ground-state energy is -101.987 | electron energy -102.278 + phonon energy 0.291541 | electron momentum kIdx = 0
Nq = 	16	0.0646585	0.116447	0.0646585	0.0646585	0.116447	0.165962	0.116447	0.116447	0.165962	12.5355	0.165962	0.0646585	0.116447	0.165962	0.116447
Sq = 	-1.27121e-19	0.064622	0.116848	0.064622	0.064622	0.116848	0.167041	0.116848	0.116848	0.167041	0.215605	0.167041	0.064622	0.116848	0.167041	0.116848
Ground state is obtained after 12 iterations. The current ground-state energy is -101.987, in which electron energy is -102.278 and phonon energy is 0.290561
final variational state is: 
Gamma_x =       1 1.03662  1.0659 1.03662 1.03662  1.0659 1.09473  1.0659  1.0659 1.09473 1.60516 1.09473 1.03662  1.0659 1.09473  1.0659
lambda_q =  1.05809 0.450985 0.431072 0.450985 0.450985 0.431072 0.424854 0.431072 0.431072 0.424854  1.04162 0.424854 0.450985 0.431072 0.424854 0.431072
o___o  -------------------------------------
| L |	Time since last clock: 1h 2m 10.138s
A===A	Time since the beginning: 2h 23m 19.837s
********************************************

************************************************************************************
starting warm-up calculation for scaling factor 2
0 rounds of non-Gaussian ED iteration : ground-state energy is -89.5264 | electron energy -89.6717 + phonon energy 0.14528 | electron momentum kIdx = 0
Nq = 	16	0.071862	0.126464	0.071862	0.071862	0.126464	0.178771	0.126464	0.126464	0.178771	12.1682	0.178771	0.071862	0.126464	0.178771	0.126464
Sq = 	4.88198e-19	0.0732272	0.130793	0.0732272	0.0732272	0.130793	0.18758	0.130793	0.130793	0.18758	0.242522	0.18758	0.0732272	0.130793	0.18758	0.130793
1 rounds of non-Gaussian ED iteration : ground-state energy is -93.9572 | electron energy -94.2338 + phonon energy 0.276644 | electron momentum kIdx = 0
Nq = 	16	0.05615	0.101901	0.05615	0.05615	0.101901	0.14505	0.101901	0.101901	0.14505	12.9297	0.14505	0.05615	0.101901	0.14505	0.101901
Sq = 	5.27665e-19	0.0569011	0.104642	0.0569011	0.0569011	0.104642	0.150728	0.104642	0.104642	0.150728	0.195696	0.150728	0.0569011	0.104642	0.150728	0.104642
2 rounds of non-Gaussian ED iteration : ground-state energy is -96.7235 | electron energy -97.0854 + phonon energy 0.361842 | electron momentum kIdx = 0
Nq = 	16	0.0481484	0.0887309	0.0481484	0.0481484	0.0887309	0.126895	0.0887309	0.0887309	0.126895	13.3306	0.126895	0.0481484	0.0887309	0.126895	0.0887309
Sq = 	-5.61457e-19	0.0487307	0.0908958	0.0487307	0.0487307	0.0908958	0.131385	0.0908958	0.0908958	0.131385	0.170952	0.131385	0.0487307	0.0908958	0.131385	0.0908958
3 rounds of non-Gaussian ED iteration : ground-state energy is -98.3316 | electron energy -98.7439 + phonon energy 0.412288 | electron momentum kIdx = 0
Nq = 	16	0.0440656	0.0818282	0.0440656	0.0440656	0.0818282	0.117333	0.0818282	0.0818282	0.117333	13.5391	0.117333	0.0440656	0.0818282	0.117333	0.0818282
Sq = 	9.69354e-19	0.0445896	0.0837613	0.0445896	0.0445896	0.0837613	0.121333	0.0837613	0.0837613	0.121333	0.158063	0.121333	0.0445896	0.0837613	0.121333	0.0837613
4 rounds of non-Gaussian ED iteration : ground-state energy is -99.2548 | electron energy -99.6969 + phonon energy 0.442087 | electron momentum kIdx = 0
Nq = 	16	0.041916	0.0781417	0.041916	0.041916	0.0781417	0.112207	0.0781417	0.0781417	0.112207	13.65	0.112207	0.041916	0.0781417	0.112207	0.0781417
Sq = 	-1.07995e-19	0.0424156	0.0799713	0.0424156	0.0424156	0.0799713	0.115987	0.0799713	0.0799713	0.115987	0.151203	0.115987	0.0424156	0.0799713	0.115987	0.0799713
5 rounds of non-Gaussian ED iteration : ground-state energy is -99.7968 | electron energy -100.257 + phonon energy 0.459934 | electron momentum kIdx = 0
Nq = 	16	0.0407464	0.0761193	0.0407464	0.0407464	0.0761193	0.109386	0.0761193	0.0761193	0.109386	13.7107	0.109386	0.0407464	0.0761193	0.109386	0.0761193
Sq = 	-1.32964e-19	0.0412341	0.0778991	0.0412341	0.0412341	0.0778991	0.113063	0.0778991	0.0778991	0.113063	0.147449	0.113063	0.0412341	0.0778991	0.113063	0.0778991
6 rounds of non-Gaussian ED iteration : ground-state energy is -100.126 | electron energy -100.597 + phonon energy 0.470647 | electron momentum kIdx = 0
Nq = 	16	0.0400876	0.0749744	0.0400876	0.0400876	0.0749744	0.107784	0.0749744	0.0749744	0.107784	13.745	0.107784	0.0400876	0.0749744	0.107784	0.0749744
Sq = 	2.4691e-19	0.0405688	0.0767286	0.0405688	0.0405688	0.0767286	0.111411	0.0767286	0.0767286	0.111411	0.145329	0.111411	0.0405688	0.0767286	0.111411	0.0767286
7 rounds of non-Gaussian ED iteration : ground-state energy is -100.333 | electron energy -100.81 + phonon energy 0.476979 | electron momentum kIdx = 0
Nq = 	16	0.0397026	0.0743028	0.0397026	0.0397026	0.0743028	0.106842	0.0743028	0.0743028	0.106842	13.7652	0.106842	0.0397026	0.0743028	0.106842	0.0743028
Sq = 	-9.0234e-19	0.0401798	0.0760431	0.0401798	0.0401798	0.0760431	0.110444	0.0760431	0.0760431	0.110444	0.144089	0.110444	0.0401798	0.0760431	0.110444	0.0760431
8 rounds of non-Gaussian ED iteration : ground-state energy is -100.466 | electron energy -100.947 + phonon energy 0.480603 | electron momentum kIdx = 0
Nq = 	16	0.0394691	0.0738944	0.0394691	0.0394691	0.0738944	0.106267	0.0738944	0.0738944	0.106267	13.7774	0.106267	0.0394691	0.0738944	0.106267	0.0738944
Sq = 	-1.15054e-19	0.0399436	0.0756266	0.0399436	0.0399436	0.0756266	0.109857	0.0756266	0.0756266	0.109857	0.143335	0.109857	0.0399436	0.0756266	0.109857	0.0756266
9 rounds of non-Gaussian ED iteration : ground-state energy is -100.553 | electron energy -101.036 + phonon energy 0.482576 | electron momentum kIdx = 0
Nq = 	16	0.0393224	0.0736373	0.0393224	0.0393224	0.0736373	0.105904	0.0736373	0.0736373	0.105904	13.7851	0.105904	0.0393224	0.0736373	0.105904	0.0736373
Sq = 	2.24505e-21	0.0397951	0.0753647	0.0397951	0.0397951	0.0753647	0.109488	0.0753647	0.0753647	0.109488	0.142862	0.109488	0.0397951	0.0753647	0.109488	0.0753647
10 rounds of non-Gaussian ED iteration : ground-state energy is -100.61 | electron energy -101.094 + phonon energy 0.48357 | electron momentum kIdx = 0
Nq = 	16	0.0392276	0.0734708	0.0392276	0.0392276	0.0734708	0.105669	0.0734708	0.0734708	0.105669	13.7901	0.105669	0.0392276	0.0734708	0.105669	0.0734708
Sq = 	-4.73997e-19	0.039699	0.0751952	0.039699	0.039699	0.0751952	0.109249	0.0751952	0.0751952	0.109249	0.142556	0.109249	0.039699	0.0751952	0.109249	0.0751952
11 rounds of non-Gaussian ED iteration : ground-state energy is -100.649 | electron energy -101.133 + phonon energy 0.484003 | electron momentum kIdx = 0
Nq = 	16	0.0391648	0.0733603	0.0391648	0.0391648	0.0733603	0.105512	0.0733603	0.0733603	0.105512	13.7934	0.105512	0.0391648	0.0733603	0.105512	0.0733603
Sq = 	-1.59974e-19	0.0396353	0.0750827	0.0396353	0.0396353	0.0750827	0.10909	0.0750827	0.0750827	0.10909	0.142353	0.10909	0.0396353	0.0750827	0.10909	0.0750827
12 rounds of non-Gaussian ED iteration : ground-state energy is -100.674 | electron energy -101.158 + phonon energy 0.484134 | electron momentum kIdx = 0
Nq = 	16	0.0391224	0.0732857	0.0391224	0.0391224	0.0732857	0.105406	0.0732857	0.0732857	0.105406	13.7956	0.105406	0.0391224	0.0732857	0.105406	0.0732857
Sq = 	9.7611e-20	0.0395922	0.0750068	0.0395922	0.0395922	0.0750068	0.108983	0.0750068	0.0750068	0.108983	0.142217	0.108983	0.0395922	0.0750068	0.108983	0.0750068
13 rounds of non-Gaussian ED iteration : ground-state energy is -100.691 | electron energy -101.175 + phonon energy 0.484112 | electron momentum kIdx = 0
Nq = 	16	0.0390934	0.0732346	0.0390934	0.0390934	0.0732346	0.105333	0.0732346	0.0732346	0.105333	13.7971	0.105333	0.0390934	0.0732346	0.105333	0.0732346
Sq = 	-1.96149e-19	0.0395628	0.0749549	0.0395628	0.0395628	0.0749549	0.10891	0.0749549	0.0749549	0.10891	0.142123	0.10891	0.0395628	0.0749549	0.10891	0.0749549
14 rounds of non-Gaussian ED iteration : ground-state energy is -100.703 | electron energy -101.187 + phonon energy 0.484024 | electron momentum kIdx = 0
Nq = 	16	0.0390733	0.0731992	0.0390733	0.0390733	0.0731992	0.105283	0.0731992	0.0731992	0.105283	13.7982	0.105283	0.0390733	0.0731992	0.105283	0.0731992
Sq = 	-6.4362e-19	0.0395424	0.0749189	0.0395424	0.0395424	0.0749189	0.10886	0.0749189	0.0749189	0.10886	0.142058	0.10886	0.0395424	0.0749189	0.10886	0.0749189
15 rounds of non-Gaussian ED iteration : ground-state energy is -100.71 | electron energy -101.194 + phonon energy 0.483915 | electron momentum kIdx = 0
Nq = 	16	0.0390593	0.0731745	0.0390593	0.0390593	0.0731745	0.105248	0.0731745	0.0731745	0.105248	13.7989	0.105248	0.0390593	0.0731745	0.105248	0.0731745
Sq = 	-4.34358e-19	0.0395281	0.0748938	0.0395281	0.0395281	0.0748938	0.108824	0.0748938	0.0748938	0.108824	0.142013	0.108824	0.0395281	0.0748938	0.108824	0.0748938
16 rounds of non-Gaussian ED iteration : ground-state energy is -100.715 | electron energy -101.199 + phonon energy 0.483808 | electron momentum kIdx = 0
Nq = 	16	0.0390495	0.0731572	0.0390495	0.0390495	0.0731572	0.105223	0.0731572	0.0731572	0.105223	13.7995	0.105223	0.0390495	0.0731572	0.105223	0.0731572
Sq = 	-5.64927e-19	0.0395182	0.0748763	0.0395182	0.0395182	0.0748763	0.1088	0.0748763	0.0748763	0.1088	0.141982	0.1088	0.0395182	0.0748763	0.1088	0.0748763
17 rounds of non-Gaussian ED iteration : ground-state energy is -100.719 | electron energy -101.202 + phonon energy 0.483715 | electron momentum kIdx = 0
Nq = 	16	0.0390426	0.073145	0.0390426	0.0390426	0.073145	0.105206	0.073145	0.073145	0.105206	13.7998	0.105206	0.0390426	0.073145	0.105206	0.073145
Sq = 	-1.49074e-19	0.0395111	0.0748639	0.0395111	0.0395111	0.0748639	0.108782	0.0748639	0.0748639	0.108782	0.141959	0.108782	0.0395111	0.0748639	0.108782	0.0748639
18 rounds of non-Gaussian ED iteration : ground-state energy is -100.721 | electron energy -101.205 + phonon energy 0.483636 | electron momentum kIdx = 0
Nq = 	16	0.0390377	0.0731364	0.0390377	0.0390377	0.0731364	0.105193	0.0731364	0.0731364	0.105193	13.8001	0.105193	0.0390377	0.0731364	0.105193	0.0731364
Sq = 	-2.80017e-19	0.0395062	0.0748551	0.0395062	0.0395062	0.0748551	0.10877	0.0748551	0.0748551	0.10877	0.141944	0.10877	0.0395062	0.0748551	0.10877	0.0748551
19 rounds of non-Gaussian ED iteration : ground-state energy is -100.723 | electron energy -101.206 + phonon energy 0.483574 | electron momentum kIdx = 0
Nq = 	16	0.0390343	0.0731303	0.0390343	0.0390343	0.0731303	0.105184	0.0731303	0.0731303	0.105184	13.8003	0.105184	0.0390343	0.0731303	0.105184	0.0731303
Sq = 	1.77667e-19	0.0395027	0.0748489	0.0395027	0.0395027	0.0748489	0.108761	0.0748489	0.0748489	0.108761	0.141932	0.108761	0.0395027	0.0748489	0.108761	0.0748489
20 rounds of non-Gaussian ED iteration : ground-state energy is -100.724 | electron energy -101.207 + phonon energy 0.483525 | electron momentum kIdx = 0
Nq = 	16	0.0390318	0.0731259	0.0390318	0.0390318	0.0731259	0.105178	0.0731259	0.0731259	0.105178	13.8004	0.105178	0.0390318	0.0731259	0.105178	0.0731259
Sq = 	-3.22515e-19	0.0395002	0.0748445	0.0395002	0.0395002	0.0748445	0.108755	0.0748445	0.0748445	0.108755	0.141925	0.108755	0.0395002	0.0748445	0.108755	0.0748445
Ground state is obtained after 21 iterations. The current ground-state energy is -100.724, in which electron energy is -101.208 and phonon energy is 0.483487
final variational state is: 
Gamma_x =       1 1.02915  1.0539 1.02915 1.02915  1.0539 1.07743  1.0539  1.0539 1.07743 2.52955 1.07743 1.02915  1.0539 1.07743  1.0539
lambda_q =  1.49336 0.308178 0.298126 0.308178 0.308178 0.298126 0.293404 0.298126 0.298126 0.293404  1.47373 0.293404 0.308178 0.298126 0.293404 0.298126
o___o  -------------------------------------
| L |	Time since last clock: 1h 46m 14.864s
A===A	Time since the beginning: 4h 9m 34.701s
********************************************

************************************************************************************
Warm up completed
o___o  -------------------------------------
| L |	Time since last clock: 0h 0m 0.028s
A===A	Time since the beginning: 4h 9m 34.73s
********************************************

************************************************************************************
0 rounds of non-Gaussian ED iteration : ground-state energy is -88.4983 | electron energy -88.74 + phonon energy 0.241744 | electron momentum kIdx = 0
Nq = 	16	0.0477616	0.0876515	0.0477616	0.0477616	0.0876515	0.125015	0.0876515	0.0876515	0.125015	13.342	0.125015	0.0477616	0.0876515	0.125015	0.0876515
Sq = 	2.44848e-19	0.0487498	0.0910375	0.0487498	0.0487498	0.0910375	0.131931	0.0910375	0.0910375	0.131931	0.172005	0.131931	0.0487498	0.0910375	0.131931	0.0910375
1 rounds of non-Gaussian ED iteration : ground-state energy is -91.8362 | electron energy -92.214 + phonon energy 0.377832 | electron momentum kIdx = 0
Nq = 	16	0.0404905	0.0754173	0.0404905	0.0404905	0.0754173	0.108155	0.0754173	0.0754173	0.108155	13.7213	0.108155	0.0404905	0.0754173	0.108155	0.0754173
Sq = 	1.1441e-18	0.0411465	0.0778107	0.0411465	0.0411465	0.0778107	0.113118	0.0778107	0.0778107	0.113118	0.147724	0.113118	0.0411465	0.0778107	0.113118	0.0778107
2 rounds of non-Gaussian ED iteration : ground-state energy is -94.227 | electron energy -94.7062 + phonon energy 0.479192 | electron momentum kIdx = 0
Nq = 	16	0.0361157	0.0678616	0.0361157	0.0361157	0.0678616	0.0976844	0.0678616	0.0678616	0.0976844	13.9532	0.0976844	0.0361157	0.0678616	0.0976844	0.0678616
Sq = 	6.75041e-19	0.0366219	0.0697562	0.0366219	0.0366219	0.0697562	0.101639	0.0697562	0.0697562	0.101639	0.132879	0.101639	0.0366219	0.0697562	0.101639	0.0697562
3 rounds of non-Gaussian ED iteration : ground-state energy is -95.8165 | electron energy -96.3674 + phonon energy 0.550904 | electron momentum kIdx = 0
Nq = 	16	0.0336822	0.0635932	0.0336822	0.0336822	0.0635932	0.0917431	0.0635932	0.0635932	0.0917431	14.0835	0.0917431	0.0336822	0.0635932	0.0917431	0.0635932
Sq = 	-4.37127e-19	0.0341185	0.0652424	0.0341185	0.0341185	0.0652424	0.0951941	0.0652424	0.0652424	0.0951941	0.124536	0.0951941	0.0341185	0.0652424	0.0951941	0.0652424
4 rounds of non-Gaussian ED iteration : ground-state energy is -96.862 | electron energy -97.463 + phonon energy 0.601014 | electron momentum kIdx = 0
Nq = 	16	0.0323681	0.0612684	0.0323681	0.0323681	0.0612684	0.0884979	0.0612684	0.0612684	0.0884979	14.1543	0.0884979	0.0323681	0.0612684	0.0884979	0.0612684
Sq = 	2.85638e-19	0.0327706	0.0627953	0.0327706	0.0327706	0.0627953	0.0916961	0.0627953	0.0627953	0.0916961	0.120006	0.0916961	0.0327706	0.0627953	0.0916961	0.0627953
5 rounds of non-Gaussian ED iteration : ground-state energy is -97.5732 | electron energy -98.2091 + phonon energy 0.635913 | electron momentum kIdx = 0
Nq = 	16	0.0316653	0.0600191	0.0316653	0.0316653	0.0600191	0.0867504	0.0600191	0.0600191	0.0867504	14.1923	0.0867504	0.0316653	0.0600191	0.0867504	0.0600191
Sq = 	2.62515e-19	0.0320507	0.0614837	0.0320507	0.0320507	0.0614837	0.0898201	0.0614837	0.0614837	0.0898201	0.117576	0.0898201	0.0320507	0.0614837	0.0898201	0.0614837
6 rounds of non-Gaussian ED iteration : ground-state energy is -98.0828 | electron energy -98.7429 + phonon energy 0.66006 | electron momentum kIdx = 0
Nq = 	16	0.0312877	0.0593458	0.0312877	0.0312877	0.0593458	0.0858073	0.0593458	0.0593458	0.0858073	14.2127	0.0858073	0.0312877	0.0593458	0.0858073	0.0593458
Sq = 	7.54013e-20	0.0316641	0.0607781	0.0316641	0.0316641	0.0607781	0.0888107	0.0607781	0.0607781	0.0888107	0.116269	0.0888107	0.0316641	0.0607781	0.0888107	0.0607781
7 rounds of non-Gaussian ED iteration : ground-state energy is -98.466 | electron energy -99.1425 + phonon energy 0.676566 | electron momentum kIdx = 0
Nq = 	16	0.031081	0.0589767	0.031081	0.031081	0.0589767	0.0852897	0.0589767	0.0589767	0.0852897	14.2239	0.0852897	0.031081	0.0589767	0.0852897	0.0589767
Sq = 	1.76643e-19	0.0314527	0.0603919	0.0314527	0.0314527	0.0603919	0.0882582	0.0603919	0.0603919	0.0882582	0.115553	0.0882582	0.0314527	0.0603919	0.0882582	0.0603919
8 rounds of non-Gaussian ED iteration : ground-state energy is -98.7645 | electron energy -99.4522 + phonon energy 0.687673 | electron momentum kIdx = 0
Nq = 	16	0.0309645	0.0587683	0.0309645	0.0309645	0.0587683	0.0849969	0.0587683	0.0587683	0.0849969	14.2302	0.0849969	0.0309645	0.0587683	0.0849969	0.0587683
Sq = 	-3.91126e-19	0.0313335	0.060174	0.0313335	0.0313334	0.060174	0.0879466	0.060174	0.060174	0.0879466	0.11515	0.0879466	0.0313334	0.060174	0.0879466	0.060174
9 rounds of non-Gaussian ED iteration : ground-state energy is -99.0024 | electron energy -99.6974 + phonon energy 0.695017 | electron momentum kIdx = 0
Nq = 	16	0.0308961	0.0586458	0.0308961	0.0308961	0.0586458	0.0848244	0.0586458	0.0586458	0.0848244	14.2339	0.0848244	0.0308961	0.0586458	0.0848244	0.0586458
Sq = 	-6.19838e-19	0.0312634	0.0600461	0.0312634	0.0312634	0.0600461	0.0877636	0.0600461	0.0600461	0.0877636	0.114913	0.0877636	0.0312634	0.0600461	0.0877636	0.0600461
10 rounds of non-Gaussian ED iteration : ground-state energy is -99.1943 | electron energy -99.8941 + phonon energy 0.699786 | electron momentum kIdx = 0
Nq = 	16	0.0308541	0.0585704	0.0308541	0.0308541	0.0585704	0.084718	0.0585704	0.0585704	0.084718	14.2362	0.084718	0.0308541	0.0585704	0.084718	0.0585704
Sq = 	-7.39067e-19	0.0312204	0.0599674	0.0312204	0.0312204	0.0599674	0.0876511	0.0599674	0.0599674	0.0876511	0.114767	0.0876511	0.0312204	0.0599674	0.0876511	0.0599674
11 rounds of non-Gaussian ED iteration : ground-state energy is -99.3503 | electron energy -100.053 + phonon energy 0.702826 | electron momentum kIdx = 0
Nq = 	16	0.0308269	0.0585216	0.0308269	0.0308269	0.0585216	0.0846491	0.0585216	0.0585216	0.0846491	14.2377	0.0846491	0.0308269	0.0585216	0.0846491	0.0585216
Sq = 	2.55289e-19	0.0311925	0.0599166	0.0311925	0.0311925	0.0599166	0.0875786	0.0599166	0.0599166	0.0875786	0.114673	0.0875786	0.0311925	0.0599166	0.0875786	0.0599166
12 rounds of non-Gaussian ED iteration : ground-state energy is -99.4776 | electron energy -100.182 + phonon energy 0.704726 | electron momentum kIdx = 0
Nq = 	16	0.0308086	0.0584887	0.0308086	0.0308086	0.0584887	0.0846024	0.0584887	0.0584887	0.0846024	14.2387	0.0846024	0.0308086	0.0584887	0.0846024	0.0584887
Sq = 	9.73797e-20	0.0311738	0.0598823	0.0311738	0.0311738	0.0598823	0.0875297	0.0598823	0.0598823	0.0875297	0.11461	0.0875297	0.0311738	0.0598823	0.0875297	0.0598823
13 rounds of non-Gaussian ED iteration : ground-state energy is -99.5815 | electron energy -100.287 + phonon energy 0.705885 | electron momentum kIdx = 0
Nq = 	16	0.0307958	0.0584655	0.0307958	0.0307958	0.0584655	0.0845694	0.0584655	0.0584655	0.0845694	14.2394	0.0845694	0.0307958	0.0584655	0.0845694	0.0584655
Sq = 	-4.32888e-19	0.0311606	0.0598582	0.0311606	0.0311606	0.0598582	0.0874953	0.0598582	0.0598582	0.0874953	0.114566	0.0874953	0.0311606	0.0598582	0.0874953	0.0598582
14 rounds of non-Gaussian ED iteration : ground-state energy is -99.6666 | electron energy -100.373 + phonon energy 0.706571 | electron momentum kIdx = 0
Nq = 	16	0.0307864	0.0584486	0.0307864	0.0307864	0.0584486	0.0845453	0.0584486	0.0584486	0.0845453	14.2399	0.0845453	0.0307864	0.0584486	0.0845453	0.0584486
Sq = 	6.55075e-19	0.0311509	0.0598406	0.0311509	0.0311509	0.0598406	0.0874702	0.0598406	0.0598406	0.0874702	0.114534	0.0874702	0.0311509	0.0598406	0.0874702	0.0598406
15 rounds of non-Gaussian ED iteration : ground-state energy is -99.7362 | electron energy -100.443 + phonon energy 0.706959 | electron momentum kIdx = 0
Nq = 	16	0.0307794	0.0584359	0.0307794	0.0307794	0.0584359	0.0845272	0.0584359	0.0584359	0.0845272	14.2403	0.0845272	0.0307794	0.0584359	0.0845272	0.0584359
Sq = 	-3.26592e-19	0.0311437	0.0598275	0.0311437	0.0311437	0.0598275	0.0874515	0.0598275	0.0598275	0.0874515	0.114509	0.0874515	0.0311437	0.0598275	0.0874515	0.0598275
16 rounds of non-Gaussian ED iteration : ground-state energy is -99.7931 | electron energy -100.5 + phonon energy 0.707164 | electron momentum kIdx = 0
Nq = 	16	0.030774	0.0584262	0.030774	0.030774	0.0584262	0.0845133	0.0584262	0.0584262	0.0845133	14.2406	0.0845133	0.030774	0.0584262	0.0845133	0.0584262
Sq = 	2.59458e-19	0.0311382	0.0598174	0.0311382	0.0311382	0.0598174	0.0874372	0.0598174	0.0598174	0.0874372	0.114491	0.0874372	0.0311382	0.0598174	0.0874372	0.0598174
17 rounds of non-Gaussian ED iteration : ground-state energy is -99.8397 | electron energy -100.547 + phonon energy 0.707259 | electron momentum kIdx = 0
Nq = 	16	0.0307698	0.0584186	0.0307698	0.0307698	0.0584186	0.0845025	0.0584186	0.0584186	0.0845025	14.2408	0.0845025	0.0307698	0.0584186	0.0845025	0.0584186
Sq = 	6.79017e-19	0.0311339	0.0598096	0.0311339	0.0311339	0.0598096	0.087426	0.0598096	0.0598096	0.087426	0.114476	0.087426	0.0311339	0.0598096	0.087426	0.0598096
18 rounds of non-Gaussian ED iteration : ground-state energy is -99.8779 | electron energy -100.585 + phonon energy 0.707288 | electron momentum kIdx = 0
Nq = 	16	0.0307665	0.0584126	0.0307665	0.0307665	0.0584126	0.0844939	0.0584126	0.0584126	0.0844939	14.241	0.0844939	0.0307665	0.0584126	0.0844939	0.0584126
Sq = 	-1.67535e-19	0.0311305	0.0598034	0.0311305	0.0311305	0.0598034	0.0874171	0.0598034	0.0598034	0.0874171	0.114465	0.0874171	0.0311305	0.0598034	0.0874171	0.0598034
19 rounds of non-Gaussian ED iteration : ground-state energy is -99.9092 | electron energy -100.616 + phonon energy 0.707281 | electron momentum kIdx = 0
Nq = 	16	0.0307638	0.0584078	0.0307638	0.0307638	0.0584078	0.084487	0.0584078	0.0584078	0.084487	14.2412	0.084487	0.0307638	0.0584078	0.084487	0.0584078
Sq = 	-6.17023e-19	0.0311278	0.0597984	0.0311278	0.0311278	0.0597984	0.0874101	0.0597984	0.0597984	0.0874101	0.114456	0.0874101	0.0311278	0.0597984	0.0874101	0.0597984
20 rounds of non-Gaussian ED iteration : ground-state energy is -99.9348 | electron energy -100.642 + phonon energy 0.707254 | electron momentum kIdx = 0
Nq = 	16	0.0307617	0.0584039	0.0307617	0.0307617	0.0584039	0.0844814	0.0584039	0.0584039	0.0844814	14.2413	0.0844814	0.0307617	0.0584039	0.0844814	0.0584039
Sq = 	6.55676e-19	0.0311256	0.0597944	0.0311256	0.0311256	0.0597944	0.0874043	0.0597944	0.0597944	0.0874043	0.114449	0.0874043	0.0311256	0.0597944	0.0874043	0.0597944
21 rounds of non-Gaussian ED iteration : ground-state energy is -99.9557 | electron energy -100.663 + phonon energy 0.70722 | electron momentum kIdx = 0
Nq = 	16	0.0307599	0.0584008	0.0307599	0.0307599	0.0584008	0.0844768	0.0584008	0.0584008	0.0844768	14.2414	0.0844768	0.0307599	0.0584008	0.0844768	0.0584008
Sq = 	3.11603e-19	0.0311238	0.0597911	0.0311238	0.0311238	0.0597911	0.0873997	0.0597911	0.0597911	0.0873997	0.114443	0.0873997	0.0311238	0.0597911	0.0873997	0.0597911
22 rounds of non-Gaussian ED iteration : ground-state energy is -99.9729 | electron energy -100.68 + phonon energy 0.707182 | electron momentum kIdx = 0
Nq = 	16	0.0307585	0.0583982	0.0307585	0.0307585	0.0583982	0.0844731	0.0583982	0.0583982	0.0844731	14.2414	0.0844731	0.0307585	0.0583982	0.0844731	0.0583982
Sq = 	-1.28189e-19	0.0311223	0.0597884	0.0311223	0.0311223	0.0597884	0.0873959	0.0597884	0.0597884	0.0873959	0.114438	0.0873959	0.0311223	0.0597884	0.0873959	0.0597884
23 rounds of non-Gaussian ED iteration : ground-state energy is -99.9869 | electron energy -100.694 + phonon energy 0.707146 | electron momentum kIdx = 0
Nq = 	16	0.0307574	0.0583961	0.0307574	0.0307574	0.0583961	0.0844701	0.0583961	0.0583961	0.0844701	14.2415	0.0844701	0.0307574	0.0583961	0.0844701	0.0583961
Sq = 	-7.57517e-20	0.0311211	0.0597862	0.0311211	0.0311211	0.0597862	0.0873928	0.0597862	0.0597862	0.0873928	0.114434	0.0873928	0.0311211	0.0597862	0.0873928	0.0597862
24 rounds of non-Gaussian ED iteration : ground-state energy is -99.9984 | electron energy -100.706 + phonon energy 0.707112 | electron momentum kIdx = 0
Nq = 	16	0.0307564	0.0583943	0.0307564	0.0307564	0.0583943	0.0844675	0.0583943	0.0583943	0.0844675	14.2416	0.0844675	0.0307564	0.0583943	0.0844675	0.0583943
Sq = 	1.83344e-19	0.0311201	0.0597844	0.0311201	0.0311201	0.0597844	0.0873902	0.0597844	0.0597844	0.0873902	0.11443	0.0873902	0.0311201	0.0597844	0.0873902	0.0597844
25 rounds of non-Gaussian ED iteration : ground-state energy is -100.008 | electron energy -100.715 + phonon energy 0.707082 | electron momentum kIdx = 0
Nq = 	16	0.0307556	0.0583929	0.0307556	0.0307556	0.0583929	0.0844654	0.0583929	0.0583929	0.0844654	14.2416	0.0844654	0.0307556	0.0583929	0.0844654	0.0583929
Sq = 	-1.94053e-19	0.0311193	0.0597829	0.0311193	0.0311193	0.0597829	0.0873881	0.0597829	0.0597829	0.0873881	0.114428	0.0873881	0.0311193	0.0597829	0.0873881	0.0597829
26 rounds of non-Gaussian ED iteration : ground-state energy is -100.016 | electron energy -100.723 + phonon energy 0.707056 | electron momentum kIdx = 0
Nq = 	16	0.0307549	0.0583917	0.0307549	0.0307549	0.0583917	0.0844637	0.0583917	0.0583917	0.0844637	14.2416	0.0844637	0.0307549	0.0583917	0.0844637	0.0583917
Sq = 	-1.26569e-19	0.0311186	0.0597817	0.0311186	0.0311186	0.0597817	0.0873864	0.0597817	0.0597817	0.0873864	0.114425	0.0873864	0.0311186	0.0597817	0.0873864	0.0597817
