SNEDics v3.4 Non-Gaussian ED ground state program		Start at Wed Sep 25 00:40:42 2019

parallized on 16 MPI threads  * 8 OpenMP threads = 128 total threads.
********************************************************************************************************************
********************************************************************************************************************

********************************************************************************************************************
System parameters and configurations
********************************************************************************************************************
Special program options are enabled: splitted diagonal Hamiltonian
********************************************************************************************************************
Read input file "model_params.in"
	Hubbard-Holstein model parameters : 	t = 1    U = 2.7    g = 3.1623    W = 5    
********************************************************************************************************************
Read input file "hilbertspace_params.in"
	Requested 16-site 2D lattice, with 14 electrons (7, 7)
	Boundary : Periodic		Hilbert space representation : momentum-space (restricted to kIdx = 0)
	Conservation: particle number[U(1)]      spin[U(1)]     momentum
********************************************************************************************************************

Cluster Positions:				Cluster symmetry group : D4
 x ... x ... x ... x .....                       x ... x ... x ... x .....
 |           |           :                       |           |           :
 |           |           :                       |           |           :
12    13    14    15     x                       1     5     6     5     x
 |           |           :                       |           |           :
 |           |           :                       |           |           :
 8 --- 9 ---10 ---11 --- x                       2 --- 6 ---10 --- 6 --- x
 |           |           :                       |           |           :
 |           |           :                       |           |           :
 4     5     6     7     x                       1     5     6     5     x
 |           |           :                       |           |           :
 |           |           :                       |           |           :
 0 --- 1 --- 2 --- 3 --- x                       0 --- 1 --- 2 --- 1 --- x
orbital number : 1
********************************************************************************************************************
Read input file "obs_params.in"
	Observable Type : Nq(All),   Sq(All),   N(All),   Delta[s](All),   Delta[d](All),   Delta[s+](All)
********************************************************************************************************************
** WARNING ** the input observables have non-local factors which have been reinterpreted. The total observable number is 96
********************************************************************************************************************


********************************************************************************************************************
Start calculating the non-Gaussian ED ground state
** WARNING ** Detected low phonon energy W < 10. The initial state will be prepared through a warm-up process.
********************************************************************************************************************
Start warm-up calculation for scaling factor 2
open output files: NGSEDWarmUpW10Obs.txt
********************************************************************************************************************
Start the 0 rounds of NGS-ED iteration
	effective electronic model is modified as: kinetic energy t = 1
	                                           effective interaction Vq = [-0,-0,-0,-0,-0,-0,-0,-0,-0,-0,-0,-0,-0,-0,-0,-0]
	first Hamiltonian is constructed, non-zero numbers = 2178478298
	PARPACK diagonalization completed after 180 matrix-vector product operations.
	iteration results: : total energy is -17.826531 | electron energy -17.826531 + phonon energy 0.000000 | electron momentum kIdx = 0
	Nq(0) = 12.25,	Nq(1) = 0.254103,	Nq(2) = 0.309667,	Nq(3) = 0.254103,	Nq(4) = 0.254103,	Nq(5) = 0.371436,	Nq(6) = 0.43631,	Nq(7) = 0.371436,	Nq(8) = 0.309667,	Nq(9) = 0.43631,	Nq(10) = 0.490339,	Nq(11) = 0.43631,	Nq(12) = 0.254103,	Nq(13) = 0.371436,	Nq(14) = 0.43631,	Nq(15) = 0.371436,	Sq(0) = -9.12895e-18,	Sq(1) = 0.443037,	Sq(2) = 0.644609,	Sq(3) = 0.443037,	Sq(4) = 0.443037,	Sq(5) = 0.570928,	Sq(6) = 0.783194,	Sq(7) = 0.570928,	Sq(8) = 0.644609,	Sq(9) = 0.783194,	Sq(10) = 1.91508,	Sq(11) = 0.783194,	Sq(12) = 0.443037,	Sq(13) = 0.570928,	Sq(14) = 0.783194,	Sq(15) = 0.570928,	N(0) = 1.9599,	N(1) = 1.92338,	N(2) = 0.0571001,	N(3) = 1.92338,	N(4) = 1.92338,	N(5) = 0.997944,	N(6) = 0.0539694,	N(7) = 0.997944,	N(8) = 0.0571001,	N(9) = 0.0539694,	N(10) = 0.0247107,	N(11) = 0.0539694,	N(12) = 1.92338,	N(13) = 0.997944,	N(14) = 0.0539694,	N(15) = 0.997944,	Delta[s](0) = 0.189413,	Delta[s](1) = 0.149653,	Delta[s](2) = 0.0984019,	Delta[s](3) = 0.149653,	Delta[s](4) = 0.149653,	Delta[s](5) = 0.121696,	Delta[s](6) = 0.0772352,	Delta[s](7) = 0.121696,	Delta[s](8) = 0.0984019,	Delta[s](9) = 0.0772352,	Delta[s](10) = 0.0229826,	Delta[s](11) = 0.0772352,	Delta[s](12) = 0.149653,	Delta[s](13) = 0.121696,	Delta[s](14) = 0.0772352,	Delta[s](15) = 0.121696,	Delta[d](0) = 0.237249,	Delta[d](1) = 0.139842,	Delta[d](2) = 0.157601,	Delta[d](3) = 0.139842,	Delta[d](4) = 0.139842,	Delta[d](5) = 0.141465,	Delta[d](6) = 0.0944117,	Delta[d](7) = 0.141465,	Delta[d](8) = 0.157601,	Delta[d](9) = 0.0944117,	Delta[d](10) = 0.0224168,	Delta[d](11) = 0.0944117,	Delta[d](12) = 0.139842,	Delta[d](13) = 0.141465,	Delta[d](14) = 0.0944117,	Delta[d](15) = 0.141465,	Delta[s+](0) = 0.54761,	Delta[s+](1) = 0.408106,	Delta[s+](2) = 0.157601,	Delta[s+](3) = 0.408106,	Delta[s+](4) = 0.408106,	Delta[s+](5) = 0.275234,	Delta[s+](6) = 0.0916052,	Delta[s+](7) = 0.275234,	Delta[s+](8) = 0.157601,	Delta[s+](9) = 0.0916052,	Delta[s+](10) = 0.0160099,	Delta[s+](11) = 0.0916052,	Delta[s+](12) = 0.408106,	Delta[s+](13) = 0.275234,	Delta[s+](14) = 0.0916052,	Delta[s+](15) = 0.275234
The 0-th iteration is completed.	|| time cost : 0h 6m 33.762s
********************************************************************************************************************
Start the 1 rounds of NGS-ED iteration
	effective electronic model is modified as: kinetic energy t = 0.944938
	                                           effective interaction Vq = [-1.72935,-1.62539,-1.55993,-1.62539,-1.62539,-1.58807,-1.55011,-1.58807,-1.55993,-1.55011,-1.51811,-1.55011,-1.62539,-1.58807,-1.55011,-1.58807]
	PARPACK diagonalization completed after 150 matrix-vector product operations.
	iteration results: : total energy is -48.251913 | electron energy -48.255324 + phonon energy 0.003411 | electron momentum kIdx = 0
The 1-th iteration is completed.	|| time cost : 0h 6m 8.399s
********************************************************************************************************************
Start the 2 rounds of NGS-ED iteration
	effective electronic model is modified as: kinetic energy t = 0.902696
	                                           effective interaction Vq = [ -1.9634,-1.89019,-1.87271,-1.89019,-1.89019,-1.88174,-1.82067,-1.88174,-1.87271,-1.82067,-1.77489,-1.82067,-1.89019,-1.88174,-1.82067,-1.88174]
	PARPACK diagonalization completed after 60 matrix-vector product operations.
	iteration results: : total energy is -52.765223 | electron energy -52.788970 + phonon energy 0.023747 | electron momentum kIdx = 0
The 2-th iteration is completed.	|| time cost : 0h 0m 27.615s
********************************************************************************************************************
Start the 3 rounds of NGS-ED iteration
	effective electronic model is modified as: kinetic energy t = 0.886239
	                                           effective interaction Vq = [-1.99507,-1.94472,-1.93721,-1.94472,-1.94472,-1.93991,-1.88409,-1.93991,-1.93721,-1.88409,-1.85501,-1.88409,-1.94472,-1.93991,-1.88409,-1.93991]
	PARPACK diagonalization completed after 60 matrix-vector product operations.
	iteration results: : total energy is -53.351673 | electron energy -53.392815 + phonon energy 0.041142 | electron momentum kIdx = 0
The 3-th iteration is completed.	|| time cost : 0h 0m 27.624s
********************************************************************************************************************
Start the 4 rounds of NGS-ED iteration
	effective electronic model is modified as: kinetic energy t = 0.880209
	                                           effective interaction Vq = [-1.99936, -1.9593,-1.95301, -1.9593, -1.9593,-1.95392,-1.90283,-1.95392,-1.95301,-1.90283,-1.89204,-1.90283, -1.9593,-1.95392,-1.90283,-1.95392]
	PARPACK diagonalization completed after 45 matrix-vector product operations.
	iteration results: : total energy is -53.430338 | electron energy -53.479866 + phonon energy 0.049528 | electron momentum kIdx = 0
The 4-th iteration is completed.	|| time cost : 0h 0m 24.049s
********************************************************************************************************************
Start the 5 rounds of NGS-ED iteration
	effective electronic model is modified as: kinetic energy t = 0.877892
	                                           effective interaction Vq = [-1.99994, -1.9639,-1.95663, -1.9639, -1.9639,-1.95696,-1.90909,-1.95696,-1.95663,-1.90909, -1.9155,-1.90909, -1.9639,-1.95696,-1.90909,-1.95696]
	PARPACK diagonalization completed after 45 matrix-vector product operations.
	iteration results: : total energy is -53.443795 | electron energy -53.496911 + phonon energy 0.053117 | electron momentum kIdx = 0
The 5-th iteration is completed.	|| time cost : 0h 0m 24.071s
********************************************************************************************************************
Start the 6 rounds of NGS-ED iteration
	effective electronic model is modified as: kinetic energy t = 0.87692
	                                           effective interaction Vq = [-2.00002,-1.96543,-1.95638,-1.96543,-1.96543, -1.9565,-1.91125, -1.9565,-1.95638,-1.91125,-1.93319,-1.91125,-1.96543, -1.9565,-1.91125, -1.9565]
	PARPACK diagonalization completed after 45 matrix-vector product operations.
	iteration results: : total energy is -53.448920 | electron energy -53.503715 + phonon energy 0.054795 | electron momentum kIdx = 0
The 6-th iteration is completed.	|| time cost : 0h 0m 24.009s
********************************************************************************************************************
Start the 7 rounds of NGS-ED iteration
	effective electronic model is modified as: kinetic energy t = 0.876515
	                                           effective interaction Vq = [-2.00003,-1.96583,-1.95465,-1.96583,-1.96583,-1.95469, -1.9118,-1.95469,-1.95465, -1.9118, -1.9469, -1.9118,-1.96583,-1.95469, -1.9118,-1.95469]
	PARPACK diagonalization completed after 45 matrix-vector product operations.
	iteration results: : total energy is -53.452601 | electron energy -53.508331 + phonon energy 0.055730 | electron momentum kIdx = 0
The 7-th iteration is completed.	|| time cost : 0h 0m 24.165s
********************************************************************************************************************
Start the 8 rounds of NGS-ED iteration
	effective electronic model is modified as: kinetic energy t = 0.876412
	                                           effective interaction Vq = [-2.00003,-1.96573,-1.95243,-1.96573,-1.96573,-1.95245,-1.91163,-1.95245,-1.95243,-1.91163,-1.95676,-1.91163,-1.96573,-1.95245,-1.91163,-1.95245]
	PARPACK diagonalization completed after 45 matrix-vector product operations.
	iteration results: : total energy is -53.455149 | electron energy -53.511453 + phonon energy 0.056304 | electron momentum kIdx = 0
The 8-th iteration is completed.	|| time cost : 0h 0m 24.008s
********************************************************************************************************************
Start the 9 rounds of NGS-ED iteration
	effective electronic model is modified as: kinetic energy t = 0.87646
	                                           effective interaction Vq = [-2.00003,-1.96543,-1.95038,-1.96543,-1.96543,-1.95038,-1.91115,-1.95038,-1.95038,-1.91115,-1.96317,-1.91115,-1.96543,-1.95038,-1.91115,-1.95038]
	PARPACK diagonalization completed after 45 matrix-vector product operations.
	iteration results: : total energy is -53.456545 | electron energy -53.513193 + phonon energy 0.056648 | electron momentum kIdx = 0
The 9-th iteration is completed.	|| time cost : 0h 0m 24.113s
********************************************************************************************************************
Start the 10 rounds of NGS-ED iteration
	effective electronic model is modified as: kinetic energy t = 0.876555
	                                           effective interaction Vq = [-2.00003,-1.96511, -1.9488,-1.96511,-1.96511, -1.9488,-1.91066, -1.9488, -1.9488,-1.91066,-1.96705,-1.91066,-1.96511, -1.9488,-1.91066, -1.9488]
	PARPACK diagonalization completed after 45 matrix-vector product operations.
	iteration results: : total energy is -53.457167 | electron energy -53.514002 + phonon energy 0.056835 | electron momentum kIdx = 0
	Nq(0) = 12.25,	Nq(1) = 0.414445,	Nq(2) = 0.644408,	Nq(3) = 0.414445,	Nq(4) = 0.414445,	Nq(5) = 0.64441,	Nq(6) = 0.688909,	Nq(7) = 0.64441,	Nq(8) = 0.644408,	Nq(9) = 0.688909,	Nq(10) = 1.72928,	Nq(11) = 0.688909,	Nq(12) = 0.414445,	Nq(13) = 0.64441,	Nq(14) = 0.688909,	Nq(15) = 0.64441,	Sq(0) = 5.66565e-20,	Sq(1) = 0.288558,	Sq(2) = 0.336406,	Sq(3) = 0.288558,	Sq(4) = 0.288558,	Sq(5) = 0.336406,	Sq(6) = 0.503414,	Sq(7) = 0.336406,	Sq(8) = 0.336406,	Sq(9) = 0.503414,	Sq(10) = 0.554522,	Sq(11) = 0.503414,	Sq(12) = 0.288558,	Sq(13) = 0.336406,	Sq(14) = 0.503414,	Sq(15) = 0.336406,	N(0) = 1.99121,	N(1) = 1.97699,	N(2) = 0.671246,	N(3) = 1.97699,	N(4) = 1.97699,	N(5) = 0.671246,	N(6) = 0.0165781,	N(7) = 0.671246,	N(8) = 0.671246,	N(9) = 0.0165781,	N(10) = 0.00704523,	N(11) = 0.0165781,	N(12) = 1.97699,	N(13) = 0.671246,	N(14) = 0.0165781,	N(15) = 0.671246,	Delta[s](0) = 0.782137,	Delta[s](1) = 0.272855,	Delta[s](2) = 0.233418,	Delta[s](3) = 0.272855,	Delta[s](4) = 0.272855,	Delta[s](5) = 0.233418,	Delta[s](6) = 0.185652,	Delta[s](7) = 0.233418,	Delta[s](8) = 0.233418,	Delta[s](9) = 0.185652,	Delta[s](10) = 0.112905,	Delta[s](11) = 0.185652,	Delta[s](12) = 0.272855,	Delta[s](13) = 0.233418,	Delta[s](14) = 0.185652,	Delta[s](15) = 0.233418,	Delta[d](0) = 0.245473,	Delta[d](1) = 0.195319,	Delta[d](2) = 0.196646,	Delta[d](3) = 0.195319,	Delta[d](4) = 0.195319,	Delta[d](5) = 0.150395,	Delta[d](6) = 0.148511,	Delta[d](7) = 0.150395,	Delta[d](8) = 0.196646,	Delta[d](9) = 0.148511,	Delta[d](10) = 0.0558414,	Delta[d](11) = 0.148511,	Delta[d](12) = 0.195319,	Delta[d](13) = 0.150395,	Delta[d](14) = 0.148511,	Delta[d](15) = 0.150395,	Delta[s+](0) = 0.436077,	Delta[s+](1) = 0.331116,	Delta[s+](2) = 0.196646,	Delta[s+](3) = 0.331116,	Delta[s+](4) = 0.331116,	Delta[s+](5) = 0.196646,	Delta[s+](6) = 0.0751571,	Delta[s+](7) = 0.196646,	Delta[s+](8) = 0.196646,	Delta[s+](9) = 0.0751571,	Delta[s+](10) = 0.0209927,	Delta[s+](11) = 0.0751571,	Delta[s+](12) = 0.331116,	Delta[s+](13) = 0.196646,	Delta[s+](14) = 0.0751571,	Delta[s+](15) = 0.196646
The 10-th iteration is completed.	|| time cost : 0h 3m 30.177s
********************************************************************************************************************
Start the 11 rounds of NGS-ED iteration
	effective electronic model is modified as: kinetic energy t = 0.876643
	                                           effective interaction Vq = [-2.00003,-1.96486,-1.94773,-1.96486,-1.96486,-1.94773,-1.91026,-1.94773,-1.94773,-1.91026,-1.96929,-1.91026,-1.96486,-1.94773,-1.91026,-1.94773]
	PARPACK diagonalization completed after 30 matrix-vector product operations.
	iteration results: : total energy is -53.457407 | electron energy -53.514336 + phonon energy 0.056928 | electron momentum kIdx = 0
The 11-th iteration is completed.	|| time cost : 0h 0m 20.473s
********************************************************************************************************************
Start the 12 rounds of NGS-ED iteration
	effective electronic model is modified as: kinetic energy t = 0.876707
	                                           effective interaction Vq = [-2.00003,-1.96468,-1.94706,-1.96468,-1.96468,-1.94706,-1.90998,-1.94706,-1.94706,-1.90998,-1.97056,-1.90998,-1.96468,-1.94706,-1.90998,-1.94706]
	PARPACK diagonalization completed after 30 matrix-vector product operations.
	iteration results: : total energy is -53.457492 | electron energy -53.514464 + phonon energy 0.056972 | electron momentum kIdx = 0
The 12-th iteration is completed.	|| time cost : 0h 0m 20.586s
********************************************************************************************************************
Start the 13 rounds of NGS-ED iteration
	effective electronic model is modified as: kinetic energy t = 0.87675
	                                           effective interaction Vq = [-2.00003,-1.96457,-1.94665,-1.96457,-1.96457,-1.94665, -1.9098,-1.94665,-1.94665, -1.9098,-1.97127, -1.9098,-1.96457,-1.94665, -1.9098,-1.94665]
	PARPACK diagonalization completed after 30 matrix-vector product operations.
	iteration results: : total energy is -53.457521 | electron energy -53.514512 + phonon energy 0.056992 | electron momentum kIdx = 0
The 13-th iteration is completed.	|| time cost : 0h 0m 20.446s
********************************************************************************************************************
Start the 14 rounds of NGS-ED iteration
	effective electronic model is modified as: kinetic energy t = 0.876776
	                                           effective interaction Vq = [-2.00003, -1.9645,-1.94641, -1.9645, -1.9645,-1.94641, -1.9097,-1.94641,-1.94641, -1.9097,-1.97167, -1.9097, -1.9645,-1.94641, -1.9097,-1.94641]
	PARPACK diagonalization completed after 30 matrix-vector product operations.
	iteration results: : total energy is -53.457530 | electron energy -53.514530 + phonon energy 0.057000 | electron momentum kIdx = 0
	Nq(0) = 12.25,	Nq(1) = 0.412466,	Nq(2) = 0.637019,	Nq(3) = 0.412466,	Nq(4) = 0.412466,	Nq(5) = 0.637019,	Nq(6) = 0.686649,	Nq(7) = 0.637019,	Nq(8) = 0.637019,	Nq(9) = 0.686649,	Nq(10) = 1.78908,	Nq(11) = 0.686649,	Nq(12) = 0.412466,	Nq(13) = 0.637019,	Nq(14) = 0.686649,	Nq(15) = 0.637019,	Sq(0) = 2.41692e-18,	Sq(1) = 0.288709,	Sq(2) = 0.33642,	Sq(3) = 0.288709,	Sq(4) = 0.288709,	Sq(5) = 0.33642,	Sq(6) = 0.503611,	Sq(7) = 0.33642,	Sq(8) = 0.33642,	Sq(9) = 0.503611,	Sq(10) = 0.554546,	Sq(11) = 0.503611,	Sq(12) = 0.288709,	Sq(13) = 0.33642,	Sq(14) = 0.503611,	Sq(15) = 0.33642,	N(0) = 1.99123,	N(1) = 1.97695,	N(2) = 0.671235,	N(3) = 1.97695,	N(4) = 1.97695,	N(5) = 0.671235,	N(6) = 0.0166318,	N(7) = 0.671235,	N(8) = 0.671235,	N(9) = 0.0166318,	N(10) = 0.00704456,	N(11) = 0.0166318,	N(12) = 1.97695,	N(13) = 0.671235,	N(14) = 0.0166318,	N(15) = 0.671235,	Delta[s](0) = 0.770138,	Delta[s](1) = 0.273084,	Delta[s](2) = 0.234345,	Delta[s](3) = 0.273084,	Delta[s](4) = 0.273084,	Delta[s](5) = 0.234345,	Delta[s](6) = 0.185887,	Delta[s](7) = 0.234345,	Delta[s](8) = 0.234345,	Delta[s](9) = 0.185887,	Delta[s](10) = 0.116738,	Delta[s](11) = 0.185887,	Delta[s](12) = 0.273084,	Delta[s](13) = 0.234345,	Delta[s](14) = 0.185887,	Delta[s](15) = 0.234345,	Delta[d](0) = 0.243581,	Delta[d](1) = 0.1944,	Delta[d](2) = 0.196173,	Delta[d](3) = 0.1944,	Delta[d](4) = 0.1944,	Delta[d](5) = 0.148509,	Delta[d](6) = 0.147587,	Delta[d](7) = 0.148509,	Delta[d](8) = 0.196173,	Delta[d](9) = 0.147587,	Delta[d](10) = 0.0539458,	Delta[d](11) = 0.147587,	Delta[d](12) = 0.1944,	Delta[d](13) = 0.148509,	Delta[d](14) = 0.147587,	Delta[d](15) = 0.148509,	Delta[s+](0) = 0.435896,	Delta[s+](1) = 0.330696,	Delta[s+](2) = 0.196173,	Delta[s+](3) = 0.330696,	Delta[s+](4) = 0.330696,	Delta[s+](5) = 0.196173,	Delta[s+](6) = 0.0747354,	Delta[s+](7) = 0.196173,	Delta[s+](8) = 0.196173,	Delta[s+](9) = 0.0747354,	Delta[s+](10) = 0.0208031,	Delta[s+](11) = 0.0747354,	Delta[s+](12) = 0.330696,	Delta[s+](13) = 0.196173,	Delta[s+](14) = 0.0747354,	Delta[s+](15) = 0.196173
The 14-th iteration is completed.	|| time cost : 0h 3m 16.548s
********************************************************************************************************************
********************************************************************************************************************
Ground state is obtained after 15 iterations. The current ground-state energy is -53.4575, in which electron energy is -53.5145 and phonon energy is 0.0570005
final variational state is: 
	Gamma_x = [      1,1.01926,1.03557,1.01926,1.01926,1.03557,1.04705,1.03557,1.03557,1.04705,1.07741,1.04705,1.01926,1.03557,1.04705,1.03557]
	lambda_q = [0.447217,0.387574,0.373901,0.387574,0.387574,0.373901, 0.35214,0.373901,0.373901, 0.35214,0.394179, 0.35214,0.387574,0.373901, 0.35214,0.373901]
********************************************************************************************************************
o___o  ----------------------------------------
| L |	Time since last clock: 0h 0m 0s
A===A	Time since the beginning: 0h 23m 50.051s
***********************************************


********************************************************************************************************************
Warm up runs have been completed. Start calculating W = 5 phonon.
open output files: NGSEDIterationObs.txt
********************************************************************************************************************
Start the 0 rounds of NGS-ED iteration
	effective electronic model is modified as: kinetic energy t = 0.876792
	                                           effective interaction Vq = [-1.82845,-1.70018,-1.66577,-1.70018,-1.70018,-1.66577,-1.60713,-1.66577,-1.66577,-1.60713,-1.71614,-1.60713,-1.70018,-1.66577,-1.60713,-1.66577]
	PARPACK diagonalization completed after 45 matrix-vector product operations.
	iteration results: : total energy is -48.665449 | electron energy -48.693951 + phonon energy 0.028502 | electron momentum kIdx = 0
	Nq(0) = 12.25,	Nq(1) = 0.388868,	Nq(2) = 0.574995,	Nq(3) = 0.388868,	Nq(4) = 0.388868,	Nq(5) = 0.574995,	Nq(6) = 0.635782,	Nq(7) = 0.574995,	Nq(8) = 0.574995,	Nq(9) = 0.635782,	Nq(10) = 1.92509,	Nq(11) = 0.635782,	Nq(12) = 0.388868,	Nq(13) = 0.574995,	Nq(14) = 0.635782,	Nq(15) = 0.574995,	Sq(0) = 1.00576e-17,	Sq(1) = 0.328089,	Sq(2) = 0.356491,	Sq(3) = 0.328089,	Sq(4) = 0.328089,	Sq(5) = 0.356491,	Sq(6) = 0.558701,	Sq(7) = 0.356491,	Sq(8) = 0.356491,	Sq(9) = 0.558701,	Sq(10) = 0.590241,	Sq(11) = 0.558701,	Sq(12) = 0.328089,	Sq(13) = 0.356491,	Sq(14) = 0.558701,	Sq(15) = 0.356491,	N(0) = 1.99762,	N(1) = 1.9929,	N(2) = 0.667868,	N(3) = 1.9929,	N(4) = 1.9929,	N(5) = 0.667868,	N(6) = 0.00540923,	N(7) = 0.667868,	N(8) = 0.667868,	N(9) = 0.00540923,	N(10) = 0.00194666,	N(11) = 0.00540923,	N(12) = 1.9929,	N(13) = 0.667868,	N(14) = 0.00540923,	N(15) = 0.667868,	Delta[s](0) = 0.535465,	Delta[s](1) = 0.257813,	Delta[s](2) = 0.229559,	Delta[s](3) = 0.257813,	Delta[s](4) = 0.257813,	Delta[s](5) = 0.229559,	Delta[s](6) = 0.183557,	Delta[s](7) = 0.229559,	Delta[s](8) = 0.229559,	Delta[s](9) = 0.183557,	Delta[s](10) = 0.183533,	Delta[s](11) = 0.183557,	Delta[s](12) = 0.257813,	Delta[s](13) = 0.229559,	Delta[s](14) = 0.183557,	Delta[s](15) = 0.229559,	Delta[d](0) = 0.23714,	Delta[d](1) = 0.198762,	Delta[d](2) = 0.204246,	Delta[d](3) = 0.198762,	Delta[d](4) = 0.198762,	Delta[d](5) = 0.142513,	Delta[d](6) = 0.151335,	Delta[d](7) = 0.142513,	Delta[d](8) = 0.204246,	Delta[d](9) = 0.151335,	Delta[d](10) = 0.0479949,	Delta[d](11) = 0.151335,	Delta[d](12) = 0.198762,	Delta[d](13) = 0.142513,	Delta[d](14) = 0.151335,	Delta[d](15) = 0.142513,	Delta[s+](0) = 0.459688,	Delta[s+](1) = 0.345448,	Delta[s+](2) = 0.204246,	Delta[s+](3) = 0.345448,	Delta[s+](4) = 0.345448,	Delta[s+](5) = 0.204246,	Delta[s+](6) = 0.079015,	Delta[s+](7) = 0.204246,	Delta[s+](8) = 0.204246,	Delta[s+](9) = 0.079015,	Delta[s+](10) = 0.0225143,	Delta[s+](11) = 0.079015,	Delta[s+](12) = 0.345448,	Delta[s+](13) = 0.204246,	Delta[s+](14) = 0.079015,	Delta[s+](15) = 0.204246
The 0-th iteration is completed.	|| time cost : 0h 3m 21.618s
********************************************************************************************************************
Start the 1 rounds of NGS-ED iteration
	effective electronic model is modified as: kinetic energy t = 0.856777
	                                           effective interaction Vq = [-1.93691,-1.79965,-1.75385,-1.79965,-1.79965,-1.75385,-1.68388,-1.75385,-1.75385,-1.68388,-1.83717,-1.68388,-1.79965,-1.75385,-1.68388,-1.75385]
	PARPACK diagonalization completed after 45 matrix-vector product operations.
	iteration results: : total energy is -50.354791 | electron energy -50.443830 + phonon energy 0.089040 | electron momentum kIdx = 0
The 1-th iteration is completed.	|| time cost : 0h 0m 24.064s
********************************************************************************************************************
Start the 2 rounds of NGS-ED iteration
	effective electronic model is modified as: kinetic energy t = 0.844935
	                                           effective interaction Vq = [-1.97681,  -1.846,-1.79767,  -1.846,  -1.846,-1.79767,-1.72321,-1.79767,-1.79767,-1.72321,-1.89675,-1.72321,  -1.846,-1.79767,-1.72321,-1.79767]
	PARPACK diagonalization completed after 45 matrix-vector product operations.
	iteration results: : total energy is -50.967621 | electron energy -51.103925 + phonon energy 0.136304 | electron momentum kIdx = 0
The 2-th iteration is completed.	|| time cost : 0h 0m 24.063s
********************************************************************************************************************
Start the 3 rounds of NGS-ED iteration
	effective electronic model is modified as: kinetic energy t = 0.838155
	                                           effective interaction Vq = [-1.99149, -1.8688,-1.82036, -1.8688, -1.8688,-1.82036,-1.74377,-1.82036,-1.82036,-1.74377,-1.92624,-1.74377, -1.8688,-1.82036,-1.74377,-1.82036]
	PARPACK diagonalization completed after 45 matrix-vector product operations.
	iteration results: : total energy is -51.188609 | electron energy -51.355496 + phonon energy 0.166888 | electron momentum kIdx = 0
The 3-th iteration is completed.	|| time cost : 0h 0m 24.122s
********************************************************************************************************************
Start the 4 rounds of NGS-ED iteration
	effective electronic model is modified as: kinetic energy t = 0.834335
	                                           effective interaction Vq = [-1.99689, -1.8805,-1.83246, -1.8805, -1.8805,-1.83246,-1.75474,-1.83246,-1.83246,-1.75474,-1.94118,-1.75474, -1.8805,-1.83246,-1.75474,-1.83246]
	PARPACK diagonalization completed after 30 matrix-vector product operations.
	iteration results: : total energy is -51.268042 | electron energy -51.453357 + phonon energy 0.185315 | electron momentum kIdx = 0
The 4-th iteration is completed.	|| time cost : 0h 0m 20.498s
********************************************************************************************************************
Start the 5 rounds of NGS-ED iteration
	effective electronic model is modified as: kinetic energy t = 0.832199
	                                           effective interaction Vq = [-1.99887,-1.88668,-1.83904,-1.88668,-1.88668,-1.83904,-1.76067,-1.83904,-1.83904,-1.76067,-1.94895,-1.76067,-1.88668,-1.83904,-1.76067,-1.83904]
	PARPACK diagonalization completed after 30 matrix-vector product operations.
	iteration results: : total energy is -51.296581 | electron energy -51.492610 + phonon energy 0.196030 | electron momentum kIdx = 0
The 5-th iteration is completed.	|| time cost : 0h 0m 20.495s
********************************************************************************************************************
Start the 6 rounds of NGS-ED iteration
	effective electronic model is modified as: kinetic energy t = 0.831009
	                                           effective interaction Vq = [ -1.9996,-1.89001,-1.84266,-1.89001,-1.89001,-1.84266,-1.76391,-1.84266,-1.84266,-1.76391,-1.95308,-1.76391,-1.89001,-1.84266,-1.76391,-1.84266]
	PARPACK diagonalization completed after 30 matrix-vector product operations.
	iteration results: : total energy is -51.306846 | electron energy -51.508984 + phonon energy 0.202138 | electron momentum kIdx = 0
The 6-th iteration is completed.	|| time cost : 0h 0m 20.408s
********************************************************************************************************************
Start the 7 rounds of NGS-ED iteration
	effective electronic model is modified as: kinetic energy t = 0.830347
	                                           effective interaction Vq = [-1.99987,-1.89181,-1.84467,-1.89181,-1.89181,-1.84467,-1.76569,-1.84467,-1.84467,-1.76569,-1.95532,-1.76569,-1.89181,-1.84467,-1.76569,-1.84467]
	PARPACK diagonalization completed after 30 matrix-vector product operations.
	iteration results: : total energy is -51.310547 | electron energy -51.516127 + phonon energy 0.205580 | electron momentum kIdx = 0
The 7-th iteration is completed.	|| time cost : 0h 0m 20.535s
********************************************************************************************************************
Start the 8 rounds of NGS-ED iteration
	effective electronic model is modified as: kinetic energy t = 0.829978
	                                           effective interaction Vq = [-1.99997, -1.8928, -1.8458, -1.8928, -1.8928, -1.8458,-1.76668, -1.8458, -1.8458,-1.76668,-1.95653,-1.76668, -1.8928, -1.8458,-1.76668, -1.8458]
	PARPACK diagonalization completed after 30 matrix-vector product operations.
	iteration results: : total energy is -51.311885 | electron energy -51.519391 + phonon energy 0.207506 | electron momentum kIdx = 0
The 8-th iteration is completed.	|| time cost : 0h 0m 20.498s
********************************************************************************************************************
Start the 9 rounds of NGS-ED iteration
	effective electronic model is modified as: kinetic energy t = 0.829774
	                                           effective interaction Vq = [-2.00001,-1.89334,-1.84642,-1.89334,-1.89334,-1.84642,-1.76722,-1.84642,-1.84642,-1.76722, -1.9572,-1.76722,-1.89334,-1.84642,-1.76722,-1.84642]
	PARPACK diagonalization completed after 30 matrix-vector product operations.
	iteration results: : total energy is -51.312369 | electron energy -51.520949 + phonon energy 0.208580 | electron momentum kIdx = 0
The 9-th iteration is completed.	|| time cost : 0h 0m 20.508s
********************************************************************************************************************
Start the 10 rounds of NGS-ED iteration
	effective electronic model is modified as: kinetic energy t = 0.82966
	                                           effective interaction Vq = [-2.00002,-1.89364,-1.84677,-1.89364,-1.89364,-1.84677,-1.76752,-1.84677,-1.84677,-1.76752,-1.95757,-1.76752,-1.89364,-1.84677,-1.76752,-1.84677]
	PARPACK diagonalization completed after 30 matrix-vector product operations.
	iteration results: : total energy is -51.312545 | electron energy -51.521723 + phonon energy 0.209178 | electron momentum kIdx = 0
	Nq(0) = 12.25,	Nq(1) = 0.387836,	Nq(2) = 0.584398,	Nq(3) = 0.387836,	Nq(4) = 0.387836,	Nq(5) = 0.584398,	Nq(6) = 0.634942,	Nq(7) = 0.584398,	Nq(8) = 0.584398,	Nq(9) = 0.634942,	Nq(10) = 2.30506,	Nq(11) = 0.634942,	Nq(12) = 0.387836,	Nq(13) = 0.584398,	Nq(14) = 0.634942,	Nq(15) = 0.584398,	Sq(0) = 1.19443e-17,	Sq(1) = 0.29684,	Sq(2) = 0.340027,	Sq(3) = 0.29684,	Sq(4) = 0.29684,	Sq(5) = 0.340027,	Sq(6) = 0.514851,	Sq(7) = 0.340027,	Sq(8) = 0.340027,	Sq(9) = 0.514851,	Sq(10) = 0.560508,	Sq(11) = 0.514851,	Sq(12) = 0.29684,	Sq(13) = 0.340027,	Sq(14) = 0.514851,	Sq(15) = 0.340027,	N(0) = 1.99261,	N(1) = 1.97831,	N(2) = 0.670259,	N(3) = 1.97831,	N(4) = 1.97831,	N(5) = 0.670259,	N(6) = 0.0166393,	N(7) = 0.670259,	N(8) = 0.670259,	N(9) = 0.0166393,	N(10) = 0.00604523,	N(11) = 0.0166393,	N(12) = 1.97831,	N(13) = 0.670259,	N(14) = 0.0166393,	N(15) = 0.670259,	Delta[s](0) = 0.531936,	Delta[s](1) = 0.270606,	Delta[s](2) = 0.242016,	Delta[s](3) = 0.270606,	Delta[s](4) = 0.270606,	Delta[s](5) = 0.242016,	Delta[s](6) = 0.201414,	Delta[s](7) = 0.242016,	Delta[s](8) = 0.242016,	Delta[s](9) = 0.201414,	Delta[s](10) = 0.204169,	Delta[s](11) = 0.201414,	Delta[s](12) = 0.270606,	Delta[s](13) = 0.242016,	Delta[s](14) = 0.201414,	Delta[s](15) = 0.242016,	Delta[d](0) = 0.234085,	Delta[d](1) = 0.19358,	Delta[d](2) = 0.201163,	Delta[d](3) = 0.19358,	Delta[d](4) = 0.19358,	Delta[d](5) = 0.144983,	Delta[d](6) = 0.148838,	Delta[d](7) = 0.144983,	Delta[d](8) = 0.201163,	Delta[d](9) = 0.148838,	Delta[d](10) = 0.056194,	Delta[d](11) = 0.148838,	Delta[d](12) = 0.19358,	Delta[d](13) = 0.144983,	Delta[d](14) = 0.148838,	Delta[d](15) = 0.144983,	Delta[s+](0) = 0.447045,	Delta[s+](1) = 0.336076,	Delta[s+](2) = 0.201163,	Delta[s+](3) = 0.336076,	Delta[s+](4) = 0.336076,	Delta[s+](5) = 0.201163,	Delta[s+](6) = 0.0803262,	Delta[s+](7) = 0.201163,	Delta[s+](8) = 0.201163,	Delta[s+](9) = 0.0803262,	Delta[s+](10) = 0.0267612,	Delta[s+](11) = 0.0803262,	Delta[s+](12) = 0.336076,	Delta[s+](13) = 0.201163,	Delta[s+](14) = 0.0803262,	Delta[s+](15) = 0.201163
The 10-th iteration is completed.	|| time cost : 0h 3m 13.75s
********************************************************************************************************************
Start the 11 rounds of NGS-ED iteration
	effective electronic model is modified as: kinetic energy t = 0.829597
	                                           effective interaction Vq = [-2.00003,-1.89381,-1.84697,-1.89381,-1.89381,-1.84697,-1.76768,-1.84697,-1.84697,-1.76768,-1.95777,-1.76768,-1.89381,-1.84697,-1.76768,-1.84697]
	PARPACK diagonalization completed after 30 matrix-vector product operations.
	iteration results: : total energy is -51.312609 | electron energy -51.522119 + phonon energy 0.209510 | electron momentum kIdx = 0
The 11-th iteration is completed.	|| time cost : 0h 0m 20.515s
********************************************************************************************************************
Start the 12 rounds of NGS-ED iteration
	effective electronic model is modified as: kinetic energy t = 0.829562
	                                           effective interaction Vq = [-2.00003, -1.8939,-1.84708, -1.8939, -1.8939,-1.84708,-1.76777,-1.84708,-1.84708,-1.76777,-1.95788,-1.76777, -1.8939,-1.84708,-1.76777,-1.84708]
	PARPACK diagonalization completed after 30 matrix-vector product operations.
	iteration results: : total energy is -51.312632 | electron energy -51.522327 + phonon energy 0.209695 | electron momentum kIdx = 0
The 12-th iteration is completed.	|| time cost : 0h 0m 20.4s
********************************************************************************************************************
Start the 13 rounds of NGS-ED iteration
	effective electronic model is modified as: kinetic energy t = 0.829542
	                                           effective interaction Vq = [-2.00003,-1.89395,-1.84714,-1.89395,-1.89395,-1.84714,-1.76782,-1.84714,-1.84714,-1.76782,-1.95794,-1.76782,-1.89395,-1.84714,-1.76782,-1.84714]
	PARPACK diagonalization completed after 30 matrix-vector product operations.
	iteration results: : total energy is -51.312641 | electron energy -51.522438 + phonon energy 0.209797 | electron momentum kIdx = 0
The 13-th iteration is completed.	|| time cost : 0h 0m 20.512s
********************************************************************************************************************
Start the 14 rounds of NGS-ED iteration
	effective electronic model is modified as: kinetic energy t = 0.829531
	                                           effective interaction Vq = [-2.00003,-1.89397,-1.84718,-1.89397,-1.89397,-1.84718,-1.76785,-1.84718,-1.84718,-1.76785,-1.95798,-1.76785,-1.89397,-1.84718,-1.76785,-1.84718]
	PARPACK diagonalization completed after 30 matrix-vector product operations.
	iteration results: : total energy is -51.312644 | electron energy -51.522498 + phonon energy 0.209854 | electron momentum kIdx = 0
The 14-th iteration is completed.	|| time cost : 0h 0m 20.453s
********************************************************************************************************************
Start the 15 rounds of NGS-ED iteration
	effective electronic model is modified as: kinetic energy t = 0.829525
	                                           effective interaction Vq = [-2.00003,-1.89399,-1.84719,-1.89399,-1.89399,-1.84719,-1.76787,-1.84719,-1.84719,-1.76787,  -1.958,-1.76787,-1.89399,-1.84719,-1.76787,-1.84719]
	PARPACK diagonalization completed after 30 matrix-vector product operations.
	iteration results: : total energy is -51.312645 | electron energy -51.522531 + phonon energy 0.209886 | electron momentum kIdx = 0
The 15-th iteration is completed.	|| time cost : 0h 0m 20.388s
********************************************************************************************************************
Start the 16 rounds of NGS-ED iteration
	effective electronic model is modified as: kinetic energy t = 0.829522
	                                           effective interaction Vq = [-2.00003,  -1.894,-1.84721,  -1.894,  -1.894,-1.84721,-1.76788,-1.84721,-1.84721,-1.76788,-1.95801,-1.76788,  -1.894,-1.84721,-1.76788,-1.84721]
	PARPACK diagonalization completed after 30 matrix-vector product operations.
	iteration results: : total energy is -51.312646 | electron energy -51.522549 + phonon energy 0.209903 | electron momentum kIdx = 0
The 16-th iteration is completed.	|| time cost : 0h 0m 20.491s
********************************************************************************************************************
Start the 17 rounds of NGS-ED iteration
	effective electronic model is modified as: kinetic energy t = 0.82952
	                                           effective interaction Vq = [-2.00003,  -1.894,-1.84721,  -1.894,  -1.894,-1.84721,-1.76788,-1.84721,-1.84721,-1.76788,-1.95801,-1.76788,  -1.894,-1.84721,-1.76788,-1.84721]
	PARPACK diagonalization completed after 30 matrix-vector product operations.
	iteration results: : total energy is -51.312646 | electron energy -51.522559 + phonon energy 0.209913 | electron momentum kIdx = 0
The 17-th iteration is completed.	|| time cost : 0h 0m 20.434s
********************************************************************************************************************
Start the 18 rounds of NGS-ED iteration
	effective electronic model is modified as: kinetic energy t = 0.829519
	                                           effective interaction Vq = [-2.00003,-1.89401,-1.84722,-1.89401,-1.89401,-1.84722,-1.76788,-1.84722,-1.84722,-1.76788,-1.95802,-1.76788,-1.89401,-1.84722,-1.76788,-1.84722]
	PARPACK diagonalization completed after 30 matrix-vector product operations.
	iteration results: : total energy is -51.312646 | electron energy -51.522564 + phonon energy 0.209918 | electron momentum kIdx = 0
The 18-th iteration is completed.	|| time cost : 0h 0m 20.494s
********************************************************************************************************************
Start the 19 rounds of NGS-ED iteration
	effective electronic model is modified as: kinetic energy t = 0.829518
	                                           effective interaction Vq = [-2.00003,-1.89401,-1.84722,-1.89401,-1.89401,-1.84722,-1.76789,-1.84722,-1.84722,-1.76789,-1.95802,-1.76789,-1.89401,-1.84722,-1.76789,-1.84722]
	PARPACK diagonalization completed after 30 matrix-vector product operations.
