SNEDics v3.4 Non-Gaussian ED ground state program		Start at Tue Oct  1 23:35:24 2019

parallized on 16 MPI threads  * 8 OpenMP threads = 128 total threads.
********************************************************************************************************************
********************************************************************************************************************

********************************************************************************************************************
System parameters and configurations
********************************************************************************************************************
Special program options are enabled: splitted diagonal Hamiltonian
********************************************************************************************************************
Read input file "model_params.in"
	Hubbard-Holstein model parameters : 	t = 1    U = 4.6    g = 4.1231    W = 5    
********************************************************************************************************************
Read input file "hilbertspace_params.in"
	Requested 16-site 2D lattice, with 16 electrons (8, 8)
	Boundary : Periodic		Hilbert space representation : momentum-space (restricted to kIdx = 10)
	Conservation: particle number[U(1)]      spin[U(1)]     momentum
********************************************************************************************************************

Cluster Positions:				Cluster symmetry group : D4
 x ... x ... x ... x .....                       x ... x ... x ... x .....
 |           |           :                       |           |           :
 |           |           :                       |           |           :
12    13    14    15     x                       1     5     6     5     x
 |           |           :                       |           |           :
 |           |           :                       |           |           :
 8 --- 9 ---10 ---11 --- x                       2 --- 6 ---10 --- 6 --- x
 |           |           :                       |           |           :
 |           |           :                       |           |           :
 4     5     6     7     x                       1     5     6     5     x
 |           |           :                       |           |           :
 |           |           :                       |           |           :
 0 --- 1 --- 2 --- 3 --- x                       0 --- 1 --- 2 --- 1 --- x
orbital number : 1
********************************************************************************************************************
Read input file "obs_params.in"
	Observable Type : Nq(All),   Sq(All),   N(All),   Delta[s](All),   Delta[d](All),   Delta[s+](All)
********************************************************************************************************************
** WARNING ** the input observables have non-local factors which have been reinterpreted. The total observable number is 96
********************************************************************************************************************


********************************************************************************************************************
Start calculating the non-Gaussian ED ground state
** WARNING ** Detected low phonon energy W < 10. The initial state will be prepared through a warm-up process.
********************************************************************************************************************
Start warm-up calculation for scaling factor 2
open output files: NGSEDWarmUpW10Obs.txt
********************************************************************************************************************
Start the 0 rounds of NGS-ED iteration
	effective electronic model is modified as: kinetic energy t = 1
	                                           effective interaction Vq = [-0,-0,-0,-0,-0,-0,-0,-0,-0,-0,-0,-0,-0,-0,-0,-0]
	first Hamiltonian is constructed, non-zero numbers = 2845334624
	PARPACK diagonalization completed after 90 matrix-vector product operations.
	iteration results: : total energy is -12.409490 | electron energy -12.409490 + phonon energy 0.000000 | electron momentum kIdx = 10
	Nq(0) = 16,	Nq(1) = 0.142613,	Nq(2) = 0.212808,	Nq(3) = 0.142613,	Nq(4) = 0.142613,	Nq(5) = 0.212808,	Nq(6) = 0.289186,	Nq(7) = 0.212808,	Nq(8) = 0.212808,	Nq(9) = 0.289186,	Nq(10) = 0.350188,	Nq(11) = 0.289186,	Nq(12) = 0.142613,	Nq(13) = 0.212808,	Nq(14) = 0.289186,	Nq(15) = 0.212808,	Sq(0) = -2.40061e-19,	Sq(1) = 0.2996,	Sq(2) = 0.414784,	Sq(3) = 0.2996,	Sq(4) = 0.2996,	Sq(5) = 0.414784,	Sq(6) = 0.619786,	Sq(7) = 0.414784,	Sq(8) = 0.414784,	Sq(9) = 0.619786,	Sq(10) = 6.47952,	Sq(11) = 0.619786,	Sq(12) = 0.2996,	Sq(13) = 0.414784,	Sq(14) = 0.619786,	Sq(15) = 0.414784,	N(0) = 1.91121,	N(1) = 1.80216,	N(2) = 1,	N(3) = 1.80216,	N(4) = 1.80216,	N(5) = 1,	N(6) = 0.197841,	N(7) = 1,	N(8) = 1,	N(9) = 0.197841,	N(10) = 0.0887913,	N(11) = 0.197841,	N(12) = 1.80216,	N(13) = 1,	N(14) = 0.197841,	N(15) = 1,	Delta[s](0) = 0.154753,	Delta[s](1) = 0.133036,	Delta[s](2) = 0.105945,	Delta[s](3) = 0.133036,	Delta[s](4) = 0.133036,	Delta[s](5) = 0.105945,	Delta[s](6) = 0.0809703,	Delta[s](7) = 0.105945,	Delta[s](8) = 0.105945,	Delta[s](9) = 0.0809703,	Delta[s](10) = 0.0306668,	Delta[s](11) = 0.0809703,	Delta[s](12) = 0.133036,	Delta[s](13) = 0.105945,	Delta[s](14) = 0.0809703,	Delta[s](15) = 0.105945,	Delta[d](0) = 0.521844,	Delta[d](1) = 0.401766,	Delta[d](2) = 0.338842,	Delta[d](3) = 0.401766,	Delta[d](4) = 0.401766,	Delta[d](5) = 0.381325,	Delta[d](6) = 0.313685,	Delta[d](7) = 0.381325,	Delta[d](8) = 0.338842,	Delta[d](9) = 0.313685,	Delta[d](10) = 0.254797,	Delta[d](11) = 0.313685,	Delta[d](12) = 0.401766,	Delta[d](13) = 0.381325,	Delta[d](14) = 0.313685,	Delta[d](15) = 0.381325,	Delta[s+](0) = 0.590732,	Delta[s+](1) = 0.486643,	Delta[s+](2) = 0.338842,	Delta[s+](3) = 0.486643,	Delta[s+](4) = 0.486643,	Delta[s+](5) = 0.338842,	Delta[s+](6) = 0.195224,	Delta[s+](7) = 0.338842,	Delta[s+](8) = 0.338842,	Delta[s+](9) = 0.195224,	Delta[s+](10) = 0.0801314,	Delta[s+](11) = 0.195224,	Delta[s+](12) = 0.486643,	Delta[s+](13) = 0.338842,	Delta[s+](14) = 0.195224,	Delta[s+](15) = 0.338842
The 0-th iteration is completed.	|| time cost : 0h 8m 23.023s
********************************************************************************************************************
Start the 1 rounds of NGS-ED iteration
	effective electronic model is modified as: kinetic energy t = 0.917773
	                                           effective interaction Vq = [-2.93985,-2.66736,-2.57887,-2.66736,-2.66736,-2.57887,-2.54486,-2.57887,-2.57887,-2.54486,-2.50856,-2.54486,-2.66736,-2.57887,-2.54486,-2.57887]
	PARPACK diagonalization completed after 45 matrix-vector product operations.
	iteration results: : total energy is -71.463135 | electron energy -71.469262 + phonon energy 0.006127 | electron momentum kIdx = 10
The 1-th iteration is completed.	|| time cost : 0h 7m 29.8s
********************************************************************************************************************
Start the 2 rounds of NGS-ED iteration
	effective electronic model is modified as: kinetic energy t = 0.843875
	                                           effective interaction Vq = [-3.33772,-3.20804,-3.17382,-3.20804,-3.20804,-3.17382,-3.09978,-3.17382,-3.17382,-3.09978, -3.0216,-3.09978,-3.20804,-3.17382,-3.09978,-3.17382]
	PARPACK diagonalization completed after 135 matrix-vector product operations.
	iteration results: : total energy is -81.822848 | electron energy -81.878315 + phonon energy 0.055468 | electron momentum kIdx = 10
The 2-th iteration is completed.	|| time cost : 0h 1m 0.354s
********************************************************************************************************************
Start the 3 rounds of NGS-ED iteration
	effective electronic model is modified as: kinetic energy t = 0.810374
	                                           effective interaction Vq = [-3.39156,-3.31127,-3.30824,-3.31127,-3.31127,-3.30824,-3.22591,-3.30824,-3.30824,-3.22591, -3.2571,-3.22591,-3.31127,-3.30824,-3.22591,-3.30824]
	PARPACK diagonalization completed after 45 matrix-vector product operations.
	iteration results: : total energy is -83.429129 | electron energy -83.529407 + phonon energy 0.100277 | electron momentum kIdx = 10
The 3-th iteration is completed.	|| time cost : 0h 0m 31.984s
********************************************************************************************************************
Start the 4 rounds of NGS-ED iteration
	effective electronic model is modified as: kinetic energy t = 0.801845
	                                           effective interaction Vq = [-3.39885,-3.33501,-3.30231,-3.33501,-3.33501,-3.30231,-3.25998,-3.30231,-3.30231,-3.25998, -3.3649,-3.25998,-3.33501,-3.30231,-3.25998,-3.30231]
	PARPACK diagonalization completed after 45 matrix-vector product operations.
	iteration results: : total energy is -83.939482 | electron energy -84.059849 + phonon energy 0.120367 | electron momentum kIdx = 10
The 4-th iteration is completed.	|| time cost : 0h 0m 31.979s
********************************************************************************************************************
Start the 5 rounds of NGS-ED iteration
	effective electronic model is modified as: kinetic energy t = 0.80678
	                                           effective interaction Vq = [-3.39984,-3.32823,-3.25327,-3.32823,-3.32823,-3.25327, -3.2519,-3.25327,-3.25327, -3.2519,-3.38898, -3.2519,-3.32823,-3.25327, -3.2519,-3.25327]
	PARPACK diagonalization completed after 30 matrix-vector product operations.
	iteration results: : total energy is -84.061855 | electron energy -84.184390 + phonon energy 0.122535 | electron momentum kIdx = 10
The 5-th iteration is completed.	|| time cost : 0h 0m 27.305s
********************************************************************************************************************
Start the 6 rounds of NGS-ED iteration
	effective electronic model is modified as: kinetic energy t = 0.810018
	                                           effective interaction Vq = [-3.39997,-3.32008,-3.22753,-3.32008,-3.32008,-3.22753,-3.24168,-3.22753,-3.22753,-3.24168,-3.39427,-3.24168,-3.32008,-3.22753,-3.24168,-3.22753]
	PARPACK diagonalization completed after 30 matrix-vector product operations.
	iteration results: : total energy is -84.081227 | electron energy -84.202009 + phonon energy 0.120782 | electron momentum kIdx = 10
The 6-th iteration is completed.	|| time cost : 0h 0m 27.606s
********************************************************************************************************************
Start the 7 rounds of NGS-ED iteration
	effective electronic model is modified as: kinetic energy t = 0.811671
	                                           effective interaction Vq = [-3.39999,-3.31498,-3.21618,-3.31498,-3.31498,-3.21618,-3.23528,-3.21618,-3.21618,-3.23528,-3.39571,-3.23528,-3.31498,-3.21618,-3.23528,-3.21618]
	PARPACK diagonalization completed after 30 matrix-vector product operations.
	iteration results: : total energy is -84.084282 | electron energy -84.203599 + phonon energy 0.119317 | electron momentum kIdx = 10
The 7-th iteration is completed.	|| time cost : 0h 0m 27.605s
********************************************************************************************************************
Start the 8 rounds of NGS-ED iteration
	effective electronic model is modified as: kinetic energy t = 0.812469
	                                           effective interaction Vq = [-3.39999,-3.31226,-3.21134,-3.31226,-3.31226,-3.21134,-3.23184,-3.21134,-3.21134,-3.23184,-3.39616,-3.23184,-3.31226,-3.21134,-3.23184,-3.21134]
	PARPACK diagonalization completed after 30 matrix-vector product operations.
	iteration results: : total energy is -84.084797 | electron energy -84.203251 + phonon energy 0.118455 | electron momentum kIdx = 10
The 8-th iteration is completed.	|| time cost : 0h 0m 27.686s
********************************************************************************************************************
Start the 9 rounds of NGS-ED iteration
	effective electronic model is modified as: kinetic energy t = 0.812845
	                                           effective interaction Vq = [-3.39999, -3.3109,-3.20927, -3.3109, -3.3109,-3.20927,-3.23011,-3.20927,-3.20927,-3.23011,-3.39631,-3.23011, -3.3109,-3.20927,-3.23011,-3.20927]
	PARPACK diagonalization completed after 30 matrix-vector product operations.
	iteration results: : total energy is -84.084890 | electron energy -84.202890 + phonon energy 0.118001 | electron momentum kIdx = 10
The 9-th iteration is completed.	|| time cost : 0h 0m 27.291s
********************************************************************************************************************
Start the 10 rounds of NGS-ED iteration
	effective electronic model is modified as: kinetic energy t = 0.81302
	                                           effective interaction Vq = [-3.39999,-3.31025,-3.20839,-3.31025,-3.31025,-3.20839,-3.22927,-3.20839,-3.20839,-3.22927,-3.39637,-3.22927,-3.31025,-3.20839,-3.22927,-3.20839]
	PARPACK diagonalization completed after 30 matrix-vector product operations.
	iteration results: : total energy is -84.084907 | electron energy -84.202681 + phonon energy 0.117774 | electron momentum kIdx = 10
	Nq(0) = 16,	Nq(1) = 0.2843,	Nq(2) = 0.348871,	Nq(3) = 0.2843,	Nq(4) = 0.2843,	Nq(5) = 0.348871,	Nq(6) = 0.551495,	Nq(7) = 0.348871,	Nq(8) = 0.348871,	Nq(9) = 0.551495,	Nq(10) = 5.95798,	Nq(11) = 0.551495,	Nq(12) = 0.2843,	Nq(13) = 0.348871,	Nq(14) = 0.551495,	Nq(15) = 0.348871,	Sq(0) = 4.3806e-18,	Sq(1) = 0.210146,	Sq(2) = 0.282881,	Sq(3) = 0.210146,	Sq(4) = 0.210146,	Sq(5) = 0.282881,	Sq(6) = 0.399325,	Sq(7) = 0.282881,	Sq(8) = 0.282881,	Sq(9) = 0.399325,	Sq(10) = 0.47045,	Sq(11) = 0.399325,	Sq(12) = 0.210146,	Sq(13) = 0.282881,	Sq(14) = 0.399325,	Sq(15) = 0.282881,	N(0) = 1.96709,	N(1) = 1.91329,	N(2) = 1,	N(3) = 1.91329,	N(4) = 1.91329,	N(5) = 1,	N(6) = 0.0867132,	N(7) = 1,	N(8) = 1,	N(9) = 0.0867132,	N(10) = 0.0329111,	N(11) = 0.0867132,	N(12) = 1.91329,	N(13) = 1,	N(14) = 0.0867132,	N(15) = 1,	Delta[s](0) = 0.501368,	Delta[s](1) = 0.380922,	Delta[s](2) = 0.359244,	Delta[s](3) = 0.380922,	Delta[s](4) = 0.380922,	Delta[s](5) = 0.359244,	Delta[s](6) = 0.310223,	Delta[s](7) = 0.359244,	Delta[s](8) = 0.359244,	Delta[s](9) = 0.310223,	Delta[s](10) = 0.275777,	Delta[s](11) = 0.310223,	Delta[s](12) = 0.380922,	Delta[s](13) = 0.359244,	Delta[s](14) = 0.310223,	Delta[s](15) = 0.359244,	Delta[d](0) = 0.202193,	Delta[d](1) = 0.18885,	Delta[d](2) = 0.194621,	Delta[d](3) = 0.18885,	Delta[d](4) = 0.18885,	Delta[d](5) = 0.130071,	Delta[d](6) = 0.152249,	Delta[d](7) = 0.130071,	Delta[d](8) = 0.194621,	Delta[d](9) = 0.152249,	Delta[d](10) = 0.0579741,	Delta[d](11) = 0.152249,	Delta[d](12) = 0.18885,	Delta[d](13) = 0.130071,	Delta[d](14) = 0.152249,	Delta[d](15) = 0.130071,	Delta[s+](0) = 0.376266,	Delta[s+](1) = 0.29898,	Delta[s+](2) = 0.194621,	Delta[s+](3) = 0.29898,	Delta[s+](4) = 0.29898,	Delta[s+](5) = 0.194621,	Delta[s+](6) = 0.0880348,	Delta[s+](7) = 0.194621,	Delta[s+](8) = 0.194621,	Delta[s+](9) = 0.0880348,	Delta[s+](10) = 0.0329127,	Delta[s+](11) = 0.0880348,	Delta[s+](12) = 0.29898,	Delta[s+](13) = 0.194621,	Delta[s+](14) = 0.0880348,	Delta[s+](15) = 0.194621
The 10-th iteration is completed.	|| time cost : 0h 4m 37.134s
********************************************************************************************************************
Start the 11 rounds of NGS-ED iteration
	effective electronic model is modified as: kinetic energy t = 0.813101
	                                           effective interaction Vq = [-3.39999,-3.30994,  -3.208,-3.30994,-3.30994,  -3.208,-3.22886,  -3.208,  -3.208,-3.22886,-3.39639,-3.22886,-3.30994,  -3.208,-3.22886,  -3.208]
	PARPACK diagonalization completed after 30 matrix-vector product operations.
	iteration results: : total energy is -84.084911 | electron energy -84.202575 + phonon energy 0.117665 | electron momentum kIdx = 10
	Nq(0) = 16,	Nq(1) = 0.284172,	Nq(2) = 0.348777,	Nq(3) = 0.284172,	Nq(4) = 0.284172,	Nq(5) = 0.348777,	Nq(6) = 0.55129,	Nq(7) = 0.348777,	Nq(8) = 0.348777,	Nq(9) = 0.55129,	Nq(10) = 5.96012,	Nq(11) = 0.55129,	Nq(12) = 0.284172,	Nq(13) = 0.348777,	Nq(14) = 0.55129,	Nq(15) = 0.348777,	Sq(0) = 4.13546e-19,	Sq(1) = 0.210121,	Sq(2) = 0.282866,	Sq(3) = 0.210121,	Sq(4) = 0.210121,	Sq(5) = 0.282866,	Sq(6) = 0.399309,	Sq(7) = 0.282866,	Sq(8) = 0.282866,	Sq(9) = 0.399309,	Sq(10) = 0.470446,	Sq(11) = 0.399309,	Sq(12) = 0.210121,	Sq(13) = 0.282866,	Sq(14) = 0.399309,	Sq(15) = 0.282866,	N(0) = 1.96708,	N(1) = 1.91325,	N(2) = 1,	N(3) = 1.91325,	N(4) = 1.91325,	N(5) = 1,	N(6) = 0.0867542,	N(7) = 1,	N(8) = 1,	N(9) = 0.0867542,	N(10) = 0.0329158,	N(11) = 0.0867542,	N(12) = 1.91325,	N(13) = 1,	N(14) = 0.0867542,	N(15) = 1,	Delta[s](0) = 0.501277,	Delta[s](1) = 0.380937,	Delta[s](2) = 0.359252,	Delta[s](3) = 0.380937,	Delta[s](4) = 0.380937,	Delta[s](5) = 0.359252,	Delta[s](6) = 0.310243,	Delta[s](7) = 0.359252,	Delta[s](8) = 0.359252,	Delta[s](9) = 0.310243,	Delta[s](10) = 0.27581,	Delta[s](11) = 0.310243,	Delta[s](12) = 0.380937,	Delta[s](13) = 0.359252,	Delta[s](14) = 0.310243,	Delta[s](15) = 0.359252,	Delta[d](0) = 0.202156,	Delta[d](1) = 0.188809,	Delta[d](2) = 0.194597,	Delta[d](3) = 0.188809,	Delta[d](4) = 0.188809,	Delta[d](5) = 0.130035,	Delta[d](6) = 0.152206,	Delta[d](7) = 0.130035,	Delta[d](8) = 0.194597,	Delta[d](9) = 0.152206,	Delta[d](10) = 0.057938,	Delta[d](11) = 0.152206,	Delta[d](12) = 0.188809,	Delta[d](13) = 0.130035,	Delta[d](14) = 0.152206,	Delta[d](15) = 0.130035,	Delta[s+](0) = 0.376266,	Delta[s+](1) = 0.298962,	Delta[s+](2) = 0.194597,	Delta[s+](3) = 0.298962,	Delta[s+](4) = 0.298962,	Delta[s+](5) = 0.194597,	Delta[s+](6) = 0.0880067,	Delta[s+](7) = 0.194597,	Delta[s+](8) = 0.194597,	Delta[s+](9) = 0.0880067,	Delta[s+](10) = 0.0328939,	Delta[s+](11) = 0.0880067,	Delta[s+](12) = 0.298962,	Delta[s+](13) = 0.194597,	Delta[s+](14) = 0.0880067,	Delta[s+](15) = 0.194597
The 11-th iteration is completed.	|| time cost : 0h 4m 37.623s
********************************************************************************************************************
********************************************************************************************************************
Ground state is obtained after 12 iterations. The current ground-state energy is -84.0849, in which electron energy is -84.2026 and phonon energy is 0.117665
final variational state is: 
	Gamma_x = [      1,1.02671,1.04392,1.02671,1.02671,1.04392,1.06741,1.04392,1.04392,1.06741,1.13542,1.06741,1.02671,1.04392,1.06741,1.04392]
	lambda_q = [0.583091,0.488124,0.444472,0.488124,0.488124,0.444472,0.452207,0.444472,0.444472,0.452207,0.564148,0.452207,0.488124,0.444472,0.452207,0.444472]
********************************************************************************************************************
o___o  ----------------------------------------
| L |	Time since last clock: 0h 0m 0s
A===A	Time since the beginning: 0h 29m 29.396s
***********************************************


********************************************************************************************************************
Warm up runs have been completed. Start calculating W = 5 phonon.
open output files: NGSEDIterationObs.txt
********************************************************************************************************************
Start the 0 rounds of NGS-ED iteration
	effective electronic model is modified as: kinetic energy t = 0.813138
	                                           effective interaction Vq = [-3.10831,-2.83384,-2.67743,-2.83384,-2.83384,-2.67743,-2.70653,-2.67743,-2.67743,-2.70653,-3.06076,-2.70653,-2.83384,-2.67743,-2.70653,-2.67743]
	PARPACK diagonalization completed after 30 matrix-vector product operations.
	iteration results: : total energy is -74.791023 | electron energy -74.849830 + phonon energy 0.058806 | electron momentum kIdx = 10
	Nq(0) = 16,	Nq(1) = 0.272796,	Nq(2) = 0.331859,	Nq(3) = 0.272796,	Nq(4) = 0.272796,	Nq(5) = 0.331859,	Nq(6) = 0.512104,	Nq(7) = 0.331859,	Nq(8) = 0.331859,	Nq(9) = 0.512104,	Nq(10) = 5.75063,	Nq(11) = 0.512104,	Nq(12) = 0.272796,	Nq(13) = 0.331859,	Nq(14) = 0.512104,	Nq(15) = 0.331859,	Sq(0) = 3.44674e-18,	Sq(1) = 0.237224,	Sq(2) = 0.30786,	Sq(3) = 0.237224,	Sq(4) = 0.237224,	Sq(5) = 0.30786,	Sq(6) = 0.449605,	Sq(7) = 0.30786,	Sq(8) = 0.30786,	Sq(9) = 0.449605,	Sq(10) = 0.524141,	Sq(11) = 0.449605,	Sq(12) = 0.237224,	Sq(13) = 0.30786,	Sq(14) = 0.449605,	Sq(15) = 0.30786,	N(0) = 1.97978,	N(1) = 1.93785,	N(2) = 1,	N(3) = 1.93785,	N(4) = 1.93785,	N(5) = 1,	N(6) = 0.0621452,	N(7) = 1,	N(8) = 1,	N(9) = 0.0621452,	N(10) = 0.0202236,	N(11) = 0.0621452,	N(12) = 1.93785,	N(13) = 1,	N(14) = 0.0621452,	N(15) = 1,	Delta[s](0) = 0.426669,	Delta[s](1) = 0.359326,	Delta[s](2) = 0.343866,	Delta[s](3) = 0.359326,	Delta[s](4) = 0.359326,	Delta[s](5) = 0.343866,	Delta[s](6) = 0.306634,	Delta[s](7) = 0.343866,	Delta[s](8) = 0.343866,	Delta[s](9) = 0.306634,	Delta[s](10) = 0.286989,	Delta[s](11) = 0.306634,	Delta[s](12) = 0.359326,	Delta[s](13) = 0.343866,	Delta[s](14) = 0.306634,	Delta[s](15) = 0.343866,	Delta[d](0) = 0.209321,	Delta[d](1) = 0.199491,	Delta[d](2) = 0.208369,	Delta[d](3) = 0.199491,	Delta[d](4) = 0.199491,	Delta[d](5) = 0.135953,	Delta[d](6) = 0.160944,	Delta[d](7) = 0.135953,	Delta[d](8) = 0.208369,	Delta[d](9) = 0.160944,	Delta[d](10) = 0.0625073,	Delta[d](11) = 0.160944,	Delta[d](12) = 0.199491,	Delta[d](13) = 0.135953,	Delta[d](14) = 0.160944,	Delta[d](15) = 0.135953,	Delta[s+](0) = 0.41455,	Delta[s+](1) = 0.322262,	Delta[s+](2) = 0.208369,	Delta[s+](3) = 0.322262,	Delta[s+](4) = 0.322262,	Delta[s+](5) = 0.208369,	Delta[s+](6) = 0.0936904,	Delta[s+](7) = 0.208369,	Delta[s+](8) = 0.208369,	Delta[s+](9) = 0.0936904,	Delta[s+](10) = 0.0355502,	Delta[s+](11) = 0.0936904,	Delta[s+](12) = 0.322262,	Delta[s+](13) = 0.208369,	Delta[s+](14) = 0.0936904,	Delta[s+](15) = 0.208369
The 0-th iteration is completed.	|| time cost : 0h 4m 33.461s
********************************************************************************************************************
Start the 1 rounds of NGS-ED iteration
	effective electronic model is modified as: kinetic energy t = 0.788507
	                                           effective interaction Vq = [-3.29269,-2.99475,-2.79801,-2.99475,-2.99475,-2.79801,-2.83329,-2.79801,-2.79801,-2.83329,-3.27001,-2.83329,-2.99475,-2.79801,-2.83329,-2.79801]
	PARPACK diagonalization completed after 30 matrix-vector product operations.
	iteration results: : total energy is -79.038297 | electron energy -79.221531 + phonon energy 0.183234 | electron momentum kIdx = 10
The 1-th iteration is completed.	|| time cost : 0h 0m 27.543s
********************************************************************************************************************
Start the 2 rounds of NGS-ED iteration
	effective electronic model is modified as: kinetic energy t = 0.778777
	                                           effective interaction Vq = [-3.36052,-3.03628, -2.8374,-3.03628,-3.03628, -2.8374,-2.86837, -2.8374, -2.8374,-2.86837,-3.35032,-2.86837,-3.03628, -2.8374,-2.86837, -2.8374]
	PARPACK diagonalization completed after 30 matrix-vector product operations.
	iteration results: : total energy is -80.599510 | electron energy -80.856698 + phonon energy 0.257188 | electron momentum kIdx = 10
The 2-th iteration is completed.	|| time cost : 0h 0m 27.337s
********************************************************************************************************************
Start the 3 rounds of NGS-ED iteration
	effective electronic model is modified as: kinetic energy t = 0.776158
	                                           effective interaction Vq = [-3.38547,-3.03735,-2.84407,-3.03735,-3.03735,-2.84407,-2.86922,-2.84407,-2.84407,-2.86922,-3.37881,-2.86922,-3.03735,-2.84407,-2.86922,-2.84407]
	PARPACK diagonalization completed after 30 matrix-vector product operations.
	iteration results: : total energy is -81.147390 | electron energy -81.438032 + phonon energy 0.290643 | electron momentum kIdx = 10
The 3-th iteration is completed.	|| time cost : 0h 0m 27.591s
********************************************************************************************************************
Start the 4 rounds of NGS-ED iteration
	effective electronic model is modified as: kinetic energy t = 0.776125
	                                           effective interaction Vq = [-3.39465,-3.02816,-2.84057,-3.02816,-3.02816,-2.84057,-2.86091,-2.84057,-2.84057,-2.86091,-3.38909,-2.86091,-3.02816,-2.84057,-2.86091,-2.84057]
	PARPACK diagonalization completed after 30 matrix-vector product operations.
	iteration results: : total energy is -81.337033 | electron energy -81.641408 + phonon energy 0.304375 | electron momentum kIdx = 10
The 4-th iteration is completed.	|| time cost : 0h 0m 27.325s
********************************************************************************************************************
Start the 5 rounds of NGS-ED iteration
	effective electronic model is modified as: kinetic energy t = 0.776843
	                                           effective interaction Vq = [-3.39803,-3.01826,-2.83497,-3.01826,-3.01826,-2.83497,-2.85176,-2.83497,-2.83497,-2.85176,-3.39309,-2.85176,-3.01826,-2.83497,-2.85176,-2.83497]
	PARPACK diagonalization completed after 30 matrix-vector product operations.
	iteration results: : total energy is -81.403066 | electron energy -81.712432 + phonon energy 0.309367 | electron momentum kIdx = 10
The 5-th iteration is completed.	|| time cost : 0h 0m 27.584s
********************************************************************************************************************
Start the 6 rounds of NGS-ED iteration
	effective electronic model is modified as: kinetic energy t = 0.777661
	                                           effective interaction Vq = [-3.39927,-3.01009,-2.82975,-3.01009,-3.01009,-2.82975,-2.84404,-2.82975,-2.82975,-2.84404,-3.39478,-2.84404,-3.01009,-2.82975,-2.84404,-2.82975]
	PARPACK diagonalization completed after 30 matrix-vector product operations.
	iteration results: : total energy is -81.426377 | electron energy -81.736985 + phonon energy 0.310607 | electron momentum kIdx = 10
The 6-th iteration is completed.	|| time cost : 0h 0m 27.568s
********************************************************************************************************************
Start the 7 rounds of NGS-ED iteration
	effective electronic model is modified as: kinetic energy t = 0.778372
	                                           effective interaction Vq = [-3.39972,-3.00391,-2.82554,-3.00391,-3.00391,-2.82554,-2.83807,-2.82554,-2.82554,-2.83807,-3.39555,-2.83807,-3.00391,-2.82554,-2.83807,-2.82554]
	PARPACK diagonalization completed after 30 matrix-vector product operations.
	iteration results: : total energy is -81.434733 | electron energy -81.745090 + phonon energy 0.310357 | electron momentum kIdx = 10
The 7-th iteration is completed.	|| time cost : 0h 0m 27.561s
********************************************************************************************************************
Start the 8 rounds of NGS-ED iteration
	effective electronic model is modified as: kinetic energy t = 0.778934
	                                           effective interaction Vq = [-3.39989,-2.99942,-2.82234,-2.99942,-2.99942,-2.82234,-2.83365,-2.82234,-2.82234,-2.83365,-3.39592,-2.83365,-2.99942,-2.82234,-2.83365,-2.82234]
	PARPACK diagonalization completed after 30 matrix-vector product operations.
	iteration results: : total energy is -81.437771 | electron energy -81.747397 + phonon energy 0.309626 | electron momentum kIdx = 10
The 8-th iteration is completed.	|| time cost : 0h 0m 27.313s
********************************************************************************************************************
Start the 9 rounds of NGS-ED iteration
	effective electronic model is modified as: kinetic energy t = 0.779355
	                                           effective interaction Vq = [-3.39995,-2.99622,-2.81999,-2.99622,-2.99622,-2.81999,-2.83044,-2.81999,-2.81999,-2.83044,-3.39611,-2.83044,-2.99622,-2.81999,-2.83044,-2.81999]
	PARPACK diagonalization completed after 30 matrix-vector product operations.
	iteration results: : total energy is -81.438889 | electron energy -81.747730 + phonon energy 0.308841 | electron momentum kIdx = 10
The 9-th iteration is completed.	|| time cost : 0h 0m 27.604s
********************************************************************************************************************
Start the 10 rounds of NGS-ED iteration
	effective electronic model is modified as: kinetic energy t = 0.779663
	                                           effective interaction Vq = [-3.39998,-2.99396,-2.81829,-2.99396,-2.99396,-2.81829,-2.82816,-2.81829,-2.81829,-2.82816, -3.3962,-2.82816,-2.99396,-2.81829,-2.82816,-2.81829]
	PARPACK diagonalization completed after 30 matrix-vector product operations.
	iteration results: : total energy is -81.439305 | electron energy -81.747463 + phonon energy 0.308158 | electron momentum kIdx = 10
	Nq(0) = 16,	Nq(1) = 0.179516,	Nq(2) = 0.261237,	Nq(3) = 0.179516,	Nq(4) = 0.179516,	Nq(5) = 0.261237,	Nq(6) = 0.381826,	Nq(7) = 0.261237,	Nq(8) = 0.261237,	Nq(9) = 0.381826,	Nq(10) = 8.31373,	Nq(11) = 0.381826,	Nq(12) = 0.179516,	Nq(13) = 0.261237,	Nq(14) = 0.381826,	Nq(15) = 0.261237,	Sq(0) = 4.36929e-18,	Sq(1) = 0.161466,	Sq(2) = 0.241245,	Sq(3) = 0.161466,	Sq(4) = 0.161466,	Sq(5) = 0.241245,	Sq(6) = 0.340402,	Sq(7) = 0.241245,	Sq(8) = 0.241245,	Sq(9) = 0.340402,	Sq(10) = 0.418541,	Sq(11) = 0.340402,	Sq(12) = 0.161466,	Sq(13) = 0.241245,	Sq(14) = 0.340402,	Sq(15) = 0.241245,	N(0) = 1.93887,	N(1) = 1.82255,	N(2) = 1,	N(3) = 1.82255,	N(4) = 1.82255,	N(5) = 1,	N(6) = 0.177454,	N(7) = 1,	N(8) = 1,	N(9) = 0.177454,	N(10) = 0.0611316,	N(11) = 0.177454,	N(12) = 1.82255,	N(13) = 1,	N(14) = 0.177454,	N(15) = 1,	Delta[s](0) = 0.444934,	Delta[s](1) = 0.398782,	Delta[s](2) = 0.379471,	Delta[s](3) = 0.398782,	Delta[s](4) = 0.398782,	Delta[s](5) = 0.379471,	Delta[s](6) = 0.353412,	Delta[s](7) = 0.379471,	Delta[s](8) = 0.379471,	Delta[s](9) = 0.353412,	Delta[s](10) = 0.332727,	Delta[s](11) = 0.353412,	Delta[s](12) = 0.398782,	Delta[s](13) = 0.379471,	Delta[s](14) = 0.353412,	Delta[s](15) = 0.379471,	Delta[d](0) = 0.163334,	Delta[d](1) = 0.148721,	Delta[d](2) = 0.168687,	Delta[d](3) = 0.148721,	Delta[d](4) = 0.148721,	Delta[d](5) = 0.10496,	Delta[d](6) = 0.115443,	Delta[d](7) = 0.10496,	Delta[d](8) = 0.168687,	Delta[d](9) = 0.115443,	Delta[d](10) = 0.0464818,	Delta[d](11) = 0.115443,	Delta[d](12) = 0.148721,	Delta[d](13) = 0.10496,	Delta[d](14) = 0.115443,	Delta[d](15) = 0.10496,	Delta[s+](0) = 0.35595,	Delta[s+](1) = 0.268288,	Delta[s+](2) = 0.168687,	Delta[s+](3) = 0.268288,	Delta[s+](4) = 0.268288,	Delta[s+](5) = 0.168687,	Delta[s+](6) = 0.0718391,	Delta[s+](7) = 0.168687,	Delta[s+](8) = 0.168687,	Delta[s+](9) = 0.0718391,	Delta[s+](10) = 0.0282905,	Delta[s+](11) = 0.0718391,	Delta[s+](12) = 0.268288,	Delta[s+](13) = 0.168687,	Delta[s+](14) = 0.0718391,	Delta[s+](15) = 0.168687
The 10-th iteration is completed.	|| time cost : 0h 4m 21.421s
********************************************************************************************************************
Start the 11 rounds of NGS-ED iteration
	effective electronic model is modified as: kinetic energy t = 0.779884
	                                           effective interaction Vq = [-3.39999,-2.99238,-2.81707,-2.99238,-2.99238,-2.81707,-2.82654,-2.81707,-2.81707,-2.82654,-3.39625,-2.82654,-2.99238,-2.81707,-2.82654,-2.81707]
	PARPACK diagonalization completed after 30 matrix-vector product operations.
	iteration results: : total energy is -81.439462 | electron energy -81.747078 + phonon energy 0.307616 | electron momentum kIdx = 10
The 11-th iteration is completed.	|| time cost : 0h 0m 27.599s
********************************************************************************************************************
Start the 12 rounds of NGS-ED iteration
	effective electronic model is modified as: kinetic energy t = 0.780041
	                                           effective interaction Vq = [-3.39999,-2.99128,-2.81622,-2.99128,-2.99128,-2.81622, -2.8254,-2.81622,-2.81622, -2.8254,-3.39628, -2.8254,-2.99128,-2.81622, -2.8254,-2.81622]
	PARPACK diagonalization completed after 30 matrix-vector product operations.
	iteration results: : total energy is -81.439522 | electron energy -81.746728 + phonon energy 0.307207 | electron momentum kIdx = 10
The 12-th iteration is completed.	|| time cost : 0h 0m 27.551s
********************************************************************************************************************
Start the 13 rounds of NGS-ED iteration
	effective electronic model is modified as: kinetic energy t = 0.780152
	                                           effective interaction Vq = [-3.39999,-2.99051,-2.81562,-2.99051,-2.99051,-2.81562, -2.8246,-2.81562,-2.81562, -2.8246, -3.3963, -2.8246,-2.99051,-2.81562, -2.8246,-2.81562]
	PARPACK diagonalization completed after 30 matrix-vector product operations.
	iteration results: : total energy is -81.439544 | electron energy -81.746451 + phonon energy 0.306906 | electron momentum kIdx = 10
The 13-th iteration is completed.	|| time cost : 0h 0m 27.581s
********************************************************************************************************************
Start the 14 rounds of NGS-ED iteration
	effective electronic model is modified as: kinetic energy t = 0.780229
	                                           effective interaction Vq = [-3.39999,-2.98998, -2.8152,-2.98998,-2.98998, -2.8152,-2.82405, -2.8152, -2.8152,-2.82405, -3.3963,-2.82405,-2.98998, -2.8152,-2.82405, -2.8152]
	PARPACK diagonalization completed after 30 matrix-vector product operations.
	iteration results: : total energy is -81.439553 | electron energy -81.746243 + phonon energy 0.306690 | electron momentum kIdx = 10
The 14-th iteration is completed.	|| time cost : 0h 0m 27.343s
********************************************************************************************************************
Start the 15 rounds of NGS-ED iteration
	effective electronic model is modified as: kinetic energy t = 0.780283
	                                           effective interaction Vq = [-3.39999,-2.98962, -2.8149,-2.98962,-2.98962, -2.8149,-2.82366, -2.8149, -2.8149,-2.82366,-3.39631,-2.82366,-2.98962, -2.8149,-2.82366, -2.8149]
	PARPACK diagonalization completed after 30 matrix-vector product operations.
	iteration results: : total energy is -81.439557 | electron energy -81.746093 + phonon energy 0.306536 | electron momentum kIdx = 10
The 15-th iteration is completed.	|| time cost : 0h 0m 27.38s
********************************************************************************************************************
Start the 16 rounds of NGS-ED iteration
	effective electronic model is modified as: kinetic energy t = 0.780321
	                                           effective interaction Vq = [-3.39999,-2.98936, -2.8147,-2.98936,-2.98936, -2.8147,-2.82339, -2.8147, -2.8147,-2.82339,-3.39631,-2.82339,-2.98936, -2.8147,-2.82339, -2.8147]
	PARPACK diagonalization completed after 30 matrix-vector product operations.
	iteration results: : total energy is -81.439558 | electron energy -81.745986 + phonon energy 0.306427 | electron momentum kIdx = 10
The 16-th iteration is completed.	|| time cost : 0h 0m 27.616s
********************************************************************************************************************
Start the 17 rounds of NGS-ED iteration
	effective electronic model is modified as: kinetic energy t = 0.780347
	                                           effective interaction Vq = [-3.39999,-2.98918,-2.81456,-2.98918,-2.98918,-2.81456, -2.8232,-2.81456,-2.81456, -2.8232,-3.39631, -2.8232,-2.98918,-2.81456, -2.8232,-2.81456]
	PARPACK diagonalization completed after 30 matrix-vector product operations.
	iteration results: : total energy is -81.439559 | electron energy -81.745910 + phonon energy 0.306351 | electron momentum kIdx = 10
The 17-th iteration is completed.	|| time cost : 0h 0m 27.282s
********************************************************************************************************************
Start the 18 rounds of NGS-ED iteration
	effective electronic model is modified as: kinetic energy t = 0.780365
	                                           effective interaction Vq = [-3.39999,-2.98906,-2.81446,-2.98906,-2.98906,-2.81446,-2.82307,-2.81446,-2.81446,-2.82307,-3.39631,-2.82307,-2.98906,-2.81446,-2.82307,-2.81446]
	PARPACK diagonalization completed after 30 matrix-vector product operations.
	iteration results: : total energy is -81.439559 | electron energy -81.745857 + phonon energy 0.306298 | electron momentum kIdx = 10
The 18-th iteration is completed.	|| time cost : 0h 0m 27.613s
********************************************************************************************************************
Start the 19 rounds of NGS-ED iteration
	effective electronic model is modified as: kinetic energy t = 0.780378
	                                           effective interaction Vq = [-3.39999,-2.98898,-2.81439,-2.98898,-2.98898,-2.81439,-2.82299,-2.81439,-2.81439,-2.82299,-3.39632,-2.82299,-2.98898,-2.81439,-2.82299,-2.81439]
	PARPACK diagonalization completed after 30 matrix-vector product operations.
	iteration results: : total energy is -81.439559 | electron energy -81.745820 + phonon energy 0.306261 | electron momentum kIdx = 10
The 19-th iteration is completed.	|| time cost : 0h 0m 27.296s
********************************************************************************************************************
Start the 20 rounds of NGS-ED iteration
	effective electronic model is modified as: kinetic energy t = 0.780386
	                                           effective interaction Vq = [-3.39999,-2.98892,-2.81434,-2.98892,-2.98892,-2.81434,-2.82292,-2.81434,-2.81434,-2.82292,-3.39632,-2.82292,-2.98892,-2.81434,-2.82292,-2.81434]
	PARPACK diagonalization completed after 30 matrix-vector product operations.
	iteration results: : total energy is -81.439559 | electron energy -81.745794 + phonon energy 0.306235 | electron momentum kIdx = 10
