SNEDics v3.22.2 Non-Gaussian ED ground state program		Start at Mon Feb 21 12:28:11 2022

Parallelization: 32 MPI threads  * 8 OpenMP threads = 256 total threads.
********************************************************************************************************************
********************************************************************************************************************

********************************************************************************************************************
System parameters and configurations
	special program options are enabled: splitted diagonal Hamiltonian | splitted Hamiltonian terms
********************************************************************************************************************
Read input file "model_params.in"
	Hubbard-Holstein model parameters : 	t = 1    t' = -0.1    U = 8    g = 0.5    W = 0.13    
********************************************************************************************************************
Read input file "hilbertspace_params.in"
	Requested 16-site 2D lattice, with 6 electrons (3, 3)
	Boundary : Periodic		Hilbert space representation : momentum-space (restricted to kIdx = 10)
	Conservation: particle number[U(1)]      spin[U(1)]     momentum
********************************************************************************************************************

Cluster Positions:				Cluster symmetry group : D4
 x ... x ... x ... x .....                       x ... x ... x ... x .....
 |           |           :                       |           |           :
 |           |           :                       |           |           :
12    13    14    15     x                       1     5     6     5     x
 |           |           :                       |           |           :
 |           |           :                       |           |           :
 8 --- 9 ---10 ---11 --- x                       2 --- 6 ---10 --- 6 --- x
 |           |           :                       |           |           :
 |           |           :                       |           |           :
 4     5     6     7     x                       1     5     6     5     x
 |           |           :                       |           |           :
 |           |           :                       |           |           :
 0 --- 1 --- 2 --- 3 --- x                       0 --- 1 --- 2 --- 1 --- x
orbital number : 1
********************************************************************************************************************
Read input file "obs_params.in"
	Observable Type : Nq(All),   Sq(All),   N(All-Orbital),   Delta[s](All),   Delta[d](All),   Delta[s+](All)
** WARNING ** the input observables have non-local factors which have been reinterpreted. The total observable number is 96
********************************************************************************************************************


********************************************************************************************************************
Start calculating the non-Gaussian ED ground state
Maximal iteration number is 1000; energy resolution is 1e-06. Phonon state relaxation time is 2000
W = 0.13 is relatively large. The non-Gaussian ED calculation starts directly.
open output files: NGSED_iteration_observables.txt
********************************************************************************************************************
Start the 0 rounds of NGS-ED iteration
	effective electronic model is modified as: kinetic energy t = 1, t' = -0.1
	                                           effective interaction Vq = [0,0,0,0,0,0,0,0,0,0,0,0,0,0,0,0]
	first Hamiltonian is constructed, size = 19600 and non-zero numbers = 2024404
	PARPACK diagonalization completed after 60 matrix-vector product operations.
	iteration results: : total energy is -13.707007 | electron energy -13.707007 + phonon energy 0.000000 | electron momentum kIdx = 10
	Nq(0) = 2.25,	Nq(1) = 0.187198,	Nq(2) = 0.218868,	Nq(3) = 0.187198,	Nq(4) = 0.187198,	Nq(5) = 0.252375,	
	Nq(6) = 0.333365,	Nq(7) = 0.252375,	Nq(8) = 0.218868,	Nq(9) = 0.333365,	Nq(10) = 0.371399,	
	Nq(11) = 0.333365,	Nq(12) = 0.187198,	Nq(13) = 0.252375,	Nq(14) = 0.333365,	Nq(15) = 0.252375;	
	Sq(0) = 8.7471e-20,	Sq(1) = 0.291471,	Sq(2) = 0.626901,	Sq(3) = 0.291471,	Sq(4) = 0.291471,	
	Sq(5) = 0.354367,	Sq(6) = 0.405866,	Sq(7) = 0.354367,	Sq(8) = 0.626901,	Sq(9) = 0.405866,	
	Sq(10) = 0.388498,	Sq(11) = 0.405866,	Sq(12) = 0.291471,	Sq(13) = 0.354367,	Sq(14) = 0.405866,	
	Sq(15) = 0.354367;	N(0) = 1.84826,	N(1) = 0.971912,	N(2) = 0.0531239,	N(3) = 0.971912,	
	N(4) = 0.971912,	N(5) = 0.0210529,	N(6) = 0.0169817,	N(7) = 0.0210529,	N(8) = 0.0531239,	
	N(9) = 0.0169817,	N(10) = 0.00570818,	N(11) = 0.0169817,	N(12) = 0.971912,	N(13) = 0.0210529,	
	N(14) = 0.0169817,	N(15) = 0.0210529;	Delta[s](0) = 0.0151418,	Delta[s](1) = 0.00971497,	Delta[s](2) = 0.000651044,	
	Delta[s](3) = 0.00971497,	Delta[s](4) = 0.00971497,	Delta[s](5) = 0.0044133,	Delta[s](6) = 0.000523247,	Delta[s](7) = 0.0044133,	
	Delta[s](8) = 0.000651044,	Delta[s](9) = 0.000523247,	Delta[s](10) = 0.000393257,	Delta[s](11) = 0.000523247,	Delta[s](12) = 0.00971497,	
	Delta[s](13) = 0.0044133,	Delta[s](14) = 0.000523247,	Delta[s](15) = 0.0044133;	Delta[d](0) = 0.00212119,	Delta[d](1) = 0.0179385,	
	Delta[d](2) = 0.0049803,	Delta[d](3) = 0.0179385,	Delta[d](4) = 0.0179385,	Delta[d](5) = 0.0291325,	Delta[d](6) = 0.00552281,	
	Delta[d](7) = 0.0291325,	Delta[d](8) = 0.0049803,	Delta[d](9) = 0.00552281,	Delta[d](10) = 0.00147788,	Delta[d](11) = 0.00552281,	
	Delta[d](12) = 0.0179385,	Delta[d](13) = 0.0291325,	Delta[d](14) = 0.00552281,	Delta[d](15) = 0.0291325;	Delta[s+](0) = 0.24253,	
	Delta[s+](1) = 0.136721,	Delta[s+](2) = 0.0049803,	Delta[s+](3) = 0.136721,	Delta[s+](4) = 0.136721,	Delta[s+](5) = 0.0392844,	
	Delta[s+](6) = 0.00188112,	Delta[s+](7) = 0.0392844,	Delta[s+](8) = 0.0049803,	Delta[s+](9) = 0.00188112,	Delta[s+](10) = 0.000392418,	
	Delta[s+](11) = 0.00188112,	Delta[s+](12) = 0.136721,	Delta[s+](13) = 0.0392844,	Delta[s+](14) = 0.00188112,	Delta[s+](15) = 0.0392844
	
The 0-th iteration is completed.	|| time cost : 0h 0m 0.89s
********************************************************************************************************************
Start the 1 rounds of NGS-ED iteration
	effective electronic model is modified as: kinetic energy t = 0.97291, t' = -0.0966979
	                                           effective interaction Vq = [ -1.92308,-0.297417,-0.160846,-0.297417,-0.297417,-0.190955,-0.180865,-0.190955,-0.160846,-0.180865,-0.141443,-0.180865,-0.297417,-0.190955,-0.180865,-0.190955]
	PARPACK diagonalization completed after 30 matrix-vector product operations.
	iteration results: : total energy is -18.358878 | electron energy -18.431104 + phonon energy 0.072226 | electron momentum kIdx = 10
The 1-th iteration is completed.	|| time cost : 0h 0m 0.773s
********************************************************************************************************************
Start the 2 rounds of NGS-ED iteration
	effective electronic model is modified as: kinetic energy t = 0.97272, t' = -0.0966328
	                                           effective interaction Vq = [ -1.92308,-0.307068,-0.160561,-0.307068,-0.307068,-0.190698,-0.179087,-0.190698,-0.160561,-0.179087,-0.138677,-0.179087,-0.307068,-0.190698,-0.179087,-0.190698]
	PARPACK diagonalization completed after 30 matrix-vector product operations.
	iteration results: : total energy is -18.358960 | electron energy -18.432316 + phonon energy 0.073355 | electron momentum kIdx = 10
The 2-th iteration is completed.	|| time cost : 0h 0m 0.531s
********************************************************************************************************************
Start the 3 rounds of NGS-ED iteration
	effective electronic model is modified as: kinetic energy t = 0.972704, t' = -0.096627
	                                           effective interaction Vq = [ -1.92308,-0.307941,-0.160585,-0.307941,-0.307941,-0.190644,-0.178875,-0.190644,-0.160585,-0.178875,-0.138532,-0.178875,-0.307941,-0.190644,-0.178875,-0.190644]
	PARPACK diagonalization completed after 30 matrix-vector product operations.
	iteration results: : total energy is -18.358961 | electron energy -18.432400 + phonon energy 0.073439 | electron momentum kIdx = 10
The 3-th iteration is completed.	|| time cost : 0h 0m 0.646s
********************************************************************************************************************
Start the 4 rounds of NGS-ED iteration
	effective electronic model is modified as: kinetic energy t = 0.972703, t' = -0.0966264
	                                           effective interaction Vq = [ -1.92308,-0.308022,-0.160589,-0.308022,-0.308022,-0.190638,-0.178854,-0.190638,-0.160589,-0.178854,-0.138523,-0.178854,-0.308022,-0.190638,-0.178854,-0.190638]
	PARPACK diagonalization completed after 30 matrix-vector product operations.
	iteration results: : total energy is -18.358961 | electron energy -18.432407 + phonon energy 0.073446 | electron momentum kIdx = 10
The 4-th iteration is completed.	|| time cost : 0h 0m 0.557s
********************************************************************************************************************
Start the 5 rounds of NGS-ED iteration
	effective electronic model is modified as: kinetic energy t = 0.972702, t' = -0.0966264
	                                           effective interaction Vq = [ -1.92308, -0.30803,-0.160589, -0.30803, -0.30803,-0.190637,-0.178852,-0.190637,-0.160589,-0.178852,-0.138523,-0.178852, -0.30803,-0.190637,-0.178852,-0.190637]
	PARPACK diagonalization completed after 30 matrix-vector product operations.
	iteration results: : total energy is -18.358961 | electron energy -18.432408 + phonon energy 0.073447 | electron momentum kIdx = 10
The 5-th iteration is completed.	|| time cost : 0h 0m 0.549s
********************************************************************************************************************
Start the 6 rounds of NGS-ED iteration
	effective electronic model is modified as: kinetic energy t = 0.972702, t' = -0.0966264
	                                           effective interaction Vq = [ -1.92308, -0.30803,-0.160589, -0.30803, -0.30803,-0.190637,-0.178852,-0.190637,-0.160589,-0.178852,-0.138523,-0.178852, -0.30803,-0.190637,-0.178852,-0.190637]
	PARPACK diagonalization completed after 30 matrix-vector product operations.
	iteration results: : total energy is -18.358961 | electron energy -18.432408 + phonon energy 0.073447 | electron momentum kIdx = 10
The 6-th iteration is completed.	|| time cost : 0h 0m 0.543s
********************************************************************************************************************
Start the 7 rounds of NGS-ED iteration
	effective electronic model is modified as: kinetic energy t = 0.972702, t' = -0.0966264
	                                           effective interaction Vq = [ -1.92308, -0.30803,-0.160589, -0.30803, -0.30803,-0.190637,-0.178852,-0.190637,-0.160589,-0.178852,-0.138523,-0.178852, -0.30803,-0.190637,-0.178852,-0.190637]
	PARPACK diagonalization completed after 30 matrix-vector product operations.
	iteration results: : total energy is -18.358961 | electron energy -18.432408 + phonon energy 0.073447 | electron momentum kIdx = 10
	Nq(0) = 2.25,	Nq(1) = 0.191035,	Nq(2) = 0.218853,	Nq(3) = 0.191035,	Nq(4) = 0.191035,	Nq(5) = 0.252416,	
	Nq(6) = 0.33194,	Nq(7) = 0.252416,	Nq(8) = 0.218853,	Nq(9) = 0.33194,	Nq(10) = 0.367892,	
	Nq(11) = 0.33194,	Nq(12) = 0.191035,	Nq(13) = 0.252416,	Nq(14) = 0.33194,	Nq(15) = 0.252416;	
	Sq(0) = -3.06738e-18,	Sq(1) = 0.289903,	Sq(2) = 0.623976,	Sq(3) = 0.289903,	Sq(4) = 0.289903,	
	Sq(5) = 0.3541,	Sq(6) = 0.407336,	Sq(7) = 0.3541,	Sq(8) = 0.623976,	Sq(9) = 0.407336,	
	Sq(10) = 0.389524,	Sq(11) = 0.407336,	Sq(12) = 0.289903,	Sq(13) = 0.3541,	Sq(14) = 0.407336,	
	Sq(15) = 0.3541;	N(0) = 1.85485,	N(1) = 0.972335,	N(2) = 0.0502539,	N(3) = 0.972335,	
	N(4) = 0.972335,	N(5) = 0.0203658,	N(6) = 0.0169684,	N(7) = 0.0203658,	N(8) = 0.0502539,	
	N(9) = 0.0169684,	N(10) = 0.00596911,	N(11) = 0.0169684,	N(12) = 0.972335,	N(13) = 0.0203658,	
	N(14) = 0.0169684,	N(15) = 0.0203658;	Delta[s](0) = 0.0156413,	Delta[s](1) = 0.0101603,	Delta[s](2) = 0.00068178,	
	Delta[s](3) = 0.0101603,	Delta[s](4) = 0.0101603,	Delta[s](5) = 0.00458597,	Delta[s](6) = 0.000546928,	Delta[s](7) = 0.00458597,	
	Delta[s](8) = 0.00068178,	Delta[s](9) = 0.000546928,	Delta[s](10) = 0.000404525,	Delta[s](11) = 0.000546928,	Delta[s](12) = 0.0101603,	
	Delta[s](13) = 0.00458597,	Delta[s](14) = 0.000546928,	Delta[s](15) = 0.00458597;	Delta[d](0) = 0.00211506,	Delta[d](1) = 0.0184245,	
	Delta[d](2) = 0.00493023,	Delta[d](3) = 0.0184245,	Delta[d](4) = 0.0184245,	Delta[d](5) = 0.0294717,	Delta[d](6) = 0.00541269,	
	Delta[d](7) = 0.0294717,	Delta[d](8) = 0.00493023,	Delta[d](9) = 0.00541269,	Delta[d](10) = 0.00153319,	Delta[d](11) = 0.00541269,	
	Delta[d](12) = 0.0184245,	Delta[d](13) = 0.0294717,	Delta[d](14) = 0.00541269,	Delta[d](15) = 0.0294717;	Delta[s+](0) = 0.244105,	
	Delta[s+](1) = 0.138244,	Delta[s+](2) = 0.00493023,	Delta[s+](3) = 0.138244,	Delta[s+](4) = 0.138244,	Delta[s+](5) = 0.0394645,	
	Delta[s+](6) = 0.00192247,	Delta[s+](7) = 0.0394645,	Delta[s+](8) = 0.00493023,	Delta[s+](9) = 0.00192247,	Delta[s+](10) = 0.000400552,	
	Delta[s+](11) = 0.00192247,	Delta[s+](12) = 0.138244,	Delta[s+](13) = 0.0394645,	Delta[s+](14) = 0.00192247,	Delta[s+](15) = 0.0394645
	
The 7-th iteration is completed.	|| time cost : 0h 0m 0.709s
********************************************************************************************************************
********************************************************************************************************************
Ground state is obtained after 8 iterations. The current ground-state energy is -18.359, in which electron energy is -18.4324 and phonon energy is 0.0734468
Final variational state is: 
	Gamma_x = [      1,1.52259,1.29883,1.52259,1.52259,1.42349, 1.5403,1.42349,1.29883, 1.5403,1.45612, 1.5403,1.52259,1.42349, 1.5403,1.42349]
	lambda_q = [ 3.84615,0.321465, 0.16409,0.321465,0.321465,0.195611,0.183216,0.195611, 0.16409,0.183216,0.141111,0.183216,0.321465,0.195611,0.183216,0.195611]
Effective e-e interactions mediated by phonons are:
	momentum-space Vq = [ -1.92308, -0.30803,-0.160589, -0.30803, -0.30803,-0.190637,-0.178852,-0.190637,-0.160589,-0.178852,-0.138523,-0.178852, -0.30803,-0.190637,-0.178852,-0.190637]
	real-space Vr = [ -0.318303, -0.127682, -0.101264, -0.127682, -0.127682, -0.108776,-0.0953873, -0.108776, -0.101264,-0.0953873,-0.0748624,-0.0953873, -0.127682, -0.108776,-0.0953873, -0.108776]
********************************************************************************************************************
o___o  ----------------------------------------
| L |	Time since last clock: 0h 0m 0.006s
A===A	Time since the beginning: 0h 0m 5.209s
***********************************************


Non-Gaussina ED ground state calculation is completed. The final ground-state energy is -18.359
********************************************************************************************************************
o___o  ----------------------------------------
| L |	Time since last clock: 0h 0m 0.003s
A===A	Time since the beginning: 0h 0m 5.213s
***********************************************



********************************************************************************************************************
All non-Gaussian ED ground state calculations have been completed. Exit now.
