TACC:  Starting up job 4377011 
TACC:  Starting parallel tasks... 
SNEDics v3.4 Non-Gaussian ED ground state program		Start at Sun Sep 22 01:47:19 2019

parallized on 32 MPI threads  * 6 OpenMP threads = 192 total threads.
********************************************************************************************************************
********************************************************************************************************************

********************************************************************************************************************
System parameters and configurations
********************************************************************************************************************
Special program options are enabled: splitted diagonal Hamiltonian
********************************************************************************************************************
Read input file "model_params.in"
	Hubbard-Holstein model parameters : 	t = 1    U = 9.8    g = 5    W = 5    
********************************************************************************************************************
Read input file "hilbertspace_params.in"
	Requested 16-site 2D lattice, with 16 electrons (8, 8)
	Boundary : Periodic		Hilbert space representation : momentum-space (restricted to kIdx = 0)
	Conservation: particle number[U(1)]      spin[U(1)]     momentum
********************************************************************************************************************

Cluster Positions:				Cluster symmetry group : D4
 x ... x ... x ... x .....                       x ... x ... x ... x .....
 |           |           :                       |           |           :
 |           |           :                       |           |           :
12    13    14    15     x                       1     5     6     5     x
 |           |           :                       |           |           :
 |           |           :                       |           |           :
 8 --- 9 ---10 ---11 --- x                       2 --- 6 ---10 --- 6 --- x
 |           |           :                       |           |           :
 |           |           :                       |           |           :
 4     5     6     7     x                       1     5     6     5     x
 |           |           :                       |           |           :
 |           |           :                       |           |           :
 0 --- 1 --- 2 --- 3 --- x                       0 --- 1 --- 2 --- 1 --- x
orbital number : 1
********************************************************************************************************************
Read input file "obs_params.in"
	Observable Type : Nq(All),   Sq(All),   N(All),   Delta[s](All),   Delta[d](All),   Delta[s+](All)
********************************************************************************************************************
** WARNING ** the input observables have non-local factors which have been reinterpreted. The total observable number is 96
********************************************************************************************************************


********************************************************************************************************************
Start calculating the non-Gaussian ED ground state
** WARNING ** Detected low phonon energy W < 10. The initial state will be prepared through a warm-up process.
********************************************************************************************************************
Start warm-up calculation for scaling factor 2
open output files: NGSEDWarmUpW10Obs.txt
********************************************************************************************************************
Start the 0 rounds of NGS-ED iteration
	effective electronic model is modified as: kinetic energy t = 1
	                                           effective interaction Vq = [0,0,0,0,0,0,0,0,0,0,0,0,0,0,0,0]
	first Hamiltonian is constructed, non-zero numbers = 2845383612
	PARPACK diagonalization completed after 120 matrix-vector product operations.
	iteration results: : total energy is -7.151773 | electron energy -7.151773 + phonon energy 0.000000 | electron momentum kIdx = 0
	Nq(0) = 16,	Nq(1) = 0.04366,	Nq(2) = 0.0798409,	Nq(3) = 0.04366,	Nq(4) = 0.04366,	Nq(5) = 0.0798409,	Nq(6) = 0.112655,	Nq(7) = 0.0798409,	Nq(8) = 0.0798409,	Nq(9) = 0.112655,	Nq(10) = 0.143746,	Nq(11) = 0.112655,	Nq(12) = 0.04366,	Nq(13) = 0.0798409,	Nq(14) = 0.112655,	Nq(15) = 0.0798409,	Sq(0) = -5.10525e-20,	Sq(1) = 0.402752,	Sq(2) = 0.646465,	Sq(3) = 0.402752,	Sq(4) = 0.402752,	Sq(5) = 0.646465,	Sq(6) = 0.984033,	Sq(7) = 0.646465,	Sq(8) = 0.646465,	Sq(9) = 0.984033,	Sq(10) = 5.32602,	Sq(11) = 0.984033,	Sq(12) = 0.402752,	Sq(13) = 0.646465,	Sq(14) = 0.984033,	Sq(15) = 0.646465,	N(0) = 1.7045,	N(1) = 1.47695,	N(2) = 1,	N(3) = 1.47695,	N(4) = 1.47695,	N(5) = 1,	N(6) = 0.523048,	N(7) = 1,	N(8) = 1,	N(9) = 0.523048,	N(10) = 0.295501,	N(11) = 0.523048,	N(12) = 1.47695,	N(13) = 1,	N(14) = 0.523048,	N(15) = 1,	Delta[s](0) = 0.0616191,	Delta[s](1) = 0.050918,	Delta[s](2) = 0.0396283,	Delta[s](3) = 0.050918,	Delta[s](4) = 0.050918,	Delta[s](5) = 0.0396283,	Delta[s](6) = 0.0271903,	Delta[s](7) = 0.0396283,	Delta[s](8) = 0.0396283,	Delta[s](9) = 0.0271903,	Delta[s](10) = 0.0122039,	Delta[s](11) = 0.0271903,	Delta[s](12) = 0.050918,	Delta[s](13) = 0.0396283,	Delta[s](14) = 0.0271903,	Delta[s](15) = 0.0396283,	Delta[d](0) = 0.60327,	Delta[d](1) = 0.471848,	Delta[d](2) = 0.354454,	Delta[d](3) = 0.471848,	Delta[d](4) = 0.471848,	Delta[d](5) = 0.359879,	Delta[d](6) = 0.246948,	Delta[d](7) = 0.359879,	Delta[d](8) = 0.354454,	Delta[d](9) = 0.246948,	Delta[d](10) = 0.129719,	Delta[d](11) = 0.246948,	Delta[d](12) = 0.471848,	Delta[d](13) = 0.359879,	Delta[d](14) = 0.246948,	Delta[d](15) = 0.359879,	Delta[s+](0) = 0.618763,	Delta[s+](1) = 0.491147,	Delta[s+](2) = 0.354454,	Delta[s+](3) = 0.491147,	Delta[s+](4) = 0.491147,	Delta[s+](5) = 0.354454,	Delta[s+](6) = 0.218634,	Delta[s+](7) = 0.354454,	Delta[s+](8) = 0.354454,	Delta[s+](9) = 0.218634,	Delta[s+](10) = 0.0917643,	Delta[s+](11) = 0.218634,	Delta[s+](12) = 0.491147,	Delta[s+](13) = 0.354454,	Delta[s+](14) = 0.218634,	Delta[s+](15) = 0.354454
The 0-th iteration is completed.	|| time cost : 0h 6m 2.034s
********************************************************************************************************************
Start the 1 rounds of NGS-ED iteration
	effective electronic model is modified as: kinetic energy t = 0.910635
	                                           effective interaction Vq = [-4.32332,-3.49042,-3.42268,-3.49042,-3.49042,-3.42268,-3.37466,-3.42268,-3.42268,-3.37466,-3.33964,-3.37466,-3.49042,-3.42268,-3.37466,-3.42268]
	PARPACK diagonalization completed after 45 matrix-vector product operations.
	iteration results: : total energy is -82.876229 | electron energy -82.879696 + phonon energy 0.003467 | electron momentum kIdx = 0
The 1-th iteration is completed.	|| time cost : 0h 3m 38.906s
********************************************************************************************************************
Start the 2 rounds of NGS-ED iteration
	effective electronic model is modified as: kinetic energy t = 0.823341
	                                           effective interaction Vq = [-4.90842,-4.49535,-4.34807,-4.49535,-4.49535,-4.34807,-4.30328,-4.34807,-4.34807,-4.30328,-4.24318,-4.30328,-4.49535,-4.34807,-4.30328,-4.34807]
	PARPACK diagonalization completed after 45 matrix-vector product operations.
	iteration results: : total energy is -94.804297 | electron energy -94.861571 + phonon energy 0.057274 | electron momentum kIdx = 0
The 2-th iteration is completed.	|| time cost : 0h 0m 26.42s
********************************************************************************************************************
Start the 3 rounds of NGS-ED iteration
	effective electronic model is modified as: kinetic energy t = 0.779727
	                                           effective interaction Vq = [-4.98761,-4.78462,-4.61634,-4.78462,-4.78462,-4.61634,-4.61057,-4.61634,-4.61634,-4.61057,-4.52875,-4.61057,-4.78462,-4.61634,-4.61057,-4.61634]
	PARPACK diagonalization completed after 45 matrix-vector product operations.
	iteration results: : total energy is -96.692700 | electron energy -96.821468 + phonon energy 0.128768 | electron momentum kIdx = 0
The 3-th iteration is completed.	|| time cost : 0h 0m 28.036s
********************************************************************************************************************
Start the 4 rounds of NGS-ED iteration
	effective electronic model is modified as: kinetic energy t = 0.760601
	                                           effective interaction Vq = [-4.99832,-4.87373,-4.70233,-4.87373,-4.87373,-4.70233, -4.7219,-4.70233,-4.70233, -4.7219,-4.62598, -4.7219,-4.87373,-4.70233, -4.7219,-4.70233]
	PARPACK diagonalization completed after 45 matrix-vector product operations.
	iteration results: : total energy is -96.986173 | electron energy -97.156319 + phonon energy 0.170146 | electron momentum kIdx = 0
The 4-th iteration is completed.	|| time cost : 0h 0m 24.682s
********************************************************************************************************************
Start the 5 rounds of NGS-ED iteration
	effective electronic model is modified as: kinetic energy t = 0.752631
	                                           effective interaction Vq = [-4.99977,-4.90398,-4.73224,-4.90398,-4.90398,-4.73224,-4.76494,-4.73224,-4.73224,-4.76494,-4.66108,-4.76494,-4.90398,-4.73224,-4.76494,-4.73224]
	PARPACK diagonalization completed after 45 matrix-vector product operations.
	iteration results: : total energy is -97.031005 | electron energy -97.219837 + phonon energy 0.188832 | electron momentum kIdx = 0
The 5-th iteration is completed.	|| time cost : 0h 0m 24.589s
********************************************************************************************************************
Start the 6 rounds of NGS-ED iteration
	effective electronic model is modified as: kinetic energy t = 0.749386
	                                           effective interaction Vq = [-4.99997,-4.91507,-4.74314,-4.91507,-4.91507,-4.74314,-4.78226,-4.74314,-4.74314,-4.78226, -4.6742,-4.78226,-4.91507,-4.74314,-4.78226,-4.74314]
	PARPACK diagonalization completed after 45 matrix-vector product operations.
	iteration results: : total energy is -97.037806 | electron energy -97.234474 + phonon energy 0.196667 | electron momentum kIdx = 0
The 6-th iteration is completed.	|| time cost : 0h 0m 24.507s
********************************************************************************************************************
Start the 7 rounds of NGS-ED iteration
	effective electronic model is modified as: kinetic energy t = 0.748077
	                                           effective interaction Vq = [      -5,-4.91933,-4.74719,-4.91933,-4.91933,-4.74719,-4.78938,-4.74719,-4.74719,-4.78938,-4.67919,-4.78938,-4.91933,-4.74719,-4.78938,-4.74719]
	PARPACK diagonalization completed after 30 matrix-vector product operations.
	iteration results: : total energy is -97.038841 | electron energy -97.238717 + phonon energy 0.199876 | electron momentum kIdx = 0
The 7-th iteration is completed.	|| time cost : 0h 0m 20.769s
********************************************************************************************************************
Start the 8 rounds of NGS-ED iteration
	effective electronic model is modified as: kinetic energy t = 0.74755
	                                           effective interaction Vq = [      -5,  -4.921,-4.74871,  -4.921,  -4.921,-4.74871,-4.79232,-4.74871,-4.74871,-4.79232,-4.68111,-4.79232,  -4.921,-4.74871,-4.79232,-4.74871]
	PARPACK diagonalization completed after 30 matrix-vector product operations.
	iteration results: : total energy is -97.038999 | electron energy -97.240179 + phonon energy 0.201180 | electron momentum kIdx = 0
The 8-th iteration is completed.	|| time cost : 0h 0m 20.804s
********************************************************************************************************************
Start the 9 rounds of NGS-ED iteration
	effective electronic model is modified as: kinetic energy t = 0.747339
	                                           effective interaction Vq = [      -5,-4.92166,-4.74929,-4.92166,-4.92166,-4.74929,-4.79355,-4.74929,-4.74929,-4.79355,-4.68184,-4.79355,-4.92166,-4.74929,-4.79355,-4.74929]
	PARPACK diagonalization completed after 30 matrix-vector product operations.
	iteration results: : total energy is -97.039024 | electron energy -97.240733 + phonon energy 0.201709 | electron momentum kIdx = 0
The 9-th iteration is completed.	|| time cost : 0h 0m 20.845s
********************************************************************************************************************
Start the 10 rounds of NGS-ED iteration
	effective electronic model is modified as: kinetic energy t = 0.747253
	                                           effective interaction Vq = [      -5,-4.92192,-4.74951,-4.92192,-4.92192,-4.74951,-4.79405,-4.74951,-4.74951,-4.79405,-4.68213,-4.79405,-4.92192,-4.74951,-4.79405,-4.74951]
	PARPACK diagonalization completed after 30 matrix-vector product operations.
	iteration results: : total energy is -97.039027 | electron energy -97.240951 + phonon energy 0.201924 | electron momentum kIdx = 0
	Nq(0) = 16,	Nq(1) = 0.376745,	Nq(2) = 0.364671,	Nq(3) = 0.376745,	Nq(4) = 0.376745,	Nq(5) = 0.364671,	Nq(6) = 0.599468,	Nq(7) = 0.364671,	Nq(8) = 0.364671,	Nq(9) = 0.599468,	Nq(10) = 0.594303,	Nq(11) = 0.599468,	Nq(12) = 0.376745,	Nq(13) = 0.364671,	Nq(14) = 0.599468,	Nq(15) = 0.364671,	Sq(0) = 4.44992e-18,	Sq(1) = 0.379381,	Sq(2) = 0.551062,	Sq(3) = 0.379381,	Sq(4) = 0.379381,	Sq(5) = 0.551062,	Sq(6) = 0.636549,	Sq(7) = 0.551062,	Sq(8) = 0.551062,	Sq(9) = 0.636549,	Sq(10) = 1.94273,	Sq(11) = 0.636549,	Sq(12) = 0.379381,	Sq(13) = 0.551062,	Sq(14) = 0.636549,	Sq(15) = 0.551062,	N(0) = 1.99934,	N(1) = 1.99921,	N(2) = 1,	N(3) = 1.99921,	N(4) = 1.99921,	N(5) = 1,	N(6) = 0.000785324,	N(7) = 1,	N(8) = 1,	N(9) = 0.000785324,	N(10) = 0.000662078,	N(11) = 0.000785324,	N(12) = 1.99921,	N(13) = 1,	N(14) = 0.000785324,	N(15) = 1,	Delta[s](0) = 0.239968,	Delta[s](1) = 0.236935,	Delta[s](2) = 0.202072,	Delta[s](3) = 0.236935,	Delta[s](4) = 0.236935,	Delta[s](5) = 0.202072,	Delta[s](6) = 0.199334,	Delta[s](7) = 0.202072,	Delta[s](8) = 0.202072,	Delta[s](9) = 0.199334,	Delta[s](10) = 0.146118,	Delta[s](11) = 0.199334,	Delta[s](12) = 0.236935,	Delta[s](13) = 0.202072,	Delta[s](14) = 0.199334,	Delta[s](15) = 0.202072,	Delta[d](0) = 0.519853,	Delta[d](1) = 0.326848,	Delta[d](2) = 0.287705,	Delta[d](3) = 0.326848,	Delta[d](4) = 0.326848,	Delta[d](5) = 0.3313,	Delta[d](6) = 0.256511,	Delta[d](7) = 0.3313,	Delta[d](8) = 0.287705,	Delta[d](9) = 0.256511,	Delta[d](10) = 0.146804,	Delta[d](11) = 0.256511,	Delta[d](12) = 0.326848,	Delta[d](13) = 0.3313,	Delta[d](14) = 0.256511,	Delta[d](15) = 0.3313,	Delta[s+](0) = 0.50583,	Delta[s+](1) = 0.416724,	Delta[s+](2) = 0.287705,	Delta[s+](3) = 0.416724,	Delta[s+](4) = 0.416724,	Delta[s+](5) = 0.287705,	Delta[s+](6) = 0.156307,	Delta[s+](7) = 0.287705,	Delta[s+](8) = 0.287705,	Delta[s+](9) = 0.156307,	Delta[s+](10) = 0.0613501,	Delta[s+](11) = 0.156307,	Delta[s+](12) = 0.416724,	Delta[s+](13) = 0.287705,	Delta[s+](14) = 0.156307,	Delta[s+](15) = 0.287705
The 10-th iteration is completed.	|| time cost : 0h 4m 20.658s
********************************************************************************************************************
********************************************************************************************************************
Ground state is obtained after 11 iterations. The current ground-state energy is -97.039, in which electron energy is -97.241 and phonon energy is 0.201924
final variational state is: 
	Gamma_x = [      1,  1.042,1.06534,  1.042,  1.042,1.06534,1.10159,1.06534,1.06534,1.10159, 1.1183,1.10159,  1.042,1.06534,1.10159,1.06534]
	lambda_q = [0.707095,0.618804,0.548863,0.618804,0.618804,0.548863,0.563672,0.548863,0.548863,0.563672,0.528849,0.563672,0.618804,0.548863,0.563672,0.548863]
********************************************************************************************************************
o___o  ----------------------------------------
| L |	Time since last clock: 0h 0m 0s
A===A	Time since the beginning: 0h 17m 12.256s
***********************************************


********************************************************************************************************************
Warm up runs have been completed. Start calculating W = 5 phonon.
open output files: NGSEDIterationObs.txt
********************************************************************************************************************
Start the 0 rounds of NGS-ED iteration
	effective electronic model is modified as: kinetic energy t = 0.747219
	                                           effective interaction Vq = [-4.57103,-4.27345,-3.98238,-4.27345,-4.27345,-3.98238,-4.04809,-3.98238,-3.98238,-4.04809,-3.89008,-4.04809,-4.27345,-3.98238,-4.04809,-3.98238]
	PARPACK diagonalization completed after 45 matrix-vector product operations.
	iteration results: : total energy is -85.990065 | electron energy -86.091070 + phonon energy 0.101005 | electron momentum kIdx = 0
	Nq(0) = 16,	Nq(1) = 0.24576,	Nq(2) = 0.299946,	Nq(3) = 0.24576,	Nq(4) = 0.24576,	Nq(5) = 0.299946,	Nq(6) = 0.431098,	Nq(7) = 0.299946,	Nq(8) = 0.299946,	Nq(9) = 0.431098,	Nq(10) = 0.484292,	Nq(11) = 0.431098,	Nq(12) = 0.24576,	Nq(13) = 0.299946,	Nq(14) = 0.431098,	Nq(15) = 0.299946,	Sq(0) = -1.57185e-17,	Sq(1) = 0.414983,	Sq(2) = 0.604129,	Sq(3) = 0.414983,	Sq(4) = 0.414983,	Sq(5) = 0.604129,	Sq(6) = 0.732719,	Sq(7) = 0.604129,	Sq(8) = 0.604129,	Sq(9) = 0.732719,	Sq(10) = 2.79302,	Sq(11) = 0.732719,	Sq(12) = 0.414983,	Sq(13) = 0.604129,	Sq(14) = 0.732719,	Sq(15) = 0.604129,	N(0) = 1.97475,	N(1) = 1.94962,	N(2) = 1,	N(3) = 1.94962,	N(4) = 1.94962,	N(5) = 1,	N(6) = 0.0503794,	N(7) = 1,	N(8) = 1,	N(9) = 0.0503794,	N(10) = 0.0252486,	N(11) = 0.0503794,	N(12) = 1.94962,	N(13) = 1,	N(14) = 0.0503794,	N(15) = 1,	Delta[s](0) = 0.182894,	Delta[s](1) = 0.172965,	Delta[s](2) = 0.154832,	Delta[s](3) = 0.172965,	Delta[s](4) = 0.172965,	Delta[s](5) = 0.154832,	Delta[s](6) = 0.14483,	Delta[s](7) = 0.154832,	Delta[s](8) = 0.154832,	Delta[s](9) = 0.14483,	Delta[s](10) = 0.112636,	Delta[s](11) = 0.14483,	Delta[s](12) = 0.172965,	Delta[s](13) = 0.154832,	Delta[s](14) = 0.14483,	Delta[s](15) = 0.154832,	Delta[d](0) = 0.563617,	Delta[d](1) = 0.392351,	Delta[d](2) = 0.332792,	Delta[d](3) = 0.392351,	Delta[d](4) = 0.392351,	Delta[d](5) = 0.359026,	Delta[d](6) = 0.277396,	Delta[d](7) = 0.359026,	Delta[d](8) = 0.332792,	Delta[d](9) = 0.277396,	Delta[d](10) = 0.159805,	Delta[d](11) = 0.277396,	Delta[d](12) = 0.392351,	Delta[d](13) = 0.359026,	Delta[d](14) = 0.277396,	Delta[d](15) = 0.359026,	Delta[s+](0) = 0.597217,	Delta[s+](1) = 0.483186,	Delta[s+](2) = 0.332792,	Delta[s+](3) = 0.483186,	Delta[s+](4) = 0.483186,	Delta[s+](5) = 0.332792,	Delta[s+](6) = 0.18546,	Delta[s+](7) = 0.332792,	Delta[s+](8) = 0.332792,	Delta[s+](9) = 0.18546,	Delta[s+](10) = 0.0713417,	Delta[s+](11) = 0.18546,	Delta[s+](12) = 0.483186,	Delta[s+](13) = 0.332792,	Delta[s+](14) = 0.18546,	Delta[s+](15) = 0.332792
The 0-th iteration is completed.	|| time cost : 0h 4m 31.329s
********************************************************************************************************************
Start the 1 rounds of NGS-ED iteration
	effective electronic model is modified as: kinetic energy t = 0.732343
	                                           effective interaction Vq = [-4.84219,-4.44539,-4.13193,-4.44539,-4.44539,-4.13193,-4.16123,-4.13193,-4.13193,-4.16123,-4.01426,-4.16123,-4.44539,-4.13193,-4.16123,-4.13193]
	PARPACK diagonalization completed after 45 matrix-vector product operations.
	iteration results: : total energy is -90.537955 | electron energy -90.798689 + phonon energy 0.260734 | electron momentum kIdx = 0
The 1-th iteration is completed.	|| time cost : 0h 0m 28.581s
********************************************************************************************************************
Start the 2 rounds of NGS-ED iteration
	effective electronic model is modified as: kinetic energy t = 0.717538
	                                           effective interaction Vq = [-4.94195,-4.55606,-4.23299,-4.55606,-4.55606,-4.23299,-4.25732,-4.23299,-4.23299,-4.25732,-4.11514,-4.25732,-4.55606,-4.23299,-4.25732,-4.23299]
	PARPACK diagonalization completed after 45 matrix-vector product operations.
	iteration results: : total energy is -92.230613 | electron energy -92.593419 + phonon energy 0.362806 | electron momentum kIdx = 0
The 2-th iteration is completed.	|| time cost : 0h 0m 24.536s
********************************************************************************************************************
Start the 3 rounds of NGS-ED iteration
	effective electronic model is modified as: kinetic energy t = 0.705883
	                                           effective interaction Vq = [-4.97864,-4.62794,-4.29924,-4.62794,-4.62794,-4.29924,-4.32839,-4.29924,-4.29924,-4.32839,-4.18611,-4.32839,-4.62794,-4.29924,-4.32839,-4.29924]
	PARPACK diagonalization completed after 45 matrix-vector product operations.
	iteration results: : total energy is -92.865932 | electron energy -93.292914 + phonon energy 0.426982 | electron momentum kIdx = 0
The 3-th iteration is completed.	|| time cost : 0h 0m 24.538s
********************************************************************************************************************
Start the 4 rounds of NGS-ED iteration
	effective electronic model is modified as: kinetic energy t = 0.69736
	                                           effective interaction Vq = [-4.99214,-4.67506,-4.34244,-4.67506,-4.67506,-4.34244,-4.37895,-4.34244,-4.34244,-4.37895,-4.23416,-4.37895,-4.67506,-4.34244,-4.37895,-4.34244]
	PARPACK diagonalization completed after 45 matrix-vector product operations.
	iteration results: : total energy is -93.105912 | electron energy -93.575084 + phonon energy 0.469172 | electron momentum kIdx = 0
The 4-th iteration is completed.	|| time cost : 0h 0m 24.624s
********************************************************************************************************************
Start the 5 rounds of NGS-ED iteration
	effective electronic model is modified as: kinetic energy t = 0.691313
	                                           effective interaction Vq = [-4.99711,-4.70623,-4.37068,-4.70623,-4.70623,-4.37068, -4.4145,-4.37068,-4.37068, -4.4145,-4.26639, -4.4145,-4.70623,-4.37068, -4.4145,-4.37068]
	PARPACK diagonalization completed after 45 matrix-vector product operations.
	iteration results: : total energy is -93.197185 | electron energy -93.694915 + phonon energy 0.497731 | electron momentum kIdx = 0
The 5-th iteration is completed.	|| time cost : 0h 0m 24.615s
********************************************************************************************************************
Start the 6 rounds of NGS-ED iteration
	effective electronic model is modified as: kinetic energy t = 0.687082
	                                           effective interaction Vq = [-4.99894,-4.72703,-4.38923,-4.72703,-4.72703,-4.38923,-4.43942,-4.38923,-4.38923,-4.43942,-4.28797,-4.43942,-4.72703,-4.38923,-4.43942,-4.38923]
	PARPACK diagonalization completed after 45 matrix-vector product operations.
	iteration results: : total energy is -93.232182 | electron energy -93.749506 + phonon energy 0.517325 | electron momentum kIdx = 0
The 6-th iteration is completed.	|| time cost : 0h 0m 24.474s
********************************************************************************************************************
Start the 7 rounds of NGS-ED iteration
	effective electronic model is modified as: kinetic energy t = 0.684143
	                                           effective interaction Vq = [-4.99961,  -4.741,-4.40148,  -4.741,  -4.741,-4.40148,-4.45688,-4.40148,-4.40148,-4.45688,-4.30246,-4.45688,  -4.741,-4.40148,-4.45688,-4.40148]
	PARPACK diagonalization completed after 30 matrix-vector product operations.
	iteration results: : total energy is -93.245731 | electron energy -93.776571 + phonon energy 0.530840 | electron momentum kIdx = 0
The 7-th iteration is completed.	|| time cost : 0h 0m 20.796s
********************************************************************************************************************
Start the 8 rounds of NGS-ED iteration
	effective electronic model is modified as: kinetic energy t = 0.682108
	                                           effective interaction Vq = [-4.99986,-4.75045, -4.4096,-4.75045,-4.75045, -4.4096, -4.4691, -4.4096, -4.4096, -4.4691,-4.31219, -4.4691,-4.75045, -4.4096, -4.4691, -4.4096]
	PARPACK diagonalization completed after 30 matrix-vector product operations.
	iteration results: : total energy is -93.251036 | electron energy -93.791215 + phonon energy 0.540179 | electron momentum kIdx = 0
The 8-th iteration is completed.	|| time cost : 0h 0m 20.827s
********************************************************************************************************************
Start the 9 rounds of NGS-ED iteration
	effective electronic model is modified as: kinetic energy t = 0.680702
	                                           effective interaction Vq = [-4.99995,-4.75686,  -4.415,-4.75686,-4.75686,  -4.415,-4.47766,  -4.415,  -4.415,-4.47766,-4.31876,-4.47766,-4.75686,  -4.415,-4.47766,  -4.415]
	PARPACK diagonalization completed after 30 matrix-vector product operations.
	iteration results: : total energy is -93.253141 | electron energy -93.799775 + phonon energy 0.546634 | electron momentum kIdx = 0
The 9-th iteration is completed.	|| time cost : 0h 0m 23.29s
********************************************************************************************************************
Start the 10 rounds of NGS-ED iteration
	effective electronic model is modified as: kinetic energy t = 0.679731
	                                           effective interaction Vq = [-4.99998,-4.76123,-4.41862,-4.76123,-4.76123,-4.41862,-4.48365,-4.41862,-4.41862,-4.48365,-4.32319,-4.48365,-4.76123,-4.41862,-4.48365,-4.41862]
	PARPACK diagonalization completed after 30 matrix-vector product operations.
	iteration results: : total energy is -93.253988 | electron energy -93.805086 + phonon energy 0.551097 | electron momentum kIdx = 0
	Nq(0) = 16,	Nq(1) = 0.328055,	Nq(2) = 0.337093,	Nq(3) = 0.328055,	Nq(4) = 0.328055,	Nq(5) = 0.337093,	Nq(6) = 0.516933,	Nq(7) = 0.337093,	Nq(8) = 0.337093,	Nq(9) = 0.516933,	Nq(10) = 0.543139,	Nq(11) = 0.516933,	Nq(12) = 0.328055,	Nq(13) = 0.337093,	Nq(14) = 0.516933,	Nq(15) = 0.337093,	Sq(0) = -4.97635e-18,	Sq(1) = 0.3972,	Sq(2) = 0.579429,	Sq(3) = 0.3972,	Sq(4) = 0.3972,	Sq(5) = 0.579429,	Sq(6) = 0.6797,	Sq(7) = 0.579429,	Sq(8) = 0.579429,	Sq(9) = 0.6797,	Sq(10) = 2.27017,	Sq(11) = 0.6797,	Sq(12) = 0.3972,	Sq(13) = 0.579429,	Sq(14) = 0.6797,	Sq(15) = 0.579429,	N(0) = 1.99178,	N(1) = 1.98772,	N(2) = 1,	N(3) = 1.98772,	N(4) = 1.98772,	N(5) = 1,	N(6) = 0.0122804,	N(7) = 1,	N(8) = 1,	N(9) = 0.0122804,	N(10) = 0.00821753,	N(11) = 0.0122804,	N(12) = 1.98772,	N(13) = 1,	N(14) = 0.0122804,	N(15) = 1,	Delta[s](0) = 0.207011,	Delta[s](1) = 0.201244,	Delta[s](2) = 0.18338,	Delta[s](3) = 0.201244,	Delta[s](4) = 0.201244,	Delta[s](5) = 0.18338,	Delta[s](6) = 0.177935,	Delta[s](7) = 0.18338,	Delta[s](8) = 0.18338,	Delta[s](9) = 0.177935,	Delta[s](10) = 0.148816,	Delta[s](11) = 0.177935,	Delta[s](12) = 0.201244,	Delta[s](13) = 0.18338,	Delta[s](14) = 0.177935,	Delta[s](15) = 0.18338,	Delta[d](0) = 0.585099,	Delta[d](1) = 0.405721,	Delta[d](2) = 0.351985,	Delta[d](3) = 0.405721,	Delta[d](4) = 0.405721,	Delta[d](5) = 0.385882,	Delta[d](6) = 0.306241,	Delta[d](7) = 0.385882,	Delta[d](8) = 0.351985,	Delta[d](9) = 0.306241,	Delta[d](10) = 0.193537,	Delta[d](11) = 0.306241,	Delta[d](12) = 0.405721,	Delta[d](13) = 0.385882,	Delta[d](14) = 0.306241,	Delta[d](15) = 0.385882,	Delta[s+](0) = 0.608318,	Delta[s+](1) = 0.498786,	Delta[s+](2) = 0.351985,	Delta[s+](3) = 0.498786,	Delta[s+](4) = 0.498786,	Delta[s+](5) = 0.351985,	Delta[s+](6) = 0.204623,	Delta[s+](7) = 0.351985,	Delta[s+](8) = 0.351985,	Delta[s+](9) = 0.204623,	Delta[s+](10) = 0.0909292,	Delta[s+](11) = 0.204623,	Delta[s+](12) = 0.498786,	Delta[s+](13) = 0.351985,	Delta[s+](14) = 0.204623,	Delta[s+](15) = 0.351985
The 10-th iteration is completed.	|| time cost : 0h 3m 46.333s
********************************************************************************************************************
Start the 11 rounds of NGS-ED iteration
	effective electronic model is modified as: kinetic energy t = 0.679062
	                                           effective interaction Vq = [-4.99999,-4.76421,-4.42104,-4.76421,-4.76421,-4.42104,-4.48784,-4.42104,-4.42104,-4.48784,-4.32619,-4.48784,-4.76421,-4.42104,-4.48784,-4.42104]
	PARPACK diagonalization completed after 30 matrix-vector product operations.
	iteration results: : total energy is -93.254335 | electron energy -93.808518 + phonon energy 0.554183 | electron momentum kIdx = 0
The 11-th iteration is completed.	|| time cost : 0h 0m 20.904s
********************************************************************************************************************
Start the 12 rounds of NGS-ED iteration
	effective electronic model is modified as: kinetic energy t = 0.6786
	                                           effective interaction Vq = [      -5,-4.76626,-4.42267,-4.76626,-4.76626,-4.42267,-4.49077,-4.42267,-4.42267,-4.49077,-4.32822,-4.49077,-4.76626,-4.42267,-4.49077,-4.42267]
	PARPACK diagonalization completed after 30 matrix-vector product operations.
	iteration results: : total energy is -93.254479 | electron energy -93.810795 + phonon energy 0.556316 | electron momentum kIdx = 0
The 12-th iteration is completed.	|| time cost : 0h 0m 20.805s
********************************************************************************************************************
Start the 13 rounds of NGS-ED iteration
	effective electronic model is modified as: kinetic energy t = 0.678282
	                                           effective interaction Vq = [      -5,-4.76766,-4.42377,-4.76766,-4.76766,-4.42377,-4.49282,-4.42377,-4.42377,-4.49282, -4.3296,-4.49282,-4.76766,-4.42377,-4.49282,-4.42377]
	PARPACK diagonalization completed after 30 matrix-vector product operations.
	iteration results: : total energy is -93.254540 | electron energy -93.812331 + phonon energy 0.557791 | electron momentum kIdx = 0
The 13-th iteration is completed.	|| time cost : 0h 0m 22.568s
********************************************************************************************************************
Start the 14 rounds of NGS-ED iteration
	effective electronic model is modified as: kinetic energy t = 0.678062
	                                           effective interaction Vq = [      -5,-4.76862,-4.42452,-4.76862,-4.76862,-4.42452,-4.49425,-4.42452,-4.42452,-4.49425,-4.33054,-4.49425,-4.76862,-4.42452,-4.49425,-4.42452]
	PARPACK diagonalization completed after 30 matrix-vector product operations.
	iteration results: : total energy is -93.254567 | electron energy -93.813377 + phonon energy 0.558810 | electron momentum kIdx = 0
The 14-th iteration is completed.	|| time cost : 0h 0m 20.929s
********************************************************************************************************************
Start the 15 rounds of NGS-ED iteration
	effective electronic model is modified as: kinetic energy t = 0.67791
	                                           effective interaction Vq = [      -5,-4.76928,-4.42502,-4.76928,-4.76928,-4.42502,-4.49525,-4.42502,-4.42502,-4.49525,-4.33118,-4.49525,-4.76928,-4.42502,-4.49525,-4.42502]
	PARPACK diagonalization completed after 30 matrix-vector product operations.
	iteration results: : total energy is -93.254578 | electron energy -93.814094 + phonon energy 0.559515 | electron momentum kIdx = 0
The 15-th iteration is completed.	|| time cost : 0h 0m 20.918s
********************************************************************************************************************
Start the 16 rounds of NGS-ED iteration
	effective electronic model is modified as: kinetic energy t = 0.677805
	                                           effective interaction Vq = [      -5,-4.76973,-4.42536,-4.76973,-4.76973,-4.42536,-4.49594,-4.42536,-4.42536,-4.49594,-4.33162,-4.49594,-4.76973,-4.42536,-4.49594,-4.42536]
	PARPACK diagonalization completed after 30 matrix-vector product operations.
	iteration results: : total energy is -93.254583 | electron energy -93.814587 + phonon energy 0.560003 | electron momentum kIdx = 0
The 16-th iteration is completed.	|| time cost : 0h 0m 20.829s
********************************************************************************************************************
Start the 17 rounds of NGS-ED iteration
	effective electronic model is modified as: kinetic energy t = 0.677733
	                                           effective interaction Vq = [      -5,-4.77005, -4.4256,-4.77005,-4.77005, -4.4256,-4.49643, -4.4256, -4.4256,-4.49643,-4.33192,-4.49643,-4.77005, -4.4256,-4.49643, -4.4256]
	PARPACK diagonalization completed after 30 matrix-vector product operations.
	iteration results: : total energy is -93.254586 | electron energy -93.814926 + phonon energy 0.560341 | electron momentum kIdx = 0
The 17-th iteration is completed.	|| time cost : 0h 0m 20.835s
********************************************************************************************************************
Start the 18 rounds of NGS-ED iteration
	effective electronic model is modified as: kinetic energy t = 0.677683
	                                           effective interaction Vq = [      -5,-4.77026,-4.42576,-4.77026,-4.77026,-4.42576,-4.49677,-4.42576,-4.42576,-4.49677,-4.33212,-4.49677,-4.77026,-4.42576,-4.49677,-4.42576]
	PARPACK diagonalization completed after 30 matrix-vector product operations.
	iteration results: : total energy is -93.254587 | electron energy -93.815161 + phonon energy 0.560574 | electron momentum kIdx = 0
The 18-th iteration is completed.	|| time cost : 0h 0m 20.857s
********************************************************************************************************************
Start the 19 rounds of NGS-ED iteration
	effective electronic model is modified as: kinetic energy t = 0.677649
	                                           effective interaction Vq = [      -5,-4.77041,-4.42587,-4.77041,-4.77041,-4.42587,  -4.497,-4.42587,-4.42587,  -4.497,-4.33226,  -4.497,-4.77041,-4.42587,  -4.497,-4.42587]
	PARPACK diagonalization completed after 30 matrix-vector product operations.
	iteration results: : total energy is -93.254587 | electron energy -93.815323 + phonon energy 0.560736 | electron momentum kIdx = 0
The 19-th iteration is completed.	|| time cost : 0h 0m 20.802s
********************************************************************************************************************
Start the 20 rounds of NGS-ED iteration
	effective electronic model is modified as: kinetic energy t = 0.677625
	                                           effective interaction Vq = [      -5,-4.77051,-4.42594,-4.77051,-4.77051,-4.42594,-4.49717,-4.42594,-4.42594,-4.49717,-4.33236,-4.49717,-4.77051,-4.42594,-4.49717,-4.42594]
	PARPACK diagonalization completed after 30 matrix-vector product operations.
	iteration results: : total energy is -93.254588 | electron energy -93.815435 + phonon energy 0.560847 | electron momentum kIdx = 0
	Nq(0) = 16,	Nq(1) = 0.330304,	Nq(2) = 0.337655,	Nq(3) = 0.330304,	Nq(4) = 0.330304,	Nq(5) = 0.337655,	Nq(6) = 0.51991,	Nq(7) = 0.337655,	Nq(8) = 0.337655,	Nq(9) = 0.51991,	Nq(10) = 0.544321,	Nq(11) = 0.51991,	Nq(12) = 0.330304,	Nq(13) = 0.337655,	Nq(14) = 0.51991,	Nq(15) = 0.337655,	Sq(0) = 3.73584e-18,	Sq(1) = 0.396558,	Sq(2) = 0.57863,	Sq(3) = 0.396558,	Sq(4) = 0.396558,	Sq(5) = 0.57863,	Sq(6) = 0.678286,	Sq(7) = 0.57863,	Sq(8) = 0.57863,	Sq(9) = 0.678286,	Sq(10) = 2.25773,	Sq(11) = 0.678286,	Sq(12) = 0.396558,	Sq(13) = 0.57863,	Sq(14) = 0.678286,	Sq(15) = 0.57863,	N(0) = 1.99207,	N(1) = 1.98835,	N(2) = 1,	N(3) = 1.98835,	N(4) = 1.98835,	N(5) = 1,	N(6) = 0.0116519,	N(7) = 1,	N(8) = 1,	N(9) = 0.0116519,	N(10) = 0.00793247,	N(11) = 0.0116519,	N(12) = 1.98835,	N(13) = 1,	N(14) = 0.0116519,	N(15) = 1,	Delta[s](0) = 0.207638,	Delta[s](1) = 0.201993,	Delta[s](2) = 0.184146,	Delta[s](3) = 0.201993,	Delta[s](4) = 0.201993,	Delta[s](5) = 0.184146,	Delta[s](6) = 0.178816,	Delta[s](7) = 0.184146,	Delta[s](8) = 0.184146,	Delta[s](9) = 0.178816,	Delta[s](10) = 0.149805,	Delta[s](11) = 0.178816,	Delta[s](12) = 0.201993,	Delta[s](13) = 0.184146,	Delta[s](14) = 0.178816,	Delta[s](15) = 0.184146,	Delta[d](0) = 0.58446,	Delta[d](1) = 0.405426,	Delta[d](2) = 0.351905,	Delta[d](3) = 0.405426,	Delta[d](4) = 0.405426,	Delta[d](5) = 0.385905,	Delta[d](6) = 0.306464,	Delta[d](7) = 0.385905,	Delta[d](8) = 0.351905,	Delta[d](9) = 0.306464,	Delta[d](10) = 0.19418,	Delta[d](11) = 0.306464,	Delta[d](12) = 0.405426,	Delta[d](13) = 0.385905,	Delta[d](14) = 0.306464,	Delta[d](15) = 0.385905,	Delta[s+](0) = 0.607479,	Delta[s+](1) = 0.49826,	Delta[s+](2) = 0.351905,	Delta[s+](3) = 0.49826,	Delta[s+](4) = 0.49826,	Delta[s+](5) = 0.351905,	Delta[s+](6) = 0.204855,	Delta[s+](7) = 0.351905,	Delta[s+](8) = 0.351905,	Delta[s+](9) = 0.204855,	Delta[s+](10) = 0.0913996,	Delta[s+](11) = 0.204855,	Delta[s+](12) = 0.49826,	Delta[s+](13) = 0.351905,	Delta[s+](14) = 0.204855,	Delta[s+](15) = 0.351905
The 20-th iteration is completed.	|| time cost : 0h 4m 13.52s
********************************************************************************************************************
Start the 21 rounds of NGS-ED iteration
	effective electronic model is modified as: kinetic energy t = 0.677608
	                                           effective interaction Vq = [      -5,-4.77058,-4.42599,-4.77058,-4.77058,-4.42599,-4.49728,-4.42599,-4.42599,-4.49728,-4.33242,-4.49728,-4.77058,-4.42599,-4.49728,-4.42599]
	PARPACK diagonalization completed after 30 matrix-vector product operations.
	iteration results: : total energy is -93.254588 | electron energy -93.815512 + phonon energy 0.560925 | electron momentum kIdx = 0
The 21-th iteration is completed.	|| time cost : 0h 0m 24.269s
********************************************************************************************************************
Start the 22 rounds of NGS-ED iteration
	effective electronic model is modified as: kinetic energy t = 0.677597
	                                           effective interaction Vq = [      -5,-4.77063,-4.42603,-4.77063,-4.77063,-4.42603,-4.49736,-4.42603,-4.42603,-4.49736,-4.33247,-4.49736,-4.77063,-4.42603,-4.49736,-4.42603]
	PARPACK diagonalization completed after 30 matrix-vector product operations.
	iteration results: : total energy is -93.254588 | electron energy -93.815566 + phonon energy 0.560978 | electron momentum kIdx = 0
The 22-th iteration is completed.	|| time cost : 0h 0m 23.815s
********************************************************************************************************************
Start the 23 rounds of NGS-ED iteration
	effective electronic model is modified as: kinetic energy t = 0.677589
	                                           effective interaction Vq = [      -5,-4.77066,-4.42605,-4.77066,-4.77066,-4.42605,-4.49741,-4.42605,-4.42605,-4.49741, -4.3325,-4.49741,-4.77066,-4.42605,-4.49741,-4.42605]
	PARPACK diagonalization completed after 30 matrix-vector product operations.
	iteration results: : total energy is -93.254588 | electron energy -93.815603 + phonon energy 0.561015 | electron momentum kIdx = 0
The 23-th iteration is completed.	|| time cost : 0h 0m 24.324s
