SNEDics v3.2 diagonalization test program		Start at Sun May 12 23:48:08 2019

parallized on 80 MPI threads  * 3 OpenMP threads = 240 total threads.
************************************************************************************
************************************************************************************

Input file "model_params.in"
Hubbard-Holstein model parameters : 	t = 1    U = 3    g = 4.4721    W = 5    
************************************************************************************
Input file "hilbertspace_params.in"

Cluster Positions:				Cluster symmetry group : D4
 x ... x ... x ... x .....                       x ... x ... x ... x .....
 |           |           :                       |           |           :
 |           |           :                       |           |           :
12    13    14    15     x                       1     5     6     5     x
 |           |           :                       |           |           :
 |           |           :                       |           |           :
 8 --- 9 ---10 ---11 --- x                       2 --- 6 ---10 --- 6 --- x
 |           |           :                       |           |           :
 |           |           :                       |           |           :
 4     5     6     7     x                       1     5     6     5     x
 |           |           :                       |           |           :
 |           |           :                       |           |           :
 0 --- 1 --- 2 --- 3 --- x                       0 --- 1 --- 2 --- 1 --- x
orbital number : 1
************************************************************************************
** NOTE ** Detected low phonon energy W < 10. The initial state will be prepared through a warm-up process.
starting warm-up calculation for scaling factor 2
0 rounds of non-Gaussian ED iteration : ground-state energy is -17.3 | electron energy -17.3 + phonon energy 0 | electron momentum kIdx = 5
Nq = 	12.25	0.242164	0.330593	0.242164	0.242164	0.358334	0.421131	0.33035	0.330593	0.421131	0.474735	0.421131	0.242164	0.33035	0.421131	0.358334
Sq = 	-3.89813e-19	0.451018	0.616555	0.451018	0.451018	0.57918	0.795639	0.613312	0.616555	0.795639	1.97881	0.795639	0.451018	0.613312	0.795639	0.57918
1 rounds of non-Gaussian ED iteration : ground-state energy is -83.0022 | electron energy -83.0144 + phonon energy 0.0121976 | electron momentum kIdx = 5
Nq = 	12.25	0.496976	0.675373	0.496976	0.496976	1.09376	0.81302	0.686602	0.675373	0.81302	1.27037	0.81302	0.496976	0.686602	0.81302	1.09376
Sq = 	2.72847e-18	0.202203	0.281289	0.202203	0.202203	0.263729	0.363654	0.278089	0.281289	0.363654	0.418539	0.363654	0.202203	0.278089	0.363654	0.263729
2 rounds of non-Gaussian ED iteration : ground-state energy is -94.5841 | electron energy -94.6568 + phonon energy 0.0727266 | electron momentum kIdx = 5
Nq = 	12.25	0.467715	0.616564	0.467715	0.467715	1.19258	0.843654	0.624259	0.616564	0.843654	2.84989	0.843654	0.467715	0.624259	0.843654	1.19258
Sq = 	1.74213e-18	0.116722	0.183495	0.116722	0.116722	0.175996	0.238665	0.180024	0.183495	0.238665	0.287246	0.238665	0.116722	0.180024	0.238665	0.175996
3 rounds of non-Gaussian ED iteration : ground-state energy is -96.515 | electron energy -96.6117 + phonon energy 0.096632 | electron momentum kIdx = 5
Nq = 	12.25	0.395691	0.513604	0.395691	0.395691	0.928026	0.728327	0.519949	0.513604	0.728327	5.01751	0.728327	0.395691	0.519949	0.728327	0.928026
Sq = 	8.19027e-19	0.0925482	0.15217	0.0925482	0.0925482	0.146751	0.200472	0.149359	0.15217	0.200472	0.244616	0.200472	0.0925482	0.149359	0.200472	0.146751
4 rounds of non-Gaussian ED iteration : ground-state energy is -96.806 | electron energy -96.9055 + phonon energy 0.0994635 | electron momentum kIdx = 5
Nq = 	12.25	0.377294	0.482149	0.377294	0.377294	0.838466	0.683152	0.488501	0.482149	0.683152	5.70763	0.683152	0.377294	0.488501	0.683152	0.838466
Sq = 	-1.22955e-18	0.0861684	0.143454	0.0861684	0.0861684	0.13861	0.189832	0.140877	0.143454	0.189832	0.232468	0.189832	0.0861684	0.140877	0.189832	0.13861
5 rounds of non-Gaussian ED iteration : ground-state energy is -96.8445 | electron energy -96.9436 + phonon energy 0.0990844 | electron momentum kIdx = 5
Nq = 	12.25	0.374162	0.475685	0.374162	0.374162	0.819889	0.67324	0.482095	0.475685	0.67324	5.85339	0.67324	0.374162	0.482095	0.67324	0.819889
Sq = 	-1.3375e-18	0.084692	0.141407	0.084692	0.084692	0.136701	0.187328	0.138887	0.141407	0.187328	0.229596	0.187328	0.084692	0.138887	0.187328	0.136701
6 rounds of non-Gaussian ED iteration : ground-state energy is -96.8494 | electron energy -96.9484 + phonon energy 0.0990239 | electron momentum kIdx = 5
Nq = 	12.25	0.373511	0.474023	0.373511	0.373511	0.814971	0.670515	0.480471	0.474023	0.670515	5.89132	0.670515	0.373511	0.480471	0.670515	0.814971
Sq = 	-1.36323e-18	0.0843072	0.140872	0.0843072	0.0843072	0.136202	0.186673	0.138367	0.140872	0.186673	0.228844	0.186673	0.0843072	0.138367	0.186673	0.136202
Ground state is obtained after 7 iterations. The current ground-state energy is -96.85, in which electron energy is -96.9491 and phonon energy is 0.0990477
final variational state is: 
Gamma_x =       1 1.02406 1.04354 1.02413 1.02406 1.04945 1.06397 1.04368 1.04354 1.06397 1.10603 1.06402 1.02413 1.04368 1.06402 1.04771
lambda_q = 0.631874  0.57649  0.55078 0.577286  0.57649 0.587694 0.547855 0.551737  0.55078 0.547855 0.617749 0.548056 0.577286 0.551737 0.548056 0.577281
o___o  -------------------------------------
| L |	Time since last clock: 0h 29m 28.208s
A===A	Time since the beginning: 0h 29m 28.208s
********************************************

************************************************************************************
Warm up completed
o___o  -------------------------------------
| L |	Time since last clock: 0h 0m 0.039s
A===A	Time since the beginning: 0h 29m 28.247s
********************************************

************************************************************************************
0 rounds of non-Gaussian ED iteration : ground-state energy is -86.7446 | electron energy -86.7941 + phonon energy 0.0495239 | electron momentum kIdx = 5
Nq = 	12.25	0.335776	0.410425	0.335776	0.335776	0.617545	0.545364	0.414565	0.410425	0.545364	6.74617	0.545364	0.335776	0.414565	0.545364	0.617545
Sq = 	1.30794e-20	0.105734	0.170912	0.105734	0.105734	0.162786	0.22404	0.168203	0.170912	0.22404	0.271297	0.22404	0.105734	0.168203	0.22404	0.162786
1 rounds of non-Gaussian ED iteration : ground-state energy is -91.5866 | electron energy -91.7545 + phonon energy 0.167844 | electron momentum kIdx = 5
Nq = 	12.25	0.313652	0.359336	0.313652	0.313652	0.47395	0.449423	0.362575	0.359336	0.449423	8.40888	0.449423	0.313652	0.362575	0.449423	0.47395
Sq = 	-2.3555e-19	0.0721288	0.124447	0.0721288	0.0721288	0.120078	0.166945	0.122778	0.124447	0.166945	0.206201	0.166945	0.0721288	0.122778	0.166945	0.120078
2 rounds of non-Gaussian ED iteration : ground-state energy is -93.3848 | electron energy -93.5939 + phonon energy 0.209151 | electron momentum kIdx = 5
Nq = 	12.25	0.308624	0.346595	0.308624	0.308624	0.43484	0.421149	0.349415	0.346595	0.421149	8.91744	0.421149	0.308624	0.349415	0.421149	0.43484
Sq = 	-5.7487e-20	0.0612287	0.107977	0.0612287	0.0612287	0.104831	0.146426	0.106675	0.107977	0.146426	0.182183	0.146426	0.0612287	0.106675	0.146426	0.104831
3 rounds of non-Gaussian ED iteration : ground-state energy is -94.0137 | electron energy -94.2341 + phonon energy 0.220358 | electron momentum kIdx = 5
Nq = 	12.25	0.308422	0.344546	0.308422	0.308422	0.426126	0.413944	0.347279	0.344546	0.413944	9.06935	0.413944	0.308422	0.347279	0.413944	0.426126
Sq = 	-3.35742e-19	0.0571078	0.101493	0.0571078	0.0571078	0.0988399	0.138258	0.10032	0.101493	0.138258	0.172515	0.138258	0.0571078	0.10032	0.138258	0.0988399
4 rounds of non-Gaussian ED iteration : ground-state energy is -94.2313 | electron energy -94.4558 + phonon energy 0.224495 | electron momentum kIdx = 5
Nq = 	12.25	0.309493	0.345437	0.309493	0.309493	0.426381	0.413311	0.348198	0.345437	0.413311	9.10699	0.413311	0.309493	0.348198	0.413311	0.426381
Sq = 	-5.50711e-19	0.0552909	0.0985684	0.0552909	0.0552909	0.0961504	0.134546	0.0974452	0.0985684	0.134546	0.168093	0.134546	0.0552909	0.0974452	0.134546	0.0961504
5 rounds of non-Gaussian ED iteration : ground-state energy is -94.3072 | electron energy -94.5342 + phonon energy 0.226999 | electron momentum kIdx = 5
Nq = 	12.25	0.310695	0.34694	0.310695	0.310695	0.429153	0.414652	0.349755	0.34694	0.414652	9.10709	0.414652	0.310695	0.349755	0.414652	0.429153
Sq = 	2.92692e-19	0.0543895	0.097095	0.0543895	0.0543895	0.0948015	0.132664	0.0959924	0.097095	0.132664	0.165841	0.132664	0.0543895	0.0959924	0.132664	0.0948015
6 rounds of non-Gaussian ED iteration : ground-state energy is -94.3341 | electron energy -94.563 + phonon energy 0.228876 | electron momentum kIdx = 5
Nq = 	12.25	0.311699	0.348336	0.311699	0.311699	0.432282	0.416395	0.351202	0.348336	0.416395	9.09618	0.416395	0.311699	0.351202	0.416395	0.432282
Sq = 	2.96001e-19	0.0539012	0.0962882	0.0539012	0.0539012	0.0940654	0.131627	0.0951939	0.0962882	0.131627	0.164596	0.131627	0.0539012	0.0951939	0.131627	0.0940654
7 rounds of non-Gaussian ED iteration : ground-state energy is -94.3439 | electron energy -94.5742 + phonon energy 0.230306 | electron momentum kIdx = 5
Nq = 	12.25	0.312458	0.349451	0.312458	0.312458	0.43507	0.418015	0.352355	0.349451	0.418015	9.08355	0.418015	0.312458	0.352355	0.418015	0.43507
Sq = 	1.01057e-19	0.05362	0.0958195	0.05362	0.05362	0.0936387	0.131021	0.0947282	0.0958195	0.131021	0.163867	0.131021	0.05362	0.0947282	0.131021	0.0936387
8 rounds of non-Gaussian ED iteration : ground-state energy is -94.3475 | electron energy -94.5788 + phonon energy 0.231374 | electron momentum kIdx = 5
Nq = 	12.25	0.313008	0.350286	0.313008	0.313008	0.437346	0.419366	0.353219	0.350286	0.419366	9.07224	0.419366	0.313008	0.353219	0.419366	0.437346
Sq = 	-2.53552e-19	0.0534511	0.095536	0.0534511	0.0534511	0.0933809	0.130653	0.0944453	0.095536	0.130653	0.163422	0.130653	0.0534511	0.0944453	0.130653	0.0933809
9 rounds of non-Gaussian ED iteration : ground-state energy is -94.3488 | electron energy -94.581 + phonon energy 0.232156 | electron momentum kIdx = 5
Nq = 	12.25	0.313397	0.350894	0.313397	0.313397	0.439125	0.420435	0.353846	0.350894	0.420435	9.06303	0.420435	0.313397	0.353846	0.420435	0.439125
Sq = 	-7.34422e-19	0.0533464	0.0953594	0.0533464	0.0533464	0.0932205	0.130422	0.0942683	0.0953594	0.130422	0.163143	0.130422	0.0533464	0.0942683	0.130422	0.0932205
10 rounds of non-Gaussian ED iteration : ground-state energy is -94.3494 | electron energy -94.5821 + phonon energy 0.232723 | electron momentum kIdx = 5
Nq = 	12.25	0.313671	0.351329	0.313671	0.313671	0.440482	0.421258	0.354294	0.351329	0.421258	9.05585	0.421258	0.313671	0.354294	0.421258	0.440482
Sq = 	-2.4855e-19	0.0532802	0.095247	0.0532802	0.0532802	0.0931185	0.130275	0.0941552	0.095247	0.130275	0.162963	0.130275	0.0532802	0.0941552	0.130275	0.0931185
11 rounds of non-Gaussian ED iteration : ground-state energy is -94.3496 | electron energy -94.5827 + phonon energy 0.233134 | electron momentum kIdx = 5
Nq = 	12.25	0.313863	0.351638	0.313863	0.313863	0.4415	0.421881	0.354612	0.351638	0.421881	9.0504	0.421881	0.313863	0.354612	0.421881	0.4415
Sq = 	-2.08181e-19	0.0532375	0.0951743	0.0532375	0.0532375	0.0930525	0.130179	0.0940816	0.0951743	0.130179	0.162846	0.130179	0.0532375	0.0940816	0.130179	0.0930525
12 rounds of non-Gaussian ED iteration : ground-state energy is -94.3496 | electron energy -94.5831 + phonon energy 0.23343 | electron momentum kIdx = 5
Nq = 	12.25	0.313997	0.351856	0.313997	0.313997	0.442255	0.422345	0.354835	0.351856	0.422345	9.04633	0.422345	0.313997	0.354835	0.422345	0.442255
Sq = 	6.70858e-20	0.0532096	0.0951264	0.0532096	0.0532096	0.0930091	0.130115	0.094033	0.0951264	0.130115	0.162769	0.130115	0.0532096	0.094033	0.130115	0.0930091
13 rounds of non-Gaussian ED iteration : ground-state energy is -94.3497 | electron energy -94.5833 + phonon energy 0.233644 | electron momentum kIdx = 5
Nq = 	12.25	0.314091	0.352009	0.314091	0.314091	0.442811	0.422689	0.354992	0.352009	0.422689	9.04333	0.422689	0.314091	0.354992	0.422689	0.442811
Sq = 	5.12767e-19	0.0531911	0.0950946	0.0531911	0.0531911	0.0929802	0.130073	0.0940006	0.0950946	0.130073	0.162717	0.130073	0.0531911	0.0940006	0.130073	0.0929802
14 rounds of non-Gaussian ED iteration : ground-state energy is -94.3497 | electron energy -94.5835 + phonon energy 0.233798 | electron momentum kIdx = 5
Nq = 	12.25	0.314156	0.352117	0.314156	0.314156	0.443218	0.422941	0.355102	0.352117	0.422941	9.04114	0.422941	0.314156	0.355102	0.422941	0.443218
Sq = 	-6.66143e-19	0.0531786	0.0950733	0.0531786	0.0531786	0.0929608	0.130044	0.0939787	0.0950733	0.130044	0.162682	0.130044	0.0531786	0.0939787	0.130044	0.0929608
15 rounds of non-Gaussian ED iteration : ground-state energy is -94.3497 | electron energy -94.5836 + phonon energy 0.23391 | electron momentum kIdx = 5
Nq = 	12.25	0.314202	0.352192	0.314202	0.314202	0.443514	0.423126	0.35518	0.352192	0.423126	9.03954	0.423126	0.314202	0.35518	0.423126	0.443514
Sq = 	5.7516e-21	0.0531702	0.0950587	0.0531702	0.0531702	0.0929476	0.130025	0.0939637	0.0950587	0.130025	0.162658	0.130025	0.0531702	0.0939637	0.130025	0.0929476
16 rounds of non-Gaussian ED iteration : ground-state energy is -94.3497 | electron energy -94.5837 + phonon energy 0.23399 | electron momentum kIdx = 5
Nq = 	12.25	0.314235	0.352246	0.314235	0.314235	0.443729	0.423261	0.355234	0.352246	0.423261	9.03838	0.423261	0.314235	0.355234	0.423261	0.443729
Sq = 	2.62238e-19	0.0531645	0.0950488	0.0531645	0.0531645	0.0929385	0.130011	0.0939535	0.0950488	0.130011	0.162641	0.130011	0.0531645	0.0939535	0.130011	0.0929385
17 rounds of non-Gaussian ED iteration : ground-state energy is -94.3497 | electron energy -94.5838 + phonon energy 0.234049 | electron momentum kIdx = 5
Nq = 	12.25	0.314258	0.352283	0.314258	0.314257	0.443884	0.423358	0.355272	0.352283	0.423358	9.03754	0.423358	0.314257	0.355272	0.423358	0.443884
Sq = 	1.6423e-19	0.0531605	0.0950419	0.0531605	0.0531605	0.0929323	0.130002	0.0939464	0.0950419	0.130002	0.16263	0.130002	0.0531605	0.0939464	0.130002	0.0929323
Ground state is obtained after 18 iterations. The current ground-state energy is -94.3497, in which electron energy is -94.5838 and phonon energy is 0.23409
final variational state is: 
Gamma_x =       1 1.05907 1.09675 1.05908 1.05907 1.10556  1.1311 1.09708 1.09675  1.1311 1.27408  1.1311 1.05908 1.09708  1.1311 1.10524
lambda_q = 0.894388 0.776673 0.709255  0.77675 0.776673 0.742442 0.679648 0.710536 0.709255 0.679648 0.879023 0.679651  0.77675 0.710536 0.679651 0.741249
o___o  -------------------------------------
| L |	Time since last clock: 1h 10m 18.991s
A===A	Time since the beginning: 1h 39m 47.238s
********************************************

************************************************************************************
