SNEDics v3.21.4 Non-Gaussian ED ground state program		Start at Tue Jul 27 23:45:44 2021

parallized on 32 MPI threads  * 8 OpenMP threads = 256 total threads.
********************************************************************************************************************
********************************************************************************************************************

********************************************************************************************************************
System parameters and configurations
	special program options are enabled: splitted diagonal Hamiltonian | splitted Hamiltonian terms
********************************************************************************************************************
Read input file "model_params.in"
	Hubbard-Holstein model parameters : 	t = 1    U = 8    g = 0.14    W = 0.2    g' = 0.04    
********************************************************************************************************************
Read input file "hilbertspace_params.in"
	Requested 16-site 2D lattice, with 14 electrons (7, 7)
	Boundary : Periodic		Hilbert space representation : momentum-space (restricted to kIdx = 0)
	Conservation: particle number[U(1)]      spin[U(1)]     momentum
********************************************************************************************************************

Cluster Positions:				Cluster symmetry group : D4
 x ... x ... x ... x .....                       x ... x ... x ... x .....
 |           |           :                       |           |           :
 |           |           :                       |           |           :
12    13    14    15     x                       1     5     6     5     x
 |           |           :                       |           |           :
 |           |           :                       |           |           :
 8 --- 9 ---10 ---11 --- x                       2 --- 6 ---10 --- 6 --- x
 |           |           :                       |           |           :
 |           |           :                       |           |           :
 4     5     6     7     x                       1     5     6     5     x
 |           |           :                       |           |           :
 |           |           :                       |           |           :
 0 --- 1 --- 2 --- 3 --- x                       0 --- 1 --- 2 --- 1 --- x
orbital number : 1
********************************************************************************************************************
Read input file "obs_params.in"
	Observable Type : Nq(All),   Sq(All),   N(All),   Delta[s](All),   Delta[d](All),   Delta[s+](All)
** WARNING ** the input observables have non-local factors which have been reinterpreted. The total observable number is 96
********************************************************************************************************************


********************************************************************************************************************
Start calculating the non-Gaussian ED ground state
Maximal iteration number is 1000; energy resolution is 1e-06. Phonon state relaxation time is 2000
W = 0.2 is relatively large. The non-Gaussian ED calculation starts directly.
open output files: NGSED_iteration_obserbles.txt
********************************************************************************************************************
Start the 0 rounds of NGS-ED iteration
	effective electronic model is modified as: kinetic energy t = 1
	                                           effective interaction Vq = [0,0,0,0,0,0,0,0,0,0,0,0,0,0,0,0]
	first Hamiltonian is constructed, size = 8179600 and non-zero numbers = 2178478298
	PARPACK diagonalization completed after 180 matrix-vector product operations.
	iteration results: : total energy is -11.868836 | electron energy -11.868836 + phonon energy 0.000000 | electron momentum kIdx = 0
	Nq(0) = 12.25,	Nq(1) = 0.154193,	Nq(2) = 0.185311,	Nq(3) = 0.154193,	Nq(4) = 0.154193,	Nq(5) = 0.203281,	
	Nq(6) = 0.235634,	Nq(7) = 0.203281,	Nq(8) = 0.185311,	Nq(9) = 0.235634,	Nq(10) = 0.275446,	
	Nq(11) = 0.235634,	Nq(12) = 0.154193,	Nq(13) = 0.203281,	Nq(14) = 0.235634,	Nq(15) = 0.203281;	
	Sq(0) = -1.83137e-18,	Sq(1) = 0.474292,	Sq(2) = 0.766364,	Sq(3) = 0.474292,	Sq(4) = 0.474292,	
	Sq(5) = 0.630724,	Sq(6) = 1.05279,	Sq(7) = 0.630724,	Sq(8) = 0.766364,	Sq(9) = 1.05279,	
	Sq(10) = 2.56755,	Sq(11) = 1.05279,	Sq(12) = 0.474292,	Sq(13) = 0.630724,	Sq(14) = 1.05279,	
	Sq(15) = 0.630724;	N(0) = 1.75464,	N(1) = 1.59086,	N(2) = 0.323321,	N(3) = 1.59086,	
	N(4) = 1.59086,	N(5) = 0.999881,	N(6) = 0.267546,	N(7) = 0.999881,	N(8) = 0.323321,	
	N(9) = 0.267546,	N(10) = 0.165565,	N(11) = 0.267546,	N(12) = 1.59086,	N(13) = 0.999881,	
	N(14) = 0.267546,	N(15) = 0.999881;	Delta[s](0) = 0.0792876,	Delta[s](1) = 0.0592363,	Delta[s](2) = 0.0354096,	
	Delta[s](3) = 0.0592363,	Delta[s](4) = 0.0592363,	Delta[s](5) = 0.0422953,	Delta[s](6) = 0.0194754,	Delta[s](7) = 0.0422953,	
	Delta[s](8) = 0.0354096,	Delta[s](9) = 0.0194754,	Delta[s](10) = 0.000115484,	Delta[s](11) = 0.0194754,	Delta[s](12) = 0.0592363,	
	Delta[s](13) = 0.0422953,	Delta[s](14) = 0.0194754,	Delta[s](15) = 0.0422953;	Delta[d](0) = 0.275861,	Delta[d](1) = 0.189735,	
	Delta[d](2) = 0.199506,	Delta[d](3) = 0.189735,	Delta[d](4) = 0.189735,	Delta[d](5) = 0.17646,	Delta[d](6) = 0.132368,	
	Delta[d](7) = 0.17646,	Delta[d](8) = 0.199506,	Delta[d](9) = 0.132368,	Delta[d](10) = 0.053379,	Delta[d](11) = 0.132368,	
	Delta[d](12) = 0.189735,	Delta[d](13) = 0.17646,	Delta[d](14) = 0.132368,	Delta[d](15) = 0.17646;	Delta[s+](0) = 0.559593,	
	Delta[s+](1) = 0.416669,	Delta[s+](2) = 0.199506,	Delta[s+](3) = 0.416669,	Delta[s+](4) = 0.416669,	Delta[s+](5) = 0.291202,	
	Delta[s+](6) = 0.126015,	Delta[s+](7) = 0.291202,	Delta[s+](8) = 0.199506,	Delta[s+](9) = 0.126015,	Delta[s+](10) = 0.0381741,	
	Delta[s+](11) = 0.126015,	Delta[s+](12) = 0.416669,	Delta[s+](13) = 0.291202,	Delta[s+](14) = 0.126015,	Delta[s+](15) = 0.291202
	
The 0-th iteration is completed.	|| time cost : 0h 4m 46.827s
********************************************************************************************************************
Start the 1 rounds of NGS-ED iteration
	effective electronic model is modified as: kinetic energy t = 0.999265
	                                           effective interaction Vq = [       -0.45,  -0.0263976, -0.00655754,  -0.0263976,  -0.0263976, -0.00716612, -0.00102427, -0.00716612, -0.00655754, -0.00102427,-0.000100208, -0.00102427,  -0.0263976, -0.00716612, -0.00102427, -0.00716612]
	PARPACK diagonalization completed after 60 matrix-vector product operations.
	iteration results: : total energy is -17.394338 | electron energy -17.394431 + phonon energy 0.000092 | electron momentum kIdx = 0
The 1-th iteration is completed.	|| time cost : 0h 3m 0.039s
********************************************************************************************************************
Start the 2 rounds of NGS-ED iteration
	effective electronic model is modified as: kinetic energy t = 0.999264
	                                           effective interaction Vq = [       -0.45,  -0.0264376, -0.00655734,  -0.0264376,  -0.0264376, -0.00716556, -0.00102396, -0.00716556, -0.00655734, -0.00102396,-0.000100184, -0.00102396,  -0.0264376, -0.00716556, -0.00102396, -0.00716556]
	PARPACK diagonalization completed after 30 matrix-vector product operations.
	iteration results: : total energy is -17.394339 | electron energy -17.394431 + phonon energy 0.000093 | electron momentum kIdx = 0
The 2-th iteration is completed.	|| time cost : 0h 0m 22.039s
********************************************************************************************************************
Start the 3 rounds of NGS-ED iteration
	effective electronic model is modified as: kinetic energy t = 0.999264
	                                           effective interaction Vq = [       -0.45,  -0.0264377, -0.00655734,  -0.0264377,  -0.0264377, -0.00716556, -0.00102396, -0.00716556, -0.00655734, -0.00102396,-0.000100184, -0.00102396,  -0.0264377, -0.00716556, -0.00102396, -0.00716556]
	PARPACK diagonalization completed after 30 matrix-vector product operations.
	iteration results: : total energy is -17.394339 | electron energy -17.394431 + phonon energy 0.000093 | electron momentum kIdx = 0
	Nq(0) = 12.25,	Nq(1) = 0.154505,	Nq(2) = 0.185385,	Nq(3) = 0.154505,	Nq(4) = 0.154505,	Nq(5) = 0.203352,	
	Nq(6) = 0.235663,	Nq(7) = 0.203352,	Nq(8) = 0.185385,	Nq(9) = 0.235663,	Nq(10) = 0.275498,	
	Nq(11) = 0.235663,	Nq(12) = 0.154505,	Nq(13) = 0.203352,	Nq(14) = 0.235663,	Nq(15) = 0.203352;	
	Sq(0) = -1.61723e-18,	Sq(1) = 0.474039,	Sq(2) = 0.766185,	Sq(3) = 0.474039,	Sq(4) = 0.474039,	
	Sq(5) = 0.630596,	Sq(6) = 1.05286,	Sq(7) = 0.630596,	Sq(8) = 0.766185,	Sq(9) = 1.05286,	
	Sq(10) = 2.56731,	Sq(11) = 1.05286,	Sq(12) = 0.474039,	Sq(13) = 0.630596,	Sq(14) = 1.05286,	
	Sq(15) = 0.630596;	N(0) = 1.75493,	N(1) = 1.59134,	N(2) = 0.322988,	N(3) = 1.59134,	
	N(4) = 1.59134,	N(5) = 0.999787,	N(6) = 0.267275,	N(7) = 0.999787,	N(8) = 0.322988,	
	N(9) = 0.267275,	N(10) = 0.165501,	N(11) = 0.267275,	N(12) = 1.59134,	N(13) = 0.999787,	
	N(14) = 0.267275,	N(15) = 0.999787;	Delta[s](0) = 0.0793982,	Delta[s](1) = 0.059321,	Delta[s](2) = 0.0354539,	
	Delta[s](3) = 0.059321,	Delta[s](4) = 0.059321,	Delta[s](5) = 0.0423634,	Delta[s](6) = 0.0195038,	Delta[s](7) = 0.0423634,	
	Delta[s](8) = 0.0354539,	Delta[s](9) = 0.0195038,	Delta[s](10) = 0.000115938,	Delta[s](11) = 0.0195038,	Delta[s](12) = 0.059321,	
	Delta[s](13) = 0.0423634,	Delta[s](14) = 0.0195038,	Delta[s](15) = 0.0423634;	Delta[d](0) = 0.276428,	Delta[d](1) = 0.189727,	
	Delta[d](2) = 0.199493,	Delta[d](3) = 0.189727,	Delta[d](4) = 0.189727,	Delta[d](5) = 0.176442,	Delta[d](6) = 0.132306,	
	Delta[d](7) = 0.176442,	Delta[d](8) = 0.199493,	Delta[d](9) = 0.132306,	Delta[d](10) = 0.0533881,	Delta[d](11) = 0.132306,	
	Delta[d](12) = 0.189727,	Delta[d](13) = 0.176442,	Delta[d](14) = 0.132306,	Delta[d](15) = 0.176442;	Delta[s+](0) = 0.559732,	
	Delta[s+](1) = 0.416752,	Delta[s+](2) = 0.199493,	Delta[s+](3) = 0.416752,	Delta[s+](4) = 0.416752,	Delta[s+](5) = 0.291215,	
	Delta[s+](6) = 0.125973,	Delta[s+](7) = 0.291215,	Delta[s+](8) = 0.199493,	Delta[s+](9) = 0.125973,	Delta[s+](10) = 0.0381424,	
	Delta[s+](11) = 0.125973,	Delta[s+](12) = 0.416752,	Delta[s+](13) = 0.291215,	Delta[s+](14) = 0.125973,	Delta[s+](15) = 0.291215
	
The 3-th iteration is completed.	|| time cost : 0h 3m 9.925s
********************************************************************************************************************
********************************************************************************************************************
Ground state is obtained after 4 iterations. The current ground-state energy is -17.3943, in which electron energy is -17.3944 and phonon energy is 9.27317e-05
Final variational state is: 
	Gamma_x = [      1,1.02003,1.00599,1.02003,1.02003,1.00717,1.00119,1.00717,1.00599,1.00119,1.00014,1.00119,1.02003,1.00717,1.00119,1.00717]
	lambda_q = [        1.5,   0.061823,  0.0238245,   0.061823,   0.061823,   0.026077, 0.00865794,   0.026077,  0.0238245, 0.00865794,-0.00253678, 0.00865794,   0.061823,   0.026077, 0.00865794,   0.026077]
Effective e-e interactions mediated by phonons are:
	momentum-space Vq = [       -0.45,  -0.0264377, -0.00655734,  -0.0264377,  -0.0264377, -0.00716556, -0.00102396, -0.00716556, -0.00655734, -0.00102396,-0.000100184, -0.00102396,  -0.0264377, -0.00716556, -0.00102396, -0.00716556]
	real-space Vr = [-0.0376077,-0.0312955,-0.0271595,-0.0312955,-0.0312955,-0.0273116, -0.024942,-0.0273116,-0.0271595, -0.024942,-0.0238769, -0.024942,-0.0312955,-0.0273116, -0.024942,-0.0273116]
********************************************************************************************************************
o___o  ----------------------------------------
| L |	Time since last clock: 0h 0m 0.01s
A===A	Time since the beginning: 0h 11m 18.841s
***********************************************


Non-Gaussina ED ground state calculation is completed. The final ground-state energy is -17.3943
********************************************************************************************************************
o___o  ----------------------------------------
| L |	Time since last clock: 0h 0m 0.003s
A===A	Time since the beginning: 0h 11m 18.845s
***********************************************



********************************************************************************************************************
All non-Gaussian ED ground state calculations have been completed. Exit now.
