SNEDics v3.2 diagonalization test program		Start at Fri Apr 26 23:36:10 2019

parallized on 80 MPI threads  * 6 OpenMP threads = 480 total threads.
************************************************************************************
************************************************************************************

Input file "model_params.in"
Hubbard-Holstein model parameters : 	t = 1    U = 1    g = 2.2361    W = 1    
************************************************************************************
Input file "hilbertspace_params.in"

Cluster Positions:				Cluster symmetry group : D4
 x ... x ... x ... x .....                       x ... x ... x ... x .....
 |           |           :                       |           |           :
 |           |           :                       |           |           :
12    13    14    15     x                       1     5     6     5     x
 |           |           :                       |           |           :
 |           |           :                       |           |           :
 8 --- 9 ---10 ---11 --- x                       2 --- 6 ---10 --- 6 --- x
 |           |           :                       |           |           :
 |           |           :                       |           |           :
 4     5     6     7     x                       1     5     6     5     x
 |           |           :                       |           |           :
 |           |           :                       |           |           :
 0 --- 1 --- 2 --- 3 --- x                       0 --- 1 --- 2 --- 1 --- x
orbital number : 1
************************************************************************************
0 rounds of non-Gaussian ED iteration : ground-state energy is -20.7936 | electron energy -20.7936 + phonon energy 0 | electron momentum kIdx = 0
Nq = 	16	0.302822	0.345909	0.302822	0.302822	0.345909	0.526848	0.345909	0.345909	0.526848	0.574284	0.526848	0.302822	0.345909	0.526848	0.345909
Sq = 	-2.54719e-18	0.397734	0.575092	0.397734	0.397734	0.575092	0.677148	0.575092	0.575092	0.677148	2.2815	0.677148	0.397734	0.575092	0.677148	0.575092
1 rounds of non-Gaussian ED iteration : ground-state energy is -40.194 | electron energy -40.1942 + phonon energy 0.000199034 | electron momentum kIdx = 0
Nq = 	16	0.40341	0.731167	0.40341	0.40341	0.731167	0.658898	0.731167	0.731167	0.658898	0.945662	0.658898	0.40341	0.731167	0.658898	0.731167
Sq = 	4.26865e-18	0.338373	0.361837	0.338373	0.338373	0.361837	0.573144	0.361837	0.361837	0.573145	0.601016	0.573145	0.338373	0.361837	0.573144	0.361837
2 rounds of non-Gaussian ED iteration : ground-state energy is -56.3946 | electron energy -56.4012 + phonon energy 0.00665676 | electron momentum kIdx = 0
Nq = 	16	0.455447	0.800074	0.455447	0.455447	0.800074	0.715099	0.800074	0.800074	0.715099	1.14833	0.715099	0.455447	0.800074	0.715099	0.800074
Sq = 	-3.03029e-18	0.262458	0.321505	0.262458	0.262458	0.321505	0.465825	0.321505	0.321505	0.465825	0.526876	0.465825	0.262458	0.321505	0.465825	0.321505
3 rounds of non-Gaussian ED iteration : ground-state energy is -69.7134 | electron energy -69.7545 + phonon energy 0.0411121 | electron momentum kIdx = 0
Nq = 	16	0.504864	0.849995	0.504864	0.504864	0.849996	0.749835	0.849996	0.849996	0.749835	1.46729	0.749835	0.504864	0.849996	0.749835	0.849996
Sq = 	-4.00924e-18	0.201579	0.27474	0.201579	0.201579	0.27474	0.378196	0.27474	0.27474	0.378196	0.446403	0.378196	0.201579	0.27474	0.378196	0.27474
4 rounds of non-Gaussian ED iteration : ground-state energy is -81.3025 | electron energy -81.4298 + phonon energy 0.127294 | electron momentum kIdx = 0
Nq = 	16	0.452799	0.697665	0.452799	0.452799	0.697666	0.685717	0.697666	0.697666	0.685717	3.87474	0.685717	0.452799	0.697666	0.685717	0.697666
Sq = 	1.52914e-18	0.141982	0.215922	0.141982	0.141982	0.215922	0.291531	0.215922	0.215922	0.291531	0.355616	0.291531	0.141982	0.215922	0.291531	0.215922
5 rounds of non-Gaussian ED iteration : ground-state energy is -93.6162 | electron energy -93.8841 + phonon energy 0.267899 | electron momentum kIdx = 0
Nq = 	16	0.0884372	0.159392	0.0884372	0.0884372	0.159392	0.226238	0.159392	0.159392	0.226238	11.94	0.226238	0.0884372	0.159392	0.226238	0.159392
Sq = 	-2.69789e-19	0.0674323	0.118211	0.0674323	0.0674323	0.118211	0.164613	0.118211	0.118211	0.164613	0.207524	0.164613	0.0674323	0.118211	0.164613	0.118211
6 rounds of non-Gaussian ED iteration : ground-state energy is -106.845 | electron energy -107.214 + phonon energy 0.36897 | electron momentum kIdx = 0
Nq = 	16	0.0344802	0.0665061	0.0344802	0.0344802	0.0665061	0.0971472	0.0665061	0.0665061	0.0971472	14.0874	0.0971472	0.0344802	0.0665061	0.0971472	0.0665061
Sq = 	7.87275e-19	0.0330978	0.0626866	0.0330978	0.0330978	0.0626866	0.0904046	0.0626866	0.0626866	0.0904046	0.116918	0.0904046	0.0330978	0.0626866	0.0904046	0.0626866
7 rounds of non-Gaussian ED iteration : ground-state energy is -118.513 | electron energy -118.903 + phonon energy 0.389831 | electron momentum kIdx = 0
Nq = 	16	0.0219787	0.0428583	0.0219787	0.0219787	0.0428583	0.0630105	0.0428583	0.0428583	0.0630105	14.7341	0.0630105	0.0219787	0.0428583	0.0630105	0.0428583
Sq = 	-2.13478e-20	0.0217956	0.0422468	0.0217956	0.0217956	0.0422468	0.0618278	0.0422468	0.0422468	0.0618278	0.0808075	0.0618278	0.0217956	0.0422468	0.0618278	0.0422468
8 rounds of non-Gaussian ED iteration : ground-state energy is -127.655 | electron energy -128.04 + phonon energy 0.384731 | electron momentum kIdx = 0
Nq = 	16	0.0164381	0.0322317	0.0164381	0.0164381	0.0322317	0.0475642	0.0322317	0.0322317	0.0475642	15.0414	0.0475642	0.0164381	0.0322317	0.0475642	0.0322317
Sq = 	-3.42678e-19	0.016399	0.0320843	0.016399	0.016399	0.0320843	0.0472603	0.0320843	0.0320843	0.0472603	0.0620609	0.0472603	0.016399	0.0320843	0.0472603	0.0320843
9 rounds of non-Gaussian ED iteration : ground-state energy is -134.521 | electron energy -134.905 + phonon energy 0.383458 | electron momentum kIdx = 0
Nq = 	16	0.0135334	0.0266229	0.0135334	0.0135334	0.0266229	0.0393787	0.0266229	0.0266229	0.0393787	15.2063	0.0393787	0.0135334	0.0266229	0.0393787	0.0266229
Sq = 	-1.05035e-19	0.0135211	0.0265723	0.0135211	0.0135211	0.0265723	0.039269	0.0265723	0.0265723	0.039269	0.0516926	0.039269	0.0135211	0.0265723	0.039269	0.0265723
10 rounds of non-Gaussian ED iteration : ground-state energy is -139.535 | electron energy -139.925 + phonon energy 0.390318 | electron momentum kIdx = 0
Nq = 	16	0.011939	0.0235309	0.011939	0.011939	0.0235309	0.0348536	0.0235309	0.0235309	0.0348536	15.2978	0.0348536	0.011939	0.0235309	0.0348536	0.0235309
Sq = 	-4.93858e-19	0.0119336	0.0235072	0.0119336	0.0119336	0.0235072	0.0348005	0.0235072	0.0235072	0.0348005	0.045872	0.0348005	0.0119336	0.0235072	0.0348005	0.0235072
11 rounds of non-Gaussian ED iteration : ground-state energy is -143.13 | electron energy -143.533 + phonon energy 0.402611 | electron momentum kIdx = 0
Nq = 	16	0.011028	0.0217594	0.011028	0.011028	0.0217594	0.0322561	0.0217594	0.0217594	0.0322561	15.3503	0.0322561	0.011028	0.0217594	0.0322561	0.0217594
Sq = 	-3.50232e-20	0.0110249	0.0217454	0.0110249	0.0110249	0.0217454	0.0322244	0.0217454	0.0217454	0.0322244	0.0425093	0.0322244	0.0110249	0.0217454	0.0322244	0.0217454
12 rounds of non-Gaussian ED iteration : ground-state energy is -145.701 | electron energy -146.119 + phonon energy 0.417196 | electron momentum kIdx = 0
Nq = 	16	0.010493	0.0207172	0.010493	0.010493	0.0207172	0.0307263	0.0207172	0.0207172	0.0307263	15.3813	0.0307263	0.010493	0.0207172	0.0307263	0.0207172
Sq = 	-1.68307e-21	0.0104909	0.0207076	0.0104909	0.0104909	0.0207076	0.0307045	0.0207076	0.0207076	0.0307045	0.040523	0.0307045	0.0104909	0.0207076	0.0307045	0.0207076
13 rounds of non-Gaussian ED iteration : ground-state energy is -147.562 | electron energy -147.994 + phonon energy 0.431801 | electron momentum kIdx = 0
Nq = 	16	0.0101738	0.0200947	0.0101738	0.0101738	0.0200947	0.0298119	0.0200947	0.0200947	0.0298119	15.3998	0.0298119	0.0101738	0.0200947	0.0298119	0.0200947
Sq = 	4.87033e-19	0.0101722	0.0200875	0.0101722	0.0101722	0.0200875	0.0297954	0.0200875	0.0200875	0.0297954	0.0393342	0.0297954	0.0101722	0.0200875	0.0297954	0.0200875
14 rounds of non-Gaussian ED iteration : ground-state energy is -148.936 | electron energy -149.382 + phonon energy 0.445075 | electron momentum kIdx = 0
Nq = 	16	0.00998124	0.019719	0.00998124	0.00998124	0.019719	0.0292596	0.019719	0.019719	0.0292596	15.4109	0.0292596	0.00998124	0.019719	0.0292596	0.019719
Sq = 	-2.02527e-20	0.00997993	0.0197131	0.00997993	0.00997993	0.0197131	0.0292463	0.0197131	0.0197131	0.0292463	0.0386158	0.0292463	0.00997993	0.0197131	0.0292463	0.0197131
15 rounds of non-Gaussian ED iteration : ground-state energy is -149.976 | electron energy -150.433 + phonon energy 0.456382 | electron momentum kIdx = 0
Nq = 	16	0.00986374	0.0194895	0.00986374	0.00986374	0.0194895	0.0289223	0.0194895	0.0194895	0.0289223	15.4177	0.0289223	0.00986374	0.0194895	0.0289223	0.0194895
Sq = 	-4.52427e-20	0.00986261	0.0194846	0.00986261	0.00986261	0.0194846	0.028911	0.0194846	0.0194846	0.028911	0.0381771	0.028911	0.00986261	0.0194846	0.028911	0.0194846
16 rounds of non-Gaussian ED iteration : ground-state energy is -150.78 | electron energy -151.246 + phonon energy 0.465564 | electron momentum kIdx = 0
Nq = 	16	0.00979098	0.0193474	0.00979098	0.00979098	0.0193474	0.0287132	0.0193474	0.0193474	0.0287132	15.422	0.0287132	0.00979098	0.0193474	0.0287132	0.0193474
Sq = 	-2.08405e-19	0.00978996	0.019343	0.00978996	0.00978996	0.019343	0.0287034	0.019343	0.019343	0.0287034	0.0379054	0.0287034	0.00978996	0.019343	0.0287034	0.019343
17 rounds of non-Gaussian ED iteration : ground-state energy is -151.414 | electron energy -151.886 + phonon energy 0.47275 | electron momentum kIdx = 0
Nq = 	16	0.00974505	0.0192576	0.00974505	0.00974505	0.0192576	0.0285811	0.0192576	0.0192576	0.0285811	15.4246	0.0285811	0.00974505	0.0192576	0.0285811	0.0192576
Sq = 	4.10314e-19	0.00974411	0.0192537	0.00974411	0.00974411	0.0192537	0.0285723	0.0192537	0.0192537	0.0285723	0.0377339	0.0285723	0.00974411	0.0192537	0.0285723	0.0192537
18 rounds of non-Gaussian ED iteration : ground-state energy is -151.919 | electron energy -152.397 + phonon energy 0.478213 | electron momentum kIdx = 0
Nq = 	16	0.00971539	0.0191997	0.00971539	0.00971539	0.0191997	0.0284957	0.0191997	0.0191997	0.0284957	15.4263	0.0284957	0.00971539	0.0191997	0.0284957	0.0191997
Sq = 	2.33822e-19	0.00971451	0.019196	0.00971451	0.00971451	0.019196	0.0284877	0.019196	0.019196	0.0284877	0.0376233	0.0284877	0.00971451	0.019196	0.0284877	0.019196
19 rounds of non-Gaussian ED iteration : ground-state energy is -152.326 | electron energy -152.809 + phonon energy 0.482266 | electron momentum kIdx = 0
Nq = 	16	0.00969575	0.0191612	0.00969575	0.00969575	0.0191612	0.0284391	0.0191612	0.0191612	0.0284391	15.4275	0.0284391	0.00969575	0.0191612	0.0284391	0.0191612
Sq = 	-1.27656e-19	0.00969491	0.0191578	0.00969491	0.00969491	0.0191578	0.0284317	0.0191578	0.0191578	0.0284317	0.03755	0.0284317	0.00969491	0.0191578	0.0284317	0.0191578
20 rounds of non-Gaussian ED iteration : ground-state energy is -152.656 | electron energy -153.142 + phonon energy 0.485215 | electron momentum kIdx = 0
Nq = 	16	0.00968239	0.0191351	0.00968239	0.00968239	0.0191351	0.0284005	0.0191351	0.0191351	0.0284005	15.4283	0.0284005	0.00968239	0.0191351	0.0284005	0.0191351
Sq = 	2.0072e-19	0.00968159	0.0191319	0.00968159	0.00968159	0.0191319	0.0283937	0.0191319	0.0191319	0.0283937	0.0375003	0.0283937	0.00968159	0.0191319	0.0283937	0.0191319
21 rounds of non-Gaussian ED iteration : ground-state energy is -152.925 | electron energy -153.412 + phonon energy 0.487324 | electron momentum kIdx = 0
Nq = 	16	0.00967307	0.0191168	0.00967307	0.00967307	0.0191168	0.0283736	0.0191168	0.0191168	0.0283736	15.4288	0.0283736	0.00967307	0.0191168	0.0283736	0.0191168
Sq = 	-1.98386e-19	0.00967229	0.0191138	0.00967229	0.00967229	0.0191138	0.0283671	0.0191138	0.0191138	0.0283671	0.0374656	0.0283671	0.00967229	0.0191138	0.0283671	0.0191138
22 rounds of non-Gaussian ED iteration : ground-state energy is -153.144 | electron energy -153.633 + phonon energy 0.48881 | electron momentum kIdx = 0
Nq = 	16	0.00966641	0.0191038	0.00966641	0.00966641	0.0191038	0.0283544	0.0191038	0.0191038	0.0283544	15.4292	0.0283544	0.00966641	0.0191038	0.0283544	0.0191038
Sq = 	-7.24306e-20	0.00966565	0.0191008	0.00966565	0.00966565	0.0191008	0.0283482	0.0191008	0.0191008	0.0283482	0.0374408	0.0283482	0.00966565	0.0191008	0.0283482	0.0191008
23 rounds of non-Gaussian ED iteration : ground-state energy is -153.323 | electron energy -153.813 + phonon energy 0.489841 | electron momentum kIdx = 0
Nq = 	16	0.00966154	0.0190942	0.00966154	0.00966154	0.0190942	0.0283403	0.0190942	0.0190942	0.0283403	15.4295	0.0283403	0.00966154	0.0190942	0.0283403	0.0190942
Sq = 	-1.92499e-20	0.00966079	0.0190914	0.00966079	0.00966079	0.0190914	0.0283343	0.0190914	0.0190914	0.0283343	0.0374227	0.0283343	0.00966079	0.0190914	0.0283343	0.0190914
24 rounds of non-Gaussian ED iteration : ground-state energy is -153.469 | electron energy -153.96 + phonon energy 0.490548 | electron momentum kIdx = 0
Nq = 	16	0.00965791	0.0190871	0.00965791	0.00965791	0.0190871	0.0283298	0.0190871	0.0190871	0.0283298	15.4297	0.0283298	0.00965791	0.0190871	0.0283298	0.0190871
Sq = 	2.24761e-21	0.00965718	0.0190844	0.00965718	0.00965718	0.0190844	0.028324	0.0190844	0.0190844	0.028324	0.0374092	0.028324	0.00965718	0.0190844	0.028324	0.0190844
25 rounds of non-Gaussian ED iteration : ground-state energy is -153.589 | electron energy -154.08 + phonon energy 0.491025 | electron momentum kIdx = 0
Nq = 	16	0.00965517	0.0190817	0.00965517	0.00965517	0.0190817	0.0283218	0.0190817	0.0190817	0.0283218	15.4298	0.0283218	0.00965517	0.0190817	0.0283218	0.0190817
Sq = 	-3.03455e-20	0.00965444	0.019079	0.00965444	0.00965444	0.019079	0.0283162	0.019079	0.019079	0.0283162	0.037399	0.0283162	0.00965444	0.019079	0.0283162	0.019079
26 rounds of non-Gaussian ED iteration : ground-state energy is -153.686 | electron energy -154.178 + phonon energy 0.491342 | electron momentum kIdx = 0
Nq = 	16	0.00965306	0.0190776	0.00965306	0.00965306	0.0190776	0.0283157	0.0190776	0.0190776	0.0283157	15.43	0.0283157	0.00965306	0.0190776	0.0283157	0.0190776
Sq = 	-2.83085e-20	0.00965235	0.019075	0.00965235	0.00965235	0.019075	0.0283102	0.019075	0.019075	0.0283102	0.0373912	0.0283102	0.00965235	0.019075	0.0283102	0.019075
27 rounds of non-Gaussian ED iteration : ground-state energy is -153.767 | electron energy -154.258 + phonon energy 0.491548 | electron momentum kIdx = 0
Nq = 	16	0.00965143	0.0190744	0.00965143	0.00965143	0.0190744	0.028311	0.0190744	0.0190744	0.028311	15.4301	0.028311	0.00965143	0.0190744	0.028311	0.0190744
Sq = 	2.0444e-19	0.00965072	0.0190718	0.00965072	0.00965072	0.0190718	0.0283056	0.0190718	0.0190718	0.0283056	0.0373852	0.0283056	0.00965072	0.0190718	0.0283056	0.0190718
28 rounds of non-Gaussian ED iteration : ground-state energy is -153.832 | electron energy -154.324 + phonon energy 0.491678 | electron momentum kIdx = 0
Nq = 	16	0.00965015	0.0190719	0.00965015	0.00965015	0.0190719	0.0283073	0.0190719	0.0190719	0.0283073	15.4301	0.0283073	0.00965015	0.0190719	0.0283073	0.0190719
Sq = 	2.03667e-19	0.00964945	0.0190693	0.00964945	0.00964945	0.0190693	0.028302	0.0190693	0.0190693	0.028302	0.0373804	0.028302	0.00964945	0.0190693	0.028302	0.0190693
29 rounds of non-Gaussian ED iteration : ground-state energy is -153.886 | electron energy -154.377 + phonon energy 0.491758 | electron momentum kIdx = 0
Nq = 	16	0.00964914	0.0190699	0.00964914	0.00964914	0.0190699	0.0283043	0.0190699	0.0190699	0.0283043	15.4302	0.0283043	0.00964914	0.0190699	0.0283043	0.0190699
Sq = 	1.90537e-19	0.00964844	0.0190674	0.00964844	0.00964844	0.0190674	0.0282991	0.0190674	0.0190674	0.0282991	0.0373767	0.0282991	0.00964844	0.0190674	0.0282991	0.0190674
30 rounds of non-Gaussian ED iteration : ground-state energy is -153.93 | electron energy -154.421 + phonon energy 0.491804 | electron momentum kIdx = 0
Nq = 	16	0.00964834	0.0190683	0.00964834	0.00964834	0.0190683	0.028302	0.0190683	0.0190683	0.028302	15.4302	0.028302	0.00964834	0.0190683	0.028302	0.0190683
Sq = 	8.74162e-21	0.00964764	0.0190658	0.00964764	0.00964764	0.0190658	0.0282968	0.0190658	0.0190658	0.0282968	0.0373737	0.0282968	0.00964764	0.0190658	0.0282968	0.0190658
31 rounds of non-Gaussian ED iteration : ground-state energy is -153.966 | electron energy -154.457 + phonon energy 0.491829 | electron momentum kIdx = 0
Nq = 	16	0.0096477	0.0190671	0.0096477	0.0096477	0.0190671	0.0283001	0.0190671	0.0190671	0.0283001	15.4303	0.0283001	0.0096477	0.0190671	0.0283001	0.0190671
Sq = 	-3.34048e-19	0.00964701	0.0190646	0.00964701	0.00964701	0.0190646	0.028295	0.0190646	0.0190646	0.028295	0.0373714	0.028295	0.00964701	0.0190646	0.028295	0.0190646
32 rounds of non-Gaussian ED iteration : ground-state energy is -153.995 | electron energy -154.487 + phonon energy 0.491839 | electron momentum kIdx = 0
Nq = 	16	0.00964718	0.0190661	0.00964718	0.00964718	0.0190661	0.0282986	0.0190661	0.0190661	0.0282986	15.4303	0.0282986	0.00964718	0.0190661	0.0282986	0.0190661
Sq = 	-6.63845e-20	0.00964649	0.0190636	0.00964649	0.00964649	0.0190636	0.0282936	0.0190636	0.0190636	0.0282936	0.0373695	0.0282936	0.00964649	0.0190636	0.0282936	0.0190636
33 rounds of non-Gaussian ED iteration : ground-state energy is -154.019 | electron energy -154.511 + phonon energy 0.491841 | electron momentum kIdx = 0
Nq = 	16	0.00964677	0.0190652	0.00964677	0.00964677	0.0190652	0.0282974	0.0190652	0.0190652	0.0282974	15.4303	0.0282974	0.00964677	0.0190652	0.0282974	0.0190652
Sq = 	-2.02184e-20	0.00964608	0.0190628	0.00964608	0.00964608	0.0190628	0.0282924	0.0190628	0.0190628	0.0282924	0.0373679	0.0282924	0.00964608	0.0190628	0.0282924	0.0190628
34 rounds of non-Gaussian ED iteration : ground-state energy is -154.039 | electron energy -154.531 + phonon energy 0.491838 | electron momentum kIdx = 0
Nq = 	16	0.00964643	0.0190646	0.00964643	0.00964643	0.0190646	0.0282965	0.0190646	0.0190646	0.0282965	15.4304	0.0282965	0.00964643	0.0190646	0.0282965	0.0190646
Sq = 	1.98929e-19	0.00964575	0.0190621	0.00964575	0.00964575	0.0190621	0.0282914	0.0190621	0.0190621	0.0282914	0.0373667	0.0282914	0.00964575	0.0190621	0.0282914	0.0190621
35 rounds of non-Gaussian ED iteration : ground-state energy is -154.055 | electron energy -154.547 + phonon energy 0.491832 | electron momentum kIdx = 0
Nq = 	16	0.00964616	0.0190641	0.00964616	0.00964616	0.0190641	0.0282957	0.0190641	0.0190641	0.0282957	15.4304	0.0282957	0.00964616	0.0190641	0.0282957	0.0190641
Sq = 	3.65562e-21	0.00964548	0.0190616	0.00964548	0.00964548	0.0190616	0.0282907	0.0190616	0.0190616	0.0282907	0.0373657	0.0282907	0.00964548	0.0190616	0.0282907	0.0190616
36 rounds of non-Gaussian ED iteration : ground-state energy is -154.068 | electron energy -154.56 + phonon energy 0.491824 | electron momentum kIdx = 0
Nq = 	16	0.00964595	0.0190636	0.00964595	0.00964595	0.0190636	0.028295	0.0190636	0.0190636	0.028295	15.4304	0.028295	0.00964595	0.0190636	0.028295	0.0190636
Sq = 	-1.08109e-19	0.00964526	0.0190612	0.00964526	0.00964526	0.0190612	0.0282901	0.0190612	0.0190612	0.0282901	0.0373649	0.0282901	0.00964526	0.0190612	0.0282901	0.0190612
37 rounds of non-Gaussian ED iteration : ground-state energy is -154.079 | electron energy -154.571 + phonon energy 0.491817 | electron momentum kIdx = 0
Nq = 	16	0.00964577	0.0190633	0.00964577	0.00964577	0.0190633	0.0282945	0.0190633	0.0190633	0.0282945	15.4304	0.0282945	0.00964577	0.0190633	0.0282945	0.0190633
Sq = 	-5.08067e-19	0.00964509	0.0190608	0.00964509	0.00964509	0.0190608	0.0282896	0.0190608	0.0190608	0.0282896	0.0373642	0.0282896	0.00964509	0.0190608	0.0282896	0.0190608
38 rounds of non-Gaussian ED iteration : ground-state energy is -154.088 | electron energy -154.58 + phonon energy 0.49181 | electron momentum kIdx = 0
Nq = 	16	0.00964562	0.019063	0.00964562	0.00964562	0.019063	0.0282941	0.019063	0.019063	0.0282941	15.4304	0.0282941	0.00964562	0.019063	0.0282941	0.019063
Sq = 	1.76567e-19	0.00964494	0.0190606	0.00964494	0.00964494	0.0190606	0.0282891	0.0190606	0.0190606	0.0282891	0.0373637	0.0282891	0.00964494	0.0190606	0.0282891	0.0190606
39 rounds of non-Gaussian ED iteration : ground-state energy is -154.095 | electron energy -154.587 + phonon energy 0.491803 | electron momentum kIdx = 0
Nq = 	16	0.0096455	0.0190628	0.0096455	0.0096455	0.0190628	0.0282938	0.0190628	0.0190628	0.0282938	15.4304	0.0282938	0.0096455	0.0190628	0.0282938	0.0190628
Sq = 	1.19643e-19	0.00964482	0.0190603	0.00964482	0.00964482	0.0190603	0.0282888	0.0190603	0.0190603	0.0282888	0.0373633	0.0282888	0.00964482	0.0190603	0.0282888	0.0190603
40 rounds of non-Gaussian ED iteration : ground-state energy is -154.101 | electron energy -154.593 + phonon energy 0.491797 | electron momentum kIdx = 0
Nq = 	16	0.00964541	0.0190626	0.00964541	0.00964541	0.0190626	0.0282935	0.0190626	0.0190626	0.0282935	15.4304	0.0282935	0.00964541	0.0190626	0.0282935	0.0190626
Sq = 	-1.32884e-19	0.00964473	0.0190601	0.00964473	0.00964473	0.0190601	0.0282885	0.0190601	0.0190601	0.0282885	0.0373629	0.0282885	0.00964473	0.0190601	0.0282885	0.0190601
41 rounds of non-Gaussian ED iteration : ground-state energy is -154.106 | electron energy -154.598 + phonon energy 0.491791 | electron momentum kIdx = 0
Nq = 	16	0.00964533	0.0190624	0.00964533	0.00964533	0.0190624	0.0282932	0.0190624	0.0190624	0.0282932	15.4304	0.0282932	0.00964533	0.0190624	0.0282932	0.0190624
Sq = 	1.56861e-19	0.00964465	0.01906	0.00964465	0.00964465	0.01906	0.0282883	0.01906	0.01906	0.0282883	0.0373626	0.0282883	0.00964465	0.01906	0.0282883	0.01906
42 rounds of non-Gaussian ED iteration : ground-state energy is -154.11 | electron energy -154.602 + phonon energy 0.491787 | electron momentum kIdx = 0
Nq = 	16	0.00964526	0.0190623	0.00964526	0.00964526	0.0190623	0.0282931	0.0190623	0.0190623	0.0282931	15.4304	0.0282931	0.00964526	0.0190623	0.0282931	0.0190623
Sq = 	-2.4045e-20	0.00964459	0.0190599	0.00964459	0.00964459	0.0190599	0.0282881	0.0190599	0.0190599	0.0282881	0.0373624	0.0282881	0.00964459	0.0190599	0.0282881	0.0190599
43 rounds of non-Gaussian ED iteration : ground-state energy is -154.113 | electron energy -154.605 + phonon energy 0.491783 | electron momentum kIdx = 0
Nq = 	16	0.00964521	0.0190622	0.00964521	0.00964521	0.0190622	0.0282929	0.0190622	0.0190622	0.0282929	15.4304	0.0282929	0.00964521	0.0190622	0.0282929	0.0190622
Sq = 	1.47263e-20	0.00964453	0.0190598	0.00964453	0.00964453	0.0190598	0.028288	0.0190598	0.0190598	0.028288	0.0373622	0.028288	0.00964453	0.0190598	0.028288	0.0190598
44 rounds of non-Gaussian ED iteration : ground-state energy is -154.116 | electron energy -154.608 + phonon energy 0.491779 | electron momentum kIdx = 0
Nq = 	16	0.00964517	0.0190621	0.00964517	0.00964517	0.0190621	0.0282928	0.0190621	0.0190621	0.0282928	15.4304	0.0282928	0.00964517	0.0190621	0.0282928	0.0190621
Sq = 	-2.30896e-19	0.00964449	0.0190597	0.00964449	0.00964449	0.0190597	0.0282879	0.0190597	0.0190597	0.0282879	0.037362	0.0282879	0.00964449	0.0190597	0.0282879	0.0190597
45 rounds of non-Gaussian ED iteration : ground-state energy is -154.118 | electron energy -154.61 + phonon energy 0.491776 | electron momentum kIdx = 0
Nq = 	16	0.00964513	0.019062	0.00964513	0.00964513	0.019062	0.0282927	0.019062	0.019062	0.0282927	15.4304	0.0282927	0.00964513	0.019062	0.0282927	0.019062
Sq = 	-7.02976e-20	0.00964445	0.0190596	0.00964445	0.00964445	0.0190596	0.0282878	0.0190596	0.0190596	0.0282878	0.0373619	0.0282878	0.00964445	0.0190596	0.0282878	0.0190596
46 rounds of non-Gaussian ED iteration : ground-state energy is -154.12 | electron energy -154.612 + phonon energy 0.491774 | electron momentum kIdx = 0
Nq = 	16	0.0096451	0.019062	0.0096451	0.0096451	0.019062	0.0282926	0.019062	0.019062	0.0282926	15.4304	0.0282926	0.0096451	0.019062	0.0282926	0.019062
Sq = 	2.56592e-20	0.00964443	0.0190596	0.00964443	0.00964443	0.0190596	0.0282877	0.0190596	0.0190596	0.0282877	0.0373618	0.0282877	0.00964443	0.0190596	0.0282877	0.0190596
47 rounds of non-Gaussian ED iteration : ground-state energy is -154.121 | electron energy -154.613 + phonon energy 0.491772 | electron momentum kIdx = 0
Nq = 	16	0.00964508	0.0190619	0.00964508	0.00964508	0.0190619	0.0282925	0.0190619	0.0190619	0.0282925	15.4304	0.0282925	0.00964508	0.0190619	0.0282925	0.0190619
Sq = 	3.0059e-19	0.0096444	0.0190595	0.0096444	0.0096444	0.0190595	0.0282876	0.0190595	0.0190595	0.0282876	0.0373617	0.0282876	0.0096444	0.0190595	0.0282876	0.0190595
48 rounds of non-Gaussian ED iteration : ground-state energy is -154.123 | electron energy -154.614 + phonon energy 0.49177 | electron momentum kIdx = 0
Nq = 	16	0.00964506	0.0190619	0.00964506	0.00964506	0.0190619	0.0282925	0.0190619	0.0190619	0.0282925	15.4304	0.0282925	0.00964506	0.0190619	0.0282925	0.0190619
Sq = 	-2.16052e-19	0.00964438	0.0190595	0.00964438	0.00964438	0.0190595	0.0282876	0.0190595	0.0190595	0.0282876	0.0373616	0.0282876	0.00964438	0.0190595	0.0282876	0.0190595
49 rounds of non-Gaussian ED iteration : ground-state energy is -154.124 | electron energy -154.615 + phonon energy 0.491769 | electron momentum kIdx = 0
Nq = 	16	0.00964504	0.0190619	0.00964504	0.00964504	0.0190619	0.0282924	0.0190619	0.0190619	0.0282924	15.4304	0.0282924	0.00964504	0.0190619	0.0282924	0.0190619
Sq = 	3.8568e-19	0.00964437	0.0190594	0.00964437	0.00964437	0.0190594	0.0282875	0.0190594	0.0190594	0.0282875	0.0373616	0.0282875	0.00964437	0.0190594	0.0282875	0.0190594
50 rounds of non-Gaussian ED iteration : ground-state energy is -154.124 | electron energy -154.616 + phonon energy 0.491767 | electron momentum kIdx = 0
Nq = 	16	0.00964503	0.0190618	0.00964503	0.00964503	0.0190618	0.0282924	0.0190618	0.0190618	0.0282924	15.4304	0.0282924	0.00964503	0.0190618	0.0282924	0.0190618
Sq = 	1.39933e-19	0.00964435	0.0190594	0.00964435	0.00964435	0.0190594	0.0282875	0.0190594	0.0190594	0.0282875	0.0373615	0.0282875	0.00964435	0.0190594	0.0282875	0.0190594
51 rounds of non-Gaussian ED iteration : ground-state energy is -154.125 | electron energy -154.617 + phonon energy 0.491766 | electron momentum kIdx = 0
Nq = 	16	0.00964502	0.0190618	0.00964502	0.00964502	0.0190618	0.0282923	0.0190618	0.0190618	0.0282923	15.4304	0.0282923	0.00964502	0.0190618	0.0282923	0.0190618
Sq = 	-1.11042e-19	0.00964434	0.0190594	0.00964434	0.00964434	0.0190594	0.0282874	0.0190594	0.0190594	0.0282874	0.0373615	0.0282874	0.00964434	0.0190594	0.0282874	0.0190594
52 rounds of non-Gaussian ED iteration : ground-state energy is -154.126 | electron energy -154.617 + phonon energy 0.491765 | electron momentum kIdx = 0
Nq = 	16	0.00964501	0.0190618	0.00964501	0.00964501	0.0190618	0.0282923	0.0190618	0.0190618	0.0282923	15.4304	0.0282923	0.00964501	0.0190618	0.0282923	0.0190618
Sq = 	2.59866e-19	0.00964433	0.0190594	0.00964433	0.00964433	0.0190594	0.0282874	0.0190594	0.0190594	0.0282874	0.0373615	0.0282874	0.00964433	0.0190594	0.0282874	0.0190594
53 rounds of non-Gaussian ED iteration : ground-state energy is -154.126 | electron energy -154.618 + phonon energy 0.491765 | electron momentum kIdx = 0
Nq = 	16	0.009645	0.0190618	0.009645	0.009645	0.0190618	0.0282923	0.0190618	0.0190618	0.0282923	15.4304	0.0282923	0.009645	0.0190618	0.0282923	0.0190618
Sq = 	5.55237e-20	0.00964433	0.0190594	0.00964433	0.00964433	0.0190594	0.0282874	0.0190594	0.0190594	0.0282874	0.0373614	0.0282874	0.00964433	0.0190594	0.0282874	0.0190594
54 rounds of non-Gaussian ED iteration : ground-state energy is -154.126 | electron energy -154.618 + phonon energy 0.491764 | electron momentum kIdx = 0
Nq = 	16	0.009645	0.0190618	0.009645	0.009645	0.0190618	0.0282923	0.0190618	0.0190618	0.0282923	15.4304	0.0282923	0.009645	0.0190618	0.0282923	0.0190618
Sq = 	1.34947e-19	0.00964432	0.0190594	0.00964432	0.00964432	0.0190594	0.0282874	0.0190594	0.0190594	0.0282874	0.0373614	0.0282874	0.00964432	0.0190594	0.0282874	0.0190594
55 rounds of non-Gaussian ED iteration : ground-state energy is -154.127 | electron energy -154.618 + phonon energy 0.491764 | electron momentum kIdx = 0
Nq = 	16	0.00964499	0.0190618	0.00964499	0.00964499	0.0190618	0.0282923	0.0190618	0.0190618	0.0282923	15.4304	0.0282923	0.00964499	0.0190618	0.0282923	0.0190618
Sq = 	-8.24992e-20	0.00964432	0.0190593	0.00964432	0.00964432	0.0190593	0.0282874	0.0190593	0.0190593	0.0282874	0.0373614	0.0282874	0.00964432	0.0190593	0.0282874	0.0190593
56 rounds of non-Gaussian ED iteration : ground-state energy is -154.127 | electron energy -154.619 + phonon energy 0.491763 | electron momentum kIdx = 0
Nq = 	16	0.00964499	0.0190617	0.00964499	0.00964499	0.0190617	0.0282923	0.0190617	0.0190617	0.0282923	15.4304	0.0282923	0.00964499	0.0190617	0.0282923	0.0190617
Sq = 	2.3382e-19	0.00964431	0.0190593	0.00964431	0.00964431	0.0190593	0.0282874	0.0190593	0.0190593	0.0282874	0.0373614	0.0282874	0.00964431	0.0190593	0.0282874	0.0190593
57 rounds of non-Gaussian ED iteration : ground-state energy is -154.127 | electron energy -154.619 + phonon energy 0.491763 | electron momentum kIdx = 0
Nq = 	16	0.00964499	0.0190617	0.00964499	0.00964499	0.0190617	0.0282922	0.0190617	0.0190617	0.0282922	15.4304	0.0282922	0.00964499	0.0190617	0.0282922	0.0190617
Sq = 	-4.65688e-20	0.00964431	0.0190593	0.00964431	0.00964431	0.0190593	0.0282873	0.0190593	0.0190593	0.0282873	0.0373614	0.0282873	0.00964431	0.0190593	0.0282873	0.0190593
58 rounds of non-Gaussian ED iteration : ground-state energy is -154.127 | electron energy -154.619 + phonon energy 0.491763 | electron momentum kIdx = 0
Nq = 	16	0.00964498	0.0190617	0.00964498	0.00964498	0.0190617	0.0282922	0.0190617	0.0190617	0.0282922	15.4304	0.0282922	0.00964498	0.0190617	0.0282922	0.0190617
Sq = 	-2.61201e-19	0.00964431	0.0190593	0.00964431	0.00964431	0.0190593	0.0282873	0.0190593	0.0190593	0.0282873	0.0373613	0.0282873	0.00964431	0.0190593	0.0282873	0.0190593
59 rounds of non-Gaussian ED iteration : ground-state energy is -154.127 | electron energy -154.619 + phonon energy 0.491763 | electron momentum kIdx = 0
Nq = 	16	0.00964498	0.0190617	0.00964498	0.00964498	0.0190617	0.0282922	0.0190617	0.0190617	0.0282922	15.4304	0.0282922	0.00964498	0.0190617	0.0282922	0.0190617
Sq = 	-6.61268e-20	0.0096443	0.0190593	0.0096443	0.0096443	0.0190593	0.0282873	0.0190593	0.0190593	0.0282873	0.0373613	0.0282873	0.0096443	0.0190593	0.0282873	0.0190593
60 rounds of non-Gaussian ED iteration : ground-state energy is -154.127 | electron energy -154.619 + phonon energy 0.491762 | electron momentum kIdx = 0
Nq = 	16	0.00964498	0.0190617	0.00964498	0.00964498	0.0190617	0.0282922	0.0190617	0.0190617	0.0282922	15.4304	0.0282922	0.00964498	0.0190617	0.0282922	0.0190617
Sq = 	-6.78423e-21	0.0096443	0.0190593	0.0096443	0.0096443	0.0190593	0.0282873	0.0190593	0.0190593	0.0282873	0.0373613	0.0282873	0.0096443	0.0190593	0.0282873	0.0190593
srun: Job step aborted: Waiting up to 32 seconds for job step to finish.
slurmstepd: error: *** STEP 13182231.0 ON nid02531 CANCELLED AT 2019-04-27T04:36:07 DUE TO TIME LIMIT ***
srun: got SIGCONT
srun: forcing job termination
