SNEDics v3.4 Non-Gaussian ED ground state program		Start at Tue Oct  1 11:00:20 2019

parallized on 16 MPI threads  * 8 OpenMP threads = 128 total threads.
********************************************************************************************************************
********************************************************************************************************************

********************************************************************************************************************
System parameters and configurations
********************************************************************************************************************
Special program options are enabled: splitted diagonal Hamiltonian
********************************************************************************************************************
Read input file "model_params.in"
	Hubbard-Holstein model parameters : 	t = 1    U = 3.7    g = 3.6056    W = 5    
********************************************************************************************************************
Read input file "hilbertspace_params.in"
	Requested 16-site 2D lattice, with 16 electrons (8, 8)
	Boundary : Periodic		Hilbert space representation : momentum-space (restricted to kIdx = 0)
	Conservation: particle number[U(1)]      spin[U(1)]     momentum
********************************************************************************************************************

Cluster Positions:				Cluster symmetry group : D4
 x ... x ... x ... x .....                       x ... x ... x ... x .....
 |           |           :                       |           |           :
 |           |           :                       |           |           :
12    13    14    15     x                       1     5     6     5     x
 |           |           :                       |           |           :
 |           |           :                       |           |           :
 8 --- 9 ---10 ---11 --- x                       2 --- 6 ---10 --- 6 --- x
 |           |           :                       |           |           :
 |           |           :                       |           |           :
 4     5     6     7     x                       1     5     6     5     x
 |           |           :                       |           |           :
 |           |           :                       |           |           :
 0 --- 1 --- 2 --- 3 --- x                       0 --- 1 --- 2 --- 1 --- x
orbital number : 1
********************************************************************************************************************
Read input file "obs_params.in"
	Observable Type : Nq(All),   Sq(All),   N(All),   Delta[s](All),   Delta[d](All),   Delta[s+](All)
********************************************************************************************************************
** WARNING ** the input observables have non-local factors which have been reinterpreted. The total observable number is 96
********************************************************************************************************************


********************************************************************************************************************
Start calculating the non-Gaussian ED ground state
** WARNING ** Detected low phonon energy W < 10. The initial state will be prepared through a warm-up process.
********************************************************************************************************************
Start warm-up calculation for scaling factor 2
open output files: NGSEDWarmUpW10Obs.txt
********************************************************************************************************************
Start the 0 rounds of NGS-ED iteration
	effective electronic model is modified as: kinetic energy t = 1
	                                           effective interaction Vq = [-0,-0,-0,-0,-0,-0,-0,-0,-0,-0,-0,-0,-0,-0,-0,-0]
	first Hamiltonian is constructed, non-zero numbers = 2845383612
	PARPACK diagonalization completed after 90 matrix-vector product operations.
	iteration results: : total energy is -14.189658 | electron energy -14.189658 + phonon energy 0.000000 | electron momentum kIdx = 0
	Nq(0) = 16,	Nq(1) = 0.168757,	Nq(2) = 0.244931,	Nq(3) = 0.168757,	Nq(4) = 0.168757,	Nq(5) = 0.244931,	Nq(6) = 0.334746,	Nq(7) = 0.244931,	Nq(8) = 0.244931,	Nq(9) = 0.334746,	Nq(10) = 0.404135,	Nq(11) = 0.334746,	Nq(12) = 0.168757,	Nq(13) = 0.244931,	Nq(14) = 0.334746,	Nq(15) = 0.244931,	Sq(0) = 9.28566e-19,	Sq(1) = 0.426156,	Sq(2) = 0.621283,	Sq(3) = 0.426156,	Sq(4) = 0.426156,	Sq(5) = 0.621283,	Sq(6) = 0.79295,	Sq(7) = 0.621283,	Sq(8) = 0.621283,	Sq(9) = 0.79295,	Sq(10) = 3.50814,	Sq(11) = 0.79295,	Sq(12) = 0.426156,	Sq(13) = 0.621283,	Sq(14) = 0.79295,	Sq(15) = 0.621283,	N(0) = 1.94041,	N(1) = 1.86617,	N(2) = 1,	N(3) = 1.86617,	N(4) = 1.86617,	N(5) = 1,	N(6) = 0.133831,	N(7) = 1,	N(8) = 1,	N(9) = 0.133831,	N(10) = 0.0595915,	N(11) = 0.133831,	N(12) = 1.86617,	N(13) = 1,	N(14) = 0.133831,	N(15) = 1,	Delta[s](0) = 0.183033,	Delta[s](1) = 0.156485,	Delta[s](2) = 0.122246,	Delta[s](3) = 0.156485,	Delta[s](4) = 0.156485,	Delta[s](5) = 0.122246,	Delta[s](6) = 0.0930972,	Delta[s](7) = 0.122246,	Delta[s](8) = 0.122246,	Delta[s](9) = 0.0930972,	Delta[s](10) = 0.029026,	Delta[s](11) = 0.0930972,	Delta[s](12) = 0.156485,	Delta[s](13) = 0.122246,	Delta[s](14) = 0.0930972,	Delta[s](15) = 0.122246,	Delta[d](0) = 0.556999,	Delta[d](1) = 0.372265,	Delta[d](2) = 0.301568,	Delta[d](3) = 0.372265,	Delta[d](4) = 0.372265,	Delta[d](5) = 0.323873,	Delta[d](6) = 0.234346,	Delta[d](7) = 0.323873,	Delta[d](8) = 0.301568,	Delta[d](9) = 0.234346,	Delta[d](10) = 0.0996643,	Delta[d](11) = 0.234346,	Delta[d](12) = 0.372265,	Delta[d](13) = 0.323873,	Delta[d](14) = 0.234346,	Delta[d](15) = 0.323873,	Delta[s+](0) = 0.582067,	Delta[s+](1) = 0.463066,	Delta[s+](2) = 0.301568,	Delta[s+](3) = 0.463066,	Delta[s+](4) = 0.463066,	Delta[s+](5) = 0.301568,	Delta[s+](6) = 0.147652,	Delta[s+](7) = 0.301568,	Delta[s+](8) = 0.301568,	Delta[s+](9) = 0.147652,	Delta[s+](10) = 0.0336043,	Delta[s+](11) = 0.147652,	Delta[s+](12) = 0.463066,	Delta[s+](13) = 0.301568,	Delta[s+](14) = 0.147652,	Delta[s+](15) = 0.301568
The 0-th iteration is completed.	|| time cost : 0h 8m 33.202s
********************************************************************************************************************
Start the 1 rounds of NGS-ED iteration
	effective electronic model is modified as: kinetic energy t = 0.934575
	                                           effective interaction Vq = [-2.24819,-2.05824,-1.98906,-2.05824,-2.05824,-1.98906,-1.96592,-1.98906,-1.98906,-1.96592,-1.93873,-1.96592,-2.05824,-1.98906,-1.96592,-1.98906]
	PARPACK diagonalization completed after 75 matrix-vector product operations.
	iteration results: : total energy is -59.686829 | electron energy -59.691220 + phonon energy 0.004391 | electron momentum kIdx = 0
The 1-th iteration is completed.	|| time cost : 0h 7m 38.574s
********************************************************************************************************************
Start the 2 rounds of NGS-ED iteration
	effective electronic model is modified as: kinetic energy t = 0.876054
	                                           effective interaction Vq = [-2.55245,-2.45116,-2.43429,-2.45116,-2.45116,-2.43429,-2.36319,-2.43429,-2.43429,-2.36319,-2.36776,-2.36319,-2.45116,-2.43429,-2.36319,-2.43429]
	PARPACK diagonalization completed after 60 matrix-vector product operations.
	iteration results: : total energy is -67.250891 | electron energy -67.287620 + phonon energy 0.036729 | electron momentum kIdx = 0
The 2-th iteration is completed.	|| time cost : 0h 0m 37.036s
********************************************************************************************************************
Start the 3 rounds of NGS-ED iteration
	effective electronic model is modified as: kinetic energy t = 0.852332
	                                           effective interaction Vq = [-2.59363,-2.53131,-2.52405,-2.53131,-2.53131,-2.52405,-2.45788,-2.52405,-2.52405,-2.45788,-2.47977,-2.45788,-2.53131,-2.52405,-2.45788,-2.52405]
	PARPACK diagonalization completed after 45 matrix-vector product operations.
	iteration results: : total energy is -68.268050 | electron energy -68.334252 + phonon energy 0.066203 | electron momentum kIdx = 0
The 3-th iteration is completed.	|| time cost : 0h 0m 32.03s
********************************************************************************************************************
Start the 4 rounds of NGS-ED iteration
	effective electronic model is modified as: kinetic energy t = 0.843539
	                                           effective interaction Vq = [ -2.5992,-2.55204,-2.54504,-2.55204,-2.55204,-2.54504,-2.48578,-2.54504,-2.54504,-2.48578,-2.52481,-2.48578,-2.55204,-2.54504,-2.48578,-2.54504]
	PARPACK diagonalization completed after 45 matrix-vector product operations.
	iteration results: : total energy is -68.410995 | electron energy -68.491680 + phonon energy 0.080685 | electron momentum kIdx = 0
The 4-th iteration is completed.	|| time cost : 0h 0m 32.041s
********************************************************************************************************************
Start the 5 rounds of NGS-ED iteration
	effective electronic model is modified as: kinetic energy t = 0.84067
	                                           effective interaction Vq = [-2.59995,-2.55755,-2.54523,-2.55755,-2.55755,-2.54523,-2.49377,-2.54523,-2.54523,-2.49377,-2.55765,-2.49377,-2.55755,-2.54523,-2.49377,-2.54523]
	PARPACK diagonalization completed after 45 matrix-vector product operations.
	iteration results: : total energy is -68.467688 | electron energy -68.554674 + phonon energy 0.086987 | electron momentum kIdx = 0
The 5-th iteration is completed.	|| time cost : 0h 0m 32.017s
********************************************************************************************************************
Start the 6 rounds of NGS-ED iteration
	effective electronic model is modified as: kinetic energy t = 0.844318
	                                           effective interaction Vq = [-2.60005,-2.55406,-2.51431,-2.55406,-2.55406,-2.51431,-2.48832,-2.51431,-2.51431,-2.48832,-2.58265,-2.48832,-2.55406,-2.51431,-2.48832,-2.51431]
	PARPACK diagonalization completed after 45 matrix-vector product operations.
	iteration results: : total energy is -68.557196 | electron energy -68.645060 + phonon energy 0.087864 | electron momentum kIdx = 0
The 6-th iteration is completed.	|| time cost : 0h 0m 31.972s
********************************************************************************************************************
Start the 7 rounds of NGS-ED iteration
	effective electronic model is modified as: kinetic energy t = 0.849672
	                                           effective interaction Vq = [-2.60007,-2.54689,-2.47434,-2.54689,-2.54689,-2.47434,-2.47795,-2.47434,-2.47434,-2.47795,-2.59087,-2.47795,-2.54689,-2.47434,-2.47795,-2.47434]
	PARPACK diagonalization completed after 45 matrix-vector product operations.
	iteration results: : total energy is -68.593729 | electron energy -68.679475 + phonon energy 0.085746 | electron momentum kIdx = 0
The 7-th iteration is completed.	|| time cost : 0h 0m 32.021s
********************************************************************************************************************
Start the 8 rounds of NGS-ED iteration
	effective electronic model is modified as: kinetic energy t = 0.852093
	                                           effective interaction Vq = [-2.60007,-2.54237,-2.45565,-2.54237,-2.54237,-2.45565,-2.47173,-2.45565,-2.45565,-2.47173,-2.59327,-2.47173,-2.54237,-2.45565,-2.47173,-2.45565]
	PARPACK diagonalization completed after 30 matrix-vector product operations.
	iteration results: : total energy is -68.599733 | electron energy -68.683687 + phonon energy 0.083954 | electron momentum kIdx = 0
The 8-th iteration is completed.	|| time cost : 0h 0m 27.378s
********************************************************************************************************************
Start the 9 rounds of NGS-ED iteration
	effective electronic model is modified as: kinetic energy t = 0.853066
	                                           effective interaction Vq = [-2.60007,-2.54012,-2.44847,-2.54012,-2.54012,-2.44847,-2.46873,-2.44847,-2.44847,-2.46873,-2.59405,-2.46873,-2.54012,-2.44847,-2.46873,-2.44847]
	PARPACK diagonalization completed after 30 matrix-vector product operations.
	iteration results: : total energy is -68.600603 | electron energy -68.683651 + phonon energy 0.083048 | electron momentum kIdx = 0
The 9-th iteration is completed.	|| time cost : 0h 0m 27.629s
********************************************************************************************************************
Start the 10 rounds of NGS-ED iteration
	effective electronic model is modified as: kinetic energy t = 0.853452
	                                           effective interaction Vq = [-2.60007,-2.53911,-2.44581,-2.53911,-2.53911,-2.44581,-2.46738,-2.44581,-2.44581,-2.46738,-2.59432,-2.46738,-2.53911,-2.44581,-2.46738,-2.44581]
	PARPACK diagonalization completed after 30 matrix-vector product operations.
	iteration results: : total energy is -68.600729 | electron energy -68.683376 + phonon energy 0.082647 | electron momentum kIdx = 0
	Nq(0) = 16,	Nq(1) = 0.334548,	Nq(2) = 0.37102,	Nq(3) = 0.334548,	Nq(4) = 0.334548,	Nq(5) = 0.37102,	Nq(6) = 0.603419,	Nq(7) = 0.37102,	Nq(8) = 0.37102,	Nq(9) = 0.603419,	Nq(10) = 4.60089,	Nq(11) = 0.603419,	Nq(12) = 0.334548,	Nq(13) = 0.37102,	Nq(14) = 0.603419,	Nq(15) = 0.37102,	Sq(0) = -5.80428e-20,	Sq(1) = 0.262873,	Sq(2) = 0.322678,	Sq(3) = 0.262873,	Sq(4) = 0.262873,	Sq(5) = 0.322678,	Sq(6) = 0.474149,	Sq(7) = 0.322678,	Sq(8) = 0.322678,	Sq(9) = 0.474149,	Sq(10) = 0.536968,	Sq(11) = 0.474149,	Sq(12) = 0.262873,	Sq(13) = 0.322678,	Sq(14) = 0.474149,	Sq(15) = 0.322678,	N(0) = 1.98694,	N(1) = 1.96524,	N(2) = 1,	N(3) = 1.96524,	N(4) = 1.96524,	N(5) = 1,	N(6) = 0.0347562,	N(7) = 1,	N(8) = 1,	N(9) = 0.0347562,	N(10) = 0.0130647,	N(11) = 0.0347562,	N(12) = 1.96524,	N(13) = 1,	N(14) = 0.0347562,	N(15) = 1,	Delta[s](0) = 0.500105,	Delta[s](1) = 0.354055,	Delta[s](2) = 0.338981,	Delta[s](3) = 0.354055,	Delta[s](4) = 0.354055,	Delta[s](5) = 0.338981,	Delta[s](6) = 0.275003,	Delta[s](7) = 0.338981,	Delta[s](8) = 0.338981,	Delta[s](9) = 0.275003,	Delta[s](10) = 0.239215,	Delta[s](11) = 0.275003,	Delta[s](12) = 0.354055,	Delta[s](13) = 0.338981,	Delta[s](14) = 0.275003,	Delta[s](15) = 0.338981,	Delta[d](0) = 0.227936,	Delta[d](1) = 0.222693,	Delta[d](2) = 0.219133,	Delta[d](3) = 0.222693,	Delta[d](4) = 0.222693,	Delta[d](5) = 0.140301,	Delta[d](6) = 0.178991,	Delta[d](7) = 0.140301,	Delta[d](8) = 0.219133,	Delta[d](9) = 0.178991,	Delta[d](10) = 0.0526395,	Delta[d](11) = 0.178991,	Delta[d](12) = 0.222693,	Delta[d](13) = 0.140301,	Delta[d](14) = 0.178991,	Delta[d](15) = 0.140301,	Delta[s+](0) = 0.42561,	Delta[s+](1) = 0.33996,	Delta[s+](2) = 0.219133,	Delta[s+](3) = 0.33996,	Delta[s+](4) = 0.33996,	Delta[s+](5) = 0.219133,	Delta[s+](6) = 0.0956278,	Delta[s+](7) = 0.219133,	Delta[s+](8) = 0.219133,	Delta[s+](9) = 0.0956278,	Delta[s+](10) = 0.0284421,	Delta[s+](11) = 0.0956278,	Delta[s+](12) = 0.33996,	Delta[s+](13) = 0.219133,	Delta[s+](14) = 0.0956278,	Delta[s+](15) = 0.219133
The 10-th iteration is completed.	|| time cost : 0h 4m 36.523s
********************************************************************************************************************
Start the 11 rounds of NGS-ED iteration
	effective electronic model is modified as: kinetic energy t = 0.853604
	                                           effective interaction Vq = [-2.60007,-2.53867,-2.44484,-2.53867,-2.53867,-2.44484, -2.4668,-2.44484,-2.44484, -2.4668,-2.59442, -2.4668,-2.53867,-2.44484, -2.4668,-2.44484]
	PARPACK diagonalization completed after 30 matrix-vector product operations.
	iteration results: : total energy is -68.600747 | electron energy -68.683226 + phonon energy 0.082478 | electron momentum kIdx = 0
The 11-th iteration is completed.	|| time cost : 0h 0m 27.383s
********************************************************************************************************************
Start the 12 rounds of NGS-ED iteration
	effective electronic model is modified as: kinetic energy t = 0.853665
	                                           effective interaction Vq = [-2.60007,-2.53848,-2.44448,-2.53848,-2.53848,-2.44448,-2.46656,-2.44448,-2.44448,-2.46656,-2.59445,-2.46656,-2.53848,-2.44448,-2.46656,-2.44448]
	PARPACK diagonalization completed after 30 matrix-vector product operations.
	iteration results: : total energy is -68.600750 | electron energy -68.683159 + phonon energy 0.082409 | electron momentum kIdx = 0
	Nq(0) = 16,	Nq(1) = 0.334249,	Nq(2) = 0.370772,	Nq(3) = 0.334249,	Nq(4) = 0.334249,	Nq(5) = 0.370772,	Nq(6) = 0.603,	Nq(7) = 0.370772,	Nq(8) = 0.370772,	Nq(9) = 0.603,	Nq(10) = 4.60547,	Nq(11) = 0.603,	Nq(12) = 0.334249,	Nq(13) = 0.370772,	Nq(14) = 0.603,	Nq(15) = 0.370772,	Sq(0) = 2.15635e-18,	Sq(1) = 0.262833,	Sq(2) = 0.322664,	Sq(3) = 0.262833,	Sq(4) = 0.262833,	Sq(5) = 0.322664,	Sq(6) = 0.474146,	Sq(7) = 0.322664,	Sq(8) = 0.322664,	Sq(9) = 0.474146,	Sq(10) = 0.537008,	Sq(11) = 0.474146,	Sq(12) = 0.262833,	Sq(13) = 0.322664,	Sq(14) = 0.474146,	Sq(15) = 0.322664,	N(0) = 1.98693,	N(1) = 1.9652,	N(2) = 1,	N(3) = 1.9652,	N(4) = 1.9652,	N(5) = 1,	N(6) = 0.0348011,	N(7) = 1,	N(8) = 1,	N(9) = 0.0348011,	N(10) = 0.0130723,	N(11) = 0.0348011,	N(12) = 1.9652,	N(13) = 1,	N(14) = 0.0348011,	N(15) = 1,	Delta[s](0) = 0.499655,	Delta[s](1) = 0.354087,	Delta[s](2) = 0.338995,	Delta[s](3) = 0.354087,	Delta[s](4) = 0.354087,	Delta[s](5) = 0.338995,	Delta[s](6) = 0.275041,	Delta[s](7) = 0.338995,	Delta[s](8) = 0.338995,	Delta[s](9) = 0.275041,	Delta[s](10) = 0.239413,	Delta[s](11) = 0.275041,	Delta[s](12) = 0.354087,	Delta[s](13) = 0.338995,	Delta[s](14) = 0.275041,	Delta[s](15) = 0.338995,	Delta[d](0) = 0.227859,	Delta[d](1) = 0.222602,	Delta[d](2) = 0.219085,	Delta[d](3) = 0.222602,	Delta[d](4) = 0.222602,	Delta[d](5) = 0.140218,	Delta[d](6) = 0.178892,	Delta[d](7) = 0.140218,	Delta[d](8) = 0.219085,	Delta[d](9) = 0.178892,	Delta[d](10) = 0.0525498,	Delta[d](11) = 0.178892,	Delta[d](12) = 0.222602,	Delta[d](13) = 0.140218,	Delta[d](14) = 0.178892,	Delta[d](15) = 0.140218,	Delta[s+](0) = 0.42563,	Delta[s+](1) = 0.339931,	Delta[s+](2) = 0.219085,	Delta[s+](3) = 0.339931,	Delta[s+](4) = 0.339931,	Delta[s+](5) = 0.219085,	Delta[s+](6) = 0.0955627,	Delta[s+](7) = 0.219085,	Delta[s+](8) = 0.219085,	Delta[s+](9) = 0.0955627,	Delta[s+](10) = 0.0284008,	Delta[s+](11) = 0.0955627,	Delta[s+](12) = 0.339931,	Delta[s+](13) = 0.219085,	Delta[s+](14) = 0.0955627,	Delta[s+](15) = 0.219085
The 12-th iteration is completed.	|| time cost : 0h 4m 41.737s
********************************************************************************************************************
********************************************************************************************************************
Ground state is obtained after 13 iterations. The current ground-state energy is -68.6008, in which electron energy is -68.6832 and phonon energy is 0.0824086
final variational state is: 
	Gamma_x = [      1,1.02291,1.03628,1.02291,1.02291,1.03628,1.05649,1.03628,1.03628,1.05649,1.11154,1.05649,1.02291,1.03628,1.05649,1.03628]
	lambda_q = [0.509908,0.431379, 0.38512,0.431379,0.431379, 0.38512,0.394317, 0.38512, 0.38512,0.394317, 0.48624,0.394317,0.431379, 0.38512,0.394317, 0.38512]
********************************************************************************************************************
o___o  ----------------------------------------
| L |	Time since last clock: 0h 0m 0s
A===A	Time since the beginning: 0h 30m 9.55s
***********************************************


********************************************************************************************************************
Warm up runs have been completed. Start calculating W = 5 phonon.
open output files: NGSEDIterationObs.txt
********************************************************************************************************************
Start the 0 rounds of NGS-ED iteration
	effective electronic model is modified as: kinetic energy t = 0.853688
	                                           effective interaction Vq = [-2.37702,-2.18032,-2.03559,-2.18032,-2.18032,-2.03559,-2.06607,-2.03559,-2.03559,-2.06607,-2.32423,-2.06607,-2.18032,-2.03559,-2.06607,-2.03559]
	PARPACK diagonalization completed after 45 matrix-vector product operations.
	iteration results: : total energy is -61.559100 | electron energy -61.600291 + phonon energy 0.041190 | electron momentum kIdx = 0
	Nq(0) = 16,	Nq(1) = 0.326794,	Nq(2) = 0.35684,	Nq(3) = 0.326794,	Nq(4) = 0.326794,	Nq(5) = 0.35684,	Nq(6) = 0.569567,	Nq(7) = 0.35684,	Nq(8) = 0.35684,	Nq(9) = 0.569567,	Nq(10) = 4.35611,	Nq(11) = 0.569567,	Nq(12) = 0.326794,	Nq(13) = 0.35684,	Nq(14) = 0.569567,	Nq(15) = 0.35684,	Sq(0) = 6.40845e-18,	Sq(1) = 0.293391,	Sq(2) = 0.343401,	Sq(3) = 0.293391,	Sq(4) = 0.293391,	Sq(5) = 0.343401,	Sq(6) = 0.52545,	Sq(7) = 0.343401,	Sq(8) = 0.343401,	Sq(9) = 0.52545,	Sq(10) = 0.581634,	Sq(11) = 0.52545,	Sq(12) = 0.293391,	Sq(13) = 0.343401,	Sq(14) = 0.52545,	Sq(15) = 0.343401,	N(0) = 1.9937,	N(1) = 1.98062,	N(2) = 1,	N(3) = 1.98062,	N(4) = 1.98062,	N(5) = 1,	N(6) = 0.0193766,	N(7) = 1,	N(8) = 1,	N(9) = 0.0193766,	N(10) = 0.0063013,	N(11) = 0.0193766,	N(12) = 1.98062,	N(13) = 1,	N(14) = 0.0193766,	N(15) = 1,	Delta[s](0) = 0.423136,	Delta[s](1) = 0.33493,	Delta[s](2) = 0.32331,	Delta[s](3) = 0.33493,	Delta[s](4) = 0.33493,	Delta[s](5) = 0.32331,	Delta[s](6) = 0.270902,	Delta[s](7) = 0.32331,	Delta[s](8) = 0.32331,	Delta[s](9) = 0.270902,	Delta[s](10) = 0.254973,	Delta[s](11) = 0.270902,	Delta[s](12) = 0.33493,	Delta[s](13) = 0.32331,	Delta[s](14) = 0.270902,	Delta[s](15) = 0.32331,	Delta[d](0) = 0.233885,	Delta[d](1) = 0.233783,	Delta[d](2) = 0.231964,	Delta[d](3) = 0.233783,	Delta[d](4) = 0.233783,	Delta[d](5) = 0.146087,	Delta[d](6) = 0.18887,	Delta[d](7) = 0.146087,	Delta[d](8) = 0.231964,	Delta[d](9) = 0.18887,	Delta[d](10) = 0.0582488,	Delta[d](11) = 0.18887,	Delta[d](12) = 0.233783,	Delta[d](13) = 0.146087,	Delta[d](14) = 0.18887,	Delta[d](15) = 0.146087,	Delta[s+](0) = 0.457401,	Delta[s+](1) = 0.360389,	Delta[s+](2) = 0.231964,	Delta[s+](3) = 0.360389,	Delta[s+](4) = 0.360389,	Delta[s+](5) = 0.231964,	Delta[s+](6) = 0.102081,	Delta[s+](7) = 0.231964,	Delta[s+](8) = 0.231964,	Delta[s+](9) = 0.102081,	Delta[s+](10) = 0.0316634,	Delta[s+](11) = 0.102081,	Delta[s+](12) = 0.360389,	Delta[s+](13) = 0.231964,	Delta[s+](14) = 0.102081,	Delta[s+](15) = 0.231964
The 0-th iteration is completed.	|| time cost : 0h 4m 29.294s
********************************************************************************************************************
Start the 1 rounds of NGS-ED iteration
	effective electronic model is modified as: kinetic energy t = 0.832634
	                                           effective interaction Vq = [-2.51801,-2.30931,-2.12757,-2.30931,-2.30931,-2.12757,-2.16576,-2.12757,-2.12757,-2.16576,-2.48125,-2.16576,-2.30931,-2.12757,-2.16576,-2.12757]
	PARPACK diagonalization completed after 30 matrix-vector product operations.
	iteration results: : total energy is -64.548485 | electron energy -64.676609 + phonon energy 0.128123 | electron momentum kIdx = 0
The 1-th iteration is completed.	|| time cost : 0h 0m 27.388s
********************************************************************************************************************
Start the 2 rounds of NGS-ED iteration
	effective electronic model is modified as: kinetic energy t = 0.821957
	                                           effective interaction Vq = [-2.56988,-2.35951,-2.16852,-2.35951,-2.35951,-2.16852, -2.2076,-2.16852,-2.16852, -2.2076,-2.54622, -2.2076,-2.35951,-2.16852, -2.2076,-2.16852]
	PARPACK diagonalization completed after 30 matrix-vector product operations.
	iteration results: : total energy is -65.639803 | electron energy -65.830609 + phonon energy 0.190805 | electron momentum kIdx = 0
The 2-th iteration is completed.	|| time cost : 0h 0m 27.404s
********************************************************************************************************************
Start the 3 rounds of NGS-ED iteration
	effective electronic model is modified as: kinetic energy t = 0.816853
	                                           effective interaction Vq = [-2.58897, -2.3792,-2.18664, -2.3792, -2.3792,-2.18664,-2.22472,-2.18664,-2.18664,-2.22472,-2.57216,-2.22472, -2.3792,-2.18664,-2.22472,-2.18664]
	PARPACK diagonalization completed after 30 matrix-vector product operations.
	iteration results: : total energy is -66.027752 | electron energy -66.255075 + phonon energy 0.227324 | electron momentum kIdx = 0
The 3-th iteration is completed.	|| time cost : 0h 0m 27.363s
********************************************************************************************************************
Start the 4 rounds of NGS-ED iteration
	effective electronic model is modified as: kinetic energy t = 0.814439
	                                           effective interaction Vq = [-2.59598, -2.3871,-2.19484, -2.3871, -2.3871,-2.19484, -2.2318,-2.19484,-2.19484, -2.2318, -2.5828, -2.2318, -2.3871,-2.19484, -2.2318,-2.19484]
	PARPACK diagonalization completed after 30 matrix-vector product operations.
	iteration results: : total energy is -66.164214 | electron energy -66.411315 + phonon energy 0.247101 | electron momentum kIdx = 0
The 4-th iteration is completed.	|| time cost : 0h 0m 27.333s
********************************************************************************************************************
Start the 5 rounds of NGS-ED iteration
	effective electronic model is modified as: kinetic energy t = 0.813294
	                                           effective interaction Vq = [-2.59857,-2.39032,-2.19864,-2.39032,-2.39032,-2.19864,-2.23477,-2.19864,-2.19864,-2.23477,-2.58744,-2.23477,-2.39032,-2.19864,-2.23477,-2.19864]
	PARPACK diagonalization completed after 30 matrix-vector product operations.
	iteration results: : total energy is -66.212269 | electron energy -66.469730 + phonon energy 0.257461 | electron momentum kIdx = 0
The 5-th iteration is completed.	|| time cost : 0h 0m 27.632s
********************************************************************************************************************
Start the 6 rounds of NGS-ED iteration
	effective electronic model is modified as: kinetic energy t = 0.812753
	                                           effective interaction Vq = [-2.59952,-2.39161,-2.20041,-2.39161,-2.39161,-2.20041,-2.23599,-2.20041,-2.20041,-2.23599,-2.58958,-2.23599,-2.39161,-2.20041,-2.23599,-2.20041]
	PARPACK diagonalization completed after 30 matrix-vector product operations.
	iteration results: : total energy is -66.229301 | electron energy -66.492080 + phonon energy 0.262780 | electron momentum kIdx = 0
The 6-th iteration is completed.	|| time cost : 0h 0m 27.343s
********************************************************************************************************************
Start the 7 rounds of NGS-ED iteration
	effective electronic model is modified as: kinetic energy t = 0.812499
	                                           effective interaction Vq = [-2.59987,-2.39208,-2.20124,-2.39208,-2.39208,-2.20124,-2.23645,-2.20124,-2.20124,-2.23645,-2.59061,-2.23645,-2.39208,-2.20124,-2.23645,-2.20124]
	PARPACK diagonalization completed after 30 matrix-vector product operations.
	iteration results: : total energy is -66.235384 | electron energy -66.500853 + phonon energy 0.265468 | electron momentum kIdx = 0
The 7-th iteration is completed.	|| time cost : 0h 0m 27.305s
********************************************************************************************************************
Start the 8 rounds of NGS-ED iteration
	effective electronic model is modified as: kinetic energy t = 0.812384
	                                           effective interaction Vq = [    -2.6,-2.39223,-2.20161,-2.39223,-2.39223,-2.20161, -2.2366,-2.20161,-2.20161, -2.2366,-2.59113, -2.2366,-2.39223,-2.20161, -2.2366,-2.20161]
	PARPACK diagonalization completed after 30 matrix-vector product operations.
	iteration results: : total energy is -66.237573 | electron energy -66.504383 + phonon energy 0.266810 | electron momentum kIdx = 0
The 8-th iteration is completed.	|| time cost : 0h 0m 27.619s
********************************************************************************************************************
Start the 9 rounds of NGS-ED iteration
	effective electronic model is modified as: kinetic energy t = 0.812334
	                                           effective interaction Vq = [-2.60004,-2.39224,-2.20177,-2.39224,-2.39224,-2.20177,-2.23661,-2.20177,-2.20177,-2.23661,-2.59139,-2.23661,-2.39224,-2.20177,-2.23661,-2.20177]
	PARPACK diagonalization completed after 30 matrix-vector product operations.
	iteration results: : total energy is -66.238365 | electron energy -66.505836 + phonon energy 0.267472 | electron momentum kIdx = 0
The 9-th iteration is completed.	|| time cost : 0h 0m 27.335s
********************************************************************************************************************
Start the 10 rounds of NGS-ED iteration
	effective electronic model is modified as: kinetic energy t = 0.812314
	                                           effective interaction Vq = [-2.60006,-2.39221,-2.20184,-2.39221,-2.39221,-2.20184,-2.23658,-2.20184,-2.20184,-2.23658,-2.59152,-2.23658,-2.39221,-2.20184,-2.23658,-2.20184]
	PARPACK diagonalization completed after 30 matrix-vector product operations.
	iteration results: : total energy is -66.238653 | electron energy -66.506445 + phonon energy 0.267793 | electron momentum kIdx = 0
	Nq(0) = 16,	Nq(1) = 0.278159,	Nq(2) = 0.33315,	Nq(3) = 0.278159,	Nq(4) = 0.278159,	Nq(5) = 0.33315,	Nq(6) = 0.515438,	Nq(7) = 0.33315,	Nq(8) = 0.33315,	Nq(9) = 0.515438,	Nq(10) = 5.65487,	Nq(11) = 0.515438,	Nq(12) = 0.278159,	Nq(13) = 0.33315,	Nq(14) = 0.515438,	Nq(15) = 0.33315,	Sq(0) = 1.04042e-18,	Sq(1) = 0.240539,	Sq(2) = 0.310421,	Sq(3) = 0.240539,	Sq(4) = 0.240539,	Sq(5) = 0.310421,	Sq(6) = 0.454588,	Sq(7) = 0.310421,	Sq(8) = 0.310421,	Sq(9) = 0.454588,	Sq(10) = 0.528807,	Sq(11) = 0.454588,	Sq(12) = 0.240539,	Sq(13) = 0.310421,	Sq(14) = 0.454588,	Sq(15) = 0.310421,	N(0) = 1.9807,	N(1) = 1.94141,	N(2) = 1,	N(3) = 1.94141,	N(4) = 1.94141,	N(5) = 1,	N(6) = 0.0585881,	N(7) = 1,	N(8) = 1,	N(9) = 0.0585881,	N(10) = 0.019296,	N(11) = 0.0585881,	N(12) = 1.94141,	N(13) = 1,	N(14) = 0.0585881,	N(15) = 1,	Delta[s](0) = 0.436389,	Delta[s](1) = 0.359851,	Delta[s](2) = 0.34292,	Delta[s](3) = 0.359851,	Delta[s](4) = 0.359851,	Delta[s](5) = 0.34292,	Delta[s](6) = 0.300481,	Delta[s](7) = 0.34292,	Delta[s](8) = 0.34292,	Delta[s](9) = 0.300481,	Delta[s](10) = 0.278838,	Delta[s](11) = 0.300481,	Delta[s](12) = 0.359851,	Delta[s](13) = 0.34292,	Delta[s](14) = 0.300481,	Delta[s](15) = 0.34292,	Delta[d](0) = 0.21808,	Delta[d](1) = 0.207724,	Delta[d](2) = 0.215748,	Delta[d](3) = 0.207724,	Delta[d](4) = 0.207724,	Delta[d](5) = 0.138108,	Delta[d](6) = 0.165893,	Delta[d](7) = 0.138108,	Delta[d](8) = 0.215748,	Delta[d](9) = 0.165893,	Delta[d](10) = 0.058049,	Delta[d](11) = 0.165893,	Delta[d](12) = 0.207724,	Delta[d](13) = 0.138108,	Delta[d](14) = 0.165893,	Delta[d](15) = 0.138108,	Delta[s+](0) = 0.432607,	Delta[s+](1) = 0.336529,	Delta[s+](2) = 0.215748,	Delta[s+](3) = 0.336529,	Delta[s+](4) = 0.336529,	Delta[s+](5) = 0.215748,	Delta[s+](6) = 0.0934774,	Delta[s+](7) = 0.215748,	Delta[s+](8) = 0.215748,	Delta[s+](9) = 0.0934774,	Delta[s+](10) = 0.0320953,	Delta[s+](11) = 0.0934774,	Delta[s+](12) = 0.336529,	Delta[s+](13) = 0.215748,	Delta[s+](14) = 0.0934774,	Delta[s+](15) = 0.215748
The 10-th iteration is completed.	|| time cost : 0h 4m 24.006s
********************************************************************************************************************
Start the 11 rounds of NGS-ED iteration
	effective electronic model is modified as: kinetic energy t = 0.812308
	                                           effective interaction Vq = [-2.60007,-2.39217,-2.20186,-2.39217,-2.39217,-2.20186,-2.23654,-2.20186,-2.20186,-2.23654,-2.59159,-2.23654,-2.39217,-2.20186,-2.23654,-2.20186]
	PARPACK diagonalization completed after 30 matrix-vector product operations.
	iteration results: : total energy is -66.238757 | electron energy -66.506703 + phonon energy 0.267946 | electron momentum kIdx = 0
The 11-th iteration is completed.	|| time cost : 0h 0m 27.645s
********************************************************************************************************************
Start the 12 rounds of NGS-ED iteration
	effective electronic model is modified as: kinetic energy t = 0.812307
	                                           effective interaction Vq = [-2.60007,-2.39214,-2.20186,-2.39214,-2.39214,-2.20186,-2.23651,-2.20186,-2.20186,-2.23651,-2.59162,-2.23651,-2.39214,-2.20186,-2.23651,-2.20186]
	PARPACK diagonalization completed after 30 matrix-vector product operations.
	iteration results: : total energy is -66.238796 | electron energy -66.506813 + phonon energy 0.268017 | electron momentum kIdx = 0
The 12-th iteration is completed.	|| time cost : 0h 0m 27.337s
********************************************************************************************************************
Start the 13 rounds of NGS-ED iteration
	effective electronic model is modified as: kinetic energy t = 0.812308
	                                           effective interaction Vq = [-2.60007,-2.39211,-2.20185,-2.39211,-2.39211,-2.20185,-2.23648,-2.20185,-2.20185,-2.23648,-2.59164,-2.23648,-2.39211,-2.20185,-2.23648,-2.20185]
	PARPACK diagonalization completed after 30 matrix-vector product operations.
	iteration results: : total energy is -66.238810 | electron energy -66.506859 + phonon energy 0.268049 | electron momentum kIdx = 0
The 13-th iteration is completed.	|| time cost : 0h 0m 27.331s
********************************************************************************************************************
Start the 14 rounds of NGS-ED iteration
	effective electronic model is modified as: kinetic energy t = 0.812309
	                                           effective interaction Vq = [-2.60007,-2.39209,-2.20185,-2.39209,-2.39209,-2.20185,-2.23646,-2.20185,-2.20185,-2.23646,-2.59165,-2.23646,-2.39209,-2.20185,-2.23646,-2.20185]
	PARPACK diagonalization completed after 30 matrix-vector product operations.
	iteration results: : total energy is -66.238815 | electron energy -66.506877 + phonon energy 0.268062 | electron momentum kIdx = 0
The 14-th iteration is completed.	|| time cost : 0h 0m 27.33s
********************************************************************************************************************
Start the 15 rounds of NGS-ED iteration
	effective electronic model is modified as: kinetic energy t = 0.812311
	                                           effective interaction Vq = [-2.60007,-2.39208,-2.20184,-2.39208,-2.39208,-2.20184,-2.23645,-2.20184,-2.20184,-2.23645,-2.59166,-2.23645,-2.39208,-2.20184,-2.23645,-2.20184]
	PARPACK diagonalization completed after 30 matrix-vector product operations.
	iteration results: : total energy is -66.238817 | electron energy -66.506884 + phonon energy 0.268067 | electron momentum kIdx = 0
The 15-th iteration is completed.	|| time cost : 0h 0m 27.392s
********************************************************************************************************************
Start the 16 rounds of NGS-ED iteration
	effective electronic model is modified as: kinetic energy t = 0.812312
	                                           effective interaction Vq = [-2.60007,-2.39207,-2.20184,-2.39207,-2.39207,-2.20184,-2.23644,-2.20184,-2.20184,-2.23644,-2.59166,-2.23644,-2.39207,-2.20184,-2.23644,-2.20184]
	PARPACK diagonalization completed after 30 matrix-vector product operations.
	iteration results: : total energy is -66.238818 | electron energy -66.506886 + phonon energy 0.268068 | electron momentum kIdx = 0
The 16-th iteration is completed.	|| time cost : 0h 0m 27.285s
********************************************************************************************************************
Start the 17 rounds of NGS-ED iteration
	effective electronic model is modified as: kinetic energy t = 0.812312
	                                           effective interaction Vq = [-2.60007,-2.39206,-2.20184,-2.39206,-2.39206,-2.20184,-2.23643,-2.20184,-2.20184,-2.23643,-2.59166,-2.23643,-2.39206,-2.20184,-2.23643,-2.20184]
	PARPACK diagonalization completed after 30 matrix-vector product operations.
	iteration results: : total energy is -66.238818 | electron energy -66.506886 + phonon energy 0.268068 | electron momentum kIdx = 0
The 17-th iteration is completed.	|| time cost : 0h 0m 27.468s
********************************************************************************************************************
Start the 18 rounds of NGS-ED iteration
	effective electronic model is modified as: kinetic energy t = 0.812313
	                                           effective interaction Vq = [-2.60007,-2.39206,-2.20184,-2.39206,-2.39206,-2.20184,-2.23643,-2.20184,-2.20184,-2.23643,-2.59166,-2.23643,-2.39206,-2.20184,-2.23643,-2.20184]
	PARPACK diagonalization completed after 30 matrix-vector product operations.
	iteration results: : total energy is -66.238818 | electron energy -66.506885 + phonon energy 0.268067 | electron momentum kIdx = 0
The 18-th iteration is completed.	|| time cost : 0h 0m 27.34s
********************************************************************************************************************
Start the 19 rounds of NGS-ED iteration
	effective electronic model is modified as: kinetic energy t = 0.812313
	                                           effective interaction Vq = [-2.60007,-2.39205,-2.20183,-2.39205,-2.39205,-2.20183,-2.23642,-2.20183,-2.20183,-2.23642,-2.59166,-2.23642,-2.39205,-2.20183,-2.23642,-2.20183]
	PARPACK diagonalization completed after 30 matrix-vector product operations.
	iteration results: : total energy is -66.238818 | electron energy -66.506885 + phonon energy 0.268067 | electron momentum kIdx = 0
The 19-th iteration is completed.	|| time cost : 0h 0m 27.641s
********************************************************************************************************************
Start the 20 rounds of NGS-ED iteration
	effective electronic model is modified as: kinetic energy t = 0.812314
	                                           effective interaction Vq = [-2.60007,-2.39205,-2.20183,-2.39205,-2.39205,-2.20183,-2.23642,-2.20183,-2.20183,-2.23642,-2.59166,-2.23642,-2.39205,-2.20183,-2.23642,-2.20183]
	PARPACK diagonalization completed after 30 matrix-vector product operations.
	iteration results: : total energy is -66.238818 | electron energy -66.506884 + phonon energy 0.268066 | electron momentum kIdx = 0
