SNEDics v3.4 Non-Gaussian ED ground state program		Start at Fri Sep 27 16:07:39 2019

parallized on 16 MPI threads  * 8 OpenMP threads = 128 total threads.
********************************************************************************************************************
********************************************************************************************************************

********************************************************************************************************************
System parameters and configurations
********************************************************************************************************************
Special program options are enabled: splitted diagonal Hamiltonian
********************************************************************************************************************
Read input file "model_params.in"
	Hubbard-Holstein model parameters : 	t = 1    U = 5    g = 2.7386    W = 5    
********************************************************************************************************************
Read input file "hilbertspace_params.in"
	Requested 16-site 2D lattice, with 12 electrons (6, 6)
	Boundary : Periodic		Hilbert space representation : momentum-space (restricted to kIdx = 10)
	Conservation: particle number[U(1)]      spin[U(1)]     momentum
********************************************************************************************************************

Cluster Positions:				Cluster symmetry group : D4
 x ... x ... x ... x .....                       x ... x ... x ... x .....
 |           |           :                       |           |           :
 |           |           :                       |           |           :
12    13    14    15     x                       1     5     6     5     x
 |           |           :                       |           |           :
 |           |           :                       |           |           :
 8 --- 9 ---10 ---11 --- x                       2 --- 6 ---10 --- 6 --- x
 |           |           :                       |           |           :
 |           |           :                       |           |           :
 4     5     6     7     x                       1     5     6     5     x
 |           |           :                       |           |           :
 |           |           :                       |           |           :
 0 --- 1 --- 2 --- 3 --- x                       0 --- 1 --- 2 --- 1 --- x
orbital number : 1
********************************************************************************************************************
Read input file "obs_params.in"
	Observable Type : Nq(All),   Sq(All),   N(All),   Delta[s](All),   Delta[d](All),   Delta[s+](All)
********************************************************************************************************************
** WARNING ** the input observables have non-local factors which have been reinterpreted. The total observable number is 96
********************************************************************************************************************


********************************************************************************************************************
Start calculating the non-Gaussian ED ground state
** WARNING ** Detected low phonon energy W < 10. The initial state will be prepared through a warm-up process.
********************************************************************************************************************
Start warm-up calculation for scaling factor 2
open output files: NGSEDWarmUpW10Obs.txt
********************************************************************************************************************
Start the 0 rounds of NGS-ED iteration
	effective electronic model is modified as: kinetic energy t = 1
	                                           effective interaction Vq = [-0,-0,-0,-0,-0,-0,-0,-0,-0,-0,-0,-0,-0,-0,-0,-0]
	first Hamiltonian is constructed, non-zero numbers = 969134084
	PARPACK diagonalization completed after 135 matrix-vector product operations.
	iteration results: : total energy is -16.786858 | electron energy -16.786858 + phonon energy 0.000000 | electron momentum kIdx = 10
	Nq(0) = 9,	Nq(1) = 0.230803,	Nq(2) = 0.275981,	Nq(3) = 0.230803,	Nq(4) = 0.230803,	Nq(5) = 0.299564,	Nq(6) = 0.381314,	Nq(7) = 0.299564,	Nq(8) = 0.275981,	Nq(9) = 0.381314,	Nq(10) = 0.469772,	Nq(11) = 0.381314,	Nq(12) = 0.230803,	Nq(13) = 0.299564,	Nq(14) = 0.381314,	Nq(15) = 0.299564,	Sq(0) = 5.72333e-18,	Sq(1) = 0.515182,	Sq(2) = 0.858878,	Sq(3) = 0.515182,	Sq(4) = 0.515182,	Sq(5) = 0.527953,	Sq(6) = 0.918152,	Sq(7) = 0.527953,	Sq(8) = 0.858878,	Sq(9) = 0.918152,	Sq(10) = 0.768634,	Sq(11) = 0.918152,	Sq(12) = 0.515182,	Sq(13) = 0.527953,	Sq(14) = 0.918152,	Sq(15) = 0.527953,	N(0) = 1.88012,	N(1) = 1.78772,	N(2) = 0.15745,	N(3) = 1.78772,	N(4) = 1.78772,	N(5) = 0.567945,	N(6) = 0.083142,	N(7) = 0.567945,	N(8) = 0.15745,	N(9) = 0.083142,	N(10) = 0.0497679,	N(11) = 0.083142,	N(12) = 1.78772,	N(13) = 0.567945,	N(14) = 0.083142,	N(15) = 0.567945,	Delta[s](0) = 0.106462,	Delta[s](1) = 0.0754962,	Delta[s](2) = 0.0497012,	Delta[s](3) = 0.0754962,	Delta[s](4) = 0.0754962,	Delta[s](5) = 0.0556671,	Delta[s](6) = 0.0239393,	Delta[s](7) = 0.0556671,	Delta[s](8) = 0.0497012,	Delta[s](9) = 0.0239393,	Delta[s](10) = 0.0079543,	Delta[s](11) = 0.0239393,	Delta[s](12) = 0.0754962,	Delta[s](13) = 0.0556671,	Delta[s](14) = 0.0239393,	Delta[s](15) = 0.0556671,	Delta[d](0) = 0.213686,	Delta[d](1) = 0.118285,	Delta[d](2) = 0.158129,	Delta[d](3) = 0.118285,	Delta[d](4) = 0.118285,	Delta[d](5) = 0.120176,	Delta[d](6) = 0.0733716,	Delta[d](7) = 0.120176,	Delta[d](8) = 0.158129,	Delta[d](9) = 0.0733716,	Delta[d](10) = 0.0269233,	Delta[d](11) = 0.0733716,	Delta[d](12) = 0.118285,	Delta[d](13) = 0.120176,	Delta[d](14) = 0.0733716,	Delta[d](15) = 0.120176,	Delta[s+](0) = 0.540062,	Delta[s+](1) = 0.368304,	Delta[s+](2) = 0.158129,	Delta[s+](3) = 0.368304,	Delta[s+](4) = 0.368304,	Delta[s+](5) = 0.208402,	Delta[s+](6) = 0.0572404,	Delta[s+](7) = 0.208402,	Delta[s+](8) = 0.158129,	Delta[s+](9) = 0.0572404,	Delta[s+](10) = 0.0131171,	Delta[s+](11) = 0.0572404,	Delta[s+](12) = 0.368304,	Delta[s+](13) = 0.208402,	Delta[s+](14) = 0.0572404,	Delta[s+](15) = 0.208402
The 0-th iteration is completed.	|| time cost : 0h 2m 56.087s
********************************************************************************************************************
Start the 1 rounds of NGS-ED iteration
	effective electronic model is modified as: kinetic energy t = 0.959224
	                                           effective interaction Vq = [-1.29698,-1.21666,-1.16355,-1.21666,-1.21666,-1.17395,-1.15284,-1.17395,-1.16355,-1.15284,-1.14173,-1.15284,-1.21666,-1.17395,-1.15284,-1.17395]
	PARPACK diagonalization completed after 30 matrix-vector product operations.
	iteration results: : total energy is -33.568898 | electron energy -33.570522 + phonon energy 0.001625 | electron momentum kIdx = 10
The 1-th iteration is completed.	|| time cost : 0h 2m 34.039s
********************************************************************************************************************
Start the 2 rounds of NGS-ED iteration
	effective electronic model is modified as: kinetic energy t = 0.935213
	                                           effective interaction Vq = [-1.47251,-1.39877,-1.32948,-1.39877,-1.39877,-1.34439,-1.32548,-1.34439,-1.32948,-1.32548,-1.32004,-1.32548,-1.39877,-1.34439,-1.32548,-1.34439]
	PARPACK diagonalization completed after 30 matrix-vector product operations.
	iteration results: : total energy is -35.587952 | electron energy -35.598472 + phonon energy 0.010520 | electron momentum kIdx = 10
The 2-th iteration is completed.	|| time cost : 0h 0m 8.935s
********************************************************************************************************************
Start the 3 rounds of NGS-ED iteration
	effective electronic model is modified as: kinetic energy t = 0.927583
	                                           effective interaction Vq = [-1.49627,-1.43707,-1.36477,-1.43707,-1.43707,-1.38109,-1.36355,-1.38109,-1.36477,-1.36355,-1.36052,-1.36355,-1.43707,-1.38109,-1.36355,-1.38109]
	PARPACK diagonalization completed after 30 matrix-vector product operations.
	iteration results: : total energy is -35.839641 | electron energy -35.856759 + phonon energy 0.017118 | electron momentum kIdx = 10
The 3-th iteration is completed.	|| time cost : 0h 0m 9.088s
********************************************************************************************************************
Start the 4 rounds of NGS-ED iteration
	effective electronic model is modified as: kinetic energy t = 0.925346
	                                           effective interaction Vq = [-1.49948,-1.44713,-1.37368,-1.44713,-1.44713,-1.39055,-1.37345,-1.39055,-1.37368,-1.37345,-1.37129,-1.37345,-1.44713,-1.39055,-1.37345,-1.39055]
	PARPACK diagonalization completed after 30 matrix-vector product operations.
	iteration results: : total energy is -35.871828 | electron energy -35.891561 + phonon energy 0.019732 | electron momentum kIdx = 10
The 4-th iteration is completed.	|| time cost : 0h 0m 9.07s
********************************************************************************************************************
Start the 5 rounds of NGS-ED iteration
	effective electronic model is modified as: kinetic energy t = 0.9247
	                                           effective interaction Vq = [-1.49992,-1.45007,-1.37607,-1.45007,-1.45007,-1.39314,-1.37618,-1.39314,-1.37607,-1.37618,-1.37432,-1.37618,-1.45007,-1.39314,-1.37618,-1.39314]
	PARPACK diagonalization completed after 30 matrix-vector product operations.
	iteration results: : total energy is -35.876024 | electron energy -35.896599 + phonon energy 0.020575 | electron momentum kIdx = 10
The 5-th iteration is completed.	|| time cost : 0h 0m 9.068s
********************************************************************************************************************
Start the 6 rounds of NGS-ED iteration
	effective electronic model is modified as: kinetic energy t = 0.924513
	                                           effective interaction Vq = [-1.49998,-1.45096,-1.37672,-1.45096,-1.45096,-1.39387,-1.37695,-1.39387,-1.37672,-1.37695, -1.3752,-1.37695,-1.45096,-1.39387,-1.37695,-1.39387]
	PARPACK diagonalization completed after 30 matrix-vector product operations.
	iteration results: : total energy is -35.876578 | electron energy -35.897406 + phonon energy 0.020828 | electron momentum kIdx = 10
The 6-th iteration is completed.	|| time cost : 0h 0m 8.977s
********************************************************************************************************************
Start the 7 rounds of NGS-ED iteration
	effective electronic model is modified as: kinetic energy t = 0.92446
	                                           effective interaction Vq = [-1.49998,-1.45123, -1.3769,-1.45123,-1.45123,-1.39408,-1.37716,-1.39408, -1.3769,-1.37716,-1.37545,-1.37716,-1.45123,-1.39408,-1.37716,-1.39408]
	PARPACK diagonalization completed after 30 matrix-vector product operations.
	iteration results: : total energy is -35.876652 | electron energy -35.897553 + phonon energy 0.020901 | electron momentum kIdx = 10
	Nq(0) = 9,	Nq(1) = 0.300329,	Nq(2) = 0.326494,	Nq(3) = 0.300329,	Nq(4) = 0.300329,	Nq(5) = 0.361828,	Nq(6) = 0.485763,	Nq(7) = 0.361828,	Nq(8) = 0.326494,	Nq(9) = 0.485763,	Nq(10) = 0.635513,	Nq(11) = 0.485763,	Nq(12) = 0.300329,	Nq(13) = 0.361828,	Nq(14) = 0.485763,	Nq(15) = 0.361828,	Sq(0) = -1.56911e-17,	Sq(1) = 0.452089,	Sq(2) = 0.758818,	Sq(3) = 0.452089,	Sq(4) = 0.452089,	Sq(5) = 0.493274,	Sq(6) = 0.776585,	Sq(7) = 0.493274,	Sq(8) = 0.758818,	Sq(9) = 0.776585,	Sq(10) = 0.714392,	Sq(11) = 0.776585,	Sq(12) = 0.452089,	Sq(13) = 0.493274,	Sq(14) = 0.776585,	Sq(15) = 0.493274,	N(0) = 1.96665,	N(1) = 1.94071,	N(2) = 0.0442018,	N(3) = 1.94071,	N(4) = 1.94071,	N(5) = 0.516882,	N(6) = 0.0252096,	N(7) = 0.516882,	N(8) = 0.0442018,	N(9) = 0.0252096,	N(10) = 0.0137386,	N(11) = 0.0252096,	N(12) = 1.94071,	N(13) = 0.516882,	N(14) = 0.0252096,	N(15) = 0.516882,	Delta[s](0) = 0.168931,	Delta[s](1) = 0.119048,	Delta[s](2) = 0.0867978,	Delta[s](3) = 0.119048,	Delta[s](4) = 0.119048,	Delta[s](5) = 0.0978019,	Delta[s](6) = 0.0514983,	Delta[s](7) = 0.0978019,	Delta[s](8) = 0.0867978,	Delta[s](9) = 0.0514983,	Delta[s](10) = 0.0241699,	Delta[s](11) = 0.0514983,	Delta[s](12) = 0.119048,	Delta[s](13) = 0.0978019,	Delta[s](14) = 0.0514983,	Delta[s](15) = 0.0978019,	Delta[d](0) = 0.22795,	Delta[d](1) = 0.108513,	Delta[d](2) = 0.14926,	Delta[d](3) = 0.108513,	Delta[d](4) = 0.108513,	Delta[d](5) = 0.125924,	Delta[d](6) = 0.0589464,	Delta[d](7) = 0.125924,	Delta[d](8) = 0.14926,	Delta[d](9) = 0.0589464,	Delta[d](10) = 0.0194971,	Delta[d](11) = 0.0589464,	Delta[d](12) = 0.108513,	Delta[d](13) = 0.125924,	Delta[d](14) = 0.0589464,	Delta[d](15) = 0.125924,	Delta[s+](0) = 0.534645,	Delta[s+](1) = 0.365883,	Delta[s+](2) = 0.14926,	Delta[s+](3) = 0.365883,	Delta[s+](4) = 0.365883,	Delta[s+](5) = 0.205255,	Delta[s+](6) = 0.050883,	Delta[s+](7) = 0.205255,	Delta[s+](8) = 0.14926,	Delta[s+](9) = 0.050883,	Delta[s+](10) = 0.0103173,	Delta[s+](11) = 0.050883,	Delta[s+](12) = 0.365883,	Delta[s+](13) = 0.205255,	Delta[s+](14) = 0.050883,	Delta[s+](15) = 0.205255
The 7-th iteration is completed.	|| time cost : 0h 1m 28.338s
********************************************************************************************************************
********************************************************************************************************************
Ground state is obtained after 8 iterations. The current ground-state energy is -35.8767, in which electron energy is -35.8976 and phonon energy is 0.0209013
final variational state is: 
	Gamma_x = [      1,1.01339,1.02021,1.01339,1.01339,1.02139, 1.0302,1.02139,1.02021, 1.0302,1.03985, 1.0302,1.01339,1.02139, 1.0302,1.02139]
	lambda_q = [0.387167,0.317534,0.276375,0.317534,0.317534,0.284412,0.276499,0.284412,0.276375,0.276499,0.275733,0.276499,0.317534,0.284412,0.276499,0.284412]
********************************************************************************************************************
o___o  ----------------------------------------
| L |	Time since last clock: 0h 0m 0s
A===A	Time since the beginning: 0h 7m 43.606s
***********************************************


********************************************************************************************************************
Warm up runs have been completed. Start calculating W = 5 phonon.
open output files: NGSEDIterationObs.txt
********************************************************************************************************************
Start the 0 rounds of NGS-ED iteration
	effective electronic model is modified as: kinetic energy t = 0.924444
	                                           effective interaction Vq = [ -1.3711,-1.23506,-1.13185,-1.23506,-1.23506,-1.15333,-1.13218,-1.15333,-1.13185,-1.13218, -1.1301,-1.13218,-1.23506,-1.15333,-1.13218,-1.15333]
	PARPACK diagonalization completed after 30 matrix-vector product operations.
	iteration results: : total energy is -33.360442 | electron energy -33.370903 + phonon energy 0.010461 | electron momentum kIdx = 10
	Nq(0) = 9,	Nq(1) = 0.286088,	Nq(2) = 0.31534,	Nq(3) = 0.286088,	Nq(4) = 0.286088,	Nq(5) = 0.347361,	Nq(6) = 0.460374,	Nq(7) = 0.347361,	Nq(8) = 0.31534,	Nq(9) = 0.460374,	Nq(10) = 0.593883,	Nq(11) = 0.460374,	Nq(12) = 0.286088,	Nq(13) = 0.347361,	Nq(14) = 0.460374,	Nq(15) = 0.347361,	Sq(0) = 1.86062e-17,	Sq(1) = 0.466482,	Sq(2) = 0.782335,	Sq(3) = 0.466482,	Sq(4) = 0.466482,	Sq(5) = 0.501963,	Sq(6) = 0.807975,	Sq(7) = 0.501963,	Sq(8) = 0.782335,	Sq(9) = 0.807975,	Sq(10) = 0.729795,	Sq(11) = 0.807975,	Sq(12) = 0.466482,	Sq(13) = 0.501963,	Sq(14) = 0.807975,	Sq(15) = 0.501963,	N(0) = 1.95233,	N(1) = 1.91503,	N(2) = 0.0630367,	N(3) = 1.91503,	N(4) = 1.91503,	N(5) = 0.524777,	N(6) = 0.0356204,	N(7) = 0.524777,	N(8) = 0.0630367,	N(9) = 0.0356204,	N(10) = 0.0199006,	N(11) = 0.0356204,	N(12) = 1.91503,	N(13) = 0.524777,	N(14) = 0.0356204,	N(15) = 0.524777,	Delta[s](0) = 0.149717,	Delta[s](1) = 0.10756,	Delta[s](2) = 0.0785411,	Delta[s](3) = 0.10756,	Delta[s](4) = 0.10756,	Delta[s](5) = 0.0876076,	Delta[s](6) = 0.0471466,	Delta[s](7) = 0.0876076,	Delta[s](8) = 0.0785411,	Delta[s](9) = 0.0471466,	Delta[s](10) = 0.0238716,	Delta[s](11) = 0.0471466,	Delta[s](12) = 0.10756,	Delta[s](13) = 0.0876076,	Delta[s](14) = 0.0471466,	Delta[s](15) = 0.0876076,	Delta[d](0) = 0.226838,	Delta[d](1) = 0.113995,	Delta[d](2) = 0.155467,	Delta[d](3) = 0.113995,	Delta[d](4) = 0.113995,	Delta[d](5) = 0.127637,	Delta[d](6) = 0.0655804,	Delta[d](7) = 0.127637,	Delta[d](8) = 0.155467,	Delta[d](9) = 0.0655804,	Delta[d](10) = 0.0236845,	Delta[d](11) = 0.0655804,	Delta[d](12) = 0.113995,	Delta[d](13) = 0.127637,	Delta[d](14) = 0.0655804,	Delta[d](15) = 0.127637,	Delta[s+](0) = 0.545336,	Delta[s+](1) = 0.373094,	Delta[s+](2) = 0.155467,	Delta[s+](3) = 0.373094,	Delta[s+](4) = 0.373094,	Delta[s+](5) = 0.210521,	Delta[s+](6) = 0.0552367,	Delta[s+](7) = 0.210521,	Delta[s+](8) = 0.155467,	Delta[s+](9) = 0.0552367,	Delta[s+](10) = 0.0125723,	Delta[s+](11) = 0.0552367,	Delta[s+](12) = 0.373094,	Delta[s+](13) = 0.210521,	Delta[s+](14) = 0.0552367,	Delta[s+](15) = 0.210521
The 0-th iteration is completed.	|| time cost : 0h 1m 25.305s
********************************************************************************************************************
Start the 1 rounds of NGS-ED iteration
	effective electronic model is modified as: kinetic energy t = 0.916069
	                                           effective interaction Vq = [-1.45257,-1.30289,-1.17471,-1.30289,-1.30289,-1.20143,-1.17253,-1.20143,-1.17471,-1.17253,-1.16801,-1.17253,-1.30289,-1.20143,-1.17253,-1.20143]
	PARPACK diagonalization completed after 30 matrix-vector product operations.
	iteration results: : total energy is -34.152824 | electron energy -34.182631 + phonon energy 0.029807 | electron momentum kIdx = 10
The 1-th iteration is completed.	|| time cost : 0h 0m 8.974s
********************************************************************************************************************
Start the 2 rounds of NGS-ED iteration
	effective electronic model is modified as: kinetic energy t = 0.911659
	                                           effective interaction Vq = [-1.48254,-1.33457,-1.19453,-1.33457,-1.33457,-1.22388,-1.19233,-1.22388,-1.19453,-1.19233,-1.18769,-1.19233,-1.33457,-1.22388,-1.19233,-1.22388]
	PARPACK diagonalization completed after 30 matrix-vector product operations.
	iteration results: : total energy is -34.438017 | electron energy -34.481051 + phonon energy 0.043033 | electron momentum kIdx = 10
The 2-th iteration is completed.	|| time cost : 0h 0m 9.059s
********************************************************************************************************************
Start the 3 rounds of NGS-ED iteration
	effective electronic model is modified as: kinetic energy t = 0.909385
	                                           effective interaction Vq = [-1.49357, -1.3501,-1.20393, -1.3501, -1.3501,-1.23465,-1.20214,-1.23465,-1.20393,-1.20214,-1.19782,-1.20214, -1.3501,-1.23465,-1.20214,-1.23465]
	PARPACK diagonalization completed after 30 matrix-vector product operations.
	iteration results: : total energy is -34.541294 | electron energy -34.591862 + phonon energy 0.050568 | electron momentum kIdx = 10
The 3-th iteration is completed.	|| time cost : 0h 0m 9.079s
********************************************************************************************************************
Start the 4 rounds of NGS-ED iteration
	effective electronic model is modified as: kinetic energy t = 0.908224
	                                           effective interaction Vq = [-1.49763,-1.35794,-1.20844,-1.35794,-1.35794, -1.2399,-1.20702, -1.2399,-1.20844,-1.20702,-1.20302,-1.20702,-1.35794, -1.2399,-1.20702, -1.2399]
	PARPACK diagonalization completed after 30 matrix-vector product operations.
	iteration results: : total energy is -34.578860 | electron energy -34.633454 + phonon energy 0.054594 | electron momentum kIdx = 10
The 4-th iteration is completed.	|| time cost : 0h 0m 9.066s
********************************************************************************************************************
Start the 5 rounds of NGS-ED iteration
	effective electronic model is modified as: kinetic energy t = 0.907634
	                                           effective interaction Vq = [-1.49912,-1.36197,-1.21062,-1.36197,-1.36197,-1.24247,-1.20946,-1.24247,-1.21062,-1.20946,-1.20569,-1.20946,-1.36197,-1.24247,-1.20946,-1.24247]
	PARPACK diagonalization completed after 30 matrix-vector product operations.
	iteration results: : total energy is -34.592568 | electron energy -34.649254 + phonon energy 0.056685 | electron momentum kIdx = 10
The 5-th iteration is completed.	|| time cost : 0h 0m 9.084s
********************************************************************************************************************
Start the 6 rounds of NGS-ED iteration
	effective electronic model is modified as: kinetic energy t = 0.907334
	                                           effective interaction Vq = [-1.49967,-1.36406,-1.21169,-1.36406,-1.36406,-1.24374,-1.21068,-1.24374,-1.21169,-1.21068,-1.20705,-1.21068,-1.36406,-1.24374,-1.21068,-1.24374]
	PARPACK diagonalization completed after 30 matrix-vector product operations.
	iteration results: : total energy is -34.597582 | electron energy -34.655339 + phonon energy 0.057757 | electron momentum kIdx = 10
The 6-th iteration is completed.	|| time cost : 0h 0m 9.082s
********************************************************************************************************************
Start the 7 rounds of NGS-ED iteration
	effective electronic model is modified as: kinetic energy t = 0.907182
	                                           effective interaction Vq = [-1.49987,-1.36515, -1.2122,-1.36515,-1.36515,-1.24437,-1.21129,-1.24437, -1.2122,-1.21129,-1.20775,-1.21129,-1.36515,-1.24437,-1.21129,-1.24437]
	PARPACK diagonalization completed after 30 matrix-vector product operations.
	iteration results: : total energy is -34.599419 | electron energy -34.657722 + phonon energy 0.058302 | electron momentum kIdx = 10
The 7-th iteration is completed.	|| time cost : 0h 0m 9.123s
********************************************************************************************************************
Start the 8 rounds of NGS-ED iteration
	effective electronic model is modified as: kinetic energy t = 0.907105
	                                           effective interaction Vq = [-1.49994,-1.36572,-1.21246,-1.36572,-1.36572,-1.24468, -1.2116,-1.24468,-1.21246, -1.2116,-1.20811, -1.2116,-1.36572,-1.24468, -1.2116,-1.24468]
	PARPACK diagonalization completed after 30 matrix-vector product operations.
	iteration results: : total energy is -34.600093 | electron energy -34.658672 + phonon energy 0.058579 | electron momentum kIdx = 10
The 8-th iteration is completed.	|| time cost : 0h 0m 9.078s
********************************************************************************************************************
Start the 9 rounds of NGS-ED iteration
	effective electronic model is modified as: kinetic energy t = 0.907066
	                                           effective interaction Vq = [-1.49997,-1.36602,-1.21258,-1.36602,-1.36602,-1.24483,-1.21175,-1.24483,-1.21258,-1.21175,-1.20829,-1.21175,-1.36602,-1.24483,-1.21175,-1.24483]
	PARPACK diagonalization completed after 30 matrix-vector product operations.
	iteration results: : total energy is -34.600340 | electron energy -34.659060 + phonon energy 0.058719 | electron momentum kIdx = 10
The 9-th iteration is completed.	|| time cost : 0h 0m 9.13s
********************************************************************************************************************
Start the 10 rounds of NGS-ED iteration
	effective electronic model is modified as: kinetic energy t = 0.907046
	                                           effective interaction Vq = [-1.49998,-1.36617,-1.21264,-1.36617,-1.36617, -1.2449,-1.21182, -1.2449,-1.21264,-1.21182,-1.20838,-1.21182,-1.36617, -1.2449,-1.21182, -1.2449]
	PARPACK diagonalization completed after 30 matrix-vector product operations.
	iteration results: : total energy is -34.600431 | electron energy -34.659222 + phonon energy 0.058790 | electron momentum kIdx = 10
	Nq(0) = 9,	Nq(1) = 0.293747,	Nq(2) = 0.318014,	Nq(3) = 0.293747,	Nq(4) = 0.293747,	Nq(5) = 0.351294,	Nq(6) = 0.465593,	Nq(7) = 0.351294,	Nq(8) = 0.318014,	Nq(9) = 0.465593,	Nq(10) = 0.602004,	Nq(11) = 0.465593,	Nq(12) = 0.293747,	Nq(13) = 0.351294,	Nq(14) = 0.465593,	Nq(15) = 0.351294,	Sq(0) = 1.22219e-17,	Sq(1) = 0.461839,	Sq(2) = 0.775296,	Sq(3) = 0.461839,	Sq(4) = 0.461839,	Sq(5) = 0.499618,	Sq(6) = 0.799083,	Sq(7) = 0.499618,	Sq(8) = 0.775296,	Sq(9) = 0.799083,	Sq(10) = 0.726683,	Sq(11) = 0.799083,	Sq(12) = 0.461839,	Sq(13) = 0.499618,	Sq(14) = 0.799083,	Sq(15) = 0.499618,	N(0) = 1.95636,	N(1) = 1.92335,	N(2) = 0.0566842,	N(3) = 1.92335,	N(4) = 1.92335,	N(5) = 0.521942,	N(6) = 0.0326894,	N(7) = 0.521942,	N(8) = 0.0566842,	N(9) = 0.0326894,	N(10) = 0.0183659,	N(11) = 0.0326894,	N(12) = 1.92335,	N(13) = 0.521942,	N(14) = 0.0326894,	N(15) = 0.521942,	Delta[s](0) = 0.151547,	Delta[s](1) = 0.109597,	Delta[s](2) = 0.0810657,	Delta[s](3) = 0.109597,	Delta[s](4) = 0.109597,	Delta[s](5) = 0.0901268,	Delta[s](6) = 0.0502112,	Delta[s](7) = 0.0901268,	Delta[s](8) = 0.0810657,	Delta[s](9) = 0.0502112,	Delta[s](10) = 0.0268663,	Delta[s](11) = 0.0502112,	Delta[s](12) = 0.109597,	Delta[s](13) = 0.0901268,	Delta[s](14) = 0.0502112,	Delta[s](15) = 0.0901268,	Delta[d](0) = 0.232437,	Delta[d](1) = 0.117675,	Delta[d](2) = 0.159563,	Delta[d](3) = 0.117675,	Delta[d](4) = 0.117675,	Delta[d](5) = 0.131905,	Delta[d](6) = 0.0682011,	Delta[d](7) = 0.131905,	Delta[d](8) = 0.159563,	Delta[d](9) = 0.0682011,	Delta[d](10) = 0.0254382,	Delta[d](11) = 0.0682011,	Delta[d](12) = 0.117675,	Delta[d](13) = 0.131905,	Delta[d](14) = 0.0682011,	Delta[d](15) = 0.131905,	Delta[s+](0) = 0.557406,	Delta[s+](1) = 0.381717,	Delta[s+](2) = 0.159563,	Delta[s+](3) = 0.381717,	Delta[s+](4) = 0.381717,	Delta[s+](5) = 0.215869,	Delta[s+](6) = 0.0574458,	Delta[s+](7) = 0.215869,	Delta[s+](8) = 0.159563,	Delta[s+](9) = 0.0574458,	Delta[s+](10) = 0.0136122,	Delta[s+](11) = 0.0574458,	Delta[s+](12) = 0.381717,	Delta[s+](13) = 0.215869,	Delta[s+](14) = 0.0574458,	Delta[s+](15) = 0.215869
The 10-th iteration is completed.	|| time cost : 0h 1m 24.429s
********************************************************************************************************************
Start the 11 rounds of NGS-ED iteration
	effective electronic model is modified as: kinetic energy t = 0.907036
	                                           effective interaction Vq = [-1.49998,-1.36625,-1.21267,-1.36625,-1.36625,-1.24494,-1.21186,-1.24494,-1.21267,-1.21186,-1.20843,-1.21186,-1.36625,-1.24494,-1.21186,-1.24494]
	PARPACK diagonalization completed after 30 matrix-vector product operations.
	iteration results: : total energy is -34.600465 | electron energy -34.659291 + phonon energy 0.058826 | electron momentum kIdx = 10
The 11-th iteration is completed.	|| time cost : 0h 0m 9.007s
********************************************************************************************************************
Start the 12 rounds of NGS-ED iteration
	effective electronic model is modified as: kinetic energy t = 0.90703
	                                           effective interaction Vq = [-1.49999, -1.3663,-1.21268, -1.3663, -1.3663,-1.24496,-1.21188,-1.24496,-1.21268,-1.21188,-1.20846,-1.21188, -1.3663,-1.24496,-1.21188,-1.24496]
	PARPACK diagonalization completed after 30 matrix-vector product operations.
	iteration results: : total energy is -34.600477 | electron energy -34.659321 + phonon energy 0.058844 | electron momentum kIdx = 10
The 12-th iteration is completed.	|| time cost : 0h 0m 9.082s
********************************************************************************************************************
Start the 13 rounds of NGS-ED iteration
	effective electronic model is modified as: kinetic energy t = 0.907028
	                                           effective interaction Vq = [-1.49999,-1.36632,-1.21269,-1.36632,-1.36632,-1.24497,-1.21189,-1.24497,-1.21269,-1.21189,-1.20847,-1.21189,-1.36632,-1.24497,-1.21189,-1.24497]
	PARPACK diagonalization completed after 30 matrix-vector product operations.
	iteration results: : total energy is -34.600481 | electron energy -34.659335 + phonon energy 0.058854 | electron momentum kIdx = 10
The 13-th iteration is completed.	|| time cost : 0h 0m 9.088s
********************************************************************************************************************
Start the 14 rounds of NGS-ED iteration
	effective electronic model is modified as: kinetic energy t = 0.907026
	                                           effective interaction Vq = [-1.49999,-1.36633,-1.21269,-1.36633,-1.36633,-1.24497, -1.2119,-1.24497,-1.21269, -1.2119,-1.20848, -1.2119,-1.36633,-1.24497, -1.2119,-1.24497]
	PARPACK diagonalization completed after 30 matrix-vector product operations.
	iteration results: : total energy is -34.600483 | electron energy -34.659341 + phonon energy 0.058858 | electron momentum kIdx = 10
The 14-th iteration is completed.	|| time cost : 0h 0m 9.083s
********************************************************************************************************************
Start the 15 rounds of NGS-ED iteration
	effective electronic model is modified as: kinetic energy t = 0.907026
	                                           effective interaction Vq = [-1.49999,-1.36634, -1.2127,-1.36634,-1.36634,-1.24498, -1.2119,-1.24498, -1.2127, -1.2119,-1.20848, -1.2119,-1.36634,-1.24498, -1.2119,-1.24498]
	PARPACK diagonalization completed after 30 matrix-vector product operations.
	iteration results: : total energy is -34.600484 | electron energy -34.659344 + phonon energy 0.058861 | electron momentum kIdx = 10
The 15-th iteration is completed.	|| time cost : 0h 0m 9.092s
********************************************************************************************************************
Start the 16 rounds of NGS-ED iteration
	effective electronic model is modified as: kinetic energy t = 0.907025
	                                           effective interaction Vq = [-1.49999,-1.36634, -1.2127,-1.36634,-1.36634,-1.24498, -1.2119,-1.24498, -1.2127, -1.2119,-1.20848, -1.2119,-1.36634,-1.24498, -1.2119,-1.24498]
	PARPACK diagonalization completed after 30 matrix-vector product operations.
	iteration results: : total energy is -34.600484 | electron energy -34.659346 + phonon energy 0.058862 | electron momentum kIdx = 10
The 16-th iteration is completed.	|| time cost : 0h 0m 9.073s
********************************************************************************************************************
Start the 17 rounds of NGS-ED iteration
	effective electronic model is modified as: kinetic energy t = 0.907025
	                                           effective interaction Vq = [-1.49999,-1.36634, -1.2127,-1.36634,-1.36634,-1.24498, -1.2119,-1.24498, -1.2127, -1.2119,-1.20848, -1.2119,-1.36634,-1.24498, -1.2119,-1.24498]
	PARPACK diagonalization completed after 30 matrix-vector product operations.
	iteration results: : total energy is -34.600484 | electron energy -34.659346 + phonon energy 0.058862 | electron momentum kIdx = 10
The 17-th iteration is completed.	|| time cost : 0h 0m 9.072s
********************************************************************************************************************
Start the 18 rounds of NGS-ED iteration
	effective electronic model is modified as: kinetic energy t = 0.907025
	                                           effective interaction Vq = [-1.49999,-1.36634, -1.2127,-1.36634,-1.36634,-1.24498, -1.2119,-1.24498, -1.2127, -1.2119,-1.20848, -1.2119,-1.36634,-1.24498, -1.2119,-1.24498]
	PARPACK diagonalization completed after 30 matrix-vector product operations.
	iteration results: : total energy is -34.600484 | electron energy -34.659347 + phonon energy 0.058863 | electron momentum kIdx = 10
The 18-th iteration is completed.	|| time cost : 0h 0m 9.005s
********************************************************************************************************************
Start the 19 rounds of NGS-ED iteration
	effective electronic model is modified as: kinetic energy t = 0.907025
	                                           effective interaction Vq = [-1.49999,-1.36634, -1.2127,-1.36634,-1.36634,-1.24498, -1.2119,-1.24498, -1.2127, -1.2119,-1.20848, -1.2119,-1.36634,-1.24498, -1.2119,-1.24498]
	PARPACK diagonalization completed after 30 matrix-vector product operations.
	iteration results: : total energy is -34.600484 | electron energy -34.659347 + phonon energy 0.058863 | electron momentum kIdx = 10
The 19-th iteration is completed.	|| time cost : 0h 0m 9.016s
********************************************************************************************************************
Start the 20 rounds of NGS-ED iteration
	effective electronic model is modified as: kinetic energy t = 0.907025
	                                           effective interaction Vq = [-1.49999,-1.36635, -1.2127,-1.36635,-1.36635,-1.24498, -1.2119,-1.24498, -1.2127, -1.2119,-1.20848, -1.2119,-1.36635,-1.24498, -1.2119,-1.24498]
	PARPACK diagonalization completed after 30 matrix-vector product operations.
	iteration results: : total energy is -34.600484 | electron energy -34.659347 + phonon energy 0.058863 | electron momentum kIdx = 10
	Nq(0) = 9,	Nq(1) = 0.293758,	Nq(2) = 0.318015,	Nq(3) = 0.293758,	Nq(4) = 0.293758,	Nq(5) = 0.351296,	Nq(6) = 0.465597,	Nq(7) = 0.351296,	Nq(8) = 0.318015,	Nq(9) = 0.465597,	Nq(10) = 0.602016,	Nq(11) = 0.465597,	Nq(12) = 0.293758,	Nq(13) = 0.351296,	Nq(14) = 0.465597,	Nq(15) = 0.351296,	Sq(0) = 1.85349e-17,	Sq(1) = 0.461833,	Sq(2) = 0.775288,	Sq(3) = 0.461833,	Sq(4) = 0.461833,	Sq(5) = 0.499615,	Sq(6) = 0.799074,	Sq(7) = 0.499615,	Sq(8) = 0.775288,	Sq(9) = 0.799074,	Sq(10) = 0.726682,	Sq(11) = 0.799074,	Sq(12) = 0.461833,	Sq(13) = 0.499615,	Sq(14) = 0.799074,	Sq(15) = 0.499615,	N(0) = 1.95636,	N(1) = 1.92335,	N(2) = 0.0566776,	N(3) = 1.92335,	N(4) = 1.92335,	N(5) = 0.521939,	N(6) = 0.0326865,	N(7) = 0.521939,	N(8) = 0.0566776,	N(9) = 0.0326865,	N(10) = 0.0183645,	N(11) = 0.0326865,	N(12) = 1.92335,	N(13) = 0.521939,	N(14) = 0.0326865,	N(15) = 0.521939,	Delta[s](0) = 0.151548,	Delta[s](1) = 0.109599,	Delta[s](2) = 0.0810683,	Delta[s](3) = 0.109599,	Delta[s](4) = 0.109599,	Delta[s](5) = 0.0901294,	Delta[s](6) = 0.0502147,	Delta[s](7) = 0.0901294,	Delta[s](8) = 0.0810683,	Delta[s](9) = 0.0502147,	Delta[s](10) = 0.0268697,	Delta[s](11) = 0.0502147,	Delta[s](12) = 0.109599,	Delta[s](13) = 0.0901294,	Delta[s](14) = 0.0502147,	Delta[s](15) = 0.0901294,	Delta[d](0) = 0.23248,	Delta[d](1) = 0.117698,	Delta[d](2) = 0.159593,	Delta[d](3) = 0.117698,	Delta[d](4) = 0.117698,	Delta[d](5) = 0.13193,	Delta[d](6) = 0.0682153,	Delta[d](7) = 0.13193,	Delta[d](8) = 0.159593,	Delta[d](9) = 0.0682153,	Delta[d](10) = 0.0254444,	Delta[d](11) = 0.0682153,	Delta[d](12) = 0.117698,	Delta[d](13) = 0.13193,	Delta[d](14) = 0.0682153,	Delta[d](15) = 0.13193,	Delta[s+](0) = 0.557507,	Delta[s+](1) = 0.381787,	Delta[s+](2) = 0.159593,	Delta[s+](3) = 0.381787,	Delta[s+](4) = 0.381787,	Delta[s+](5) = 0.215909,	Delta[s+](6) = 0.0574575,	Delta[s+](7) = 0.215909,	Delta[s+](8) = 0.159593,	Delta[s+](9) = 0.0574575,	Delta[s+](10) = 0.0136156,	Delta[s+](11) = 0.0574575,	Delta[s+](12) = 0.381787,	Delta[s+](13) = 0.215909,	Delta[s+](14) = 0.0574575,	Delta[s+](15) = 0.215909
The 20-th iteration is completed.	|| time cost : 0h 1m 23.759s
********************************************************************************************************************
Start the 21 rounds of NGS-ED iteration
	effective electronic model is modified as: kinetic energy t = 0.907025
	                                           effective interaction Vq = [-1.49999,-1.36635, -1.2127,-1.36635,-1.36635,-1.24498, -1.2119,-1.24498, -1.2127, -1.2119,-1.20848, -1.2119,-1.36635,-1.24498, -1.2119,-1.24498]
	PARPACK diagonalization completed after 30 matrix-vector product operations.
	iteration results: : total energy is -34.600484 | electron energy -34.659347 + phonon energy 0.058863 | electron momentum kIdx = 10
The 21-th iteration is completed.	|| time cost : 0h 0m 9.103s
********************************************************************************************************************
Start the 22 rounds of NGS-ED iteration
	effective electronic model is modified as: kinetic energy t = 0.907025
	                                           effective interaction Vq = [-1.49999,-1.36635, -1.2127,-1.36635,-1.36635,-1.24498, -1.2119,-1.24498, -1.2127, -1.2119,-1.20848, -1.2119,-1.36635,-1.24498, -1.2119,-1.24498]
	PARPACK diagonalization completed after 90 matrix-vector product operations.
	iteration results: : total energy is -34.610216 | electron energy -34.669079 + phonon energy 0.058863 | electron momentum kIdx = 10
The 22-th iteration is completed.	|| time cost : 0h 0m 14.998s
********************************************************************************************************************
Start the 23 rounds of NGS-ED iteration
	effective electronic model is modified as: kinetic energy (tx,ty)=(0.907141, 0.907476)
	                                           effective interaction Vq = [-1.49999,-1.36393,-1.25216,-1.36393,-1.36264,-1.22506,-1.20901,-1.26339,-1.24233,-1.21008,-1.16992,-1.21008,-1.36264,-1.26339,-1.20901,-1.22506]
	PARPACK diagonalization completed after 45 matrix-vector product operations.
	iteration results: : total energy is -34.618693 | electron energy -34.677105 + phonon energy 0.058412 | electron momentum kIdx = 10
The 23-th iteration is completed.	|| time cost : 0h 0m 10.77s
********************************************************************************************************************
Start the 24 rounds of NGS-ED iteration
	effective electronic model is modified as: kinetic energy (tx,ty)=(0.906993, 0.907662)
	                                           effective interaction Vq = [-1.49999,-1.36293,-1.27219,-1.36293,-1.36042,-1.21644,-1.20743,-1.27166, -1.2533,-1.20944,-1.15305,-1.20944,-1.36042,-1.27166,-1.20743,-1.21644]
	PARPACK diagonalization completed after 45 matrix-vector product operations.
	iteration results: : total energy is -34.620587 | electron energy -34.678562 + phonon energy 0.057975 | electron momentum kIdx = 10
The 24-th iteration is completed.	|| time cost : 0h 0m 10.764s
********************************************************************************************************************
Start the 25 rounds of NGS-ED iteration
	effective electronic model is modified as: kinetic energy (tx,ty)=(0.906806, 0.907809)
	                                           effective interaction Vq = [-1.49999,-1.36268, -1.2838,-1.36268,-1.35897,-1.21303,-1.20645,-1.27527,-1.25597,-1.20936,-1.14546,-1.20936,-1.35897,-1.27527,-1.20645,-1.21303]
	PARPACK diagonalization completed after 45 matrix-vector product operations.
	iteration results: : total energy is -34.621097 | electron energy -34.678887 + phonon energy 0.057789 | electron momentum kIdx = 10
The 25-th iteration is completed.	|| time cost : 0h 0m 10.775s
********************************************************************************************************************
Start the 26 rounds of NGS-ED iteration
	effective electronic model is modified as: kinetic energy (tx,ty)=(0.906614, 0.907967)
