SNEDics v3.22.2 Non-Gaussian ED ground state program		Start at Sun May 15 17:15:14 2022

Parallelization: 32 MPI threads  * 8 OpenMP threads = 256 total threads.
********************************************************************************************************************
********************************************************************************************************************

********************************************************************************************************************
System parameters and configurations
	special program options are enabled: splitted diagonal Hamiltonian | splitted Hamiltonian terms
********************************************************************************************************************
Read input file "model_params.in"
	Hubbard-Holstein model parameters : 	t = 1    U = 8    g = 0.35    W = 0.2    g' = 0.05    
********************************************************************************************************************
Read input file "hilbertspace_params.in"
	Requested 16-site 2D lattice, with 8 electrons (4, 4)
	Boundary : Periodic		Hilbert space representation : momentum-space (restricted to kIdx = 10)
	Conservation: particle number[U(1)]      spin[U(1)]     momentum
********************************************************************************************************************

Cluster Positions:				Cluster symmetry group : D4
 x ... x ... x ... x .....                       x ... x ... x ... x .....
 |           |           :                       |           |           :
 |           |           :                       |           |           :
12    13    14    15     x                       1     5     6     5     x
 |           |           :                       |           |           :
 |           |           :                       |           |           :
 8 --- 9 ---10 ---11 --- x                       2 --- 6 ---10 --- 6 --- x
 |           |           :                       |           |           :
 |           |           :                       |           |           :
 4     5     6     7     x                       1     5     6     5     x
 |           |           :                       |           |           :
 |           |           :                       |           |           :
 0 --- 1 --- 2 --- 3 --- x                       0 --- 1 --- 2 --- 1 --- x
orbital number : 1
********************************************************************************************************************
Read input file "obs_params.in"
	Observable Type : Nq(All),   Sq(All),   N(All-Orbital),   Delta[s](All),   Delta[d](All),   Delta[s+](All)
** WARNING ** the input observables have non-local factors which have been reinterpreted. The total observable number is 96
********************************************************************************************************************


********************************************************************************************************************
Start calculating the non-Gaussian ED ground state
Maximal iteration number is 1000; energy resolution is 1e-06. Phonon state relaxation time is 2000
W = 0.2 is relatively large. The non-Gaussian ED calculation starts directly.
open output files: NGSED_iteration_observables.txt
********************************************************************************************************************
Start the 0 rounds of NGS-ED iteration
	effective electronic model is modified as: kinetic energy t = 1
	                                           effective interaction Vq = [0,0,0,0,0,0,0,0,0,0,0,0,0,0,0,0]
	first Hamiltonian is constructed, size = 207168 and non-zero numbers = 32194784
	PARPACK diagonalization completed after 225 matrix-vector product operations.
	iteration results: : total energy is -14.228491 | electron energy -14.228491 + phonon energy 0.000000 | electron momentum kIdx = 10
	Nq(0) = 4,	Nq(1) = 0.1929,	Nq(2) = 0.241361,	Nq(3) = 0.1929,	Nq(4) = 0.1929,	Nq(5) = 0.2635,	
	Nq(6) = 0.343209,	Nq(7) = 0.2635,	Nq(8) = 0.241361,	Nq(9) = 0.343209,	Nq(10) = 0.497356,	
	Nq(11) = 0.343209,	Nq(12) = 0.1929,	Nq(13) = 0.2635,	Nq(14) = 0.343209,	Nq(15) = 0.2635;	
	Sq(0) = 1.05048e-18,	Sq(1) = 0.540129,	Sq(2) = 0.425883,	Sq(3) = 0.540129,	Sq(4) = 0.540129,	
	Sq(5) = 0.44091,	Sq(6) = 0.633208,	Sq(7) = 0.44091,	Sq(8) = 0.425883,	Sq(9) = 0.633208,	
	Sq(10) = 0.512733,	Sq(11) = 0.633208,	Sq(12) = 0.540129,	Sq(13) = 0.44091,	Sq(14) = 0.633208,	
	Sq(15) = 0.44091;	N(0) = 1.39632,	N(1) = 1.19393,	N(2) = 0.182033,	N(3) = 1.19393,	
	N(4) = 1.19393,	N(5) = 0.343994,	N(6) = 0.0196952,	N(7) = 0.343994,	N(8) = 0.182033,	
	N(9) = 0.0196952,	N(10) = 0.00914957,	N(11) = 0.0196952,	N(12) = 1.19393,	N(13) = 0.343994,	
	N(14) = 0.0196952,	N(15) = 0.343994;	Delta[s](0) = 0.0200771,	Delta[s](1) = 0.00993172,	Delta[s](2) = 0.00250646,	
	Delta[s](3) = 0.00993172,	Delta[s](4) = 0.00993172,	Delta[s](5) = 0.0058146,	Delta[s](6) = 0.000267053,	Delta[s](7) = 0.0058146,	
	Delta[s](8) = 0.00250646,	Delta[s](9) = 0.000267053,	Delta[s](10) = 0.000112335,	Delta[s](11) = 0.000267053,	Delta[s](12) = 0.00993172,	
	Delta[s](13) = 0.0058146,	Delta[s](14) = 0.000267053,	Delta[s](15) = 0.0058146;	Delta[d](0) = 0.0477275,	Delta[d](1) = 0.0385613,	
	Delta[d](2) = 0.0282915,	Delta[d](3) = 0.0385613,	Delta[d](4) = 0.0385613,	Delta[d](5) = 0.0663268,	Delta[d](6) = 0.0429082,	
	Delta[d](7) = 0.0663268,	Delta[d](8) = 0.0282915,	Delta[d](9) = 0.0429082,	Delta[d](10) = 0.00442375,	Delta[d](11) = 0.0429082,	
	Delta[d](12) = 0.0385613,	Delta[d](13) = 0.0663268,	Delta[d](14) = 0.0429082,	Delta[d](15) = 0.0663268;	Delta[s+](0) = 0.203151,	
	Delta[s+](1) = 0.129227,	Delta[s+](2) = 0.0282915,	Delta[s+](3) = 0.129227,	Delta[s+](4) = 0.129227,	Delta[s+](5) = 0.0693693,	
	Delta[s+](6) = 0.0123339,	Delta[s+](7) = 0.0693693,	Delta[s+](8) = 0.0282915,	Delta[s+](9) = 0.0123339,	Delta[s+](10) = 0.00123767,	
	Delta[s+](11) = 0.0123339,	Delta[s+](12) = 0.129227,	Delta[s+](13) = 0.0693693,	Delta[s+](14) = 0.0123339,	Delta[s+](15) = 0.0693693
	
The 0-th iteration is completed.	|| time cost : 0h 0m 5.166s
********************************************************************************************************************
Start the 1 rounds of NGS-ED iteration
	effective electronic model is modified as: kinetic energy t = 0.990806
	                                           effective interaction Vq = [   -1.5125, -0.172093,-0.0634452, -0.172093, -0.172093,-0.0696834,-0.0301352,-0.0696834,-0.0634452,-0.0301352,-0.0114744,-0.0301352, -0.172093,-0.0696834,-0.0301352,-0.0696834]
	PARPACK diagonalization completed after 45 matrix-vector product operations.
	iteration results: : total energy is -20.418851 | electron energy -20.426512 + phonon energy 0.007661 | electron momentum kIdx = 10
The 1-th iteration is completed.	|| time cost : 0h 0m 3.398s
********************************************************************************************************************
Start the 2 rounds of NGS-ED iteration
	effective electronic model is modified as: kinetic energy t = 0.990607
	                                           effective interaction Vq = [   -1.5125, -0.176591, -0.063597, -0.176591, -0.176591,-0.0699822,-0.0299245,-0.0699822, -0.063597,-0.0299245,-0.0112008,-0.0299245, -0.176591,-0.0699822,-0.0299245,-0.0699822]
	PARPACK diagonalization completed after 45 matrix-vector product operations.
	iteration results: : total energy is -20.418895 | electron energy -20.427060 + phonon energy 0.008166 | electron momentum kIdx = 10
The 2-th iteration is completed.	|| time cost : 0h 0m 0.761s
********************************************************************************************************************
Start the 3 rounds of NGS-ED iteration
	effective electronic model is modified as: kinetic energy t = 0.990601
	                                           effective interaction Vq = [   -1.5125, -0.176747,-0.0635943, -0.176747, -0.176747,-0.0699795,-0.0299188,-0.0699795,-0.0635943,-0.0299188,-0.0111954,-0.0299188, -0.176747,-0.0699795,-0.0299188,-0.0699795]
	PARPACK diagonalization completed after 30 matrix-vector product operations.
	iteration results: : total energy is -20.418895 | electron energy -20.427077 + phonon energy 0.008182 | electron momentum kIdx = 10
The 3-th iteration is completed.	|| time cost : 0h 0m 0.693s
********************************************************************************************************************
Start the 4 rounds of NGS-ED iteration
	effective electronic model is modified as: kinetic energy t = 0.990601
	                                           effective interaction Vq = [   -1.5125, -0.176752,-0.0635941, -0.176752, -0.176752,-0.0699792,-0.0299187,-0.0699792,-0.0635941,-0.0299187,-0.0111952,-0.0299187, -0.176752,-0.0699792,-0.0299187,-0.0699792]
	PARPACK diagonalization completed after 30 matrix-vector product operations.
	iteration results: : total energy is -20.418895 | electron energy -20.427077 + phonon energy 0.008183 | electron momentum kIdx = 10
The 4-th iteration is completed.	|| time cost : 0h 0m 0.69s
********************************************************************************************************************
Start the 5 rounds of NGS-ED iteration
	effective electronic model is modified as: kinetic energy t = 0.990601
	                                           effective interaction Vq = [   -1.5125, -0.176752,-0.0635941, -0.176752, -0.176752,-0.0699792,-0.0299187,-0.0699792,-0.0635941,-0.0299187,-0.0111952,-0.0299187, -0.176752,-0.0699792,-0.0299187,-0.0699792]
	PARPACK diagonalization completed after 30 matrix-vector product operations.
	iteration results: : total energy is -20.418895 | electron energy -20.427077 + phonon energy 0.008183 | electron momentum kIdx = 10
	Nq(0) = 4,	Nq(1) = 0.197489,	Nq(2) = 0.242009,	Nq(3) = 0.197489,	Nq(4) = 0.197489,	Nq(5) = 0.264659,	
	Nq(6) = 0.340951,	Nq(7) = 0.264659,	Nq(8) = 0.242009,	Nq(9) = 0.340951,	Nq(10) = 0.485145,	
	Nq(11) = 0.340951,	Nq(12) = 0.197489,	Nq(13) = 0.264659,	Nq(14) = 0.340951,	Nq(15) = 0.264659;	
	Sq(0) = -1.66021e-19,	Sq(1) = 0.538785,	Sq(2) = 0.426283,	Sq(3) = 0.538785,	Sq(4) = 0.538785,	
	Sq(5) = 0.442744,	Sq(6) = 0.63065,	Sq(7) = 0.442744,	Sq(8) = 0.426283,	Sq(9) = 0.63065,	
	Sq(10) = 0.517158,	Sq(11) = 0.63065,	Sq(12) = 0.538785,	Sq(13) = 0.442744,	Sq(14) = 0.63065,	
	Sq(15) = 0.442744;	N(0) = 1.39978,	N(1) = 1.19406,	N(2) = 0.18234,	N(3) = 1.19406,	
	N(4) = 1.19406,	N(5) = 0.342424,	N(6) = 0.019982,	N(7) = 0.342424,	N(8) = 0.18234,	
	N(9) = 0.019982,	N(10) = 0.00965828,	N(11) = 0.019982,	N(12) = 1.19406,	N(13) = 0.342424,	
	N(14) = 0.019982,	N(15) = 0.342424;	Delta[s](0) = 0.0203781,	Delta[s](1) = 0.010099,	Delta[s](2) = 0.00252959,	
	Delta[s](3) = 0.010099,	Delta[s](4) = 0.010099,	Delta[s](5) = 0.00593089,	Delta[s](6) = 0.000277188,	Delta[s](7) = 0.00593089,	
	Delta[s](8) = 0.00252959,	Delta[s](9) = 0.000277188,	Delta[s](10) = 0.000114312,	Delta[s](11) = 0.000277188,	Delta[s](12) = 0.010099,	
	Delta[s](13) = 0.00593089,	Delta[s](14) = 0.000277188,	Delta[s](15) = 0.00593089;	Delta[d](0) = 0.048536,	Delta[d](1) = 0.0387062,	
	Delta[d](2) = 0.0284117,	Delta[d](3) = 0.0387062,	Delta[d](4) = 0.0387062,	Delta[d](5) = 0.0671117,	Delta[d](6) = 0.0436504,	
	Delta[d](7) = 0.0671117,	Delta[d](8) = 0.0284117,	Delta[d](9) = 0.0436504,	Delta[d](10) = 0.00463648,	Delta[d](11) = 0.0436504,	
	Delta[d](12) = 0.0387062,	Delta[d](13) = 0.0671117,	Delta[d](14) = 0.0436504,	Delta[d](15) = 0.0671117;	Delta[s+](0) = 0.204388,	
	Delta[s+](1) = 0.130123,	Delta[s+](2) = 0.0284117,	Delta[s+](3) = 0.130123,	Delta[s+](4) = 0.130123,	Delta[s+](5) = 0.0696147,	
	Delta[s+](6) = 0.0124625,	Delta[s+](7) = 0.0696147,	Delta[s+](8) = 0.0284117,	Delta[s+](9) = 0.0124625,	Delta[s+](10) = 0.00127654,	
	Delta[s+](11) = 0.0124625,	Delta[s+](12) = 0.130123,	Delta[s+](13) = 0.0696147,	Delta[s+](14) = 0.0124625,	Delta[s+](15) = 0.0696147
	
The 5-th iteration is completed.	|| time cost : 0h 0m 2.89s
********************************************************************************************************************
********************************************************************************************************************
Ground state is obtained after 6 iterations. The current ground-state energy is -20.4189, in which electron energy is -20.4271 and phonon energy is 0.00818265
Final variational state is: 
	Gamma_x = [      1,1.17988,1.07764,1.17988,1.17988,1.09382,1.05096,1.09382,1.07764,1.05096,1.02679,1.05096,1.17988,1.09382,1.05096,1.09382]
	lambda_q = [     2.75, 0.205804,0.0933378, 0.205804, 0.205804, 0.103002,0.0613425, 0.103002,0.0933378,0.0613425,0.0382951,0.0613425, 0.205804, 0.103002,0.0613425, 0.103002]
Effective e-e interactions mediated by phonons are:
	momentum-space Vq = [   -1.5125, -0.176752,-0.0635941, -0.176752, -0.176752,-0.0699792,-0.0299187,-0.0699792,-0.0635941,-0.0299187,-0.0111952,-0.0299187, -0.176752,-0.0699792,-0.0299187,-0.0699792]
	real-space Vr = [ -0.172343, -0.112186,-0.0856854, -0.112186, -0.112186,-0.0872817,-0.0754774,-0.0872817,-0.0856854,-0.0754774,-0.0690073,-0.0754774, -0.112186,-0.0872817,-0.0754774,-0.0872817]
********************************************************************************************************************
o___o  ----------------------------------------
| L |	Time since last clock: 0h 0m 0.008s
A===A	Time since the beginning: 0h 0m 13.608s
***********************************************


Non-Gaussina ED ground state calculation is completed. The final ground-state energy is -20.4189
********************************************************************************************************************
o___o  ----------------------------------------
| L |	Time since last clock: 0h 0m 0.003s
A===A	Time since the beginning: 0h 0m 13.611s
***********************************************



********************************************************************************************************************
All non-Gaussian ED ground state calculations have been completed. Exit now.
