SNEDics v3.4 Non-Gaussian ED ground state program		Start at Wed Sep 25 01:18:44 2019

parallized on 16 MPI threads  * 8 OpenMP threads = 128 total threads.
********************************************************************************************************************
********************************************************************************************************************

********************************************************************************************************************
System parameters and configurations
********************************************************************************************************************
Special program options are enabled: splitted diagonal Hamiltonian
********************************************************************************************************************
Read input file "model_params.in"
	Hubbard-Holstein model parameters : 	t = 1    U = 5.7    g = 4.4721    W = 5    
********************************************************************************************************************
Read input file "hilbertspace_params.in"
	Requested 16-site 2D lattice, with 14 electrons (7, 7)
	Boundary : Periodic		Hilbert space representation : momentum-space (restricted to kIdx = 0)
	Conservation: particle number[U(1)]      spin[U(1)]     momentum
********************************************************************************************************************

Cluster Positions:				Cluster symmetry group : D4
 x ... x ... x ... x .....                       x ... x ... x ... x .....
 |           |           :                       |           |           :
 |           |           :                       |           |           :
12    13    14    15     x                       1     5     6     5     x
 |           |           :                       |           |           :
 |           |           :                       |           |           :
 8 --- 9 ---10 ---11 --- x                       2 --- 6 ---10 --- 6 --- x
 |           |           :                       |           |           :
 |           |           :                       |           |           :
 4     5     6     7     x                       1     5     6     5     x
 |           |           :                       |           |           :
 |           |           :                       |           |           :
 0 --- 1 --- 2 --- 3 --- x                       0 --- 1 --- 2 --- 1 --- x
orbital number : 1
********************************************************************************************************************
Read input file "obs_params.in"
	Observable Type : Nq(All),   Sq(All),   N(All),   Delta[s](All),   Delta[d](All),   Delta[s+](All)
********************************************************************************************************************
** WARNING ** the input observables have non-local factors which have been reinterpreted. The total observable number is 96
********************************************************************************************************************


********************************************************************************************************************
Start calculating the non-Gaussian ED ground state
** WARNING ** Detected low phonon energy W < 10. The initial state will be prepared through a warm-up process.
********************************************************************************************************************
Start warm-up calculation for scaling factor 2
open output files: NGSEDWarmUpW10Obs.txt
********************************************************************************************************************
Start the 0 rounds of NGS-ED iteration
	effective electronic model is modified as: kinetic energy t = 1
	                                           effective interaction Vq = [-0,-0,-0,-0,-0,-0,-0,-0,-0,-0,-0,-0,-0,-0,-0,-0]
	first Hamiltonian is constructed, non-zero numbers = 2178478298
	PARPACK diagonalization completed after 150 matrix-vector product operations.
	iteration results: : total energy is -13.712590 | electron energy -13.712590 + phonon energy 0.000000 | electron momentum kIdx = 0
	Nq(0) = 12.25,	Nq(1) = 0.180944,	Nq(2) = 0.228224,	Nq(3) = 0.180944,	Nq(4) = 0.180944,	Nq(5) = 0.256571,	Nq(6) = 0.29918,	Nq(7) = 0.256571,	Nq(8) = 0.228224,	Nq(9) = 0.29918,	Nq(10) = 0.349066,	Nq(11) = 0.29918,	Nq(12) = 0.180944,	Nq(13) = 0.256571,	Nq(14) = 0.29918,	Nq(15) = 0.256571,	Sq(0) = 9.57605e-19,	Sq(1) = 0.473286,	Sq(2) = 0.721271,	Sq(3) = 0.473286,	Sq(4) = 0.473286,	Sq(5) = 0.609202,	Sq(6) = 0.948811,	Sq(7) = 0.609202,	Sq(8) = 0.721271,	Sq(9) = 0.948811,	Sq(10) = 2.42997,	Sq(11) = 0.948811,	Sq(12) = 0.473286,	Sq(13) = 0.609202,	Sq(14) = 0.948811,	Sq(15) = 0.609202,	N(0) = 1.85106,	N(1) = 1.73189,	N(2) = 0.202326,	N(3) = 1.73189,	N(4) = 1.73189,	N(5) = 0.998793,	N(6) = 0.180756,	N(7) = 0.998793,	N(8) = 0.202326,	N(9) = 0.180756,	N(10) = 0.0985421,	N(11) = 0.180756,	N(12) = 1.73189,	N(13) = 0.998793,	N(14) = 0.180756,	N(15) = 0.998793,	Delta[s](0) = 0.100672,	Delta[s](1) = 0.081311,	Delta[s](2) = 0.0581358,	Delta[s](3) = 0.081311,	Delta[s](4) = 0.081311,	Delta[s](5) = 0.066044,	Delta[s](6) = 0.0432509,	Delta[s](7) = 0.066044,	Delta[s](8) = 0.0581358,	Delta[s](9) = 0.0432509,	Delta[s](10) = 0.0217794,	Delta[s](11) = 0.0432509,	Delta[s](12) = 0.081311,	Delta[s](13) = 0.066044,	Delta[s](14) = 0.0432509,	Delta[s](15) = 0.066044,	Delta[d](0) = 0.252445,	Delta[d](1) = 0.179516,	Delta[d](2) = 0.193402,	Delta[d](3) = 0.179516,	Delta[d](4) = 0.179516,	Delta[d](5) = 0.172417,	Delta[d](6) = 0.128941,	Delta[d](7) = 0.172417,	Delta[d](8) = 0.193402,	Delta[d](9) = 0.128941,	Delta[d](10) = 0.0512717,	Delta[d](11) = 0.128941,	Delta[d](12) = 0.179516,	Delta[d](13) = 0.172417,	Delta[d](14) = 0.128941,	Delta[d](15) = 0.172417,	Delta[s+](0) = 0.560651,	Delta[s+](1) = 0.417962,	Delta[s+](2) = 0.193402,	Delta[s+](3) = 0.417962,	Delta[s+](4) = 0.417962,	Delta[s+](5) = 0.292052,	Delta[s+](6) = 0.12381,	Delta[s+](7) = 0.292052,	Delta[s+](8) = 0.193402,	Delta[s+](9) = 0.12381,	Delta[s+](10) = 0.0385809,	Delta[s+](11) = 0.12381,	Delta[s+](12) = 0.417962,	Delta[s+](13) = 0.292052,	Delta[s+](14) = 0.12381,	Delta[s+](15) = 0.292052
The 0-th iteration is completed.	|| time cost : 0h 6m 31.981s
********************************************************************************************************************
Start the 1 rounds of NGS-ED iteration
	effective electronic model is modified as: kinetic energy t = 0.89885
	                                           effective interaction Vq = [ -3.4586,-3.21848,-3.08188,-3.21848,-3.21848, -3.1234,-3.03168, -3.1234,-3.08188,-3.03168, -2.9752,-3.03168,-3.21848, -3.1234,-3.03168, -3.1234]
	PARPACK diagonalization completed after 60 matrix-vector product operations.
	iteration results: : total energy is -71.014734 | electron energy -71.023011 + phonon energy 0.008277 | electron momentum kIdx = 0
The 1-th iteration is completed.	|| time cost : 0h 5m 44.814s
********************************************************************************************************************
Start the 2 rounds of NGS-ED iteration
	effective electronic model is modified as: kinetic energy t = 0.817775
	                                           effective interaction Vq = [-3.92667,-3.79313,-3.78906,-3.79313,-3.79313,-3.71543,-3.65746,-3.71543,-3.78906,-3.65746,-3.56596,-3.65746,-3.79313,-3.71543,-3.65746,-3.71543]
	PARPACK diagonalization completed after 105 matrix-vector product operations.
	iteration results: : total energy is -80.993885 | electron energy -81.068421 + phonon energy 0.074536 | electron momentum kIdx = 0
The 2-th iteration is completed.	|| time cost : 0h 0m 38.691s
********************************************************************************************************************
Start the 3 rounds of NGS-ED iteration
	effective electronic model is modified as: kinetic energy t = 0.779021
	                                           effective interaction Vq = [-3.99002,-3.91621,-3.91205,-3.91621,-3.91621,-3.88872, -3.8234,-3.88872,-3.91205, -3.8234,-3.79098, -3.8234,-3.91621,-3.88872, -3.8234,-3.88872]
	PARPACK diagonalization completed after 45 matrix-vector product operations.
	iteration results: : total energy is -82.534097 | electron energy -82.662503 + phonon energy 0.128405 | electron momentum kIdx = 0
The 3-th iteration is completed.	|| time cost : 0h 0m 23.989s
********************************************************************************************************************
Start the 4 rounds of NGS-ED iteration
	effective electronic model is modified as: kinetic energy t = 0.762978
	                                           effective interaction Vq = [-3.99859,-3.94821,-3.93847,-3.94821,-3.94821,-3.93032,-3.87589,-3.93032,-3.93847,-3.87589,-3.88962,-3.87589,-3.94821,-3.93032,-3.87589,-3.93032]
	PARPACK diagonalization completed after 45 matrix-vector product operations.
	iteration results: : total energy is -82.778243 | electron energy -82.932595 + phonon energy 0.154352 | electron momentum kIdx = 0
The 4-th iteration is completed.	|| time cost : 0h 0m 24.03s
********************************************************************************************************************
Start the 5 rounds of NGS-ED iteration
	effective electronic model is modified as: kinetic energy t = 0.756783
	                                           effective interaction Vq = [-3.99975,-3.95729,-3.94262,-3.95729,-3.95729, -3.9395,-3.89327, -3.9395,-3.94262,-3.89327,-3.93756,-3.89327,-3.95729, -3.9395,-3.89327, -3.9395]
	PARPACK diagonalization completed after 45 matrix-vector product operations.
	iteration results: : total energy is -82.829202 | electron energy -82.994997 + phonon energy 0.165794 | electron momentum kIdx = 0
The 5-th iteration is completed.	|| time cost : 0h 0m 24.127s
********************************************************************************************************************
Start the 6 rounds of NGS-ED iteration
	effective electronic model is modified as: kinetic energy t = 0.754815
	                                           effective interaction Vq = [-3.99991,-3.95928,-3.94095,-3.95928,-3.95928,-3.93971, -3.8979,-3.93971,-3.94095, -3.8979,-3.95983, -3.8979,-3.95928,-3.93971, -3.8979,-3.93971]
	PARPACK diagonalization completed after 45 matrix-vector product operations.
	iteration results: : total energy is -82.843198 | electron energy -83.013778 + phonon energy 0.170580 | electron momentum kIdx = 0
The 6-th iteration is completed.	|| time cost : 0h 0m 24.038s
********************************************************************************************************************
Start the 7 rounds of NGS-ED iteration
	effective electronic model is modified as: kinetic energy t = 0.754431
	                                           effective interaction Vq = [-3.99993,-3.95914,-3.93851,-3.95914,-3.95914,-3.93801, -3.8982,-3.93801,-3.93851, -3.8982,-3.96977, -3.8982,-3.95914,-3.93801, -3.8982,-3.93801]
	PARPACK diagonalization completed after 45 matrix-vector product operations.
	iteration results: : total energy is -82.847201 | electron energy -83.019586 + phonon energy 0.172385 | electron momentum kIdx = 0
The 7-th iteration is completed.	|| time cost : 0h 0m 24.039s
********************************************************************************************************************
Start the 8 rounds of NGS-ED iteration
	effective electronic model is modified as: kinetic energy t = 0.754508
	                                           effective interaction Vq = [-3.99994,-3.95858,-3.93665,-3.95858,-3.95858,-3.93645,-3.89743,-3.93645,-3.93665,-3.89743,-3.97425,-3.89743,-3.95858,-3.93645,-3.89743,-3.93645]
	PARPACK diagonalization completed after 45 matrix-vector product operations.
	iteration results: : total energy is -82.848310 | electron energy -83.021282 + phonon energy 0.172972 | electron momentum kIdx = 0
The 8-th iteration is completed.	|| time cost : 0h 0m 23.956s
********************************************************************************************************************
Start the 9 rounds of NGS-ED iteration
	effective electronic model is modified as: kinetic energy t = 0.754659
	                                           effective interaction Vq = [-3.99994, -3.9581,-3.93548, -3.9581, -3.9581, -3.9354,-3.89664, -3.9354,-3.93548,-3.89664,-3.97633,-3.89664, -3.9581, -3.9354,-3.89664, -3.9354]
	PARPACK diagonalization completed after 30 matrix-vector product operations.
	iteration results: : total energy is -82.848613 | electron energy -83.021729 + phonon energy 0.173116 | electron momentum kIdx = 0
The 9-th iteration is completed.	|| time cost : 0h 0m 20.402s
********************************************************************************************************************
Start the 10 rounds of NGS-ED iteration
	effective electronic model is modified as: kinetic energy t = 0.75478
	                                           effective interaction Vq = [-3.99994,-3.95778, -3.9348,-3.95778,-3.95778,-3.93477,-3.89607,-3.93477, -3.9348,-3.89607,-3.97732,-3.89607,-3.95778,-3.93477,-3.89607,-3.93477]
	PARPACK diagonalization completed after 30 matrix-vector product operations.
	iteration results: : total energy is -82.848696 | electron energy -83.021819 + phonon energy 0.173123 | electron momentum kIdx = 0
	Nq(0) = 12.25,	Nq(1) = 0.444486,	Nq(2) = 0.675809,	Nq(3) = 0.444486,	Nq(4) = 0.444486,	Nq(5) = 0.675786,	Nq(6) = 0.756845,	Nq(7) = 0.675786,	Nq(8) = 0.675809,	Nq(9) = 0.756845,	Nq(10) = 2.32457,	Nq(11) = 0.756845,	Nq(12) = 0.444486,	Nq(13) = 0.675786,	Nq(14) = 0.756845,	Nq(15) = 0.675786,	Sq(0) = -1.47155e-18,	Sq(1) = 0.212036,	Sq(2) = 0.281013,	Sq(3) = 0.212036,	Sq(4) = 0.212036,	Sq(5) = 0.281013,	Sq(6) = 0.39311,	Sq(7) = 0.281013,	Sq(8) = 0.281013,	Sq(9) = 0.39311,	Sq(10) = 0.458674,	Sq(11) = 0.39311,	Sq(12) = 0.212036,	Sq(13) = 0.281013,	Sq(14) = 0.39311,	Sq(15) = 0.281013,	N(0) = 1.95944,	N(1) = 1.89857,	N(2) = 0.690925,	N(3) = 1.89857,	N(4) = 1.89857,	N(5) = 0.690922,	N(6) = 0.067528,	N(7) = 0.690922,	N(8) = 0.690925,	N(9) = 0.067528,	N(10) = 0.0306253,	N(11) = 0.067528,	N(12) = 1.89857,	N(13) = 0.690922,	N(14) = 0.067528,	N(15) = 0.690922,	Delta[s](0) = 0.680987,	Delta[s](1) = 0.301676,	Delta[s](2) = 0.274047,	Delta[s](3) = 0.301676,	Delta[s](4) = 0.301676,	Delta[s](5) = 0.274047,	Delta[s](6) = 0.24494,	Delta[s](7) = 0.274047,	Delta[s](8) = 0.274047,	Delta[s](9) = 0.24494,	Delta[s](10) = 0.205598,	Delta[s](11) = 0.24494,	Delta[s](12) = 0.301676,	Delta[s](13) = 0.274047,	Delta[s](14) = 0.24494,	Delta[s](15) = 0.274047,	Delta[d](0) = 0.215027,	Delta[d](1) = 0.178023,	Delta[d](2) = 0.180132,	Delta[d](3) = 0.178023,	Delta[d](4) = 0.178023,	Delta[d](5) = 0.15095,	Delta[d](6) = 0.146137,	Delta[d](7) = 0.15095,	Delta[d](8) = 0.180132,	Delta[d](9) = 0.146137,	Delta[d](10) = 0.088314,	Delta[d](11) = 0.146137,	Delta[d](12) = 0.178023,	Delta[d](13) = 0.15095,	Delta[d](14) = 0.146137,	Delta[d](15) = 0.15095,	Delta[s+](0) = 0.359415,	Delta[s+](1) = 0.280103,	Delta[s+](2) = 0.180132,	Delta[s+](3) = 0.280103,	Delta[s+](4) = 0.280103,	Delta[s+](5) = 0.180132,	Delta[s+](6) = 0.0880773,	Delta[s+](7) = 0.180132,	Delta[s+](8) = 0.180132,	Delta[s+](9) = 0.0880773,	Delta[s+](10) = 0.0429414,	Delta[s+](11) = 0.0880773,	Delta[s+](12) = 0.280103,	Delta[s+](13) = 0.180132,	Delta[s+](14) = 0.0880773,	Delta[s+](15) = 0.180132
The 10-th iteration is completed.	|| time cost : 0h 3m 30.722s
********************************************************************************************************************
Start the 11 rounds of NGS-ED iteration
	effective electronic model is modified as: kinetic energy t = 0.75486
	                                           effective interaction Vq = [-3.99994,-3.95758,-3.93442,-3.95758,-3.95758,-3.93441,-3.89571,-3.93441,-3.93442,-3.89571,-3.97781,-3.89571,-3.95758,-3.93441,-3.89571,-3.93441]
	PARPACK diagonalization completed after 30 matrix-vector product operations.
	iteration results: : total energy is -82.848719 | electron energy -83.021817 + phonon energy 0.173098 | electron momentum kIdx = 0
	Nq(0) = 12.25,	Nq(1) = 0.444089,	Nq(2) = 0.675099,	Nq(3) = 0.444089,	Nq(4) = 0.444089,	Nq(5) = 0.675089,	Nq(6) = 0.756233,	Nq(7) = 0.675089,	Nq(8) = 0.675099,	Nq(9) = 0.756233,	Nq(10) = 2.33262,	Nq(11) = 0.756233,	Nq(12) = 0.444089,	Nq(13) = 0.675089,	Nq(14) = 0.756233,	Nq(15) = 0.675089,	Sq(0) = -9.10062e-18,	Sq(1) = 0.212053,	Sq(2) = 0.281018,	Sq(3) = 0.212053,	Sq(4) = 0.212053,	Sq(5) = 0.281018,	Sq(6) = 0.393134,	Sq(7) = 0.281018,	Sq(8) = 0.281018,	Sq(9) = 0.393134,	Sq(10) = 0.458686,	Sq(11) = 0.393134,	Sq(12) = 0.212053,	Sq(13) = 0.281018,	Sq(14) = 0.393134,	Sq(15) = 0.281018,	N(0) = 1.95946,	N(1) = 1.89856,	N(2) = 0.690915,	N(3) = 1.89856,	N(4) = 1.89856,	N(5) = 0.690914,	N(6) = 0.0675532,	N(7) = 0.690914,	N(8) = 0.690915,	N(9) = 0.0675532,	N(10) = 0.0306208,	N(11) = 0.0675532,	N(12) = 1.89856,	N(13) = 0.690914,	N(14) = 0.0675532,	N(15) = 0.690914,	Delta[s](0) = 0.680343,	Delta[s](1) = 0.301699,	Delta[s](2) = 0.274083,	Delta[s](3) = 0.301699,	Delta[s](4) = 0.301699,	Delta[s](5) = 0.274083,	Delta[s](6) = 0.244963,	Delta[s](7) = 0.274083,	Delta[s](8) = 0.274083,	Delta[s](9) = 0.244963,	Delta[s](10) = 0.205743,	Delta[s](11) = 0.244963,	Delta[s](12) = 0.301699,	Delta[s](13) = 0.274083,	Delta[s](14) = 0.244963,	Delta[s](15) = 0.274083,	Delta[d](0) = 0.214855,	Delta[d](1) = 0.177878,	Delta[d](2) = 0.180039,	Delta[d](3) = 0.177878,	Delta[d](4) = 0.177878,	Delta[d](5) = 0.150776,	Delta[d](6) = 0.145988,	Delta[d](7) = 0.150776,	Delta[d](8) = 0.180039,	Delta[d](9) = 0.145988,	Delta[d](10) = 0.0881349,	Delta[d](11) = 0.145988,	Delta[d](12) = 0.177878,	Delta[d](13) = 0.150776,	Delta[d](14) = 0.145988,	Delta[d](15) = 0.150776,	Delta[s+](0) = 0.359385,	Delta[s+](1) = 0.280026,	Delta[s+](2) = 0.180039,	Delta[s+](3) = 0.280026,	Delta[s+](4) = 0.280026,	Delta[s+](5) = 0.180039,	Delta[s+](6) = 0.0879856,	Delta[s+](7) = 0.180039,	Delta[s+](8) = 0.180039,	Delta[s+](9) = 0.0879856,	Delta[s+](10) = 0.0428797,	Delta[s+](11) = 0.0879856,	Delta[s+](12) = 0.280026,	Delta[s+](13) = 0.180039,	Delta[s+](14) = 0.0879856,	Delta[s+](15) = 0.180039
The 11-th iteration is completed.	|| time cost : 0h 3m 23.596s
********************************************************************************************************************
********************************************************************************************************************
Ground state is obtained after 12 iterations. The current ground-state energy is -82.8487, in which electron energy is -83.0218 and phonon energy is 0.173098
final variational state is: 
	Gamma_x = [      1, 1.0334,1.06223, 1.0334, 1.0334,1.06223,1.08537,1.06223,1.06223,1.08537,1.13553,1.08537, 1.0334,1.06223,1.08537,1.06223]
	lambda_q = [0.632447,0.567282,0.551384,0.567282,0.567282,0.551381,0.530254,0.551381,0.551384,0.530254,0.585671,0.530254,0.567282,0.551381,0.530254,0.551381]
********************************************************************************************************************
o___o  ----------------------------------------
| L |	Time since last clock: 0h 0m 0s
A===A	Time since the beginning: 0h 22m 34.39s
***********************************************


********************************************************************************************************************
Warm up runs have been completed. Start calculating W = 5 phonon.
open output files: NGSEDIterationObs.txt
********************************************************************************************************************
Start the 0 rounds of NGS-ED iteration
	effective electronic model is modified as: kinetic energy t = 0.754908
	                                           effective interaction Vq = [-3.65679,-3.46484,-3.41157,-3.46484,-3.46484,-3.41156,-3.33685,-3.41156,-3.41157,-3.33685,-3.52331,-3.33685,-3.46484,-3.41156,-3.33685,-3.41156]
	PARPACK diagonalization completed after 45 matrix-vector product operations.
	iteration results: : total energy is -73.268191 | electron energy -73.354728 + phonon energy 0.086537 | electron momentum kIdx = 0
	Nq(0) = 12.25,	Nq(1) = 0.392598,	Nq(2) = 0.592822,	Nq(3) = 0.392598,	Nq(4) = 0.392598,	Nq(5) = 0.592815,	Nq(6) = 0.64201,	Nq(7) = 0.592815,	Nq(8) = 0.592822,	Nq(9) = 0.64201,	Nq(10) = 2.45566,	Nq(11) = 0.64201,	Nq(12) = 0.392598,	Nq(13) = 0.592815,	Nq(14) = 0.64201,	Nq(15) = 0.592815,	Sq(0) = -1.30293e-17,	Sq(1) = 0.279534,	Sq(2) = 0.329707,	Sq(3) = 0.279534,	Sq(4) = 0.279534,	Sq(5) = 0.329708,	Sq(6) = 0.490132,	Sq(7) = 0.329708,	Sq(8) = 0.329707,	Sq(9) = 0.490132,	Sq(10) = 0.5421,	Sq(11) = 0.490132,	Sq(12) = 0.279534,	Sq(13) = 0.329708,	Sq(14) = 0.490132,	Sq(15) = 0.329708,	N(0) = 1.98848,	N(1) = 1.96688,	N(2) = 0.672573,	N(3) = 1.96688,	N(4) = 1.96688,	N(5) = 0.672564,	N(6) = 0.0248163,	N(7) = 0.672564,	N(8) = 0.672573,	N(9) = 0.0248163,	N(10) = 0.00932185,	N(11) = 0.0248163,	N(12) = 1.96688,	N(13) = 0.672564,	N(14) = 0.0248163,	N(15) = 0.672564,	Delta[s](0) = 0.435548,	Delta[s](1) = 0.271895,	Delta[s](2) = 0.254351,	Delta[s](3) = 0.271895,	Delta[s](4) = 0.271895,	Delta[s](5) = 0.254352,	Delta[s](6) = 0.231019,	Delta[s](7) = 0.254352,	Delta[s](8) = 0.254351,	Delta[s](9) = 0.231019,	Delta[s](10) = 0.227184,	Delta[s](11) = 0.231019,	Delta[s](12) = 0.271895,	Delta[s](13) = 0.254352,	Delta[s](14) = 0.231019,	Delta[s](15) = 0.254352,	Delta[d](0) = 0.218268,	Delta[d](1) = 0.18699,	Delta[d](2) = 0.195514,	Delta[d](3) = 0.18699,	Delta[d](4) = 0.18699,	Delta[d](5) = 0.150799,	Delta[d](6) = 0.152244,	Delta[d](7) = 0.150799,	Delta[d](8) = 0.195514,	Delta[d](9) = 0.152244,	Delta[d](10) = 0.0836995,	Delta[d](11) = 0.152244,	Delta[d](12) = 0.18699,	Delta[d](13) = 0.150799,	Delta[d](14) = 0.152244,	Delta[d](15) = 0.150799,	Delta[s+](0) = 0.409263,	Delta[s+](1) = 0.310155,	Delta[s+](2) = 0.195514,	Delta[s+](3) = 0.310155,	Delta[s+](4) = 0.310155,	Delta[s+](5) = 0.195513,	Delta[s+](6) = 0.0933263,	Delta[s+](7) = 0.195513,	Delta[s+](8) = 0.195514,	Delta[s+](9) = 0.0933263,	Delta[s+](10) = 0.0437094,	Delta[s+](11) = 0.0933263,	Delta[s+](12) = 0.310155,	Delta[s+](13) = 0.195513,	Delta[s+](14) = 0.0933263,	Delta[s+](15) = 0.195513
The 0-th iteration is completed.	|| time cost : 0h 3m 17.364s
********************************************************************************************************************
Start the 1 rounds of NGS-ED iteration
	effective electronic model is modified as: kinetic energy t = 0.719141
	                                           effective interaction Vq = [ -3.8737,-3.66628, -3.6056,-3.66628,-3.66628,-3.60559,-3.50451,-3.60559, -3.6056,-3.50451,-3.77688,-3.50451,-3.66628,-3.60559,-3.50451,-3.60559]
	PARPACK diagonalization completed after 45 matrix-vector product operations.
	iteration results: : total energy is -77.042751 | electron energy -77.320058 + phonon energy 0.277308 | electron momentum kIdx = 0
The 1-th iteration is completed.	|| time cost : 0h 0m 24.08s
********************************************************************************************************************
Start the 2 rounds of NGS-ED iteration
	effective electronic model is modified as: kinetic energy t = 0.695262
	                                           effective interaction Vq = [ -3.9535,-3.76032,-3.70558,-3.76032,-3.76032,-3.70558,-3.59496,-3.70558,-3.70558,-3.59496,-3.89709,-3.59496,-3.76032,-3.70558,-3.59496,-3.70558]
	PARPACK diagonalization completed after 45 matrix-vector product operations.
	iteration results: : total energy is -78.486478 | electron energy -78.888647 + phonon energy 0.402169 | electron momentum kIdx = 0
The 2-th iteration is completed.	|| time cost : 0h 0m 24.277s
********************************************************************************************************************
Start the 3 rounds of NGS-ED iteration
	effective electronic model is modified as: kinetic energy t = 0.680453
	                                           effective interaction Vq = [-3.98285,-3.80668,-3.75761,-3.80668,-3.80668,-3.75761,-3.64381,-3.75761,-3.75761,-3.64381,-3.94821,-3.64381,-3.80668,-3.75761,-3.64381,-3.75761]
	PARPACK diagonalization completed after 30 matrix-vector product operations.
	iteration results: : total energy is -79.015928 | electron energy -79.483812 + phonon energy 0.467884 | electron momentum kIdx = 0
The 3-th iteration is completed.	|| time cost : 0h 0m 20.404s
********************************************************************************************************************
Start the 4 rounds of NGS-ED iteration
	effective electronic model is modified as: kinetic energy t = 0.671449
	                                           effective interaction Vq = [-3.99365, -3.8316,-3.78593, -3.8316, -3.8316,-3.78593,-3.67198,-3.78593,-3.78593,-3.67198,-3.96942,-3.67198, -3.8316,-3.78593,-3.67198,-3.78593]
	PARPACK diagonalization completed after 30 matrix-vector product operations.
	iteration results: : total energy is -79.204491 | electron energy -79.706276 + phonon energy 0.501785 | electron momentum kIdx = 0
The 4-th iteration is completed.	|| time cost : 0h 0m 20.616s
********************************************************************************************************************
Start the 5 rounds of NGS-ED iteration
	effective electronic model is modified as: kinetic energy t = 0.665944
	                                           effective interaction Vq = [-3.99762,-3.84606,-3.80217,-3.84606,-3.84606,-3.80217,-3.68945,-3.80217,-3.80217,-3.68945,-3.97849,-3.68945,-3.84606,-3.80217,-3.68945,-3.80217]
	PARPACK diagonalization completed after 30 matrix-vector product operations.
	iteration results: : total energy is -79.271246 | electron energy -79.791591 + phonon energy 0.520345 | electron momentum kIdx = 0
The 5-th iteration is completed.	|| time cost : 0h 0m 20.39s
********************************************************************************************************************
Start the 6 rounds of NGS-ED iteration
	effective electronic model is modified as: kinetic energy t = 0.662516
	                                           effective interaction Vq = [-3.99909,-3.85494, -3.8119,-3.85494,-3.85494, -3.8119,-3.70093, -3.8119, -3.8119,-3.70093,-3.98253,-3.70093,-3.85494, -3.8119,-3.70093, -3.8119]
	PARPACK diagonalization completed after 30 matrix-vector product operations.
	iteration results: : total energy is -79.295121 | electron energy -79.826307 + phonon energy 0.531186 | electron momentum kIdx = 0
The 6-th iteration is completed.	|| time cost : 0h 0m 20.393s
********************************************************************************************************************
Start the 7 rounds of NGS-ED iteration
	effective electronic model is modified as: kinetic energy t = 0.660331
	                                           effective interaction Vq = [-3.99962,-3.86062,-3.81794,-3.86062,-3.86062,-3.81794,-3.70877,-3.81794,-3.81794,-3.70877,-3.98439,-3.70877,-3.86062,-3.81794,-3.70877,-3.81794]
	PARPACK diagonalization completed after 30 matrix-vector product operations.
	iteration results: : total energy is -79.303822 | electron energy -79.841652 + phonon energy 0.537830 | electron momentum kIdx = 0
The 7-th iteration is completed.	|| time cost : 0h 0m 20.374s
********************************************************************************************************************
Start the 8 rounds of NGS-ED iteration
	effective electronic model is modified as: kinetic energy t = 0.658904
	                                           effective interaction Vq = [-3.99982,-3.86436,-3.82179,-3.86436,-3.86436,-3.82179,-3.71427,-3.82179,-3.82179,-3.71427,-3.98524,-3.71427,-3.86436,-3.82179,-3.71427,-3.82179]
	PARPACK diagonalization completed after 30 matrix-vector product operations.
	iteration results: : total energy is -79.307069 | electron energy -79.849119 + phonon energy 0.542050 | electron momentum kIdx = 0
The 8-th iteration is completed.	|| time cost : 0h 0m 20.484s
********************************************************************************************************************
Start the 9 rounds of NGS-ED iteration
	effective electronic model is modified as: kinetic energy t = 0.657951
	                                           effective interaction Vq = [-3.99989,-3.86689, -3.8243,-3.86689,-3.86689, -3.8243, -3.7182, -3.8243, -3.8243, -3.7182,-3.98562, -3.7182,-3.86689, -3.8243, -3.7182, -3.8243]
	PARPACK diagonalization completed after 30 matrix-vector product operations.
	iteration results: : total energy is -79.308315 | electron energy -79.853124 + phonon energy 0.544809 | electron momentum kIdx = 0
The 9-th iteration is completed.	|| time cost : 0h 0m 20.407s
********************************************************************************************************************
Start the 10 rounds of NGS-ED iteration
	effective electronic model is modified as: kinetic energy t = 0.657303
	                                           effective interaction Vq = [-3.99992,-3.86862,-3.82597,-3.86862,-3.86862,-3.82597,-3.72105,-3.82597,-3.82597,-3.72105,-3.98577,-3.72105,-3.86862,-3.82597,-3.72105,-3.82597]
	PARPACK diagonalization completed after 30 matrix-vector product operations.
	iteration results: : total energy is -79.308808 | electron energy -79.855466 + phonon energy 0.546658 | electron momentum kIdx = 0
	Nq(0) = 12.25,	Nq(1) = 0.372806,	Nq(2) = 0.584394,	Nq(3) = 0.372806,	Nq(4) = 0.372806,	Nq(5) = 0.584393,	Nq(6) = 0.620795,	Nq(7) = 0.584393,	Nq(8) = 0.584394,	Nq(9) = 0.620795,	Nq(10) = 3.98207,	Nq(11) = 0.620795,	Nq(12) = 0.372806,	Nq(13) = 0.584393,	Nq(14) = 0.620795,	Nq(15) = 0.584393,	Sq(0) = -2.55434e-18,	Sq(1) = 0.196879,	Sq(2) = 0.264503,	Sq(3) = 0.196879,	Sq(4) = 0.196879,	Sq(5) = 0.264503,	Sq(6) = 0.370154,	Sq(7) = 0.264503,	Sq(8) = 0.264503,	Sq(9) = 0.370154,	Sq(10) = 0.432009,	Sq(11) = 0.370154,	Sq(12) = 0.196879,	Sq(13) = 0.264503,	Sq(14) = 0.370154,	Sq(15) = 0.264503,	N(0) = 1.94847,	N(1) = 1.85579,	N(2) = 0.69693,	N(3) = 1.85579,	N(4) = 1.85579,	N(5) = 0.69693,	N(6) = 0.101821,	N(7) = 0.69693,	N(8) = 0.69693,	N(9) = 0.101821,	N(10) = 0.0395046,	N(11) = 0.101821,	N(12) = 1.85579,	N(13) = 0.69693,	N(14) = 0.101821,	N(15) = 0.69693,	Delta[s](0) = 0.452895,	Delta[s](1) = 0.310907,	Delta[s](2) = 0.294394,	Delta[s](3) = 0.310907,	Delta[s](4) = 0.310907,	Delta[s](5) = 0.294394,	Delta[s](6) = 0.27856,	Delta[s](7) = 0.294394,	Delta[s](8) = 0.294394,	Delta[s](9) = 0.27856,	Delta[s](10) = 0.279292,	Delta[s](11) = 0.27856,	Delta[s](12) = 0.310907,	Delta[s](13) = 0.294394,	Delta[s](14) = 0.27856,	Delta[s](15) = 0.294394,	Delta[d](0) = 0.186657,	Delta[d](1) = 0.160226,	Delta[d](2) = 0.171054,	Delta[d](3) = 0.160226,	Delta[d](4) = 0.160226,	Delta[d](5) = 0.13698,	Delta[d](6) = 0.133312,	Delta[d](7) = 0.13698,	Delta[d](8) = 0.171054,	Delta[d](9) = 0.133312,	Delta[d](10) = 0.0880654,	Delta[d](11) = 0.133312,	Delta[d](12) = 0.160226,	Delta[d](13) = 0.13698,	Delta[d](14) = 0.133312,	Delta[d](15) = 0.13698,	Delta[s+](0) = 0.346731,	Delta[s+](1) = 0.262751,	Delta[s+](2) = 0.171054,	Delta[s+](3) = 0.262751,	Delta[s+](4) = 0.262751,	Delta[s+](5) = 0.171054,	Delta[s+](6) = 0.0894272,	Delta[s+](7) = 0.171054,	Delta[s+](8) = 0.171054,	Delta[s+](9) = 0.0894272,	Delta[s+](10) = 0.0496364,	Delta[s+](11) = 0.0894272,	Delta[s+](12) = 0.262751,	Delta[s+](13) = 0.171054,	Delta[s+](14) = 0.0894272,	Delta[s+](15) = 0.171054
The 10-th iteration is completed.	|| time cost : 0h 3m 13.964s
********************************************************************************************************************
Start the 11 rounds of NGS-ED iteration
	effective electronic model is modified as: kinetic energy t = 0.656853
	                                           effective interaction Vq = [-3.99993,-3.86984,-3.82709,-3.86984,-3.86984,-3.82709,-3.72312,-3.82709,-3.82709,-3.72312,-3.98581,-3.72312,-3.86984,-3.82709,-3.72312,-3.82709]
	PARPACK diagonalization completed after 30 matrix-vector product operations.
	iteration results: : total energy is -79.309010 | electron energy -79.856932 + phonon energy 0.547922 | electron momentum kIdx = 0
The 11-th iteration is completed.	|| time cost : 0h 0m 20.44s
********************************************************************************************************************
Start the 12 rounds of NGS-ED iteration
	effective electronic model is modified as: kinetic energy t = 0.656538
	                                           effective interaction Vq = [-3.99993,-3.87069,-3.82786,-3.87069,-3.87069,-3.82786,-3.72464,-3.82786,-3.82786,-3.72464,-3.98581,-3.72464,-3.87069,-3.82786,-3.72464,-3.82786]
	PARPACK diagonalization completed after 30 matrix-vector product operations.
	iteration results: : total energy is -79.309096 | electron energy -79.857898 + phonon energy 0.548802 | electron momentum kIdx = 0
The 12-th iteration is completed.	|| time cost : 0h 0m 20.443s
********************************************************************************************************************
Start the 13 rounds of NGS-ED iteration
	effective electronic model is modified as: kinetic energy t = 0.656315
	                                           effective interaction Vq = [-3.99993, -3.8713,-3.82839, -3.8713, -3.8713,-3.82839,-3.72576,-3.82839,-3.82839,-3.72576,-3.98579,-3.72576, -3.8713,-3.82839,-3.72576,-3.82839]
	PARPACK diagonalization completed after 30 matrix-vector product operations.
	iteration results: : total energy is -79.309134 | electron energy -79.858557 + phonon energy 0.549423 | electron momentum kIdx = 0
The 13-th iteration is completed.	|| time cost : 0h 0m 20.722s
********************************************************************************************************************
Start the 14 rounds of NGS-ED iteration
	effective electronic model is modified as: kinetic energy t = 0.656155
	                                           effective interaction Vq = [-3.99994,-3.87173,-3.82876,-3.87173,-3.87173,-3.82876,-3.72659,-3.82876,-3.82876,-3.72659,-3.98577,-3.72659,-3.87173,-3.82876,-3.72659,-3.82876]
	PARPACK diagonalization completed after 30 matrix-vector product operations.
	iteration results: : total energy is -79.309152 | electron energy -79.859017 + phonon energy 0.549865 | electron momentum kIdx = 0
The 14-th iteration is completed.	|| time cost : 0h 0m 20.472s
********************************************************************************************************************
Start the 15 rounds of NGS-ED iteration
	effective electronic model is modified as: kinetic energy t = 0.65604
	                                           effective interaction Vq = [-3.99994,-3.87205,-3.82902,-3.87205,-3.87205,-3.82902,-3.72719,-3.82902,-3.82902,-3.72719,-3.98575,-3.72719,-3.87205,-3.82902,-3.72719,-3.82902]
	PARPACK diagonalization completed after 30 matrix-vector product operations.
	iteration results: : total energy is -79.309160 | electron energy -79.859343 + phonon energy 0.550183 | electron momentum kIdx = 0
The 15-th iteration is completed.	|| time cost : 0h 0m 20.439s
********************************************************************************************************************
Start the 16 rounds of NGS-ED iteration
	effective electronic model is modified as: kinetic energy t = 0.655956
	                                           effective interaction Vq = [-3.99994,-3.87228, -3.8292,-3.87228,-3.87228, -3.8292,-3.72765, -3.8292, -3.8292,-3.72765,-3.98573,-3.72765,-3.87228, -3.8292,-3.72765, -3.8292]
	PARPACK diagonalization completed after 30 matrix-vector product operations.
	iteration results: : total energy is -79.309165 | electron energy -79.859577 + phonon energy 0.550413 | electron momentum kIdx = 0
The 16-th iteration is completed.	|| time cost : 0h 0m 20.629s
********************************************************************************************************************
Start the 17 rounds of NGS-ED iteration
	effective electronic model is modified as: kinetic energy t = 0.655896
	                                           effective interaction Vq = [-3.99994,-3.87244,-3.82933,-3.87244,-3.87244,-3.82933,-3.72798,-3.82933,-3.82933,-3.72798,-3.98571,-3.72798,-3.87244,-3.82933,-3.72798,-3.82933]
	PARPACK diagonalization completed after 30 matrix-vector product operations.
	iteration results: : total energy is -79.309167 | electron energy -79.859747 + phonon energy 0.550580 | electron momentum kIdx = 0
The 17-th iteration is completed.	|| time cost : 0h 0m 20.408s
********************************************************************************************************************
Start the 18 rounds of NGS-ED iteration
	effective electronic model is modified as: kinetic energy t = 0.655851
	                                           effective interaction Vq = [-3.99994,-3.87256,-3.82942,-3.87256,-3.87256,-3.82942,-3.72822,-3.82942,-3.82942,-3.72822, -3.9857,-3.72822,-3.87256,-3.82942,-3.72822,-3.82942]
	PARPACK diagonalization completed after 30 matrix-vector product operations.
	iteration results: : total energy is -79.309168 | electron energy -79.859869 + phonon energy 0.550702 | electron momentum kIdx = 0
The 18-th iteration is completed.	|| time cost : 0h 0m 20.447s
********************************************************************************************************************
Start the 19 rounds of NGS-ED iteration
	effective electronic model is modified as: kinetic energy t = 0.655819
	                                           effective interaction Vq = [-3.99994,-3.87265,-3.82949,-3.87265,-3.87265,-3.82949,-3.72841,-3.82949,-3.82949,-3.72841,-3.98569,-3.72841,-3.87265,-3.82949,-3.72841,-3.82949]
	PARPACK diagonalization completed after 30 matrix-vector product operations.
	iteration results: : total energy is -79.309168 | electron energy -79.859959 + phonon energy 0.550791 | electron momentum kIdx = 0
The 19-th iteration is completed.	|| time cost : 0h 0m 20.639s
********************************************************************************************************************
Start the 20 rounds of NGS-ED iteration
	effective electronic model is modified as: kinetic energy t = 0.655796
	                                           effective interaction Vq = [-3.99994,-3.87272,-3.82954,-3.87272,-3.87272,-3.82954,-3.72854,-3.82954,-3.82954,-3.72854,-3.98569,-3.72854,-3.87272,-3.82954,-3.72854,-3.82954]
	PARPACK diagonalization completed after 30 matrix-vector product operations.
	iteration results: : total energy is -79.309169 | electron energy -79.860024 + phonon energy 0.550856 | electron momentum kIdx = 0
