TACC:  Starting up job 1744356 
TACC:  Starting parallel tasks... 
SNEDics v3.4 Non-Gaussian ED ground state program		Start at Sun Oct 11 00:48:29 2020

parallized on 16 MPI threads  * 7 OpenMP threads = 112 total threads.
********************************************************************************************************************
********************************************************************************************************************

********************************************************************************************************************
System parameters and configurations
********************************************************************************************************************
Special program options are enabled: splitted diagonal Hamiltonian
********************************************************************************************************************
Read input file "model_params.in"
	Hubbard-Holstein model parameters : 	t = 1    U = 8    g = 0.09    W = 0.2    g' = 0.14    
********************************************************************************************************************
Read input file "hilbertspace_params.in"
	Requested 16-site 2D lattice, with 14 electrons (7, 7)
	Boundary : Periodic		Hilbert space representation : momentum-space (restricted to kIdx = 0)
	Conservation: particle number[U(1)]      spin[U(1)]     momentum
********************************************************************************************************************

Cluster Positions:				Cluster symmetry group : D4
 x ... x ... x ... x .....                       x ... x ... x ... x .....
 |           |           :                       |           |           :
 |           |           :                       |           |           :
12    13    14    15     x                       1     5     6     5     x
 |           |           :                       |           |           :
 |           |           :                       |           |           :
 8 --- 9 ---10 ---11 --- x                       2 --- 6 ---10 --- 6 --- x
 |           |           :                       |           |           :
 |           |           :                       |           |           :
 4     5     6     7     x                       1     5     6     5     x
 |           |           :                       |           |           :
 |           |           :                       |           |           :
 0 --- 1 --- 2 --- 3 --- x                       0 --- 1 --- 2 --- 1 --- x
orbital number : 1
********************************************************************************************************************
Read input file "obs_params.in"
	Observable Type : Nq(All),   Sq(All),   N(All),   Delta[s](All),   Delta[d](All),   Delta[s+](All)
********************************************************************************************************************
** WARNING ** the input observables have non-local factors which have been reinterpreted. The total observable number is 96
********************************************************************************************************************


********************************************************************************************************************
Start calculating the non-Gaussian ED ground state
** WARNING ** Detected low phonon energy W < 10. The initial state will be prepared through a warm-up process.
********************************************************************************************************************
Start warm-up calculation for scaling factor 64
open output files: NGSEDWarmUpW12.8Obs.txt
********************************************************************************************************************
Start the 0 rounds of NGS-ED iteration
	effective electronic model is modified as: kinetic energy t = 1
	                                           effective interaction Vq = [0,0,0,0,0,0,0,0,0,0,0,0,0,0,0,0]
	first Hamiltonian is constructed, non-zero numbers = 2178478298
	PARPACK diagonalization completed after 165 matrix-vector product operations.
	iteration results: : total energy is -11.868836 | electron energy -11.868836 + phonon energy 0.000000 | electron momentum kIdx = 0
	Nq(0) = 12.25,	Nq(1) = 0.154193,	Nq(2) = 0.185311,	Nq(3) = 0.154193,	Nq(4) = 0.154193,	Nq(5) = 0.203281,	Nq(6) = 0.235634,	Nq(7) = 0.203281,	Nq(8) = 0.185311,	Nq(9) = 0.235634,	Nq(10) = 0.275446,	Nq(11) = 0.235634,	Nq(12) = 0.154193,	Nq(13) = 0.203281,	Nq(14) = 0.235634,	Nq(15) = 0.203281,	Sq(0) = 1.11096e-18,	Sq(1) = 0.474292,	Sq(2) = 0.766364,	Sq(3) = 0.474292,	Sq(4) = 0.474292,	Sq(5) = 0.630724,	Sq(6) = 1.05279,	Sq(7) = 0.630724,	Sq(8) = 0.766364,	Sq(9) = 1.05279,	Sq(10) = 2.56755,	Sq(11) = 1.05279,	Sq(12) = 0.474292,	Sq(13) = 0.630724,	Sq(14) = 1.05279,	Sq(15) = 0.630724,	N(0) = 1.75464,	N(1) = 1.59086,	N(2) = 0.323321,	N(3) = 1.59086,	N(4) = 1.59086,	N(5) = 0.999881,	N(6) = 0.267546,	N(7) = 0.999881,	N(8) = 0.323321,	N(9) = 0.267546,	N(10) = 0.165565,	N(11) = 0.267546,	N(12) = 1.59086,	N(13) = 0.999881,	N(14) = 0.267546,	N(15) = 0.999881,	Delta[s](0) = 0.0781527,	Delta[s](1) = 0.0586812,	Delta[s](2) = 0.0355,	Delta[s](3) = 0.0586812,	Delta[s](4) = 0.0586812,	Delta[s](5) = 0.0422291,	Delta[s](6) = 0.0200551,	Delta[s](7) = 0.0422291,	Delta[s](8) = 0.0355,	Delta[s](9) = 0.0200551,	Delta[s](10) = 0.00123561,	Delta[s](11) = 0.0200551,	Delta[s](12) = 0.0586812,	Delta[s](13) = 0.0422291,	Delta[s](14) = 0.0200551,	Delta[s](15) = 0.0422291,	Delta[d](0) = 0.281401,	Delta[d](1) = 0.195047,	Delta[d](2) = 0.204466,	Delta[d](3) = 0.195047,	Delta[d](4) = 0.195047,	Delta[d](5) = 0.181117,	Delta[d](6) = 0.136073,	Delta[d](7) = 0.181117,	Delta[d](8) = 0.204466,	Delta[d](9) = 0.136073,	Delta[d](10) = 0.0550662,	Delta[d](11) = 0.136073,	Delta[d](12) = 0.195047,	Delta[d](13) = 0.181117,	Delta[d](14) = 0.136073,	Delta[d](15) = 0.181117,	Delta[s+](0) = 0.571794,	Delta[s+](1) = 0.425901,	Delta[s+](2) = 0.204466,	Delta[s+](3) = 0.425901,	Delta[s+](4) = 0.425901,	Delta[s+](5) = 0.297878,	Delta[s+](6) = 0.129423,	Delta[s+](7) = 0.297878,	Delta[s+](8) = 0.204466,	Delta[s+](9) = 0.129423,	Delta[s+](10) = 0.0396,	Delta[s+](11) = 0.129423,	Delta[s+](12) = 0.425901,	Delta[s+](13) = 0.297878,	Delta[s+](14) = 0.129423,	Delta[s+](15) = 0.297878
The 0-th iteration is completed.	|| time cost : 0h 6m 32.92s
********************************************************************************************************************
Start the 1 rounds of NGS-ED iteration
	effective electronic model is modified as: kinetic energy t = 0.992065
	                                           effective interaction Vq = [  -1.94919, -0.592603, -0.033475, -0.592603, -0.592603,-0.0338254, -0.146048,-0.0338254, -0.033475, -0.146048, -0.876773, -0.146048, -0.592603,-0.0338254, -0.146048,-0.0338254]
	PARPACK diagonalization completed after 60 matrix-vector product operations.
	iteration results: : total energy is -36.418916 | electron energy -36.419040 + phonon energy 0.000124 | electron momentum kIdx = 0
The 1-th iteration is completed.	|| time cost : 0h 5m 13.951s
********************************************************************************************************************
Start the 2 rounds of NGS-ED iteration
	effective electronic model is modified as: kinetic energy t = 0.989157
	                                           effective interaction Vq = [  -2.09988, -0.646267,-0.0362181, -0.646267, -0.646267,-0.0366463, -0.157775,-0.0366463,-0.0362181, -0.157775, -0.954539, -0.157775, -0.646267,-0.0366463, -0.157775,-0.0366463]
	PARPACK diagonalization completed after 60 matrix-vector product operations.
	iteration results: : total energy is -38.287418 | electron energy -38.287864 + phonon energy 0.000447 | electron momentum kIdx = 0
The 2-th iteration is completed.	|| time cost : 0h 0m 27.105s
********************************************************************************************************************
Start the 3 rounds of NGS-ED iteration
	effective electronic model is modified as: kinetic energy t = 0.988604
	                                           effective interaction Vq = [  -2.11152, -0.654403,-0.0365885, -0.654403, -0.654403, -0.037037, -0.159284, -0.037037,-0.0365885, -0.159284, -0.965254, -0.159284, -0.654403, -0.037037, -0.159284, -0.037037]
	PARPACK diagonalization completed after 45 matrix-vector product operations.
	iteration results: : total energy is -38.430914 | electron energy -38.431479 + phonon energy 0.000565 | electron momentum kIdx = 0
The 3-th iteration is completed.	|| time cost : 0h 0m 24.341s
********************************************************************************************************************
Start the 4 rounds of NGS-ED iteration
	effective electronic model is modified as: kinetic energy t = 0.988503
	                                           effective interaction Vq = [  -2.11242, -0.655946,-0.0366454, -0.655946, -0.655946,-0.0370993, -0.159499,-0.0370993,-0.0366454, -0.159499, -0.966898, -0.159499, -0.655946,-0.0370993, -0.159499,-0.0370993]
	PARPACK diagonalization completed after 45 matrix-vector product operations.
	iteration results: : total energy is -38.441975 | electron energy -38.442565 + phonon energy 0.000590 | electron momentum kIdx = 0
The 4-th iteration is completed.	|| time cost : 0h 0m 24.308s
********************************************************************************************************************
Start the 5 rounds of NGS-ED iteration
	effective electronic model is modified as: kinetic energy t = 0.988485
	                                           effective interaction Vq = [  -2.11249, -0.656256,-0.0366543, -0.656256, -0.656256,-0.0371096, -0.159531,-0.0371096,-0.0366543, -0.159531, -0.967156, -0.159531, -0.656256,-0.0371096, -0.159531,-0.0371096]
	PARPACK diagonalization completed after 30 matrix-vector product operations.
	iteration results: : total energy is -38.442829 | electron energy -38.443423 + phonon energy 0.000594 | electron momentum kIdx = 0
The 5-th iteration is completed.	|| time cost : 0h 0m 21.506s
********************************************************************************************************************
Start the 6 rounds of NGS-ED iteration
	effective electronic model is modified as: kinetic energy t = 0.988482
	                                           effective interaction Vq = [   -2.1125, -0.656319,-0.0366557, -0.656319, -0.656319,-0.0371112, -0.159536,-0.0371112,-0.0366557, -0.159536, -0.967197, -0.159536, -0.656319,-0.0371112, -0.159536,-0.0371112]
	PARPACK diagonalization completed after 30 matrix-vector product operations.
	iteration results: : total energy is -38.442895 | electron energy -38.443490 + phonon energy 0.000595 | electron momentum kIdx = 0
	Nq(0) = 12.25,	Nq(1) = 0.164353,	Nq(2) = 0.188344,	Nq(3) = 0.164353,	Nq(4) = 0.164353,	Nq(5) = 0.206063,	Nq(6) = 0.243006,	Nq(7) = 0.206063,	Nq(8) = 0.188344,	Nq(9) = 0.243006,	Nq(10) = 0.304397,	Nq(11) = 0.243006,	Nq(12) = 0.164353,	Nq(13) = 0.206063,	Nq(14) = 0.243006,	Nq(15) = 0.206063,	Sq(0) = -2.52059e-19,	Sq(1) = 0.468826,	Sq(2) = 0.757396,	Sq(3) = 0.468826,	Sq(4) = 0.468826,	Sq(5) = 0.624097,	Sq(6) = 1.0478,	Sq(7) = 0.624097,	Sq(8) = 0.757396,	Sq(9) = 1.0478,	Sq(10) = 2.53753,	Sq(11) = 1.0478,	Sq(12) = 0.468826,	Sq(13) = 0.624097,	Sq(14) = 1.0478,	Sq(15) = 0.624097,	N(0) = 1.77013,	N(1) = 1.61572,	N(2) = 0.311852,	N(3) = 1.61572,	N(4) = 1.61572,	N(5) = 0.996407,	N(6) = 0.250456,	N(7) = 0.996407,	N(8) = 0.311852,	N(9) = 0.250456,	N(10) = 0.155834,	N(11) = 0.250456,	N(12) = 1.61572,	N(13) = 0.996407,	N(14) = 0.250456,	N(15) = 0.996407,	Delta[s](0) = 0.0842052,	Delta[s](1) = 0.0635507,	Delta[s](2) = 0.038901,	Delta[s](3) = 0.0635507,	Delta[s](4) = 0.0635507,	Delta[s](5) = 0.0461275,	Delta[s](6) = 0.0224035,	Delta[s](7) = 0.0461275,	Delta[s](8) = 0.038901,	Delta[s](9) = 0.0224035,	Delta[s](10) = 0.00205289,	Delta[s](11) = 0.0224035,	Delta[s](12) = 0.0635507,	Delta[s](13) = 0.0461275,	Delta[s](14) = 0.0224035,	Delta[s](15) = 0.0461275,	Delta[d](0) = 0.297652,	Delta[d](1) = 0.198237,	Delta[d](2) = 0.207268,	Delta[d](3) = 0.198237,	Delta[d](4) = 0.198237,	Delta[d](5) = 0.184185,	Delta[d](6) = 0.136693,	Delta[d](7) = 0.184185,	Delta[d](8) = 0.207268,	Delta[d](9) = 0.136693,	Delta[d](10) = 0.055793,	Delta[d](11) = 0.136693,	Delta[d](12) = 0.198237,	Delta[d](13) = 0.184185,	Delta[d](14) = 0.136693,	Delta[d](15) = 0.184185,	Delta[s+](0) = 0.584534,	Delta[s+](1) = 0.435534,	Delta[s+](2) = 0.207268,	Delta[s+](3) = 0.435534,	Delta[s+](4) = 0.435534,	Delta[s+](5) = 0.303545,	Delta[s+](6) = 0.130401,	Delta[s+](7) = 0.303545,	Delta[s+](8) = 0.207268,	Delta[s+](9) = 0.130401,	Delta[s+](10) = 0.0391175,	Delta[s+](11) = 0.130401,	Delta[s+](12) = 0.435534,	Delta[s+](13) = 0.303545,	Delta[s+](14) = 0.130401,	Delta[s+](15) = 0.303545
The 6-th iteration is completed.	|| time cost : 0h 3m 59.292s
********************************************************************************************************************
********************************************************************************************************************
Ground state is obtained after 7 iterations. The current ground-state energy is -38.4429, in which electron energy is -38.4435 and phonon energy is 0.000595026
final variational state is: 
	Gamma_x = [      1,1.00285,1.00025,1.00285,1.00285,1.00027,1.00154,1.00027,1.00025,1.00154,1.01206,1.00154,1.00285,1.00027,1.00154,1.00027]
	lambda_q = [  0.406198,  0.184339, 0.0389204,  0.184339,  0.184339, 0.0399796,-0.0782803, 0.0399796, 0.0389204,-0.0782803, -0.190182,-0.0782803,  0.184339, 0.0399796,-0.0782803, 0.0399796]
The effective e-e interactions mediated by phonons are: [   2.1125, 0.656331, 0.036656, 0.656331, 0.656331,0.0371115, 0.159536,0.0371115, 0.036656, 0.159536, 0.967203, 0.159536, 0.656331,0.0371115, 0.159536,0.0371115]
The real-space interactions mediated by phonons are: [ -6.56493, -2.06694,-0.836493, -2.46498, -2.13889,  -3.0027,-0.836493,-0.768753, -3.00457,-0.768753,-0.836493,  -3.0027, -2.13889, -2.46498,-0.836493, -2.06694]
********************************************************************************************************************
o___o  ----------------------------------------
| L |	Time since last clock: 0h 0m 0s
A===A	Time since the beginning: 0h 17m 23.425s
***********************************************

********************************************************************************************************************
Start warm-up calculation for scaling factor 32
open output files: NGSEDWarmUpW6.4Obs.txt
********************************************************************************************************************
Start the 0 rounds of NGS-ED iteration
	effective electronic model is modified as: kinetic energy t = 0.988481
	                                           effective interaction Vq = [  -1.93116, -0.554178,-0.0299354, -0.554178, -0.554178, -0.030479, -0.129054, -0.030479,-0.0299354, -0.129054,   -0.7798, -0.129054, -0.554178, -0.030479, -0.129054, -0.030479]
	PARPACK diagonalization completed after 60 matrix-vector product operations.
	iteration results: : total energy is -36.061154 | electron energy -36.061452 + phonon energy 0.000298 | electron momentum kIdx = 0
	Nq(0) = 12.25,	Nq(1) = 0.162466,	Nq(2) = 0.18744,	Nq(3) = 0.162466,	Nq(4) = 0.162466,	Nq(5) = 0.205142,	Nq(6) = 0.241146,	Nq(7) = 0.205142,	Nq(8) = 0.18744,	Nq(9) = 0.241146,	Nq(10) = 0.297692,	Nq(11) = 0.241146,	Nq(12) = 0.162466,	Nq(13) = 0.205142,	Nq(14) = 0.241146,	Nq(15) = 0.205142,	Sq(0) = 2.30062e-18,	Sq(1) = 0.469502,	Sq(2) = 0.759334,	Sq(3) = 0.469502,	Sq(4) = 0.469502,	Sq(5) = 0.625454,	Sq(6) = 1.04998,	Sq(7) = 0.625454,	Sq(8) = 0.759334,	Sq(9) = 1.04998,	Sq(10) = 2.54398,	Sq(11) = 1.04998,	Sq(12) = 0.469502,	Sq(13) = 0.625454,	Sq(14) = 1.04998,	Sq(15) = 0.625454,	N(0) = 1.76664,	N(1) = 1.61013,	N(2) = 0.314892,	N(3) = 1.61013,	N(4) = 1.61013,	N(5) = 0.997002,	N(6) = 0.254202,	N(7) = 0.997002,	N(8) = 0.314892,	N(9) = 0.254202,	N(10) = 0.158221,	N(11) = 0.254202,	N(12) = 1.61013,	N(13) = 0.997002,	N(14) = 0.254202,	N(15) = 0.997002,	Delta[s](0) = 0.0824526,	Delta[s](1) = 0.0622506,	Delta[s](2) = 0.0381466,	Delta[s](3) = 0.0622506,	Delta[s](4) = 0.0622506,	Delta[s](5) = 0.0451828,	Delta[s](6) = 0.0220269,	Delta[s](7) = 0.0451828,	Delta[s](8) = 0.0381466,	Delta[s](9) = 0.0220269,	Delta[s](10) = 0.00220785,	Delta[s](11) = 0.0220269,	Delta[s](12) = 0.0622506,	Delta[s](13) = 0.0451828,	Delta[s](14) = 0.0220269,	Delta[s](15) = 0.0451828,	Delta[d](0) = 0.302251,	Delta[d](1) = 0.203384,	Delta[d](2) = 0.212262,	Delta[d](3) = 0.203384,	Delta[d](4) = 0.203384,	Delta[d](5) = 0.188681,	Delta[d](6) = 0.140459,	Delta[d](7) = 0.188681,	Delta[d](8) = 0.212262,	Delta[d](9) = 0.140459,	Delta[d](10) = 0.057431,	Delta[d](11) = 0.140459,	Delta[d](12) = 0.203384,	Delta[d](13) = 0.188681,	Delta[d](14) = 0.140459,	Delta[d](15) = 0.188681,	Delta[s+](0) = 0.596405,	Delta[s+](1) = 0.444412,	Delta[s+](2) = 0.212262,	Delta[s+](3) = 0.444412,	Delta[s+](4) = 0.444412,	Delta[s+](5) = 0.310058,	Delta[s+](6) = 0.13383,	Delta[s+](7) = 0.310058,	Delta[s+](8) = 0.212262,	Delta[s+](9) = 0.13383,	Delta[s+](10) = 0.0405373,	Delta[s+](11) = 0.13383,	Delta[s+](12) = 0.444412,	Delta[s+](13) = 0.310058,	Delta[s+](14) = 0.13383,	Delta[s+](15) = 0.310058
The 0-th iteration is completed.	|| time cost : 0h 4m 3.376s
********************************************************************************************************************
Start the 1 rounds of NGS-ED iteration
	effective electronic model is modified as: kinetic energy t = 0.987052
	                                           effective interaction Vq = [  -2.06208, -0.588117,-0.0310697, -0.588117, -0.588117,-0.0317961,  -0.13257,-0.0317961,-0.0310697,  -0.13257, -0.796157,  -0.13257, -0.588117,-0.0317961,  -0.13257,-0.0317961]
	PARPACK diagonalization completed after 45 matrix-vector product operations.
	iteration results: : total energy is -37.671402 | electron energy -37.672361 + phonon energy 0.000959 | electron momentum kIdx = 0
The 1-th iteration is completed.	|| time cost : 0h 0m 24.298s
********************************************************************************************************************
Start the 2 rounds of NGS-ED iteration
	effective electronic model is modified as: kinetic energy t = 0.986504
	                                           effective interaction Vq = [  -2.09848, -0.599976,-0.0313987, -0.599976, -0.599976,-0.0321909, -0.133542,-0.0321909,-0.0313987, -0.133542, -0.801709, -0.133542, -0.599976,-0.0321909, -0.133542,-0.0321909]
	PARPACK diagonalization completed after 45 matrix-vector product operations.
	iteration results: : total energy is -38.118256 | electron energy -38.119553 + phonon energy 0.001297 | electron momentum kIdx = 0
The 2-th iteration is completed.	|| time cost : 0h 0m 24.328s
********************************************************************************************************************
Start the 3 rounds of NGS-ED iteration
	effective electronic model is modified as: kinetic energy t = 0.986297
	                                           effective interaction Vq = [   -2.1086, -0.604395, -0.031497, -0.604395, -0.604395,-0.0323131, -0.133818,-0.0323131, -0.031497, -0.133818, -0.803599, -0.133818, -0.604395,-0.0323131, -0.133818,-0.0323131]
	PARPACK diagonalization completed after 45 matrix-vector product operations.
	iteration results: : total energy is -38.242376 | electron energy -38.243811 + phonon energy 0.001436 | electron momentum kIdx = 0
The 3-th iteration is completed.	|| time cost : 0h 0m 24.272s
********************************************************************************************************************
Start the 4 rounds of NGS-ED iteration
	effective electronic model is modified as: kinetic energy t = 0.98622
	                                           effective interaction Vq = [  -2.11142, -0.606089,-0.0315267, -0.606089, -0.606089,-0.0323514, -0.133897,-0.0323514,-0.0315267, -0.133897, -0.804242, -0.133897, -0.606089,-0.0323514, -0.133897,-0.0323514]
	PARPACK diagonalization completed after 45 matrix-vector product operations.
	iteration results: : total energy is -38.276867 | electron energy -38.278357 + phonon energy 0.001489 | electron momentum kIdx = 0
The 4-th iteration is completed.	|| time cost : 0h 0m 24.367s
********************************************************************************************************************
Start the 5 rounds of NGS-ED iteration
	effective electronic model is modified as: kinetic energy t = 0.986191
	                                           effective interaction Vq = [   -2.1122, -0.606747,-0.0315357, -0.606747, -0.606747,-0.0323635,  -0.13392,-0.0323635,-0.0315357,  -0.13392, -0.804461,  -0.13392, -0.606747,-0.0323635,  -0.13392,-0.0323635]
	PARPACK diagonalization completed after 30 matrix-vector product operations.
	iteration results: : total energy is -38.286455 | electron energy -38.287964 + phonon energy 0.001510 | electron momentum kIdx = 0
The 5-th iteration is completed.	|| time cost : 0h 0m 21.577s
********************************************************************************************************************
Start the 6 rounds of NGS-ED iteration
	effective electronic model is modified as: kinetic energy t = 0.986179
	                                           effective interaction Vq = [  -2.11242, -0.607003,-0.0315384, -0.607003, -0.607003,-0.0323673, -0.133926,-0.0323673,-0.0315384, -0.133926, -0.804535, -0.133926, -0.607003,-0.0323673, -0.133926,-0.0323673]
	PARPACK diagonalization completed after 30 matrix-vector product operations.
	iteration results: : total energy is -38.289120 | electron energy -38.290637 + phonon energy 0.001517 | electron momentum kIdx = 0
The 6-th iteration is completed.	|| time cost : 0h 0m 21.507s
********************************************************************************************************************
Start the 7 rounds of NGS-ED iteration
	effective electronic model is modified as: kinetic energy t = 0.986175
	                                           effective interaction Vq = [  -2.11248, -0.607104,-0.0315392, -0.607104, -0.607104,-0.0323684, -0.133928,-0.0323684,-0.0315392, -0.133928, -0.804561, -0.133928, -0.607104,-0.0323684, -0.133928,-0.0323684]
	PARPACK diagonalization completed after 30 matrix-vector product operations.
	iteration results: : total energy is -38.289861 | electron energy -38.291381 + phonon energy 0.001520 | electron momentum kIdx = 0
The 7-th iteration is completed.	|| time cost : 0h 0m 21.525s
********************************************************************************************************************
Start the 8 rounds of NGS-ED iteration
	effective electronic model is modified as: kinetic energy t = 0.986174
	                                           effective interaction Vq = [  -2.11249, -0.607143,-0.0315395, -0.607143, -0.607143,-0.0323688, -0.133929,-0.0323688,-0.0315395, -0.133929, -0.804569, -0.133929, -0.607143,-0.0323688, -0.133929,-0.0323688]
	PARPACK diagonalization completed after 30 matrix-vector product operations.
	iteration results: : total energy is -38.290067 | electron energy -38.291588 + phonon energy 0.001521 | electron momentum kIdx = 0
	Nq(0) = 12.25,	Nq(1) = 0.163153,	Nq(2) = 0.187366,	Nq(3) = 0.163153,	Nq(4) = 0.163153,	Nq(5) = 0.20496,	Nq(6) = 0.24111,	Nq(7) = 0.20496,	Nq(8) = 0.187366,	Nq(9) = 0.24111,	Nq(10) = 0.298262,	Nq(11) = 0.24111,	Nq(12) = 0.163153,	Nq(13) = 0.20496,	Nq(14) = 0.24111,	Nq(15) = 0.20496,	Sq(0) = -3.50272e-18,	Sq(1) = 0.468946,	Sq(2) = 0.759068,	Sq(3) = 0.468946,	Sq(4) = 0.468946,	Sq(5) = 0.625228,	Sq(6) = 1.0506,	Sq(7) = 0.625228,	Sq(8) = 0.759068,	Sq(9) = 1.0506,	Sq(10) = 2.5429,	Sq(11) = 1.0506,	Sq(12) = 0.468946,	Sq(13) = 0.625228,	Sq(14) = 1.0506,	Sq(15) = 0.625228,	N(0) = 1.7668,	N(1) = 1.61066,	N(2) = 0.315061,	N(3) = 1.61066,	N(4) = 1.61066,	N(5) = 0.99667,	N(6) = 0.25386,	N(7) = 0.99667,	N(8) = 0.315061,	N(9) = 0.25386,	N(10) = 0.158301,	N(11) = 0.25386,	N(12) = 1.61066,	N(13) = 0.99667,	N(14) = 0.25386,	N(15) = 0.99667,	Delta[s](0) = 0.0824402,	Delta[s](1) = 0.0622849,	Delta[s](2) = 0.0382277,	Delta[s](3) = 0.0622849,	Delta[s](4) = 0.0622849,	Delta[s](5) = 0.045247,	Delta[s](6) = 0.0221396,	Delta[s](7) = 0.045247,	Delta[s](8) = 0.0382277,	Delta[s](9) = 0.0221396,	Delta[s](10) = 0.00236296,	Delta[s](11) = 0.0221396,	Delta[s](12) = 0.0622849,	Delta[s](13) = 0.045247,	Delta[s](14) = 0.0221396,	Delta[s](15) = 0.045247,	Delta[d](0) = 0.311159,	Delta[d](1) = 0.209044,	Delta[d](2) = 0.21787,	Delta[d](3) = 0.209044,	Delta[d](4) = 0.209044,	Delta[d](5) = 0.193795,	Delta[d](6) = 0.144202,	Delta[d](7) = 0.193795,	Delta[d](8) = 0.21787,	Delta[d](9) = 0.144202,	Delta[d](10) = 0.0591503,	Delta[d](11) = 0.144202,	Delta[d](12) = 0.209044,	Delta[d](13) = 0.193795,	Delta[d](14) = 0.144202,	Delta[d](15) = 0.193795,	Delta[s+](0) = 0.611693,	Delta[s+](1) = 0.455829,	Delta[s+](2) = 0.21787,	Delta[s+](3) = 0.455829,	Delta[s+](4) = 0.455829,	Delta[s+](5) = 0.318007,	Delta[s+](6) = 0.137372,	Delta[s+](7) = 0.318007,	Delta[s+](8) = 0.21787,	Delta[s+](9) = 0.137372,	Delta[s+](10) = 0.0416991,	Delta[s+](11) = 0.137372,	Delta[s+](12) = 0.455829,	Delta[s+](13) = 0.318007,	Delta[s+](14) = 0.137372,	Delta[s+](15) = 0.318007
The 8-th iteration is completed.	|| time cost : 0h 3m 57.439s
********************************************************************************************************************
********************************************************************************************************************
Ground state is obtained after 9 iterations. The current ground-state energy is -38.2901, in which electron energy is -38.2916 and phonon energy is 0.00152105
final variational state is: 
	Gamma_x = [      1,1.00782,1.00059,1.00782,1.00782,1.00064, 1.0034,1.00064,1.00059, 1.0034,1.02602, 1.0034,1.00782,1.00064, 1.0034,1.00064]
	lambda_q = [  0.573994,  0.217107, 0.0421321,  0.217107,  0.217107, 0.0439057,-0.0826342, 0.0439057, 0.0421321,-0.0826342, -0.198945,-0.0826342,  0.217107, 0.0439057,-0.0826342, 0.0439057]
The effective e-e interactions mediated by phonons are: [   2.1125, 0.607158,0.0315396, 0.607158, 0.607158,0.0323689, 0.133929,0.0323689,0.0315396, 0.133929, 0.804572, 0.133929, 0.607158,0.0323689, 0.133929,0.0323689]
The real-space interactions mediated by phonons are: [ -6.07397, -2.15265,-0.929721, -2.37147, -2.25438, -2.88369,-0.929721,-0.916038, -2.85067,-0.916038,-0.929721, -2.88369, -2.25438, -2.37147,-0.929721, -2.15265]
********************************************************************************************************************
o___o  ----------------------------------------
| L |	Time since last clock: 0h 0m 0s
A===A	Time since the beginning: 0h 28m 6.117s
***********************************************

********************************************************************************************************************
Start warm-up calculation for scaling factor 16
open output files: NGSEDWarmUpW3.2Obs.txt
********************************************************************************************************************
Start the 0 rounds of NGS-ED iteration
	effective electronic model is modified as: kinetic energy t = 0.986173
	                                           effective interaction Vq = [  -1.93047, -0.491803,-0.0246547, -0.491803, -0.491803,-0.0254434, -0.103753,-0.0254434,-0.0246547, -0.103753,  -0.62138, -0.103753, -0.491803,-0.0254434, -0.103753,-0.0254434]
	PARPACK diagonalization completed after 60 matrix-vector product operations.
	iteration results: : total energy is -35.894910 | electron energy -35.895671 + phonon energy 0.000761 | electron momentum kIdx = 0
	Nq(0) = 12.25,	Nq(1) = 0.161119,	Nq(2) = 0.186478,	Nq(3) = 0.161119,	Nq(4) = 0.161119,	Nq(5) = 0.204073,	Nq(6) = 0.239288,	Nq(7) = 0.204073,	Nq(8) = 0.186478,	Nq(9) = 0.239288,	Nq(10) = 0.291955,	Nq(11) = 0.239288,	Nq(12) = 0.161119,	Nq(13) = 0.204073,	Nq(14) = 0.239288,	Nq(15) = 0.204073,	Sq(0) = 9.96295e-18,	Sq(1) = 0.469794,	Sq(2) = 0.761054,	Sq(3) = 0.469794,	Sq(4) = 0.469794,	Sq(5) = 0.626626,	Sq(6) = 1.05256,	Sq(7) = 0.626626,	Sq(8) = 0.761054,	Sq(9) = 1.05256,	Sq(10) = 2.54913,	Sq(11) = 1.05256,	Sq(12) = 0.469794,	Sq(13) = 0.626626,	Sq(14) = 1.05256,	Sq(15) = 0.626626,	N(0) = 1.76321,	N(1) = 1.60497,	N(2) = 0.318143,	N(3) = 1.60497,	N(4) = 1.60497,	N(5) = 0.99734,	N(6) = 0.257645,	N(7) = 0.99734,	N(8) = 0.318143,	N(9) = 0.257645,	N(10) = 0.160669,	N(11) = 0.257645,	N(12) = 1.60497,	N(13) = 0.99734,	N(14) = 0.257645,	N(15) = 0.99734,	Delta[s](0) = 0.0809942,	Delta[s](1) = 0.0611361,	Delta[s](2) = 0.0374544,	Delta[s](3) = 0.0611361,	Delta[s](4) = 0.0611361,	Delta[s](5) = 0.0443248,	Delta[s](6) = 0.0216134,	Delta[s](7) = 0.0443248,	Delta[s](8) = 0.0374544,	Delta[s](9) = 0.0216134,	Delta[s](10) = 0.00221582,	Delta[s](11) = 0.0216134,	Delta[s](12) = 0.0611361,	Delta[s](13) = 0.0443248,	Delta[s](14) = 0.0216134,	Delta[s](15) = 0.0443248,	Delta[d](0) = 0.316377,	Delta[d](1) = 0.214462,	Delta[d](2) = 0.223338,	Delta[d](3) = 0.214462,	Delta[d](4) = 0.214462,	Delta[d](5) = 0.198636,	Delta[d](6) = 0.148202,	Delta[d](7) = 0.198636,	Delta[d](8) = 0.223338,	Delta[d](9) = 0.148202,	Delta[d](10) = 0.0608057,	Delta[d](11) = 0.148202,	Delta[d](12) = 0.214462,	Delta[d](13) = 0.198636,	Delta[d](14) = 0.148202,	Delta[d](15) = 0.198636,	Delta[s+](0) = 0.625269,	Delta[s+](1) = 0.465953,	Delta[s+](2) = 0.223338,	Delta[s+](3) = 0.465953,	Delta[s+](4) = 0.465953,	Delta[s+](5) = 0.32536,	Delta[s+](6) = 0.14105,	Delta[s+](7) = 0.32536,	Delta[s+](8) = 0.223338,	Delta[s+](9) = 0.14105,	Delta[s+](10) = 0.0430996,	Delta[s+](11) = 0.14105,	Delta[s+](12) = 0.465953,	Delta[s+](13) = 0.32536,	Delta[s+](14) = 0.14105,	Delta[s+](15) = 0.32536
The 0-th iteration is completed.	|| time cost : 0h 4m 2.975s
********************************************************************************************************************
Start the 1 rounds of NGS-ED iteration
	effective electronic model is modified as: kinetic energy t = 0.986607
	                                           effective interaction Vq = [  -2.01652, -0.500832,-0.0242314, -0.500832, -0.500832,-0.0251952,  -0.10049,-0.0251952,-0.0242314,  -0.10049, -0.596538,  -0.10049, -0.500832,-0.0251952,  -0.10049,-0.0251952]
	PARPACK diagonalization completed after 45 matrix-vector product operations.
	iteration results: : total energy is -36.950765 | electron energy -36.952316 + phonon energy 0.001551 | electron momentum kIdx = 0
The 1-th iteration is completed.	|| time cost : 0h 0m 24.312s
********************************************************************************************************************
Start the 2 rounds of NGS-ED iteration
	effective electronic model is modified as: kinetic energy t = 0.98668
	                                           effective interaction Vq = [  -2.06189,  -0.50576,-0.0240561,  -0.50576,  -0.50576,-0.0250871,-0.0992703,-0.0250871,-0.0240561,-0.0992703, -0.588593,-0.0992703,  -0.50576,-0.0250871,-0.0992703,-0.0250871]
	PARPACK diagonalization completed after 45 matrix-vector product operations.
	iteration results: : total energy is -37.506913 | electron energy -37.508921 + phonon energy 0.002008 | electron momentum kIdx = 0
The 2-th iteration is completed.	|| time cost : 0h 0m 24.298s
********************************************************************************************************************
Start the 3 rounds of NGS-ED iteration
	effective electronic model is modified as: kinetic energy t = 0.986666
	                                           effective interaction Vq = [  -2.08581, -0.508483,-0.0239841, -0.508483, -0.508483,-0.0250405,-0.0988219,-0.0250405,-0.0239841,-0.0988219, -0.586218,-0.0988219, -0.508483,-0.0250405,-0.0988219,-0.0250405]
	PARPACK diagonalization completed after 45 matrix-vector product operations.
	iteration results: : total energy is -37.800069 | electron energy -37.802327 + phonon energy 0.002258 | electron momentum kIdx = 0
The 3-th iteration is completed.	|| time cost : 0h 0m 24.29s
********************************************************************************************************************
Start the 4 rounds of NGS-ED iteration
	effective electronic model is modified as: kinetic energy t = 0.986639
	                                           effective interaction Vq = [  -2.09843, -0.509999,-0.0239548, -0.509999, -0.509999,-0.0250205, -0.098659,-0.0250205,-0.0239548, -0.098659,  -0.58559, -0.098659, -0.509999,-0.0250205, -0.098659,-0.0250205]
	PARPACK diagonalization completed after 45 matrix-vector product operations.
	iteration results: : total energy is -37.954629 | electron energy -37.957025 + phonon energy 0.002396 | electron momentum kIdx = 0
The 4-th iteration is completed.	|| time cost : 0h 0m 24.307s
********************************************************************************************************************
Start the 5 rounds of NGS-ED iteration
	effective electronic model is modified as: kinetic energy t = 0.986618
	                                           effective interaction Vq = [  -2.10508, -0.510847,-0.0239429, -0.510847, -0.510847,-0.0250119,-0.0986007,-0.0250119,-0.0239429,-0.0986007, -0.585473,-0.0986007, -0.510847,-0.0250119,-0.0986007,-0.0250119]
	PARPACK diagonalization completed after 30 matrix-vector product operations.
	iteration results: : total energy is -38.036122 | electron energy -38.038595 + phonon energy 0.002473 | electron momentum kIdx = 0
The 5-th iteration is completed.	|| time cost : 0h 0m 21.512s
********************************************************************************************************************
Start the 6 rounds of NGS-ED iteration
	effective electronic model is modified as: kinetic energy t = 0.986604
	                                           effective interaction Vq = [  -2.10859, -0.511324,-0.0239381, -0.511324, -0.511324,-0.0250083,-0.0985803,-0.0250083,-0.0239381,-0.0985803, -0.585486,-0.0985803, -0.511324,-0.0250083,-0.0985803,-0.0250083]
	PARPACK diagonalization completed after 30 matrix-vector product operations.
	iteration results: : total energy is -38.079092 | electron energy -38.081608 + phonon energy 0.002516 | electron momentum kIdx = 0
The 6-th iteration is completed.	|| time cost : 0h 0m 21.493s
********************************************************************************************************************
Start the 7 rounds of NGS-ED iteration
	effective electronic model is modified as: kinetic energy t = 0.986595
	                                           effective interaction Vq = [  -2.11044, -0.511593,-0.0239362, -0.511593, -0.511593,-0.0250068,-0.0985733,-0.0250068,-0.0239362,-0.0985733,  -0.58552,-0.0985733, -0.511593,-0.0250068,-0.0985733,-0.0250068]
	PARPACK diagonalization completed after 30 matrix-vector product operations.
	iteration results: : total energy is -38.101749 | electron energy -38.104289 + phonon energy 0.002541 | electron momentum kIdx = 0
The 7-th iteration is completed.	|| time cost : 0h 0m 21.516s
********************************************************************************************************************
Start the 8 rounds of NGS-ED iteration
	effective electronic model is modified as: kinetic energy t = 0.98659
	                                           effective interaction Vq = [  -2.11141, -0.511745,-0.0239355, -0.511745, -0.511745,-0.0250061,-0.0985711,-0.0250061,-0.0239355,-0.0985711, -0.585547,-0.0985711, -0.511745,-0.0250061,-0.0985711,-0.0250061]
	PARPACK diagonalization completed after 30 matrix-vector product operations.
	iteration results: : total energy is -38.113695 | electron energy -38.116250 + phonon energy 0.002555 | electron momentum kIdx = 0
The 8-th iteration is completed.	|| time cost : 0h 0m 21.505s
********************************************************************************************************************
Start the 9 rounds of NGS-ED iteration
	effective electronic model is modified as: kinetic energy t = 0.986587
	                                           effective interaction Vq = [  -2.11193, -0.511831,-0.0239352, -0.511831, -0.511831,-0.0250059,-0.0985705,-0.0250059,-0.0239352,-0.0985705, -0.585566,-0.0985705, -0.511831,-0.0250059,-0.0985705,-0.0250059]
	PARPACK diagonalization completed after 30 matrix-vector product operations.
	iteration results: : total energy is -38.119995 | electron energy -38.122557 + phonon energy 0.002563 | electron momentum kIdx = 0
The 9-th iteration is completed.	|| time cost : 0h 0m 21.562s
********************************************************************************************************************
Start the 10 rounds of NGS-ED iteration
	effective electronic model is modified as: kinetic energy t = 0.986586
	                                           effective interaction Vq = [   -2.1122,  -0.51188,-0.0239351,  -0.51188,  -0.51188,-0.0250058,-0.0985704,-0.0250058,-0.0239351,-0.0985704, -0.585577,-0.0985704,  -0.51188,-0.0250058,-0.0985704,-0.0250058]
	PARPACK diagonalization completed after 30 matrix-vector product operations.
	iteration results: : total energy is -38.123316 | electron energy -38.125884 + phonon energy 0.002567 | electron momentum kIdx = 0
The 10-th iteration is completed.	|| time cost : 0h 0m 21.512s
********************************************************************************************************************
Start the 11 rounds of NGS-ED iteration
	effective electronic model is modified as: kinetic energy t = 0.986585
	                                           effective interaction Vq = [  -2.11234, -0.511908, -0.023935, -0.511908, -0.511908,-0.0250057,-0.0985704,-0.0250057, -0.023935,-0.0985704, -0.585584,-0.0985704, -0.511908,-0.0250057,-0.0985704,-0.0250057]
	PARPACK diagonalization completed after 30 matrix-vector product operations.
	iteration results: : total energy is -38.125068 | electron energy -38.127638 + phonon energy 0.002570 | electron momentum kIdx = 0
The 11-th iteration is completed.	|| time cost : 0h 0m 21.549s
********************************************************************************************************************
Start the 12 rounds of NGS-ED iteration
	effective electronic model is modified as: kinetic energy t = 0.986584
	                                           effective interaction Vq = [  -2.11242, -0.511923, -0.023935, -0.511923, -0.511923,-0.0250057,-0.0985704,-0.0250057, -0.023935,-0.0985704, -0.585588,-0.0985704, -0.511923,-0.0250057,-0.0985704,-0.0250057]
	PARPACK diagonalization completed after 30 matrix-vector product operations.
	iteration results: : total energy is -38.125991 | electron energy -38.128563 + phonon energy 0.002571 | electron momentum kIdx = 0
The 12-th iteration is completed.	|| time cost : 0h 0m 21.57s
********************************************************************************************************************
Start the 13 rounds of NGS-ED iteration
	effective electronic model is modified as: kinetic energy t = 0.986584
	                                           effective interaction Vq = [  -2.11246, -0.511932, -0.023935, -0.511932, -0.511932,-0.0250057,-0.0985705,-0.0250057, -0.023935,-0.0985705,  -0.58559,-0.0985705, -0.511932,-0.0250057,-0.0985705,-0.0250057]
	PARPACK diagonalization completed after 30 matrix-vector product operations.
	iteration results: : total energy is -38.126478 | electron energy -38.129050 + phonon energy 0.002572 | electron momentum kIdx = 0
The 13-th iteration is completed.	|| time cost : 0h 0m 21.598s
********************************************************************************************************************
Start the 14 rounds of NGS-ED iteration
	effective electronic model is modified as: kinetic energy t = 0.986583
