SNEDics v3.22.2 Non-Gaussian ED ground state program		Start at Tue May  3 22:51:28 2022

Parallelization: 32 MPI threads  * 8 OpenMP threads = 256 total threads.
********************************************************************************************************************
********************************************************************************************************************

********************************************************************************************************************
System parameters and configurations
	special program options are enabled: splitted diagonal Hamiltonian | splitted Hamiltonian terms
********************************************************************************************************************
Read input file "model_params.in"
	Hubbard-Holstein model parameters : 	t = 1    t' = -0.3    U = 8    g = 0.25    W = 0.2    g' = 0.15    
********************************************************************************************************************
Read input file "hilbertspace_params.in"
	Requested 16-site 2D lattice, with 8 electrons (4, 4)
	Boundary : Periodic		Hilbert space representation : momentum-space (restricted to kIdx = 0)
	Conservation: particle number[U(1)]      spin[U(1)]     momentum
********************************************************************************************************************

Cluster Positions:				Cluster symmetry group : D4
 x ... x ... x ... x .....                       x ... x ... x ... x .....
 |           |           :                       |           |           :
 |           |           :                       |           |           :
12    13    14    15     x                       1     5     6     5     x
 |           |           :                       |           |           :
 |           |           :                       |           |           :
 8 --- 9 ---10 ---11 --- x                       2 --- 6 ---10 --- 6 --- x
 |           |           :                       |           |           :
 |           |           :                       |           |           :
 4     5     6     7     x                       1     5     6     5     x
 |           |           :                       |           |           :
 |           |           :                       |           |           :
 0 --- 1 --- 2 --- 3 --- x                       0 --- 1 --- 2 --- 1 --- x
orbital number : 1
********************************************************************************************************************
Read input file "obs_params.in"
	Observable Type : Nq(All),   Sq(All),   N(All-Orbital),   Delta[s](All),   Delta[d](All),   Delta[s+](All)
** WARNING ** the input observables have non-local factors which have been reinterpreted. The total observable number is 96
********************************************************************************************************************


********************************************************************************************************************
Start calculating the non-Gaussian ED ground state
Maximal iteration number is 1000; energy resolution is 1e-06. Phonon state relaxation time is 2000
W = 0.2 is relatively large. The non-Gaussian ED calculation starts directly.
open output files: NGSED_iteration_observables.txt
********************************************************************************************************************
Start the 0 rounds of NGS-ED iteration
	effective electronic model is modified as: kinetic energy t = 1, t' = -0.3
	                                           effective interaction Vq = [0,0,0,0,0,0,0,0,0,0,0,0,0,0,0,0]
	first Hamiltonian is constructed, size = 207184 and non-zero numbers = 32252562
	PARPACK diagonalization completed after 120 matrix-vector product operations.
	iteration results: : total energy is -14.600323 | electron energy -14.600323 + phonon energy 0.000000 | electron momentum kIdx = 0
	Nq(0) = 4,	Nq(1) = 0.197198,	Nq(2) = 0.25408,	Nq(3) = 0.197198,	Nq(4) = 0.197198,	Nq(5) = 0.267076,	
	Nq(6) = 0.353825,	Nq(7) = 0.267076,	Nq(8) = 0.25408,	Nq(9) = 0.353825,	Nq(10) = 0.466428,	
	Nq(11) = 0.353825,	Nq(12) = 0.197198,	Nq(13) = 0.267076,	Nq(14) = 0.353825,	Nq(15) = 0.267076;	
	Sq(0) = 8.19558e-19,	Sq(1) = 0.482052,	Sq(2) = 0.340779,	Sq(3) = 0.482052,	Sq(4) = 0.482052,	
	Sq(5) = 0.566062,	Sq(6) = 0.591821,	Sq(7) = 0.566062,	Sq(8) = 0.340779,	Sq(9) = 0.591821,	
	Sq(10) = 0.511715,	Sq(11) = 0.591821,	Sq(12) = 0.482052,	Sq(13) = 0.566062,	Sq(14) = 0.591821,	
	Sq(15) = 0.566062;	N(0) = 1.72489,	N(1) = 1.32099,	N(2) = 0.213478,	N(3) = 1.32099,	
	N(4) = 1.32099,	N(5) = 0.105651,	N(6) = 0.0323985,	N(7) = 0.105651,	N(8) = 0.213478,	
	N(9) = 0.0323985,	N(10) = 0.0120143,	N(11) = 0.0323985,	N(12) = 1.32099,	N(13) = 0.105651,	
	N(14) = 0.0323985,	N(15) = 0.105651;	Delta[s](0) = 0.0235176,	Delta[s](1) = 0.0130565,	Delta[s](2) = 0.00949112,	
	Delta[s](3) = 0.0130565,	Delta[s](4) = 0.0130565,	Delta[s](5) = 0.00647331,	Delta[s](6) = 0.000677075,	Delta[s](7) = 0.00647331,	
	Delta[s](8) = 0.00949112,	Delta[s](9) = 0.000677075,	Delta[s](10) = 0.000165428,	Delta[s](11) = 0.000677075,	Delta[s](12) = 0.0130565,	
	Delta[s](13) = 0.00647331,	Delta[s](14) = 0.000677075,	Delta[s](15) = 0.00647331;	Delta[d](0) = 0.200084,	Delta[d](1) = 0.0615191,	
	Delta[d](2) = 0.0835566,	Delta[d](3) = 0.0615191,	Delta[d](4) = 0.0615191,	Delta[d](5) = 0.0541142,	Delta[d](6) = 0.0256984,	
	Delta[d](7) = 0.0541142,	Delta[d](8) = 0.0835566,	Delta[d](9) = 0.0256984,	Delta[d](10) = 0.0100386,	Delta[d](11) = 0.0256984,	
	Delta[d](12) = 0.0615191,	Delta[d](13) = 0.0541142,	Delta[d](14) = 0.0256984,	Delta[d](15) = 0.0541142;	Delta[s+](0) = 0.351913,	
	Delta[s+](1) = 0.194719,	Delta[s+](2) = 0.0835566,	Delta[s+](3) = 0.194719,	Delta[s+](4) = 0.194719,	Delta[s+](5) = 0.06276,	
	Delta[s+](6) = 0.00328602,	Delta[s+](7) = 0.06276,	Delta[s+](8) = 0.0835566,	Delta[s+](9) = 0.00328602,	Delta[s+](10) = 0.000355386,	
	Delta[s+](11) = 0.00328602,	Delta[s+](12) = 0.194719,	Delta[s+](13) = 0.06276,	Delta[s+](14) = 0.00328602,	Delta[s+](15) = 0.06276
	
The 0-th iteration is completed.	|| time cost : 0h 0m 4.917s
********************************************************************************************************************
Start the 1 rounds of NGS-ED iteration
	effective electronic model is modified as: kinetic energy t = 0.989264, t' = -0.29439
	                                           effective interaction Vq = [    -3.6125,  -0.307857, -0.0349567,  -0.307857,  -0.307857, -0.0332263,-0.00110626, -0.0332263, -0.0349567,-0.00110626, -0.0569736,-0.00110626,  -0.307857, -0.0332263,-0.00110626, -0.0332263]
	PARPACK diagonalization completed after 45 matrix-vector product operations.
	iteration results: : total energy is -29.208361 | electron energy -29.225826 + phonon energy 0.017465 | electron momentum kIdx = 0
The 1-th iteration is completed.	|| time cost : 0h 0m 3.466s
********************************************************************************************************************
Start the 2 rounds of NGS-ED iteration
	effective electronic model is modified as: kinetic energy t = 0.988236, t' = -0.293759
	                                           effective interaction Vq = [   -3.6125, -0.331796,-0.0348333, -0.331796, -0.331796,-0.0330283,-0.0010899,-0.0330283,-0.0348333,-0.0010899,-0.0559391,-0.0010899, -0.331796,-0.0330283,-0.0010899,-0.0330283]
	PARPACK diagonalization completed after 45 matrix-vector product operations.
	iteration results: : total energy is -29.208925 | electron energy -29.230678 + phonon energy 0.021753 | electron momentum kIdx = 0
The 2-th iteration is completed.	|| time cost : 0h 0m 0.829s
********************************************************************************************************************
Start the 3 rounds of NGS-ED iteration
	effective electronic model is modified as: kinetic energy t = 0.988137, t' = -0.293697
	                                           effective interaction Vq = [    -3.6125,  -0.334106, -0.0348186,  -0.334106,  -0.334106, -0.0330059,-0.00108893, -0.0330059, -0.0348186,-0.00108893, -0.0557826,-0.00108893,  -0.334106, -0.0330059,-0.00108893, -0.0330059]
	PARPACK diagonalization completed after 30 matrix-vector product operations.
	iteration results: : total energy is -29.208930 | electron energy -29.231123 + phonon energy 0.022192 | electron momentum kIdx = 0
The 3-th iteration is completed.	|| time cost : 0h 0m 0.766s
********************************************************************************************************************
Start the 4 rounds of NGS-ED iteration
	effective electronic model is modified as: kinetic energy t = 0.988127, t' = -0.293691
	                                           effective interaction Vq = [    -3.6125,  -0.334333, -0.0348172,  -0.334333,  -0.334333, -0.0330038,-0.00108883, -0.0330038, -0.0348172,-0.00108883, -0.0557666,-0.00108883,  -0.334333, -0.0330038,-0.00108883, -0.0330038]
	PARPACK diagonalization completed after 30 matrix-vector product operations.
	iteration results: : total energy is -29.208930 | electron energy -29.231166 + phonon energy 0.022236 | electron momentum kIdx = 0
The 4-th iteration is completed.	|| time cost : 0h 0m 0.759s
********************************************************************************************************************
Start the 5 rounds of NGS-ED iteration
	effective electronic model is modified as: kinetic energy t = 0.988126, t' = -0.29369
	                                           effective interaction Vq = [    -3.6125,  -0.334356, -0.0348171,  -0.334356,  -0.334356, -0.0330036,-0.00108883, -0.0330036, -0.0348171,-0.00108883,  -0.055765,-0.00108883,  -0.334356, -0.0330036,-0.00108883, -0.0330036]
	PARPACK diagonalization completed after 30 matrix-vector product operations.
	iteration results: : total energy is -29.208930 | electron energy -29.231170 + phonon energy 0.022240 | electron momentum kIdx = 0
The 5-th iteration is completed.	|| time cost : 0h 0m 0.765s
********************************************************************************************************************
Start the 6 rounds of NGS-ED iteration
	effective electronic model is modified as: kinetic energy t = 0.988126, t' = -0.29369
	                                           effective interaction Vq = [    -3.6125,  -0.334358, -0.0348171,  -0.334358,  -0.334358, -0.0330036,-0.00108882, -0.0330036, -0.0348171,-0.00108882, -0.0557648,-0.00108882,  -0.334358, -0.0330036,-0.00108882, -0.0330036]
	PARPACK diagonalization completed after 30 matrix-vector product operations.
	iteration results: : total energy is -29.208930 | electron energy -29.231171 + phonon energy 0.022241 | electron momentum kIdx = 0
The 6-th iteration is completed.	|| time cost : 0h 0m 0.734s
********************************************************************************************************************
Start the 7 rounds of NGS-ED iteration
	effective electronic model is modified as: kinetic energy t = 0.988126, t' = -0.29369
	                                           effective interaction Vq = [    -3.6125,  -0.334358, -0.0348171,  -0.334358,  -0.334358, -0.0330035,-0.00108882, -0.0330035, -0.0348171,-0.00108882, -0.0557648,-0.00108882,  -0.334358, -0.0330035,-0.00108882, -0.0330035]
	PARPACK diagonalization completed after 30 matrix-vector product operations.
	iteration results: : total energy is -29.208930 | electron energy -29.231171 + phonon energy 0.022241 | electron momentum kIdx = 0
	Nq(0) = 4,	Nq(1) = 0.208996,	Nq(2) = 0.252734,	Nq(3) = 0.208996,	Nq(4) = 0.208996,	Nq(5) = 0.265452,	
	Nq(6) = 0.348313,	Nq(7) = 0.265452,	Nq(8) = 0.252734,	Nq(9) = 0.348313,	Nq(10) = 0.458988,	
	Nq(11) = 0.348313,	Nq(12) = 0.208996,	Nq(13) = 0.265452,	Nq(14) = 0.348313,	Nq(15) = 0.265452;	
	Sq(0) = 5.14084e-18,	Sq(1) = 0.478452,	Sq(2) = 0.34182,	Sq(3) = 0.478452,	Sq(4) = 0.478452,	
	Sq(5) = 0.567627,	Sq(6) = 0.58993,	Sq(7) = 0.567627,	Sq(8) = 0.34182,	Sq(9) = 0.58993,	
	Sq(10) = 0.516828,	Sq(11) = 0.58993,	Sq(12) = 0.478452,	Sq(13) = 0.567627,	Sq(14) = 0.58993,	
	Sq(15) = 0.567627;	N(0) = 1.73155,	N(1) = 1.3273,	N(2) = 0.203521,	N(3) = 1.3273,	
	N(4) = 1.3273,	N(5) = 0.100761,	N(6) = 0.0339993,	N(7) = 0.100761,	N(8) = 0.203521,	
	N(9) = 0.0339993,	N(10) = 0.0131832,	N(11) = 0.0339993,	N(12) = 1.3273,	N(13) = 0.100761,	
	N(14) = 0.0339993,	N(15) = 0.100761;	Delta[s](0) = 0.0244423,	Delta[s](1) = 0.0134712,	Delta[s](2) = 0.00963035,	
	Delta[s](3) = 0.0134712,	Delta[s](4) = 0.0134712,	Delta[s](5) = 0.00677251,	Delta[s](6) = 0.000726553,	Delta[s](7) = 0.00677251,	
	Delta[s](8) = 0.00963035,	Delta[s](9) = 0.000726553,	Delta[s](10) = 0.000165596,	Delta[s](11) = 0.000726553,	Delta[s](12) = 0.0134712,	
	Delta[s](13) = 0.00677251,	Delta[s](14) = 0.000726553,	Delta[s](15) = 0.00677251;	Delta[d](0) = 0.206541,	Delta[d](1) = 0.0603958,	
	Delta[d](2) = 0.0834327,	Delta[d](3) = 0.0603958,	Delta[d](4) = 0.0603958,	Delta[d](5) = 0.0559716,	Delta[d](6) = 0.025508,	
	Delta[d](7) = 0.0559716,	Delta[d](8) = 0.0834327,	Delta[d](9) = 0.025508,	Delta[d](10) = 0.0100766,	Delta[d](11) = 0.025508,	
	Delta[d](12) = 0.0603958,	Delta[d](13) = 0.0559716,	Delta[d](14) = 0.025508,	Delta[d](15) = 0.0559716;	Delta[s+](0) = 0.356868,	
	Delta[s+](1) = 0.197325,	Delta[s+](2) = 0.0834327,	Delta[s+](3) = 0.197325,	Delta[s+](4) = 0.197325,	Delta[s+](5) = 0.063548,	
	Delta[s+](6) = 0.00345668,	Delta[s+](7) = 0.063548,	Delta[s+](8) = 0.0834327,	Delta[s+](9) = 0.00345668,	Delta[s+](10) = 0.000418556,	
	Delta[s+](11) = 0.00345668,	Delta[s+](12) = 0.197325,	Delta[s+](13) = 0.063548,	Delta[s+](14) = 0.00345668,	Delta[s+](15) = 0.063548
	
The 7-th iteration is completed.	|| time cost : 0h 0m 2.942s
********************************************************************************************************************
********************************************************************************************************************
Ground state is obtained after 8 iterations. The current ground-state energy is -29.2089, in which electron energy is -29.2312 and phonon energy is 0.0222406
Final variational state is: 
	Gamma_x = [      1, 1.3799,1.04361, 1.3799, 1.3799,1.04349,1.00185,1.04349,1.04361,1.00185, 1.1327,1.00185, 1.3799,1.04349,1.00185,1.04349]
	lambda_q = [      4.25,  0.322921, 0.0716899,  0.322921,  0.322921, 0.0678485,-0.0111363, 0.0678485, 0.0716899,-0.0111363,-0.0815649,-0.0111363,  0.322921, 0.0678485,-0.0111363, 0.0678485]
Effective e-e interactions mediated by phonons are:
	momentum-space Vq = [    -3.6125,  -0.334358, -0.0348171,  -0.334358,  -0.334358, -0.0330035,-0.00108882, -0.0330035, -0.0348171,-0.00108882, -0.0557648,-0.00108882,  -0.334358, -0.0330035,-0.00108882, -0.0330035]
	real-space Vr = [-0.325731,-0.263955,-0.225368,-0.263955,-0.263955,-0.224914,-0.180637,-0.224914,-0.225368,-0.180637,-0.158008,-0.180637,-0.263955,-0.224914,-0.180637,-0.224914]
********************************************************************************************************************
o___o  ----------------------------------------
| L |	Time since last clock: 0h 0m 0.013s
A===A	Time since the beginning: 0h 0m 15.194s
***********************************************


Non-Gaussina ED ground state calculation is completed. The final ground-state energy is -29.2089
********************************************************************************************************************
o___o  ----------------------------------------
| L |	Time since last clock: 0h 0m 0.003s
A===A	Time since the beginning: 0h 0m 15.198s
***********************************************



********************************************************************************************************************
All non-Gaussian ED ground state calculations have been completed. Exit now.
