TACC:  Starting up job 2111111 
TACC:  Starting parallel tasks... 
SNEDics v3.20.11 Non-Gaussian ED ground state program		Start at Sat Nov 28 15:27:59 2020

parallized on 32 MPI threads  * 7 OpenMP threads = 224 total threads.
********************************************************************************************************************
********************************************************************************************************************

********************************************************************************************************************
System parameters and configurations
********************************************************************************************************************
Special program options are enabled: splitted diagonal Hamiltonian | splitted Hamiltonian terms
********************************************************************************************************************
Read input file "model_params.in"
	Hubbard-Holstein model parameters : 	t = 1    U = 8    g = 0.14    W = 0.2    g' = 0.12    
********************************************************************************************************************
Read input file "hilbertspace_params.in"
	Requested 16-site 2D lattice, with 12 electrons (6, 6)
	Boundary : Periodic		Hilbert space representation : momentum-space (restricted to kIdx = 0)
	Conservation: particle number[U(1)]      spin[U(1)]     momentum
********************************************************************************************************************

Cluster Positions:				Cluster symmetry group : D4
 x ... x ... x ... x .....                       x ... x ... x ... x .....
 |           |           :                       |           |           :
 |           |           :                       |           |           :
12    13    14    15     x                       1     5     6     5     x
 |           |           :                       |           |           :
 |           |           :                       |           |           :
 8 --- 9 ---10 ---11 --- x                       2 --- 6 ---10 --- 6 --- x
 |           |           :                       |           |           :
 |           |           :                       |           |           :
 4     5     6     7     x                       1     5     6     5     x
 |           |           :                       |           |           :
 |           |           :                       |           |           :
 0 --- 1 --- 2 --- 3 --- x                       0 --- 1 --- 2 --- 1 --- x
orbital number : 1
********************************************************************************************************************
Read input file "obs_params.in"
	Observable Type : Nq(All),   Sq(All),   N(All),   Delta[s](All),   Delta[d](All),   Delta[s+](All)
********************************************************************************************************************
** WARNING ** the input observables have non-local factors which have been reinterpreted. The total observable number is 96
********************************************************************************************************************


********************************************************************************************************************
Start calculating the non-Gaussian ED ground state
Maximal iteration number is 1000; energy resolution is 1e-06. Phonon state relaxation time is 2000
Input file varState.dat exists. Start iterations from it.
open output files: NGSEDIterationObs.txt
********************************************************************************************************************
Start the 0 rounds of NGS-ED iteration
	effective electronic model is modified as: kinetic energy t = 0.997977
	                                           effective interaction Vq = [     -1.922, -0.0823643,-0.00655935, -0.0823643, -0.0823663,-0.00716512,  -0.002852,-0.00716512,-0.00655936,  -0.002852, -0.0302052,  -0.002852, -0.0823663,-0.00716512,  -0.002852,-0.00716512]
	first Hamiltonian is constructed, non-zero numbers = 4168871660
	PARPACK diagonalization completed after 150 matrix-vector product operations.
	iteration results: : total energy is -32.273614 | electron energy -32.274482 + phonon energy 0.000868 | electron momentum kIdx = 0
	Nq(0) = 9,	Nq(1) = 0.193544,	Nq(2) = 0.265665,	Nq(3) = 0.193544,	Nq(4) = 0.193545,	Nq(5) = 0.245316,	
	Nq(6) = 0.313757,	Nq(7) = 0.245316,	Nq(8) = 0.265665,	Nq(9) = 0.313757,	Nq(10) = 0.370513,	
	Nq(11) = 0.313757,	Nq(12) = 0.193545,	Nq(13) = 0.245316,	Nq(14) = 0.313757,	Nq(15) = 0.245316;	
	Sq(0) = 8.79476e-19,	Sq(1) = 0.553659,	Sq(2) = 0.424477,	Sq(3) = 0.553659,	Sq(4) = 0.55366,	
	Sq(5) = 0.796795,	Sq(6) = 1.01257,	Sq(7) = 0.796795,	Sq(8) = 0.424478,	Sq(9) = 1.01257,	
	Sq(10) = 0.786639,	Sq(11) = 1.01257,	Sq(12) = 0.55366,	Sq(13) = 0.796795,	Sq(14) = 1.01257,	
	Sq(15) = 0.796795;	N(0) = 1.76807,	N(1) = 1.62866,	N(2) = 0.742518,	N(3) = 1.62866,	
	N(4) = 1.62866,	N(5) = 0.390571,	N(6) = 0.144071,	N(7) = 0.390571,	N(8) = 0.742514,	
	N(9) = 0.144071,	N(10) = 0.0936833,	N(11) = 0.144071,	N(12) = 1.62866,	N(13) = 0.390571,	
	N(14) = 0.144071,	N(15) = 0.390571;	Delta[s](0) = 0.0657889,	Delta[s](1) = 0.0455118,	Delta[s](2) = 0.0305798,	
	Delta[s](3) = 0.0455118,	Delta[s](4) = 0.0455118,	Delta[s](5) = 0.0272847,	Delta[s](6) = 0.00944533,	Delta[s](7) = 0.0272847,	
	Delta[s](8) = 0.0305797,	Delta[s](9) = 0.00944528,	Delta[s](10) = 0.000240951,	Delta[s](11) = 0.00944528,	Delta[s](12) = 0.0455118,	
	Delta[s](13) = 0.0272847,	Delta[s](14) = 0.00944533,	Delta[s](15) = 0.0272847;	Delta[d](0) = 2.55356,	Delta[d](1) = 2.00595,	
	Delta[d](2) = 2.47321,	Delta[d](3) = 2.00595,	Delta[d](4) = 2.00594,	Delta[d](5) = 1.36987,	Delta[d](6) = 1.67392,	
	Delta[d](7) = 1.36987,	Delta[d](8) = 2.4732,	Delta[d](9) = 1.67391,	Delta[d](10) = 0.853578,	Delta[d](11) = 1.67391,	
	Delta[d](12) = 2.00594,	Delta[d](13) = 1.36987,	Delta[d](14) = 1.67392,	Delta[d](15) = 1.36987;	Delta[s+](0) = 5.89315,	
	Delta[s+](1) = 4.01887,	Delta[s+](2) = 2.47321,	Delta[s+](3) = 4.01887,	Delta[s+](4) = 4.01887,	Delta[s+](5) = 1.9718,	
	Delta[s+](6) = 0.698978,	Delta[s+](7) = 1.9718,	Delta[s+](8) = 2.4732,	Delta[s+](9) = 0.698975,	Delta[s+](10) = 0.176788,	
	Delta[s+](11) = 0.698975,	Delta[s+](12) = 4.01887,	Delta[s+](13) = 1.9718,	Delta[s+](14) = 0.698978,	Delta[s+](15) = 1.9718
	
The 0-th iteration is completed.	|| time cost : 0h 2m 45.011s
********************************************************************************************************************
Start the 1 rounds of NGS-ED iteration
	effective electronic model is modified as: kinetic energy t = 0.997281
	                                           effective interaction Vq = [     -1.922, -0.0949705,-0.00849896, -0.0949705, -0.0949705,-0.00787618,-0.00344391,-0.00787618,-0.00849896,-0.00344391, -0.0376735,-0.00344391, -0.0949705,-0.00787618,-0.00344391,-0.00787618]
	PARPACK diagonalization completed after 60 matrix-vector product operations.
	iteration results: : total energy is -32.274719 | electron energy -32.276559 + phonon energy 0.001840 | electron momentum kIdx = 0
The 1-th iteration is completed.	|| time cost : 0h 0m 26.354s
********************************************************************************************************************
Start the 2 rounds of NGS-ED iteration
	effective electronic model is modified as: kinetic energy t = 0.997276
	                                           effective interaction Vq = [     -1.922, -0.0950986,-0.00849588, -0.0950986, -0.0950986,-0.00787325, -0.0034426,-0.00787325,-0.00849588, -0.0034426, -0.0376976, -0.0034426, -0.0950986,-0.00787325, -0.0034426,-0.00787325]
	PARPACK diagonalization completed after 30 matrix-vector product operations.
	iteration results: : total energy is -32.274719 | electron energy -32.276568 + phonon energy 0.001849 | electron momentum kIdx = 0
The 2-th iteration is completed.	|| time cost : 0h 0m 25.705s
********************************************************************************************************************
Start the 3 rounds of NGS-ED iteration
	effective electronic model is modified as: kinetic energy t = 0.997276
	                                           effective interaction Vq = [     -1.922, -0.0951001,-0.00849584, -0.0951001, -0.0951001,-0.00787323,-0.00344259,-0.00787323,-0.00849584,-0.00344259, -0.0376976,-0.00344259, -0.0951001,-0.00787323,-0.00344259,-0.00787323]
	PARPACK diagonalization completed after 30 matrix-vector product operations.
	iteration results: : total energy is -32.274719 | electron energy -32.276568 + phonon energy 0.001849 | electron momentum kIdx = 0
The 3-th iteration is completed.	|| time cost : 0h 0m 27.57s
********************************************************************************************************************
Start the 4 rounds of NGS-ED iteration
	effective electronic model is modified as: kinetic energy t = 0.997276
	                                           effective interaction Vq = [     -1.922, -0.0951001,-0.00849584, -0.0951001, -0.0951001,-0.00787323,-0.00344259,-0.00787323,-0.00849584,-0.00344259, -0.0376976,-0.00344259, -0.0951001,-0.00787323,-0.00344259,-0.00787323]
	PARPACK diagonalization completed after 30 matrix-vector product operations.
	iteration results: : total energy is -32.274719 | electron energy -32.276568 + phonon energy 0.001849 | electron momentum kIdx = 0
	Nq(0) = 9,	Nq(1) = 0.19381,	Nq(2) = 0.265586,	Nq(3) = 0.19381,	Nq(4) = 0.19381,	Nq(5) = 0.245242,	
	Nq(6) = 0.31366,	Nq(7) = 0.245242,	Nq(8) = 0.265586,	Nq(9) = 0.31366,	Nq(10) = 0.370762,	
	Nq(11) = 0.31366,	Nq(12) = 0.19381,	Nq(13) = 0.245242,	Nq(14) = 0.31366,	Nq(15) = 0.245242;	
	Sq(0) = -4.85552e-18,	Sq(1) = 0.553518,	Sq(2) = 0.424485,	Sq(3) = 0.553518,	Sq(4) = 0.553518,	
	Sq(5) = 0.796726,	Sq(6) = 1.01257,	Sq(7) = 0.796726,	Sq(8) = 0.424485,	Sq(9) = 1.01257,	
	Sq(10) = 0.787,	Sq(11) = 1.01257,	Sq(12) = 0.553518,	Sq(13) = 0.796726,	Sq(14) = 1.01257,	
	Sq(15) = 0.796726;	N(0) = 1.76809,	N(1) = 1.62891,	N(2) = 0.74233,	N(3) = 1.62891,	
	N(4) = 1.62891,	N(5) = 0.390387,	N(6) = 0.144068,	N(7) = 0.390387,	N(8) = 0.74233,	
	N(9) = 0.144068,	N(10) = 0.093772,	N(11) = 0.144068,	N(12) = 1.62891,	N(13) = 0.390387,	
	N(14) = 0.144068,	N(15) = 0.390387;	Delta[s](0) = 0.0658182,	Delta[s](1) = 0.0455325,	Delta[s](2) = 0.0305993,	
	Delta[s](3) = 0.0455325,	Delta[s](4) = 0.0455325,	Delta[s](5) = 0.0273022,	Delta[s](6) = 0.00944827,	Delta[s](7) = 0.0273022,	
	Delta[s](8) = 0.0305993,	Delta[s](9) = 0.00944827,	Delta[s](10) = 0.000241614,	Delta[s](11) = 0.00944827,	Delta[s](12) = 0.0455325,	
	Delta[s](13) = 0.0273022,	Delta[s](14) = 0.00944827,	Delta[s](15) = 0.0273022;	Delta[d](0) = 2.55405,	Delta[d](1) = 2.00638,	
	Delta[d](2) = 2.47353,	Delta[d](3) = 2.00638,	Delta[d](4) = 2.00638,	Delta[d](5) = 1.36991,	Delta[d](6) = 1.67402,	
	Delta[d](7) = 1.36991,	Delta[d](8) = 2.47353,	Delta[d](9) = 1.67402,	Delta[d](10) = 0.852653,	Delta[d](11) = 1.67402,	
	Delta[d](12) = 2.00638,	Delta[d](13) = 1.36991,	Delta[d](14) = 1.67402,	Delta[d](15) = 1.36991;	Delta[s+](0) = 5.8945,	
	Delta[s+](1) = 4.01966,	Delta[s+](2) = 2.47353,	Delta[s+](3) = 4.01966,	Delta[s+](4) = 4.01966,	Delta[s+](5) = 1.97214,	
	Delta[s+](6) = 0.699036,	Delta[s+](7) = 1.97214,	Delta[s+](8) = 2.47353,	Delta[s+](9) = 0.699036,	Delta[s+](10) = 0.176925,	
	Delta[s+](11) = 0.699036,	Delta[s+](12) = 4.01966,	Delta[s+](13) = 1.97214,	Delta[s+](14) = 0.699036,	Delta[s+](15) = 1.97214
	
The 4-th iteration is completed.	|| time cost : 0h 1m 13.751s
********************************************************************************************************************
********************************************************************************************************************
Ground state is obtained after 5 iterations. The current ground-state energy is -32.2747, in which electron energy is -32.2766 and phonon energy is 0.00184907
Final variational state is: 
	Gamma_x = [      1,1.09285,1.01109,1.09285,1.09285, 1.0095,1.00532, 1.0095,1.01109,1.00532,1.07106,1.00532,1.09285, 1.0095,1.00532, 1.0095]
	lambda_q = [       3.1,  0.129548,   0.03103,  0.129548,  0.129548, 0.0287073,-0.0175199, 0.0287073,   0.03103,-0.0175199,-0.0563723,-0.0175199,  0.129548, 0.0287073,-0.0175199, 0.0287073]
Effective e-e interactions mediated by phonons are:
	momentum-space Vq = [     -1.922, -0.0951001,-0.00849584, -0.0951001, -0.0951001,-0.00787323,-0.00344259,-0.00787323,-0.00849584,-0.00344259, -0.0376976,-0.00344259, -0.0951001,-0.00787323,-0.00344259,-0.00787323]
	real-space Vr = [-2.40235,-2.06762, -1.9452,-2.06762,-2.06762,-1.94271,-1.70099,-1.94271, -1.9452,-1.70099,-1.61401,-1.70099,-2.06762,-1.94271,-1.70099,-1.94271]
********************************************************************************************************************
o___o  ----------------------------------------
| L |	Time since last clock: 0h 0m 0s
A===A	Time since the beginning: 0h 5m 18.394s
***********************************************


Non-Gaussina ED ground state calculation is completed. The final ground-state energy is -32.2747
********************************************************************************************************************
o___o  ----------------------------------------
| L |	Time since last clock: 0h 0m 0s
A===A	Time since the beginning: 0h 5m 18.395s
***********************************************



********************************************************************************************************************
All non-Gaussian ED ground state calculations have been completed. Exit now.
TACC:  Shutdown complete. Exiting. 
