SNEDics v3.22.2 Non-Gaussian ED ground state program		Start at Fri May 27 03:02:47 2022

Parallelization: 32 MPI threads  * 8 OpenMP threads = 256 total threads.
********************************************************************************************************************
********************************************************************************************************************

********************************************************************************************************************
System parameters and configurations
	special program options are enabled: splitted diagonal Hamiltonian | splitted Hamiltonian terms
********************************************************************************************************************
Read input file "model_params.in"
	Hubbard-Holstein model parameters : 	t = 1    t' = -0.3    U = 8    g = 0.45    W = 0.2    g' = 0.05    
********************************************************************************************************************
Read input file "hilbertspace_params.in"
	Requested 16-site 2D lattice, with 8 electrons (4, 4)
	Boundary : Periodic		Hilbert space representation : momentum-space (restricted to kIdx = 10)
	Conservation: particle number[U(1)]      spin[U(1)]     momentum
********************************************************************************************************************

Cluster Positions:				Cluster symmetry group : D4
 x ... x ... x ... x .....                       x ... x ... x ... x .....
 |           |           :                       |           |           :
 |           |           :                       |           |           :
12    13    14    15     x                       1     5     6     5     x
 |           |           :                       |           |           :
 |           |           :                       |           |           :
 8 --- 9 ---10 ---11 --- x                       2 --- 6 ---10 --- 6 --- x
 |           |           :                       |           |           :
 |           |           :                       |           |           :
 4     5     6     7     x                       1     5     6     5     x
 |           |           :                       |           |           :
 |           |           :                       |           |           :
 0 --- 1 --- 2 --- 3 --- x                       0 --- 1 --- 2 --- 1 --- x
orbital number : 1
********************************************************************************************************************
Read input file "obs_params.in"
	Observable Type : Nq(All),   Sq(All),   N(All-Orbital),   Delta[s](All),   Delta[d](All),   Delta[s+](All)
** WARNING ** the input observables have non-local factors which have been reinterpreted. The total observable number is 96
********************************************************************************************************************


********************************************************************************************************************
Start calculating the non-Gaussian ED ground state
Maximal iteration number is 1000; energy resolution is 1e-06. Phonon state relaxation time is 2000
W = 0.2 is relatively large. The non-Gaussian ED calculation starts directly.
open output files: NGSED_iteration_observables.txt
********************************************************************************************************************
Start the 0 rounds of NGS-ED iteration
	effective electronic model is modified as: kinetic energy t = 1, t' = -0.3
	                                           effective interaction Vq = [0,0,0,0,0,0,0,0,0,0,0,0,0,0,0,0]
	first Hamiltonian is constructed, size = 207168 and non-zero numbers = 32240256
	PARPACK diagonalization completed after 105 matrix-vector product operations.
	iteration results: : total energy is -14.405877 | electron energy -14.405877 + phonon energy 0.000000 | electron momentum kIdx = 10
	Nq(0) = 4,	Nq(1) = 0.191255,	Nq(2) = 0.234333,	Nq(3) = 0.191255,	Nq(4) = 0.191255,	Nq(5) = 0.305984,	
	Nq(6) = 0.331756,	Nq(7) = 0.305984,	Nq(8) = 0.234333,	Nq(9) = 0.331756,	Nq(10) = 0.361611,	
	Nq(11) = 0.331756,	Nq(12) = 0.191255,	Nq(13) = 0.305984,	Nq(14) = 0.331756,	Nq(15) = 0.305984;	
	Sq(0) = -3.48352e-18,	Sq(1) = 0.388709,	Sq(2) = 0.400904,	Sq(3) = 0.388709,	Sq(4) = 0.388709,	
	Sq(5) = 0.66772,	Sq(6) = 0.571758,	Sq(7) = 0.66772,	Sq(8) = 0.400904,	Sq(9) = 0.571758,	
	Sq(10) = 0.539189,	Sq(11) = 0.571758,	Sq(12) = 0.388709,	Sq(13) = 0.66772,	Sq(14) = 0.571758,	
	Sq(15) = 0.66772;	N(0) = 1.74885,	N(1) = 0.991935,	N(2) = 0.972078,	N(3) = 0.991935,	
	N(4) = 0.991935,	N(5) = 0.0652548,	N(6) = 0.0181601,	N(7) = 0.0652548,	N(8) = 0.972078,	
	N(9) = 0.0181601,	N(10) = 0.00559157,	N(11) = 0.0181601,	N(12) = 0.991935,	N(13) = 0.0652548,	
	N(14) = 0.0181601,	N(15) = 0.0652548;	Delta[s](0) = 0.0130309,	Delta[s](1) = 0.00967759,	Delta[s](2) = 0.00857451,	
	Delta[s](3) = 0.00967759,	Delta[s](4) = 0.00967759,	Delta[s](5) = 0.000620219,	Delta[s](6) = 0.000397389,	Delta[s](7) = 0.000620219,	
	Delta[s](8) = 0.00857451,	Delta[s](9) = 0.000397389,	Delta[s](10) = 0.000166745,	Delta[s](11) = 0.000397389,	Delta[s](12) = 0.00967759,	
	Delta[s](13) = 0.000620219,	Delta[s](14) = 0.000397389,	Delta[s](15) = 0.000620219;	Delta[d](0) = 0.019372,	Delta[d](1) = 0.0626075,	
	Delta[d](2) = 0.126622,	Delta[d](3) = 0.0626075,	Delta[d](4) = 0.0626075,	Delta[d](5) = 0.0790923,	Delta[d](6) = 0.159856,	
	Delta[d](7) = 0.0790923,	Delta[d](8) = 0.126622,	Delta[d](9) = 0.159856,	Delta[d](10) = 0.278903,	Delta[d](11) = 0.159856,	
	Delta[d](12) = 0.0626075,	Delta[d](13) = 0.0790923,	Delta[d](14) = 0.159856,	Delta[d](15) = 0.0790923;	Delta[s+](0) = 0.224869,	
	Delta[s+](1) = 0.153602,	Delta[s+](2) = 0.126622,	Delta[s+](3) = 0.153602,	Delta[s+](4) = 0.153602,	Delta[s+](5) = 0.00952204,	
	Delta[s+](6) = 0.021422,	Delta[s+](7) = 0.00952204,	Delta[s+](8) = 0.126622,	Delta[s+](9) = 0.021422,	Delta[s+](10) = 0.00340894,	
	Delta[s+](11) = 0.021422,	Delta[s+](12) = 0.153602,	Delta[s+](13) = 0.00952204,	Delta[s+](14) = 0.021422,	Delta[s+](15) = 0.00952204
	
The 0-th iteration is completed.	|| time cost : 0h 0m 4.911s
********************************************************************************************************************
Start the 1 rounds of NGS-ED iteration
	effective electronic model is modified as: kinetic energy t = 0.983027, t' = -0.292835
	                                           effective interaction Vq = [   -2.1125, -0.272915, -0.105428, -0.272915, -0.272915, -0.148464,-0.0603245, -0.148464, -0.105428,-0.0603245,-0.0244815,-0.0603245, -0.272915, -0.148464,-0.0603245, -0.148464]
	PARPACK diagonalization completed after 30 matrix-vector product operations.
	iteration results: : total energy is -23.106167 | electron energy -23.131119 + phonon energy 0.024952 | electron momentum kIdx = 10
The 1-th iteration is completed.	|| time cost : 0h 0m 3.424s
********************************************************************************************************************
Start the 2 rounds of NGS-ED iteration
	effective electronic model is modified as: kinetic energy t = 0.982672, t' = -0.292614
	                                           effective interaction Vq = [   -2.1125, -0.281999, -0.104961, -0.281999, -0.281999, -0.149515,-0.0595659, -0.149515, -0.104961,-0.0595659,-0.0240431,-0.0595659, -0.281999, -0.149515,-0.0595659, -0.149515]
	PARPACK diagonalization completed after 30 matrix-vector product operations.
	iteration results: : total energy is -23.106268 | electron energy -23.132756 + phonon energy 0.026488 | electron momentum kIdx = 10
The 2-th iteration is completed.	|| time cost : 0h 0m 0.794s
********************************************************************************************************************
Start the 3 rounds of NGS-ED iteration
	effective electronic model is modified as: kinetic energy t = 0.982656, t' = -0.292603
	                                           effective interaction Vq = [   -2.1125, -0.282477, -0.104925, -0.282477, -0.282477,   -0.1495,-0.0595405,   -0.1495, -0.104925,-0.0595405,-0.0240344,-0.0595405, -0.282477,   -0.1495,-0.0595405,   -0.1495]
	PARPACK diagonalization completed after 30 matrix-vector product operations.
	iteration results: : total energy is -23.106268 | electron energy -23.132823 + phonon energy 0.026555 | electron momentum kIdx = 10
The 3-th iteration is completed.	|| time cost : 0h 0m 0.792s
********************************************************************************************************************
Start the 4 rounds of NGS-ED iteration
	effective electronic model is modified as: kinetic energy t = 0.982656, t' = -0.292603
	                                           effective interaction Vq = [   -2.1125, -0.282503, -0.104923, -0.282503, -0.282503, -0.149497,-0.0595395, -0.149497, -0.104923,-0.0595395,-0.0240341,-0.0595395, -0.282503, -0.149497,-0.0595395, -0.149497]
	PARPACK diagonalization completed after 30 matrix-vector product operations.
	iteration results: : total energy is -23.106268 | electron energy -23.132827 + phonon energy 0.026559 | electron momentum kIdx = 10
The 4-th iteration is completed.	|| time cost : 0h 0m 0.793s
********************************************************************************************************************
Start the 5 rounds of NGS-ED iteration
	effective electronic model is modified as: kinetic energy t = 0.982656, t' = -0.292603
	                                           effective interaction Vq = [   -2.1125, -0.282504, -0.104923, -0.282504, -0.282504, -0.149497,-0.0595395, -0.149497, -0.104923,-0.0595395,-0.0240341,-0.0595395, -0.282504, -0.149497,-0.0595395, -0.149497]
	PARPACK diagonalization completed after 30 matrix-vector product operations.
	iteration results: : total energy is -23.106268 | electron energy -23.132827 + phonon energy 0.026559 | electron momentum kIdx = 10
The 5-th iteration is completed.	|| time cost : 0h 0m 0.793s
********************************************************************************************************************
Start the 6 rounds of NGS-ED iteration
	effective electronic model is modified as: kinetic energy t = 0.982656, t' = -0.292603
	                                           effective interaction Vq = [   -2.1125, -0.282504, -0.104923, -0.282504, -0.282504, -0.149497,-0.0595395, -0.149497, -0.104923,-0.0595395,-0.0240341,-0.0595395, -0.282504, -0.149497,-0.0595395, -0.149497]
	PARPACK diagonalization completed after 30 matrix-vector product operations.
	iteration results: : total energy is -23.106268 | electron energy -23.132827 + phonon energy 0.026559 | electron momentum kIdx = 10
	Nq(0) = 4,	Nq(1) = 0.196316,	Nq(2) = 0.233434,	Nq(3) = 0.196316,	Nq(4) = 0.196316,	Nq(5) = 0.307881,	
	Nq(6) = 0.32827,	Nq(7) = 0.307881,	Nq(8) = 0.233434,	Nq(9) = 0.32827,	Nq(10) = 0.355776,	
	Nq(11) = 0.32827,	Nq(12) = 0.196316,	Nq(13) = 0.307881,	Nq(14) = 0.32827,	Nq(15) = 0.307881;	
	Sq(0) = 6.65199e-19,	Sq(1) = 0.388847,	Sq(2) = 0.400122,	Sq(3) = 0.388847,	Sq(4) = 0.388847,	
	Sq(5) = 0.663373,	Sq(6) = 0.573959,	Sq(7) = 0.663373,	Sq(8) = 0.400122,	Sq(9) = 0.573959,	
	Sq(10) = 0.542528,	Sq(11) = 0.573959,	Sq(12) = 0.388847,	Sq(13) = 0.663373,	Sq(14) = 0.573959,	
	Sq(15) = 0.663373;	N(0) = 1.75966,	N(1) = 0.99124,	N(2) = 0.973197,	N(3) = 0.99124,	
	N(4) = 0.99124,	N(5) = 0.062286,	N(6) = 0.0184174,	N(7) = 0.062286,	N(8) = 0.973197,	
	N(9) = 0.0184174,	N(10) = 0.00617349,	N(11) = 0.0184174,	N(12) = 0.99124,	N(13) = 0.062286,	
	N(14) = 0.0184174,	N(15) = 0.062286;	Delta[s](0) = 0.0135056,	Delta[s](1) = 0.0101423,	Delta[s](2) = 0.00894525,	
	Delta[s](3) = 0.0101423,	Delta[s](4) = 0.0101423,	Delta[s](5) = 0.000624905,	Delta[s](6) = 0.000405339,	Delta[s](7) = 0.000624905,	
	Delta[s](8) = 0.00894525,	Delta[s](9) = 0.000405339,	Delta[s](10) = 0.000170498,	Delta[s](11) = 0.000405339,	Delta[s](12) = 0.0101423,	
	Delta[s](13) = 0.000624905,	Delta[s](14) = 0.000405339,	Delta[s](15) = 0.000624905;	Delta[d](0) = 0.0186327,	Delta[d](1) = 0.062647,	
	Delta[d](2) = 0.127389,	Delta[d](3) = 0.062647,	Delta[d](4) = 0.062647,	Delta[d](5) = 0.0793229,	Delta[d](6) = 0.160451,	
	Delta[d](7) = 0.0793229,	Delta[d](8) = 0.127389,	Delta[d](9) = 0.160451,	Delta[d](10) = 0.279052,	Delta[d](11) = 0.160451,	
	Delta[d](12) = 0.062647,	Delta[d](13) = 0.0793229,	Delta[d](14) = 0.160451,	Delta[d](15) = 0.0793229;	Delta[s+](0) = 0.228259,	
	Delta[s+](1) = 0.156373,	Delta[s+](2) = 0.127389,	Delta[s+](3) = 0.156373,	Delta[s+](4) = 0.156373,	Delta[s+](5) = 0.00923715,	
	Delta[s+](6) = 0.0213861,	Delta[s+](7) = 0.00923715,	Delta[s+](8) = 0.127389,	Delta[s+](9) = 0.0213861,	Delta[s+](10) = 0.00346858,	
	Delta[s+](11) = 0.0213861,	Delta[s+](12) = 0.156373,	Delta[s+](13) = 0.00923715,	Delta[s+](14) = 0.0213861,	Delta[s+](15) = 0.00923715
	
The 6-th iteration is completed.	|| time cost : 0h 0m 2.993s
********************************************************************************************************************
********************************************************************************************************************
Ground state is obtained after 7 iterations. The current ground-state energy is -23.1063, in which electron energy is -23.1328 and phonon energy is 0.026559
Final variational state is: 
	Gamma_x = [      1,1.29698,1.12618,1.29698,1.29698,1.24507,1.09975,1.24507,1.12618,1.09975,1.04278,1.09975,1.29698,1.24507,1.09975,1.24507]
	lambda_q = [     3.25, 0.270085, 0.119769, 0.270085, 0.270085, 0.172738,0.0872305, 0.172738, 0.119769,0.0872305,0.0490297,0.0872305, 0.270085, 0.172738,0.0872305, 0.172738]
Effective e-e interactions mediated by phonons are:
	momentum-space Vq = [   -2.1125, -0.282504, -0.104923, -0.282504, -0.282504, -0.149497,-0.0595395, -0.149497, -0.104923,-0.0595395,-0.0240341,-0.0595395, -0.282504, -0.149497,-0.0595395, -0.149497]
	real-space Vr = [-0.269534,  -0.1584,-0.109275,  -0.1584,  -0.1584,-0.120418,-0.102658,-0.120418,-0.109275,-0.102658,-0.098512,-0.102658,  -0.1584,-0.120418,-0.102658,-0.120418]
********************************************************************************************************************
o___o  ----------------------------------------
| L |	Time since last clock: 0h 0m 0.007s
A===A	Time since the beginning: 0h 0m 14.51s
***********************************************


Non-Gaussina ED ground state calculation is completed. The final ground-state energy is -23.1063
********************************************************************************************************************
o___o  ----------------------------------------
| L |	Time since last clock: 0h 0m 0.016s
A===A	Time since the beginning: 0h 0m 14.527s
***********************************************



********************************************************************************************************************
All non-Gaussian ED ground state calculations have been completed. Exit now.
