SNEDics v3.22.2 Non-Gaussian ED ground state program		Start at Wed Jun 29 20:48:44 2022

Parallelization: 32 MPI threads  * 8 OpenMP threads = 256 total threads.
********************************************************************************************************************
********************************************************************************************************************

********************************************************************************************************************
System parameters and configurations
	special program options are enabled: splitted diagonal Hamiltonian | splitted Hamiltonian terms
********************************************************************************************************************
Read input file "model_params.in"
	Hubbard-Holstein model parameters : 	t = 1    t' = -0.3    U = 8    g = 0.95    W = 0.2    g' = 0.45    
********************************************************************************************************************
Read input file "hilbertspace_params.in"
	Requested 16-site 2D lattice, with 12 electrons (6, 6)
	Boundary : Periodic		Hilbert space representation : momentum-space (restricted to kIdx = 0)
	Conservation: particle number[U(1)]      spin[U(1)]     momentum
********************************************************************************************************************

Cluster Positions:				Cluster symmetry group : D4
 x ... x ... x ... x .....                       x ... x ... x ... x .....
 |           |           :                       |           |           :
 |           |           :                       |           |           :
12    13    14    15     x                       1     5     6     5     x
 |           |           :                       |           |           :
 |           |           :                       |           |           :
 8 --- 9 ---10 ---11 --- x                       2 --- 6 ---10 --- 6 --- x
 |           |           :                       |           |           :
 |           |           :                       |           |           :
 4     5     6     7     x                       1     5     6     5     x
 |           |           :                       |           |           :
 |           |           :                       |           |           :
 0 --- 1 --- 2 --- 3 --- x                       0 --- 1 --- 2 --- 1 --- x
orbital number : 1
********************************************************************************************************************
Read input file "obs_params.in"
	Observable Type : Nq(All),   Sq(All),   N(All-Orbital),   Delta[s](All),   Delta[d](All),   Delta[s+](All)
** WARNING ** the input observables have non-local factors which have been reinterpreted. The total observable number is 96
********************************************************************************************************************


********************************************************************************************************************
Start calculating the non-Gaussian ED ground state
Maximal iteration number is 1000; energy resolution is 1e-06. Phonon state relaxation time is 2000
W = 0.2 is relatively large. The non-Gaussian ED calculation starts directly.
open output files: NGSED_iteration_observables.txt
********************************************************************************************************************
Start the 0 rounds of NGS-ED iteration
	effective electronic model is modified as: kinetic energy t = 1, t' = -0.3
	                                           effective interaction Vq = [0,0,0,0,0,0,0,0,0,0,0,0,0,0,0,0]
	first Hamiltonian is constructed, size = 4008592 and non-zero numbers = 969952250
	PARPACK diagonalization completed after 135 matrix-vector product operations.
	iteration results: : total energy is -15.091341 | electron energy -15.091341 + phonon energy 0.000000 | electron momentum kIdx = 0
	Nq(0) = 9,	Nq(1) = 0.182775,	Nq(2) = 0.248843,	Nq(3) = 0.182775,	Nq(4) = 0.182775,	Nq(5) = 0.263236,	
	Nq(6) = 0.307436,	Nq(7) = 0.263236,	Nq(8) = 0.248843,	Nq(9) = 0.307436,	Nq(10) = 0.356784,	
	Nq(11) = 0.307436,	Nq(12) = 0.182775,	Nq(13) = 0.263236,	Nq(14) = 0.307436,	Nq(15) = 0.263236;	
	Sq(0) = 2.57275e-18,	Sq(1) = 0.523525,	Sq(2) = 0.451304,	Sq(3) = 0.523525,	Sq(4) = 0.523525,	
	Sq(5) = 0.707557,	Sq(6) = 1.00669,	Sq(7) = 0.707557,	Sq(8) = 0.451304,	Sq(9) = 1.00669,	
	Sq(10) = 1.27807,	Sq(11) = 1.00669,	Sq(12) = 0.523525,	Sq(13) = 0.707557,	Sq(14) = 1.00669,	
	Sq(15) = 0.707557;	N(0) = 1.72657,	N(1) = 1.59708,	N(2) = 1.0703,	N(3) = 1.59708,	
	N(4) = 1.59708,	N(5) = 0.264255,	N(6) = 0.153085,	N(7) = 0.264255,	N(8) = 1.0703,	
	N(9) = 0.153085,	N(10) = 0.0751403,	N(11) = 0.153085,	N(12) = 1.59708,	N(13) = 0.264255,	
	N(14) = 0.153085,	N(15) = 0.264255;	Delta[s](0) = 0.0363617,	Delta[s](1) = 0.0314689,	Delta[s](2) = 0.0277713,	
	Delta[s](3) = 0.0314689,	Delta[s](4) = 0.0314689,	Delta[s](5) = 0.0266051,	Delta[s](6) = 0.022766,	Delta[s](7) = 0.0266051,	
	Delta[s](8) = 0.0277713,	Delta[s](9) = 0.022766,	Delta[s](10) = 0.018864,	Delta[s](11) = 0.022766,	Delta[s](12) = 0.0314689,	
	Delta[s](13) = 0.0266051,	Delta[s](14) = 0.022766,	Delta[s](15) = 0.0266051;	Delta[d](0) = 0.336382,	Delta[d](1) = 0.234434,	
	Delta[d](2) = 0.221421,	Delta[d](3) = 0.234434,	Delta[d](4) = 0.234434,	Delta[d](5) = 0.1589,	Delta[d](6) = 0.151252,	
	Delta[d](7) = 0.1589,	Delta[d](8) = 0.221421,	Delta[d](9) = 0.151252,	Delta[d](10) = 0.132447,	Delta[d](11) = 0.151252,	
	Delta[d](12) = 0.234434,	Delta[d](13) = 0.1589,	Delta[d](14) = 0.151252,	Delta[d](15) = 0.1589;	Delta[s+](0) = 0.399644,	
	Delta[s+](1) = 0.287018,	Delta[s+](2) = 0.221421,	Delta[s+](3) = 0.287018,	Delta[s+](4) = 0.287018,	Delta[s+](5) = 0.161419,	
	Delta[s+](6) = 0.0964468,	Delta[s+](7) = 0.161419,	Delta[s+](8) = 0.221421,	Delta[s+](9) = 0.0964468,	Delta[s+](10) = 0.042781,	
	Delta[s+](11) = 0.0964468,	Delta[s+](12) = 0.287018,	Delta[s+](13) = 0.161419,	Delta[s+](14) = 0.0964468,	Delta[s+](15) = 0.161419
	
The 0-th iteration is completed.	|| time cost : 0h 2m 2.245s
********************************************************************************************************************
Start the 1 rounds of NGS-ED iteration
	effective electronic model is modified as: kinetic energy t = 0.732347, t' = -0.173551
	                                           effective interaction Vq = [   -37.8125,   -13.9062,   -1.34716,   -13.9062,   -13.9062,   -1.64388,-0.00113681,   -1.64388,   -1.34716,-0.00113681,  -0.746966,-0.00113681,   -13.9062,   -1.64388,-0.00113681,   -1.64388]
	PARPACK diagonalization completed after 105 matrix-vector product operations.
	iteration results: : total energy is -448.415140 | electron energy -451.803935 + phonon energy 3.388795 | electron momentum kIdx = 0
The 1-th iteration is completed.	|| time cost : 0h 1m 25.298s
********************************************************************************************************************
Start the 2 rounds of NGS-ED iteration
	effective electronic model is modified as: kinetic energy t = 4.89568e-10, t' = -1.91039e-15
	                                           effective interaction Vq = [-37.8125,-17.1125, -4.5125,-17.1125,-17.1125, -4.5125, -0.0125, -4.5125, -4.5125, -0.0125, -3.6125, -0.0125,-17.1125, -4.5125, -0.0125, -4.5125]
	PARPACK diagonalization completed after 45 matrix-vector product operations.
	iteration results: : total energy is -494.100000 | electron energy -494.100000 + phonon energy 0.000000 | electron momentum kIdx = 0
The 2-th iteration is completed.	|| time cost : 0h 0m 13.642s
********************************************************************************************************************
Start the 3 rounds of NGS-ED iteration
	effective electronic model is modified as: kinetic energy t = 4.68094e-09, t' = -1.91038e-15
	                                           effective interaction Vq = [ -37.8125, -17.1125,  -4.5125, -17.1125, -17.1125,  -4.5125,  -0.0125,  -4.5125,  -4.5125,  -0.0125,-0.042684,  -0.0125, -17.1125,  -4.5125,  -0.0125,  -4.5125]
	PARPACK diagonalization completed after 30 matrix-vector product operations.
	iteration results: : total energy is -494.100000 | electron energy -494.100000 + phonon energy 0.000000 | electron momentum kIdx = 0
The 3-th iteration is completed.	|| time cost : 0h 0m 10.063s
********************************************************************************************************************
Start the 4 rounds of NGS-ED iteration
	effective electronic model is modified as: kinetic energy t = 4.67883e-09, t' = -1.91038e-15
	                                           effective interaction Vq = [ -37.8125, -17.1125,  -4.5125, -17.1125, -17.1125,  -4.5125,  -0.0125,  -4.5125,  -4.5125,  -0.0125,-0.109901,  -0.0125, -17.1125,  -4.5125,  -0.0125,  -4.5125]
	PARPACK diagonalization completed after 30 matrix-vector product operations.
	iteration results: : total energy is -494.100000 | electron energy -494.100000 + phonon energy 0.000000 | electron momentum kIdx = 0
The 4-th iteration is completed.	|| time cost : 0h 0m 10.1s
********************************************************************************************************************
Start the 5 rounds of NGS-ED iteration
	effective electronic model is modified as: kinetic energy t = 4.67893e-09, t' = -1.91038e-15
	                                           effective interaction Vq = [ -37.8125, -17.1125,  -4.5125, -17.1125, -17.1125,  -4.5125,  -0.0125,  -4.5125,  -4.5125,  -0.0125,-0.107614,  -0.0125, -17.1125,  -4.5125,  -0.0125,  -4.5125]
	PARPACK diagonalization completed after 30 matrix-vector product operations.
	iteration results: : total energy is -494.100000 | electron energy -494.100000 + phonon energy 0.000000 | electron momentum kIdx = 0
The 5-th iteration is completed.	|| time cost : 0h 0m 10.055s
********************************************************************************************************************
Start the 6 rounds of NGS-ED iteration
	effective electronic model is modified as: kinetic energy t = 4.6788e-09, t' = -1.91038e-15
	                                           effective interaction Vq = [-37.8125,-17.1125, -4.5125,-17.1125,-17.1125, -4.5125, -0.0125, -4.5125, -4.5125, -0.0125,-0.11051, -0.0125,-17.1125, -4.5125, -0.0125, -4.5125]
	PARPACK diagonalization completed after 30 matrix-vector product operations.
	iteration results: : total energy is -494.100000 | electron energy -494.100000 + phonon energy 0.000000 | electron momentum kIdx = 0
The 6-th iteration is completed.	|| time cost : 0h 0m 10.056s
********************************************************************************************************************
Start the 7 rounds of NGS-ED iteration
	effective electronic model is modified as: kinetic energy t = 4.67909e-09, t' = -1.91038e-15
	                                           effective interaction Vq = [ -37.8125, -17.1125,  -4.5125, -17.1125, -17.1125,  -4.5125,  -0.0125,  -4.5125,  -4.5125,  -0.0125,-0.103977,  -0.0125, -17.1125,  -4.5125,  -0.0125,  -4.5125]
	PARPACK diagonalization completed after 30 matrix-vector product operations.
	iteration results: : total energy is -494.100000 | electron energy -494.100000 + phonon energy 0.000000 | electron momentum kIdx = 0
The 7-th iteration is completed.	|| time cost : 0h 0m 10.069s
********************************************************************************************************************
Start the 8 rounds of NGS-ED iteration
	effective electronic model is modified as: kinetic energy t = 4.67881e-09, t' = -1.91038e-15
	                                           effective interaction Vq = [ -37.8125, -17.1125,  -4.5125, -17.1125, -17.1125,  -4.5125,  -0.0125,  -4.5125,  -4.5125,  -0.0125,-0.110254,  -0.0125, -17.1125,  -4.5125,  -0.0125,  -4.5125]
	PARPACK diagonalization completed after 30 matrix-vector product operations.
	iteration results: : total energy is -494.100000 | electron energy -494.100000 + phonon energy 0.000000 | electron momentum kIdx = 0
The 8-th iteration is completed.	|| time cost : 0h 0m 10.112s
********************************************************************************************************************
Start the 9 rounds of NGS-ED iteration
	effective electronic model is modified as: kinetic energy t = 4.67905e-09, t' = -1.91038e-15
	                                           effective interaction Vq = [ -37.8125, -17.1125,  -4.5125, -17.1125, -17.1125,  -4.5125,  -0.0125,  -4.5125,  -4.5125,  -0.0125,-0.105033,  -0.0125, -17.1125,  -4.5125,  -0.0125,  -4.5125]
	PARPACK diagonalization completed after 30 matrix-vector product operations.
	iteration results: : total energy is -494.100000 | electron energy -494.100000 + phonon energy 0.000000 | electron momentum kIdx = 0
The 9-th iteration is completed.	|| time cost : 0h 0m 10.078s
********************************************************************************************************************
Start the 10 rounds of NGS-ED iteration
	effective electronic model is modified as: kinetic energy t = 4.67897e-09, t' = -1.91038e-15
	                                           effective interaction Vq = [ -37.8125, -17.1125,  -4.5125, -17.1125, -17.1125,  -4.5125,  -0.0125,  -4.5125,  -4.5125,  -0.0125,-0.106817,  -0.0125, -17.1125,  -4.5125,  -0.0125,  -4.5125]
	PARPACK diagonalization completed after 30 matrix-vector product operations.
	iteration results: : total energy is -494.100000 | electron energy -494.100000 + phonon energy 0.000000 | electron momentum kIdx = 0
The 10-th iteration is completed.	|| time cost : 0h 0m 10.026s
********************************************************************************************************************
Start the 11 rounds of NGS-ED iteration
	effective electronic model is modified as: kinetic energy t = 4.67863e-09, t' = -1.91038e-15
	                                           effective interaction Vq = [ -37.8125, -17.1125,  -4.5125, -17.1125, -17.1125,  -4.5125,  -0.0125,  -4.5125,  -4.5125,  -0.0125,-0.114121,  -0.0125, -17.1125,  -4.5125,  -0.0125,  -4.5125]
	PARPACK diagonalization completed after 30 matrix-vector product operations.
	iteration results: : total energy is -494.100000 | electron energy -494.100000 + phonon energy 0.000000 | electron momentum kIdx = 0
The 11-th iteration is completed.	|| time cost : 0h 0m 10.075s
********************************************************************************************************************
Start the 12 rounds of NGS-ED iteration
	effective electronic model is modified as: kinetic energy t = 4.67889e-09, t' = -1.91038e-15
	                                           effective interaction Vq = [ -37.8125, -17.1125,  -4.5125, -17.1125, -17.1125,  -4.5125,  -0.0125,  -4.5125,  -4.5125,  -0.0125,-0.108552,  -0.0125, -17.1125,  -4.5125,  -0.0125,  -4.5125]
	PARPACK diagonalization completed after 30 matrix-vector product operations.
	iteration results: : total energy is -494.100000 | electron energy -494.100000 + phonon energy 0.000000 | electron momentum kIdx = 0
The 12-th iteration is completed.	|| time cost : 0h 0m 10.06s
********************************************************************************************************************
Start the 13 rounds of NGS-ED iteration
	effective electronic model is modified as: kinetic energy t = 4.67883e-09, t' = -1.91038e-15
	                                           effective interaction Vq = [ -37.8125, -17.1125,  -4.5125, -17.1125, -17.1125,  -4.5125,  -0.0125,  -4.5125,  -4.5125,  -0.0125,-0.109836,  -0.0125, -17.1125,  -4.5125,  -0.0125,  -4.5125]
	PARPACK diagonalization completed after 30 matrix-vector product operations.
	iteration results: : total energy is -494.100000 | electron energy -494.100000 + phonon energy 0.000000 | electron momentum kIdx = 0
The 13-th iteration is completed.	|| time cost : 0h 0m 10.101s
********************************************************************************************************************
Start the 14 rounds of NGS-ED iteration
	effective electronic model is modified as: kinetic energy t = 4.67896e-09, t' = -1.91038e-15
	                                           effective interaction Vq = [ -37.8125, -17.1125,  -4.5125, -17.1125, -17.1125,  -4.5125,  -0.0125,  -4.5125,  -4.5125,  -0.0125,-0.106917,  -0.0125, -17.1125,  -4.5125,  -0.0125,  -4.5125]
	PARPACK diagonalization completed after 30 matrix-vector product operations.
	iteration results: : total energy is -494.100000 | electron energy -494.100000 + phonon energy 0.000000 | electron momentum kIdx = 0
The 14-th iteration is completed.	|| time cost : 0h 0m 10.215s
********************************************************************************************************************
Start the 15 rounds of NGS-ED iteration
	effective electronic model is modified as: kinetic energy t = 4.67941e-09, t' = -1.91038e-15
	                                           effective interaction Vq = [  -37.8125,  -17.1125,   -4.5125,  -17.1125,  -17.1125,   -4.5125,   -0.0125,   -4.5125,   -4.5125,   -0.0125,-0.0962112,   -0.0125,  -17.1125,   -4.5125,   -0.0125,   -4.5125]
	PARPACK diagonalization completed after 30 matrix-vector product operations.
	iteration results: : total energy is -494.100000 | electron energy -494.100000 + phonon energy 0.000000 | electron momentum kIdx = 0
The 15-th iteration is completed.	|| time cost : 0h 0m 10.113s
********************************************************************************************************************
Start the 16 rounds of NGS-ED iteration
	effective electronic model is modified as: kinetic energy t = 4.6791e-09, t' = -1.91038e-15
	                                           effective interaction Vq = [ -37.8125, -17.1125,  -4.5125, -17.1125, -17.1125,  -4.5125,  -0.0125,  -4.5125,  -4.5125,  -0.0125,-0.103676,  -0.0125, -17.1125,  -4.5125,  -0.0125,  -4.5125]
	PARPACK diagonalization completed after 30 matrix-vector product operations.
	iteration results: : total energy is -494.100000 | electron energy -494.100000 + phonon energy 0.000000 | electron momentum kIdx = 0
The 16-th iteration is completed.	|| time cost : 0h 0m 10.091s
********************************************************************************************************************
Start the 17 rounds of NGS-ED iteration
	effective electronic model is modified as: kinetic energy t = 4.67893e-09, t' = -1.91038e-15
	                                           effective interaction Vq = [ -37.8125, -17.1125,  -4.5125, -17.1125, -17.1125,  -4.5125,  -0.0125,  -4.5125,  -4.5125,  -0.0125,-0.107603,  -0.0125, -17.1125,  -4.5125,  -0.0125,  -4.5125]
	PARPACK diagonalization completed after 30 matrix-vector product operations.
	iteration results: : total energy is -494.100000 | electron energy -494.100000 + phonon energy 0.000000 | electron momentum kIdx = 0
The 17-th iteration is completed.	|| time cost : 0h 0m 10.066s
********************************************************************************************************************
Start the 18 rounds of NGS-ED iteration
	effective electronic model is modified as: kinetic energy t = 4.67917e-09, t' = -1.91038e-15
	                                           effective interaction Vq = [ -37.8125, -17.1125,  -4.5125, -17.1125, -17.1125,  -4.5125,  -0.0125,  -4.5125,  -4.5125,  -0.0125,-0.102235,  -0.0125, -17.1125,  -4.5125,  -0.0125,  -4.5125]
	PARPACK diagonalization completed after 30 matrix-vector product operations.
	iteration results: : total energy is -494.100000 | electron energy -494.100000 + phonon energy 0.000000 | electron momentum kIdx = 0
The 18-th iteration is completed.	|| time cost : 0h 0m 10.089s
********************************************************************************************************************
Start the 19 rounds of NGS-ED iteration
	effective electronic model is modified as: kinetic energy t = 4.67894e-09, t' = -1.91038e-15
	                                           effective interaction Vq = [ -37.8125, -17.1125,  -4.5125, -17.1125, -17.1125,  -4.5125,  -0.0125,  -4.5125,  -4.5125,  -0.0125,-0.107432,  -0.0125, -17.1125,  -4.5125,  -0.0125,  -4.5125]
	PARPACK diagonalization completed after 30 matrix-vector product operations.
	iteration results: : total energy is -494.100000 | electron energy -494.100000 + phonon energy 0.000000 | electron momentum kIdx = 0
The 19-th iteration is completed.	|| time cost : 0h 0m 10.17s
********************************************************************************************************************
Start the 20 rounds of NGS-ED iteration
	effective electronic model is modified as: kinetic energy t = 4.67913e-09, t' = -1.91038e-15
	                                           effective interaction Vq = [ -37.8125, -17.1125,  -4.5125, -17.1125, -17.1125,  -4.5125,  -0.0125,  -4.5125,  -4.5125,  -0.0125,-0.102959,  -0.0125, -17.1125,  -4.5125,  -0.0125,  -4.5125]
	PARPACK diagonalization completed after 30 matrix-vector product operations.
	iteration results: : total energy is -494.100000 | electron energy -494.100000 + phonon energy 0.000000 | electron momentum kIdx = 0
The 20-th iteration is completed.	|| time cost : 0h 0m 10.159s
********************************************************************************************************************
Start the 21 rounds of NGS-ED iteration
	effective electronic model is modified as: kinetic energy t = 4.67922e-09, t' = -1.91038e-15
	                                           effective interaction Vq = [ -37.8125, -17.1125,  -4.5125, -17.1125, -17.1125,  -4.5125,  -0.0125,  -4.5125,  -4.5125,  -0.0125,-0.100993,  -0.0125, -17.1125,  -4.5125,  -0.0125,  -4.5125]
	PARPACK diagonalization completed after 30 matrix-vector product operations.
	iteration results: : total energy is -494.100000 | electron energy -494.100000 + phonon energy 0.000000 | electron momentum kIdx = 0
The 21-th iteration is completed.	|| time cost : 0h 0m 10.064s
********************************************************************************************************************
Start the 22 rounds of NGS-ED iteration
	effective electronic model is modified as: kinetic energy t = 4.67881e-09, t' = -1.91038e-15
	                                           effective interaction Vq = [ -37.8125, -17.1125,  -4.5125, -17.1125, -17.1125,  -4.5125,  -0.0125,  -4.5125,  -4.5125,  -0.0125,-0.110207,  -0.0125, -17.1125,  -4.5125,  -0.0125,  -4.5125]
	PARPACK diagonalization completed after 30 matrix-vector product operations.
	iteration results: : total energy is -494.100000 | electron energy -494.100000 + phonon energy 0.000000 | electron momentum kIdx = 0
The 22-th iteration is completed.	|| time cost : 0h 0m 10.123s
********************************************************************************************************************
Start the 23 rounds of NGS-ED iteration
	effective electronic model is modified as: kinetic energy t = 4.67903e-09, t' = -1.91038e-15
	                                           effective interaction Vq = [ -37.8125, -17.1125,  -4.5125, -17.1125, -17.1125,  -4.5125,  -0.0125,  -4.5125,  -4.5125,  -0.0125,-0.105327,  -0.0125, -17.1125,  -4.5125,  -0.0125,  -4.5125]
	PARPACK diagonalization completed after 30 matrix-vector product operations.
	iteration results: : total energy is -494.100000 | electron energy -494.100000 + phonon energy 0.000000 | electron momentum kIdx = 0
The 23-th iteration is completed.	|| time cost : 0h 0m 10.059s
********************************************************************************************************************
Start the 24 rounds of NGS-ED iteration
	effective electronic model is modified as: kinetic energy t = 4.67883e-09, t' = -1.91038e-15
	                                           effective interaction Vq = [ -37.8125, -17.1125,  -4.5125, -17.1125, -17.1125,  -4.5125,  -0.0125,  -4.5125,  -4.5125,  -0.0125,-0.109938,  -0.0125, -17.1125,  -4.5125,  -0.0125,  -4.5125]
	PARPACK diagonalization completed after 30 matrix-vector product operations.
	iteration results: : total energy is -494.100000 | electron energy -494.100000 + phonon energy 0.000000 | electron momentum kIdx = 0
The 24-th iteration is completed.	|| time cost : 0h 0m 10.06s
********************************************************************************************************************
Start the 25 rounds of NGS-ED iteration
	effective electronic model is modified as: kinetic energy t = 4.67882e-09, t' = -1.91038e-15
	                                           effective interaction Vq = [ -37.8125, -17.1125,  -4.5125, -17.1125, -17.1125,  -4.5125,  -0.0125,  -4.5125,  -4.5125,  -0.0125,-0.110058,  -0.0125, -17.1125,  -4.5125,  -0.0125,  -4.5125]
	PARPACK diagonalization completed after 30 matrix-vector product operations.
	iteration results: : total energy is -494.100000 | electron energy -494.100000 + phonon energy 0.000000 | electron momentum kIdx = 0
The 25-th iteration is completed.	|| time cost : 0h 0m 10.057s
********************************************************************************************************************
Start the 26 rounds of NGS-ED iteration
	effective electronic model is modified as: kinetic energy t = 4.67891e-09, t' = -1.91038e-15
	                                           effective interaction Vq = [ -37.8125, -17.1125,  -4.5125, -17.1125, -17.1125,  -4.5125,  -0.0125,  -4.5125,  -4.5125,  -0.0125,-0.108077,  -0.0125, -17.1125,  -4.5125,  -0.0125,  -4.5125]
	PARPACK diagonalization completed after 30 matrix-vector product operations.
	iteration results: : total energy is -494.100000 | electron energy -494.100000 + phonon energy 0.000000 | electron momentum kIdx = 0
The 26-th iteration is completed.	|| time cost : 0h 0m 10.07s
********************************************************************************************************************
Start the 27 rounds of NGS-ED iteration
	effective electronic model is modified as: kinetic energy t = 4.67879e-09, t' = -1.91038e-15
	                                           effective interaction Vq = [ -37.8125, -17.1125,  -4.5125, -17.1125, -17.1125,  -4.5125,  -0.0125,  -4.5125,  -4.5125,  -0.0125,-0.110668,  -0.0125, -17.1125,  -4.5125,  -0.0125,  -4.5125]
	PARPACK diagonalization completed after 30 matrix-vector product operations.
	iteration results: : total energy is -494.100000 | electron energy -494.100000 + phonon energy 0.000000 | electron momentum kIdx = 0
The 27-th iteration is completed.	|| time cost : 0h 0m 10.078s
********************************************************************************************************************
Start the 28 rounds of NGS-ED iteration
	effective electronic model is modified as: kinetic energy t = 4.67892e-09, t' = -1.91038e-15
	                                           effective interaction Vq = [ -37.8125, -17.1125,  -4.5125, -17.1125, -17.1125,  -4.5125,  -0.0125,  -4.5125,  -4.5125,  -0.0125,-0.107948,  -0.0125, -17.1125,  -4.5125,  -0.0125,  -4.5125]
	PARPACK diagonalization completed after 30 matrix-vector product operations.
	iteration results: : total energy is -494.100000 | electron energy -494.100000 + phonon energy 0.000000 | electron momentum kIdx = 0
The 28-th iteration is completed.	|| time cost : 0h 0m 10.084s
********************************************************************************************************************
Start the 29 rounds of NGS-ED iteration
	effective electronic model is modified as: kinetic energy t = 4.67889e-09, t' = -1.91038e-15
	                                           effective interaction Vq = [ -37.8125, -17.1125,  -4.5125, -17.1125, -17.1125,  -4.5125,  -0.0125,  -4.5125,  -4.5125,  -0.0125,-0.108497,  -0.0125, -17.1125,  -4.5125,  -0.0125,  -4.5125]
	PARPACK diagonalization completed after 30 matrix-vector product operations.
	iteration results: : total energy is -494.100000 | electron energy -494.100000 + phonon energy 0.000000 | electron momentum kIdx = 0
The 29-th iteration is completed.	|| time cost : 0h 0m 10.073s
********************************************************************************************************************
Start the 30 rounds of NGS-ED iteration
	effective electronic model is modified as: kinetic energy t = 4.67894e-09, t' = -1.91038e-15
	                                           effective interaction Vq = [ -37.8125, -17.1125,  -4.5125, -17.1125, -17.1125,  -4.5125,  -0.0125,  -4.5125,  -4.5125,  -0.0125,-0.107403,  -0.0125, -17.1125,  -4.5125,  -0.0125,  -4.5125]
	PARPACK diagonalization completed after 30 matrix-vector product operations.
	iteration results: : total energy is -494.100000 | electron energy -494.100000 + phonon energy 0.000000 | electron momentum kIdx = 0
The 30-th iteration is completed.	|| time cost : 0h 0m 10.086s
********************************************************************************************************************
Start the 31 rounds of NGS-ED iteration
	effective electronic model is modified as: kinetic energy t = 4.67893e-09, t' = -1.91038e-15
	                                           effective interaction Vq = [ -37.8125, -17.1125,  -4.5125, -17.1125, -17.1125,  -4.5125,  -0.0125,  -4.5125,  -4.5125,  -0.0125,-0.107726,  -0.0125, -17.1125,  -4.5125,  -0.0125,  -4.5125]
	PARPACK diagonalization completed after 30 matrix-vector product operations.
	iteration results: : total energy is -494.100000 | electron energy -494.100000 + phonon energy 0.000000 | electron momentum kIdx = 0
The 31-th iteration is completed.	|| time cost : 0h 0m 10.136s
********************************************************************************************************************
Start the 32 rounds of NGS-ED iteration
	effective electronic model is modified as: kinetic energy t = 4.67908e-09, t' = -1.91038e-15
	                                           effective interaction Vq = [ -37.8125, -17.1125,  -4.5125, -17.1125, -17.1125,  -4.5125,  -0.0125,  -4.5125,  -4.5125,  -0.0125,-0.104312,  -0.0125, -17.1125,  -4.5125,  -0.0125,  -4.5125]
	PARPACK diagonalization completed after 30 matrix-vector product operations.
	iteration results: : total energy is -494.100000 | electron energy -494.100000 + phonon energy 0.000000 | electron momentum kIdx = 0
The 32-th iteration is completed.	|| time cost : 0h 0m 10.086s
********************************************************************************************************************
Start the 33 rounds of NGS-ED iteration
	effective electronic model is modified as: kinetic energy t = 4.67894e-09, t' = -1.91038e-15
	                                           effective interaction Vq = [ -37.8125, -17.1125,  -4.5125, -17.1125, -17.1125,  -4.5125,  -0.0125,  -4.5125,  -4.5125,  -0.0125,-0.107497,  -0.0125, -17.1125,  -4.5125,  -0.0125,  -4.5125]
	PARPACK diagonalization completed after 30 matrix-vector product operations.
	iteration results: : total energy is -494.100000 | electron energy -494.100000 + phonon energy 0.000000 | electron momentum kIdx = 0
The 33-th iteration is completed.	|| time cost : 0h 0m 10.094s
********************************************************************************************************************
Start the 34 rounds of NGS-ED iteration
	effective electronic model is modified as: kinetic energy t = 4.67906e-09, t' = -1.91038e-15
	                                           effective interaction Vq = [ -37.8125, -17.1125,  -4.5125, -17.1125, -17.1125,  -4.5125,  -0.0125,  -4.5125,  -4.5125,  -0.0125,-0.104789,  -0.0125, -17.1125,  -4.5125,  -0.0125,  -4.5125]
	PARPACK diagonalization completed after 30 matrix-vector product operations.
	iteration results: : total energy is -494.100000 | electron energy -494.100000 + phonon energy 0.000000 | electron momentum kIdx = 0
The 34-th iteration is completed.	|| time cost : 0h 0m 10.128s
********************************************************************************************************************
Start the 35 rounds of NGS-ED iteration
	effective electronic model is modified as: kinetic energy t = 4.67906e-09, t' = -1.91038e-15
	                                           effective interaction Vq = [ -37.8125, -17.1125,  -4.5125, -17.1125, -17.1125,  -4.5125,  -0.0125,  -4.5125,  -4.5125,  -0.0125,-0.104705,  -0.0125, -17.1125,  -4.5125,  -0.0125,  -4.5125]
	PARPACK diagonalization completed after 30 matrix-vector product operations.
	iteration results: : total energy is -494.100000 | electron energy -494.100000 + phonon energy 0.000000 | electron momentum kIdx = 0
The 35-th iteration is completed.	|| time cost : 0h 0m 10.106s
********************************************************************************************************************
Start the 36 rounds of NGS-ED iteration
	effective electronic model is modified as: kinetic energy t = 4.67903e-09, t' = -1.91038e-15
	                                           effective interaction Vq = [ -37.8125, -17.1125,  -4.5125, -17.1125, -17.1125,  -4.5125,  -0.0125,  -4.5125,  -4.5125,  -0.0125,-0.105366,  -0.0125, -17.1125,  -4.5125,  -0.0125,  -4.5125]
	PARPACK diagonalization completed after 30 matrix-vector product operations.
	iteration results: : total energy is -494.100000 | electron energy -494.100000 + phonon energy 0.000000 | electron momentum kIdx = 0
The 36-th iteration is completed.	|| time cost : 0h 0m 10.117s
********************************************************************************************************************
Start the 37 rounds of NGS-ED iteration
	effective electronic model is modified as: kinetic energy t = 4.6791e-09, t' = -1.91038e-15
	                                           effective interaction Vq = [ -37.8125, -17.1125,  -4.5125, -17.1125, -17.1125,  -4.5125,  -0.0125,  -4.5125,  -4.5125,  -0.0125,-0.103761,  -0.0125, -17.1125,  -4.5125,  -0.0125,  -4.5125]
	PARPACK diagonalization completed after 30 matrix-vector product operations.
	iteration results: : total energy is -494.100000 | electron energy -494.100000 + phonon energy 0.000000 | electron momentum kIdx = 0
The 37-th iteration is completed.	|| time cost : 0h 0m 10.098s
********************************************************************************************************************
Start the 38 rounds of NGS-ED iteration
	effective electronic model is modified as: kinetic energy t = 4.67898e-09, t' = -1.91038e-15
	                                           effective interaction Vq = [ -37.8125, -17.1125,  -4.5125, -17.1125, -17.1125,  -4.5125,  -0.0125,  -4.5125,  -4.5125,  -0.0125,-0.106572,  -0.0125, -17.1125,  -4.5125,  -0.0125,  -4.5125]
	PARPACK diagonalization completed after 30 matrix-vector product operations.
	iteration results: : total energy is -494.100000 | electron energy -494.100000 + phonon energy 0.000000 | electron momentum kIdx = 0
The 38-th iteration is completed.	|| time cost : 0h 0m 10.039s
********************************************************************************************************************
Start the 39 rounds of NGS-ED iteration
	effective electronic model is modified as: kinetic energy t = 4.6789e-09, t' = -1.91038e-15
	                                           effective interaction Vq = [ -37.8125, -17.1125,  -4.5125, -17.1125, -17.1125,  -4.5125,  -0.0125,  -4.5125,  -4.5125,  -0.0125,-0.108414,  -0.0125, -17.1125,  -4.5125,  -0.0125,  -4.5125]
	PARPACK diagonalization completed after 30 matrix-vector product operations.
	iteration results: : total energy is -494.100000 | electron energy -494.100000 + phonon energy 0.000000 | electron momentum kIdx = 0
The 39-th iteration is completed.	|| time cost : 0h 0m 10.058s
********************************************************************************************************************
Start the 40 rounds of NGS-ED iteration
	effective electronic model is modified as: kinetic energy t = 4.67892e-09, t' = -1.91038e-15
	                                           effective interaction Vq = [ -37.8125, -17.1125,  -4.5125, -17.1125, -17.1125,  -4.5125,  -0.0125,  -4.5125,  -4.5125,  -0.0125,-0.107896,  -0.0125, -17.1125,  -4.5125,  -0.0125,  -4.5125]
	PARPACK diagonalization completed after 30 matrix-vector product operations.
	iteration results: : total energy is -494.100000 | electron energy -494.100000 + phonon energy 0.000000 | electron momentum kIdx = 0
The 40-th iteration is completed.	|| time cost : 0h 0m 10.097s
********************************************************************************************************************
Start the 41 rounds of NGS-ED iteration
	effective electronic model is modified as: kinetic energy t = 4.67902e-09, t' = -1.91038e-15
	                                           effective interaction Vq = [ -37.8125, -17.1125,  -4.5125, -17.1125, -17.1125,  -4.5125,  -0.0125,  -4.5125,  -4.5125,  -0.0125,-0.105623,  -0.0125, -17.1125,  -4.5125,  -0.0125,  -4.5125]
	PARPACK diagonalization completed after 30 matrix-vector product operations.
	iteration results: : total energy is -494.100000 | electron energy -494.100000 + phonon energy 0.000000 | electron momentum kIdx = 0
The 41-th iteration is completed.	|| time cost : 0h 0m 10.06s
********************************************************************************************************************
Start the 42 rounds of NGS-ED iteration
	effective electronic model is modified as: kinetic energy t = 4.67891e-09, t' = -1.91038e-15
	                                           effective interaction Vq = [ -37.8125, -17.1125,  -4.5125, -17.1125, -17.1125,  -4.5125,  -0.0125,  -4.5125,  -4.5125,  -0.0125,-0.108155,  -0.0125, -17.1125,  -4.5125,  -0.0125,  -4.5125]
	PARPACK diagonalization completed after 30 matrix-vector product operations.
	iteration results: : total energy is -494.100000 | electron energy -494.100000 + phonon energy 0.000000 | electron momentum kIdx = 0
The 42-th iteration is completed.	|| time cost : 0h 0m 10.084s
********************************************************************************************************************
Start the 43 rounds of NGS-ED iteration
	effective electronic model is modified as: kinetic energy t = 4.67899e-09, t' = -1.91038e-15
	                                           effective interaction Vq = [ -37.8125, -17.1125,  -4.5125, -17.1125, -17.1125,  -4.5125,  -0.0125,  -4.5125,  -4.5125,  -0.0125,-0.106333,  -0.0125, -17.1125,  -4.5125,  -0.0125,  -4.5125]
	PARPACK diagonalization completed after 30 matrix-vector product operations.
	iteration results: : total energy is -494.100000 | electron energy -494.100000 + phonon energy 0.000000 | electron momentum kIdx = 0
The 43-th iteration is completed.	|| time cost : 0h 0m 10.093s
********************************************************************************************************************
Start the 44 rounds of NGS-ED iteration
	effective electronic model is modified as: kinetic energy t = 4.67898e-09, t' = -1.91038e-15
	                                           effective interaction Vq = [-37.8125,-17.1125, -4.5125,-17.1125,-17.1125, -4.5125, -0.0125, -4.5125, -4.5125, -0.0125,-0.10656, -0.0125,-17.1125, -4.5125, -0.0125, -4.5125]
	PARPACK diagonalization completed after 30 matrix-vector product operations.
	iteration results: : total energy is -494.100000 | electron energy -494.100000 + phonon energy 0.000000 | electron momentum kIdx = 0
The 44-th iteration is completed.	|| time cost : 0h 0m 10.118s
********************************************************************************************************************
Start the 45 rounds of NGS-ED iteration
	effective electronic model is modified as: kinetic energy t = 4.6791e-09, t' = -1.91038e-15
	                                           effective interaction Vq = [-37.8125,-17.1125, -4.5125,-17.1125,-17.1125, -4.5125, -0.0125, -4.5125, -4.5125, -0.0125,-0.10373, -0.0125,-17.1125, -4.5125, -0.0125, -4.5125]
