SNEDics v3.21.4 Non-Gaussian ED ground state program		Start at Wed Jul 28 02:24:43 2021

parallized on 32 MPI threads  * 8 OpenMP threads = 256 total threads.
********************************************************************************************************************
********************************************************************************************************************

********************************************************************************************************************
System parameters and configurations
	special program options are enabled: splitted diagonal Hamiltonian | splitted Hamiltonian terms
********************************************************************************************************************
Read input file "model_params.in"
	Hubbard-Holstein model parameters : 	t = 1    U = 8    g = 0.15    W = 0.2    g' = 0.01    
********************************************************************************************************************
Read input file "hilbertspace_params.in"
	Requested 16-site 2D lattice, with 12 electrons (6, 6)
	Boundary : Periodic		Hilbert space representation : momentum-space (restricted to kIdx = 0)
	Conservation: particle number[U(1)]      spin[U(1)]     momentum
********************************************************************************************************************

Cluster Positions:				Cluster symmetry group : D4
 x ... x ... x ... x .....                       x ... x ... x ... x .....
 |           |           :                       |           |           :
 |           |           :                       |           |           :
12    13    14    15     x                       1     5     6     5     x
 |           |           :                       |           |           :
 |           |           :                       |           |           :
 8 --- 9 ---10 ---11 --- x                       2 --- 6 ---10 --- 6 --- x
 |           |           :                       |           |           :
 |           |           :                       |           |           :
 4     5     6     7     x                       1     5     6     5     x
 |           |           :                       |           |           :
 |           |           :                       |           |           :
 0 --- 1 --- 2 --- 3 --- x                       0 --- 1 --- 2 --- 1 --- x
orbital number : 1
********************************************************************************************************************
Read input file "obs_params.in"
	Observable Type : Nq(All),   Sq(All),   N(All),   Delta[s](All),   Delta[d](All),   Delta[s+](All)
** WARNING ** the input observables have non-local factors which have been reinterpreted. The total observable number is 96
********************************************************************************************************************


********************************************************************************************************************
Start calculating the non-Gaussian ED ground state
Maximal iteration number is 1000; energy resolution is 1e-06. Phonon state relaxation time is 2000
W = 0.2 is relatively large. The non-Gaussian ED calculation starts directly.
open output files: NGSED_iteration_obserbles.txt
********************************************************************************************************************
Start the 0 rounds of NGS-ED iteration
	effective electronic model is modified as: kinetic energy t = 1
	                                           effective interaction Vq = [0,0,0,0,0,0,0,0,0,0,0,0,0,0,0,0]
	first Hamiltonian is constructed, size = 4008592 and non-zero numbers = 969134044
	PARPACK diagonalization completed after 150 matrix-vector product operations.
	iteration results: : total energy is -14.925310 | electron energy -14.925310 + phonon energy 0.000000 | electron momentum kIdx = 0
	Nq(0) = 9,	Nq(1) = 0.191675,	Nq(2) = 0.266183,	Nq(3) = 0.191675,	Nq(4) = 0.191675,	Nq(5) = 0.245517,	
	Nq(6) = 0.314107,	Nq(7) = 0.245517,	Nq(8) = 0.266183,	Nq(9) = 0.314107,	Nq(10) = 0.369338,	
	Nq(11) = 0.314107,	Nq(12) = 0.191675,	Nq(13) = 0.245517,	Nq(14) = 0.314107,	Nq(15) = 0.245517;	
	Sq(0) = 3.02743e-18,	Sq(1) = 0.554662,	Sq(2) = 0.424361,	Sq(3) = 0.554662,	Sq(4) = 0.554662,	
	Sq(5) = 0.79749,	Sq(6) = 1.01287,	Sq(7) = 0.79749,	Sq(8) = 0.424361,	Sq(9) = 1.01287,	
	Sq(10) = 0.784303,	Sq(11) = 1.01287,	Sq(12) = 0.554662,	Sq(13) = 0.79749,	Sq(14) = 1.01287,	
	Sq(15) = 0.79749;	N(0) = 1.76735,	N(1) = 1.6264,	N(2) = 0.74365,	N(3) = 1.6264,	
	N(4) = 1.6264,	N(5) = 0.392302,	N(6) = 0.144321,	N(7) = 0.392302,	N(8) = 0.74365,	
	N(9) = 0.144321,	N(10) = 0.0932732,	N(11) = 0.144321,	N(12) = 1.6264,	N(13) = 0.392302,	
	N(14) = 0.144321,	N(15) = 0.392302;	Delta[s](0) = 0.0657014,	Delta[s](1) = 0.0453744,	Delta[s](2) = 0.0303985,	
	Delta[s](3) = 0.0453744,	Delta[s](4) = 0.0453744,	Delta[s](5) = 0.0270969,	Delta[s](6) = 0.00924255,	Delta[s](7) = 0.0270969,	
	Delta[s](8) = 0.0303985,	Delta[s](9) = 0.00924255,	Delta[s](10) = 9.62396e-05,	Delta[s](11) = 0.00924255,	Delta[s](12) = 0.0453744,	
	Delta[s](13) = 0.0270969,	Delta[s](14) = 0.00924255,	Delta[s](15) = 0.0270969;	Delta[d](0) = 0.229462,	Delta[d](1) = 0.180067,	
	Delta[d](2) = 0.222252,	Delta[d](3) = 0.180067,	Delta[d](4) = 0.180067,	Delta[d](5) = 0.122982,	Delta[d](6) = 0.150475,	
	Delta[d](7) = 0.122982,	Delta[d](8) = 0.222252,	Delta[d](9) = 0.150475,	Delta[d](10) = 0.0767102,	Delta[d](11) = 0.150475,	
	Delta[d](12) = 0.180067,	Delta[d](13) = 0.122982,	Delta[d](14) = 0.150475,	Delta[d](15) = 0.122982;	Delta[s+](0) = 0.529668,	
	Delta[s+](1) = 0.36121,	Delta[s+](2) = 0.222252,	Delta[s+](3) = 0.36121,	Delta[s+](4) = 0.36121,	Delta[s+](5) = 0.177139,	
	Delta[s+](6) = 0.0626366,	Delta[s+](7) = 0.177139,	Delta[s+](8) = 0.222252,	Delta[s+](9) = 0.0626366,	Delta[s+](10) = 0.0156839,	
	Delta[s+](11) = 0.0626366,	Delta[s+](12) = 0.36121,	Delta[s+](13) = 0.177139,	Delta[s+](14) = 0.0626366,	Delta[s+](15) = 0.177139
	
The 0-th iteration is completed.	|| time cost : 0h 2m 3.795s
********************************************************************************************************************
Start the 1 rounds of NGS-ED iteration
	effective electronic model is modified as: kinetic energy t = 0.999044
	                                           effective interaction Vq = [    -0.1805, -0.0176427,-0.00978406, -0.0176427, -0.0176427,-0.00905537,-0.00584344,-0.00905537,-0.00978406,-0.00584344, -0.0037045,-0.00584344, -0.0176427,-0.00905537,-0.00584344,-0.00905537]
	PARPACK diagonalization completed after 45 matrix-vector product operations.
	iteration results: : total energy is -16.568318 | electron energy -16.568430 + phonon energy 0.000112 | electron momentum kIdx = 0
The 1-th iteration is completed.	|| time cost : 0h 1m 18.244s
********************************************************************************************************************
Start the 2 rounds of NGS-ED iteration
	effective electronic model is modified as: kinetic energy t = 0.999044
	                                           effective interaction Vq = [    -0.1805, -0.0176626,-0.00978337, -0.0176626, -0.0176626,-0.00905503,-0.00584166,-0.00905503,-0.00978337,-0.00584166,-0.00370306,-0.00584166, -0.0176626,-0.00905503,-0.00584166,-0.00905503]
	PARPACK diagonalization completed after 30 matrix-vector product operations.
	iteration results: : total energy is -16.568318 | electron energy -16.568430 + phonon energy 0.000112 | electron momentum kIdx = 0
The 2-th iteration is completed.	|| time cost : 0h 0m 9.733s
********************************************************************************************************************
Start the 3 rounds of NGS-ED iteration
	effective electronic model is modified as: kinetic energy t = 0.999044
	                                           effective interaction Vq = [    -0.1805, -0.0176627,-0.00978337, -0.0176627, -0.0176627,-0.00905503,-0.00584166,-0.00905503,-0.00978337,-0.00584166,-0.00370305,-0.00584166, -0.0176627,-0.00905503,-0.00584166,-0.00905503]
	PARPACK diagonalization completed after 30 matrix-vector product operations.
	iteration results: : total energy is -16.568318 | electron energy -16.568430 + phonon energy 0.000112 | electron momentum kIdx = 0
	Nq(0) = 9,	Nq(1) = 0.191979,	Nq(2) = 0.266264,	Nq(3) = 0.191979,	Nq(4) = 0.191979,	Nq(5) = 0.245601,	
	Nq(6) = 0.314127,	Nq(7) = 0.245601,	Nq(8) = 0.266264,	Nq(9) = 0.314127,	Nq(10) = 0.369329,	
	Nq(11) = 0.314127,	Nq(12) = 0.191979,	Nq(13) = 0.245601,	Nq(14) = 0.314127,	Nq(15) = 0.245601;	
	Sq(0) = 9.99345e-19,	Sq(1) = 0.554483,	Sq(2) = 0.424379,	Sq(3) = 0.554483,	Sq(4) = 0.554483,	
	Sq(5) = 0.797312,	Sq(6) = 1.0127,	Sq(7) = 0.797312,	Sq(8) = 0.424379,	Sq(9) = 1.0127,	
	Sq(10) = 0.784557,	Sq(11) = 1.0127,	Sq(12) = 0.554483,	Sq(13) = 0.797312,	Sq(14) = 1.0127,	
	Sq(15) = 0.797312;	N(0) = 1.76772,	N(1) = 1.62695,	N(2) = 0.743454,	N(3) = 1.62695,	
	N(4) = 1.62695,	N(5) = 0.391895,	N(6) = 0.144178,	N(7) = 0.391895,	N(8) = 0.743454,	
	N(9) = 0.144178,	N(10) = 0.0932631,	N(11) = 0.144178,	N(12) = 1.62695,	N(13) = 0.391895,	
	N(14) = 0.144178,	N(15) = 0.391895;	Delta[s](0) = 0.0658253,	Delta[s](1) = 0.0454591,	Delta[s](2) = 0.0304664,	
	Delta[s](3) = 0.0454591,	Delta[s](4) = 0.0454591,	Delta[s](5) = 0.0271542,	Delta[s](6) = 0.00925847,	Delta[s](7) = 0.0271542,	
	Delta[s](8) = 0.0304664,	Delta[s](9) = 0.00925847,	Delta[s](10) = 9.64791e-05,	Delta[s](11) = 0.00925847,	Delta[s](12) = 0.0454591,	
	Delta[s](13) = 0.0271542,	Delta[s](14) = 0.00925847,	Delta[s](15) = 0.0271542;	Delta[d](0) = 0.229537,	Delta[d](1) = 0.180113,	
	Delta[d](2) = 0.222302,	Delta[d](3) = 0.180113,	Delta[d](4) = 0.180113,	Delta[d](5) = 0.12298,	Delta[d](6) = 0.150484,	
	Delta[d](7) = 0.12298,	Delta[d](8) = 0.222302,	Delta[d](9) = 0.150484,	Delta[d](10) = 0.0765678,	Delta[d](11) = 0.150484,	
	Delta[d](12) = 0.180113,	Delta[d](13) = 0.12298,	Delta[d](14) = 0.150484,	Delta[d](15) = 0.12298;	Delta[s+](0) = 0.529851,	
	Delta[s+](1) = 0.361322,	Delta[s+](2) = 0.222302,	Delta[s+](3) = 0.361322,	Delta[s+](4) = 0.361322,	Delta[s+](5) = 0.177159,	
	Delta[s+](6) = 0.062614,	Delta[s+](7) = 0.177159,	Delta[s+](8) = 0.222302,	Delta[s+](9) = 0.062614,	Delta[s+](10) = 0.0156769,	
	Delta[s+](11) = 0.062614,	Delta[s+](12) = 0.361322,	Delta[s+](13) = 0.177159,	Delta[s+](14) = 0.062614,	Delta[s+](15) = 0.177159
	
The 3-th iteration is completed.	|| time cost : 0h 1m 20.112s
********************************************************************************************************************
********************************************************************************************************************
Ground state is obtained after 4 iterations. The current ground-state energy is -16.5683, in which electron energy is -16.5684 and phonon energy is 0.000112207
Final variational state is: 
	Gamma_x = [      1,1.01654,1.01281,1.01654,1.01654,1.01095,1.00905,1.01095,1.01281,1.00905,1.00675,1.00905,1.01654,1.01095,1.00905,1.01095]
	lambda_q = [     0.95,0.0536417,0.0333528,0.0536417,0.0536417,0.0308165,0.0228702,0.0308165,0.0333528,0.0228702,0.0170978,0.0228702,0.0536417,0.0308165,0.0228702,0.0308165]
Effective e-e interactions mediated by phonons are:
	momentum-space Vq = [    -0.1805, -0.0176627,-0.00978337, -0.0176627, -0.0176627,-0.00905503,-0.00584166,-0.00905503,-0.00978337,-0.00584166,-0.00370305,-0.00584166, -0.0176627,-0.00905503,-0.00584166,-0.00905503]
	real-space Vr = [ -0.0208755, -0.0125274, -0.0104719, -0.0125274, -0.0125274, -0.0102898,-0.00957218, -0.0102898, -0.0104719,-0.00957218,-0.00912329,-0.00957218, -0.0125274, -0.0102898,-0.00957218, -0.0102898]
********************************************************************************************************************
o___o  ----------------------------------------
| L |	Time since last clock: 0h 0m 0.011s
A===A	Time since the beginning: 0h 4m 51.898s
***********************************************


Non-Gaussina ED ground state calculation is completed. The final ground-state energy is -16.5683
********************************************************************************************************************
o___o  ----------------------------------------
| L |	Time since last clock: 0h 0m 0.004s
A===A	Time since the beginning: 0h 4m 51.902s
***********************************************



********************************************************************************************************************
All non-Gaussian ED ground state calculations have been completed. Exit now.
