SNEDics v3.4 Non-Gaussian ED ground state program		Start at Thu Oct  3 14:49:16 2019

parallized on 16 MPI threads  * 8 OpenMP threads = 128 total threads.
********************************************************************************************************************
********************************************************************************************************************

********************************************************************************************************************
System parameters and configurations
********************************************************************************************************************
Special program options are enabled: splitted diagonal Hamiltonian
********************************************************************************************************************
Read input file "model_params.in"
	Hubbard-Holstein model parameters : 	t = 1    U = 3.3    g = 3.4641    W = 5    
********************************************************************************************************************
Read input file "hilbertspace_params.in"
	Requested 16-site 2D lattice, with 16 electrons (8, 8)
	Boundary : Periodic		Hilbert space representation : momentum-space (restricted to kIdx = 10)
	Conservation: particle number[U(1)]      spin[U(1)]     momentum
********************************************************************************************************************

Cluster Positions:				Cluster symmetry group : D4
 x ... x ... x ... x .....                       x ... x ... x ... x .....
 |           |           :                       |           |           :
 |           |           :                       |           |           :
12    13    14    15     x                       1     5     6     5     x
 |           |           :                       |           |           :
 |           |           :                       |           |           :
 8 --- 9 ---10 ---11 --- x                       2 --- 6 ---10 --- 6 --- x
 |           |           :                       |           |           :
 |           |           :                       |           |           :
 4     5     6     7     x                       1     5     6     5     x
 |           |           :                       |           |           :
 |           |           :                       |           |           :
 0 --- 1 --- 2 --- 3 --- x                       0 --- 1 --- 2 --- 1 --- x
orbital number : 1
********************************************************************************************************************
Read input file "obs_params.in"
	Observable Type : Nq(All),   Sq(All),   N(All),   Delta[s](All),   Delta[d](All),   Delta[s+](All)
********************************************************************************************************************
** WARNING ** the input observables have non-local factors which have been reinterpreted. The total observable number is 96
********************************************************************************************************************


********************************************************************************************************************
Start calculating the non-Gaussian ED ground state
** WARNING ** Detected low phonon energy W < 10. The initial state will be prepared through a warm-up process.
********************************************************************************************************************
Start warm-up calculation for scaling factor 2
open output files: NGSEDWarmUpW10Obs.txt
********************************************************************************************************************
Start the 0 rounds of NGS-ED iteration
	effective electronic model is modified as: kinetic energy t = 1
	                                           effective interaction Vq = [-0,-0,-0,-0,-0,-0,-0,-0,-0,-0,-0,-0,-0,-0,-0,-0]
	first Hamiltonian is constructed, non-zero numbers = 2845334624
	PARPACK diagonalization completed after 90 matrix-vector product operations.
	iteration results: : total energy is -14.879941 | electron energy -14.879941 + phonon energy 0.000000 | electron momentum kIdx = 10
	Nq(0) = 16,	Nq(1) = 0.193653,	Nq(2) = 0.264891,	Nq(3) = 0.193653,	Nq(4) = 0.193653,	Nq(5) = 0.264891,	Nq(6) = 0.366575,	Nq(7) = 0.264891,	Nq(8) = 0.264891,	Nq(9) = 0.366575,	Nq(10) = 0.432553,	Nq(11) = 0.366575,	Nq(12) = 0.193653,	Nq(13) = 0.264891,	Nq(14) = 0.366575,	Nq(15) = 0.264891,	Sq(0) = 2.3964e-18,	Sq(1) = 0.335108,	Sq(2) = 0.425862,	Sq(3) = 0.335108,	Sq(4) = 0.335108,	Sq(5) = 0.425862,	Sq(6) = 0.651102,	Sq(7) = 0.425862,	Sq(8) = 0.425862,	Sq(9) = 0.651102,	Sq(10) = 5.23718,	Sq(11) = 0.651102,	Sq(12) = 0.335108,	Sq(13) = 0.425862,	Sq(14) = 0.651102,	Sq(15) = 0.425862,	N(0) = 1.95302,	N(1) = 1.89309,	N(2) = 1,	N(3) = 1.89309,	N(4) = 1.89309,	N(5) = 1,	N(6) = 0.106913,	N(7) = 1,	N(8) = 1,	N(9) = 0.106913,	N(10) = 0.0469768,	N(11) = 0.106913,	N(12) = 1.89309,	N(13) = 1,	N(14) = 0.106913,	N(15) = 1,	Delta[s](0) = 0.197628,	Delta[s](1) = 0.171955,	Delta[s](2) = 0.132656,	Delta[s](3) = 0.171955,	Delta[s](4) = 0.171955,	Delta[s](5) = 0.132656,	Delta[s](6) = 0.10492,	Delta[s](7) = 0.132656,	Delta[s](8) = 0.132656,	Delta[s](9) = 0.10492,	Delta[s](10) = 0.0303388,	Delta[s](11) = 0.10492,	Delta[s](12) = 0.171955,	Delta[s](13) = 0.132656,	Delta[s](14) = 0.10492,	Delta[s](15) = 0.132656,	Delta[d](0) = 0.511154,	Delta[d](1) = 0.363859,	Delta[d](2) = 0.311233,	Delta[d](3) = 0.363859,	Delta[d](4) = 0.363859,	Delta[d](5) = 0.369119,	Delta[d](6) = 0.290904,	Delta[d](7) = 0.369119,	Delta[d](8) = 0.311233,	Delta[d](9) = 0.290904,	Delta[d](10) = 0.236168,	Delta[d](11) = 0.290904,	Delta[d](12) = 0.363859,	Delta[d](13) = 0.369119,	Delta[d](14) = 0.290904,	Delta[d](15) = 0.369119,	Delta[s+](0) = 0.573472,	Delta[s+](1) = 0.469113,	Delta[s+](2) = 0.311233,	Delta[s+](3) = 0.469113,	Delta[s+](4) = 0.469113,	Delta[s+](5) = 0.311233,	Delta[s+](6) = 0.159603,	Delta[s+](7) = 0.311233,	Delta[s+](8) = 0.311233,	Delta[s+](9) = 0.159603,	Delta[s+](10) = 0.0462081,	Delta[s+](11) = 0.159603,	Delta[s+](12) = 0.469113,	Delta[s+](13) = 0.311233,	Delta[s+](14) = 0.159603,	Delta[s+](15) = 0.311233
The 0-th iteration is completed.	|| time cost : 0h 8m 40.552s
********************************************************************************************************************
Start the 1 rounds of NGS-ED iteration
	effective electronic model is modified as: kinetic energy t = 0.938054
	                                           effective interaction Vq = [-2.07519,-1.91807, -1.8476,-1.91807,-1.91807, -1.8476,-1.83023, -1.8476, -1.8476,-1.83023, -1.8004,-1.83023,-1.91807, -1.8476,-1.83023, -1.8476]
	PARPACK diagonalization completed after 60 matrix-vector product operations.
	iteration results: : total energy is -57.433530 | electron energy -57.437639 + phonon energy 0.004109 | electron momentum kIdx = 10
The 1-th iteration is completed.	|| time cost : 0h 7m 33.666s
********************************************************************************************************************
Start the 2 rounds of NGS-ED iteration
	effective electronic model is modified as: kinetic energy t = 0.886854
	                                           effective interaction Vq = [-2.35604, -2.2646,-2.23731, -2.2646, -2.2646,-2.23731,-2.18306,-2.23731,-2.23731,-2.18306,-2.12318,-2.18306, -2.2646,-2.23731,-2.18306,-2.23731]
	PARPACK diagonalization completed after 150 matrix-vector product operations.
	iteration results: : total energy is -64.329445 | electron energy -64.360649 + phonon energy 0.031204 | electron momentum kIdx = 10
The 2-th iteration is completed.	|| time cost : 0h 1m 5.325s
********************************************************************************************************************
Start the 3 rounds of NGS-ED iteration
	effective electronic model is modified as: kinetic energy t = 0.864732
	                                           effective interaction Vq = [-2.39405,-2.33056,-2.32671,-2.33056,-2.33056,-2.32671,-2.25963,-2.32671,-2.32672,-2.25963,-2.27165,-2.25963,-2.33056,-2.32671,-2.25963,-2.32671]
	PARPACK diagonalization completed after 45 matrix-vector product operations.
	iteration results: : total energy is -65.290035 | electron energy -65.346394 + phonon energy 0.056359 | electron momentum kIdx = 10
The 3-th iteration is completed.	|| time cost : 0h 0m 32.025s
********************************************************************************************************************
Start the 4 rounds of NGS-ED iteration
	effective electronic model is modified as: kinetic energy t = 0.856617
	                                           effective interaction Vq = [-2.39919,-2.34834,-2.34038,-2.34834,-2.34834,-2.34038,-2.28268,-2.34038,-2.34038,-2.28268,-2.34718,-2.28268,-2.34834,-2.34038,-2.28268,-2.34038]
	PARPACK diagonalization completed after 45 matrix-vector product operations.
	iteration results: : total energy is -65.536414 | electron energy -65.606110 + phonon energy 0.069696 | electron momentum kIdx = 10
The 4-th iteration is completed.	|| time cost : 0h 0m 32.012s
********************************************************************************************************************
Start the 5 rounds of NGS-ED iteration
	effective electronic model is modified as: kinetic energy t = 0.860209
	                                           effective interaction Vq = [-2.39989,-2.34908,-2.29495,-2.34908,-2.34908,-2.29495,-2.28353,-2.29495,-2.29495,-2.28353,-2.38289,-2.28353,-2.34908,-2.29495,-2.28353,-2.29495]
	PARPACK diagonalization completed after 45 matrix-vector product operations.
	iteration results: : total energy is -65.676468 | electron energy -65.749288 + phonon energy 0.072819 | electron momentum kIdx = 10
The 5-th iteration is completed.	|| time cost : 0h 0m 32.012s
********************************************************************************************************************
Start the 6 rounds of NGS-ED iteration
	effective electronic model is modified as: kinetic energy t = 0.862715
	                                           effective interaction Vq = [-2.39998, -2.3459,-2.26854, -2.3459, -2.3459,-2.26854, -2.2792,-2.26854,-2.26854, -2.2792,-2.39121, -2.2792, -2.3459,-2.26854, -2.2792,-2.26854]
	PARPACK diagonalization completed after 30 matrix-vector product operations.
	iteration results: : total energy is -65.699148 | electron energy -65.771888 + phonon energy 0.072739 | electron momentum kIdx = 10
The 6-th iteration is completed.	|| time cost : 0h 0m 27.652s
********************************************************************************************************************
Start the 7 rounds of NGS-ED iteration
	effective electronic model is modified as: kinetic energy t = 0.863741
	                                           effective interaction Vq = [    -2.4,-2.34382,-2.25853,-2.34382,-2.34382,-2.25853,-2.27648,-2.25853,-2.25853,-2.27648,-2.39347,-2.27648,-2.34382,-2.25853,-2.27648,-2.25853]
	PARPACK diagonalization completed after 30 matrix-vector product operations.
	iteration results: : total energy is -65.702073 | electron energy -65.774467 + phonon energy 0.072394 | electron momentum kIdx = 10
The 7-th iteration is completed.	|| time cost : 0h 0m 27.31s
********************************************************************************************************************
Start the 8 rounds of NGS-ED iteration
	effective electronic model is modified as: kinetic energy t = 0.864146
	                                           effective interaction Vq = [    -2.4,-2.34279,-2.25497,-2.34279,-2.34279,-2.25497,-2.27516,-2.25497,-2.25497,-2.27516,-2.39418,-2.27516,-2.34279,-2.25497,-2.27516,-2.25497]
	PARPACK diagonalization completed after 30 matrix-vector product operations.
	iteration results: : total energy is -65.702446 | electron energy -65.774628 + phonon energy 0.072183 | electron momentum kIdx = 10
The 8-th iteration is completed.	|| time cost : 0h 0m 27.652s
********************************************************************************************************************
Start the 9 rounds of NGS-ED iteration
	effective electronic model is modified as: kinetic energy t = 0.864305
	                                           effective interaction Vq = [    -2.4,-2.34232,-2.25372,-2.34232,-2.34232,-2.25372,-2.27457,-2.25372,-2.25372,-2.27457,-2.39441,-2.27457,-2.34232,-2.25372,-2.27457,-2.25372]
	PARPACK diagonalization completed after 30 matrix-vector product operations.
	iteration results: : total energy is -65.702494 | electron energy -65.774571 + phonon energy 0.072078 | electron momentum kIdx = 10
The 9-th iteration is completed.	|| time cost : 0h 0m 27.325s
********************************************************************************************************************
Start the 10 rounds of NGS-ED iteration
	effective electronic model is modified as: kinetic energy t = 0.864367
	                                           effective interaction Vq = [    -2.4,-2.34212,-2.25329,-2.34212,-2.34212,-2.25329,-2.27431,-2.25329,-2.25329,-2.27431,-2.39449,-2.27431,-2.34212,-2.25329,-2.27431,-2.25329]
	PARPACK diagonalization completed after 30 matrix-vector product operations.
	iteration results: : total energy is -65.702500 | electron energy -65.774530 + phonon energy 0.072030 | electron momentum kIdx = 10
	Nq(0) = 16,	Nq(1) = 0.335676,	Nq(2) = 0.371362,	Nq(3) = 0.335676,	Nq(4) = 0.335676,	Nq(5) = 0.371362,	Nq(6) = 0.605612,	Nq(7) = 0.371362,	Nq(8) = 0.371362,	Nq(9) = 0.605612,	Nq(10) = 4.5604,	Nq(11) = 0.605612,	Nq(12) = 0.335676,	Nq(13) = 0.371362,	Nq(14) = 0.605612,	Nq(15) = 0.371362,	Sq(0) = -3.84346e-18,	Sq(1) = 0.264961,	Sq(2) = 0.32372,	Sq(3) = 0.264961,	Sq(4) = 0.264961,	Sq(5) = 0.32372,	Sq(6) = 0.47647,	Sq(7) = 0.32372,	Sq(8) = 0.32372,	Sq(9) = 0.47647,	Sq(10) = 0.538227,	Sq(11) = 0.47647,	Sq(12) = 0.264961,	Sq(13) = 0.32372,	Sq(14) = 0.47647,	Sq(15) = 0.32372,	N(0) = 1.98732,	N(1) = 1.96648,	N(2) = 1,	N(3) = 1.96648,	N(4) = 1.96648,	N(5) = 1,	N(6) = 0.0335228,	N(7) = 1,	N(8) = 1,	N(9) = 0.0335228,	N(10) = 0.0126832,	N(11) = 0.0335228,	N(12) = 1.96648,	N(13) = 1,	N(14) = 0.0335228,	N(15) = 1,	Delta[s](0) = 0.501762,	Delta[s](1) = 0.354357,	Delta[s](2) = 0.33906,	Delta[s](3) = 0.354357,	Delta[s](4) = 0.354357,	Delta[s](5) = 0.33906,	Delta[s](6) = 0.271274,	Delta[s](7) = 0.33906,	Delta[s](8) = 0.33906,	Delta[s](9) = 0.271274,	Delta[s](10) = 0.238219,	Delta[s](11) = 0.271274,	Delta[s](12) = 0.354357,	Delta[s](13) = 0.33906,	Delta[s](14) = 0.271274,	Delta[s](15) = 0.33906,	Delta[d](0) = 0.228939,	Delta[d](1) = 0.224106,	Delta[d](2) = 0.219706,	Delta[d](3) = 0.224106,	Delta[d](4) = 0.224106,	Delta[d](5) = 0.139108,	Delta[d](6) = 0.179425,	Delta[d](7) = 0.139108,	Delta[d](8) = 0.219706,	Delta[d](9) = 0.179425,	Delta[d](10) = 0.049249,	Delta[d](11) = 0.179425,	Delta[d](12) = 0.224106,	Delta[d](13) = 0.139108,	Delta[d](14) = 0.179425,	Delta[d](15) = 0.139108,	Delta[s+](0) = 0.427675,	Delta[s+](1) = 0.341914,	Delta[s+](2) = 0.219706,	Delta[s+](3) = 0.341914,	Delta[s+](4) = 0.341914,	Delta[s+](5) = 0.219706,	Delta[s+](6) = 0.094554,	Delta[s+](7) = 0.219706,	Delta[s+](8) = 0.219706,	Delta[s+](9) = 0.094554,	Delta[s+](10) = 0.0265308,	Delta[s+](11) = 0.094554,	Delta[s+](12) = 0.341914,	Delta[s+](13) = 0.219706,	Delta[s+](14) = 0.094554,	Delta[s+](15) = 0.219706
The 10-th iteration is completed.	|| time cost : 0h 4m 30.997s
********************************************************************************************************************
********************************************************************************************************************
Ground state is obtained after 11 iterations. The current ground-state energy is -65.7025, in which electron energy is -65.7745 and phonon energy is 0.0720302
final variational state is: 
	Gamma_x = [      1,1.02138,1.03375,1.02138,1.02138,1.03375,1.05265,1.03375,1.03375,1.05265, 1.1044,1.05265,1.02138,1.03375,1.05265,1.03375]
	lambda_q = [ 0.48989,0.413767,0.368709,0.413767,0.413767,0.368709,0.377741,0.368709,0.368709,0.377741,0.466489,0.377741,0.413767,0.368709,0.377741,0.368709]
********************************************************************************************************************
o___o  ----------------------------------------
| L |	Time since last clock: 0h 0m 0s
A===A	Time since the beginning: 0h 25m 16.534s
***********************************************


********************************************************************************************************************
Warm up runs have been completed. Start calculating W = 5 phonon.
open output files: NGSEDIterationObs.txt
********************************************************************************************************************
Start the 0 rounds of NGS-ED iteration
	effective electronic model is modified as: kinetic energy t = 0.864391
	                                           effective interaction Vq = [-2.19409,-2.01064,-1.87476,-2.01064,-2.01064,-1.87476,-1.90362,-1.87476,-1.87476,-1.90362,-2.14387,-1.90362,-2.01064,-1.87476,-1.90362,-1.87476]
	PARPACK diagonalization completed after 45 matrix-vector product operations.
	iteration results: : total energy is -59.185692 | electron energy -59.221697 + phonon energy 0.036005 | electron momentum kIdx = 10
	Nq(0) = 16,	Nq(1) = 0.329055,	Nq(2) = 0.358863,	Nq(3) = 0.329055,	Nq(4) = 0.329055,	Nq(5) = 0.358863,	Nq(6) = 0.574801,	Nq(7) = 0.358863,	Nq(8) = 0.358863,	Nq(9) = 0.574801,	Nq(10) = 4.3341,	Nq(11) = 0.574801,	Nq(12) = 0.329055,	Nq(13) = 0.358863,	Nq(14) = 0.574801,	Nq(15) = 0.358863,	Sq(0) = -6.65357e-19,	Sq(1) = 0.292587,	Sq(2) = 0.342624,	Sq(3) = 0.292587,	Sq(4) = 0.292587,	Sq(5) = 0.342624,	Sq(6) = 0.523054,	Sq(7) = 0.342624,	Sq(8) = 0.342624,	Sq(9) = 0.523054,	Sq(10) = 0.578996,	Sq(11) = 0.523054,	Sq(12) = 0.292587,	Sq(13) = 0.342624,	Sq(14) = 0.523054,	Sq(15) = 0.342624,	N(0) = 1.99365,	N(1) = 1.98066,	N(2) = 1,	N(3) = 1.98066,	N(4) = 1.98066,	N(5) = 1,	N(6) = 0.0193448,	N(7) = 1,	N(8) = 1,	N(9) = 0.0193448,	N(10) = 0.00634723,	N(11) = 0.0193448,	N(12) = 1.98066,	N(13) = 1,	N(14) = 0.0193448,	N(15) = 1,	Delta[s](0) = 0.432978,	Delta[s](1) = 0.336678,	Delta[s](2) = 0.324609,	Delta[s](3) = 0.336678,	Delta[s](4) = 0.336678,	Delta[s](5) = 0.324609,	Delta[s](6) = 0.268258,	Delta[s](7) = 0.324609,	Delta[s](8) = 0.324609,	Delta[s](9) = 0.268258,	Delta[s](10) = 0.250975,	Delta[s](11) = 0.268258,	Delta[s](12) = 0.336678,	Delta[s](13) = 0.324609,	Delta[s](14) = 0.268258,	Delta[s](15) = 0.324609,	Delta[d](0) = 0.234309,	Delta[d](1) = 0.234226,	Delta[d](2) = 0.231431,	Delta[d](3) = 0.234226,	Delta[d](4) = 0.234226,	Delta[d](5) = 0.144439,	Delta[d](6) = 0.188476,	Delta[d](7) = 0.144439,	Delta[d](8) = 0.231431,	Delta[d](9) = 0.188476,	Delta[d](10) = 0.0545225,	Delta[d](11) = 0.188476,	Delta[d](12) = 0.234226,	Delta[d](13) = 0.144439,	Delta[d](14) = 0.188476,	Delta[d](15) = 0.144439,	Delta[s+](0) = 0.456797,	Delta[s+](1) = 0.360621,	Delta[s+](2) = 0.231431,	Delta[s+](3) = 0.360621,	Delta[s+](4) = 0.360621,	Delta[s+](5) = 0.231431,	Delta[s+](6) = 0.100429,	Delta[s+](7) = 0.231431,	Delta[s+](8) = 0.231431,	Delta[s+](9) = 0.100429,	Delta[s+](10) = 0.0294538,	Delta[s+](11) = 0.100429,	Delta[s+](12) = 0.360621,	Delta[s+](13) = 0.231431,	Delta[s+](14) = 0.100429,	Delta[s+](15) = 0.231431
The 0-th iteration is completed.	|| time cost : 0h 4m 27.946s
********************************************************************************************************************
Start the 1 rounds of NGS-ED iteration
	effective electronic model is modified as: kinetic energy t = 0.844548
	                                           effective interaction Vq = [-2.32425,-2.12943,-1.95903,-2.12943,-2.12943,-1.95903,-1.99512,-1.95903,-1.95903,-1.99512,-2.28812,-1.99512,-2.12943,-1.95903,-1.99512,-1.95903]
	PARPACK diagonalization completed after 30 matrix-vector product operations.
	iteration results: : total energy is -61.930200 | electron energy -62.042448 + phonon energy 0.112248 | electron momentum kIdx = 10
The 1-th iteration is completed.	|| time cost : 0h 0m 27.329s
********************************************************************************************************************
Start the 2 rounds of NGS-ED iteration
	effective electronic model is modified as: kinetic energy t = 0.834429
	                                           effective interaction Vq = [-2.37213,-2.17647,-1.99667,-2.17647,-2.17647,-1.99667,-2.03392,-1.99667,-1.99667,-2.03392,-2.34809,-2.03392,-2.17647,-1.99667,-2.03392,-1.99667]
	PARPACK diagonalization completed after 30 matrix-vector product operations.
	iteration results: : total energy is -62.929958 | electron energy -63.098206 + phonon energy 0.168249 | electron momentum kIdx = 10
The 2-th iteration is completed.	|| time cost : 0h 0m 27.362s
********************************************************************************************************************
Start the 3 rounds of NGS-ED iteration
	effective electronic model is modified as: kinetic energy t = 0.829517
	                                           effective interaction Vq = [-2.38975,-2.19553,-2.01356,-2.19553,-2.19553,-2.01356,-2.05022,-2.01356,-2.01356,-2.05022,-2.37239,-2.05022,-2.19553,-2.01356,-2.05022,-2.01356]
	PARPACK diagonalization completed after 30 matrix-vector product operations.
	iteration results: : total energy is -63.285857 | electron energy -63.487398 + phonon energy 0.201541 | electron momentum kIdx = 10
The 3-th iteration is completed.	|| time cost : 0h 0m 27.385s
********************************************************************************************************************
Start the 4 rounds of NGS-ED iteration
	effective electronic model is modified as: kinetic energy t = 0.827149
	                                           effective interaction Vq = [-2.39623,-2.20352,-2.02132,-2.20352,-2.20352,-2.02132,-2.05721,-2.02132,-2.02132,-2.05721,-2.38254,-2.05721,-2.20352,-2.02132,-2.05721,-2.02132]
	PARPACK diagonalization completed after 30 matrix-vector product operations.
	iteration results: : total energy is -63.411392 | electron energy -63.631283 + phonon energy 0.219892 | electron momentum kIdx = 10
The 4-th iteration is completed.	|| time cost : 0h 0m 27.686s
********************************************************************************************************************
Start the 5 rounds of NGS-ED iteration
	effective electronic model is modified as: kinetic energy t = 0.826002
	                                           effective interaction Vq = [-2.39861,-2.20695,-2.02498,-2.20695,-2.20695,-2.02498,-2.06027,-2.02498,-2.02498,-2.06027,-2.38703,-2.06027,-2.20695,-2.02498,-2.06027,-2.02498]
	PARPACK diagonalization completed after 30 matrix-vector product operations.
	iteration results: : total energy is -63.455712 | electron energy -63.685363 + phonon energy 0.229652 | electron momentum kIdx = 10
The 5-th iteration is completed.	|| time cost : 0h 0m 27.313s
********************************************************************************************************************
Start the 6 rounds of NGS-ED iteration
	effective electronic model is modified as: kinetic energy t = 0.825447
	                                           effective interaction Vq = [-2.39949,-2.20844,-2.02673,-2.20844,-2.20844,-2.02673, -2.0616,-2.02673,-2.02673, -2.0616,-2.38913, -2.0616,-2.20844,-2.02673, -2.0616,-2.02673]
	PARPACK diagonalization completed after 30 matrix-vector product operations.
	iteration results: : total energy is -63.471448 | electron energy -63.706182 + phonon energy 0.234733 | electron momentum kIdx = 10
The 6-th iteration is completed.	|| time cost : 0h 0m 27.365s
********************************************************************************************************************
Start the 7 rounds of NGS-ED iteration
	effective electronic model is modified as: kinetic energy t = 0.825179
	                                           effective interaction Vq = [-2.39981,-2.20906,-2.02756,-2.20906,-2.20906,-2.02756,-2.06217,-2.02756,-2.02756,-2.06217,-2.39016,-2.06217,-2.20906,-2.02756,-2.06217,-2.02756]
	PARPACK diagonalization completed after 30 matrix-vector product operations.
	iteration results: : total energy is -63.477075 | electron energy -63.714416 + phonon energy 0.237341 | electron momentum kIdx = 10
The 7-th iteration is completed.	|| time cost : 0h 0m 27.333s
********************************************************************************************************************
Start the 8 rounds of NGS-ED iteration
	effective electronic model is modified as: kinetic energy t = 0.825053
	                                           effective interaction Vq = [-2.39993, -2.2093,-2.02795, -2.2093, -2.2093,-2.02795,-2.06239,-2.02795,-2.02795,-2.06239,-2.39068,-2.06239, -2.2093,-2.02795,-2.06239,-2.02795]
	PARPACK diagonalization completed after 30 matrix-vector product operations.
	iteration results: : total energy is -63.479100 | electron energy -63.717765 + phonon energy 0.238664 | electron momentum kIdx = 10
The 8-th iteration is completed.	|| time cost : 0h 0m 27.431s
********************************************************************************************************************
Start the 9 rounds of NGS-ED iteration
	effective electronic model is modified as: kinetic energy t = 0.824994
	                                           effective interaction Vq = [-2.39997,-2.20938,-2.02812,-2.20938,-2.20938,-2.02812,-2.06246,-2.02812,-2.02812,-2.06246,-2.39094,-2.06246,-2.20938,-2.02812,-2.06246,-2.02812]
	PARPACK diagonalization completed after 30 matrix-vector product operations.
	iteration results: : total energy is -63.479833 | electron energy -63.719162 + phonon energy 0.239330 | electron momentum kIdx = 10
The 9-th iteration is completed.	|| time cost : 0h 0m 27.666s
********************************************************************************************************************
Start the 10 rounds of NGS-ED iteration
	effective electronic model is modified as: kinetic energy t = 0.824968
	                                           effective interaction Vq = [-2.39999,-2.20939, -2.0282,-2.20939,-2.20939, -2.0282,-2.06247, -2.0282, -2.0282,-2.06247,-2.39108,-2.06247,-2.20939, -2.0282,-2.06247, -2.0282]
	PARPACK diagonalization completed after 30 matrix-vector product operations.
	iteration results: : total energy is -63.480099 | electron energy -63.719760 + phonon energy 0.239661 | electron momentum kIdx = 10
	Nq(0) = 16,	Nq(1) = 0.285913,	Nq(2) = 0.33828,	Nq(3) = 0.285913,	Nq(4) = 0.285913,	Nq(5) = 0.33828,	Nq(6) = 0.526818,	Nq(7) = 0.33828,	Nq(8) = 0.33828,	Nq(9) = 0.526818,	Nq(10) = 5.4872,	Nq(11) = 0.526818,	Nq(12) = 0.285913,	Nq(13) = 0.33828,	Nq(14) = 0.526818,	Nq(15) = 0.33828,	Sq(0) = 3.74667e-18,	Sq(1) = 0.245147,	Sq(2) = 0.313393,	Sq(3) = 0.245147,	Sq(4) = 0.245147,	Sq(5) = 0.313393,	Sq(6) = 0.459741,	Sq(7) = 0.313393,	Sq(8) = 0.313393,	Sq(9) = 0.459741,	Sq(10) = 0.53229,	Sq(11) = 0.459741,	Sq(12) = 0.245147,	Sq(13) = 0.313393,	Sq(14) = 0.459741,	Sq(15) = 0.313393,	N(0) = 1.98227,	N(1) = 1.94657,	N(2) = 1,	N(3) = 1.94657,	N(4) = 1.94657,	N(5) = 1,	N(6) = 0.0534341,	N(7) = 1,	N(8) = 1,	N(9) = 0.0534341,	N(10) = 0.0177258,	N(11) = 0.0534341,	N(12) = 1.94657,	N(13) = 1,	N(14) = 0.0534341,	N(15) = 1,	Delta[s](0) = 0.443902,	Delta[s](1) = 0.359107,	Delta[s](2) = 0.341736,	Delta[s](3) = 0.359107,	Delta[s](4) = 0.359107,	Delta[s](5) = 0.341736,	Delta[s](6) = 0.295196,	Delta[s](7) = 0.341736,	Delta[s](8) = 0.341736,	Delta[s](9) = 0.295196,	Delta[s](10) = 0.272371,	Delta[s](11) = 0.295196,	Delta[s](12) = 0.359107,	Delta[s](13) = 0.341736,	Delta[s](14) = 0.295196,	Delta[s](15) = 0.341736,	Delta[d](0) = 0.220932,	Delta[d](1) = 0.211062,	Delta[d](2) = 0.217443,	Delta[d](3) = 0.211062,	Delta[d](4) = 0.211062,	Delta[d](5) = 0.138228,	Delta[d](6) = 0.168148,	Delta[d](7) = 0.138228,	Delta[d](8) = 0.217443,	Delta[d](9) = 0.168148,	Delta[d](10) = 0.0554368,	Delta[d](11) = 0.168148,	Delta[d](12) = 0.211062,	Delta[d](13) = 0.138228,	Delta[d](14) = 0.168148,	Delta[d](15) = 0.138228,	Delta[s+](0) = 0.435278,	Delta[s+](1) = 0.339764,	Delta[s+](2) = 0.217443,	Delta[s+](3) = 0.339764,	Delta[s+](4) = 0.339764,	Delta[s+](5) = 0.217443,	Delta[s+](6) = 0.0931374,	Delta[s+](7) = 0.217443,	Delta[s+](8) = 0.217443,	Delta[s+](9) = 0.0931374,	Delta[s+](10) = 0.0303483,	Delta[s+](11) = 0.0931374,	Delta[s+](12) = 0.339764,	Delta[s+](13) = 0.217443,	Delta[s+](14) = 0.0931374,	Delta[s+](15) = 0.217443
The 10-th iteration is completed.	|| time cost : 0h 4m 20.455s
********************************************************************************************************************
Start the 11 rounds of NGS-ED iteration
	effective electronic model is modified as: kinetic energy t = 0.824958
	                                           effective interaction Vq = [-2.39999,-2.20938,-2.02823,-2.20938,-2.20938,-2.02823,-2.06246,-2.02823,-2.02823,-2.06246,-2.39115,-2.06246,-2.20938,-2.02823,-2.06246,-2.02823]
	PARPACK diagonalization completed after 30 matrix-vector product operations.
	iteration results: : total energy is -63.480196 | electron energy -63.720020 + phonon energy 0.239824 | electron momentum kIdx = 10
The 11-th iteration is completed.	|| time cost : 0h 0m 27.681s
********************************************************************************************************************
Start the 12 rounds of NGS-ED iteration
	effective electronic model is modified as: kinetic energy t = 0.824954
	                                           effective interaction Vq = [    -2.4,-2.20937,-2.02824,-2.20937,-2.20937,-2.02824,-2.06244,-2.02824,-2.02824,-2.06244,-2.39118,-2.06244,-2.20937,-2.02824,-2.06244,-2.02824]
	PARPACK diagonalization completed after 30 matrix-vector product operations.
	iteration results: : total energy is -63.480232 | electron energy -63.720134 + phonon energy 0.239903 | electron momentum kIdx = 10
The 12-th iteration is completed.	|| time cost : 0h 0m 27.405s
********************************************************************************************************************
Start the 13 rounds of NGS-ED iteration
	effective electronic model is modified as: kinetic energy t = 0.824953
	                                           effective interaction Vq = [    -2.4,-2.20935,-2.02824,-2.20935,-2.20935,-2.02824,-2.06242,-2.02824,-2.02824,-2.06242, -2.3912,-2.06242,-2.20935,-2.02824,-2.06242,-2.02824]
	PARPACK diagonalization completed after 30 matrix-vector product operations.
	iteration results: : total energy is -63.480245 | electron energy -63.720185 + phonon energy 0.239940 | electron momentum kIdx = 10
The 13-th iteration is completed.	|| time cost : 0h 0m 27.304s
********************************************************************************************************************
Start the 14 rounds of NGS-ED iteration
	effective electronic model is modified as: kinetic energy t = 0.824953
	                                           effective interaction Vq = [    -2.4,-2.20934,-2.02824,-2.20934,-2.20934,-2.02824,-2.06241,-2.02824,-2.02824,-2.06241,-2.39121,-2.06241,-2.20934,-2.02824,-2.06241,-2.02824]
	PARPACK diagonalization completed after 30 matrix-vector product operations.
	iteration results: : total energy is -63.480249 | electron energy -63.720207 + phonon energy 0.239958 | electron momentum kIdx = 10
The 14-th iteration is completed.	|| time cost : 0h 0m 27.317s
********************************************************************************************************************
Start the 15 rounds of NGS-ED iteration
	effective electronic model is modified as: kinetic energy t = 0.824953
	                                           effective interaction Vq = [    -2.4,-2.20933,-2.02824,-2.20933,-2.20933,-2.02824, -2.0624,-2.02824,-2.02824, -2.0624,-2.39122, -2.0624,-2.20933,-2.02824, -2.0624,-2.02824]
	PARPACK diagonalization completed after 30 matrix-vector product operations.
	iteration results: : total energy is -63.480251 | electron energy -63.720217 + phonon energy 0.239965 | electron momentum kIdx = 10
The 15-th iteration is completed.	|| time cost : 0h 0m 27.633s
********************************************************************************************************************
Start the 16 rounds of NGS-ED iteration
	effective electronic model is modified as: kinetic energy t = 0.824954
	                                           effective interaction Vq = [    -2.4,-2.20933,-2.02824,-2.20933,-2.20933,-2.02824, -2.0624,-2.02824,-2.02824, -2.0624,-2.39122, -2.0624,-2.20933,-2.02824, -2.0624,-2.02824]
	PARPACK diagonalization completed after 30 matrix-vector product operations.
	iteration results: : total energy is -63.480252 | electron energy -63.720220 + phonon energy 0.239969 | electron momentum kIdx = 10
The 16-th iteration is completed.	|| time cost : 0h 0m 27.627s
********************************************************************************************************************
Start the 17 rounds of NGS-ED iteration
	effective electronic model is modified as: kinetic energy t = 0.824954
	                                           effective interaction Vq = [    -2.4,-2.20932,-2.02823,-2.20932,-2.20932,-2.02823,-2.06239,-2.02823,-2.02823,-2.06239,-2.39122,-2.06239,-2.20932,-2.02823,-2.06239,-2.02823]
	PARPACK diagonalization completed after 30 matrix-vector product operations.
	iteration results: : total energy is -63.480252 | electron energy -63.720222 + phonon energy 0.239970 | electron momentum kIdx = 10
The 17-th iteration is completed.	|| time cost : 0h 0m 27.366s
********************************************************************************************************************
Start the 18 rounds of NGS-ED iteration
	effective electronic model is modified as: kinetic energy t = 0.824955
	                                           effective interaction Vq = [    -2.4,-2.20932,-2.02823,-2.20932,-2.20932,-2.02823,-2.06239,-2.02823,-2.02823,-2.06239,-2.39122,-2.06239,-2.20932,-2.02823,-2.06239,-2.02823]
	PARPACK diagonalization completed after 30 matrix-vector product operations.
	iteration results: : total energy is -63.480252 | electron energy -63.720222 + phonon energy 0.239970 | electron momentum kIdx = 10
The 18-th iteration is completed.	|| time cost : 0h 0m 27.368s
********************************************************************************************************************
Start the 19 rounds of NGS-ED iteration
	effective electronic model is modified as: kinetic energy t = 0.824955
	                                           effective interaction Vq = [    -2.4,-2.20932,-2.02823,-2.20932,-2.20932,-2.02823,-2.06239,-2.02823,-2.02823,-2.06239,-2.39122,-2.06239,-2.20932,-2.02823,-2.06239,-2.02823]
	PARPACK diagonalization completed after 30 matrix-vector product operations.
	iteration results: : total energy is -63.480252 | electron energy -63.720222 + phonon energy 0.239970 | electron momentum kIdx = 10
The 19-th iteration is completed.	|| time cost : 0h 0m 27.404s
********************************************************************************************************************
Start the 20 rounds of NGS-ED iteration
	effective electronic model is modified as: kinetic energy t = 0.824955
	                                           effective interaction Vq = [    -2.4,-2.20932,-2.02823,-2.20932,-2.20932,-2.02823,-2.06239,-2.02823,-2.02823,-2.06239,-2.39122,-2.06239,-2.20932,-2.02823,-2.06239,-2.02823]
	PARPACK diagonalization completed after 30 matrix-vector product operations.
	iteration results: : total energy is -63.480252 | electron energy -63.720222 + phonon energy 0.239970 | electron momentum kIdx = 10
	Nq(0) = 16,	Nq(1) = 0.285843,	Nq(2) = 0.338248,	Nq(3) = 0.285843,	Nq(4) = 0.285843,	Nq(5) = 0.338248,	Nq(6) = 0.526726,	Nq(7) = 0.338248,	Nq(8) = 0.338248,	Nq(9) = 0.526726,	Nq(10) = 5.48863,	Nq(11) = 0.526726,	Nq(12) = 0.285843,	Nq(13) = 0.338248,	Nq(14) = 0.526726,	Nq(15) = 0.338248,	Sq(0) = -6.1164e-18,	Sq(1) = 0.245105,	Sq(2) = 0.313364,	Sq(3) = 0.245105,	Sq(4) = 0.245105,	Sq(5) = 0.313364,	Sq(6) = 0.459688,	Sq(7) = 0.313364,	Sq(8) = 0.313364,	Sq(9) = 0.459688,	Sq(10) = 0.532248,	Sq(11) = 0.459688,	Sq(12) = 0.245105,	Sq(13) = 0.313364,	Sq(14) = 0.459688,	Sq(15) = 0.313364,	N(0) = 1.98226,	N(1) = 1.94652,	N(2) = 1,	N(3) = 1.94652,	N(4) = 1.94652,	N(5) = 1,	N(6) = 0.0534796,	N(7) = 1,	N(8) = 1,	N(9) = 0.0534796,	N(10) = 0.0177381,	N(11) = 0.0534796,	N(12) = 1.94652,	N(13) = 1,	N(14) = 0.0534796,	N(15) = 1,	Delta[s](0) = 0.4439,	Delta[s](1) = 0.359127,	Delta[s](2) = 0.341751,	Delta[s](3) = 0.359127,	Delta[s](4) = 0.359127,	Delta[s](5) = 0.341751,	Delta[s](6) = 0.295221,	Delta[s](7) = 0.341751,	Delta[s](8) = 0.341751,	Delta[s](9) = 0.295221,	Delta[s](10) = 0.272396,	Delta[s](11) = 0.295221,	Delta[s](12) = 0.359127,	Delta[s](13) = 0.341751,	Delta[s](14) = 0.295221,	Delta[s](15) = 0.341751,	Delta[d](0) = 0.220962,	Delta[d](1) = 0.211082,	Delta[d](2) = 0.217477,	Delta[d](3) = 0.211082,	Delta[d](4) = 0.211082,	Delta[d](5) = 0.138244,	Delta[d](6) = 0.168159,	Delta[d](7) = 0.138244,	Delta[d](8) = 0.217477,	Delta[d](9) = 0.168159,	Delta[d](10) = 0.0554377,	Delta[d](11) = 0.168159,	Delta[d](12) = 0.211082,	Delta[d](13) = 0.138244,	Delta[d](14) = 0.168159,	Delta[d](15) = 0.138244,	Delta[s+](0) = 0.435363,	Delta[s+](1) = 0.339823,	Delta[s+](2) = 0.217477,	Delta[s+](3) = 0.339823,	Delta[s+](4) = 0.339823,	Delta[s+](5) = 0.217477,	Delta[s+](6) = 0.0931453,	Delta[s+](7) = 0.217477,	Delta[s+](8) = 0.217477,	Delta[s+](9) = 0.0931453,	Delta[s+](10) = 0.0303499,	Delta[s+](11) = 0.0931453,	Delta[s+](12) = 0.339823,	Delta[s+](13) = 0.217477,	Delta[s+](14) = 0.0931453,	Delta[s+](15) = 0.217477
The 20-th iteration is completed.	|| time cost : 0h 4m 20.844s
********************************************************************************************************************
Start the 21 rounds of NGS-ED iteration
	effective electronic model is modified as: kinetic energy t = 0.824955
	                                           effective interaction Vq = [    -2.4,-2.20932,-2.02823,-2.20932,-2.20932,-2.02823,-2.06239,-2.02823,-2.02823,-2.06239,-2.39122,-2.06239,-2.20932,-2.02823,-2.06239,-2.02823]
	PARPACK diagonalization completed after 30 matrix-vector product operations.
	iteration results: : total energy is -63.480252 | electron energy -63.720222 + phonon energy 0.239970 | electron momentum kIdx = 10
The 21-th iteration is completed.	|| time cost : 0h 0m 27.355s
********************************************************************************************************************
Start the 22 rounds of NGS-ED iteration
	effective electronic model is modified as: kinetic energy t = 0.824955
	                                           effective interaction Vq = [    -2.4,-2.20932,-2.02823,-2.20932,-2.20932,-2.02823,-2.06239,-2.02823,-2.02823,-2.06239,-2.39122,-2.06239,-2.20932,-2.02823,-2.06239,-2.02823]
	PARPACK diagonalization completed after 30 matrix-vector product operations.
	iteration results: : total energy is -63.480252 | electron energy -63.720222 + phonon energy 0.239970 | electron momentum kIdx = 10
The 22-th iteration is completed.	|| time cost : 0h 0m 27.591s
********************************************************************************************************************
Start the 23 rounds of NGS-ED iteration
	effective electronic model is modified as: kinetic energy t = 0.824955
	                                           effective interaction Vq = [    -2.4,-2.20932,-2.02823,-2.20932,-2.20932,-2.02823,-2.06239,-2.02823,-2.02823,-2.06239,-2.39122,-2.06239,-2.20932,-2.02823,-2.06239,-2.02823]
	PARPACK diagonalization completed after 30 matrix-vector product operations.
	iteration results: : total energy is -63.480252 | electron energy -63.720222 + phonon energy 0.239970 | electron momentum kIdx = 10
The 23-th iteration is completed.	|| time cost : 0h 0m 27.705s
