SNEDics v3.21.4 Non-Gaussian ED ground state program		Start at Mon Jul 26 13:47:11 2021

parallized on 32 MPI threads  * 8 OpenMP threads = 256 total threads.
********************************************************************************************************************
********************************************************************************************************************

********************************************************************************************************************
System parameters and configurations
	special program options are enabled: splitted diagonal Hamiltonian | splitted Hamiltonian terms
********************************************************************************************************************
Read input file "model_params.in"
	Hubbard-Holstein model parameters : 	t = 1    U = 8    g = 0.07    W = 0.2    g' = 0.06    
********************************************************************************************************************
Read input file "hilbertspace_params.in"
	Requested 16-site 2D lattice, with 14 electrons (7, 7)
	Boundary : Periodic		Hilbert space representation : momentum-space (restricted to kIdx = 0)
	Conservation: particle number[U(1)]      spin[U(1)]     momentum
********************************************************************************************************************

Cluster Positions:				Cluster symmetry group : D4
 x ... x ... x ... x .....                       x ... x ... x ... x .....
 |           |           :                       |           |           :
 |           |           :                       |           |           :
12    13    14    15     x                       1     5     6     5     x
 |           |           :                       |           |           :
 |           |           :                       |           |           :
 8 --- 9 ---10 ---11 --- x                       2 --- 6 ---10 --- 6 --- x
 |           |           :                       |           |           :
 |           |           :                       |           |           :
 4     5     6     7     x                       1     5     6     5     x
 |           |           :                       |           |           :
 |           |           :                       |           |           :
 0 --- 1 --- 2 --- 3 --- x                       0 --- 1 --- 2 --- 1 --- x
orbital number : 1
********************************************************************************************************************
Read input file "obs_params.in"
	Observable Type : Nq(All),   Sq(All),   N(All),   Delta[s](All),   Delta[d](All),   Delta[s+](All)
** WARNING ** the input observables have non-local factors which have been reinterpreted. The total observable number is 96
********************************************************************************************************************


********************************************************************************************************************
Start calculating the non-Gaussian ED ground state
Maximal iteration number is 1000; energy resolution is 1e-06. Phonon state relaxation time is 2000
W = 0.2 is relatively large. The non-Gaussian ED calculation starts directly.
open output files: NGSED_iteration_obserbles.txt
********************************************************************************************************************
Start the 0 rounds of NGS-ED iteration
	effective electronic model is modified as: kinetic energy t = 1
	                                           effective interaction Vq = [0,0,0,0,0,0,0,0,0,0,0,0,0,0,0,0]
	first Hamiltonian is constructed, size = 8179600 and non-zero numbers = 2178478298
	PARPACK diagonalization completed after 180 matrix-vector product operations.
	iteration results: : total energy is -11.868836 | electron energy -11.868836 + phonon energy 0.000000 | electron momentum kIdx = 0
	Nq(0) = 12.25,	Nq(1) = 0.154193,	Nq(2) = 0.185311,	Nq(3) = 0.154193,	Nq(4) = 0.154193,	Nq(5) = 0.203281,	
	Nq(6) = 0.235634,	Nq(7) = 0.203281,	Nq(8) = 0.185311,	Nq(9) = 0.235634,	Nq(10) = 0.275446,	
	Nq(11) = 0.235634,	Nq(12) = 0.154193,	Nq(13) = 0.203281,	Nq(14) = 0.235634,	Nq(15) = 0.203281;	
	Sq(0) = -1.83137e-18,	Sq(1) = 0.474292,	Sq(2) = 0.766364,	Sq(3) = 0.474292,	Sq(4) = 0.474292,	
	Sq(5) = 0.630724,	Sq(6) = 1.05279,	Sq(7) = 0.630724,	Sq(8) = 0.766364,	Sq(9) = 1.05279,	
	Sq(10) = 2.56755,	Sq(11) = 1.05279,	Sq(12) = 0.474292,	Sq(13) = 0.630724,	Sq(14) = 1.05279,	
	Sq(15) = 0.630724;	N(0) = 1.75464,	N(1) = 1.59086,	N(2) = 0.323321,	N(3) = 1.59086,	
	N(4) = 1.59086,	N(5) = 0.999881,	N(6) = 0.267546,	N(7) = 0.999881,	N(8) = 0.323321,	
	N(9) = 0.267546,	N(10) = 0.165565,	N(11) = 0.267546,	N(12) = 1.59086,	N(13) = 0.999881,	
	N(14) = 0.267546,	N(15) = 0.999881;	Delta[s](0) = 0.0793272,	Delta[s](1) = 0.0592557,	Delta[s](2) = 0.0354013,	
	Delta[s](3) = 0.0592557,	Delta[s](4) = 0.0592557,	Delta[s](5) = 0.0423006,	Delta[s](6) = 0.0194549,	Delta[s](7) = 0.0423006,	
	Delta[s](8) = 0.0354013,	Delta[s](9) = 0.0194549,	Delta[s](10) = 7.57391e-05,	Delta[s](11) = 0.0194549,	Delta[s](12) = 0.0592557,	
	Delta[s](13) = 0.0423006,	Delta[s](14) = 0.0194549,	Delta[s](15) = 0.0423006;	Delta[d](0) = 0.275935,	Delta[d](1) = 0.189679,	
	Delta[d](2) = 0.199486,	Delta[d](3) = 0.189679,	Delta[d](4) = 0.189679,	Delta[d](5) = 0.176418,	Delta[d](6) = 0.132327,	
	Delta[d](7) = 0.176418,	Delta[d](8) = 0.199486,	Delta[d](9) = 0.132327,	Delta[d](10) = 0.0533359,	Delta[d](11) = 0.132327,	
	Delta[d](12) = 0.189679,	Delta[d](13) = 0.176418,	Delta[d](14) = 0.132327,	Delta[d](15) = 0.176418;	Delta[s+](0) = 0.559686,	
	Delta[s+](1) = 0.41673,	Delta[s+](2) = 0.199486,	Delta[s+](3) = 0.41673,	Delta[s+](4) = 0.41673,	Delta[s+](5) = 0.291223,	
	Delta[s+](6) = 0.12598,	Delta[s+](7) = 0.291223,	Delta[s+](8) = 0.199486,	Delta[s+](9) = 0.12598,	Delta[s+](10) = 0.0381322,	
	Delta[s+](11) = 0.12598,	Delta[s+](12) = 0.41673,	Delta[s+](13) = 0.291223,	Delta[s+](14) = 0.12598,	Delta[s+](15) = 0.291223
	
The 0-th iteration is completed.	|| time cost : 0h 4m 47.736s
********************************************************************************************************************
Start the 1 rounds of NGS-ED iteration
	effective electronic model is modified as: kinetic energy t = 0.999516
	                                           effective interaction Vq = [     -0.4805,  -0.0195929, -0.00163203,  -0.0195929,  -0.0195929, -0.00178205,-0.000710877, -0.00178205, -0.00163203,-0.000710877, -0.00730679,-0.000710877,  -0.0195929, -0.00178205,-0.000710877, -0.00178205]
	PARPACK diagonalization completed after 60 matrix-vector product operations.
	iteration results: : total energy is -17.763539 | electron energy -17.763588 + phonon energy 0.000049 | electron momentum kIdx = 0
The 1-th iteration is completed.	|| time cost : 0h 3m 0.18s
********************************************************************************************************************
Start the 2 rounds of NGS-ED iteration
	effective electronic model is modified as: kinetic energy t = 0.999515
	                                           effective interaction Vq = [     -0.4805,   -0.019617, -0.00163166,   -0.019617,   -0.019617, -0.00178148,-0.000710731, -0.00178148, -0.00163166,-0.000710731, -0.00730942,-0.000710731,   -0.019617, -0.00178148,-0.000710731, -0.00178148]
	PARPACK diagonalization completed after 30 matrix-vector product operations.
	iteration results: : total energy is -17.763539 | electron energy -17.763589 + phonon energy 0.000049 | electron momentum kIdx = 0
The 2-th iteration is completed.	|| time cost : 0h 0m 22.075s
********************************************************************************************************************
Start the 3 rounds of NGS-ED iteration
	effective electronic model is modified as: kinetic energy t = 0.999515
	                                           effective interaction Vq = [     -0.4805,  -0.0196171, -0.00163166,  -0.0196171,  -0.0196171, -0.00178148,-0.000710731, -0.00178148, -0.00163166,-0.000710731, -0.00730942,-0.000710731,  -0.0196171, -0.00178148,-0.000710731, -0.00178148]
	PARPACK diagonalization completed after 30 matrix-vector product operations.
	iteration results: : total energy is -17.763539 | electron energy -17.763589 + phonon energy 0.000049 | electron momentum kIdx = 0
	Nq(0) = 12.25,	Nq(1) = 0.154436,	Nq(2) = 0.185318,	Nq(3) = 0.154436,	Nq(4) = 0.154436,	Nq(5) = 0.203268,	
	Nq(6) = 0.235648,	Nq(7) = 0.203268,	Nq(8) = 0.185318,	Nq(9) = 0.235648,	Nq(10) = 0.275621,	
	Nq(11) = 0.235648,	Nq(12) = 0.154436,	Nq(13) = 0.203268,	Nq(14) = 0.235648,	Nq(15) = 0.203268;	
	Sq(0) = 5.39227e-19,	Sq(1) = 0.474083,	Sq(2) = 0.766245,	Sq(3) = 0.474083,	Sq(4) = 0.474083,	
	Sq(5) = 0.630623,	Sq(6) = 1.05296,	Sq(7) = 0.630623,	Sq(8) = 0.766245,	Sq(9) = 1.05296,	
	Sq(10) = 2.56719,	Sq(11) = 1.05296,	Sq(12) = 0.474083,	Sq(13) = 0.630623,	Sq(14) = 1.05296,	
	Sq(15) = 0.630623;	N(0) = 1.7548,	N(1) = 1.59116,	N(2) = 0.323227,	N(3) = 1.59116,	
	N(4) = 1.59116,	N(5) = 0.999794,	N(6) = 0.267351,	N(7) = 0.999794,	N(8) = 0.323227,	
	N(9) = 0.267351,	N(10) = 0.16554,	N(11) = 0.267351,	N(12) = 1.59116,	N(13) = 0.999794,	
	N(14) = 0.267351,	N(15) = 0.999794;	Delta[s](0) = 0.0793985,	Delta[s](1) = 0.0593099,	Delta[s](2) = 0.0354303,	
	Delta[s](3) = 0.0593099,	Delta[s](4) = 0.0593099,	Delta[s](5) = 0.0423425,	Delta[s](6) = 0.0194721,	Delta[s](7) = 0.0423425,	
	Delta[s](8) = 0.0354303,	Delta[s](9) = 0.0194721,	Delta[s](10) = 7.59839e-05,	Delta[s](11) = 0.0194721,	Delta[s](12) = 0.0593099,	
	Delta[s](13) = 0.0423425,	Delta[s](14) = 0.0194721,	Delta[s](15) = 0.0423425;	Delta[d](0) = 0.276401,	Delta[d](1) = 0.189702,	
	Delta[d](2) = 0.199485,	Delta[d](3) = 0.189702,	Delta[d](4) = 0.189702,	Delta[d](5) = 0.176425,	Delta[d](6) = 0.132291,	
	Delta[d](7) = 0.176425,	Delta[d](8) = 0.199485,	Delta[d](9) = 0.132291,	Delta[d](10) = 0.0533609,	Delta[d](11) = 0.132291,	
	Delta[d](12) = 0.189702,	Delta[d](13) = 0.176425,	Delta[d](14) = 0.132291,	Delta[d](15) = 0.176425;	Delta[s+](0) = 0.559746,	
	Delta[s+](1) = 0.416767,	Delta[s+](2) = 0.199485,	Delta[s+](3) = 0.416767,	Delta[s+](4) = 0.416767,	Delta[s+](5) = 0.29122,	
	Delta[s+](6) = 0.125957,	Delta[s+](7) = 0.29122,	Delta[s+](8) = 0.199485,	Delta[s+](9) = 0.125957,	Delta[s+](10) = 0.0381156,	
	Delta[s+](11) = 0.125957,	Delta[s+](12) = 0.416767,	Delta[s+](13) = 0.29122,	Delta[s+](14) = 0.125957,	Delta[s+](15) = 0.29122
	
The 3-th iteration is completed.	|| time cost : 0h 3m 11.58s
********************************************************************************************************************
********************************************************************************************************************
Ground state is obtained after 4 iterations. The current ground-state energy is -17.7635, in which electron energy is -17.7636 and phonon energy is 4.92188e-05
Final variational state is: 
	Gamma_x = [      1,1.01482,1.00149,1.01482,1.01482,1.00178,1.00083,1.00178,1.00149,1.00083,1.00999,1.00083,1.01482,1.00178,1.00083,1.00178]
	lambda_q = [       1.55,  0.0531084,  0.0118555,  0.0531084,  0.0531084,   0.012965,-0.00721132,   0.012965,  0.0118555,-0.00721132, -0.0217773,-0.00721132,  0.0531084,   0.012965,-0.00721132,   0.012965]
Effective e-e interactions mediated by phonons are:
	momentum-space Vq = [     -0.4805,  -0.0196171, -0.00163166,  -0.0196171,  -0.0196171, -0.00178148,-0.000710731, -0.00178148, -0.00163166,-0.000710731, -0.00730942,-0.000710731,  -0.0196171, -0.00178148,-0.000710731, -0.00178148]
	real-space Vr = [-0.0362194,-0.0319377,-0.0302467,-0.0319377,-0.0319377,-0.0302841,-0.0272111,-0.0302841,-0.0302467,-0.0272111,-0.0260555,-0.0272111,-0.0319377,-0.0302841,-0.0272111,-0.0302841]
********************************************************************************************************************
o___o  ----------------------------------------
| L |	Time since last clock: 0h 0m 0.011s
A===A	Time since the beginning: 0h 11m 21.584s
***********************************************


Non-Gaussina ED ground state calculation is completed. The final ground-state energy is -17.7635
********************************************************************************************************************
o___o  ----------------------------------------
| L |	Time since last clock: 0h 0m 0.01s
A===A	Time since the beginning: 0h 11m 21.595s
***********************************************



********************************************************************************************************************
All non-Gaussian ED ground state calculations have been completed. Exit now.
