SNEDics v3.21.4 Non-Gaussian ED ground state program		Start at Tue Jul 27 06:48:15 2021

parallized on 32 MPI threads  * 8 OpenMP threads = 256 total threads.
********************************************************************************************************************
********************************************************************************************************************

********************************************************************************************************************
System parameters and configurations
	special program options are enabled: splitted diagonal Hamiltonian | splitted Hamiltonian terms
********************************************************************************************************************
Read input file "model_params.in"
	Hubbard-Holstein model parameters : 	t = 1    U = 8    g = 0.12    W = 0.2    g' = 0.14    
********************************************************************************************************************
Read input file "hilbertspace_params.in"
	Requested 16-site 2D lattice, with 14 electrons (7, 7)
	Boundary : Periodic		Hilbert space representation : momentum-space (restricted to kIdx = 0)
	Conservation: particle number[U(1)]      spin[U(1)]     momentum
********************************************************************************************************************

Cluster Positions:				Cluster symmetry group : D4
 x ... x ... x ... x .....                       x ... x ... x ... x .....
 |           |           :                       |           |           :
 |           |           :                       |           |           :
12    13    14    15     x                       1     5     6     5     x
 |           |           :                       |           |           :
 |           |           :                       |           |           :
 8 --- 9 ---10 ---11 --- x                       2 --- 6 ---10 --- 6 --- x
 |           |           :                       |           |           :
 |           |           :                       |           |           :
 4     5     6     7     x                       1     5     6     5     x
 |           |           :                       |           |           :
 |           |           :                       |           |           :
 0 --- 1 --- 2 --- 3 --- x                       0 --- 1 --- 2 --- 1 --- x
orbital number : 1
********************************************************************************************************************
Read input file "obs_params.in"
	Observable Type : Nq(All),   Sq(All),   N(All),   Delta[s](All),   Delta[d](All),   Delta[s+](All)
** WARNING ** the input observables have non-local factors which have been reinterpreted. The total observable number is 96
********************************************************************************************************************


********************************************************************************************************************
Start calculating the non-Gaussian ED ground state
Maximal iteration number is 1000; energy resolution is 1e-06. Phonon state relaxation time is 2000
W = 0.2 is relatively large. The non-Gaussian ED calculation starts directly.
open output files: NGSED_iteration_obserbles.txt
********************************************************************************************************************
Start the 0 rounds of NGS-ED iteration
	effective electronic model is modified as: kinetic energy t = 1
	                                           effective interaction Vq = [0,0,0,0,0,0,0,0,0,0,0,0,0,0,0,0]
	first Hamiltonian is constructed, size = 8179600 and non-zero numbers = 2178478298
	PARPACK diagonalization completed after 180 matrix-vector product operations.
	iteration results: : total energy is -11.868836 | electron energy -11.868836 + phonon energy 0.000000 | electron momentum kIdx = 0
	Nq(0) = 12.25,	Nq(1) = 0.154193,	Nq(2) = 0.185311,	Nq(3) = 0.154193,	Nq(4) = 0.154193,	Nq(5) = 0.203281,	
	Nq(6) = 0.235634,	Nq(7) = 0.203281,	Nq(8) = 0.185311,	Nq(9) = 0.235634,	Nq(10) = 0.275446,	
	Nq(11) = 0.235634,	Nq(12) = 0.154193,	Nq(13) = 0.203281,	Nq(14) = 0.235634,	Nq(15) = 0.203281;	
	Sq(0) = -1.83137e-18,	Sq(1) = 0.474292,	Sq(2) = 0.766364,	Sq(3) = 0.474292,	Sq(4) = 0.474292,	
	Sq(5) = 0.630724,	Sq(6) = 1.05279,	Sq(7) = 0.630724,	Sq(8) = 0.766364,	Sq(9) = 1.05279,	
	Sq(10) = 2.56755,	Sq(11) = 1.05279,	Sq(12) = 0.474292,	Sq(13) = 0.630724,	Sq(14) = 1.05279,	
	Sq(15) = 0.630724;	N(0) = 1.75464,	N(1) = 1.59086,	N(2) = 0.323321,	N(3) = 1.59086,	
	N(4) = 1.59086,	N(5) = 0.999881,	N(6) = 0.267546,	N(7) = 0.999881,	N(8) = 0.323321,	
	N(9) = 0.267546,	N(10) = 0.165565,	N(11) = 0.267546,	N(12) = 1.59086,	N(13) = 0.999881,	
	N(14) = 0.267546,	N(15) = 0.999881;	Delta[s](0) = 0.0790202,	Delta[s](1) = 0.0591084,	Delta[s](2) = 0.035446,	
	Delta[s](3) = 0.0591084,	Delta[s](4) = 0.0591084,	Delta[s](5) = 0.0422679,	Delta[s](6) = 0.0196142,	Delta[s](7) = 0.0422679,	
	Delta[s](8) = 0.035446,	Delta[s](9) = 0.0196142,	Delta[s](10) = 0.000375923,	Delta[s](11) = 0.0196142,	Delta[s](12) = 0.0591084,	
	Delta[s](13) = 0.0422679,	Delta[s](14) = 0.0196142,	Delta[s](15) = 0.0422679;	Delta[d](0) = 0.275319,	Delta[d](1) = 0.190078,	
	Delta[d](2) = 0.199579,	Delta[d](3) = 0.190078,	Delta[d](4) = 0.190078,	Delta[d](5) = 0.176637,	Delta[d](6) = 0.132589,	
	Delta[d](7) = 0.176637,	Delta[d](8) = 0.199579,	Delta[d](9) = 0.132589,	Delta[d](10) = 0.0535107,	Delta[d](11) = 0.132589,	
	Delta[d](12) = 0.190078,	Delta[d](13) = 0.176637,	Delta[d](14) = 0.132589,	Delta[d](15) = 0.176637;	Delta[s+](0) = 0.559156,	
	Delta[s+](1) = 0.416399,	Delta[s+](2) = 0.199579,	Delta[s+](3) = 0.416399,	Delta[s+](4) = 0.416399,	Delta[s+](5) = 0.291094,	
	Delta[s+](6) = 0.126158,	Delta[s+](7) = 0.291094,	Delta[s+](8) = 0.199579,	Delta[s+](9) = 0.126158,	Delta[s+](10) = 0.0383556,	
	Delta[s+](11) = 0.126158,	Delta[s+](12) = 0.416399,	Delta[s+](13) = 0.291094,	Delta[s+](14) = 0.126158,	Delta[s+](15) = 0.291094
	
The 0-th iteration is completed.	|| time cost : 0h 4m 46.885s
********************************************************************************************************************
Start the 1 rounds of NGS-ED iteration
	effective electronic model is modified as: kinetic energy t = 0.997591
	                                           effective interaction Vq = [     -2.312,  -0.091362,-0.00481821,  -0.091362,  -0.091362,-0.00526381,-0.00734676,-0.00526381,-0.00481821,-0.00734676, -0.0519783,-0.00734676,  -0.091362,-0.00526381,-0.00734676,-0.00526381]
	PARPACK diagonalization completed after 60 matrix-vector product operations.
	iteration results: : total energy is -40.232686 | electron energy -40.233889 + phonon energy 0.001203 | electron momentum kIdx = 0
The 1-th iteration is completed.	|| time cost : 0h 2m 59.89s
********************************************************************************************************************
Start the 2 rounds of NGS-ED iteration
	effective electronic model is modified as: kinetic energy t = 0.997569
	                                           effective interaction Vq = [     -2.312, -0.0919452,-0.00481204, -0.0919452, -0.0919452,-0.00525458,-0.00734171,-0.00525458,-0.00481204,-0.00734171, -0.0521555,-0.00734171, -0.0919452,-0.00525458,-0.00734171,-0.00525458]
	PARPACK diagonalization completed after 30 matrix-vector product operations.
	iteration results: : total energy is -40.232688 | electron energy -40.233920 + phonon energy 0.001232 | electron momentum kIdx = 0
The 2-th iteration is completed.	|| time cost : 0h 0m 21.864s
********************************************************************************************************************
Start the 3 rounds of NGS-ED iteration
	effective electronic model is modified as: kinetic energy t = 0.997569
	                                           effective interaction Vq = [     -2.312, -0.0919493,-0.00481199, -0.0919493, -0.0919493, -0.0052545,-0.00734164, -0.0052545,-0.00481199,-0.00734164, -0.0521558,-0.00734164, -0.0919493, -0.0052545,-0.00734164, -0.0052545]
	PARPACK diagonalization completed after 30 matrix-vector product operations.
	iteration results: : total energy is -40.232688 | electron energy -40.233920 + phonon energy 0.001233 | electron momentum kIdx = 0
The 3-th iteration is completed.	|| time cost : 0h 0m 22.068s
********************************************************************************************************************
Start the 4 rounds of NGS-ED iteration
	effective electronic model is modified as: kinetic energy t = 0.997569
	                                           effective interaction Vq = [     -2.312, -0.0919493,-0.00481199, -0.0919493, -0.0919493, -0.0052545,-0.00734164, -0.0052545,-0.00481199,-0.00734164, -0.0521558,-0.00734164, -0.0919493, -0.0052545,-0.00734164, -0.0052545]
	PARPACK diagonalization completed after 30 matrix-vector product operations.
	iteration results: : total energy is -40.232688 | electron energy -40.233920 + phonon energy 0.001233 | electron momentum kIdx = 0
	Nq(0) = 12.25,	Nq(1) = 0.155356,	Nq(2) = 0.185326,	Nq(3) = 0.155356,	Nq(4) = 0.155356,	Nq(5) = 0.203194,	
	Nq(6) = 0.2358,	Nq(7) = 0.203194,	Nq(8) = 0.185326,	Nq(9) = 0.2358,	Nq(10) = 0.27667,	
	Nq(11) = 0.2358,	Nq(12) = 0.155356,	Nq(13) = 0.203194,	Nq(14) = 0.2358,	Nq(15) = 0.203194;	
	Sq(0) = -2.78252e-19,	Sq(1) = 0.47332,	Sq(2) = 0.765757,	Sq(3) = 0.47332,	Sq(4) = 0.47332,	
	Sq(5) = 0.630204,	Sq(6) = 1.05355,	Sq(7) = 0.630204,	Sq(8) = 0.765757,	Sq(9) = 1.05355,	
	Sq(10) = 2.56549,	Sq(11) = 1.05355,	Sq(12) = 0.47332,	Sq(13) = 0.630204,	Sq(14) = 1.05355,	
	Sq(15) = 0.630204;	N(0) = 1.75548,	N(1) = 1.59238,	N(2) = 0.322927,	N(3) = 1.59238,	
	N(4) = 1.59238,	N(5) = 0.99945,	N(6) = 0.266508,	N(7) = 0.99945,	N(8) = 0.322927,	
	N(9) = 0.266508,	N(10) = 0.165337,	N(11) = 0.266508,	N(12) = 1.59238,	N(13) = 0.99945,	
	N(14) = 0.266508,	N(15) = 0.99945;	Delta[s](0) = 0.079394,	Delta[s](1) = 0.0593939,	Delta[s](2) = 0.0356091,	
	Delta[s](3) = 0.0593939,	Delta[s](4) = 0.0593939,	Delta[s](5) = 0.0424867,	Delta[s](6) = 0.0197108,	Delta[s](7) = 0.0424867,	
	Delta[s](8) = 0.0356091,	Delta[s](9) = 0.0197108,	Delta[s](10) = 0.000382119,	Delta[s](11) = 0.0197108,	Delta[s](12) = 0.0593939,	
	Delta[s](13) = 0.0424867,	Delta[s](14) = 0.0197108,	Delta[s](15) = 0.0424867;	Delta[d](0) = 0.277432,	Delta[d](1) = 0.190188,	
	Delta[d](2) = 0.199557,	Delta[d](3) = 0.190188,	Delta[d](4) = 0.190188,	Delta[d](5) = 0.176674,	Delta[d](6) = 0.132419,	
	Delta[d](7) = 0.176674,	Delta[d](8) = 0.199557,	Delta[d](9) = 0.132419,	Delta[d](10) = 0.053623,	Delta[d](11) = 0.132419,	
	Delta[d](12) = 0.190188,	Delta[d](13) = 0.176674,	Delta[d](14) = 0.132419,	Delta[d](15) = 0.176674;	Delta[s+](0) = 0.559363,	
	Delta[s+](1) = 0.41653,	Delta[s+](2) = 0.199557,	Delta[s+](3) = 0.41653,	Delta[s+](4) = 0.41653,	Delta[s+](5) = 0.291056,	
	Delta[s+](6) = 0.126041,	Delta[s+](7) = 0.291056,	Delta[s+](8) = 0.199557,	Delta[s+](9) = 0.126041,	Delta[s+](10) = 0.0382727,	
	Delta[s+](11) = 0.126041,	Delta[s+](12) = 0.41653,	Delta[s+](13) = 0.291056,	Delta[s+](14) = 0.126041,	Delta[s+](15) = 0.291056
	
The 4-th iteration is completed.	|| time cost : 0h 3m 9.375s
********************************************************************************************************************
********************************************************************************************************************
Ground state is obtained after 5 iterations. The current ground-state energy is -40.2327, in which electron energy is -40.2339 and phonon energy is 0.00123258
Final variational state is: 
	Gamma_x = [      1,1.07164,1.00439,1.07164,1.07164,1.00525,1.00856,1.00525,1.00439,1.00856,1.07368,1.00856,1.07164,1.00525,1.00856,1.00525]
	lambda_q = [       3.4,  0.118444, 0.0203966,  0.118444,  0.118444, 0.0223085,-0.0232814, 0.0223085, 0.0203966,-0.0232814,-0.0600886,-0.0232814,  0.118444, 0.0223085,-0.0232814, 0.0223085]
Effective e-e interactions mediated by phonons are:
	momentum-space Vq = [     -2.312, -0.0919493,-0.00481199, -0.0919493, -0.0919493, -0.0052545,-0.00734164, -0.0052545,-0.00481199,-0.00734164, -0.0521558,-0.00734164, -0.0919493, -0.0052545,-0.00734164, -0.0052545]
	real-space Vr = [-0.174498,-0.151816,-0.147048,-0.151816,-0.151816,-0.147158,-0.130664,-0.147158,-0.147048,-0.130664,-0.124852,-0.130664,-0.151816,-0.147158,-0.130664,-0.147158]
********************************************************************************************************************
o___o  ----------------------------------------
| L |	Time since last clock: 0h 0m 0.01s
A===A	Time since the beginning: 0h 11m 40.095s
***********************************************


Non-Gaussina ED ground state calculation is completed. The final ground-state energy is -40.2327
********************************************************************************************************************
o___o  ----------------------------------------
| L |	Time since last clock: 0h 0m 0.003s
A===A	Time since the beginning: 0h 11m 40.098s
***********************************************



********************************************************************************************************************
All non-Gaussian ED ground state calculations have been completed. Exit now.
