SNEDics v3.22.2 Non-Gaussian ED ground state program		Start at Thu Apr  7 18:41:56 2022

Parallelization: 32 MPI threads  * 8 OpenMP threads = 256 total threads.
********************************************************************************************************************
********************************************************************************************************************

********************************************************************************************************************
System parameters and configurations
	special program options are enabled: splitted diagonal Hamiltonian | splitted Hamiltonian terms
********************************************************************************************************************
Read input file "model_params.in"
	Hubbard-Holstein model parameters : 	t = 1    t' = -0.3    U = 8    g = 0.05    W = 0.2    
********************************************************************************************************************
Read input file "hilbertspace_params.in"
	Requested 16-site 2D lattice, with 12 electrons (6, 6)
	Boundary : Periodic		Hilbert space representation : momentum-space (restricted to kIdx = 0)
	Conservation: particle number[U(1)]      spin[U(1)]     momentum
********************************************************************************************************************

Cluster Positions:				Cluster symmetry group : D4
 x ... x ... x ... x .....                       x ... x ... x ... x .....
 |           |           :                       |           |           :
 |           |           :                       |           |           :
12    13    14    15     x                       1     5     6     5     x
 |           |           :                       |           |           :
 |           |           :                       |           |           :
 8 --- 9 ---10 ---11 --- x                       2 --- 6 ---10 --- 6 --- x
 |           |           :                       |           |           :
 |           |           :                       |           |           :
 4     5     6     7     x                       1     5     6     5     x
 |           |           :                       |           |           :
 |           |           :                       |           |           :
 0 --- 1 --- 2 --- 3 --- x                       0 --- 1 --- 2 --- 1 --- x
orbital number : 1
********************************************************************************************************************
Read input file "obs_params.in"
	Observable Type : Nq(All),   Sq(All),   N(All-Orbital),   Delta[s](All),   Delta[d](All),   Delta[s+](All)
** WARNING ** the input observables have non-local factors which have been reinterpreted. The total observable number is 96
********************************************************************************************************************


********************************************************************************************************************
Start calculating the non-Gaussian ED ground state
Maximal iteration number is 1000; energy resolution is 1e-06. Phonon state relaxation time is 2000
W = 0.2 is relatively large. The non-Gaussian ED calculation starts directly.
open output files: NGSED_iteration_observables.txt
********************************************************************************************************************
Start the 0 rounds of NGS-ED iteration
	effective electronic model is modified as: kinetic energy t = 1, t' = -0.3
	                                           effective interaction Vq = [0,0,0,0,0,0,0,0,0,0,0,0,0,0,0,0]
	first Hamiltonian is constructed, size = 4008592 and non-zero numbers = 969952250
	PARPACK diagonalization completed after 135 matrix-vector product operations.
	iteration results: : total energy is -15.091341 | electron energy -15.091341 + phonon energy 0.000000 | electron momentum kIdx = 0
	Nq(0) = 9,	Nq(1) = 0.182775,	Nq(2) = 0.248843,	Nq(3) = 0.182775,	Nq(4) = 0.182775,	Nq(5) = 0.263236,	
	Nq(6) = 0.307436,	Nq(7) = 0.263236,	Nq(8) = 0.248843,	Nq(9) = 0.307436,	Nq(10) = 0.356784,	
	Nq(11) = 0.307436,	Nq(12) = 0.182775,	Nq(13) = 0.263236,	Nq(14) = 0.307436,	Nq(15) = 0.263236;	
	Sq(0) = 2.57275e-18,	Sq(1) = 0.523525,	Sq(2) = 0.451304,	Sq(3) = 0.523525,	Sq(4) = 0.523525,	
	Sq(5) = 0.707557,	Sq(6) = 1.00669,	Sq(7) = 0.707557,	Sq(8) = 0.451304,	Sq(9) = 1.00669,	
	Sq(10) = 1.27807,	Sq(11) = 1.00669,	Sq(12) = 0.523525,	Sq(13) = 0.707557,	Sq(14) = 1.00669,	
	Sq(15) = 0.707557;	N(0) = 1.72657,	N(1) = 1.59708,	N(2) = 1.0703,	N(3) = 1.59708,	
	N(4) = 1.59708,	N(5) = 0.264255,	N(6) = 0.153085,	N(7) = 0.264255,	N(8) = 1.0703,	
	N(9) = 0.153085,	N(10) = 0.0751403,	N(11) = 0.153085,	N(12) = 1.59708,	N(13) = 0.264255,	
	N(14) = 0.153085,	N(15) = 0.264255;	Delta[s](0) = 0.0628714,	Delta[s](1) = 0.0415041,	Delta[s](2) = 0.0334877,	
	Delta[s](3) = 0.0415041,	Delta[s](4) = 0.0415041,	Delta[s](5) = 0.0225899,	Delta[s](6) = 0.0116571,	Delta[s](7) = 0.0225899,	
	Delta[s](8) = 0.0334877,	Delta[s](9) = 0.0116571,	Delta[s](10) = 0.00127691,	Delta[s](11) = 0.0116571,	Delta[s](12) = 0.0415041,	
	Delta[s](13) = 0.0225899,	Delta[s](14) = 0.0116571,	Delta[s](15) = 0.0225899;	Delta[d](0) = 0.540369,	Delta[d](1) = 0.257962,	
	Delta[d](2) = 0.266091,	Delta[d](3) = 0.257962,	Delta[d](4) = 0.257962,	Delta[d](5) = 0.141065,	Delta[d](6) = 0.159116,	
	Delta[d](7) = 0.141065,	Delta[d](8) = 0.266091,	Delta[d](9) = 0.159116,	Delta[d](10) = 0.107396,	Delta[d](11) = 0.159116,	
	Delta[d](12) = 0.257962,	Delta[d](13) = 0.141065,	Delta[d](14) = 0.159116,	Delta[d](15) = 0.141065;	Delta[s+](0) = 0.519364,	
	Delta[s+](1) = 0.356812,	Delta[s+](2) = 0.266091,	Delta[s+](3) = 0.356812,	Delta[s+](4) = 0.356812,	Delta[s+](5) = 0.1551,	
	Delta[s+](6) = 0.0643928,	Delta[s+](7) = 0.1551,	Delta[s+](8) = 0.266091,	Delta[s+](9) = 0.0643928,	Delta[s+](10) = 0.0121762,	
	Delta[s+](11) = 0.0643928,	Delta[s+](12) = 0.356812,	Delta[s+](13) = 0.1551,	Delta[s+](14) = 0.0643928,	Delta[s+](15) = 0.155099
	
The 0-th iteration is completed.	|| time cost : 0h 2m 1.996s
********************************************************************************************************************
Start the 1 rounds of NGS-ED iteration
	effective electronic model is modified as: kinetic energy t = 0.999896, t' = -0.299962
	                                           effective interaction Vq = [     -0.0125, -0.00141156,-0.000988016, -0.00141156, -0.00141156, -0.00106305,-0.000845493, -0.00106305,-0.000988016,-0.000845493,-0.000751418,-0.000845493, -0.00141156, -0.00106305,-0.000845493, -0.00106305]
	PARPACK diagonalization completed after 45 matrix-vector product operations.
	iteration results: : total energy is -15.205859 | electron energy -15.205861 + phonon energy 0.000001 | electron momentum kIdx = 0
The 1-th iteration is completed.	|| time cost : 0h 1m 18.153s
********************************************************************************************************************
Start the 2 rounds of NGS-ED iteration
	effective electronic model is modified as: kinetic energy t = 0.999896, t' = -0.299962
	                                           effective interaction Vq = [     -0.0125, -0.00141164,-0.000987991, -0.00141164, -0.00141164, -0.00106307,-0.000845483, -0.00106307,-0.000987991,-0.000845483,-0.000751406,-0.000845483, -0.00141164, -0.00106307,-0.000845483, -0.00106307]
	PARPACK diagonalization completed after 30 matrix-vector product operations.
	iteration results: : total energy is -15.205859 | electron energy -15.205861 + phonon energy 0.000001 | electron momentum kIdx = 0
The 2-th iteration is completed.	|| time cost : 0h 0m 9.534s
********************************************************************************************************************
Start the 3 rounds of NGS-ED iteration
	effective electronic model is modified as: kinetic energy t = 0.999896, t' = -0.299962
	                                           effective interaction Vq = [     -0.0125, -0.00141164,-0.000987991, -0.00141164, -0.00141164, -0.00106307,-0.000845483, -0.00106307,-0.000987991,-0.000845483,-0.000751406,-0.000845483, -0.00141164, -0.00106307,-0.000845483, -0.00106307]
	PARPACK diagonalization completed after 30 matrix-vector product operations.
	iteration results: : total energy is -15.205859 | electron energy -15.205861 + phonon energy 0.000001 | electron momentum kIdx = 0
	Nq(0) = 9,	Nq(1) = 0.182794,	Nq(2) = 0.248846,	Nq(3) = 0.182794,	Nq(4) = 0.182794,	Nq(5) = 0.263254,	
	Nq(6) = 0.307446,	Nq(7) = 0.263254,	Nq(8) = 0.248846,	Nq(9) = 0.307446,	Nq(10) = 0.356797,	
	Nq(11) = 0.307446,	Nq(12) = 0.182794,	Nq(13) = 0.263254,	Nq(14) = 0.307446,	Nq(15) = 0.263254;	
	Sq(0) = -1.91932e-19,	Sq(1) = 0.523526,	Sq(2) = 0.451303,	Sq(3) = 0.523526,	Sq(4) = 0.523526,	
	Sq(5) = 0.707518,	Sq(6) = 1.00666,	Sq(7) = 0.707518,	Sq(8) = 0.451303,	Sq(9) = 1.00666,	
	Sq(10) = 1.27813,	Sq(11) = 1.00666,	Sq(12) = 0.523526,	Sq(13) = 0.707518,	Sq(14) = 1.00666,	
	Sq(15) = 0.707518;	N(0) = 1.72662,	N(1) = 1.59715,	N(2) = 1.07028,	N(3) = 1.59715,	
	N(4) = 1.59715,	N(5) = 0.264205,	N(6) = 0.153065,	N(7) = 0.264205,	N(8) = 1.07028,	
	N(9) = 0.153065,	N(10) = 0.0751349,	N(11) = 0.153065,	N(12) = 1.59715,	N(13) = 0.264205,	
	N(14) = 0.153065,	N(15) = 0.264205;	Delta[s](0) = 0.062886,	Delta[s](1) = 0.0415141,	Delta[s](2) = 0.0334963,	
	Delta[s](3) = 0.0415141,	Delta[s](4) = 0.0415141,	Delta[s](5) = 0.022596,	Delta[s](6) = 0.0116594,	Delta[s](7) = 0.022596,	
	Delta[s](8) = 0.0334963,	Delta[s](9) = 0.0116594,	Delta[s](10) = 0.00127666,	Delta[s](11) = 0.0116594,	Delta[s](12) = 0.0415141,	
	Delta[s](13) = 0.022596,	Delta[s](14) = 0.0116594,	Delta[s](15) = 0.022596;	Delta[d](0) = 0.540394,	Delta[d](1) = 0.257963,	
	Delta[d](2) = 0.266097,	Delta[d](3) = 0.257963,	Delta[d](4) = 0.257963,	Delta[d](5) = 0.141064,	Delta[d](6) = 0.159113,	
	Delta[d](7) = 0.141064,	Delta[d](8) = 0.266097,	Delta[d](9) = 0.159113,	Delta[d](10) = 0.107377,	Delta[d](11) = 0.159113,	
	Delta[d](12) = 0.257963,	Delta[d](13) = 0.141064,	Delta[d](14) = 0.159113,	Delta[d](15) = 0.141064;	Delta[s+](0) = 0.519386,	
	Delta[s+](1) = 0.356825,	Delta[s+](2) = 0.266097,	Delta[s+](3) = 0.356825,	Delta[s+](4) = 0.356825,	Delta[s+](5) = 0.155102,	
	Delta[s+](6) = 0.0643892,	Delta[s+](7) = 0.155102,	Delta[s+](8) = 0.266097,	Delta[s+](9) = 0.0643892,	Delta[s+](10) = 0.0121754,	
	Delta[s+](11) = 0.0643892,	Delta[s+](12) = 0.356825,	Delta[s+](13) = 0.155102,	Delta[s+](14) = 0.0643892,	Delta[s+](15) = 0.155102
	
The 3-th iteration is completed.	|| time cost : 0h 1m 19.758s
********************************************************************************************************************
********************************************************************************************************************
Ground state is obtained after 4 iterations. The current ground-state energy is -15.2059, in which electron energy is -15.2059 and phonon energy is 1.24584e-06
Final variational state is: 
	Gamma_x = [      1,1.00125, 1.0012,1.00125,1.00125,1.00137,1.00128,1.00137, 1.0012,1.00128,1.00132,1.00128,1.00125,1.00137,1.00128,1.00137]
	lambda_q = [      0.25, 0.0145392, 0.0100833, 0.0145392, 0.0145392, 0.0108669,0.00860285, 0.0108669, 0.0100833,0.00860285,0.00763051,0.00860285, 0.0145392, 0.0108669,0.00860285, 0.0108669]
Effective e-e interactions mediated by phonons are:
	momentum-space Vq = [     -0.0125, -0.00141164,-0.000987991, -0.00141164, -0.00141164, -0.00106307,-0.000845483, -0.00106307,-0.000987991,-0.000845483,-0.000751406,-0.000845483, -0.00141164, -0.00106307,-0.000845483, -0.00106307]
	real-space Vr = [ -0.00178176,-0.000805057,-0.000685944,-0.000805057,-0.000805057,-0.000704714,-0.000663517,-0.000704714,-0.000685944,-0.000663517,-0.000653197,-0.000663517,-0.000805057,-0.000704714,-0.000663517,-0.000704714]
********************************************************************************************************************
o___o  ----------------------------------------
| L |	Time since last clock: 0h 0m 0.018s
A===A	Time since the beginning: 0h 4m 49.46s
***********************************************


Non-Gaussina ED ground state calculation is completed. The final ground-state energy is -15.2059
********************************************************************************************************************
o___o  ----------------------------------------
| L |	Time since last clock: 0h 0m 0.018s
A===A	Time since the beginning: 0h 4m 49.479s
***********************************************



********************************************************************************************************************
All non-Gaussian ED ground state calculations have been completed. Exit now.
