SNEDics v3.2 diagonalization test program		Start at Wed Apr 24 16:23:29 2019

parallized on 80 MPI threads  * 6 OpenMP threads = 480 total threads.
************************************************************************************
************************************************************************************

Input file "model_params.in"
Hubbard-Holstein model parameters : 	t = 1    U = 2.5    g = 4.4721    W = 5    
************************************************************************************
Input file "hilbertspace_params.in"

Cluster Positions:				Cluster symmetry group : D4
 x ... x ... x ... x .....                       x ... x ... x ... x .....
 |           |           :                       |           |           :
 |           |           :                       |           |           :
12    13    14    15     x                       1     5     6     5     x
 |           |           :                       |           |           :
 |           |           :                       |           |           :
 8 --- 9 ---10 ---11 --- x                       2 --- 6 ---10 --- 6 --- x
 |           |           :                       |           |           :
 |           |           :                       |           |           :
 4     5     6     7     x                       1     5     6     5     x
 |           |           :                       |           |           :
 |           |           :                       |           |           :
 0 --- 1 --- 2 --- 3 --- x                       0 --- 1 --- 2 --- 1 --- x
orbital number : 1
************************************************************************************
0 rounds of non-Gaussian ED iteration : ground-state energy is -16.7795 | electron energy -16.7795 + phonon energy 0 | electron momentum kIdx = 0
Nq = 	16	0.220282	0.292138	0.220282	0.220282	0.292138	0.41103	0.292138	0.292138	0.41103	0.481415	0.41103	0.220282	0.292138	0.41103	0.292138
Sq = 	-4.21585e-18	0.418477	0.606892	0.418477	0.418477	0.606892	0.744808	0.606892	0.606892	0.744808	2.94601	0.744808	0.418477	0.606892	0.744808	0.606892
1 rounds of non-Gaussian ED iteration : ground-state energy is -71.7477 | electron energy -71.7525 + phonon energy 0.00479031 | electron momentum kIdx = 0
Nq = 	16	0.476005	0.766939	0.476005	0.476005	0.766939	0.752255	0.766939	0.766939	0.752255	1.27349	0.752255	0.476005	0.766939	0.752255	0.766939
Sq = 	2.84934e-18	0.251197	0.314405	0.251197	0.251197	0.314405	0.451106	0.314405	0.314405	0.451106	0.516195	0.451106	0.251197	0.314405	0.451106	0.314405
2 rounds of non-Gaussian ED iteration : ground-state energy is -95.4141 | electron energy -95.4859 + phonon energy 0.0717725 | electron momentum kIdx = 0
Nq = 	16	0.513619	0.74216	0.513619	0.513619	0.74216	0.824485	0.74216	0.74216	0.824485	2.88863	0.824485	0.513619	0.74216	0.824485	0.74216
Sq = 	1.03592e-18	0.138038	0.211003	0.138038	0.138038	0.211003	0.284903	0.211003	0.211003	0.284903	0.348216	0.284903	0.138038	0.211003	0.284903	0.211003
3 rounds of non-Gaussian ED iteration : ground-state energy is -105.536 | electron energy -105.719 + phonon energy 0.182551 | electron momentum kIdx = 0
Nq = 	16	0.164297	0.264827	0.164297	0.164297	0.264827	0.379312	0.264827	0.264827	0.379312	10.1008	0.379312	0.164297	0.264827	0.379312	0.264827
Sq = 	1.20688e-18	0.0810293	0.137142	0.0810293	0.0810293	0.137142	0.188367	0.137142	0.137142	0.188367	0.235326	0.188367	0.0810293	0.137142	0.188367	0.137142
4 rounds of non-Gaussian ED iteration : ground-state energy is -110.11 | electron energy -110.33 + phonon energy 0.220171 | electron momentum kIdx = 0
Nq = 	16	0.0729456	0.133755	0.0729456	0.0729456	0.133755	0.194835	0.133755	0.133755	0.194835	12.5448	0.194835	0.0729456	0.133755	0.194835	0.133755
Sq = 	4.50527e-19	0.0566621	0.101301	0.0566621	0.0566621	0.101301	0.141856	0.101301	0.101301	0.141856	0.179715	0.141856	0.0566621	0.101301	0.141856	0.101301
5 rounds of non-Gaussian ED iteration : ground-state energy is -112.037 | electron energy -112.228 + phonon energy 0.19127 | electron momentum kIdx = 0
Nq = 	16	0.053533	0.100667	0.053533	0.053533	0.100667	0.146824	0.100667	0.100667	0.146824	13.2056	0.146824	0.053533	0.100667	0.146824	0.100667
Sq = 	3.30235e-19	0.0484053	0.088656	0.0484053	0.0484053	0.088656	0.125682	0.088656	0.088656	0.125682	0.160692	0.125682	0.0484053	0.088656	0.125682	0.088656
6 rounds of non-Gaussian ED iteration : ground-state energy is -112.765 | electron energy -112.925 + phonon energy 0.159735 | electron momentum kIdx = 0
Nq = 	16	0.0463852	0.0878072	0.0463852	0.0463852	0.0878072	0.12794	0.0878072	0.0878072	0.12794	13.4927	0.12794	0.0463852	0.0878072	0.12794	0.0878072
Sq = 	1.25762e-19	0.0440309	0.0817007	0.0440309	0.0440309	0.0817007	0.116691	0.0817007	0.0817007	0.116691	0.150053	0.116691	0.0440309	0.0817007	0.116691	0.0817007
7 rounds of non-Gaussian ED iteration : ground-state energy is -113.011 | electron energy -113.151 + phonon energy 0.14043 | electron momentum kIdx = 0
Nq = 	16	0.0429642	0.0815528	0.0429642	0.0429642	0.0815528	0.11875	0.0815528	0.0815528	0.11875	13.6444	0.11875	0.0429642	0.0815528	0.11875	0.0815528
Sq = 	8.61194e-21	0.0414993	0.0775393	0.0414993	0.0414993	0.0775393	0.111199	0.0775393	0.0775393	0.111199	0.143432	0.111199	0.0414993	0.0775393	0.111199	0.0775393
8 rounds of non-Gaussian ED iteration : ground-state energy is -113.09 | electron energy -113.22 + phonon energy 0.130399 | electron momentum kIdx = 0
Nq = 	16	0.0412374	0.0783801	0.0412374	0.0412374	0.0783801	0.114096	0.0783801	0.0783801	0.114096	13.7245	0.114096	0.0412374	0.0783801	0.114096	0.0783801
Sq = 	2.84923e-19	0.0401166	0.0752242	0.0401166	0.0401166	0.0752242	0.108107	0.0752242	0.0752242	0.108107	0.139662	0.108107	0.0401166	0.0752242	0.108107	0.0752242
9 rounds of non-Gaussian ED iteration : ground-state energy is -113.115 | electron energy -113.241 + phonon energy 0.125353 | electron momentum kIdx = 0
Nq = 	16	0.040361	0.0767668	0.040361	0.040361	0.0767668	0.111731	0.0767668	0.0767668	0.111731	13.766	0.111731	0.040361	0.0767668	0.111731	0.0767668
Sq = 	4.69886e-19	0.03939	0.0739964	0.03939	0.03939	0.0739964	0.106456	0.0739964	0.0739964	0.106456	0.137639	0.106456	0.03939	0.0739964	0.106456	0.0739964
10 rounds of non-Gaussian ED iteration : ground-state energy is -113.123 | electron energy -113.246 + phonon energy 0.122792 | electron momentum kIdx = 0
Nq = 	16	0.0399159	0.0759466	0.0399159	0.0399159	0.0759466	0.110529	0.0759466	0.0759466	0.110529	13.7873	0.110529	0.0399159	0.0759466	0.110529	0.0759466
Sq = 	-5.75299e-19	0.0390148	0.0733594	0.0390148	0.0390148	0.0733594	0.105597	0.0733594	0.0733594	0.105597	0.136583	0.105597	0.0390148	0.0733594	0.105597	0.0733594
11 rounds of non-Gaussian ED iteration : ground-state energy is -113.126 | electron energy -113.248 + phonon energy 0.121478 | electron momentum kIdx = 0
Nq = 	16	0.0396895	0.0755293	0.0396895	0.0396895	0.0755293	0.109918	0.0755293	0.0755293	0.109918	13.7983	0.109918	0.0396895	0.0755293	0.109918	0.0755293
Sq = 	7.48079e-20	0.0388224	0.073032	0.0388224	0.0388224	0.073032	0.105155	0.073032	0.073032	0.105155	0.136039	0.105155	0.0388224	0.073032	0.105155	0.073032
12 rounds of non-Gaussian ED iteration : ground-state energy is -113.127 | electron energy -113.248 + phonon energy 0.120801 | electron momentum kIdx = 0
Nq = 	16	0.0395742	0.0753167	0.0395742	0.0395742	0.0753167	0.109606	0.0753167	0.0753167	0.109606	13.8038	0.109606	0.0395742	0.0753167	0.109606	0.0753167
Sq = 	-7.35615e-19	0.038724	0.0728643	0.038724	0.038724	0.0728643	0.104929	0.0728643	0.0728643	0.104929	0.13576	0.104929	0.038724	0.0728643	0.104929	0.0728643
13 rounds of non-Gaussian ED iteration : ground-state energy is -113.127 | electron energy -113.248 + phonon energy 0.120453 | electron momentum kIdx = 0
Nq = 	16	0.0395154	0.0752083	0.0395154	0.0395154	0.0752083	0.109447	0.0752083	0.0752083	0.109447	13.8067	0.109447	0.0395154	0.0752083	0.109447	0.0752083
Sq = 	-9.0399e-19	0.0386736	0.0727785	0.0386736	0.0386736	0.0727785	0.104813	0.0727785	0.0727785	0.104813	0.135617	0.104813	0.0386736	0.0727785	0.104813	0.0727785
14 rounds of non-Gaussian ED iteration : ground-state energy is -113.127 | electron energy -113.248 + phonon energy 0.120274 | electron momentum kIdx = 0
Nq = 	16	0.0394854	0.0751528	0.0394854	0.0394854	0.0751528	0.109366	0.0751528	0.0751528	0.109366	13.8081	0.109366	0.0394854	0.0751528	0.109366	0.0751528
Sq = 	3.53337e-19	0.0386479	0.0727345	0.0386479	0.0386479	0.0727345	0.104753	0.0727345	0.0727345	0.104753	0.135544	0.104753	0.0386479	0.0727345	0.104753	0.0727345
15 rounds of non-Gaussian ED iteration : ground-state energy is -113.127 | electron energy -113.248 + phonon energy 0.120182 | electron momentum kIdx = 0
Nq = 	16	0.03947	0.0751245	0.03947	0.03947	0.0751245	0.109324	0.0751245	0.0751245	0.109324	13.8089	0.109324	0.03947	0.0751245	0.109324	0.0751245
Sq = 	8.51154e-19	0.0386347	0.072712	0.0386347	0.0386347	0.072712	0.104723	0.072712	0.072712	0.104723	0.135506	0.104723	0.0386347	0.072712	0.104723	0.072712
16 rounds of non-Gaussian ED iteration : ground-state energy is -113.127 | electron energy -113.248 + phonon energy 0.120136 | electron momentum kIdx = 0
Nq = 	16	0.0394621	0.07511	0.0394621	0.0394621	0.07511	0.109303	0.07511	0.07511	0.109303	13.8092	0.109303	0.0394621	0.07511	0.109303	0.07511
Sq = 	-3.9587e-19	0.0386279	0.0727005	0.0386279	0.0386279	0.0727005	0.104707	0.0727005	0.0727005	0.104707	0.135487	0.104707	0.0386279	0.0727005	0.104707	0.0727005
17 rounds of non-Gaussian ED iteration : ground-state energy is -113.127 | electron energy -113.248 + phonon energy 0.120112 | electron momentum kIdx = 0
Nq = 	16	0.0394581	0.0751026	0.0394581	0.0394581	0.0751026	0.109292	0.0751026	0.0751026	0.109292	13.8094	0.109292	0.0394581	0.0751026	0.109292	0.0751026
Sq = 	-1.02911e-19	0.0386245	0.0726946	0.0386245	0.0386245	0.0726946	0.104699	0.0726946	0.0726946	0.104699	0.135477	0.104699	0.0386245	0.0726946	0.104699	0.0726946
18 rounds of non-Gaussian ED iteration : ground-state energy is -113.127 | electron energy -113.248 + phonon energy 0.1201 | electron momentum kIdx = 0
Nq = 	16	0.039456	0.0750987	0.039456	0.039456	0.0750987	0.109287	0.0750987	0.0750987	0.109287	13.8095	0.109287	0.039456	0.0750987	0.109287	0.0750987
Sq = 	4.41954e-19	0.0386227	0.0726916	0.0386227	0.0386227	0.0726916	0.104695	0.0726916	0.0726916	0.104695	0.135472	0.104695	0.0386227	0.0726916	0.104695	0.0726916
Ground state is obtained after 19 iterations. The current ground-state energy is -113.127, in which electron energy is -113.248 and phonon energy is 0.120094
o___o  -------------------------------------
| L |	Time since last clock: 1h 36m 26.915s
A===A	Time since the beginning: 1h 36m 26.915s
********************************************

************************************************************************************
