SNEDics v3.4 Non-Gaussian ED ground state program		Start at Wed Oct  2 03:20:43 2019

parallized on 16 MPI threads  * 8 OpenMP threads = 128 total threads.
********************************************************************************************************************
********************************************************************************************************************

********************************************************************************************************************
System parameters and configurations
********************************************************************************************************************
Special program options are enabled: splitted diagonal Hamiltonian
********************************************************************************************************************
Read input file "model_params.in"
	Hubbard-Holstein model parameters : 	t = 1    U = 9.05    g = 5    W = 5    
********************************************************************************************************************
Read input file "hilbertspace_params.in"
	Requested 16-site 2D lattice, with 16 electrons (8, 8)
	Boundary : Periodic		Hilbert space representation : momentum-space (restricted to kIdx = 10)
	Conservation: particle number[U(1)]      spin[U(1)]     momentum
********************************************************************************************************************

Cluster Positions:				Cluster symmetry group : D4
 x ... x ... x ... x .....                       x ... x ... x ... x .....
 |           |           :                       |           |           :
 |           |           :                       |           |           :
12    13    14    15     x                       1     5     6     5     x
 |           |           :                       |           |           :
 |           |           :                       |           |           :
 8 --- 9 ---10 ---11 --- x                       2 --- 6 ---10 --- 6 --- x
 |           |           :                       |           |           :
 |           |           :                       |           |           :
 4     5     6     7     x                       1     5     6     5     x
 |           |           :                       |           |           :
 |           |           :                       |           |           :
 0 --- 1 --- 2 --- 3 --- x                       0 --- 1 --- 2 --- 1 --- x
orbital number : 1
********************************************************************************************************************
Read input file "obs_params.in"
	Observable Type : Nq(All),   Sq(All),   N(All),   Delta[s](All),   Delta[d](All),   Delta[s+](All)
********************************************************************************************************************
** WARNING ** the input observables have non-local factors which have been reinterpreted. The total observable number is 96
********************************************************************************************************************


********************************************************************************************************************
Start calculating the non-Gaussian ED ground state
** WARNING ** Detected low phonon energy W < 10. The initial state will be prepared through a warm-up process.
********************************************************************************************************************
Start warm-up calculation for scaling factor 2
open output files: NGSEDWarmUpW10Obs.txt
********************************************************************************************************************
Start the 0 rounds of NGS-ED iteration
	effective electronic model is modified as: kinetic energy t = 1
	                                           effective interaction Vq = [-0,-0,-0,-0,-0,-0,-0,-0,-0,-0,-0,-0,-0,-0,-0,-0]
	first Hamiltonian is constructed, non-zero numbers = 2845334624
	PARPACK diagonalization completed after 120 matrix-vector product operations.
	iteration results: : total energy is -7.475885 | electron energy -7.475885 + phonon energy 0.000000 | electron momentum kIdx = 10
	Nq(0) = 16,	Nq(1) = 0.0499765,	Nq(2) = 0.0896858,	Nq(3) = 0.0499765,	Nq(4) = 0.0499765,	Nq(5) = 0.0896858,	Nq(6) = 0.12552,	Nq(7) = 0.0896858,	Nq(8) = 0.0896858,	Nq(9) = 0.12552,	Nq(10) = 0.158976,	Nq(11) = 0.12552,	Nq(12) = 0.0499765,	Nq(13) = 0.0896858,	Nq(14) = 0.12552,	Nq(15) = 0.0896858,	Sq(0) = 3.42329e-20,	Sq(1) = 0.224636,	Sq(2) = 0.379809,	Sq(3) = 0.224636,	Sq(4) = 0.224636,	Sq(5) = 0.379809,	Sq(6) = 0.568583,	Sq(7) = 0.379809,	Sq(8) = 0.379809,	Sq(9) = 0.568583,	Sq(10) = 9.14919,	Sq(11) = 0.568583,	Sq(12) = 0.224636,	Sq(13) = 0.379809,	Sq(14) = 0.568583,	Sq(15) = 0.379809,	N(0) = 1.72817,	N(1) = 1.49883,	N(2) = 1,	N(3) = 1.49883,	N(4) = 1.49883,	N(5) = 1,	N(6) = 0.501165,	N(7) = 1,	N(8) = 1,	N(9) = 0.501165,	N(10) = 0.27183,	N(11) = 0.501165,	N(12) = 1.49883,	N(13) = 1,	N(14) = 0.501165,	N(15) = 1,	Delta[s](0) = 0.0678666,	Delta[s](1) = 0.0565666,	Delta[s](2) = 0.0444708,	Delta[s](3) = 0.0565666,	Delta[s](4) = 0.0565666,	Delta[s](5) = 0.0444708,	Delta[s](6) = 0.0310796,	Delta[s](7) = 0.0444708,	Delta[s](8) = 0.0444708,	Delta[s](9) = 0.0310796,	Delta[s](10) = 0.0142619,	Delta[s](11) = 0.0310796,	Delta[s](12) = 0.0565666,	Delta[s](13) = 0.0444708,	Delta[s](14) = 0.0310796,	Delta[s](15) = 0.0444708,	Delta[d](0) = 0.574019,	Delta[d](1) = 0.483841,	Delta[d](2) = 0.400091,	Delta[d](3) = 0.483841,	Delta[d](4) = 0.483841,	Delta[d](5) = 0.420378,	Delta[d](6) = 0.348104,	Delta[d](7) = 0.420378,	Delta[d](8) = 0.400091,	Delta[d](9) = 0.348104,	Delta[d](10) = 0.281556,	Delta[d](11) = 0.348104,	Delta[d](12) = 0.483841,	Delta[d](13) = 0.420378,	Delta[d](14) = 0.348104,	Delta[d](15) = 0.420378,	Delta[s+](0) = 0.605834,	Delta[s+](1) = 0.511501,	Delta[s+](2) = 0.400091,	Delta[s+](3) = 0.511501,	Delta[s+](4) = 0.511501,	Delta[s+](5) = 0.400091,	Delta[s+](6) = 0.286147,	Delta[s+](7) = 0.400091,	Delta[s+](8) = 0.400091,	Delta[s+](9) = 0.286147,	Delta[s+](10) = 0.179142,	Delta[s+](11) = 0.286147,	Delta[s+](12) = 0.511501,	Delta[s+](13) = 0.400091,	Delta[s+](14) = 0.286147,	Delta[s+](15) = 0.400091
The 0-th iteration is completed.	|| time cost : 0h 8m 24.125s
********************************************************************************************************************
Start the 1 rounds of NGS-ED iteration
	effective electronic model is modified as: kinetic energy t = 0.906266
	                                           effective interaction Vq = [-4.32332,-3.56328, -3.4864,-3.56328,-3.56328, -3.4864,-3.43485, -3.4864, -3.4864,-3.43485,-3.39562,-3.43485,-3.56328, -3.4864,-3.43485, -3.4864]
	PARPACK diagonalization completed after 45 matrix-vector product operations.
	iteration results: : total energy is -84.712142 | electron energy -84.716186 + phonon energy 0.004044 | electron momentum kIdx = 10
The 1-th iteration is completed.	|| time cost : 0h 7m 29.537s
********************************************************************************************************************
Start the 2 rounds of NGS-ED iteration
	effective electronic model is modified as: kinetic energy t = 0.813699
	                                           effective interaction Vq = [-4.90842,-4.57218,-4.40934,-4.57218,-4.57218,-4.40934,-4.38444,-4.40934,-4.40934,-4.38444,-4.30961,-4.38444,-4.57218,-4.40934,-4.38444,-4.40934]
	PARPACK diagonalization completed after 30 matrix-vector product operations.
	iteration results: : total energy is -97.334430 | electron energy -97.403117 + phonon energy 0.068687 | electron momentum kIdx = 10
The 2-th iteration is completed.	|| time cost : 0h 0m 27.555s
********************************************************************************************************************
Start the 3 rounds of NGS-ED iteration
	effective electronic model is modified as: kinetic energy t = 0.768274
	                                           effective interaction Vq = [-4.98761,-4.83891,-4.66093,-4.83891,-4.83891,-4.66093,-4.68647,-4.66093,-4.66093,-4.68647,-4.58288,-4.68647,-4.83891,-4.66093,-4.68647,-4.66093]
	PARPACK diagonalization completed after 45 matrix-vector product operations.
	iteration results: : total energy is -99.552372 | electron energy -99.698126 + phonon energy 0.145753 | electron momentum kIdx = 10
The 3-th iteration is completed.	|| time cost : 0h 0m 31.989s
********************************************************************************************************************
Start the 4 rounds of NGS-ED iteration
	effective electronic model is modified as: kinetic energy t = 0.73868
	                                           effective interaction Vq = [-4.99832,-4.90928,-4.84469,-4.90928,-4.90928,-4.84469,-4.78546,-4.84469,-4.84469,-4.78546,-4.67613,-4.78546,-4.90928,-4.84469,-4.78546,-4.84469]
	PARPACK diagonalization completed after 30 matrix-vector product operations.
	iteration results: : total energy is -100.127039 | electron energy -100.319954 + phonon energy 0.192915 | electron momentum kIdx = 10
The 4-th iteration is completed.	|| time cost : 0h 0m 27.273s
********************************************************************************************************************
Start the 5 rounds of NGS-ED iteration
	effective electronic model is modified as: kinetic energy t = 0.727462
	                                           effective interaction Vq = [-4.99977,-4.92843,-4.89722,-4.92843,-4.92843,-4.89722,-4.81695,-4.89722,-4.89722,-4.81695,-4.70805,-4.81695,-4.92843,-4.89722,-4.81695,-4.89722]
	PARPACK diagonalization completed after 30 matrix-vector product operations.
	iteration results: : total energy is -100.210670 | electron energy -100.426414 + phonon energy 0.215743 | electron momentum kIdx = 10
The 5-th iteration is completed.	|| time cost : 0h 0m 27.578s
********************************************************************************************************************
Start the 6 rounds of NGS-ED iteration
	effective electronic model is modified as: kinetic energy t = 0.72329
	                                           effective interaction Vq = [-4.99997,-4.93437,-4.91419,-4.93437,-4.93437,-4.91419,-4.82795,-4.91419,-4.91419,-4.82795,-4.71978,-4.82795,-4.93437,-4.91419,-4.82795,-4.91419]
	PARPACK diagonalization completed after 30 matrix-vector product operations.
	iteration results: : total energy is -100.222274 | electron energy -100.447148 + phonon energy 0.224874 | electron momentum kIdx = 10
The 6-th iteration is completed.	|| time cost : 0h 0m 27.294s
********************************************************************************************************************
Start the 7 rounds of NGS-ED iteration
	effective electronic model is modified as: kinetic energy t = 0.721751
	                                           effective interaction Vq = [      -5,-4.93633,-4.92006,-4.93633,-4.93633,-4.92006,-4.83197,-4.92006,-4.92006,-4.83197,-4.72422,-4.83197,-4.93633,-4.92006,-4.83197,-4.92006]
	PARPACK diagonalization completed after 30 matrix-vector product operations.
	iteration results: : total energy is -100.223849 | electron energy -100.452190 + phonon energy 0.228341 | electron momentum kIdx = 10
The 7-th iteration is completed.	|| time cost : 0h 0m 27.325s
********************************************************************************************************************
Start the 8 rounds of NGS-ED iteration
	effective electronic model is modified as: kinetic energy t = 0.721185
	                                           effective interaction Vq = [      -5,-4.93698,-4.92216,-4.93698,-4.93698,-4.92216,-4.83346,-4.92216,-4.92216,-4.83346,-4.72593,-4.83346,-4.93698,-4.92216,-4.83346,-4.92216]
	PARPACK diagonalization completed after 30 matrix-vector product operations.
	iteration results: : total energy is -100.224061 | electron energy -100.453697 + phonon energy 0.229636 | electron momentum kIdx = 10
The 8-th iteration is completed.	|| time cost : 0h 0m 27.597s
********************************************************************************************************************
Start the 9 rounds of NGS-ED iteration
	effective electronic model is modified as: kinetic energy t = 0.720977
	                                           effective interaction Vq = [      -5,-4.93721,-4.92292,-4.93721,-4.93721,-4.92292,-4.83402,-4.92292,-4.92292,-4.83402,-4.72658,-4.83402,-4.93721,-4.92292,-4.83402,-4.92292]
	PARPACK diagonalization completed after 30 matrix-vector product operations.
	iteration results: : total energy is -100.224090 | electron energy -100.454207 + phonon energy 0.230117 | electron momentum kIdx = 10
The 9-th iteration is completed.	|| time cost : 0h 0m 27.672s
********************************************************************************************************************
Start the 10 rounds of NGS-ED iteration
	effective electronic model is modified as: kinetic energy t = 0.720901
	                                           effective interaction Vq = [      -5,-4.93728, -4.9232,-4.93728,-4.93728, -4.9232,-4.83424, -4.9232, -4.9232,-4.83424,-4.72683,-4.83424,-4.93728, -4.9232,-4.83424, -4.9232]
	PARPACK diagonalization completed after 30 matrix-vector product operations.
	iteration results: : total energy is -100.224093 | electron energy -100.454389 + phonon energy 0.230296 | electron momentum kIdx = 10
	Nq(0) = 16,	Nq(1) = 0.408436,	Nq(2) = 0.703303,	Nq(3) = 0.408436,	Nq(4) = 0.408436,	Nq(5) = 0.703303,	Nq(6) = 0.655876,	Nq(7) = 0.703303,	Nq(8) = 0.703303,	Nq(9) = 0.655876,	Nq(10) = 0.628731,	Nq(11) = 0.655876,	Nq(12) = 0.408436,	Nq(13) = 0.703303,	Nq(14) = 0.655876,	Nq(15) = 0.703303,	Sq(0) = 4.0227e-18,	Sq(1) = 0.341104,	Sq(2) = 0.420485,	Sq(3) = 0.341104,	Sq(4) = 0.341104,	Sq(5) = 0.420485,	Sq(6) = 0.560491,	Sq(7) = 0.420485,	Sq(8) = 0.420485,	Sq(9) = 0.560491,	Sq(10) = 0.764918,	Sq(11) = 0.560491,	Sq(12) = 0.341104,	Sq(13) = 0.420485,	Sq(14) = 0.560491,	Sq(15) = 0.420485,	N(0) = 1.99424,	N(1) = 1.9908,	N(2) = 1,	N(3) = 1.9908,	N(4) = 1.9908,	N(5) = 1,	N(6) = 0.00919518,	N(7) = 1,	N(8) = 1,	N(9) = 0.00919518,	N(10) = 0.00576355,	N(11) = 0.00919518,	N(12) = 1.9908,	N(13) = 1,	N(14) = 0.00919518,	N(15) = 1,	Delta[s](0) = 0.300176,	Delta[s](1) = 0.300131,	Delta[s](2) = 0.298763,	Delta[s](3) = 0.300131,	Delta[s](4) = 0.300131,	Delta[s](5) = 0.298763,	Delta[s](6) = 0.262205,	Delta[s](7) = 0.298763,	Delta[s](8) = 0.298763,	Delta[s](9) = 0.262205,	Delta[s](10) = 0.210797,	Delta[s](11) = 0.262205,	Delta[s](12) = 0.300131,	Delta[s](13) = 0.298763,	Delta[s](14) = 0.262205,	Delta[s](15) = 0.298763,	Delta[d](0) = 0.30775,	Delta[d](1) = 0.293321,	Delta[d](2) = 0.270514,	Delta[d](3) = 0.293321,	Delta[d](4) = 0.293321,	Delta[d](5) = 0.271914,	Delta[d](6) = 0.260669,	Delta[d](7) = 0.271914,	Delta[d](8) = 0.270514,	Delta[d](9) = 0.260669,	Delta[d](10) = 0.323811,	Delta[d](11) = 0.260669,	Delta[d](12) = 0.293321,	Delta[d](13) = 0.271914,	Delta[d](14) = 0.260669,	Delta[d](15) = 0.271914,	Delta[s+](0) = 0.455652,	Delta[s+](1) = 0.379996,	Delta[s+](2) = 0.270514,	Delta[s+](3) = 0.379996,	Delta[s+](4) = 0.379996,	Delta[s+](5) = 0.270514,	Delta[s+](6) = 0.154502,	Delta[s+](7) = 0.270514,	Delta[s+](8) = 0.270514,	Delta[s+](9) = 0.154502,	Delta[s+](10) = 0.0720746,	Delta[s+](11) = 0.154502,	Delta[s+](12) = 0.379996,	Delta[s+](13) = 0.270514,	Delta[s+](14) = 0.154502,	Delta[s+](15) = 0.270514
The 10-th iteration is completed.	|| time cost : 0h 4m 41s
********************************************************************************************************************
********************************************************************************************************************
Ground state is obtained after 11 iterations. The current ground-state energy is -100.224, in which electron energy is -100.454 and phonon energy is 0.230296
final variational state is: 
	Gamma_x = [      1,1.04143,1.07919,1.04143,1.04143,1.07919, 1.1024,1.07919,1.07919, 1.1024, 1.1189, 1.1024,1.04143,1.07919, 1.1024,1.07919]
	lambda_q = [0.707095,0.627927,0.619528,0.627927,0.627927,0.619528,0.578388,0.619528,0.619528,0.578388,0.541859,0.578388,0.627927,0.619528,0.578388,0.619528]
********************************************************************************************************************
o___o  ----------------------------------------
| L |	Time since last clock: 0h 0m 0s
A===A	Time since the beginning: 0h 24m 18.949s
***********************************************


********************************************************************************************************************
Warm up runs have been completed. Start calculating W = 5 phonon.
open output files: NGSEDIterationObs.txt
********************************************************************************************************************
Start the 0 rounds of NGS-ED iteration
	effective electronic model is modified as: kinetic energy t = 0.720873
	                                           effective interaction Vq = [-4.57103,-4.30781, -4.2762,-4.30781,-4.30781, -4.2762,-4.11122, -4.2762, -4.2762,-4.11122,-3.95053,-4.11122,-4.30781, -4.2762,-4.11122, -4.2762]
	PARPACK diagonalization completed after 45 matrix-vector product operations.
	iteration results: : total energy is -88.187202 | electron energy -88.302383 + phonon energy 0.115181 | electron momentum kIdx = 10
	Nq(0) = 16,	Nq(1) = 0.328177,	Nq(2) = 0.359924,	Nq(3) = 0.328177,	Nq(4) = 0.328177,	Nq(5) = 0.359924,	Nq(6) = 0.523924,	Nq(7) = 0.359924,	Nq(8) = 0.359924,	Nq(9) = 0.523924,	Nq(10) = 0.539991,	Nq(11) = 0.523924,	Nq(12) = 0.328177,	Nq(13) = 0.359924,	Nq(14) = 0.523924,	Nq(15) = 0.359924,	Sq(0) = -4.83346e-18,	Sq(1) = 0.376486,	Sq(2) = 0.424179,	Sq(3) = 0.376486,	Sq(4) = 0.376486,	Sq(5) = 0.424179,	Sq(6) = 0.653069,	Sq(7) = 0.424179,	Sq(8) = 0.424179,	Sq(9) = 0.653069,	Sq(10) = 3.22877,	Sq(11) = 0.653069,	Sq(12) = 0.376486,	Sq(13) = 0.424179,	Sq(14) = 0.653069,	Sq(15) = 0.424179,	N(0) = 1.99587,	N(1) = 1.99033,	N(2) = 1,	N(3) = 1.99033,	N(4) = 1.99033,	N(5) = 1,	N(6) = 0.00966769,	N(7) = 1,	N(8) = 1,	N(9) = 0.00966769,	N(10) = 0.00413204,	N(11) = 0.00966769,	N(12) = 1.99033,	N(13) = 1,	N(14) = 0.00966769,	N(15) = 1,	Delta[s](0) = 0.215931,	Delta[s](1) = 0.209761,	Delta[s](2) = 0.18763,	Delta[s](3) = 0.209761,	Delta[s](4) = 0.209761,	Delta[s](5) = 0.18763,	Delta[s](6) = 0.18183,	Delta[s](7) = 0.18763,	Delta[s](8) = 0.18763,	Delta[s](9) = 0.18183,	Delta[s](10) = 0.145894,	Delta[s](11) = 0.18183,	Delta[s](12) = 0.209761,	Delta[s](13) = 0.18763,	Delta[s](14) = 0.18183,	Delta[s](15) = 0.18763,	Delta[d](0) = 0.496601,	Delta[d](1) = 0.361477,	Delta[d](2) = 0.323379,	Delta[d](3) = 0.361477,	Delta[d](4) = 0.361477,	Delta[d](5) = 0.389021,	Delta[d](6) = 0.309281,	Delta[d](7) = 0.389021,	Delta[d](8) = 0.323379,	Delta[d](9) = 0.309281,	Delta[d](10) = 0.282908,	Delta[d](11) = 0.309281,	Delta[d](12) = 0.361477,	Delta[d](13) = 0.389021,	Delta[d](14) = 0.309281,	Delta[d](15) = 0.389021,	Delta[s+](0) = 0.54497,	Delta[s+](1) = 0.455734,	Delta[s+](2) = 0.323379,	Delta[s+](3) = 0.455734,	Delta[s+](4) = 0.455734,	Delta[s+](5) = 0.323379,	Delta[s+](6) = 0.189848,	Delta[s+](7) = 0.323379,	Delta[s+](8) = 0.323379,	Delta[s+](9) = 0.189848,	Delta[s+](10) = 0.0843987,	Delta[s+](11) = 0.189848,	Delta[s+](12) = 0.455734,	Delta[s+](13) = 0.323379,	Delta[s+](14) = 0.189848,	Delta[s+](15) = 0.323379
The 0-th iteration is completed.	|| time cost : 0h 4m 38.625s
********************************************************************************************************************
Start the 1 rounds of NGS-ED iteration
	effective electronic model is modified as: kinetic energy t = 0.704497
	                                           effective interaction Vq = [-4.84219,-4.54167, -4.3498,-4.54167,-4.54167, -4.3498,-4.28936, -4.3498, -4.3498,-4.28936,-4.10884,-4.28936,-4.54167, -4.3498,-4.28936, -4.3498]
	PARPACK diagonalization completed after 30 matrix-vector product operations.
	iteration results: : total energy is -92.894488 | electron energy -93.212535 + phonon energy 0.318047 | electron momentum kIdx = 10
The 1-th iteration is completed.	|| time cost : 0h 0m 27.343s
********************************************************************************************************************
Start the 2 rounds of NGS-ED iteration
	effective electronic model is modified as: kinetic energy t = 0.687477
	                                           effective interaction Vq = [-4.94195,-4.67856,-4.40864,-4.67856,-4.67856,-4.40864,-4.42017,-4.40864,-4.40864,-4.42017,-4.22769,-4.42017,-4.67856,-4.40864,-4.42017,-4.40864]
	PARPACK diagonalization completed after 30 matrix-vector product operations.
	iteration results: : total energy is -94.672054 | electron energy -95.117415 + phonon energy 0.445361 | electron momentum kIdx = 10
The 2-th iteration is completed.	|| time cost : 0h 0m 27.311s
********************************************************************************************************************
Start the 3 rounds of NGS-ED iteration
	effective electronic model is modified as: kinetic energy t = 0.673802
	                                           effective interaction Vq = [-4.97864,-4.76033,-4.44965,-4.76033,-4.76033,-4.44965,-4.51083,-4.44965,-4.44965,-4.51083,-4.30743,-4.51083,-4.76033,-4.44965,-4.51083,-4.44965]
	PARPACK diagonalization completed after 30 matrix-vector product operations.
	iteration results: : total energy is -95.353204 | electron energy -95.875059 + phonon energy 0.521855 | electron momentum kIdx = 10
The 3-th iteration is completed.	|| time cost : 0h 0m 27.377s
********************************************************************************************************************
Start the 4 rounds of NGS-ED iteration
	effective electronic model is modified as: kinetic energy t = 0.66367
	                                           effective interaction Vq = [-4.99214,-4.81005,-4.47713,-4.81005,-4.81005,-4.47713,-4.57285,-4.47713,-4.47713,-4.57285,-4.35916,-4.57285,-4.81005,-4.47713,-4.57285,-4.47713]
	PARPACK diagonalization completed after 30 matrix-vector product operations.
	iteration results: : total energy is -95.617086 | electron energy -96.186827 + phonon energy 0.569741 | electron momentum kIdx = 10
The 4-th iteration is completed.	|| time cost : 0h 0m 27.608s
********************************************************************************************************************
Start the 5 rounds of NGS-ED iteration
	effective electronic model is modified as: kinetic energy t = 0.656415
	                                           effective interaction Vq = [-4.99711,-4.84081,-4.49547,-4.84081,-4.84081,-4.49547,-4.61526,-4.49547,-4.49547,-4.61526,-4.39236,-4.61526,-4.84081,-4.49547,-4.61526,-4.49547]
	PARPACK diagonalization completed after 30 matrix-vector product operations.
	iteration results: : total energy is -95.720416 | electron energy -96.321219 + phonon energy 0.600803 | electron momentum kIdx = 10
The 5-th iteration is completed.	|| time cost : 0h 0m 27.612s
********************************************************************************************************************
Start the 6 rounds of NGS-ED iteration
	effective electronic model is modified as: kinetic energy t = 0.651296
	                                           effective interaction Vq = [-4.99894,-4.86014,-4.50789,-4.86014,-4.86014,-4.50789,-4.64435,-4.50789,-4.50789,-4.64435,-4.41361,-4.64435,-4.86014,-4.50789,-4.64435,-4.50789]
	PARPACK diagonalization completed after 30 matrix-vector product operations.
	iteration results: : total energy is -95.761351 | electron energy -96.382778 + phonon energy 0.621427 | electron momentum kIdx = 10
The 6-th iteration is completed.	|| time cost : 0h 0m 27.589s
********************************************************************************************************************
Start the 7 rounds of NGS-ED iteration
	effective electronic model is modified as: kinetic energy t = 0.647703
	                                           effective interaction Vq = [-4.99961,-4.87248,-4.51656,-4.87248,-4.87248,-4.51656,-4.66437,-4.51656,-4.51656,-4.66437,-4.42719,-4.66437,-4.87248,-4.51656,-4.66437,-4.51656]
	PARPACK diagonalization completed after 30 matrix-vector product operations.
	iteration results: : total energy is -95.777785 | electron energy -96.413119 + phonon energy 0.635334 | electron momentum kIdx = 10
The 7-th iteration is completed.	|| time cost : 0h 0m 27.25s
********************************************************************************************************************
Start the 8 rounds of NGS-ED iteration
	effective electronic model is modified as: kinetic energy t = 0.645175
	                                           effective interaction Vq = [-4.99986,-4.88044, -4.5229,-4.88044,-4.88044, -4.5229,-4.67816, -4.5229, -4.5229,-4.67816,-4.43588,-4.67816,-4.88044, -4.5229,-4.67816, -4.5229]
	PARPACK diagonalization completed after 30 matrix-vector product operations.
	iteration results: : total energy is -95.784487 | electron energy -96.429307 + phonon energy 0.644820 | electron momentum kIdx = 10
The 8-th iteration is completed.	|| time cost : 0h 0m 27.269s
********************************************************************************************************************
Start the 9 rounds of NGS-ED iteration
	effective electronic model is modified as: kinetic energy t = 0.643377
	                                           effective interaction Vq = [-4.99995,-4.88565,-4.52785,-4.88565,-4.88565,-4.52785,-4.68767,-4.52785,-4.52785,-4.68767,-4.44146,-4.68767,-4.88565,-4.52785,-4.68767,-4.52785]
	PARPACK diagonalization completed after 30 matrix-vector product operations.
	iteration results: : total energy is -95.787278 | electron energy -96.438637 + phonon energy 0.651359 | electron momentum kIdx = 10
The 9-th iteration is completed.	|| time cost : 0h 0m 27.601s
********************************************************************************************************************
Start the 10 rounds of NGS-ED iteration
	effective electronic model is modified as: kinetic energy t = 0.642062
	                                           effective interaction Vq = [-4.99998,-4.88909,-4.53216,-4.88909,-4.88909,-4.53216,-4.69417,-4.53216,-4.53216,-4.69417,-4.44505,-4.69417,-4.88909,-4.53216,-4.69417,-4.53216]
	PARPACK diagonalization completed after 30 matrix-vector product operations.
	iteration results: : total energy is -95.788483 | electron energy -96.444412 + phonon energy 0.655929 | electron momentum kIdx = 10
	Nq(0) = 16,	Nq(1) = 0.495371,	Nq(2) = 0.374935,	Nq(3) = 0.495371,	Nq(4) = 0.495371,	Nq(5) = 0.374935,	Nq(6) = 0.690171,	Nq(7) = 0.374935,	Nq(8) = 0.374935,	Nq(9) = 0.690171,	Nq(10) = 0.592718,	Nq(11) = 0.690171,	Nq(12) = 0.495371,	Nq(13) = 0.374935,	Nq(14) = 0.690171,	Nq(15) = 0.374935,	Sq(0) = -4.3977e-18,	Sq(1) = 0.364098,	Sq(2) = 0.398977,	Sq(3) = 0.364098,	Sq(4) = 0.364098,	Sq(5) = 0.398977,	Sq(6) = 0.604352,	Sq(7) = 0.398977,	Sq(8) = 0.398977,	Sq(9) = 0.604352,	Sq(10) = 2.14784,	Sq(11) = 0.604352,	Sq(12) = 0.364098,	Sq(13) = 0.398977,	Sq(14) = 0.604352,	Sq(15) = 0.398977,	N(0) = 1.99906,	N(1) = 1.9886,	N(2) = 1,	N(3) = 1.9886,	N(4) = 1.9886,	N(5) = 1,	N(6) = 0.0114016,	N(7) = 1,	N(8) = 1,	N(9) = 0.0114016,	N(10) = 0.000944917,	N(11) = 0.0114016,	N(12) = 1.9886,	N(13) = 1,	N(14) = 0.0114016,	N(15) = 1,	Delta[s](0) = 0.252573,	Delta[s](1) = 0.254308,	Delta[s](2) = 0.232116,	Delta[s](3) = 0.254308,	Delta[s](4) = 0.254308,	Delta[s](5) = 0.232116,	Delta[s](6) = 0.232109,	Delta[s](7) = 0.232116,	Delta[s](8) = 0.232116,	Delta[s](9) = 0.232109,	Delta[s](10) = 0.20131,	Delta[s](11) = 0.232109,	Delta[s](12) = 0.254308,	Delta[s](13) = 0.232116,	Delta[s](14) = 0.232109,	Delta[s](15) = 0.232116,	Delta[d](0) = 0.516483,	Delta[d](1) = 0.369306,	Delta[d](2) = 0.337735,	Delta[d](3) = 0.369306,	Delta[d](4) = 0.369306,	Delta[d](5) = 0.402568,	Delta[d](6) = 0.3227,	Delta[d](7) = 0.402568,	Delta[d](8) = 0.337735,	Delta[d](9) = 0.3227,	Delta[d](10) = 0.30437,	Delta[d](11) = 0.3227,	Delta[d](12) = 0.369306,	Delta[d](13) = 0.402568,	Delta[d](14) = 0.3227,	Delta[d](15) = 0.402568,	Delta[s+](0) = 0.538431,	Delta[s+](1) = 0.455346,	Delta[s+](2) = 0.337735,	Delta[s+](3) = 0.455346,	Delta[s+](4) = 0.455346,	Delta[s+](5) = 0.337735,	Delta[s+](6) = 0.210848,	Delta[s+](7) = 0.337735,	Delta[s+](8) = 0.337735,	Delta[s+](9) = 0.210848,	Delta[s+](10) = 0.113669,	Delta[s+](11) = 0.210848,	Delta[s+](12) = 0.455346,	Delta[s+](13) = 0.337735,	Delta[s+](14) = 0.210848,	Delta[s+](15) = 0.337735
The 10-th iteration is completed.	|| time cost : 0h 4m 22.789s
********************************************************************************************************************
Start the 11 rounds of NGS-ED iteration
	effective electronic model is modified as: kinetic energy t = 0.641027
	                                           effective interaction Vq = [-4.99999,-4.89141,-4.53669,-4.89141,-4.89141,-4.53669,-4.69855,-4.53669,-4.53669,-4.69855,-4.44741,-4.69855,-4.89141,-4.53669,-4.69855,-4.53669]
	PARPACK diagonalization completed after 30 matrix-vector product operations.
	iteration results: : total energy is -95.789076 | electron energy -96.448283 + phonon energy 0.659207 | electron momentum kIdx = 10
The 11-th iteration is completed.	|| time cost : 0h 0m 27.621s
********************************************************************************************************************
Start the 12 rounds of NGS-ED iteration
	effective electronic model is modified as: kinetic energy t = 0.639997
	                                           effective interaction Vq = [      -5,-4.89301, -4.5436,-4.89301,-4.89301, -4.5436,-4.70126, -4.5436, -4.5436,-4.70126,-4.44909,-4.70126,-4.89301, -4.5436,-4.70126, -4.5436]
	PARPACK diagonalization completed after 30 matrix-vector product operations.
	iteration results: : total energy is -95.789860 | electron energy -96.451623 + phonon energy 0.661763 | electron momentum kIdx = 10
The 12-th iteration is completed.	|| time cost : 0h 0m 27.567s
********************************************************************************************************************
Start the 13 rounds of NGS-ED iteration
	effective electronic model is modified as: kinetic energy t = 0.637197
	                                           effective interaction Vq = [      -5,-4.89401,-4.57234,-4.89401,-4.89401,-4.57234,-4.70149,-4.57234,-4.57234,-4.70149,-4.45154,-4.70149,-4.89401,-4.57234,-4.70149,-4.57234]
	PARPACK diagonalization completed after 30 matrix-vector product operations.
	iteration results: : total energy is -95.819692 | electron energy -96.484933 + phonon energy 0.665240 | electron momentum kIdx = 10
The 13-th iteration is completed.	|| time cost : 0h 0m 27.306s
********************************************************************************************************************
Start the 14 rounds of NGS-ED iteration
	effective electronic model is modified as: kinetic energy t = 0.626035
	                                           effective interaction Vq = [      -5,-4.88739,-4.68968,-4.88739,-4.88739,-4.68968,-4.69553,-4.68968,-4.68968,-4.69553,-4.46076,-4.69553,-4.88739,-4.68968,-4.69553,-4.68968]
	PARPACK diagonalization completed after 30 matrix-vector product operations.
	iteration results: : total energy is -95.957395 | electron energy -96.635449 + phonon energy 0.678054 | electron momentum kIdx = 10
The 14-th iteration is completed.	|| time cost : 0h 0m 27.403s
********************************************************************************************************************
Start the 15 rounds of NGS-ED iteration
	effective electronic model is modified as: kinetic energy t = 0.619324
	                                           effective interaction Vq = [      -5,-4.88119,-4.75621,-4.88119,-4.88119,-4.75621,-4.68914,-4.75621,-4.75621,-4.68914,-4.46543,-4.68914,-4.88119,-4.75621,-4.68914,-4.75621]
	PARPACK diagonalization completed after 60 matrix-vector product operations.
	iteration results: : total energy is -96.019761 | electron energy -96.713657 + phonon energy 0.693896 | electron momentum kIdx = 10
The 15-th iteration is completed.	|| time cost : 0h 0m 36.683s
********************************************************************************************************************
Start the 16 rounds of NGS-ED iteration
	effective electronic model is modified as: kinetic energy (tx,ty)=(0.615285, 0.61529)
	                                           effective interaction Vq = [      -5,-4.87638,-4.79493,-4.87638,-4.87638,-4.79488,-4.68318,-4.79488,-4.79483,-4.68318,-4.46733,-4.68318,-4.87638,-4.79488,-4.68318,-4.79488]
	PARPACK diagonalization completed after 105 matrix-vector product operations.
	iteration results: : total energy is -96.155365 | electron energy -96.861625 + phonon energy 0.706260 | electron momentum kIdx = 10
The 16-th iteration is completed.	|| time cost : 0h 0m 51.549s
********************************************************************************************************************
Start the 17 rounds of NGS-ED iteration
	effective electronic model is modified as: kinetic energy (tx,ty)=(0.6086, 0.608607)
	                                           effective interaction Vq = [      -5,-4.87014,-4.83379,-4.87014,-4.87015,-4.83372,-4.67205,-4.83372,-4.83365,-4.67204,-4.57226,-4.67204,-4.87015,-4.83372,-4.67205,-4.83372]
	PARPACK diagonalization completed after 45 matrix-vector product operations.
	iteration results: : total energy is -96.209592 | electron energy -96.930159 + phonon energy 0.720567 | electron momentum kIdx = 10
The 17-th iteration is completed.	|| time cost : 0h 0m 32.402s
********************************************************************************************************************
Start the 18 rounds of NGS-ED iteration
	effective electronic model is modified as: kinetic energy (tx,ty)=(0.604621, 0.604631)
	                                           effective interaction Vq = [      -5,-4.86537,-4.85569,-4.86537,-4.86538, -4.8556,-4.66342, -4.8556,-4.85551, -4.6634,-4.63958, -4.6634,-4.86538, -4.8556,-4.66342, -4.8556]
	PARPACK diagonalization completed after 45 matrix-vector product operations.
	iteration results: : total energy is -96.233557 | electron energy -96.968081 + phonon energy 0.734523 | electron momentum kIdx = 10
The 18-th iteration is completed.	|| time cost : 0h 0m 32.523s
********************************************************************************************************************
Start the 19 rounds of NGS-ED iteration
	effective electronic model is modified as: kinetic energy (tx,ty)=(0.602192, 0.602204)
	                                           effective interaction Vq = [      -5,-4.86186,-4.86834,-4.86186,-4.86187,-4.86823,-4.65683,-4.86823,-4.86812,-4.65681,-4.68445,-4.65681,-4.86187,-4.86823,-4.65683,-4.86823]
	PARPACK diagonalization completed after 45 matrix-vector product operations.
	iteration results: : total energy is -96.244333 | electron energy -96.989383 + phonon energy 0.745050 | electron momentum kIdx = 10
The 19-th iteration is completed.	|| time cost : 0h 0m 32.402s
********************************************************************************************************************
Start the 20 rounds of NGS-ED iteration
	effective electronic model is modified as: kinetic energy (tx,ty)=(0.600689, 0.600704)
	                                           effective interaction Vq = [      -5,-4.85933,-4.87578,-4.85933,-4.85935,-4.87564, -4.6519,-4.87564,-4.87551,-4.65187,-4.71482,-4.65187,-4.85935,-4.87564, -4.6519,-4.87564]
	PARPACK diagonalization completed after 45 matrix-vector product operations.
	iteration results: : total energy is -96.249228 | electron energy -97.001549 + phonon energy 0.752321 | electron momentum kIdx = 10
	Nq(0) = 16,	Nq(1) = 0.39052,	Nq(2) = 0.811193,	Nq(3) = 0.39052,	Nq(4) = 0.390575,	Nq(5) = 0.810479,	Nq(6) = 0.586898,	Nq(7) = 0.810479,	Nq(8) = 0.809767,	Nq(9) = 0.586856,	Nq(10) = 0.918371,	Nq(11) = 0.586856,	Nq(12) = 0.390575,	Nq(13) = 0.810479,	Nq(14) = 0.586898,	Nq(15) = 0.810479,	Sq(0) = -2.8514e-19,	Sq(1) = 0.332202,	Sq(2) = 0.359804,	Sq(3) = 0.332202,	Sq(4) = 0.332226,	Sq(5) = 0.359808,	Sq(6) = 0.559966,	Sq(7) = 0.359808,	Sq(8) = 0.359812,	Sq(9) = 0.559948,	Sq(10) = 0.581525,	Sq(11) = 0.559948,	Sq(12) = 0.332226,	Sq(13) = 0.359808,	Sq(14) = 0.559966,	Sq(15) = 0.359808,	N(0) = 1.99733,	N(1) = 1.9894,	N(2) = 0.999994,	N(3) = 1.9894,	N(4) = 1.98939,	N(5) = 1,	N(6) = 0.0106134,	N(7) = 1,	N(8) = 1.00001,	N(9) = 0.0106028,	N(10) = 0.00267369,	N(11) = 0.0106028,	N(12) = 1.98939,	N(13) = 1,	N(14) = 0.0106134,	N(15) = 1,	Delta[s](0) = 0.334179,	Delta[s](1) = 0.307338,	Delta[s](2) = 0.29635,	Delta[s](3) = 0.307338,	Delta[s](4) = 0.307335,	Delta[s](5) = 0.296342,	Delta[s](6) = 0.290288,	Delta[s](7) = 0.296342,	Delta[s](8) = 0.296335,	Delta[s](9) = 0.290289,	Delta[s](10) = 0.342739,	Delta[s](11) = 0.290289,	Delta[s](12) = 0.307335,	Delta[s](13) = 0.296342,	Delta[s](14) = 0.290288,	Delta[s](15) = 0.296342,	Delta[d](0) = 0.367879,	Delta[d](1) = 0.330714,	Delta[d](2) = 0.309175,	Delta[d](3) = 0.330714,	Delta[d](4) = 0.330721,	Delta[d](5) = 0.309562,	Delta[d](6) = 0.298476,	Delta[d](7) = 0.309562,	Delta[d](8) = 0.30916,	Delta[d](9) = 0.298456,	Delta[d](10) = 0.251536,	Delta[d](11) = 0.298456,	Delta[d](12) = 0.330721,	Delta[d](13) = 0.309562,	Delta[d](14) = 0.298476,	Delta[d](15) = 0.309562,	Delta[s+](0) = 0.494354,	Delta[s+](1) = 0.414064,	Delta[s+](2) = 0.309175,	Delta[s+](3) = 0.414064,	Delta[s+](4) = 0.414071,	Delta[s+](5) = 0.309168,	Delta[s+](6) = 0.198846,	Delta[s+](7) = 0.309168,	Delta[s+](8) = 0.30916,	Delta[s+](9) = 0.198825,	Delta[s+](10) = 0.11433,	Delta[s+](11) = 0.198825,	Delta[s+](12) = 0.414071,	Delta[s+](13) = 0.309168,	Delta[s+](14) = 0.198846,	Delta[s+](15) = 0.309168
The 20-th iteration is completed.	|| time cost : 0h 4m 28.989s
********************************************************************************************************************
Start the 21 rounds of NGS-ED iteration
	effective electronic model is modified as: kinetic energy (tx,ty)=(0.599753, 0.599771)
	                                           effective interaction Vq = [      -5,-4.85756, -4.8802,-4.85756,-4.85758,-4.88004,-4.64829,-4.88004,-4.87988,-4.64825,-4.73551,-4.64825,-4.85758,-4.88004,-4.64829,-4.88004]
	PARPACK diagonalization completed after 45 matrix-vector product operations.
	iteration results: : total energy is -96.251473 | electron energy -97.008634 + phonon energy 0.757161 | electron momentum kIdx = 10
The 21-th iteration is completed.	|| time cost : 0h 0m 32.765s
********************************************************************************************************************
Start the 22 rounds of NGS-ED iteration
	effective electronic model is modified as: kinetic energy (tx,ty)=(0.599166, 0.599187)
	                                           effective interaction Vq = [      -5,-4.85633,-4.88285,-4.85633,-4.85635,-4.88266,-4.64567,-4.88266,-4.88248,-4.64563,-4.74969,-4.64563,-4.85635,-4.88266,-4.64567,-4.88266]
	PARPACK diagonalization completed after 30 matrix-vector product operations.
	iteration results: : total energy is -96.252511 | electron energy -97.012847 + phonon energy 0.760336 | electron momentum kIdx = 10
The 22-th iteration is completed.	|| time cost : 0h 0m 27.669s
********************************************************************************************************************
Start the 23 rounds of NGS-ED iteration
	effective electronic model is modified as: kinetic energy (tx,ty)=(0.598795, 0.598821)
	                                           effective interaction Vq = [      -5,-4.85548,-4.88446,-4.85548,-4.85552,-4.88424,-4.64381,-4.88424,-4.88402,-4.64375,-4.75944,-4.64375,-4.85552,-4.88424,-4.64381,-4.88424]
	PARPACK diagonalization completed after 30 matrix-vector product operations.
