SNEDics v3.2 diagonalization test program		Start at Sat Apr 27 11:55:47 2019

parallized on 80 MPI threads  * 6 OpenMP threads = 480 total threads.
************************************************************************************
************************************************************************************

Input file "model_params.in"
Hubbard-Holstein model parameters : 	t = 1    U = 2    g = 1.2247    W = 1    
************************************************************************************
Input file "hilbertspace_params.in"

Cluster Positions:				Cluster symmetry group : D4
 x ... x ... x ... x .....                       x ... x ... x ... x .....
 |           |           :                       |           |           :
 |           |           :                       |           |           :
12    13    14    15     x                       1     5     6     5     x
 |           |           :                       |           |           :
 |           |           :                       |           |           :
 8 --- 9 ---10 ---11 --- x                       2 --- 6 ---10 --- 6 --- x
 |           |           :                       |           |           :
 |           |           :                       |           |           :
 4     5     6     7     x                       1     5     6     5     x
 |           |           :                       |           |           :
 |           |           :                       |           |           :
 0 --- 1 --- 2 --- 3 --- x                       0 --- 1 --- 2 --- 1 --- x
orbital number : 1
************************************************************************************
0 rounds of non-Gaussian ED iteration : ground-state energy is -18.0176 | electron energy -18.0176 + phonon energy 0 | electron momentum kIdx = 0
Nq = 	16	0.245211	0.311045	0.245211	0.245211	0.311045	0.446617	0.311045	0.311045	0.446617	0.513491	0.446617	0.245211	0.311045	0.446617	0.311045
Sq = 	1.62176e-18	0.413058	0.598296	0.413058	0.413058	0.598296	0.72336	0.598296	0.598296	0.72336	2.71747	0.72336	0.413058	0.598296	0.72336	0.598296
1 rounds of non-Gaussian ED iteration : ground-state energy is -23.3469 | electron energy -23.3469 + phonon energy 1.6266e-05 | electron momentum kIdx = 0
Nq = 	16	0.269587	0.326698	0.269587	0.269587	0.326698	0.479386	0.326698	0.326698	0.479386	0.539582	0.479386	0.269587	0.326698	0.479386	0.326698
Sq = 	-7.93806e-19	0.407196	0.589415	0.407196	0.407196	0.589415	0.703906	0.589415	0.589415	0.703906	2.52344	0.703906	0.407196	0.589415	0.703906	0.589415
2 rounds of non-Gaussian ED iteration : ground-state energy is -27.3067 | electron energy -27.3071 + phonon energy 0.000459974 | electron momentum kIdx = 0
Nq = 	16	0.285697	0.335033	0.285697	0.285697	0.335033	0.498569	0.335033	0.335033	0.498569	0.552489	0.498569	0.285697	0.335033	0.498569	0.335033
Sq = 	1.91555e-18	0.40332	0.583812	0.40332	0.40332	0.583812	0.692465	0.583812	0.583812	0.692465	2.41424	0.692465	0.40332	0.583812	0.692465	0.583812
3 rounds of non-Gaussian ED iteration : ground-state energy is -30.4109 | electron energy -30.4134 + phonon energy 0.0024958 | electron momentum kIdx = 0
Nq = 	16	0.297454	0.340018	0.297454	0.297454	0.340018	0.511062	0.340018	0.340018	0.511062	0.559741	0.511062	0.297454	0.340018	0.511062	0.340018
Sq = 	-8.4751e-18	0.400575	0.579997	0.400575	0.400575	0.579997	0.68494	0.579997	0.579997	0.68494	2.34404	0.68494	0.400575	0.579997	0.68494	0.579997
4 rounds of non-Gaussian ED iteration : ground-state energy is -32.9021 | electron energy -32.9092 + phonon energy 0.00714339 | electron momentum kIdx = 0
Nq = 	16	0.306532	0.343236	0.306532	0.306532	0.343236	0.519867	0.343236	0.343236	0.519867	0.564277	0.519867	0.306532	0.343236	0.519867	0.343236
Sq = 	-1.14919e-17	0.398518	0.577228	0.398518	0.398518	0.577228	0.679598	0.577228	0.577228	0.679598	2.29488	0.679598	0.398518	0.577228	0.679598	0.577228
5 rounds of non-Gaussian ED iteration : ground-state energy is -34.9219 | electron energy -34.9366 + phonon energy 0.0146993 | electron momentum kIdx = 0
Nq = 	16	0.313801	0.345437	0.313801	0.313801	0.345437	0.526474	0.345437	0.345437	0.526474	0.567395	0.526474	0.313801	0.345437	0.526474	0.345437
Sq = 	-1.06187e-17	0.396903	0.57511	0.396903	0.396903	0.57511	0.675583	0.57511	0.57511	0.675583	2.25828	0.675583	0.396903	0.57511	0.675583	0.57511
6 rounds of non-Gaussian ED iteration : ground-state energy is -36.5671 | electron energy -36.5919 + phonon energy 0.0248621 | electron momentum kIdx = 0
Nq = 	16	0.319775	0.347015	0.319775	0.319775	0.347015	0.531689	0.347015	0.347015	0.531689	0.569714	0.531689	0.319775	0.347015	0.531689	0.347015
Sq = 	-1.14854e-17	0.39559	0.57342	0.39559	0.39559	0.57342	0.672426	0.57342	0.57342	0.672426	2.22975	0.672426	0.39559	0.57342	0.672426	0.57342
7 rounds of non-Gaussian ED iteration : ground-state energy is -37.91 | electron energy -37.947 + phonon energy 0.037034 | electron momentum kIdx = 0
Nq = 	16	0.324786	0.348193	0.324786	0.324786	0.348193	0.535971	0.348193	0.348193	0.535971	0.571544	0.535971	0.324786	0.348193	0.535971	0.348193
Sq = 	-3.13445e-18	0.394491	0.572025	0.394491	0.394491	0.572025	0.669858	0.572025	0.572025	0.669858	2.20673	0.669858	0.394491	0.572025	0.669858	0.572025
8 rounds of non-Gaussian ED iteration : ground-state energy is -39.0074 | electron energy -39.0579 + phonon energy 0.0505492 | electron momentum kIdx = 0
Nq = 	16	0.329058	0.349101	0.329058	0.329058	0.349101	0.539594	0.349101	0.349101	0.539594	0.57305	0.539594	0.329058	0.349101	0.539594	0.349101
Sq = 	-8.56172e-18	0.393551	0.570843	0.393551	0.393551	0.570843	0.667712	0.570843	0.570843	0.667712	2.18763	0.667712	0.393551	0.570843	0.667712	0.570843
9 rounds of non-Gaussian ED iteration : ground-state energy is -39.9046 | electron energy -39.9694 + phonon energy 0.0647985 | electron momentum kIdx = 0
Nq = 	16	0.33275	0.34982	0.33275	0.33275	0.34982	0.542727	0.34982	0.34982	0.542727	0.574321	0.542727	0.33275	0.34982	0.542727	0.34982
Sq = 	-4.54304e-18	0.392733	0.569823	0.392733	0.392733	0.569823	0.665881	0.569823	0.569823	0.665881	2.17146	0.665881	0.392733	0.569823	0.665881	0.569823
10 rounds of non-Gaussian ED iteration : ground-state energy is -40.6385 | electron energy -40.7178 + phonon energy 0.0792795 | electron momentum kIdx = 0
Nq = 	16	0.335973	0.350401	0.335973	0.335974	0.350401	0.545477	0.350401	0.350401	0.545477	0.575414	0.545477	0.335974	0.350401	0.545477	0.350401
Sq = 	-4.29297e-18	0.392013	0.56893	0.392013	0.392013	0.56893	0.664297	0.56893	0.56893	0.664297	2.15756	0.664297	0.392013	0.56893	0.664297	0.56893
11 rounds of non-Gaussian ED iteration : ground-state energy is -41.2388 | electron energy -41.3324 + phonon energy 0.0936061 | electron momentum kIdx = 0
Nq = 	16	0.338812	0.35088	0.338812	0.338812	0.35088	0.547917	0.35088	0.35088	0.547917	0.576362	0.547917	0.338812	0.35088	0.547917	0.35088
Sq = 	-9.75262e-18	0.391373	0.568141	0.391373	0.391373	0.568141	0.662911	0.568141	0.568141	0.662911	2.14546	0.662911	0.391373	0.568141	0.662911	0.568141
12 rounds of non-Gaussian ED iteration : ground-state energy is -41.73 | electron energy -41.8375 + phonon energy 0.107498 | electron momentum kIdx = 0
Nq = 	16	0.341327	0.351277	0.341327	0.341327	0.351277	0.550096	0.351277	0.351277	0.550096	0.57719	0.550096	0.341327	0.351277	0.550096	0.351277
Sq = 	-1.49698e-19	0.390802	0.567439	0.390802	0.390802	0.567439	0.661688	0.567439	0.567439	0.661688	2.13486	0.661688	0.390802	0.567439	0.661688	0.567439
13 rounds of non-Gaussian ED iteration : ground-state energy is -42.1319 | electron energy -42.2526 + phonon energy 0.120765 | electron momentum kIdx = 0
Nq = 	16	0.343568	0.351611	0.343568	0.343568	0.351611	0.552052	0.351611	0.351611	0.552051	0.577915	0.552051	0.343568	0.351611	0.552052	0.351611
Sq = 	9.17357e-18	0.39029	0.566813	0.39029	0.39029	0.566813	0.660603	0.566813	0.566813	0.660603	2.12549	0.660603	0.39029	0.566813	0.660603	0.566813
14 rounds of non-Gaussian ED iteration : ground-state energy is -42.4607 | electron energy -42.594 + phonon energy 0.133284 | electron momentum kIdx = 0
Nq = 	16	0.345571	0.351894	0.345571	0.345571	0.351894	0.553811	0.351894	0.351894	0.553811	0.578552	0.553811	0.345571	0.351894	0.553811	0.351894
Sq = 	7.15832e-19	0.389829	0.566251	0.389829	0.389829	0.566251	0.659637	0.566251	0.566251	0.659637	2.11719	0.659637	0.389829	0.566251	0.659637	0.566251
15 rounds of non-Gaussian ED iteration : ground-state energy is -42.7298 | electron energy -42.8748 + phonon energy 0.144988 | electron momentum kIdx = 0
Nq = 	16	0.347367	0.352133	0.347367	0.347367	0.352133	0.555397	0.352133	0.352133	0.555397	0.579113	0.555397	0.347367	0.352133	0.555397	0.352133
Sq = 	-5.31617e-18	0.389414	0.565747	0.389414	0.389414	0.565747	0.658775	0.565747	0.565747	0.658775	2.1098	0.658775	0.389414	0.565747	0.658775	0.565747
16 rounds of non-Gaussian ED iteration : ground-state energy is -42.95 | electron energy -43.1059 + phonon energy 0.155851 | electron momentum kIdx = 0
Nq = 	16	0.34898	0.352337	0.34898	0.34898	0.352337	0.556828	0.352337	0.352337	0.556828	0.579606	0.556828	0.34898	0.352337	0.556828	0.352337
Sq = 	2.56507e-18	0.389039	0.565294	0.389039	0.389039	0.565294	0.658003	0.565294	0.565294	0.658003	2.10321	0.658003	0.389039	0.565294	0.658003	0.565294
17 rounds of non-Gaussian ED iteration : ground-state energy is -43.1303 | electron energy -43.2961 + phonon energy 0.165871 | electron momentum kIdx = 0
Nq = 	16	0.350431	0.352512	0.350431	0.350431	0.352512	0.55812	0.352512	0.352512	0.55812	0.58004	0.55812	0.350431	0.352512	0.55812	0.352512
Sq = 	-1.03171e-18	0.388701	0.564886	0.388701	0.388701	0.564886	0.657311	0.564886	0.564886	0.657311	2.09732	0.657311	0.388701	0.564886	0.657311	0.564886
18 rounds of non-Gaussian ED iteration : ground-state energy is -43.2777 | electron energy -43.4528 + phonon energy 0.175071 | electron momentum kIdx = 0
Nq = 	16	0.351738	0.352661	0.351738	0.351738	0.352661	0.559286	0.352661	0.352661	0.559286	0.580422	0.559286	0.351738	0.352661	0.559286	0.352661
Sq = 	6.89009e-18	0.388396	0.56452	0.388396	0.388396	0.56452	0.656692	0.56452	0.56452	0.656692	2.09205	0.656692	0.388396	0.56452	0.656692	0.56452
19 rounds of non-Gaussian ED iteration : ground-state energy is -43.3985 | electron energy -43.5819 + phonon energy 0.183484 | electron momentum kIdx = 0
Nq = 	16	0.352915	0.352789	0.352915	0.352915	0.352789	0.560339	0.352789	0.352789	0.560339	0.580759	0.560339	0.352915	0.352789	0.560339	0.352789
Sq = 	9.74525e-18	0.38812	0.56419	0.38812	0.38812	0.56419	0.656135	0.56419	0.56419	0.656135	2.08733	0.656135	0.38812	0.56419	0.656135	0.56419
20 rounds of non-Gaussian ED iteration : ground-state energy is -43.4973 | electron energy -43.6884 + phonon energy 0.191153 | electron momentum kIdx = 0
Nq = 	16	0.353976	0.352899	0.353976	0.353976	0.352899	0.56129	0.352899	0.352899	0.56129	0.581055	0.56129	0.353976	0.352899	0.56129	0.352899
Sq = 	-2.14741e-18	0.387871	0.563893	0.387871	0.387871	0.563893	0.655636	0.563893	0.563893	0.655636	2.0831	0.655636	0.387871	0.563893	0.655636	0.563893
21 rounds of non-Gaussian ED iteration : ground-state energy is -43.5781 | electron energy -43.7762 + phonon energy 0.198125 | electron momentum kIdx = 0
Nq = 	16	0.354932	0.352993	0.354932	0.354932	0.352993	0.562148	0.352993	0.352993	0.562148	0.581317	0.562148	0.354932	0.352993	0.562148	0.352993
Sq = 	4.01451e-18	0.387646	0.563626	0.387646	0.387646	0.563626	0.655188	0.563626	0.563626	0.655188	2.07931	0.655188	0.387646	0.563626	0.655188	0.563626
22 rounds of non-Gaussian ED iteration : ground-state energy is -43.6443 | electron energy -43.8487 + phonon energy 0.204448 | electron momentum kIdx = 0
Nq = 	16	0.355794	0.353074	0.355794	0.355794	0.353074	0.562922	0.353074	0.353074	0.562922	0.581547	0.562922	0.355794	0.353074	0.562922	0.353074
Sq = 	-1.13256e-17	0.387444	0.563386	0.387444	0.387444	0.563386	0.654785	0.563386	0.563386	0.654785	2.07591	0.654785	0.387444	0.563386	0.654785	0.563386
23 rounds of non-Gaussian ED iteration : ground-state energy is -43.6985 | electron energy -43.9086 + phonon energy 0.210173 | electron momentum kIdx = 0
Nq = 	16	0.356571	0.353143	0.356571	0.356571	0.353143	0.56362	0.353143	0.353143	0.56362	0.581751	0.56362	0.356571	0.353143	0.56362	0.353143
Sq = 	3.75689e-18	0.387261	0.563171	0.387261	0.387261	0.563171	0.654424	0.563171	0.563171	0.654424	2.07286	0.654424	0.387261	0.563171	0.654424	0.563171
24 rounds of non-Gaussian ED iteration : ground-state energy is -43.7428 | electron energy -43.9581 + phonon energy 0.215348 | electron momentum kIdx = 0
Nq = 	16	0.357272	0.353203	0.357272	0.357272	0.353203	0.56425	0.353203	0.353203	0.56425	0.58193	0.56425	0.357272	0.353203	0.56425	0.353203
Sq = 	8.34744e-18	0.387096	0.562977	0.387096	0.387096	0.562977	0.6541	0.562977	0.562977	0.6541	2.07012	0.6541	0.387096	0.562977	0.6541	0.562977
25 rounds of non-Gaussian ED iteration : ground-state energy is -43.7791 | electron energy -43.9991 + phonon energy 0.220021 | electron momentum kIdx = 0
Nq = 	16	0.357903	0.353255	0.357903	0.357903	0.353255	0.564818	0.353255	0.353255	0.564818	0.582088	0.564818	0.357903	0.353255	0.564818	0.353255
Sq = 	5.6833e-19	0.386947	0.562802	0.386947	0.386947	0.562802	0.653808	0.562802	0.562802	0.653808	2.06767	0.653808	0.386947	0.562802	0.653808	0.562802
26 rounds of non-Gaussian ED iteration : ground-state energy is -43.8088 | electron energy -44.033 + phonon energy 0.224234 | electron momentum kIdx = 0
Nq = 	16	0.358472	0.353299	0.358472	0.358472	0.353299	0.56533	0.353299	0.353299	0.56533	0.582227	0.56533	0.358472	0.353299	0.56533	0.353299
Sq = 	-5.15287e-18	0.386813	0.562645	0.386813	0.386812	0.562645	0.653547	0.562645	0.562645	0.653547	2.06546	0.653547	0.386812	0.562645	0.653547	0.562645
27 rounds of non-Gaussian ED iteration : ground-state energy is -43.8331 | electron energy -44.0611 + phonon energy 0.228029 | electron momentum kIdx = 0
Nq = 	16	0.358984	0.353337	0.358984	0.358984	0.353337	0.565792	0.353337	0.353337	0.565792	0.58235	0.565792	0.358984	0.353337	0.565792	0.353337
Sq = 	-3.62005e-18	0.386692	0.562505	0.386692	0.386692	0.562505	0.653312	0.562505	0.562505	0.653312	2.06348	0.653312	0.386692	0.562505	0.653312	0.562505
28 rounds of non-Gaussian ED iteration : ground-state energy is -43.853 | electron energy -44.0844 + phonon energy 0.231446 | electron momentum kIdx = 0
Nq = 	16	0.359445	0.35337	0.359445	0.359445	0.35337	0.566207	0.35337	0.35337	0.566207	0.582458	0.566207	0.359445	0.35337	0.566207	0.35337
Sq = 	-1.21011e-17	0.386583	0.562378	0.386583	0.386583	0.562378	0.653101	0.562378	0.562378	0.653101	2.06171	0.653101	0.386583	0.562378	0.653101	0.562378
29 rounds of non-Gaussian ED iteration : ground-state energy is -43.8693 | electron energy -44.1038 + phonon energy 0.23452 | electron momentum kIdx = 0
Nq = 	16	0.359861	0.353398	0.359861	0.359861	0.353398	0.566582	0.353398	0.353398	0.566582	0.582554	0.566582	0.359861	0.353398	0.566582	0.353398
Sq = 	1.32271e-17	0.386484	0.562265	0.386484	0.386484	0.562265	0.652911	0.562265	0.562265	0.652911	2.06011	0.652911	0.386484	0.562265	0.652911	0.562265
30 rounds of non-Gaussian ED iteration : ground-state energy is -43.8826 | electron energy -44.1199 + phonon energy 0.237283 | electron momentum kIdx = 0
Nq = 	16	0.360235	0.353423	0.360235	0.360235	0.353423	0.566919	0.353423	0.353423	0.566919	0.582639	0.566919	0.360235	0.353423	0.566919	0.353423
Sq = 	4.02954e-18	0.386396	0.562163	0.386396	0.386396	0.562163	0.652741	0.562163	0.562163	0.652741	2.05868	0.652741	0.386396	0.562163	0.652741	0.562163
31 rounds of non-Gaussian ED iteration : ground-state energy is -43.8935 | electron energy -44.1333 + phonon energy 0.239767 | electron momentum kIdx = 0
Nq = 	16	0.360572	0.353444	0.360572	0.360572	0.353444	0.567222	0.353444	0.353444	0.567222	0.582713	0.567222	0.360572	0.353444	0.567222	0.353444
Sq = 	1.12747e-18	0.386317	0.562071	0.386317	0.386317	0.562071	0.652589	0.562071	0.562071	0.652589	2.0574	0.652589	0.386317	0.562071	0.652589	0.562071
32 rounds of non-Gaussian ED iteration : ground-state energy is -43.9025 | electron energy -44.1445 + phonon energy 0.241997 | electron momentum kIdx = 0
Nq = 	16	0.360875	0.353462	0.360875	0.360875	0.353462	0.567496	0.353462	0.353462	0.567496	0.582779	0.567496	0.360875	0.353462	0.567496	0.353462
Sq = 	-1.15327e-18	0.386245	0.561989	0.386245	0.386245	0.561989	0.652452	0.561989	0.561989	0.652452	2.05625	0.652452	0.386245	0.561989	0.652452	0.561989
33 rounds of non-Gaussian ED iteration : ground-state energy is -43.9098 | electron energy -44.1538 + phonon energy 0.244001 | electron momentum kIdx = 0
Nq = 	16	0.361148	0.353478	0.361148	0.361148	0.353478	0.567742	0.353478	0.353478	0.567742	0.582837	0.567742	0.361148	0.353478	0.567742	0.353478
Sq = 	1.06369e-17	0.38618	0.561915	0.38618	0.38618	0.561915	0.652329	0.561915	0.561915	0.652329	2.05521	0.652329	0.38618	0.561915	0.652329	0.561915
34 rounds of non-Gaussian ED iteration : ground-state energy is -43.9158 | electron energy -44.1616 + phonon energy 0.245799 | electron momentum kIdx = 0
Nq = 	16	0.361393	0.353491	0.361393	0.361393	0.353491	0.567963	0.353491	0.353491	0.567963	0.582888	0.567963	0.361393	0.353491	0.567963	0.353491
Sq = 	-2.25707e-18	0.386122	0.561849	0.386122	0.386122	0.561849	0.652219	0.561849	0.561849	0.652219	2.05428	0.652219	0.386122	0.561849	0.652219	0.561849
35 rounds of non-Gaussian ED iteration : ground-state energy is -43.9207 | electron energy -44.1681 + phonon energy 0.247412 | electron momentum kIdx = 0
Nq = 	16	0.361614	0.353503	0.361614	0.361614	0.353503	0.568162	0.353503	0.353503	0.568162	0.582934	0.568162	0.361614	0.353503	0.568162	0.353503
Sq = 	-5.98342e-18	0.38607	0.561789	0.38607	0.38607	0.561789	0.65212	0.561789	0.561789	0.65212	2.05345	0.65212	0.38607	0.561789	0.65212	0.561789
36 rounds of non-Gaussian ED iteration : ground-state energy is -43.9247 | electron energy -44.1735 + phonon energy 0.24886 | electron momentum kIdx = 0
Nq = 	16	0.361813	0.353513	0.361813	0.361813	0.353513	0.568342	0.353513	0.353513	0.568342	0.582974	0.568342	0.361813	0.353513	0.568342	0.353513
Sq = 	6.52276e-18	0.386023	0.561736	0.386023	0.386023	0.561736	0.652031	0.561736	0.561736	0.652031	2.0527	0.652031	0.386023	0.561736	0.652031	0.561736
37 rounds of non-Gaussian ED iteration : ground-state energy is -43.928 | electron energy -44.1781 + phonon energy 0.250159 | electron momentum kIdx = 0
Nq = 	16	0.361991	0.353522	0.361991	0.361991	0.353522	0.568503	0.353522	0.353522	0.568503	0.583009	0.568503	0.361991	0.353522	0.568503	0.353522
Sq = 	-4.74842e-18	0.385981	0.561688	0.385981	0.385981	0.561688	0.651951	0.561688	0.561688	0.651951	2.05203	0.651951	0.385981	0.561688	0.651951	0.561688
38 rounds of non-Gaussian ED iteration : ground-state energy is -43.9307 | electron energy -44.182 + phonon energy 0.251325 | electron momentum kIdx = 0
Nq = 	16	0.362152	0.353529	0.362152	0.362152	0.353529	0.568648	0.353529	0.353529	0.568648	0.58304	0.568648	0.362152	0.353529	0.568648	0.353529
Sq = 	-5.66081e-19	0.385943	0.561645	0.385943	0.385943	0.561645	0.65188	0.561645	0.561645	0.65188	2.05142	0.65188	0.385943	0.561645	0.65188	0.561645
39 rounds of non-Gaussian ED iteration : ground-state energy is -43.9329 | electron energy -44.1852 + phonon energy 0.25237 | electron momentum kIdx = 0
Nq = 	16	0.362297	0.353536	0.362297	0.362297	0.353536	0.568779	0.353536	0.353536	0.568779	0.583068	0.568779	0.362297	0.353536	0.568779	0.353536
Sq = 	-8.19031e-18	0.385909	0.561606	0.385909	0.385909	0.561606	0.651815	0.561606	0.561606	0.651815	2.05088	0.651815	0.385909	0.561606	0.651815	0.561606
40 rounds of non-Gaussian ED iteration : ground-state energy is -43.9347 | electron energy -44.188 + phonon energy 0.253307 | electron momentum kIdx = 0
Nq = 	16	0.362426	0.353541	0.362426	0.362426	0.353542	0.568896	0.353542	0.353542	0.568896	0.583092	0.568896	0.362426	0.353542	0.568896	0.353542
Sq = 	-5.17774e-18	0.385878	0.561572	0.385878	0.385878	0.561572	0.651758	0.561572	0.561572	0.651758	2.05039	0.651758	0.385878	0.561572	0.651758	0.561572
41 rounds of non-Gaussian ED iteration : ground-state energy is -43.9361 | electron energy -44.1903 + phonon energy 0.254147 | electron momentum kIdx = 0
Nq = 	16	0.362543	0.353546	0.362543	0.362543	0.353546	0.569002	0.353546	0.353546	0.569002	0.583114	0.569002	0.362543	0.353546	0.569002	0.353546
Sq = 	-1.39404e-17	0.38585	0.561541	0.38585	0.385851	0.561541	0.651706	0.561541	0.561541	0.651706	2.04996	0.651706	0.385851	0.561541	0.651706	0.561541
42 rounds of non-Gaussian ED iteration : ground-state energy is -43.9373 | electron energy -44.1922 + phonon energy 0.254901 | electron momentum kIdx = 0
Nq = 	16	0.362648	0.353551	0.362648	0.362648	0.353551	0.569096	0.353551	0.353551	0.569096	0.583133	0.569096	0.362648	0.353551	0.569096	0.353551
Sq = 	-6.45296e-18	0.385826	0.561513	0.385826	0.385826	0.561513	0.651659	0.561513	0.561513	0.651659	2.04957	0.651659	0.385826	0.561513	0.651659	0.561513
43 rounds of non-Gaussian ED iteration : ground-state energy is -43.9383 | electron energy -44.1939 + phonon energy 0.255576 | electron momentum kIdx = 0
Nq = 	16	0.362743	0.353554	0.362743	0.362743	0.353554	0.569182	0.353554	0.353554	0.569182	0.58315	0.569182	0.362743	0.353554	0.569182	0.353554
Sq = 	-2.76456e-21	0.385803	0.561488	0.385803	0.385803	0.561488	0.651618	0.561488	0.561488	0.651618	2.04921	0.651618	0.385803	0.561488	0.651618	0.561488
44 rounds of non-Gaussian ED iteration : ground-state energy is -43.9391 | electron energy -44.1953 + phonon energy 0.256182 | electron momentum kIdx = 0
Nq = 	16	0.362828	0.353557	0.362828	0.362828	0.353557	0.569259	0.353557	0.353557	0.569259	0.583164	0.569259	0.362828	0.353557	0.569259	0.353557
Sq = 	6.15882e-18	0.385783	0.561466	0.385783	0.385783	0.561466	0.65158	0.561466	0.561466	0.65158	2.0489	0.65158	0.385783	0.561466	0.65158	0.561466
45 rounds of non-Gaussian ED iteration : ground-state energy is -43.9398 | electron energy -44.1965 + phonon energy 0.256725 | electron momentum kIdx = 0
Nq = 	16	0.362904	0.35356	0.362904	0.362904	0.35356	0.569328	0.35356	0.35356	0.569328	0.583178	0.569328	0.362904	0.35356	0.569328	0.35356
Sq = 	-6.72944e-18	0.385765	0.561445	0.385765	0.385765	0.561445	0.651547	0.561445	0.561445	0.651547	2.04862	0.651547	0.385765	0.561445	0.651547	0.561445
46 rounds of non-Gaussian ED iteration : ground-state energy is -43.9403 | electron energy -44.1975 + phonon energy 0.257212 | electron momentum kIdx = 0
Nq = 	16	0.362972	0.353563	0.362972	0.362972	0.353563	0.56939	0.353563	0.353563	0.56939	0.583189	0.56939	0.362972	0.353563	0.56939	0.353563
Sq = 	3.45251e-20	0.385749	0.561427	0.385749	0.385749	0.561427	0.651517	0.561427	0.561427	0.651517	2.04836	0.651517	0.385749	0.561427	0.651517	0.561427
47 rounds of non-Gaussian ED iteration : ground-state energy is -43.9408 | electron energy -44.1984 + phonon energy 0.257649 | electron momentum kIdx = 0
Nq = 	16	0.363034	0.353565	0.363034	0.363034	0.353565	0.569445	0.353565	0.353565	0.569445	0.5832	0.569445	0.363034	0.353565	0.569445	0.353565
Sq = 	-2.39341e-18	0.385734	0.561411	0.385734	0.385734	0.561411	0.65149	0.561411	0.561411	0.65149	2.04813	0.65149	0.385734	0.561411	0.65149	0.561411
48 rounds of non-Gaussian ED iteration : ground-state energy is -43.9411 | electron energy -44.1992 + phonon energy 0.25804 | electron momentum kIdx = 0
Nq = 	16	0.363089	0.353566	0.363089	0.363089	0.353566	0.569496	0.353566	0.353566	0.569496	0.583209	0.569496	0.363089	0.353566	0.569496	0.353566
Sq = 	1.1556e-18	0.385721	0.561397	0.385721	0.385721	0.561397	0.651465	0.561397	0.561397	0.651465	2.04793	0.651465	0.385721	0.561397	0.651465	0.561397
49 rounds of non-Gaussian ED iteration : ground-state energy is -43.9414 | electron energy -44.1998 + phonon energy 0.258391 | electron momentum kIdx = 0
Nq = 	16	0.363139	0.353568	0.363139	0.363139	0.353568	0.569541	0.353568	0.353568	0.569541	0.583217	0.569541	0.363139	0.353568	0.569541	0.353568
Sq = 	-6.73838e-18	0.38571	0.561384	0.38571	0.38571	0.561384	0.651444	0.561384	0.561384	0.651444	2.04774	0.651444	0.38571	0.561384	0.651444	0.561384
50 rounds of non-Gaussian ED iteration : ground-state energy is -43.9417 | electron energy -44.2004 + phonon energy 0.258706 | electron momentum kIdx = 0
Nq = 	16	0.363184	0.353569	0.363184	0.363184	0.353569	0.569581	0.353569	0.353569	0.569581	0.583224	0.569581	0.363184	0.353569	0.569581	0.353569
Sq = 	5.90353e-18	0.385699	0.561372	0.385699	0.385699	0.561372	0.651424	0.561372	0.561372	0.651424	2.04758	0.651424	0.385699	0.561372	0.651424	0.561372
51 rounds of non-Gaussian ED iteration : ground-state energy is -43.9419 | electron energy -44.2009 + phonon energy 0.258988 | electron momentum kIdx = 0
Nq = 	16	0.363224	0.35357	0.363224	0.363224	0.35357	0.569618	0.35357	0.35357	0.569618	0.58323	0.569618	0.363224	0.35357	0.569618	0.35357
Sq = 	9.34665e-18	0.385689	0.561361	0.385689	0.385689	0.561361	0.651406	0.561361	0.561361	0.651406	2.04743	0.651406	0.385689	0.561361	0.651406	0.561361
52 rounds of non-Gaussian ED iteration : ground-state energy is -43.942 | electron energy -44.2013 + phonon energy 0.259241 | electron momentum kIdx = 0
Nq = 	16	0.36326	0.353571	0.36326	0.36326	0.353571	0.56965	0.353571	0.353571	0.56965	0.583236	0.56965	0.36326	0.353571	0.56965	0.353571
Sq = 	1.57532e-18	0.385681	0.561352	0.385681	0.385681	0.561352	0.651391	0.561352	0.561352	0.651391	2.0473	0.651391	0.385681	0.561352	0.651391	0.561352
53 rounds of non-Gaussian ED iteration : ground-state energy is -43.9422 | electron energy -44.2016 + phonon energy 0.259468 | electron momentum kIdx = 0
Nq = 	16	0.363293	0.353572	0.363293	0.363293	0.353572	0.56968	0.353572	0.353572	0.56968	0.583241	0.56968	0.363293	0.353572	0.56968	0.353572
Sq = 	1.2952e-17	0.385673	0.561343	0.385673	0.385673	0.561343	0.651377	0.561343	0.561343	0.651377	2.04718	0.651377	0.385673	0.561343	0.651377	0.561343
54 rounds of non-Gaussian ED iteration : ground-state energy is -43.9423 | electron energy -44.202 + phonon energy 0.259671 | electron momentum kIdx = 0
Nq = 	16	0.363322	0.353573	0.363322	0.363322	0.353573	0.569706	0.353573	0.353573	0.569706	0.583245	0.569706	0.363322	0.353573	0.569706	0.353573
Sq = 	-1.26754e-18	0.385666	0.561336	0.385666	0.385666	0.561336	0.651364	0.561336	0.561336	0.651364	2.04707	0.651364	0.385666	0.561336	0.651364	0.561336
55 rounds of non-Gaussian ED iteration : ground-state energy is -43.9424 | electron energy -44.2022 + phonon energy 0.259854 | electron momentum kIdx = 0
Nq = 	16	0.363348	0.353574	0.363348	0.363348	0.353574	0.56973	0.353574	0.353574	0.56973	0.583249	0.56973	0.363348	0.353574	0.56973	0.353574
Sq = 	5.62198e-18	0.38566	0.561329	0.38566	0.38566	0.561329	0.651352	0.561329	0.561329	0.651352	2.04697	0.651352	0.38566	0.561329	0.651352	0.561329
56 rounds of non-Gaussian ED iteration : ground-state energy is -43.9425 | electron energy -44.2025 + phonon energy 0.260017 | electron momentum kIdx = 0
Nq = 	16	0.363372	0.353574	0.363372	0.363372	0.353574	0.569751	0.353574	0.353574	0.569751	0.583253	0.569751	0.363372	0.353574	0.569751	0.353574
Sq = 	-5.19593e-18	0.385655	0.561323	0.385655	0.385655	0.561323	0.651342	0.561323	0.561323	0.651342	2.04689	0.651342	0.385655	0.561323	0.651342	0.561323
57 rounds of non-Gaussian ED iteration : ground-state energy is -43.9425 | electron energy -44.2027 + phonon energy 0.260164 | electron momentum kIdx = 0
Nq = 	16	0.363393	0.353575	0.363393	0.363393	0.353575	0.56977	0.353575	0.353575	0.56977	0.583256	0.56977	0.363393	0.353575	0.56977	0.353575
Sq = 	-2.28842e-18	0.38565	0.561317	0.38565	0.38565	0.561317	0.651333	0.561317	0.561317	0.651333	2.04681	0.651333	0.38565	0.561317	0.651333	0.561317
58 rounds of non-Gaussian ED iteration : ground-state energy is -43.9426 | electron energy -44.2029 + phonon energy 0.260296 | electron momentum kIdx = 0
Nq = 	16	0.363412	0.353575	0.363412	0.363412	0.353575	0.569788	0.353575	0.353575	0.569788	0.583258	0.569788	0.363412	0.353575	0.569788	0.353575
Sq = 	-6.74285e-18	0.385645	0.561313	0.385645	0.385645	0.561313	0.651325	0.561313	0.561313	0.651325	2.04674	0.651325	0.385645	0.561313	0.651325	0.561313
59 rounds of non-Gaussian ED iteration : ground-state energy is -43.9426 | electron energy -44.203 + phonon energy 0.260413 | electron momentum kIdx = 0
Nq = 	16	0.363429	0.353576	0.363429	0.363429	0.353576	0.569803	0.353576	0.353576	0.569803	0.583261	0.569803	0.363429	0.353576	0.569803	0.353576
Sq = 	-8.43188e-19	0.385641	0.561308	0.385641	0.385641	0.561308	0.651317	0.561308	0.561308	0.651317	2.04667	0.651317	0.385641	0.561308	0.651317	0.561308
60 rounds of non-Gaussian ED iteration : ground-state energy is -43.9426 | electron energy -44.2032 + phonon energy 0.260519 | electron momentum kIdx = 0
Nq = 	16	0.363444	0.353576	0.363444	0.363444	0.353576	0.569817	0.353576	0.353576	0.569817	0.583263	0.569817	0.363444	0.353576	0.569817	0.353576
Sq = 	2.27692e-18	0.385637	0.561304	0.385637	0.385637	0.561304	0.651311	0.561304	0.561304	0.651311	2.04662	0.651311	0.385637	0.561304	0.651311	0.561304
61 rounds of non-Gaussian ED iteration : ground-state energy is -43.9427 | electron energy -44.2033 + phonon energy 0.260614 | electron momentum kIdx = 0
Nq = 	16	0.363458	0.353576	0.363458	0.363458	0.353576	0.56983	0.353576	0.353576	0.56983	0.583265	0.56983	0.363458	0.353576	0.56983	0.353576
Sq = 	3.1561e-18	0.385634	0.561301	0.385634	0.385634	0.561301	0.651305	0.561301	0.561301	0.651305	2.04657	0.651305	0.385634	0.561301	0.651305	0.561301
62 rounds of non-Gaussian ED iteration : ground-state energy is -43.9427 | electron energy -44.2034 + phonon energy 0.260699 | electron momentum kIdx = 0
Nq = 	16	0.36347	0.353576	0.36347	0.36347	0.353576	0.569841	0.353576	0.353576	0.569841	0.583266	0.569841	0.36347	0.353576	0.569841	0.353576
Sq = 	1.82921e-17	0.385631	0.561297	0.385631	0.385631	0.561297	0.651299	0.561297	0.561297	0.6513	2.04652	0.6513	0.385631	0.561297	0.651299	0.561297
63 rounds of non-Gaussian ED iteration : ground-state energy is -43.9427 | electron energy -44.2035 + phonon energy 0.260776 | electron momentum kIdx = 0
Nq = 	16	0.363481	0.353577	0.363481	0.363481	0.353577	0.569851	0.353577	0.353577	0.569851	0.583268	0.569851	0.363481	0.353577	0.569851	0.353577
Sq = 	-1.13593e-17	0.385629	0.561295	0.385629	0.385629	0.561295	0.651295	0.561295	0.561295	0.651295	2.04648	0.651295	0.385629	0.561295	0.651295	0.561295
64 rounds of non-Gaussian ED iteration : ground-state energy is -43.9427 | electron energy -44.2036 + phonon energy 0.260844 | electron momentum kIdx = 0
Nq = 	16	0.363491	0.353577	0.363491	0.363491	0.353577	0.56986	0.353577	0.353577	0.56986	0.583269	0.56986	0.363491	0.353577	0.56986	0.353577
Sq = 	2.32034e-18	0.385626	0.561292	0.385626	0.385626	0.561292	0.65129	0.561292	0.561292	0.65129	2.04645	0.65129	0.385626	0.561292	0.65129	0.561292
65 rounds of non-Gaussian ED iteration : ground-state energy is -43.9427 | electron energy -44.2036 + phonon energy 0.260906 | electron momentum kIdx = 0
Nq = 	16	0.3635	0.353577	0.3635	0.3635	0.353577	0.569868	0.353577	0.353577	0.569868	0.58327	0.569868	0.3635	0.353577	0.569868	0.353577
Sq = 	1.16614e-18	0.385624	0.56129	0.385624	0.385624	0.56129	0.651287	0.56129	0.56129	0.651287	2.04641	0.651287	0.385624	0.56129	0.651287	0.56129
66 rounds of non-Gaussian ED iteration : ground-state energy is -43.9427 | electron energy -44.2037 + phonon energy 0.260961 | electron momentum kIdx = 0
Nq = 	16	0.363509	0.353577	0.363509	0.363509	0.353577	0.569876	0.353577	0.353577	0.569876	0.583271	0.569876	0.363509	0.353577	0.569876	0.353577
Sq = 	5.91191e-18	0.385622	0.561288	0.385622	0.385622	0.561288	0.651283	0.561288	0.561288	0.651283	2.04638	0.651283	0.385622	0.561288	0.651283	0.561288
67 rounds of non-Gaussian ED iteration : ground-state energy is -43.9427 | electron energy -44.2038 + phonon energy 0.26101 | electron momentum kIdx = 0
Nq = 	16	0.363516	0.353577	0.363516	0.363516	0.353577	0.569882	0.353577	0.353577	0.569882	0.583272	0.569882	0.363516	0.353577	0.569882	0.353577
Sq = 	1.29099e-19	0.38562	0.561286	0.38562	0.38562	0.561286	0.65128	0.561286	0.561286	0.65128	2.04636	0.65128	0.38562	0.561286	0.65128	0.561286
68 rounds of non-Gaussian ED iteration : ground-state energy is -43.9428 | electron energy -44.2038 + phonon energy 0.261055 | electron momentum kIdx = 0
Nq = 	16	0.363522	0.353577	0.363522	0.363522	0.353577	0.569888	0.353577	0.353577	0.569888	0.583273	0.569888	0.363522	0.353577	0.569888	0.353577
Sq = 	-1.28811e-18	0.385619	0.561284	0.385619	0.385619	0.561284	0.651277	0.561284	0.561284	0.651277	2.04633	0.651277	0.385619	0.561284	0.651277	0.561284
69 rounds of non-Gaussian ED iteration : ground-state energy is -43.9428 | electron energy -44.2039 + phonon energy 0.261094 | electron momentum kIdx = 0
Nq = 	16	0.363528	0.353578	0.363528	0.363528	0.353578	0.569893	0.353578	0.353578	0.569893	0.583274	0.569893	0.363528	0.353578	0.569893	0.353578
Sq = 	2.15319e-18	0.385618	0.561283	0.385618	0.385618	0.561283	0.651275	0.561283	0.561283	0.651275	2.04631	0.651275	0.385618	0.561283	0.651275	0.561283
70 rounds of non-Gaussian ED iteration : ground-state energy is -43.9428 | electron energy -44.2039 + phonon energy 0.26113 | electron momentum kIdx = 0
Nq = 	16	0.363533	0.353578	0.363533	0.363533	0.353578	0.569898	0.353578	0.353578	0.569898	0.583274	0.569898	0.363533	0.353578	0.569898	0.353578
Sq = 	4.58716e-18	0.385616	0.561281	0.385616	0.385616	0.561281	0.651272	0.561281	0.561281	0.651272	2.04629	0.651272	0.385616	0.561281	0.651272	0.561281
71 rounds of non-Gaussian ED iteration : ground-state energy is -43.9428 | electron energy -44.2039 + phonon energy 0.261162 | electron momentum kIdx = 0
Nq = 	16	0.363538	0.353578	0.363538	0.363538	0.353578	0.569902	0.353578	0.353578	0.569902	0.583275	0.569902	0.363538	0.353578	0.569902	0.353578
Sq = 	-1.17981e-17	0.385615	0.56128	0.385615	0.385615	0.56128	0.65127	0.56128	0.56128	0.65127	2.04627	0.65127	0.385615	0.56128	0.65127	0.56128
72 rounds of non-Gaussian ED iteration : ground-state energy is -43.9428 | electron energy -44.204 + phonon energy 0.261191 | electron momentum kIdx = 0
Nq = 	16	0.363542	0.353578	0.363542	0.363542	0.353578	0.569906	0.353578	0.353578	0.569906	0.583275	0.569906	0.363542	0.353578	0.569906	0.353578
Sq = 	8.51945e-18	0.385614	0.561279	0.385614	0.385614	0.561279	0.651268	0.561279	0.561279	0.651268	2.04626	0.651268	0.385614	0.561279	0.651268	0.561279
73 rounds of non-Gaussian ED iteration : ground-state energy is -43.9428 | electron energy -44.204 + phonon energy 0.261217 | electron momentum kIdx = 0
Nq = 	16	0.363546	0.353578	0.363546	0.363546	0.353578	0.56991	0.353578	0.353578	0.56991	0.583276	0.56991	0.363546	0.353578	0.56991	0.353578
Sq = 	4.59693e-18	0.385613	0.561278	0.385613	0.385613	0.561278	0.651267	0.561278	0.561278	0.651267	2.04625	0.651267	0.385613	0.561278	0.651267	0.561278
74 rounds of non-Gaussian ED iteration : ground-state energy is -43.9428 | electron energy -44.204 + phonon energy 0.26124 | electron momentum kIdx = 0
Nq = 	16	0.36355	0.353578	0.36355	0.36355	0.353578	0.569913	0.353578	0.353578	0.569913	0.583276	0.569913	0.36355	0.353578	0.569913	0.353578
Sq = 	7.17196e-19	0.385612	0.561277	0.385612	0.385612	0.561277	0.651265	0.561277	0.561277	0.651265	2.04623	0.651265	0.385612	0.561277	0.651265	0.561277
75 rounds of non-Gaussian ED iteration : ground-state energy is -43.9428 | electron energy -44.204 + phonon energy 0.261261 | electron momentum kIdx = 0
Nq = 	16	0.363553	0.353578	0.363553	0.363553	0.353578	0.569916	0.353578	0.353578	0.569916	0.583277	0.569916	0.363553	0.353578	0.569916	0.353578
Sq = 	7.74998e-18	0.385612	0.561276	0.385612	0.385612	0.561276	0.651264	0.561276	0.561276	0.651264	2.04622	0.651264	0.385612	0.561276	0.651264	0.561276
76 rounds of non-Gaussian ED iteration : ground-state energy is -43.9428 | electron energy -44.2041 + phonon energy 0.261279 | electron momentum kIdx = 0
Nq = 	16	0.363555	0.353578	0.363555	0.363555	0.353578	0.569918	0.353578	0.353578	0.569918	0.583277	0.569918	0.363555	0.353578	0.569918	0.353578
Sq = 	5.04417e-18	0.385611	0.561276	0.385611	0.385611	0.561276	0.651263	0.561276	0.561276	0.651263	2.04621	0.651263	0.385611	0.561276	0.651263	0.561276
77 rounds of non-Gaussian ED iteration : ground-state energy is -43.9428 | electron energy -44.2041 + phonon energy 0.261296 | electron momentum kIdx = 0
Nq = 	16	0.363558	0.353578	0.363558	0.363558	0.353578	0.569921	0.353578	0.353578	0.569921	0.583277	0.569921	0.363558	0.353578	0.569921	0.353578
Sq = 	-2.32335e-18	0.385611	0.561275	0.385611	0.385611	0.561275	0.651262	0.561275	0.561275	0.651262	2.0462	0.651262	0.385611	0.561275	0.651262	0.561275
Ground state is obtained after 78 iterations. The current ground-state energy is -43.9428, in which electron energy is -44.2041 and phonon energy is 0.261311
o___o  -------------------------------------
| L |	Time since last clock: 6h 43m 9.665s
A===A	Time since the beginning: 6h 43m 9.665s
********************************************

************************************************************************************
