SNEDics v3.4 Non-Gaussian ED ground state program		Start at Sun Mar  1 11:55:15 2020

parallized on 16 MPI threads  * 8 OpenMP threads = 128 total threads.
********************************************************************************************************************
********************************************************************************************************************

********************************************************************************************************************
System parameters and configurations
********************************************************************************************************************
Special program options are enabled: splitted diagonal Hamiltonian
********************************************************************************************************************
Read input file "model_params.in"
	Hubbard-Holstein model parameters : 	t = 1    U = 8    g = 3    W = 2    
********************************************************************************************************************
Read input file "hilbertspace_params.in"
	Requested 16-site 2D lattice, with 16 electrons (8, 8)
	Boundary : Periodic		Hilbert space representation : momentum-space (restricted to kIdx = 10)
	Conservation: particle number[U(1)]      spin[U(1)]     momentum
********************************************************************************************************************

Cluster Positions:				Cluster symmetry group : D4
 x ... x ... x ... x .....                       x ... x ... x ... x .....
 |           |           :                       |           |           :
 |           |           :                       |           |           :
12    13    14    15     x                       1     5     6     5     x
 |           |           :                       |           |           :
 |           |           :                       |           |           :
 8 --- 9 ---10 ---11 --- x                       2 --- 6 ---10 --- 6 --- x
 |           |           :                       |           |           :
 |           |           :                       |           |           :
 4     5     6     7     x                       1     5     6     5     x
 |           |           :                       |           |           :
 |           |           :                       |           |           :
 0 --- 1 --- 2 --- 3 --- x                       0 --- 1 --- 2 --- 1 --- x
orbital number : 1
********************************************************************************************************************
Read input file "obs_params.in"
	Observable Type : Nq(All),   Sq(All),   N(All),   Delta[s](All),   Delta[d](All),   Delta[s+](All)
********************************************************************************************************************
** WARNING ** the input observables have non-local factors which have been reinterpreted. The total observable number is 96
********************************************************************************************************************


********************************************************************************************************************
Start calculating the non-Gaussian ED ground state
** WARNING ** Detected low phonon energy W < 10. The initial state will be prepared through a warm-up process.
********************************************************************************************************************
Start warm-up calculation for scaling factor 8
open output files: NGSEDWarmUpW16Obs.txt
********************************************************************************************************************
Start the 0 rounds of NGS-ED iteration
	effective electronic model is modified as: kinetic energy t = 1
	                                           effective interaction Vq = [-0,-0,-0,-0,-0,-0,-0,-0,-0,-0,-0,-0,-0,-0,-0,-0]
	first Hamiltonian is constructed, non-zero numbers = 2845334624
	PARPACK diagonalization completed after 105 matrix-vector product operations.
	iteration results: : total energy is -8.284915 | electron energy -8.284915 + phonon energy 0.000000 | electron momentum kIdx = 10
	Nq(0) = 16,	Nq(1) = 0.0623747,	Nq(2) = 0.108897,	Nq(3) = 0.0623747,	Nq(4) = 0.0623747,	Nq(5) = 0.108897,	Nq(6) = 0.15084,	Nq(7) = 0.108897,	Nq(8) = 0.108897,	Nq(9) = 0.15084,	Nq(10) = 0.189673,	Nq(11) = 0.15084,	Nq(12) = 0.0623747,	Nq(13) = 0.108897,	Nq(14) = 0.15084,	Nq(15) = 0.108897,	Sq(0) = 3.91852e-19,	Sq(1) = 0.234593,	Sq(2) = 0.384437,	Sq(3) = 0.234593,	Sq(4) = 0.234593,	Sq(5) = 0.384437,	Sq(6) = 0.569544,	Sq(7) = 0.384437,	Sq(8) = 0.384437,	Sq(9) = 0.569544,	Sq(10) = 8.78091,	Sq(11) = 0.569544,	Sq(12) = 0.234593,	Sq(13) = 0.384437,	Sq(14) = 0.569544,	Sq(15) = 0.384437,	N(0) = 1.77141,	N(1) = 1.55608,	N(2) = 1,	N(3) = 1.55608,	N(4) = 1.55608,	N(5) = 1,	N(6) = 0.443921,	N(7) = 1,	N(8) = 1,	N(9) = 0.443921,	N(10) = 0.228587,	N(11) = 0.443921,	N(12) = 1.55608,	N(13) = 1,	N(14) = 0.443921,	N(15) = 1,	Delta[s](0) = 0.0809073,	Delta[s](1) = 0.067946,	Delta[s](2) = 0.0539559,	Delta[s](3) = 0.067946,	Delta[s](4) = 0.067946,	Delta[s](5) = 0.0539559,	Delta[s](6) = 0.0384522,	Delta[s](7) = 0.0539559,	Delta[s](8) = 0.0539559,	Delta[s](9) = 0.0384522,	Delta[s](10) = 0.0177217,	Delta[s](11) = 0.0384522,	Delta[s](12) = 0.067946,	Delta[s](13) = 0.0539559,	Delta[s](14) = 0.0384522,	Delta[s](15) = 0.0539559,	Delta[d](0) = 0.562503,	Delta[d](1) = 0.470164,	Delta[d](2) = 0.389108,	Delta[d](3) = 0.470164,	Delta[d](4) = 0.470164,	Delta[d](5) = 0.412255,	Delta[d](6) = 0.342624,	Delta[d](7) = 0.412255,	Delta[d](8) = 0.389108,	Delta[d](9) = 0.342624,	Delta[d](10) = 0.278044,	Delta[d](11) = 0.342624,	Delta[d](12) = 0.470164,	Delta[d](13) = 0.412255,	Delta[d](14) = 0.342624,	Delta[d](15) = 0.412255,	Delta[s+](0) = 0.602481,	Delta[s+](1) = 0.50643,	Delta[s+](2) = 0.389108,	Delta[s+](3) = 0.50643,	Delta[s+](4) = 0.50643,	Delta[s+](5) = 0.389108,	Delta[s+](6) = 0.270031,	Delta[s+](7) = 0.389108,	Delta[s+](8) = 0.389108,	Delta[s+](9) = 0.270031,	Delta[s+](10) = 0.161073,	Delta[s+](11) = 0.270031,	Delta[s+](12) = 0.50643,	Delta[s+](13) = 0.389108,	Delta[s+](14) = 0.270031,	Delta[s+](15) = 0.389108
The 0-th iteration is completed.	|| time cost : 0h 8m 18.077s
********************************************************************************************************************
Start the 1 rounds of NGS-ED iteration
	effective electronic model is modified as: kinetic energy t = 0.90355
	                                           effective interaction Vq = [-4.31657,-3.87505,-3.80865,-3.87505,-3.87505,-3.80865,-3.76635,-3.80865,-3.80865,-3.76635,-3.73366,-3.76635,-3.87505,-3.80865,-3.76635,-3.80865]
	PARPACK diagonalization completed after 45 matrix-vector product operations.
	iteration results: : total energy is -89.414873 | electron energy -89.420184 + phonon energy 0.005312 | electron momentum kIdx = 10
The 1-th iteration is completed.	|| time cost : 0h 7m 13.584s
********************************************************************************************************************
Start the 2 rounds of NGS-ED iteration
	effective electronic model is modified as: kinetic energy t = 0.839499
	                                           effective interaction Vq = [-4.49252,-4.40463,-4.30886,-4.40463,-4.40463,-4.30886,-4.31909,-4.30886,-4.30886,-4.31909,-4.26007,-4.31909,-4.40463,-4.30886,-4.31909,-4.30886]
	PARPACK diagonalization completed after 45 matrix-vector product operations.
	iteration results: : total energy is -94.799693 | electron energy -94.848546 + phonon energy 0.048853 | electron momentum kIdx = 10
The 2-th iteration is completed.	|| time cost : 0h 0m 32.491s
********************************************************************************************************************
Start the 3 rounds of NGS-ED iteration
	effective electronic model is modified as: kinetic energy t = 0.816526
	                                           effective interaction Vq = [ -4.4997, -4.4597,-4.43773, -4.4597, -4.4597,-4.43773,-4.39814,-4.43773,-4.43773,-4.39814,-4.33792,-4.39814, -4.4597,-4.43773,-4.39814,-4.43773]
	PARPACK diagonalization completed after 30 matrix-vector product operations.
	iteration results: : total energy is -95.222841 | electron energy -95.292246 + phonon energy 0.069405 | electron momentum kIdx = 10
The 3-th iteration is completed.	|| time cost : 0h 0m 27.766s
********************************************************************************************************************
Start the 4 rounds of NGS-ED iteration
	effective electronic model is modified as: kinetic energy t = 0.811788
	                                           effective interaction Vq = [-4.49999,-4.46709,-4.45589,-4.46709,-4.46709,-4.45589,-4.41099,-4.45589,-4.45589,-4.41099,-4.35154,-4.41099,-4.46709,-4.45589,-4.41099,-4.45589]
	PARPACK diagonalization completed after 30 matrix-vector product operations.
	iteration results: : total energy is -95.240651 | electron energy -95.315424 + phonon energy 0.074774 | electron momentum kIdx = 10
The 4-th iteration is completed.	|| time cost : 0h 0m 27.763s
********************************************************************************************************************
Start the 5 rounds of NGS-ED iteration
	effective electronic model is modified as: kinetic energy t = 0.810849
	                                           effective interaction Vq = [    -4.5,-4.46834,-4.45913,-4.46834,-4.46834,-4.45913,-4.41345,-4.45913,-4.45913,-4.41345,-4.35425,-4.41345,-4.46834,-4.45913,-4.41345,-4.45913]
	PARPACK diagonalization completed after 105 matrix-vector product operations.
	iteration results: : total energy is -95.521982 | electron energy -95.597895 + phonon energy 0.075913 | electron momentum kIdx = 10
The 5-th iteration is completed.	|| time cost : 0h 0m 51.949s
********************************************************************************************************************
Start the 6 rounds of NGS-ED iteration
	effective electronic model is modified as: kinetic energy t = 0.808294
	                                           effective interaction Vq = [    -4.5,-4.46582,-4.46577,-4.46582,-4.46582,-4.46577,-4.40926,-4.46577,-4.46577,-4.40926,-4.41904,-4.40926,-4.46582,-4.46577,-4.40926,-4.46577]
	PARPACK diagonalization completed after 45 matrix-vector product operations.
	iteration results: : total energy is -95.543193 | electron energy -95.621541 + phonon energy 0.078347 | electron momentum kIdx = 10
The 6-th iteration is completed.	|| time cost : 0h 0m 32.606s
********************************************************************************************************************
Start the 7 rounds of NGS-ED iteration
	effective electronic model is modified as: kinetic energy t = 0.807287
	                                           effective interaction Vq = [    -4.5,-4.46578,-4.46476,-4.46578,-4.46578,-4.46476,-4.40909,-4.46476,-4.46476,-4.40909,-4.44863,-4.40909,-4.46578,-4.46476,-4.40909,-4.46476]
	PARPACK diagonalization completed after 45 matrix-vector product operations.
	iteration results: : total energy is -95.570108 | electron energy -95.649937 + phonon energy 0.079828 | electron momentum kIdx = 10
The 7-th iteration is completed.	|| time cost : 0h 0m 32.59s
********************************************************************************************************************
Start the 8 rounds of NGS-ED iteration
	effective electronic model is modified as: kinetic energy t = 0.809937
	                                           effective interaction Vq = [    -4.5,-4.46516,-4.43241,-4.46516,-4.46516,-4.43241,-4.40829,-4.43241,-4.43241,-4.40829,-4.48621,-4.40829,-4.46516,-4.43241,-4.40829,-4.43241]
	PARPACK diagonalization completed after 30 matrix-vector product operations.
	iteration results: : total energy is -95.688243 | electron energy -95.768270 + phonon energy 0.080027 | electron momentum kIdx = 10
The 8-th iteration is completed.	|| time cost : 0h 0m 27.765s
********************************************************************************************************************
Start the 9 rounds of NGS-ED iteration
	effective electronic model is modified as: kinetic energy t = 0.814479
	                                           effective interaction Vq = [    -4.5,-4.46146,-4.39197,-4.46146,-4.46146,-4.39197,-4.40262,-4.39197,-4.39197,-4.40262,-4.49342,-4.40262,-4.46146,-4.39197,-4.40262,-4.39197]
	PARPACK diagonalization completed after 30 matrix-vector product operations.
	iteration results: : total energy is -95.714549 | electron energy -95.792950 + phonon energy 0.078401 | electron momentum kIdx = 10
The 9-th iteration is completed.	|| time cost : 0h 0m 27.744s
********************************************************************************************************************
Start the 10 rounds of NGS-ED iteration
	effective electronic model is modified as: kinetic energy t = 0.815602
	                                           effective interaction Vq = [    -4.5,-4.45988,-4.38186,-4.45988,-4.45988,-4.38186, -4.4003,-4.38186,-4.38186, -4.4003,-4.49457, -4.4003,-4.45988,-4.38186, -4.4003,-4.38186]
	PARPACK diagonalization completed after 30 matrix-vector product operations.
	iteration results: : total energy is -95.715819 | electron energy -95.793484 + phonon energy 0.077665 | electron momentum kIdx = 10
	Nq(0) = 16,	Nq(1) = 0.353049,	Nq(2) = 0.374467,	Nq(3) = 0.353049,	Nq(4) = 0.353049,	Nq(5) = 0.374467,	Nq(6) = 0.616591,	Nq(7) = 0.374467,	Nq(8) = 0.374467,	Nq(9) = 0.616591,	Nq(10) = 4.00029,	Nq(11) = 0.616591,	Nq(12) = 0.353049,	Nq(13) = 0.374467,	Nq(14) = 0.616591,	Nq(15) = 0.374467,	Sq(0) = 3.04948e-18,	Sq(1) = 0.295129,	Sq(2) = 0.341739,	Sq(3) = 0.295129,	Sq(4) = 0.295129,	Sq(5) = 0.341739,	Sq(6) = 0.518462,	Sq(7) = 0.341739,	Sq(8) = 0.341739,	Sq(9) = 0.518462,	Sq(10) = 0.569549,	Sq(11) = 0.518462,	Sq(12) = 0.295129,	Sq(13) = 0.341739,	Sq(14) = 0.518462,	Sq(15) = 0.341739,	N(0) = 1.9939,	N(1) = 1.98358,	N(2) = 1,	N(3) = 1.98358,	N(4) = 1.98358,	N(5) = 1,	N(6) = 0.0164191,	N(7) = 1,	N(8) = 1,	N(9) = 0.0164191,	N(10) = 0.00610383,	N(11) = 0.0164191,	N(12) = 1.98358,	N(13) = 1,	N(14) = 0.0164191,	N(15) = 1,	Delta[s](0) = 0.440298,	Delta[s](1) = 0.333566,	Delta[s](2) = 0.325522,	Delta[s](3) = 0.333566,	Delta[s](4) = 0.333566,	Delta[s](5) = 0.325522,	Delta[s](6) = 0.270942,	Delta[s](7) = 0.325522,	Delta[s](8) = 0.325522,	Delta[s](9) = 0.270942,	Delta[s](10) = 0.251361,	Delta[s](11) = 0.270942,	Delta[s](12) = 0.333566,	Delta[s](13) = 0.325522,	Delta[s](14) = 0.270942,	Delta[s](15) = 0.325522,	Delta[d](0) = 0.231382,	Delta[d](1) = 0.233981,	Delta[d](2) = 0.227605,	Delta[d](3) = 0.233981,	Delta[d](4) = 0.233981,	Delta[d](5) = 0.148317,	Delta[d](6) = 0.192346,	Delta[d](7) = 0.148317,	Delta[d](8) = 0.227605,	Delta[d](9) = 0.192346,	Delta[d](10) = 0.0652094,	Delta[d](11) = 0.192346,	Delta[d](12) = 0.233981,	Delta[d](13) = 0.148317,	Delta[d](14) = 0.192346,	Delta[d](15) = 0.148317,	Delta[s+](0) = 0.435831,	Delta[s+](1) = 0.348321,	Delta[s+](2) = 0.227605,	Delta[s+](3) = 0.348321,	Delta[s+](4) = 0.348321,	Delta[s+](5) = 0.227605,	Delta[s+](6) = 0.106361,	Delta[s+](7) = 0.227605,	Delta[s+](8) = 0.227605,	Delta[s+](9) = 0.106361,	Delta[s+](10) = 0.0364752,	Delta[s+](11) = 0.106361,	Delta[s+](12) = 0.348321,	Delta[s+](13) = 0.227605,	Delta[s+](14) = 0.106361,	Delta[s+](15) = 0.227605
The 10-th iteration is completed.	|| time cost : 0h 4m 40.652s
********************************************************************************************************************
Start the 11 rounds of NGS-ED iteration
	effective electronic model is modified as: kinetic energy t = 0.81587
	                                           effective interaction Vq = [    -4.5, -4.4594,-4.37966, -4.4594, -4.4594,-4.37966, -4.3996,-4.37966,-4.37966, -4.3996,-4.49479, -4.3996, -4.4594,-4.37966, -4.3996,-4.37966]
	PARPACK diagonalization completed after 30 matrix-vector product operations.
	iteration results: : total energy is -95.715879 | electron energy -95.793339 + phonon energy 0.077460 | electron momentum kIdx = 10
The 11-th iteration is completed.	|| time cost : 0h 0m 27.773s
********************************************************************************************************************
Start the 12 rounds of NGS-ED iteration
	effective electronic model is modified as: kinetic energy t = 0.815933
	                                           effective interaction Vq = [    -4.5,-4.45926,-4.37919,-4.45926,-4.45926,-4.37919, -4.3994,-4.37919,-4.37919, -4.3994,-4.49484, -4.3994,-4.45926,-4.37919, -4.3994,-4.37919]
	PARPACK diagonalization completed after 30 matrix-vector product operations.
	iteration results: : total energy is -95.715882 | electron energy -95.793289 + phonon energy 0.077407 | electron momentum kIdx = 10
	Nq(0) = 16,	Nq(1) = 0.352728,	Nq(2) = 0.374122,	Nq(3) = 0.352728,	Nq(4) = 0.352728,	Nq(5) = 0.374122,	Nq(6) = 0.616171,	Nq(7) = 0.374122,	Nq(8) = 0.374122,	Nq(9) = 0.616171,	Nq(10) = 4.00552,	Nq(11) = 0.616171,	Nq(12) = 0.352728,	Nq(13) = 0.374122,	Nq(14) = 0.616171,	Nq(15) = 0.374122,	Sq(0) = -6.97344e-18,	Sq(1) = 0.295062,	Sq(2) = 0.341724,	Sq(3) = 0.295062,	Sq(4) = 0.295062,	Sq(5) = 0.341724,	Sq(6) = 0.518473,	Sq(7) = 0.341724,	Sq(8) = 0.341724,	Sq(9) = 0.518473,	Sq(10) = 0.569666,	Sq(11) = 0.518473,	Sq(12) = 0.295062,	Sq(13) = 0.341724,	Sq(14) = 0.518473,	Sq(15) = 0.341724,	N(0) = 1.99388,	N(1) = 1.98355,	N(2) = 1,	N(3) = 1.98355,	N(4) = 1.98355,	N(5) = 1,	N(6) = 0.0164538,	N(7) = 1,	N(8) = 1,	N(9) = 0.0164538,	N(10) = 0.00611682,	N(11) = 0.0164538,	N(12) = 1.98355,	N(13) = 1,	N(14) = 0.0164538,	N(15) = 1,	Delta[s](0) = 0.439912,	Delta[s](1) = 0.333589,	Delta[s](2) = 0.325531,	Delta[s](3) = 0.333589,	Delta[s](4) = 0.333589,	Delta[s](5) = 0.325531,	Delta[s](6) = 0.270983,	Delta[s](7) = 0.325531,	Delta[s](8) = 0.325531,	Delta[s](9) = 0.270983,	Delta[s](10) = 0.251541,	Delta[s](11) = 0.270983,	Delta[s](12) = 0.333589,	Delta[s](13) = 0.325531,	Delta[s](14) = 0.270983,	Delta[s](15) = 0.325531,	Delta[d](0) = 0.231301,	Delta[d](1) = 0.233876,	Delta[d](2) = 0.227547,	Delta[d](3) = 0.233876,	Delta[d](4) = 0.233876,	Delta[d](5) = 0.148232,	Delta[d](6) = 0.192234,	Delta[d](7) = 0.148232,	Delta[d](8) = 0.227547,	Delta[d](9) = 0.192234,	Delta[d](10) = 0.0651212,	Delta[d](11) = 0.192234,	Delta[d](12) = 0.233876,	Delta[d](13) = 0.148232,	Delta[d](14) = 0.192234,	Delta[d](15) = 0.148232,	Delta[s+](0) = 0.435878,	Delta[s+](1) = 0.348294,	Delta[s+](2) = 0.227547,	Delta[s+](3) = 0.348294,	Delta[s+](4) = 0.348294,	Delta[s+](5) = 0.227547,	Delta[s+](6) = 0.106285,	Delta[s+](7) = 0.227547,	Delta[s+](8) = 0.227547,	Delta[s+](9) = 0.106285,	Delta[s+](10) = 0.0364285,	Delta[s+](11) = 0.106285,	Delta[s+](12) = 0.348294,	Delta[s+](13) = 0.227547,	Delta[s+](14) = 0.106285,	Delta[s+](15) = 0.227547
The 12-th iteration is completed.	|| time cost : 0h 4m 31.822s
********************************************************************************************************************
********************************************************************************************************************
Ground state is obtained after 13 iterations. The current ground-state energy is -95.7159, in which electron energy is -95.7933 and phonon energy is 0.0774069
final variational state is: 
	Gamma_x = [      1,1.01724,1.02926,1.01724,1.01724,1.02926,1.04506,1.02926,1.02926,1.04506,1.07637,1.04506,1.01724,1.02926,1.04506,1.02926]
	lambda_q = [ 0.53033, 0.47985,0.443401, 0.47985, 0.47985,0.443401,0.451014,0.443401,0.443401,0.451014,0.512381,0.451014, 0.47985,0.443401,0.451014,0.443401]
********************************************************************************************************************
o___o  ----------------------------------------
| L |	Time since last clock: 0h 0m 0s
A===A	Time since the beginning: 0h 29m 32.588s
***********************************************

********************************************************************************************************************
Start warm-up calculation for scaling factor 4
open output files: NGSEDWarmUpW8Obs.txt
********************************************************************************************************************
Start the 0 rounds of NGS-ED iteration
	effective electronic model is modified as: kinetic energy t = 0.815948
	                                           effective interaction Vq = [-4.11396,-3.91615,-3.74797,-3.91615,-3.91615,-3.74797,-3.78486,-3.74797,-3.74797,-3.78486, -4.0483,-3.78486,-3.91615,-3.74797,-3.78486,-3.74797]
	PARPACK diagonalization completed after 45 matrix-vector product operations.
	iteration results: : total energy is -84.330276 | electron energy -84.368972 + phonon energy 0.038697 | electron momentum kIdx = 10
	Nq(0) = 16,	Nq(1) = 0.35088,	Nq(2) = 0.355379,	Nq(3) = 0.35088,	Nq(4) = 0.35088,	Nq(5) = 0.355379,	Nq(6) = 0.568532,	Nq(7) = 0.355379,	Nq(8) = 0.355379,	Nq(9) = 0.568532,	Nq(10) = 3.34404,	Nq(11) = 0.568532,	Nq(12) = 0.35088,	Nq(13) = 0.355379,	Nq(14) = 0.568532,	Nq(15) = 0.355379,	Sq(0) = -6.60112e-19,	Sq(1) = 0.362927,	Sq(2) = 0.375198,	Sq(3) = 0.362927,	Sq(4) = 0.362927,	Sq(5) = 0.375198,	Sq(6) = 0.625611,	Sq(7) = 0.375198,	Sq(8) = 0.375198,	Sq(9) = 0.625611,	Sq(10) = 0.640697,	Sq(11) = 0.625611,	Sq(12) = 0.362927,	Sq(13) = 0.375198,	Sq(14) = 0.625611,	Sq(15) = 0.375198,	N(0) = 1.9982,	N(1) = 1.99674,	N(2) = 1,	N(3) = 1.99674,	N(4) = 1.99674,	N(5) = 1,	N(6) = 0.00326313,	N(7) = 1,	N(8) = 1,	N(9) = 0.00326313,	N(10) = 0.00179863,	N(11) = 0.00326313,	N(12) = 1.99674,	N(13) = 1,	N(14) = 0.00326313,	N(15) = 1,	Delta[s](0) = 0.350679,	Delta[s](1) = 0.29767,	Delta[s](2) = 0.293083,	Delta[s](3) = 0.29767,	Delta[s](4) = 0.29767,	Delta[s](5) = 0.293083,	Delta[s](6) = 0.256281,	Delta[s](7) = 0.293083,	Delta[s](8) = 0.293083,	Delta[s](9) = 0.256281,	Delta[s](10) = 0.251998,	Delta[s](11) = 0.256281,	Delta[s](12) = 0.29767,	Delta[s](13) = 0.293083,	Delta[s](14) = 0.256281,	Delta[s](15) = 0.293083,	Delta[d](0) = 0.24311,	Delta[d](1) = 0.255967,	Delta[d](2) = 0.249874,	Delta[d](3) = 0.255967,	Delta[d](4) = 0.255967,	Delta[d](5) = 0.164549,	Delta[d](6) = 0.214357,	Delta[d](7) = 0.164549,	Delta[d](8) = 0.249874,	Delta[d](9) = 0.214357,	Delta[d](10) = 0.0860011,	Delta[d](11) = 0.214357,	Delta[d](12) = 0.255967,	Delta[d](13) = 0.164549,	Delta[d](14) = 0.214357,	Delta[d](15) = 0.164549,	Delta[s+](0) = 0.479334,	Delta[s+](1) = 0.378588,	Delta[s+](2) = 0.249874,	Delta[s+](3) = 0.378588,	Delta[s+](4) = 0.378588,	Delta[s+](5) = 0.249874,	Delta[s+](6) = 0.123922,	Delta[s+](7) = 0.249874,	Delta[s+](8) = 0.249874,	Delta[s+](9) = 0.123922,	Delta[s+](10) = 0.0487956,	Delta[s+](11) = 0.123922,	Delta[s+](12) = 0.378588,	Delta[s+](13) = 0.249874,	Delta[s+](14) = 0.123922,	Delta[s+](15) = 0.249874
The 0-th iteration is completed.	|| time cost : 0h 4m 36.99s
********************************************************************************************************************
Start the 1 rounds of NGS-ED iteration
	effective electronic model is modified as: kinetic energy t = 0.766675
	                                           effective interaction Vq = [-4.42206,-4.24141,-4.03564,-4.24141,-4.24141,-4.03564,-4.07933,-4.03564,-4.03564,-4.07933,-4.37863,-4.07933,-4.24141,-4.03564,-4.07933,-4.03564]
	PARPACK diagonalization completed after 30 matrix-vector product operations.
	iteration results: : total energy is -90.938239 | electron energy -91.104996 + phonon energy 0.166758 | electron momentum kIdx = 10
The 1-th iteration is completed.	|| time cost : 0h 0m 27.725s
********************************************************************************************************************
Start the 2 rounds of NGS-ED iteration
	effective electronic model is modified as: kinetic energy t = 0.746437
	                                           effective interaction Vq = [-4.48426,-4.32743,-4.12988,-4.32743,-4.32743,-4.12988,-4.17188,-4.12988,-4.12988,-4.17188,-4.46196,-4.17188,-4.32743,-4.12988,-4.17188,-4.12988]
	PARPACK diagonalization completed after 30 matrix-vector product operations.
	iteration results: : total energy is -92.272987 | electron energy -92.512098 + phonon energy 0.239111 | electron momentum kIdx = 10
The 2-th iteration is completed.	|| time cost : 0h 0m 29.383s
********************************************************************************************************************
Start the 3 rounds of NGS-ED iteration
	effective electronic model is modified as: kinetic energy t = 0.738383
	                                           effective interaction Vq = [-4.49682,-4.35435,-4.16446,-4.35435,-4.35435,-4.16446,-4.20479,-4.16446,-4.16446,-4.20479,-4.48274,-4.20479,-4.35435,-4.16446,-4.20479,-4.16446]
	PARPACK diagonalization completed after 30 matrix-vector product operations.
	iteration results: : total energy is -92.530491 | electron energy -92.800261 + phonon energy 0.269770 | electron momentum kIdx = 10
The 3-th iteration is completed.	|| time cost : 0h 0m 27.702s
********************************************************************************************************************
Start the 4 rounds of NGS-ED iteration
	effective electronic model is modified as: kinetic energy t = 0.735039
	                                           effective interaction Vq = [-4.49936,-4.36448,-4.17857,-4.36448,-4.36448,-4.17857,-4.21835,-4.17857,-4.17857,-4.21835,-4.48861,-4.21835,-4.36448,-4.17857,-4.21835,-4.17857]
	PARPACK diagonalization completed after 30 matrix-vector product operations.
	iteration results: : total energy is -92.579871 | electron energy -92.862363 + phonon energy 0.282492 | electron momentum kIdx = 10
The 4-th iteration is completed.	|| time cost : 0h 0m 27.697s
********************************************************************************************************************
Start the 5 rounds of NGS-ED iteration
	effective electronic model is modified as: kinetic energy t = 0.733593
	                                           effective interaction Vq = [-4.49987,-4.36875,-4.18469,-4.36875,-4.36875,-4.18469,-4.22447,-4.18469,-4.18469,-4.22447, -4.4905,-4.22447,-4.36875,-4.18469,-4.22447,-4.18469]
	PARPACK diagonalization completed after 30 matrix-vector product operations.
	iteration results: : total energy is -92.589435 | electron energy -92.877271 + phonon energy 0.287837 | electron momentum kIdx = 10
The 5-th iteration is completed.	|| time cost : 0h 0m 27.726s
********************************************************************************************************************
Start the 6 rounds of NGS-ED iteration
	effective electronic model is modified as: kinetic energy t = 0.732947
	                                           effective interaction Vq = [-4.49997,-4.37067,-4.18744,-4.37067,-4.37067,-4.18744,-4.22737,-4.18744,-4.18744,-4.22737,-4.49115,-4.22737,-4.37067,-4.18744,-4.22737,-4.18744]
	PARPACK diagonalization completed after 30 matrix-vector product operations.
	iteration results: : total energy is -92.591311 | electron energy -92.881430 + phonon energy 0.290118 | electron momentum kIdx = 10
The 6-th iteration is completed.	|| time cost : 0h 0m 27.806s
********************************************************************************************************************
Start the 7 rounds of NGS-ED iteration
	effective electronic model is modified as: kinetic energy t = 0.732651
	                                           effective interaction Vq = [-4.49999,-4.37158, -4.1887,-4.37158,-4.37158, -4.1887,-4.22878, -4.1887, -4.1887,-4.22878,-4.49137,-4.22878,-4.37158, -4.1887,-4.22878, -4.1887]
	PARPACK diagonalization completed after 30 matrix-vector product operations.
	iteration results: : total energy is -92.591684 | electron energy -92.882797 + phonon energy 0.291112 | electron momentum kIdx = 10
The 7-th iteration is completed.	|| time cost : 0h 0m 27.718s
********************************************************************************************************************
Start the 8 rounds of NGS-ED iteration
	effective electronic model is modified as: kinetic energy t = 0.732513
	                                           effective interaction Vq = [    -4.5,-4.37201,-4.18928,-4.37201,-4.37201,-4.18928,-4.22948,-4.18928,-4.18928,-4.22948,-4.49145,-4.22948,-4.37201,-4.18928,-4.22948,-4.18928]
	PARPACK diagonalization completed after 30 matrix-vector product operations.
	iteration results: : total energy is -92.591759 | electron energy -92.883315 + phonon energy 0.291555 | electron momentum kIdx = 10
	Nq(0) = 16,	Nq(1) = 0.315289,	Nq(2) = 0.349306,	Nq(3) = 0.315289,	Nq(4) = 0.315289,	Nq(5) = 0.349306,	Nq(6) = 0.553245,	Nq(7) = 0.349306,	Nq(8) = 0.349306,	Nq(9) = 0.553245,	Nq(10) = 4.7393,	Nq(11) = 0.553245,	Nq(12) = 0.315289,	Nq(13) = 0.349306,	Nq(14) = 0.553245,	Nq(15) = 0.349306,	Sq(0) = 6.45909e-18,	Sq(1) = 0.276238,	Sq(2) = 0.333997,	Sq(3) = 0.276238,	Sq(4) = 0.276238,	Sq(5) = 0.333997,	Sq(6) = 0.503526,	Sq(7) = 0.333997,	Sq(8) = 0.333997,	Sq(9) = 0.503526,	Sq(10) = 0.56768,	Sq(11) = 0.503526,	Sq(12) = 0.276238,	Sq(13) = 0.333997,	Sq(14) = 0.503526,	Sq(15) = 0.333997,	N(0) = 1.9902,	N(1) = 1.97079,	N(2) = 1,	N(3) = 1.97079,	N(4) = 1.97079,	N(5) = 1,	N(6) = 0.0292106,	N(7) = 1,	N(8) = 1,	N(9) = 0.0292106,	N(10) = 0.00980421,	N(11) = 0.0292106,	N(12) = 1.97079,	N(13) = 1,	N(14) = 0.0292106,	N(15) = 1,	Delta[s](0) = 0.386809,	Delta[s](1) = 0.334984,	Delta[s](2) = 0.326416,	Delta[s](3) = 0.334984,	Delta[s](4) = 0.334984,	Delta[s](5) = 0.326416,	Delta[s](6) = 0.296149,	Delta[s](7) = 0.326416,	Delta[s](8) = 0.326416,	Delta[s](9) = 0.296149,	Delta[s](10) = 0.284802,	Delta[s](11) = 0.296149,	Delta[s](12) = 0.334984,	Delta[s](13) = 0.326416,	Delta[s](14) = 0.296149,	Delta[s](15) = 0.326416,	Delta[d](0) = 0.226483,	Delta[d](1) = 0.223549,	Delta[d](2) = 0.22734,	Delta[d](3) = 0.223549,	Delta[d](4) = 0.223549,	Delta[d](5) = 0.15676,	Delta[d](6) = 0.186781,	Delta[d](7) = 0.15676,	Delta[d](8) = 0.22734,	Delta[d](9) = 0.186781,	Delta[d](10) = 0.0869871,	Delta[d](11) = 0.186781,	Delta[d](12) = 0.223549,	Delta[d](13) = 0.15676,	Delta[d](14) = 0.186781,	Delta[d](15) = 0.15676,	Delta[s+](0) = 0.436163,	Delta[s+](1) = 0.342316,	Delta[s+](2) = 0.22734,	Delta[s+](3) = 0.342316,	Delta[s+](4) = 0.342316,	Delta[s+](5) = 0.22734,	Delta[s+](6) = 0.11347,	Delta[s+](7) = 0.22734,	Delta[s+](8) = 0.22734,	Delta[s+](9) = 0.11347,	Delta[s+](10) = 0.0501994,	Delta[s+](11) = 0.11347,	Delta[s+](12) = 0.342316,	Delta[s+](13) = 0.22734,	Delta[s+](14) = 0.11347,	Delta[s+](15) = 0.22734
The 8-th iteration is completed.	|| time cost : 0h 4m 41.73s
********************************************************************************************************************
********************************************************************************************************************
Ground state is obtained after 9 iterations. The current ground-state energy is -92.5918, in which electron energy is -92.8833 and phonon energy is 0.291555
final variational state is: 
	Gamma_x = [      1,1.05089,1.07896,1.05089,1.05089,1.07896,1.12166,1.07896,1.07896,1.12166,1.24599,1.12166,1.05089,1.07896,1.12166,1.07896]
	lambda_q = [0.749836, 0.62362, 0.55301, 0.62362, 0.62362, 0.55301, 0.56623, 0.55301, 0.55301, 0.56623,0.717362, 0.56623, 0.62362, 0.55301, 0.56623, 0.55301]
********************************************************************************************************************
o___o  ----------------------------------------
| L |	Time since last clock: 0h 0m 0.001s
A===A	Time since the beginning: 0h 42m 7.07s
***********************************************

********************************************************************************************************************
Start warm-up calculation for scaling factor 2
open output files: NGSEDWarmUpW4Obs.txt
********************************************************************************************************************
Start the 0 rounds of NGS-ED iteration
	effective electronic model is modified as: kinetic energy t = 0.732447
	                                           effective interaction Vq = [-4.11355,-3.73598,-3.46917,-3.73598,-3.73598,-3.46917,-3.52215,-3.46917,-3.46917,-3.52215,-4.02858,-3.52215,-3.73598,-3.46917,-3.52215,-3.46917]
	PARPACK diagonalization completed after 45 matrix-vector product operations.
	iteration results: : total energy is -80.768439 | electron energy -80.914318 + phonon energy 0.145879 | electron momentum kIdx = 10
	Nq(0) = 16,	Nq(1) = 0.320182,	Nq(2) = 0.333964,	Nq(3) = 0.320182,	Nq(4) = 0.320182,	Nq(5) = 0.333964,	Nq(6) = 0.513286,	Nq(7) = 0.333964,	Nq(8) = 0.333964,	Nq(9) = 0.513286,	Nq(10) = 3.79631,	Nq(11) = 0.513286,	Nq(12) = 0.320182,	Nq(13) = 0.333964,	Nq(14) = 0.513286,	Nq(15) = 0.333964,	Sq(0) = 1.31702e-17,	Sq(1) = 0.355593,	Sq(2) = 0.375469,	Sq(3) = 0.355593,	Sq(4) = 0.355593,	Sq(5) = 0.375469,	Sq(6) = 0.633431,	Sq(7) = 0.375469,	Sq(8) = 0.375469,	Sq(9) = 0.633431,	Sq(10) = 0.657116,	Sq(11) = 0.633431,	Sq(12) = 0.355593,	Sq(13) = 0.375469,	Sq(14) = 0.633431,	Sq(15) = 0.375469,	N(0) = 1.99228,	N(1) = 1.98621,	N(2) = 1,	N(3) = 1.98621,	N(4) = 1.98621,	N(5) = 1,	N(6) = 0.0137916,	N(7) = 1,	N(8) = 1,	N(9) = 0.0137916,	N(10) = 0.00772161,	N(11) = 0.0137916,	N(12) = 1.98621,	N(13) = 1,	N(14) = 0.0137916,	N(15) = 1,	Delta[s](0) = 0.325362,	Delta[s](1) = 0.294709,	Delta[s](2) = 0.289078,	Delta[s](3) = 0.294709,	Delta[s](4) = 0.294709,	Delta[s](5) = 0.289078,	Delta[s](6) = 0.266721,	Delta[s](7) = 0.289078,	Delta[s](8) = 0.289078,	Delta[s](9) = 0.266721,	Delta[s](10) = 0.261433,	Delta[s](11) = 0.266721,	Delta[s](12) = 0.294709,	Delta[s](13) = 0.289078,	Delta[s](14) = 0.266721,	Delta[s](15) = 0.289078,	Delta[d](0) = 0.252787,	Delta[d](1) = 0.25922,	Delta[d](2) = 0.261906,	Delta[d](3) = 0.25922,	Delta[d](4) = 0.25922,	Delta[d](5) = 0.18039,	Delta[d](6) = 0.218467,	Delta[d](7) = 0.18039,	Delta[d](8) = 0.261906,	Delta[d](9) = 0.218467,	Delta[d](10) = 0.107962,	Delta[d](11) = 0.218467,	Delta[d](12) = 0.25922,	Delta[d](13) = 0.18039,	Delta[d](14) = 0.218467,	Delta[d](15) = 0.18039,	Delta[s+](0) = 0.505198,	Delta[s+](1) = 0.392361,	Delta[s+](2) = 0.261906,	Delta[s+](3) = 0.392361,	Delta[s+](4) = 0.392361,	Delta[s+](5) = 0.261906,	Delta[s+](6) = 0.134945,	Delta[s+](7) = 0.261906,	Delta[s+](8) = 0.261906,	Delta[s+](9) = 0.134945,	Delta[s+](10) = 0.0621467,	Delta[s+](11) = 0.134945,	Delta[s+](12) = 0.392361,	Delta[s+](13) = 0.261906,	Delta[s+](14) = 0.134945,	Delta[s+](15) = 0.261906
The 0-th iteration is completed.	|| time cost : 0h 4m 26.771s
********************************************************************************************************************
Start the 1 rounds of NGS-ED iteration
	effective electronic model is modified as: kinetic energy t = 0.709992
	                                           effective interaction Vq = [-4.32636,-3.93978, -3.6028,-3.93978,-3.93978, -3.6028,-3.66684, -3.6028, -3.6028,-3.66684,-4.28089,-3.66684,-3.93978, -3.6028,-3.66684, -3.6028]
	PARPACK diagonalization completed after 30 matrix-vector product operations.
	iteration results: : total energy is -85.327786 | electron energy -85.706517 + phonon energy 0.378732 | electron momentum kIdx = 10
The 1-th iteration is completed.	|| time cost : 0h 0m 27.716s
********************************************************************************************************************
Start the 2 rounds of NGS-ED iteration
	effective electronic model is modified as: kinetic energy t = 0.696763
	                                           effective interaction Vq = [-4.42198,-4.02249,-3.67173,-4.02249,-4.02249,-3.67173,-3.73601,-3.67173,-3.67173,-3.73601,-4.40474,-3.73601,-4.02249,-3.67173,-3.73601,-3.67173]
	PARPACK diagonalization completed after 30 matrix-vector product operations.
	iteration results: : total energy is -87.432030 | electron energy -87.970074 + phonon energy 0.538045 | electron momentum kIdx = 10
The 2-th iteration is completed.	|| time cost : 0h 0m 27.753s
********************************************************************************************************************
Start the 3 rounds of NGS-ED iteration
	effective electronic model is modified as: kinetic energy t = 0.690893
	                                           effective interaction Vq = [-4.46494,-4.04512,-3.69992,-4.04512,-4.04512,-3.69992,-3.75891,-3.69992,-3.69992,-3.75891,-4.45681,-3.75891,-4.04512,-3.69992,-3.75891,-3.69992]
	PARPACK diagonalization completed after 30 matrix-vector product operations.
	iteration results: : total energy is -88.343266 | electron energy -88.965190 + phonon energy 0.621924 | electron momentum kIdx = 10
The 3-th iteration is completed.	|| time cost : 0h 0m 27.845s
********************************************************************************************************************
Start the 4 rounds of NGS-ED iteration
	effective electronic model is modified as: kinetic energy t = 0.688922
	                                           effective interaction Vq = [-4.48425,-4.04458, -3.7087,-4.04458,-4.04458, -3.7087,-3.76159, -3.7087, -3.7087,-3.76159,-4.47767,-3.76159,-4.04458, -3.7087,-3.76159, -3.7087]
	PARPACK diagonalization completed after 30 matrix-vector product operations.
	iteration results: : total energy is -88.726662 | electron energy -89.388018 + phonon energy 0.661356 | electron momentum kIdx = 10
The 4-th iteration is completed.	|| time cost : 0h 0m 27.855s
********************************************************************************************************************
Start the 5 rounds of NGS-ED iteration
	effective electronic model is modified as: kinetic energy t = 0.688661
	                                           effective interaction Vq = [-4.49292,-4.03712,-3.70956,-4.03712,-4.03712,-3.70956,-3.75715,-3.70956,-3.70956,-3.75715,-4.48627,-3.75715,-4.03712,-3.70956,-3.75715,-3.70956]
	PARPACK diagonalization completed after 30 matrix-vector product operations.
	iteration results: : total energy is -88.888415 | electron energy -89.567071 + phonon energy 0.678655 | electron momentum kIdx = 10
The 5-th iteration is completed.	|| time cost : 0h 0m 27.693s
********************************************************************************************************************
Start the 6 rounds of NGS-ED iteration
	effective electronic model is modified as: kinetic energy t = 0.68906
	                                           effective interaction Vq = [-4.49682,-4.02867,-3.70749,-4.02867,-4.02867,-3.70749,-3.75089,-3.70749,-3.70749,-3.75089,-4.49003,-3.75089,-4.02867,-3.70749,-3.75089,-3.70749]
	PARPACK diagonalization completed after 30 matrix-vector product operations.
	iteration results: : total energy is -88.957730 | electron energy -89.643086 + phonon energy 0.685355 | electron momentum kIdx = 10
The 6-th iteration is completed.	|| time cost : 0h 0m 27.743s
********************************************************************************************************************
Start the 7 rounds of NGS-ED iteration
	effective electronic model is modified as: kinetic energy t = 0.689659
	                                           effective interaction Vq = [-4.49857,-4.02111,-3.70455,-4.02111,-4.02111,-3.70455,-3.74472,-3.70455,-3.70455,-3.74472, -4.4918,-3.74472,-4.02111,-3.70455,-3.74472,-3.70455]
	PARPACK diagonalization completed after 30 matrix-vector product operations.
	iteration results: : total energy is -88.987937 | electron energy -89.675036 + phonon energy 0.687100 | electron momentum kIdx = 10
The 7-th iteration is completed.	|| time cost : 0h 0m 27.776s
********************************************************************************************************************
Start the 8 rounds of NGS-ED iteration
	effective electronic model is modified as: kinetic energy t = 0.690267
	                                           effective interaction Vq = [-4.49936,-4.01486,-3.70158,-4.01486,-4.01486,-3.70158,-3.73931,-3.70158,-3.70158,-3.73931,-4.49267,-3.73931,-4.01486,-3.70158,-3.73931,-3.70158]
