TACC:  Starting up job 1758994 
TACC:  Starting parallel tasks... 
SNEDics v3.4 Non-Gaussian ED ground state program		Start at Wed Oct 14 05:38:13 2020

parallized on 16 MPI threads  * 7 OpenMP threads = 112 total threads.
********************************************************************************************************************
********************************************************************************************************************

********************************************************************************************************************
System parameters and configurations
********************************************************************************************************************
Special program options are enabled: splitted diagonal Hamiltonian
********************************************************************************************************************
Read input file "model_params.in"
	Hubbard-Holstein model parameters : 	t = 1    U = 8    g = 0.08    W = 0.2    
********************************************************************************************************************
Read input file "hilbertspace_params.in"
	Requested 16-site 2D lattice, with 12 electrons (6, 6)
	Boundary : Periodic		Hilbert space representation : momentum-space (restricted to kIdx = 0)
	Conservation: particle number[U(1)]      spin[U(1)]     momentum
********************************************************************************************************************

Cluster Positions:				Cluster symmetry group : D4
 x ... x ... x ... x .....                       x ... x ... x ... x .....
 |           |           :                       |           |           :
 |           |           :                       |           |           :
12    13    14    15     x                       1     5     6     5     x
 |           |           :                       |           |           :
 |           |           :                       |           |           :
 8 --- 9 ---10 ---11 --- x                       2 --- 6 ---10 --- 6 --- x
 |           |           :                       |           |           :
 |           |           :                       |           |           :
 4     5     6     7     x                       1     5     6     5     x
 |           |           :                       |           |           :
 |           |           :                       |           |           :
 0 --- 1 --- 2 --- 3 --- x                       0 --- 1 --- 2 --- 1 --- x
orbital number : 1
********************************************************************************************************************
Read input file "obs_params.in"
	Observable Type : Nq(All),   Sq(All),   N(All),   Delta[s](All),   Delta[d](All),   Delta[s+](All)
********************************************************************************************************************
** WARNING ** the input observables have non-local factors which have been reinterpreted. The total observable number is 96
********************************************************************************************************************


********************************************************************************************************************
Start calculating the non-Gaussian ED ground state
** WARNING ** Detected low phonon energy W < 10. The initial state will be prepared through a warm-up process.
********************************************************************************************************************
Start warm-up calculation for scaling factor 64
open output files: NGSEDWarmUpW12.8Obs.txt
********************************************************************************************************************
Start the 0 rounds of NGS-ED iteration
	effective electronic model is modified as: kinetic energy t = 1
	                                           effective interaction Vq = [0,0,0,0,0,0,0,0,0,0,0,0,0,0,0,0]
	first Hamiltonian is constructed, non-zero numbers = 969134044
	PARPACK diagonalization completed after 165 matrix-vector product operations.
	iteration results: : total energy is -14.925310 | electron energy -14.925310 + phonon energy 0.000000 | electron momentum kIdx = 0
	Nq(0) = 9,	Nq(1) = 0.191675,	Nq(2) = 0.266183,	Nq(3) = 0.191675,	Nq(4) = 0.191675,	Nq(5) = 0.245517,	Nq(6) = 0.314107,	Nq(7) = 0.245517,	Nq(8) = 0.266183,	Nq(9) = 0.314107,	Nq(10) = 0.369338,	Nq(11) = 0.314107,	Nq(12) = 0.191675,	Nq(13) = 0.245517,	Nq(14) = 0.314107,	Nq(15) = 0.245517,	Sq(0) = 2.48391e-18,	Sq(1) = 0.554662,	Sq(2) = 0.424361,	Sq(3) = 0.554662,	Sq(4) = 0.554662,	Sq(5) = 0.79749,	Sq(6) = 1.01287,	Sq(7) = 0.79749,	Sq(8) = 0.424361,	Sq(9) = 1.01287,	Sq(10) = 0.784303,	Sq(11) = 1.01287,	Sq(12) = 0.554662,	Sq(13) = 0.79749,	Sq(14) = 1.01287,	Sq(15) = 0.79749,	N(0) = 1.76735,	N(1) = 1.6264,	N(2) = 0.74365,	N(3) = 1.6264,	N(4) = 1.6264,	N(5) = 0.392302,	N(6) = 0.144321,	N(7) = 0.392302,	N(8) = 0.74365,	N(9) = 0.144321,	N(10) = 0.0932732,	N(11) = 0.144321,	N(12) = 1.6264,	N(13) = 0.392302,	N(14) = 0.144321,	N(15) = 0.392302,	Delta[s](0) = 0.0657138,	Delta[s](1) = 0.0453774,	Delta[s](2) = 0.0304029,	Delta[s](3) = 0.0453774,	Delta[s](4) = 0.0453774,	Delta[s](5) = 0.0270964,	Delta[s](6) = 0.00923362,	Delta[s](7) = 0.0270964,	Delta[s](8) = 0.0304029,	Delta[s](9) = 0.00923362,	Delta[s](10) = 0.000100734,	Delta[s](11) = 0.00923362,	Delta[s](12) = 0.0453774,	Delta[s](13) = 0.0270964,	Delta[s](14) = 0.00923362,	Delta[s](15) = 0.0270964,	Delta[d](0) = 0.229552,	Delta[d](1) = 0.18011,	Delta[d](2) = 0.222323,	Delta[d](3) = 0.18011,	Delta[d](4) = 0.18011,	Delta[d](5) = 0.122989,	Delta[d](6) = 0.15052,	Delta[d](7) = 0.122989,	Delta[d](8) = 0.222323,	Delta[d](9) = 0.15052,	Delta[d](10) = 0.0766298,	Delta[d](11) = 0.15052,	Delta[d](12) = 0.18011,	Delta[d](13) = 0.122989,	Delta[d](14) = 0.15052,	Delta[d](15) = 0.122989,	Delta[s+](0) = 0.529887,	Delta[s+](1) = 0.361352,	Delta[s+](2) = 0.222323,	Delta[s+](3) = 0.361352,	Delta[s+](4) = 0.361352,	Delta[s+](5) = 0.177186,	Delta[s+](6) = 0.0626233,	Delta[s+](7) = 0.177186,	Delta[s+](8) = 0.222323,	Delta[s+](9) = 0.0626233,	Delta[s+](10) = 0.01567,	Delta[s+](11) = 0.0626233,	Delta[s+](12) = 0.361352,	Delta[s+](13) = 0.177186,	Delta[s+](14) = 0.0626233,	Delta[s+](15) = 0.177186
The 0-th iteration is completed.	|| time cost : 0h 2m 56.107s
********************************************************************************************************************
Start the 1 rounds of NGS-ED iteration
	effective electronic model is modified as: kinetic energy t = 0.999102
	                                           effective interaction Vq = [-0.0295262,-0.0279152,-0.0271821,-0.0279152,-0.0279152,-0.0269796,-0.0265304,-0.0269796,-0.0271821,-0.0265304, -0.026123,-0.0265304,-0.0279152,-0.0269796,-0.0265304,-0.0269796]
	PARPACK diagonalization completed after 45 matrix-vector product operations.
	iteration results: : total energy is -15.279827 | electron energy -15.279827 + phonon energy 0.000001 | electron momentum kIdx = 0
The 1-th iteration is completed.	|| time cost : 0h 2m 20.011s
********************************************************************************************************************
Start the 2 rounds of NGS-ED iteration
	effective electronic model is modified as: kinetic energy t = 0.998768
	                                           effective interaction Vq = [-0.0318088,-0.0303789,-0.0295296,-0.0303789,-0.0303789,-0.0292852,-0.0287342,-0.0292852,-0.0295296,-0.0287342,-0.0282261,-0.0287342,-0.0303789,-0.0292852,-0.0287342,-0.0292852]
	PARPACK diagonalization completed after 30 matrix-vector product operations.
	iteration results: : total energy is -15.303122 | electron energy -15.303125 + phonon energy 0.000003 | electron momentum kIdx = 0
The 2-th iteration is completed.	|| time cost : 0h 0m 9.232s
********************************************************************************************************************
Start the 3 rounds of NGS-ED iteration
	effective electronic model is modified as: kinetic energy t = 0.998704
	                                           effective interaction Vq = [-0.0319852, -0.030747,  -0.02987, -0.030747, -0.030747,-0.0296141,-0.0290349,-0.0296141,  -0.02987,-0.0290349,-0.0284999,-0.0290349, -0.030747,-0.0296141,-0.0290349,-0.0296141]
	PARPACK diagonalization completed after 30 matrix-vector product operations.
	iteration results: : total energy is -15.304800 | electron energy -15.304803 + phonon energy 0.000003 | electron momentum kIdx = 0
The 3-th iteration is completed.	|| time cost : 0h 0m 9.225s
********************************************************************************************************************
Start the 4 rounds of NGS-ED iteration
	effective electronic model is modified as: kinetic energy t = 0.998693
	                                           effective interaction Vq = [-0.0319989,-0.0308169,-0.0299286,-0.0308169,-0.0308169, -0.029669,-0.0290817, -0.029669,-0.0299286,-0.0290817,-0.0285398,-0.0290817,-0.0308169, -0.029669,-0.0290817, -0.029669]
	PARPACK diagonalization completed after 30 matrix-vector product operations.
	iteration results: : total energy is -15.304926 | electron energy -15.304929 + phonon energy 0.000003 | electron momentum kIdx = 0
The 4-th iteration is completed.	|| time cost : 0h 0m 9.239s
********************************************************************************************************************
Start the 5 rounds of NGS-ED iteration
	effective electronic model is modified as: kinetic energy t = 0.998691
	                                           effective interaction Vq = [-0.0319999, -0.030831,-0.0299391, -0.030831, -0.030831,-0.0296785,-0.0290892,-0.0296785,-0.0299391,-0.0290892,-0.0285457,-0.0290892, -0.030831,-0.0296785,-0.0290892,-0.0296785]
	PARPACK diagonalization completed after 30 matrix-vector product operations.
	iteration results: : total energy is -15.304935 | electron energy -15.304939 + phonon energy 0.000003 | electron momentum kIdx = 0
	Nq(0) = 9,	Nq(1) = 0.192127,	Nq(2) = 0.266638,	Nq(3) = 0.192127,	Nq(4) = 0.192127,	Nq(5) = 0.245952,	Nq(6) = 0.314825,	Nq(7) = 0.245952,	Nq(8) = 0.266638,	Nq(9) = 0.314825,	Nq(10) = 0.370383,	Nq(11) = 0.314825,	Nq(12) = 0.192127,	Nq(13) = 0.245952,	Nq(14) = 0.314825,	Nq(15) = 0.245952,	Sq(0) = -1.77854e-18,	Sq(1) = 0.554188,	Sq(2) = 0.424289,	Sq(3) = 0.554188,	Sq(4) = 0.554188,	Sq(5) = 0.796912,	Sq(6) = 1.01186,	Sq(7) = 0.796912,	Sq(8) = 0.424289,	Sq(9) = 1.01186,	Sq(10) = 0.784326,	Sq(11) = 1.01186,	Sq(12) = 0.554188,	Sq(13) = 0.796912,	Sq(14) = 1.01186,	Sq(15) = 0.796912,	N(0) = 1.76907,	N(1) = 1.62857,	N(2) = 0.743073,	N(3) = 1.62857,	N(4) = 1.62857,	N(5) = 0.390976,	N(6) = 0.14348,	N(7) = 0.390976,	N(8) = 0.743073,	N(9) = 0.14348,	N(10) = 0.0926768,	N(11) = 0.14348,	N(12) = 1.62857,	N(13) = 0.390976,	N(14) = 0.14348,	N(15) = 0.390976,	Delta[s](0) = 0.0662153,	Delta[s](1) = 0.0457425,	Delta[s](2) = 0.0307005,	Delta[s](3) = 0.0457425,	Delta[s](4) = 0.0457425,	Delta[s](5) = 0.0273639,	Delta[s](6) = 0.00936198,	Delta[s](7) = 0.0273639,	Delta[s](8) = 0.0307005,	Delta[s](9) = 0.00936198,	Delta[s](10) = 0.000147254,	Delta[s](11) = 0.00936198,	Delta[s](12) = 0.0457425,	Delta[s](13) = 0.0273639,	Delta[s](14) = 0.00936198,	Delta[s](15) = 0.0273639,	Delta[d](0) = 0.229601,	Delta[d](1) = 0.180125,	Delta[d](2) = 0.222455,	Delta[d](3) = 0.180125,	Delta[d](4) = 0.180125,	Delta[d](5) = 0.123008,	Delta[d](6) = 0.150522,	Delta[d](7) = 0.123008,	Delta[d](8) = 0.222455,	Delta[d](9) = 0.150522,	Delta[d](10) = 0.0763284,	Delta[d](11) = 0.150522,	Delta[d](12) = 0.180125,	Delta[d](13) = 0.123008,	Delta[d](14) = 0.150522,	Delta[d](15) = 0.123008,	Delta[s+](0) = 0.530293,	Delta[s+](1) = 0.361623,	Delta[s+](2) = 0.222455,	Delta[s+](3) = 0.361623,	Delta[s+](4) = 0.361623,	Delta[s+](5) = 0.177234,	Delta[s+](6) = 0.0625618,	Delta[s+](7) = 0.177234,	Delta[s+](8) = 0.222455,	Delta[s+](9) = 0.0625618,	Delta[s+](10) = 0.0156351,	Delta[s+](11) = 0.0625618,	Delta[s+](12) = 0.361623,	Delta[s+](13) = 0.177234,	Delta[s+](14) = 0.0625618,	Delta[s+](15) = 0.177234
The 5-th iteration is completed.	|| time cost : 0h 1m 41.736s
********************************************************************************************************************
********************************************************************************************************************
Ground state is obtained after 6 iterations. The current ground-state energy is -15.3049, in which electron energy is -15.3049 and phonon energy is 3.37338e-06
final variational state is: 
	Gamma_x = [      1,1.00015,1.00025,1.00015,1.00015,1.00024,1.00033,1.00024,1.00025,1.00033,1.00041,1.00033,1.00015,1.00024,1.00033,1.00024]
	lambda_q = [0.0499769,0.0404554,0.0373169,0.0404554,0.0404554,0.0365376,0.0349232,0.0365376,0.0373169,0.0349232,0.0335745,0.0349232,0.0404554,0.0365376,0.0349232,0.0365376]
The effective e-e interactions mediated by phonons are: [    0.032,0.0308339, 0.029941,0.0308339,0.0308339,0.0296802,0.0290904,0.0296802, 0.029941,0.0290904,0.0285466,0.0290904,0.0308339,0.0296802,0.0290904,0.0296802]
********************************************************************************************************************
o___o  ----------------------------------------
| L |	Time since last clock: 0h 0m 0s
A===A	Time since the beginning: 0h 7m 25.554s
***********************************************

********************************************************************************************************************
Start warm-up calculation for scaling factor 32
open output files: NGSEDWarmUpW6.4Obs.txt
********************************************************************************************************************
Start the 0 rounds of NGS-ED iteration
	effective electronic model is modified as: kinetic energy t = 0.998691
	                                           effective interaction Vq = [-0.0292487,-0.0261415,-0.0248631,-0.0261415,-0.0261415,-0.0245261,-0.0238032,-0.0245261,-0.0248631,-0.0238032,-0.0231738,-0.0238032,-0.0261415,-0.0245261,-0.0238032,-0.0245261]
	PARPACK diagonalization completed after 45 matrix-vector product operations.
	iteration results: : total energy is -15.260148 | electron energy -15.260149 + phonon energy 0.000002 | electron momentum kIdx = 0
	Nq(0) = 9,	Nq(1) = 0.192049,	Nq(2) = 0.266543,	Nq(3) = 0.192049,	Nq(4) = 0.192049,	Nq(5) = 0.245859,	Nq(6) = 0.314661,	Nq(7) = 0.245859,	Nq(8) = 0.266543,	Nq(9) = 0.314661,	Nq(10) = 0.37014,	Nq(11) = 0.314661,	Nq(12) = 0.192049,	Nq(13) = 0.245859,	Nq(14) = 0.314661,	Nq(15) = 0.245859,	Sq(0) = 2.44252e-19,	Sq(1) = 0.554281,	Sq(2) = 0.424307,	Sq(3) = 0.554281,	Sq(4) = 0.554281,	Sq(5) = 0.79703,	Sq(6) = 1.01207,	Sq(7) = 0.79703,	Sq(8) = 0.424307,	Sq(9) = 1.01207,	Sq(10) = 0.784341,	Sq(11) = 1.01207,	Sq(12) = 0.554281,	Sq(13) = 0.79703,	Sq(14) = 1.01207,	Sq(15) = 0.79703,	N(0) = 1.76871,	N(1) = 1.62812,	N(2) = 0.743188,	N(3) = 1.62812,	N(4) = 1.62812,	N(5) = 0.391246,	N(6) = 0.14366,	N(7) = 0.391246,	N(8) = 0.743188,	N(9) = 0.14366,	N(10) = 0.0928124,	N(11) = 0.14366,	N(12) = 1.62812,	N(13) = 0.391246,	N(14) = 0.14366,	N(15) = 0.391246,	Delta[s](0) = 0.0660654,	Delta[s](1) = 0.0456456,	Delta[s](2) = 0.0306349,	Delta[s](3) = 0.0456456,	Delta[s](4) = 0.0456456,	Delta[s](5) = 0.0273089,	Delta[s](6) = 0.00935727,	Delta[s](7) = 0.0273089,	Delta[s](8) = 0.0306349,	Delta[s](9) = 0.00935727,	Delta[s](10) = 0.000168748,	Delta[s](11) = 0.00935727,	Delta[s](12) = 0.0456456,	Delta[s](13) = 0.0273089,	Delta[s](14) = 0.00935727,	Delta[s](15) = 0.0273089,	Delta[d](0) = 0.229661,	Delta[d](1) = 0.180197,	Delta[d](2) = 0.222503,	Delta[d](3) = 0.180197,	Delta[d](4) = 0.180197,	Delta[d](5) = 0.123073,	Delta[d](6) = 0.150587,	Delta[d](7) = 0.123073,	Delta[d](8) = 0.222503,	Delta[d](9) = 0.150587,	Delta[d](10) = 0.0764718,	Delta[d](11) = 0.150587,	Delta[d](12) = 0.180197,	Delta[d](13) = 0.123073,	Delta[d](14) = 0.150587,	Delta[d](15) = 0.123073,	Delta[s+](0) = 0.530339,	Delta[s+](1) = 0.361662,	Delta[s+](2) = 0.222503,	Delta[s+](3) = 0.361662,	Delta[s+](4) = 0.361662,	Delta[s+](5) = 0.177298,	Delta[s+](6) = 0.0626323,	Delta[s+](7) = 0.177298,	Delta[s+](8) = 0.222503,	Delta[s+](9) = 0.0626323,	Delta[s+](10) = 0.0156766,	Delta[s+](11) = 0.0626323,	Delta[s+](12) = 0.361662,	Delta[s+](13) = 0.177298,	Delta[s+](14) = 0.0626323,	Delta[s+](15) = 0.177298
The 0-th iteration is completed.	|| time cost : 0h 1m 42.904s
********************************************************************************************************************
Start the 1 rounds of NGS-ED iteration
	effective electronic model is modified as: kinetic energy t = 0.998488
	                                           effective interaction Vq = [ -0.031235,-0.0277989,-0.0261473,-0.0277989,-0.0277989,-0.0257026, -0.024741,-0.0257026,-0.0261473, -0.024741,-0.0238985, -0.024741,-0.0277989,-0.0257026, -0.024741,-0.0257026]
	PARPACK diagonalization completed after 30 matrix-vector product operations.
	iteration results: : total energy is -15.278812 | electron energy -15.278818 + phonon energy 0.000006 | electron momentum kIdx = 0
The 1-th iteration is completed.	|| time cost : 0h 0m 9.23s
********************************************************************************************************************
Start the 2 rounds of NGS-ED iteration
	effective electronic model is modified as: kinetic energy t = 0.998416
	                                           effective interaction Vq = [-0.0317873,-0.0283713,-0.0265575,-0.0283713,-0.0283713,-0.0260687,-0.0250155,-0.0260687,-0.0265575,-0.0250155,-0.0240986,-0.0250155,-0.0283713,-0.0260687,-0.0250155,-0.0260687]
	PARPACK diagonalization completed after 30 matrix-vector product operations.
	iteration results: : total energy is -15.283882 | electron energy -15.283890 + phonon energy 0.000008 | electron momentum kIdx = 0
The 2-th iteration is completed.	|| time cost : 0h 0m 9.244s
********************************************************************************************************************
Start the 3 rounds of NGS-ED iteration
	effective electronic model is modified as: kinetic energy t = 0.998391
	                                           effective interaction Vq = [-0.0319409,-0.0285834,-0.0266945,-0.0285834,-0.0285834,-0.0261872,-0.0250982,-0.0261872,-0.0266945,-0.0250982, -0.024155,-0.0250982,-0.0285834,-0.0261872,-0.0250982,-0.0261872]
	PARPACK diagonalization completed after 30 matrix-vector product operations.
	iteration results: : total energy is -15.285277 | electron energy -15.285287 + phonon energy 0.000009 | electron momentum kIdx = 0
The 3-th iteration is completed.	|| time cost : 0h 0m 9.246s
********************************************************************************************************************
Start the 4 rounds of NGS-ED iteration
	effective electronic model is modified as: kinetic energy t = 0.998382
	                                           effective interaction Vq = [-0.0319836,-0.0286645,-0.0267409,-0.0286645,-0.0286645, -0.026226,-0.0251234, -0.026226,-0.0267409,-0.0251234,-0.0241711,-0.0251234,-0.0286645, -0.026226,-0.0251234, -0.026226]
	PARPACK diagonalization completed after 30 matrix-vector product operations.
	iteration results: : total energy is -15.285663 | electron energy -15.285673 + phonon energy 0.000010 | electron momentum kIdx = 0
The 4-th iteration is completed.	|| time cost : 0h 0m 9.232s
********************************************************************************************************************
Start the 5 rounds of NGS-ED iteration
	effective electronic model is modified as: kinetic energy t = 0.998379
	                                           effective interaction Vq = [-0.0319954,-0.0286959,-0.0267568,-0.0286959,-0.0286959,-0.0262388, -0.025131,-0.0262388,-0.0267568, -0.025131,-0.0241756, -0.025131,-0.0286959,-0.0262388, -0.025131,-0.0262388]
	PARPACK diagonalization completed after 30 matrix-vector product operations.
	iteration results: : total energy is -15.285770 | electron energy -15.285780 + phonon energy 0.000010 | electron momentum kIdx = 0
	Nq(0) = 9,	Nq(1) = 0.192078,	Nq(2) = 0.266554,	Nq(3) = 0.192078,	Nq(4) = 0.192078,	Nq(5) = 0.245867,	Nq(6) = 0.314659,	Nq(7) = 0.245867,	Nq(8) = 0.266554,	Nq(9) = 0.314659,	Nq(10) = 0.370129,	Nq(11) = 0.314659,	Nq(12) = 0.192078,	Nq(13) = 0.245867,	Nq(14) = 0.314659,	Nq(15) = 0.245867,	Sq(0) = -1.36356e-18,	Sq(1) = 0.554265,	Sq(2) = 0.424308,	Sq(3) = 0.554265,	Sq(4) = 0.554265,	Sq(5) = 0.797015,	Sq(6) = 1.01206,	Sq(7) = 0.797015,	Sq(8) = 0.424308,	Sq(9) = 1.01206,	Sq(10) = 0.784365,	Sq(11) = 1.01206,	Sq(12) = 0.554265,	Sq(13) = 0.797015,	Sq(14) = 1.01206,	Sq(15) = 0.797015,	N(0) = 1.76874,	N(1) = 1.62817,	N(2) = 0.743169,	N(3) = 1.62817,	N(4) = 1.62817,	N(5) = 0.391211,	N(6) = 0.143649,	N(7) = 0.391211,	N(8) = 0.743169,	N(9) = 0.143649,	N(10) = 0.0928139,	N(11) = 0.143649,	N(12) = 1.62817,	N(13) = 0.391211,	N(14) = 0.143649,	N(15) = 0.391211,	Delta[s](0) = 0.0660591,	Delta[s](1) = 0.0456453,	Delta[s](2) = 0.0306393,	Delta[s](3) = 0.0456453,	Delta[s](4) = 0.0456453,	Delta[s](5) = 0.0273143,	Delta[s](6) = 0.00936735,	Delta[s](7) = 0.0273143,	Delta[s](8) = 0.0306393,	Delta[s](9) = 0.00936735,	Delta[s](10) = 0.000180171,	Delta[s](11) = 0.00936735,	Delta[s](12) = 0.0456453,	Delta[s](13) = 0.0273143,	Delta[s](14) = 0.00936735,	Delta[s](15) = 0.0273143,	Delta[d](0) = 0.229753,	Delta[d](1) = 0.180277,	Delta[d](2) = 0.222594,	Delta[d](3) = 0.180277,	Delta[d](4) = 0.180277,	Delta[d](5) = 0.123133,	Delta[d](6) = 0.150652,	Delta[d](7) = 0.123133,	Delta[d](8) = 0.222594,	Delta[d](9) = 0.150652,	Delta[d](10) = 0.076515,	Delta[d](11) = 0.150652,	Delta[d](12) = 0.180277,	Delta[d](13) = 0.123133,	Delta[d](14) = 0.150652,	Delta[d](15) = 0.123133,	Delta[s+](0) = 0.530541,	Delta[s+](1) = 0.361802,	Delta[s+](2) = 0.222594,	Delta[s+](3) = 0.361802,	Delta[s+](4) = 0.361802,	Delta[s+](5) = 0.177375,	Delta[s+](6) = 0.0626695,	Delta[s+](7) = 0.177375,	Delta[s+](8) = 0.222594,	Delta[s+](9) = 0.0626695,	Delta[s+](10) = 0.0156934,	Delta[s+](11) = 0.0626695,	Delta[s+](12) = 0.361802,	Delta[s+](13) = 0.177375,	Delta[s+](14) = 0.0626695,	Delta[s+](15) = 0.177375
The 5-th iteration is completed.	|| time cost : 0h 1m 43.74s
********************************************************************************************************************
********************************************************************************************************************
Ground state is obtained after 6 iterations. The current ground-state energy is -15.2858, in which electron energy is -15.2858 and phonon energy is 9.94711e-06
final variational state is: 
	Gamma_x = [      1,1.00042,1.00064,1.00042,1.00042, 1.0006,1.00078, 1.0006,1.00064,1.00078,1.00092,1.00078,1.00042, 1.0006,1.00078, 1.0006]
	lambda_q = [ 0.070265,0.0480313, 0.042103,0.0480313,0.0480313,0.0407186,0.0379554,0.0407186, 0.042103,0.0379554,0.0357485,0.0379554,0.0480313,0.0407186,0.0379554,0.0407186]
The effective e-e interactions mediated by phonons are: [0.0319987,0.0287081,0.0267622,0.0287081,0.0287081, 0.026243,0.0251334, 0.026243,0.0267622,0.0251334,0.0241769,0.0251334,0.0287081, 0.026243,0.0251334, 0.026243]
********************************************************************************************************************
o___o  ----------------------------------------
| L |	Time since last clock: 0h 0m 0s
A===A	Time since the beginning: 0h 11m 29.153s
***********************************************

********************************************************************************************************************
Start warm-up calculation for scaling factor 16
open output files: NGSEDWarmUpW3.2Obs.txt
********************************************************************************************************************
Start the 0 rounds of NGS-ED iteration
	effective electronic model is modified as: kinetic energy t = 0.998378
	                                           effective interaction Vq = [-0.0291707,-0.0233576,-0.0212734,-0.0233576,-0.0233576,-0.0207543,-0.0196815,-0.0207543,-0.0212734,-0.0196815,-0.0187896,-0.0196815,-0.0233576,-0.0207543,-0.0196815,-0.0207543]
	PARPACK diagonalization completed after 30 matrix-vector product operations.
	iteration results: : total energy is -15.239067 | electron energy -15.239072 + phonon energy 0.000005 | electron momentum kIdx = 0
	Nq(0) = 9,	Nq(1) = 0.191986,	Nq(2) = 0.266452,	Nq(3) = 0.191986,	Nq(4) = 0.191986,	Nq(5) = 0.245768,	Nq(6) = 0.314493,	Nq(7) = 0.245768,	Nq(8) = 0.266452,	Nq(9) = 0.314493,	Nq(10) = 0.369887,	Nq(11) = 0.314493,	Nq(12) = 0.191986,	Nq(13) = 0.245768,	Nq(14) = 0.314493,	Nq(15) = 0.245768,	Sq(0) = 5.03961e-18,	Sq(1) = 0.554368,	Sq(2) = 0.424326,	Sq(3) = 0.554368,	Sq(4) = 0.554368,	Sq(5) = 0.797142,	Sq(6) = 1.01229,	Sq(7) = 0.797142,	Sq(8) = 0.424326,	Sq(9) = 1.01229,	Sq(10) = 0.784372,	Sq(11) = 1.01229,	Sq(12) = 0.554368,	Sq(13) = 0.797142,	Sq(14) = 1.01229,	Sq(15) = 0.797142,	N(0) = 1.76836,	N(1) = 1.62768,	N(2) = 0.743293,	N(3) = 1.62768,	N(4) = 1.62768,	N(5) = 0.391502,	N(6) = 0.143839,	N(7) = 0.391502,	N(8) = 0.743293,	N(9) = 0.143839,	N(10) = 0.0929523,	N(11) = 0.143839,	N(12) = 1.62768,	N(13) = 0.391502,	N(14) = 0.143839,	N(15) = 0.391502,	Delta[s](0) = 0.0659348,	Delta[s](1) = 0.0455584,	Delta[s](2) = 0.0305718,	Delta[s](3) = 0.0455584,	Delta[s](4) = 0.0455584,	Delta[s](5) = 0.0272549,	Delta[s](6) = 0.00934493,	Delta[s](7) = 0.0272549,	Delta[s](8) = 0.0305718,	Delta[s](9) = 0.00934493,	Delta[s](10) = 0.000177179,	Delta[s](11) = 0.00934493,	Delta[s](12) = 0.0455584,	Delta[s](13) = 0.0272549,	Delta[s](14) = 0.00934493,	Delta[s](15) = 0.0272549,	Delta[d](0) = 0.229849,	Delta[d](1) = 0.180364,	Delta[d](2) = 0.22267,	Delta[d](3) = 0.180364,	Delta[d](4) = 0.180364,	Delta[d](5) = 0.123197,	Delta[d](6) = 0.150727,	Delta[d](7) = 0.123197,	Delta[d](8) = 0.22267,	Delta[d](9) = 0.150727,	Delta[d](10) = 0.0766401,	Delta[d](11) = 0.150727,	Delta[d](12) = 0.180364,	Delta[d](13) = 0.123197,	Delta[d](14) = 0.150727,	Delta[d](15) = 0.123197,	Delta[s+](0) = 0.530685,	Delta[s+](1) = 0.361904,	Delta[s+](2) = 0.22267,	Delta[s+](3) = 0.361904,	Delta[s+](4) = 0.361904,	Delta[s+](5) = 0.177452,	Delta[s+](6) = 0.0627253,	Delta[s+](7) = 0.177452,	Delta[s+](8) = 0.22267,	Delta[s+](9) = 0.0627253,	Delta[s+](10) = 0.0157181,	Delta[s+](11) = 0.0627253,	Delta[s+](12) = 0.361904,	Delta[s+](13) = 0.177452,	Delta[s+](14) = 0.0627253,	Delta[s+](15) = 0.177452
The 0-th iteration is completed.	|| time cost : 0h 1m 41.664s
********************************************************************************************************************
Start the 1 rounds of NGS-ED iteration
	effective electronic model is modified as: kinetic energy t = 0.998391
	                                           effective interaction Vq = [-0.0305081,  -0.02388,-0.0213332,  -0.02388,  -0.02388,-0.0206976,-0.0193869,-0.0206976,-0.0213332,-0.0193869,-0.0183025,-0.0193869,  -0.02388,-0.0206976,-0.0193869,-0.0206976]
	PARPACK diagonalization completed after 30 matrix-vector product operations.
	iteration results: : total energy is -15.251174 | electron energy -15.251184 + phonon energy 0.000011 | electron momentum kIdx = 0
The 1-th iteration is completed.	|| time cost : 0h 0m 9.22s
********************************************************************************************************************
Start the 2 rounds of NGS-ED iteration
	effective electronic model is modified as: kinetic energy t = 0.998394
	                                           effective interaction Vq = [-0.0312133,-0.0241546,-0.0213623,-0.0241546,-0.0241546,-0.0206729, -0.019264,-0.0206729,-0.0213623, -0.019264,-0.0181123, -0.019264,-0.0241546,-0.0206729, -0.019264,-0.0206729]
	PARPACK diagonalization completed after 30 matrix-vector product operations.
	iteration results: : total energy is -15.257538 | electron energy -15.257552 + phonon energy 0.000014 | electron momentum kIdx = 0
The 2-th iteration is completed.	|| time cost : 0h 0m 9.22s
********************************************************************************************************************
Start the 3 rounds of NGS-ED iteration
	effective electronic model is modified as: kinetic energy t = 0.998393
	                                           effective interaction Vq = [-0.0315852,-0.0243006,-0.0213765,-0.0243006,-0.0243006,-0.0206622, -0.019213,-0.0206622,-0.0213765, -0.019213,-0.0180387, -0.019213,-0.0243006,-0.0206622, -0.019213,-0.0206622]
	PARPACK diagonalization completed after 30 matrix-vector product operations.
	iteration results: : total energy is -15.260889 | electron energy -15.260905 + phonon energy 0.000017 | electron momentum kIdx = 0
The 3-th iteration is completed.	|| time cost : 0h 0m 9.223s
********************************************************************************************************************
Start the 4 rounds of NGS-ED iteration
	effective electronic model is modified as: kinetic energy t = 0.998392
	                                           effective interaction Vq = [-0.0317813,-0.0243787,-0.0213835,-0.0243787,-0.0243787,-0.0206576,-0.0191919,-0.0206576,-0.0213835,-0.0191919,-0.0180104,-0.0191919,-0.0243787,-0.0206576,-0.0191919,-0.0206576]
	PARPACK diagonalization completed after 30 matrix-vector product operations.
	iteration results: : total energy is -15.262655 | electron energy -15.262672 + phonon energy 0.000018 | electron momentum kIdx = 0
The 4-th iteration is completed.	|| time cost : 0h 0m 9.223s
********************************************************************************************************************
Start the 5 rounds of NGS-ED iteration
	effective electronic model is modified as: kinetic energy t = 0.998391
	                                           effective interaction Vq = [-0.0318847,-0.0244206,-0.0213869,-0.0244206,-0.0244206,-0.0206556,-0.0191832,-0.0206556,-0.0213869,-0.0191832,-0.0179995,-0.0191832,-0.0244206,-0.0206556,-0.0191832,-0.0206556]
	PARPACK diagonalization completed after 30 matrix-vector product operations.
	iteration results: : total energy is -15.263585 | electron energy -15.263604 + phonon energy 0.000018 | electron momentum kIdx = 0
The 5-th iteration is completed.	|| time cost : 0h 0m 9.26s
********************************************************************************************************************
Start the 6 rounds of NGS-ED iteration
	effective electronic model is modified as: kinetic energy t = 0.998391
	                                           effective interaction Vq = [-0.0319392,-0.0244432,-0.0213886,-0.0244432,-0.0244432,-0.0206548,-0.0191797,-0.0206548,-0.0213886,-0.0191797,-0.0179953,-0.0191797,-0.0244432,-0.0206548,-0.0191797,-0.0206548]
	PARPACK diagonalization completed after 30 matrix-vector product operations.
	iteration results: : total energy is -15.264076 | electron energy -15.264095 + phonon energy 0.000019 | electron momentum kIdx = 0
The 6-th iteration is completed.	|| time cost : 0h 0m 9.226s
********************************************************************************************************************
Start the 7 rounds of NGS-ED iteration
	effective electronic model is modified as: kinetic energy t = 0.99839
	                                           effective interaction Vq = [-0.0319679,-0.0244553,-0.0213895,-0.0244553,-0.0244553,-0.0206545,-0.0191782,-0.0206545,-0.0213895,-0.0191782,-0.0179938,-0.0191782,-0.0244553,-0.0206545,-0.0191782,-0.0206545]
	PARPACK diagonalization completed after 30 matrix-vector product operations.
	iteration results: : total energy is -15.264335 | electron energy -15.264354 + phonon energy 0.000019 | electron momentum kIdx = 0
The 7-th iteration is completed.	|| time cost : 0h 0m 9.257s
********************************************************************************************************************
Start the 8 rounds of NGS-ED iteration
	effective electronic model is modified as: kinetic energy t = 0.99839
	                                           effective interaction Vq = [-0.0319831,-0.0244619,-0.0213899,-0.0244619,-0.0244619,-0.0206543,-0.0191776,-0.0206543,-0.0213899,-0.0191776,-0.0179932,-0.0191776,-0.0244619,-0.0206543,-0.0191776,-0.0206543]
	PARPACK diagonalization completed after 30 matrix-vector product operations.
	iteration results: : total energy is -15.264471 | electron energy -15.264490 + phonon energy 0.000019 | electron momentum kIdx = 0
	Nq(0) = 9,	Nq(1) = 0.192014,	Nq(2) = 0.266453,	Nq(3) = 0.192014,	Nq(4) = 0.192014,	Nq(5) = 0.245765,	Nq(6) = 0.314474,	Nq(7) = 0.245765,	Nq(8) = 0.266453,	Nq(9) = 0.314474,	Nq(10) = 0.369853,	Nq(11) = 0.314474,	Nq(12) = 0.192014,	Nq(13) = 0.245765,	Nq(14) = 0.314474,	Nq(15) = 0.245765,	Sq(0) = 4.17555e-19,	Sq(1) = 0.554357,	Sq(2) = 0.424329,	Sq(3) = 0.554357,	Sq(4) = 0.554357,	Sq(5) = 0.797135,	Sq(6) = 1.0123,	Sq(7) = 0.797135,	Sq(8) = 0.424329,	Sq(9) = 1.0123,	Sq(10) = 0.784406,	Sq(11) = 1.0123,	Sq(12) = 0.554357,	Sq(13) = 0.797135,	Sq(14) = 1.0123,	Sq(15) = 0.797135,	N(0) = 1.76836,	N(1) = 1.6277,	N(2) = 0.743281,	N(3) = 1.6277,	N(4) = 1.6277,	N(5) = 0.391488,	N(6) = 0.143845,	N(7) = 0.391488,	N(8) = 0.743281,	N(9) = 0.143845,	N(10) = 0.092969,	N(11) = 0.143845,	N(12) = 1.6277,	N(13) = 0.391488,	N(14) = 0.143845,	N(15) = 0.391488,	Delta[s](0) = 0.0659343,	Delta[s](1) = 0.0455583,	Delta[s](2) = 0.0305716,	Delta[s](3) = 0.0455583,	Delta[s](4) = 0.0455583,	Delta[s](5) = 0.0272548,	Delta[s](6) = 0.0093448,	Delta[s](7) = 0.0272548,	Delta[s](8) = 0.0305716,	Delta[s](9) = 0.0093448,	Delta[s](10) = 0.000176218,	Delta[s](11) = 0.0093448,	Delta[s](12) = 0.0455583,	Delta[s](13) = 0.0272548,	Delta[s](14) = 0.0093448,	Delta[s](15) = 0.0272548,	Delta[d](0) = 0.230086,	Delta[d](1) = 0.180552,	Delta[d](2) = 0.222896,	Delta[d](3) = 0.180552,	Delta[d](4) = 0.180552,	Delta[d](5) = 0.123323,	Delta[d](6) = 0.150879,	Delta[d](7) = 0.123323,	Delta[d](8) = 0.222896,	Delta[d](9) = 0.150879,	Delta[d](10) = 0.0767184,	Delta[d](11) = 0.150879,	Delta[d](12) = 0.180552,	Delta[d](13) = 0.123323,	Delta[d](14) = 0.150879,	Delta[d](15) = 0.123323,	Delta[s+](0) = 0.531224,	Delta[s+](1) = 0.36227,	Delta[s+](2) = 0.222896,	Delta[s+](3) = 0.36227,	Delta[s+](4) = 0.36227,	Delta[s+](5) = 0.177633,	Delta[s+](6) = 0.0627912,	Delta[s+](7) = 0.177633,	Delta[s+](8) = 0.222896,	Delta[s+](9) = 0.0627912,	Delta[s+](10) = 0.0157366,	Delta[s+](11) = 0.0627912,	Delta[s+](12) = 0.36227,	Delta[s+](13) = 0.177633,	Delta[s+](14) = 0.0627912,	Delta[s+](15) = 0.177633
The 8-th iteration is completed.	|| time cost : 0h 1m 41.425s
********************************************************************************************************************
********************************************************************************************************************
Ground state is obtained after 9 iterations. The current ground-state energy is -15.2645, in which electron energy is -15.2645 and phonon energy is 1.90469e-05
final variational state is: 
	Gamma_x = [      1,1.00096, 1.0013,1.00096,1.00096,1.00118,1.00146,1.00118, 1.0013,1.00146,1.00166,1.00146,1.00096,1.00118,1.00146,1.00118]
	lambda_q = [0.0983308,0.0514762,0.0424188,0.0514762,0.0514762,0.0404556,0.0366987,0.0404556,0.0424188,0.0366987,0.0338396,0.0366987,0.0514762,0.0404556,0.0366987,0.0404556]
The effective e-e interactions mediated by phonons are: [0.0319911,0.0244654,0.0213901,0.0244654,0.0244654,0.0206543,0.0191774,0.0206543,0.0213901,0.0191774, 0.017993,0.0191774,0.0244654,0.0206543,0.0191774,0.0206543]
********************************************************************************************************************
o___o  ----------------------------------------
| L |	Time since last clock: 0h 0m 0s
A===A	Time since the beginning: 0h 15m 56.877s
***********************************************

********************************************************************************************************************
Start warm-up calculation for scaling factor 8
open output files: NGSEDWarmUpW1.6Obs.txt
********************************************************************************************************************
Start the 0 rounds of NGS-ED iteration
	effective electronic model is modified as: kinetic energy t = 0.99839
	                                           effective interaction Vq = [-0.0290291,-0.0190558,-0.0163176,-0.0190558,-0.0190558,-0.0156895,-0.0144531,-0.0156895,-0.0163176,-0.0144531,-0.0134819,-0.0144531,-0.0190558,-0.0156895,-0.0144531,-0.0156895]
	PARPACK diagonalization completed after 45 matrix-vector product operations.
	iteration results: : total energy is -15.218549 | electron energy -15.218559 + phonon energy 0.000010 | electron momentum kIdx = 0
	Nq(0) = 9,	Nq(1) = 0.191917,	Nq(2) = 0.266359,	Nq(3) = 0.191917,	Nq(4) = 0.191917,	Nq(5) = 0.245677,	Nq(6) = 0.314333,	Nq(7) = 0.245677,	Nq(8) = 0.266359,	Nq(9) = 0.314333,	Nq(10) = 0.369651,	Nq(11) = 0.314333,	Nq(12) = 0.191917,	Nq(13) = 0.245677,	Nq(14) = 0.314333,	Nq(15) = 0.245677,	Sq(0) = 6.20678e-19,	Sq(1) = 0.554455,	Sq(2) = 0.424343,	Sq(3) = 0.554455,	Sq(4) = 0.554455,	Sq(5) = 0.797253,	Sq(6) = 1.0125,	Sq(7) = 0.797253,	Sq(8) = 0.424343,	Sq(9) = 1.0125,	Sq(10) = 0.784396,	Sq(11) = 1.0125,	Sq(12) = 0.554455,	Sq(13) = 0.797253,	Sq(14) = 1.0125,	Sq(15) = 0.797253,	N(0) = 1.76801,	N(1) = 1.62725,	N(2) = 0.7434,	N(3) = 1.62725,	N(4) = 1.62725,	N(5) = 0.391759,	N(6) = 0.144014,	N(7) = 0.391759,	N(8) = 0.7434,	N(9) = 0.144014,	N(10) = 0.0930863,	N(11) = 0.144014,	N(12) = 1.62725,	N(13) = 0.391759,	N(14) = 0.144014,	N(15) = 0.391759,	Delta[s](0) = 0.0658446,	Delta[s](1) = 0.04549,	Delta[s](2) = 0.0305118,	Delta[s](3) = 0.04549,	Delta[s](4) = 0.04549,	Delta[s](5) = 0.0272003,	Delta[s](6) = 0.00931311,	Delta[s](7) = 0.0272003,	Delta[s](8) = 0.0305118,	Delta[s](9) = 0.00931311,	Delta[s](10) = 0.000157002,	Delta[s](11) = 0.00931311,	Delta[s](12) = 0.04549,	Delta[s](13) = 0.0272003,	Delta[s](14) = 0.00931311,	Delta[s](15) = 0.0272003,	Delta[d](0) = 0.230191,	Delta[d](1) = 0.180637,	Delta[d](2) = 0.222979,	Delta[d](3) = 0.180637,	Delta[d](4) = 0.180637,	Delta[d](5) = 0.123376,	Delta[d](6) = 0.15095,	Delta[d](7) = 0.123376,	Delta[d](8) = 0.222979,	Delta[d](9) = 0.15095,	Delta[d](10) = 0.0768128,	Delta[d](11) = 0.15095,	Delta[d](12) = 0.180637,	Delta[d](13) = 0.123376,	Delta[d](14) = 0.15095,	Delta[d](15) = 0.123376,	Delta[s+](0) = 0.531414,	Delta[s+](1) = 0.3624,	Delta[s+](2) = 0.222979,	Delta[s+](3) = 0.3624,	Delta[s+](4) = 0.3624,	Delta[s+](5) = 0.177708,	Delta[s+](6) = 0.0628279,	Delta[s+](7) = 0.177708,	Delta[s+](8) = 0.222979,	Delta[s+](9) = 0.0628279,	Delta[s+](10) = 0.0157451,	Delta[s+](11) = 0.0628279,	Delta[s+](12) = 0.3624,	Delta[s+](13) = 0.177708,	Delta[s+](14) = 0.0628279,	Delta[s+](15) = 0.177708
The 0-th iteration is completed.	|| time cost : 0h 1m 42.467s
********************************************************************************************************************
Start the 1 rounds of NGS-ED iteration
	effective electronic model is modified as: kinetic energy t = 0.998553
	                                           effective interaction Vq = [-0.0298427,-0.0187938,-0.0156938,-0.0187938,-0.0187938, -0.014987,-0.0136028, -0.014987,-0.0156938,-0.0136028,-0.0125245,-0.0136028,-0.0187938, -0.014987,-0.0136028, -0.014987]
	PARPACK diagonalization completed after 30 matrix-vector product operations.
	iteration results: : total energy is -15.226246 | electron energy -15.226261 + phonon energy 0.000015 | electron momentum kIdx = 0
The 1-th iteration is completed.	|| time cost : 0h 0m 9.267s
********************************************************************************************************************
Start the 2 rounds of NGS-ED iteration
	effective electronic model is modified as: kinetic energy t = 0.998633
