SNEDics v3.2 diagonalization test program		Start at Tue May  7 07:54:00 2019

parallized on 80 MPI threads  * 6 OpenMP threads = 480 total threads.
************************************************************************************
************************************************************************************

Input file "model_params.in"
Hubbard-Holstein model parameters : 	t = 1    U = 9.5    g = 4.4721    W = 5    
************************************************************************************
Input file "hilbertspace_params.in"

Cluster Positions:				Cluster symmetry group : D4
 x ... x ... x ... x .....                       x ... x ... x ... x .....
 |           |           :                       |           |           :
 |           |           :                       |           |           :
12    13    14    15     x                       1     5     6     5     x
 |           |           :                       |           |           :
 |           |           :                       |           |           :
 8 --- 9 ---10 ---11 --- x                       2 --- 6 ---10 --- 6 --- x
 |           |           :                       |           |           :
 |           |           :                       |           |           :
 4     5     6     7     x                       1     5     6     5     x
 |           |           :                       |           |           :
 |           |           :                       |           |           :
 0 --- 1 --- 2 --- 3 --- x                       0 --- 1 --- 2 --- 1 --- x
orbital number : 1
************************************************************************************
** NOTE ** Detected low phonon energy W < 10. The initial state will be prepared through a warm-up process.
starting warm-up calculation for scaling factor 2
0 rounds of non-Gaussian ED iteration : ground-state energy is -7.17317 | electron energy -7.17317 + phonon energy 0 | electron momentum kIdx = 10
Nq = 	16	0.0457286	0.0828541	0.0457286	0.0457286	0.0828541	0.11644	0.0828541	0.0828541	0.11644	0.147879	0.11644	0.0457286	0.0828541	0.11644	0.0828541
Sq = 	-7.43293e-19	0.221283	0.378373	0.221283	0.221283	0.378373	0.569128	0.378373	0.378373	0.569128	9.27443	0.569128	0.221283	0.378373	0.569128	0.378373
1 rounds of non-Gaussian ED iteration : ground-state energy is -67.2534 | electron energy -67.2558 + phonon energy 0.0023541 | electron momentum kIdx = 10
Nq = 	16	0.153296	0.22383	0.153296	0.153296	0.22383	0.303376	0.22383	0.22383	0.303376	0.364321	0.303376	0.153296	0.22383	0.303376	0.22383
Sq = 	-5.51135e-19	0.307324	0.418013	0.307324	0.307324	0.418013	0.62785	0.418013	0.418013	0.627851	6.21724	0.627851	0.307324	0.418013	0.62785	0.418013
2 rounds of non-Gaussian ED iteration : ground-state energy is -76.0395 | electron energy -76.0717 + phonon energy 0.0321478 | electron momentum kIdx = 10
Nq = 	16	0.207536	0.274509	0.207536	0.207536	0.274509	0.378699	0.274509	0.274509	0.378699	0.440801	0.378699	0.207536	0.274509	0.378699	0.274509
Sq = 	2.96259e-18	0.341777	0.428243	0.341777	0.341777	0.428243	0.657778	0.428243	0.428243	0.657778	4.99953	0.657778	0.341777	0.428243	0.657778	0.428243
3 rounds of non-Gaussian ED iteration : ground-state energy is -77.287 | electron energy -77.3561 + phonon energy 0.0690703 | electron momentum kIdx = 10
Nq = 	16	0.22578	0.28877	0.22578	0.22578	0.28877	0.403165	0.28877	0.28877	0.403165	0.463451	0.403165	0.22578	0.28877	0.403165	0.28877
Sq = 	4.34847e-18	0.350746	0.429636	0.350746	0.350746	0.429636	0.663125	0.429636	0.429636	0.663125	4.65485	0.663125	0.350746	0.429636	0.663125	0.429636
4 rounds of non-Gaussian ED iteration : ground-state energy is -77.4594 | electron energy -77.5489 + phonon energy 0.0895311 | electron momentum kIdx = 10
Nq = 	16	0.231824	0.293184	0.231824	0.231824	0.293184	0.411482	0.293184	0.293184	0.411482	0.470811	0.411482	0.231824	0.293184	0.411482	0.293184
Sq = 	-7.5403e-18	0.353422	0.429866	0.353422	0.353422	0.429866	0.664326	0.429866	0.429866	0.664326	4.54667	0.664326	0.353422	0.429866	0.664326	0.429866
5 rounds of non-Gaussian ED iteration : ground-state energy is -77.4829 | electron energy -77.5811 + phonon energy 0.0981916 | electron momentum kIdx = 10
Nq = 	16	0.233918	0.294664	0.233918	0.233918	0.294664	0.414437	0.294664	0.294664	0.414437	0.473363	0.414437	0.233918	0.294664	0.414437	0.294664
Sq = 	1.79113e-18	0.354315	0.429916	0.354315	0.354315	0.429916	0.664676	0.429916	0.429916	0.664676	4.50977	0.664676	0.354315	0.429916	0.664676	0.429916
6 rounds of non-Gaussian ED iteration : ground-state energy is -77.4861 | electron energy -77.5876 + phonon energy 0.101526 | electron momentum kIdx = 10
Nq = 	16	0.234668	0.295181	0.234668	0.234668	0.295181	0.415511	0.295181	0.295181	0.415511	0.474276	0.415511	0.234668	0.295181	0.415511	0.295181
Sq = 	1.84488e-18	0.35463	0.42993	0.35463	0.35463	0.42993	0.664794	0.42993	0.42993	0.664794	4.49665	0.664794	0.35463	0.42993	0.664794	0.42993
Ground state is obtained after 7 iterations. The current ground-state energy is -77.4865, in which electron energy is -77.5893 and phonon energy is 0.102767
final variational state is: 
Gamma_x =       1 1.02967 1.04788 1.02967 1.02967 1.04788 1.06934 1.04788 1.04788 1.06934 1.08445 1.06934 1.02967 1.04788 1.06934 1.04788
lambda_q = 0.631874 0.509273 0.459338 0.509273 0.509273 0.459338   0.4538 0.459338 0.459338   0.4538 0.435226   0.4538 0.509273 0.459338   0.4538 0.459338
o___o  -------------------------------------
| L |	Time since last clock: 0h 38m 32.666s
A===A	Time since the beginning: 0h 38m 32.666s
********************************************

************************************************************************************
Warm up completed
o___o  -------------------------------------
| L |	Time since last clock: 0h 0m 0.029s
A===A	Time since the beginning: 0h 38m 32.695s
********************************************

************************************************************************************
0 rounds of non-Gaussian ED iteration : ground-state energy is -69.291 | electron energy -69.3424 + phonon energy 0.0513833 | electron momentum kIdx = 10
Nq = 	16	0.16523	0.233473	0.16523	0.16523	0.233473	0.31724	0.233473	0.233473	0.31724	0.376684	0.31724	0.16523	0.233473	0.31724	0.233473
Sq = 	-3.74387e-18	0.314938	0.421248	0.314938	0.314938	0.421248	0.636599	0.421248	0.421248	0.636599	5.95896	0.636599	0.314938	0.421248	0.636599	0.421248
1 rounds of non-Gaussian ED iteration : ground-state energy is -72.8257 | electron energy -72.9469 + phonon energy 0.121192 | electron momentum kIdx = 10
Nq = 	16	0.17092	0.238528	0.17092	0.17092	0.238528	0.323369	0.238528	0.238528	0.323369	0.382568	0.323369	0.17092	0.238528	0.323369	0.238528
Sq = 	6.12569e-19	0.318524	0.4227	0.318524	0.318524	0.4227	0.64048	0.4227	0.4227	0.64048	5.83689	0.64048	0.318524	0.4227	0.64048	0.4227
2 rounds of non-Gaussian ED iteration : ground-state energy is -74.1229 | electron energy -74.2828 + phonon energy 0.15985 | electron momentum kIdx = 10
Nq = 	16	0.174698	0.241875	0.174698	0.174698	0.241875	0.327856	0.241875	0.241875	0.327856	0.387098	0.327856	0.174698	0.241875	0.327856	0.241875
Sq = 	-1.64812e-18	0.320898	0.423568	0.320898	0.320898	0.423568	0.642891	0.423568	0.423568	0.642891	5.75487	0.642891	0.320898	0.423568	0.642891	0.423568
3 rounds of non-Gaussian ED iteration : ground-state energy is -74.6003 | electron energy -74.7812 + phonon energy 0.180881 | electron momentum kIdx = 10
Nq = 	16	0.177134	0.244012	0.177134	0.177134	0.244012	0.330865	0.244012	0.244012	0.330865	0.390153	0.330865	0.177134	0.244012	0.330865	0.244012
Sq = 	-6.39814e-19	0.322416	0.424093	0.322416	0.322416	0.424093	0.644384	0.424093	0.424093	0.644384	5.70202	0.644384	0.322416	0.424093	0.644384	0.424093
4 rounds of non-Gaussian ED iteration : ground-state energy is -74.7761 | electron energy -74.9691 + phonon energy 0.193027 | electron momentum kIdx = 10
Nq = 	16	0.178684	0.245359	0.178684	0.178684	0.245359	0.332816	0.245359	0.245359	0.332816	0.392127	0.332816	0.178684	0.245359	0.332816	0.245359
Sq = 	1.43663e-18	0.323376	0.424416	0.323376	0.323376	0.424416	0.645311	0.424416	0.424416	0.645311	5.66848	0.645311	0.323376	0.424416	0.645311	0.424416
5 rounds of non-Gaussian ED iteration : ground-state energy is -74.8408 | electron energy -75.0412 + phonon energy 0.200376 | electron momentum kIdx = 10
Nq = 	16	0.179667	0.246204	0.179667	0.179667	0.246204	0.334066	0.246204	0.246204	0.334066	0.393384	0.334066	0.179667	0.246204	0.334066	0.246204
Sq = 	-2.06703e-18	0.323981	0.424615	0.323981	0.323981	0.424615	0.64589	0.424615	0.424615	0.64589	5.64729	0.64589	0.323981	0.424615	0.64589	0.424615
6 rounds of non-Gaussian ED iteration : ground-state energy is -74.8647 | electron energy -75.0696 + phonon energy 0.204938 | electron momentum kIdx = 10
Nq = 	16	0.180288	0.246735	0.180288	0.180288	0.246735	0.334862	0.246735	0.246735	0.334862	0.394181	0.334862	0.180288	0.246735	0.334862	0.246735
Sq = 	-1.47119e-18	0.324362	0.424739	0.324362	0.324362	0.424739	0.646252	0.424739	0.424739	0.646252	5.63392	0.646252	0.324362	0.424739	0.646252	0.424739
7 rounds of non-Gaussian ED iteration : ground-state energy is -74.8735 | electron energy -75.0813 + phonon energy 0.207805 | electron momentum kIdx = 10
Nq = 	16	0.180681	0.247068	0.180681	0.180681	0.247068	0.335367	0.247068	0.247068	0.335367	0.394686	0.335367	0.180681	0.247068	0.335367	0.247068
Sq = 	-2.06338e-18	0.324602	0.424817	0.324602	0.324602	0.424817	0.64648	0.424817	0.424817	0.64648	5.62548	0.64648	0.324602	0.424817	0.64648	0.424817
8 rounds of non-Gaussian ED iteration : ground-state energy is -74.8767 | electron energy -75.0863 + phonon energy 0.209615 | electron momentum kIdx = 10
Nq = 	16	0.180929	0.247278	0.180929	0.180929	0.247278	0.335688	0.247278	0.247278	0.335688	0.395005	0.335688	0.180929	0.247278	0.335688	0.247278
Sq = 	3.81479e-18	0.324753	0.424866	0.324753	0.324753	0.424866	0.646623	0.424866	0.424866	0.646623	5.62016	0.646623	0.324753	0.424866	0.646623	0.424866
9 rounds of non-Gaussian ED iteration : ground-state energy is -74.8779 | electron energy -75.0887 + phonon energy 0.21076 | electron momentum kIdx = 10
Nq = 	16	0.181086	0.24741	0.181086	0.181086	0.24741	0.335892	0.24741	0.24741	0.335892	0.395207	0.335892	0.181086	0.24741	0.335892	0.24741
Sq = 	-1.21908e-18	0.324849	0.424896	0.324849	0.324849	0.424896	0.646714	0.424896	0.424896	0.646714	5.61679	0.646714	0.324849	0.424896	0.646714	0.424896
10 rounds of non-Gaussian ED iteration : ground-state energy is -74.8783 | electron energy -75.0898 + phonon energy 0.211485 | electron momentum kIdx = 10
Nq = 	16	0.181185	0.247493	0.181185	0.181185	0.247493	0.336021	0.247493	0.247493	0.336021	0.395334	0.336021	0.181185	0.247493	0.336021	0.247493
Sq = 	-2.98899e-18	0.324909	0.424916	0.324909	0.324909	0.424916	0.646771	0.424916	0.424916	0.646771	5.61467	0.646771	0.324909	0.424916	0.646771	0.424916
11 rounds of non-Gaussian ED iteration : ground-state energy is -74.8785 | electron energy -75.0904 + phonon energy 0.211943 | electron momentum kIdx = 10
Nq = 	16	0.181248	0.247545	0.181248	0.181248	0.247545	0.336103	0.247545	0.247545	0.336103	0.395415	0.336103	0.181248	0.247545	0.336103	0.247545
Sq = 	1.0838e-18	0.324947	0.424928	0.324947	0.324947	0.424928	0.646807	0.424928	0.424928	0.646807	5.61333	0.646807	0.324947	0.424928	0.646807	0.424928
12 rounds of non-Gaussian ED iteration : ground-state energy is -74.8786 | electron energy -75.0908 + phonon energy 0.212234 | electron momentum kIdx = 10
Nq = 	16	0.181288	0.247578	0.181288	0.181288	0.247578	0.336155	0.247578	0.247578	0.336155	0.395466	0.336155	0.181288	0.247578	0.336155	0.247578
Sq = 	2.44231e-19	0.324971	0.424935	0.324971	0.324971	0.424935	0.64683	0.424935	0.424935	0.64683	5.61248	0.64683	0.324971	0.424935	0.64683	0.424935
13 rounds of non-Gaussian ED iteration : ground-state energy is -74.8786 | electron energy -75.091 + phonon energy 0.212417 | electron momentum kIdx = 10
Nq = 	16	0.181313	0.247599	0.181313	0.181313	0.247599	0.336188	0.247599	0.247599	0.336188	0.395498	0.336188	0.181313	0.247599	0.336188	0.247599
Sq = 	3.97626e-18	0.324986	0.42494	0.324986	0.324986	0.42494	0.646844	0.42494	0.42494	0.646844	5.61194	0.646844	0.324986	0.42494	0.646844	0.42494
14 rounds of non-Gaussian ED iteration : ground-state energy is -74.8786 | electron energy -75.0911 + phonon energy 0.212534 | electron momentum kIdx = 10
Nq = 	16	0.181328	0.247612	0.181328	0.181328	0.247612	0.336208	0.247612	0.247612	0.336208	0.395519	0.336208	0.181328	0.247612	0.336208	0.247612
Sq = 	1.32974e-18	0.324996	0.424943	0.324996	0.324996	0.424943	0.646853	0.424943	0.424943	0.646853	5.61161	0.646853	0.324996	0.424943	0.646853	0.424943
15 rounds of non-Gaussian ED iteration : ground-state energy is -74.8786 | electron energy -75.0912 + phonon energy 0.212607 | electron momentum kIdx = 10
Nq = 	16	0.181338	0.247621	0.181338	0.181338	0.247621	0.336221	0.247621	0.247621	0.336221	0.395532	0.336221	0.181338	0.247621	0.336221	0.247621
Sq = 	4.29425e-19	0.325002	0.424945	0.325002	0.325002	0.424945	0.646859	0.424945	0.424945	0.646859	5.61139	0.646859	0.325002	0.424945	0.646859	0.424945
16 rounds of non-Gaussian ED iteration : ground-state energy is -74.8786 | electron energy -75.0913 + phonon energy 0.212654 | electron momentum kIdx = 10
Nq = 	16	0.181345	0.247626	0.181345	0.181345	0.247626	0.33623	0.247626	0.247626	0.33623	0.39554	0.33623	0.181345	0.247626	0.33623	0.247626
Sq = 	4.42048e-18	0.325006	0.424946	0.325006	0.325006	0.424946	0.646862	0.424946	0.424946	0.646862	5.61126	0.646862	0.325006	0.424946	0.646862	0.424946
Ground state is obtained after 17 iterations. The current ground-state energy is -74.8786, in which electron energy is -75.0913 and phonon energy is 0.212683
final variational state is: 
Gamma_x =       1  1.0686 1.10228  1.0686  1.0686 1.10228 1.14219 1.10228 1.10228 1.14219 1.17032 1.14219  1.0686 1.10228 1.14219 1.10228
lambda_q = 0.894367 0.577248  0.50244 0.577248 0.577248  0.50244 0.488292  0.50244  0.50244 0.488292 0.465838 0.488292 0.577248  0.50244 0.488292  0.50244
o___o  -------------------------------------
| L |	Time since last clock: 1h 28m 16.344s
A===A	Time since the beginning: 2h 6m 49.039s
********************************************

************************************************************************************
