SNEDics v3.4 Non-Gaussian ED ground state program		Start at Sat Sep 28 12:31:16 2019

parallized on 16 MPI threads  * 8 OpenMP threads = 128 total threads.
********************************************************************************************************************
********************************************************************************************************************

********************************************************************************************************************
System parameters and configurations
********************************************************************************************************************
Special program options are enabled: splitted diagonal Hamiltonian
********************************************************************************************************************
Read input file "model_params.in"
	Hubbard-Holstein model parameters : 	t = 1    U = 7    g = 3.873    W = 5    
********************************************************************************************************************
Read input file "hilbertspace_params.in"
	Requested 16-site 2D lattice, with 10 electrons (5, 5)
	Boundary : Periodic		Hilbert space representation : momentum-space (restricted to kIdx = 0)
	Conservation: particle number[U(1)]      spin[U(1)]     momentum
********************************************************************************************************************

Cluster Positions:				Cluster symmetry group : D4
 x ... x ... x ... x .....                       x ... x ... x ... x .....
 |           |           :                       |           |           :
 |           |           :                       |           |           :
12    13    14    15     x                       1     5     6     5     x
 |           |           :                       |           |           :
 |           |           :                       |           |           :
 8 --- 9 ---10 ---11 --- x                       2 --- 6 ---10 --- 6 --- x
 |           |           :                       |           |           :
 |           |           :                       |           |           :
 4     5     6     7     x                       1     5     6     5     x
 |           |           :                       |           |           :
 |           |           :                       |           |           :
 0 --- 1 --- 2 --- 3 --- x                       0 --- 1 --- 2 --- 1 --- x
orbital number : 1
********************************************************************************************************************
Read input file "obs_params.in"
	Observable Type : Nq(All),   Sq(All),   N(All),   Delta[s](All),   Delta[d](All),   Delta[s+](All)
********************************************************************************************************************
** WARNING ** the input observables have non-local factors which have been reinterpreted. The total observable number is 96
********************************************************************************************************************


********************************************************************************************************************
Start calculating the non-Gaussian ED ground state
** WARNING ** Detected low phonon energy W < 10. The initial state will be prepared through a warm-up process.
********************************************************************************************************************
Start warm-up calculation for scaling factor 2
open output files: NGSEDWarmUpW10Obs.txt
********************************************************************************************************************
Start the 0 rounds of NGS-ED iteration
	effective electronic model is modified as: kinetic energy t = 1
	                                           effective interaction Vq = [-0,-0,-0,-0,-0,-0,-0,-0,-0,-0,-0,-0,-0,-0,-0,-0]
	first Hamiltonian is constructed, non-zero numbers = 242521378
	PARPACK diagonalization completed after 75 matrix-vector product operations.
	iteration results: : total energy is -17.897288 | electron energy -17.897288 + phonon energy 0.000000 | electron momentum kIdx = 0
	Nq(0) = 6.25,	Nq(1) = 0.22466,	Nq(2) = 0.286827,	Nq(3) = 0.22466,	Nq(4) = 0.22466,	Nq(5) = 0.286827,	Nq(6) = 0.379456,	Nq(7) = 0.286827,	Nq(8) = 0.286827,	Nq(9) = 0.379456,	Nq(10) = 0.455109,	Nq(11) = 0.379456,	Nq(12) = 0.22466,	Nq(13) = 0.286827,	Nq(14) = 0.379456,	Nq(15) = 0.286827,	Sq(0) = -1.00164e-17,	Sq(1) = 0.510787,	Sq(2) = 0.444801,	Sq(3) = 0.510787,	Sq(4) = 0.510787,	Sq(5) = 0.444801,	Sq(6) = 0.923756,	Sq(7) = 0.444801,	Sq(8) = 0.444801,	Sq(9) = 0.923756,	Sq(10) = 0.750487,	Sq(11) = 0.923756,	Sq(12) = 0.510787,	Sq(13) = 0.444801,	Sq(14) = 0.923756,	Sq(15) = 0.444801,	N(0) = 1.86091,	N(1) = 1.75535,	N(2) = 0.142305,	N(3) = 1.75535,	N(4) = 1.75535,	N(5) = 0.142305,	N(6) = 0.0519047,	N(7) = 0.142305,	N(8) = 0.142305,	N(9) = 0.0519047,	N(10) = 0.0562584,	N(11) = 0.0519047,	N(12) = 1.75535,	N(13) = 0.142305,	N(14) = 0.0519047,	N(15) = 0.142305,	Delta[s](0) = 0.0608842,	Delta[s](1) = 0.0386509,	Delta[s](2) = 0.0276409,	Delta[s](3) = 0.0386509,	Delta[s](4) = 0.0386509,	Delta[s](5) = 0.0276409,	Delta[s](6) = 0.00814719,	Delta[s](7) = 0.0276409,	Delta[s](8) = 0.0276409,	Delta[s](9) = 0.00814719,	Delta[s](10) = 0.0073439,	Delta[s](11) = 0.00814719,	Delta[s](12) = 0.0386509,	Delta[s](13) = 0.0276409,	Delta[s](14) = 0.00814719,	Delta[s](15) = 0.0276409,	Delta[d](0) = 0.195539,	Delta[d](1) = 0.0924489,	Delta[d](2) = 0.150545,	Delta[d](3) = 0.0924489,	Delta[d](4) = 0.0924489,	Delta[d](5) = 0.100674,	Delta[d](6) = 0.039533,	Delta[d](7) = 0.100674,	Delta[d](8) = 0.150545,	Delta[d](9) = 0.039533,	Delta[d](10) = 0.0241682,	Delta[d](11) = 0.039533,	Delta[d](12) = 0.0924489,	Delta[d](13) = 0.100674,	Delta[d](14) = 0.039533,	Delta[d](15) = 0.100674,	Delta[s+](0) = 0.537137,	Delta[s+](1) = 0.328899,	Delta[s+](2) = 0.150545,	Delta[s+](3) = 0.328899,	Delta[s+](4) = 0.328899,	Delta[s+](5) = 0.150545,	Delta[s+](6) = 0.0185939,	Delta[s+](7) = 0.150545,	Delta[s+](8) = 0.150545,	Delta[s+](9) = 0.0185939,	Delta[s+](10) = 0.00599201,	Delta[s+](11) = 0.0185939,	Delta[s+](12) = 0.328899,	Delta[s+](13) = 0.150545,	Delta[s+](14) = 0.0185939,	Delta[s+](15) = 0.150545
The 0-th iteration is completed.	|| time cost : 0h 0m 46.582s
********************************************************************************************************************
Start the 1 rounds of NGS-ED iteration
	effective electronic model is modified as: kinetic energy t = 0.919843
	                                           effective interaction Vq = [-2.59402, -2.4355,-2.34771, -2.4355, -2.4355,-2.34771,-2.31701,-2.34771,-2.34771,-2.31701,-2.28835,-2.31701, -2.4355,-2.34771,-2.31701,-2.34771]
	PARPACK diagonalization completed after 30 matrix-vector product operations.
	iteration results: : total energy is -44.207582 | electron energy -44.213632 + phonon energy 0.006050 | electron momentum kIdx = 0
The 1-th iteration is completed.	|| time cost : 0h 0m 40.242s
********************************************************************************************************************
Start the 2 rounds of NGS-ED iteration
	effective electronic model is modified as: kinetic energy t = 0.873554
	                                           effective interaction Vq = [-2.94508,-2.81291,-2.69027,-2.81291,-2.81291,-2.69027,-2.68367,-2.69027,-2.69027,-2.68367,-2.62414,-2.68367,-2.81291,-2.69027,-2.68367,-2.69027]
	PARPACK diagonalization completed after 30 matrix-vector product operations.
	iteration results: : total energy is -47.377148 | electron energy -47.416211 + phonon energy 0.039063 | electron momentum kIdx = 0
The 2-th iteration is completed.	|| time cost : 0h 0m 2.281s
********************************************************************************************************************
Start the 3 rounds of NGS-ED iteration
	effective electronic model is modified as: kinetic energy t = 0.857727
	                                           effective interaction Vq = [-2.99259,-2.89539,-2.76862,-2.89539,-2.89539,-2.76862,-2.77351,-2.76862,-2.76862,-2.77351,-2.70319,-2.77351,-2.89539,-2.76862,-2.77351,-2.76862]
	PARPACK diagonalization completed after 30 matrix-vector product operations.
	iteration results: : total energy is -47.778266 | electron energy -47.841746 + phonon energy 0.063479 | electron momentum kIdx = 0
The 3-th iteration is completed.	|| time cost : 0h 0m 2.281s
********************************************************************************************************************
Start the 4 rounds of NGS-ED iteration
	effective electronic model is modified as: kinetic energy t = 0.852606
	                                           effective interaction Vq = [-2.99902, -2.9177,-2.79022, -2.9177, -2.9177,-2.79022,-2.79969,-2.79022,-2.79022,-2.79969,-2.72539,-2.79969, -2.9177,-2.79022,-2.79969,-2.79022]
	PARPACK diagonalization completed after 30 matrix-vector product operations.
	iteration results: : total energy is -47.829418 | electron energy -47.903029 + phonon energy 0.073611 | electron momentum kIdx = 0
The 4-th iteration is completed.	|| time cost : 0h 0m 2.283s
********************************************************************************************************************
Start the 5 rounds of NGS-ED iteration
	effective electronic model is modified as: kinetic energy t = 0.850968
	                                           effective interaction Vq = [-2.99989,-2.92449,-2.79662,-2.92449,-2.92449,-2.79662,-2.80788,-2.79662,-2.79662,-2.80788,-2.73202,-2.80788,-2.92449,-2.79662,-2.80788,-2.79662]
	PARPACK diagonalization completed after 30 matrix-vector product operations.
	iteration results: : total energy is -47.835999 | electron energy -47.913136 + phonon energy 0.077136 | electron momentum kIdx = 0
The 5-th iteration is completed.	|| time cost : 0h 0m 2.281s
********************************************************************************************************************
Start the 6 rounds of NGS-ED iteration
	effective electronic model is modified as: kinetic energy t = 0.850446
	                                           effective interaction Vq = [-3.00001,-2.92666,-2.79856,-2.92666,-2.92666,-2.79856,-2.81051,-2.79856,-2.79856,-2.81051,-2.73404,-2.81051,-2.92666,-2.79856,-2.81051,-2.79856]
	PARPACK diagonalization completed after 30 matrix-vector product operations.
	iteration results: : total energy is -47.836854 | electron energy -47.915148 + phonon energy 0.078294 | electron momentum kIdx = 0
The 6-th iteration is completed.	|| time cost : 0h 0m 2.285s
********************************************************************************************************************
Start the 7 rounds of NGS-ED iteration
	effective electronic model is modified as: kinetic energy t = 0.850279
	                                           effective interaction Vq = [-3.00002,-2.92737,-2.79915,-2.92737,-2.92737,-2.79915,-2.81137,-2.79915,-2.79915,-2.81137,-2.73466,-2.81137,-2.92737,-2.79915,-2.81137,-2.79915]
	PARPACK diagonalization completed after 30 matrix-vector product operations.
	iteration results: : total energy is -47.836966 | electron energy -47.915633 + phonon energy 0.078667 | electron momentum kIdx = 0
The 7-th iteration is completed.	|| time cost : 0h 0m 2.283s
********************************************************************************************************************
Start the 8 rounds of NGS-ED iteration
	effective electronic model is modified as: kinetic energy t = 0.850226
	                                           effective interaction Vq = [-3.00003, -2.9276,-2.79933, -2.9276, -2.9276,-2.79933,-2.81164,-2.79933,-2.79933,-2.81164,-2.73484,-2.81164, -2.9276,-2.79933,-2.81164,-2.79933]
	PARPACK diagonalization completed after 30 matrix-vector product operations.
	iteration results: : total energy is -47.836981 | electron energy -47.915767 + phonon energy 0.078787 | electron momentum kIdx = 0
	Nq(0) = 6.25,	Nq(1) = 0.333795,	Nq(2) = 0.347019,	Nq(3) = 0.333795,	Nq(4) = 0.333795,	Nq(5) = 0.347019,	Nq(6) = 0.532431,	Nq(7) = 0.347019,	Nq(8) = 0.347019,	Nq(9) = 0.532431,	Nq(10) = 0.555534,	Nq(11) = 0.532431,	Nq(12) = 0.333795,	Nq(13) = 0.347019,	Nq(14) = 0.532431,	Nq(15) = 0.347019,	Sq(0) = -1.35071e-17,	Sq(1) = 0.422025,	Sq(2) = 0.400295,	Sq(3) = 0.422025,	Sq(4) = 0.422025,	Sq(5) = 0.400295,	Sq(6) = 0.717392,	Sq(7) = 0.400295,	Sq(8) = 0.400295,	Sq(9) = 0.717392,	Sq(10) = 0.688012,	Sq(11) = 0.717392,	Sq(12) = 0.422025,	Sq(13) = 0.400295,	Sq(14) = 0.717392,	Sq(15) = 0.400295,	N(0) = 1.98913,	N(1) = 1.97647,	N(2) = 0.013127,	N(3) = 1.97647,	N(4) = 1.97647,	N(5) = 0.013127,	N(6) = 0.00523129,	N(7) = 0.013127,	N(8) = 0.013127,	N(9) = 0.00523129,	N(10) = 0.00529942,	N(11) = 0.00523129,	N(12) = 1.97647,	N(13) = 0.013127,	N(14) = 0.00523129,	N(15) = 0.013127,	Delta[s](0) = 0.148227,	Delta[s](1) = 0.0893391,	Delta[s](2) = 0.0820663,	Delta[s](3) = 0.0893391,	Delta[s](4) = 0.0893391,	Delta[s](5) = 0.0820663,	Delta[s](6) = 0.0360743,	Delta[s](7) = 0.0820663,	Delta[s](8) = 0.0820663,	Delta[s](9) = 0.0360743,	Delta[s](10) = 0.0339991,	Delta[s](11) = 0.0360743,	Delta[s](12) = 0.0893391,	Delta[s](13) = 0.0820663,	Delta[s](14) = 0.0360743,	Delta[s](15) = 0.0820663,	Delta[d](0) = 0.213774,	Delta[d](1) = 0.0816482,	Delta[d](2) = 0.141004,	Delta[d](3) = 0.0816482,	Delta[d](4) = 0.0816482,	Delta[d](5) = 0.117689,	Delta[d](6) = 0.0312579,	Delta[d](7) = 0.117689,	Delta[d](8) = 0.141004,	Delta[d](9) = 0.0312579,	Delta[d](10) = 0.0233793,	Delta[d](11) = 0.0312579,	Delta[d](12) = 0.0816482,	Delta[d](13) = 0.117689,	Delta[d](14) = 0.0312579,	Delta[d](15) = 0.117689,	Delta[s+](0) = 0.503028,	Delta[s+](1) = 0.315648,	Delta[s+](2) = 0.141004,	Delta[s+](3) = 0.315648,	Delta[s+](4) = 0.315648,	Delta[s+](5) = 0.141004,	Delta[s+](6) = 0.0193885,	Delta[s+](7) = 0.141004,	Delta[s+](8) = 0.141004,	Delta[s+](9) = 0.0193885,	Delta[s+](10) = 0.00610786,	Delta[s+](11) = 0.0193885,	Delta[s+](12) = 0.315648,	Delta[s+](13) = 0.141004,	Delta[s+](14) = 0.0193885,	Delta[s+](15) = 0.141004
The 8-th iteration is completed.	|| time cost : 0h 0m 21.908s
********************************************************************************************************************
********************************************************************************************************************
Ground state is obtained after 9 iterations. The current ground-state energy is -47.837, in which electron energy is -47.9158 and phonon energy is 0.0787865
final variational state is: 
	Gamma_x = [      1,1.02661,1.04071,1.02661,1.02661,1.04071,1.06177,1.04071,1.04071,1.06177,1.07205,1.06177,1.02661,1.04071,1.06177,1.04071]
	lambda_q = [0.547657,0.462666,0.406079,0.462666,0.462666,0.406079,0.410505,0.406079,0.406079,0.410505,0.384899,0.410505,0.462666,0.406079,0.410505,0.406079]
********************************************************************************************************************
o___o  ----------------------------------------
| L |	Time since last clock: 0h 0m 0s
A===A	Time since the beginning: 0h 2m 2.432s
***********************************************


********************************************************************************************************************
Warm up runs have been completed. Start calculating W = 5 phonon.
open output files: NGSEDIterationObs.txt
********************************************************************************************************************
Start the 0 rounds of NGS-ED iteration
	effective electronic model is modified as: kinetic energy t = 0.850209
	                                           effective interaction Vq = [-2.74251,-2.51351,-2.32099,-2.51351,-2.51351,-2.32099, -2.3372,-2.32099,-2.32099, -2.3372,-2.24069, -2.3372,-2.51351,-2.32099, -2.3372,-2.32099]
	PARPACK diagonalization completed after 30 matrix-vector product operations.
	iteration results: : total energy is -43.537252 | electron energy -43.576665 + phonon energy 0.039412 | electron momentum kIdx = 0
	Nq(0) = 6.25,	Nq(1) = 0.306425,	Nq(2) = 0.329536,	Nq(3) = 0.306425,	Nq(4) = 0.306425,	Nq(5) = 0.329536,	Nq(6) = 0.484399,	Nq(7) = 0.329536,	Nq(8) = 0.329536,	Nq(9) = 0.484399,	Nq(10) = 0.522264,	Nq(11) = 0.484399,	Nq(12) = 0.306425,	Nq(13) = 0.329536,	Nq(14) = 0.484399,	Nq(15) = 0.329536,	Sq(0) = -1.31696e-17,	Sq(1) = 0.447446,	Sq(2) = 0.413694,	Sq(3) = 0.447446,	Sq(4) = 0.447446,	Sq(5) = 0.413694,	Sq(6) = 0.773821,	Sq(7) = 0.413694,	Sq(8) = 0.413694,	Sq(9) = 0.773821,	Sq(10) = 0.719994,	Sq(11) = 0.773821,	Sq(12) = 0.447446,	Sq(13) = 0.413694,	Sq(14) = 0.773821,	Sq(15) = 0.413694,	N(0) = 1.97094,	N(1) = 1.94019,	N(2) = 0.0335539,	N(3) = 1.94019,	N(4) = 1.94019,	N(5) = 0.0335539,	N(6) = 0.013277,	N(7) = 0.0335539,	N(8) = 0.0335539,	N(9) = 0.013277,	N(10) = 0.0138513,	N(11) = 0.013277,	N(12) = 1.94019,	N(13) = 0.0335539,	N(14) = 0.013277,	N(15) = 0.0335539,	Delta[s](0) = 0.113418,	Delta[s](1) = 0.0737935,	Delta[s](2) = 0.065082,	Delta[s](3) = 0.0737935,	Delta[s](4) = 0.0737935,	Delta[s](5) = 0.065082,	Delta[s](6) = 0.0319022,	Delta[s](7) = 0.065082,	Delta[s](8) = 0.065082,	Delta[s](9) = 0.0319022,	Delta[s](10) = 0.0296958,	Delta[s](11) = 0.0319022,	Delta[s](12) = 0.0737935,	Delta[s](13) = 0.065082,	Delta[s](14) = 0.0319022,	Delta[s](15) = 0.065082,	Delta[d](0) = 0.21273,	Delta[d](1) = 0.0906754,	Delta[d](2) = 0.151335,	Delta[d](3) = 0.0906754,	Delta[d](4) = 0.0906754,	Delta[d](5) = 0.118041,	Delta[d](6) = 0.0395853,	Delta[d](7) = 0.118041,	Delta[d](8) = 0.151335,	Delta[d](9) = 0.0395853,	Delta[d](10) = 0.0279501,	Delta[d](11) = 0.0395853,	Delta[d](12) = 0.0906754,	Delta[d](13) = 0.118041,	Delta[d](14) = 0.0395853,	Delta[d](15) = 0.118041,	Delta[s+](0) = 0.529299,	Delta[s+](1) = 0.331197,	Delta[s+](2) = 0.151335,	Delta[s+](3) = 0.331197,	Delta[s+](4) = 0.331197,	Delta[s+](5) = 0.151335,	Delta[s+](6) = 0.0239253,	Delta[s+](7) = 0.151335,	Delta[s+](8) = 0.151335,	Delta[s+](9) = 0.0239253,	Delta[s+](10) = 0.00763963,	Delta[s+](11) = 0.0239253,	Delta[s+](12) = 0.331197,	Delta[s+](13) = 0.151335,	Delta[s+](14) = 0.0239253,	Delta[s+](15) = 0.151335
The 0-th iteration is completed.	|| time cost : 0h 0m 20.987s
********************************************************************************************************************
Start the 1 rounds of NGS-ED iteration
	effective electronic model is modified as: kinetic energy t = 0.833902
	                                           effective interaction Vq = [-2.90529,-2.65648,-2.42524,-2.65648,-2.65648,-2.42524,-2.43576,-2.42524,-2.42524,-2.43576,-2.32424,-2.43576,-2.65648,-2.42524,-2.43576,-2.42524]
	PARPACK diagonalization completed after 30 matrix-vector product operations.
	iteration results: : total energy is -44.724369 | electron energy -44.835031 + phonon energy 0.110661 | electron momentum kIdx = 0
The 1-th iteration is completed.	|| time cost : 0h 0m 2.273s
********************************************************************************************************************
Start the 2 rounds of NGS-ED iteration
	effective electronic model is modified as: kinetic energy t = 0.824054
	                                           effective interaction Vq = [-2.96517,-2.72758,-2.47899,-2.72758,-2.72758,-2.47899,-2.49106,-2.47899,-2.47899,-2.49106,-2.37208,-2.49106,-2.72758,-2.47899,-2.49106,-2.47899]
	PARPACK diagonalization completed after 30 matrix-vector product operations.
	iteration results: : total energy is -45.151616 | electron energy -45.311195 + phonon energy 0.159579 | electron momentum kIdx = 0
The 2-th iteration is completed.	|| time cost : 0h 0m 2.29s
********************************************************************************************************************
Start the 3 rounds of NGS-ED iteration
	effective electronic model is modified as: kinetic energy t = 0.818353
	                                           effective interaction Vq = [ -2.9872,-2.76448,-2.50721,-2.76448,-2.76448,-2.50721,-2.52182,-2.50721,-2.50721,-2.52182,-2.39851,-2.52182,-2.76448,-2.50721,-2.52182,-2.50721]
	PARPACK diagonalization completed after 30 matrix-vector product operations.
	iteration results: : total energy is -45.305853 | electron energy -45.494460 + phonon energy 0.188607 | electron momentum kIdx = 0
The 3-th iteration is completed.	|| time cost : 0h 0m 2.289s
********************************************************************************************************************
Start the 4 rounds of NGS-ED iteration
	effective electronic model is modified as: kinetic energy t = 0.815122
	                                           effective interaction Vq = [-2.99531,-2.78423, -2.5222,-2.78423,-2.78423, -2.5222,-2.53894, -2.5222, -2.5222,-2.53894,-2.41294,-2.53894,-2.78423, -2.5222,-2.53894, -2.5222]
	PARPACK diagonalization completed after 30 matrix-vector product operations.
	iteration results: : total energy is -45.361664 | electron energy -45.566803 + phonon energy 0.205138 | electron momentum kIdx = 0
The 4-th iteration is completed.	|| time cost : 0h 0m 2.284s
********************************************************************************************************************
Start the 5 rounds of NGS-ED iteration
	effective electronic model is modified as: kinetic energy t = 0.813311
	                                           effective interaction Vq = [-2.99829,-2.79501,-2.53023,-2.79501,-2.79501,-2.53023, -2.5485,-2.53023,-2.53023, -2.5485,-2.42079, -2.5485,-2.79501,-2.53023, -2.5485,-2.53023]
	PARPACK diagonalization completed after 30 matrix-vector product operations.
	iteration results: : total energy is -45.381904 | electron energy -45.596316 + phonon energy 0.214412 | electron momentum kIdx = 0
The 5-th iteration is completed.	|| time cost : 0h 0m 2.283s
********************************************************************************************************************
Start the 6 rounds of NGS-ED iteration
	effective electronic model is modified as: kinetic energy t = 0.812302
	                                           effective interaction Vq = [-2.99939,-2.80096,-2.53454,-2.80096,-2.80096,-2.53454,-2.55384,-2.53454,-2.53454,-2.55384,-2.42504,-2.55384,-2.80096,-2.53454,-2.55384,-2.53454]
	PARPACK diagonalization completed after 30 matrix-vector product operations.
	iteration results: : total energy is -45.389258 | electron energy -45.608839 + phonon energy 0.219581 | electron momentum kIdx = 0
The 6-th iteration is completed.	|| time cost : 0h 0m 2.286s
********************************************************************************************************************
Start the 7 rounds of NGS-ED iteration
	effective electronic model is modified as: kinetic energy t = 0.811741
	                                           effective interaction Vq = [-2.99979,-2.80428,-2.53686,-2.80428,-2.80428,-2.53686,-2.55683,-2.53686,-2.53686,-2.55683,-2.42735,-2.55683,-2.80428,-2.53686,-2.55683,-2.53686]
	PARPACK diagonalization completed after 30 matrix-vector product operations.
	iteration results: : total energy is -45.391935 | electron energy -45.614389 + phonon energy 0.222454 | electron momentum kIdx = 0
The 7-th iteration is completed.	|| time cost : 0h 0m 2.277s
********************************************************************************************************************
Start the 8 rounds of NGS-ED iteration
	effective electronic model is modified as: kinetic energy t = 0.811429
	                                           effective interaction Vq = [-2.99994,-2.80613,-2.53811,-2.80613,-2.80613,-2.53811,-2.55851,-2.53811,-2.53811,-2.55851, -2.4286,-2.55851,-2.80613,-2.53811,-2.55851,-2.53811]
	PARPACK diagonalization completed after 30 matrix-vector product operations.
	iteration results: : total energy is -45.392911 | electron energy -45.616959 + phonon energy 0.224048 | electron momentum kIdx = 0
The 8-th iteration is completed.	|| time cost : 0h 0m 2.289s
********************************************************************************************************************
Start the 9 rounds of NGS-ED iteration
	effective electronic model is modified as: kinetic energy t = 0.811257
	                                           effective interaction Vq = [-2.99999,-2.80717,-2.53879,-2.80717,-2.80717,-2.53879,-2.55945,-2.53879,-2.53879,-2.55945,-2.42927,-2.55945,-2.80717,-2.53879,-2.55945,-2.53879]
	PARPACK diagonalization completed after 30 matrix-vector product operations.
	iteration results: : total energy is -45.393267 | electron energy -45.618200 + phonon energy 0.224932 | electron momentum kIdx = 0
The 9-th iteration is completed.	|| time cost : 0h 0m 2.284s
********************************************************************************************************************
Start the 10 rounds of NGS-ED iteration
	effective electronic model is modified as: kinetic energy t = 0.811161
	                                           effective interaction Vq = [-3.00001,-2.80775,-2.53915,-2.80775,-2.80775,-2.53915,-2.55998,-2.53915,-2.53915,-2.55998,-2.42964,-2.55998,-2.80775,-2.53915,-2.55998,-2.53915]
	PARPACK diagonalization completed after 30 matrix-vector product operations.
	iteration results: : total energy is -45.393398 | electron energy -45.618820 + phonon energy 0.225422 | electron momentum kIdx = 0
	Nq(0) = 6.25,	Nq(1) = 0.326521,	Nq(2) = 0.335431,	Nq(3) = 0.326521,	Nq(4) = 0.326521,	Nq(5) = 0.335431,	Nq(6) = 0.499512,	Nq(7) = 0.335431,	Nq(8) = 0.335431,	Nq(9) = 0.499512,	Nq(10) = 0.527133,	Nq(11) = 0.499512,	Nq(12) = 0.326521,	Nq(13) = 0.335431,	Nq(14) = 0.499512,	Nq(15) = 0.335431,	Sq(0) = 2.64603e-17,	Sq(1) = 0.435875,	Sq(2) = 0.409526,	Sq(3) = 0.435875,	Sq(4) = 0.435875,	Sq(5) = 0.409526,	Sq(6) = 0.748091,	Sq(7) = 0.409526,	Sq(8) = 0.409526,	Sq(9) = 0.748091,	Sq(10) = 0.713131,	Sq(11) = 0.748091,	Sq(12) = 0.435875,	Sq(13) = 0.409526,	Sq(14) = 0.748091,	Sq(15) = 0.409526,	N(0) = 1.97863,	N(1) = 1.95787,	N(2) = 0.0229994,	N(3) = 1.95787,	N(4) = 1.95787,	N(5) = 0.0229994,	N(6) = 0.0103777,	N(7) = 0.0229994,	N(8) = 0.0229994,	N(9) = 0.0103777,	N(10) = 0.0103862,	N(11) = 0.0103777,	N(12) = 1.95787,	N(13) = 0.0229994,	N(14) = 0.0103777,	N(15) = 0.0229994,	Delta[s](0) = 0.118285,	Delta[s](1) = 0.078632,	Delta[s](2) = 0.0707537,	Delta[s](3) = 0.078632,	Delta[s](4) = 0.078632,	Delta[s](5) = 0.0707537,	Delta[s](6) = 0.0385298,	Delta[s](7) = 0.0707537,	Delta[s](8) = 0.0707537,	Delta[s](9) = 0.0385298,	Delta[s](10) = 0.0354721,	Delta[s](11) = 0.0385298,	Delta[s](12) = 0.078632,	Delta[s](13) = 0.0707537,	Delta[s](14) = 0.0385298,	Delta[s](15) = 0.0707537,	Delta[d](0) = 0.221146,	Delta[d](1) = 0.0973503,	Delta[d](2) = 0.158166,	Delta[d](3) = 0.0973503,	Delta[d](4) = 0.0973503,	Delta[d](5) = 0.125162,	Delta[d](6) = 0.0457839,	Delta[d](7) = 0.125162,	Delta[d](8) = 0.158166,	Delta[d](9) = 0.0457839,	Delta[d](10) = 0.0323308,	Delta[d](11) = 0.0457839,	Delta[d](12) = 0.0973503,	Delta[d](13) = 0.125162,	Delta[d](14) = 0.0457839,	Delta[d](15) = 0.125162,	Delta[s+](0) = 0.545739,	Delta[s+](1) = 0.343566,	Delta[s+](2) = 0.158166,	Delta[s+](3) = 0.343566,	Delta[s+](4) = 0.343566,	Delta[s+](5) = 0.158166,	Delta[s+](6) = 0.0280813,	Delta[s+](7) = 0.158166,	Delta[s+](8) = 0.158166,	Delta[s+](9) = 0.0280813,	Delta[s+](10) = 0.00906317,	Delta[s+](11) = 0.0280813,	Delta[s+](12) = 0.343566,	Delta[s+](13) = 0.158166,	Delta[s+](14) = 0.0280813,	Delta[s+](15) = 0.158166
The 10-th iteration is completed.	|| time cost : 0h 0m 21.118s
********************************************************************************************************************
Start the 11 rounds of NGS-ED iteration
	effective electronic model is modified as: kinetic energy t = 0.811108
	                                           effective interaction Vq = [-3.00002,-2.80808,-2.53935,-2.80808,-2.80808,-2.53935,-2.56028,-2.53935,-2.53935,-2.56028,-2.42984,-2.56028,-2.80808,-2.53935,-2.56028,-2.53935]
	PARPACK diagonalization completed after 30 matrix-vector product operations.
	iteration results: : total energy is -45.393445 | electron energy -45.619139 + phonon energy 0.225694 | electron momentum kIdx = 0
The 11-th iteration is completed.	|| time cost : 0h 0m 2.288s
********************************************************************************************************************
Start the 12 rounds of NGS-ED iteration
	effective electronic model is modified as: kinetic energy t = 0.811078
	                                           effective interaction Vq = [-3.00002,-2.80827,-2.53946,-2.80827,-2.80827,-2.53946,-2.56044,-2.53946,-2.53946,-2.56044,-2.42994,-2.56044,-2.80827,-2.53946,-2.56044,-2.53946]
	PARPACK diagonalization completed after 30 matrix-vector product operations.
	iteration results: : total energy is -45.393463 | electron energy -45.619308 + phonon energy 0.225845 | electron momentum kIdx = 0
The 12-th iteration is completed.	|| time cost : 0h 0m 2.289s
********************************************************************************************************************
Start the 13 rounds of NGS-ED iteration
	effective electronic model is modified as: kinetic energy t = 0.811062
	                                           effective interaction Vq = [-3.00003,-2.80837,-2.53952,-2.80837,-2.80837,-2.53952,-2.56054,-2.53952,-2.53952,-2.56054,   -2.43,-2.56054,-2.80837,-2.53952,-2.56054,-2.53952]
	PARPACK diagonalization completed after 30 matrix-vector product operations.
	iteration results: : total energy is -45.393469 | electron energy -45.619398 + phonon energy 0.225928 | electron momentum kIdx = 0
The 13-th iteration is completed.	|| time cost : 0h 0m 2.28s
********************************************************************************************************************
Start the 14 rounds of NGS-ED iteration
	effective electronic model is modified as: kinetic energy t = 0.811053
	                                           effective interaction Vq = [-3.00003,-2.80843,-2.53955,-2.80843,-2.80843,-2.53955,-2.56059,-2.53955,-2.53955,-2.56059,-2.43003,-2.56059,-2.80843,-2.53955,-2.56059,-2.53955]
	PARPACK diagonalization completed after 30 matrix-vector product operations.
	iteration results: : total energy is -45.393472 | electron energy -45.619446 + phonon energy 0.225975 | electron momentum kIdx = 0
The 14-th iteration is completed.	|| time cost : 0h 0m 2.284s
********************************************************************************************************************
Start the 15 rounds of NGS-ED iteration
	effective electronic model is modified as: kinetic energy t = 0.811048
	                                           effective interaction Vq = [-3.00003,-2.80846,-2.53956,-2.80846,-2.80846,-2.53956,-2.56062,-2.53956,-2.53956,-2.56062,-2.43005,-2.56062,-2.80846,-2.53956,-2.56062,-2.53956]
	PARPACK diagonalization completed after 30 matrix-vector product operations.
	iteration results: : total energy is -45.393472 | electron energy -45.619473 + phonon energy 0.226001 | electron momentum kIdx = 0
The 15-th iteration is completed.	|| time cost : 0h 0m 2.275s
********************************************************************************************************************
Start the 16 rounds of NGS-ED iteration
	effective electronic model is modified as: kinetic energy t = 0.811045
	                                           effective interaction Vq = [-3.00003,-2.80848,-2.53957,-2.80848,-2.80848,-2.53957,-2.56063,-2.53957,-2.53957,-2.56063,-2.43006,-2.56063,-2.80848,-2.53957,-2.56063,-2.53957]
	PARPACK diagonalization completed after 30 matrix-vector product operations.
	iteration results: : total energy is -45.393473 | electron energy -45.619488 + phonon energy 0.226015 | electron momentum kIdx = 0
The 16-th iteration is completed.	|| time cost : 0h 0m 2.284s
********************************************************************************************************************
Start the 17 rounds of NGS-ED iteration
	effective electronic model is modified as: kinetic energy t = 0.811043
	                                           effective interaction Vq = [-3.00003,-2.80849,-2.53958,-2.80849,-2.80849,-2.53958,-2.56064,-2.53958,-2.53958,-2.56064,-2.43006,-2.56064,-2.80849,-2.53958,-2.56064,-2.53958]
	PARPACK diagonalization completed after 30 matrix-vector product operations.
	iteration results: : total energy is -45.393473 | electron energy -45.619496 + phonon energy 0.226023 | electron momentum kIdx = 0
The 17-th iteration is completed.	|| time cost : 0h 0m 2.297s
********************************************************************************************************************
Start the 18 rounds of NGS-ED iteration
	effective electronic model is modified as: kinetic energy t = 0.811042
	                                           effective interaction Vq = [-3.00003,-2.80849,-2.53958,-2.80849,-2.80849,-2.53958,-2.56065,-2.53958,-2.53958,-2.56065,-2.43006,-2.56065,-2.80849,-2.53958,-2.56065,-2.53958]
	PARPACK diagonalization completed after 30 matrix-vector product operations.
	iteration results: : total energy is -45.393473 | electron energy -45.619500 + phonon energy 0.226027 | electron momentum kIdx = 0
The 18-th iteration is completed.	|| time cost : 0h 0m 2.284s
********************************************************************************************************************
Start the 19 rounds of NGS-ED iteration
	effective electronic model is modified as: kinetic energy t = 0.811042
	                                           effective interaction Vq = [-3.00003, -2.8085,-2.53958, -2.8085, -2.8085,-2.53958,-2.56065,-2.53958,-2.53958,-2.56065,-2.43006,-2.56065, -2.8085,-2.53958,-2.56065,-2.53958]
	PARPACK diagonalization completed after 30 matrix-vector product operations.
	iteration results: : total energy is -45.393473 | electron energy -45.619503 + phonon energy 0.226030 | electron momentum kIdx = 0
The 19-th iteration is completed.	|| time cost : 0h 0m 2.286s
********************************************************************************************************************
Start the 20 rounds of NGS-ED iteration
	effective electronic model is modified as: kinetic energy t = 0.811042
	                                           effective interaction Vq = [-3.00003, -2.8085,-2.53958, -2.8085, -2.8085,-2.53958,-2.56065,-2.53958,-2.53958,-2.56065,-2.43007,-2.56065, -2.8085,-2.53958,-2.56065,-2.53958]
	PARPACK diagonalization completed after 30 matrix-vector product operations.
	iteration results: : total energy is -45.393473 | electron energy -45.619504 + phonon energy 0.226031 | electron momentum kIdx = 0
	Nq(0) = 6.25,	Nq(1) = 0.326576,	Nq(2) = 0.335439,	Nq(3) = 0.326576,	Nq(4) = 0.326576,	Nq(5) = 0.335439,	Nq(6) = 0.499568,	Nq(7) = 0.335439,	Nq(8) = 0.335439,	Nq(9) = 0.499568,	Nq(10) = 0.527139,	Nq(11) = 0.499568,	Nq(12) = 0.326576,	Nq(13) = 0.335439,	Nq(14) = 0.499568,	Nq(15) = 0.335439,	Sq(0) = 1.3023e-17,	Sq(1) = 0.435839,	Sq(2) = 0.409516,	Sq(3) = 0.435839,	Sq(4) = 0.435839,	Sq(5) = 0.409516,	Sq(6) = 0.74802,	Sq(7) = 0.409516,	Sq(8) = 0.409516,	Sq(9) = 0.74802,	Sq(10) = 0.71312,	Sq(11) = 0.74802,	Sq(12) = 0.435839,	Sq(13) = 0.409516,	Sq(14) = 0.74802,	Sq(15) = 0.409516,	N(0) = 1.97865,	N(1) = 1.95791,	N(2) = 0.0229723,	N(3) = 1.95791,	N(4) = 1.95791,	N(5) = 0.0229723,	N(6) = 0.0103722,	N(7) = 0.0229723,	N(8) = 0.0229723,	N(9) = 0.0103722,	N(10) = 0.0103764,	N(11) = 0.0103722,	N(12) = 1.95791,	N(13) = 0.0229723,	N(14) = 0.0103722,	N(15) = 0.0229723,	Delta[s](0) = 0.118296,	Delta[s](1) = 0.078645,	Delta[s](2) = 0.0707685,	Delta[s](3) = 0.078645,	Delta[s](4) = 0.078645,	Delta[s](5) = 0.0707685,	Delta[s](6) = 0.0385494,	Delta[s](7) = 0.0707685,	Delta[s](8) = 0.0707685,	Delta[s](9) = 0.0385494,	Delta[s](10) = 0.0354883,	Delta[s](11) = 0.0385494,	Delta[s](12) = 0.078645,	Delta[s](13) = 0.0707685,	Delta[s](14) = 0.0385494,	Delta[s](15) = 0.0707685,	Delta[d](0) = 0.221216,	Delta[d](1) = 0.0973937,	Delta[d](2) = 0.158222,	Delta[d](3) = 0.0973937,	Delta[d](4) = 0.0973937,	Delta[d](5) = 0.125209,	Delta[d](6) = 0.0458145,	Delta[d](7) = 0.125209,	Delta[d](8) = 0.158222,	Delta[d](9) = 0.0458145,	Delta[d](10) = 0.0323506,	Delta[d](11) = 0.0458145,	Delta[d](12) = 0.0973937,	Delta[d](13) = 0.125209,	Delta[d](14) = 0.0458145,	Delta[d](15) = 0.125209,	Delta[s+](0) = 0.545911,	Delta[s+](1) = 0.34368,	Delta[s+](2) = 0.158222,	Delta[s+](3) = 0.34368,	Delta[s+](4) = 0.34368,	Delta[s+](5) = 0.158222,	Delta[s+](6) = 0.0281007,	Delta[s+](7) = 0.158222,	Delta[s+](8) = 0.158222,	Delta[s+](9) = 0.0281007,	Delta[s+](10) = 0.00906985,	Delta[s+](11) = 0.0281007,	Delta[s+](12) = 0.34368,	Delta[s+](13) = 0.158222,	Delta[s+](14) = 0.0281007,	Delta[s+](15) = 0.158222
The 20-th iteration is completed.	|| time cost : 0h 0m 20.543s
********************************************************************************************************************
Start the 21 rounds of NGS-ED iteration
	effective electronic model is modified as: kinetic energy t = 0.811041
	                                           effective interaction Vq = [-3.00003, -2.8085,-2.53958, -2.8085, -2.8085,-2.53958,-2.56065,-2.53958,-2.53958,-2.56065,-2.43007,-2.56065, -2.8085,-2.53958,-2.56065,-2.53958]
	PARPACK diagonalization completed after 30 matrix-vector product operations.
	iteration results: : total energy is -45.393473 | electron energy -45.619505 + phonon energy 0.226032 | electron momentum kIdx = 0
The 21-th iteration is completed.	|| time cost : 0h 0m 2.278s
********************************************************************************************************************
Start the 22 rounds of NGS-ED iteration
	effective electronic model is modified as: kinetic energy t = 0.811041
	                                           effective interaction Vq = [-3.00003, -2.8085,-2.53958, -2.8085, -2.8085,-2.53958,-2.56065,-2.53958,-2.53958,-2.56065,-2.43007,-2.56065, -2.8085,-2.53958,-2.56065,-2.53958]
	PARPACK diagonalization completed after 30 matrix-vector product operations.
	iteration results: : total energy is -45.393473 | electron energy -45.619505 + phonon energy 0.226032 | electron momentum kIdx = 0
The 22-th iteration is completed.	|| time cost : 0h 0m 2.282s
********************************************************************************************************************
Start the 23 rounds of NGS-ED iteration
	effective electronic model is modified as: kinetic energy t = 0.811041
	                                           effective interaction Vq = [-3.00003, -2.8085,-2.53958, -2.8085, -2.8085,-2.53958,-2.56065,-2.53958,-2.53958,-2.56065,-2.43007,-2.56065, -2.8085,-2.53958,-2.56065,-2.53958]
	PARPACK diagonalization completed after 30 matrix-vector product operations.
	iteration results: : total energy is -45.393473 | electron energy -45.619505 + phonon energy 0.226033 | electron momentum kIdx = 0
The 23-th iteration is completed.	|| time cost : 0h 0m 2.284s
********************************************************************************************************************
Start the 24 rounds of NGS-ED iteration
	effective electronic model is modified as: kinetic energy t = 0.811041
	                                           effective interaction Vq = [-3.00003, -2.8085,-2.53958, -2.8085, -2.8085,-2.53958,-2.56065,-2.53958,-2.53958,-2.56065,-2.43007,-2.56065, -2.8085,-2.53958,-2.56065,-2.53958]
	PARPACK diagonalization completed after 30 matrix-vector product operations.
	iteration results: : total energy is -45.393473 | electron energy -45.619506 + phonon energy 0.226033 | electron momentum kIdx = 0
