SNEDics v3.4 Non-Gaussian ED ground state program		Start at Tue Sep 24 13:54:50 2019

parallized on 16 MPI threads  * 8 OpenMP threads = 128 total threads.
********************************************************************************************************************
********************************************************************************************************************

********************************************************************************************************************
System parameters and configurations
********************************************************************************************************************
Special program options are enabled: splitted diagonal Hamiltonian
********************************************************************************************************************
Read input file "model_params.in"
	Hubbard-Holstein model parameters : 	t = 1    U = 5    g = 5    W = 5    
********************************************************************************************************************
Read input file "hilbertspace_params.in"
	Requested 16-site 2D lattice, with 14 electrons (7, 7)
	Boundary : Periodic		Hilbert space representation : momentum-space (restricted to kIdx = 0)
	Conservation: particle number[U(1)]      spin[U(1)]     momentum
********************************************************************************************************************

Cluster Positions:				Cluster symmetry group : D4
 x ... x ... x ... x .....                       x ... x ... x ... x .....
 |           |           :                       |           |           :
 |           |           :                       |           |           :
12    13    14    15     x                       1     5     6     5     x
 |           |           :                       |           |           :
 |           |           :                       |           |           :
 8 --- 9 ---10 ---11 --- x                       2 --- 6 ---10 --- 6 --- x
 |           |           :                       |           |           :
 |           |           :                       |           |           :
 4     5     6     7     x                       1     5     6     5     x
 |           |           :                       |           |           :
 |           |           :                       |           |           :
 0 --- 1 --- 2 --- 3 --- x                       0 --- 1 --- 2 --- 1 --- x
orbital number : 1
********************************************************************************************************************
Read input file "obs_params.in"
	Observable Type : Nq(All),   Sq(All),   N(All),   Delta[s](All),   Delta[d](All),   Delta[s+](All)
********************************************************************************************************************
** WARNING ** the input observables have non-local factors which have been reinterpreted. The total observable number is 96
********************************************************************************************************************


********************************************************************************************************************
Start calculating the non-Gaussian ED ground state
** WARNING ** Detected low phonon energy W < 10. The initial state will be prepared through a warm-up process.
********************************************************************************************************************
Start warm-up calculation for scaling factor 2
open output files: NGSEDWarmUpW10Obs.txt
********************************************************************************************************************
Start the 0 rounds of NGS-ED iteration
	effective electronic model is modified as: kinetic energy t = 1
	                                           effective interaction Vq = [-0,-0,-0,-0,-0,-0,-0,-0,-0,-0,-0,-0,-0,-0,-0,-0]
	first Hamiltonian is constructed, non-zero numbers = 2178478298
	PARPACK diagonalization completed after 150 matrix-vector product operations.
	iteration results: : total energy is -14.465815 | electron energy -14.465815 + phonon energy 0.000000 | electron momentum kIdx = 0
	Nq(0) = 12.25,	Nq(1) = 0.193419,	Nq(2) = 0.245302,	Nq(3) = 0.193419,	Nq(4) = 0.193419,	Nq(5) = 0.278802,	Nq(6) = 0.325354,	Nq(7) = 0.278802,	Nq(8) = 0.245302,	Nq(9) = 0.325354,	Nq(10) = 0.378006,	Nq(11) = 0.325354,	Nq(12) = 0.193419,	Nq(13) = 0.278802,	Nq(14) = 0.325354,	Nq(15) = 0.278802,	Sq(0) = 5.74404e-18,	Sq(1) = 0.470049,	Sq(2) = 0.7051,	Sq(3) = 0.470049,	Sq(4) = 0.470049,	Sq(5) = 0.602219,	Sq(6) = 0.912215,	Sq(7) = 0.602219,	Sq(8) = 0.7051,	Sq(9) = 0.912215,	Sq(10) = 2.34296,	Sq(11) = 0.912215,	Sq(12) = 0.470049,	Sq(13) = 0.602219,	Sq(14) = 0.912215,	Sq(15) = 0.602219,	N(0) = 1.8799,	N(1) = 1.77932,	N(2) = 0.165036,	N(3) = 1.77932,	N(4) = 1.77932,	N(5) = 0.998332,	N(6) = 0.15021,	N(7) = 0.998332,	N(8) = 0.165036,	N(9) = 0.15021,	N(10) = 0.0785896,	N(11) = 0.15021,	N(12) = 1.77932,	N(13) = 0.998332,	N(14) = 0.15021,	N(15) = 0.998332,	Delta[s](0) = 0.11036,	Delta[s](1) = 0.09085,	Delta[s](2) = 0.0674125,	Delta[s](3) = 0.09085,	Delta[s](4) = 0.09085,	Delta[s](5) = 0.0759194,	Delta[s](6) = 0.052964,	Delta[s](7) = 0.0759194,	Delta[s](8) = 0.0674125,	Delta[s](9) = 0.052964,	Delta[s](10) = 0.0303366,	Delta[s](11) = 0.052964,	Delta[s](12) = 0.09085,	Delta[s](13) = 0.0759194,	Delta[s](14) = 0.052964,	Delta[s](15) = 0.0759194,	Delta[d](0) = 0.244742,	Delta[d](1) = 0.174967,	Delta[d](2) = 0.189657,	Delta[d](3) = 0.174967,	Delta[d](4) = 0.174967,	Delta[d](5) = 0.170041,	Delta[d](6) = 0.126964,	Delta[d](7) = 0.170041,	Delta[d](8) = 0.189657,	Delta[d](9) = 0.126964,	Delta[d](10) = 0.0505349,	Delta[d](11) = 0.126964,	Delta[d](12) = 0.174967,	Delta[d](13) = 0.170041,	Delta[d](14) = 0.126964,	Delta[d](15) = 0.170041,	Delta[s+](0) = 0.556579,	Delta[s+](1) = 0.41528,	Delta[s+](2) = 0.189657,	Delta[s+](3) = 0.41528,	Delta[s+](4) = 0.41528,	Delta[s+](5) = 0.290056,	Delta[s+](6) = 0.121755,	Delta[s+](7) = 0.290056,	Delta[s+](8) = 0.189657,	Delta[s+](9) = 0.121755,	Delta[s+](10) = 0.0381511,	Delta[s+](11) = 0.121755,	Delta[s+](12) = 0.41528,	Delta[s+](13) = 0.290056,	Delta[s+](14) = 0.121755,	Delta[s+](15) = 0.290056
The 0-th iteration is completed.	|| time cost : 0h 6m 24.226s
********************************************************************************************************************
Start the 1 rounds of NGS-ED iteration
	effective electronic model is modified as: kinetic energy t = 0.87296
	                                           effective interaction Vq = [-4.32332,-4.03767,-3.87796,-4.03767,-4.03767, -3.9318,-3.82533, -3.9318,-3.87796,-3.82533,-3.75759,-3.82533,-4.03767, -3.9318,-3.82533, -3.9318]
	PARPACK diagonalization completed after 120 matrix-vector product operations.
	iteration results: : total energy is -92.421122 | electron energy -92.434997 + phonon energy 0.013875 | electron momentum kIdx = 0
The 1-th iteration is completed.	|| time cost : 0h 5m 54.602s
********************************************************************************************************************
Start the 2 rounds of NGS-ED iteration
	effective electronic model is modified as: kinetic energy t = 0.75894
	                                           effective interaction Vq = [-4.90842,-4.79315, -4.7353,-4.79315,-4.79315,-4.75194,-4.67735,-4.75194, -4.7353,-4.67735,-4.68807,-4.67735,-4.79315,-4.75194,-4.67735,-4.75194]
	PARPACK diagonalization completed after 60 matrix-vector product operations.
	iteration results: : total energy is -107.415867 | electron energy -107.520000 + phonon energy 0.104133 | electron momentum kIdx = 0
The 2-th iteration is completed.	|| time cost : 0h 0m 27.894s
********************************************************************************************************************
Start the 3 rounds of NGS-ED iteration
	effective electronic model is modified as: kinetic energy t = 0.703979
	                                           effective interaction Vq = [-4.98761,-4.93872,-4.91175,-4.93872,-4.93872,-4.91669,-4.88688,-4.91669,-4.91175,-4.88688,-4.92214,-4.88688,-4.93872,-4.91669,-4.88688,-4.91669]
	PARPACK diagonalization completed after 45 matrix-vector product operations.
	iteration results: : total energy is -109.920052 | electron energy -110.056344 + phonon energy 0.136292 | electron momentum kIdx = 0
The 3-th iteration is completed.	|| time cost : 0h 0m 24.034s
********************************************************************************************************************
Start the 4 rounds of NGS-ED iteration
	effective electronic model is modified as: kinetic energy t = 0.68203
	                                           effective interaction Vq = [-4.99832,-4.96889,-4.95116,-4.96889,-4.96889,-4.95278,-4.94016,-4.95278,-4.95116,-4.94016,-4.97753,-4.94016,-4.96889,-4.95278,-4.94016,-4.95278]
	PARPACK diagonalization completed after 45 matrix-vector product operations.
	iteration results: : total energy is -110.306450 | electron energy -110.446873 + phonon energy 0.140423 | electron momentum kIdx = 0
The 4-th iteration is completed.	|| time cost : 0h 0m 24.262s
********************************************************************************************************************
Start the 5 rounds of NGS-ED iteration
	effective electronic model is modified as: kinetic energy t = 0.674021
	                                           effective interaction Vq = [-4.99977,-4.97663,-4.96163,-4.97663,-4.97663,-4.96222, -4.9557,-4.96222,-4.96163, -4.9557,-4.99032, -4.9557,-4.97663,-4.96222, -4.9557,-4.96222]
	PARPACK diagonalization completed after 45 matrix-vector product operations.
	iteration results: : total energy is -110.360757 | electron energy -110.500998 + phonon energy 0.140241 | electron momentum kIdx = 0
The 5-th iteration is completed.	|| time cost : 0h 0m 24.287s
********************************************************************************************************************
Start the 6 rounds of NGS-ED iteration
	effective electronic model is modified as: kinetic energy t = 0.671025
	                                           effective interaction Vq = [-4.99997,-4.97913,-4.96511,-4.97913,-4.97913,-4.96533,-4.96121,-4.96533,-4.96511,-4.96121,-4.99359,-4.96121,-4.97913,-4.96533,-4.96121,-4.96533]
	PARPACK diagonalization completed after 45 matrix-vector product operations.
	iteration results: : total energy is -110.368134 | electron energy -110.508331 + phonon energy 0.140197 | electron momentum kIdx = 0
The 6-th iteration is completed.	|| time cost : 0h 0m 24.243s
********************************************************************************************************************
Start the 7 rounds of NGS-ED iteration
	effective electronic model is modified as: kinetic energy t = 0.669844
	                                           effective interaction Vq = [      -5,-4.98006,-4.96646,-4.98006,-4.98006,-4.96654,-4.96344,-4.96654,-4.96646,-4.96344,-4.99451,-4.96344,-4.98006,-4.96654,-4.96344,-4.96654]
	PARPACK diagonalization completed after 45 matrix-vector product operations.
	iteration results: : total energy is -110.369163 | electron energy -110.509435 + phonon energy 0.140272 | electron momentum kIdx = 0
The 7-th iteration is completed.	|| time cost : 0h 0m 24.057s
********************************************************************************************************************
Start the 8 rounds of NGS-ED iteration
	effective electronic model is modified as: kinetic energy t = 0.669355
	                                           effective interaction Vq = [      -5,-4.98045,-4.96703,-4.98045,-4.98045,-4.96706,-4.96441,-4.96706,-4.96703,-4.96441,-4.99478,-4.96441,-4.98045,-4.96706,-4.96441,-4.96706]
	PARPACK diagonalization completed after 30 matrix-vector product operations.
	iteration results: : total energy is -110.369317 | electron energy -110.509650 + phonon energy 0.140333 | electron momentum kIdx = 0
The 8-th iteration is completed.	|| time cost : 0h 0m 20.398s
********************************************************************************************************************
Start the 9 rounds of NGS-ED iteration
	effective electronic model is modified as: kinetic energy t = 0.669144
	                                           effective interaction Vq = [      -5,-4.98061,-4.96729,-4.98061,-4.98061, -4.9673,-4.96485, -4.9673,-4.96729,-4.96485,-4.99485,-4.96485,-4.98061, -4.9673,-4.96485, -4.9673]
	PARPACK diagonalization completed after 30 matrix-vector product operations.
	iteration results: : total energy is -110.369343 | electron energy -110.509710 + phonon energy 0.140367 | electron momentum kIdx = 0
The 9-th iteration is completed.	|| time cost : 0h 0m 20.433s
********************************************************************************************************************
Start the 10 rounds of NGS-ED iteration
	effective electronic model is modified as: kinetic energy t = 0.669048
	                                           effective interaction Vq = [      -5,-4.98069,-4.96741,-4.98069,-4.98069,-4.96741,-4.96506,-4.96741,-4.96741,-4.96506,-4.99486,-4.96506,-4.98069,-4.96741,-4.96506,-4.96741]
	PARPACK diagonalization completed after 30 matrix-vector product operations.
	iteration results: : total energy is -110.369348 | electron energy -110.509732 + phonon energy 0.140384 | electron momentum kIdx = 0
	Nq(0) = 12.25,	Nq(1) = 0.486157,	Nq(2) = 0.715694,	Nq(3) = 0.486157,	Nq(4) = 0.486157,	Nq(5) = 0.715701,	Nq(6) = 1.00985,	Nq(7) = 0.715701,	Nq(8) = 0.715694,	Nq(9) = 1.00985,	Nq(10) = 3.5747,	Nq(11) = 1.00985,	Nq(12) = 0.486157,	Nq(13) = 0.715701,	Nq(14) = 1.00985,	Nq(15) = 0.715701,	Sq(0) = -2.37925e-18,	Sq(1) = 0.0711745,	Sq(2) = 0.121879,	Sq(3) = 0.0711745,	Sq(4) = 0.0711745,	Sq(5) = 0.121879,	Sq(6) = 0.167791,	Sq(7) = 0.121879,	Sq(8) = 0.121879,	Sq(9) = 0.167791,	Sq(10) = 0.209929,	Sq(11) = 0.167791,	Sq(12) = 0.0711745,	Sq(13) = 0.121879,	Sq(14) = 0.167791,	Sq(15) = 0.121879,	N(0) = 1.75971,	N(1) = 1.49896,	N(2) = 0.801644,	N(3) = 1.49896,	N(4) = 1.49896,	N(5) = 0.801644,	N(6) = 0.316932,	N(7) = 0.801644,	N(8) = 0.801644,	N(9) = 0.316932,	N(10) = 0.166873,	N(11) = 0.316932,	N(12) = 1.49896,	N(13) = 0.801644,	N(14) = 0.316932,	N(15) = 0.801644,	Delta[s](0) = 0.819042,	Delta[s](1) = 0.377845,	Delta[s](2) = 0.350094,	Delta[s](3) = 0.377845,	Delta[s](4) = 0.377845,	Delta[s](5) = 0.350094,	Delta[s](6) = 0.328608,	Delta[s](7) = 0.350094,	Delta[s](8) = 0.350094,	Delta[s](9) = 0.328608,	Delta[s](10) = 0.306046,	Delta[s](11) = 0.328608,	Delta[s](12) = 0.377845,	Delta[s](13) = 0.350094,	Delta[s](14) = 0.328608,	Delta[s](15) = 0.350094,	Delta[d](0) = 0.145695,	Delta[d](1) = 0.13449,	Delta[d](2) = 0.137029,	Delta[d](3) = 0.13449,	Delta[d](4) = 0.13449,	Delta[d](5) = 0.124353,	Delta[d](6) = 0.121667,	Delta[d](7) = 0.124353,	Delta[d](8) = 0.137029,	Delta[d](9) = 0.121667,	Delta[d](10) = 0.103953,	Delta[d](11) = 0.121667,	Delta[d](12) = 0.13449,	Delta[d](13) = 0.124353,	Delta[d](14) = 0.121667,	Delta[d](15) = 0.124353,	Delta[s+](0) = 0.215513,	Delta[s+](1) = 0.17977,	Delta[s+](2) = 0.137029,	Delta[s+](3) = 0.17977,	Delta[s+](4) = 0.17977,	Delta[s+](5) = 0.137029,	Delta[s+](6) = 0.0970388,	Delta[s+](7) = 0.137029,	Delta[s+](8) = 0.137029,	Delta[s+](9) = 0.0970388,	Delta[s+](10) = 0.072737,	Delta[s+](11) = 0.0970388,	Delta[s+](12) = 0.17977,	Delta[s+](13) = 0.137029,	Delta[s+](14) = 0.0970388,	Delta[s+](15) = 0.137029
The 10-th iteration is completed.	|| time cost : 0h 3m 18.513s
********************************************************************************************************************
********************************************************************************************************************
Ground state is obtained after 11 iterations. The current ground-state energy is -110.369, in which electron energy is -110.51 and phonon energy is 0.140384
final variational state is: 
	Gamma_x = [      1, 1.0287,1.05445, 1.0287, 1.0287,1.05445,1.08017,1.05445,1.05445,1.08017,1.11715,1.08017, 1.0287,1.05445,1.08017,1.05445]
	lambda_q = [0.707095,0.663203,0.650071,0.663203,0.663203,0.650073,0.648085,0.650073,0.650071,0.648085,0.684425,0.648085,0.663203,0.650073,0.648085,0.650073]
********************************************************************************************************************
o___o  ----------------------------------------
| L |	Time since last clock: 0h 0m 0s
A===A	Time since the beginning: 0h 18m 46.955s
***********************************************


********************************************************************************************************************
Warm up runs have been completed. Start calculating W = 5 phonon.
open output files: NGSEDIterationObs.txt
********************************************************************************************************************
Start the 0 rounds of NGS-ED iteration
	effective electronic model is modified as: kinetic energy t = 0.669004
	                                           effective interaction Vq = [-4.57103,-4.43284,-4.38775,-4.43284,-4.43284,-4.38776,-4.38078,-4.38776,-4.38775,-4.38078,-4.50206,-4.38078,-4.43284,-4.38776,-4.38078,-4.38776]
	PARPACK diagonalization completed after 45 matrix-vector product operations.
	iteration results: : total energy is -97.765381 | electron energy -97.835578 + phonon energy 0.070196 | electron momentum kIdx = 0
	Nq(0) = 12.25,	Nq(1) = 0.402551,	Nq(2) = 0.573531,	Nq(3) = 0.402551,	Nq(4) = 0.402551,	Nq(5) = 0.573535,	Nq(6) = 0.739747,	Nq(7) = 0.573535,	Nq(8) = 0.573531,	Nq(9) = 0.739747,	Nq(10) = 5.20417,	Nq(11) = 0.739747,	Nq(12) = 0.402551,	Nq(13) = 0.573535,	Nq(14) = 0.739747,	Nq(15) = 0.573535,	Sq(0) = -7.467e-19,	Sq(1) = 0.101265,	Sq(2) = 0.162343,	Sq(3) = 0.101265,	Sq(4) = 0.101265,	Sq(5) = 0.162343,	Sq(6) = 0.2211,	Sq(7) = 0.162343,	Sq(8) = 0.162343,	Sq(9) = 0.2211,	Sq(10) = 0.271916,	Sq(11) = 0.2211,	Sq(12) = 0.101265,	Sq(13) = 0.162343,	Sq(14) = 0.2211,	Sq(15) = 0.162343,	N(0) = 1.83469,	N(1) = 1.60721,	N(2) = 0.77155,	N(3) = 1.60721,	N(4) = 1.60721,	N(5) = 0.77155,	N(6) = 0.247397,	N(7) = 0.77155,	N(8) = 0.77155,	N(9) = 0.247397,	N(10) = 0.11759,	N(11) = 0.247397,	N(12) = 1.60721,	N(13) = 0.77155,	N(14) = 0.247397,	N(15) = 0.77155,	Delta[s](0) = 0.562286,	Delta[s](1) = 0.36242,	Delta[s](2) = 0.345217,	Delta[s](3) = 0.36242,	Delta[s](4) = 0.36242,	Delta[s](5) = 0.345217,	Delta[s](6) = 0.330979,	Delta[s](7) = 0.345217,	Delta[s](8) = 0.345217,	Delta[s](9) = 0.330979,	Delta[s](10) = 0.325099,	Delta[s](11) = 0.330979,	Delta[s](12) = 0.36242,	Delta[s](13) = 0.345217,	Delta[s](14) = 0.330979,	Delta[s](15) = 0.345217,	Delta[d](0) = 0.131646,	Delta[d](1) = 0.119247,	Delta[d](2) = 0.126698,	Delta[d](3) = 0.119247,	Delta[d](4) = 0.119247,	Delta[d](5) = 0.106002,	Delta[d](6) = 0.103918,	Delta[d](7) = 0.106002,	Delta[d](8) = 0.126698,	Delta[d](9) = 0.103918,	Delta[d](10) = 0.0811719,	Delta[d](11) = 0.103918,	Delta[d](12) = 0.119247,	Delta[d](13) = 0.106002,	Delta[d](14) = 0.103918,	Delta[d](15) = 0.106002,	Delta[s+](0) = 0.23255,	Delta[s+](1) = 0.180245,	Delta[s+](2) = 0.126698,	Delta[s+](3) = 0.180245,	Delta[s+](4) = 0.180245,	Delta[s+](5) = 0.126698,	Delta[s+](6) = 0.0795447,	Delta[s+](7) = 0.126698,	Delta[s+](8) = 0.126698,	Delta[s+](9) = 0.0795447,	Delta[s+](10) = 0.0541099,	Delta[s+](11) = 0.0795447,	Delta[s+](12) = 0.180245,	Delta[s+](13) = 0.126698,	Delta[s+](14) = 0.0795447,	Delta[s+](15) = 0.126698
The 0-th iteration is completed.	|| time cost : 0h 3m 18.672s
********************************************************************************************************************
Start the 1 rounds of NGS-ED iteration
	effective electronic model is modified as: kinetic energy t = 0.61629
	                                           effective interaction Vq = [-4.84219,-4.69062,-4.63576,-4.69062,-4.69062,-4.63576,-4.61733,-4.63576,-4.63576,-4.61733,-4.81922,-4.61733,-4.69062,-4.63576,-4.61733,-4.63576]
	PARPACK diagonalization completed after 45 matrix-vector product operations.
	iteration results: : total energy is -103.894351 | electron energy -104.143269 + phonon energy 0.248918 | electron momentum kIdx = 0
The 1-th iteration is completed.	|| time cost : 0h 0m 24.095s
********************************************************************************************************************
Start the 2 rounds of NGS-ED iteration
	effective electronic model is modified as: kinetic energy t = 0.583334
	                                           effective interaction Vq = [-4.94195,-4.80402,-4.73647,-4.80402,-4.80402,-4.73647,-4.70582,-4.73647,-4.73647,-4.70582,-4.93946,-4.70582,-4.80402,-4.73647,-4.70582,-4.73647]
	PARPACK diagonalization completed after 45 matrix-vector product operations.
	iteration results: : total energy is -106.213433 | electron energy -106.500707 + phonon energy 0.287273 | electron momentum kIdx = 0
The 2-th iteration is completed.	|| time cost : 0h 0m 24.048s
********************************************************************************************************************
Start the 3 rounds of NGS-ED iteration
	effective electronic model is modified as: kinetic energy t = 0.562611
	                                           effective interaction Vq = [-4.97864,-4.86256,-4.78728,-4.86256,-4.86256,-4.78729,-4.74656,-4.78729,-4.78728,-4.74656,-4.97868,-4.74656,-4.86256,-4.78729,-4.74656,-4.78729]
	PARPACK diagonalization completed after 45 matrix-vector product operations.
	iteration results: : total energy is -107.021932 | electron energy -107.301280 + phonon energy 0.279347 | electron momentum kIdx = 0
The 3-th iteration is completed.	|| time cost : 0h 0m 24.037s
********************************************************************************************************************
Start the 4 rounds of NGS-ED iteration
	effective electronic model is modified as: kinetic energy t = 0.549387
	                                           effective interaction Vq = [-4.99214,-4.89452,-4.81722,-4.89452,-4.89452,-4.81722,-4.77118,-4.81722,-4.81722,-4.77118,-4.99155,-4.77118,-4.89452,-4.81722,-4.77118,-4.81722]
	PARPACK diagonalization completed after 30 matrix-vector product operations.
	iteration results: : total energy is -107.300608 | electron energy -107.570186 + phonon energy 0.269577 | electron momentum kIdx = 0
The 4-th iteration is completed.	|| time cost : 0h 0m 20.391s
********************************************************************************************************************
Start the 5 rounds of NGS-ED iteration
	effective electronic model is modified as: kinetic energy t = 0.540727
	                                           effective interaction Vq = [-4.99711,-4.91277, -4.8364,-4.91277,-4.91277, -4.8364,-4.78859, -4.8364, -4.8364,-4.78859,-4.99603,-4.78859,-4.91277, -4.8364,-4.78859, -4.8364]
	PARPACK diagonalization completed after 45 matrix-vector product operations.
	iteration results: : total energy is -107.398300 | electron energy -107.662385 + phonon energy 0.264085 | electron momentum kIdx = 0
The 5-th iteration is completed.	|| time cost : 0h 0m 24.032s
********************************************************************************************************************
Start the 6 rounds of NGS-ED iteration
	effective electronic model is modified as: kinetic energy t = 0.534831
	                                           effective interaction Vq = [-4.99894,-4.92366,-4.84943,-4.92366,-4.92366,-4.84943,-4.80193,-4.84943,-4.84943,-4.80193,-4.99774,-4.80193,-4.92366,-4.84943,-4.80193,-4.84943]
	PARPACK diagonalization completed after 30 matrix-vector product operations.
	iteration results: : total energy is -107.433714 | electron energy -107.695457 + phonon energy 0.261743 | electron momentum kIdx = 0
The 6-th iteration is completed.	|| time cost : 0h 0m 20.368s
********************************************************************************************************************
Start the 7 rounds of NGS-ED iteration
	effective electronic model is modified as: kinetic energy t = 0.53064
	                                           effective interaction Vq = [-4.99961,-4.93044,-4.85871,-4.93044,-4.93044,-4.85871,-4.81257,-4.85871,-4.85871,-4.81257,-4.99845,-4.81257,-4.93044,-4.85871,-4.81257,-4.85871]
	PARPACK diagonalization completed after 45 matrix-vector product operations.
	iteration results: : total energy is -107.447227 | electron energy -107.708327 + phonon energy 0.261100 | electron momentum kIdx = 0
The 7-th iteration is completed.	|| time cost : 0h 0m 24.018s
********************************************************************************************************************
Start the 8 rounds of NGS-ED iteration
	effective electronic model is modified as: kinetic energy t = 0.527539
	                                           effective interaction Vq = [-4.99986,-4.93484,-4.86555,-4.93484,-4.93484,-4.86555,-4.82123,-4.86555,-4.86555,-4.82123,-4.99877,-4.82123,-4.93484,-4.86555,-4.82123,-4.86555]
	PARPACK diagonalization completed after 30 matrix-vector product operations.
	iteration results: : total energy is -107.452781 | electron energy -107.714044 + phonon energy 0.261264 | electron momentum kIdx = 0
The 8-th iteration is completed.	|| time cost : 0h 0m 20.67s
********************************************************************************************************************
Start the 9 rounds of NGS-ED iteration
	effective electronic model is modified as: kinetic energy t = 0.525162
	                                           effective interaction Vq = [-4.99995,-4.93781,-4.87076,-4.93781,-4.93781,-4.87076,-4.82837,-4.87076,-4.87076,-4.82837,-4.99893,-4.82837,-4.93781,-4.87076,-4.82837,-4.87076]
	PARPACK diagonalization completed after 45 matrix-vector product operations.
	iteration results: : total energy is -107.455303 | electron energy -107.717074 + phonon energy 0.261770 | electron momentum kIdx = 0
The 9-th iteration is completed.	|| time cost : 0h 0m 24.254s
********************************************************************************************************************
Start the 10 rounds of NGS-ED iteration
	effective electronic model is modified as: kinetic energy t = 0.523288
	                                           effective interaction Vq = [-4.99998,-4.93989,-4.87482,-4.93989,-4.93989,-4.87482,-4.83432,-4.87482,-4.87482,-4.83432,  -4.999,-4.83432,-4.93989,-4.87482,-4.83432,-4.87482]
	PARPACK diagonalization completed after 30 matrix-vector product operations.
	iteration results: : total energy is -107.456593 | electron energy -107.718986 + phonon energy 0.262394 | electron momentum kIdx = 0
	Nq(0) = 12.25,	Nq(1) = 0.312973,	Nq(2) = 0.393345,	Nq(3) = 0.312973,	Nq(4) = 0.312973,	Nq(5) = 0.393345,	Nq(6) = 0.482612,	Nq(7) = 0.393345,	Nq(8) = 0.393345,	Nq(9) = 0.482612,	Nq(10) = 9.03644,	Nq(11) = 0.482612,	Nq(12) = 0.312973,	Nq(13) = 0.393345,	Nq(14) = 0.482612,	Nq(15) = 0.393345,	Sq(0) = -9.16012e-19,	Sq(1) = 0.0413629,	Sq(2) = 0.0751083,	Sq(3) = 0.0413629,	Sq(4) = 0.0413629,	Sq(5) = 0.0751083,	Sq(6) = 0.105449,	Sq(7) = 0.0751083,	Sq(8) = 0.0751083,	Sq(9) = 0.105449,	Sq(10) = 0.133253,	Sq(11) = 0.105449,	Sq(12) = 0.0413629,	Sq(13) = 0.0751083,	Sq(14) = 0.105449,	Sq(15) = 0.0751083,	N(0) = 1.62192,	N(1) = 1.30624,	N(2) = 0.835598,	N(3) = 1.30624,	N(4) = 1.30624,	N(5) = 0.835598,	N(6) = 0.468608,	N(7) = 0.835598,	N(8) = 0.835598,	N(9) = 0.468608,	N(10) = 0.265086,	N(11) = 0.468608,	N(12) = 1.30624,	N(13) = 0.835598,	N(14) = 0.468608,	N(15) = 0.835598,	Delta[s](0) = 0.475864,	Delta[s](1) = 0.403423,	Delta[s](2) = 0.395004,	Delta[s](3) = 0.403423,	Delta[s](4) = 0.403423,	Delta[s](5) = 0.395004,	Delta[s](6) = 0.388785,	Delta[s](7) = 0.395004,	Delta[s](8) = 0.395004,	Delta[s](9) = 0.388785,	Delta[s](10) = 0.399701,	Delta[s](11) = 0.388785,	Delta[s](12) = 0.403423,	Delta[s](13) = 0.395004,	Delta[s](14) = 0.388785,	Delta[s](15) = 0.395004,	Delta[d](0) = 0.0574202,	Delta[d](1) = 0.056087,	Delta[d](2) = 0.0640621,	Delta[d](3) = 0.056087,	Delta[d](4) = 0.056087,	Delta[d](5) = 0.0487515,	Delta[d](6) = 0.0490912,	Delta[d](7) = 0.0487515,	Delta[d](8) = 0.0640621,	Delta[d](9) = 0.0490912,	Delta[d](10) = 0.0400784,	Delta[d](11) = 0.0490912,	Delta[d](12) = 0.056087,	Delta[d](13) = 0.0487515,	Delta[d](14) = 0.0490912,	Delta[d](15) = 0.0487515,	Delta[s+](0) = 0.126186,	Delta[s+](1) = 0.0899505,	Delta[s+](2) = 0.0640621,	Delta[s+](3) = 0.0899505,	Delta[s+](4) = 0.0899505,	Delta[s+](5) = 0.0640621,	Delta[s+](6) = 0.0443001,	Delta[s+](7) = 0.0640621,	Delta[s+](8) = 0.0640621,	Delta[s+](9) = 0.0443001,	Delta[s+](10) = 0.0340613,	Delta[s+](11) = 0.0443001,	Delta[s+](12) = 0.0899505,	Delta[s+](13) = 0.0640621,	Delta[s+](14) = 0.0443001,	Delta[s+](15) = 0.0640621
The 10-th iteration is completed.	|| time cost : 0h 3m 12.426s
********************************************************************************************************************
Start the 11 rounds of NGS-ED iteration
	effective electronic model is modified as: kinetic energy t = 0.521775
	                                           effective interaction Vq = [-4.99999, -4.9414,-4.87807, -4.9414, -4.9414,-4.87807, -4.8393,-4.87807,-4.87807, -4.8393,-4.99904, -4.8393, -4.9414,-4.87807, -4.8393,-4.87807]
	PARPACK diagonalization completed after 45 matrix-vector product operations.
	iteration results: : total energy is -107.457333 | electron energy -107.720361 + phonon energy 0.263028 | electron momentum kIdx = 0
The 11-th iteration is completed.	|| time cost : 0h 0m 24.269s
********************************************************************************************************************
Start the 12 rounds of NGS-ED iteration
	effective electronic model is modified as: kinetic energy t = 0.520531
	                                           effective interaction Vq = [      -5,-4.94254, -4.8807,-4.94254,-4.94254, -4.8807, -4.8435, -4.8807, -4.8807, -4.8435,-4.99905, -4.8435,-4.94254, -4.8807, -4.8435, -4.8807]
	PARPACK diagonalization completed after 30 matrix-vector product operations.
	iteration results: : total energy is -107.457801 | electron energy -107.721428 + phonon energy 0.263628 | electron momentum kIdx = 0
The 12-th iteration is completed.	|| time cost : 0h 0m 20.713s
********************************************************************************************************************
Start the 13 rounds of NGS-ED iteration
	effective electronic model is modified as: kinetic energy t = 0.519493
	                                           effective interaction Vq = [      -5,-4.94343,-4.88287,-4.94343,-4.94343,-4.88287,-4.84706,-4.88287,-4.88287,-4.84706,-4.99906,-4.84706,-4.94343,-4.88287,-4.84706,-4.88287]
	PARPACK diagonalization completed after 45 matrix-vector product operations.
	iteration results: : total energy is -107.458117 | electron energy -107.722291 + phonon energy 0.264174 | electron momentum kIdx = 0
The 13-th iteration is completed.	|| time cost : 0h 0m 24.006s
********************************************************************************************************************
Start the 14 rounds of NGS-ED iteration
	effective electronic model is modified as: kinetic energy t = 0.518616
	                                           effective interaction Vq = [      -5,-4.94414,-4.88469,-4.94414,-4.94414,-4.88469, -4.8501,-4.88469,-4.88469, -4.8501,-4.99906, -4.8501,-4.94414,-4.88469, -4.8501,-4.88469]
	PARPACK diagonalization completed after 30 matrix-vector product operations.
	iteration results: : total energy is -107.458342 | electron energy -107.723004 + phonon energy 0.264662 | electron momentum kIdx = 0
The 14-th iteration is completed.	|| time cost : 0h 0m 20.38s
********************************************************************************************************************
Start the 15 rounds of NGS-ED iteration
	effective electronic model is modified as: kinetic energy t = 0.517869
	                                           effective interaction Vq = [      -5,-4.94471,-4.88622,-4.94471,-4.94471,-4.88622, -4.8527,-4.88622,-4.88622, -4.8527,-4.99906, -4.8527,-4.94471,-4.88622, -4.8527,-4.88622]
	PARPACK diagonalization completed after 30 matrix-vector product operations.
	iteration results: : total energy is -107.458505 | electron energy -107.723600 + phonon energy 0.265095 | electron momentum kIdx = 0
The 15-th iteration is completed.	|| time cost : 0h 0m 20.393s
********************************************************************************************************************
Start the 16 rounds of NGS-ED iteration
	effective electronic model is modified as: kinetic energy t = 0.517228
	                                           effective interaction Vq = [      -5,-4.94519,-4.88752,-4.94519,-4.94519,-4.88752,-4.85494,-4.88752,-4.88752,-4.85494,-4.99906,-4.85494,-4.94519,-4.88752,-4.85494,-4.88752]
	PARPACK diagonalization completed after 30 matrix-vector product operations.
	iteration results: : total energy is -107.458627 | electron energy -107.724103 + phonon energy 0.265476 | electron momentum kIdx = 0
The 16-th iteration is completed.	|| time cost : 0h 0m 20.667s
********************************************************************************************************************
Start the 17 rounds of NGS-ED iteration
	effective electronic model is modified as: kinetic energy t = 0.516674
	                                           effective interaction Vq = [      -5, -4.9456,-4.88864, -4.9456, -4.9456,-4.88864,-4.85687,-4.88864,-4.88864,-4.85687,-4.99906,-4.85687, -4.9456,-4.88864,-4.85687,-4.88864]
	PARPACK diagonalization completed after 30 matrix-vector product operations.
	iteration results: : total energy is -107.458718 | electron energy -107.724529 + phonon energy 0.265811 | electron momentum kIdx = 0
The 17-th iteration is completed.	|| time cost : 0h 0m 20.62s
********************************************************************************************************************
Start the 18 rounds of NGS-ED iteration
	effective electronic model is modified as: kinetic energy t = 0.516193
	                                           effective interaction Vq = [      -5,-4.94595,-4.88961,-4.94595,-4.94595,-4.88961,-4.85855,-4.88961,-4.88961,-4.85855,-4.99905,-4.85855,-4.94595,-4.88961,-4.85855,-4.88961]
	PARPACK diagonalization completed after 30 matrix-vector product operations.
	iteration results: : total energy is -107.458787 | electron energy -107.724893 + phonon energy 0.266105 | electron momentum kIdx = 0
The 18-th iteration is completed.	|| time cost : 0h 0m 20.66s
********************************************************************************************************************
Start the 19 rounds of NGS-ED iteration
	effective electronic model is modified as: kinetic energy t = 0.515774
	                                           effective interaction Vq = [      -5,-4.94624,-4.89044,-4.94624,-4.94624,-4.89044,-4.86001,-4.89044,-4.89044,-4.86001,-4.99905,-4.86001,-4.94624,-4.89044,-4.86001,-4.89044]
	PARPACK diagonalization completed after 30 matrix-vector product operations.
	iteration results: : total energy is -107.458841 | electron energy -107.725204 + phonon energy 0.266364 | electron momentum kIdx = 0
The 19-th iteration is completed.	|| time cost : 0h 0m 20.663s
********************************************************************************************************************
Start the 20 rounds of NGS-ED iteration
	effective electronic model is modified as: kinetic energy t = 0.515408
	                                           effective interaction Vq = [      -5, -4.9465,-4.89117, -4.9465, -4.9465,-4.89117,-4.86128,-4.89117,-4.89117,-4.86128,-4.99905,-4.86128, -4.9465,-4.89117,-4.86128,-4.89117]
	PARPACK diagonalization completed after 30 matrix-vector product operations.
	iteration results: : total energy is -107.458881 | electron energy -107.725473 + phonon energy 0.266591 | electron momentum kIdx = 0
	Nq(0) = 12.25,	Nq(1) = 0.32097,	Nq(2) = 0.410656,	Nq(3) = 0.32097,	Nq(4) = 0.32097,	Nq(5) = 0.410656,	Nq(6) = 0.514492,	Nq(7) = 0.410656,	Nq(8) = 0.410656,	Nq(9) = 0.514492,	Nq(10) = 8.78445,	Nq(11) = 0.514492,	Nq(12) = 0.32097,	Nq(13) = 0.410656,	Nq(14) = 0.514492,	Nq(15) = 0.410656,	Sq(0) = 5.79137e-19,	Sq(1) = 0.0408849,	Sq(2) = 0.074359,	Sq(3) = 0.0408849,	Sq(4) = 0.0408849,	Sq(5) = 0.074359,	Sq(6) = 0.104481,	Sq(7) = 0.074359,	Sq(8) = 0.074359,	Sq(9) = 0.104481,	Sq(10) = 0.132155,	Sq(11) = 0.104481,	Sq(12) = 0.0408849,	Sq(13) = 0.074359,	Sq(14) = 0.104481,	Sq(15) = 0.074359,	N(0) = 1.62016,	N(1) = 1.30729,	N(2) = 0.835936,	N(3) = 1.30729,	N(4) = 1.30729,	N(5) = 0.835936,	N(6) = 0.467302,	N(7) = 0.835936,	N(8) = 0.835936,	N(9) = 0.467302,	N(10) = 0.265849,	N(11) = 0.467302,	N(12) = 1.30729,	N(13) = 0.835936,	N(14) = 0.467302,	N(15) = 0.835936,	Delta[s](0) = 0.478525,	Delta[s](1) = 0.403975,	Delta[s](2) = 0.395351,	Delta[s](3) = 0.403975,	Delta[s](4) = 0.403975,	Delta[s](5) = 0.395351,	Delta[s](6) = 0.389002,	Delta[s](7) = 0.395351,	Delta[s](8) = 0.395351,	Delta[s](9) = 0.389002,	Delta[s](10) = 0.397577,	Delta[s](11) = 0.389002,	Delta[s](12) = 0.403975,	Delta[s](13) = 0.395351,	Delta[s](14) = 0.389002,	Delta[s](15) = 0.395351,	Delta[d](0) = 0.0610145,	Delta[d](1) = 0.0595791,	Delta[d](2) = 0.0670822,	Delta[d](3) = 0.0595791,	Delta[d](4) = 0.0595791,	Delta[d](5) = 0.0524803,	Delta[d](6) = 0.0527309,	Delta[d](7) = 0.0524803,	Delta[d](8) = 0.0670822,	Delta[d](9) = 0.0527309,	Delta[d](10) = 0.0439618,	Delta[d](11) = 0.0527309,	Delta[d](12) = 0.0595791,	Delta[d](13) = 0.0524803,	Delta[d](14) = 0.0527309,	Delta[d](15) = 0.0524803,	Delta[s+](0) = 0.126533,	Delta[s+](1) = 0.0922294,	Delta[s+](2) = 0.0670822,	Delta[s+](3) = 0.0922294,	Delta[s+](4) = 0.0922294,	Delta[s+](5) = 0.0670822,	Delta[s+](6) = 0.0476715,	Delta[s+](7) = 0.0670822,	Delta[s+](8) = 0.0670822,	Delta[s+](9) = 0.0476715,	Delta[s+](10) = 0.0373949,	Delta[s+](11) = 0.0476715,	Delta[s+](12) = 0.0922294,	Delta[s+](13) = 0.0670822,	Delta[s+](14) = 0.0476715,	Delta[s+](15) = 0.0670822
The 20-th iteration is completed.	|| time cost : 0h 3m 15.314s
********************************************************************************************************************
Start the 21 rounds of NGS-ED iteration
	effective electronic model is modified as: kinetic energy t = 0.515086
	                                           effective interaction Vq = [      -5,-4.94673,-4.89181,-4.94673,-4.94673,-4.89181,-4.86239,-4.89181,-4.89181,-4.86239,-4.99905,-4.86239,-4.94673,-4.89181,-4.86239,-4.89181]
	PARPACK diagonalization completed after 30 matrix-vector product operations.
	iteration results: : total energy is -107.458913 | electron energy -107.725704 + phonon energy 0.266791 | electron momentum kIdx = 0
The 21-th iteration is completed.	|| time cost : 0h 0m 20.869s
********************************************************************************************************************
Start the 22 rounds of NGS-ED iteration
	effective electronic model is modified as: kinetic energy t = 0.514803
	                                           effective interaction Vq = [      -5,-4.94693,-4.89237,-4.94693,-4.94693,-4.89237,-4.86337,-4.89237,-4.89237,-4.86337,-4.99904,-4.86337,-4.94693,-4.89237,-4.86337,-4.89237]
	PARPACK diagonalization completed after 30 matrix-vector product operations.
	iteration results: : total energy is -107.458938 | electron energy -107.725905 + phonon energy 0.266968 | electron momentum kIdx = 0
The 22-th iteration is completed.	|| time cost : 0h 0m 20.409s
********************************************************************************************************************
Start the 23 rounds of NGS-ED iteration
	effective electronic model is modified as: kinetic energy t = 0.514554
	                                           effective interaction Vq = [      -5, -4.9471,-4.89286, -4.9471, -4.9471,-4.89286,-4.86423,-4.89286,-4.89286,-4.86423,-4.99904,-4.86423, -4.9471,-4.89286,-4.86423,-4.89286]
