TACC:  Starting up job 4188034 
TACC:  Starting parallel tasks... 
SNEDics v3.4 Non-Gaussian ED ground state program		Start at Sun Aug 18 16:48:01 2019

parallized on 32 MPI threads  * 6 OpenMP threads = 192 total threads.
********************************************************************************************************************
********************************************************************************************************************

********************************************************************************************************************
System parameters and configurations
********************************************************************************************************************
Special program options are enabled: splitted diagonal Hamiltonian
********************************************************************************************************************
Read input file "model_params.in"
	Hubbard-Holstein model parameters : 	t = 1    U = 2.5    g = 3.1623    W = 5    
********************************************************************************************************************
Read input file "hilbertspace_params.in"
	Requested 16-site 2D lattice, with 16 electrons (8, 8)
	Boundary : Periodic		Hilbert space representation : momentum-space (restricted to kIdx = 10)
	Conservation: particle number[U(1)]      spin[U(1)]     momentum
********************************************************************************************************************

Cluster Positions:				Cluster symmetry group : D4
 x ... x ... x ... x .....                       x ... x ... x ... x .....
 |           |           :                       |           |           :
 |           |           :                       |           |           :
12    13    14    15     x                       1     5     6     5     x
 |           |           :                       |           |           :
 |           |           :                       |           |           :
 8 --- 9 ---10 ---11 --- x                       2 --- 6 ---10 --- 6 --- x
 |           |           :                       |           |           :
 |           |           :                       |           |           :
 4     5     6     7     x                       1     5     6     5     x
 |           |           :                       |           |           :
 |           |           :                       |           |           :
 0 --- 1 --- 2 --- 3 --- x                       0 --- 1 --- 2 --- 1 --- x
orbital number : 1
********************************************************************************************************************
Read input file "obs_params.in"
	Observable Type : Nq[All],   Sq[All],   N[All]
********************************************************************************************************************
** WARNING ** the input observables have non-local factors which have been reinterpreted. The total observable number is 48
********************************************************************************************************************


********************************************************************************************************************
Start calculating the non-Gaussian ED ground state
** WARNING ** Detected low phonon energy W < 10. The initial state will be prepared through a warm-up process.
********************************************************************************************************************
Start warm-up calculation for scaling factor 2
open output files: NGSEDWarmUpW10Obs.txt
********************************************************************************************************************
Start the 0 rounds of NGS-ED iteration
	effective electronic model is modified as: kinetic energy t = 1
	                                           effective interaction Vq = [0,0,0,0,0,0,0,0,0,0,0,0,0,0,0,0]
	first Hamiltonian is constructed, non-zero numbers = 2845334624
	PARPACK diagonalization completed after 120 matrix-vector product operations.
	iteration results: : total energy is -16.703231 | electron energy -16.703231 + phonon energy 0.000000 | electron momentum kIdx = 10
	Nq(0) = 16,	Nq(1) = 0.229734,	Nq(2) = 0.295957,	Nq(3) = 0.229734,	Nq(4) = 0.229734,	Nq(5) = 0.295957,	Nq(6) = 0.419486,	Nq(7) = 0.295957,	Nq(8) = 0.295957,	Nq(9) = 0.419486,	Nq(10) = 0.484097,	Nq(11) = 0.419486,	Nq(12) = 0.229734,	Nq(13) = 0.295957,	Nq(14) = 0.419486,	Nq(15) = 0.295957,	Sq(0) = -1.45777e-18,	Sq(1) = 0.354208,	Sq(2) = 0.428491,	Sq(3) = 0.354208,	Sq(4) = 0.354208,	Sq(5) = 0.428491,	Sq(6) = 0.661822,	Sq(7) = 0.428491,	Sq(8) = 0.428491,	Sq(9) = 0.661822,	Sq(10) = 4.50821,	Sq(11) = 0.661822,	Sq(12) = 0.354208,	Sq(13) = 0.428491,	Sq(14) = 0.661822,	Sq(15) = 0.428491,	N(0) = 1.97271,	N(1) = 1.93703,	N(2) = 1,	N(3) = 1.93703,	N(4) = 1.93703,	N(5) = 1,	N(6) = 0.0629743,	N(7) = 1,	N(8) = 1,	N(9) = 0.0629743,	N(10) = 0.0272852,	N(11) = 0.0629743,	N(12) = 1.93703,	N(13) = 1,	N(14) = 0.0629743,	N(15) = 1
The 0-th iteration is completed.	|| time cost : 0h 2m 41.67s
********************************************************************************************************************
Start the 1 rounds of NGS-ED iteration
	effective electronic model is modified as: kinetic energy t = 0.946562
	                                           effective interaction Vq = [-1.72935, -1.6138,-1.55137, -1.6138, -1.6138,-1.55137,-1.54215,-1.55137,-1.55137,-1.54215, -1.5145,-1.54215, -1.6138,-1.55137,-1.54215,-1.55137]
	PARPACK diagonalization completed after 180 matrix-vector product operations.
	iteration results: : total energy is -53.228687 | electron energy -53.231979 + phonon energy 0.003292 | electron momentum kIdx = 10
The 1-th iteration is completed.	|| time cost : 0h 4m 52.932s
********************************************************************************************************************
Start the 2 rounds of NGS-ED iteration
	effective electronic model is modified as: kinetic energy t = 0.901932
	                                           effective interaction Vq = [ -1.9634,  -1.887, -1.8743,  -1.887,  -1.887, -1.8743,-1.81917, -1.8743, -1.8743,-1.81917,-1.83551,-1.81917,  -1.887, -1.8743,-1.81917, -1.8743]
	PARPACK diagonalization completed after 45 matrix-vector product operations.
	iteration results: : total energy is -58.856325 | electron energy -58.880347 + phonon energy 0.024022 | electron momentum kIdx = 10
The 2-th iteration is completed.	|| time cost : 0h 1m 1.381s
********************************************************************************************************************
Start the 3 rounds of NGS-ED iteration
	effective electronic model is modified as: kinetic energy t = 0.885244
	                                           effective interaction Vq = [-1.99507, -1.9413,-1.92399, -1.9413, -1.9413,-1.92399,-1.88138,-1.92399,-1.92399,-1.88138,-1.95011,-1.88138, -1.9413,-1.92399,-1.88138,-1.92399]
	PARPACK diagonalization completed after 45 matrix-vector product operations.
	iteration results: : total energy is -59.728004 | electron energy -59.770889 + phonon energy 0.042885 | electron momentum kIdx = 10
The 3-th iteration is completed.	|| time cost : 0h 0m 23.978s
********************************************************************************************************************
Start the 4 rounds of NGS-ED iteration
	effective electronic model is modified as: kinetic energy t = 0.884859
	                                           effective interaction Vq = [-1.99936,-1.95063, -1.8954,-1.95063,-1.95063, -1.8954,-1.89231, -1.8954, -1.8954,-1.89231,-1.98425,-1.89231,-1.95063, -1.8954,-1.89231, -1.8954]
	PARPACK diagonalization completed after 30 matrix-vector product operations.
	iteration results: : total energy is -59.898623 | electron energy -59.948714 + phonon energy 0.050091 | electron momentum kIdx = 10
The 4-th iteration is completed.	|| time cost : 0h 0m 20.248s
********************************************************************************************************************
Start the 5 rounds of NGS-ED iteration
	effective electronic model is modified as: kinetic energy t = 0.885352
	                                           effective interaction Vq = [-1.99994,-1.95142,-1.88136,-1.95142,-1.95142,-1.88136,-1.89298,-1.88136,-1.88136,-1.89298,-1.99187,-1.89298,-1.95142,-1.88136,-1.89298,-1.88136]
	PARPACK diagonalization completed after 30 matrix-vector product operations.
	iteration results: : total energy is -59.921752 | electron energy -59.973798 + phonon energy 0.052047 | electron momentum kIdx = 10
The 5-th iteration is completed.	|| time cost : 0h 0m 20.242s
********************************************************************************************************************
Start the 6 rounds of NGS-ED iteration
	effective electronic model is modified as: kinetic energy t = 0.885616
	                                           effective interaction Vq = [-2.00002,-1.95112,-1.87626,-1.95112,-1.95112,-1.87626,-1.89251,-1.87626,-1.87626,-1.89251,-1.99392,-1.89251,-1.95112,-1.87626,-1.89251,-1.87626]
	PARPACK diagonalization completed after 30 matrix-vector product operations.
	iteration results: : total energy is -59.924675 | electron energy -59.977253 + phonon energy 0.052578 | electron momentum kIdx = 10
The 6-th iteration is completed.	|| time cost : 0h 0m 20.483s
********************************************************************************************************************
Start the 7 rounds of NGS-ED iteration
	effective electronic model is modified as: kinetic energy t = 0.885733
	                                           effective interaction Vq = [-2.00003,-1.95085, -1.8745,-1.95085,-1.95085, -1.8745,-1.89215, -1.8745, -1.8745,-1.89215,-1.99456,-1.89215,-1.95085, -1.8745,-1.89215, -1.8745]
	PARPACK diagonalization completed after 30 matrix-vector product operations.
	iteration results: : total energy is -59.925042 | electron energy -59.977759 + phonon energy 0.052717 | electron momentum kIdx = 10
The 7-th iteration is completed.	|| time cost : 0h 0m 22.38s
********************************************************************************************************************
Start the 8 rounds of NGS-ED iteration
	effective electronic model is modified as: kinetic energy t = 0.885783
	                                           effective interaction Vq = [-2.00003, -1.9507, -1.8739, -1.9507, -1.9507, -1.8739,-1.89196, -1.8739, -1.8739,-1.89196,-1.99476,-1.89196, -1.9507, -1.8739,-1.89196, -1.8739]
	PARPACK diagonalization completed after 30 matrix-vector product operations.
	iteration results: : total energy is -59.925088 | electron energy -59.977839 + phonon energy 0.052750 | electron momentum kIdx = 10
	Nq(0) = 16,	Nq(1) = 0.341104,	Nq(2) = 0.375078,	Nq(3) = 0.341104,	Nq(4) = 0.341104,	Nq(5) = 0.375078,	Nq(6) = 0.613789,	Nq(7) = 0.375078,	Nq(8) = 0.375078,	Nq(9) = 0.613789,	Nq(10) = 4.44479,	Nq(11) = 0.613789,	Nq(12) = 0.341104,	Nq(13) = 0.375078,	Nq(14) = 0.613789,	Nq(15) = 0.375078,	Sq(0) = -4.57337e-18,	Sq(1) = 0.268131,	Sq(2) = 0.325458,	Sq(3) = 0.268131,	Sq(4) = 0.268131,	Sq(5) = 0.325458,	Sq(6) = 0.479919,	Sq(7) = 0.325458,	Sq(8) = 0.325458,	Sq(9) = 0.479919,	Sq(10) = 0.54022,	Sq(11) = 0.479919,	Sq(12) = 0.268131,	Sq(13) = 0.325458,	Sq(14) = 0.479919,	Sq(15) = 0.325458,	N(0) = 1.988,	N(1) = 1.96875,	N(2) = 1,	N(3) = 1.96875,	N(4) = 1.96875,	N(5) = 1,	N(6) = 0.0312526,	N(7) = 1,	N(8) = 1,	N(9) = 0.0312526,	N(10) = 0.0119962,	N(11) = 0.0312526,	N(12) = 1.96875,	N(13) = 1,	N(14) = 0.0312526,	N(15) = 1
The 8-th iteration is completed.	|| time cost : 0h 0m 53.556s
********************************************************************************************************************
********************************************************************************************************************
Ground state is obtained after 9 iterations. The current ground-state energy is -59.9251, in which electron energy is -59.9778 and phonon energy is 0.0527502
final variational state is: 
	Gamma_x = [      1,1.01825,1.02865,1.01825,1.01825,1.02865,1.04479,1.02865,1.02865,1.04479,1.08934,1.04479,1.01825,1.02865,1.04479,1.02865]
	lambda_q = [0.447162,0.376935,0.334818,0.376935,0.376935,0.334818,0.343217,0.334818,0.334818,0.343217,0.424426,0.343217,0.376935,0.334818,0.343217,0.334818]
********************************************************************************************************************
o___o  ----------------------------------------
| L |	Time since last clock: 0h 0m 0s
A===A	Time since the beginning: 0h 11m 16.875s
***********************************************


********************************************************************************************************************
Warm up runs have been completed. Start calculating W = 5 phonon.
open output files: NGSEDIterationObs.txt
Start the 0 rounds of NGS-ED iteration
	effective electronic model is modified as: kinetic energy t = 0.885803
	                                           effective interaction Vq = [-1.82835,-1.67356,-1.55708,-1.67356,-1.67356,-1.55708,-1.58172,-1.55708,-1.55708,-1.58172,-1.78364,-1.58172,-1.67356,-1.55708,-1.58172,-1.55708]
	PARPACK diagonalization completed after 45 matrix-vector product operations.
	iteration results: : total energy is -54.464021 | electron energy -54.490399 + phonon energy 0.026378 | electron momentum kIdx = 10
	Nq(0) = 16,	Nq(1) = 0.334204,	Nq(2) = 0.363281,	Nq(3) = 0.334204,	Nq(4) = 0.334204,	Nq(5) = 0.363281,	Nq(6) = 0.586195,	Nq(7) = 0.363281,	Nq(8) = 0.363281,	Nq(9) = 0.586195,	Nq(10) = 4.28083,	Nq(11) = 0.586195,	Nq(12) = 0.334204,	Nq(13) = 0.363281,	Nq(14) = 0.586195,	Nq(15) = 0.363281,	Sq(0) = 7.32738e-19,	Sq(1) = 0.291087,	Sq(2) = 0.341083,	Sq(3) = 0.291087,	Sq(4) = 0.291087,	Sq(5) = 0.341083,	Sq(6) = 0.51834,	Sq(7) = 0.341083,	Sq(8) = 0.341083,	Sq(9) = 0.51834,	Sq(10) = 0.573672,	Sq(11) = 0.51834,	Sq(12) = 0.291087,	Sq(13) = 0.341083,	Sq(14) = 0.51834,	Sq(15) = 0.341083,	N(0) = 1.99348,	N(1) = 1.98066,	N(2) = 1,	N(3) = 1.98066,	N(4) = 1.98066,	N(5) = 1,	N(6) = 0.0193372,	N(7) = 1,	N(8) = 1,	N(9) = 0.0193372,	N(10) = 0.00651934,	N(11) = 0.0193372,	N(12) = 1.98066,	N(13) = 1,	N(14) = 0.0193372,	N(15) = 1
The 0-th iteration is completed.	|| time cost : 0h 0m 57.196s
********************************************************************************************************************
Start the 1 rounds of NGS-ED iteration
	effective electronic model is modified as: kinetic energy t = 0.86863
	                                           effective interaction Vq = [-1.93687, -1.7716,-1.62538, -1.7716, -1.7716,-1.62538,-1.65664,-1.62538,-1.62538,-1.65664,-1.90272,-1.65664, -1.7716,-1.62538,-1.65664,-1.62538]
	PARPACK diagonalization completed after 30 matrix-vector product operations.
	iteration results: : total energy is -56.725532 | electron energy -56.808139 + phonon energy 0.082606 | electron momentum kIdx = 10
The 1-th iteration is completed.	|| time cost : 0h 0m 20.307s
********************************************************************************************************************
Start the 2 rounds of NGS-ED iteration
	effective electronic model is modified as: kinetic energy t = 0.859799
	                                           effective interaction Vq = [-1.97679,-1.81158,-1.65593,-1.81158,-1.81158,-1.65593,-1.68887,-1.65593,-1.65593,-1.68887,-1.95269,-1.68887,-1.81158,-1.65593,-1.68887,-1.65593]
	PARPACK diagonalization completed after 30 matrix-vector product operations.
	iteration results: : total energy is -57.546047 | electron energy -57.671370 + phonon energy 0.125323 | electron momentum kIdx = 10
The 2-th iteration is completed.	|| time cost : 0h 0m 20.306s
********************************************************************************************************************
Start the 3 rounds of NGS-ED iteration
	effective electronic model is modified as: kinetic energy t = 0.855413
	                                           effective interaction Vq = [-1.99148, -1.8286,-1.66985, -1.8286, -1.8286,-1.66985,-1.70291,-1.66985,-1.66985,-1.70291,-1.97351,-1.70291, -1.8286,-1.66985,-1.70291,-1.66985]
	PARPACK diagonalization completed after 30 matrix-vector product operations.
	iteration results: : total energy is -57.838918 | electron energy -57.990541 + phonon energy 0.151623 | electron momentum kIdx = 10
The 3-th iteration is completed.	|| time cost : 0h 0m 20.273s
********************************************************************************************************************
Start the 4 rounds of NGS-ED iteration
	effective electronic model is modified as: kinetic energy t = 0.853243
	                                           effective interaction Vq = [-1.99688,-1.83615,-1.67637,-1.83615,-1.83615,-1.67637, -1.7092,-1.67637,-1.67637, -1.7092,-1.98251, -1.7092,-1.83615,-1.67637, -1.7092,-1.67637]
	PARPACK diagonalization completed after 30 matrix-vector product operations.
	iteration results: : total energy is -57.942776 | electron energy -58.109336 + phonon energy 0.166560 | electron momentum kIdx = 10
The 4-th iteration is completed.	|| time cost : 0h 0m 20.214s
********************************************************************************************************************
Start the 5 rounds of NGS-ED iteration
	effective electronic model is modified as: kinetic energy t = 0.852165
	                                           effective interaction Vq = [-1.99887,-1.83961,-1.67948,-1.83961,-1.83961,-1.67948,-1.71207,-1.67948,-1.67948,-1.71207,-1.98663,-1.71207,-1.83961,-1.67948,-1.71207,-1.67948]
	PARPACK diagonalization completed after 30 matrix-vector product operations.
	iteration results: : total energy is -57.979635 | electron energy -58.154343 + phonon energy 0.174708 | electron momentum kIdx = 10
The 5-th iteration is completed.	|| time cost : 0h 0m 20.391s
********************************************************************************************************************
Start the 6 rounds of NGS-ED iteration
	effective electronic model is modified as: kinetic energy t = 0.851629
	                                           effective interaction Vq = [ -1.9996, -1.8412,-1.68098, -1.8412, -1.8412,-1.68098, -1.7134,-1.68098,-1.68098, -1.7134,-1.98862, -1.7134, -1.8412,-1.68098, -1.7134,-1.68098]
	PARPACK diagonalization completed after 30 matrix-vector product operations.
	iteration results: : total energy is -57.992774 | electron energy -58.171822 + phonon energy 0.179048 | electron momentum kIdx = 10
The 6-th iteration is completed.	|| time cost : 0h 0m 20.279s
********************************************************************************************************************
Start the 7 rounds of NGS-ED iteration
	effective electronic model is modified as: kinetic energy t = 0.851363
	                                           effective interaction Vq = [-1.99987,-1.84194, -1.6817,-1.84194,-1.84194, -1.6817,  -1.714, -1.6817, -1.6817,  -1.714,-1.98961,  -1.714,-1.84194, -1.6817,  -1.714, -1.6817]
	PARPACK diagonalization completed after 30 matrix-vector product operations.
	iteration results: : total energy is -57.997483 | electron energy -58.178809 + phonon energy 0.181327 | electron momentum kIdx = 10
The 7-th iteration is completed.	|| time cost : 0h 0m 20.282s
********************************************************************************************************************
Start the 8 rounds of NGS-ED iteration
	effective electronic model is modified as: kinetic energy t = 0.851232
	                                           effective interaction Vq = [-1.99997,-1.84227,-1.68204,-1.84227,-1.84227,-1.68204,-1.71426,-1.68204,-1.68204,-1.71426,-1.99012,-1.71426,-1.84227,-1.68204,-1.71426,-1.68204]
	PARPACK diagonalization completed after 30 matrix-vector product operations.
	iteration results: : total energy is -57.999180 | electron energy -58.181690 + phonon energy 0.182510 | electron momentum kIdx = 10
The 8-th iteration is completed.	|| time cost : 0h 0m 20.319s
********************************************************************************************************************
Start the 9 rounds of NGS-ED iteration
	effective electronic model is modified as: kinetic energy t = 0.851169
	                                           effective interaction Vq = [-2.00001,-1.84241,-1.68221,-1.84241,-1.84241,-1.68221,-1.71437,-1.68221,-1.68221,-1.71437,-1.99038,-1.71437,-1.84241,-1.68221,-1.71437,-1.68221]
	PARPACK diagonalization completed after 30 matrix-vector product operations.
	iteration results: : total energy is -57.999794 | electron energy -58.182915 + phonon energy 0.183121 | electron momentum kIdx = 10
The 9-th iteration is completed.	|| time cost : 0h 0m 23.287s
********************************************************************************************************************
Start the 10 rounds of NGS-ED iteration
	effective electronic model is modified as: kinetic energy t = 0.851138
	                                           effective interaction Vq = [-2.00002,-1.84246,-1.68228,-1.84246,-1.84246,-1.68228, -1.7144,-1.68228,-1.68228, -1.7144,-1.99052, -1.7144,-1.84246,-1.68228, -1.7144,-1.68228]
	PARPACK diagonalization completed after 30 matrix-vector product operations.
	iteration results: : total energy is -58.000017 | electron energy -58.183451 + phonon energy 0.183434 | electron momentum kIdx = 10
	Nq(0) = 16,	Nq(1) = 0.30088,	Nq(2) = 0.347933,	Nq(3) = 0.30088,	Nq(4) = 0.30088,	Nq(5) = 0.347933,	Nq(6) = 0.548993,	Nq(7) = 0.347933,	Nq(8) = 0.347933,	Nq(9) = 0.548993,	Nq(10) = 5.17378,	Nq(11) = 0.548993,	Nq(12) = 0.30088,	Nq(13) = 0.347933,	Nq(14) = 0.548993,	Nq(15) = 0.347933,	Sq(0) = -3.1456e-18,	Sq(1) = 0.253612,	Sq(2) = 0.318564,	Sq(3) = 0.253612,	Sq(4) = 0.253612,	Sq(5) = 0.318564,	Sq(6) = 0.468838,	Sq(7) = 0.318564,	Sq(8) = 0.318564,	Sq(9) = 0.468838,	Sq(10) = 0.537956,	Sq(11) = 0.468838,	Sq(12) = 0.253612,	Sq(13) = 0.318564,	Sq(14) = 0.468838,	Sq(15) = 0.318564,	N(0) = 1.98489,	N(1) = 1.95536,	N(2) = 1,	N(3) = 1.95536,	N(4) = 1.95536,	N(5) = 1,	N(6) = 0.0446388,	N(7) = 1,	N(8) = 1,	N(9) = 0.0446388,	N(10) = 0.0151094,	N(11) = 0.0446388,	N(12) = 1.95536,	N(13) = 1,	N(14) = 0.0446388,	N(15) = 1
The 10-th iteration is completed.	|| time cost : 0h 1m 5.714s
********************************************************************************************************************
Start the 11 rounds of NGS-ED iteration
	effective electronic model is modified as: kinetic energy t = 0.851124
	                                           effective interaction Vq = [-2.00003,-1.84248,-1.68231,-1.84248,-1.84248,-1.68231,-1.71441,-1.68231,-1.68231,-1.71441, -1.9906,-1.71441,-1.84248,-1.68231,-1.71441,-1.68231]
	PARPACK diagonalization completed after 30 matrix-vector product operations.
	iteration results: : total energy is -58.000099 | electron energy -58.183692 + phonon energy 0.183593 | electron momentum kIdx = 10
The 11-th iteration is completed.	|| time cost : 0h 0m 23.702s
********************************************************************************************************************
Start the 12 rounds of NGS-ED iteration
	effective electronic model is modified as: kinetic energy t = 0.851118
	                                           effective interaction Vq = [-2.00003,-1.84248,-1.68232,-1.84248,-1.84248,-1.68232,-1.71441,-1.68232,-1.68232,-1.71441,-1.99064,-1.71441,-1.84248,-1.68232,-1.71441,-1.68232]
	PARPACK diagonalization completed after 30 matrix-vector product operations.
	iteration results: : total energy is -58.000128 | electron energy -58.183802 + phonon energy 0.183674 | electron momentum kIdx = 10
The 12-th iteration is completed.	|| time cost : 0h 0m 23.444s
********************************************************************************************************************
Start the 13 rounds of NGS-ED iteration
	effective electronic model is modified as: kinetic energy t = 0.851115
	                                           effective interaction Vq = [-2.00003,-1.84248,-1.68233,-1.84248,-1.84248,-1.68233,-1.71441,-1.68233,-1.68233,-1.71441,-1.99066,-1.71441,-1.84248,-1.68233,-1.71441,-1.68233]
	PARPACK diagonalization completed after 30 matrix-vector product operations.
	iteration results: : total energy is -58.000139 | electron energy -58.183854 + phonon energy 0.183715 | electron momentum kIdx = 10
The 13-th iteration is completed.	|| time cost : 0h 0m 20.321s
********************************************************************************************************************
Start the 14 rounds of NGS-ED iteration
	effective electronic model is modified as: kinetic energy t = 0.851114
	                                           effective interaction Vq = [-2.00003,-1.84248,-1.68233,-1.84248,-1.84248,-1.68233, -1.7144,-1.68233,-1.68233, -1.7144,-1.99067, -1.7144,-1.84248,-1.68233, -1.7144,-1.68233]
	PARPACK diagonalization completed after 30 matrix-vector product operations.
	iteration results: : total energy is -58.000143 | electron energy -58.183878 + phonon energy 0.183735 | electron momentum kIdx = 10
The 14-th iteration is completed.	|| time cost : 0h 0m 20.252s
********************************************************************************************************************
Start the 15 rounds of NGS-ED iteration
	effective electronic model is modified as: kinetic energy t = 0.851114
	                                           effective interaction Vq = [-2.00003,-1.84248,-1.68233,-1.84248,-1.84248,-1.68233, -1.7144,-1.68233,-1.68233, -1.7144,-1.99067, -1.7144,-1.84248,-1.68233, -1.7144,-1.68233]
	PARPACK diagonalization completed after 30 matrix-vector product operations.
	iteration results: : total energy is -58.000145 | electron energy -58.183889 + phonon energy 0.183745 | electron momentum kIdx = 10
The 15-th iteration is completed.	|| time cost : 0h 0m 20.307s
********************************************************************************************************************
Start the 16 rounds of NGS-ED iteration
	effective electronic model is modified as: kinetic energy t = 0.851114
	                                           effective interaction Vq = [-2.00003,-1.84247,-1.68233,-1.84247,-1.84247,-1.68233,-1.71439,-1.68233,-1.68233,-1.71439,-1.99068,-1.71439,-1.84247,-1.68233,-1.71439,-1.68233]
	PARPACK diagonalization completed after 30 matrix-vector product operations.
	iteration results: : total energy is -58.000145 | electron energy -58.183895 + phonon energy 0.183749 | electron momentum kIdx = 10
The 16-th iteration is completed.	|| time cost : 0h 0m 20.292s
********************************************************************************************************************
Start the 17 rounds of NGS-ED iteration
	effective electronic model is modified as: kinetic energy t = 0.851114
	                                           effective interaction Vq = [-2.00003,-1.84247,-1.68233,-1.84247,-1.84247,-1.68233,-1.71439,-1.68233,-1.68233,-1.71439,-1.99068,-1.71439,-1.84247,-1.68233,-1.71439,-1.68233]
	PARPACK diagonalization completed after 30 matrix-vector product operations.
	iteration results: : total energy is -58.000145 | electron energy -58.183897 + phonon energy 0.183752 | electron momentum kIdx = 10
The 17-th iteration is completed.	|| time cost : 0h 0m 20.302s
********************************************************************************************************************
Start the 18 rounds of NGS-ED iteration
	effective electronic model is modified as: kinetic energy t = 0.851114
	                                           effective interaction Vq = [-2.00003,-1.84247,-1.68233,-1.84247,-1.84247,-1.68233,-1.71439,-1.68233,-1.68233,-1.71439,-1.99068,-1.71439,-1.84247,-1.68233,-1.71439,-1.68233]
	PARPACK diagonalization completed after 30 matrix-vector product operations.
	iteration results: : total energy is -58.000145 | electron energy -58.183898 + phonon energy 0.183753 | electron momentum kIdx = 10
The 18-th iteration is completed.	|| time cost : 0h 0m 20.31s
********************************************************************************************************************
Start the 19 rounds of NGS-ED iteration
	effective electronic model is modified as: kinetic energy t = 0.851114
	                                           effective interaction Vq = [-2.00003,-1.84247,-1.68233,-1.84247,-1.84247,-1.68233,-1.71439,-1.68233,-1.68233,-1.71439,-1.99068,-1.71439,-1.84247,-1.68233,-1.71439,-1.68233]
	PARPACK diagonalization completed after 30 matrix-vector product operations.
	iteration results: : total energy is -58.000145 | electron energy -58.183899 + phonon energy 0.183753 | electron momentum kIdx = 10
The 19-th iteration is completed.	|| time cost : 0h 0m 20.277s
********************************************************************************************************************
Start the 20 rounds of NGS-ED iteration
	effective electronic model is modified as: kinetic energy t = 0.851115
	                                           effective interaction Vq = [-2.00003,-1.84247,-1.68233,-1.84247,-1.84247,-1.68233,-1.71439,-1.68233,-1.68233,-1.71439,-1.99068,-1.71439,-1.84247,-1.68233,-1.71439,-1.68233]
	PARPACK diagonalization completed after 30 matrix-vector product operations.
	iteration results: : total energy is -58.000145 | electron energy -58.183899 + phonon energy 0.183753 | electron momentum kIdx = 10
	Nq(0) = 16,	Nq(1) = 0.300823,	Nq(2) = 0.347907,	Nq(3) = 0.300823,	Nq(4) = 0.300823,	Nq(5) = 0.347907,	Nq(6) = 0.548919,	Nq(7) = 0.347907,	Nq(8) = 0.347907,	Nq(9) = 0.548919,	Nq(10) = 5.17497,	Nq(11) = 0.548919,	Nq(12) = 0.300823,	Nq(13) = 0.347907,	Nq(14) = 0.548919,	Nq(15) = 0.347907,	Sq(0) = -1.02853e-18,	Sq(1) = 0.253574,	Sq(2) = 0.31854,	Sq(3) = 0.253574,	Sq(4) = 0.253574,	Sq(5) = 0.31854,	Sq(6) = 0.468791,	Sq(7) = 0.31854,	Sq(8) = 0.31854,	Sq(9) = 0.468791,	Sq(10) = 0.537921,	Sq(11) = 0.468791,	Sq(12) = 0.253574,	Sq(13) = 0.31854,	Sq(14) = 0.468791,	Sq(15) = 0.31854,	N(0) = 1.98488,	N(1) = 1.95533,	N(2) = 1,	N(3) = 1.95533,	N(4) = 1.95533,	N(5) = 1,	N(6) = 0.0446739,	N(7) = 1,	N(8) = 1,	N(9) = 0.0446739,	N(10) = 0.0151195,	N(11) = 0.0446739,	N(12) = 1.95533,	N(13) = 1,	N(14) = 0.0446739,	N(15) = 1
The 20-th iteration is completed.	|| time cost : 0h 0m 54.633s
********************************************************************************************************************
Start the 21 rounds of NGS-ED iteration
	effective electronic model is modified as: kinetic energy t = 0.851115
	                                           effective interaction Vq = [-2.00003,-1.84247,-1.68233,-1.84247,-1.84247,-1.68233,-1.71439,-1.68233,-1.68233,-1.71439,-1.99068,-1.71439,-1.84247,-1.68233,-1.71439,-1.68233]
	PARPACK diagonalization completed after 30 matrix-vector product operations.
	iteration results: : total energy is -58.000145 | electron energy -58.183899 + phonon energy 0.183753 | electron momentum kIdx = 10
The 21-th iteration is completed.	|| time cost : 0h 0m 20.287s
********************************************************************************************************************
Start the 22 rounds of NGS-ED iteration
	effective electronic model is modified as: kinetic energy t = 0.851115
	                                           effective interaction Vq = [-2.00003,-1.84247,-1.68233,-1.84247,-1.84247,-1.68233,-1.71439,-1.68233,-1.68233,-1.71439,-1.99068,-1.71439,-1.84247,-1.68233,-1.71439,-1.68233]
	PARPACK diagonalization completed after 30 matrix-vector product operations.
	iteration results: : total energy is -58.000145 | electron energy -58.183899 + phonon energy 0.183753 | electron momentum kIdx = 10
The 22-th iteration is completed.	|| time cost : 0h 0m 20.268s
********************************************************************************************************************
Start the 23 rounds of NGS-ED iteration
	effective electronic model is modified as: kinetic energy t = 0.851115
	                                           effective interaction Vq = [-2.00003,-1.84247,-1.68233,-1.84247,-1.84247,-1.68233,-1.71439,-1.68233,-1.68233,-1.71439,-1.99068,-1.71439,-1.84247,-1.68233,-1.71439,-1.68233]
	PARPACK diagonalization completed after 30 matrix-vector product operations.
	iteration results: : total energy is -58.000145 | electron energy -58.183899 + phonon energy 0.183753 | electron momentum kIdx = 10
The 23-th iteration is completed.	|| time cost : 0h 0m 21.173s
********************************************************************************************************************
Start the 24 rounds of NGS-ED iteration
	effective electronic model is modified as: kinetic energy t = 0.851115
	                                           effective interaction Vq = [-2.00003,-1.84247,-1.68233,-1.84247,-1.84247,-1.68233,-1.71439,-1.68233,-1.68233,-1.71439,-1.99068,-1.71439,-1.84247,-1.68233,-1.71439,-1.68233]
	PARPACK diagonalization completed after 30 matrix-vector product operations.
	iteration results: : total energy is -58.000145 | electron energy -58.183899 + phonon energy 0.183753 | electron momentum kIdx = 10
	Nq(0) = 16,	Nq(1) = 0.300822,	Nq(2) = 0.347907,	Nq(3) = 0.300822,	Nq(4) = 0.300822,	Nq(5) = 0.347907,	Nq(6) = 0.548919,	Nq(7) = 0.347907,	Nq(8) = 0.347907,	Nq(9) = 0.548919,	Nq(10) = 5.17498,	Nq(11) = 0.548919,	Nq(12) = 0.300822,	Nq(13) = 0.347907,	Nq(14) = 0.548919,	Nq(15) = 0.347907,	Sq(0) = -4.2237e-20,	Sq(1) = 0.253574,	Sq(2) = 0.318539,	Sq(3) = 0.253574,	Sq(4) = 0.253574,	Sq(5) = 0.318539,	Sq(6) = 0.468791,	Sq(7) = 0.318539,	Sq(8) = 0.318539,	Sq(9) = 0.468791,	Sq(10) = 0.537921,	Sq(11) = 0.468791,	Sq(12) = 0.253574,	Sq(13) = 0.318539,	Sq(14) = 0.468791,	Sq(15) = 0.318539,	N(0) = 1.98488,	N(1) = 1.95533,	N(2) = 1,	N(3) = 1.95533,	N(4) = 1.95533,	N(5) = 1,	N(6) = 0.0446741,	N(7) = 1,	N(8) = 1,	N(9) = 0.0446741,	N(10) = 0.0151195,	N(11) = 0.0446741,	N(12) = 1.95533,	N(13) = 1,	N(14) = 0.0446741,	N(15) = 1
The 24-th iteration is completed.	|| time cost : 0h 0m 53.539s
********************************************************************************************************************
********************************************************************************************************************
Ground state is obtained after 25 iterations. The current ground-state energy is -58.0001, in which electron energy is -58.1839 and phonon energy is 0.183753
final variational state is: 
	Gamma_x = [      1,1.04977,1.06894,1.04977,1.04977,1.06894,1.10856,1.06894,1.06894,1.10856,1.29788,1.10856,1.04977,1.06894,1.10856,1.06894]
	lambda_q = [0.632459,0.454943,0.380387,0.454943,0.454943,0.380387,0.393445,0.380387,0.380387,0.393445, 0.58922,0.393445,0.454943,0.380387,0.393445,0.380387]
********************************************************************************************************************
o___o  ----------------------------------------
| L |	Time since last clock: 0h 0m 0s
A===A	Time since the beginning: 0h 22m 24.562s
***********************************************


Non-Gaussina ED ground state calculation is completed. The final ground-state energy is -58.0001
********************************************************************************************************************
o___o  ----------------------------------------
| L |	Time since last clock: 0h 0m 0.001s
A===A	Time since the beginning: 0h 22m 24.563s
***********************************************



********************************************************************************************************************
All non-Gaussian ED ground state calculations have been completed. Exit now.
TACC:  Shutdown complete. Exiting. 
