TACC:  Starting up job 4320227 
TACC:  Starting parallel tasks... 
SNEDics v3.4 Non-Gaussian ED ground state program		Start at Fri Sep 13 08:41:14 2019

parallized on 32 MPI threads  * 6 OpenMP threads = 192 total threads.
********************************************************************************************************************
********************************************************************************************************************

********************************************************************************************************************
System parameters and configurations
********************************************************************************************************************
Special program options are enabled: splitted diagonal Hamiltonian
********************************************************************************************************************
Read input file "model_params.in"
	Hubbard-Holstein model parameters : 	t = 1    U = 1    g = 3.1623    W = 5    
********************************************************************************************************************
Read input file "hilbertspace_params.in"
	Requested 16-site 2D lattice, with 16 electrons (8, 8)
	Boundary : Periodic		Hilbert space representation : momentum-space (restricted to kIdx = 0)
	Conservation: particle number[U(1)]      spin[U(1)]     momentum
********************************************************************************************************************

Cluster Positions:				Cluster symmetry group : D4
 x ... x ... x ... x .....                       x ... x ... x ... x .....
 |           |           :                       |           |           :
 |           |           :                       |           |           :
12    13    14    15     x                       1     5     6     5     x
 |           |           :                       |           |           :
 |           |           :                       |           |           :
 8 --- 9 ---10 ---11 --- x                       2 --- 6 ---10 --- 6 --- x
 |           |           :                       |           |           :
 |           |           :                       |           |           :
 4     5     6     7     x                       1     5     6     5     x
 |           |           :                       |           |           :
 |           |           :                       |           |           :
 0 --- 1 --- 2 --- 3 --- x                       0 --- 1 --- 2 --- 1 --- x
orbital number : 1
********************************************************************************************************************
Read input file "obs_params.in"
	Observable Type : Nq(All),   Sq(All),   N(All),   Delta[s](All),   Delta[d](All),   Delta[s+](All)
********************************************************************************************************************
** WARNING ** the input observables have non-local factors which have been reinterpreted. The total observable number is 96
********************************************************************************************************************


********************************************************************************************************************
Start calculating the non-Gaussian ED ground state
Input file varState.dat exists. Start iterations from it.
open output files: NGSEDIterationObs.txt
********************************************************************************************************************
Start the 0 rounds of NGS-ED iteration
	effective electronic model is modified as: kinetic energy t = 0.860946
	                                           effective interaction Vq = [-2.00003,-1.75422, -1.6392,-1.75422,-1.75422, -1.6392,-1.64983, -1.6392, -1.6392,-1.64983,-1.99664,-1.64983,-1.75422, -1.6392,-1.64983, -1.6392]
	first Hamiltonian is constructed, non-zero numbers = 12310855584
	PARPACK diagonalization completed after 60 matrix-vector product operations.
	iteration results: : total energy is -66.604797 | electron energy -66.748598 + phonon energy 0.143801 | electron momentum kIdx = 0
	Nq(0) = 16,	Nq(1) = 0.198984,	Nq(2) = 0.285061,	Nq(3) = 0.198984,	Nq(4) = 0.198984,	Nq(5) = 0.285061,	Nq(6) = 0.427089,	Nq(7) = 0.285061,	Nq(8) = 0.285061,	Nq(9) = 0.427089,	Nq(10) = 8.04914,	Nq(11) = 0.427089,	Nq(12) = 0.198984,	Nq(13) = 0.285061,	Nq(14) = 0.427089,	Nq(15) = 0.285061,	Sq(0) = 5.6825e-19,	Sq(1) = 0.157781,	Sq(2) = 0.234437,	Sq(3) = 0.157781,	Sq(4) = 0.157781,	Sq(5) = 0.234437,	Sq(6) = 0.32539,	Sq(7) = 0.234437,	Sq(8) = 0.234437,	Sq(9) = 0.32539,	Sq(10) = 0.396899,	Sq(11) = 0.32539,	Sq(12) = 0.157781,	Sq(13) = 0.234437,	Sq(14) = 0.32539,	Sq(15) = 0.234437,	N(0) = 1.93544,	N(1) = 1.82377,	N(2) = 1,	N(3) = 1.82377,	N(4) = 1.82377,	N(5) = 1,	N(6) = 0.176232,	N(7) = 1,	N(8) = 1,	N(9) = 0.176232,	N(10) = 0.0645586,	N(11) = 0.176232,	N(12) = 1.82377,	N(13) = 1,	N(14) = 0.176232,	N(15) = 1,	Delta[s](0) = 0.528054,	Delta[s](1) = 0.418631,	Delta[s](2) = 0.383219,	Delta[s](3) = 0.418631,	Delta[s](4) = 0.418631,	Delta[s](5) = 0.383219,	Delta[s](6) = 0.334538,	Delta[s](7) = 0.383219,	Delta[s](8) = 0.383219,	Delta[s](9) = 0.334538,	Delta[s](10) = 0.291852,	Delta[s](11) = 0.334538,	Delta[s](12) = 0.418631,	Delta[s](13) = 0.383219,	Delta[s](14) = 0.334538,	Delta[s](15) = 0.383219,	Delta[d](0) = 0.168205,	Delta[d](1) = 0.149303,	Delta[d](2) = 0.165495,	Delta[d](3) = 0.149303,	Delta[d](4) = 0.149303,	Delta[d](5) = 0.100871,	Delta[d](6) = 0.112883,	Delta[d](7) = 0.100871,	Delta[d](8) = 0.165495,	Delta[d](9) = 0.112883,	Delta[d](10) = 0.033405,	Delta[d](11) = 0.112883,	Delta[d](12) = 0.149303,	Delta[d](13) = 0.100871,	Delta[d](14) = 0.112883,	Delta[d](15) = 0.100871,	Delta[s+](0) = 0.342015,	Delta[s+](1) = 0.264858,	Delta[s+](2) = 0.165495,	Delta[s+](3) = 0.264858,	Delta[s+](4) = 0.264858,	Delta[s+](5) = 0.165495,	Delta[s+](6) = 0.0649479,	Delta[s+](7) = 0.165495,	Delta[s+](8) = 0.165495,	Delta[s+](9) = 0.0649479,	Delta[s+](10) = 0.0194881,	Delta[s+](11) = 0.0649479,	Delta[s+](12) = 0.264858,	Delta[s+](13) = 0.165495,	Delta[s+](14) = 0.0649479,	Delta[s+](15) = 0.165495
The 0-th iteration is completed.	|| time cost : 0h 8m 13.47s
********************************************************************************************************************
Start the 1 rounds of NGS-ED iteration
	effective electronic model is modified as: kinetic energy t = 0.860903
	                                           effective interaction Vq = [-2.00003,-1.75451,-1.63937,-1.75451,-1.75451,-1.63937,-1.65008,-1.63937,-1.63937,-1.65008,-1.99664,-1.65008,-1.75451,-1.63937,-1.65008,-1.63937]
	PARPACK diagonalization completed after 30 matrix-vector product operations.
	iteration results: : total energy is -66.604798 | electron energy -66.748626 + phonon energy 0.143828 | electron momentum kIdx = 0
The 1-th iteration is completed.	|| time cost : 0h 0m 20.594s
********************************************************************************************************************
Start the 2 rounds of NGS-ED iteration
	effective electronic model is modified as: kinetic energy t = 0.860876
	                                           effective interaction Vq = [-2.00003,-1.75469,-1.63949,-1.75469,-1.75469,-1.63949,-1.65023,-1.63949,-1.63949,-1.65023,-1.99664,-1.65023,-1.75469,-1.63949,-1.65023,-1.63949]
	PARPACK diagonalization completed after 30 matrix-vector product operations.
	iteration results: : total energy is -66.604798 | electron energy -66.748660 + phonon energy 0.143862 | electron momentum kIdx = 0
The 2-th iteration is completed.	|| time cost : 0h 0m 21.263s
********************************************************************************************************************
Start the 3 rounds of NGS-ED iteration
	effective electronic model is modified as: kinetic energy t = 0.86086
	                                           effective interaction Vq = [-2.00003, -1.7548,-1.63956, -1.7548, -1.7548,-1.63956,-1.65032,-1.63956,-1.63956,-1.65032,-1.99663,-1.65032, -1.7548,-1.63956,-1.65032,-1.63956]
	PARPACK diagonalization completed after 30 matrix-vector product operations.
	iteration results: : total energy is -66.604799 | electron energy -66.748688 + phonon energy 0.143889 | electron momentum kIdx = 0
The 3-th iteration is completed.	|| time cost : 0h 0m 20.512s
********************************************************************************************************************
Start the 4 rounds of NGS-ED iteration
	effective electronic model is modified as: kinetic energy t = 0.860849
	                                           effective interaction Vq = [-2.00003,-1.75487, -1.6396,-1.75487,-1.75487, -1.6396,-1.65038, -1.6396, -1.6396,-1.65038,-1.99663,-1.65038,-1.75487, -1.6396,-1.65038, -1.6396]
	PARPACK diagonalization completed after 30 matrix-vector product operations.
	iteration results: : total energy is -66.604799 | electron energy -66.748708 + phonon energy 0.143909 | electron momentum kIdx = 0
The 4-th iteration is completed.	|| time cost : 0h 0m 20.552s
********************************************************************************************************************
Start the 5 rounds of NGS-ED iteration
	effective electronic model is modified as: kinetic energy t = 0.860843
	                                           effective interaction Vq = [-2.00003,-1.75492,-1.63963,-1.75492,-1.75492,-1.63963,-1.65042,-1.63963,-1.63963,-1.65042,-1.99663,-1.65042,-1.75492,-1.63963,-1.65042,-1.63963]
	PARPACK diagonalization completed after 30 matrix-vector product operations.
	iteration results: : total energy is -66.604799 | electron energy -66.748721 + phonon energy 0.143922 | electron momentum kIdx = 0
The 5-th iteration is completed.	|| time cost : 0h 0m 20.56s
********************************************************************************************************************
Start the 6 rounds of NGS-ED iteration
	effective electronic model is modified as: kinetic energy t = 0.860839
	                                           effective interaction Vq = [-2.00003,-1.75494,-1.63965,-1.75494,-1.75494,-1.63965,-1.65045,-1.63965,-1.63965,-1.65045,-1.99663,-1.65045,-1.75494,-1.63965,-1.65045,-1.63965]
	PARPACK diagonalization completed after 30 matrix-vector product operations.
	iteration results: : total energy is -66.604799 | electron energy -66.748730 + phonon energy 0.143931 | electron momentum kIdx = 0
The 6-th iteration is completed.	|| time cost : 0h 0m 23.781s
********************************************************************************************************************
Start the 7 rounds of NGS-ED iteration
	effective electronic model is modified as: kinetic energy t = 0.860836
	                                           effective interaction Vq = [-2.00003,-1.75496,-1.63966,-1.75496,-1.75496,-1.63966,-1.65047,-1.63966,-1.63966,-1.65047,-1.99663,-1.65047,-1.75496,-1.63966,-1.65047,-1.63966]
	PARPACK diagonalization completed after 30 matrix-vector product operations.
	iteration results: : total energy is -66.604799 | electron energy -66.748736 + phonon energy 0.143937 | electron momentum kIdx = 0
The 7-th iteration is completed.	|| time cost : 0h 0m 20.597s
********************************************************************************************************************
Start the 8 rounds of NGS-ED iteration
	effective electronic model is modified as: kinetic energy t = 0.860834
	                                           effective interaction Vq = [-2.00003,-1.75497,-1.63967,-1.75497,-1.75497,-1.63967,-1.65048,-1.63967,-1.63967,-1.65048,-1.99663,-1.65048,-1.75497,-1.63967,-1.65048,-1.63967]
	PARPACK diagonalization completed after 30 matrix-vector product operations.
	iteration results: : total energy is -66.604799 | electron energy -66.748739 + phonon energy 0.143941 | electron momentum kIdx = 0
The 8-th iteration is completed.	|| time cost : 0h 0m 20.529s
********************************************************************************************************************
Start the 9 rounds of NGS-ED iteration
	effective electronic model is modified as: kinetic energy t = 0.860833
	                                           effective interaction Vq = [-2.00003,-1.75498,-1.63968,-1.75498,-1.75498,-1.63968,-1.65048,-1.63968,-1.63968,-1.65048,-1.99663,-1.65048,-1.75498,-1.63968,-1.65048,-1.63968]
	PARPACK diagonalization completed after 30 matrix-vector product operations.
	iteration results: : total energy is -66.604799 | electron energy -66.748742 + phonon energy 0.143943 | electron momentum kIdx = 0
The 9-th iteration is completed.	|| time cost : 0h 0m 20.597s
********************************************************************************************************************
Start the 10 rounds of NGS-ED iteration
	effective electronic model is modified as: kinetic energy t = 0.860832
	                                           effective interaction Vq = [-2.00003,-1.75499,-1.63968,-1.75499,-1.75499,-1.63968,-1.65049,-1.63968,-1.63968,-1.65049,-1.99663,-1.65049,-1.75499,-1.63968,-1.65049,-1.63968]
	PARPACK diagonalization completed after 30 matrix-vector product operations.
	iteration results: : total energy is -66.604799 | electron energy -66.748743 + phonon energy 0.143945 | electron momentum kIdx = 0
	Nq(0) = 16,	Nq(1) = 0.199118,	Nq(2) = 0.285178,	Nq(3) = 0.199118,	Nq(4) = 0.199118,	Nq(5) = 0.285178,	Nq(6) = 0.427316,	Nq(7) = 0.285178,	Nq(8) = 0.285178,	Nq(9) = 0.427316,	Nq(10) = 8.0464,	Nq(11) = 0.427316,	Nq(12) = 0.199118,	Nq(13) = 0.285178,	Nq(14) = 0.427316,	Nq(15) = 0.285178,	Sq(0) = -2.17567e-18,	Sq(1) = 0.15782,	Sq(2) = 0.234473,	Sq(3) = 0.15782,	Sq(4) = 0.15782,	Sq(5) = 0.234473,	Sq(6) = 0.325434,	Sq(7) = 0.234473,	Sq(8) = 0.234473,	Sq(9) = 0.325434,	Sq(10) = 0.396939,	Sq(11) = 0.325434,	Sq(12) = 0.15782,	Sq(13) = 0.234473,	Sq(14) = 0.325434,	Sq(15) = 0.234473,	N(0) = 1.93546,	N(1) = 1.82387,	N(2) = 1,	N(3) = 1.82387,	N(4) = 1.82387,	N(5) = 1,	N(6) = 0.176129,	N(7) = 1,	N(8) = 1,	N(9) = 0.176129,	N(10) = 0.0645351,	N(11) = 0.176129,	N(12) = 1.82387,	N(13) = 1,	N(14) = 0.176129,	N(15) = 1,	Delta[s](0) = 0.528151,	Delta[s](1) = 0.418611,	Delta[s](2) = 0.3832,	Delta[s](3) = 0.418611,	Delta[s](4) = 0.418611,	Delta[s](5) = 0.3832,	Delta[s](6) = 0.334503,	Delta[s](7) = 0.3832,	Delta[s](8) = 0.3832,	Delta[s](9) = 0.334503,	Delta[s](10) = 0.291795,	Delta[s](11) = 0.334503,	Delta[s](12) = 0.418611,	Delta[s](13) = 0.3832,	Delta[s](14) = 0.334503,	Delta[s](15) = 0.3832,	Delta[d](0) = 0.16826,	Delta[d](1) = 0.149359,	Delta[d](2) = 0.165533,	Delta[d](3) = 0.149359,	Delta[d](4) = 0.149359,	Delta[d](5) = 0.10092,	Delta[d](6) = 0.112941,	Delta[d](7) = 0.10092,	Delta[d](8) = 0.165533,	Delta[d](9) = 0.112941,	Delta[d](10) = 0.0334485,	Delta[d](11) = 0.112941,	Delta[d](12) = 0.149359,	Delta[d](13) = 0.10092,	Delta[d](14) = 0.112941,	Delta[d](15) = 0.10092,	Delta[s+](0) = 0.342033,	Delta[s+](1) = 0.264895,	Delta[s+](2) = 0.165533,	Delta[s+](3) = 0.264895,	Delta[s+](4) = 0.264895,	Delta[s+](5) = 0.165533,	Delta[s+](6) = 0.0649832,	Delta[s+](7) = 0.165533,	Delta[s+](8) = 0.165533,	Delta[s+](9) = 0.0649832,	Delta[s+](10) = 0.019511,	Delta[s+](11) = 0.0649832,	Delta[s+](12) = 0.264895,	Delta[s+](13) = 0.165533,	Delta[s+](14) = 0.0649832,	Delta[s+](15) = 0.165533
The 10-th iteration is completed.	|| time cost : 0h 3m 42.667s
********************************************************************************************************************
Start the 11 rounds of NGS-ED iteration
	effective electronic model is modified as: kinetic energy t = 0.860832
	                                           effective interaction Vq = [-2.00003,-1.75499,-1.63968,-1.75499,-1.75499,-1.63968,-1.65049,-1.63968,-1.63968,-1.65049,-1.99663,-1.65049,-1.75499,-1.63968,-1.65049,-1.63968]
	PARPACK diagonalization completed after 30 matrix-vector product operations.
	iteration results: : total energy is -66.604799 | electron energy -66.748744 + phonon energy 0.143946 | electron momentum kIdx = 0
The 11-th iteration is completed.	|| time cost : 0h 0m 20.609s
********************************************************************************************************************
Start the 12 rounds of NGS-ED iteration
	effective electronic model is modified as: kinetic energy t = 0.860831
	                                           effective interaction Vq = [-2.00003,-1.75499,-1.63968,-1.75499,-1.75499,-1.63968,-1.65049,-1.63968,-1.63968,-1.65049,-1.99663,-1.65049,-1.75499,-1.63968,-1.65049,-1.63968]
	PARPACK diagonalization completed after 30 matrix-vector product operations.
	iteration results: : total energy is -66.604799 | electron energy -66.748745 + phonon energy 0.143946 | electron momentum kIdx = 0
The 12-th iteration is completed.	|| time cost : 0h 0m 20.545s
********************************************************************************************************************
Start the 13 rounds of NGS-ED iteration
	effective electronic model is modified as: kinetic energy t = 0.860831
	                                           effective interaction Vq = [-2.00003,-1.75499,-1.63968,-1.75499,-1.75499,-1.63968,-1.65049,-1.63968,-1.63968,-1.65049,-1.99663,-1.65049,-1.75499,-1.63968,-1.65049,-1.63968]
	PARPACK diagonalization completed after 30 matrix-vector product operations.
	iteration results: : total energy is -66.604799 | electron energy -66.748745 + phonon energy 0.143947 | electron momentum kIdx = 0
The 13-th iteration is completed.	|| time cost : 0h 0m 20.555s
********************************************************************************************************************
Start the 14 rounds of NGS-ED iteration
	effective electronic model is modified as: kinetic energy t = 0.860831
	                                           effective interaction Vq = [-2.00003,-1.75499,-1.63968,-1.75499,-1.75499,-1.63968,-1.65049,-1.63968,-1.63968,-1.65049,-1.99663,-1.65049,-1.75499,-1.63968,-1.65049,-1.63968]
	PARPACK diagonalization completed after 30 matrix-vector product operations.
	iteration results: : total energy is -66.604799 | electron energy -66.748746 + phonon energy 0.143947 | electron momentum kIdx = 0
The 14-th iteration is completed.	|| time cost : 0h 0m 20.557s
********************************************************************************************************************
Start the 15 rounds of NGS-ED iteration
	effective electronic model is modified as: kinetic energy t = 0.860831
	                                           effective interaction Vq = [-2.00003,-1.75499,-1.63969,-1.75499,-1.75499,-1.63969, -1.6505,-1.63969,-1.63969, -1.6505,-1.99663, -1.6505,-1.75499,-1.63969, -1.6505,-1.63969]
	PARPACK diagonalization completed after 30 matrix-vector product operations.
	iteration results: : total energy is -66.604799 | electron energy -66.748746 + phonon energy 0.143947 | electron momentum kIdx = 0
	Nq(0) = 16,	Nq(1) = 0.199119,	Nq(2) = 0.285179,	Nq(3) = 0.199119,	Nq(4) = 0.199119,	Nq(5) = 0.285179,	Nq(6) = 0.427319,	Nq(7) = 0.285179,	Nq(8) = 0.285179,	Nq(9) = 0.427319,	Nq(10) = 8.04637,	Nq(11) = 0.427319,	Nq(12) = 0.199119,	Nq(13) = 0.285179,	Nq(14) = 0.427319,	Nq(15) = 0.285179,	Sq(0) = -2.58623e-18,	Sq(1) = 0.157821,	Sq(2) = 0.234473,	Sq(3) = 0.157821,	Sq(4) = 0.157821,	Sq(5) = 0.234473,	Sq(6) = 0.325434,	Sq(7) = 0.234473,	Sq(8) = 0.234473,	Sq(9) = 0.325434,	Sq(10) = 0.396939,	Sq(11) = 0.325434,	Sq(12) = 0.157821,	Sq(13) = 0.234473,	Sq(14) = 0.325434,	Sq(15) = 0.234473,	N(0) = 1.93547,	N(1) = 1.82387,	N(2) = 1,	N(3) = 1.82387,	N(4) = 1.82387,	N(5) = 1,	N(6) = 0.176128,	N(7) = 1,	N(8) = 1,	N(9) = 0.176128,	N(10) = 0.0645349,	N(11) = 0.176128,	N(12) = 1.82387,	N(13) = 1,	N(14) = 0.176128,	N(15) = 1,	Delta[s](0) = 0.528152,	Delta[s](1) = 0.418611,	Delta[s](2) = 0.3832,	Delta[s](3) = 0.418611,	Delta[s](4) = 0.418611,	Delta[s](5) = 0.3832,	Delta[s](6) = 0.334502,	Delta[s](7) = 0.3832,	Delta[s](8) = 0.3832,	Delta[s](9) = 0.334502,	Delta[s](10) = 0.291795,	Delta[s](11) = 0.334502,	Delta[s](12) = 0.418611,	Delta[s](13) = 0.3832,	Delta[s](14) = 0.334502,	Delta[s](15) = 0.3832,	Delta[d](0) = 0.168261,	Delta[d](1) = 0.149359,	Delta[d](2) = 0.165534,	Delta[d](3) = 0.149359,	Delta[d](4) = 0.149359,	Delta[d](5) = 0.100921,	Delta[d](6) = 0.112942,	Delta[d](7) = 0.100921,	Delta[d](8) = 0.165534,	Delta[d](9) = 0.112942,	Delta[d](10) = 0.033449,	Delta[d](11) = 0.112942,	Delta[d](12) = 0.149359,	Delta[d](13) = 0.100921,	Delta[d](14) = 0.112942,	Delta[d](15) = 0.100921,	Delta[s+](0) = 0.342034,	Delta[s+](1) = 0.264896,	Delta[s+](2) = 0.165534,	Delta[s+](3) = 0.264896,	Delta[s+](4) = 0.264896,	Delta[s+](5) = 0.165534,	Delta[s+](6) = 0.0649836,	Delta[s+](7) = 0.165534,	Delta[s+](8) = 0.165534,	Delta[s+](9) = 0.0649836,	Delta[s+](10) = 0.0195112,	Delta[s+](11) = 0.0649836,	Delta[s+](12) = 0.264896,	Delta[s+](13) = 0.165534,	Delta[s+](14) = 0.0649836,	Delta[s+](15) = 0.165534
The 15-th iteration is completed.	|| time cost : 0h 3m 52.797s
********************************************************************************************************************
********************************************************************************************************************
Ground state is obtained after 16 iterations. The current ground-state energy is -66.6048, in which electron energy is -66.7487 and phonon energy is 0.143947
final variational state is: 
	Gamma_x = [      1, 1.0369,1.05729, 1.0369, 1.0369,1.05729,1.08662,1.05729,1.05729,1.08662,1.28614,1.08662, 1.0369,1.05729,1.08662,1.05729]
	lambda_q = [ 0.63246,0.411085,0.364004,0.411085,0.411085,0.364004,0.368061,0.364004,0.364004,0.368061,  0.6064,0.368061,0.411085,0.364004,0.368061,0.364004]
********************************************************************************************************************
o___o  ----------------------------------------
| L |	Time since last clock: 0h 0m 0s
A===A	Time since the beginning: 0h 20m 20.192s
***********************************************


Non-Gaussina ED ground state calculation is completed. The final ground-state energy is -66.6048
********************************************************************************************************************
o___o  ----------------------------------------
| L |	Time since last clock: 0h 0m 0.011s
A===A	Time since the beginning: 0h 20m 20.203s
***********************************************



********************************************************************************************************************
All non-Gaussian ED ground state calculations have been completed. Exit now.
TACC:  Shutdown complete. Exiting. 
