SNEDics v3.21.4 Non-Gaussian ED ground state program		Start at Tue Jul 27 08:53:43 2021

parallized on 32 MPI threads  * 8 OpenMP threads = 256 total threads.
********************************************************************************************************************
********************************************************************************************************************

********************************************************************************************************************
System parameters and configurations
	special program options are enabled: splitted diagonal Hamiltonian | splitted Hamiltonian terms
********************************************************************************************************************
Read input file "model_params.in"
	Hubbard-Holstein model parameters : 	t = 1    U = 8    g = 0.13    W = 0.2    g' = 0.04    
********************************************************************************************************************
Read input file "hilbertspace_params.in"
	Requested 16-site 2D lattice, with 12 electrons (6, 6)
	Boundary : Periodic		Hilbert space representation : momentum-space (restricted to kIdx = 0)
	Conservation: particle number[U(1)]      spin[U(1)]     momentum
********************************************************************************************************************

Cluster Positions:				Cluster symmetry group : D4
 x ... x ... x ... x .....                       x ... x ... x ... x .....
 |           |           :                       |           |           :
 |           |           :                       |           |           :
12    13    14    15     x                       1     5     6     5     x
 |           |           :                       |           |           :
 |           |           :                       |           |           :
 8 --- 9 ---10 ---11 --- x                       2 --- 6 ---10 --- 6 --- x
 |           |           :                       |           |           :
 |           |           :                       |           |           :
 4     5     6     7     x                       1     5     6     5     x
 |           |           :                       |           |           :
 |           |           :                       |           |           :
 0 --- 1 --- 2 --- 3 --- x                       0 --- 1 --- 2 --- 1 --- x
orbital number : 1
********************************************************************************************************************
Read input file "obs_params.in"
	Observable Type : Nq(All),   Sq(All),   N(All),   Delta[s](All),   Delta[d](All),   Delta[s+](All)
** WARNING ** the input observables have non-local factors which have been reinterpreted. The total observable number is 96
********************************************************************************************************************


********************************************************************************************************************
Start calculating the non-Gaussian ED ground state
Maximal iteration number is 1000; energy resolution is 1e-06. Phonon state relaxation time is 2000
W = 0.2 is relatively large. The non-Gaussian ED calculation starts directly.
open output files: NGSED_iteration_obserbles.txt
********************************************************************************************************************
Start the 0 rounds of NGS-ED iteration
	effective electronic model is modified as: kinetic energy t = 1
	                                           effective interaction Vq = [0,0,0,0,0,0,0,0,0,0,0,0,0,0,0,0]
	first Hamiltonian is constructed, size = 4008592 and non-zero numbers = 969134044
	PARPACK diagonalization completed after 150 matrix-vector product operations.
	iteration results: : total energy is -14.925310 | electron energy -14.925310 + phonon energy 0.000000 | electron momentum kIdx = 0
	Nq(0) = 9,	Nq(1) = 0.191675,	Nq(2) = 0.266183,	Nq(3) = 0.191675,	Nq(4) = 0.191675,	Nq(5) = 0.245517,	
	Nq(6) = 0.314107,	Nq(7) = 0.245517,	Nq(8) = 0.266183,	Nq(9) = 0.314107,	Nq(10) = 0.369338,	
	Nq(11) = 0.314107,	Nq(12) = 0.191675,	Nq(13) = 0.245517,	Nq(14) = 0.314107,	Nq(15) = 0.245517;	
	Sq(0) = 3.02743e-18,	Sq(1) = 0.554662,	Sq(2) = 0.424361,	Sq(3) = 0.554662,	Sq(4) = 0.554662,	
	Sq(5) = 0.79749,	Sq(6) = 1.01287,	Sq(7) = 0.79749,	Sq(8) = 0.424361,	Sq(9) = 1.01287,	
	Sq(10) = 0.784303,	Sq(11) = 1.01287,	Sq(12) = 0.554662,	Sq(13) = 0.79749,	Sq(14) = 1.01287,	
	Sq(15) = 0.79749;	N(0) = 1.76735,	N(1) = 1.6264,	N(2) = 0.74365,	N(3) = 1.6264,	
	N(4) = 1.6264,	N(5) = 0.392302,	N(6) = 0.144321,	N(7) = 0.392302,	N(8) = 0.74365,	
	N(9) = 0.144321,	N(10) = 0.0932732,	N(11) = 0.144321,	N(12) = 1.6264,	N(13) = 0.392302,	
	N(14) = 0.144321,	N(15) = 0.392302;	Delta[s](0) = 0.0657139,	Delta[s](1) = 0.0453825,	Delta[s](2) = 0.0303956,	
	Delta[s](3) = 0.0453825,	Delta[s](4) = 0.0453825,	Delta[s](5) = 0.027096,	Delta[s](6) = 0.00923893,	Delta[s](7) = 0.027096,	
	Delta[s](8) = 0.0303956,	Delta[s](9) = 0.00923893,	Delta[s](10) = 7.51274e-05,	Delta[s](11) = 0.00923893,	Delta[s](12) = 0.0453825,	
	Delta[s](13) = 0.027096,	Delta[s](14) = 0.00923893,	Delta[s](15) = 0.027096;	Delta[d](0) = 0.229438,	Delta[d](1) = 0.180063,	
	Delta[d](2) = 0.222243,	Delta[d](3) = 0.180063,	Delta[d](4) = 0.180063,	Delta[d](5) = 0.12299,	Delta[d](6) = 0.150462,	
	Delta[d](7) = 0.12299,	Delta[d](8) = 0.222243,	Delta[d](9) = 0.150462,	Delta[d](10) = 0.0767734,	Delta[d](11) = 0.150462,	
	Delta[d](12) = 0.180063,	Delta[d](13) = 0.12299,	Delta[d](14) = 0.150462,	Delta[d](15) = 0.12299;	Delta[s+](0) = 0.529638,	
	Delta[s+](1) = 0.361193,	Delta[s+](2) = 0.222243,	Delta[s+](3) = 0.361193,	Delta[s+](4) = 0.361193,	Delta[s+](5) = 0.177134,	
	Delta[s+](6) = 0.0626402,	Delta[s+](7) = 0.177134,	Delta[s+](8) = 0.222243,	Delta[s+](9) = 0.0626402,	Delta[s+](10) = 0.0156811,	
	Delta[s+](11) = 0.0626402,	Delta[s+](12) = 0.361193,	Delta[s+](13) = 0.177134,	Delta[s+](14) = 0.0626402,	Delta[s+](15) = 0.177134
	
The 0-th iteration is completed.	|| time cost : 0h 2m 2.731s
********************************************************************************************************************
Start the 1 rounds of NGS-ED iteration
	effective electronic model is modified as: kinetic energy t = 0.999148
	                                           effective interaction Vq = [     -0.4205,  -0.0271347, -0.00732631,  -0.0271347,  -0.0271347, -0.00678352,-0.000858054, -0.00678352, -0.00732631,-0.000858054,-0.000273881,-0.000858054,  -0.0271347, -0.00678352,-0.000858054, -0.00678352]
	PARPACK diagonalization completed after 45 matrix-vector product operations.
	iteration results: : total energy is -18.726421 | electron energy -18.726570 + phonon energy 0.000149 | electron momentum kIdx = 0
The 1-th iteration is completed.	|| time cost : 0h 1m 18.349s
********************************************************************************************************************
Start the 2 rounds of NGS-ED iteration
	effective electronic model is modified as: kinetic energy t = 0.999145
	                                           effective interaction Vq = [     -0.4205,  -0.0272025, -0.00732337,  -0.0272025,  -0.0272025, -0.00678219,-0.000857362, -0.00678219, -0.00732337,-0.000857362,-0.000273702,-0.000857362,  -0.0272025, -0.00678219,-0.000857362, -0.00678219]
	PARPACK diagonalization completed after 30 matrix-vector product operations.
	iteration results: : total energy is -18.726421 | electron energy -18.726571 + phonon energy 0.000151 | electron momentum kIdx = 0
The 2-th iteration is completed.	|| time cost : 0h 0m 9.677s
********************************************************************************************************************
Start the 3 rounds of NGS-ED iteration
	effective electronic model is modified as: kinetic energy t = 0.999145
	                                           effective interaction Vq = [     -0.4205,  -0.0272027, -0.00732335,  -0.0272027,  -0.0272027, -0.00678218,-0.000857361, -0.00678218, -0.00732335,-0.000857361,-0.000273702,-0.000857361,  -0.0272027, -0.00678218,-0.000857361, -0.00678218]
	PARPACK diagonalization completed after 30 matrix-vector product operations.
	iteration results: : total energy is -18.726421 | electron energy -18.726571 + phonon energy 0.000151 | electron momentum kIdx = 0
The 3-th iteration is completed.	|| time cost : 0h 0m 9.684s
********************************************************************************************************************
Start the 4 rounds of NGS-ED iteration
	effective electronic model is modified as: kinetic energy t = 0.999145
	                                           effective interaction Vq = [     -0.4205,  -0.0272027, -0.00732335,  -0.0272027,  -0.0272027, -0.00678218,-0.000857361, -0.00678218, -0.00732335,-0.000857361,-0.000273702,-0.000857361,  -0.0272027, -0.00678218,-0.000857361, -0.00678218]
	PARPACK diagonalization completed after 30 matrix-vector product operations.
	iteration results: : total energy is -18.726421 | electron energy -18.726571 + phonon energy 0.000151 | electron momentum kIdx = 0
	Nq(0) = 9,	Nq(1) = 0.192244,	Nq(2) = 0.266159,	Nq(3) = 0.192244,	Nq(4) = 0.192244,	Nq(5) = 0.245548,	
	Nq(6) = 0.313945,	Nq(7) = 0.245548,	Nq(8) = 0.266159,	Nq(9) = 0.313945,	Nq(10) = 0.369209,	
	Nq(11) = 0.313945,	Nq(12) = 0.192244,	Nq(13) = 0.245548,	Nq(14) = 0.313945,	Nq(15) = 0.245548;	
	Sq(0) = 4.67212e-19,	Sq(1) = 0.554383,	Sq(2) = 0.42442,	Sq(3) = 0.554383,	Sq(4) = 0.554383,	
	Sq(5) = 0.79726,	Sq(6) = 1.0128,	Sq(7) = 0.79726,	Sq(8) = 0.42442,	Sq(9) = 1.0128,	
	Sq(10) = 0.784923,	Sq(11) = 1.0128,	Sq(12) = 0.554383,	Sq(13) = 0.79726,	Sq(14) = 1.0128,	
	Sq(15) = 0.79726;	N(0) = 1.76765,	N(1) = 1.62704,	N(2) = 0.743365,	N(3) = 1.62704,	
	N(4) = 1.62704,	N(5) = 0.391765,	N(6) = 0.144248,	N(7) = 0.391765,	N(8) = 0.743365,	
	N(9) = 0.144248,	N(10) = 0.0934277,	N(11) = 0.144248,	N(12) = 1.62704,	N(13) = 0.391765,	
	N(14) = 0.144248,	N(15) = 0.391765;	Delta[s](0) = 0.0658263,	Delta[s](1) = 0.0454577,	Delta[s](2) = 0.0304606,	
	Delta[s](3) = 0.0454577,	Delta[s](4) = 0.0454577,	Delta[s](5) = 0.0271485,	Delta[s](6) = 0.00924753,	Delta[s](7) = 0.0271485,	
	Delta[s](8) = 0.0304606,	Delta[s](9) = 0.00924753,	Delta[s](10) = 7.5473e-05,	Delta[s](11) = 0.00924753,	Delta[s](12) = 0.0454577,	
	Delta[s](13) = 0.0271485,	Delta[s](14) = 0.00924753,	Delta[s](15) = 0.0271485;	Delta[d](0) = 0.2296,	Delta[d](1) = 0.180177,	
	Delta[d](2) = 0.222331,	Delta[d](3) = 0.180177,	Delta[d](4) = 0.180177,	Delta[d](5) = 0.122997,	Delta[d](6) = 0.150495,	
	Delta[d](7) = 0.122997,	Delta[d](8) = 0.222331,	Delta[d](9) = 0.150495,	Delta[d](10) = 0.0765656,	Delta[d](11) = 0.150495,	
	Delta[d](12) = 0.180177,	Delta[d](13) = 0.122997,	Delta[d](14) = 0.150495,	Delta[d](15) = 0.122997;	Delta[s+](0) = 0.529936,	
	Delta[s+](1) = 0.361372,	Delta[s+](2) = 0.222331,	Delta[s+](3) = 0.361372,	Delta[s+](4) = 0.361372,	Delta[s+](5) = 0.177181,	
	Delta[s+](6) = 0.0626285,	Delta[s+](7) = 0.177181,	Delta[s+](8) = 0.222331,	Delta[s+](9) = 0.0626285,	Delta[s+](10) = 0.0156908,	
	Delta[s+](11) = 0.0626285,	Delta[s+](12) = 0.361372,	Delta[s+](13) = 0.177181,	Delta[s+](14) = 0.0626285,	Delta[s+](15) = 0.177181
	
The 4-th iteration is completed.	|| time cost : 0h 1m 19.42s
********************************************************************************************************************
********************************************************************************************************************
Ground state is obtained after 5 iterations. The current ground-state energy is -18.7264, in which electron energy is -18.7266 and phonon energy is 0.000150597
Final variational state is: 
	Gamma_x = [      1,1.02561,1.00957,1.02561,1.02561,1.00819,1.00132,1.00819,1.00957,1.00132, 1.0005,1.00132,1.02561,1.00819,1.00132,1.00819]
	lambda_q = [       1.45,  0.0668996,   0.028805,  0.0668996,  0.0668996,  0.0266309, 0.00872589,  0.0266309,   0.028805, 0.00872589,-0.00463326, 0.00872589,  0.0668996,  0.0266309, 0.00872589,  0.0266309]
Effective e-e interactions mediated by phonons are:
	momentum-space Vq = [     -0.4205,  -0.0272027, -0.00732335,  -0.0272027,  -0.0272027, -0.00678218,-0.000857361, -0.00678218, -0.00732335,-0.000857361,-0.000273702,-0.000857361,  -0.0272027, -0.00678218,-0.000857361, -0.00678218]
	real-space Vr = [-0.0359243,-0.0295573,-0.0255182,-0.0295573,-0.0295573,-0.0253829, -0.022971,-0.0253829,-0.0255182, -0.022971,-0.0218943, -0.022971,-0.0295573,-0.0253829, -0.022971,-0.0253829]
********************************************************************************************************************
o___o  ----------------------------------------
| L |	Time since last clock: 0h 0m 0.01s
A===A	Time since the beginning: 0h 4m 59.873s
***********************************************


Non-Gaussina ED ground state calculation is completed. The final ground-state energy is -18.7264
********************************************************************************************************************
o___o  ----------------------------------------
| L |	Time since last clock: 0h 0m 0.004s
A===A	Time since the beginning: 0h 4m 59.877s
***********************************************



********************************************************************************************************************
All non-Gaussian ED ground state calculations have been completed. Exit now.
