SNEDics v3.22.2 Non-Gaussian ED ground state program		Start at Tue Apr 19 20:52:38 2022

Parallelization: 32 MPI threads  * 8 OpenMP threads = 256 total threads.
********************************************************************************************************************
********************************************************************************************************************

********************************************************************************************************************
System parameters and configurations
	special program options are enabled: splitted diagonal Hamiltonian | splitted Hamiltonian terms
********************************************************************************************************************
Read input file "model_params.in"
	Hubbard-Holstein model parameters : 	t = 1    U = 8    g = 0.15    W = 0.2    g' = 0.55    
********************************************************************************************************************
Read input file "hilbertspace_params.in"
	Requested 16-site 2D lattice, with 8 electrons (4, 4)
	Boundary : Periodic		Hilbert space representation : momentum-space (restricted to kIdx = 10)
	Conservation: particle number[U(1)]      spin[U(1)]     momentum
********************************************************************************************************************

Cluster Positions:				Cluster symmetry group : D4
 x ... x ... x ... x .....                       x ... x ... x ... x .....
 |           |           :                       |           |           :
 |           |           :                       |           |           :
12    13    14    15     x                       1     5     6     5     x
 |           |           :                       |           |           :
 |           |           :                       |           |           :
 8 --- 9 ---10 ---11 --- x                       2 --- 6 ---10 --- 6 --- x
 |           |           :                       |           |           :
 |           |           :                       |           |           :
 4     5     6     7     x                       1     5     6     5     x
 |           |           :                       |           |           :
 |           |           :                       |           |           :
 0 --- 1 --- 2 --- 3 --- x                       0 --- 1 --- 2 --- 1 --- x
orbital number : 1
********************************************************************************************************************
Read input file "obs_params.in"
	Observable Type : Nq(All),   Sq(All),   N(All-Orbital),   Delta[s](All),   Delta[d](All),   Delta[s+](All)
** WARNING ** the input observables have non-local factors which have been reinterpreted. The total observable number is 96
********************************************************************************************************************


********************************************************************************************************************
Start calculating the non-Gaussian ED ground state
Maximal iteration number is 1000; energy resolution is 1e-06. Phonon state relaxation time is 2000
W = 0.2 is relatively large. The non-Gaussian ED calculation starts directly.
open output files: NGSED_iteration_observables.txt
********************************************************************************************************************
Start the 0 rounds of NGS-ED iteration
	effective electronic model is modified as: kinetic energy t = 1
	                                           effective interaction Vq = [0,0,0,0,0,0,0,0,0,0,0,0,0,0,0,0]
	first Hamiltonian is constructed, size = 207168 and non-zero numbers = 32194784
	PARPACK diagonalization completed after 225 matrix-vector product operations.
	iteration results: : total energy is -14.228491 | electron energy -14.228491 + phonon energy 0.000000 | electron momentum kIdx = 10
	Nq(0) = 4,	Nq(1) = 0.1929,	Nq(2) = 0.241361,	Nq(3) = 0.1929,	Nq(4) = 0.1929,	Nq(5) = 0.2635,	
	Nq(6) = 0.343209,	Nq(7) = 0.2635,	Nq(8) = 0.241361,	Nq(9) = 0.343209,	Nq(10) = 0.497356,	
	Nq(11) = 0.343209,	Nq(12) = 0.1929,	Nq(13) = 0.2635,	Nq(14) = 0.343209,	Nq(15) = 0.2635;	
	Sq(0) = 1.05048e-18,	Sq(1) = 0.540129,	Sq(2) = 0.425883,	Sq(3) = 0.540129,	Sq(4) = 0.540129,	
	Sq(5) = 0.44091,	Sq(6) = 0.633208,	Sq(7) = 0.44091,	Sq(8) = 0.425883,	Sq(9) = 0.633208,	
	Sq(10) = 0.512733,	Sq(11) = 0.633208,	Sq(12) = 0.540129,	Sq(13) = 0.44091,	Sq(14) = 0.633208,	
	Sq(15) = 0.44091;	N(0) = 1.39632,	N(1) = 1.19393,	N(2) = 0.182033,	N(3) = 1.19393,	
	N(4) = 1.19393,	N(5) = 0.343994,	N(6) = 0.0196952,	N(7) = 0.343994,	N(8) = 0.182033,	
	N(9) = 0.0196952,	N(10) = 0.00914957,	N(11) = 0.0196952,	N(12) = 1.19393,	N(13) = 0.343994,	
	N(14) = 0.0196952,	N(15) = 0.343994;	Delta[s](0) = 0.00727272,	Delta[s](1) = 0.00608233,	Delta[s](2) = 0.00502911,	
	Delta[s](3) = 0.00608233,	Delta[s](4) = 0.00608233,	Delta[s](5) = 0.00555181,	Delta[s](6) = 0.00505114,	Delta[s](7) = 0.00555181,	
	Delta[s](8) = 0.00502911,	Delta[s](9) = 0.00505114,	Delta[s](10) = 0.00518373,	Delta[s](11) = 0.00505114,	Delta[s](12) = 0.00608233,	
	Delta[s](13) = 0.00555181,	Delta[s](14) = 0.00505114,	Delta[s](15) = 0.00555181;	Delta[d](0) = 0.0318104,	Delta[d](1) = 0.0430158,	
	Delta[d](2) = 0.0472006,	Delta[d](3) = 0.0430158,	Delta[d](4) = 0.0430158,	Delta[d](5) = 0.0585547,	Delta[d](6) = 0.0560465,	
	Delta[d](7) = 0.0585547,	Delta[d](8) = 0.0472006,	Delta[d](9) = 0.0560465,	Delta[d](10) = 0.0449595,	Delta[d](11) = 0.0560465,	
	Delta[d](12) = 0.0430158,	Delta[d](13) = 0.0585547,	Delta[d](14) = 0.0560465,	Delta[d](15) = 0.0585547;	Delta[s+](0) = 0.136739,	
	Delta[s+](1) = 0.0983262,	Delta[s+](2) = 0.0472006,	Delta[s+](3) = 0.0983262,	Delta[s+](4) = 0.0983262,	Delta[s+](5) = 0.0682358,	
	Delta[s+](6) = 0.0341283,	Delta[s+](7) = 0.0682358,	Delta[s+](8) = 0.0472006,	Delta[s+](9) = 0.0341283,	Delta[s+](10) = 0.0229439,	
	Delta[s+](11) = 0.0341283,	Delta[s+](12) = 0.0983262,	Delta[s+](13) = 0.0682358,	Delta[s+](14) = 0.0341283,	Delta[s+](15) = 0.0682358
	
The 0-th iteration is completed.	|| time cost : 0h 0m 5.887s
********************************************************************************************************************
Start the 1 rounds of NGS-ED iteration
	effective electronic model is modified as: kinetic energy t = 0.564878
	                                           effective interaction Vq = [  -27.6125,  -6.07067,-0.0184104,  -6.07067,  -6.07067,-0.0199331,  -2.86259,-0.0199331,-0.0184104,  -2.86259,   -19.947,  -2.86259,  -6.07067,-0.0199331,  -2.86259,-0.0199331]
	PARPACK diagonalization completed after 165 matrix-vector product operations.
	iteration results: : total energy is -190.294528 | electron energy -194.309484 + phonon energy 4.014956 | electron momentum kIdx = 10
The 1-th iteration is completed.	|| time cost : 0h 0m 3.605s
********************************************************************************************************************
Start the 2 rounds of NGS-ED iteration
	effective electronic model is modified as: kinetic energy t = 2.56901e-12
	                                           effective interaction Vq = [-27.6125, -7.8125, -0.1125, -7.8125, -7.8125, -0.1125, -4.5125, -0.1125, -0.1125, -4.5125,-21.0125, -4.5125, -7.8125, -0.1125, -4.5125, -0.1125]
	PARPACK diagonalization completed after 30 matrix-vector product operations.
	iteration results: : total energy is -211.800000 | electron energy -211.800000 + phonon energy 0.000000 | electron momentum kIdx = 10
The 2-th iteration is completed.	|| time cost : 0h 0m 0.365s
********************************************************************************************************************
Start the 3 rounds of NGS-ED iteration
	effective electronic model is modified as: kinetic energy t = 2.56891e-12
	                                           effective interaction Vq = [-27.6125, -7.8125, -0.1125, -7.8125, -7.8125, -0.1125, -4.5125, -0.1125, -0.1125, -4.5125,-21.0125, -4.5125, -7.8125, -0.1125, -4.5125, -0.1125]
	PARPACK diagonalization completed after 30 matrix-vector product operations.
	iteration results: : total energy is -211.800000 | electron energy -211.800000 + phonon energy 0.000000 | electron momentum kIdx = 10
The 3-th iteration is completed.	|| time cost : 0h 0m 0.337s
********************************************************************************************************************
Start the 4 rounds of NGS-ED iteration
	effective electronic model is modified as: kinetic energy t = 2.56054e-12
	                                           effective interaction Vq = [ -27.6125,  -7.8125,  -0.1125,  -7.8125,  -7.8125,-0.112439,  -4.5125,  -0.1125,  -0.1125,  -4.5125, -21.0125,  -4.5125,  -7.8125,  -0.1125,  -4.5125,-0.112439]
	PARPACK diagonalization completed after 30 matrix-vector product operations.
	iteration results: : total energy is -211.800000 | electron energy -211.800000 + phonon energy 0.000000 | electron momentum kIdx = 10
The 4-th iteration is completed.	|| time cost : 0h 0m 0.347s
********************************************************************************************************************
Start the 5 rounds of NGS-ED iteration
	effective electronic model is modified as: kinetic energy t = 2.56927e-12
	                                           effective interaction Vq = [-27.6125, -7.8125, -0.1125, -7.8125, -7.8125, -0.1125, -4.5125, -0.1125, -0.1125, -4.5125,-21.0125, -4.5125, -7.8125, -0.1125, -4.5125, -0.1125]
	PARPACK diagonalization completed after 30 matrix-vector product operations.
	iteration results: : total energy is -211.800000 | electron energy -211.800000 + phonon energy 0.000000 | electron momentum kIdx = 10
The 5-th iteration is completed.	|| time cost : 0h 0m 0.333s
********************************************************************************************************************
Start the 6 rounds of NGS-ED iteration
	effective electronic model is modified as: kinetic energy t = 2.56944e-12
	                                           effective interaction Vq = [-27.6125, -7.8125, -0.1125, -7.8125, -7.8125, -0.1125, -4.5125, -0.1125, -0.1125, -4.5125,-21.0125, -4.5125, -7.8125, -0.1125, -4.5125, -0.1125]
	PARPACK diagonalization completed after 30 matrix-vector product operations.
	iteration results: : total energy is -211.800000 | electron energy -211.800000 + phonon energy 0.000000 | electron momentum kIdx = 10
The 6-th iteration is completed.	|| time cost : 0h 0m 0.342s
********************************************************************************************************************
Start the 7 rounds of NGS-ED iteration
	effective electronic model is modified as: kinetic energy t = 2.5686e-12
	                                           effective interaction Vq = [-27.6125, -7.8125, -0.1125, -7.8125, -7.8125, -0.1125, -4.5125, -0.1125, -0.1125, -4.5125,-21.0125, -4.5125, -7.8125, -0.1125, -4.5125, -0.1125]
	PARPACK diagonalization completed after 30 matrix-vector product operations.
	iteration results: : total energy is -211.800000 | electron energy -211.800000 + phonon energy 0.000000 | electron momentum kIdx = 10
The 7-th iteration is completed.	|| time cost : 0h 0m 0.337s
********************************************************************************************************************
Start the 8 rounds of NGS-ED iteration
	effective electronic model is modified as: kinetic energy t = 2.56824e-12
	                                           effective interaction Vq = [ -27.6125,  -7.8125,-0.112499,  -7.8125,  -7.8125,  -0.1125,  -4.5125,  -0.1125,  -0.1125,  -4.5125, -21.0125,  -4.5125,  -7.8125,  -0.1125,  -4.5125,  -0.1125]
	PARPACK diagonalization completed after 30 matrix-vector product operations.
	iteration results: : total energy is -211.800000 | electron energy -211.800000 + phonon energy 0.000000 | electron momentum kIdx = 10
The 8-th iteration is completed.	|| time cost : 0h 0m 0.34s
********************************************************************************************************************
Start the 9 rounds of NGS-ED iteration
	effective electronic model is modified as: kinetic energy t = 2.56589e-12
	                                           effective interaction Vq = [ -27.6125,  -7.8125,  -0.1125,  -7.8125,  -7.8125,-0.112492,  -4.5125,  -0.1125,  -0.1125,  -4.5125, -21.0125,  -4.5125,  -7.8125,  -0.1125,  -4.5125,-0.112492]
	PARPACK diagonalization completed after 30 matrix-vector product operations.
	iteration results: : total energy is -211.800000 | electron energy -211.800000 + phonon energy 0.000000 | electron momentum kIdx = 10
The 9-th iteration is completed.	|| time cost : 0h 0m 0.346s
********************************************************************************************************************
Start the 10 rounds of NGS-ED iteration
	effective electronic model is modified as: kinetic energy t = 2.56897e-12
	                                           effective interaction Vq = [-27.6125, -7.8125, -0.1125, -7.8125, -7.8125, -0.1125, -4.5125, -0.1125, -0.1125, -4.5125,-21.0125, -4.5125, -7.8125, -0.1125, -4.5125, -0.1125]
	PARPACK diagonalization completed after 30 matrix-vector product operations.
	iteration results: : total energy is -211.800000 | electron energy -211.800000 + phonon energy 0.000000 | electron momentum kIdx = 10
The 10-th iteration is completed.	|| time cost : 0h 0m 0.34s
********************************************************************************************************************
Start the 11 rounds of NGS-ED iteration
	effective electronic model is modified as: kinetic energy t = 2.5692e-12
	                                           effective interaction Vq = [-27.6125, -7.8125, -0.1125, -7.8125, -7.8125, -0.1125, -4.5125, -0.1125, -0.1125, -4.5125,-21.0125, -4.5125, -7.8125, -0.1125, -4.5125, -0.1125]
	PARPACK diagonalization completed after 30 matrix-vector product operations.
	iteration results: : total energy is -211.800000 | electron energy -211.800000 + phonon energy 0.000000 | electron momentum kIdx = 10
The 11-th iteration is completed.	|| time cost : 0h 0m 0.337s
********************************************************************************************************************
Start the 12 rounds of NGS-ED iteration
	effective electronic model is modified as: kinetic energy t = 2.5687e-12
	                                           effective interaction Vq = [-27.6125, -7.8125, -0.1125, -7.8125, -7.8125, -0.1125, -4.5125, -0.1125, -0.1125, -4.5125,-21.0125, -4.5125, -7.8125, -0.1125, -4.5125, -0.1125]
	PARPACK diagonalization completed after 30 matrix-vector product operations.
	iteration results: : total energy is -211.800000 | electron energy -211.800000 + phonon energy 0.000000 | electron momentum kIdx = 10
The 12-th iteration is completed.	|| time cost : 0h 0m 0.336s
********************************************************************************************************************
Start the 13 rounds of NGS-ED iteration
	effective electronic model is modified as: kinetic energy t = 2.5688e-12
	                                           effective interaction Vq = [-27.6125, -7.8125, -0.1125, -7.8125, -7.8125, -0.1125, -4.5125, -0.1125, -0.1125, -4.5125,-21.0125, -4.5125, -7.8125, -0.1125, -4.5125, -0.1125]
	PARPACK diagonalization completed after 30 matrix-vector product operations.
	iteration results: : total energy is -211.800000 | electron energy -211.800000 + phonon energy 0.000000 | electron momentum kIdx = 10
The 13-th iteration is completed.	|| time cost : 0h 0m 0.371s
********************************************************************************************************************
Start the 14 rounds of NGS-ED iteration
	effective electronic model is modified as: kinetic energy t = 2.56836e-12
	                                           effective interaction Vq = [ -27.6125,  -7.8125,  -0.1125,  -7.8125,  -7.8125,-0.112499,  -4.5125,  -0.1125,  -0.1125,  -4.5125, -21.0125,  -4.5125,  -7.8125,  -0.1125,  -4.5125,-0.112499]
	PARPACK diagonalization completed after 30 matrix-vector product operations.
	iteration results: : total energy is -211.800000 | electron energy -211.800000 + phonon energy 0.000000 | electron momentum kIdx = 10
The 14-th iteration is completed.	|| time cost : 0h 0m 0.341s
********************************************************************************************************************
Start the 15 rounds of NGS-ED iteration
	effective electronic model is modified as: kinetic energy t = 2.56879e-12
	                                           effective interaction Vq = [-27.6125, -7.8125, -0.1125, -7.8125, -7.8125, -0.1125, -4.5125, -0.1125, -0.1125, -4.5125,-21.0125, -4.5125, -7.8125, -0.1125, -4.5125, -0.1125]
	PARPACK diagonalization completed after 30 matrix-vector product operations.
	iteration results: : total energy is -211.800000 | electron energy -211.800000 + phonon energy 0.000000 | electron momentum kIdx = 10
The 15-th iteration is completed.	|| time cost : 0h 0m 0.339s
********************************************************************************************************************
Start the 16 rounds of NGS-ED iteration
	effective electronic model is modified as: kinetic energy t = 2.56889e-12
	                                           effective interaction Vq = [-27.6125, -7.8125, -0.1125, -7.8125, -7.8125, -0.1125, -4.5125, -0.1125, -0.1125, -4.5125,-21.0125, -4.5125, -7.8125, -0.1125, -4.5125, -0.1125]
	PARPACK diagonalization completed after 30 matrix-vector product operations.
	iteration results: : total energy is -211.800000 | electron energy -211.800000 + phonon energy 0.000000 | electron momentum kIdx = 10
The 16-th iteration is completed.	|| time cost : 0h 0m 0.342s
********************************************************************************************************************
Start the 17 rounds of NGS-ED iteration
	effective electronic model is modified as: kinetic energy t = 2.57397e-12
	                                           effective interaction Vq = [ -27.6125,  -7.8125,  -0.1125,  -7.8125,  -7.8125,-0.112478,  -4.5125,  -0.1125,  -0.1125,  -4.5125, -21.0125,  -4.5125,  -7.8125,  -0.1125,  -4.5125,-0.112478]
	PARPACK diagonalization completed after 30 matrix-vector product operations.
	iteration results: : total energy is -211.800000 | electron energy -211.800000 + phonon energy 0.000000 | electron momentum kIdx = 10
The 17-th iteration is completed.	|| time cost : 0h 0m 0.337s
********************************************************************************************************************
Start the 18 rounds of NGS-ED iteration
	effective electronic model is modified as: kinetic energy t = 2.56885e-12
	                                           effective interaction Vq = [-27.6125, -7.8125, -0.1125, -7.8125, -7.8125, -0.1125, -4.5125, -0.1125, -0.1125, -4.5125,-21.0125, -4.5125, -7.8125, -0.1125, -4.5125, -0.1125]
	PARPACK diagonalization completed after 30 matrix-vector product operations.
	iteration results: : total energy is -211.800000 | electron energy -211.800000 + phonon energy 0.000000 | electron momentum kIdx = 10
The 18-th iteration is completed.	|| time cost : 0h 0m 0.343s
********************************************************************************************************************
Start the 19 rounds of NGS-ED iteration
	effective electronic model is modified as: kinetic energy t = 2.56961e-12
	                                           effective interaction Vq = [-27.6125, -7.8125, -0.1125, -7.8125, -7.8125, -0.1125, -4.5125, -0.1125, -0.1125, -4.5125,-21.0125, -4.5125, -7.8125, -0.1125, -4.5125, -0.1125]
	PARPACK diagonalization completed after 30 matrix-vector product operations.
	iteration results: : total energy is -211.800000 | electron energy -211.800000 + phonon energy 0.000000 | electron momentum kIdx = 10
The 19-th iteration is completed.	|| time cost : 0h 0m 0.341s
********************************************************************************************************************
Start the 20 rounds of NGS-ED iteration
	effective electronic model is modified as: kinetic energy t = 2.56901e-12
	                                           effective interaction Vq = [-27.6125, -7.8125, -0.1125, -7.8125, -7.8125, -0.1125, -4.5125, -0.1125, -0.1125, -4.5125,-21.0125, -4.5125, -7.8125, -0.1125, -4.5125, -0.1125]
	PARPACK diagonalization completed after 30 matrix-vector product operations.
	iteration results: : total energy is -211.800000 | electron energy -211.800000 + phonon energy 0.000000 | electron momentum kIdx = 10
The 20-th iteration is completed.	|| time cost : 0h 0m 0.458s
********************************************************************************************************************
Start the 21 rounds of NGS-ED iteration
	effective electronic model is modified as: kinetic energy (tx,ty)=(1.62252e-13, 2.56893e-12)
	                                           effective interaction Vq = [-27.6125, -7.8125, 3.10382, -7.8125, -7.8125, -0.1125, -4.5125, -0.1125, -0.1125, -4.5125,-21.0125, -4.5125, -7.8125, -0.1125, -4.5125, -0.1125]
	PARPACK diagonalization completed after 30 matrix-vector product operations.
	iteration results: : total energy is -211.800000 | electron energy -211.800000 + phonon energy 0.000000 | electron momentum kIdx = 10
The 21-th iteration is completed.	|| time cost : 0h 0m 0.348s
********************************************************************************************************************
Start the 22 rounds of NGS-ED iteration
	effective electronic model is modified as: kinetic energy t = 2.56904e-12
	                                           effective interaction Vq = [-27.6125, -7.8125, -0.1125, -7.8125, -7.8125, -0.1125, -4.5125, -0.1125, -0.1125, -4.5125,-21.0125, -4.5125, -7.8125, -0.1125, -4.5125, -0.1125]
	PARPACK diagonalization completed after 30 matrix-vector product operations.
	iteration results: : total energy is -211.800000 | electron energy -211.800000 + phonon energy 0.000000 | electron momentum kIdx = 10
The 22-th iteration is completed.	|| time cost : 0h 0m 0.34s
********************************************************************************************************************
Start the 23 rounds of NGS-ED iteration
	effective electronic model is modified as: kinetic energy t = 2.56894e-12
	                                           effective interaction Vq = [-27.6125, -7.8125, -0.1125, -7.8125, -7.8125, -0.1125, -4.5125, -0.1125, -0.1125, -4.5125,-21.0125, -4.5125, -7.8125, -0.1125, -4.5125, -0.1125]
	PARPACK diagonalization completed after 30 matrix-vector product operations.
	iteration results: : total energy is -211.800000 | electron energy -211.800000 + phonon energy 0.000000 | electron momentum kIdx = 10
The 23-th iteration is completed.	|| time cost : 0h 0m 0.336s
********************************************************************************************************************
Start the 24 rounds of NGS-ED iteration
	effective electronic model is modified as: kinetic energy t = 2.56881e-12
	                                           effective interaction Vq = [-27.6125, -7.8125, -0.1125, -7.8125, -7.8125, -0.1125, -4.5125, -0.1125, -0.1125, -4.5125,-21.0125, -4.5125, -7.8125, -0.1125, -4.5125, -0.1125]
	PARPACK diagonalization completed after 30 matrix-vector product operations.
	iteration results: : total energy is -211.800000 | electron energy -211.800000 + phonon energy 0.000000 | electron momentum kIdx = 10
The 24-th iteration is completed.	|| time cost : 0h 0m 0.378s
********************************************************************************************************************
Start the 25 rounds of NGS-ED iteration
	effective electronic model is modified as: kinetic energy t = 2.56884e-12
	                                           effective interaction Vq = [-27.6125, -7.8125, -0.1125, -7.8125, -7.8125, -0.1125, -4.5125, -0.1125, -0.1125, -4.5125,-21.0125, -4.5125, -7.8125, -0.1125, -4.5125, -0.1125]
	PARPACK diagonalization completed after 30 matrix-vector product operations.
	iteration results: : total energy is -211.800000 | electron energy -211.800000 + phonon energy 0.000000 | electron momentum kIdx = 10
The 25-th iteration is completed.	|| time cost : 0h 0m 0.419s
********************************************************************************************************************
Start the 26 rounds of NGS-ED iteration
	effective electronic model is modified as: kinetic energy t = 2.57027e-12
	                                           effective interaction Vq = [ -27.6125,  -7.8125,  -0.1125,  -7.8125,  -7.8125,  -0.1125,  -4.5125,-0.112499,  -0.1125,  -4.5125, -21.0125,  -4.5125,  -7.8125,-0.112499,  -4.5125,  -0.1125]
	PARPACK diagonalization completed after 30 matrix-vector product operations.
	iteration results: : total energy is -211.800000 | electron energy -211.800000 + phonon energy 0.000000 | electron momentum kIdx = 10
The 26-th iteration is completed.	|| time cost : 0h 0m 0.332s
********************************************************************************************************************
Start the 27 rounds of NGS-ED iteration
	effective electronic model is modified as: kinetic energy t = 2.56951e-12
	                                           effective interaction Vq = [-27.6125, -7.8125, -0.1125, -7.8125, -7.8125, -0.1125, -4.5125, -0.1125, -0.1125, -4.5125,-21.0125, -4.5125, -7.8125, -0.1125, -4.5125, -0.1125]
	PARPACK diagonalization completed after 30 matrix-vector product operations.
	iteration results: : total energy is -211.800000 | electron energy -211.800000 + phonon energy 0.000000 | electron momentum kIdx = 10
The 27-th iteration is completed.	|| time cost : 0h 0m 0.343s
********************************************************************************************************************
Start the 28 rounds of NGS-ED iteration
	effective electronic model is modified as: kinetic energy t = 2.57075e-12
	                                           effective interaction Vq = [ -27.6125,  -7.8125,  -0.1125,  -7.8125,  -7.8125,-0.112498,  -4.5125,  -0.1125,  -0.1125,  -4.5125, -21.0125,  -4.5125,  -7.8125,  -0.1125,  -4.5125,-0.112498]
	PARPACK diagonalization completed after 30 matrix-vector product operations.
	iteration results: : total energy is -211.800000 | electron energy -211.800000 + phonon energy 0.000000 | electron momentum kIdx = 10
The 28-th iteration is completed.	|| time cost : 0h 0m 0.338s
********************************************************************************************************************
Start the 29 rounds of NGS-ED iteration
	effective electronic model is modified as: kinetic energy t = 2.56915e-12
	                                           effective interaction Vq = [-27.6125, -7.8125, -0.1125, -7.8125, -7.8125, -0.1125, -4.5125, -0.1125, -0.1125, -4.5125,-21.0125, -4.5125, -7.8125, -0.1125, -4.5125, -0.1125]
	PARPACK diagonalization completed after 30 matrix-vector product operations.
	iteration results: : total energy is -211.800000 | electron energy -211.800000 + phonon energy 0.000000 | electron momentum kIdx = 10
The 29-th iteration is completed.	|| time cost : 0h 0m 0.336s
********************************************************************************************************************
Start the 30 rounds of NGS-ED iteration
	effective electronic model is modified as: kinetic energy t = 2.56948e-12
	                                           effective interaction Vq = [-27.6125, -7.8125, -0.1125, -7.8125, -7.8125, -0.1125, -4.5125, -0.1125, -0.1125, -4.5125,-21.0125, -4.5125, -7.8125, -0.1125, -4.5125, -0.1125]
	PARPACK diagonalization completed after 30 matrix-vector product operations.
	iteration results: : total energy is -211.800000 | electron energy -211.800000 + phonon energy 0.000000 | electron momentum kIdx = 10
The 30-th iteration is completed.	|| time cost : 0h 0m 0.341s
********************************************************************************************************************
Start the 31 rounds of NGS-ED iteration
	effective electronic model is modified as: kinetic energy t = 2.56897e-12
	                                           effective interaction Vq = [-27.6125, -7.8125, -0.1125, -7.8125, -7.8125, -0.1125, -4.5125, -0.1125, -0.1125, -4.5125,-21.0125, -4.5125, -7.8125, -0.1125, -4.5125, -0.1125]
	PARPACK diagonalization completed after 30 matrix-vector product operations.
	iteration results: : total energy is -211.800000 | electron energy -211.800000 + phonon energy 0.000000 | electron momentum kIdx = 10
The 31-th iteration is completed.	|| time cost : 0h 0m 0.337s
********************************************************************************************************************
Start the 32 rounds of NGS-ED iteration
	effective electronic model is modified as: kinetic energy t = 2.56827e-12
	                                           effective interaction Vq = [ -27.6125,  -7.8125,  -0.1125,  -7.8125,  -7.8125,-0.112499,  -4.5125,  -0.1125,  -0.1125,  -4.5125, -21.0125,  -4.5125,  -7.8125,  -0.1125,  -4.5125,-0.112499]
	PARPACK diagonalization completed after 30 matrix-vector product operations.
	iteration results: : total energy is -211.800000 | electron energy -211.800000 + phonon energy 0.000000 | electron momentum kIdx = 10
The 32-th iteration is completed.	|| time cost : 0h 0m 0.338s
********************************************************************************************************************
Start the 33 rounds of NGS-ED iteration
	effective electronic model is modified as: kinetic energy t = 2.5688e-12
	                                           effective interaction Vq = [-27.6125, -7.8125, -0.1125, -7.8125, -7.8125, -0.1125, -4.5125, -0.1125, -0.1125, -4.5125,-21.0125, -4.5125, -7.8125, -0.1125, -4.5125, -0.1125]
	PARPACK diagonalization completed after 30 matrix-vector product operations.
	iteration results: : total energy is -211.800000 | electron energy -211.800000 + phonon energy 0.000000 | electron momentum kIdx = 10
The 33-th iteration is completed.	|| time cost : 0h 0m 0.341s
********************************************************************************************************************
Start the 34 rounds of NGS-ED iteration
	effective electronic model is modified as: kinetic energy t = 2.56865e-12
	                                           effective interaction Vq = [-27.6125, -7.8125, -0.1125, -7.8125, -7.8125, -0.1125, -4.5125, -0.1125, -0.1125, -4.5125,-21.0125, -4.5125, -7.8125, -0.1125, -4.5125, -0.1125]
	PARPACK diagonalization completed after 30 matrix-vector product operations.
	iteration results: : total energy is -211.800000 | electron energy -211.800000 + phonon energy 0.000000 | electron momentum kIdx = 10
The 34-th iteration is completed.	|| time cost : 0h 0m 0.338s
********************************************************************************************************************
Start the 35 rounds of NGS-ED iteration
	effective electronic model is modified as: kinetic energy t = 2.56892e-12
	                                           effective interaction Vq = [-27.6125, -7.8125, -0.1125, -7.8125, -7.8125, -0.1125, -4.5125, -0.1125, -0.1125, -4.5125,-21.0125, -4.5125, -7.8125, -0.1125, -4.5125, -0.1125]
	PARPACK diagonalization completed after 30 matrix-vector product operations.
	iteration results: : total energy is -211.800000 | electron energy -211.800000 + phonon energy 0.000000 | electron momentum kIdx = 10
The 35-th iteration is completed.	|| time cost : 0h 0m 0.346s
********************************************************************************************************************
Start the 36 rounds of NGS-ED iteration
	effective electronic model is modified as: kinetic energy t = 2.56899e-12
	                                           effective interaction Vq = [-27.6125, -7.8125, -0.1125, -7.8125, -7.8125, -0.1125, -4.5125, -0.1125, -0.1125, -4.5125,-21.0125, -4.5125, -7.8125, -0.1125, -4.5125, -0.1125]
	PARPACK diagonalization completed after 30 matrix-vector product operations.
	iteration results: : total energy is -211.800000 | electron energy -211.800000 + phonon energy 0.000000 | electron momentum kIdx = 10
The 36-th iteration is completed.	|| time cost : 0h 0m 0.34s
********************************************************************************************************************
Start the 37 rounds of NGS-ED iteration
	effective electronic model is modified as: kinetic energy t = 2.56902e-12
	                                           effective interaction Vq = [-27.6125, -7.8125, -0.1125, -7.8125, -7.8125, -0.1125, -4.5125, -0.1125, -0.1125, -4.5125,-21.0125, -4.5125, -7.8125, -0.1125, -4.5125, -0.1125]
	PARPACK diagonalization completed after 30 matrix-vector product operations.
	iteration results: : total energy is -211.800000 | electron energy -211.800000 + phonon energy 0.000000 | electron momentum kIdx = 10
The 37-th iteration is completed.	|| time cost : 0h 0m 0.334s
********************************************************************************************************************
Start the 38 rounds of NGS-ED iteration
	effective electronic model is modified as: kinetic energy t = 2.56894e-12
	                                           effective interaction Vq = [-27.6125, -7.8125, -0.1125, -7.8125, -7.8125, -0.1125, -4.5125, -0.1125, -0.1125, -4.5125,-21.0125, -4.5125, -7.8125, -0.1125, -4.5125, -0.1125]
	PARPACK diagonalization completed after 30 matrix-vector product operations.
	iteration results: : total energy is -211.800000 | electron energy -211.800000 + phonon energy 0.000000 | electron momentum kIdx = 10
The 38-th iteration is completed.	|| time cost : 0h 0m 0.338s
********************************************************************************************************************
Start the 39 rounds of NGS-ED iteration
	effective electronic model is modified as: kinetic energy t = 2.56941e-12
	                                           effective interaction Vq = [-27.6125, -7.8125, -0.1125, -7.8125, -7.8125, -0.1125, -4.5125, -0.1125, -0.1125, -4.5125,-21.0125, -4.5125, -7.8125, -0.1125, -4.5125, -0.1125]
	PARPACK diagonalization completed after 30 matrix-vector product operations.
	iteration results: : total energy is -211.800000 | electron energy -211.800000 + phonon energy 0.000000 | electron momentum kIdx = 10
The 39-th iteration is completed.	|| time cost : 0h 0m 0.339s
********************************************************************************************************************
Start the 40 rounds of NGS-ED iteration
	effective electronic model is modified as: kinetic energy t = 2.5655e-12
	                                           effective interaction Vq = [-27.6125, -7.8125, -0.1125, -7.8125, -7.8125,-0.11249, -4.5125, -0.1125, -0.1125, -4.5125,-21.0125, -4.5125, -7.8125, -0.1125, -4.5125,-0.11249]
	PARPACK diagonalization completed after 30 matrix-vector product operations.
	iteration results: : total energy is -211.800000 | electron energy -211.800000 + phonon energy 0.000000 | electron momentum kIdx = 10
The 40-th iteration is completed.	|| time cost : 0h 0m 0.368s
********************************************************************************************************************
Start the 41 rounds of NGS-ED iteration
	effective electronic model is modified as: kinetic energy t = 2.56904e-12
	                                           effective interaction Vq = [-27.6125, -7.8125, -0.1125, -7.8125, -7.8125, -0.1125, -4.5125, -0.1125, -0.1125, -4.5125,-21.0125, -4.5125, -7.8125, -0.1125, -4.5125, -0.1125]
	PARPACK diagonalization completed after 30 matrix-vector product operations.
	iteration results: : total energy is -211.800000 | electron energy -211.800000 + phonon energy 0.000000 | electron momentum kIdx = 10
The 41-th iteration is completed.	|| time cost : 0h 0m 0.338s
********************************************************************************************************************
Start the 42 rounds of NGS-ED iteration
	effective electronic model is modified as: kinetic energy t = 2.56917e-12
	                                           effective interaction Vq = [-27.6125, -7.8125, -0.1125, -7.8125, -7.8125, -0.1125, -4.5125, -0.1125, -0.1125, -4.5125,-21.0125, -4.5125, -7.8125, -0.1125, -4.5125, -0.1125]
	PARPACK diagonalization completed after 30 matrix-vector product operations.
	iteration results: : total energy is -211.800000 | electron energy -211.800000 + phonon energy 0.000000 | electron momentum kIdx = 10
The 42-th iteration is completed.	|| time cost : 0h 0m 0.336s
********************************************************************************************************************
Start the 43 rounds of NGS-ED iteration
	effective electronic model is modified as: kinetic energy t = 2.56894e-12
	                                           effective interaction Vq = [-27.6125, -7.8125, -0.1125, -7.8125, -7.8125, -0.1125, -4.5125, -0.1125, -0.1125, -4.5125,-21.0125, -4.5125, -7.8125, -0.1125, -4.5125, -0.1125]
	PARPACK diagonalization completed after 30 matrix-vector product operations.
	iteration results: : total energy is -211.800000 | electron energy -211.800000 + phonon energy 0.000000 | electron momentum kIdx = 10
The 43-th iteration is completed.	|| time cost : 0h 0m 0.336s
********************************************************************************************************************
Start the 44 rounds of NGS-ED iteration
	effective electronic model is modified as: kinetic energy t = 2.56822e-12
	                                           effective interaction Vq = [ -27.6125,  -7.8125,  -0.1125,  -7.8125,  -7.8125,-0.112499,  -4.5125,  -0.1125,  -0.1125,  -4.5125, -21.0125,  -4.5125,  -7.8125,  -0.1125,  -4.5125,-0.112499]
	PARPACK diagonalization completed after 30 matrix-vector product operations.
	iteration results: : total energy is -211.800000 | electron energy -211.800000 + phonon energy 0.000000 | electron momentum kIdx = 10
The 44-th iteration is completed.	|| time cost : 0h 0m 0.336s
********************************************************************************************************************
Start the 45 rounds of NGS-ED iteration
	effective electronic model is modified as: kinetic energy t = 2.57152e-12
	                                           effective interaction Vq = [ -27.6125,  -7.8125,  -0.1125,  -7.8125,  -7.8125,-0.112494,  -4.5125,  -0.1125,  -0.1125,  -4.5125, -21.0125,  -4.5125,  -7.8125,  -0.1125,  -4.5125,-0.112494]
	PARPACK diagonalization completed after 30 matrix-vector product operations.
	iteration results: : total energy is -211.800000 | electron energy -211.800000 + phonon energy 0.000000 | electron momentum kIdx = 10
The 45-th iteration is completed.	|| time cost : 0h 0m 0.342s
********************************************************************************************************************
Start the 46 rounds of NGS-ED iteration
	effective electronic model is modified as: kinetic energy t = 2.57798e-12
	                                           effective interaction Vq = [ -27.6125,  -7.8125,  -0.1125,  -7.8125,  -7.8125,-0.112432,  -4.5125,  -0.1125,  -0.1125,  -4.5125, -21.0125,  -4.5125,  -7.8125,  -0.1125,  -4.5125,-0.112432]
	PARPACK diagonalization completed after 30 matrix-vector product operations.
	iteration results: : total energy is -211.800000 | electron energy -211.800000 + phonon energy 0.000000 | electron momentum kIdx = 10
The 46-th iteration is completed.	|| time cost : 0h 0m 0.341s
********************************************************************************************************************
Start the 47 rounds of NGS-ED iteration
	effective electronic model is modified as: kinetic energy t = 2.57009e-12
