TACC:  Starting up job 4197546 
TACC:  Starting parallel tasks... 
SNEDics v3.4 Non-Gaussian ED ground state program		Start at Mon Aug 19 23:34:51 2019

parallized on 32 MPI threads  * 6 OpenMP threads = 192 total threads.
********************************************************************************************************************
********************************************************************************************************************

********************************************************************************************************************
System parameters and configurations
********************************************************************************************************************
Special program options are enabled: splitted diagonal Hamiltonian
********************************************************************************************************************
Read input file "model_params.in"
	Hubbard-Holstein model parameters : 	t = 1    U = 2    g = 3.1623    W = 5    
********************************************************************************************************************
Read input file "hilbertspace_params.in"
	Requested 16-site 2D lattice, with 15 electrons (8, 7)
	Boundary : Periodic		Hilbert space representation : momentum-space (restricted to kIdx = 0)
	Conservation: particle number[U(1)]      spin[U(1)]     momentum
********************************************************************************************************************

Cluster Positions:				Cluster symmetry group : D4
 x ... x ... x ... x .....                       x ... x ... x ... x .....
 |           |           :                       |           |           :
 |           |           :                       |           |           :
12    13    14    15     x                       1     5     6     5     x
 |           |           :                       |           |           :
 |           |           :                       |           |           :
 8 --- 9 ---10 ---11 --- x                       2 --- 6 ---10 --- 6 --- x
 |           |           :                       |           |           :
 |           |           :                       |           |           :
 4     5     6     7     x                       1     5     6     5     x
 |           |           :                       |           |           :
 |           |           :                       |           |           :
 0 --- 1 --- 2 --- 3 --- x                       0 --- 1 --- 2 --- 1 --- x
orbital number : 1
********************************************************************************************************************
Read input file "obs_params.in"
	Observable Type : Nq[All],   Sq[All],   N[All]
********************************************************************************************************************
** WARNING ** the input observables have non-local factors which have been reinterpreted. The total observable number is 48
********************************************************************************************************************


********************************************************************************************************************
Start calculating the non-Gaussian ED ground state
** WARNING ** Detected low phonon energy W < 10. The initial state will be prepared through a warm-up process.
********************************************************************************************************************
Start warm-up calculation for scaling factor 2
open output files: NGSEDWarmUpW10Obs.txt
********************************************************************************************************************
Start the 0 rounds of NGS-ED iteration
	effective electronic model is modified as: kinetic energy t = 1
	                                           effective interaction Vq = [0,0,0,0,0,0,0,0,0,0,0,0,0,0,0,0]
	first Hamiltonian is constructed, non-zero numbers = 2489446524
	PARPACK diagonalization completed after 165 matrix-vector product operations.
	iteration results: : total energy is -18.469184 | electron energy -18.469184 + phonon energy 0.000000 | electron momentum kIdx = 0
	Nq(0) = 14.0625,	Nq(1) = 0.287781,	Nq(2) = 0.328019,	Nq(3) = 0.287781,	Nq(4) = 0.287781,	Nq(5) = 0.36261,	Nq(6) = 0.486948,	Nq(7) = 0.36261,	Nq(8) = 0.328019,	Nq(9) = 0.486948,	Nq(10) = 0.557887,	Nq(11) = 0.486948,	Nq(12) = 0.287781,	Nq(13) = 0.36261,	Nq(14) = 0.486948,	Nq(15) = 0.36261,	Sq(0) = 0.0625,	Sq(1) = 0.418984,	Sq(2) = 0.958649,	Sq(3) = 0.418984,	Sq(4) = 0.418984,	Sq(5) = 0.694392,	Sq(6) = 0.72939,	Sq(7) = 0.694392,	Sq(8) = 0.958649,	Sq(9) = 0.72939,	Sq(10) = 0.823353,	Sq(11) = 0.72939,	Sq(12) = 0.418984,	Sq(13) = 0.694392,	Sq(14) = 0.72939,	Sq(15) = 0.694392,	N(0) = 1.97567,	N(1) = 1.96242,	N(2) = 0.520746,	N(3) = 1.96242,	N(4) = 1.96242,	N(5) = 0.998294,	N(6) = 0.0316171,	N(7) = 0.998294,	N(8) = 0.520746,	N(9) = 0.0316171,	N(10) = 0.0135261,	N(11) = 0.0316171,	N(12) = 1.96242,	N(13) = 0.998294,	N(14) = 0.0316171,	N(15) = 0.998294
The 0-th iteration is completed.	|| time cost : 0h 2m 36.968s
********************************************************************************************************************
Start the 1 rounds of NGS-ED iteration
	effective electronic model is modified as: kinetic energy t = 0.944107
	                                           effective interaction Vq = [-1.72935,-1.63528,-1.56529,-1.63528,-1.63528,-1.58093,-1.56466,-1.58093,-1.56529,-1.56466,-1.53884,-1.56466,-1.63528,-1.58093,-1.56466,-1.58093]
	PARPACK diagonalization completed after 195 matrix-vector product operations.
	iteration results: : total energy is -53.210802 | electron energy -53.214505 + phonon energy 0.003704 | electron momentum kIdx = 0
The 1-th iteration is completed.	|| time cost : 0h 3m 44.091s
********************************************************************************************************************
Start the 2 rounds of NGS-ED iteration
	effective electronic model is modified as: kinetic energy t = 0.901049
	                                           effective interaction Vq = [ -1.9634,-1.89536,-1.85716,-1.89536,-1.89536,-1.88733,-1.83266,-1.88733,-1.85716,-1.83266, -1.8033,-1.83266,-1.89536,-1.88733,-1.83266,-1.88733]
	PARPACK diagonalization completed after 45 matrix-vector product operations.
	iteration results: : total energy is -58.236176 | electron energy -58.260470 + phonon energy 0.024294 | electron momentum kIdx = 0
The 2-th iteration is completed.	|| time cost : 0h 0m 20.93s
********************************************************************************************************************
Start the 3 rounds of NGS-ED iteration
	effective electronic model is modified as: kinetic energy t = 0.884545
	                                           effective interaction Vq = [-1.99507,-1.94763,-1.91913,-1.94763,-1.94763, -1.9489,-1.89407, -1.9489,-1.91913,-1.89407,-1.86765,-1.89407,-1.94763, -1.9489,-1.89407, -1.9489]
	PARPACK diagonalization completed after 45 matrix-vector product operations.
	iteration results: : total energy is -58.888636 | electron energy -58.929871 + phonon energy 0.041234 | electron momentum kIdx = 0
The 3-th iteration is completed.	|| time cost : 0h 0m 20.943s
********************************************************************************************************************
Start the 4 rounds of NGS-ED iteration
	effective electronic model is modified as: kinetic energy t = 0.878807
	                                           effective interaction Vq = [-1.99936,-1.96116,-1.93582,-1.96116,-1.96116,-1.96446,-1.91159,-1.96446,-1.93582,-1.91159,-1.88678,-1.91159,-1.96116,-1.96446,-1.91159,-1.96446]
	PARPACK diagonalization completed after 45 matrix-vector product operations.
	iteration results: : total energy is -58.972780 | electron energy -59.021760 + phonon energy 0.048981 | electron momentum kIdx = 0
The 4-th iteration is completed.	|| time cost : 0h 0m 21.003s
********************************************************************************************************************
Start the 5 rounds of NGS-ED iteration
	effective electronic model is modified as: kinetic energy t = 0.876859
	                                           effective interaction Vq = [-1.99994,-1.96523,-1.94093,-1.96523,-1.96523,-1.96907,-1.91714,-1.96907,-1.94093,-1.91714,-1.89302,-1.91714,-1.96523,-1.96907,-1.91714,-1.96907]
	PARPACK diagonalization completed after 30 matrix-vector product operations.
	iteration results: : total energy is -58.983645 | electron energy -59.035547 + phonon energy 0.051902 | electron momentum kIdx = 0
The 5-th iteration is completed.	|| time cost : 0h 0m 17.691s
********************************************************************************************************************
Start the 6 rounds of NGS-ED iteration
	effective electronic model is modified as: kinetic energy t = 0.876203
	                                           effective interaction Vq = [-2.00002,-1.96655,-1.94257,-1.96655,-1.96655,-1.97055,-1.91898,-1.97055,-1.94257,-1.91898,-1.89512,-1.91898,-1.96655,-1.97055,-1.91898,-1.97055]
	PARPACK diagonalization completed after 30 matrix-vector product operations.
	iteration results: : total energy is -58.985055 | electron energy -59.037983 + phonon energy 0.052928 | electron momentum kIdx = 0
The 6-th iteration is completed.	|| time cost : 0h 0m 17.672s
********************************************************************************************************************
Start the 7 rounds of NGS-ED iteration
	effective electronic model is modified as: kinetic energy t = 0.875982
	                                           effective interaction Vq = [-2.00003,-1.96698,-1.94311,-1.96698,-1.96698,-1.97103, -1.9196,-1.97103,-1.94311, -1.9196,-1.89584, -1.9196,-1.96698,-1.97103, -1.9196,-1.97103]
	PARPACK diagonalization completed after 30 matrix-vector product operations.
	iteration results: : total energy is -58.985238 | electron energy -59.038519 + phonon energy 0.053280 | electron momentum kIdx = 0
The 7-th iteration is completed.	|| time cost : 0h 0m 17.652s
********************************************************************************************************************
Start the 8 rounds of NGS-ED iteration
	effective electronic model is modified as: kinetic energy t = 0.875908
	                                           effective interaction Vq = [-2.00003,-1.96713,-1.94329,-1.96713,-1.96713,-1.97119,-1.91981,-1.97119,-1.94329,-1.91981,-1.89609,-1.91981,-1.96713,-1.97119,-1.91981,-1.97119]
	PARPACK diagonalization completed after 30 matrix-vector product operations.
	iteration results: : total energy is -58.985263 | electron energy -59.038662 + phonon energy 0.053399 | electron momentum kIdx = 0
	Nq(0) = 14.0625,	Nq(1) = 0.423747,	Nq(2) = 0.606278,	Nq(3) = 0.423747,	Nq(4) = 0.423747,	Nq(5) = 0.896927,	Nq(6) = 0.726258,	Nq(7) = 0.896927,	Nq(8) = 0.606278,	Nq(9) = 0.726258,	Nq(10) = 0.81253,	Nq(11) = 0.726258,	Nq(12) = 0.423747,	Nq(13) = 0.896927,	Nq(14) = 0.726258,	Nq(15) = 0.896927,	Sq(0) = 0.0625,	Sq(1) = 0.283147,	Sq(2) = 0.368244,	Sq(3) = 0.283147,	Sq(4) = 0.283147,	Sq(5) = 0.335429,	Sq(6) = 0.475871,	Sq(7) = 0.335429,	Sq(8) = 0.368244,	Sq(9) = 0.475871,	Sq(10) = 0.547909,	Sq(11) = 0.475871,	Sq(12) = 0.283147,	Sq(13) = 0.335429,	Sq(14) = 0.475871,	Sq(15) = 0.335429,	N(0) = 1.97695,	N(1) = 1.95613,	N(2) = 0.851647,	N(3) = 1.95613,	N(4) = 1.95613,	N(5) = 0.832481,	N(6) = 0.0362095,	N(7) = 0.832481,	N(8) = 0.851647,	N(9) = 0.0362095,	N(10) = 0.0204682,	N(11) = 0.0362095,	N(12) = 1.95613,	N(13) = 0.832481,	N(14) = 0.0362095,	N(15) = 0.832481
The 8-th iteration is completed.	|| time cost : 0h 0m 46.318s
********************************************************************************************************************
********************************************************************************************************************
Ground state is obtained after 9 iterations. The current ground-state energy is -58.9853, in which electron energy is -59.0387 and phonon energy is 0.0533994
final variational state is: 
	Gamma_x = [      1,1.01911,1.03452,1.01911,1.01911,1.03857,1.04758,1.03857,1.03452,1.04758, 1.0588,1.04758,1.01911,1.03857,1.04758,1.03857]
	lambda_q = [0.447162,0.389897,0.371932,0.389897,0.389897,0.393566, 0.35769,0.393566,0.371932, 0.35769,0.345309, 0.35769,0.389897,0.393566, 0.35769,0.393566]
********************************************************************************************************************
o___o  ----------------------------------------
| L |	Time since last clock: 0h 0m 0s
A===A	Time since the beginning: 0h 9m 3.272s
***********************************************


********************************************************************************************************************
Warm up runs have been completed. Start calculating W = 5 phonon.
open output files: NGSEDIterationObs.txt
Start the 0 rounds of NGS-ED iteration
	effective electronic model is modified as: kinetic energy t = 0.875883
	                                           effective interaction Vq = [-1.82835,-1.70585,-1.66065,-1.70585,-1.70585,-1.71468,-1.62254,-1.71468,-1.66065,-1.62254,-1.58775,-1.62254,-1.70585,-1.71468,-1.62254,-1.71468]
	PARPACK diagonalization completed after 45 matrix-vector product operations.
	iteration results: : total energy is -53.838431 | electron energy -53.865151 + phonon energy 0.026720 | electron momentum kIdx = 0
	Nq(0) = 14.0625,	Nq(1) = 0.413666,	Nq(2) = 0.581128,	Nq(3) = 0.413666,	Nq(4) = 0.413666,	Nq(5) = 0.867517,	Nq(6) = 0.684003,	Nq(7) = 0.867517,	Nq(8) = 0.581128,	Nq(9) = 0.684003,	Nq(10) = 0.756245,	Nq(11) = 0.684003,	Nq(12) = 0.413666,	Nq(13) = 0.867517,	Nq(14) = 0.684003,	Nq(15) = 0.867517,	Sq(0) = 0.0625,	Sq(1) = 0.308086,	Sq(2) = 0.394283,	Sq(3) = 0.308086,	Sq(4) = 0.308086,	Sq(5) = 0.355027,	Sq(6) = 0.516214,	Sq(7) = 0.355027,	Sq(8) = 0.394283,	Sq(9) = 0.516214,	Sq(10) = 0.58988,	Sq(11) = 0.516214,	Sq(12) = 0.308086,	Sq(13) = 0.355027,	Sq(14) = 0.516214,	Sq(15) = 0.355027,	N(0) = 1.98821,	N(1) = 1.97738,	N(2) = 0.867018,	N(3) = 1.97738,	N(4) = 1.97738,	N(5) = 0.820642,	N(6) = 0.0188084,	N(7) = 0.820642,	N(8) = 0.867018,	N(9) = 0.0188084,	N(10) = 0.0104495,	N(11) = 0.0188084,	N(12) = 1.97738,	N(13) = 0.820642,	N(14) = 0.0188084,	N(15) = 0.820642
The 0-th iteration is completed.	|| time cost : 0h 0m 49.565s
********************************************************************************************************************
Start the 1 rounds of NGS-ED iteration
	effective electronic model is modified as: kinetic energy t = 0.854603
	                                           effective interaction Vq = [-1.93687,-1.80931,-1.75503,-1.80931,-1.80931, -1.8214,-1.70623, -1.8214,-1.75503,-1.70623,-1.66045,-1.70623,-1.80931, -1.8214,-1.70623, -1.8214]
	PARPACK diagonalization completed after 45 matrix-vector product operations.
	iteration results: : total energy is -55.751278 | electron energy -55.835260 + phonon energy 0.083982 | electron momentum kIdx = 0
The 1-th iteration is completed.	|| time cost : 0h 0m 21.009s
********************************************************************************************************************
Start the 2 rounds of NGS-ED iteration
	effective electronic model is modified as: kinetic energy t = 0.841586
	                                           effective interaction Vq = [-1.97679,-1.85858, -1.8021,-1.85858,-1.85858, -1.8731,-1.75056, -1.8731, -1.8021,-1.75056,-1.70192,-1.75056,-1.85858, -1.8731,-1.75056, -1.8731]
	PARPACK diagonalization completed after 45 matrix-vector product operations.
	iteration results: : total energy is -56.443906 | electron energy -56.572008 + phonon energy 0.128102 | electron momentum kIdx = 0
The 2-th iteration is completed.	|| time cost : 0h 0m 20.898s
********************************************************************************************************************
Start the 3 rounds of NGS-ED iteration
	effective electronic model is modified as: kinetic energy t = 0.833871
	                                           effective interaction Vq = [-1.99148,-1.88341,-1.82665,-1.88341,-1.88341,-1.89924, -1.7747,-1.89924,-1.82665, -1.7747,-1.72561, -1.7747,-1.88341,-1.89924, -1.7747,-1.89924]
	PARPACK diagonalization completed after 45 matrix-vector product operations.
	iteration results: : total energy is -56.694212 | electron energy -56.850765 + phonon energy 0.156553 | electron momentum kIdx = 0
The 3-th iteration is completed.	|| time cost : 0h 0m 20.961s
********************************************************************************************************************
Start the 4 rounds of NGS-ED iteration
	effective electronic model is modified as: kinetic energy t = 0.829372
	                                           effective interaction Vq = [-1.99688,-1.89648,-1.83987,-1.89648,-1.89648,-1.91296,-1.78814,-1.91296,-1.83987,-1.78814,-1.73926,-1.78814,-1.89648,-1.91296,-1.78814,-1.91296]
	PARPACK diagonalization completed after 45 matrix-vector product operations.
	iteration results: : total energy is -56.784633 | electron energy -56.958448 + phonon energy 0.173815 | electron momentum kIdx = 0
The 4-th iteration is completed.	|| time cost : 0h 0m 20.92s
********************************************************************************************************************
Start the 5 rounds of NGS-ED iteration
	effective electronic model is modified as: kinetic energy t = 0.826771
	                                           effective interaction Vq = [-1.99887,-1.90356,-1.84715,-1.90356,-1.90356,-1.92037,-1.79574,-1.92037,-1.84715,-1.79574,-1.74718,-1.79574,-1.90356,-1.92037,-1.79574,-1.92037]
	PARPACK diagonalization completed after 30 matrix-vector product operations.
	iteration results: : total energy is -56.817317 | electron energy -57.001327 + phonon energy 0.184009 | electron momentum kIdx = 0
The 5-th iteration is completed.	|| time cost : 0h 0m 17.685s
********************************************************************************************************************
Start the 6 rounds of NGS-ED iteration
	effective electronic model is modified as: kinetic energy t = 0.825274
	                                           effective interaction Vq = [ -1.9996,-1.90746, -1.8512,-1.90746,-1.90746,-1.92444,-1.80007,-1.92444, -1.8512,-1.80007,-1.75181,-1.80007,-1.90746,-1.92444,-1.80007,-1.92444]
	PARPACK diagonalization completed after 30 matrix-vector product operations.
	iteration results: : total energy is -56.829145 | electron energy -57.019095 + phonon energy 0.189949 | electron momentum kIdx = 0
The 6-th iteration is completed.	|| time cost : 0h 0m 17.658s
********************************************************************************************************************
Start the 7 rounds of NGS-ED iteration
	effective electronic model is modified as: kinetic energy t = 0.824415
	                                           effective interaction Vq = [-1.99987,-1.90965,-1.85347,-1.90965,-1.90965,-1.92671,-1.80255,-1.92671,-1.85347,-1.80255,-1.75451,-1.80255,-1.90965,-1.92671,-1.80255,-1.92671]
	PARPACK diagonalization completed after 30 matrix-vector product operations.
	iteration results: : total energy is -56.833432 | electron energy -57.026817 + phonon energy 0.193386 | electron momentum kIdx = 0
The 7-th iteration is completed.	|| time cost : 0h 0m 17.664s
********************************************************************************************************************
Start the 8 rounds of NGS-ED iteration
	effective electronic model is modified as: kinetic energy t = 0.823923
	                                           effective interaction Vq = [-1.99997,-1.91087,-1.85475,-1.91087,-1.91087,-1.92799,-1.80398,-1.92799,-1.85475,-1.80398,-1.75611,-1.80398,-1.91087,-1.92799,-1.80398,-1.92799]
	PARPACK diagonalization completed after 30 matrix-vector product operations.
	iteration results: : total energy is -56.834987 | electron energy -57.030353 + phonon energy 0.195366 | electron momentum kIdx = 0
The 8-th iteration is completed.	|| time cost : 0h 0m 17.661s
********************************************************************************************************************
Start the 9 rounds of NGS-ED iteration
	effective electronic model is modified as: kinetic energy t = 0.823641
	                                           effective interaction Vq = [-2.00001,-1.91157,-1.85547,-1.91157,-1.91157,-1.92871,-1.80481,-1.92871,-1.85547,-1.80481,-1.75704,-1.80481,-1.91157,-1.92871,-1.80481,-1.92871]
	PARPACK diagonalization completed after 30 matrix-vector product operations.
	iteration results: : total energy is -56.835552 | electron energy -57.032057 + phonon energy 0.196505 | electron momentum kIdx = 0
The 9-th iteration is completed.	|| time cost : 0h 0m 17.665s
********************************************************************************************************************
Start the 10 rounds of NGS-ED iteration
	effective electronic model is modified as: kinetic energy t = 0.823479
	                                           effective interaction Vq = [-2.00002,-1.91196,-1.85588,-1.91196,-1.91196,-1.92911,-1.80528,-1.92911,-1.85588,-1.80528,-1.75759,-1.80528,-1.91196,-1.92911,-1.80528,-1.92911]
	PARPACK diagonalization completed after 30 matrix-vector product operations.
	iteration results: : total energy is -56.835758 | electron energy -57.032917 + phonon energy 0.197159 | electron momentum kIdx = 0
	Nq(0) = 14.0625,	Nq(1) = 0.426509,	Nq(2) = 0.594356,	Nq(3) = 0.426509,	Nq(4) = 0.426509,	Nq(5) = 0.924075,	Nq(6) = 0.701949,	Nq(7) = 0.924075,	Nq(8) = 0.594356,	Nq(9) = 0.701949,	Nq(10) = 0.778522,	Nq(11) = 0.701949,	Nq(12) = 0.426509,	Nq(13) = 0.924075,	Nq(14) = 0.701949,	Nq(15) = 0.924075,	Sq(0) = 0.0625,	Sq(1) = 0.284863,	Sq(2) = 0.370891,	Sq(3) = 0.284863,	Sq(4) = 0.284863,	Sq(5) = 0.337742,	Sq(6) = 0.478489,	Sq(7) = 0.337742,	Sq(8) = 0.370891,	Sq(9) = 0.478489,	Sq(10) = 0.55148,	Sq(11) = 0.478489,	Sq(12) = 0.284863,	Sq(13) = 0.337742,	Sq(14) = 0.478489,	Sq(15) = 0.337742,	N(0) = 1.97756,	N(1) = 1.95733,	N(2) = 0.873744,	N(3) = 1.95733,	N(4) = 1.95733,	N(5) = 0.821263,	N(6) = 0.0352546,	N(7) = 0.821263,	N(8) = 0.873744,	N(9) = 0.0352546,	N(10) = 0.0195715,	N(11) = 0.0352546,	N(12) = 1.95733,	N(13) = 0.821263,	N(14) = 0.0352546,	N(15) = 0.821263
The 10-th iteration is completed.	|| time cost : 0h 0m 46.315s
********************************************************************************************************************
Start the 11 rounds of NGS-ED iteration
	effective electronic model is modified as: kinetic energy t = 0.823387
	                                           effective interaction Vq = [-2.00003,-1.91218,-1.85611,-1.91218,-1.91218,-1.92934,-1.80556,-1.92934,-1.85611,-1.80556,-1.75791,-1.80556,-1.91218,-1.92934,-1.80556,-1.92934]
	PARPACK diagonalization completed after 30 matrix-vector product operations.
	iteration results: : total energy is -56.835833 | electron energy -57.033367 + phonon energy 0.197534 | electron momentum kIdx = 0
The 11-th iteration is completed.	|| time cost : 0h 0m 17.687s
********************************************************************************************************************
Start the 12 rounds of NGS-ED iteration
	effective electronic model is modified as: kinetic energy t = 0.823334
	                                           effective interaction Vq = [-2.00003,-1.91231,-1.85625,-1.91231,-1.91231,-1.92947,-1.80572,-1.92947,-1.85625,-1.80572, -1.7581,-1.80572,-1.91231,-1.92947,-1.80572,-1.92947]
	PARPACK diagonalization completed after 30 matrix-vector product operations.
	iteration results: : total energy is -56.835860 | electron energy -57.033610 + phonon energy 0.197750 | electron momentum kIdx = 0
The 12-th iteration is completed.	|| time cost : 0h 0m 17.66s
********************************************************************************************************************
Start the 13 rounds of NGS-ED iteration
	effective electronic model is modified as: kinetic energy t = 0.823304
	                                           effective interaction Vq = [-2.00003,-1.91238,-1.85632,-1.91238,-1.91238,-1.92954,-1.80581,-1.92954,-1.85632,-1.80581,-1.75821,-1.80581,-1.91238,-1.92954,-1.80581,-1.92954]
	PARPACK diagonalization completed after 30 matrix-vector product operations.
	iteration results: : total energy is -56.835870 | electron energy -57.033744 + phonon energy 0.197873 | electron momentum kIdx = 0
The 13-th iteration is completed.	|| time cost : 0h 0m 17.652s
********************************************************************************************************************
Start the 14 rounds of NGS-ED iteration
	effective electronic model is modified as: kinetic energy t = 0.823286
	                                           effective interaction Vq = [-2.00003,-1.91242,-1.85636,-1.91242,-1.91242,-1.92958,-1.80587,-1.92958,-1.85636,-1.80587,-1.75828,-1.80587,-1.91242,-1.92958,-1.80587,-1.92958]
	PARPACK diagonalization completed after 30 matrix-vector product operations.
	iteration results: : total energy is -56.835874 | electron energy -57.033818 + phonon energy 0.197945 | electron momentum kIdx = 0
The 14-th iteration is completed.	|| time cost : 0h 0m 17.658s
********************************************************************************************************************
Start the 15 rounds of NGS-ED iteration
	effective electronic model is modified as: kinetic energy t = 0.823276
	                                           effective interaction Vq = [-2.00003,-1.91244,-1.85639,-1.91244,-1.91244,-1.92961, -1.8059,-1.92961,-1.85639, -1.8059,-1.75832, -1.8059,-1.91244,-1.92961, -1.8059,-1.92961]
	PARPACK diagonalization completed after 30 matrix-vector product operations.
	iteration results: : total energy is -56.835875 | electron energy -57.033861 + phonon energy 0.197985 | electron momentum kIdx = 0
The 15-th iteration is completed.	|| time cost : 0h 0m 17.726s
********************************************************************************************************************
Start the 16 rounds of NGS-ED iteration
	effective electronic model is modified as: kinetic energy t = 0.823271
	                                           effective interaction Vq = [-2.00003,-1.91245, -1.8564,-1.91245,-1.91245,-1.92962,-1.80591,-1.92962, -1.8564,-1.80591,-1.75834,-1.80591,-1.91245,-1.92962,-1.80591,-1.92962]
	PARPACK diagonalization completed after 30 matrix-vector product operations.
	iteration results: : total energy is -56.835876 | electron energy -57.033884 + phonon energy 0.198009 | electron momentum kIdx = 0
The 16-th iteration is completed.	|| time cost : 0h 0m 17.757s
********************************************************************************************************************
Start the 17 rounds of NGS-ED iteration
	effective electronic model is modified as: kinetic energy t = 0.823267
	                                           effective interaction Vq = [-2.00003,-1.91246,-1.85641,-1.91246,-1.91246,-1.92963,-1.80592,-1.92963,-1.85641,-1.80592,-1.75836,-1.80592,-1.91246,-1.92963,-1.80592,-1.92963]
	PARPACK diagonalization completed after 30 matrix-vector product operations.
	iteration results: : total energy is -56.835876 | electron energy -57.033898 + phonon energy 0.198022 | electron momentum kIdx = 0
The 17-th iteration is completed.	|| time cost : 0h 0m 17.68s
********************************************************************************************************************
Start the 18 rounds of NGS-ED iteration
	effective electronic model is modified as: kinetic energy t = 0.823265
	                                           effective interaction Vq = [-2.00003,-1.91247,-1.85641,-1.91247,-1.91247,-1.92963,-1.80593,-1.92963,-1.85641,-1.80593,-1.75836,-1.80593,-1.91247,-1.92963,-1.80593,-1.92963]
	PARPACK diagonalization completed after 30 matrix-vector product operations.
	iteration results: : total energy is -56.835876 | electron energy -57.033906 + phonon energy 0.198030 | electron momentum kIdx = 0
The 18-th iteration is completed.	|| time cost : 0h 0m 17.688s
********************************************************************************************************************
Start the 19 rounds of NGS-ED iteration
	effective electronic model is modified as: kinetic energy t = 0.823264
	                                           effective interaction Vq = [-2.00003,-1.91247,-1.85641,-1.91247,-1.91247,-1.92963,-1.80593,-1.92963,-1.85641,-1.80593,-1.75837,-1.80593,-1.91247,-1.92963,-1.80593,-1.92963]
	PARPACK diagonalization completed after 30 matrix-vector product operations.
	iteration results: : total energy is -56.835876 | electron energy -57.033910 + phonon energy 0.198034 | electron momentum kIdx = 0
The 19-th iteration is completed.	|| time cost : 0h 0m 17.653s
********************************************************************************************************************
Start the 20 rounds of NGS-ED iteration
	effective electronic model is modified as: kinetic energy t = 0.823264
	                                           effective interaction Vq = [-2.00003,-1.91247,-1.85641,-1.91247,-1.91247,-1.92964,-1.80594,-1.92964,-1.85641,-1.80594,-1.75837,-1.80594,-1.91247,-1.92964,-1.80594,-1.92964]
	PARPACK diagonalization completed after 30 matrix-vector product operations.
	iteration results: : total energy is -56.835876 | electron energy -57.033913 + phonon energy 0.198037 | electron momentum kIdx = 0
	Nq(0) = 14.0625,	Nq(1) = 0.426537,	Nq(2) = 0.594393,	Nq(3) = 0.426537,	Nq(4) = 0.426537,	Nq(5) = 0.924191,	Nq(6) = 0.702072,	Nq(7) = 0.924191,	Nq(8) = 0.594393,	Nq(9) = 0.702072,	Nq(10) = 0.778721,	Nq(11) = 0.702072,	Nq(12) = 0.426537,	Nq(13) = 0.924191,	Nq(14) = 0.702072,	Nq(15) = 0.924191,	Sq(0) = 0.0625,	Sq(1) = 0.284786,	Sq(2) = 0.37081,	Sq(3) = 0.284786,	Sq(4) = 0.284786,	Sq(5) = 0.337679,	Sq(6) = 0.478366,	Sq(7) = 0.337679,	Sq(8) = 0.37081,	Sq(9) = 0.478366,	Sq(10) = 0.551349,	Sq(11) = 0.478366,	Sq(12) = 0.284786,	Sq(13) = 0.337679,	Sq(14) = 0.478366,	Sq(15) = 0.337679,	N(0) = 1.97752,	N(1) = 1.95725,	N(2) = 0.873739,	N(3) = 1.95725,	N(4) = 1.95725,	N(5) = 0.82128,	N(6) = 0.0353157,	N(7) = 0.82128,	N(8) = 0.873739,	N(9) = 0.0353157,	N(10) = 0.0196068,	N(11) = 0.0353157,	N(12) = 1.95725,	N(13) = 0.82128,	N(14) = 0.0353157,	N(15) = 0.82128
The 20-th iteration is completed.	|| time cost : 0h 0m 46.336s
********************************************************************************************************************
Start the 21 rounds of NGS-ED iteration
	effective electronic model is modified as: kinetic energy t = 0.823263
	                                           effective interaction Vq = [-2.00003,-1.91247,-1.85642,-1.91247,-1.91247,-1.92964,-1.80594,-1.92964,-1.85642,-1.80594,-1.75837,-1.80594,-1.91247,-1.92964,-1.80594,-1.92964]
	PARPACK diagonalization completed after 30 matrix-vector product operations.
	iteration results: : total energy is -56.835876 | electron energy -57.033914 + phonon energy 0.198038 | electron momentum kIdx = 0
The 21-th iteration is completed.	|| time cost : 0h 0m 17.682s
********************************************************************************************************************
Start the 22 rounds of NGS-ED iteration
	effective electronic model is modified as: kinetic energy t = 0.823263
	                                           effective interaction Vq = [-2.00003,-1.91247,-1.85642,-1.91247,-1.91247,-1.92964,-1.80594,-1.92964,-1.85642,-1.80594,-1.75837,-1.80594,-1.91247,-1.92964,-1.80594,-1.92964]
	PARPACK diagonalization completed after 30 matrix-vector product operations.
	iteration results: : total energy is -56.835876 | electron energy -57.033915 + phonon energy 0.198039 | electron momentum kIdx = 0
The 22-th iteration is completed.	|| time cost : 0h 0m 17.665s
********************************************************************************************************************
Start the 23 rounds of NGS-ED iteration
	effective electronic model is modified as: kinetic energy t = 0.823263
	                                           effective interaction Vq = [-2.00003,-1.91247,-1.85642,-1.91247,-1.91247,-1.92964,-1.80594,-1.92964,-1.85642,-1.80594,-1.75837,-1.80594,-1.91247,-1.92964,-1.80594,-1.92964]
	PARPACK diagonalization completed after 30 matrix-vector product operations.
	iteration results: : total energy is -56.835876 | electron energy -57.033916 + phonon energy 0.198040 | electron momentum kIdx = 0
The 23-th iteration is completed.	|| time cost : 0h 0m 17.651s
********************************************************************************************************************
Start the 24 rounds of NGS-ED iteration
	effective electronic model is modified as: kinetic energy t = 0.823263
	                                           effective interaction Vq = [-2.00003,-1.91247,-1.85642,-1.91247,-1.91247,-1.92964,-1.80594,-1.92964,-1.85642,-1.80594,-1.75837,-1.80594,-1.91247,-1.92964,-1.80594,-1.92964]
	PARPACK diagonalization completed after 30 matrix-vector product operations.
	iteration results: : total energy is -56.835876 | electron energy -57.033916 + phonon energy 0.198040 | electron momentum kIdx = 0
	Nq(0) = 14.0625,	Nq(1) = 0.426537,	Nq(2) = 0.594393,	Nq(3) = 0.426537,	Nq(4) = 0.426537,	Nq(5) = 0.924191,	Nq(6) = 0.702072,	Nq(7) = 0.924191,	Nq(8) = 0.594393,	Nq(9) = 0.702072,	Nq(10) = 0.778722,	Nq(11) = 0.702072,	Nq(12) = 0.426537,	Nq(13) = 0.924191,	Nq(14) = 0.702072,	Nq(15) = 0.924191,	Sq(0) = 0.0625,	Sq(1) = 0.284786,	Sq(2) = 0.37081,	Sq(3) = 0.284786,	Sq(4) = 0.284786,	Sq(5) = 0.337679,	Sq(6) = 0.478365,	Sq(7) = 0.337679,	Sq(8) = 0.37081,	Sq(9) = 0.478365,	Sq(10) = 0.551348,	Sq(11) = 0.478365,	Sq(12) = 0.284786,	Sq(13) = 0.337679,	Sq(14) = 0.478365,	Sq(15) = 0.337679,	N(0) = 1.97752,	N(1) = 1.95725,	N(2) = 0.873739,	N(3) = 1.95725,	N(4) = 1.95725,	N(5) = 0.82128,	N(6) = 0.0353159,	N(7) = 0.82128,	N(8) = 0.873739,	N(9) = 0.0353159,	N(10) = 0.0196069,	N(11) = 0.0353159,	N(12) = 1.95725,	N(13) = 0.82128,	N(14) = 0.0353159,	N(15) = 0.82128
The 24-th iteration is completed.	|| time cost : 0h 0m 46.33s
********************************************************************************************************************
********************************************************************************************************************
Ground state is obtained after 25 iterations. The current ground-state energy is -56.8359, in which electron energy is -57.0339 and phonon energy is 0.19804
final variational state is: 
	Gamma_x = [      1,1.05805,1.09762,1.05805,1.05805,1.11901,1.12769,1.11901,1.09762,1.12769,1.15121,1.12769,1.05805,1.11901,1.12769,1.11901]
	lambda_q = [0.632459, 0.50013,0.462983, 0.50013, 0.50013,0.513808,0.435438,0.513808,0.462983,0.435438,0.412617,0.435438, 0.50013,0.513808,0.435438,0.513808]
********************************************************************************************************************
o___o  ----------------------------------------
| L |	Time since last clock: 0h 0m 0s
A===A	Time since the beginning: 0h 18m 36.112s
***********************************************


Non-Gaussina ED ground state calculation is completed. The final ground-state energy is -56.8359
********************************************************************************************************************
o___o  ----------------------------------------
| L |	Time since last clock: 0h 0m 0.001s
A===A	Time since the beginning: 0h 18m 36.113s
***********************************************



********************************************************************************************************************
All non-Gaussian ED ground state calculations have been completed. Exit now.
TACC:  Shutdown complete. Exiting. 
