TACC:  Starting up job 1741586 
TACC:  Starting parallel tasks... 
SNEDics v3.4 Non-Gaussian ED ground state program		Start at Fri Oct  9 16:58:17 2020

parallized on 16 MPI threads  * 7 OpenMP threads = 112 total threads.
********************************************************************************************************************
********************************************************************************************************************

********************************************************************************************************************
System parameters and configurations
********************************************************************************************************************
Special program options are enabled: splitted diagonal Hamiltonian
********************************************************************************************************************
Read input file "model_params.in"
	Hubbard-Holstein model parameters : 	t = 1    U = 8    g = 0.2    W = 0.2    g' = 0.14    
********************************************************************************************************************
Read input file "hilbertspace_params.in"
	Requested 16-site 2D lattice, with 14 electrons (7, 7)
	Boundary : Periodic		Hilbert space representation : momentum-space (restricted to kIdx = 0)
	Conservation: particle number[U(1)]      spin[U(1)]     momentum
********************************************************************************************************************

Cluster Positions:				Cluster symmetry group : D4
 x ... x ... x ... x .....                       x ... x ... x ... x .....
 |           |           :                       |           |           :
 |           |           :                       |           |           :
12    13    14    15     x                       1     5     6     5     x
 |           |           :                       |           |           :
 |           |           :                       |           |           :
 8 --- 9 ---10 ---11 --- x                       2 --- 6 ---10 --- 6 --- x
 |           |           :                       |           |           :
 |           |           :                       |           |           :
 4     5     6     7     x                       1     5     6     5     x
 |           |           :                       |           |           :
 |           |           :                       |           |           :
 0 --- 1 --- 2 --- 3 --- x                       0 --- 1 --- 2 --- 1 --- x
orbital number : 1
********************************************************************************************************************
Read input file "obs_params.in"
	Observable Type : Nq(All),   Sq(All),   N(All),   Delta[s](All),   Delta[d](All),   Delta[s+](All)
********************************************************************************************************************
** WARNING ** the input observables have non-local factors which have been reinterpreted. The total observable number is 96
********************************************************************************************************************


********************************************************************************************************************
Start calculating the non-Gaussian ED ground state
** WARNING ** Detected low phonon energy W < 10. The initial state will be prepared through a warm-up process.
********************************************************************************************************************
Start warm-up calculation for scaling factor 64
open output files: NGSEDWarmUpW12.8Obs.txt
********************************************************************************************************************
Start the 0 rounds of NGS-ED iteration
	effective electronic model is modified as: kinetic energy t = 1
	                                           effective interaction Vq = [0,0,0,0,0,0,0,0,0,0,0,0,0,0,0,0]
	first Hamiltonian is constructed, non-zero numbers = 2178478298
	PARPACK diagonalization completed after 165 matrix-vector product operations.
	iteration results: : total energy is -11.868836 | electron energy -11.868836 + phonon energy 0.000000 | electron momentum kIdx = 0
	Nq(0) = 12.25,	Nq(1) = 0.154193,	Nq(2) = 0.185311,	Nq(3) = 0.154193,	Nq(4) = 0.154193,	Nq(5) = 0.203281,	Nq(6) = 0.235634,	Nq(7) = 0.203281,	Nq(8) = 0.185311,	Nq(9) = 0.235634,	Nq(10) = 0.275446,	Nq(11) = 0.235634,	Nq(12) = 0.154193,	Nq(13) = 0.203281,	Nq(14) = 0.235634,	Nq(15) = 0.203281,	Sq(0) = 1.11096e-18,	Sq(1) = 0.474292,	Sq(2) = 0.766364,	Sq(3) = 0.474292,	Sq(4) = 0.474292,	Sq(5) = 0.630724,	Sq(6) = 1.05279,	Sq(7) = 0.630724,	Sq(8) = 0.766364,	Sq(9) = 1.05279,	Sq(10) = 2.56755,	Sq(11) = 1.05279,	Sq(12) = 0.474292,	Sq(13) = 0.630724,	Sq(14) = 1.05279,	Sq(15) = 0.630724,	N(0) = 1.75464,	N(1) = 1.59086,	N(2) = 0.323321,	N(3) = 1.59086,	N(4) = 1.59086,	N(5) = 0.999881,	N(6) = 0.267546,	N(7) = 0.999881,	N(8) = 0.323321,	N(9) = 0.267546,	N(10) = 0.165565,	N(11) = 0.267546,	N(12) = 1.59086,	N(13) = 0.999881,	N(14) = 0.267546,	N(15) = 0.999881,	Delta[s](0) = 0.0780359,	Delta[s](1) = 0.0586276,	Delta[s](2) = 0.0355801,	Delta[s](3) = 0.0586276,	Delta[s](4) = 0.0586276,	Delta[s](5) = 0.0421779,	Delta[s](6) = 0.0201205,	Delta[s](7) = 0.0421779,	Delta[s](8) = 0.0355801,	Delta[s](9) = 0.0201205,	Delta[s](10) = 0.00134975,	Delta[s](11) = 0.0201205,	Delta[s](12) = 0.0586276,	Delta[s](13) = 0.0421779,	Delta[s](14) = 0.0201205,	Delta[s](15) = 0.0421779,	Delta[d](0) = 0.28595,	Delta[d](1) = 0.199595,	Delta[d](2) = 0.208732,	Delta[d](3) = 0.199595,	Delta[d](4) = 0.199595,	Delta[d](5) = 0.185165,	Delta[d](6) = 0.13921,	Delta[d](7) = 0.185165,	Delta[d](8) = 0.208732,	Delta[d](9) = 0.13921,	Delta[d](10) = 0.0565219,	Delta[d](11) = 0.13921,	Delta[d](12) = 0.199595,	Delta[d](13) = 0.185165,	Delta[d](14) = 0.13921,	Delta[d](15) = 0.185165,	Delta[s+](0) = 0.582233,	Delta[s+](1) = 0.433752,	Delta[s+](2) = 0.208732,	Delta[s+](3) = 0.433752,	Delta[s+](4) = 0.433752,	Delta[s+](5) = 0.303578,	Delta[s+](6) = 0.132312,	Delta[s+](7) = 0.303578,	Delta[s+](8) = 0.208732,	Delta[s+](9) = 0.132312,	Delta[s+](10) = 0.0407548,	Delta[s+](11) = 0.132312,	Delta[s+](12) = 0.433752,	Delta[s+](13) = 0.303578,	Delta[s+](14) = 0.132312,	Delta[s+](15) = 0.303578
The 0-th iteration is completed.	|| time cost : 0h 6m 31.965s
********************************************************************************************************************
Start the 1 rounds of NGS-ED iteration
	effective electronic model is modified as: kinetic energy t = 0.99131
	                                           effective interaction Vq = [  -2.66474, -0.997461,  -0.16533, -0.997461, -0.997461, -0.167059,-0.0258914, -0.167059,  -0.16533,-0.0258914, -0.514226,-0.0258914, -0.997461, -0.167059,-0.0258914, -0.167059]
	PARPACK diagonalization completed after 60 matrix-vector product operations.
	iteration results: : total energy is -45.376823 | electron energy -45.376910 + phonon energy 0.000087 | electron momentum kIdx = 0
The 1-th iteration is completed.	|| time cost : 0h 5m 14.224s
********************************************************************************************************************
Start the 2 rounds of NGS-ED iteration
	effective electronic model is modified as: kinetic energy t = 0.98786
	                                           effective interaction Vq = [  -2.87074,  -1.08988, -0.179066,  -1.08988,  -1.08988,  -0.18111,-0.0279208,  -0.18111, -0.179066,-0.0279208, -0.556857,-0.0279208,  -1.08988,  -0.18111,-0.0279208,  -0.18111]
	PARPACK diagonalization completed after 60 matrix-vector product operations.
	iteration results: : total energy is -47.934156 | electron energy -47.934501 + phonon energy 0.000346 | electron momentum kIdx = 0
The 2-th iteration is completed.	|| time cost : 0h 0m 27.168s
********************************************************************************************************************
Start the 3 rounds of NGS-ED iteration
	effective electronic model is modified as: kinetic energy t = 0.987147
	                                           effective interaction Vq = [  -2.88667,  -1.10406, -0.180948,  -1.10406,  -1.10406, -0.183072,-0.0281767, -0.183072, -0.180948,-0.0281767, -0.562383,-0.0281767,  -1.10406, -0.183072,-0.0281767, -0.183072]
	PARPACK diagonalization completed after 45 matrix-vector product operations.
	iteration results: : total energy is -48.130594 | electron energy -48.131048 + phonon energy 0.000454 | electron momentum kIdx = 0
The 3-th iteration is completed.	|| time cost : 0h 0m 24.351s
********************************************************************************************************************
Start the 4 rounds of NGS-ED iteration
	effective electronic model is modified as: kinetic energy t = 0.987007
	                                           effective interaction Vq = [   -2.8879,  -1.10679, -0.181243,  -1.10679,  -1.10679, -0.183388,-0.0282125, -0.183388, -0.181243,-0.0282125, -0.563176,-0.0282125,  -1.10679, -0.183388,-0.0282125, -0.183388]
	PARPACK diagonalization completed after 45 matrix-vector product operations.
	iteration results: : total energy is -48.145730 | electron energy -48.146211 + phonon energy 0.000481 | electron momentum kIdx = 0
The 4-th iteration is completed.	|| time cost : 0h 0m 24.353s
********************************************************************************************************************
Start the 5 rounds of NGS-ED iteration
	effective electronic model is modified as: kinetic energy t = 0.98698
	                                           effective interaction Vq = [  -2.88799,  -1.10735,  -0.18129,  -1.10735,  -1.10735,  -0.18344,-0.0282176,  -0.18344,  -0.18129,-0.0282176, -0.563292,-0.0282176,  -1.10735,  -0.18344,-0.0282176,  -0.18344]
	PARPACK diagonalization completed after 30 matrix-vector product operations.
	iteration results: : total energy is -48.146898 | electron energy -48.147385 + phonon energy 0.000486 | electron momentum kIdx = 0
The 5-th iteration is completed.	|| time cost : 0h 0m 21.558s
********************************************************************************************************************
Start the 6 rounds of NGS-ED iteration
	effective electronic model is modified as: kinetic energy t = 0.986975
	                                           effective interaction Vq = [    -2.888,  -1.10747, -0.181297,  -1.10747,  -1.10747, -0.183449,-0.0282183, -0.183449, -0.181297,-0.0282183, -0.563309,-0.0282183,  -1.10747, -0.183449,-0.0282183, -0.183449]
	PARPACK diagonalization completed after 30 matrix-vector product operations.
	iteration results: : total energy is -48.146989 | electron energy -48.147476 + phonon energy 0.000488 | electron momentum kIdx = 0
	Nq(0) = 12.25,	Nq(1) = 0.170922,	Nq(2) = 0.19053,	Nq(3) = 0.170922,	Nq(4) = 0.170922,	Nq(5) = 0.207815,	Nq(6) = 0.240551,	Nq(7) = 0.207815,	Nq(8) = 0.19053,	Nq(9) = 0.240551,	Nq(10) = 0.294785,	Nq(11) = 0.240551,	Nq(12) = 0.170922,	Nq(13) = 0.207815,	Nq(14) = 0.240551,	Nq(15) = 0.207815,	Sq(0) = -2.95083e-18,	Sq(1) = 0.463772,	Sq(2) = 0.754751,	Sq(3) = 0.463772,	Sq(4) = 0.463772,	Sq(5) = 0.623138,	Sq(6) = 1.04936,	Sq(7) = 0.623138,	Sq(8) = 0.754751,	Sq(9) = 1.04936,	Sq(10) = 2.54243,	Sq(11) = 1.04936,	Sq(12) = 0.463772,	Sq(13) = 0.623138,	Sq(14) = 1.04936,	Sq(15) = 0.623138,	N(0) = 1.77288,	N(1) = 1.62116,	N(2) = 0.306195,	N(3) = 1.62116,	N(4) = 1.62116,	N(5) = 0.993998,	N(6) = 0.249029,	N(7) = 0.993998,	N(8) = 0.306195,	N(9) = 0.249029,	N(10) = 0.157978,	N(11) = 0.249029,	N(12) = 1.62116,	N(13) = 0.993998,	N(14) = 0.249029,	N(15) = 0.993998,	Delta[s](0) = 0.0849431,	Delta[s](1) = 0.0642457,	Delta[s](2) = 0.0392957,	Delta[s](3) = 0.0642457,	Delta[s](4) = 0.0642457,	Delta[s](5) = 0.0468276,	Delta[s](6) = 0.0228164,	Delta[s](7) = 0.0468276,	Delta[s](8) = 0.0392957,	Delta[s](9) = 0.0228164,	Delta[s](10) = 0.00240623,	Delta[s](11) = 0.0228164,	Delta[s](12) = 0.0642457,	Delta[s](13) = 0.0468276,	Delta[s](14) = 0.0228164,	Delta[s](15) = 0.0468276,	Delta[d](0) = 0.32009,	Delta[d](1) = 0.206411,	Delta[d](2) = 0.215076,	Delta[d](3) = 0.206411,	Delta[d](4) = 0.206411,	Delta[d](5) = 0.191235,	Delta[d](6) = 0.141261,	Delta[d](7) = 0.191235,	Delta[d](8) = 0.215076,	Delta[d](9) = 0.141261,	Delta[d](10) = 0.0590519,	Delta[d](11) = 0.141261,	Delta[d](12) = 0.206411,	Delta[d](13) = 0.191235,	Delta[d](14) = 0.141261,	Delta[d](15) = 0.191235,	Delta[s+](0) = 0.607437,	Delta[s+](1) = 0.452005,	Delta[s+](2) = 0.215076,	Delta[s+](3) = 0.452005,	Delta[s+](4) = 0.452005,	Delta[s+](5) = 0.314232,	Delta[s+](6) = 0.134894,	Delta[s+](7) = 0.314232,	Delta[s+](8) = 0.215076,	Delta[s+](9) = 0.134894,	Delta[s+](10) = 0.0408187,	Delta[s+](11) = 0.134894,	Delta[s+](12) = 0.452005,	Delta[s+](13) = 0.314232,	Delta[s+](14) = 0.134894,	Delta[s+](15) = 0.314232
The 6-th iteration is completed.	|| time cost : 0h 4m 0.086s
********************************************************************************************************************
********************************************************************************************************************
Ground state is obtained after 7 iterations. The current ground-state energy is -48.147, in which electron energy is -48.1475 and phonon energy is 0.000487557
final variational state is: 
	Gamma_x = [      1,1.00487,1.00126,1.00487,1.00487,1.00133,1.00027,1.00133,1.00126,1.00027,1.00691,1.00027,1.00487,1.00133,1.00027,1.00133]
	lambda_q = [  0.474939,  0.241032, 0.0867764,  0.241032,  0.241032, 0.0890427,-0.0328117, 0.0890427, 0.0867764,-0.0328117, -0.143659,-0.0328117,  0.241032, 0.0890427,-0.0328117, 0.0890427]
The effective e-e interactions mediated by phonons are: [    2.888,  1.10749, 0.181299,  1.10749,  1.10749,  0.18345,0.0282184,  0.18345, 0.181299,0.0282184, 0.563311,0.0282184,  1.10749,  0.18345,0.0282184,  0.18345]
The real-space interactions mediated by phonons are: [ -9.09055, -3.84672,-0.854314, -2.39273, -4.48324, -3.56092,-0.854314, -1.02644, -3.08011, -1.02644,-0.854314, -3.56092, -4.48324, -2.39273,-0.854314, -3.84672]
********************************************************************************************************************
o___o  ----------------------------------------
| L |	Time since last clock: 0h 0m 0s
A===A	Time since the beginning: 0h 17m 23.709s
***********************************************

********************************************************************************************************************
Start warm-up calculation for scaling factor 32
open output files: NGSEDWarmUpW6.4Obs.txt
********************************************************************************************************************
Start the 0 rounds of NGS-ED iteration
	effective electronic model is modified as: kinetic energy t = 0.986973
	                                           effective interaction Vq = [   -2.6401, -0.937128,  -0.14816, -0.937128, -0.937128, -0.150738,-0.0228075, -0.150738,  -0.14816,-0.0228075, -0.453032,-0.0228075, -0.937128, -0.150738,-0.0228075, -0.150738]
	PARPACK diagonalization completed after 60 matrix-vector product operations.
	iteration results: : total energy is -44.917846 | electron energy -44.918090 + phonon energy 0.000244 | electron momentum kIdx = 0
	Nq(0) = 12.25,	Nq(1) = 0.167846,	Nq(2) = 0.189131,	Nq(3) = 0.167846,	Nq(4) = 0.167846,	Nq(5) = 0.206502,	Nq(6) = 0.239165,	Nq(7) = 0.206502,	Nq(8) = 0.189131,	Nq(9) = 0.239165,	Nq(10) = 0.290325,	Nq(11) = 0.239165,	Nq(12) = 0.167846,	Nq(13) = 0.206502,	Nq(14) = 0.239165,	Nq(15) = 0.206502,	Sq(0) = 1.82276e-19,	Sq(1) = 0.465178,	Sq(2) = 0.757085,	Sq(3) = 0.465178,	Sq(4) = 0.465178,	Sq(5) = 0.624563,	Sq(6) = 1.05162,	Sq(7) = 0.624563,	Sq(8) = 0.757085,	Sq(9) = 1.05162,	Sq(10) = 2.54775,	Sq(11) = 1.05162,	Sq(12) = 0.465178,	Sq(13) = 0.624563,	Sq(14) = 1.05162,	Sq(15) = 0.624563,	N(0) = 1.76898,	N(1) = 1.61466,	N(2) = 0.310278,	N(3) = 1.61466,	N(4) = 1.61466,	N(5) = 0.995058,	N(6) = 0.252901,	N(7) = 0.995058,	N(8) = 0.310278,	N(9) = 0.252901,	N(10) = 0.159971,	N(11) = 0.252901,	N(12) = 1.61466,	N(13) = 0.995058,	N(14) = 0.252901,	N(15) = 0.995058,	Delta[s](0) = 0.0829196,	Delta[s](1) = 0.0627537,	Delta[s](2) = 0.0385285,	Delta[s](3) = 0.0627537,	Delta[s](4) = 0.0627537,	Delta[s](5) = 0.0457199,	Delta[s](6) = 0.0224495,	Delta[s](7) = 0.0457199,	Delta[s](8) = 0.0385285,	Delta[s](9) = 0.0224495,	Delta[s](10) = 0.002649,	Delta[s](11) = 0.0224495,	Delta[s](12) = 0.0627537,	Delta[s](13) = 0.0457199,	Delta[s](14) = 0.0224495,	Delta[s](15) = 0.0457199,	Delta[d](0) = 0.325324,	Delta[d](1) = 0.214084,	Delta[d](2) = 0.222379,	Delta[d](3) = 0.214084,	Delta[d](4) = 0.214084,	Delta[d](5) = 0.197944,	Delta[d](6) = 0.146881,	Delta[d](7) = 0.197944,	Delta[d](8) = 0.222379,	Delta[d](9) = 0.146881,	Delta[d](10) = 0.0613252,	Delta[d](11) = 0.146881,	Delta[d](12) = 0.214084,	Delta[d](13) = 0.197944,	Delta[d](14) = 0.146881,	Delta[d](15) = 0.197944,	Delta[s+](0) = 0.624561,	Delta[s+](1) = 0.464974,	Delta[s+](2) = 0.222379,	Delta[s+](3) = 0.464974,	Delta[s+](4) = 0.464974,	Delta[s+](5) = 0.323876,	Delta[s+](6) = 0.139986,	Delta[s+](7) = 0.323876,	Delta[s+](8) = 0.222379,	Delta[s+](9) = 0.139986,	Delta[s+](10) = 0.0428799,	Delta[s+](11) = 0.139986,	Delta[s+](12) = 0.464974,	Delta[s+](13) = 0.323876,	Delta[s+](14) = 0.139986,	Delta[s+](15) = 0.323876
The 0-th iteration is completed.	|| time cost : 0h 4m 4.872s
********************************************************************************************************************
Start the 1 rounds of NGS-ED iteration
	effective electronic model is modified as: kinetic energy t = 0.984809
	                                           effective interaction Vq = [  -2.81907, -0.995105, -0.153843, -0.995105, -0.995105, -0.157312,-0.0234186, -0.157312, -0.153843,-0.0234186, -0.461712,-0.0234186, -0.995105, -0.157312,-0.0234186, -0.157312]
	PARPACK diagonalization completed after 45 matrix-vector product operations.
	iteration results: : total energy is -47.121906 | electron energy -47.122761 + phonon energy 0.000855 | electron momentum kIdx = 0
The 1-th iteration is completed.	|| time cost : 0h 0m 24.369s
********************************************************************************************************************
Start the 2 rounds of NGS-ED iteration
	effective electronic model is modified as: kinetic energy t = 0.983944
	                                           effective interaction Vq = [  -2.86884,  -1.01581, -0.155532,  -1.01581,  -1.01581, -0.159313,-0.0235831, -0.159313, -0.155532,-0.0235831, -0.464394,-0.0235831,  -1.01581, -0.159313,-0.0235831, -0.159313]
	PARPACK diagonalization completed after 45 matrix-vector product operations.
	iteration results: : total energy is -47.733310 | electron energy -47.734558 + phonon energy 0.001248 | electron momentum kIdx = 0
The 2-th iteration is completed.	|| time cost : 0h 0m 24.403s
********************************************************************************************************************
Start the 3 rounds of NGS-ED iteration
	effective electronic model is modified as: kinetic energy t = 0.983606
	                                           effective interaction Vq = [  -2.88267,   -1.0237, -0.156052,   -1.0237,   -1.0237, -0.159945,-0.0236285, -0.159945, -0.156052,-0.0236285,  -0.46524,-0.0236285,   -1.0237, -0.159945,-0.0236285, -0.159945]
	PARPACK diagonalization completed after 45 matrix-vector product operations.
	iteration results: : total energy is -47.903087 | electron energy -47.904528 + phonon energy 0.001441 | electron momentum kIdx = 0
The 3-th iteration is completed.	|| time cost : 0h 0m 24.368s
********************************************************************************************************************
Start the 4 rounds of NGS-ED iteration
	effective electronic model is modified as: kinetic energy t = 0.983474
	                                           effective interaction Vq = [  -2.88652,  -1.02681, -0.156214,  -1.02681,  -1.02681, -0.160146,-0.0236412, -0.160146, -0.156214,-0.0236412,  -0.46551,-0.0236412,  -1.02681, -0.160146,-0.0236412, -0.160146]
	PARPACK diagonalization completed after 45 matrix-vector product operations.
	iteration results: : total energy is -47.950257 | electron energy -47.951784 + phonon energy 0.001526 | electron momentum kIdx = 0
The 4-th iteration is completed.	|| time cost : 0h 0m 24.389s
********************************************************************************************************************
Start the 5 rounds of NGS-ED iteration
	effective electronic model is modified as: kinetic energy t = 0.983422
	                                           effective interaction Vq = [  -2.88759,  -1.02805, -0.156265,  -1.02805,  -1.02805, -0.160211,-0.0236448, -0.160211, -0.156265,-0.0236448, -0.465598,-0.0236448,  -1.02805, -0.160211,-0.0236448, -0.160211]
	PARPACK diagonalization completed after 30 matrix-vector product operations.
	iteration results: : total energy is -47.963367 | electron energy -47.964929 + phonon energy 0.001562 | electron momentum kIdx = 0
The 5-th iteration is completed.	|| time cost : 0h 0m 21.586s
********************************************************************************************************************
Start the 6 rounds of NGS-ED iteration
	effective electronic model is modified as: kinetic energy t = 0.983402
	                                           effective interaction Vq = [  -2.88789,  -1.02854, -0.156281,  -1.02854,  -1.02854, -0.160232,-0.0236458, -0.160232, -0.156281,-0.0236458, -0.465627,-0.0236458,  -1.02854, -0.160232,-0.0236458, -0.160232]
	PARPACK diagonalization completed after 30 matrix-vector product operations.
	iteration results: : total energy is -47.967011 | electron energy -47.968588 + phonon energy 0.001577 | electron momentum kIdx = 0
The 6-th iteration is completed.	|| time cost : 0h 0m 21.562s
********************************************************************************************************************
Start the 7 rounds of NGS-ED iteration
	effective electronic model is modified as: kinetic energy t = 0.983394
	                                           effective interaction Vq = [  -2.88797,  -1.02874, -0.156286,  -1.02874,  -1.02874, -0.160239,-0.0236461, -0.160239, -0.156286,-0.0236461, -0.465636,-0.0236461,  -1.02874, -0.160239,-0.0236461, -0.160239]
	PARPACK diagonalization completed after 30 matrix-vector product operations.
	iteration results: : total energy is -47.968024 | electron energy -47.969608 + phonon energy 0.001583 | electron momentum kIdx = 0
The 7-th iteration is completed.	|| time cost : 0h 0m 21.56s
********************************************************************************************************************
Start the 8 rounds of NGS-ED iteration
	effective electronic model is modified as: kinetic energy t = 0.983391
	                                           effective interaction Vq = [  -2.88799,  -1.02882, -0.156288,  -1.02882,  -1.02882, -0.160241,-0.0236462, -0.160241, -0.156288,-0.0236462, -0.465639,-0.0236462,  -1.02882, -0.160241,-0.0236462, -0.160241]
	PARPACK diagonalization completed after 30 matrix-vector product operations.
	iteration results: : total energy is -47.968306 | electron energy -47.969892 + phonon energy 0.001586 | electron momentum kIdx = 0
The 8-th iteration is completed.	|| time cost : 0h 0m 21.588s
********************************************************************************************************************
Start the 9 rounds of NGS-ED iteration
	effective electronic model is modified as: kinetic energy t = 0.983389
	                                           effective interaction Vq = [    -2.888,  -1.02885, -0.156288,  -1.02885,  -1.02885, -0.160242,-0.0236462, -0.160242, -0.156288,-0.0236462,  -0.46564,-0.0236462,  -1.02885, -0.160242,-0.0236462, -0.160242]
	PARPACK diagonalization completed after 30 matrix-vector product operations.
	iteration results: : total energy is -47.968384 | electron energy -47.969971 + phonon energy 0.001587 | electron momentum kIdx = 0
	Nq(0) = 12.25,	Nq(1) = 0.169137,	Nq(2) = 0.189114,	Nq(3) = 0.169137,	Nq(4) = 0.169137,	Nq(5) = 0.206303,	Nq(6) = 0.238945,	Nq(7) = 0.206303,	Nq(8) = 0.189114,	Nq(9) = 0.238945,	Nq(10) = 0.290472,	Nq(11) = 0.238945,	Nq(12) = 0.169137,	Nq(13) = 0.206303,	Nq(14) = 0.238945,	Nq(15) = 0.206303,	Sq(0) = 3.68307e-18,	Sq(1) = 0.464163,	Sq(2) = 0.756578,	Sq(3) = 0.464163,	Sq(4) = 0.464163,	Sq(5) = 0.624242,	Sq(6) = 1.05255,	Sq(7) = 0.624242,	Sq(8) = 0.756578,	Sq(9) = 1.05255,	Sq(10) = 2.54676,	Sq(11) = 1.05255,	Sq(12) = 0.464163,	Sq(13) = 0.624242,	Sq(14) = 1.05255,	Sq(15) = 0.624242,	N(0) = 1.76923,	N(1) = 1.61549,	N(2) = 0.310419,	N(3) = 1.61549,	N(4) = 1.61549,	N(5) = 0.994416,	N(6) = 0.252504,	N(7) = 0.994416,	N(8) = 0.310419,	N(9) = 0.252504,	N(10) = 0.160281,	N(11) = 0.252504,	N(12) = 1.61549,	N(13) = 0.994416,	N(14) = 0.252504,	N(15) = 0.994416,	Delta[s](0) = 0.0828784,	Delta[s](1) = 0.0627993,	Delta[s](2) = 0.0386532,	Delta[s](3) = 0.0627993,	Delta[s](4) = 0.0627993,	Delta[s](5) = 0.0458227,	Delta[s](6) = 0.0226338,	Delta[s](7) = 0.0458227,	Delta[s](8) = 0.0386532,	Delta[s](9) = 0.0226338,	Delta[s](10) = 0.00291237,	Delta[s](11) = 0.0226338,	Delta[s](12) = 0.0627993,	Delta[s](13) = 0.0458227,	Delta[s](14) = 0.0226338,	Delta[s](15) = 0.0458227,	Delta[d](0) = 0.339573,	Delta[d](1) = 0.222795,	Delta[d](2) = 0.230898,	Delta[d](3) = 0.222795,	Delta[d](4) = 0.222795,	Delta[d](5) = 0.205744,	Delta[d](6) = 0.152562,	Delta[d](7) = 0.205744,	Delta[d](8) = 0.230898,	Delta[d](9) = 0.152562,	Delta[d](10) = 0.0640643,	Delta[d](11) = 0.152562,	Delta[d](12) = 0.222795,	Delta[d](13) = 0.205744,	Delta[d](14) = 0.152562,	Delta[d](15) = 0.205744,	Delta[s+](0) = 0.647659,	Delta[s+](1) = 0.482183,	Delta[s+](2) = 0.230898,	Delta[s+](3) = 0.482183,	Delta[s+](4) = 0.482183,	Delta[s+](5) = 0.335812,	Delta[s+](6) = 0.145354,	Delta[s+](7) = 0.335812,	Delta[s+](8) = 0.230898,	Delta[s+](9) = 0.145354,	Delta[s+](10) = 0.0447084,	Delta[s+](11) = 0.145354,	Delta[s+](12) = 0.482183,	Delta[s+](13) = 0.335812,	Delta[s+](14) = 0.145354,	Delta[s+](15) = 0.335812
The 9-th iteration is completed.	|| time cost : 0h 3m 58.026s
********************************************************************************************************************
********************************************************************************************************************
Ground state is obtained after 10 iterations. The current ground-state energy is -47.9684, in which electron energy is -47.97 and phonon energy is 0.00158653
final variational state is: 
	Gamma_x = [      1,1.01349,1.00295,1.01349,1.01349,1.00319, 1.0006,1.00319,1.00295, 1.0006,1.01476, 1.0006,1.01349,1.00319, 1.0006,1.00319]
	lambda_q = [ 0.671424, 0.285558,0.0941332, 0.285558, 0.285558, 0.097959,-0.034582, 0.097959,0.0941332,-0.034582,-0.149397,-0.034582, 0.285558, 0.097959,-0.034582, 0.097959]
The effective e-e interactions mediated by phonons are: [    2.888,  1.02887, 0.156288,  1.02887,  1.02887, 0.160242,0.0236462, 0.160242, 0.156288,0.0236462, 0.465641,0.0236462,  1.02887, 0.160242,0.0236462, 0.160242]
The real-space interactions mediated by phonons are: [ -8.51724, -3.82635,-0.986553, -2.40643,  -4.4328, -3.49448,-0.986553, -1.19958, -3.02525, -1.19958,-0.986553, -3.49448,  -4.4328, -2.40643,-0.986553, -3.82635]
********************************************************************************************************************
o___o  ----------------------------------------
| L |	Time since last clock: 0h 0m 0s
A===A	Time since the beginning: 0h 28m 30.437s
***********************************************

********************************************************************************************************************
Start warm-up calculation for scaling factor 16
open output files: NGSEDWarmUpW3.2Obs.txt
********************************************************************************************************************
Start the 0 rounds of NGS-ED iteration
	effective electronic model is modified as: kinetic energy t = 0.983389
	                                           effective interaction Vq = [  -2.63967, -0.835603, -0.122258, -0.835603, -0.835603, -0.126027,-0.0183056, -0.126027, -0.122258,-0.0183056, -0.358842,-0.0183056, -0.835603, -0.126027,-0.0183056, -0.126027]
	PARPACK diagonalization completed after 60 matrix-vector product operations.
	iteration results: : total energy is -44.720827 | electron energy -44.721621 + phonon energy 0.000793 | electron momentum kIdx = 0
	Nq(0) = 12.25,	Nq(1) = 0.165786,	Nq(2) = 0.187705,	Nq(3) = 0.165786,	Nq(4) = 0.165786,	Nq(5) = 0.204996,	Nq(6) = 0.237541,	Nq(7) = 0.204996,	Nq(8) = 0.187705,	Nq(9) = 0.237541,	Nq(10) = 0.286142,	Nq(11) = 0.237541,	Nq(12) = 0.165786,	Nq(13) = 0.204996,	Nq(14) = 0.237541,	Nq(15) = 0.204996,	Sq(0) = -2.78494e-18,	Sq(1) = 0.465855,	Sq(2) = 0.759093,	Sq(3) = 0.465855,	Sq(4) = 0.465855,	Sq(5) = 0.62579,	Sq(6) = 1.0546,	Sq(7) = 0.62579,	Sq(8) = 0.759093,	Sq(9) = 1.0546,	Sq(10) = 2.552,	Sq(11) = 1.0546,	Sq(12) = 0.465855,	Sq(13) = 0.62579,	Sq(14) = 1.0546,	Sq(15) = 0.62579,	N(0) = 1.76508,	N(1) = 1.60865,	N(2) = 0.314679,	N(3) = 1.60865,	N(4) = 1.60865,	N(5) = 0.995608,	N(6) = 0.256557,	N(7) = 0.995608,	N(8) = 0.314679,	N(9) = 0.256557,	N(10) = 0.162308,	N(11) = 0.256557,	N(12) = 1.60865,	N(13) = 0.995608,	N(14) = 0.256557,	N(15) = 0.995608,	Delta[s](0) = 0.0811386,	Delta[s](1) = 0.0614283,	Delta[s](2) = 0.0378095,	Delta[s](3) = 0.0614283,	Delta[s](4) = 0.0614283,	Delta[s](5) = 0.0447159,	Delta[s](6) = 0.0220713,	Delta[s](7) = 0.0447159,	Delta[s](8) = 0.0378095,	Delta[s](9) = 0.0220713,	Delta[s](10) = 0.00280281,	Delta[s](11) = 0.0220713,	Delta[s](12) = 0.0614283,	Delta[s](13) = 0.0447159,	Delta[s](14) = 0.0220713,	Delta[s](15) = 0.0447159,	Delta[d](0) = 0.345023,	Delta[d](1) = 0.230342,	Delta[d](2) = 0.238402,	Delta[d](3) = 0.230342,	Delta[d](4) = 0.230342,	Delta[d](5) = 0.212497,	Delta[d](6) = 0.158193,	Delta[d](7) = 0.212497,	Delta[d](8) = 0.238402,	Delta[d](9) = 0.158193,	Delta[d](10) = 0.0662148,	Delta[d](11) = 0.158193,	Delta[d](12) = 0.230342,	Delta[d](13) = 0.212497,	Delta[d](14) = 0.158193,	Delta[d](15) = 0.212497,	Delta[s+](0) = 0.665935,	Delta[s+](1) = 0.495973,	Delta[s+](2) = 0.238402,	Delta[s+](3) = 0.495973,	Delta[s+](4) = 0.495973,	Delta[s+](5) = 0.34599,	Delta[s+](6) = 0.150506,	Delta[s+](7) = 0.34599,	Delta[s+](8) = 0.238402,	Delta[s+](9) = 0.150506,	Delta[s+](10) = 0.0466461,	Delta[s+](11) = 0.150506,	Delta[s+](12) = 0.495973,	Delta[s+](13) = 0.34599,	Delta[s+](14) = 0.150506,	Delta[s+](15) = 0.34599
The 0-th iteration is completed.	|| time cost : 0h 4m 5.431s
********************************************************************************************************************
Start the 1 rounds of NGS-ED iteration
	effective electronic model is modified as: kinetic energy t = 0.983307
	                                           effective interaction Vq = [  -2.75706, -0.851986, -0.120237, -0.851986, -0.851986, -0.124874,-0.0177219, -0.124874, -0.120237,-0.0177219, -0.343781,-0.0177219, -0.851986, -0.124874,-0.0177219, -0.124874]
	PARPACK diagonalization completed after 45 matrix-vector product operations.
	iteration results: : total energy is -46.160811 | electron energy -46.162532 + phonon energy 0.001722 | electron momentum kIdx = 0
The 1-th iteration is completed.	|| time cost : 0h 0m 24.382s
********************************************************************************************************************
Start the 2 rounds of NGS-ED iteration
	effective electronic model is modified as: kinetic energy t = 0.983152
	                                           effective interaction Vq = [  -2.81895, -0.861338, -0.119423, -0.861338, -0.861338, -0.124397,-0.0175024, -0.124397, -0.119423,-0.0175024, -0.338801,-0.0175024, -0.861338, -0.124397,-0.0175024, -0.124397]
	PARPACK diagonalization completed after 45 matrix-vector product operations.
	iteration results: : total energy is -46.919617 | electron energy -46.922012 + phonon energy 0.002396 | electron momentum kIdx = 0
The 2-th iteration is completed.	|| time cost : 0h 0m 24.365s
********************************************************************************************************************
Start the 3 rounds of NGS-ED iteration
	effective electronic model is modified as: kinetic energy t = 0.983027
	                                           effective interaction Vq = [  -2.85159, -0.866728, -0.119101, -0.866728, -0.866728, -0.124204,-0.0174208, -0.124204, -0.119101,-0.0174208, -0.337218,-0.0174208, -0.866728, -0.124204,-0.0174208, -0.124204]
	PARPACK diagonalization completed after 45 matrix-vector product operations.
	iteration results: : total energy is -47.319614 | electron energy -47.322448 + phonon energy 0.002834 | electron momentum kIdx = 0
The 3-th iteration is completed.	|| time cost : 0h 0m 24.412s
********************************************************************************************************************
Start the 4 rounds of NGS-ED iteration
	effective electronic model is modified as: kinetic energy t = 0.982941
	                                           effective interaction Vq = [   -2.8688, -0.869855, -0.118976, -0.869855, -0.869855, -0.124128,-0.0173907, -0.124128, -0.118976,-0.0173907, -0.336741,-0.0173907, -0.869855, -0.124128,-0.0173907, -0.124128]
	PARPACK diagonalization completed after 45 matrix-vector product operations.
	iteration results: : total energy is -47.530496 | electron energy -47.533602 + phonon energy 0.003107 | electron momentum kIdx = 0
The 4-th iteration is completed.	|| time cost : 0h 0m 24.367s
********************************************************************************************************************
Start the 5 rounds of NGS-ED iteration
	effective electronic model is modified as: kinetic energy t = 0.982887
	                                           effective interaction Vq = [  -2.87788, -0.871677, -0.118929, -0.871677, -0.871677, -0.124099,-0.0173798, -0.124099, -0.118929,-0.0173798, -0.336612,-0.0173798, -0.871677, -0.124099,-0.0173798, -0.124099]
	PARPACK diagonalization completed after 45 matrix-vector product operations.
	iteration results: : total energy is -47.641682 | electron energy -47.644954 + phonon energy 0.003273 | electron momentum kIdx = 0
The 5-th iteration is completed.	|| time cost : 0h 0m 24.392s
********************************************************************************************************************
Start the 6 rounds of NGS-ED iteration
	effective electronic model is modified as: kinetic energy t = 0.982853
	                                           effective interaction Vq = [  -2.88266, -0.872741, -0.118912, -0.872741, -0.872741, -0.124088,-0.0173758, -0.124088, -0.118912,-0.0173758, -0.336586,-0.0173758, -0.872741, -0.124088,-0.0173758, -0.124088]
	PARPACK diagonalization completed after 30 matrix-vector product operations.
	iteration results: : total energy is -47.700305 | electron energy -47.703677 + phonon energy 0.003372 | electron momentum kIdx = 0
The 6-th iteration is completed.	|| time cost : 0h 0m 21.567s
********************************************************************************************************************
Start the 7 rounds of NGS-ED iteration
	effective electronic model is modified as: kinetic energy t = 0.982833
	                                           effective interaction Vq = [  -2.88519, -0.873364, -0.118906, -0.873364, -0.873364, -0.124085,-0.0173744, -0.124085, -0.118906,-0.0173744, -0.336586,-0.0173744, -0.873364, -0.124085,-0.0173744, -0.124085]
	PARPACK diagonalization completed after 30 matrix-vector product operations.
	iteration results: : total energy is -47.731216 | electron energy -47.734647 + phonon energy 0.003432 | electron momentum kIdx = 0
The 7-th iteration is completed.	|| time cost : 0h 0m 21.562s
********************************************************************************************************************
Start the 8 rounds of NGS-ED iteration
	effective electronic model is modified as: kinetic energy t = 0.982821
	                                           effective interaction Vq = [  -2.88652, -0.873729, -0.118904, -0.873729, -0.873729, -0.124084,-0.0173739, -0.124084, -0.118904,-0.0173739, -0.336592,-0.0173739, -0.873729, -0.124084,-0.0173739, -0.124084]
	PARPACK diagonalization completed after 30 matrix-vector product operations.
	iteration results: : total energy is -47.747514 | electron energy -47.750981 + phonon energy 0.003467 | electron momentum kIdx = 0
The 8-th iteration is completed.	|| time cost : 0h 0m 21.604s
********************************************************************************************************************
Start the 9 rounds of NGS-ED iteration
	effective electronic model is modified as: kinetic energy t = 0.982814
	                                           effective interaction Vq = [  -2.88722, -0.873943, -0.118904, -0.873943, -0.873943, -0.124084,-0.0173738, -0.124084, -0.118904,-0.0173738, -0.336597,-0.0173738, -0.873943, -0.124084,-0.0173738, -0.124084]
	PARPACK diagonalization completed after 30 matrix-vector product operations.
	iteration results: : total energy is -47.756108 | electron energy -47.759596 + phonon energy 0.003488 | electron momentum kIdx = 0
The 9-th iteration is completed.	|| time cost : 0h 0m 21.599s
********************************************************************************************************************
Start the 10 rounds of NGS-ED iteration
	effective electronic model is modified as: kinetic energy t = 0.98281
	                                           effective interaction Vq = [  -2.88759, -0.874069, -0.118904, -0.874069, -0.874069, -0.124084,-0.0173737, -0.124084, -0.118904,-0.0173737,   -0.3366,-0.0173737, -0.874069, -0.124084,-0.0173737, -0.124084]
	PARPACK diagonalization completed after 30 matrix-vector product operations.
	iteration results: : total energy is -47.760640 | electron energy -47.764140 + phonon energy 0.003500 | electron momentum kIdx = 0
