SNEDics v3.4 Non-Gaussian ED ground state program		Start at Thu Oct  3 09:32:59 2019

parallized on 16 MPI threads  * 8 OpenMP threads = 128 total threads.
********************************************************************************************************************
********************************************************************************************************************

********************************************************************************************************************
System parameters and configurations
********************************************************************************************************************
Special program options are enabled: splitted diagonal Hamiltonian
********************************************************************************************************************
Read input file "model_params.in"
	Hubbard-Holstein model parameters : 	t = 1    U = 4.1    g = 3.2404    W = 5    
********************************************************************************************************************
Read input file "hilbertspace_params.in"
	Requested 16-site 2D lattice, with 16 electrons (8, 8)
	Boundary : Periodic		Hilbert space representation : momentum-space (restricted to kIdx = 0)
	Conservation: particle number[U(1)]      spin[U(1)]     momentum
********************************************************************************************************************

Cluster Positions:				Cluster symmetry group : D4
 x ... x ... x ... x .....                       x ... x ... x ... x .....
 |           |           :                       |           |           :
 |           |           :                       |           |           :
12    13    14    15     x                       1     5     6     5     x
 |           |           :                       |           |           :
 |           |           :                       |           |           :
 8 --- 9 ---10 ---11 --- x                       2 --- 6 ---10 --- 6 --- x
 |           |           :                       |           |           :
 |           |           :                       |           |           :
 4     5     6     7     x                       1     5     6     5     x
 |           |           :                       |           |           :
 |           |           :                       |           |           :
 0 --- 1 --- 2 --- 3 --- x                       0 --- 1 --- 2 --- 1 --- x
orbital number : 1
********************************************************************************************************************
Read input file "obs_params.in"
	Observable Type : Nq(All),   Sq(All),   N(All),   Delta[s](All),   Delta[d](All),   Delta[s+](All)
********************************************************************************************************************
** WARNING ** the input observables have non-local factors which have been reinterpreted. The total observable number is 96
********************************************************************************************************************


********************************************************************************************************************
Start calculating the non-Gaussian ED ground state
** WARNING ** Detected low phonon energy W < 10. The initial state will be prepared through a warm-up process.
********************************************************************************************************************
Start warm-up calculation for scaling factor 2
open output files: NGSEDWarmUpW10Obs.txt
********************************************************************************************************************
Start the 0 rounds of NGS-ED iteration
	effective electronic model is modified as: kinetic energy t = 1
	                                           effective interaction Vq = [-0,-0,-0,-0,-0,-0,-0,-0,-0,-0,-0,-0,-0,-0,-0,-0]
	first Hamiltonian is constructed, non-zero numbers = 2845383612
	PARPACK diagonalization completed after 90 matrix-vector product operations.
	iteration results: : total energy is -13.439319 | electron energy -13.439319 + phonon energy 0.000000 | electron momentum kIdx = 0
	Nq(0) = 16,	Nq(1) = 0.153932,	Nq(2) = 0.229221,	Nq(3) = 0.153932,	Nq(4) = 0.153932,	Nq(5) = 0.229221,	Nq(6) = 0.311837,	Nq(7) = 0.229221,	Nq(8) = 0.229221,	Nq(9) = 0.311837,	Nq(10) = 0.379138,	Nq(11) = 0.311837,	Nq(12) = 0.153932,	Nq(13) = 0.229221,	Nq(14) = 0.311837,	Nq(15) = 0.229221,	Sq(0) = -3.73258e-18,	Sq(1) = 0.427186,	Sq(2) = 0.624572,	Sq(3) = 0.427186,	Sq(4) = 0.427186,	Sq(5) = 0.624572,	Sq(6) = 0.808187,	Sq(7) = 0.624572,	Sq(8) = 0.624572,	Sq(9) = 0.808187,	Sq(10) = 3.69354,	Sq(11) = 0.808187,	Sq(12) = 0.427186,	Sq(13) = 0.624572,	Sq(14) = 0.808187,	Sq(15) = 0.624572,	N(0) = 1.92779,	N(1) = 1.83956,	N(2) = 1,	N(3) = 1.83956,	N(4) = 1.83956,	N(5) = 1,	N(6) = 0.16044,	N(7) = 1,	N(8) = 1,	N(9) = 0.16044,	N(10) = 0.0722099,	N(11) = 0.16044,	N(12) = 1.83956,	N(13) = 1,	N(14) = 0.16044,	N(15) = 1,	Delta[s](0) = 0.174881,	Delta[s](1) = 0.147659,	Delta[s](2) = 0.114312,	Delta[s](3) = 0.147659,	Delta[s](4) = 0.147659,	Delta[s](5) = 0.114312,	Delta[s](6) = 0.083861,	Delta[s](7) = 0.114312,	Delta[s](8) = 0.114312,	Delta[s](9) = 0.083861,	Delta[s](10) = 0.0219363,	Delta[s](11) = 0.083861,	Delta[s](12) = 0.147659,	Delta[s](13) = 0.114312,	Delta[s](14) = 0.083861,	Delta[s](15) = 0.114312,	Delta[d](0) = 0.560669,	Delta[d](1) = 0.380789,	Delta[d](2) = 0.305334,	Delta[d](3) = 0.380789,	Delta[d](4) = 0.380789,	Delta[d](5) = 0.324867,	Delta[d](6) = 0.233785,	Delta[d](7) = 0.324867,	Delta[d](8) = 0.305334,	Delta[d](9) = 0.233785,	Delta[d](10) = 0.0998225,	Delta[d](11) = 0.233785,	Delta[d](12) = 0.380789,	Delta[d](13) = 0.324867,	Delta[d](14) = 0.233785,	Delta[d](15) = 0.324867,	Delta[s+](0) = 0.588834,	Delta[s+](1) = 0.467292,	Delta[s+](2) = 0.305334,	Delta[s+](3) = 0.467292,	Delta[s+](4) = 0.467292,	Delta[s+](5) = 0.305334,	Delta[s+](6) = 0.150894,	Delta[s+](7) = 0.305334,	Delta[s+](8) = 0.305334,	Delta[s+](9) = 0.150894,	Delta[s+](10) = 0.0350363,	Delta[s+](11) = 0.150894,	Delta[s+](12) = 0.467292,	Delta[s+](13) = 0.305334,	Delta[s+](14) = 0.150894,	Delta[s+](15) = 0.305334
The 0-th iteration is completed.	|| time cost : 0h 8m 28.135s
********************************************************************************************************************
Start the 1 rounds of NGS-ED iteration
	effective electronic model is modified as: kinetic energy t = 0.947913
	                                           effective interaction Vq = [-1.81583,-1.64997,-1.59521,-1.64997,-1.64997,-1.59521,-1.57422,-1.59521,-1.59521,-1.57422,-1.55263,-1.57422,-1.64997,-1.59521,-1.57422,-1.59521]
	PARPACK diagonalization completed after 45 matrix-vector product operations.
	iteration results: : total energy is -48.874399 | electron energy -48.877089 + phonon energy 0.002690 | electron momentum kIdx = 0
The 1-th iteration is completed.	|| time cost : 0h 7m 48.413s
********************************************************************************************************************
Start the 2 rounds of NGS-ED iteration
	effective electronic model is modified as: kinetic energy t = 0.910957
	                                           effective interaction Vq = [-2.06157,-1.95537,-1.86999,-1.95537,-1.95537,-1.86999,-1.87092,-1.86999,-1.86999,-1.87092,-1.82732,-1.87092,-1.95537,-1.86999,-1.87092,-1.86999]
	PARPACK diagonalization completed after 45 matrix-vector product operations.
	iteration results: : total energy is -53.720018 | electron energy -53.740326 + phonon energy 0.020308 | electron momentum kIdx = 0
The 2-th iteration is completed.	|| time cost : 0h 0m 32.042s
********************************************************************************************************************
Start the 3 rounds of NGS-ED iteration
	effective electronic model is modified as: kinetic energy t = 0.897049
	                                           effective interaction Vq = [-2.09483,-2.02516, -1.9336,-2.02516,-2.02516, -1.9336,-1.94681, -1.9336, -1.9336,-1.94681,-1.89292,-1.94681,-2.02516, -1.9336,-1.94681, -1.9336]
	PARPACK diagonalization completed after 45 matrix-vector product operations.
	iteration results: : total energy is -54.364600 | electron energy -54.399915 + phonon energy 0.035315 | electron momentum kIdx = 0
The 3-th iteration is completed.	|| time cost : 0h 0m 32.024s
********************************************************************************************************************
Start the 4 rounds of NGS-ED iteration
	effective electronic model is modified as: kinetic energy t = 0.892308
	                                           effective interaction Vq = [-2.09933,-2.04446,-1.95115,-2.04446,-2.04446,-1.95115,-1.96957,-1.95115,-1.95115,-1.96957,-1.91124,-1.96957,-2.04446,-1.95115,-1.96957,-1.95115]
	PARPACK diagonalization completed after 45 matrix-vector product operations.
	iteration results: : total energy is -54.449701 | electron energy -54.491858 + phonon energy 0.042157 | electron momentum kIdx = 0
The 4-th iteration is completed.	|| time cost : 0h 0m 32.13s
********************************************************************************************************************
Start the 5 rounds of NGS-ED iteration
	effective electronic model is modified as: kinetic energy t = 0.890733
	                                           effective interaction Vq = [-2.09994, -2.0505,-1.95637, -2.0505, -2.0505,-1.95637,-1.97693,-1.95637,-1.95637,-1.97693, -1.9167,-1.97693, -2.0505,-1.95637,-1.97693,-1.95637]
	PARPACK diagonalization completed after 30 matrix-vector product operations.
	iteration results: : total energy is -54.460936 | electron energy -54.505630 + phonon energy 0.044694 | electron momentum kIdx = 0
The 5-th iteration is completed.	|| time cost : 0h 0m 27.358s
********************************************************************************************************************
Start the 6 rounds of NGS-ED iteration
	effective electronic model is modified as: kinetic energy t = 0.890212
	                                           effective interaction Vq = [-2.10003,-2.05251,-1.95796,-2.05251,-2.05251,-1.95796,-1.97938,-1.95796,-1.95796,-1.97938,-1.91836,-1.97938,-2.05251,-1.95796,-1.97938,-1.95796]
	PARPACK diagonalization completed after 30 matrix-vector product operations.
	iteration results: : total energy is -54.462424 | electron energy -54.507991 + phonon energy 0.045567 | electron momentum kIdx = 0
The 6-th iteration is completed.	|| time cost : 0h 0m 27.513s
********************************************************************************************************************
Start the 7 rounds of NGS-ED iteration
	effective electronic model is modified as: kinetic energy t = 0.89004
	                                           effective interaction Vq = [-2.10004,-2.05319,-1.95846,-2.05319,-2.05319,-1.95846,-1.98021,-1.95846,-1.95846,-1.98021,-1.91888,-1.98021,-2.05319,-1.95846,-1.98021,-1.95846]
	PARPACK diagonalization completed after 30 matrix-vector product operations.
	iteration results: : total energy is -54.462621 | electron energy -54.508481 + phonon energy 0.045860 | electron momentum kIdx = 0
The 7-th iteration is completed.	|| time cost : 0h 0m 27.332s
********************************************************************************************************************
Start the 8 rounds of NGS-ED iteration
	effective electronic model is modified as: kinetic energy t = 0.889983
	                                           effective interaction Vq = [-2.10004,-2.05342,-1.95861,-2.05342,-2.05342,-1.95861,-1.98048,-1.95861,-1.95861,-1.98048,-1.91904,-1.98048,-2.05342,-1.95861,-1.98048,-1.95861]
	PARPACK diagonalization completed after 30 matrix-vector product operations.
	iteration results: : total energy is -54.462647 | electron energy -54.508605 + phonon energy 0.045957 | electron momentum kIdx = 0
	Nq(0) = 16,	Nq(1) = 0.374189,	Nq(2) = 0.36976,	Nq(3) = 0.374189,	Nq(4) = 0.374189,	Nq(5) = 0.36976,	Nq(6) = 0.610259,	Nq(7) = 0.36976,	Nq(8) = 0.36976,	Nq(9) = 0.610259,	Nq(10) = 0.609284,	Nq(11) = 0.610259,	Nq(12) = 0.374189,	Nq(13) = 0.36976,	Nq(14) = 0.610259,	Nq(15) = 0.36976,	Sq(0) = 1.74461e-18,	Sq(1) = 0.377705,	Sq(2) = 0.54696,	Sq(3) = 0.377705,	Sq(4) = 0.377705,	Sq(5) = 0.54696,	Sq(6) = 0.631632,	Sq(7) = 0.54696,	Sq(8) = 0.54696,	Sq(9) = 0.631632,	Sq(10) = 1.91526,	Sq(11) = 0.631632,	Sq(12) = 0.377705,	Sq(13) = 0.54696,	Sq(14) = 0.631632,	Sq(15) = 0.54696,	N(0) = 1.99982,	N(1) = 1.99977,	N(2) = 1,	N(3) = 1.99977,	N(4) = 1.99977,	N(5) = 1,	N(6) = 0.000225334,	N(7) = 1,	N(8) = 1,	N(9) = 0.000225334,	N(10) = 0.000179344,	N(11) = 0.000225334,	N(12) = 1.99977,	N(13) = 1,	N(14) = 0.000225334,	N(15) = 1,	Delta[s](0) = 0.273335,	Delta[s](1) = 0.269993,	Delta[s](2) = 0.19604,	Delta[s](3) = 0.269993,	Delta[s](4) = 0.269993,	Delta[s](5) = 0.19604,	Delta[s](6) = 0.193113,	Delta[s](7) = 0.19604,	Delta[s](8) = 0.19604,	Delta[s](9) = 0.193113,	Delta[s](10) = 0.0808187,	Delta[s](11) = 0.193113,	Delta[s](12) = 0.269993,	Delta[s](13) = 0.19604,	Delta[s](14) = 0.193113,	Delta[s](15) = 0.19604,	Delta[d](0) = 0.552712,	Delta[d](1) = 0.301397,	Delta[d](2) = 0.266306,	Delta[d](3) = 0.301397,	Delta[d](4) = 0.301397,	Delta[d](5) = 0.32357,	Delta[d](6) = 0.235312,	Delta[d](7) = 0.32357,	Delta[d](8) = 0.266306,	Delta[d](9) = 0.235312,	Delta[d](10) = 0.0970702,	Delta[d](11) = 0.235312,	Delta[d](12) = 0.301397,	Delta[d](13) = 0.32357,	Delta[d](14) = 0.235312,	Delta[d](15) = 0.32357,	Delta[s+](0) = 0.502997,	Delta[s+](1) = 0.410896,	Delta[s+](2) = 0.266306,	Delta[s+](3) = 0.410896,	Delta[s+](4) = 0.410896,	Delta[s+](5) = 0.266306,	Delta[s+](6) = 0.120654,	Delta[s+](7) = 0.266306,	Delta[s+](8) = 0.266306,	Delta[s+](9) = 0.120654,	Delta[s+](10) = 0.0257499,	Delta[s+](11) = 0.120654,	Delta[s+](12) = 0.410896,	Delta[s+](13) = 0.266306,	Delta[s+](14) = 0.120654,	Delta[s+](15) = 0.266306
The 8-th iteration is completed.	|| time cost : 0h 4m 39.792s
********************************************************************************************************************
********************************************************************************************************************
Ground state is obtained after 9 iterations. The current ground-state energy is -54.4626, in which electron energy is -54.5086 and phonon energy is 0.0459571
final variational state is: 
	Gamma_x = [      1, 1.0201,1.03028, 1.0201, 1.0201,1.03028,1.04762,1.03028,1.03028,1.04762,1.05447,1.04762, 1.0201,1.03028,1.04762,1.03028]
	lambda_q = [0.458205,0.390042,0.339359,0.390042,0.390042,0.339359,0.348964,0.339359,0.339359,0.348964,0.323744,0.348964,0.390042,0.339359,0.348964,0.339359]
********************************************************************************************************************
o___o  ----------------------------------------
| L |	Time since last clock: 0h 0m 0s
A===A	Time since the beginning: 0h 23m 54.742s
***********************************************


********************************************************************************************************************
Warm up runs have been completed. Start calculating W = 5 phonon.
open output files: NGSEDIterationObs.txt
********************************************************************************************************************
Start the 0 rounds of NGS-ED iteration
	effective electronic model is modified as: kinetic energy t = 0.889964
	                                           effective interaction Vq = [-1.91978,-1.76712,-1.62349,-1.76712,-1.76712,-1.62349,-1.65269,-1.62349,-1.62349,-1.65269,-1.57407,-1.65269,-1.76712,-1.62349,-1.65269,-1.62349]
	PARPACK diagonalization completed after 45 matrix-vector product operations.
	iteration results: : total energy is -49.523903 | electron energy -49.546898 + phonon energy 0.022995 | electron momentum kIdx = 0
	Nq(0) = 16,	Nq(1) = 0.322307,	Nq(2) = 0.34851,	Nq(3) = 0.322307,	Nq(4) = 0.322307,	Nq(5) = 0.34851,	Nq(6) = 0.539306,	Nq(7) = 0.34851,	Nq(8) = 0.34851,	Nq(9) = 0.539306,	Nq(10) = 0.571958,	Nq(11) = 0.539306,	Nq(12) = 0.322307,	Nq(13) = 0.34851,	Nq(14) = 0.539306,	Nq(15) = 0.34851,	Sq(0) = 3.10945e-18,	Sq(1) = 0.394219,	Sq(2) = 0.57158,	Sq(3) = 0.394219,	Sq(4) = 0.394219,	Sq(5) = 0.57158,	Sq(6) = 0.669505,	Sq(7) = 0.57158,	Sq(8) = 0.57158,	Sq(9) = 0.669505,	Sq(10) = 2.20616,	Sq(11) = 0.669505,	Sq(12) = 0.394219,	Sq(13) = 0.57158,	Sq(14) = 0.669505,	Sq(15) = 0.57158,	N(0) = 1.99595,	N(1) = 1.99199,	N(2) = 1,	N(3) = 1.99199,	N(4) = 1.99199,	N(5) = 1,	N(6) = 0.00800529,	N(7) = 1,	N(8) = 1,	N(9) = 0.00800529,	N(10) = 0.00404817,	N(11) = 0.00800529,	N(12) = 1.99199,	N(13) = 1,	N(14) = 0.00800529,	N(15) = 1,	Delta[s](0) = 0.250883,	Delta[s](1) = 0.237698,	Delta[s](2) = 0.182161,	Delta[s](3) = 0.237698,	Delta[s](4) = 0.237698,	Delta[s](5) = 0.182161,	Delta[s](6) = 0.170197,	Delta[s](7) = 0.182161,	Delta[s](8) = 0.182161,	Delta[s](9) = 0.170197,	Delta[s](10) = 0.0793078,	Delta[s](11) = 0.170197,	Delta[s](12) = 0.237698,	Delta[s](13) = 0.182161,	Delta[s](14) = 0.170197,	Delta[s](15) = 0.182161,	Delta[d](0) = 0.562079,	Delta[d](1) = 0.324928,	Delta[d](2) = 0.282465,	Delta[d](3) = 0.324928,	Delta[d](4) = 0.324928,	Delta[d](5) = 0.331719,	Delta[d](6) = 0.243952,	Delta[d](7) = 0.331719,	Delta[d](8) = 0.282465,	Delta[d](9) = 0.243952,	Delta[d](10) = 0.104677,	Delta[d](11) = 0.243952,	Delta[d](12) = 0.324928,	Delta[d](13) = 0.331719,	Delta[d](14) = 0.243952,	Delta[d](15) = 0.331719,	Delta[s+](0) = 0.535385,	Delta[s+](1) = 0.435257,	Delta[s+](2) = 0.282465,	Delta[s+](3) = 0.435257,	Delta[s+](4) = 0.435257,	Delta[s+](5) = 0.282465,	Delta[s+](6) = 0.13166,	Delta[s+](7) = 0.282465,	Delta[s+](8) = 0.282465,	Delta[s+](9) = 0.13166,	Delta[s+](10) = 0.0298538,	Delta[s+](11) = 0.13166,	Delta[s+](12) = 0.435257,	Delta[s+](13) = 0.282465,	Delta[s+](14) = 0.13166,	Delta[s+](15) = 0.282465
The 0-th iteration is completed.	|| time cost : 0h 4m 30.017s
********************************************************************************************************************
Start the 1 rounds of NGS-ED iteration
	effective electronic model is modified as: kinetic energy t = 0.878656
	                                           effective interaction Vq = [-2.03372,-1.85781,-1.68839,-1.85781,-1.85781,-1.68839, -1.7139,-1.68839,-1.68839, -1.7139, -1.6261, -1.7139,-1.85781,-1.68839, -1.7139,-1.68839]
	PARPACK diagonalization completed after 45 matrix-vector product operations.
	iteration results: : total energy is -51.453702 | electron energy -51.519555 + phonon energy 0.065853 | electron momentum kIdx = 0
The 1-th iteration is completed.	|| time cost : 0h 0m 32.084s
********************************************************************************************************************
Start the 2 rounds of NGS-ED iteration
	effective electronic model is modified as: kinetic energy t = 0.871543
	                                           effective interaction Vq = [-2.07564,-1.90469,-1.72236,-1.90469,-1.90469,-1.72236,-1.75032,-1.72236,-1.72236,-1.75032,-1.65682,-1.75032,-1.90469,-1.72236,-1.75032,-1.72236]
	PARPACK diagonalization completed after 45 matrix-vector product operations.
	iteration results: : total energy is -52.159672 | electron energy -52.254798 + phonon energy 0.095126 | electron momentum kIdx = 0
The 2-th iteration is completed.	|| time cost : 0h 0m 32.063s
********************************************************************************************************************
Start the 3 rounds of NGS-ED iteration
	effective electronic model is modified as: kinetic energy t = 0.867285
	                                           effective interaction Vq = [-2.09106, -1.9299,-1.74037, -1.9299, -1.9299,-1.74037,-1.77154,-1.74037,-1.74037,-1.77154,-1.67414,-1.77154, -1.9299,-1.74037,-1.77154,-1.74037]
	PARPACK diagonalization completed after 45 matrix-vector product operations.
	iteration results: : total energy is -52.418133 | electron energy -52.530736 + phonon energy 0.112603 | electron momentum kIdx = 0
The 3-th iteration is completed.	|| time cost : 0h 0m 32.156s
********************************************************************************************************************
Start the 4 rounds of NGS-ED iteration
	effective electronic model is modified as: kinetic energy t = 0.864797
	                                           effective interaction Vq = [-2.09674,-1.94384,-1.75002,-1.94384,-1.94384,-1.75002,-1.78386,-1.75002,-1.75002,-1.78386,-1.68376,-1.78386,-1.94384,-1.75002,-1.78386,-1.75002]
	PARPACK diagonalization completed after 45 matrix-vector product operations.
	iteration results: : total energy is -52.512796 | electron energy -52.635520 + phonon energy 0.122724 | electron momentum kIdx = 0
The 4-th iteration is completed.	|| time cost : 0h 0m 32.08s
********************************************************************************************************************
Start the 5 rounds of NGS-ED iteration
	effective electronic model is modified as: kinetic energy t = 0.86336
	                                           effective interaction Vq = [-2.09882, -1.9517,-1.75523, -1.9517, -1.9517,-1.75523,  -1.791,-1.75523,-1.75523,  -1.791,-1.68908,  -1.791, -1.9517,-1.75523,  -1.791,-1.75523]
	PARPACK diagonalization completed after 45 matrix-vector product operations.
	iteration results: : total energy is -52.547480 | electron energy -52.676016 + phonon energy 0.128536 | electron momentum kIdx = 0
The 5-th iteration is completed.	|| time cost : 0h 0m 32.03s
********************************************************************************************************************
Start the 6 rounds of NGS-ED iteration
	effective electronic model is modified as: kinetic energy t = 0.862535
	                                           effective interaction Vq = [-2.09959,-1.95617,-1.75806,-1.95617,-1.95617,-1.75806,-1.79514,-1.75806,-1.75806,-1.79514,-1.69202,-1.79514,-1.95617,-1.75806,-1.79514,-1.75806]
	PARPACK diagonalization completed after 30 matrix-vector product operations.
	iteration results: : total energy is -52.560193 | electron energy -52.692058 + phonon energy 0.131865 | electron momentum kIdx = 0
The 6-th iteration is completed.	|| time cost : 0h 0m 27.321s
********************************************************************************************************************
Start the 7 rounds of NGS-ED iteration
	effective electronic model is modified as: kinetic energy t = 0.862063
	                                           effective interaction Vq = [-2.09987,-1.95874, -1.7596,-1.95874,-1.95874, -1.7596,-1.79755, -1.7596, -1.7596,-1.79755,-1.69365,-1.79755,-1.95874, -1.7596,-1.79755, -1.7596]
	PARPACK diagonalization completed after 30 matrix-vector product operations.
	iteration results: : total energy is -52.564855 | electron energy -52.698624 + phonon energy 0.133769 | electron momentum kIdx = 0
The 7-th iteration is completed.	|| time cost : 0h 0m 27.373s
********************************************************************************************************************
Start the 8 rounds of NGS-ED iteration
	effective electronic model is modified as: kinetic energy t = 0.861792
	                                           effective interaction Vq = [-2.09998,-1.96022,-1.76044,-1.96022,-1.96022,-1.76044,-1.79895,-1.76044,-1.76044,-1.79895,-1.69455,-1.79895,-1.96022,-1.76044,-1.79895,-1.76044]
	PARPACK diagonalization completed after 30 matrix-vector product operations.
	iteration results: : total energy is -52.566564 | electron energy -52.701424 + phonon energy 0.134859 | electron momentum kIdx = 0
The 8-th iteration is completed.	|| time cost : 0h 0m 27.374s
********************************************************************************************************************
Start the 9 rounds of NGS-ED iteration
	effective electronic model is modified as: kinetic energy t = 0.861638
	                                           effective interaction Vq = [-2.10002,-1.96107, -1.7609,-1.96107,-1.96107, -1.7609,-1.79977, -1.7609, -1.7609,-1.79977,-1.69505,-1.79977,-1.96107, -1.7609,-1.79977, -1.7609]
	PARPACK diagonalization completed after 30 matrix-vector product operations.
	iteration results: : total energy is -52.567192 | electron energy -52.702675 + phonon energy 0.135483 | electron momentum kIdx = 0
The 9-th iteration is completed.	|| time cost : 0h 0m 27.693s
********************************************************************************************************************
Start the 10 rounds of NGS-ED iteration
	effective electronic model is modified as: kinetic energy t = 0.861549
	                                           effective interaction Vq = [-2.10003,-1.96157,-1.76115,-1.96157,-1.96157,-1.76115,-1.80024,-1.76115,-1.76115,-1.80024,-1.69532,-1.80024,-1.96157,-1.76115,-1.80024,-1.76115]
	PARPACK diagonalization completed after 30 matrix-vector product operations.
	iteration results: : total energy is -52.567422 | electron energy -52.703262 + phonon energy 0.135840 | electron momentum kIdx = 0
	Nq(0) = 16,	Nq(1) = 0.353556,	Nq(2) = 0.357461,	Nq(3) = 0.353556,	Nq(4) = 0.353556,	Nq(5) = 0.357461,	Nq(6) = 0.569922,	Nq(7) = 0.357461,	Nq(8) = 0.357461,	Nq(9) = 0.569922,	Nq(10) = 0.584386,	Nq(11) = 0.569922,	Nq(12) = 0.353556,	Nq(13) = 0.357461,	Nq(14) = 0.569922,	Nq(15) = 0.357461,	Sq(0) = 4.48778e-19,	Sq(1) = 0.386486,	Sq(2) = 0.561067,	Sq(3) = 0.386486,	Sq(4) = 0.386486,	Sq(5) = 0.561067,	Sq(6) = 0.651721,	Sq(7) = 0.561067,	Sq(8) = 0.561067,	Sq(9) = 0.651721,	Sq(10) = 2.05771,	Sq(11) = 0.651721,	Sq(12) = 0.386486,	Sq(13) = 0.561067,	Sq(14) = 0.651721,	Sq(15) = 0.561067,	N(0) = 1.99808,	N(1) = 1.9971,	N(2) = 1,	N(3) = 1.9971,	N(4) = 1.9971,	N(5) = 1,	N(6) = 0.00289902,	N(7) = 1,	N(8) = 1,	N(9) = 0.00289902,	N(10) = 0.00191828,	N(11) = 0.00289902,	N(12) = 1.9971,	N(13) = 1,	N(14) = 0.00289902,	N(15) = 1,	Delta[s](0) = 0.255933,	Delta[s](1) = 0.247073,	Delta[s](2) = 0.190548,	Delta[s](3) = 0.247073,	Delta[s](4) = 0.247073,	Delta[s](5) = 0.190548,	Delta[s](6) = 0.182623,	Delta[s](7) = 0.190548,	Delta[s](8) = 0.190548,	Delta[s](9) = 0.182623,	Delta[s](10) = 0.0935239,	Delta[s](11) = 0.182623,	Delta[s](12) = 0.247073,	Delta[s](13) = 0.190548,	Delta[s](14) = 0.182623,	Delta[s](15) = 0.190548,	Delta[d](0) = 0.576851,	Delta[d](1) = 0.332726,	Delta[d](2) = 0.291316,	Delta[d](3) = 0.332726,	Delta[d](4) = 0.332726,	Delta[d](5) = 0.343793,	Delta[d](6) = 0.254902,	Delta[d](7) = 0.343793,	Delta[d](8) = 0.291316,	Delta[d](9) = 0.254902,	Delta[d](10) = 0.115913,	Delta[d](11) = 0.254902,	Delta[d](12) = 0.332726,	Delta[d](13) = 0.343793,	Delta[d](14) = 0.254902,	Delta[d](15) = 0.343793,	Delta[s+](0) = 0.545147,	Delta[s+](1) = 0.444503,	Delta[s+](2) = 0.291316,	Delta[s+](3) = 0.444503,	Delta[s+](4) = 0.444503,	Delta[s+](5) = 0.291316,	Delta[s+](6) = 0.138178,	Delta[s+](7) = 0.291316,	Delta[s+](8) = 0.291316,	Delta[s+](9) = 0.138178,	Delta[s+](10) = 0.0352775,	Delta[s+](11) = 0.138178,	Delta[s+](12) = 0.444503,	Delta[s+](13) = 0.291316,	Delta[s+](14) = 0.138178,	Delta[s+](15) = 0.291316
The 10-th iteration is completed.	|| time cost : 0h 4m 25.824s
********************************************************************************************************************
Start the 11 rounds of NGS-ED iteration
	effective electronic model is modified as: kinetic energy t = 0.861498
	                                           effective interaction Vq = [-2.10004,-1.96185,-1.76129,-1.96185,-1.96185,-1.76129,-1.80052,-1.76129,-1.76129,-1.80052,-1.69548,-1.80052,-1.96185,-1.76129,-1.80052,-1.76129]
	PARPACK diagonalization completed after 30 matrix-vector product operations.
	iteration results: : total energy is -52.567507 | electron energy -52.703551 + phonon energy 0.136044 | electron momentum kIdx = 0
The 11-th iteration is completed.	|| time cost : 0h 0m 27.368s
********************************************************************************************************************
Start the 12 rounds of NGS-ED iteration
	effective electronic model is modified as: kinetic energy t = 0.861469
	                                           effective interaction Vq = [-2.10004,-1.96202,-1.76137,-1.96202,-1.96202,-1.76137,-1.80068,-1.76137,-1.76137,-1.80068,-1.69557,-1.80068,-1.96202,-1.76137,-1.80068,-1.76137]
	PARPACK diagonalization completed after 30 matrix-vector product operations.
	iteration results: : total energy is -52.567538 | electron energy -52.703699 + phonon energy 0.136161 | electron momentum kIdx = 0
The 12-th iteration is completed.	|| time cost : 0h 0m 27.923s
********************************************************************************************************************
Start the 13 rounds of NGS-ED iteration
	effective electronic model is modified as: kinetic energy t = 0.861452
	                                           effective interaction Vq = [-2.10004,-1.96211,-1.76141,-1.96211,-1.96211,-1.76141,-1.80077,-1.76141,-1.76141,-1.80077,-1.69562,-1.80077,-1.96211,-1.76141,-1.80077,-1.76141]
	PARPACK diagonalization completed after 30 matrix-vector product operations.
	iteration results: : total energy is -52.567549 | electron energy -52.703778 + phonon energy 0.136229 | electron momentum kIdx = 0
The 13-th iteration is completed.	|| time cost : 0h 0m 27.314s
********************************************************************************************************************
Start the 14 rounds of NGS-ED iteration
	effective electronic model is modified as: kinetic energy t = 0.861443
	                                           effective interaction Vq = [-2.10004,-1.96217,-1.76143,-1.96217,-1.96217,-1.76143,-1.80082,-1.76143,-1.76143,-1.80082,-1.69564,-1.80082,-1.96217,-1.76143,-1.80082,-1.76143]
	PARPACK diagonalization completed after 30 matrix-vector product operations.
	iteration results: : total energy is -52.567553 | electron energy -52.703821 + phonon energy 0.136267 | electron momentum kIdx = 0
The 14-th iteration is completed.	|| time cost : 0h 0m 27.285s
********************************************************************************************************************
Start the 15 rounds of NGS-ED iteration
	effective electronic model is modified as: kinetic energy t = 0.861437
	                                           effective interaction Vq = [-2.10004, -1.9622,-1.76145, -1.9622, -1.9622,-1.76145,-1.80085,-1.76145,-1.76145,-1.80085,-1.69566,-1.80085, -1.9622,-1.76145,-1.80085,-1.76145]
	PARPACK diagonalization completed after 30 matrix-vector product operations.
	iteration results: : total energy is -52.567555 | electron energy -52.703844 + phonon energy 0.136290 | electron momentum kIdx = 0
The 15-th iteration is completed.	|| time cost : 0h 0m 27.366s
********************************************************************************************************************
Start the 16 rounds of NGS-ED iteration
	effective electronic model is modified as: kinetic energy t = 0.861434
	                                           effective interaction Vq = [-2.10004,-1.96222,-1.76146,-1.96222,-1.96222,-1.76146,-1.80087,-1.76146,-1.76146,-1.80087,-1.69567,-1.80087,-1.96222,-1.76146,-1.80087,-1.76146]
	PARPACK diagonalization completed after 30 matrix-vector product operations.
	iteration results: : total energy is -52.567555 | electron energy -52.703858 + phonon energy 0.136302 | electron momentum kIdx = 0
The 16-th iteration is completed.	|| time cost : 0h 0m 27.355s
********************************************************************************************************************
Start the 17 rounds of NGS-ED iteration
	effective electronic model is modified as: kinetic energy t = 0.861432
	                                           effective interaction Vq = [-2.10004,-1.96223,-1.76146,-1.96223,-1.96223,-1.76146,-1.80088,-1.76146,-1.76146,-1.80088,-1.69567,-1.80088,-1.96223,-1.76146,-1.80088,-1.76146]
	PARPACK diagonalization completed after 30 matrix-vector product operations.
	iteration results: : total energy is -52.567555 | electron energy -52.703865 + phonon energy 0.136310 | electron momentum kIdx = 0
The 17-th iteration is completed.	|| time cost : 0h 0m 27.678s
********************************************************************************************************************
Start the 18 rounds of NGS-ED iteration
	effective electronic model is modified as: kinetic energy t = 0.861431
	                                           effective interaction Vq = [-2.10004,-1.96224,-1.76146,-1.96224,-1.96224,-1.76146,-1.80089,-1.76146,-1.76146,-1.80089,-1.69567,-1.80089,-1.96224,-1.76146,-1.80089,-1.76146]
	PARPACK diagonalization completed after 30 matrix-vector product operations.
	iteration results: : total energy is -52.567556 | electron energy -52.703869 + phonon energy 0.136314 | electron momentum kIdx = 0
The 18-th iteration is completed.	|| time cost : 0h 0m 27.645s
********************************************************************************************************************
Start the 19 rounds of NGS-ED iteration
	effective electronic model is modified as: kinetic energy t = 0.861431
	                                           effective interaction Vq = [-2.10004,-1.96224,-1.76146,-1.96224,-1.96224,-1.76146,-1.80089,-1.76146,-1.76146,-1.80089,-1.69568,-1.80089,-1.96224,-1.76146,-1.80089,-1.76146]
	PARPACK diagonalization completed after 30 matrix-vector product operations.
	iteration results: : total energy is -52.567556 | electron energy -52.703872 + phonon energy 0.136316 | electron momentum kIdx = 0
The 19-th iteration is completed.	|| time cost : 0h 0m 27.658s
********************************************************************************************************************
Start the 20 rounds of NGS-ED iteration
	effective electronic model is modified as: kinetic energy t = 0.86143
	                                           effective interaction Vq = [-2.10004,-1.96224,-1.76146,-1.96224,-1.96224,-1.76146, -1.8009,-1.76146,-1.76146, -1.8009,-1.69568, -1.8009,-1.96224,-1.76146, -1.8009,-1.76146]
	PARPACK diagonalization completed after 30 matrix-vector product operations.
	iteration results: : total energy is -52.567556 | electron energy -52.703873 + phonon energy 0.136318 | electron momentum kIdx = 0
	Nq(0) = 16,	Nq(1) = 0.353679,	Nq(2) = 0.357477,	Nq(3) = 0.353679,	Nq(4) = 0.353679,	Nq(5) = 0.357477,	Nq(6) = 0.570067,	Nq(7) = 0.357477,	Nq(8) = 0.357477,	Nq(9) = 0.570067,	Nq(10) = 0.58442,	Nq(11) = 0.570067,	Nq(12) = 0.353679,	Nq(13) = 0.357477,	Nq(14) = 0.570067,	Nq(15) = 0.357477,	Sq(0) = -3.8847e-18,	Sq(1) = 0.386452,	Sq(2) = 0.561025,	Sq(3) = 0.386452,	Sq(4) = 0.386452,	Sq(5) = 0.561025,	Sq(6) = 0.651654,	Sq(7) = 0.561025,	Sq(8) = 0.561025,	Sq(9) = 0.651654,	Sq(10) = 2.05716,	Sq(11) = 0.651654,	Sq(12) = 0.386452,	Sq(13) = 0.561025,	Sq(14) = 0.651654,	Sq(15) = 0.561025,	N(0) = 1.99809,	N(1) = 1.99711,	N(2) = 1,	N(3) = 1.99711,	N(4) = 1.99711,	N(5) = 1,	N(6) = 0.00288509,	N(7) = 1,	N(8) = 1,	N(9) = 0.00288509,	N(10) = 0.0019129,	N(11) = 0.00288509,	N(12) = 1.99711,	N(13) = 1,	N(14) = 0.00288509,	N(15) = 1,	Delta[s](0) = 0.255951,	Delta[s](1) = 0.247108,	Delta[s](2) = 0.190581,	Delta[s](3) = 0.247108,	Delta[s](4) = 0.247108,	Delta[s](5) = 0.190581,	Delta[s](6) = 0.182671,	Delta[s](7) = 0.190581,	Delta[s](8) = 0.190581,	Delta[s](9) = 0.182671,	Delta[s](10) = 0.0935817,	Delta[s](11) = 0.182671,	Delta[s](12) = 0.247108,	Delta[s](13) = 0.190581,	Delta[s](14) = 0.182671,	Delta[s](15) = 0.190581,	Delta[d](0) = 0.57697,	Delta[d](1) = 0.3328,	Delta[d](2) = 0.291389,	Delta[d](3) = 0.3328,	Delta[d](4) = 0.3328,	Delta[d](5) = 0.343881,	Delta[d](6) = 0.254976,	Delta[d](7) = 0.343881,	Delta[d](8) = 0.291389,	Delta[d](9) = 0.254976,	Delta[d](10) = 0.115975,	Delta[d](11) = 0.254976,	Delta[d](12) = 0.3328,	Delta[d](13) = 0.343881,	Delta[d](14) = 0.254976,	Delta[d](15) = 0.343881,	Delta[s+](0) = 0.545255,	Delta[s+](1) = 0.444594,	Delta[s+](2) = 0.291389,	Delta[s+](3) = 0.444594,	Delta[s+](4) = 0.444594,	Delta[s+](5) = 0.291389,	Delta[s+](6) = 0.138223,	Delta[s+](7) = 0.291389,	Delta[s+](8) = 0.291389,	Delta[s+](9) = 0.138223,	Delta[s+](10) = 0.0353055,	Delta[s+](11) = 0.138223,	Delta[s+](12) = 0.444594,	Delta[s+](13) = 0.291389,	Delta[s+](14) = 0.138223,	Delta[s+](15) = 0.291389
The 20-th iteration is completed.	|| time cost : 0h 4m 25.302s
********************************************************************************************************************
Start the 21 rounds of NGS-ED iteration
	effective electronic model is modified as: kinetic energy t = 0.86143
	                                           effective interaction Vq = [-2.10004,-1.96224,-1.76146,-1.96224,-1.96224,-1.76146, -1.8009,-1.76146,-1.76146, -1.8009,-1.69568, -1.8009,-1.96224,-1.76146, -1.8009,-1.76146]
	PARPACK diagonalization completed after 30 matrix-vector product operations.
	iteration results: : total energy is -52.567556 | electron energy -52.703874 + phonon energy 0.136319 | electron momentum kIdx = 0
The 21-th iteration is completed.	|| time cost : 0h 0m 27.35s
********************************************************************************************************************
Start the 22 rounds of NGS-ED iteration
	effective electronic model is modified as: kinetic energy t = 0.86143
	                                           effective interaction Vq = [-2.10004,-1.96224,-1.76146,-1.96224,-1.96224,-1.76146, -1.8009,-1.76146,-1.76146, -1.8009,-1.69568, -1.8009,-1.96224,-1.76146, -1.8009,-1.76146]
	PARPACK diagonalization completed after 30 matrix-vector product operations.
	iteration results: : total energy is -52.567556 | electron energy -52.703875 + phonon energy 0.136319 | electron momentum kIdx = 0
The 22-th iteration is completed.	|| time cost : 0h 0m 27.338s
********************************************************************************************************************
Start the 23 rounds of NGS-ED iteration
	effective electronic model is modified as: kinetic energy t = 0.86143
	                                           effective interaction Vq = [-2.10004,-1.96225,-1.76146,-1.96225,-1.96225,-1.76146, -1.8009,-1.76146,-1.76146, -1.8009,-1.69568, -1.8009,-1.96225,-1.76146, -1.8009,-1.76146]
	PARPACK diagonalization completed after 30 matrix-vector product operations.
	iteration results: : total energy is -52.567556 | electron energy -52.703875 + phonon energy 0.136319 | electron momentum kIdx = 0
The 23-th iteration is completed.	|| time cost : 0h 0m 27.329s
********************************************************************************************************************
Start the 24 rounds of NGS-ED iteration
	effective electronic model is modified as: kinetic energy t = 0.86143
	                                           effective interaction Vq = [-2.10004,-1.96225,-1.76146,-1.96225,-1.96225,-1.76146, -1.8009,-1.76146,-1.76146, -1.8009,-1.69568, -1.8009,-1.96225,-1.76146, -1.8009,-1.76146]
	PARPACK diagonalization completed after 30 matrix-vector product operations.
	iteration results: : total energy is -52.567556 | electron energy -52.703875 + phonon energy 0.136319 | electron momentum kIdx = 0
