SNEDics v3.4 Non-Gaussian ED ground state program		Start at Sun Sep 22 06:53:18 2019

parallized on 16 MPI threads  * 8 OpenMP threads = 128 total threads.
********************************************************************************************************************
********************************************************************************************************************

********************************************************************************************************************
System parameters and configurations
********************************************************************************************************************
Special program options are enabled: splitted diagonal Hamiltonian
********************************************************************************************************************
Read input file "model_params.in"
	Hubbard-Holstein model parameters : 	t = 1    U = 2.9    g = 2.7386    W = 5    
********************************************************************************************************************
Read input file "hilbertspace_params.in"
	Requested 16-site 2D lattice, with 16 electrons (8, 8)
	Boundary : Periodic		Hilbert space representation : momentum-space (restricted to kIdx = 10)
	Conservation: particle number[U(1)]      spin[U(1)]     momentum
********************************************************************************************************************

Cluster Positions:				Cluster symmetry group : D4
 x ... x ... x ... x .....                       x ... x ... x ... x .....
 |           |           :                       |           |           :
 |           |           :                       |           |           :
12    13    14    15     x                       1     5     6     5     x
 |           |           :                       |           |           :
 |           |           :                       |           |           :
 8 --- 9 ---10 ---11 --- x                       2 --- 6 ---10 --- 6 --- x
 |           |           :                       |           |           :
 |           |           :                       |           |           :
 4     5     6     7     x                       1     5     6     5     x
 |           |           :                       |           |           :
 |           |           :                       |           |           :
 0 --- 1 --- 2 --- 3 --- x                       0 --- 1 --- 2 --- 1 --- x
orbital number : 1
********************************************************************************************************************
Read input file "obs_params.in"
	Observable Type : Nq(All),   Sq(All),   N(All),   Delta[s](All),   Delta[d](All),   Delta[s+](All)
********************************************************************************************************************
** WARNING ** the input observables have non-local factors which have been reinterpreted. The total observable number is 96
********************************************************************************************************************


********************************************************************************************************************
Start calculating the non-Gaussian ED ground state
** WARNING ** Detected low phonon energy W < 10. The initial state will be prepared through a warm-up process.
********************************************************************************************************************
Start warm-up calculation for scaling factor 2
open output files: NGSEDWarmUpW10Obs.txt
********************************************************************************************************************
Start the 0 rounds of NGS-ED iteration
	effective electronic model is modified as: kinetic energy t = 1
	                                           effective interaction Vq = [-0,-0,-0,-0,-0,-0,-0,-0,-0,-0,-0,-0,-0,-0,-0,-0]
	first Hamiltonian is constructed, non-zero numbers = 2845334624
	PARPACK diagonalization completed after 105 matrix-vector product operations.
	iteration results: : total energy is -15.761885 | electron energy -15.761885 + phonon energy 0.000000 | electron momentum kIdx = 10
	Nq(0) = 16,	Nq(1) = 0.211263,	Nq(2) = 0.280648,	Nq(3) = 0.211263,	Nq(4) = 0.211263,	Nq(5) = 0.280648,	Nq(6) = 0.392527,	Nq(7) = 0.280648,	Nq(8) = 0.280648,	Nq(9) = 0.392527,	Nq(10) = 0.458412,	Nq(11) = 0.392527,	Nq(12) = 0.211263,	Nq(13) = 0.280648,	Nq(14) = 0.392527,	Nq(15) = 0.280648,	Sq(0) = 1.79893e-18,	Sq(1) = 0.345154,	Sq(2) = 0.427672,	Sq(3) = 0.345154,	Sq(4) = 0.345154,	Sq(5) = 0.427672,	Sq(6) = 0.657665,	Sq(7) = 0.427672,	Sq(8) = 0.427672,	Sq(9) = 0.657665,	Sq(10) = 4.86523,	Sq(11) = 0.657665,	Sq(12) = 0.345154,	Sq(13) = 0.427672,	Sq(14) = 0.657665,	Sq(15) = 0.427672,	N(0) = 1.96349,	N(1) = 1.91639,	N(2) = 1,	N(3) = 1.91639,	N(4) = 1.91639,	N(5) = 1,	N(6) = 0.0836077,	N(7) = 1,	N(8) = 1,	N(9) = 0.0836077,	N(10) = 0.0365091,	N(11) = 0.0836077,	N(12) = 1.91639,	N(13) = 1,	N(14) = 0.0836077,	N(15) = 1,	Delta[s](0) = 0.21632,	Delta[s](1) = 0.188185,	Delta[s](2) = 0.140677,	Delta[s](3) = 0.188185,	Delta[s](4) = 0.188185,	Delta[s](5) = 0.140677,	Delta[s](6) = 0.111027,	Delta[s](7) = 0.140677,	Delta[s](8) = 0.140677,	Delta[s](9) = 0.111027,	Delta[s](10) = 0.0214941,	Delta[s](11) = 0.111027,	Delta[s](12) = 0.188185,	Delta[s](13) = 0.140677,	Delta[s](14) = 0.111027,	Delta[s](15) = 0.140677,	Delta[d](0) = 0.512965,	Delta[d](1) = 0.351115,	Delta[d](2) = 0.301178,	Delta[d](3) = 0.351115,	Delta[d](4) = 0.351115,	Delta[d](5) = 0.366346,	Delta[d](6) = 0.281013,	Delta[d](7) = 0.366346,	Delta[d](8) = 0.301178,	Delta[d](9) = 0.281013,	Delta[d](10) = 0.227334,	Delta[d](11) = 0.281013,	Delta[d](12) = 0.351115,	Delta[d](13) = 0.366346,	Delta[d](14) = 0.281013,	Delta[d](15) = 0.366346,	Delta[s+](0) = 0.56762,	Delta[s+](1) = 0.463162,	Delta[s+](2) = 0.301178,	Delta[s+](3) = 0.463162,	Delta[s+](4) = 0.463162,	Delta[s+](5) = 0.301178,	Delta[s+](6) = 0.146117,	Delta[s+](7) = 0.301178,	Delta[s+](8) = 0.301178,	Delta[s+](9) = 0.146117,	Delta[s+](10) = 0.0338223,	Delta[s+](11) = 0.146117,	Delta[s+](12) = 0.463162,	Delta[s+](13) = 0.301178,	Delta[s+](14) = 0.146117,	Delta[s+](15) = 0.301178
The 0-th iteration is completed.	|| time cost : 0h 10m 54.478s
********************************************************************************************************************
Start the 1 rounds of NGS-ED iteration
	effective electronic model is modified as: kinetic energy t = 0.960352
	                                           effective interaction Vq = [-1.29698,-1.20328,  -1.157,-1.20328,-1.20328,  -1.157,-1.14761,  -1.157,  -1.157,-1.14761,-1.12749,-1.14761,-1.20328,  -1.157,-1.14761,  -1.157]
	PARPACK diagonalization completed after 45 matrix-vector product operations.
	iteration results: : total energy is -41.885600 | electron energy -41.887373 + phonon energy 0.001773 | electron momentum kIdx = 10
The 1-th iteration is completed.	|| time cost : 0h 9m 48.987s
********************************************************************************************************************
Start the 2 rounds of NGS-ED iteration
	effective electronic model is modified as: kinetic energy t = 0.934111
	                                           effective interaction Vq = [-1.47251,-1.40434,-1.33863,-1.40434,-1.40434,-1.33863, -1.3442,-1.33863,-1.33863, -1.3442,-1.30792, -1.3442,-1.40434,-1.33863, -1.3442,-1.33863]
	PARPACK diagonalization completed after 30 matrix-vector product operations.
	iteration results: : total energy is -45.303175 | electron energy -45.314878 + phonon energy 0.011703 | electron momentum kIdx = 10
The 2-th iteration is completed.	|| time cost : 0h 0m 36.306s
********************************************************************************************************************
Start the 3 rounds of NGS-ED iteration
	effective electronic model is modified as: kinetic energy t = 0.92492
	                                           effective interaction Vq = [-1.49627,-1.44795,-1.37872,-1.44795,-1.44795,-1.37872,-1.39097,-1.37872,-1.37872,-1.39097,-1.34845,-1.39097,-1.44795,-1.37872,-1.39097,-1.37872]
	PARPACK diagonalization completed after 30 matrix-vector product operations.
	iteration results: : total energy is -45.747058 | electron energy -45.766673 + phonon energy 0.019616 | electron momentum kIdx = 10
The 3-th iteration is completed.	|| time cost : 0h 0m 36.184s
********************************************************************************************************************
Start the 4 rounds of NGS-ED iteration
	effective electronic model is modified as: kinetic energy t = 0.92199
	                                           effective interaction Vq = [-1.49948,-1.45967, -1.3893,-1.45967,-1.45967, -1.3893,-1.40417, -1.3893, -1.3893,-1.40417,-1.35915,-1.40417,-1.45967, -1.3893,-1.40417, -1.3893]
	PARPACK diagonalization completed after 30 matrix-vector product operations.
	iteration results: : total energy is -45.804997 | electron energy -45.828018 + phonon energy 0.023021 | electron momentum kIdx = 10
The 4-th iteration is completed.	|| time cost : 0h 0m 36.265s
********************************************************************************************************************
Start the 5 rounds of NGS-ED iteration
	effective electronic model is modified as: kinetic energy t = 0.921076
	                                           effective interaction Vq = [-1.49992,-1.46324,-1.39229,-1.46324,-1.46324,-1.39229,-1.40819,-1.39229,-1.39229,-1.40819,-1.36215,-1.40819,-1.46324,-1.39229,-1.40819,-1.39229]
	PARPACK diagonalization completed after 30 matrix-vector product operations.
	iteration results: : total energy is -45.812616 | electron energy -45.836826 + phonon energy 0.024210 | electron momentum kIdx = 10
The 5-th iteration is completed.	|| time cost : 0h 0m 37.115s
********************************************************************************************************************
Start the 6 rounds of NGS-ED iteration
	effective electronic model is modified as: kinetic energy t = 0.920791
	                                           effective interaction Vq = [-1.49998,-1.46438,-1.39316,-1.46438,-1.46438,-1.39316,-1.40944,-1.39316,-1.39316,-1.40944,-1.36301,-1.40944,-1.46438,-1.39316,-1.40944,-1.39316]
	PARPACK diagonalization completed after 30 matrix-vector product operations.
	iteration results: : total energy is -45.813624 | electron energy -45.838220 + phonon energy 0.024596 | electron momentum kIdx = 10
The 6-th iteration is completed.	|| time cost : 0h 0m 36.166s
********************************************************************************************************************
Start the 7 rounds of NGS-ED iteration
	effective electronic model is modified as: kinetic energy t = 0.920703
	                                           effective interaction Vq = [-1.49998,-1.46476,-1.39341,-1.46476,-1.46476,-1.39341,-1.40984,-1.39341,-1.39341,-1.40984,-1.36325,-1.40984,-1.46476,-1.39341,-1.40984,-1.39341]
	PARPACK diagonalization completed after 30 matrix-vector product operations.
	iteration results: : total energy is -45.813759 | electron energy -45.838476 + phonon energy 0.024717 | electron momentum kIdx = 10
The 7-th iteration is completed.	|| time cost : 0h 0m 36.195s
********************************************************************************************************************
Start the 8 rounds of NGS-ED iteration
	effective electronic model is modified as: kinetic energy t = 0.920675
	                                           effective interaction Vq = [-1.49999,-1.46488,-1.39349,-1.46488,-1.46488,-1.39349,-1.40996,-1.39349,-1.39349,-1.40996,-1.36333,-1.40996,-1.46488,-1.39349,-1.40996,-1.39349]
	PARPACK diagonalization completed after 30 matrix-vector product operations.
	iteration results: : total energy is -45.813777 | electron energy -45.838532 + phonon energy 0.024755 | electron momentum kIdx = 10
	Nq(0) = 16,	Nq(1) = 0.377079,	Nq(2) = 0.372025,	Nq(3) = 0.377079,	Nq(4) = 0.377079,	Nq(5) = 0.372025,	Nq(6) = 0.617144,	Nq(7) = 0.372025,	Nq(8) = 0.372025,	Nq(9) = 0.617144,	Nq(10) = 0.614566,	Nq(11) = 0.617144,	Nq(12) = 0.377079,	Nq(13) = 0.372025,	Nq(14) = 0.617144,	Nq(15) = 0.372025,	Sq(0) = 1.25943e-17,	Sq(1) = 0.375308,	Sq(2) = 0.410048,	Sq(3) = 0.375308,	Sq(4) = 0.375308,	Sq(5) = 0.410048,	Sq(6) = 0.628208,	Sq(7) = 0.410048,	Sq(8) = 0.410048,	Sq(9) = 0.628208,	Sq(10) = 2.70204,	Sq(11) = 0.628208,	Sq(12) = 0.375308,	Sq(13) = 0.410048,	Sq(14) = 0.628208,	Sq(15) = 0.410048,	N(0) = 1.99994,	N(1) = 1.99992,	N(2) = 1,	N(3) = 1.99992,	N(4) = 1.99992,	N(5) = 1,	N(6) = 8.11018e-05,	N(7) = 1,	N(8) = 1,	N(9) = 8.11018e-05,	N(10) = 6.06908e-05,	N(11) = 8.11018e-05,	N(12) = 1.99992,	N(13) = 1,	N(14) = 8.11018e-05,	N(15) = 1,	Delta[s](0) = 0.283757,	Delta[s](1) = 0.281659,	Delta[s](2) = 0.194763,	Delta[s](3) = 0.281659,	Delta[s](4) = 0.281659,	Delta[s](5) = 0.194763,	Delta[s](6) = 0.192775,	Delta[s](7) = 0.194763,	Delta[s](8) = 0.194763,	Delta[s](9) = 0.192775,	Delta[s](10) = 0.0617346,	Delta[s](11) = 0.192775,	Delta[s](12) = 0.281659,	Delta[s](13) = 0.194763,	Delta[s](14) = 0.192775,	Delta[s](15) = 0.194763,	Delta[d](0) = 0.509168,	Delta[d](1) = 0.29442,	Delta[d](2) = 0.2629,	Delta[d](3) = 0.29442,	Delta[d](4) = 0.29442,	Delta[d](5) = 0.363536,	Delta[d](6) = 0.237072,	Delta[d](7) = 0.363536,	Delta[d](8) = 0.2629,	Delta[d](9) = 0.237072,	Delta[d](10) = 0.218519,	Delta[d](11) = 0.237072,	Delta[d](12) = 0.29442,	Delta[d](13) = 0.363536,	Delta[d](14) = 0.237072,	Delta[d](15) = 0.363536,	Delta[s+](0) = 0.501158,	Delta[s+](1) = 0.410052,	Delta[s+](2) = 0.2629,	Delta[s+](3) = 0.410052,	Delta[s+](4) = 0.410052,	Delta[s+](5) = 0.2629,	Delta[s+](6) = 0.114181,	Delta[s+](7) = 0.2629,	Delta[s+](8) = 0.2629,	Delta[s+](9) = 0.114181,	Delta[s+](10) = 0.0187861,	Delta[s+](11) = 0.114181,	Delta[s+](12) = 0.410052,	Delta[s+](13) = 0.2629,	Delta[s+](14) = 0.114181,	Delta[s+](15) = 0.2629
The 8-th iteration is completed.	|| time cost : 0h 5m 50.306s
********************************************************************************************************************
********************************************************************************************************************
Ground state is obtained after 9 iterations. The current ground-state energy is -45.8138, in which electron energy is -45.8385 and phonon energy is 0.0247552
final variational state is: 
	Gamma_x = [      1,1.01475,1.02205,1.01475,1.01475,1.02205,1.03482,1.02205,1.02205,1.03482, 1.0396,1.03482,1.01475,1.02205,1.03482,1.02205]
	lambda_q = [0.387249,0.328079, 0.28411,0.328079,0.328079, 0.28411,0.292437, 0.28411, 0.28411,0.292437,0.270404,0.292437,0.328079, 0.28411,0.292437, 0.28411]
********************************************************************************************************************
o___o  ----------------------------------------
| L |	Time since last clock: 0h 0m 0s
A===A	Time since the beginning: 0h 30m 12.006s
***********************************************


********************************************************************************************************************
Warm up runs have been completed. Start calculating W = 5 phonon.
open output files: NGSEDIterationObs.txt
********************************************************************************************************************
Start the 0 rounds of NGS-ED iteration
	effective electronic model is modified as: kinetic energy t = 0.920666
	                                           effective interaction Vq = [-1.37123,-1.25878,-1.15253,-1.25878,-1.25878,-1.15253,-1.17414,-1.15253,-1.15253,-1.17414,-1.11547,-1.17414,-1.25878,-1.15253,-1.17414,-1.15253]
	PARPACK diagonalization completed after 30 matrix-vector product operations.
	iteration results: : total energy is -42.232422 | electron energy -42.244806 + phonon energy 0.012384 | electron momentum kIdx = 10
	Nq(0) = 16,	Nq(1) = 0.343766,	Nq(2) = 0.358496,	Nq(3) = 0.343766,	Nq(4) = 0.343766,	Nq(5) = 0.358496,	Nq(6) = 0.568802,	Nq(7) = 0.358496,	Nq(8) = 0.358496,	Nq(9) = 0.568802,	Nq(10) = 0.589697,	Nq(11) = 0.568802,	Nq(12) = 0.343766,	Nq(13) = 0.358496,	Nq(14) = 0.568802,	Nq(15) = 0.358496,	Sq(0) = 1.32386e-18,	Sq(1) = 0.376772,	Sq(2) = 0.417814,	Sq(3) = 0.376772,	Sq(4) = 0.376772,	Sq(5) = 0.417814,	Sq(6) = 0.644155,	Sq(7) = 0.417814,	Sq(8) = 0.417814,	Sq(9) = 0.644155,	Sq(10) = 3.01846,	Sq(11) = 0.644155,	Sq(12) = 0.376772,	Sq(13) = 0.417814,	Sq(14) = 0.644155,	Sq(15) = 0.417814,	N(0) = 1.99824,	N(1) = 1.99659,	N(2) = 1,	N(3) = 1.99659,	N(4) = 1.99659,	N(5) = 1,	N(6) = 0.00340845,	N(7) = 1,	N(8) = 1,	N(9) = 0.00340845,	N(10) = 0.00176075,	N(11) = 0.00340845,	N(12) = 1.99659,	N(13) = 1,	N(14) = 0.00340845,	N(15) = 1,	Delta[s](0) = 0.268531,	Delta[s](1) = 0.258154,	Delta[s](2) = 0.186792,	Delta[s](3) = 0.258154,	Delta[s](4) = 0.258154,	Delta[s](5) = 0.186792,	Delta[s](6) = 0.177411,	Delta[s](7) = 0.186792,	Delta[s](8) = 0.186792,	Delta[s](9) = 0.177411,	Delta[s](10) = 0.0639277,	Delta[s](11) = 0.177411,	Delta[s](12) = 0.258154,	Delta[s](13) = 0.186792,	Delta[s](14) = 0.177411,	Delta[s](15) = 0.186792,	Delta[d](0) = 0.51465,	Delta[d](1) = 0.310322,	Delta[d](2) = 0.275565,	Delta[d](3) = 0.310322,	Delta[d](4) = 0.310322,	Delta[d](5) = 0.369453,	Delta[d](6) = 0.252042,	Delta[d](7) = 0.369453,	Delta[d](8) = 0.275565,	Delta[d](9) = 0.252042,	Delta[d](10) = 0.225198,	Delta[d](11) = 0.252042,	Delta[d](12) = 0.310322,	Delta[d](13) = 0.369453,	Delta[d](14) = 0.252042,	Delta[d](15) = 0.369453,	Delta[s+](0) = 0.523143,	Delta[s+](1) = 0.428048,	Delta[s+](2) = 0.275565,	Delta[s+](3) = 0.428048,	Delta[s+](4) = 0.428048,	Delta[s+](5) = 0.275565,	Delta[s+](6) = 0.123343,	Delta[s+](7) = 0.275565,	Delta[s+](8) = 0.275565,	Delta[s+](9) = 0.123343,	Delta[s+](10) = 0.0225018,	Delta[s+](11) = 0.123343,	Delta[s+](12) = 0.428048,	Delta[s+](13) = 0.275565,	Delta[s+](14) = 0.123343,	Delta[s+](15) = 0.275565
The 0-th iteration is completed.	|| time cost : 0h 5m 58.144s
********************************************************************************************************************
Start the 1 rounds of NGS-ED iteration
	effective electronic model is modified as: kinetic energy t = 0.911488
	                                           effective interaction Vq = [-1.45262,-1.32688,-1.19886,-1.32688,-1.32688,-1.19886,-1.22072,-1.19886,-1.19886,-1.22072,-1.15171,-1.22072,-1.32688,-1.19886,-1.22072,-1.19886]
	PARPACK diagonalization completed after 30 matrix-vector product operations.
	iteration results: : total energy is -43.614335 | electron energy -43.650532 + phonon energy 0.036197 | electron momentum kIdx = 10
The 1-th iteration is completed.	|| time cost : 0h 0m 38.101s
********************************************************************************************************************
Start the 2 rounds of NGS-ED iteration
	effective electronic model is modified as: kinetic energy t = 0.906247
	                                           effective interaction Vq = [-1.48256,-1.36024,-1.22142,-1.36024,-1.36024,-1.22142,-1.24569,-1.22142,-1.22142,-1.24569,-1.17112,-1.24569,-1.36024,-1.22142,-1.24569,-1.22142]
	PARPACK diagonalization completed after 30 matrix-vector product operations.
	iteration results: : total energy is -44.117202 | electron energy -44.170025 + phonon energy 0.052822 | electron momentum kIdx = 10
The 2-th iteration is completed.	|| time cost : 0h 0m 36.54s
********************************************************************************************************************
Start the 3 rounds of NGS-ED iteration
	effective electronic model is modified as: kinetic energy t = 0.903338
	                                           effective interaction Vq = [-1.49358,-1.37736,-1.23267,-1.37736,-1.37736,-1.23267,-1.25915,-1.23267,-1.23267,-1.25915,-1.18131,-1.25915,-1.37736,-1.23267,-1.25915,-1.23267]
	PARPACK diagonalization completed after 30 matrix-vector product operations.
	iteration results: : total energy is -44.300552 | electron energy -44.363203 + phonon energy 0.062651 | electron momentum kIdx = 10
The 3-th iteration is completed.	|| time cost : 0h 0m 35.939s
********************************************************************************************************************
Start the 4 rounds of NGS-ED iteration
	effective electronic model is modified as: kinetic energy t = 0.901746
	                                           effective interaction Vq = [-1.49763,-1.38643,-1.23835,-1.38643,-1.38643,-1.23835,-1.26644,-1.23835,-1.23835,-1.26644,-1.18664,-1.26644,-1.38643,-1.23835,-1.26644,-1.23835]
	PARPACK diagonalization completed after 30 matrix-vector product operations.
	iteration results: : total energy is -44.367511 | electron energy -44.435677 + phonon energy 0.068166 | electron momentum kIdx = 10
The 4-th iteration is completed.	|| time cost : 0h 0m 36.146s
********************************************************************************************************************
Start the 5 rounds of NGS-ED iteration
	effective electronic model is modified as: kinetic energy t = 0.900881
	                                           effective interaction Vq = [-1.49912,-1.39133,-1.24124,-1.39133,-1.39133,-1.24124,-1.27041,-1.24124,-1.24124,-1.27041,-1.18941,-1.27041,-1.39133,-1.24124,-1.27041,-1.24124]
	PARPACK diagonalization completed after 30 matrix-vector product operations.
	iteration results: : total energy is -44.391997 | electron energy -44.463194 + phonon energy 0.071197 | electron momentum kIdx = 10
The 5-th iteration is completed.	|| time cost : 0h 0m 36.077s
********************************************************************************************************************
Start the 6 rounds of NGS-ED iteration
	effective electronic model is modified as: kinetic energy t = 0.900412
	                                           effective interaction Vq = [-1.49967,  -1.394,-1.24272,  -1.394,  -1.394,-1.24272,-1.27257,-1.24272,-1.24272,-1.27257,-1.19086,-1.27257,  -1.394,-1.24272,-1.27257,-1.24272]
	PARPACK diagonalization completed after 30 matrix-vector product operations.
	iteration results: : total energy is -44.400962 | electron energy -44.473808 + phonon energy 0.072847 | electron momentum kIdx = 10
The 6-th iteration is completed.	|| time cost : 0h 0m 36.4s
********************************************************************************************************************
Start the 7 rounds of NGS-ED iteration
	effective electronic model is modified as: kinetic energy t = 0.900158
	                                           effective interaction Vq = [-1.49987,-1.39547,-1.24349,-1.39547,-1.39547,-1.24349,-1.27376,-1.24349,-1.24349,-1.27376,-1.19161,-1.27376,-1.39547,-1.24349,-1.27376,-1.24349]
	PARPACK diagonalization completed after 30 matrix-vector product operations.
	iteration results: : total energy is -44.404247 | electron energy -44.477988 + phonon energy 0.073741 | electron momentum kIdx = 10
The 7-th iteration is completed.	|| time cost : 0h 0m 36.039s
********************************************************************************************************************
Start the 8 rounds of NGS-ED iteration
	effective electronic model is modified as: kinetic energy t = 0.90002
	                                           effective interaction Vq = [-1.49994,-1.39629,-1.24388,-1.39629,-1.39629,-1.24388, -1.2744,-1.24388,-1.24388, -1.2744,-1.19201, -1.2744,-1.39629,-1.24388, -1.2744,-1.24388]
	PARPACK diagonalization completed after 30 matrix-vector product operations.
	iteration results: : total energy is -44.405451 | electron energy -44.479676 + phonon energy 0.074225 | electron momentum kIdx = 10
The 8-th iteration is completed.	|| time cost : 0h 0m 36.245s
********************************************************************************************************************
Start the 9 rounds of NGS-ED iteration
	effective electronic model is modified as: kinetic energy t = 0.899945
	                                           effective interaction Vq = [-1.49997,-1.39674,-1.24409,-1.39674,-1.39674,-1.24409,-1.27476,-1.24409,-1.24409,-1.27476,-1.19221,-1.27476,-1.39674,-1.24409,-1.27476,-1.24409]
	PARPACK diagonalization completed after 30 matrix-vector product operations.
	iteration results: : total energy is -44.405893 | electron energy -44.480380 + phonon energy 0.074487 | electron momentum kIdx = 10
The 9-th iteration is completed.	|| time cost : 0h 0m 36.04s
********************************************************************************************************************
Start the 10 rounds of NGS-ED iteration
	effective electronic model is modified as: kinetic energy t = 0.899905
	                                           effective interaction Vq = [-1.49998,-1.39698,-1.24419,-1.39698,-1.39698,-1.24419,-1.27495,-1.24419,-1.24419,-1.27495,-1.19232,-1.27495,-1.39698,-1.24419,-1.27495,-1.24419]
	PARPACK diagonalization completed after 30 matrix-vector product operations.
	iteration results: : total energy is -44.406056 | electron energy -44.480684 + phonon energy 0.074628 | electron momentum kIdx = 10
	Nq(0) = 16,	Nq(1) = 0.364666,	Nq(2) = 0.363726,	Nq(3) = 0.364666,	Nq(4) = 0.364666,	Nq(5) = 0.363726,	Nq(6) = 0.588853,	Nq(7) = 0.363726,	Nq(8) = 0.363726,	Nq(9) = 0.588853,	Nq(10) = 0.59649,	Nq(11) = 0.588853,	Nq(12) = 0.364666,	Nq(13) = 0.363726,	Nq(14) = 0.588853,	Nq(15) = 0.363726,	Sq(0) = -2.95633e-18,	Sq(1) = 0.376462,	Sq(2) = 0.41501,	Sq(3) = 0.376462,	Sq(4) = 0.376462,	Sq(5) = 0.41501,	Sq(6) = 0.638239,	Sq(7) = 0.41501,	Sq(8) = 0.41501,	Sq(9) = 0.638239,	Sq(10) = 2.85821,	Sq(11) = 0.638239,	Sq(12) = 0.376462,	Sq(13) = 0.41501,	Sq(14) = 0.638239,	Sq(15) = 0.41501,	N(0) = 1.99915,	N(1) = 1.99874,	N(2) = 1,	N(3) = 1.99874,	N(4) = 1.99874,	N(5) = 1,	N(6) = 0.00125759,	N(7) = 1,	N(8) = 1,	N(9) = 0.00125759,	N(10) = 0.000848616,	N(11) = 0.00125759,	N(12) = 1.99874,	N(13) = 1,	N(14) = 0.00125759,	N(15) = 1,	Delta[s](0) = 0.271129,	Delta[s](1) = 0.264112,	Delta[s](2) = 0.192067,	Delta[s](3) = 0.264112,	Delta[s](4) = 0.264112,	Delta[s](5) = 0.192067,	Delta[s](6) = 0.185614,	Delta[s](7) = 0.192067,	Delta[s](8) = 0.192067,	Delta[s](9) = 0.185614,	Delta[s](10) = 0.0740274,	Delta[s](11) = 0.185614,	Delta[s](12) = 0.264112,	Delta[s](13) = 0.192067,	Delta[s](14) = 0.185614,	Delta[s](15) = 0.192067,	Delta[d](0) = 0.525097,	Delta[d](1) = 0.31603,	Delta[d](2) = 0.281614,	Delta[d](3) = 0.31603,	Delta[d](4) = 0.31603,	Delta[d](5) = 0.378558,	Delta[d](6) = 0.257155,	Delta[d](7) = 0.378558,	Delta[d](8) = 0.281614,	Delta[d](9) = 0.257155,	Delta[d](10) = 0.233266,	Delta[d](11) = 0.257155,	Delta[d](12) = 0.31603,	Delta[d](13) = 0.378558,	Delta[d](14) = 0.257155,	Delta[d](15) = 0.378558,	Delta[s+](0) = 0.530697,	Delta[s+](1) = 0.434673,	Delta[s+](2) = 0.281614,	Delta[s+](3) = 0.434673,	Delta[s+](4) = 0.434673,	Delta[s+](5) = 0.281614,	Delta[s+](6) = 0.127434,	Delta[s+](7) = 0.281614,	Delta[s+](8) = 0.281614,	Delta[s+](9) = 0.127434,	Delta[s+](10) = 0.0258682,	Delta[s+](11) = 0.127434,	Delta[s+](12) = 0.434673,	Delta[s+](13) = 0.281614,	Delta[s+](14) = 0.127434,	Delta[s+](15) = 0.281614
The 10-th iteration is completed.	|| time cost : 0h 5m 40.908s
********************************************************************************************************************
Start the 11 rounds of NGS-ED iteration
	effective electronic model is modified as: kinetic energy t = 0.899883
	                                           effective interaction Vq = [-1.49998,-1.39712,-1.24425,-1.39712,-1.39712,-1.24425,-1.27505,-1.24425,-1.24425,-1.27505,-1.19238,-1.27505,-1.39712,-1.24425,-1.27505,-1.24425]
	PARPACK diagonalization completed after 30 matrix-vector product operations.
	iteration results: : total energy is -44.406115 | electron energy -44.480820 + phonon energy 0.074705 | electron momentum kIdx = 10
The 11-th iteration is completed.	|| time cost : 0h 0m 36.105s
********************************************************************************************************************
Start the 12 rounds of NGS-ED iteration
	effective electronic model is modified as: kinetic energy t = 0.899871
	                                           effective interaction Vq = [-1.49999, -1.3972,-1.24428, -1.3972, -1.3972,-1.24428,-1.27511,-1.24428,-1.24428,-1.27511,-1.19241,-1.27511, -1.3972,-1.24428,-1.27511,-1.24428]
	PARPACK diagonalization completed after 30 matrix-vector product operations.
	iteration results: : total energy is -44.406137 | electron energy -44.480884 + phonon energy 0.074747 | electron momentum kIdx = 10
The 12-th iteration is completed.	|| time cost : 0h 0m 36.034s
********************************************************************************************************************
Start the 13 rounds of NGS-ED iteration
	effective electronic model is modified as: kinetic energy t = 0.899865
	                                           effective interaction Vq = [-1.49999,-1.39724,-1.24429,-1.39724,-1.39724,-1.24429,-1.27514,-1.24429,-1.24429,-1.27514,-1.19242,-1.27514,-1.39724,-1.24429,-1.27514,-1.24429]
	PARPACK diagonalization completed after 30 matrix-vector product operations.
	iteration results: : total energy is -44.406145 | electron energy -44.480914 + phonon energy 0.074769 | electron momentum kIdx = 10
The 13-th iteration is completed.	|| time cost : 0h 0m 35.965s
********************************************************************************************************************
Start the 14 rounds of NGS-ED iteration
	effective electronic model is modified as: kinetic energy t = 0.899861
	                                           effective interaction Vq = [-1.49999,-1.39726, -1.2443,-1.39726,-1.39726, -1.2443,-1.27516, -1.2443, -1.2443,-1.27516,-1.19243,-1.27516,-1.39726, -1.2443,-1.27516, -1.2443]
	PARPACK diagonalization completed after 30 matrix-vector product operations.
	iteration results: : total energy is -44.406148 | electron energy -44.480930 + phonon energy 0.074781 | electron momentum kIdx = 10
The 14-th iteration is completed.	|| time cost : 0h 0m 36.178s
********************************************************************************************************************
Start the 15 rounds of NGS-ED iteration
	effective electronic model is modified as: kinetic energy t = 0.899859
	                                           effective interaction Vq = [-1.49999,-1.39728, -1.2443,-1.39728,-1.39728, -1.2443,-1.27517, -1.2443, -1.2443,-1.27517,-1.19244,-1.27517,-1.39728, -1.2443,-1.27517, -1.2443]
	PARPACK diagonalization completed after 30 matrix-vector product operations.
	iteration results: : total energy is -44.406149 | electron energy -44.480937 + phonon energy 0.074788 | electron momentum kIdx = 10
The 15-th iteration is completed.	|| time cost : 0h 0m 36.058s
********************************************************************************************************************
Start the 16 rounds of NGS-ED iteration
	effective electronic model is modified as: kinetic energy t = 0.899858
	                                           effective interaction Vq = [-1.49999,-1.39728, -1.2443,-1.39728,-1.39728, -1.2443,-1.27518, -1.2443, -1.2443,-1.27518,-1.19244,-1.27518,-1.39728, -1.2443,-1.27518, -1.2443]
	PARPACK diagonalization completed after 30 matrix-vector product operations.
	iteration results: : total energy is -44.406150 | electron energy -44.480941 + phonon energy 0.074792 | electron momentum kIdx = 10
The 16-th iteration is completed.	|| time cost : 0h 0m 36.242s
********************************************************************************************************************
Start the 17 rounds of NGS-ED iteration
	effective electronic model is modified as: kinetic energy t = 0.899857
	                                           effective interaction Vq = [-1.49999,-1.39729,-1.24431,-1.39729,-1.39729,-1.24431,-1.27518,-1.24431,-1.24431,-1.27518,-1.19244,-1.27518,-1.39729,-1.24431,-1.27518,-1.24431]
	PARPACK diagonalization completed after 30 matrix-vector product operations.
	iteration results: : total energy is -44.406150 | electron energy -44.480943 + phonon energy 0.074794 | electron momentum kIdx = 10
The 17-th iteration is completed.	|| time cost : 0h 0m 37.1s
********************************************************************************************************************
Start the 18 rounds of NGS-ED iteration
	effective electronic model is modified as: kinetic energy t = 0.899857
	                                           effective interaction Vq = [-1.49999,-1.39729,-1.24431,-1.39729,-1.39729,-1.24431,-1.27518,-1.24431,-1.24431,-1.27518,-1.19244,-1.27518,-1.39729,-1.24431,-1.27518,-1.24431]
	PARPACK diagonalization completed after 30 matrix-vector product operations.
	iteration results: : total energy is -44.406150 | electron energy -44.480945 + phonon energy 0.074795 | electron momentum kIdx = 10
The 18-th iteration is completed.	|| time cost : 0h 0m 35.98s
********************************************************************************************************************
Start the 19 rounds of NGS-ED iteration
	effective electronic model is modified as: kinetic energy t = 0.899857
	                                           effective interaction Vq = [-1.49999,-1.39729,-1.24431,-1.39729,-1.39729,-1.24431,-1.27518,-1.24431,-1.24431,-1.27518,-1.19244,-1.27518,-1.39729,-1.24431,-1.27518,-1.24431]
	PARPACK diagonalization completed after 30 matrix-vector product operations.
	iteration results: : total energy is -44.406150 | electron energy -44.480945 + phonon energy 0.074795 | electron momentum kIdx = 10
The 19-th iteration is completed.	|| time cost : 0h 0m 36.289s
********************************************************************************************************************
Start the 20 rounds of NGS-ED iteration
	effective electronic model is modified as: kinetic energy t = 0.899857
	                                           effective interaction Vq = [-1.49999,-1.39729,-1.24431,-1.39729,-1.39729,-1.24431,-1.27518,-1.24431,-1.24431,-1.27518,-1.19244,-1.27518,-1.39729,-1.24431,-1.27518,-1.24431]
	PARPACK diagonalization completed after 30 matrix-vector product operations.
	iteration results: : total energy is -44.406150 | electron energy -44.480946 + phonon energy 0.074796 | electron momentum kIdx = 10
	Nq(0) = 16,	Nq(1) = 0.364716,	Nq(2) = 0.363731,	Nq(3) = 0.364716,	Nq(4) = 0.364716,	Nq(5) = 0.363731,	Nq(6) = 0.588903,	Nq(7) = 0.363731,	Nq(8) = 0.363731,	Nq(9) = 0.588903,	Nq(10) = 0.5965,	Nq(11) = 0.588903,	Nq(12) = 0.364716,	Nq(13) = 0.363731,	Nq(14) = 0.588903,	Nq(15) = 0.363731,	Sq(0) = -1.09584e-18,	Sq(1) = 0.37646,	Sq(2) = 0.415004,	Sq(3) = 0.37646,	Sq(4) = 0.37646,	Sq(5) = 0.415004,	Sq(6) = 0.638226,	Sq(7) = 0.415004,	Sq(8) = 0.415004,	Sq(9) = 0.638226,	Sq(10) = 2.85787,	Sq(11) = 0.638226,	Sq(12) = 0.37646,	Sq(13) = 0.415004,	Sq(14) = 0.638226,	Sq(15) = 0.415004,	N(0) = 1.99915,	N(1) = 1.99875,	N(2) = 1,	N(3) = 1.99875,	N(4) = 1.99875,	N(5) = 1,	N(6) = 0.00125443,	N(7) = 1,	N(8) = 1,	N(9) = 0.00125443,	N(10) = 0.000847372,	N(11) = 0.00125443,	N(12) = 1.99875,	N(13) = 1,	N(14) = 0.00125443,	N(15) = 1,	Delta[s](0) = 0.271134,	Delta[s](1) = 0.264125,	Delta[s](2) = 0.192079,	Delta[s](3) = 0.264125,	Delta[s](4) = 0.264125,	Delta[s](5) = 0.192079,	Delta[s](6) = 0.185632,	Delta[s](7) = 0.192079,	Delta[s](8) = 0.192079,	Delta[s](9) = 0.185632,	Delta[s](10) = 0.0740513,	Delta[s](11) = 0.185632,	Delta[s](12) = 0.264125,	Delta[s](13) = 0.192079,	Delta[s](14) = 0.185632,	Delta[s](15) = 0.192079,	Delta[d](0) = 0.525187,	Delta[d](1) = 0.316086,	Delta[d](2) = 0.281666,	Delta[d](3) = 0.316086,	Delta[d](4) = 0.316086,	Delta[d](5) = 0.378627,	Delta[d](6) = 0.257201,	Delta[d](7) = 0.378627,	Delta[d](8) = 0.281666,	Delta[d](9) = 0.257201,	Delta[d](10) = 0.233316,	Delta[d](11) = 0.257201,	Delta[d](12) = 0.316086,	Delta[d](13) = 0.378627,	Delta[d](14) = 0.257201,	Delta[d](15) = 0.378627,	Delta[s+](0) = 0.530786,	Delta[s+](1) = 0.434746,	Delta[s+](2) = 0.281666,	Delta[s+](3) = 0.434746,	Delta[s+](4) = 0.434746,	Delta[s+](5) = 0.281666,	Delta[s+](6) = 0.127461,	Delta[s+](7) = 0.281666,	Delta[s+](8) = 0.281666,	Delta[s+](9) = 0.127461,	Delta[s+](10) = 0.0258803,	Delta[s+](11) = 0.127461,	Delta[s+](12) = 0.434746,	Delta[s+](13) = 0.281666,	Delta[s+](14) = 0.127461,	Delta[s+](15) = 0.281666
The 20-th iteration is completed.	|| time cost : 0h 5m 41.184s
********************************************************************************************************************
Start the 21 rounds of NGS-ED iteration
	effective electronic model is modified as: kinetic energy t = 0.899857
	                                           effective interaction Vq = [-1.49999,-1.39729,-1.24431,-1.39729,-1.39729,-1.24431,-1.27518,-1.24431,-1.24431,-1.27518,-1.19244,-1.27518,-1.39729,-1.24431,-1.27518,-1.24431]
	PARPACK diagonalization completed after 30 matrix-vector product operations.
	iteration results: : total energy is -44.406150 | electron energy -44.480946 + phonon energy 0.074796 | electron momentum kIdx = 10
The 21-th iteration is completed.	|| time cost : 0h 0m 36.109s
********************************************************************************************************************
Start the 22 rounds of NGS-ED iteration
	effective electronic model is modified as: kinetic energy t = 0.899857
	                                           effective interaction Vq = [-1.49999,-1.39729,-1.24431,-1.39729,-1.39729,-1.24431,-1.27518,-1.24431,-1.24431,-1.27518,-1.19244,-1.27518,-1.39729,-1.24431,-1.27518,-1.24431]
	PARPACK diagonalization completed after 30 matrix-vector product operations.
	iteration results: : total energy is -44.406150 | electron energy -44.480946 + phonon energy 0.074796 | electron momentum kIdx = 10
The 22-th iteration is completed.	|| time cost : 0h 0m 36.185s
********************************************************************************************************************
Start the 23 rounds of NGS-ED iteration
	effective electronic model is modified as: kinetic energy t = 0.899857
	                                           effective interaction Vq = [-1.49999,-1.39729,-1.24431,-1.39729,-1.39729,-1.24431,-1.27518,-1.24431,-1.24431,-1.27518,-1.19244,-1.27518,-1.39729,-1.24431,-1.27518,-1.24431]
	PARPACK diagonalization completed after 30 matrix-vector product operations.
	iteration results: : total energy is -44.406150 | electron energy -44.480946 + phonon energy 0.074796 | electron momentum kIdx = 10
The 23-th iteration is completed.	|| time cost : 0h 0m 36.587s
********************************************************************************************************************
Start the 24 rounds of NGS-ED iteration
	effective electronic model is modified as: kinetic energy t = 0.899857
	                                           effective interaction Vq = [-1.49999,-1.39729,-1.24431,-1.39729,-1.39729,-1.24431,-1.27518,-1.24431,-1.24431,-1.27518,-1.19244,-1.27518,-1.39729,-1.24431,-1.27518,-1.24431]
	PARPACK diagonalization completed after 30 matrix-vector product operations.
	iteration results: : total energy is -44.406150 | electron energy -44.480946 + phonon energy 0.074796 | electron momentum kIdx = 10
