SNEDics v3.2 diagonalization test program		Start at Sat May 11 22:01:15 2019

parallized on 80 MPI threads  * 3 OpenMP threads = 240 total threads.
************************************************************************************
************************************************************************************

Input file "model_params.in"
Hubbard-Holstein model parameters : 	t = 1    U = 7.4    g = 2    W = 1    
************************************************************************************
Input file "hilbertspace_params.in"

Cluster Positions:				Cluster symmetry group : D4
 x ... x ... x ... x .....                       x ... x ... x ... x .....
 |           |           :                       |           |           :
 |           |           :                       |           |           :
12    13    14    15     x                       1     5     6     5     x
 |           |           :                       |           |           :
 |           |           :                       |           |           :
 8 --- 9 ---10 ---11 --- x                       2 --- 6 ---10 --- 6 --- x
 |           |           :                       |           |           :
 |           |           :                       |           |           :
 4     5     6     7     x                       1     5     6     5     x
 |           |           :                       |           |           :
 |           |           :                       |           |           :
 0 --- 1 --- 2 --- 3 --- x                       0 --- 1 --- 2 --- 1 --- x
orbital number : 1
************************************************************************************
** NOTE ** Detected low phonon energy W < 10. The initial state will be prepared through a warm-up process.
starting warm-up calculation for scaling factor 16
0 rounds of non-Gaussian ED iteration : ground-state energy is -9.01229 | electron energy -9.01229 + phonon energy 0 | electron momentum kIdx = 0
Nq = 	16	0.0712315	0.123107	0.0712315	0.0712315	0.123107	0.169699	0.123107	0.123107	0.169699	0.213427	0.169699	0.0712315	0.123107	0.169699	0.123107
Sq = 	1.07235e-18	0.416436	0.639424	0.416436	0.416436	0.639424	0.921333	0.639424	0.639424	0.921333	4.89659	0.921333	0.416436	0.639424	0.921333	0.639424
1 rounds of non-Gaussian ED iteration : ground-state energy is -81.3062 | electron energy -81.3112 + phonon energy 0.00508187 | electron momentum kIdx = 0
Nq = 	16	0.333114	0.358104	0.333114	0.333114	0.358104	0.553789	0.358104	0.358104	0.553789	0.585506	0.553789	0.333114	0.358104	0.553789	0.358104
Sq = 	-7.46294e-18	0.39083	0.565162	0.39083	0.39083	0.565162	0.659221	0.565162	0.565162	0.659221	2.12709	0.659221	0.39083	0.565162	0.659221	0.565162
2 rounds of non-Gaussian ED iteration : ground-state energy is -85.6828 | electron energy -85.7225 + phonon energy 0.0396743 | electron momentum kIdx = 0
Nq = 	16	0.401379	0.72118	0.401379	0.401379	0.72118	0.645485	0.72118	0.721181	0.645485	0.877508	0.645485	0.401379	0.72118	0.645485	0.72118
Sq = 	-6.82759e-18	0.353322	0.368139	0.353322	0.353322	0.368139	0.593371	0.368139	0.368139	0.593371	0.612348	0.593371	0.353322	0.368139	0.593371	0.368139
3 rounds of non-Gaussian ED iteration : ground-state energy is -86.1304 | electron energy -86.1889 + phonon energy 0.0584779 | electron momentum kIdx = 0
Nq = 	16	0.397783	0.747293	0.397783	0.397783	0.747293	0.648353	0.747293	0.747294	0.648353	0.924274	0.648353	0.397783	0.747293	0.648353	0.747293
Sq = 	7.73974e-19	0.337839	0.361416	0.337839	0.337839	0.361416	0.572044	0.361416	0.361416	0.572044	0.599391	0.572044	0.337839	0.361416	0.572044	0.361416
4 rounds of non-Gaussian ED iteration : ground-state energy is -86.1487 | electron energy -86.2126 + phonon energy 0.0639888 | electron momentum kIdx = 0
Nq = 	16	0.397245	0.750203	0.397245	0.397245	0.750204	0.649114	0.750204	0.750205	0.649114	0.937087	0.649114	0.397245	0.750204	0.649114	0.750204
Sq = 	4.73659e-18	0.335461	0.360312	0.335461	0.335461	0.360312	0.5688	0.360312	0.360312	0.5688	0.597334	0.5688	0.335461	0.360312	0.5688	0.360312
Ground state is obtained after 5 iterations. The current ground-state energy is -86.1494, in which electron energy is -86.2146 and phonon energy is 0.065182
final variational state is: 
Gamma_x =       1 1.01597  1.0314 1.01597 1.01597  1.0314 1.04138  1.0314  1.0314 1.04138 1.05611 1.04138 1.01597  1.0314 1.04138  1.0314
lambda_q = 0.499832 0.456064 0.454153 0.456064 0.456064 0.454153  0.42653 0.454153 0.454153  0.42653  0.43197  0.42653 0.456064 0.454153  0.42653 0.454153
o___o  -------------------------------------
| L |	Time since last clock: 0h 30m 0.879s
A===A	Time since the beginning: 0h 30m 0.879s
********************************************

************************************************************************************
starting warm-up calculation for scaling factor 8
0 rounds of non-Gaussian ED iteration : ground-state energy is -76.6366 | electron energy -76.6692 + phonon energy 0.032591 | electron momentum kIdx = 0
Nq = 	16	0.333795	0.362529	0.333795	0.333795	0.362529	0.547367	0.362529	0.362529	0.547367	0.58668	0.547367	0.333795	0.362529	0.547367	0.362529
Sq = 	1.13001e-18	0.391578	0.564888	0.391578	0.391578	0.564888	0.658502	0.564888	0.564888	0.658502	2.12385	0.658502	0.391578	0.564888	0.658502	0.564888
1 rounds of non-Gaussian ED iteration : ground-state energy is -81.5119 | electron energy -81.6369 + phonon energy 0.124939 | electron momentum kIdx = 0
Nq = 	16	0.387457	0.371975	0.387457	0.387457	0.371975	0.60173	0.371975	0.371975	0.60173	0.6022	0.60173	0.387457	0.371975	0.60173	0.371975
Sq = 	5.19835e-18	0.375366	0.546312	0.375366	0.375366	0.546311	0.631533	0.546312	0.546312	0.631533	1.90374	0.631533	0.375366	0.546312	0.631533	0.546311
2 rounds of non-Gaussian ED iteration : ground-state energy is -82.5273 | electron energy -82.7021 + phonon energy 0.174828 | electron momentum kIdx = 0
Nq = 	16	0.409917	0.374348	0.409917	0.409917	0.374348	0.630945	0.374348	0.374348	0.630945	0.607528	0.630945	0.409917	0.374348	0.630945	0.374348
Sq = 	-2.63673e-18	0.370344	0.537576	0.370344	0.370344	0.537578	0.61757	0.537577	0.537577	0.61757	1.80582	0.61757	0.370344	0.537577	0.61757	0.537578
3 rounds of non-Gaussian ED iteration : ground-state energy is -82.7445 | electron energy -82.9433 + phonon energy 0.198853 | electron momentum kIdx = 0
Nq = 	16	0.417691	0.60745	0.417691	0.41769	0.607443	0.631236	0.607443	0.60744	0.631235	0.610316	0.631235	0.41769	0.607443	0.631236	0.607443
Sq = 	-1.13026e-17	0.367556	0.456084	0.367556	0.367555	0.456088	0.615638	0.456087	0.456086	0.615637	0.880027	0.615637	0.367555	0.456087	0.615638	0.456088
4 rounds of non-Gaussian ED iteration : ground-state energy is -82.9809 | electron energy -83.1984 + phonon energy 0.217491 | electron momentum kIdx = 0
Nq = 	16	0.409038	0.728534	0.409038	0.409037	0.728523	0.63373	0.728523	0.728514	0.633728	0.813517	0.633728	0.409037	0.728523	0.63373	0.728523
Sq = 	-1.35278e-18	0.356026	0.370185	0.356026	0.356025	0.370184	0.595978	0.370184	0.370183	0.595976	0.615164	0.595976	0.356025	0.370184	0.595978	0.370184
5 rounds of non-Gaussian ED iteration : ground-state energy is -83.0745 | electron energy -83.311 + phonon energy 0.236516 | electron momentum kIdx = 0
Nq = 	16	0.401829	0.746516	0.401829	0.401827	0.746502	0.626986	0.746502	0.746491	0.626984	0.855122	0.626984	0.401827	0.746502	0.626986	0.746502
Sq = 	-9.63952e-18	0.348873	0.366904	0.348873	0.348872	0.366904	0.58629	0.366904	0.366903	0.586288	0.608541	0.586288	0.348872	0.366904	0.58629	0.366904
6 rounds of non-Gaussian ED iteration : ground-state energy is -83.0941 | electron energy -83.3437 + phonon energy 0.249597 | electron momentum kIdx = 0
Nq = 	16	0.398683	0.753625	0.398683	0.398682	0.753611	0.623783	0.753611	0.753599	0.623781	0.875932	0.623781	0.398682	0.753611	0.623783	0.753611
Sq = 	-2.15665e-18	0.346026	0.365515	0.346026	0.346025	0.365515	0.582409	0.365515	0.365514	0.582408	0.605722	0.582408	0.346025	0.365515	0.582409	0.365515
7 rounds of non-Gaussian ED iteration : ground-state energy is -83.0981 | electron energy -83.3545 + phonon energy 0.256332 | electron momentum kIdx = 0
Nq = 	16	0.397247	0.756571	0.397247	0.397245	0.756557	0.622224	0.756557	0.756543	0.622222	0.886342	0.622222	0.397245	0.756557	0.622224	0.756557
Sq = 	3.82803e-18	0.344837	0.36491	0.344837	0.344836	0.364909	0.580787	0.364909	0.364908	0.580786	0.604496	0.580786	0.344836	0.364909	0.580787	0.364909
Ground state is obtained after 8 iterations. The current ground-state energy is -83.099, in which electron energy is -83.3585 and phonon energy is 0.259502
final variational state is: 
Gamma_x =       1  1.0497 1.09611  1.0497  1.0497 1.09611 1.11631 1.09611 1.09611 1.11631 1.15702 1.11631  1.0497 1.09611 1.11631 1.09611
lambda_q = 0.706762 0.606494 0.604643 0.606494 0.606494 0.604642 0.544387 0.604642 0.604641 0.544386  0.55506 0.544386 0.606494 0.604642 0.544387 0.604642
o___o  -------------------------------------
| L |	Time since last clock: 0h 49m 4.088s
A===A	Time since the beginning: 1h 19m 4.967s
********************************************

************************************************************************************
starting warm-up calculation for scaling factor 4
0 rounds of non-Gaussian ED iteration : ground-state energy is -73.5016 | electron energy -73.6313 + phonon energy 0.129751 | electron momentum kIdx = 0
Nq = 	16	0.304703	0.350867	0.304703	0.304702	0.350866	0.497748	0.350866	0.350865	0.497747	0.553869	0.497747	0.304702	0.350866	0.497748	0.350866
Sq = 	1.82882e-18	0.401824	0.579498	0.401824	0.401823	0.579498	0.682052	0.579498	0.579497	0.682051	2.31864	0.682051	0.401823	0.579498	0.682052	0.579498
1 rounds of non-Gaussian ED iteration : ground-state energy is -76.6996 | electron energy -77.0019 + phonon energy 0.302322 | electron momentum kIdx = 0
Nq = 	16	0.325465	0.350352	0.325465	0.325464	0.350351	0.515689	0.350351	0.350351	0.515688	0.556028	0.515688	0.325464	0.350351	0.515689	0.350351
Sq = 	6.09021e-18	0.39741	0.575592	0.39741	0.397408	0.575592	0.67415	0.575592	0.575591	0.674149	2.23747	0.674149	0.397408	0.575592	0.67415	0.575592
2 rounds of non-Gaussian ED iteration : ground-state energy is -78.1252 | electron energy -78.5294 + phonon energy 0.404204 | electron momentum kIdx = 0
Nq = 	16	0.341779	0.350644	0.341779	0.341778	0.350644	0.531123	0.350644	0.350643	0.531122	0.559903	0.531122	0.341778	0.350644	0.531123	0.350644
Sq = 	5.88196e-18	0.393622	0.571737	0.393622	0.393622	0.571737	0.667087	0.571737	0.571736	0.667086	2.17138	0.667086	0.393622	0.571737	0.667087	0.571737
3 rounds of non-Gaussian ED iteration : ground-state energy is -78.7695 | electron energy -79.2327 + phonon energy 0.463123 | electron momentum kIdx = 0
Nq = 	16	0.35434	0.351067	0.35434	0.354339	0.351067	0.54363	0.351067	0.351066	0.54363	0.563265	0.54363	0.354339	0.351067	0.54363	0.351067
Sq = 	-1.06423e-17	0.390552	0.568424	0.390552	0.390551	0.568423	0.661333	0.568423	0.568423	0.661332	2.12038	0.661332	0.390551	0.568423	0.661333	0.568423
4 rounds of non-Gaussian ED iteration : ground-state energy is -79.0624 | electron energy -79.5624 + phonon energy 0.500054 | electron momentum kIdx = 0
Nq = 	16	0.363837	0.351428	0.363837	0.363836	0.351427	0.553455	0.351427	0.351427	0.553454	0.565763	0.553454	0.363836	0.351427	0.553455	0.351427
Sq = 	-5.47895e-18	0.388144	0.565751	0.388144	0.388143	0.565751	0.656851	0.565751	0.56575	0.65685	2.08203	0.65685	0.388143	0.565751	0.656851	0.565751
5 rounds of non-Gaussian ED iteration : ground-state energy is -79.1959 | electron energy -79.7209 + phonon energy 0.525044 | electron momentum kIdx = 0
Nq = 	16	0.370925	0.351697	0.370925	0.370924	0.351697	0.56104	0.351697	0.351696	0.56104	0.567529	0.56104	0.370924	0.351697	0.56104	0.351697
Sq = 	-5.59327e-18	0.386292	0.563665	0.386292	0.386291	0.563665	0.653436	0.563665	0.563665	0.653435	2.05353	0.653435	0.386291	0.563665	0.653436	0.563665
6 rounds of non-Gaussian ED iteration : ground-state energy is -79.2569 | electron energy -79.7997 + phonon energy 0.542813 | electron momentum kIdx = 0
Nq = 	16	0.37617	0.35189	0.37617	0.376169	0.351889	0.566839	0.351889	0.351889	0.566838	0.568759	0.566838	0.376169	0.351889	0.566839	0.351889
Sq = 	1.25165e-17	0.384885	0.562068	0.384885	0.384884	0.562067	0.650865	0.562067	0.562067	0.650865	2.03247	0.650865	0.384884	0.562067	0.650865	0.562067
7 rounds of non-Gaussian ED iteration : ground-state energy is -79.285 | electron energy -79.8407 + phonon energy 0.555788 | electron momentum kIdx = 0
Nq = 	16	0.380032	0.352026	0.380032	0.380031	0.352026	0.571241	0.352026	0.352025	0.571241	0.569611	0.571241	0.380031	0.352026	0.571241	0.352026
Sq = 	-1.42533e-17	0.383824	0.560857	0.383824	0.383824	0.560857	0.648943	0.560857	0.560857	0.648943	2.01693	0.648943	0.383824	0.560857	0.648943	0.560857
8 rounds of non-Gaussian ED iteration : ground-state energy is -79.2979 | electron energy -79.8632 + phonon energy 0.565383 | electron momentum kIdx = 0
Nq = 	16	0.382866	0.352122	0.382866	0.382865	0.352122	0.574568	0.352122	0.352122	0.574568	0.570202	0.574568	0.382865	0.352122	0.574568	0.352122
Sq = 	-9.90297e-18	0.383029	0.559947	0.383029	0.383029	0.559947	0.647512	0.559947	0.559947	0.647512	2.00548	0.647512	0.383029	0.559947	0.647512	0.559947
9 rounds of non-Gaussian ED iteration : ground-state energy is -79.3038 | electron energy -79.8764 + phonon energy 0.572515 | electron momentum kIdx = 0
Nq = 	16	0.384942	0.352191	0.384942	0.384942	0.352191	0.577074	0.352191	0.352191	0.577074	0.570613	0.577074	0.384942	0.352191	0.577074	0.352191
Sq = 	2.99624e-18	0.382435	0.559266	0.382435	0.382435	0.559266	0.646449	0.559266	0.559266	0.646449	1.99704	0.646449	0.382435	0.559266	0.646449	0.559266
10 rounds of non-Gaussian ED iteration : ground-state energy is -79.3066 | electron energy -79.8844 + phonon energy 0.577827 | electron momentum kIdx = 0
Nq = 	16	0.386463	0.35224	0.386463	0.386462	0.35224	0.578956	0.35224	0.35224	0.578956	0.5709	0.578956	0.386462	0.35224	0.578956	0.35224
Sq = 	-2.30256e-18	0.381992	0.558758	0.381992	0.381992	0.558758	0.645661	0.558758	0.558758	0.645661	1.99082	0.645661	0.381992	0.558758	0.645661	0.558758
11 rounds of non-Gaussian ED iteration : ground-state energy is -79.3079 | electron energy -79.8897 + phonon energy 0.581782 | electron momentum kIdx = 0
Nq = 	16	0.387575	0.352276	0.387575	0.387575	0.352275	0.580367	0.352275	0.352275	0.580367	0.5711	0.580367	0.387575	0.352275	0.580367	0.352275
Sq = 	2.71351e-18	0.381663	0.558381	0.381663	0.381663	0.55838	0.645077	0.55838	0.55838	0.645077	1.98624	0.645077	0.381663	0.55838	0.645077	0.55838
Ground state is obtained after 12 iterations. The current ground-state energy is -79.3085, in which electron energy is -79.8933 and phonon energy is 0.584727
final variational state is: 
Gamma_x =       1 1.14578 1.18137 1.14578 1.14578 1.18137 1.29471 1.18137 1.18137 1.29471 1.31426 1.29471 1.14578 1.18137 1.29471 1.18137
lambda_q = 0.997587 0.767098 0.608891 0.767098 0.767098 0.608891 0.651107 0.608891 0.608891 0.651107 0.583945 0.651107 0.767098 0.608891 0.651107 0.608891
o___o  -------------------------------------
| L |	Time since last clock: 1h 8m 50.407s
A===A	Time since the beginning: 2h 27m 55.375s
********************************************

************************************************************************************
starting warm-up calculation for scaling factor 2
0 rounds of non-Gaussian ED iteration : ground-state energy is -70.2337 | electron energy -70.526 + phonon energy 0.292363 | electron momentum kIdx = 0
Nq = 	16	0.245272	0.292085	0.245272	0.245272	0.292085	0.422795	0.292085	0.292085	0.422795	0.472136	0.422795	0.245272	0.292085	0.422795	0.292085
Sq = 	5.68508e-18	0.415888	0.607311	0.415888	0.415888	0.607311	0.738438	0.607311	0.607311	0.738438	2.84192	0.738438	0.415888	0.607311	0.738438	0.607311
1 rounds of non-Gaussian ED iteration : ground-state energy is -72.2081 | electron energy -72.6818 + phonon energy 0.473756 | electron momentum kIdx = 0
Nq = 	16	0.242454	0.29017	0.242454	0.242453	0.29017	0.415937	0.29017	0.29017	0.415937	0.467533	0.415937	0.242453	0.29017	0.415937	0.29017
Sq = 	7.87126e-18	0.416914	0.608661	0.416914	0.416914	0.608661	0.741404	0.608661	0.608661	0.741404	2.87265	0.741404	0.416914	0.608661	0.741404	0.608661
2 rounds of non-Gaussian ED iteration : ground-state energy is -73.4735 | electron energy -74.0592 + phonon energy 0.585719 | electron momentum kIdx = 0
Nq = 	16	0.240644	0.289046	0.240644	0.240644	0.289046	0.412485	0.289046	0.289046	0.412485	0.46605	0.412485	0.240644	0.289046	0.412485	0.289046
Sq = 	-1.27939e-17	0.417431	0.609283	0.417431	0.417431	0.609283	0.742982	0.609283	0.609283	0.742982	2.88981	0.742982	0.417431	0.609283	0.742982	0.609283
3 rounds of non-Gaussian ED iteration : ground-state energy is -74.3067 | electron energy -74.9567 + phonon energy 0.650035 | electron momentum kIdx = 0
Nq = 	16	0.239663	0.28852	0.239663	0.239663	0.28852	0.41088	0.28852	0.28852	0.41088	0.465977	0.41088	0.239663	0.28852	0.41088	0.28852
Sq = 	5.34338e-18	0.417674	0.609521	0.417674	0.417674	0.609521	0.743706	0.609521	0.609521	0.743706	2.89809	0.743706	0.417674	0.609521	0.743706	0.609521
4 rounds of non-Gaussian ED iteration : ground-state energy is -74.8613 | electron energy -75.5478 + phonon energy 0.686551 | electron momentum kIdx = 0
Nq = 	16	0.239211	0.288346	0.239211	0.239211	0.288346	0.410207	0.288346	0.288346	0.410207	0.466459	0.410207	0.239211	0.288346	0.410207	0.288346
Sq = 	-5.13288e-18	0.417777	0.609576	0.417777	0.417777	0.609576	0.743967	0.609576	0.609576	0.743967	2.90136	0.743967	0.417777	0.609576	0.743967	0.609576
5 rounds of non-Gaussian ED iteration : ground-state energy is -75.2319 | electron energy -75.9396 + phonon energy 0.70767 | electron momentum kIdx = 0
Nq = 	16	0.239069	0.288357	0.239069	0.239069	0.288357	0.409989	0.288357	0.288357	0.409989	0.467115	0.409989	0.239069	0.288357	0.409989	0.288357
Sq = 	-6.60295e-18	0.41781	0.60955	0.41781	0.41781	0.60955	0.743994	0.60955	0.60955	0.743994	2.902	0.743994	0.41781	0.60955	0.743994	0.60955
6 rounds of non-Gaussian ED iteration : ground-state energy is -75.4801 | electron energy -76.2005 + phonon energy 0.720366 | electron momentum kIdx = 0
Nq = 	16	0.239098	0.288454	0.239098	0.239098	0.288454	0.409989	0.288454	0.288454	0.409989	0.467785	0.409989	0.239098	0.288454	0.409989	0.288454
Sq = 	-1.04357e-17	0.417811	0.60949	0.417811	0.417811	0.60949	0.743909	0.60949	0.60949	0.743909	2.90133	0.743909	0.417811	0.60949	0.743909	0.60949
7 rounds of non-Gaussian ED iteration : ground-state energy is -75.6464 | electron energy -76.3748 + phonon energy 0.728422 | electron momentum kIdx = 0
Nq = 	16	0.239215	0.288585	0.239215	0.239215	0.288585	0.41009	0.288585	0.288585	0.41009	0.468409	0.41009	0.239215	0.288585	0.41009	0.288585
Sq = 	-5.07875e-18	0.417795	0.60942	0.417795	0.417795	0.60942	0.743777	0.60942	0.60942	0.743777	2.90006	0.743777	0.417795	0.60942	0.743777	0.60942
8 rounds of non-Gaussian ED iteration : ground-state energy is -75.7578 | electron energy -76.4917 + phonon energy 0.733866 | electron momentum kIdx = 0
Nq = 	16	0.239375	0.288725	0.239375	0.239375	0.288725	0.410235	0.288725	0.288725	0.410235	0.468968	0.410235	0.239375	0.288725	0.410235	0.288725
Sq = 	4.22711e-18	0.417771	0.609349	0.417771	0.417771	0.609349	0.743628	0.609349	0.609349	0.743628	2.89855	0.743628	0.417771	0.609349	0.743628	0.609349
9 rounds of non-Gaussian ED iteration : ground-state energy is -75.8325 | electron energy -76.5703 + phonon energy 0.737789 | electron momentum kIdx = 0
Nq = 	16	0.23955	0.288859	0.23955	0.23955	0.288859	0.410396	0.288859	0.288859	0.410396	0.469459	0.410396	0.23955	0.288859	0.410396	0.288859
Sq = 	-2.16426e-18	0.417745	0.609283	0.417745	0.417745	0.609283	0.743479	0.609283	0.609283	0.743479	2.897	0.743479	0.417745	0.609283	0.743479	0.609283
10 rounds of non-Gaussian ED iteration : ground-state energy is -75.8826 | electron energy -76.6234 + phonon energy 0.740787 | electron momentum kIdx = 0
Nq = 	16	0.239727	0.288983	0.239727	0.239727	0.288983	0.41056	0.288983	0.288983	0.41056	0.469887	0.41056	0.239727	0.288983	0.41056	0.288983
Sq = 	9.23007e-18	0.417718	0.609223	0.417718	0.417718	0.609223	0.743338	0.609223	0.609223	0.743338	2.8955	0.743338	0.417718	0.609223	0.743338	0.609223
11 rounds of non-Gaussian ED iteration : ground-state energy is -75.9162 | electron energy -76.6594 + phonon energy 0.743188 | electron momentum kIdx = 0
Nq = 	16	0.239898	0.289096	0.239898	0.239898	0.289096	0.410719	0.289096	0.289096	0.410719	0.470259	0.410719	0.239898	0.289096	0.410719	0.289096
Sq = 	-5.15493e-18	0.417692	0.609168	0.417692	0.417692	0.609168	0.743207	0.609168	0.609168	0.743207	2.8941	0.743207	0.417692	0.609168	0.743207	0.609168
12 rounds of non-Gaussian ED iteration : ground-state energy is -75.9387 | electron energy -76.6839 + phonon energy 0.745181 | electron momentum kIdx = 0
Nq = 	16	0.240059	0.289196	0.240059	0.240059	0.289196	0.41087	0.289196	0.289196	0.41087	0.470582	0.41087	0.240059	0.289196	0.41087	0.289196
Sq = 	-1.33702e-18	0.417667	0.609119	0.417667	0.417667	0.609119	0.743086	0.609119	0.609119	0.743086	2.8928	0.743086	0.417667	0.609119	0.743086	0.609119
13 rounds of non-Gaussian ED iteration : ground-state energy is -75.9538 | electron energy -76.7007 + phonon energy 0.746878 | electron momentum kIdx = 0
Nq = 	16	0.240208	0.289285	0.240208	0.240208	0.289285	0.411012	0.289285	0.289285	0.411012	0.470862	0.411012	0.240208	0.289285	0.411012	0.289285
Sq = 	1.16847e-17	0.417643	0.609075	0.417643	0.417643	0.609075	0.742977	0.609075	0.609075	0.742977	2.89161	0.742977	0.417643	0.609075	0.742977	0.609075
14 rounds of non-Gaussian ED iteration : ground-state energy is -75.9639 | electron energy -76.7122 + phonon energy 0.748347 | electron momentum kIdx = 0
Nq = 	16	0.240346	0.289364	0.240346	0.240346	0.289364	0.411144	0.289364	0.289364	0.411144	0.471105	0.411144	0.240346	0.289364	0.411144	0.289364
Sq = 	7.85138e-18	0.417622	0.609036	0.417622	0.417622	0.609036	0.742879	0.609036	0.609036	0.742879	2.89053	0.742879	0.417622	0.609036	0.742879	0.609036
15 rounds of non-Gaussian ED iteration : ground-state energy is -75.9707 | electron energy -76.7203 + phonon energy 0.749633 | electron momentum kIdx = 0
Nq = 	16	0.240472	0.289435	0.240472	0.240472	0.289435	0.411266	0.289435	0.289435	0.411266	0.471316	0.411266	0.240472	0.289435	0.411266	0.289435
Sq = 	2.39947e-18	0.417601	0.609002	0.417601	0.417601	0.609002	0.74279	0.609002	0.609002	0.74279	2.88955	0.74279	0.417601	0.609002	0.74279	0.609002
16 rounds of non-Gaussian ED iteration : ground-state energy is -75.9752 | electron energy -76.726 + phonon energy 0.750768 | electron momentum kIdx = 0
Nq = 	16	0.240587	0.289497	0.240587	0.240587	0.289497	0.411379	0.289497	0.289497	0.411379	0.4715	0.411379	0.240587	0.289497	0.411379	0.289497
Sq = 	1.02813e-18	0.417582	0.608971	0.417582	0.417582	0.608971	0.74271	0.608971	0.608971	0.74271	2.88866	0.74271	0.417582	0.608971	0.74271	0.608971
17 rounds of non-Gaussian ED iteration : ground-state energy is -75.9783 | electron energy -76.73 + phonon energy 0.751775 | electron momentum kIdx = 0
Nq = 	16	0.240692	0.289552	0.240692	0.240692	0.289552	0.411482	0.289552	0.289552	0.411482	0.471661	0.411482	0.240692	0.289552	0.411482	0.289552
Sq = 	4.146e-18	0.417565	0.608943	0.417565	0.417565	0.608943	0.742637	0.608943	0.608943	0.742637	2.88786	0.742637	0.417565	0.608943	0.742637	0.608943
18 rounds of non-Gaussian ED iteration : ground-state energy is -75.9803 | electron energy -76.733 + phonon energy 0.752671 | electron momentum kIdx = 0
Nq = 	16	0.240787	0.289601	0.240787	0.240787	0.289601	0.411578	0.289601	0.289601	0.411578	0.471801	0.411578	0.240787	0.289601	0.411578	0.289601
Sq = 	4.115e-18	0.417549	0.608919	0.417549	0.417549	0.608919	0.742572	0.608919	0.608919	0.742572	2.88714	0.742572	0.417549	0.608919	0.742572	0.608919
19 rounds of non-Gaussian ED iteration : ground-state energy is -75.9817 | electron energy -76.7352 + phonon energy 0.753471 | electron momentum kIdx = 0
Nq = 	16	0.240874	0.289644	0.240874	0.240874	0.289644	0.411665	0.289644	0.289644	0.411665	0.471923	0.411665	0.240874	0.289644	0.411665	0.289644
Sq = 	-6.3629e-18	0.417535	0.608897	0.417535	0.417535	0.608897	0.742514	0.608897	0.608897	0.742514	2.88648	0.742514	0.417535	0.608897	0.742514	0.608897
Ground state is obtained after 20 iterations. The current ground-state energy is -75.9826, in which electron energy is -76.7368 and phonon energy is 0.754186
final variational state is: 
Gamma_x =       1 1.26775   1.319 1.26775 1.26775   1.319 1.48051   1.319   1.319 1.48051 1.55049 1.48051 1.26775   1.319 1.48051   1.319
lambda_q =  1.40658 0.748262 0.583935 0.748262 0.748262 0.583935 0.605151 0.583935 0.583935 0.605151 0.569045 0.605151 0.748262 0.583935 0.605151 0.583935
o___o  -------------------------------------
| L |	Time since last clock: 1h 49m 40.273s
A===A	Time since the beginning: 4h 17m 35.648s
********************************************

************************************************************************************
Warm up completed
o___o  -------------------------------------
| L |	Time since last clock: 0h 0m 0.047s
A===A	Time since the beginning: 4h 17m 35.696s
********************************************

************************************************************************************
0 rounds of non-Gaussian ED iteration : ground-state energy is -68.0581 | electron energy -68.4352 + phonon energy 0.377093 | electron momentum kIdx = 0
Nq = 	16	0.156918	0.224518	0.156918	0.156918	0.224518	0.306558	0.224518	0.224518	0.306558	0.368797	0.306558	0.156918	0.224518	0.306558	0.224518
Sq = 	-2.13479e-18	0.427689	0.626746	0.427689	0.427689	0.626746	0.811222	0.626746	0.626746	0.811222	3.71407	0.811222	0.427689	0.626746	0.811222	0.626746
1 rounds of non-Gaussian ED iteration : ground-state energy is -69.3429 | electron energy -69.8148 + phonon energy 0.471959 | electron momentum kIdx = 0
Nq = 	16	0.149313	0.217467	0.149313	0.149313	0.217467	0.295591	0.217467	0.217467	0.295591	0.35732	0.295591	0.149313	0.217467	0.295591	0.217467
Sq = 	3.21122e-18	0.427992	0.627978	0.427992	0.427992	0.627978	0.818471	0.627978	0.627978	0.818471	3.80454	0.818471	0.427992	0.627978	0.818471	0.627978
2 rounds of non-Gaussian ED iteration : ground-state energy is -70.2842 | electron energy -70.7949 + phonon energy 0.510773 | electron momentum kIdx = 0
Nq = 	16	0.14313	0.21159	0.14313	0.14313	0.21159	0.287109	0.21159	0.21159	0.287109	0.348614	0.287109	0.14313	0.21159	0.287109	0.21159
Sq = 	3.89672e-18	0.428029	0.628806	0.428029	0.428029	0.628806	0.824387	0.628806	0.628806	0.824387	3.87839	0.824387	0.428029	0.628806	0.824387	0.628806
3 rounds of non-Gaussian ED iteration : ground-state energy is -71.016 | electron energy -71.5312 + phonon energy 0.515182 | electron momentum kIdx = 0
Nq = 	16	0.138426	0.207039	0.138426	0.138426	0.207039	0.280763	0.207039	0.207039	0.280763	0.342097	0.280763	0.138426	0.207039	0.280763	0.207039
Sq = 	3.39804e-18	0.42795	0.629366	0.42795	0.42795	0.629366	0.828952	0.629366	0.629366	0.828952	3.93511	0.828952	0.42795	0.629366	0.828952	0.629366
4 rounds of non-Gaussian ED iteration : ground-state energy is -71.6019 | electron energy -72.1031 + phonon energy 0.501238 | electron momentum kIdx = 0
Nq = 	16	0.134868	0.203544	0.134868	0.134868	0.203544	0.275956	0.203544	0.203544	0.275956	0.337105	0.275956	0.134868	0.203544	0.275956	0.203544
Sq = 	-3.46794e-20	0.427835	0.629768	0.427835	0.427835	0.629768	0.832468	0.629768	0.629768	0.832468	3.97851	0.832468	0.427835	0.629768	0.832468	0.629768
5 rounds of non-Gaussian ED iteration : ground-state energy is -72.0769 | electron energy -72.5557 + phonon energy 0.478726 | electron momentum kIdx = 0
Nq = 	16	0.13213	0.200812	0.13213	0.13213	0.200812	0.272209	0.200812	0.200812	0.272209	0.333154	0.272209	0.13213	0.200812	0.272209	0.200812
Sq = 	3.06388e-18	0.42772	0.630076	0.42772	0.42772	0.630076	0.835231	0.630076	0.630076	0.835231	4.01236	0.835231	0.42772	0.630076	0.835231	0.630076
6 rounds of non-Gaussian ED iteration : ground-state energy is -72.4643 | electron energy -72.9175 + phonon energy 0.453124 | electron momentum kIdx = 0
Nq = 	16	0.12997	0.19862	0.12997	0.12997	0.19862	0.269193	0.19862	0.19862	0.269193	0.329927	0.269193	0.12997	0.19862	0.269193	0.19862
Sq = 	3.09978e-19	0.427614	0.630324	0.427614	0.427614	0.630324	0.83746	0.630324	0.630324	0.83746	4.03946	0.83746	0.427614	0.630324	0.83746	0.630324
7 rounds of non-Gaussian ED iteration : ground-state energy is -72.781 | electron energy -73.2083 + phonon energy 0.427324 | electron momentum kIdx = 0
Nq = 	16	0.128221	0.196815	0.128221	0.128221	0.196815	0.266697	0.196815	0.196815	0.266697	0.327219	0.266697	0.128221	0.196815	0.266697	0.196815
Sq = 	2.08773e-18	0.427521	0.630534	0.427521	0.427521	0.630534	0.839303	0.630534	0.630534	0.839303	4.06172	0.839303	0.427521	0.630534	0.839303	0.630534
8 rounds of non-Gaussian ED iteration : ground-state energy is -73.0401 | electron energy -73.4429 + phonon energy 0.40276 | electron momentum kIdx = 0
Nq = 	16	0.12677	0.195294	0.12677	0.12677	0.195294	0.264586	0.195294	0.195294	0.264586	0.324901	0.264586	0.12677	0.195294	0.264586	0.195294
Sq = 	-3.92498e-18	0.427439	0.630714	0.427439	0.427439	0.630714	0.840862	0.630714	0.630714	0.840862	4.08043	0.840862	0.427439	0.630714	0.840862	0.630714
9 rounds of non-Gaussian ED iteration : ground-state energy is -73.2522 | electron energy -73.6323 + phonon energy 0.380069 | electron momentum kIdx = 0
Nq = 	16	0.125544	0.19399	0.125544	0.125544	0.19399	0.26277	0.19399	0.19399	0.26277	0.322887	0.26277	0.125544	0.19399	0.26277	0.19399
Sq = 	-1.45769e-18	0.427365	0.630872	0.427365	0.427365	0.630872	0.842201	0.630872	0.630872	0.842201	4.09642	0.842201	0.427365	0.630872	0.842201	0.630872
10 rounds of non-Gaussian ED iteration : ground-state energy is -73.4258 | electron energy -73.7853 + phonon energy 0.359463 | electron momentum kIdx = 0
Nq = 	16	0.124494	0.192857	0.124494	0.124494	0.192857	0.261189	0.192857	0.192857	0.261189	0.32112	0.261189	0.124494	0.192857	0.261189	0.192857
Sq = 	-2.50179e-18	0.4273	0.631012	0.4273	0.4273	0.631012	0.843367	0.631012	0.631012	0.843367	4.11027	0.843367	0.4273	0.631012	0.843367	0.631012
11 rounds of non-Gaussian ED iteration : ground-state energy is -73.568 | electron energy -73.9089 + phonon energy 0.340933 | electron momentum kIdx = 0
Nq = 	16	0.123583	0.191865	0.123583	0.123583	0.191865	0.259801	0.191865	0.191865	0.259801	0.319559	0.259801	0.123583	0.191865	0.259801	0.191865
Sq = 	-3.18987e-18	0.427241	0.631136	0.427241	0.427241	0.631136	0.84439	0.631136	0.631136	0.84439	4.12237	0.84439	0.427241	0.631136	0.84439	0.631136
12 rounds of non-Gaussian ED iteration : ground-state energy is -73.6844 | electron energy -74.0087 + phonon energy 0.324368 | electron momentum kIdx = 0
Nq = 	16	0.122787	0.190989	0.122787	0.122787	0.190989	0.258576	0.190989	0.190989	0.258576	0.318173	0.258576	0.122787	0.190989	0.258576	0.190989
Sq = 	1.89835e-18	0.427188	0.631247	0.427188	0.427188	0.631247	0.845294	0.631247	0.631247	0.845294	4.13303	0.845294	0.427188	0.631247	0.845294	0.631247
13 rounds of non-Gaussian ED iteration : ground-state energy is -73.7796 | electron energy -74.0892 + phonon energy 0.30961 | electron momentum kIdx = 0
Nq = 	16	0.122088	0.190213	0.122088	0.122088	0.190213	0.257491	0.190213	0.190213	0.257491	0.316939	0.257491	0.122088	0.190213	0.257491	0.190213
Sq = 	4.39916e-18	0.42714	0.631346	0.42714	0.42714	0.631346	0.846095	0.631346	0.631346	0.846095	4.14245	0.846095	0.42714	0.631346	0.846095	0.631346
14 rounds of non-Gaussian ED iteration : ground-state energy is -73.8576 | electron energy -74.1541 + phonon energy 0.296484 | electron momentum kIdx = 0
Nq = 	16	0.121472	0.189524	0.121472	0.121472	0.189524	0.256526	0.189524	0.189524	0.256526	0.315837	0.256526	0.121472	0.189524	0.256526	0.189524
Sq = 	-2.52663e-18	0.427096	0.631435	0.427096	0.427096	0.631435	0.846808	0.631435	0.631435	0.846808	4.1508	0.846808	0.427096	0.631435	0.846808	0.631435
15 rounds of non-Gaussian ED iteration : ground-state energy is -73.9215 | electron energy -74.2063 + phonon energy 0.284822 | electron momentum kIdx = 0
Nq = 	16	0.120926	0.188911	0.120926	0.120926	0.188911	0.255667	0.188911	0.188911	0.255667	0.314853	0.255667	0.120926	0.188911	0.255667	0.188911
Sq = 	-2.9378e-18	0.427057	0.631514	0.427057	0.427057	0.631514	0.847444	0.631514	0.631514	0.847444	4.15822	0.847444	0.427057	0.631514	0.847444	0.631514
16 rounds of non-Gaussian ED iteration : ground-state energy is -73.9737 | electron energy -74.2482 + phonon energy 0.274464 | electron momentum kIdx = 0
Nq = 	16	0.120442	0.188364	0.120442	0.120442	0.188364	0.254902	0.188364	0.188364	0.254902	0.313972	0.254902	0.120442	0.188364	0.254902	0.188364
Sq = 	6.26298e-20	0.427021	0.631585	0.427021	0.427021	0.631585	0.84801	0.631585	0.631585	0.84801	4.16483	0.84801	0.427021	0.631585	0.84801	0.631585
17 rounds of non-Gaussian ED iteration : ground-state energy is -74.0165 | electron energy -74.2818 + phonon energy 0.265264 | electron momentum kIdx = 0
Nq = 	16	0.120012	0.187876	0.120012	0.120012	0.187876	0.254219	0.187876	0.187876	0.254219	0.313184	0.254219	0.120012	0.187876	0.254219	0.187876
Sq = 	-4.88836e-19	0.426989	0.631649	0.426989	0.426989	0.631649	0.848516	0.631649	0.631649	0.848516	4.17072	0.848516	0.426989	0.631649	0.848516	0.631649
18 rounds of non-Gaussian ED iteration : ground-state energy is -74.0515 | electron energy -74.3086 + phonon energy 0.25709 | electron momentum kIdx = 0
Nq = 	16	0.11963	0.18744	0.11963	0.11963	0.18744	0.25361	0.18744	0.18744	0.25361	0.312478	0.25361	0.11963	0.18744	0.25361	0.18744
Sq = 	3.17998e-18	0.426959	0.631706	0.426959	0.426959	0.631706	0.848968	0.631706	0.631706	0.848968	4.17597	0.848968	0.426959	0.631706	0.848968	0.631706
19 rounds of non-Gaussian ED iteration : ground-state energy is -74.0802 | electron energy -74.33 + phonon energy 0.249826 | electron momentum kIdx = 0
Nq = 	16	0.11929	0.187051	0.11929	0.11929	0.187051	0.253065	0.187051	0.187051	0.253065	0.311845	0.253065	0.11929	0.187051	0.253065	0.187051
Sq = 	2.40833e-18	0.426933	0.631757	0.426933	0.426933	0.631757	0.849373	0.631757	0.631757	0.849373	4.18066	0.849373	0.426933	0.631757	0.849373	0.631757
20 rounds of non-Gaussian ED iteration : ground-state energy is -74.1036 | electron energy -74.347 + phonon energy 0.243367 | electron momentum kIdx = 0
Nq = 	16	0.118987	0.186703	0.118987	0.118987	0.186703	0.252579	0.186703	0.186703	0.252579	0.311278	0.252579	0.118987	0.186703	0.252579	0.186703
Sq = 	6.21774e-19	0.426909	0.631803	0.426909	0.426909	0.631803	0.849734	0.631803	0.631803	0.849734	4.18485	0.849734	0.426909	0.631803	0.849734	0.631803
21 rounds of non-Gaussian ED iteration : ground-state energy is -74.1228 | electron energy -74.3604 + phonon energy 0.23762 | electron momentum kIdx = 0
Nq = 	16	0.118718	0.186392	0.118718	0.118718	0.186392	0.252144	0.186392	0.186392	0.252144	0.31077	0.252144	0.118718	0.186392	0.252144	0.186392
Sq = 	2.32315e-18	0.426888	0.631844	0.426888	0.426888	0.631844	0.850057	0.631844	0.631844	0.850057	4.18858	0.850057	0.426888	0.631844	0.850057	0.631844
22 rounds of non-Gaussian ED iteration : ground-state energy is -74.1385 | electron energy -74.371 + phonon energy 0.232506 | electron momentum kIdx = 0
Nq = 	16	0.118477	0.186114	0.118477	0.118477	0.186114	0.251756	0.186114	0.186114	0.251756	0.310315	0.251756	0.118477	0.186114	0.251756	0.186114
Sq = 	-3.72327e-18	0.426869	0.631881	0.426869	0.426869	0.631881	0.850346	0.631881	0.631881	0.850346	4.19192	0.850346	0.426869	0.631881	0.850346	0.631881
23 rounds of non-Gaussian ED iteration : ground-state energy is -74.1514 | electron energy -74.3793 + phonon energy 0.227951 | electron momentum kIdx = 0
Nq = 	16	0.118262	0.185866	0.118262	0.118262	0.185866	0.251408	0.185866	0.185866	0.251408	0.309907	0.251408	0.118262	0.185866	0.251408	0.185866
Sq = 	-3.46937e-18	0.426851	0.631915	0.426851	0.426851	0.631915	0.850604	0.631915	0.631915	0.850604	4.1949	0.850604	0.426851	0.631915	0.850604	0.631915
24 rounds of non-Gaussian ED iteration : ground-state energy is -74.1619 | electron energy -74.3858 + phonon energy 0.223894 | electron momentum kIdx = 0
Nq = 	16	0.118071	0.185644	0.118071	0.118071	0.185644	0.251098	0.185644	0.185644	0.251098	0.309541	0.251098	0.118071	0.185644	0.251098	0.185644
Sq = 	4.45012e-18	0.426836	0.631944	0.426836	0.426836	0.631944	0.850836	0.631944	0.631944	0.850836	4.19757	0.850836	0.426836	0.631944	0.850836	0.631944
25 rounds of non-Gaussian ED iteration : ground-state energy is -74.1705 | electron energy -74.3908 + phonon energy 0.220277 | electron momentum kIdx = 0
Nq = 	16	0.1179	0.185445	0.1179	0.1179	0.185445	0.25082	0.185445	0.185445	0.25082	0.309213	0.25082	0.1179	0.185445	0.25082	0.185445
Sq = 	1.85618e-18	0.426822	0.631971	0.426822	0.426822	0.631971	0.851042	0.631971	0.631971	0.851042	4.19995	0.851042	0.426822	0.631971	0.851042	0.631971
26 rounds of non-Gaussian ED iteration : ground-state energy is -74.1776 | electron energy -74.3946 + phonon energy 0.217051 | electron momentum kIdx = 0
Nq = 	16	0.117748	0.185267	0.117748	0.117748	0.185267	0.250571	0.185267	0.185267	0.250571	0.308919	0.250571	0.117748	0.185267	0.250571	0.185267
Sq = 	-9.17635e-19	0.426809	0.631995	0.426809	0.426809	0.631995	0.851228	0.631995	0.631995	0.851228	4.20208	0.851228	0.426809	0.631995	0.851228	0.631995
27 rounds of non-Gaussian ED iteration : ground-state energy is -74.1833 | electron energy -74.3975 + phonon energy 0.214174 | electron momentum kIdx = 0
Nq = 	16	0.117611	0.185108	0.117611	0.117611	0.185108	0.250349	0.185108	0.185108	0.250349	0.308656	0.250349	0.117611	0.185108	0.250349	0.185108
Sq = 	1.67665e-18	0.426798	0.632017	0.426798	0.426798	0.632017	0.851393	0.632017	0.632017	0.851393	4.20399	0.851393	0.426798	0.632017	0.851393	0.632017
28 rounds of non-Gaussian ED iteration : ground-state energy is -74.188 | electron energy -74.3996 + phonon energy 0.211606 | electron momentum kIdx = 0
Nq = 	16	0.11749	0.184966	0.11749	0.11749	0.184966	0.25015	0.184966	0.184966	0.25015	0.308419	0.25015	0.11749	0.184966	0.25015	0.184966
Sq = 	1.46178e-18	0.426788	0.632036	0.426788	0.426788	0.632036	0.851541	0.632036	0.632036	0.851541	4.20569	0.851541	0.426788	0.632036	0.851541	0.632036
29 rounds of non-Gaussian ED iteration : ground-state energy is -74.1919 | electron energy -74.4012 + phonon energy 0.209313 | electron momentum kIdx = 0
Nq = 	16	0.117381	0.184839	0.117381	0.117381	0.184839	0.249972	0.184839	0.184839	0.249972	0.308208	0.249972	0.117381	0.184839	0.249972	0.184839
Sq = 	9.72479e-19	0.426779	0.632053	0.426779	0.426779	0.632053	0.851674	0.632053	0.632053	0.851674	4.20722	0.851674	0.426779	0.632053	0.851674	0.632053
30 rounds of non-Gaussian ED iteration : ground-state energy is -74.1951 | electron energy -74.4023 + phonon energy 0.207265 | electron momentum kIdx = 0
Nq = 	16	0.117284	0.184725	0.117284	0.117284	0.184725	0.249812	0.184725	0.184725	0.249812	0.308017	0.249812	0.117284	0.184725	0.249812	0.184725
Sq = 	1.11114e-18	0.426771	0.632069	0.426771	0.426771	0.632069	0.851793	0.632069	0.632069	0.851793	4.20858	0.851793	0.426771	0.632069	0.851793	0.632069
31 rounds of non-Gaussian ED iteration : ground-state energy is -74.1977 | electron energy -74.4031 + phonon energy 0.205436 | electron momentum kIdx = 0
Nq = 	16	0.117197	0.184623	0.117197	0.117197	0.184623	0.24967	0.184623	0.184623	0.24967	0.307847	0.24967	0.117197	0.184623	0.24967	0.184623
Sq = 	1.87497e-18	0.426764	0.632083	0.426764	0.426764	0.632083	0.851899	0.632083	0.632083	0.851899	4.2098	0.851899	0.426764	0.632083	0.851899	0.632083
32 rounds of non-Gaussian ED iteration : ground-state energy is -74.1998 | electron energy -74.4036 + phonon energy 0.203801 | electron momentum kIdx = 0
Nq = 	16	0.117119	0.184532	0.117119	0.117119	0.184532	0.249542	0.184532	0.184532	0.249542	0.307694	0.249542	0.117119	0.184532	0.249542	0.184532
