SNEDics v3.22.2 Non-Gaussian ED ground state program		Start at Sun Apr 17 13:15:24 2022

Parallelization: 32 MPI threads  * 8 OpenMP threads = 256 total threads.
********************************************************************************************************************
********************************************************************************************************************

********************************************************************************************************************
System parameters and configurations
	special program options are enabled: splitted diagonal Hamiltonian | splitted Hamiltonian terms
********************************************************************************************************************
Read input file "model_params.in"
	Hubbard-Holstein model parameters : 	t = 1    t' = -0.3    U = 8    g = 0.1    W = 0.2    g' = 0.3    
********************************************************************************************************************
Read input file "hilbertspace_params.in"
	Requested 16-site 2D lattice, with 8 electrons (4, 4)
	Boundary : Periodic		Hilbert space representation : momentum-space (restricted to kIdx = 0)
	Conservation: particle number[U(1)]      spin[U(1)]     momentum
********************************************************************************************************************

Cluster Positions:				Cluster symmetry group : D4
 x ... x ... x ... x .....                       x ... x ... x ... x .....
 |           |           :                       |           |           :
 |           |           :                       |           |           :
12    13    14    15     x                       1     5     6     5     x
 |           |           :                       |           |           :
 |           |           :                       |           |           :
 8 --- 9 ---10 ---11 --- x                       2 --- 6 ---10 --- 6 --- x
 |           |           :                       |           |           :
 |           |           :                       |           |           :
 4     5     6     7     x                       1     5     6     5     x
 |           |           :                       |           |           :
 |           |           :                       |           |           :
 0 --- 1 --- 2 --- 3 --- x                       0 --- 1 --- 2 --- 1 --- x
orbital number : 1
********************************************************************************************************************
Read input file "obs_params.in"
	Observable Type : Nq(All),   Sq(All),   N(All-Orbital),   Delta[s](All),   Delta[d](All),   Delta[s+](All)
** WARNING ** the input observables have non-local factors which have been reinterpreted. The total observable number is 96
********************************************************************************************************************


********************************************************************************************************************
Start calculating the non-Gaussian ED ground state
Maximal iteration number is 1000; energy resolution is 1e-06. Phonon state relaxation time is 2000
W = 0.2 is relatively large. The non-Gaussian ED calculation starts directly.
open output files: NGSED_iteration_observables.txt
********************************************************************************************************************
Start the 0 rounds of NGS-ED iteration
	effective electronic model is modified as: kinetic energy t = 1, t' = -0.3
	                                           effective interaction Vq = [0,0,0,0,0,0,0,0,0,0,0,0,0,0,0,0]
	first Hamiltonian is constructed, size = 207184 and non-zero numbers = 32252562
	PARPACK diagonalization completed after 120 matrix-vector product operations.
	iteration results: : total energy is -14.600323 | electron energy -14.600323 + phonon energy 0.000000 | electron momentum kIdx = 0
	Nq(0) = 4,	Nq(1) = 0.197198,	Nq(2) = 0.25408,	Nq(3) = 0.197198,	Nq(4) = 0.197198,	Nq(5) = 0.267076,	
	Nq(6) = 0.353825,	Nq(7) = 0.267076,	Nq(8) = 0.25408,	Nq(9) = 0.353825,	Nq(10) = 0.466428,	
	Nq(11) = 0.353825,	Nq(12) = 0.197198,	Nq(13) = 0.267076,	Nq(14) = 0.353825,	Nq(15) = 0.267076;	
	Sq(0) = 8.19558e-19,	Sq(1) = 0.482052,	Sq(2) = 0.340779,	Sq(3) = 0.482052,	Sq(4) = 0.482052,	
	Sq(5) = 0.566062,	Sq(6) = 0.591821,	Sq(7) = 0.566062,	Sq(8) = 0.340779,	Sq(9) = 0.591821,	
	Sq(10) = 0.511715,	Sq(11) = 0.591821,	Sq(12) = 0.482052,	Sq(13) = 0.566062,	Sq(14) = 0.591821,	
	Sq(15) = 0.566062;	N(0) = 1.72489,	N(1) = 1.32099,	N(2) = 0.213478,	N(3) = 1.32099,	
	N(4) = 1.32099,	N(5) = 0.105651,	N(6) = 0.0323985,	N(7) = 0.105651,	N(8) = 0.213478,	
	N(9) = 0.0323985,	N(10) = 0.0120143,	N(11) = 0.0323985,	N(12) = 1.32099,	N(13) = 0.105651,	
	N(14) = 0.0323985,	N(15) = 0.105651;	Delta[s](0) = 0.020735,	Delta[s](1) = 0.011953,	Delta[s](2) = 0.00925462,	
	Delta[s](3) = 0.011953,	Delta[s](4) = 0.011953,	Delta[s](5) = 0.00650444,	Delta[s](6) = 0.00208956,	Delta[s](7) = 0.00650444,	
	Delta[s](8) = 0.00925462,	Delta[s](9) = 0.00208956,	Delta[s](10) = 0.00206056,	Delta[s](11) = 0.00208956,	Delta[s](12) = 0.011953,	
	Delta[s](13) = 0.00650444,	Delta[s](14) = 0.00208956,	Delta[s](15) = 0.00650444;	Delta[d](0) = 0.191186,	Delta[d](1) = 0.0632079,	
	Delta[d](2) = 0.0830688,	Delta[d](3) = 0.0632079,	Delta[d](4) = 0.0632079,	Delta[d](5) = 0.0528281,	Delta[d](6) = 0.0276513,	
	Delta[d](7) = 0.0528281,	Delta[d](8) = 0.0830688,	Delta[d](9) = 0.0276513,	Delta[d](10) = 0.0114987,	Delta[d](11) = 0.0276513,	
	Delta[d](12) = 0.0632079,	Delta[d](13) = 0.0528281,	Delta[d](14) = 0.0276513,	Delta[d](15) = 0.0528281;	Delta[s+](0) = 0.343949,	
	Delta[s+](1) = 0.191777,	Delta[s+](2) = 0.0830688,	Delta[s+](3) = 0.191777,	Delta[s+](4) = 0.191777,	Delta[s+](5) = 0.0630708,	
	Delta[s+](6) = 0.00476829,	Delta[s+](7) = 0.0630708,	Delta[s+](8) = 0.0830688,	Delta[s+](9) = 0.00476829,	Delta[s+](10) = 0.000758787,	
	Delta[s+](11) = 0.00476829,	Delta[s+](12) = 0.191777,	Delta[s+](13) = 0.0630708,	Delta[s+](14) = 0.00476829,	Delta[s+](15) = 0.0630708
	
The 0-th iteration is completed.	|| time cost : 0h 0m 5.647s
********************************************************************************************************************
Start the 1 rounds of NGS-ED iteration
	effective electronic model is modified as: kinetic energy t = 0.935056, t' = -0.287674
	                                           effective interaction Vq = [      -8.45,   -0.66533,-0.00573736,   -0.66533,   -0.66533,-0.00543301,  -0.146587,-0.00543301,-0.00573736,  -0.146587,   -3.75793,  -0.146587,   -0.66533,-0.00543301,  -0.146587,-0.00543301]
	PARPACK diagonalization completed after 45 matrix-vector product operations.
	iteration results: : total energy is -52.409772 | electron energy -53.064816 + phonon energy 0.655045 | electron momentum kIdx = 0
The 1-th iteration is completed.	|| time cost : 0h 0m 3.771s
********************************************************************************************************************
Start the 2 rounds of NGS-ED iteration
	effective electronic model is modified as: kinetic energy t = 0.860561, t' = -0.298112
	                                           effective interaction Vq = [      -8.45,  -0.190985,-0.00323335,  -0.190985,  -0.190985,-0.00328668, -0.0789144,-0.00328668,-0.00323335, -0.0789144,   -6.02167, -0.0789144,  -0.190985,-0.00328668, -0.0789144,-0.00328668]
	PARPACK diagonalization completed after 30 matrix-vector product operations.
	iteration results: : total energy is -59.130521 | electron energy -60.161615 + phonon energy 1.031094 | electron momentum kIdx = 0
The 2-th iteration is completed.	|| time cost : 0h 0m 1.185s
********************************************************************************************************************
Start the 3 rounds of NGS-ED iteration
	effective electronic model is modified as: kinetic energy t = 0.811088, t' = -0.299417
	                                           effective interaction Vq = [      -8.45,  -0.100797, -0.0019183,  -0.100797,  -0.100797,-0.00199047, -0.0480321,-0.00199047, -0.0019183, -0.0480321,   -6.04062, -0.0480321,  -0.100797,-0.00199047, -0.0480321,-0.00199047]
	PARPACK diagonalization completed after 30 matrix-vector product operations.
	iteration results: : total energy is -59.243001 | electron energy -59.985554 + phonon energy 0.742553 | electron momentum kIdx = 0
The 3-th iteration is completed.	|| time cost : 0h 0m 1.228s
********************************************************************************************************************
Start the 4 rounds of NGS-ED iteration
	effective electronic model is modified as: kinetic energy t = 0.804016, t' = -0.29948
	                                           effective interaction Vq = [      -8.45, -0.0950208,-0.00182444, -0.0950208, -0.0950208,-0.00187977, -0.0454778,-0.00187977,-0.00182444, -0.0454778,   -6.04155, -0.0454778, -0.0950208,-0.00187977, -0.0454778,-0.00187977]
	PARPACK diagonalization completed after 30 matrix-vector product operations.
	iteration results: : total energy is -59.244424 | electron energy -59.955868 + phonon energy 0.711444 | electron momentum kIdx = 0
The 4-th iteration is completed.	|| time cost : 0h 0m 1.248s
********************************************************************************************************************
Start the 5 rounds of NGS-ED iteration
	effective electronic model is modified as: kinetic energy t = 0.803021, t' = -0.299488
	                                           effective interaction Vq = [      -8.45, -0.0942895,-0.00181238, -0.0942895, -0.0942895,-0.00186533, -0.0451419,-0.00186533,-0.00181238, -0.0451419,   -6.04167, -0.0451419, -0.0942895,-0.00186533, -0.0451419,-0.00186533]
	PARPACK diagonalization completed after 150 matrix-vector product operations.
	iteration results: : total energy is -59.266278 | electron energy -59.973509 + phonon energy 0.707231 | electron momentum kIdx = 0
The 5-th iteration is completed.	|| time cost : 0h 0m 1.747s
********************************************************************************************************************
Start the 6 rounds of NGS-ED iteration
	effective electronic model is modified as: kinetic energy t = 0.789002, t' = -0.299516
	                                           effective interaction Vq = [      -8.45, -0.0916609, -0.0017599, -0.0916609, -0.0916609,-0.00179427, -0.0438844,-0.00179427, -0.0017599, -0.0438844,     -6.043, -0.0438844, -0.0916609,-0.00179427, -0.0438844,-0.00179427]
	PARPACK diagonalization completed after 45 matrix-vector product operations.
	iteration results: : total energy is -59.270741 | electron energy -59.922641 + phonon energy 0.651899 | electron momentum kIdx = 0
The 6-th iteration is completed.	|| time cost : 0h 0m 1.338s
********************************************************************************************************************
Start the 7 rounds of NGS-ED iteration
	effective electronic model is modified as: kinetic energy t = 0.786848, t' = -0.299526
	                                           effective interaction Vq = [      -8.45, -0.0908339,-0.00174539, -0.0908339, -0.0908339,-0.00177426, -0.0433514,-0.00177426,-0.00174539, -0.0433514,   -6.04319, -0.0433514, -0.0908339,-0.00177426, -0.0433514,-0.00177426]
	PARPACK diagonalization completed after 45 matrix-vector product operations.
	iteration results: : total energy is -59.270841 | electron energy -59.914816 + phonon energy 0.643975 | electron momentum kIdx = 0
The 7-th iteration is completed.	|| time cost : 0h 0m 1.329s
********************************************************************************************************************
Start the 8 rounds of NGS-ED iteration
	effective electronic model is modified as: kinetic energy t = 0.786509, t' = -0.299527
	                                           effective interaction Vq = [      -8.45, -0.0907079,-0.00174319, -0.0907079, -0.0907079,-0.00177119, -0.0432692,-0.00177119,-0.00174319, -0.0432692,   -6.04322, -0.0432692, -0.0907079,-0.00177119, -0.0432692,-0.00177119]
	PARPACK diagonalization completed after 30 matrix-vector product operations.
	iteration results: : total energy is -59.270843 | electron energy -59.913585 + phonon energy 0.642742 | electron momentum kIdx = 0
The 8-th iteration is completed.	|| time cost : 0h 0m 1.268s
********************************************************************************************************************
Start the 9 rounds of NGS-ED iteration
	effective electronic model is modified as: kinetic energy t = 0.786456, t' = -0.299528
	                                           effective interaction Vq = [      -8.45, -0.0906882,-0.00174284, -0.0906882, -0.0906882,-0.00177071, -0.0432563,-0.00177071,-0.00174284, -0.0432563,   -6.04322, -0.0432563, -0.0906882,-0.00177071, -0.0432563,-0.00177071]
	PARPACK diagonalization completed after 30 matrix-vector product operations.
	iteration results: : total energy is -59.270843 | electron energy -59.913391 + phonon energy 0.642548 | electron momentum kIdx = 0
The 9-th iteration is completed.	|| time cost : 0h 0m 1.277s
********************************************************************************************************************
Start the 10 rounds of NGS-ED iteration
	effective electronic model is modified as: kinetic energy t = 0.786448, t' = -0.299528
	                                           effective interaction Vq = [      -8.45, -0.0906851,-0.00174279, -0.0906851, -0.0906851,-0.00177063, -0.0432543,-0.00177063,-0.00174279, -0.0432543,   -6.04322, -0.0432543, -0.0906851,-0.00177063, -0.0432543,-0.00177063]
	PARPACK diagonalization completed after 30 matrix-vector product operations.
	iteration results: : total energy is -59.270843 | electron energy -59.913361 + phonon energy 0.642517 | electron momentum kIdx = 0
The 10-th iteration is completed.	|| time cost : 0h 0m 1.266s
********************************************************************************************************************
Start the 11 rounds of NGS-ED iteration
	effective electronic model is modified as: kinetic energy t = 0.786446, t' = -0.299528
	                                           effective interaction Vq = [      -8.45, -0.0906846,-0.00174278, -0.0906846, -0.0906846,-0.00177062,  -0.043254,-0.00177062,-0.00174278,  -0.043254,   -6.04322,  -0.043254, -0.0906846,-0.00177062,  -0.043254,-0.00177062]
	PARPACK diagonalization completed after 30 matrix-vector product operations.
	iteration results: : total energy is -59.270843 | electron energy -59.913356 + phonon energy 0.642513 | electron momentum kIdx = 0
The 11-th iteration is completed.	|| time cost : 0h 0m 1.305s
********************************************************************************************************************
Start the 12 rounds of NGS-ED iteration
	effective electronic model is modified as: kinetic energy t = 0.786446, t' = -0.299528
	                                           effective interaction Vq = [      -8.45, -0.0906845,-0.00174278, -0.0906845, -0.0906845,-0.00177062, -0.0432539,-0.00177062,-0.00174278, -0.0432539,   -6.04322, -0.0432539, -0.0906845,-0.00177062, -0.0432539,-0.00177062]
	PARPACK diagonalization completed after 30 matrix-vector product operations.
	iteration results: : total energy is -59.270843 | electron energy -59.913355 + phonon energy 0.642512 | electron momentum kIdx = 0
The 12-th iteration is completed.	|| time cost : 0h 0m 1.267s
********************************************************************************************************************
Start the 13 rounds of NGS-ED iteration
	effective electronic model is modified as: kinetic energy t = 0.786446, t' = -0.299528
	                                           effective interaction Vq = [      -8.45, -0.0906845,-0.00174278, -0.0906845, -0.0906845,-0.00177062, -0.0432539,-0.00177062,-0.00174278, -0.0432539,   -6.04322, -0.0432539, -0.0906845,-0.00177062, -0.0432539,-0.00177062]
	PARPACK diagonalization completed after 30 matrix-vector product operations.
	iteration results: : total energy is -59.270843 | electron energy -59.913355 + phonon energy 0.642512 | electron momentum kIdx = 0
The 13-th iteration is completed.	|| time cost : 0h 0m 1.279s
********************************************************************************************************************
Start the 14 rounds of NGS-ED iteration
	effective electronic model is modified as: kinetic energy t = 0.786446, t' = -0.299528
	                                           effective interaction Vq = [      -8.45, -0.0906845,-0.00174278, -0.0906845, -0.0906845,-0.00177062, -0.0432539,-0.00177062,-0.00174278, -0.0432539,   -6.04322, -0.0432539, -0.0906845,-0.00177062, -0.0432539,-0.00177062]
	PARPACK diagonalization completed after 30 matrix-vector product operations.
	iteration results: : total energy is -59.270843 | electron energy -59.913355 + phonon energy 0.642512 | electron momentum kIdx = 0
	Nq(0) = 4,	Nq(1) = 0.0120343,	Nq(2) = 0.0227453,	Nq(3) = 0.0120343,	Nq(4) = 0.0120343,	Nq(5) = 0.0203092,	
	Nq(6) = 0.0282109,	Nq(7) = 0.0203092,	Nq(8) = 0.0227453,	Nq(9) = 0.0282109,	Nq(10) = 3.75947,	
	Nq(11) = 0.0282109,	Nq(12) = 0.0120343,	Nq(13) = 0.0203092,	Nq(14) = 0.0282109,	Nq(15) = 0.0203092;	
	Sq(0) = 1.15433e-19,	Sq(1) = 0.33665,	Sq(2) = 1.93037,	Sq(3) = 0.33665,	Sq(4) = 0.33665,	
	Sq(5) = 0.338088,	Sq(6) = 0.339779,	Sq(7) = 0.338088,	Sq(8) = 1.93037,	Sq(9) = 0.339779,	
	Sq(10) = 0.034021,	Sq(11) = 0.339779,	Sq(12) = 0.33665,	Sq(13) = 0.338088,	Sq(14) = 0.339779,	
	Sq(15) = 0.338088;	N(0) = 0.590208,	N(1) = 0.647993,	N(2) = 0.603123,	N(3) = 0.647993,	
	N(4) = 0.647993,	N(5) = 0.500012,	N(6) = 0.352033,	N(7) = 0.500012,	N(8) = 0.603123,	
	N(9) = 0.352033,	N(10) = 0.203393,	N(11) = 0.352033,	N(12) = 0.647993,	N(13) = 0.500012,	
	N(14) = 0.352033,	N(15) = 0.500012;	Delta[s](0) = 0.00262529,	Delta[s](1) = 0.00131198,	Delta[s](2) = 9.23648e-06,	
	Delta[s](3) = 0.00131198,	Delta[s](4) = 0.00131198,	Delta[s](5) = 0.00152237,	Delta[s](6) = 0.0016267,	Delta[s](7) = 0.00152237,	
	Delta[s](8) = 9.23648e-06,	Delta[s](9) = 0.0016267,	Delta[s](10) = 0.0030987,	Delta[s](11) = 0.0016267,	Delta[s](12) = 0.00131198,	
	Delta[s](13) = 0.00152237,	Delta[s](14) = 0.0016267,	Delta[s](15) = 0.00152237;	Delta[d](0) = 1.16128e-06,	Delta[d](1) = 0.00133446,	
	Delta[d](2) = 0.00102568,	Delta[d](3) = 0.00133446,	Delta[d](4) = 0.00133446,	Delta[d](5) = 0.00251209,	Delta[d](6) = 0.00206946,	
	Delta[d](7) = 0.00251209,	Delta[d](8) = 0.00102568,	Delta[d](9) = 0.00206946,	Delta[d](10) = 1.64939e-05,	Delta[d](11) = 0.00206946,	
	Delta[d](12) = 0.00133446,	Delta[d](13) = 0.00251209,	Delta[d](14) = 0.00206946,	Delta[d](15) = 0.00251209;	Delta[s+](0) = 0.012187,	
	Delta[s+](1) = 0.00904971,	Delta[s+](2) = 0.00102568,	Delta[s+](3) = 0.00904971,	Delta[s+](4) = 0.00904971,	Delta[s+](5) = 0.00683311,	
	Delta[s+](6) = 0.0010053,	Delta[s+](7) = 0.00683311,	Delta[s+](8) = 0.00102568,	Delta[s+](9) = 0.0010053,	Delta[s+](10) = 8.24445e-06,	
	Delta[s+](11) = 0.0010053,	Delta[s+](12) = 0.00904971,	Delta[s+](13) = 0.00683311,	Delta[s+](14) = 0.0010053,	Delta[s+](15) = 0.00683311
	
The 14-th iteration is completed.	|| time cost : 0h 0m 3.485s
********************************************************************************************************************
********************************************************************************************************************
Ground state is obtained after 15 iterations. The current ground-state energy is -59.2708, in which electron energy is -59.9134 and phonon energy is 0.642512
Final variational state is: 
	Gamma_x = [      1,1.00542, 1.0002,1.00542,1.00542,1.00018,1.00607,1.00018, 1.0002,1.00607,14.7823,1.00607,1.00542,1.00018,1.00607,1.00018]
	lambda_q = [       6.5, 0.0653854,0.00879116, 0.0653854, 0.0653854,0.00893289,-0.0436347,0.00893289,0.00879116,-0.0436347,  -5.31593,-0.0436347, 0.0653854,0.00893289,-0.0436347,0.00893289]
Effective e-e interactions mediated by phonons are:
	momentum-space Vq = [      -8.45, -0.0906845,-0.00174278, -0.0906845, -0.0906845,-0.00177062, -0.0432539,-0.00177062,-0.00174278, -0.0432539,   -6.04322, -0.0432539, -0.0906845,-0.00177062, -0.0432539,-0.00177062]
	real-space Vr = [-0.939972,-0.156352,-0.905602,-0.156352,-0.156352,-0.905609,-0.144495,-0.905609,-0.905602,-0.144495,-0.873002,-0.144495,-0.156352,-0.905609,-0.144495,-0.905609]
********************************************************************************************************************
o___o  ----------------------------------------
| L |	Time since last clock: 0h 0m 0.013s
A===A	Time since the beginning: 0h 0m 28.66s
***********************************************


Non-Gaussina ED ground state calculation is completed. The final ground-state energy is -59.2708
********************************************************************************************************************
o___o  ----------------------------------------
| L |	Time since last clock: 0h 0m 0.009s
A===A	Time since the beginning: 0h 0m 28.67s
***********************************************



********************************************************************************************************************
All non-Gaussian ED ground state calculations have been completed. Exit now.
