SNEDics v3.21.4 Non-Gaussian ED ground state program		Start at Mon Jul 26 13:29:04 2021

parallized on 32 MPI threads  * 8 OpenMP threads = 256 total threads.
********************************************************************************************************************
********************************************************************************************************************

********************************************************************************************************************
System parameters and configurations
	special program options are enabled: splitted diagonal Hamiltonian | splitted Hamiltonian terms
********************************************************************************************************************
Read input file "model_params.in"
	Hubbard-Holstein model parameters : 	t = 1    U = 8    g = 0.04    W = 0.2    g' = 0.09    
********************************************************************************************************************
Read input file "hilbertspace_params.in"
	Requested 16-site 2D lattice, with 14 electrons (7, 7)
	Boundary : Periodic		Hilbert space representation : momentum-space (restricted to kIdx = 0)
	Conservation: particle number[U(1)]      spin[U(1)]     momentum
********************************************************************************************************************

Cluster Positions:				Cluster symmetry group : D4
 x ... x ... x ... x .....                       x ... x ... x ... x .....
 |           |           :                       |           |           :
 |           |           :                       |           |           :
12    13    14    15     x                       1     5     6     5     x
 |           |           :                       |           |           :
 |           |           :                       |           |           :
 8 --- 9 ---10 ---11 --- x                       2 --- 6 ---10 --- 6 --- x
 |           |           :                       |           |           :
 |           |           :                       |           |           :
 4     5     6     7     x                       1     5     6     5     x
 |           |           :                       |           |           :
 |           |           :                       |           |           :
 0 --- 1 --- 2 --- 3 --- x                       0 --- 1 --- 2 --- 1 --- x
orbital number : 1
********************************************************************************************************************
Read input file "obs_params.in"
	Observable Type : Nq(All),   Sq(All),   N(All),   Delta[s](All),   Delta[d](All),   Delta[s+](All)
** WARNING ** the input observables have non-local factors which have been reinterpreted. The total observable number is 96
********************************************************************************************************************


********************************************************************************************************************
Start calculating the non-Gaussian ED ground state
Maximal iteration number is 1000; energy resolution is 1e-06. Phonon state relaxation time is 2000
W = 0.2 is relatively large. The non-Gaussian ED calculation starts directly.
open output files: NGSED_iteration_obserbles.txt
********************************************************************************************************************
Start the 0 rounds of NGS-ED iteration
	effective electronic model is modified as: kinetic energy t = 1
	                                           effective interaction Vq = [0,0,0,0,0,0,0,0,0,0,0,0,0,0,0,0]
	first Hamiltonian is constructed, size = 8179600 and non-zero numbers = 2178478298
	PARPACK diagonalization completed after 180 matrix-vector product operations.
	iteration results: : total energy is -11.868836 | electron energy -11.868836 + phonon energy 0.000000 | electron momentum kIdx = 0
	Nq(0) = 12.25,	Nq(1) = 0.154193,	Nq(2) = 0.185311,	Nq(3) = 0.154193,	Nq(4) = 0.154193,	Nq(5) = 0.203281,	
	Nq(6) = 0.235634,	Nq(7) = 0.203281,	Nq(8) = 0.185311,	Nq(9) = 0.235634,	Nq(10) = 0.275446,	
	Nq(11) = 0.235634,	Nq(12) = 0.154193,	Nq(13) = 0.203281,	Nq(14) = 0.235634,	Nq(15) = 0.203281;	
	Sq(0) = -1.83137e-18,	Sq(1) = 0.474292,	Sq(2) = 0.766364,	Sq(3) = 0.474292,	Sq(4) = 0.474292,	
	Sq(5) = 0.630724,	Sq(6) = 1.05279,	Sq(7) = 0.630724,	Sq(8) = 0.766364,	Sq(9) = 1.05279,	
	Sq(10) = 2.56755,	Sq(11) = 1.05279,	Sq(12) = 0.474292,	Sq(13) = 0.630724,	Sq(14) = 1.05279,	
	Sq(15) = 0.630724;	N(0) = 1.75464,	N(1) = 1.59086,	N(2) = 0.323321,	N(3) = 1.59086,	
	N(4) = 1.59086,	N(5) = 0.999881,	N(6) = 0.267546,	N(7) = 0.999881,	N(8) = 0.323321,	
	N(9) = 0.267546,	N(10) = 0.165565,	N(11) = 0.267546,	N(12) = 1.59086,	N(13) = 0.999881,	
	N(14) = 0.267546,	N(15) = 0.999881;	Delta[s](0) = 0.0792682,	Delta[s](1) = 0.0592271,	Delta[s](2) = 0.0354055,	
	Delta[s](3) = 0.0592271,	Delta[s](4) = 0.0592271,	Delta[s](5) = 0.0422972,	Delta[s](6) = 0.019485,	Delta[s](7) = 0.0422972,	
	Delta[s](8) = 0.0354055,	Delta[s](9) = 0.019485,	Delta[s](10) = 0.000133617,	Delta[s](11) = 0.019485,	Delta[s](12) = 0.0592271,	
	Delta[s](13) = 0.0422972,	Delta[s](14) = 0.019485,	Delta[s](15) = 0.0422972;	Delta[d](0) = 0.275883,	Delta[d](1) = 0.189718,	
	Delta[d](2) = 0.199494,	Delta[d](3) = 0.189718,	Delta[d](4) = 0.189718,	Delta[d](5) = 0.176437,	Delta[d](6) = 0.132354,	
	Delta[d](7) = 0.176437,	Delta[d](8) = 0.199494,	Delta[d](9) = 0.132354,	Delta[d](10) = 0.0533535,	Delta[d](11) = 0.132354,	
	Delta[d](12) = 0.189718,	Delta[d](13) = 0.176437,	Delta[d](14) = 0.132354,	Delta[d](15) = 0.176437;	Delta[s+](0) = 0.559631,	
	Delta[s+](1) = 0.416697,	Delta[s+](2) = 0.199494,	Delta[s+](3) = 0.416697,	Delta[s+](4) = 0.416697,	Delta[s+](5) = 0.29121,	
	Delta[s+](6) = 0.125999,	Delta[s+](7) = 0.29121,	Delta[s+](8) = 0.199494,	Delta[s+](9) = 0.125999,	Delta[s+](10) = 0.0381574,	
	Delta[s+](11) = 0.125999,	Delta[s+](12) = 0.416697,	Delta[s+](13) = 0.29121,	Delta[s+](14) = 0.125999,	Delta[s+](15) = 0.29121
	
The 0-th iteration is completed.	|| time cost : 0h 4m 43.387s
********************************************************************************************************************
Start the 1 rounds of NGS-ED iteration
	effective electronic model is modified as: kinetic energy t = 0.999147
	                                           effective interaction Vq = [        -0.8,  -0.0264005,-0.000532588,  -0.0264005,  -0.0264005,-0.000581438, -0.00560564,-0.000581438,-0.000532588, -0.00560564,  -0.0265582, -0.00560564,  -0.0264005,-0.000581438, -0.00560564,-0.000581438]
	PARPACK diagonalization completed after 60 matrix-vector product operations.
	iteration results: : total energy is -21.683806 | electron energy -21.683958 + phonon energy 0.000152 | electron momentum kIdx = 0
The 1-th iteration is completed.	|| time cost : 0h 2m 59.944s
********************************************************************************************************************
Start the 2 rounds of NGS-ED iteration
	effective electronic model is modified as: kinetic energy t = 0.999145
	                                           effective interaction Vq = [        -0.8,  -0.0264417, -0.00053232,  -0.0264417,  -0.0264417,-0.000581069, -0.00560568,-0.000581069, -0.00053232, -0.00560568,  -0.0266041, -0.00560568,  -0.0264417,-0.000581069, -0.00560568,-0.000581069]
	PARPACK diagonalization completed after 30 matrix-vector product operations.
	iteration results: : total energy is -21.683806 | electron energy -21.683959 + phonon energy 0.000153 | electron momentum kIdx = 0
The 2-th iteration is completed.	|| time cost : 0h 0m 21.856s
********************************************************************************************************************
Start the 3 rounds of NGS-ED iteration
	effective electronic model is modified as: kinetic energy t = 0.999145
	                                           effective interaction Vq = [        -0.8,  -0.0264417,-0.000532319,  -0.0264417,  -0.0264417,-0.000581069, -0.00560568,-0.000581069,-0.000532319, -0.00560568,  -0.0266042, -0.00560568,  -0.0264417,-0.000581069, -0.00560568,-0.000581069]
	PARPACK diagonalization completed after 30 matrix-vector product operations.
	iteration results: : total energy is -21.683806 | electron energy -21.683959 + phonon energy 0.000153 | electron momentum kIdx = 0
	Nq(0) = 12.25,	Nq(1) = 0.154533,	Nq(2) = 0.18532,	Nq(3) = 0.154533,	Nq(4) = 0.154533,	Nq(5) = 0.203263,	
	Nq(6) = 0.235772,	Nq(7) = 0.203263,	Nq(8) = 0.18532,	Nq(9) = 0.235772,	Nq(10) = 0.276062,	
	Nq(11) = 0.235772,	Nq(12) = 0.154533,	Nq(13) = 0.203263,	Nq(14) = 0.235772,	Nq(15) = 0.203263;	
	Sq(0) = 9.06135e-20,	Sq(1) = 0.474032,	Sq(2) = 0.766152,	Sq(3) = 0.474032,	Sq(4) = 0.474032,	
	Sq(5) = 0.630537,	Sq(6) = 1.05293,	Sq(7) = 0.630537,	Sq(8) = 0.766152,	Sq(9) = 1.05293,	
	Sq(10) = 2.56671,	Sq(11) = 1.05293,	Sq(12) = 0.474032,	Sq(13) = 0.630537,	Sq(14) = 1.05293,	
	Sq(15) = 0.630537;	N(0) = 1.75498,	N(1) = 1.59143,	N(2) = 0.323169,	N(3) = 1.59143,	
	N(4) = 1.59143,	N(5) = 0.999755,	N(6) = 0.267136,	N(7) = 0.999755,	N(8) = 0.323169,	
	N(9) = 0.267136,	N(10) = 0.165394,	N(11) = 0.267136,	N(12) = 1.59143,	N(13) = 0.999755,	
	N(14) = 0.267136,	N(15) = 0.999755;	Delta[s](0) = 0.0794168,	Delta[s](1) = 0.0593402,	Delta[s](2) = 0.0354745,	
	Delta[s](3) = 0.0593402,	Delta[s](4) = 0.0593402,	Delta[s](5) = 0.0423821,	Delta[s](6) = 0.0195245,	Delta[s](7) = 0.0423821,	
	Delta[s](8) = 0.0354745,	Delta[s](9) = 0.0195245,	Delta[s](10) = 0.000134318,	Delta[s](11) = 0.0195245,	Delta[s](12) = 0.0593402,	
	Delta[s](13) = 0.0423821,	Delta[s](14) = 0.0195245,	Delta[s](15) = 0.0423821;	Delta[d](0) = 0.276422,	Delta[d](1) = 0.189729,	
	Delta[d](2) = 0.19947,	Delta[d](3) = 0.189729,	Delta[d](4) = 0.189729,	Delta[d](5) = 0.176436,	Delta[d](6) = 0.132291,	
	Delta[d](7) = 0.176436,	Delta[d](8) = 0.19947,	Delta[d](9) = 0.132291,	Delta[d](10) = 0.0533711,	Delta[d](11) = 0.132291,	
	Delta[d](12) = 0.189729,	Delta[d](13) = 0.176436,	Delta[d](14) = 0.132291,	Delta[d](15) = 0.176436;	Delta[s+](0) = 0.559656,	
	Delta[s+](1) = 0.416715,	Delta[s+](2) = 0.19947,	Delta[s+](3) = 0.416715,	Delta[s+](4) = 0.416715,	Delta[s+](5) = 0.291187,	
	Delta[s+](6) = 0.125953,	Delta[s+](7) = 0.291187,	Delta[s+](8) = 0.19947,	Delta[s+](9) = 0.125953,	Delta[s+](10) = 0.0381224,	
	Delta[s+](11) = 0.125953,	Delta[s+](12) = 0.416715,	Delta[s+](13) = 0.291187,	Delta[s+](14) = 0.125953,	Delta[s+](15) = 0.291187
	
The 3-th iteration is completed.	|| time cost : 0h 3m 6.798s
********************************************************************************************************************
********************************************************************************************************************
Ground state is obtained after 4 iterations. The current ground-state energy is -21.6838, in which electron energy is -21.684 and phonon energy is 0.000152902
Final variational state is: 
	Gamma_x = [      1,1.02004,1.00048,1.02004,1.02004,1.00058,1.00653,1.00058,1.00048,1.00653,1.03689,1.00653,1.02004,1.00058,1.00653,1.00058]
	lambda_q = [         2, 0.0618327,0.00676852, 0.0618327, 0.0618327,0.00740027,-0.0203151,0.00740027,0.00676852,-0.0203151,-0.0421235,-0.0203151, 0.0618327,0.00740027,-0.0203151,0.00740027]
Effective e-e interactions mediated by phonons are:
	momentum-space Vq = [        -0.8,  -0.0264417,-0.000532319,  -0.0264417,  -0.0264417,-0.000581069, -0.00560568,-0.000581069,-0.000532319, -0.00560568,  -0.0266042, -0.00560568,  -0.0264417,-0.000581069, -0.00560568,-0.000581069]
	real-space Vr = [-0.0598864,-0.0509417, -0.051584,-0.0509417,-0.0509417,-0.0515962,-0.0457327,-0.0515962, -0.051584,-0.0457327,-0.0438627,-0.0457327,-0.0509417,-0.0515962,-0.0457327,-0.0515962]
********************************************************************************************************************
o___o  ----------------------------------------
| L |	Time since last clock: 0h 0m 0.009s
A===A	Time since the beginning: 0h 11m 11.995s
***********************************************


Non-Gaussina ED ground state calculation is completed. The final ground-state energy is -21.6838
********************************************************************************************************************
o___o  ----------------------------------------
| L |	Time since last clock: 0h 0m 0.002s
A===A	Time since the beginning: 0h 11m 11.997s
***********************************************



********************************************************************************************************************
All non-Gaussian ED ground state calculations have been completed. Exit now.
