SNEDics v3.4 Non-Gaussian ED ground state program		Start at Sun Sep 22 04:17:15 2019

parallized on 16 MPI threads  * 8 OpenMP threads = 128 total threads.
********************************************************************************************************************
********************************************************************************************************************

********************************************************************************************************************
System parameters and configurations
********************************************************************************************************************
Special program options are enabled: splitted diagonal Hamiltonian
********************************************************************************************************************
Read input file "model_params.in"
	Hubbard-Holstein model parameters : 	t = 1    U = 3.5    g = 3.5355    W = 5    
********************************************************************************************************************
Read input file "hilbertspace_params.in"
	Requested 16-site 2D lattice, with 16 electrons (8, 8)
	Boundary : Periodic		Hilbert space representation : momentum-space (restricted to kIdx = 10)
	Conservation: particle number[U(1)]      spin[U(1)]     momentum
********************************************************************************************************************

Cluster Positions:				Cluster symmetry group : D4
 x ... x ... x ... x .....                       x ... x ... x ... x .....
 |           |           :                       |           |           :
 |           |           :                       |           |           :
12    13    14    15     x                       1     5     6     5     x
 |           |           :                       |           |           :
 |           |           :                       |           |           :
 8 --- 9 ---10 ---11 --- x                       2 --- 6 ---10 --- 6 --- x
 |           |           :                       |           |           :
 |           |           :                       |           |           :
 4     5     6     7     x                       1     5     6     5     x
 |           |           :                       |           |           :
 |           |           :                       |           |           :
 0 --- 1 --- 2 --- 3 --- x                       0 --- 1 --- 2 --- 1 --- x
orbital number : 1
********************************************************************************************************************
Read input file "obs_params.in"
	Observable Type : Nq(All),   Sq(All),   N(All),   Delta[s](All),   Delta[d](All),   Delta[s+](All)
********************************************************************************************************************
** WARNING ** the input observables have non-local factors which have been reinterpreted. The total observable number is 96
********************************************************************************************************************


********************************************************************************************************************
Start calculating the non-Gaussian ED ground state
** WARNING ** Detected low phonon energy W < 10. The initial state will be prepared through a warm-up process.
********************************************************************************************************************
Start warm-up calculation for scaling factor 2
open output files: NGSEDWarmUpW10Obs.txt
********************************************************************************************************************
Start the 0 rounds of NGS-ED iteration
	effective electronic model is modified as: kinetic energy t = 1
	                                           effective interaction Vq = [-0,-0,-0,-0,-0,-0,-0,-0,-0,-0,-0,-0,-0,-0,-0,-0]
	first Hamiltonian is constructed, non-zero numbers = 2845334624
	PARPACK diagonalization completed after 90 matrix-vector product operations.
	iteration results: : total energy is -14.460938 | electron energy -14.460938 + phonon energy 0.000000 | electron momentum kIdx = 10
	Nq(0) = 16,	Nq(1) = 0.185165,	Nq(2) = 0.256894,	Nq(3) = 0.185165,	Nq(4) = 0.185165,	Nq(5) = 0.256894,	Nq(6) = 0.353962,	Nq(7) = 0.256894,	Nq(8) = 0.256894,	Nq(9) = 0.353962,	Nq(10) = 0.419629,	Nq(11) = 0.353962,	Nq(12) = 0.185165,	Nq(13) = 0.256894,	Nq(14) = 0.353962,	Nq(15) = 0.256894,	Sq(0) = 1.75341e-19,	Sq(1) = 0.329811,	Sq(2) = 0.424619,	Sq(3) = 0.329811,	Sq(4) = 0.329811,	Sq(5) = 0.424619,	Sq(6) = 0.64706,	Sq(7) = 0.424619,	Sq(8) = 0.424619,	Sq(9) = 0.64706,	Sq(10) = 5.4273,	Sq(11) = 0.64706,	Sq(12) = 0.329811,	Sq(13) = 0.424619,	Sq(14) = 0.64706,	Sq(15) = 0.424619,	N(0) = 1.94734,	N(1) = 1.88049,	N(2) = 1,	N(3) = 1.88049,	N(4) = 1.88049,	N(5) = 1,	N(6) = 0.11951,	N(7) = 1,	N(8) = 1,	N(9) = 0.11951,	N(10) = 0.0526602,	N(11) = 0.11951,	N(12) = 1.88049,	N(13) = 1,	N(14) = 0.11951,	N(15) = 1,	Delta[s](0) = 0.191061,	Delta[s](1) = 0.165736,	Delta[s](2) = 0.128529,	Delta[s](3) = 0.165736,	Delta[s](4) = 0.165736,	Delta[s](5) = 0.128529,	Delta[s](6) = 0.100855,	Delta[s](7) = 0.128529,	Delta[s](8) = 0.128529,	Delta[s](9) = 0.100855,	Delta[s](10) = 0.0301491,	Delta[s](11) = 0.100855,	Delta[s](12) = 0.165736,	Delta[s](13) = 0.128529,	Delta[s](14) = 0.100855,	Delta[s](15) = 0.128529,	Delta[d](0) = 0.512282,	Delta[d](1) = 0.369577,	Delta[d](2) = 0.315352,	Delta[d](3) = 0.369577,	Delta[d](4) = 0.369577,	Delta[d](5) = 0.370617,	Delta[d](6) = 0.294587,	Delta[d](7) = 0.370617,	Delta[d](8) = 0.315352,	Delta[d](9) = 0.294587,	Delta[d](10) = 0.238906,	Delta[d](11) = 0.294587,	Delta[d](12) = 0.369577,	Delta[d](13) = 0.370617,	Delta[d](14) = 0.294587,	Delta[d](15) = 0.370617,	Delta[s+](0) = 0.576775,	Delta[s+](1) = 0.472188,	Delta[s+](2) = 0.315352,	Delta[s+](3) = 0.472188,	Delta[s+](4) = 0.472188,	Delta[s+](5) = 0.315352,	Delta[s+](6) = 0.164605,	Delta[s+](7) = 0.315352,	Delta[s+](8) = 0.315352,	Delta[s+](9) = 0.164605,	Delta[s+](10) = 0.0506951,	Delta[s+](11) = 0.164605,	Delta[s+](12) = 0.472188,	Delta[s+](13) = 0.315352,	Delta[s+](14) = 0.164605,	Delta[s+](15) = 0.315352
The 0-th iteration is completed.	|| time cost : 0h 11m 9.099s
********************************************************************************************************************
Start the 1 rounds of NGS-ED iteration
	effective electronic model is modified as: kinetic energy t = 0.936058
	                                           effective interaction Vq = [-2.16162,-1.99269,-1.92043,-1.99269,-1.99269,-1.92043,-1.90094,-1.92043,-1.92043,-1.90094,-1.87061,-1.90094,-1.99269,-1.92043,-1.90094,-1.92043]
	PARPACK diagonalization completed after 165 matrix-vector product operations.
	iteration results: : total energy is -58.636241 | electron energy -58.640526 + phonon energy 0.004285 | electron momentum kIdx = 10
The 1-th iteration is completed.	|| time cost : 0h 10m 21.513s
********************************************************************************************************************
Start the 2 rounds of NGS-ED iteration
	effective electronic model is modified as: kinetic energy t = 0.880389
	                                           effective interaction Vq = [-2.45416,-2.35646,-2.34162,-2.35646,-2.35646,-2.34162,-2.27059,-2.34162,-2.34162,-2.27059,-2.27885,-2.27059,-2.35646,-2.34162,-2.27059,-2.34162]
	PARPACK diagonalization completed after 45 matrix-vector product operations.
	iteration results: : total energy is -65.780071 | electron energy -65.814641 + phonon energy 0.034570 | electron momentum kIdx = 10
The 2-th iteration is completed.	|| time cost : 0h 0m 42.994s
********************************************************************************************************************
Start the 3 rounds of NGS-ED iteration
	effective electronic model is modified as: kinetic energy t = 0.858301
	                                           effective interaction Vq = [-2.49376,-2.42802, -2.4237,-2.42802,-2.42802, -2.4237,-2.35437, -2.4237, -2.4237,-2.35437,-2.40394,-2.35437,-2.42802, -2.4237,-2.35437, -2.4237]
	PARPACK diagonalization completed after 45 matrix-vector product operations.
	iteration results: : total energy is -66.786740 | electron energy -66.848969 + phonon energy 0.062229 | electron momentum kIdx = 10
The 3-th iteration is completed.	|| time cost : 0h 0m 42.96s
********************************************************************************************************************
Start the 4 rounds of NGS-ED iteration
	effective electronic model is modified as: kinetic energy t = 0.85486
	                                           effective interaction Vq = [-2.49911,-2.44425,-2.40224,-2.44425,-2.44425,-2.40224,-2.37558,-2.40224,-2.40224,-2.37558,-2.47254,-2.37558,-2.44425,-2.40224,-2.37558,-2.40224]
	PARPACK diagonalization completed after 45 matrix-vector product operations.
	iteration results: : total energy is -67.082473 | electron energy -67.156692 + phonon energy 0.074219 | electron momentum kIdx = 10
The 4-th iteration is completed.	|| time cost : 0h 0m 49.266s
********************************************************************************************************************
Start the 5 rounds of NGS-ED iteration
	effective electronic model is modified as: kinetic energy t = 0.857215
	                                           effective interaction Vq = [-2.49984,-2.44372,  -2.369,-2.44372,-2.44372,  -2.369, -2.3748,  -2.369,  -2.369, -2.3748, -2.4887, -2.3748,-2.44372,  -2.369, -2.3748,  -2.369]
	PARPACK diagonalization completed after 30 matrix-vector product operations.
	iteration results: : total energy is -67.140052 | electron energy -67.217037 + phonon energy 0.076985 | electron momentum kIdx = 10
The 5-th iteration is completed.	|| time cost : 0h 0m 36.505s
********************************************************************************************************************
Start the 6 rounds of NGS-ED iteration
	effective electronic model is modified as: kinetic energy t = 0.858332
	                                           effective interaction Vq = [-2.49994,-2.44193,-2.35561,-2.44193,-2.44193,-2.35561,-2.37249,-2.35561,-2.35561,-2.37249,-2.49269,-2.37249,-2.44193,-2.35561,-2.37249,-2.35561]
	PARPACK diagonalization completed after 30 matrix-vector product operations.
	iteration results: : total energy is -67.147578 | electron energy -67.224869 + phonon energy 0.077291 | electron momentum kIdx = 10
The 6-th iteration is completed.	|| time cost : 0h 0m 36.411s
********************************************************************************************************************
Start the 7 rounds of NGS-ED iteration
	effective electronic model is modified as: kinetic energy t = 0.858801
	                                           effective interaction Vq = [-2.49995,-2.44083,-2.35077,-2.44083,-2.44083,-2.35077,-2.37109,-2.35077,-2.35077,-2.37109,-2.49386,-2.37109,-2.44083,-2.35077,-2.37109,-2.35077]
	PARPACK diagonalization completed after 30 matrix-vector product operations.
	iteration results: : total energy is -67.148532 | electron energy -67.225766 + phonon energy 0.077234 | electron momentum kIdx = 10
The 7-th iteration is completed.	|| time cost : 0h 0m 36.3s
********************************************************************************************************************
Start the 8 rounds of NGS-ED iteration
	effective electronic model is modified as: kinetic energy t = 0.858993
	                                           effective interaction Vq = [-2.49995,-2.44028,-2.34906,-2.44028,-2.44028,-2.34906,-2.37041,-2.34906,-2.34906,-2.37041,-2.49424,-2.37041,-2.44028,-2.34906,-2.37041,-2.34906]
	PARPACK diagonalization completed after 30 matrix-vector product operations.
	iteration results: : total energy is -67.148654 | electron energy -67.225814 + phonon energy 0.077161 | electron momentum kIdx = 10
The 8-th iteration is completed.	|| time cost : 0h 0m 36.078s
********************************************************************************************************************
Start the 9 rounds of NGS-ED iteration
	effective electronic model is modified as: kinetic energy t = 0.859071
	                                           effective interaction Vq = [-2.49995,-2.44004,-2.34846,-2.44004,-2.44004,-2.34846, -2.3701,-2.34846,-2.34846, -2.3701,-2.49437, -2.3701,-2.44004,-2.34846, -2.3701,-2.34846]
	PARPACK diagonalization completed after 30 matrix-vector product operations.
	iteration results: : total energy is -67.148670 | electron energy -67.225786 + phonon energy 0.077116 | electron momentum kIdx = 10
	Nq(0) = 16,	Nq(1) = 0.334338,	Nq(2) = 0.370489,	Nq(3) = 0.334338,	Nq(4) = 0.334338,	Nq(5) = 0.370489,	Nq(6) = 0.603611,	Nq(7) = 0.370489,	Nq(8) = 0.370489,	Nq(9) = 0.603611,	Nq(10) = 4.58907,	Nq(11) = 0.603611,	Nq(12) = 0.334338,	Nq(13) = 0.370489,	Nq(14) = 0.603611,	Nq(15) = 0.370489,	Sq(0) = 1.16753e-18,	Sq(1) = 0.264152,	Sq(2) = 0.323267,	Sq(3) = 0.264152,	Sq(4) = 0.264152,	Sq(5) = 0.323267,	Sq(6) = 0.475576,	Sq(7) = 0.323267,	Sq(8) = 0.323267,	Sq(9) = 0.475576,	Sq(10) = 0.537691,	Sq(11) = 0.475576,	Sq(12) = 0.264152,	Sq(13) = 0.323267,	Sq(14) = 0.475576,	Sq(15) = 0.323267,	N(0) = 1.98713,	N(1) = 1.96588,	N(2) = 1,	N(3) = 1.96588,	N(4) = 1.96588,	N(5) = 1,	N(6) = 0.0341212,	N(7) = 1,	N(8) = 1,	N(9) = 0.0341212,	N(10) = 0.0128661,	N(11) = 0.0341212,	N(12) = 1.96588,	N(13) = 1,	N(14) = 0.0341212,	N(15) = 1,	Delta[s](0) = 0.496783,	Delta[s](1) = 0.354231,	Delta[s](2) = 0.339063,	Delta[s](3) = 0.354231,	Delta[s](4) = 0.354231,	Delta[s](5) = 0.339063,	Delta[s](6) = 0.27318,	Delta[s](7) = 0.339063,	Delta[s](8) = 0.339063,	Delta[s](9) = 0.27318,	Delta[s](10) = 0.241094,	Delta[s](11) = 0.27318,	Delta[s](12) = 0.354231,	Delta[s](13) = 0.339063,	Delta[s](14) = 0.27318,	Delta[s](15) = 0.339063,	Delta[d](0) = 0.228239,	Delta[d](1) = 0.223262,	Delta[d](2) = 0.219354,	Delta[d](3) = 0.223262,	Delta[d](4) = 0.223262,	Delta[d](5) = 0.139488,	Delta[d](6) = 0.179063,	Delta[d](7) = 0.139488,	Delta[d](8) = 0.219354,	Delta[d](9) = 0.179063,	Delta[d](10) = 0.0507066,	Delta[d](11) = 0.179063,	Delta[d](12) = 0.223262,	Delta[d](13) = 0.139488,	Delta[d](14) = 0.179063,	Delta[d](15) = 0.139488,	Delta[s+](0) = 0.426679,	Delta[s+](1) = 0.34089,	Delta[s+](2) = 0.219354,	Delta[s+](3) = 0.34089,	Delta[s+](4) = 0.34089,	Delta[s+](5) = 0.219354,	Delta[s+](6) = 0.0949987,	Delta[s+](7) = 0.219354,	Delta[s+](8) = 0.219354,	Delta[s+](9) = 0.0949987,	Delta[s+](10) = 0.0274212,	Delta[s+](11) = 0.0949987,	Delta[s+](12) = 0.34089,	Delta[s+](13) = 0.219354,	Delta[s+](14) = 0.0949987,	Delta[s+](15) = 0.219354
The 9-th iteration is completed.	|| time cost : 0h 5m 41.223s
********************************************************************************************************************
********************************************************************************************************************
Ground state is obtained after 10 iterations. The current ground-state energy is -67.1487, in which electron energy is -67.2258 and phonon energy is 0.0771165
final variational state is: 
	Gamma_x = [      1,1.02214,  1.035,1.02214,1.02214,  1.035,1.05456,  1.035,  1.035,1.05456,  1.108,1.05456,1.02214,  1.035,1.05456,  1.035]
	lambda_q = [0.499973,0.422521,0.376824,0.422521,0.422521,0.376824,0.385982,0.376824,0.376824,0.385982,0.476453,0.385982,0.422521,0.376824,0.385982,0.376824]
********************************************************************************************************************
o___o  ----------------------------------------
| L |	Time since last clock: 0h 0m 0s
A===A	Time since the beginning: 0h 31m 52.355s
***********************************************


********************************************************************************************************************
Warm up runs have been completed. Start calculating W = 5 phonon.
open output files: NGSEDIterationObs.txt
********************************************************************************************************************
Start the 0 rounds of NGS-ED iteration
	effective electronic model is modified as: kinetic energy t = 0.859102
	                                           effective interaction Vq = [-2.28544,-2.09503,-1.95454,-2.09503,-2.09503,-1.95454,-1.98437,-1.95454,-1.95454,-1.98437,-2.23396,-1.98437,-2.09503,-1.95454,-1.98437,-1.95454]
	PARPACK diagonalization completed after 45 matrix-vector product operations.
	iteration results: : total energy is -60.368545 | electron energy -60.407092 + phonon energy 0.038547 | electron momentum kIdx = 10
	Nq(0) = 16,	Nq(1) = 0.327841,	Nq(2) = 0.3578,	Nq(3) = 0.327841,	Nq(4) = 0.327841,	Nq(5) = 0.3578,	Nq(6) = 0.572069,	Nq(7) = 0.3578,	Nq(8) = 0.3578,	Nq(9) = 0.572069,	Nq(10) = 4.34618,	Nq(11) = 0.572069,	Nq(12) = 0.327841,	Nq(13) = 0.3578,	Nq(14) = 0.572069,	Nq(15) = 0.3578,	Sq(0) = 6.07536e-18,	Sq(1) = 0.29298,	Sq(2) = 0.343013,	Sq(3) = 0.29298,	Sq(4) = 0.29298,	Sq(5) = 0.343013,	Sq(6) = 0.524261,	Sq(7) = 0.343013,	Sq(8) = 0.343013,	Sq(9) = 0.524261,	Sq(10) = 0.58034,	Sq(11) = 0.524261,	Sq(12) = 0.29298,	Sq(13) = 0.343013,	Sq(14) = 0.524261,	Sq(15) = 0.343013,	N(0) = 1.99368,	N(1) = 1.98063,	N(2) = 1,	N(3) = 1.98063,	N(4) = 1.98063,	N(5) = 1,	N(6) = 0.0193682,	N(7) = 1,	N(8) = 1,	N(9) = 0.0193682,	N(10) = 0.00632364,	N(11) = 0.0193682,	N(12) = 1.98063,	N(13) = 1,	N(14) = 0.0193682,	N(15) = 1,	Delta[s](0) = 0.427886,	Delta[s](1) = 0.335803,	Delta[s](2) = 0.323951,	Delta[s](3) = 0.335803,	Delta[s](4) = 0.335803,	Delta[s](5) = 0.323951,	Delta[s](6) = 0.269611,	Delta[s](7) = 0.323951,	Delta[s](8) = 0.323951,	Delta[s](9) = 0.269611,	Delta[s](10) = 0.253062,	Delta[s](11) = 0.269611,	Delta[s](12) = 0.335803,	Delta[s](13) = 0.323951,	Delta[s](14) = 0.269611,	Delta[s](15) = 0.323951,	Delta[d](0) = 0.234075,	Delta[d](1) = 0.233976,	Delta[d](2) = 0.231686,	Delta[d](3) = 0.233976,	Delta[d](4) = 0.233976,	Delta[d](5) = 0.145242,	Delta[d](6) = 0.188643,	Delta[d](7) = 0.145242,	Delta[d](8) = 0.231686,	Delta[d](9) = 0.188643,	Delta[d](10) = 0.0563654,	Delta[d](11) = 0.188643,	Delta[d](12) = 0.233976,	Delta[d](13) = 0.145242,	Delta[d](14) = 0.188643,	Delta[d](15) = 0.145242,	Delta[s+](0) = 0.457116,	Delta[s+](1) = 0.360501,	Delta[s+](2) = 0.231686,	Delta[s+](3) = 0.360501,	Delta[s+](4) = 0.360501,	Delta[s+](5) = 0.231686,	Delta[s+](6) = 0.101234,	Delta[s+](7) = 0.231686,	Delta[s+](8) = 0.231686,	Delta[s+](9) = 0.101234,	Delta[s+](10) = 0.0305443,	Delta[s+](11) = 0.101234,	Delta[s+](12) = 0.360501,	Delta[s+](13) = 0.231686,	Delta[s+](14) = 0.101234,	Delta[s+](15) = 0.231686
The 0-th iteration is completed.	|| time cost : 0h 5m 43.65s
********************************************************************************************************************
Start the 1 rounds of NGS-ED iteration
	effective electronic model is modified as: kinetic energy t = 0.838619
	                                           effective interaction Vq = [-2.42104,-2.21906,-2.04289,-2.21906,-2.21906,-2.04289,-2.08009,-2.04289,-2.04289,-2.08009,-2.38459,-2.08009,-2.21906,-2.04289,-2.08009,-2.04289]
	PARPACK diagonalization completed after 30 matrix-vector product operations.
	iteration results: : total energy is -63.235905 | electron energy -63.355958 + phonon energy 0.120053 | electron momentum kIdx = 10
The 1-th iteration is completed.	|| time cost : 0h 0m 36.392s
********************************************************************************************************************
Start the 2 rounds of NGS-ED iteration
	effective electronic model is modified as: kinetic energy t = 0.828201
	                                           effective interaction Vq = [-2.47092,-2.26777,-2.08229,-2.26777,-2.26777,-2.08229,-2.12049,-2.08229,-2.08229,-2.12049,-2.44705,-2.12049,-2.26777,-2.08229,-2.12049,-2.08229]
	PARPACK diagonalization completed after 30 matrix-vector product operations.
	iteration results: : total energy is -64.281479 | electron energy -64.460878 + phonon energy 0.179398 | electron momentum kIdx = 10
The 2-th iteration is completed.	|| time cost : 0h 0m 36.291s
********************************************************************************************************************
Start the 3 rounds of NGS-ED iteration
	effective electronic model is modified as: kinetic energy t = 0.82318
	                                           effective interaction Vq = [-2.48927,-2.28722,-2.09987,-2.28722,-2.28722,-2.09987,-2.13727,-2.09987,-2.09987,-2.13727,-2.47218,-2.13727,-2.28722,-2.09987,-2.13727,-2.09987]
	PARPACK diagonalization completed after 30 matrix-vector product operations.
	iteration results: : total energy is -64.653417 | electron energy -64.867760 + phonon energy 0.214343 | electron momentum kIdx = 10
The 3-th iteration is completed.	|| time cost : 0h 0m 36.332s
********************************************************************************************************************
Start the 4 rounds of NGS-ED iteration
	effective electronic model is modified as: kinetic energy t = 0.82078
	                                           effective interaction Vq = [-2.49602,-2.29521, -2.1079,-2.29521,-2.29521, -2.1079,-2.14435, -2.1079, -2.1079,-2.14435,-2.48258,-2.14435,-2.29521, -2.1079,-2.14435, -2.1079]
	PARPACK diagonalization completed after 30 matrix-vector product operations.
	iteration results: : total energy is -64.784427 | electron energy -65.017871 + phonon energy 0.233444 | electron momentum kIdx = 10
The 4-th iteration is completed.	|| time cost : 0h 0m 36.284s
********************************************************************************************************************
Start the 5 rounds of NGS-ED iteration
	effective electronic model is modified as: kinetic energy t = 0.819628
	                                           effective interaction Vq = [-2.49851,-2.29857,-2.11165,-2.29857,-2.29857,-2.11165,-2.14739,-2.11165,-2.11165,-2.14739,-2.48714,-2.14739,-2.29857,-2.11165,-2.14739,-2.11165]
	PARPACK diagonalization completed after 30 matrix-vector product operations.
	iteration results: : total energy is -64.830620 | electron energy -65.074151 + phonon energy 0.243531 | electron momentum kIdx = 10
The 5-th iteration is completed.	|| time cost : 0h 0m 36.239s
********************************************************************************************************************
Start the 6 rounds of NGS-ED iteration
	effective electronic model is modified as: kinetic energy t = 0.819076
	                                           effective interaction Vq = [-2.49942,-2.29998,-2.11343,-2.29998,-2.29998,-2.11343,-2.14869,-2.11343,-2.11343,-2.14869,-2.48927,-2.14869,-2.29998,-2.11343,-2.14869,-2.11343]
	PARPACK diagonalization completed after 30 matrix-vector product operations.
	iteration results: : total energy is -64.847006 | electron energy -65.095755 + phonon energy 0.248749 | electron momentum kIdx = 10
The 6-th iteration is completed.	|| time cost : 0h 0m 36.119s
********************************************************************************************************************
Start the 7 rounds of NGS-ED iteration
	effective electronic model is modified as: kinetic energy t = 0.818813
	                                           effective interaction Vq = [-2.49976,-2.30054,-2.11427,-2.30054,-2.30054,-2.11427,-2.14922,-2.11427,-2.11427,-2.14922, -2.4903,-2.14922,-2.30054,-2.11427,-2.14922,-2.11427]
	PARPACK diagonalization completed after 30 matrix-vector product operations.
	iteration results: : total energy is -64.852863 | electron energy -65.104271 + phonon energy 0.251408 | electron momentum kIdx = 10
The 7-th iteration is completed.	|| time cost : 0h 0m 36.227s
********************************************************************************************************************
Start the 8 rounds of NGS-ED iteration
	effective electronic model is modified as: kinetic energy t = 0.818691
	                                           effective interaction Vq = [-2.49988,-2.30074,-2.11466,-2.30074,-2.30074,-2.11466,-2.14941,-2.11466,-2.11466,-2.14941,-2.49081,-2.14941,-2.30074,-2.11466,-2.14941,-2.11466]
	PARPACK diagonalization completed after 30 matrix-vector product operations.
	iteration results: : total energy is -64.854970 | electron energy -65.107717 + phonon energy 0.252748 | electron momentum kIdx = 10
The 8-th iteration is completed.	|| time cost : 0h 0m 36.4s
********************************************************************************************************************
Start the 9 rounds of NGS-ED iteration
	effective electronic model is modified as: kinetic energy t = 0.818635
	                                           effective interaction Vq = [-2.49993,-2.30079,-2.11483,-2.30079,-2.30079,-2.11483,-2.14946,-2.11483,-2.11483,-2.14946,-2.49108,-2.14946,-2.30079,-2.11483,-2.14946,-2.11483]
	PARPACK diagonalization completed after 30 matrix-vector product operations.
	iteration results: : total energy is -64.855732 | electron energy -65.109147 + phonon energy 0.253415 | electron momentum kIdx = 10
The 9-th iteration is completed.	|| time cost : 0h 0m 36.464s
********************************************************************************************************************
Start the 10 rounds of NGS-ED iteration
	effective electronic model is modified as: kinetic energy t = 0.818612
	                                           effective interaction Vq = [-2.49994,-2.30079, -2.1149,-2.30079,-2.30079, -2.1149,-2.14946, -2.1149, -2.1149,-2.14946,-2.49121,-2.14946,-2.30079, -2.1149,-2.14946, -2.1149]
	PARPACK diagonalization completed after 30 matrix-vector product operations.
	iteration results: : total energy is -64.856009 | electron energy -65.109753 + phonon energy 0.253744 | electron momentum kIdx = 10
	Nq(0) = 16,	Nq(1) = 0.282056,	Nq(2) = 0.335745,	Nq(3) = 0.282056,	Nq(4) = 0.282056,	Nq(5) = 0.335745,	Nq(6) = 0.521154,	Nq(7) = 0.335745,	Nq(8) = 0.335745,	Nq(9) = 0.521154,	Nq(10) = 5.56984,	Nq(11) = 0.521154,	Nq(12) = 0.282056,	Nq(13) = 0.335745,	Nq(14) = 0.521154,	Nq(15) = 0.335745,	Sq(0) = -3.56214e-18,	Sq(1) = 0.242892,	Sq(2) = 0.31195,	Sq(3) = 0.242892,	Sq(4) = 0.242892,	Sq(5) = 0.31195,	Sq(6) = 0.45724,	Sq(7) = 0.31195,	Sq(8) = 0.31195,	Sq(9) = 0.45724,	Sq(10) = 0.530621,	Sq(11) = 0.45724,	Sq(12) = 0.242892,	Sq(13) = 0.31195,	Sq(14) = 0.45724,	Sq(15) = 0.31195,	N(0) = 1.98152,	N(1) = 1.94407,	N(2) = 1,	N(3) = 1.94407,	N(4) = 1.94407,	N(5) = 1,	N(6) = 0.055933,	N(7) = 1,	N(8) = 1,	N(9) = 0.055933,	N(10) = 0.0184836,	N(11) = 0.055933,	N(12) = 1.94407,	N(13) = 1,	N(14) = 0.055933,	N(15) = 1,	Delta[s](0) = 0.43993,	Delta[s](1) = 0.359451,	Delta[s](2) = 0.342294,	Delta[s](3) = 0.359451,	Delta[s](4) = 0.359451,	Delta[s](5) = 0.342294,	Delta[s](6) = 0.297847,	Delta[s](7) = 0.342294,	Delta[s](8) = 0.342294,	Delta[s](9) = 0.297847,	Delta[s](10) = 0.275687,	Delta[s](11) = 0.297847,	Delta[s](12) = 0.359451,	Delta[s](13) = 0.342294,	Delta[s](14) = 0.297847,	Delta[s](15) = 0.342294,	Delta[d](0) = 0.219533,	Delta[d](1) = 0.209414,	Delta[d](2) = 0.216625,	Delta[d](3) = 0.209414,	Delta[d](4) = 0.209414,	Delta[d](5) = 0.138197,	Delta[d](6) = 0.167043,	Delta[d](7) = 0.138197,	Delta[d](8) = 0.216625,	Delta[d](9) = 0.167043,	Delta[d](10) = 0.0567738,	Delta[d](11) = 0.167043,	Delta[d](12) = 0.209414,	Delta[d](13) = 0.138197,	Delta[d](14) = 0.167043,	Delta[d](15) = 0.138197,	Delta[s+](0) = 0.433994,	Delta[s+](1) = 0.338184,	Delta[s+](2) = 0.216625,	Delta[s+](3) = 0.338184,	Delta[s+](4) = 0.338184,	Delta[s+](5) = 0.216625,	Delta[s+](6) = 0.0933245,	Delta[s+](7) = 0.216625,	Delta[s+](8) = 0.216625,	Delta[s+](9) = 0.0933245,	Delta[s+](10) = 0.0312346,	Delta[s+](11) = 0.0933245,	Delta[s+](12) = 0.338184,	Delta[s+](13) = 0.216625,	Delta[s+](14) = 0.0933245,	Delta[s+](15) = 0.216625
The 10-th iteration is completed.	|| time cost : 0h 5m 41.504s
********************************************************************************************************************
Start the 11 rounds of NGS-ED iteration
	effective electronic model is modified as: kinetic energy t = 0.818603
	                                           effective interaction Vq = [-2.49995,-2.30077,-2.11493,-2.30077,-2.30077,-2.11493,-2.14943,-2.11493,-2.11493,-2.14943,-2.49128,-2.14943,-2.30077,-2.11493,-2.14943,-2.11493]
	PARPACK diagonalization completed after 30 matrix-vector product operations.
	iteration results: : total energy is -64.856110 | electron energy -65.110014 + phonon energy 0.253904 | electron momentum kIdx = 10
The 11-th iteration is completed.	|| time cost : 0h 0m 36.316s
********************************************************************************************************************
Start the 12 rounds of NGS-ED iteration
	effective electronic model is modified as: kinetic energy t = 0.8186
	                                           effective interaction Vq = [-2.49995,-2.30074,-2.11494,-2.30074,-2.30074,-2.11494,-2.14941,-2.11494,-2.11494,-2.14941,-2.49132,-2.14941,-2.30074,-2.11494,-2.14941,-2.11494]
	PARPACK diagonalization completed after 30 matrix-vector product operations.
	iteration results: : total energy is -64.856147 | electron energy -65.110127 + phonon energy 0.253980 | electron momentum kIdx = 10
The 12-th iteration is completed.	|| time cost : 0h 0m 36.364s
********************************************************************************************************************
Start the 13 rounds of NGS-ED iteration
	effective electronic model is modified as: kinetic energy t = 0.8186
	                                           effective interaction Vq = [-2.49995,-2.30072,-2.11494,-2.30072,-2.30072,-2.11494,-2.14939,-2.11494,-2.11494,-2.14939,-2.49134,-2.14939,-2.30072,-2.11494,-2.14939,-2.11494]
	PARPACK diagonalization completed after 30 matrix-vector product operations.
	iteration results: : total energy is -64.856160 | electron energy -65.110176 + phonon energy 0.254015 | electron momentum kIdx = 10
The 13-th iteration is completed.	|| time cost : 0h 0m 36.081s
********************************************************************************************************************
Start the 14 rounds of NGS-ED iteration
	effective electronic model is modified as: kinetic energy t = 0.818601
	                                           effective interaction Vq = [-2.49995,-2.30071,-2.11493,-2.30071,-2.30071,-2.11493,-2.14937,-2.11493,-2.11493,-2.14937,-2.49135,-2.14937,-2.30071,-2.11493,-2.14937,-2.11493]
	PARPACK diagonalization completed after 30 matrix-vector product operations.
	iteration results: : total energy is -64.856165 | electron energy -65.110196 + phonon energy 0.254031 | electron momentum kIdx = 10
The 14-th iteration is completed.	|| time cost : 0h 0m 36.103s
********************************************************************************************************************
Start the 15 rounds of NGS-ED iteration
	effective electronic model is modified as: kinetic energy t = 0.818601
	                                           effective interaction Vq = [-2.49995, -2.3007,-2.11493, -2.3007, -2.3007,-2.11493,-2.14936,-2.11493,-2.11493,-2.14936,-2.49135,-2.14936, -2.3007,-2.11493,-2.14936,-2.11493]
	PARPACK diagonalization completed after 30 matrix-vector product operations.
	iteration results: : total energy is -64.856167 | electron energy -65.110205 + phonon energy 0.254037 | electron momentum kIdx = 10
The 15-th iteration is completed.	|| time cost : 0h 0m 36.115s
********************************************************************************************************************
Start the 16 rounds of NGS-ED iteration
	effective electronic model is modified as: kinetic energy t = 0.818602
	                                           effective interaction Vq = [-2.49995,-2.30069,-2.11493,-2.30069,-2.30069,-2.11493,-2.14935,-2.11493,-2.11493,-2.14935,-2.49135,-2.14935,-2.30069,-2.11493,-2.14935,-2.11493]
	PARPACK diagonalization completed after 30 matrix-vector product operations.
	iteration results: : total energy is -64.856168 | electron energy -65.110208 + phonon energy 0.254040 | electron momentum kIdx = 10
The 16-th iteration is completed.	|| time cost : 0h 0m 36.407s
********************************************************************************************************************
Start the 17 rounds of NGS-ED iteration
	effective electronic model is modified as: kinetic energy t = 0.818603
	                                           effective interaction Vq = [-2.49995,-2.30069,-2.11493,-2.30069,-2.30069,-2.11493,-2.14935,-2.11493,-2.11493,-2.14935,-2.49135,-2.14935,-2.30069,-2.11493,-2.14935,-2.11493]
	PARPACK diagonalization completed after 30 matrix-vector product operations.
	iteration results: : total energy is -64.856168 | electron energy -65.110209 + phonon energy 0.254040 | electron momentum kIdx = 10
The 17-th iteration is completed.	|| time cost : 0h 0m 36.273s
********************************************************************************************************************
Start the 18 rounds of NGS-ED iteration
	effective electronic model is modified as: kinetic energy t = 0.818603
	                                           effective interaction Vq = [-2.49995,-2.30068,-2.11492,-2.30068,-2.30068,-2.11492,-2.14935,-2.11492,-2.11492,-2.14935,-2.49136,-2.14935,-2.30068,-2.11492,-2.14935,-2.11492]
	PARPACK diagonalization completed after 30 matrix-vector product operations.
	iteration results: : total energy is -64.856168 | electron energy -65.110209 + phonon energy 0.254040 | electron momentum kIdx = 10
The 18-th iteration is completed.	|| time cost : 0h 0m 36.178s
********************************************************************************************************************
Start the 19 rounds of NGS-ED iteration
	effective electronic model is modified as: kinetic energy t = 0.818604
	                                           effective interaction Vq = [-2.49995,-2.30068,-2.11492,-2.30068,-2.30068,-2.11492,-2.14934,-2.11492,-2.11492,-2.14934,-2.49136,-2.14934,-2.30068,-2.11492,-2.14934,-2.11492]
	PARPACK diagonalization completed after 30 matrix-vector product operations.
	iteration results: : total energy is -64.856168 | electron energy -65.110208 + phonon energy 0.254040 | electron momentum kIdx = 10
The 19-th iteration is completed.	|| time cost : 0h 0m 36.401s
********************************************************************************************************************
Start the 20 rounds of NGS-ED iteration
	effective electronic model is modified as: kinetic energy t = 0.818604
	                                           effective interaction Vq = [-2.49995,-2.30068,-2.11492,-2.30068,-2.30068,-2.11492,-2.14934,-2.11492,-2.11492,-2.14934,-2.49136,-2.14934,-2.30068,-2.11492,-2.14934,-2.11492]
	PARPACK diagonalization completed after 30 matrix-vector product operations.
	iteration results: : total energy is -64.856168 | electron energy -65.110208 + phonon energy 0.254040 | electron momentum kIdx = 10
	Nq(0) = 16,	Nq(1) = 0.28198,	Nq(2) = 0.335709,	Nq(3) = 0.28198,	Nq(4) = 0.28198,	Nq(5) = 0.335709,	Nq(6) = 0.521054,	Nq(7) = 0.335709,	Nq(8) = 0.335709,	Nq(9) = 0.521054,	Nq(10) = 5.57138,	Nq(11) = 0.521054,	Nq(12) = 0.28198,	Nq(13) = 0.335709,	Nq(14) = 0.521054,	Nq(15) = 0.335709,	Sq(0) = 5.54034e-19,	Sq(1) = 0.242847,	Sq(2) = 0.31192,	Sq(3) = 0.242847,	Sq(4) = 0.242847,	Sq(5) = 0.31192,	Sq(6) = 0.457186,	Sq(7) = 0.31192,	Sq(8) = 0.31192,	Sq(9) = 0.457186,	Sq(10) = 0.530578,	Sq(11) = 0.457186,	Sq(12) = 0.242847,	Sq(13) = 0.31192,	Sq(14) = 0.457186,	Sq(15) = 0.31192,	N(0) = 1.9815,	N(1) = 1.94402,	N(2) = 1,	N(3) = 1.94402,	N(4) = 1.94402,	N(5) = 1,	N(6) = 0.0559826,	N(7) = 1,	N(8) = 1,	N(9) = 0.0559826,	N(10) = 0.0184968,	N(11) = 0.0559826,	N(12) = 1.94402,	N(13) = 1,	N(14) = 0.0559826,	N(15) = 1,	Delta[s](0) = 0.439929,	Delta[s](1) = 0.359472,	Delta[s](2) = 0.34231,	Delta[s](3) = 0.359472,	Delta[s](4) = 0.359472,	Delta[s](5) = 0.34231,	Delta[s](6) = 0.297873,	Delta[s](7) = 0.34231,	Delta[s](8) = 0.34231,	Delta[s](9) = 0.297873,	Delta[s](10) = 0.275713,	Delta[s](11) = 0.297873,	Delta[s](12) = 0.359472,	Delta[s](13) = 0.34231,	Delta[s](14) = 0.297873,	Delta[s](15) = 0.34231,	Delta[d](0) = 0.219564,	Delta[d](1) = 0.209434,	Delta[d](2) = 0.216659,	Delta[d](3) = 0.209434,	Delta[d](4) = 0.209434,	Delta[d](5) = 0.138212,	Delta[d](6) = 0.167053,	Delta[d](7) = 0.138212,	Delta[d](8) = 0.216659,	Delta[d](9) = 0.167053,	Delta[d](10) = 0.0567734,	Delta[d](11) = 0.167053,	Delta[d](12) = 0.209434,	Delta[d](13) = 0.138212,	Delta[d](14) = 0.167053,	Delta[d](15) = 0.138212,	Delta[s+](0) = 0.434083,	Delta[s+](1) = 0.338245,	Delta[s+](2) = 0.216659,	Delta[s+](3) = 0.338245,	Delta[s+](4) = 0.338245,	Delta[s+](5) = 0.216659,	Delta[s+](6) = 0.0933319,	Delta[s+](7) = 0.216659,	Delta[s+](8) = 0.216659,	Delta[s+](9) = 0.0933319,	Delta[s+](10) = 0.0312356,	Delta[s+](11) = 0.0933319,	Delta[s+](12) = 0.338245,	Delta[s+](13) = 0.216659,	Delta[s+](14) = 0.0933319,	Delta[s+](15) = 0.216659
The 20-th iteration is completed.	|| time cost : 0h 5m 37.559s
********************************************************************************************************************
Start the 21 rounds of NGS-ED iteration
	effective electronic model is modified as: kinetic energy t = 0.818604
	                                           effective interaction Vq = [-2.49995,-2.30068,-2.11492,-2.30068,-2.30068,-2.11492,-2.14934,-2.11492,-2.11492,-2.14934,-2.49136,-2.14934,-2.30068,-2.11492,-2.14934,-2.11492]
	PARPACK diagonalization completed after 30 matrix-vector product operations.
	iteration results: : total energy is -64.856168 | electron energy -65.110208 + phonon energy 0.254040 | electron momentum kIdx = 10
The 21-th iteration is completed.	|| time cost : 0h 0m 36.519s
********************************************************************************************************************
Start the 22 rounds of NGS-ED iteration
	effective electronic model is modified as: kinetic energy t = 0.818604
	                                           effective interaction Vq = [-2.49995,-2.30068,-2.11492,-2.30068,-2.30068,-2.11492,-2.14934,-2.11492,-2.11492,-2.14934,-2.49136,-2.14934,-2.30068,-2.11492,-2.14934,-2.11492]
	PARPACK diagonalization completed after 30 matrix-vector product operations.
	iteration results: : total energy is -64.856168 | electron energy -65.110208 + phonon energy 0.254039 | electron momentum kIdx = 10
The 22-th iteration is completed.	|| time cost : 0h 0m 36.047s
********************************************************************************************************************
Start the 23 rounds of NGS-ED iteration
	effective electronic model is modified as: kinetic energy t = 0.818604
	                                           effective interaction Vq = [-2.49995,-2.30068,-2.11492,-2.30068,-2.30068,-2.11492,-2.14934,-2.11492,-2.11492,-2.14934,-2.49136,-2.14934,-2.30068,-2.11492,-2.14934,-2.11492]
	PARPACK diagonalization completed after 30 matrix-vector product operations.
	iteration results: : total energy is -64.856168 | electron energy -65.110208 + phonon energy 0.254039 | electron momentum kIdx = 10
The 23-th iteration is completed.	|| time cost : 0h 0m 36.205s
********************************************************************************************************************
Start the 24 rounds of NGS-ED iteration
	effective electronic model is modified as: kinetic energy t = 0.818604
	                                           effective interaction Vq = [-2.49995,-2.30068,-2.11492,-2.30068,-2.30068,-2.11492,-2.14934,-2.11492,-2.11492,-2.14934,-2.49136,-2.14934,-2.30068,-2.11492,-2.14934,-2.11492]
	PARPACK diagonalization completed after 30 matrix-vector product operations.
	iteration results: : total energy is -64.856168 | electron energy -65.110207 + phonon energy 0.254039 | electron momentum kIdx = 10
