SNEDics v3.4 Non-Gaussian ED ground state program		Start at Wed Oct  2 01:22:19 2019

parallized on 16 MPI threads  * 8 OpenMP threads = 128 total threads.
********************************************************************************************************************
********************************************************************************************************************

********************************************************************************************************************
System parameters and configurations
********************************************************************************************************************
Special program options are enabled: splitted diagonal Hamiltonian
********************************************************************************************************************
Read input file "model_params.in"
	Hubbard-Holstein model parameters : 	t = 1    U = 5.9    g = 3.6056    W = 5    
********************************************************************************************************************
Read input file "hilbertspace_params.in"
	Requested 16-site 2D lattice, with 16 electrons (8, 8)
	Boundary : Periodic		Hilbert space representation : momentum-space (restricted to kIdx = 10)
	Conservation: particle number[U(1)]      spin[U(1)]     momentum
********************************************************************************************************************

Cluster Positions:				Cluster symmetry group : D4
 x ... x ... x ... x .....                       x ... x ... x ... x .....
 |           |           :                       |           |           :
 |           |           :                       |           |           :
12    13    14    15     x                       1     5     6     5     x
 |           |           :                       |           |           :
 |           |           :                       |           |           :
 8 --- 9 ---10 ---11 --- x                       2 --- 6 ---10 --- 6 --- x
 |           |           :                       |           |           :
 |           |           :                       |           |           :
 4     5     6     7     x                       1     5     6     5     x
 |           |           :                       |           |           :
 |           |           :                       |           |           :
 0 --- 1 --- 2 --- 3 --- x                       0 --- 1 --- 2 --- 1 --- x
orbital number : 1
********************************************************************************************************************
Read input file "obs_params.in"
	Observable Type : Nq(All),   Sq(All),   N(All),   Delta[s](All),   Delta[d](All),   Delta[s+](All)
********************************************************************************************************************
** WARNING ** the input observables have non-local factors which have been reinterpreted. The total observable number is 96
********************************************************************************************************************


********************************************************************************************************************
Start calculating the non-Gaussian ED ground state
** WARNING ** Detected low phonon energy W < 10. The initial state will be prepared through a warm-up process.
********************************************************************************************************************
Start warm-up calculation for scaling factor 2
open output files: NGSEDWarmUpW10Obs.txt
********************************************************************************************************************
Start the 0 rounds of NGS-ED iteration
	effective electronic model is modified as: kinetic energy t = 1
	                                           effective interaction Vq = [-0,-0,-0,-0,-0,-0,-0,-0,-0,-0,-0,-0,-0,-0,-0,-0]
	first Hamiltonian is constructed, non-zero numbers = 2845334624
	PARPACK diagonalization completed after 90 matrix-vector product operations.
	iteration results: : total energy is -10.490434 | electron energy -10.490434 + phonon energy 0.000000 | electron momentum kIdx = 10
	Nq(0) = 16,	Nq(1) = 0.102877,	Nq(2) = 0.165213,	Nq(3) = 0.102877,	Nq(4) = 0.102877,	Nq(5) = 0.165213,	Nq(6) = 0.224671,	Nq(7) = 0.165213,	Nq(8) = 0.165213,	Nq(9) = 0.224671,	Nq(10) = 0.277016,	Nq(11) = 0.224671,	Nq(12) = 0.102877,	Nq(13) = 0.165213,	Nq(14) = 0.224671,	Nq(15) = 0.165213,	Sq(0) = -8.69971e-20,	Sq(1) = 0.267845,	Sq(2) = 0.400871,	Sq(3) = 0.267845,	Sq(4) = 0.267845,	Sq(5) = 0.400871,	Sq(6) = 0.590044,	Sq(7) = 0.400871,	Sq(8) = 0.400871,	Sq(9) = 0.590044,	Sq(10) = 7.58473,	Sq(11) = 0.590044,	Sq(12) = 0.267845,	Sq(13) = 0.400871,	Sq(14) = 0.590044,	Sq(15) = 0.400871,	N(0) = 1.86034,	N(1) = 1.70089,	N(2) = 1,	N(3) = 1.70089,	N(4) = 1.70089,	N(5) = 1,	N(6) = 0.299107,	N(7) = 1,	N(8) = 1,	N(9) = 0.299107,	N(10) = 0.139664,	N(11) = 0.299107,	N(12) = 1.70089,	N(13) = 1,	N(14) = 0.299107,	N(15) = 1,	Delta[s](0) = 0.126031,	Delta[s](1) = 0.105479,	Delta[s](2) = 0.0821597,	Delta[s](3) = 0.105479,	Delta[s](4) = 0.105479,	Delta[s](5) = 0.0821597,	Delta[s](6) = 0.0577074,	Delta[s](7) = 0.0821597,	Delta[s](8) = 0.0821597,	Delta[s](9) = 0.0577074,	Delta[s](10) = 0.0175082,	Delta[s](11) = 0.0577074,	Delta[s](12) = 0.105479,	Delta[s](13) = 0.0821597,	Delta[s](14) = 0.0577074,	Delta[s](15) = 0.0821597,	Delta[d](0) = 0.539589,	Delta[d](1) = 0.431858,	Delta[d](2) = 0.358818,	Delta[d](3) = 0.431858,	Delta[d](4) = 0.431858,	Delta[d](5) = 0.392604,	Delta[d](6) = 0.32586,	Delta[d](7) = 0.392604,	Delta[d](8) = 0.358818,	Delta[d](9) = 0.32586,	Delta[d](10) = 0.263392,	Delta[d](11) = 0.32586,	Delta[d](12) = 0.431858,	Delta[d](13) = 0.392604,	Delta[d](14) = 0.32586,	Delta[d](15) = 0.392604,	Delta[s+](0) = 0.599532,	Delta[s+](1) = 0.497017,	Delta[s+](2) = 0.358818,	Delta[s+](3) = 0.497017,	Delta[s+](4) = 0.497017,	Delta[s+](5) = 0.358818,	Delta[s+](6) = 0.222601,	Delta[s+](7) = 0.358818,	Delta[s+](8) = 0.358818,	Delta[s+](9) = 0.222601,	Delta[s+](10) = 0.108268,	Delta[s+](11) = 0.222601,	Delta[s+](12) = 0.497017,	Delta[s+](13) = 0.358818,	Delta[s+](14) = 0.222601,	Delta[s+](15) = 0.358818
The 0-th iteration is completed.	|| time cost : 0h 8m 27.534s
********************************************************************************************************************
Start the 1 rounds of NGS-ED iteration
	effective electronic model is modified as: kinetic energy t = 0.940964
	                                           effective interaction Vq = [-2.24819,-1.98422, -1.9231,-1.98422,-1.98422, -1.9231,-1.89245, -1.9231, -1.9231,-1.89245,-1.86629,-1.89245,-1.98422, -1.9231,-1.89245, -1.9231]
	PARPACK diagonalization completed after 45 matrix-vector product operations.
	iteration results: : total energy is -52.406290 | electron energy -52.408953 + phonon energy 0.002663 | electron momentum kIdx = 10
The 1-th iteration is completed.	|| time cost : 0h 7m 31.622s
********************************************************************************************************************
Start the 2 rounds of NGS-ED iteration
	effective electronic model is modified as: kinetic energy t = 0.897051
	                                           effective interaction Vq = [-2.55245,-2.38798,-2.28936,-2.38798,-2.38798,-2.28936,-2.27472,-2.28936,-2.28936,-2.27472,-2.22877,-2.27472,-2.38798,-2.28936,-2.27472,-2.28936]
	PARPACK diagonalization completed after 30 matrix-vector product operations.
	iteration results: : total energy is -58.266934 | electron energy -58.291618 + phonon energy 0.024684 | electron momentum kIdx = 10
The 2-th iteration is completed.	|| time cost : 0h 0m 27.451s
********************************************************************************************************************
Start the 3 rounds of NGS-ED iteration
	effective electronic model is modified as: kinetic energy t = 0.880239
	                                           effective interaction Vq = [-2.59363,-2.48395,-2.37764,-2.48395,-2.48395,-2.37764, -2.3753,-2.37764,-2.37764, -2.3753,-2.32075, -2.3753,-2.48395,-2.37764, -2.3753,-2.37764]
	PARPACK diagonalization completed after 30 matrix-vector product operations.
	iteration results: : total energy is -59.052057 | electron energy -59.096933 + phonon energy 0.044876 | electron momentum kIdx = 10
The 3-th iteration is completed.	|| time cost : 0h 0m 27.3s
********************************************************************************************************************
Start the 4 rounds of NGS-ED iteration
	effective electronic model is modified as: kinetic energy t = 0.874448
	                                           effective interaction Vq = [ -2.5992,-2.51115,-2.40266,-2.51115,-2.51115,-2.40266,-2.40587,-2.40266,-2.40266,-2.40587,-2.34765,-2.40587,-2.51115,-2.40266,-2.40587,-2.40266]
	PARPACK diagonalization completed after 30 matrix-vector product operations.
	iteration results: : total energy is -59.156078 | electron energy -59.210382 + phonon energy 0.054304 | electron momentum kIdx = 10
The 4-th iteration is completed.	|| time cost : 0h 0m 27.364s
********************************************************************************************************************
Start the 5 rounds of NGS-ED iteration
	effective electronic model is modified as: kinetic energy t = 0.872508
	                                           effective interaction Vq = [-2.59995,-2.51975,-2.41029,-2.51975,-2.51975,-2.41029, -2.4158,-2.41029,-2.41029, -2.4158,-2.35601, -2.4158,-2.51975,-2.41029, -2.4158,-2.41029]
	PARPACK diagonalization completed after 30 matrix-vector product operations.
	iteration results: : total energy is -59.169841 | electron energy -59.227677 + phonon energy 0.057835 | electron momentum kIdx = 10
The 5-th iteration is completed.	|| time cost : 0h 0m 27.315s
********************************************************************************************************************
Start the 6 rounds of NGS-ED iteration
	effective electronic model is modified as: kinetic energy t = 0.871863
	                                           effective interaction Vq = [-2.60005,-2.52262,-2.41268,-2.52262,-2.52262,-2.41268,-2.41912,-2.41268,-2.41268,-2.41912,-2.35867,-2.41912,-2.52262,-2.41268,-2.41912,-2.41268]
	PARPACK diagonalization completed after 30 matrix-vector product operations.
	iteration results: : total energy is -59.171666 | electron energy -59.230726 + phonon energy 0.059060 | electron momentum kIdx = 10
The 6-th iteration is completed.	|| time cost : 0h 0m 27.418s
********************************************************************************************************************
Start the 7 rounds of NGS-ED iteration
	effective electronic model is modified as: kinetic energy t = 0.871648
	                                           effective interaction Vq = [-2.60007,-2.52359,-2.41344,-2.52359,-2.52359,-2.41344,-2.42023,-2.41344,-2.41344,-2.42023,-2.35952,-2.42023,-2.52359,-2.41344,-2.42023,-2.41344]
	PARPACK diagonalization completed after 30 matrix-vector product operations.
	iteration results: : total energy is -59.171909 | electron energy -59.231381 + phonon energy 0.059473 | electron momentum kIdx = 10
The 7-th iteration is completed.	|| time cost : 0h 0m 27.655s
********************************************************************************************************************
Start the 8 rounds of NGS-ED iteration
	effective electronic model is modified as: kinetic energy t = 0.871577
	                                           effective interaction Vq = [-2.60007,-2.52392,-2.41368,-2.52392,-2.52392,-2.41368,-2.42061,-2.41368,-2.41368,-2.42061, -2.3598,-2.42061,-2.52392,-2.41368,-2.42061,-2.41368]
	PARPACK diagonalization completed after 30 matrix-vector product operations.
	iteration results: : total energy is -59.171941 | electron energy -59.231552 + phonon energy 0.059611 | electron momentum kIdx = 10
	Nq(0) = 16,	Nq(1) = 0.3063,	Nq(2) = 0.341428,	Nq(3) = 0.3063,	Nq(4) = 0.3063,	Nq(5) = 0.341428,	Nq(6) = 0.516685,	Nq(7) = 0.341428,	Nq(8) = 0.341428,	Nq(9) = 0.516685,	Nq(10) = 0.556742,	Nq(11) = 0.516685,	Nq(12) = 0.3063,	Nq(13) = 0.341428,	Nq(14) = 0.516685,	Nq(15) = 0.341428,	Sq(0) = -7.01878e-18,	Sq(1) = 0.3744,	Sq(2) = 0.42444,	Sq(3) = 0.3744,	Sq(4) = 0.3744,	Sq(5) = 0.42444,	Sq(6) = 0.65746,	Sq(7) = 0.42444,	Sq(8) = 0.42444,	Sq(9) = 0.65746,	Sq(10) = 3.42867,	Sq(11) = 0.65746,	Sq(12) = 0.3744,	Sq(13) = 0.42444,	Sq(14) = 0.65746,	Sq(15) = 0.42444,	N(0) = 1.99336,	N(1) = 1.98582,	N(2) = 1,	N(3) = 1.98582,	N(4) = 1.98582,	N(5) = 1,	N(6) = 0.0141782,	N(7) = 1,	N(8) = 1,	N(9) = 0.0141782,	N(10) = 0.0066371,	N(11) = 0.0141782,	N(12) = 1.98582,	N(13) = 1,	N(14) = 0.0141782,	N(15) = 1,	Delta[s](0) = 0.241211,	Delta[s](1) = 0.22732,	Delta[s](2) = 0.177064,	Delta[s](3) = 0.22732,	Delta[s](4) = 0.22732,	Delta[s](5) = 0.177064,	Delta[s](6) = 0.164059,	Delta[s](7) = 0.177064,	Delta[s](8) = 0.177064,	Delta[s](9) = 0.164059,	Delta[s](10) = 0.0795127,	Delta[s](11) = 0.164059,	Delta[s](12) = 0.22732,	Delta[s](13) = 0.177064,	Delta[s](14) = 0.164059,	Delta[s](15) = 0.177064,	Delta[d](0) = 0.503616,	Delta[d](1) = 0.325564,	Delta[d](2) = 0.288238,	Delta[d](3) = 0.325564,	Delta[d](4) = 0.325564,	Delta[d](5) = 0.368533,	Delta[d](6) = 0.26829,	Delta[d](7) = 0.368533,	Delta[d](8) = 0.288238,	Delta[d](9) = 0.26829,	Delta[d](10) = 0.235142,	Delta[d](11) = 0.26829,	Delta[d](12) = 0.325564,	Delta[d](13) = 0.368533,	Delta[d](14) = 0.26829,	Delta[d](15) = 0.368533,	Delta[s+](0) = 0.534349,	Delta[s+](1) = 0.438312,	Delta[s+](2) = 0.288238,	Delta[s+](3) = 0.438312,	Delta[s+](4) = 0.438312,	Delta[s+](5) = 0.288238,	Delta[s+](6) = 0.139563,	Delta[s+](7) = 0.288238,	Delta[s+](8) = 0.288238,	Delta[s+](9) = 0.139563,	Delta[s+](10) = 0.0350602,	Delta[s+](11) = 0.139563,	Delta[s+](12) = 0.438312,	Delta[s+](13) = 0.288238,	Delta[s+](14) = 0.139563,	Delta[s+](15) = 0.288238
The 8-th iteration is completed.	|| time cost : 0h 4m 40.432s
********************************************************************************************************************
********************************************************************************************************************
Ground state is obtained after 9 iterations. The current ground-state energy is -59.1719, in which electron energy is -59.2316 and phonon energy is 0.0596106
final variational state is: 
	Gamma_x = [      1,1.02282, 1.0354,1.02282,1.02282, 1.0354,1.05337, 1.0354, 1.0354,1.05337,1.06311,1.05337,1.02282, 1.0354,1.05337, 1.0354]
	lambda_q = [0.509846,0.422709,0.373414,0.422709,0.422709,0.373414,0.375994,0.373414,0.373414,0.375994,0.354931,0.375994,0.422709,0.373414,0.375994,0.373414]
********************************************************************************************************************
o___o  ----------------------------------------
| L |	Time since last clock: 0h 0m 0s
A===A	Time since the beginning: 0h 23m 24.095s
***********************************************


********************************************************************************************************************
Warm up runs have been completed. Start calculating W = 5 phonon.
open output files: NGSEDIterationObs.txt
********************************************************************************************************************
Start the 0 rounds of NGS-ED iteration
	effective electronic model is modified as: kinetic energy t = 0.871553
	                                           effective interaction Vq = [-2.37689,-2.15482,-1.99557,-2.15482,-2.15482,-1.99557,-2.00451,-1.99557,-1.99557,-2.00451, -1.9296,-2.00451,-2.15482,-1.99557,-2.00451,-1.99557]
	PARPACK diagonalization completed after 30 matrix-vector product operations.
	iteration results: : total energy is -53.371602 | electron energy -53.401431 + phonon energy 0.029828 | electron momentum kIdx = 10
	Nq(0) = 16,	Nq(1) = 0.255543,	Nq(2) = 0.309645,	Nq(3) = 0.255543,	Nq(4) = 0.255543,	Nq(5) = 0.309645,	Nq(6) = 0.445524,	Nq(7) = 0.309645,	Nq(8) = 0.309645,	Nq(9) = 0.445524,	Nq(10) = 0.500884,	Nq(11) = 0.445524,	Nq(12) = 0.255543,	Nq(13) = 0.309645,	Nq(14) = 0.445524,	Nq(15) = 0.309645,	Sq(0) = -6.07675e-19,	Sq(1) = 0.362581,	Sq(2) = 0.429581,	Sq(3) = 0.362581,	Sq(4) = 0.362581,	Sq(5) = 0.429581,	Sq(6) = 0.666152,	Sq(7) = 0.429581,	Sq(8) = 0.429581,	Sq(9) = 0.666152,	Sq(10) = 4.14456,	Sq(11) = 0.666152,	Sq(12) = 0.362581,	Sq(13) = 0.429581,	Sq(14) = 0.666152,	Sq(15) = 0.429581,	N(0) = 1.9793,	N(1) = 1.95556,	N(2) = 1,	N(3) = 1.95556,	N(4) = 1.95556,	N(5) = 1,	N(6) = 0.0444354,	N(7) = 1,	N(8) = 1,	N(9) = 0.0444354,	N(10) = 0.0206978,	N(11) = 0.0444354,	N(12) = 1.95556,	N(13) = 1,	N(14) = 0.0444354,	N(15) = 1,	Delta[s](0) = 0.212738,	Delta[s](1) = 0.195445,	Delta[s](2) = 0.158243,	Delta[s](3) = 0.195445,	Delta[s](4) = 0.195445,	Delta[s](5) = 0.158243,	Delta[s](6) = 0.140869,	Delta[s](7) = 0.158243,	Delta[s](8) = 0.158243,	Delta[s](9) = 0.140869,	Delta[s](10) = 0.0740598,	Delta[s](11) = 0.140869,	Delta[s](12) = 0.195445,	Delta[s](13) = 0.158243,	Delta[s](14) = 0.140869,	Delta[s](15) = 0.158243,	Delta[d](0) = 0.518296,	Delta[d](1) = 0.35861,	Delta[d](2) = 0.314613,	Delta[d](3) = 0.35861,	Delta[d](4) = 0.35861,	Delta[d](5) = 0.38276,	Delta[d](6) = 0.295217,	Delta[d](7) = 0.38276,	Delta[d](8) = 0.314613,	Delta[d](9) = 0.295217,	Delta[d](10) = 0.251348,	Delta[d](11) = 0.295217,	Delta[d](12) = 0.35861,	Delta[d](13) = 0.38276,	Delta[d](14) = 0.295217,	Delta[d](15) = 0.38276,	Delta[s+](0) = 0.574702,	Delta[s+](1) = 0.471242,	Delta[s+](2) = 0.314613,	Delta[s+](3) = 0.471242,	Delta[s+](4) = 0.471242,	Delta[s+](5) = 0.314613,	Delta[s+](6) = 0.161218,	Delta[s+](7) = 0.314613,	Delta[s+](8) = 0.314613,	Delta[s+](9) = 0.161218,	Delta[s+](10) = 0.0480933,	Delta[s+](11) = 0.161218,	Delta[s+](12) = 0.471242,	Delta[s+](13) = 0.314613,	Delta[s+](14) = 0.161218,	Delta[s+](15) = 0.314613
The 0-th iteration is completed.	|| time cost : 0h 4m 24.641s
********************************************************************************************************************
Start the 1 rounds of NGS-ED iteration
	effective electronic model is modified as: kinetic energy t = 0.861581
	                                           effective interaction Vq = [-2.51797,-2.25435,-2.06551,-2.25435,-2.25435,-2.06551,-2.06371,-2.06551,-2.06551,-2.06371,-1.97937,-2.06371,-2.25435,-2.06551,-2.06371,-2.06551]
	PARPACK diagonalization completed after 30 matrix-vector product operations.
	iteration results: : total energy is -55.712890 | electron energy -55.793868 + phonon energy 0.080977 | electron momentum kIdx = 10
The 1-th iteration is completed.	|| time cost : 0h 0m 27.318s
********************************************************************************************************************
Start the 2 rounds of NGS-ED iteration
	effective electronic model is modified as: kinetic energy t = 0.854858
	                                           effective interaction Vq = [-2.56987,-2.30713,-2.10431,-2.30713,-2.30713,-2.10431,-2.10166,-2.10431,-2.10431,-2.10166,-2.01304,-2.10166,-2.30713,-2.10431,-2.10166,-2.10431]
	PARPACK diagonalization completed after 30 matrix-vector product operations.
	iteration results: : total energy is -56.570611 | electron energy -56.684599 + phonon energy 0.113988 | electron momentum kIdx = 10
The 2-th iteration is completed.	|| time cost : 0h 0m 27.408s
********************************************************************************************************************
Start the 3 rounds of NGS-ED iteration
	effective electronic model is modified as: kinetic energy t = 0.850695
	                                           effective interaction Vq = [-2.58896,-2.33607,-2.12577,-2.33607,-2.33607,-2.12577,-2.12457,-2.12577,-2.12577,-2.12457,-2.03341,-2.12457,-2.33607,-2.12577,-2.12457,-2.12577]
	PARPACK diagonalization completed after 30 matrix-vector product operations.
	iteration results: : total energy is -56.885193 | electron energy -57.018316 + phonon energy 0.133123 | electron momentum kIdx = 10
The 3-th iteration is completed.	|| time cost : 0h 0m 27.436s
********************************************************************************************************************
Start the 4 rounds of NGS-ED iteration
	effective electronic model is modified as: kinetic energy t = 0.848213
	                                           effective interaction Vq = [-2.59598,-2.35229,-2.13768,-2.35229,-2.35229,-2.13768,-2.13811,-2.13768,-2.13768,-2.13811,-2.04529,-2.13811,-2.35229,-2.13768,-2.13811,-2.13768]
	PARPACK diagonalization completed after 30 matrix-vector product operations.
	iteration results: : total energy is -57.000612 | electron energy -57.144684 + phonon energy 0.144072 | electron momentum kIdx = 10
The 4-th iteration is completed.	|| time cost : 0h 0m 27.3s
********************************************************************************************************************
Start the 5 rounds of NGS-ED iteration
	effective electronic model is modified as: kinetic energy t = 0.84676
	                                           effective interaction Vq = [-2.59857, -2.3615, -2.1443, -2.3615, -2.3615, -2.1443,-2.14605, -2.1443, -2.1443,-2.14605,-2.05211,-2.14605, -2.3615, -2.1443,-2.14605, -2.1443]
	PARPACK diagonalization completed after 30 matrix-vector product operations.
	iteration results: : total energy is -57.042968 | electron energy -57.193316 + phonon energy 0.150348 | electron momentum kIdx = 10
The 5-th iteration is completed.	|| time cost : 0h 0m 27.401s
********************************************************************************************************************
Start the 6 rounds of NGS-ED iteration
	effective electronic model is modified as: kinetic energy t = 0.845918
	                                           effective interaction Vq = [-2.59952,-2.36678,-2.14799,-2.36678,-2.36678,-2.14799,-2.15069,-2.14799,-2.14799,-2.15069,-2.05602,-2.15069,-2.36678,-2.14799,-2.15069,-2.14799]
	PARPACK diagonalization completed after 30 matrix-vector product operations.
	iteration results: : total energy is -57.058515 | electron energy -57.212468 + phonon energy 0.153954 | electron momentum kIdx = 10
The 6-th iteration is completed.	|| time cost : 0h 0m 27.666s
********************************************************************************************************************
Start the 7 rounds of NGS-ED iteration
	effective electronic model is modified as: kinetic energy t = 0.845431
	                                           effective interaction Vq = [-2.59987,-2.36982,-2.15005,-2.36982,-2.36982,-2.15005,-2.15339,-2.15005,-2.15005,-2.15339,-2.05826,-2.15339,-2.36982,-2.15005,-2.15339,-2.15005]
	PARPACK diagonalization completed after 30 matrix-vector product operations.
	iteration results: : total energy is -57.064222 | electron energy -57.220250 + phonon energy 0.156028 | electron momentum kIdx = 10
The 7-th iteration is completed.	|| time cost : 0h 0m 27.385s
********************************************************************************************************************
Start the 8 rounds of NGS-ED iteration
	effective electronic model is modified as: kinetic energy t = 0.84515
	                                           effective interaction Vq = [    -2.6,-2.37157,-2.15121,-2.37157,-2.37157,-2.15121,-2.15497,-2.15121,-2.15121,-2.15497,-2.05954,-2.15497,-2.37157,-2.15121,-2.15497,-2.15121]
	PARPACK diagonalization completed after 30 matrix-vector product operations.
	iteration results: : total energy is -57.066318 | electron energy -57.223540 + phonon energy 0.157222 | electron momentum kIdx = 10
The 8-th iteration is completed.	|| time cost : 0h 0m 27.33s
********************************************************************************************************************
Start the 9 rounds of NGS-ED iteration
	effective electronic model is modified as: kinetic energy t = 0.844989
	                                           effective interaction Vq = [-2.60004,-2.37258,-2.15186,-2.37258,-2.37258,-2.15186,-2.15589,-2.15186,-2.15186,-2.15589,-2.06027,-2.15589,-2.37258,-2.15186,-2.15589,-2.15186]
	PARPACK diagonalization completed after 30 matrix-vector product operations.
	iteration results: : total energy is -57.067088 | electron energy -57.224998 + phonon energy 0.157910 | electron momentum kIdx = 10
The 9-th iteration is completed.	|| time cost : 0h 0m 27.379s
********************************************************************************************************************
Start the 10 rounds of NGS-ED iteration
	effective electronic model is modified as: kinetic energy t = 0.844896
	                                           effective interaction Vq = [-2.60006,-2.37317,-2.15223,-2.37317,-2.37317,-2.15223,-2.15643,-2.15223,-2.15223,-2.15643,-2.06069,-2.15643,-2.37317,-2.15223,-2.15643,-2.15223]
	PARPACK diagonalization completed after 30 matrix-vector product operations.
	iteration results: : total energy is -57.067371 | electron energy -57.225677 + phonon energy 0.158306 | electron momentum kIdx = 10
	Nq(0) = 16,	Nq(1) = 0.277813,	Nq(2) = 0.321105,	Nq(3) = 0.277813,	Nq(4) = 0.277813,	Nq(5) = 0.321105,	Nq(6) = 0.468196,	Nq(7) = 0.321105,	Nq(8) = 0.321105,	Nq(9) = 0.468196,	Nq(10) = 0.517128,	Nq(11) = 0.468196,	Nq(12) = 0.277813,	Nq(13) = 0.321105,	Nq(14) = 0.468196,	Nq(15) = 0.321105,	Sq(0) = -3.66177e-18,	Sq(1) = 0.368219,	Sq(2) = 0.429232,	Sq(3) = 0.368219,	Sq(4) = 0.368219,	Sq(5) = 0.429232,	Sq(6) = 0.666501,	Sq(7) = 0.429232,	Sq(8) = 0.429232,	Sq(9) = 0.666501,	Sq(10) = 3.85793,	Sq(11) = 0.666501,	Sq(12) = 0.368219,	Sq(13) = 0.429232,	Sq(14) = 0.666501,	Sq(15) = 0.429232,	N(0) = 1.98454,	N(1) = 1.96862,	N(2) = 1,	N(3) = 1.96862,	N(4) = 1.96862,	N(5) = 1,	N(6) = 0.0313774,	N(7) = 1,	N(8) = 1,	N(9) = 0.0313774,	N(10) = 0.0154623,	N(11) = 0.0313774,	N(12) = 1.96862,	N(13) = 1,	N(14) = 0.0313774,	N(15) = 1,	Delta[s](0) = 0.218228,	Delta[s](1) = 0.203076,	Delta[s](2) = 0.165757,	Delta[s](3) = 0.203076,	Delta[s](4) = 0.203076,	Delta[s](5) = 0.165757,	Delta[s](6) = 0.15082,	Delta[s](7) = 0.165757,	Delta[s](8) = 0.165757,	Delta[s](9) = 0.15082,	Delta[s](10) = 0.0855451,	Delta[s](11) = 0.15082,	Delta[s](12) = 0.203076,	Delta[s](13) = 0.165757,	Delta[s](14) = 0.15082,	Delta[s](15) = 0.165757,	Delta[d](0) = 0.537413,	Delta[d](1) = 0.368972,	Delta[d](2) = 0.325612,	Delta[d](3) = 0.368972,	Delta[d](4) = 0.368972,	Delta[d](5) = 0.398863,	Delta[d](6) = 0.305534,	Delta[d](7) = 0.398863,	Delta[d](8) = 0.325612,	Delta[d](9) = 0.305534,	Delta[d](10) = 0.263825,	Delta[d](11) = 0.305534,	Delta[d](12) = 0.368972,	Delta[d](13) = 0.398863,	Delta[d](14) = 0.305534,	Delta[d](15) = 0.398863,	Delta[s+](0) = 0.592227,	Delta[s+](1) = 0.48612,	Delta[s+](2) = 0.325612,	Delta[s+](3) = 0.48612,	Delta[s+](4) = 0.48612,	Delta[s+](5) = 0.325612,	Delta[s+](6) = 0.167229,	Delta[s+](7) = 0.325612,	Delta[s+](8) = 0.325612,	Delta[s+](9) = 0.167229,	Delta[s+](10) = 0.0512432,	Delta[s+](11) = 0.167229,	Delta[s+](12) = 0.48612,	Delta[s+](13) = 0.325612,	Delta[s+](14) = 0.167229,	Delta[s+](15) = 0.325612
The 10-th iteration is completed.	|| time cost : 0h 4m 22.793s
********************************************************************************************************************
Start the 11 rounds of NGS-ED iteration
	effective electronic model is modified as: kinetic energy t = 0.844842
	                                           effective interaction Vq = [-2.60007,-2.37351,-2.15243,-2.37351,-2.37351,-2.15243,-2.15674,-2.15243,-2.15243,-2.15674,-2.06093,-2.15674,-2.37351,-2.15243,-2.15674,-2.15243]
	PARPACK diagonalization completed after 30 matrix-vector product operations.
	iteration results: : total energy is -57.067475 | electron energy -57.226009 + phonon energy 0.158534 | electron momentum kIdx = 10
The 11-th iteration is completed.	|| time cost : 0h 0m 27.392s
********************************************************************************************************************
Start the 12 rounds of NGS-ED iteration
	effective electronic model is modified as: kinetic energy t = 0.844811
	                                           effective interaction Vq = [-2.60007, -2.3737,-2.15255, -2.3737, -2.3737,-2.15255,-2.15692,-2.15255,-2.15255,-2.15692,-2.06106,-2.15692, -2.3737,-2.15255,-2.15692,-2.15255]
	PARPACK diagonalization completed after 30 matrix-vector product operations.
	iteration results: : total energy is -57.067513 | electron energy -57.226178 + phonon energy 0.158665 | electron momentum kIdx = 10
The 12-th iteration is completed.	|| time cost : 0h 0m 27.343s
********************************************************************************************************************
Start the 13 rounds of NGS-ED iteration
	effective electronic model is modified as: kinetic energy t = 0.844793
	                                           effective interaction Vq = [-2.60007,-2.37382,-2.15262,-2.37382,-2.37382,-2.15262,-2.15703,-2.15262,-2.15262,-2.15703,-2.06114,-2.15703,-2.37382,-2.15262,-2.15703,-2.15262]
	PARPACK diagonalization completed after 30 matrix-vector product operations.
	iteration results: : total energy is -57.067527 | electron energy -57.226268 + phonon energy 0.158741 | electron momentum kIdx = 10
The 13-th iteration is completed.	|| time cost : 0h 0m 27.288s
********************************************************************************************************************
Start the 14 rounds of NGS-ED iteration
	effective electronic model is modified as: kinetic energy t = 0.844783
	                                           effective interaction Vq = [-2.60007,-2.37388,-2.15265,-2.37388,-2.37388,-2.15265,-2.15709,-2.15265,-2.15265,-2.15709,-2.06119,-2.15709,-2.37388,-2.15265,-2.15709,-2.15265]
	PARPACK diagonalization completed after 30 matrix-vector product operations.
	iteration results: : total energy is -57.067532 | electron energy -57.226317 + phonon energy 0.158785 | electron momentum kIdx = 10
The 14-th iteration is completed.	|| time cost : 0h 0m 27.337s
********************************************************************************************************************
Start the 15 rounds of NGS-ED iteration
	effective electronic model is modified as: kinetic energy t = 0.844777
	                                           effective interaction Vq = [-2.60007,-2.37392,-2.15267,-2.37392,-2.37392,-2.15267,-2.15712,-2.15267,-2.15267,-2.15712,-2.06121,-2.15712,-2.37392,-2.15267,-2.15712,-2.15267]
	PARPACK diagonalization completed after 30 matrix-vector product operations.
	iteration results: : total energy is -57.067534 | electron energy -57.226344 + phonon energy 0.158810 | electron momentum kIdx = 10
The 15-th iteration is completed.	|| time cost : 0h 0m 27.379s
********************************************************************************************************************
Start the 16 rounds of NGS-ED iteration
	effective electronic model is modified as: kinetic energy t = 0.844774
	                                           effective interaction Vq = [-2.60007,-2.37394,-2.15269,-2.37394,-2.37394,-2.15269,-2.15714,-2.15269,-2.15269,-2.15714,-2.06123,-2.15714,-2.37394,-2.15269,-2.15714,-2.15269]
	PARPACK diagonalization completed after 30 matrix-vector product operations.
	iteration results: : total energy is -57.067535 | electron energy -57.226359 + phonon energy 0.158825 | electron momentum kIdx = 10
The 16-th iteration is completed.	|| time cost : 0h 0m 27.378s
********************************************************************************************************************
Start the 17 rounds of NGS-ED iteration
	effective electronic model is modified as: kinetic energy t = 0.844772
	                                           effective interaction Vq = [-2.60007,-2.37396,-2.15269,-2.37396,-2.37396,-2.15269,-2.15716,-2.15269,-2.15269,-2.15716,-2.06124,-2.15716,-2.37396,-2.15269,-2.15716,-2.15269]
	PARPACK diagonalization completed after 30 matrix-vector product operations.
	iteration results: : total energy is -57.067535 | electron energy -57.226368 + phonon energy 0.158833 | electron momentum kIdx = 10
The 17-th iteration is completed.	|| time cost : 0h 0m 27.686s
********************************************************************************************************************
Start the 18 rounds of NGS-ED iteration
	effective electronic model is modified as: kinetic energy t = 0.844771
	                                           effective interaction Vq = [-2.60007,-2.37396, -2.1527,-2.37396,-2.37396, -2.1527,-2.15716, -2.1527, -2.1527,-2.15716,-2.06124,-2.15716,-2.37396, -2.1527,-2.15716, -2.1527]
	PARPACK diagonalization completed after 30 matrix-vector product operations.
	iteration results: : total energy is -57.067535 | electron energy -57.226373 + phonon energy 0.158838 | electron momentum kIdx = 10
The 18-th iteration is completed.	|| time cost : 0h 0m 27.664s
********************************************************************************************************************
Start the 19 rounds of NGS-ED iteration
	effective electronic model is modified as: kinetic energy t = 0.84477
	                                           effective interaction Vq = [-2.60007,-2.37397, -2.1527,-2.37397,-2.37397, -2.1527,-2.15717, -2.1527, -2.1527,-2.15717,-2.06125,-2.15717,-2.37397, -2.1527,-2.15717, -2.1527]
	PARPACK diagonalization completed after 30 matrix-vector product operations.
	iteration results: : total energy is -57.067535 | electron energy -57.226376 + phonon energy 0.158841 | electron momentum kIdx = 10
The 19-th iteration is completed.	|| time cost : 0h 0m 27.653s
********************************************************************************************************************
Start the 20 rounds of NGS-ED iteration
	effective electronic model is modified as: kinetic energy t = 0.84477
	                                           effective interaction Vq = [-2.60007,-2.37397, -2.1527,-2.37397,-2.37397, -2.1527,-2.15717, -2.1527, -2.1527,-2.15717,-2.06125,-2.15717,-2.37397, -2.1527,-2.15717, -2.1527]
	PARPACK diagonalization completed after 30 matrix-vector product operations.
	iteration results: : total energy is -57.067535 | electron energy -57.226377 + phonon energy 0.158842 | electron momentum kIdx = 10
	Nq(0) = 16,	Nq(1) = 0.277903,	Nq(2) = 0.321141,	Nq(3) = 0.277903,	Nq(4) = 0.277903,	Nq(5) = 0.321141,	Nq(6) = 0.468303,	Nq(7) = 0.321141,	Nq(8) = 0.321141,	Nq(9) = 0.468303,	Nq(10) = 0.517195,	Nq(11) = 0.468303,	Nq(12) = 0.277903,	Nq(13) = 0.321141,	Nq(14) = 0.468303,	Nq(15) = 0.321141,	Sq(0) = -5.37773e-19,	Sq(1) = 0.368239,	Sq(2) = 0.429228,	Sq(3) = 0.368239,	Sq(4) = 0.368239,	Sq(5) = 0.429228,	Sq(6) = 0.666498,	Sq(7) = 0.429228,	Sq(8) = 0.429228,	Sq(9) = 0.666498,	Sq(10) = 3.85682,	Sq(11) = 0.666498,	Sq(12) = 0.368239,	Sq(13) = 0.429228,	Sq(14) = 0.666498,	Sq(15) = 0.429228,	N(0) = 1.98456,	N(1) = 1.96867,	N(2) = 1,	N(3) = 1.96867,	N(4) = 1.96867,	N(5) = 1,	N(6) = 0.0313293,	N(7) = 1,	N(8) = 1,	N(9) = 0.0313293,	N(10) = 0.0154439,	N(11) = 0.0313293,	N(12) = 1.96867,	N(13) = 1,	N(14) = 0.0313293,	N(15) = 1,	Delta[s](0) = 0.218248,	Delta[s](1) = 0.203106,	Delta[s](2) = 0.165787,	Delta[s](3) = 0.203106,	Delta[s](4) = 0.203106,	Delta[s](5) = 0.165787,	Delta[s](6) = 0.15086,	Delta[s](7) = 0.165787,	Delta[s](8) = 0.165787,	Delta[s](9) = 0.15086,	Delta[s](10) = 0.0855942,	Delta[s](11) = 0.15086,	Delta[s](12) = 0.203106,	Delta[s](13) = 0.165787,	Delta[s](14) = 0.15086,	Delta[s](15) = 0.165787,	Delta[d](0) = 0.537561,	Delta[d](1) = 0.369068,	Delta[d](2) = 0.325703,	Delta[d](3) = 0.369068,	Delta[d](4) = 0.369068,	Delta[d](5) = 0.398982,	Delta[d](6) = 0.305619,	Delta[d](7) = 0.398982,	Delta[d](8) = 0.325703,	Delta[d](9) = 0.305619,	Delta[d](10) = 0.263915,	Delta[d](11) = 0.305619,	Delta[d](12) = 0.369068,	Delta[d](13) = 0.398982,	Delta[d](14) = 0.305619,	Delta[d](15) = 0.398982,	Delta[s+](0) = 0.592379,	Delta[s+](1) = 0.486247,	Delta[s+](2) = 0.325703,	Delta[s+](3) = 0.486247,	Delta[s+](4) = 0.486247,	Delta[s+](5) = 0.325703,	Delta[s+](6) = 0.167279,	Delta[s+](7) = 0.325703,	Delta[s+](8) = 0.325703,	Delta[s+](9) = 0.167279,	Delta[s+](10) = 0.0512669,	Delta[s+](11) = 0.167279,	Delta[s+](12) = 0.486247,	Delta[s+](13) = 0.325703,	Delta[s+](14) = 0.167279,	Delta[s+](15) = 0.325703
The 20-th iteration is completed.	|| time cost : 0h 4m 21.371s
********************************************************************************************************************
Start the 21 rounds of NGS-ED iteration
	effective electronic model is modified as: kinetic energy t = 0.844769
	                                           effective interaction Vq = [-2.60007,-2.37397, -2.1527,-2.37397,-2.37397, -2.1527,-2.15717, -2.1527, -2.1527,-2.15717,-2.06125,-2.15717,-2.37397, -2.1527,-2.15717, -2.1527]
	PARPACK diagonalization completed after 30 matrix-vector product operations.
	iteration results: : total energy is -57.067535 | electron energy -57.226378 + phonon energy 0.158843 | electron momentum kIdx = 10
The 21-th iteration is completed.	|| time cost : 0h 0m 27.666s
********************************************************************************************************************
Start the 22 rounds of NGS-ED iteration
	effective electronic model is modified as: kinetic energy t = 0.844769
	                                           effective interaction Vq = [-2.60007,-2.37397, -2.1527,-2.37397,-2.37397, -2.1527,-2.15717, -2.1527, -2.1527,-2.15717,-2.06125,-2.15717,-2.37397, -2.1527,-2.15717, -2.1527]
	PARPACK diagonalization completed after 30 matrix-vector product operations.
	iteration results: : total energy is -57.067535 | electron energy -57.226379 + phonon energy 0.158844 | electron momentum kIdx = 10
The 22-th iteration is completed.	|| time cost : 0h 0m 27.42s
********************************************************************************************************************
Start the 23 rounds of NGS-ED iteration
	effective electronic model is modified as: kinetic energy t = 0.844769
	                                           effective interaction Vq = [-2.60007,-2.37397, -2.1527,-2.37397,-2.37397, -2.1527,-2.15717, -2.1527, -2.1527,-2.15717,-2.06125,-2.15717,-2.37397, -2.1527,-2.15717, -2.1527]
	PARPACK diagonalization completed after 30 matrix-vector product operations.
	iteration results: : total energy is -57.067535 | electron energy -57.226379 + phonon energy 0.158844 | electron momentum kIdx = 10
The 23-th iteration is completed.	|| time cost : 0h 0m 27.424s
********************************************************************************************************************
Start the 24 rounds of NGS-ED iteration
	effective electronic model is modified as: kinetic energy t = 0.844769
	                                           effective interaction Vq = [-2.60007,-2.37397, -2.1527,-2.37397,-2.37397, -2.1527,-2.15717, -2.1527, -2.1527,-2.15717,-2.06125,-2.15717,-2.37397, -2.1527,-2.15717, -2.1527]
	PARPACK diagonalization completed after 30 matrix-vector product operations.
	iteration results: : total energy is -57.067535 | electron energy -57.226379 + phonon energy 0.158844 | electron momentum kIdx = 10
