TACC:  Starting up job 1737759 
TACC:  Starting parallel tasks... 
SNEDics v3.4 Non-Gaussian ED ground state program		Start at Thu Oct  8 02:28:57 2020

parallized on 16 MPI threads  * 7 OpenMP threads = 112 total threads.
********************************************************************************************************************
********************************************************************************************************************

********************************************************************************************************************
System parameters and configurations
********************************************************************************************************************
Special program options are enabled: splitted diagonal Hamiltonian
********************************************************************************************************************
Read input file "model_params.in"
	Hubbard-Holstein model parameters : 	t = 1    U = 8    g = 0.3    W = 0.25    g' = 0.1    
********************************************************************************************************************
Read input file "hilbertspace_params.in"
	Requested 16-site 2D lattice, with 12 electrons (6, 6)
	Boundary : Periodic		Hilbert space representation : momentum-space (restricted to kIdx = 0)
	Conservation: particle number[U(1)]      spin[U(1)]     momentum
********************************************************************************************************************

Cluster Positions:				Cluster symmetry group : D4
 x ... x ... x ... x .....                       x ... x ... x ... x .....
 |           |           :                       |           |           :
 |           |           :                       |           |           :
12    13    14    15     x                       1     5     6     5     x
 |           |           :                       |           |           :
 |           |           :                       |           |           :
 8 --- 9 ---10 ---11 --- x                       2 --- 6 ---10 --- 6 --- x
 |           |           :                       |           |           :
 |           |           :                       |           |           :
 4     5     6     7     x                       1     5     6     5     x
 |           |           :                       |           |           :
 |           |           :                       |           |           :
 0 --- 1 --- 2 --- 3 --- x                       0 --- 1 --- 2 --- 1 --- x
orbital number : 1
********************************************************************************************************************
Read input file "obs_params.in"
	Observable Type : Nq(All),   Sq(All),   N(All),   Delta[s](All),   Delta[d](All),   Delta[s+](All)
********************************************************************************************************************
** WARNING ** the input observables have non-local factors which have been reinterpreted. The total observable number is 96
********************************************************************************************************************


********************************************************************************************************************
Start calculating the non-Gaussian ED ground state
Input file varState.dat exists. Start iterations from it.
open output files: NGSEDIterationObs.txt
********************************************************************************************************************
Start the 0 rounds of NGS-ED iteration
	effective electronic model is modified as: kinetic energy t = 0.9864
	                                           effective interaction Vq = [   -1.46999,  -0.257133, -0.0658328,  -0.257133,  -0.257133, -0.0618803,-0.00589229, -0.0618803, -0.0658328,-0.00589229,-0.00533207,-0.00589229,  -0.257133, -0.0618803,-0.00589229, -0.0618803]
	first Hamiltonian is constructed, non-zero numbers = 4168871660
	PARPACK diagonalization completed after 165 matrix-vector product operations.
	iteration results: : total energy is -28.205714 | electron energy -28.207635 + phonon energy 0.001921 | electron momentum kIdx = 0
	Nq(0) = 9,	Nq(1) = 0.196908,	Nq(2) = 0.265403,	Nq(3) = 0.196908,	Nq(4) = 0.196908,	Nq(5) = 0.24535,	Nq(6) = 0.311811,	Nq(7) = 0.24535,	Nq(8) = 0.265403,	Nq(9) = 0.311811,	Nq(10) = 0.367225,	Nq(11) = 0.311811,	Nq(12) = 0.196908,	Nq(13) = 0.24535,	Nq(14) = 0.311811,	Nq(15) = 0.24535,	Sq(0) = -4.04932e-18,	Sq(1) = 0.552344,	Sq(2) = 0.425005,	Sq(3) = 0.552344,	Sq(4) = 0.552344,	Sq(5) = 0.795798,	Sq(6) = 1.01316,	Sq(7) = 0.795798,	Sq(8) = 0.425005,	Sq(9) = 1.01316,	Sq(10) = 0.790468,	Sq(11) = 1.01316,	Sq(12) = 0.552344,	Sq(13) = 0.795798,	Sq(14) = 1.01316,	Sq(15) = 0.795798,	N(0) = 1.76849,	N(1) = 1.63047,	N(2) = 0.741373,	N(3) = 1.63047,	N(4) = 1.63047,	N(5) = 0.38837,	N(6) = 0.144497,	N(7) = 0.38837,	N(8) = 0.741373,	N(9) = 0.144497,	N(10) = 0.0954151,	N(11) = 0.144497,	N(12) = 1.63047,	N(13) = 0.38837,	N(14) = 0.144497,	N(15) = 0.38837,	Delta[s](0) = 0.0647697,	Delta[s](1) = 0.0451187,	Delta[s](2) = 0.0305692,	Delta[s](3) = 0.0451187,	Delta[s](4) = 0.0451187,	Delta[s](5) = 0.0273985,	Delta[s](6) = 0.0100676,	Delta[s](7) = 0.0273985,	Delta[s](8) = 0.0305692,	Delta[s](9) = 0.0100676,	Delta[s](10) = 0.000906448,	Delta[s](11) = 0.0100676,	Delta[s](12) = 0.0451187,	Delta[s](13) = 0.0273985,	Delta[s](14) = 0.0100676,	Delta[s](15) = 0.0273985,	Delta[d](0) = 0.394048,	Delta[d](1) = 0.310967,	Delta[d](2) = 0.381502,	Delta[d](3) = 0.310967,	Delta[d](4) = 0.310967,	Delta[d](5) = 0.213009,	Delta[d](6) = 0.258768,	Delta[d](7) = 0.213009,	Delta[d](8) = 0.381502,	Delta[d](9) = 0.258768,	Delta[d](10) = 0.134829,	Delta[d](11) = 0.258768,	Delta[d](12) = 0.310967,	Delta[d](13) = 0.213009,	Delta[d](14) = 0.258768,	Delta[d](15) = 0.213009,	Delta[s+](0) = 0.906466,	Delta[s+](1) = 0.618467,	Delta[s+](2) = 0.381502,	Delta[s+](3) = 0.618467,	Delta[s+](4) = 0.618467,	Delta[s+](5) = 0.304831,	Delta[s+](6) = 0.109927,	Delta[s+](7) = 0.304831,	Delta[s+](8) = 0.381502,	Delta[s+](9) = 0.109927,	Delta[s+](10) = 0.0290257,	Delta[s+](11) = 0.109927,	Delta[s+](12) = 0.618467,	Delta[s+](13) = 0.304831,	Delta[s+](14) = 0.109927,	Delta[s+](15) = 0.304831
The 0-th iteration is completed.	|| time cost : 0h 4m 43.284s
********************************************************************************************************************
Start the 1 rounds of NGS-ED iteration
	effective electronic model is modified as: kinetic energy t = 0.989638
	                                           effective interaction Vq = [   -1.49389,  -0.232204, -0.0562509,  -0.232204,  -0.232204, -0.0521306, -0.0048109, -0.0521306, -0.0562509, -0.0048109,-0.00424002, -0.0048109,  -0.232204, -0.0521306, -0.0048109, -0.0521306]
	PARPACK diagonalization completed after 45 matrix-vector product operations.
	iteration results: : total energy is -28.444437 | electron energy -28.446859 + phonon energy 0.002422 | electron momentum kIdx = 0
The 1-th iteration is completed.	|| time cost : 0h 0m 10.345s
********************************************************************************************************************
Start the 2 rounds of NGS-ED iteration
	effective electronic model is modified as: kinetic energy t = 0.991557
	                                           effective interaction Vq = [   -1.51662,  -0.213876, -0.0501041,  -0.213876,  -0.213876, -0.0460845,-0.00419417, -0.0460845, -0.0501041,-0.00419417,-0.00366122,-0.00419417,  -0.213876, -0.0460845,-0.00419417, -0.0460845]
	PARPACK diagonalization completed after 30 matrix-vector product operations.
	iteration results: : total energy is -28.659743 | electron energy -28.662539 + phonon energy 0.002795 | electron momentum kIdx = 0
The 2-th iteration is completed.	|| time cost : 0h 0m 9.204s
********************************************************************************************************************
Start the 3 rounds of NGS-ED iteration
	effective electronic model is modified as: kinetic energy t = 0.992742
	                                           effective interaction Vq = [   -1.53825,  -0.200496, -0.0461886,  -0.200496,  -0.200496, -0.0423623,-0.00384477, -0.0423623, -0.0461886,-0.00384477,-0.00335647,-0.00384477,  -0.200496, -0.0423623,-0.00384477, -0.0423623]
	PARPACK diagonalization completed after 45 matrix-vector product operations.
	iteration results: : total energy is -28.859336 | electron energy -28.862407 + phonon energy 0.003072 | electron momentum kIdx = 0
The 3-th iteration is completed.	|| time cost : 0h 0m 10.3s
********************************************************************************************************************
Start the 4 rounds of NGS-ED iteration
	effective electronic model is modified as: kinetic energy t = 0.993498
	                                           effective interaction Vq = [   -1.55882,  -0.190778, -0.0437056,  -0.190778,  -0.190778,  -0.040081,-0.00364753,  -0.040081, -0.0437056,-0.00364753,-0.00319652,-0.00364753,  -0.190778,  -0.040081,-0.00364753,  -0.040081]
	PARPACK diagonalization completed after 30 matrix-vector product operations.
	iteration results: : total energy is -29.046824 | electron energy -29.050100 + phonon energy 0.003276 | electron momentum kIdx = 0
The 4-th iteration is completed.	|| time cost : 0h 0m 9.257s
********************************************************************************************************************
Start the 5 rounds of NGS-ED iteration
	effective electronic model is modified as: kinetic energy t = 0.993992
	                                           effective interaction Vq = [   -1.57838,  -0.183747, -0.0421357,  -0.183747,  -0.183747, -0.0386866, -0.0035364, -0.0386866, -0.0421357, -0.0035364,-0.00311268, -0.0035364,  -0.183747, -0.0386866, -0.0035364, -0.0386866]
	PARPACK diagonalization completed after 45 matrix-vector product operations.
	iteration results: : total energy is -29.224064 | electron energy -29.227494 + phonon energy 0.003430 | electron momentum kIdx = 0
The 5-th iteration is completed.	|| time cost : 0h 0m 10.306s
********************************************************************************************************************
Start the 6 rounds of NGS-ED iteration
	effective electronic model is modified as: kinetic energy t = 0.99432
	                                           effective interaction Vq = [   -1.59699,  -0.178676, -0.0411452,  -0.178676,  -0.178676, -0.0378359,-0.00347384, -0.0378359, -0.0411452,-0.00347384,-0.00306873,-0.00347384,  -0.178676, -0.0378359,-0.00347384, -0.0378359]
	PARPACK diagonalization completed after 30 matrix-vector product operations.
	iteration results: : total energy is -29.392134 | electron energy -29.395680 + phonon energy 0.003546 | electron momentum kIdx = 0
The 6-th iteration is completed.	|| time cost : 0h 0m 9.19s
********************************************************************************************************************
Start the 7 rounds of NGS-ED iteration
	effective electronic model is modified as: kinetic energy t = 0.994542
	                                           effective interaction Vq = [    -1.6147,  -0.175028, -0.0405215,  -0.175028,  -0.175028, -0.0373177,-0.00343864, -0.0373177, -0.0405215,-0.00343864,-0.00304569,-0.00343864,  -0.175028, -0.0373177,-0.00343864, -0.0373177]
	PARPACK diagonalization completed after 30 matrix-vector product operations.
	iteration results: : total energy is -29.551751 | electron energy -29.555387 + phonon energy 0.003636 | electron momentum kIdx = 0
The 7-th iteration is completed.	|| time cost : 0h 0m 9.199s
********************************************************************************************************************
Start the 8 rounds of NGS-ED iteration
	effective electronic model is modified as: kinetic energy t = 0.994693
	                                           effective interaction Vq = [   -1.63154,  -0.172411, -0.0401295,  -0.172411,  -0.172411, -0.0370024,-0.00341883, -0.0370024, -0.0401295,-0.00341883,-0.00303358,-0.00341883,  -0.172411, -0.0370024,-0.00341883, -0.0370024]
	PARPACK diagonalization completed after 30 matrix-vector product operations.
	iteration results: : total energy is -29.703459 | electron energy -29.707164 + phonon energy 0.003706 | electron momentum kIdx = 0
The 8-th iteration is completed.	|| time cost : 0h 0m 9.207s
********************************************************************************************************************
Start the 9 rounds of NGS-ED iteration
	effective electronic model is modified as: kinetic energy t = 0.994796
	                                           effective interaction Vq = [   -1.64756,   -0.17054, -0.0398836,   -0.17054,   -0.17054,  -0.036811,-0.00340768,  -0.036811, -0.0398836,-0.00340768,-0.00302721,-0.00340768,   -0.17054,  -0.036811,-0.00340768,  -0.036811]
	PARPACK diagonalization completed after 30 matrix-vector product operations.
	iteration results: : total energy is -29.847704 | electron energy -29.851466 + phonon energy 0.003762 | electron momentum kIdx = 0
The 9-th iteration is completed.	|| time cost : 0h 0m 9.193s
********************************************************************************************************************
Start the 10 rounds of NGS-ED iteration
	effective electronic model is modified as: kinetic energy t = 0.994868
	                                           effective interaction Vq = [    -1.6628,  -0.169205, -0.0397299,  -0.169205,  -0.169205, -0.0366951,-0.00340141, -0.0366951, -0.0397299,-0.00340141,-0.00302385,-0.00340141,  -0.169205, -0.0366951,-0.00340141, -0.0366951]
	PARPACK diagonalization completed after 30 matrix-vector product operations.
	iteration results: : total energy is -29.984883 | electron energy -29.988691 + phonon energy 0.003808 | electron momentum kIdx = 0
	Nq(0) = 9,	Nq(1) = 0.195348,	Nq(2) = 0.265866,	Nq(3) = 0.195348,	Nq(4) = 0.195348,	Nq(5) = 0.245592,	Nq(6) = 0.313073,	Nq(7) = 0.245592,	Nq(8) = 0.265866,	Nq(9) = 0.313073,	Nq(10) = 0.368639,	Nq(11) = 0.313073,	Nq(12) = 0.195348,	Nq(13) = 0.245592,	Nq(14) = 0.313073,	Nq(15) = 0.245592,	Sq(0) = 3.50006e-18,	Sq(1) = 0.552879,	Sq(2) = 0.42473,	Sq(3) = 0.552879,	Sq(4) = 0.552879,	Sq(5) = 0.796069,	Sq(6) = 1.01248,	Sq(7) = 0.796069,	Sq(8) = 0.42473,	Sq(9) = 1.01248,	Sq(10) = 0.788404,	Sq(11) = 1.01248,	Sq(12) = 0.552879,	Sq(13) = 0.796069,	Sq(14) = 1.01248,	Sq(15) = 0.796069,	N(0) = 1.76902,	N(1) = 1.63033,	N(2) = 0.7418,	N(3) = 1.63033,	N(4) = 1.63033,	N(5) = 0.388972,	N(6) = 0.143962,	N(7) = 0.388972,	N(8) = 0.7418,	N(9) = 0.143962,	N(10) = 0.0943053,	N(11) = 0.143962,	N(12) = 1.63033,	N(13) = 0.388972,	N(14) = 0.143962,	N(15) = 0.388972,	Delta[s](0) = 0.0657176,	Delta[s](1) = 0.0455566,	Delta[s](2) = 0.0307127,	Delta[s](3) = 0.0455566,	Delta[s](4) = 0.0455566,	Delta[s](5) = 0.0274343,	Delta[s](6) = 0.00966462,	Delta[s](7) = 0.0274343,	Delta[s](8) = 0.0307127,	Delta[s](9) = 0.00966462,	Delta[s](10) = 0.000445517,	Delta[s](11) = 0.00966462,	Delta[s](12) = 0.0455566,	Delta[s](13) = 0.0274343,	Delta[s](14) = 0.00966462,	Delta[s](15) = 0.0274343,	Delta[d](0) = 0.494707,	Delta[d](1) = 0.38914,	Delta[d](2) = 0.478883,	Delta[d](3) = 0.38914,	Delta[d](4) = 0.38914,	Delta[d](5) = 0.265816,	Delta[d](6) = 0.324282,	Delta[d](7) = 0.265816,	Delta[d](8) = 0.478883,	Delta[d](9) = 0.324282,	Delta[d](10) = 0.165795,	Delta[d](11) = 0.324282,	Delta[d](12) = 0.38914,	Delta[d](13) = 0.265816,	Delta[d](14) = 0.324282,	Delta[d](15) = 0.265816,	Delta[s+](0) = 1.14028,	Delta[s+](1) = 0.777667,	Delta[s+](2) = 0.478883,	Delta[s+](3) = 0.777667,	Delta[s+](4) = 0.777667,	Delta[s+](5) = 0.381962,	Delta[s+](6) = 0.136052,	Delta[s+](7) = 0.381962,	Delta[s+](8) = 0.478883,	Delta[s+](9) = 0.136052,	Delta[s+](10) = 0.0349164,	Delta[s+](11) = 0.136052,	Delta[s+](12) = 0.777667,	Delta[s+](13) = 0.381962,	Delta[s+](14) = 0.136052,	Delta[s+](15) = 0.381962
The 10-th iteration is completed.	|| time cost : 0h 1m 41.824s
********************************************************************************************************************
Start the 11 rounds of NGS-ED iteration
	effective electronic model is modified as: kinetic energy t = 0.994917
	                                           effective interaction Vq = [   -1.67729,  -0.168258, -0.0396343,  -0.168258,  -0.168258, -0.0366251,-0.00339787, -0.0366251, -0.0396343,-0.00339787,-0.00302208,-0.00339787,  -0.168258, -0.0366251,-0.00339787, -0.0366251]
	PARPACK diagonalization completed after 30 matrix-vector product operations.
	iteration results: : total energy is -30.115356 | electron energy -30.119202 + phonon energy 0.003846 | electron momentum kIdx = 0
The 11-th iteration is completed.	|| time cost : 0h 0m 9.24s
********************************************************************************************************************
Start the 12 rounds of NGS-ED iteration
	effective electronic model is modified as: kinetic energy t = 0.994952
	                                           effective interaction Vq = [   -1.69108,  -0.167589, -0.0395751,  -0.167589,  -0.167589, -0.0365832,-0.00339588, -0.0365832, -0.0395751,-0.00339588,-0.00302113,-0.00339588,  -0.167589, -0.0365832,-0.00339588, -0.0365832]
	PARPACK diagonalization completed after 30 matrix-vector product operations.
	iteration results: : total energy is -30.239458 | electron energy -30.243336 + phonon energy 0.003878 | electron momentum kIdx = 0
The 12-th iteration is completed.	|| time cost : 0h 0m 9.194s
********************************************************************************************************************
Start the 13 rounds of NGS-ED iteration
	effective electronic model is modified as: kinetic energy t = 0.994976
	                                           effective interaction Vq = [   -1.70419,   -0.16712, -0.0395389,   -0.16712,   -0.16712, -0.0365584,-0.00339476, -0.0365584, -0.0395389,-0.00339476,-0.00302063,-0.00339476,   -0.16712, -0.0365584,-0.00339476, -0.0365584]
	PARPACK diagonalization completed after 30 matrix-vector product operations.
	iteration results: : total energy is -30.357503 | electron energy -30.361409 + phonon energy 0.003907 | electron momentum kIdx = 0
The 13-th iteration is completed.	|| time cost : 0h 0m 9.205s
********************************************************************************************************************
Start the 14 rounds of NGS-ED iteration
	effective electronic model is modified as: kinetic energy t = 0.994993
	                                           effective interaction Vq = [   -1.71667,  -0.166795, -0.0395172,  -0.166795,  -0.166795, -0.0365439,-0.00339413, -0.0365439, -0.0395172,-0.00339413,-0.00302037,-0.00339413,  -0.166795, -0.0365439,-0.00339413, -0.0365439]
	PARPACK diagonalization completed after 30 matrix-vector product operations.
	iteration results: : total energy is -30.469788 | electron energy -30.473720 + phonon energy 0.003932 | electron momentum kIdx = 0
The 14-th iteration is completed.	|| time cost : 0h 0m 9.209s
********************************************************************************************************************
Start the 15 rounds of NGS-ED iteration
	effective electronic model is modified as: kinetic energy t = 0.995004
	                                           effective interaction Vq = [   -1.72854,  -0.166573, -0.0395045,  -0.166573,  -0.166573, -0.0365357,-0.00339378, -0.0365357, -0.0395045,-0.00339378,-0.00302023,-0.00339378,  -0.166573, -0.0365357,-0.00339378, -0.0365357]
	PARPACK diagonalization completed after 30 matrix-vector product operations.
	iteration results: : total energy is -30.576596 | electron energy -30.580550 + phonon energy 0.003954 | electron momentum kIdx = 0
The 15-th iteration is completed.	|| time cost : 0h 0m 9.202s
********************************************************************************************************************
Start the 16 rounds of NGS-ED iteration
	effective electronic model is modified as: kinetic energy t = 0.995012
	                                           effective interaction Vq = [   -1.73983,  -0.166424, -0.0394974,  -0.166424,  -0.166424, -0.0365313,-0.00339359, -0.0365313, -0.0394974,-0.00339359,-0.00302015,-0.00339359,  -0.166424, -0.0365313,-0.00339359, -0.0365313]
	PARPACK diagonalization completed after 30 matrix-vector product operations.
	iteration results: : total energy is -30.678195 | electron energy -30.682169 + phonon energy 0.003975 | electron momentum kIdx = 0
The 16-th iteration is completed.	|| time cost : 0h 0m 9.208s
********************************************************************************************************************
Start the 17 rounds of NGS-ED iteration
	effective electronic model is modified as: kinetic energy t = 0.995017
	                                           effective interaction Vq = [   -1.75056,  -0.166328, -0.0394938,  -0.166328,  -0.166328, -0.0365292,-0.00339348, -0.0365292, -0.0394938,-0.00339348,-0.00302012,-0.00339348,  -0.166328, -0.0365292,-0.00339348, -0.0365292]
	PARPACK diagonalization completed after 30 matrix-vector product operations.
	iteration results: : total energy is -30.774838 | electron energy -30.778831 + phonon energy 0.003993 | electron momentum kIdx = 0
The 17-th iteration is completed.	|| time cost : 0h 0m 9.195s
********************************************************************************************************************
Start the 18 rounds of NGS-ED iteration
	effective electronic model is modified as: kinetic energy t = 0.995021
	                                           effective interaction Vq = [   -1.76078,  -0.166269, -0.0394924,  -0.166269,  -0.166269, -0.0365285,-0.00339343, -0.0365285, -0.0394924,-0.00339343, -0.0030201,-0.00339343,  -0.166269, -0.0365285,-0.00339343, -0.0365285]
	PARPACK diagonalization completed after 30 matrix-vector product operations.
	iteration results: : total energy is -30.866767 | electron energy -30.870778 + phonon energy 0.004011 | electron momentum kIdx = 0
The 18-th iteration is completed.	|| time cost : 0h 0m 9.194s
********************************************************************************************************************
Start the 19 rounds of NGS-ED iteration
	effective electronic model is modified as: kinetic energy t = 0.995023
	                                           effective interaction Vq = [   -1.77049,  -0.166236, -0.0394923,  -0.166236,  -0.166236, -0.0365286, -0.0033934, -0.0365286, -0.0394923, -0.0033934,-0.00302009, -0.0033934,  -0.166236, -0.0365286, -0.0033934, -0.0365286]
	PARPACK diagonalization completed after 30 matrix-vector product operations.
	iteration results: : total energy is -30.954213 | electron energy -30.958241 + phonon energy 0.004027 | electron momentum kIdx = 0
The 19-th iteration is completed.	|| time cost : 0h 0m 9.208s
********************************************************************************************************************
Start the 20 rounds of NGS-ED iteration
	effective electronic model is modified as: kinetic energy t = 0.995024
	                                           effective interaction Vq = [   -1.77974,  -0.166222, -0.0394931,  -0.166222,  -0.166222, -0.0365292,-0.00339339, -0.0365292, -0.0394931,-0.00339339, -0.0030201,-0.00339339,  -0.166222, -0.0365292,-0.00339339, -0.0365292]
	PARPACK diagonalization completed after 30 matrix-vector product operations.
	iteration results: : total energy is -31.037395 | electron energy -31.041437 + phonon energy 0.004043 | electron momentum kIdx = 0
	Nq(0) = 9,	Nq(1) = 0.195283,	Nq(2) = 0.26589,	Nq(3) = 0.195283,	Nq(4) = 0.195283,	Nq(5) = 0.245607,	Nq(6) = 0.313099,	Nq(7) = 0.245607,	Nq(8) = 0.26589,	Nq(9) = 0.313099,	Nq(10) = 0.368664,	Nq(11) = 0.313099,	Nq(12) = 0.195283,	Nq(13) = 0.245607,	Nq(14) = 0.313099,	Nq(15) = 0.245607,	Sq(0) = -2.06253e-18,	Sq(1) = 0.552906,	Sq(2) = 0.424722,	Sq(3) = 0.552906,	Sq(4) = 0.552906,	Sq(5) = 0.796084,	Sq(6) = 1.01247,	Sq(7) = 0.796084,	Sq(8) = 0.424722,	Sq(9) = 1.01247,	Sq(10) = 0.788315,	Sq(11) = 1.01247,	Sq(12) = 0.552906,	Sq(13) = 0.796084,	Sq(14) = 1.01247,	Sq(15) = 0.796084,	N(0) = 1.76903,	N(1) = 1.6303,	N(2) = 0.74183,	N(3) = 1.6303,	N(4) = 1.6303,	N(5) = 0.389011,	N(6) = 0.143949,	N(7) = 0.389011,	N(8) = 0.74183,	N(9) = 0.143949,	N(10) = 0.0942755,	N(11) = 0.143949,	N(12) = 1.6303,	N(13) = 0.389011,	N(14) = 0.143949,	N(15) = 0.389011,	Delta[s](0) = 0.0657331,	Delta[s](1) = 0.0455626,	Delta[s](2) = 0.0307134,	Delta[s](3) = 0.0455626,	Delta[s](4) = 0.0455626,	Delta[s](5) = 0.0274329,	Delta[s](6) = 0.00965534,	Delta[s](7) = 0.0274329,	Delta[s](8) = 0.0307134,	Delta[s](9) = 0.00965534,	Delta[s](10) = 0.000437034,	Delta[s](11) = 0.00965534,	Delta[s](12) = 0.0455626,	Delta[s](13) = 0.0274329,	Delta[s](14) = 0.00965534,	Delta[s](15) = 0.0274329,	Delta[d](0) = 0.615034,	Delta[d](1) = 0.483752,	Delta[d](2) = 0.595361,	Delta[d](3) = 0.483752,	Delta[d](4) = 0.483752,	Delta[d](5) = 0.330431,	Delta[d](6) = 0.403149,	Delta[d](7) = 0.330431,	Delta[d](8) = 0.595361,	Delta[d](9) = 0.403149,	Delta[d](10) = 0.206042,	Delta[d](11) = 0.403149,	Delta[d](12) = 0.483752,	Delta[d](13) = 0.330431,	Delta[d](14) = 0.403149,	Delta[d](15) = 0.330431,	Delta[s+](0) = 1.41768,	Delta[s+](1) = 0.966846,	Delta[s+](2) = 0.595361,	Delta[s+](3) = 0.966846,	Delta[s+](4) = 0.966846,	Delta[s+](5) = 0.474849,	Delta[s+](6) = 0.169094,	Delta[s+](7) = 0.474849,	Delta[s+](8) = 0.595361,	Delta[s+](9) = 0.169094,	Delta[s+](10) = 0.0433677,	Delta[s+](11) = 0.169094,	Delta[s+](12) = 0.966846,	Delta[s+](13) = 0.474849,	Delta[s+](14) = 0.169094,	Delta[s+](15) = 0.474849
The 20-th iteration is completed.	|| time cost : 0h 1m 41.462s
********************************************************************************************************************
Start the 21 rounds of NGS-ED iteration
	effective electronic model is modified as: kinetic energy t = 0.995025
	                                           effective interaction Vq = [   -1.78853,  -0.166221, -0.0394942,  -0.166221,  -0.166221, -0.0365301,-0.00339339, -0.0365301, -0.0394942,-0.00339339, -0.0030201,-0.00339339,  -0.166221, -0.0365301,-0.00339339, -0.0365301]
	PARPACK diagonalization completed after 30 matrix-vector product operations.
	iteration results: : total energy is -31.116519 | electron energy -31.120576 + phonon energy 0.004057 | electron momentum kIdx = 0
The 21-th iteration is completed.	|| time cost : 0h 0m 9.222s
********************************************************************************************************************
Start the 22 rounds of NGS-ED iteration
	effective electronic model is modified as: kinetic energy t = 0.995026
	                                           effective interaction Vq = [   -1.79689,  -0.166229, -0.0394957,  -0.166229,  -0.166229, -0.0365311, -0.0033934, -0.0365311, -0.0394957, -0.0033934,-0.00302011, -0.0033934,  -0.166229, -0.0365311, -0.0033934, -0.0365311]
	PARPACK diagonalization completed after 30 matrix-vector product operations.
	iteration results: : total energy is -31.191784 | electron energy -31.195855 + phonon energy 0.004071 | electron momentum kIdx = 0
The 22-th iteration is completed.	|| time cost : 0h 0m 9.208s
********************************************************************************************************************
Start the 23 rounds of NGS-ED iteration
	effective electronic model is modified as: kinetic energy t = 0.995026
	                                           effective interaction Vq = [   -1.80485,  -0.166243, -0.0394973,  -0.166243,  -0.166243, -0.0365321, -0.0033934, -0.0365321, -0.0394973, -0.0033934,-0.00302011, -0.0033934,  -0.166243, -0.0365321, -0.0033934, -0.0365321]
	PARPACK diagonalization completed after 30 matrix-vector product operations.
	iteration results: : total energy is -31.263379 | electron energy -31.267463 + phonon energy 0.004084 | electron momentum kIdx = 0
The 23-th iteration is completed.	|| time cost : 0h 0m 9.191s
********************************************************************************************************************
Start the 24 rounds of NGS-ED iteration
	effective electronic model is modified as: kinetic energy t = 0.995025
	                                           effective interaction Vq = [   -1.81241,  -0.166261, -0.0394989,  -0.166261,  -0.166261, -0.0365332,-0.00339341, -0.0365332, -0.0394989,-0.00339341,-0.00302012,-0.00339341,  -0.166261, -0.0365332,-0.00339341, -0.0365332]
	PARPACK diagonalization completed after 30 matrix-vector product operations.
	iteration results: : total energy is -31.331482 | electron energy -31.335578 + phonon energy 0.004097 | electron momentum kIdx = 0
The 24-th iteration is completed.	|| time cost : 0h 0m 9.197s
********************************************************************************************************************
Start the 25 rounds of NGS-ED iteration
	effective electronic model is modified as: kinetic energy t = 0.995025
	                                           effective interaction Vq = [   -1.81961,  -0.166282, -0.0395005,  -0.166282,  -0.166282, -0.0365343,-0.00339342, -0.0365343, -0.0395005,-0.00339342,-0.00302013,-0.00339342,  -0.166282, -0.0365343,-0.00339342, -0.0365343]
	PARPACK diagonalization completed after 30 matrix-vector product operations.
	iteration results: : total energy is -31.396263 | electron energy -31.400372 + phonon energy 0.004108 | electron momentum kIdx = 0
The 25-th iteration is completed.	|| time cost : 0h 0m 9.216s
********************************************************************************************************************
Start the 26 rounds of NGS-ED iteration
	effective electronic model is modified as: kinetic energy t = 0.995025
	                                           effective interaction Vq = [   -1.82646,  -0.166304, -0.0395021,  -0.166304,  -0.166304, -0.0365353,-0.00339343, -0.0365353, -0.0395021,-0.00339343,-0.00302014,-0.00339343,  -0.166304, -0.0365353,-0.00339343, -0.0365353]
	PARPACK diagonalization completed after 30 matrix-vector product operations.
	iteration results: : total energy is -31.457885 | electron energy -31.462005 + phonon energy 0.004120 | electron momentum kIdx = 0
The 26-th iteration is completed.	|| time cost : 0h 0m 9.2s
********************************************************************************************************************
Start the 27 rounds of NGS-ED iteration
	effective electronic model is modified as: kinetic energy t = 0.995024
	                                           effective interaction Vq = [   -1.83297,  -0.166327, -0.0395037,  -0.166327,  -0.166327, -0.0365363,-0.00339344, -0.0365363, -0.0395037,-0.00339344,-0.00302014,-0.00339344,  -0.166327, -0.0365363,-0.00339344, -0.0365363]
	PARPACK diagonalization completed after 30 matrix-vector product operations.
	iteration results: : total energy is -31.516502 | electron energy -31.520633 + phonon energy 0.004131 | electron momentum kIdx = 0
The 27-th iteration is completed.	|| time cost : 0h 0m 9.205s
********************************************************************************************************************
Start the 28 rounds of NGS-ED iteration
	effective electronic model is modified as: kinetic energy t = 0.995024
	                                           effective interaction Vq = [   -1.83917,   -0.16635, -0.0395052,   -0.16635,   -0.16635, -0.0365373,-0.00339345, -0.0365373, -0.0395052,-0.00339345,-0.00302015,-0.00339345,   -0.16635, -0.0365373,-0.00339345, -0.0365373]
	PARPACK diagonalization completed after 30 matrix-vector product operations.
	iteration results: : total energy is -31.572260 | electron energy -31.576401 + phonon energy 0.004141 | electron momentum kIdx = 0
The 28-th iteration is completed.	|| time cost : 0h 0m 9.199s
********************************************************************************************************************
Start the 29 rounds of NGS-ED iteration
	effective electronic model is modified as: kinetic energy t = 0.995023
	                                           effective interaction Vq = [   -1.84506,  -0.166374, -0.0395066,  -0.166374,  -0.166374, -0.0365383,-0.00339346, -0.0365383, -0.0395066,-0.00339346,-0.00302016,-0.00339346,  -0.166374, -0.0365383,-0.00339346, -0.0365383]
	PARPACK diagonalization completed after 30 matrix-vector product operations.
	iteration results: : total energy is -31.625298 | electron energy -31.629450 + phonon energy 0.004151 | electron momentum kIdx = 0
The 29-th iteration is completed.	|| time cost : 0h 0m 9.208s
********************************************************************************************************************
Start the 30 rounds of NGS-ED iteration
	effective electronic model is modified as: kinetic energy t = 0.995023
	                                           effective interaction Vq = [   -1.85066,  -0.166396,  -0.039508,  -0.166396,  -0.166396, -0.0365392,-0.00339346, -0.0365392,  -0.039508,-0.00339346,-0.00302016,-0.00339346,  -0.166396, -0.0365392,-0.00339346, -0.0365392]
	PARPACK diagonalization completed after 30 matrix-vector product operations.
	iteration results: : total energy is -31.675750 | electron energy -31.679911 + phonon energy 0.004161 | electron momentum kIdx = 0
	Nq(0) = 9,	Nq(1) = 0.195288,	Nq(2) = 0.265889,	Nq(3) = 0.195288,	Nq(4) = 0.195288,	Nq(5) = 0.245607,	Nq(6) = 0.313098,	Nq(7) = 0.245607,	Nq(8) = 0.265889,	Nq(9) = 0.313098,	Nq(10) = 0.368664,	Nq(11) = 0.313098,	Nq(12) = 0.195288,	Nq(13) = 0.245607,	Nq(14) = 0.313098,	Nq(15) = 0.245607,	Sq(0) = -1.95075e-18,	Sq(1) = 0.552904,	Sq(2) = 0.424723,	Sq(3) = 0.552904,	Sq(4) = 0.552904,	Sq(5) = 0.796083,	Sq(6) = 1.01247,	Sq(7) = 0.796083,	Sq(8) = 0.424723,	Sq(9) = 1.01247,	Sq(10) = 0.78832,	Sq(11) = 1.01247,	Sq(12) = 0.552904,	Sq(13) = 0.796083,	Sq(14) = 1.01247,	Sq(15) = 0.796083,	N(0) = 1.76903,	N(1) = 1.6303,	N(2) = 0.741828,	N(3) = 1.6303,	N(4) = 1.6303,	N(5) = 0.389007,	N(6) = 0.143949,	N(7) = 0.389007,	N(8) = 0.741828,	N(9) = 0.143949,	N(10) = 0.0942764,	N(11) = 0.143949,	N(12) = 1.6303,	N(13) = 0.389007,	N(14) = 0.143949,	N(15) = 0.389007,	Delta[s](0) = 0.0657334,	Delta[s](1) = 0.0455629,	Delta[s](2) = 0.0307138,	Delta[s](3) = 0.0455629,	Delta[s](4) = 0.0455629,	Delta[s](5) = 0.0274333,	Delta[s](6) = 0.00965569,	Delta[s](7) = 0.0274333,	Delta[s](8) = 0.0307138,	Delta[s](9) = 0.00965569,	Delta[s](10) = 0.000437286,	Delta[s](11) = 0.00965569,	Delta[s](12) = 0.0455629,	Delta[s](13) = 0.0274333,	Delta[s](14) = 0.00965569,	Delta[s](15) = 0.0274333,	Delta[d](0) = 0.742996,	Delta[d](1) = 0.584401,	Delta[d](2) = 0.71923,	Delta[d](3) = 0.584401,	Delta[d](4) = 0.584401,	Delta[d](5) = 0.39918,	Delta[d](6) = 0.487026,	Delta[d](7) = 0.39918,	Delta[d](8) = 0.71923,	Delta[d](9) = 0.487026,	Delta[d](10) = 0.248909,	Delta[d](11) = 0.487026,	Delta[d](12) = 0.584401,	Delta[d](13) = 0.39918,	Delta[d](14) = 0.487026,	Delta[d](15) = 0.39918,	Delta[s+](0) = 1.71263,	Delta[s+](1) = 1.168,	Delta[s+](2) = 0.71923,	Delta[s+](3) = 1.168,	Delta[s+](4) = 1.168,	Delta[s+](5) = 0.573645,	Delta[s+](6) = 0.204276,	Delta[s+](7) = 0.573645,	Delta[s+](8) = 0.71923,	Delta[s+](9) = 0.204276,	Delta[s+](10) = 0.0523919,	Delta[s+](11) = 0.204276,	Delta[s+](12) = 1.168,	Delta[s+](13) = 0.573645,	Delta[s+](14) = 0.204276,	Delta[s+](15) = 0.573645
The 30-th iteration is completed.	|| time cost : 0h 1m 41.836s
********************************************************************************************************************
Start the 31 rounds of NGS-ED iteration
	effective electronic model is modified as: kinetic energy t = 0.995022
	                                           effective interaction Vq = [     -1.856,  -0.166419, -0.0395093,  -0.166419,  -0.166419,   -0.03654,-0.00339347,   -0.03654, -0.0395093,-0.00339347,-0.00302017,-0.00339347,  -0.166419,   -0.03654,-0.00339347,   -0.03654]
	PARPACK diagonalization completed after 30 matrix-vector product operations.
	iteration results: : total energy is -31.723741 | electron energy -31.727911 + phonon energy 0.004170 | electron momentum kIdx = 0
The 31-th iteration is completed.	|| time cost : 0h 0m 9.216s
********************************************************************************************************************
Start the 32 rounds of NGS-ED iteration
	effective electronic model is modified as: kinetic energy t = 0.995022
	                                           effective interaction Vq = [   -1.86107,   -0.16644, -0.0395106,   -0.16644,   -0.16644, -0.0365408,-0.00339348, -0.0365408, -0.0395106,-0.00339348,-0.00302018,-0.00339348,   -0.16644, -0.0365408,-0.00339348, -0.0365408]
	PARPACK diagonalization completed after 30 matrix-vector product operations.
	iteration results: : total energy is -31.769392 | electron energy -31.773571 + phonon energy 0.004179 | electron momentum kIdx = 0
The 32-th iteration is completed.	|| time cost : 0h 0m 9.206s
********************************************************************************************************************
Start the 33 rounds of NGS-ED iteration
	effective electronic model is modified as: kinetic energy t = 0.995021
	                                           effective interaction Vq = [   -1.86589,  -0.166461, -0.0395118,  -0.166461,  -0.166461, -0.0365416,-0.00339349, -0.0365416, -0.0395118,-0.00339349,-0.00302018,-0.00339349,  -0.166461, -0.0365416,-0.00339349, -0.0365416]
	PARPACK diagonalization completed after 30 matrix-vector product operations.
	iteration results: : total energy is -31.812816 | electron energy -31.817003 + phonon energy 0.004187 | electron momentum kIdx = 0
The 33-th iteration is completed.	|| time cost : 0h 0m 9.191s
********************************************************************************************************************
Start the 34 rounds of NGS-ED iteration
	effective electronic model is modified as: kinetic energy t = 0.995021
	                                           effective interaction Vq = [   -1.87048,  -0.166482,  -0.039513,  -0.166482,  -0.166482, -0.0365424,-0.00339349, -0.0365424,  -0.039513,-0.00339349,-0.00302019,-0.00339349,  -0.166482, -0.0365424,-0.00339349, -0.0365424]
	PARPACK diagonalization completed after 30 matrix-vector product operations.
	iteration results: : total energy is -31.854123 | electron energy -31.858318 + phonon energy 0.004195 | electron momentum kIdx = 0
The 34-th iteration is completed.	|| time cost : 0h 0m 9.194s
********************************************************************************************************************
Start the 35 rounds of NGS-ED iteration
	effective electronic model is modified as: kinetic energy t = 0.99502
	                                           effective interaction Vq = [   -1.87485,  -0.166501, -0.0395141,  -0.166501,  -0.166501, -0.0365431, -0.0033935, -0.0365431, -0.0395141, -0.0033935,-0.00302019, -0.0033935,  -0.166501, -0.0365431, -0.0033935, -0.0365431]
	PARPACK diagonalization completed after 30 matrix-vector product operations.
	iteration results: : total energy is -31.893415 | electron energy -31.897617 + phonon energy 0.004203 | electron momentum kIdx = 0
The 35-th iteration is completed.	|| time cost : 0h 0m 9.197s
********************************************************************************************************************
Start the 36 rounds of NGS-ED iteration
	effective electronic model is modified as: kinetic energy t = 0.99502
	                                           effective interaction Vq = [     -1.879,   -0.16652, -0.0395151,   -0.16652,   -0.16652, -0.0365438,-0.00339351, -0.0365438, -0.0395151,-0.00339351, -0.0030202,-0.00339351,   -0.16652, -0.0365438,-0.00339351, -0.0365438]
	PARPACK diagonalization completed after 30 matrix-vector product operations.
	iteration results: : total energy is -31.930790 | electron energy -31.935000 + phonon energy 0.004210 | electron momentum kIdx = 0
