SNEDics v3.4 Non-Gaussian ED ground state program		Start at Tue Oct  1 22:22:15 2019

parallized on 16 MPI threads  * 8 OpenMP threads = 128 total threads.
********************************************************************************************************************
********************************************************************************************************************

********************************************************************************************************************
System parameters and configurations
********************************************************************************************************************
Special program options are enabled: splitted diagonal Hamiltonian
********************************************************************************************************************
Read input file "model_params.in"
	Hubbard-Holstein model parameters : 	t = 1    U = 4.1    g = 4.062    W = 5    
********************************************************************************************************************
Read input file "hilbertspace_params.in"
	Requested 16-site 2D lattice, with 16 electrons (8, 8)
	Boundary : Periodic		Hilbert space representation : momentum-space (restricted to kIdx = 10)
	Conservation: particle number[U(1)]      spin[U(1)]     momentum
********************************************************************************************************************

Cluster Positions:				Cluster symmetry group : D4
 x ... x ... x ... x .....                       x ... x ... x ... x .....
 |           |           :                       |           |           :
 |           |           :                       |           |           :
12    13    14    15     x                       1     5     6     5     x
 |           |           :                       |           |           :
 |           |           :                       |           |           :
 8 --- 9 ---10 ---11 --- x                       2 --- 6 ---10 --- 6 --- x
 |           |           :                       |           |           :
 |           |           :                       |           |           :
 4     5     6     7     x                       1     5     6     5     x
 |           |           :                       |           |           :
 |           |           :                       |           |           :
 0 --- 1 --- 2 --- 3 --- x                       0 --- 1 --- 2 --- 1 --- x
orbital number : 1
********************************************************************************************************************
Read input file "obs_params.in"
	Observable Type : Nq(All),   Sq(All),   N(All),   Delta[s](All),   Delta[d](All),   Delta[s+](All)
********************************************************************************************************************
** WARNING ** the input observables have non-local factors which have been reinterpreted. The total observable number is 96
********************************************************************************************************************


********************************************************************************************************************
Start calculating the non-Gaussian ED ground state
** WARNING ** Detected low phonon energy W < 10. The initial state will be prepared through a warm-up process.
********************************************************************************************************************
Start warm-up calculation for scaling factor 2
open output files: NGSEDWarmUpW10Obs.txt
********************************************************************************************************************
Start the 0 rounds of NGS-ED iteration
	effective electronic model is modified as: kinetic energy t = 1
	                                           effective interaction Vq = [-0,-0,-0,-0,-0,-0,-0,-0,-0,-0,-0,-0,-0,-0,-0,-0]
	first Hamiltonian is constructed, non-zero numbers = 2845334624
	PARPACK diagonalization completed after 90 matrix-vector product operations.
	iteration results: : total energy is -13.289928 | electron energy -13.289928 + phonon energy 0.000000 | electron momentum kIdx = 10
	Nq(0) = 16,	Nq(1) = 0.16104,	Nq(2) = 0.232726,	Nq(3) = 0.16104,	Nq(4) = 0.16104,	Nq(5) = 0.232726,	Nq(6) = 0.317615,	Nq(7) = 0.232726,	Nq(8) = 0.232726,	Nq(9) = 0.317615,	Nq(10) = 0.381242,	Nq(11) = 0.317615,	Nq(12) = 0.16104,	Nq(13) = 0.232726,	Nq(14) = 0.317615,	Nq(15) = 0.232726,	Sq(0) = 2.11295e-18,	Sq(1) = 0.31334,	Sq(2) = 0.419764,	Sq(3) = 0.31334,	Sq(4) = 0.31334,	Sq(5) = 0.419764,	Sq(6) = 0.632807,	Sq(7) = 0.419764,	Sq(8) = 0.419764,	Sq(9) = 0.632807,	Sq(10) = 6.00461,	Sq(11) = 0.632807,	Sq(12) = 0.31334,	Sq(13) = 0.419764,	Sq(14) = 0.632807,	Sq(15) = 0.419764,	N(0) = 1.9286,	N(1) = 1.83939,	N(2) = 1,	N(3) = 1.83939,	N(4) = 1.83939,	N(5) = 1,	N(6) = 0.160612,	N(7) = 1,	N(8) = 1,	N(9) = 0.160612,	N(10) = 0.0714038,	N(11) = 0.160612,	N(12) = 1.83939,	N(13) = 1,	N(14) = 0.160612,	N(15) = 1,	Delta[s](0) = 0.168967,	Delta[s](1) = 0.146247,	Delta[s](2) = 0.116093,	Delta[s](3) = 0.146247,	Delta[s](4) = 0.146247,	Delta[s](5) = 0.116093,	Delta[s](6) = 0.0904996,	Delta[s](7) = 0.116093,	Delta[s](8) = 0.116093,	Delta[s](9) = 0.0904996,	Delta[s](10) = 0.0336001,	Delta[s](11) = 0.0904996,	Delta[s](12) = 0.146247,	Delta[s](13) = 0.116093,	Delta[s](14) = 0.0904996,	Delta[s](15) = 0.116093,	Delta[d](0) = 0.515849,	Delta[d](1) = 0.3879,	Delta[d](2) = 0.329111,	Delta[d](3) = 0.3879,	Delta[d](4) = 0.3879,	Delta[d](5) = 0.376407,	Delta[d](6) = 0.306373,	Delta[d](7) = 0.376407,	Delta[d](8) = 0.329111,	Delta[d](9) = 0.306373,	Delta[d](10) = 0.249108,	Delta[d](11) = 0.306373,	Delta[d](12) = 0.3879,	Delta[d](13) = 0.376407,	Delta[d](14) = 0.306373,	Delta[d](15) = 0.376407,	Delta[s+](0) = 0.584832,	Delta[s+](1) = 0.480531,	Delta[s+](2) = 0.329111,	Delta[s+](3) = 0.480531,	Delta[s+](4) = 0.480531,	Delta[s+](5) = 0.329111,	Delta[s+](6) = 0.182684,	Delta[s+](7) = 0.329111,	Delta[s+](8) = 0.329111,	Delta[s+](9) = 0.182684,	Delta[s+](10) = 0.0679258,	Delta[s+](11) = 0.182684,	Delta[s+](12) = 0.480531,	Delta[s+](13) = 0.329111,	Delta[s+](14) = 0.182684,	Delta[s+](15) = 0.329111
The 0-th iteration is completed.	|| time cost : 0h 8m 22.936s
********************************************************************************************************************
Start the 1 rounds of NGS-ED iteration
	effective electronic model is modified as: kinetic energy t = 0.918268
	                                           effective interaction Vq = [-2.85337,-2.61038,-2.52085,-2.61038,-2.61038,-2.52085,-2.49103,-2.52085,-2.52085,-2.49103,-2.45423,-2.49103,-2.61038,-2.52085,-2.49103,-2.52085]
	PARPACK diagonalization completed after 165 matrix-vector product operations.
	iteration results: : total energy is -72.125269 | electron energy -72.131726 + phonon energy 0.006457 | electron momentum kIdx = 10
The 1-th iteration is completed.	|| time cost : 0h 8m 13.145s
********************************************************************************************************************
Start the 2 rounds of NGS-ED iteration
	effective electronic model is modified as: kinetic energy t = 0.843402
	                                           effective interaction Vq = [-3.23953,-3.11533,-3.09861,-3.11533,-3.11533,-3.09861,-3.01323,-3.09861,-3.09861,-3.01323,-3.05102,-3.01323,-3.11533,-3.09861,-3.01323,-3.09861]
	PARPACK diagonalization completed after 45 matrix-vector product operations.
	iteration results: : total energy is -82.267965 | electron energy -82.323953 + phonon energy 0.055988 | electron momentum kIdx = 10
The 2-th iteration is completed.	|| time cost : 0h 0m 31.994s
********************************************************************************************************************
Start the 3 rounds of NGS-ED iteration
	effective electronic model is modified as: kinetic energy t = 0.816677
	                                           effective interaction Vq = [-3.29179,-3.21149,-3.16867,-3.21149,-3.21149,-3.16867,-3.13178,-3.16867,-3.16867,-3.13178,-3.24876,-3.13178,-3.21149,-3.16867,-3.13178,-3.16867]
	PARPACK diagonalization completed after 45 matrix-vector product operations.
	iteration results: : total energy is -84.032665 | electron energy -84.128686 + phonon energy 0.096020 | electron momentum kIdx = 10
The 3-th iteration is completed.	|| time cost : 0h 0m 32.375s
********************************************************************************************************************
Start the 4 rounds of NGS-ED iteration
	effective electronic model is modified as: kinetic energy t = 0.815342
	                                           effective interaction Vq = [-3.29886,-3.21836,-3.14188,-3.21836,-3.21836,-3.14188,-3.14259,-3.14188,-3.14188,-3.14259,-3.28693,-3.14259,-3.21836,-3.14188,-3.14259,-3.14188]
	PARPACK diagonalization completed after 30 matrix-vector product operations.
	iteration results: : total energy is -84.307563 | electron energy -84.414960 + phonon energy 0.107397 | electron momentum kIdx = 10
The 4-th iteration is completed.	|| time cost : 0h 0m 27.632s
********************************************************************************************************************
Start the 5 rounds of NGS-ED iteration
	effective electronic model is modified as: kinetic energy t = 0.816609
	                                           effective interaction Vq = [-3.29982,-3.21387,-3.12499,-3.21387,-3.21387,-3.12499,-3.13792,-3.12499,-3.12499,-3.13792,-3.29437,-3.13792,-3.21387,-3.12499,-3.13792,-3.12499]
	PARPACK diagonalization completed after 30 matrix-vector product operations.
	iteration results: : total energy is -84.345224 | electron energy -84.454214 + phonon energy 0.108989 | electron momentum kIdx = 10
The 5-th iteration is completed.	|| time cost : 0h 0m 27.374s
********************************************************************************************************************
Start the 6 rounds of NGS-ED iteration
	effective electronic model is modified as: kinetic energy t = 0.817599
	                                           effective interaction Vq = [-3.29995,-3.21002,-3.11689,-3.21002,-3.21002,-3.11689, -3.1335,-3.11689,-3.11689, -3.1335, -3.2962, -3.1335,-3.21002,-3.11689, -3.1335,-3.11689]
	PARPACK diagonalization completed after 30 matrix-vector product operations.
	iteration results: : total energy is -84.350370 | electron energy -84.459145 + phonon energy 0.108775 | electron momentum kIdx = 10
The 6-th iteration is completed.	|| time cost : 0h 0m 27.374s
********************************************************************************************************************
Start the 7 rounds of NGS-ED iteration
	effective electronic model is modified as: kinetic energy t = 0.818165
	                                           effective interaction Vq = [-3.29997,-3.20775,-3.11321,-3.20775,-3.20775,-3.11321,-3.13081,-3.11321,-3.11321,-3.13081,-3.29674,-3.13081,-3.20775,-3.11321,-3.13081,-3.11321]
	PARPACK diagonalization completed after 30 matrix-vector product operations.
	iteration results: : total energy is -84.351113 | electron energy -84.459493 + phonon energy 0.108381 | electron momentum kIdx = 10
The 7-th iteration is completed.	|| time cost : 0h 0m 27.33s
********************************************************************************************************************
Start the 8 rounds of NGS-ED iteration
	effective electronic model is modified as: kinetic energy t = 0.818461
	                                           effective interaction Vq = [-3.29997,-3.20655,-3.11154,-3.20655,-3.20655,-3.11154,-3.12936,-3.11154,-3.11154,-3.12936,-3.29691,-3.12936,-3.20655,-3.11154,-3.12936,-3.11154]
	PARPACK diagonalization completed after 30 matrix-vector product operations.
	iteration results: : total energy is -84.351229 | electron energy -84.459328 + phonon energy 0.108099 | electron momentum kIdx = 10
The 8-th iteration is completed.	|| time cost : 0h 0m 27.616s
********************************************************************************************************************
Start the 9 rounds of NGS-ED iteration
	effective electronic model is modified as: kinetic energy t = 0.818609
	                                           effective interaction Vq = [-3.29997,-3.20595,-3.11078,-3.20595,-3.20595,-3.11078,-3.12862,-3.11078,-3.11078,-3.12862,-3.29697,-3.12862,-3.20595,-3.11078,-3.12862,-3.11078]
	PARPACK diagonalization completed after 30 matrix-vector product operations.
	iteration results: : total energy is -84.351249 | electron energy -84.459185 + phonon energy 0.107936 | electron momentum kIdx = 10
The 9-th iteration is completed.	|| time cost : 0h 0m 27.705s
********************************************************************************************************************
Start the 10 rounds of NGS-ED iteration
	effective electronic model is modified as: kinetic energy t = 0.818682
	                                           effective interaction Vq = [-3.29997,-3.20566,-3.11043,-3.20566,-3.20566,-3.11043,-3.12825,-3.11043,-3.11043,-3.12825,  -3.297,-3.12825,-3.20566,-3.11043,-3.12825,-3.11043]
	PARPACK diagonalization completed after 30 matrix-vector product operations.
	iteration results: : total energy is -84.351253 | electron energy -84.459101 + phonon energy 0.107848 | electron momentum kIdx = 10
	Nq(0) = 16,	Nq(1) = 0.268391,	Nq(2) = 0.341113,	Nq(3) = 0.268391,	Nq(4) = 0.268391,	Nq(5) = 0.341113,	Nq(6) = 0.534267,	Nq(7) = 0.341113,	Nq(8) = 0.341113,	Nq(9) = 0.534267,	Nq(10) = 6.42176,	Nq(11) = 0.534267,	Nq(12) = 0.268391,	Nq(13) = 0.341113,	Nq(14) = 0.534267,	Nq(15) = 0.341113,	Sq(0) = 1.66746e-18,	Sq(1) = 0.193308,	Sq(2) = 0.267749,	Sq(3) = 0.193308,	Sq(4) = 0.193308,	Sq(5) = 0.267749,	Sq(6) = 0.37404,	Sq(7) = 0.267749,	Sq(8) = 0.267749,	Sq(9) = 0.37404,	Sq(10) = 0.445046,	Sq(11) = 0.37404,	Sq(12) = 0.193308,	Sq(13) = 0.267749,	Sq(14) = 0.37404,	Sq(15) = 0.267749,	N(0) = 1.95784,	N(1) = 1.89038,	N(2) = 1,	N(3) = 1.89038,	N(4) = 1.89038,	N(5) = 1,	N(6) = 0.109616,	N(7) = 1,	N(8) = 1,	N(9) = 0.109616,	N(10) = 0.042163,	N(11) = 0.109616,	N(12) = 1.89038,	N(13) = 1,	N(14) = 0.109616,	N(15) = 1,	Delta[s](0) = 0.521342,	Delta[s](1) = 0.39244,	Delta[s](2) = 0.366787,	Delta[s](3) = 0.39244,	Delta[s](4) = 0.39244,	Delta[s](5) = 0.366787,	Delta[s](6) = 0.317253,	Delta[s](7) = 0.366787,	Delta[s](8) = 0.366787,	Delta[s](9) = 0.317253,	Delta[s](10) = 0.278697,	Delta[s](11) = 0.317253,	Delta[s](12) = 0.39244,	Delta[s](13) = 0.366787,	Delta[s](14) = 0.317253,	Delta[s](15) = 0.366787,	Delta[d](0) = 0.193426,	Delta[d](1) = 0.17812,	Delta[d](2) = 0.185782,	Delta[d](3) = 0.17812,	Delta[d](4) = 0.17812,	Delta[d](5) = 0.123979,	Delta[d](6) = 0.142715,	Delta[d](7) = 0.123979,	Delta[d](8) = 0.185782,	Delta[d](9) = 0.142715,	Delta[d](10) = 0.0546018,	Delta[d](11) = 0.142715,	Delta[d](12) = 0.17812,	Delta[d](13) = 0.123979,	Delta[d](14) = 0.142715,	Delta[d](15) = 0.123979,	Delta[s+](0) = 0.359758,	Delta[s+](1) = 0.285982,	Delta[s+](2) = 0.185782,	Delta[s+](3) = 0.285982,	Delta[s+](4) = 0.285982,	Delta[s+](5) = 0.185782,	Delta[s+](6) = 0.0832581,	Delta[s+](7) = 0.185782,	Delta[s+](8) = 0.185782,	Delta[s+](9) = 0.0832581,	Delta[s+](10) = 0.0312364,	Delta[s+](11) = 0.0832581,	Delta[s+](12) = 0.285982,	Delta[s+](13) = 0.185782,	Delta[s+](14) = 0.0832581,	Delta[s+](15) = 0.185782
The 10-th iteration is completed.	|| time cost : 0h 4m 37.992s
********************************************************************************************************************
********************************************************************************************************************
Ground state is obtained after 11 iterations. The current ground-state energy is -84.3513, in which electron energy is -84.4591 and phonon energy is 0.107848
final variational state is: 
	Gamma_x = [      1,1.02522,1.04189,1.02522,1.02522,1.04189,1.06406,1.04189,1.04189,1.06406,1.13069,1.06406,1.02522,1.04189,1.06406,1.04189]
	lambda_q = [0.574444,0.477266,0.436723,0.477266,0.477266,0.436723,0.443344,0.436723,0.436723,0.443344,0.557236,0.443344,0.477266,0.436723,0.443344,0.436723]
********************************************************************************************************************
o___o  ----------------------------------------
| L |	Time since last clock: 0h 0m 0s
A===A	Time since the beginning: 0h 25m 3.478s
***********************************************


********************************************************************************************************************
Warm up runs have been completed. Start calculating W = 5 phonon.
open output files: NGSEDIterationObs.txt
********************************************************************************************************************
Start the 0 rounds of NGS-ED iteration
	effective electronic model is modified as: kinetic energy t = 0.818717
	                                           effective interaction Vq = [-3.01685, -2.7384, -2.5943, -2.7384, -2.7384, -2.5943,-2.61896, -2.5943, -2.5943,-2.61896,-2.97442,-2.61896, -2.7384, -2.5943,-2.61896, -2.5943]
	PARPACK diagonalization completed after 30 matrix-vector product operations.
	iteration results: : total energy is -75.263855 | electron energy -75.317757 + phonon energy 0.053902 | electron momentum kIdx = 10
	Nq(0) = 16,	Nq(1) = 0.253238,	Nq(2) = 0.321937,	Nq(3) = 0.253238,	Nq(4) = 0.253238,	Nq(5) = 0.321937,	Nq(6) = 0.492684,	Nq(7) = 0.321937,	Nq(8) = 0.321937,	Nq(9) = 0.492684,	Nq(10) = 6.32939,	Nq(11) = 0.492684,	Nq(12) = 0.253238,	Nq(13) = 0.321937,	Nq(14) = 0.492684,	Nq(15) = 0.321937,	Sq(0) = -2.84591e-18,	Sq(1) = 0.214938,	Sq(2) = 0.289868,	Sq(3) = 0.214938,	Sq(4) = 0.214938,	Sq(5) = 0.289868,	Sq(6) = 0.415978,	Sq(7) = 0.289868,	Sq(8) = 0.289868,	Sq(9) = 0.415978,	Sq(10) = 0.492429,	Sq(11) = 0.415978,	Sq(12) = 0.214938,	Sq(13) = 0.289868,	Sq(14) = 0.415978,	Sq(15) = 0.289868,	N(0) = 1.97115,	N(1) = 1.9135,	N(2) = 1,	N(3) = 1.9135,	N(4) = 1.9135,	N(5) = 1,	N(6) = 0.0865048,	N(7) = 1,	N(8) = 1,	N(9) = 0.0865048,	N(10) = 0.0288474,	N(11) = 0.0865048,	N(12) = 1.9135,	N(13) = 1,	N(14) = 0.0865048,	N(15) = 1,	Delta[s](0) = 0.444636,	Delta[s](1) = 0.372835,	Delta[s](2) = 0.354344,	Delta[s](3) = 0.372835,	Delta[s](4) = 0.372835,	Delta[s](5) = 0.354344,	Delta[s](6) = 0.31674,	Delta[s](7) = 0.354344,	Delta[s](8) = 0.354344,	Delta[s](9) = 0.31674,	Delta[s](10) = 0.293351,	Delta[s](11) = 0.31674,	Delta[s](12) = 0.372835,	Delta[s](13) = 0.354344,	Delta[s](14) = 0.31674,	Delta[s](15) = 0.354344,	Delta[d](0) = 0.198206,	Delta[d](1) = 0.185607,	Delta[d](2) = 0.196779,	Delta[d](3) = 0.185607,	Delta[d](4) = 0.185607,	Delta[d](5) = 0.127607,	Delta[d](6) = 0.148334,	Delta[d](7) = 0.127607,	Delta[d](8) = 0.196779,	Delta[d](9) = 0.148334,	Delta[d](10) = 0.0569083,	Delta[d](11) = 0.148334,	Delta[d](12) = 0.185607,	Delta[d](13) = 0.127607,	Delta[d](14) = 0.148334,	Delta[d](15) = 0.127607,	Delta[s+](0) = 0.394093,	Delta[s+](1) = 0.305841,	Delta[s+](2) = 0.196779,	Delta[s+](3) = 0.305841,	Delta[s+](4) = 0.305841,	Delta[s+](5) = 0.196779,	Delta[s+](6) = 0.0868792,	Delta[s+](7) = 0.196779,	Delta[s+](8) = 0.196779,	Delta[s+](9) = 0.0868792,	Delta[s+](10) = 0.0326919,	Delta[s+](11) = 0.0868792,	Delta[s+](12) = 0.305841,	Delta[s+](13) = 0.196779,	Delta[s+](14) = 0.0868792,	Delta[s+](15) = 0.196779
The 0-th iteration is completed.	|| time cost : 0h 4m 22.414s
********************************************************************************************************************
Start the 1 rounds of NGS-ED iteration
	effective electronic model is modified as: kinetic energy t = 0.795435
	                                           effective interaction Vq = [-3.19582,-2.88732,-2.70626,-2.88732,-2.88732,-2.70626,-2.73582,-2.70626,-2.70626,-2.73582,-3.17711,-2.73582,-2.88732,-2.70626,-2.73582,-2.70626]
	PARPACK diagonalization completed after 30 matrix-vector product operations.
	iteration results: : total energy is -79.479491 | electron energy -79.647455 + phonon energy 0.167964 | electron momentum kIdx = 10
The 1-th iteration is completed.	|| time cost : 0h 0m 27.41s
********************************************************************************************************************
Start the 2 rounds of NGS-ED iteration
	effective electronic model is modified as: kinetic energy t = 0.787323
	                                           effective interaction Vq = [-3.26165,-2.91826,-2.73642,-2.91826,-2.91826,-2.73642,-2.76102,-2.73642,-2.73642,-2.76102,-3.25375,-2.76102,-2.91826,-2.73642,-2.76102,-2.73642]
	PARPACK diagonalization completed after 30 matrix-vector product operations.
	iteration results: : total energy is -81.027601 | electron energy -81.260760 + phonon energy 0.233159 | electron momentum kIdx = 10
The 2-th iteration is completed.	|| time cost : 0h 0m 27.277s
********************************************************************************************************************
Start the 3 rounds of NGS-ED iteration
	effective electronic model is modified as: kinetic energy t = 0.785968
	                                           effective interaction Vq = [-3.28587,-2.91119,-2.73569,-2.91119,-2.91119,-2.73569,-2.75422,-2.73569,-2.73569,-2.75422,-3.28064,-2.75422,-2.91119,-2.73569,-2.75422,-2.73569]
	PARPACK diagonalization completed after 30 matrix-vector product operations.
	iteration results: : total energy is -81.571035 | electron energy -81.832212 + phonon energy 0.261177 | electron momentum kIdx = 10
The 3-th iteration is completed.	|| time cost : 0h 0m 27.308s
********************************************************************************************************************
Start the 4 rounds of NGS-ED iteration
	effective electronic model is modified as: kinetic energy t = 0.786805
	                                           effective interaction Vq = [-3.29478,-2.89608,-2.72679,-2.89608,-2.89608,-2.72679,-2.74038,-2.72679,-2.72679,-2.74038,-3.29026,-2.74038,-2.89608,-2.72679,-2.74038,-2.72679]
	PARPACK diagonalization completed after 30 matrix-vector product operations.
	iteration results: : total energy is -81.759375 | electron energy -82.031193 + phonon energy 0.271818 | electron momentum kIdx = 10
The 4-th iteration is completed.	|| time cost : 0h 0m 27.382s
********************************************************************************************************************
Start the 5 rounds of NGS-ED iteration
	effective electronic model is modified as: kinetic energy t = 0.788102
	                                           effective interaction Vq = [-3.29806,-2.88202,-2.71739,-2.88202,-2.88202,-2.71739,-2.72735,-2.71739,-2.71739,-2.72735,-3.29396,-2.72735,-2.88202,-2.71739,-2.72735,-2.71739]
	PARPACK diagonalization completed after 30 matrix-vector product operations.
	iteration results: : total energy is -81.825062 | electron energy -82.100126 + phonon energy 0.275064 | electron momentum kIdx = 10
The 5-th iteration is completed.	|| time cost : 0h 0m 27.667s
********************************************************************************************************************
Start the 6 rounds of NGS-ED iteration
	effective electronic model is modified as: kinetic energy t = 0.789301
	                                           effective interaction Vq = [-3.29927,-2.87099,-2.70957,-2.87099,-2.87099,-2.70957,-2.71693,-2.70957,-2.70957,-2.71693,-3.29552,-2.71693,-2.87099,-2.70957,-2.71693,-2.70957]
	PARPACK diagonalization completed after 30 matrix-vector product operations.
	iteration results: : total energy is -81.848299 | electron energy -82.123605 + phonon energy 0.275306 | electron momentum kIdx = 10
The 6-th iteration is completed.	|| time cost : 0h 0m 27.336s
********************************************************************************************************************
Start the 7 rounds of NGS-ED iteration
	effective electronic model is modified as: kinetic energy t = 0.790263
	                                           effective interaction Vq = [-3.29971,-2.86287,-2.70359,-2.86287,-2.86287,-2.70359,-2.70913,-2.70359,-2.70359,-2.70913,-3.29623,-2.70913,-2.86287,-2.70359,-2.70913,-2.70359]
	PARPACK diagonalization completed after 30 matrix-vector product operations.
	iteration results: : total energy is -81.856652 | electron energy -82.131126 + phonon energy 0.274474 | electron momentum kIdx = 10
The 7-th iteration is completed.	|| time cost : 0h 0m 27.685s
********************************************************************************************************************
Start the 8 rounds of NGS-ED iteration
	effective electronic model is modified as: kinetic energy t = 0.790989
	                                           effective interaction Vq = [-3.29987,-2.85706, -2.6992,-2.85706,-2.85706, -2.6992,-2.70347, -2.6992, -2.6992,-2.70347,-3.29657,-2.70347,-2.85706, -2.6992,-2.70347, -2.6992]
	PARPACK diagonalization completed after 30 matrix-vector product operations.
	iteration results: : total energy is -81.859700 | electron energy -82.133099 + phonon energy 0.273399 | electron momentum kIdx = 10
The 8-th iteration is completed.	|| time cost : 0h 0m 27.416s
********************************************************************************************************************
Start the 9 rounds of NGS-ED iteration
	effective electronic model is modified as: kinetic energy t = 0.791519
	                                           effective interaction Vq = [-3.29993,-2.85298,-2.69604,-2.85298,-2.85298,-2.69604,-2.69943,-2.69604,-2.69604,-2.69943,-3.29675,-2.69943,-2.85298,-2.69604,-2.69943,-2.69604]
	PARPACK diagonalization completed after 30 matrix-vector product operations.
	iteration results: : total energy is -81.860828 | electron energy -82.133236 + phonon energy 0.272408 | electron momentum kIdx = 10
The 9-th iteration is completed.	|| time cost : 0h 0m 27.305s
********************************************************************************************************************
Start the 10 rounds of NGS-ED iteration
	effective electronic model is modified as: kinetic energy t = 0.791898
	                                           effective interaction Vq = [-3.29996,-2.85013,-2.69381,-2.85013,-2.85013,-2.69381,-2.69659,-2.69381,-2.69381,-2.69659,-3.29683,-2.69659,-2.85013,-2.69381,-2.69659,-2.69381]
	PARPACK diagonalization completed after 30 matrix-vector product operations.
	iteration results: : total energy is -81.861250 | electron energy -82.132851 + phonon energy 0.271601 | electron momentum kIdx = 10
	Nq(0) = 16,	Nq(1) = 0.159632,	Nq(2) = 0.242547,	Nq(3) = 0.159632,	Nq(4) = 0.159632,	Nq(5) = 0.242547,	Nq(6) = 0.352216,	Nq(7) = 0.242547,	Nq(8) = 0.242547,	Nq(9) = 0.352216,	Nq(10) = 8.962,	Nq(11) = 0.352216,	Nq(12) = 0.159632,	Nq(13) = 0.242547,	Nq(14) = 0.352216,	Nq(15) = 0.242547,	Sq(0) = -2.44246e-18,	Sq(1) = 0.14379,	Sq(2) = 0.221738,	Sq(3) = 0.14379,	Sq(4) = 0.14379,	Sq(5) = 0.221738,	Sq(6) = 0.311037,	Sq(7) = 0.221738,	Sq(8) = 0.221738,	Sq(9) = 0.311037,	Sq(10) = 0.385592,	Sq(11) = 0.311037,	Sq(12) = 0.14379,	Sq(13) = 0.221738,	Sq(14) = 0.311037,	Sq(15) = 0.221738,	N(0) = 1.92352,	N(1) = 1.7853,	N(2) = 1,	N(3) = 1.7853,	N(4) = 1.7853,	N(5) = 1,	N(6) = 0.214701,	N(7) = 1,	N(8) = 1,	N(9) = 0.214701,	N(10) = 0.0764842,	N(11) = 0.214701,	N(12) = 1.7853,	N(13) = 1,	N(14) = 0.214701,	N(15) = 1,	Delta[s](0) = 0.457023,	Delta[s](1) = 0.410776,	Delta[s](2) = 0.389524,	Delta[s](3) = 0.410776,	Delta[s](4) = 0.410776,	Delta[s](5) = 0.389524,	Delta[s](6) = 0.363446,	Delta[s](7) = 0.389524,	Delta[s](8) = 0.389524,	Delta[s](9) = 0.363446,	Delta[s](10) = 0.341277,	Delta[s](11) = 0.363446,	Delta[s](12) = 0.410776,	Delta[s](13) = 0.389524,	Delta[s](14) = 0.363446,	Delta[s](15) = 0.389524,	Delta[d](0) = 0.148837,	Delta[d](1) = 0.134169,	Delta[d](2) = 0.155279,	Delta[d](3) = 0.134169,	Delta[d](4) = 0.134169,	Delta[d](5) = 0.0941278,	Delta[d](6) = 0.102319,	Delta[d](7) = 0.0941278,	Delta[d](8) = 0.155279,	Delta[d](9) = 0.102319,	Delta[d](10) = 0.039299,	Delta[d](11) = 0.102319,	Delta[d](12) = 0.134169,	Delta[d](13) = 0.0941278,	Delta[d](14) = 0.102319,	Delta[d](15) = 0.0941278,	Delta[s+](0) = 0.333575,	Delta[s+](1) = 0.249816,	Delta[s+](2) = 0.155279,	Delta[s+](3) = 0.249816,	Delta[s+](4) = 0.249816,	Delta[s+](5) = 0.155279,	Delta[s+](6) = 0.0643178,	Delta[s+](7) = 0.155279,	Delta[s+](8) = 0.155279,	Delta[s+](9) = 0.0643178,	Delta[s+](10) = 0.0244445,	Delta[s+](11) = 0.0643178,	Delta[s+](12) = 0.249816,	Delta[s+](13) = 0.155279,	Delta[s+](14) = 0.0643178,	Delta[s+](15) = 0.155279
The 10-th iteration is completed.	|| time cost : 0h 4m 24.386s
********************************************************************************************************************
Start the 11 rounds of NGS-ED iteration
	effective electronic model is modified as: kinetic energy t = 0.792165
	                                           effective interaction Vq = [-3.29996,-2.84816,-2.69224,-2.84816,-2.84816,-2.69224, -2.6946,-2.69224,-2.69224, -2.6946,-3.29688, -2.6946,-2.84816,-2.69224, -2.6946,-2.69224]
	PARPACK diagonalization completed after 30 matrix-vector product operations.
	iteration results: : total energy is -81.861410 | electron energy -82.132394 + phonon energy 0.270984 | electron momentum kIdx = 10
The 11-th iteration is completed.	|| time cost : 0h 0m 27.626s
********************************************************************************************************************
Start the 12 rounds of NGS-ED iteration
	effective electronic model is modified as: kinetic energy t = 0.792353
	                                           effective interaction Vq = [-3.29997, -2.8468,-2.69115, -2.8468, -2.8468,-2.69115,-2.69321,-2.69115,-2.69115,-2.69321, -3.2969,-2.69321, -2.8468,-2.69115,-2.69321,-2.69115]
	PARPACK diagonalization completed after 30 matrix-vector product operations.
	iteration results: : total energy is -81.861471 | electron energy -82.132001 + phonon energy 0.270530 | electron momentum kIdx = 10
The 12-th iteration is completed.	|| time cost : 0h 0m 27.599s
********************************************************************************************************************
Start the 13 rounds of NGS-ED iteration
	effective electronic model is modified as: kinetic energy t = 0.792483
	                                           effective interaction Vq = [-3.29997,-2.84586,-2.69039,-2.84586,-2.84586,-2.69039,-2.69226,-2.69039,-2.69039,-2.69226,-3.29692,-2.69226,-2.84586,-2.69039,-2.69226,-2.69039]
	PARPACK diagonalization completed after 30 matrix-vector product operations.
	iteration results: : total energy is -81.861495 | electron energy -82.131697 + phonon energy 0.270202 | electron momentum kIdx = 10
The 13-th iteration is completed.	|| time cost : 0h 0m 27.33s
********************************************************************************************************************
Start the 14 rounds of NGS-ED iteration
	effective electronic model is modified as: kinetic energy t = 0.792573
	                                           effective interaction Vq = [-3.29997,-2.84522,-2.68986,-2.84522,-2.84522,-2.68986, -2.6916,-2.68986,-2.68986, -2.6916,-3.29693, -2.6916,-2.84522,-2.68986, -2.6916,-2.68986]
	PARPACK diagonalization completed after 30 matrix-vector product operations.
	iteration results: : total energy is -81.861504 | electron energy -82.131473 + phonon energy 0.269969 | electron momentum kIdx = 10
The 14-th iteration is completed.	|| time cost : 0h 0m 27.717s
********************************************************************************************************************
Start the 15 rounds of NGS-ED iteration
	effective electronic model is modified as: kinetic energy t = 0.792636
	                                           effective interaction Vq = [-3.29997,-2.84477, -2.6895,-2.84477,-2.84477, -2.6895,-2.69114, -2.6895, -2.6895,-2.69114,-3.29693,-2.69114,-2.84477, -2.6895,-2.69114, -2.6895]
	PARPACK diagonalization completed after 30 matrix-vector product operations.
	iteration results: : total energy is -81.861508 | electron energy -82.131314 + phonon energy 0.269806 | electron momentum kIdx = 10
The 15-th iteration is completed.	|| time cost : 0h 0m 27.376s
********************************************************************************************************************
Start the 16 rounds of NGS-ED iteration
	effective electronic model is modified as: kinetic energy t = 0.792679
	                                           effective interaction Vq = [-3.29997,-2.84447,-2.68925,-2.84447,-2.84447,-2.68925,-2.69083,-2.68925,-2.68925,-2.69083,-3.29693,-2.69083,-2.84447,-2.68925,-2.69083,-2.68925]
	PARPACK diagonalization completed after 30 matrix-vector product operations.
	iteration results: : total energy is -81.861509 | electron energy -82.131201 + phonon energy 0.269692 | electron momentum kIdx = 10
The 16-th iteration is completed.	|| time cost : 0h 0m 27.668s
********************************************************************************************************************
Start the 17 rounds of NGS-ED iteration
	effective electronic model is modified as: kinetic energy t = 0.792708
	                                           effective interaction Vq = [-3.29997,-2.84426,-2.68908,-2.84426,-2.84426,-2.68908,-2.69061,-2.68908,-2.68908,-2.69061,-3.29694,-2.69061,-2.84426,-2.68908,-2.69061,-2.68908]
	PARPACK diagonalization completed after 30 matrix-vector product operations.
	iteration results: : total energy is -81.861510 | electron energy -82.131123 + phonon energy 0.269613 | electron momentum kIdx = 10
The 17-th iteration is completed.	|| time cost : 0h 0m 27.397s
********************************************************************************************************************
Start the 18 rounds of NGS-ED iteration
	effective electronic model is modified as: kinetic energy t = 0.792729
	                                           effective interaction Vq = [-3.29997,-2.84412,-2.68896,-2.84412,-2.84412,-2.68896,-2.69046,-2.68896,-2.68896,-2.69046,-3.29694,-2.69046,-2.84412,-2.68896,-2.69046,-2.68896]
	PARPACK diagonalization completed after 30 matrix-vector product operations.
	iteration results: : total energy is -81.861510 | electron energy -82.131068 + phonon energy 0.269558 | electron momentum kIdx = 10
The 18-th iteration is completed.	|| time cost : 0h 0m 27.365s
********************************************************************************************************************
Start the 19 rounds of NGS-ED iteration
	effective electronic model is modified as: kinetic energy t = 0.792743
	                                           effective interaction Vq = [-3.29997,-2.84402,-2.68888,-2.84402,-2.84402,-2.68888,-2.69036,-2.68888,-2.68888,-2.69036,-3.29694,-2.69036,-2.84402,-2.68888,-2.69036,-2.68888]
	PARPACK diagonalization completed after 30 matrix-vector product operations.
	iteration results: : total energy is -81.861510 | electron energy -82.131031 + phonon energy 0.269520 | electron momentum kIdx = 10
The 19-th iteration is completed.	|| time cost : 0h 0m 27.352s
********************************************************************************************************************
Start the 20 rounds of NGS-ED iteration
	effective electronic model is modified as: kinetic energy t = 0.792752
	                                           effective interaction Vq = [-3.29997,-2.84395,-2.68883,-2.84395,-2.84395,-2.68883,-2.69029,-2.68883,-2.68883,-2.69029,-3.29694,-2.69029,-2.84395,-2.68883,-2.69029,-2.68883]
	PARPACK diagonalization completed after 30 matrix-vector product operations.
	iteration results: : total energy is -81.861510 | electron energy -82.131005 + phonon energy 0.269494 | electron momentum kIdx = 10
	Nq(0) = 16,	Nq(1) = 0.158918,	Nq(2) = 0.24179,	Nq(3) = 0.158918,	Nq(4) = 0.158918,	Nq(5) = 0.24179,	Nq(6) = 0.350898,	Nq(7) = 0.24179,	Nq(8) = 0.24179,	Nq(9) = 0.350898,	Nq(10) = 8.98134,	Nq(11) = 0.350898,	Nq(12) = 0.158918,	Nq(13) = 0.24179,	Nq(14) = 0.350898,	Nq(15) = 0.24179,	Sq(0) = 5.77657e-18,	Sq(1) = 0.143398,	Sq(2) = 0.221331,	Sq(3) = 0.143398,	Sq(4) = 0.143398,	Sq(5) = 0.221331,	Sq(6) = 0.310506,	Sq(7) = 0.221331,	Sq(8) = 0.221331,	Sq(9) = 0.310506,	Sq(10) = 0.385052,	Sq(11) = 0.310506,	Sq(12) = 0.143398,	Sq(13) = 0.221331,	Sq(14) = 0.310506,	Sq(15) = 0.221331,	N(0) = 1.92313,	N(1) = 1.78426,	N(2) = 1,	N(3) = 1.78426,	N(4) = 1.78426,	N(5) = 1,	N(6) = 0.215735,	N(7) = 1,	N(8) = 1,	N(9) = 0.215735,	N(10) = 0.0768679,	N(11) = 0.215735,	N(12) = 1.78426,	N(13) = 1,	N(14) = 0.215735,	N(15) = 1,	Delta[s](0) = 0.456976,	Delta[s](1) = 0.410973,	Delta[s](2) = 0.389726,	Delta[s](3) = 0.410973,	Delta[s](4) = 0.410973,	Delta[s](5) = 0.389726,	Delta[s](6) = 0.363714,	Delta[s](7) = 0.389726,	Delta[s](8) = 0.389726,	Delta[s](9) = 0.363714,	Delta[s](10) = 0.341588,	Delta[s](11) = 0.363714,	Delta[s](12) = 0.410973,	Delta[s](13) = 0.389726,	Delta[s](14) = 0.363714,	Delta[s](15) = 0.389726,	Delta[d](0) = 0.148489,	Delta[d](1) = 0.133825,	Delta[d](2) = 0.155017,	Delta[d](3) = 0.133825,	Delta[d](4) = 0.133825,	Delta[d](5) = 0.0938181,	Delta[d](6) = 0.101961,	Delta[d](7) = 0.0938181,	Delta[d](8) = 0.155017,	Delta[d](9) = 0.101961,	Delta[d](10) = 0.0390293,	Delta[d](11) = 0.101961,	Delta[d](12) = 0.133825,	Delta[d](13) = 0.0938181,	Delta[d](14) = 0.101961,	Delta[d](15) = 0.0938181,	Delta[s+](0) = 0.333418,	Delta[s+](1) = 0.249563,	Delta[s+](2) = 0.155017,	Delta[s+](3) = 0.249563,	Delta[s+](4) = 0.249563,	Delta[s+](5) = 0.155017,	Delta[s+](6) = 0.0640906,	Delta[s+](7) = 0.155017,	Delta[s+](8) = 0.155017,	Delta[s+](9) = 0.0640906,	Delta[s+](10) = 0.0242917,	Delta[s+](11) = 0.0640906,	Delta[s+](12) = 0.249563,	Delta[s+](13) = 0.155017,	Delta[s+](14) = 0.0640906,	Delta[s+](15) = 0.155017
The 20-th iteration is completed.	|| time cost : 0h 4m 24.094s
********************************************************************************************************************
Start the 21 rounds of NGS-ED iteration
	effective electronic model is modified as: kinetic energy t = 0.792759
	                                           effective interaction Vq = [-3.29997,-2.84391,-2.68879,-2.84391,-2.84391,-2.68879,-2.69024,-2.68879,-2.68879,-2.69024,-3.29694,-2.69024,-2.84391,-2.68879,-2.69024,-2.68879]
	PARPACK diagonalization completed after 30 matrix-vector product operations.
	iteration results: : total energy is -81.861510 | electron energy -82.130987 + phonon energy 0.269476 | electron momentum kIdx = 10
The 21-th iteration is completed.	|| time cost : 0h 0m 27.366s
********************************************************************************************************************
Start the 22 rounds of NGS-ED iteration
	effective electronic model is modified as: kinetic energy t = 0.792763
	                                           effective interaction Vq = [-3.29997,-2.84388,-2.68876,-2.84388,-2.84388,-2.68876,-2.69021,-2.68876,-2.68876,-2.69021,-3.29694,-2.69021,-2.84388,-2.68876,-2.69021,-2.68876]
	PARPACK diagonalization completed after 30 matrix-vector product operations.
	iteration results: : total energy is -81.861510 | electron energy -82.130974 + phonon energy 0.269464 | electron momentum kIdx = 10
The 22-th iteration is completed.	|| time cost : 0h 0m 27.302s
********************************************************************************************************************
Start the 23 rounds of NGS-ED iteration
	effective electronic model is modified as: kinetic energy t = 0.792766
	                                           effective interaction Vq = [-3.29997,-2.84385,-2.68875,-2.84385,-2.84385,-2.68875,-2.69019,-2.68875,-2.68875,-2.69019,-3.29694,-2.69019,-2.84385,-2.68875,-2.69019,-2.68875]
	PARPACK diagonalization completed after 30 matrix-vector product operations.
	iteration results: : total energy is -81.861510 | electron energy -82.130966 + phonon energy 0.269456 | electron momentum kIdx = 10
The 23-th iteration is completed.	|| time cost : 0h 0m 27.277s
