SNEDics v3.4 Non-Gaussian ED ground state program		Start at Fri Sep 27 16:38:31 2019

parallized on 16 MPI threads  * 8 OpenMP threads = 128 total threads.
********************************************************************************************************************
********************************************************************************************************************

********************************************************************************************************************
System parameters and configurations
********************************************************************************************************************
Special program options are enabled: splitted diagonal Hamiltonian
********************************************************************************************************************
Read input file "model_params.in"
	Hubbard-Holstein model parameters : 	t = 1    U = 9    g = 2.2361    W = 5    
********************************************************************************************************************
Read input file "hilbertspace_params.in"
	Requested 16-site 2D lattice, with 12 electrons (6, 6)
	Boundary : Periodic		Hilbert space representation : momentum-space (restricted to kIdx = 10)
	Conservation: particle number[U(1)]      spin[U(1)]     momentum
********************************************************************************************************************

Cluster Positions:				Cluster symmetry group : D4
 x ... x ... x ... x .....                       x ... x ... x ... x .....
 |           |           :                       |           |           :
 |           |           :                       |           |           :
12    13    14    15     x                       1     5     6     5     x
 |           |           :                       |           |           :
 |           |           :                       |           |           :
 8 --- 9 ---10 ---11 --- x                       2 --- 6 ---10 --- 6 --- x
 |           |           :                       |           |           :
 |           |           :                       |           |           :
 4     5     6     7     x                       1     5     6     5     x
 |           |           :                       |           |           :
 |           |           :                       |           |           :
 0 --- 1 --- 2 --- 3 --- x                       0 --- 1 --- 2 --- 1 --- x
orbital number : 1
********************************************************************************************************************
Read input file "obs_params.in"
	Observable Type : Nq(All),   Sq(All),   N(All),   Delta[s](All),   Delta[d](All),   Delta[s+](All)
********************************************************************************************************************
** WARNING ** the input observables have non-local factors which have been reinterpreted. The total observable number is 96
********************************************************************************************************************


********************************************************************************************************************
Start calculating the non-Gaussian ED ground state
** WARNING ** Detected low phonon energy W < 10. The initial state will be prepared through a warm-up process.
********************************************************************************************************************
Start warm-up calculation for scaling factor 2
open output files: NGSEDWarmUpW10Obs.txt
********************************************************************************************************************
Start the 0 rounds of NGS-ED iteration
	effective electronic model is modified as: kinetic energy t = 1
	                                           effective interaction Vq = [-0,-0,-0,-0,-0,-0,-0,-0,-0,-0,-0,-0,-0,-0,-0,-0]
	first Hamiltonian is constructed, non-zero numbers = 969134084
	PARPACK diagonalization completed after 165 matrix-vector product operations.
	iteration results: : total energy is -14.511237 | electron energy -14.511237 + phonon energy 0.000000 | electron momentum kIdx = 10
	Nq(0) = 9,	Nq(1) = 0.184053,	Nq(2) = 0.230821,	Nq(3) = 0.184053,	Nq(4) = 0.184053,	Nq(5) = 0.251288,	Nq(6) = 0.300745,	Nq(7) = 0.251288,	Nq(8) = 0.230821,	Nq(9) = 0.300745,	Nq(10) = 0.349569,	Nq(11) = 0.300745,	Nq(12) = 0.184053,	Nq(13) = 0.251288,	Nq(14) = 0.300745,	Nq(15) = 0.251288,	Sq(0) = 1.28836e-18,	Sq(1) = 0.563352,	Sq(2) = 0.935498,	Sq(3) = 0.563352,	Sq(4) = 0.563352,	Sq(5) = 0.553202,	Sq(6) = 1.03094,	Sq(7) = 0.553202,	Sq(8) = 0.935498,	Sq(9) = 1.03094,	Sq(10) = 0.783477,	Sq(11) = 1.03094,	Sq(12) = 0.563352,	Sq(13) = 0.553202,	Sq(14) = 1.03094,	Sq(15) = 0.553202,	N(0) = 1.73352,	N(1) = 1.58528,	N(2) = 0.304655,	N(3) = 1.58528,	N(4) = 1.58528,	N(5) = 0.642128,	N(6) = 0.160619,	N(7) = 0.642128,	N(8) = 0.304655,	N(9) = 0.160619,	N(10) = 0.105041,	N(11) = 0.160619,	N(12) = 1.58528,	N(13) = 0.642128,	N(14) = 0.160619,	N(15) = 0.642128,	Delta[s](0) = 0.052291,	Delta[s](1) = 0.0367516,	Delta[s](2) = 0.0216591,	Delta[s](3) = 0.0367516,	Delta[s](4) = 0.0367516,	Delta[s](5) = 0.0240643,	Delta[s](6) = 0.00912691,	Delta[s](7) = 0.0240643,	Delta[s](8) = 0.0216591,	Delta[s](9) = 0.00912691,	Delta[s](10) = 0.00239808,	Delta[s](11) = 0.00912691,	Delta[s](12) = 0.0367516,	Delta[s](13) = 0.0240643,	Delta[s](14) = 0.00912691,	Delta[s](15) = 0.0240643,	Delta[d](0) = 0.193204,	Delta[d](1) = 0.13274,	Delta[d](2) = 0.163923,	Delta[d](3) = 0.13274,	Delta[d](4) = 0.13274,	Delta[d](5) = 0.120479,	Delta[d](6) = 0.0942299,	Delta[d](7) = 0.120479,	Delta[d](8) = 0.163923,	Delta[d](9) = 0.0942299,	Delta[d](10) = 0.0460486,	Delta[d](11) = 0.0942299,	Delta[d](12) = 0.13274,	Delta[d](13) = 0.120479,	Delta[d](14) = 0.0942299,	Delta[d](15) = 0.120479,	Delta[s+](0) = 0.517607,	Delta[s+](1) = 0.353962,	Delta[s+](2) = 0.163923,	Delta[s+](3) = 0.353962,	Delta[s+](4) = 0.353962,	Delta[s+](5) = 0.206112,	Delta[s+](6) = 0.0676529,	Delta[s+](7) = 0.206112,	Delta[s+](8) = 0.163923,	Delta[s+](9) = 0.0676529,	Delta[s+](10) = 0.0194189,	Delta[s+](11) = 0.0676529,	Delta[s+](12) = 0.353962,	Delta[s+](13) = 0.206112,	Delta[s+](14) = 0.0676529,	Delta[s+](15) = 0.206112
The 0-th iteration is completed.	|| time cost : 0h 2m 55.212s
********************************************************************************************************************
Start the 1 rounds of NGS-ED iteration
	effective electronic model is modified as: kinetic energy t = 0.973297
	                                           effective interaction Vq = [-0.864689,-0.806566,-0.772602,-0.806566,-0.806566,-0.779996,-0.759206,-0.779996,-0.772602,-0.759206,-0.744391,-0.759206,-0.806566,-0.779996,-0.759206,-0.779996]
	PARPACK diagonalization completed after 45 matrix-vector product operations.
	iteration results: : total energy is -24.788130 | electron energy -24.788644 + phonon energy 0.000514 | electron momentum kIdx = 10
The 1-th iteration is completed.	|| time cost : 0h 2m 33.033s
********************************************************************************************************************
Start the 2 rounds of NGS-ED iteration
	effective electronic model is modified as: kinetic energy t = 0.959598
	                                           effective interaction Vq = [-0.981712,-0.919915,-0.874743,-0.919915,-0.919915,-0.884451,-0.858292,-0.884451,-0.874743,-0.858292,-0.840385,-0.858292,-0.919915,-0.884451,-0.858292,-0.884451]
	PARPACK diagonalization completed after 30 matrix-vector product operations.
	iteration results: : total energy is -25.992321 | electron energy -25.995192 + phonon energy 0.002871 | electron momentum kIdx = 10
The 2-th iteration is completed.	|| time cost : 0h 0m 8.956s
********************************************************************************************************************
Start the 3 rounds of NGS-ED iteration
	effective electronic model is modified as: kinetic energy t = 0.955865
	                                           effective interaction Vq = [ -0.99755,-0.943111,-0.894923,-0.943111,-0.943111,-0.905341,-0.877536,-0.905341,-0.894923,-0.877536,-0.858658,-0.877536,-0.943111,-0.905341,-0.877536,-0.905341]
	PARPACK diagonalization completed after 30 matrix-vector product operations.
	iteration results: : total energy is -26.144611 | electron energy -26.148981 + phonon energy 0.004370 | electron momentum kIdx = 10
The 3-th iteration is completed.	|| time cost : 0h 0m 8.969s
********************************************************************************************************************
Start the 4 rounds of NGS-ED iteration
	effective electronic model is modified as: kinetic energy t = 0.954914
	                                           effective interaction Vq = [-0.999693,-0.948969,-0.899587,-0.948969,-0.948969,-0.910273,-0.881843,-0.910273,-0.899587,-0.881843,-0.862615,-0.881843,-0.948969,-0.910273,-0.881843,-0.910273]
	PARPACK diagonalization completed after 30 matrix-vector product operations.
	iteration results: : total energy is -26.164556 | electron energy -26.169441 + phonon energy 0.004884 | electron momentum kIdx = 10
The 4-th iteration is completed.	|| time cost : 0h 0m 9.089s
********************************************************************************************************************
Start the 5 rounds of NGS-ED iteration
	effective electronic model is modified as: kinetic energy t = 0.954674
	                                           effective interaction Vq = [-0.999983,-0.950573,-0.900716,-0.950573,-0.950573,-0.911499,-0.882847,-0.911499,-0.900716,-0.882847,-0.863503,-0.882847,-0.950573,-0.911499,-0.882847,-0.911499]
	PARPACK diagonalization completed after 30 matrix-vector product operations.
	iteration results: : total energy is -26.167212 | electron energy -26.172241 + phonon energy 0.005029 | electron momentum kIdx = 10
The 5-th iteration is completed.	|| time cost : 0h 0m 8.981s
********************************************************************************************************************
Start the 6 rounds of NGS-ED iteration
	effective electronic model is modified as: kinetic energy t = 0.954612
	                                           effective interaction Vq = [ -1.00002,-0.951023,-0.900993,-0.951023,-0.951023,-0.911808,-0.883084,-0.911808,-0.900993,-0.883084,-0.863705,-0.883084,-0.951023,-0.911808,-0.883084,-0.911808]
	PARPACK diagonalization completed after 30 matrix-vector product operations.
	iteration results: : total energy is -26.167569 | electron energy -26.172635 + phonon energy 0.005067 | electron momentum kIdx = 10
The 6-th iteration is completed.	|| time cost : 0h 0m 8.979s
********************************************************************************************************************
Start the 7 rounds of NGS-ED iteration
	effective electronic model is modified as: kinetic energy t = 0.954597
	                                           effective interaction Vq = [ -1.00003,-0.951151,-0.901061,-0.951151,-0.951151,-0.911886, -0.88314,-0.911886,-0.901061, -0.88314,-0.863751, -0.88314,-0.951151,-0.911886, -0.88314,-0.911886]
	PARPACK diagonalization completed after 30 matrix-vector product operations.
	iteration results: : total energy is -26.167617 | electron energy -26.172693 + phonon energy 0.005076 | electron momentum kIdx = 10
	Nq(0) = 9,	Nq(1) = 0.197196,	Nq(2) = 0.242874,	Nq(3) = 0.197196,	Nq(4) = 0.197196,	Nq(5) = 0.263871,	Nq(6) = 0.320584,	Nq(7) = 0.263871,	Nq(8) = 0.242874,	Nq(9) = 0.320584,	Nq(10) = 0.378248,	Nq(11) = 0.320584,	Nq(12) = 0.197196,	Nq(13) = 0.263871,	Nq(14) = 0.320584,	Nq(15) = 0.263871,	Sq(0) = 4.06447e-18,	Sq(1) = 0.549654,	Sq(2) = 0.914141,	Sq(3) = 0.549654,	Sq(4) = 0.549654,	Sq(5) = 0.546362,	Sq(6) = 1.00294,	Sq(7) = 0.546362,	Sq(8) = 0.914141,	Sq(9) = 1.00294,	Sq(10) = 0.785299,	Sq(11) = 1.00294,	Sq(12) = 0.549654,	Sq(13) = 0.546362,	Sq(14) = 1.00294,	Sq(15) = 0.546362,	N(0) = 1.78395,	N(1) = 1.64804,	N(2) = 0.258967,	N(3) = 1.64804,	N(4) = 1.64804,	N(5) = 0.61817,	N(6) = 0.136313,	N(7) = 0.61817,	N(8) = 0.258967,	N(9) = 0.136313,	N(10) = 0.0880052,	N(11) = 0.136313,	N(12) = 1.64804,	N(13) = 0.61817,	N(14) = 0.136313,	N(15) = 0.61817,	Delta[s](0) = 0.0645934,	Delta[s](1) = 0.0462463,	Delta[s](2) = 0.0289485,	Delta[s](3) = 0.0462463,	Delta[s](4) = 0.0462463,	Delta[s](5) = 0.0319893,	Delta[s](6) = 0.0136746,	Delta[s](7) = 0.0319893,	Delta[s](8) = 0.0289485,	Delta[s](9) = 0.0136746,	Delta[s](10) = 0.00516943,	Delta[s](11) = 0.0136746,	Delta[s](12) = 0.0462463,	Delta[s](13) = 0.0319893,	Delta[s](14) = 0.0136746,	Delta[s](15) = 0.0319893,	Delta[d](0) = 0.201613,	Delta[d](1) = 0.131906,	Delta[d](2) = 0.165949,	Delta[d](3) = 0.131906,	Delta[d](4) = 0.131906,	Delta[d](5) = 0.122543,	Delta[d](6) = 0.091104,	Delta[d](7) = 0.122543,	Delta[d](8) = 0.165949,	Delta[d](9) = 0.091104,	Delta[d](10) = 0.0423117,	Delta[d](11) = 0.091104,	Delta[d](12) = 0.131906,	Delta[d](13) = 0.122543,	Delta[d](14) = 0.091104,	Delta[d](15) = 0.122543,	Delta[s+](0) = 0.530843,	Delta[s+](1) = 0.362958,	Delta[s+](2) = 0.165949,	Delta[s+](3) = 0.362958,	Delta[s+](4) = 0.362958,	Delta[s+](5) = 0.210344,	Delta[s+](6) = 0.0672393,	Delta[s+](7) = 0.210344,	Delta[s+](8) = 0.165949,	Delta[s+](9) = 0.0672393,	Delta[s+](10) = 0.0192889,	Delta[s+](11) = 0.0672393,	Delta[s+](12) = 0.362958,	Delta[s+](13) = 0.210344,	Delta[s+](14) = 0.0672393,	Delta[s+](15) = 0.210344
The 7-th iteration is completed.	|| time cost : 0h 1m 23.548s
********************************************************************************************************************
********************************************************************************************************************
Ground state is obtained after 8 iterations. The current ground-state energy is -26.1676, in which electron energy is -26.1727 and phonon energy is 0.00507644
final variational state is: 
	Gamma_x = [      1,1.00681,1.01053,1.00681,1.00681,1.01108,1.01453,1.01108,1.01053,1.01453,1.01777,1.01453,1.00681,1.01108,1.01453,1.01108]
	lambda_q = [0.316126,0.246346,0.216758,0.246346,0.246346,0.222358,0.208123,0.222358,0.216758,0.208123,0.199499,0.208123,0.246346,0.222358,0.208123,0.222358]
********************************************************************************************************************
o___o  ----------------------------------------
| L |	Time since last clock: 0h 0m 0s
A===A	Time since the beginning: 0h 7m 36.77s
***********************************************


********************************************************************************************************************
Warm up runs have been completed. Start calculating W = 5 phonon.
open output files: NGSEDIterationObs.txt
********************************************************************************************************************
Start the 0 rounds of NGS-ED iteration
	effective electronic model is modified as: kinetic energy t = 0.954593
	                                           effective interaction Vq = [-0.914101,-0.798276,-0.734466,-0.798276,-0.798276,-0.747215,-0.714192,-0.747215,-0.734466,-0.714192,-0.693199,-0.714192,-0.798276,-0.747215,-0.714192,-0.747215]
	PARPACK diagonalization completed after 45 matrix-vector product operations.
	iteration results: : total energy is -24.745564 | electron energy -24.748103 + phonon energy 0.002539 | electron momentum kIdx = 10
	Nq(0) = 9,	Nq(1) = 0.194275,	Nq(2) = 0.239595,	Nq(3) = 0.194275,	Nq(4) = 0.194275,	Nq(5) = 0.260457,	Nq(6) = 0.314824,	Nq(7) = 0.260457,	Nq(8) = 0.239595,	Nq(9) = 0.314824,	Nq(10) = 0.369826,	Nq(11) = 0.314824,	Nq(12) = 0.194275,	Nq(13) = 0.260457,	Nq(14) = 0.314824,	Nq(15) = 0.260457,	Sq(0) = 3.77166e-18,	Sq(1) = 0.552966,	Sq(2) = 0.919514,	Sq(3) = 0.552966,	Sq(4) = 0.552966,	Sq(5) = 0.548164,	Sq(6) = 1.0108,	Sq(7) = 0.548164,	Sq(8) = 0.919514,	Sq(9) = 1.0108,	Sq(10) = 0.786021,	Sq(11) = 1.0108,	Sq(12) = 0.552966,	Sq(13) = 0.548164,	Sq(14) = 1.0108,	Sq(15) = 0.548164,	N(0) = 1.77159,	N(1) = 1.63228,	N(2) = 0.270239,	N(3) = 1.63228,	N(4) = 1.63228,	N(5) = 0.623977,	N(6) = 0.142559,	N(7) = 0.623977,	N(8) = 0.270239,	N(9) = 0.142559,	N(10) = 0.0926836,	N(11) = 0.142559,	N(12) = 1.63228,	N(13) = 0.623977,	N(14) = 0.142559,	N(15) = 0.623977,	Delta[s](0) = 0.0601639,	Delta[s](1) = 0.0432026,	Delta[s](2) = 0.0270587,	Delta[s](3) = 0.0432026,	Delta[s](4) = 0.0432026,	Delta[s](5) = 0.0298107,	Delta[s](6) = 0.0130156,	Delta[s](7) = 0.0298107,	Delta[s](8) = 0.0270587,	Delta[s](9) = 0.0130156,	Delta[s](10) = 0.00522192,	Delta[s](11) = 0.0130156,	Delta[s](12) = 0.0432026,	Delta[s](13) = 0.0298107,	Delta[s](14) = 0.0130156,	Delta[s](15) = 0.0298107,	Delta[d](0) = 0.201748,	Delta[d](1) = 0.134994,	Delta[d](2) = 0.16841,	Delta[d](3) = 0.134994,	Delta[d](4) = 0.134994,	Delta[d](5) = 0.124435,	Delta[d](6) = 0.0943883,	Delta[d](7) = 0.124435,	Delta[d](8) = 0.16841,	Delta[d](9) = 0.0943883,	Delta[d](10) = 0.0452075,	Delta[d](11) = 0.0943883,	Delta[d](12) = 0.134994,	Delta[d](13) = 0.124435,	Delta[d](14) = 0.0943883,	Delta[d](15) = 0.124435,	Delta[s+](0) = 0.533375,	Delta[s+](1) = 0.364952,	Delta[s+](2) = 0.16841,	Delta[s+](3) = 0.364952,	Delta[s+](4) = 0.364952,	Delta[s+](5) = 0.212394,	Delta[s+](6) = 0.0694692,	Delta[s+](7) = 0.212394,	Delta[s+](8) = 0.16841,	Delta[s+](9) = 0.0694692,	Delta[s+](10) = 0.0205612,	Delta[s+](11) = 0.0694692,	Delta[s+](12) = 0.364952,	Delta[s+](13) = 0.212394,	Delta[s+](14) = 0.0694692,	Delta[s+](15) = 0.212394
The 0-th iteration is completed.	|| time cost : 0h 1m 26.598s
********************************************************************************************************************
Start the 1 rounds of NGS-ED iteration
	effective electronic model is modified as: kinetic energy t = 0.950415
	                                           effective interaction Vq = [-0.968418,-0.839204,-0.758511,-0.839204,-0.839204,-0.775034,-0.731927,-0.775034,-0.758511,-0.731927,-0.704173,-0.731927,-0.839204,-0.775034,-0.731927,-0.775034]
	PARPACK diagonalization completed after 30 matrix-vector product operations.
	iteration results: : total energy is -25.250680 | electron energy -25.257841 + phonon energy 0.007161 | electron momentum kIdx = 10
The 1-th iteration is completed.	|| time cost : 0h 0m 8.987s
********************************************************************************************************************
Start the 2 rounds of NGS-ED iteration
	effective electronic model is modified as: kinetic energy t = 0.948493
	                                           effective interaction Vq = [  -0.9884,-0.857118,-0.768471,-0.857118,-0.857118,-0.786689,-0.739423,-0.786689,-0.768471,-0.739423,-0.709237,-0.739423,-0.857118,-0.786689,-0.739423,-0.786689]
	PARPACK diagonalization completed after 30 matrix-vector product operations.
	iteration results: : total energy is -25.433949 | electron energy -25.444050 + phonon energy 0.010102 | electron momentum kIdx = 10
The 2-th iteration is completed.	|| time cost : 0h 0m 9.041s
********************************************************************************************************************
Start the 3 rounds of NGS-ED iteration
	effective electronic model is modified as: kinetic energy t = 0.947619
	                                           effective interaction Vq = [-0.995751,-0.865313,-0.772704,-0.865313,-0.865313,-0.791716, -0.74264,-0.791716,-0.772704, -0.74264,-0.711525, -0.74264,-0.865313,-0.791716, -0.74264,-0.791716]
	PARPACK diagonalization completed after 30 matrix-vector product operations.
	iteration results: : total energy is -25.500841 | electron energy -25.512472 + phonon energy 0.011631 | electron momentum kIdx = 10
The 3-th iteration is completed.	|| time cost : 0h 0m 8.987s
********************************************************************************************************************
Start the 4 rounds of NGS-ED iteration
	effective electronic model is modified as: kinetic energy t = 0.947222
	                                           effective interaction Vq = [-0.998455,-0.869152,-0.774529,-0.869152,-0.869152,-0.793916, -0.74403,-0.793916,-0.774529, -0.74403,-0.712544, -0.74403,-0.869152,-0.793916, -0.74403,-0.793916]
	PARPACK diagonalization completed after 30 matrix-vector product operations.
	iteration results: : total energy is -25.525337 | electron energy -25.537708 + phonon energy 0.012371 | electron momentum kIdx = 10
The 4-th iteration is completed.	|| time cost : 0h 0m 8.973s
********************************************************************************************************************
Start the 5 rounds of NGS-ED iteration
	effective electronic model is modified as: kinetic energy t = 0.947042
	                                           effective interaction Vq = [ -0.99945,-0.870973,-0.775321,-0.870973,-0.870973,-0.794887,-0.744633,-0.794887,-0.775321,-0.744633,-0.712994,-0.744633,-0.870973,-0.794887,-0.744633,-0.794887]
	PARPACK diagonalization completed after 30 matrix-vector product operations.
	iteration results: : total energy is -25.534325 | electron energy -25.547043 + phonon energy 0.012717 | electron momentum kIdx = 10
The 5-th iteration is completed.	|| time cost : 0h 0m 8.981s
********************************************************************************************************************
Start the 6 rounds of NGS-ED iteration
	effective electronic model is modified as: kinetic energy t = 0.94696
	                                           effective interaction Vq = [-0.999816,-0.871843,-0.775667,-0.871843,-0.871843,-0.795318,-0.744895,-0.795318,-0.775667,-0.744895,-0.713191,-0.744895,-0.871843,-0.795318,-0.744895,-0.795318]
	PARPACK diagonalization completed after 30 matrix-vector product operations.
	iteration results: : total energy is -25.537627 | electron energy -25.550504 + phonon energy 0.012877 | electron momentum kIdx = 10
The 6-th iteration is completed.	|| time cost : 0h 0m 8.966s
********************************************************************************************************************
Start the 7 rounds of NGS-ED iteration
	effective electronic model is modified as: kinetic energy t = 0.946922
	                                           effective interaction Vq = [ -0.99995, -0.87226,-0.775819, -0.87226, -0.87226,-0.795509,-0.745009,-0.795509,-0.775819,-0.745009,-0.713278,-0.745009, -0.87226,-0.795509,-0.745009,-0.795509]
	PARPACK diagonalization completed after 30 matrix-vector product operations.
	iteration results: : total energy is -25.538840 | electron energy -25.551790 + phonon energy 0.012950 | electron momentum kIdx = 10
The 7-th iteration is completed.	|| time cost : 0h 0m 8.995s
********************************************************************************************************************
Start the 8 rounds of NGS-ED iteration
	effective electronic model is modified as: kinetic energy t = 0.946905
	                                           effective interaction Vq = [       -1,-0.872461,-0.775885,-0.872461,-0.872461,-0.795595,-0.745059,-0.795595,-0.775885,-0.745059,-0.713315,-0.745059,-0.872461,-0.795595,-0.745059,-0.795595]
	PARPACK diagonalization completed after 30 matrix-vector product operations.
	iteration results: : total energy is -25.539286 | electron energy -25.552270 + phonon energy 0.012983 | electron momentum kIdx = 10
The 8-th iteration is completed.	|| time cost : 0h 0m 9.08s
********************************************************************************************************************
Start the 9 rounds of NGS-ED iteration
	effective electronic model is modified as: kinetic energy t = 0.946897
	                                           effective interaction Vq = [ -1.00002,-0.872557,-0.775914,-0.872557,-0.872557,-0.795633, -0.74508,-0.795633,-0.775914, -0.74508,-0.713332, -0.74508,-0.872557,-0.795633, -0.74508,-0.795633]
	PARPACK diagonalization completed after 30 matrix-vector product operations.
	iteration results: : total energy is -25.539450 | electron energy -25.552449 + phonon energy 0.012998 | electron momentum kIdx = 10
The 9-th iteration is completed.	|| time cost : 0h 0m 8.999s
********************************************************************************************************************
Start the 10 rounds of NGS-ED iteration
	effective electronic model is modified as: kinetic energy t = 0.946894
	                                           effective interaction Vq = [ -1.00002,-0.872604,-0.775927,-0.872604,-0.872604, -0.79565, -0.74509, -0.79565,-0.775927, -0.74509,-0.713339, -0.74509,-0.872604, -0.79565, -0.74509, -0.79565]
	PARPACK diagonalization completed after 30 matrix-vector product operations.
	iteration results: : total energy is -25.539511 | electron energy -25.552516 + phonon energy 0.013005 | electron momentum kIdx = 10
	Nq(0) = 9,	Nq(1) = 0.195363,	Nq(2) = 0.239797,	Nq(3) = 0.195363,	Nq(4) = 0.195363,	Nq(5) = 0.260764,	Nq(6) = 0.314666,	Nq(7) = 0.260764,	Nq(8) = 0.239797,	Nq(9) = 0.314666,	Nq(10) = 0.369294,	Nq(11) = 0.314666,	Nq(12) = 0.195363,	Nq(13) = 0.260764,	Nq(14) = 0.314666,	Nq(15) = 0.260764,	Sq(0) = -4.34208e-18,	Sq(1) = 0.552397,	Sq(2) = 0.918795,	Sq(3) = 0.552397,	Sq(4) = 0.552397,	Sq(5) = 0.548031,	Sq(6) = 1.01043,	Sq(7) = 0.548031,	Sq(8) = 0.918795,	Sq(9) = 1.01043,	Sq(10) = 0.786932,	Sq(11) = 1.01043,	Sq(12) = 0.552397,	Sq(13) = 0.548031,	Sq(14) = 1.01043,	Sq(15) = 0.548031,	N(0) = 1.7726,	N(1) = 1.63383,	N(2) = 0.268739,	N(3) = 1.63383,	N(4) = 1.63383,	N(5) = 0.623205,	N(6) = 0.142238,	N(7) = 0.623205,	N(8) = 0.268739,	N(9) = 0.142238,	N(10) = 0.0928147,	N(11) = 0.142238,	N(12) = 1.63383,	N(13) = 0.623205,	N(14) = 0.142238,	N(15) = 0.623205,	Delta[s](0) = 0.0599951,	Delta[s](1) = 0.0432106,	Delta[s](2) = 0.0272374,	Delta[s](3) = 0.0432106,	Delta[s](4) = 0.0432106,	Delta[s](5) = 0.0299628,	Delta[s](6) = 0.0133248,	Delta[s](7) = 0.0299628,	Delta[s](8) = 0.0272374,	Delta[s](9) = 0.0133248,	Delta[s](10) = 0.00556786,	Delta[s](11) = 0.0133248,	Delta[s](12) = 0.0432106,	Delta[s](13) = 0.0299628,	Delta[s](14) = 0.0133248,	Delta[s](15) = 0.0299628,	Delta[d](0) = 0.205633,	Delta[d](1) = 0.137924,	Delta[d](2) = 0.171844,	Delta[d](3) = 0.137924,	Delta[d](4) = 0.137924,	Delta[d](5) = 0.127137,	Delta[d](6) = 0.0965565,	Delta[d](7) = 0.127137,	Delta[d](8) = 0.171844,	Delta[d](9) = 0.0965565,	Delta[d](10) = 0.0465209,	Delta[d](11) = 0.0965565,	Delta[d](12) = 0.137924,	Delta[d](13) = 0.127137,	Delta[d](14) = 0.0965565,	Delta[d](15) = 0.127137,	Delta[s+](0) = 0.543139,	Delta[s+](1) = 0.371711,	Delta[s+](2) = 0.171844,	Delta[s+](3) = 0.371711,	Delta[s+](4) = 0.371711,	Delta[s+](5) = 0.216549,	Delta[s+](6) = 0.0712271,	Delta[s+](7) = 0.216549,	Delta[s+](8) = 0.171844,	Delta[s+](9) = 0.0712271,	Delta[s+](10) = 0.0213345,	Delta[s+](11) = 0.0712271,	Delta[s+](12) = 0.371711,	Delta[s+](13) = 0.216549,	Delta[s+](14) = 0.0712271,	Delta[s+](15) = 0.216549
The 10-th iteration is completed.	|| time cost : 0h 1m 23.314s
********************************************************************************************************************
Start the 11 rounds of NGS-ED iteration
	effective electronic model is modified as: kinetic energy t = 0.946892
	                                           effective interaction Vq = [ -1.00003,-0.872626,-0.775933,-0.872626,-0.872626,-0.795657,-0.745094,-0.795657,-0.775933,-0.745094,-0.713342,-0.745094,-0.872626,-0.795657,-0.745094,-0.795657]
	PARPACK diagonalization completed after 30 matrix-vector product operations.
	iteration results: : total energy is -25.539533 | electron energy -25.552541 + phonon energy 0.013008 | electron momentum kIdx = 10
The 11-th iteration is completed.	|| time cost : 0h 0m 8.987s
********************************************************************************************************************
Start the 12 rounds of NGS-ED iteration
	effective electronic model is modified as: kinetic energy t = 0.946891
	                                           effective interaction Vq = [ -1.00003,-0.872637,-0.775935,-0.872637,-0.872637,-0.795661,-0.745096,-0.795661,-0.775935,-0.745096,-0.713343,-0.745096,-0.872637,-0.795661,-0.745096,-0.795661]
	PARPACK diagonalization completed after 30 matrix-vector product operations.
	iteration results: : total energy is -25.539541 | electron energy -25.552551 + phonon energy 0.013010 | electron momentum kIdx = 10
The 12-th iteration is completed.	|| time cost : 0h 0m 9.077s
********************************************************************************************************************
Start the 13 rounds of NGS-ED iteration
	effective electronic model is modified as: kinetic energy t = 0.946891
	                                           effective interaction Vq = [ -1.00003,-0.872642,-0.775936,-0.872642,-0.872642,-0.795662,-0.745096,-0.795662,-0.775936,-0.745096,-0.713344,-0.745096,-0.872642,-0.795662,-0.745096,-0.795662]
	PARPACK diagonalization completed after 30 matrix-vector product operations.
	iteration results: : total energy is -25.539544 | electron energy -25.552555 + phonon energy 0.013011 | electron momentum kIdx = 10
The 13-th iteration is completed.	|| time cost : 0h 0m 8.989s
********************************************************************************************************************
Start the 14 rounds of NGS-ED iteration
	effective electronic model is modified as: kinetic energy t = 0.946891
	                                           effective interaction Vq = [ -1.00003,-0.872645,-0.775937,-0.872645,-0.872645,-0.795663,-0.745097,-0.795663,-0.775937,-0.745097,-0.713344,-0.745097,-0.872645,-0.795663,-0.745097,-0.795663]
	PARPACK diagonalization completed after 30 matrix-vector product operations.
	iteration results: : total energy is -25.539545 | electron energy -25.552556 + phonon energy 0.013011 | electron momentum kIdx = 10
The 14-th iteration is completed.	|| time cost : 0h 0m 8.966s
********************************************************************************************************************
Start the 15 rounds of NGS-ED iteration
	effective electronic model is modified as: kinetic energy t = 0.946891
	                                           effective interaction Vq = [ -1.00003,-0.872646,-0.775937,-0.872646,-0.872646,-0.795663,-0.745097,-0.795663,-0.775937,-0.745097,-0.713344,-0.745097,-0.872646,-0.795663,-0.745097,-0.795663]
	PARPACK diagonalization completed after 30 matrix-vector product operations.
	iteration results: : total energy is -25.539546 | electron energy -25.552557 + phonon energy 0.013011 | electron momentum kIdx = 10
The 15-th iteration is completed.	|| time cost : 0h 0m 9.003s
********************************************************************************************************************
Start the 16 rounds of NGS-ED iteration
	effective electronic model is modified as: kinetic energy t = 0.946891
	                                           effective interaction Vq = [ -1.00003,-0.872646,-0.775937,-0.872646,-0.872646,-0.795663,-0.745097,-0.795663,-0.775937,-0.745097,-0.713344,-0.745097,-0.872646,-0.795663,-0.745097,-0.795663]
	PARPACK diagonalization completed after 30 matrix-vector product operations.
	iteration results: : total energy is -25.539546 | electron energy -25.552557 + phonon energy 0.013011 | electron momentum kIdx = 10
The 16-th iteration is completed.	|| time cost : 0h 0m 9.07s
********************************************************************************************************************
Start the 17 rounds of NGS-ED iteration
	effective electronic model is modified as: kinetic energy t = 0.946891
	                                           effective interaction Vq = [ -1.00003,-0.872647,-0.775937,-0.872647,-0.872647,-0.795663,-0.745097,-0.795663,-0.775937,-0.745097,-0.713344,-0.745097,-0.872647,-0.795663,-0.745097,-0.795663]
	PARPACK diagonalization completed after 30 matrix-vector product operations.
	iteration results: : total energy is -25.539546 | electron energy -25.552557 + phonon energy 0.013011 | electron momentum kIdx = 10
The 17-th iteration is completed.	|| time cost : 0h 0m 9.005s
********************************************************************************************************************
Start the 18 rounds of NGS-ED iteration
	effective electronic model is modified as: kinetic energy t = 0.946891
	                                           effective interaction Vq = [ -1.00003,-0.872647,-0.775937,-0.872647,-0.872647,-0.795663,-0.745097,-0.795663,-0.775937,-0.745097,-0.713344,-0.745097,-0.872647,-0.795663,-0.745097,-0.795663]
	PARPACK diagonalization completed after 30 matrix-vector product operations.
	iteration results: : total energy is -25.539546 | electron energy -25.552557 + phonon energy 0.013011 | electron momentum kIdx = 10
The 18-th iteration is completed.	|| time cost : 0h 0m 9.086s
********************************************************************************************************************
Start the 19 rounds of NGS-ED iteration
	effective electronic model is modified as: kinetic energy t = 0.946891
	                                           effective interaction Vq = [ -1.00003,-0.872647,-0.775937,-0.872647,-0.872647,-0.795663,-0.745097,-0.795663,-0.775937,-0.745097,-0.713344,-0.745097,-0.872647,-0.795663,-0.745097,-0.795663]
	PARPACK diagonalization completed after 30 matrix-vector product operations.
	iteration results: : total energy is -25.539546 | electron energy -25.552557 + phonon energy 0.013011 | electron momentum kIdx = 10
The 19-th iteration is completed.	|| time cost : 0h 0m 8.97s
********************************************************************************************************************
Start the 20 rounds of NGS-ED iteration
	effective electronic model is modified as: kinetic energy t = 0.946891
	                                           effective interaction Vq = [ -1.00003,-0.872647,-0.775937,-0.872647,-0.872647,-0.795663,-0.745097,-0.795663,-0.775937,-0.745097,-0.713344,-0.745097,-0.872647,-0.795663,-0.745097,-0.795663]
	PARPACK diagonalization completed after 30 matrix-vector product operations.
	iteration results: : total energy is -25.539546 | electron energy -25.552557 + phonon energy 0.013011 | electron momentum kIdx = 10
	Nq(0) = 9,	Nq(1) = 0.195364,	Nq(2) = 0.239797,	Nq(3) = 0.195364,	Nq(4) = 0.195364,	Nq(5) = 0.260764,	Nq(6) = 0.314665,	Nq(7) = 0.260764,	Nq(8) = 0.239797,	Nq(9) = 0.314665,	Nq(10) = 0.369294,	Nq(11) = 0.314665,	Nq(12) = 0.195364,	Nq(13) = 0.260764,	Nq(14) = 0.314665,	Nq(15) = 0.260764,	Sq(0) = -5.1985e-19,	Sq(1) = 0.552397,	Sq(2) = 0.918794,	Sq(3) = 0.552397,	Sq(4) = 0.552397,	Sq(5) = 0.548031,	Sq(6) = 1.01043,	Sq(7) = 0.548031,	Sq(8) = 0.918794,	Sq(9) = 1.01043,	Sq(10) = 0.786933,	Sq(11) = 1.01043,	Sq(12) = 0.552397,	Sq(13) = 0.548031,	Sq(14) = 1.01043,	Sq(15) = 0.548031,	N(0) = 1.7726,	N(1) = 1.63383,	N(2) = 0.268738,	N(3) = 1.63383,	N(4) = 1.63383,	N(5) = 0.623204,	N(6) = 0.142238,	N(7) = 0.623204,	N(8) = 0.268738,	N(9) = 0.142238,	N(10) = 0.092815,	N(11) = 0.142238,	N(12) = 1.63383,	N(13) = 0.623204,	N(14) = 0.142238,	N(15) = 0.623204,	Delta[s](0) = 0.059995,	Delta[s](1) = 0.0432106,	Delta[s](2) = 0.0272375,	Delta[s](3) = 0.0432106,	Delta[s](4) = 0.0432106,	Delta[s](5) = 0.0299628,	Delta[s](6) = 0.0133249,	Delta[s](7) = 0.0299628,	Delta[s](8) = 0.0272375,	Delta[s](9) = 0.0133249,	Delta[s](10) = 0.00556799,	Delta[s](11) = 0.0133249,	Delta[s](12) = 0.0432106,	Delta[s](13) = 0.0299628,	Delta[s](14) = 0.0133249,	Delta[s](15) = 0.0299628,	Delta[d](0) = 0.205658,	Delta[d](1) = 0.137941,	Delta[d](2) = 0.171865,	Delta[d](3) = 0.137941,	Delta[d](4) = 0.137941,	Delta[d](5) = 0.127153,	Delta[d](6) = 0.0965685,	Delta[d](7) = 0.127153,	Delta[d](8) = 0.171865,	Delta[d](9) = 0.0965685,	Delta[d](10) = 0.0465268,	Delta[d](11) = 0.0965685,	Delta[d](12) = 0.137941,	Delta[d](13) = 0.127153,	Delta[d](14) = 0.0965685,	Delta[d](15) = 0.127153,	Delta[s+](0) = 0.543205,	Delta[s+](1) = 0.371757,	Delta[s+](2) = 0.171865,	Delta[s+](3) = 0.371757,	Delta[s+](4) = 0.371757,	Delta[s+](5) = 0.216575,	Delta[s+](6) = 0.071236,	Delta[s+](7) = 0.216575,	Delta[s+](8) = 0.171865,	Delta[s+](9) = 0.071236,	Delta[s+](10) = 0.0213373,	Delta[s+](11) = 0.071236,	Delta[s+](12) = 0.371757,	Delta[s+](13) = 0.216575,	Delta[s+](14) = 0.071236,	Delta[s+](15) = 0.216575
The 20-th iteration is completed.	|| time cost : 0h 1m 24.179s
********************************************************************************************************************
Start the 21 rounds of NGS-ED iteration
	effective electronic model is modified as: kinetic energy t = 0.946891
	                                           effective interaction Vq = [ -1.00003,-0.872647,-0.775937,-0.872647,-0.872647,-0.795663,-0.745097,-0.795663,-0.775937,-0.745097,-0.713344,-0.745097,-0.872647,-0.795663,-0.745097,-0.795663]
	PARPACK diagonalization completed after 30 matrix-vector product operations.
	iteration results: : total energy is -25.539546 | electron energy -25.552557 + phonon energy 0.013011 | electron momentum kIdx = 10
The 21-th iteration is completed.	|| time cost : 0h 0m 9.065s
********************************************************************************************************************
Start the 22 rounds of NGS-ED iteration
	effective electronic model is modified as: kinetic energy t = 0.946891
	                                           effective interaction Vq = [ -1.00003,-0.872647,-0.775937,-0.872647,-0.872647,-0.795663,-0.745097,-0.795663,-0.775937,-0.745097,-0.713344,-0.745097,-0.872647,-0.795663,-0.745097,-0.795663]
	PARPACK diagonalization completed after 30 matrix-vector product operations.
	iteration results: : total energy is -25.539546 | electron energy -25.552557 + phonon energy 0.013011 | electron momentum kIdx = 10
The 22-th iteration is completed.	|| time cost : 0h 0m 8.959s
********************************************************************************************************************
Start the 23 rounds of NGS-ED iteration
	effective electronic model is modified as: kinetic energy t = 0.946891
	                                           effective interaction Vq = [ -1.00003,-0.872647,-0.775937,-0.872647,-0.872647,-0.795663,-0.745097,-0.795663,-0.775937,-0.745097,-0.713344,-0.745097,-0.872647,-0.795663,-0.745097,-0.795663]
	PARPACK diagonalization completed after 30 matrix-vector product operations.
	iteration results: : total energy is -25.539546 | electron energy -25.552557 + phonon energy 0.013011 | electron momentum kIdx = 10
