SNEDics v3.4 Non-Gaussian ED ground state program		Start at Tue Oct  1 22:36:59 2019

parallized on 16 MPI threads  * 8 OpenMP threads = 128 total threads.
********************************************************************************************************************
********************************************************************************************************************

********************************************************************************************************************
System parameters and configurations
********************************************************************************************************************
Special program options are enabled: splitted diagonal Hamiltonian
********************************************************************************************************************
Read input file "model_params.in"
	Hubbard-Holstein model parameters : 	t = 1    U = 4.2    g = 3.6742    W = 5    
********************************************************************************************************************
Read input file "hilbertspace_params.in"
	Requested 16-site 2D lattice, with 16 electrons (8, 8)
	Boundary : Periodic		Hilbert space representation : momentum-space (restricted to kIdx = 10)
	Conservation: particle number[U(1)]      spin[U(1)]     momentum
********************************************************************************************************************

Cluster Positions:				Cluster symmetry group : D4
 x ... x ... x ... x .....                       x ... x ... x ... x .....
 |           |           :                       |           |           :
 |           |           :                       |           |           :
12    13    14    15     x                       1     5     6     5     x
 |           |           :                       |           |           :
 |           |           :                       |           |           :
 8 --- 9 ---10 ---11 --- x                       2 --- 6 ---10 --- 6 --- x
 |           |           :                       |           |           :
 |           |           :                       |           |           :
 4     5     6     7     x                       1     5     6     5     x
 |           |           :                       |           |           :
 |           |           :                       |           |           :
 0 --- 1 --- 2 --- 3 --- x                       0 --- 1 --- 2 --- 1 --- x
orbital number : 1
********************************************************************************************************************
Read input file "obs_params.in"
	Observable Type : Nq(All),   Sq(All),   N(All),   Delta[s](All),   Delta[d](All),   Delta[s+](All)
********************************************************************************************************************
** WARNING ** the input observables have non-local factors which have been reinterpreted. The total observable number is 96
********************************************************************************************************************


********************************************************************************************************************
Start calculating the non-Gaussian ED ground state
** WARNING ** Detected low phonon energy W < 10. The initial state will be prepared through a warm-up process.
********************************************************************************************************************
Start warm-up calculation for scaling factor 2
open output files: NGSEDWarmUpW10Obs.txt
********************************************************************************************************************
Start the 0 rounds of NGS-ED iteration
	effective electronic model is modified as: kinetic energy t = 1
	                                           effective interaction Vq = [-0,-0,-0,-0,-0,-0,-0,-0,-0,-0,-0,-0,-0,-0,-0,-0]
	first Hamiltonian is constructed, non-zero numbers = 2845334624
	PARPACK diagonalization completed after 90 matrix-vector product operations.
	iteration results: : total energy is -13.107044 | electron energy -13.107044 + phonon energy 0.000000 | electron momentum kIdx = 10
	Nq(0) = 16,	Nq(1) = 0.157226,	Nq(2) = 0.228709,	Nq(3) = 0.157226,	Nq(4) = 0.157226,	Nq(5) = 0.228709,	Nq(6) = 0.311786,	Nq(7) = 0.228709,	Nq(8) = 0.228709,	Nq(9) = 0.311786,	Nq(10) = 0.374943,	Nq(11) = 0.311786,	Nq(12) = 0.157226,	Nq(13) = 0.228709,	Nq(14) = 0.311786,	Nq(15) = 0.228709,	Sq(0) = -1.33693e-18,	Sq(1) = 0.310568,	Sq(2) = 0.418821,	Sq(3) = 0.310568,	Sq(4) = 0.310568,	Sq(5) = 0.418821,	Sq(6) = 0.630234,	Sq(7) = 0.418821,	Sq(8) = 0.418821,	Sq(9) = 0.630234,	Sq(10) = 6.10062,	Sq(11) = 0.630234,	Sq(12) = 0.310568,	Sq(13) = 0.418821,	Sq(14) = 0.630234,	Sq(15) = 0.418821,	N(0) = 1.92524,	N(1) = 1.83212,	N(2) = 1,	N(3) = 1.83212,	N(4) = 1.83212,	N(5) = 1,	N(6) = 0.167878,	N(7) = 1,	N(8) = 1,	N(9) = 0.167878,	N(10) = 0.0747604,	N(11) = 0.167878,	N(12) = 1.83212,	N(13) = 1,	N(14) = 0.167878,	N(15) = 1,	Delta[s](0) = 0.169594,	Delta[s](1) = 0.145568,	Delta[s](2) = 0.114091,	Delta[s](3) = 0.145568,	Delta[s](4) = 0.145568,	Delta[s](5) = 0.114091,	Delta[s](6) = 0.086904,	Delta[s](7) = 0.114091,	Delta[s](8) = 0.114091,	Delta[s](9) = 0.086904,	Delta[s](10) = 0.0275932,	Delta[s](11) = 0.086904,	Delta[s](12) = 0.145568,	Delta[s](13) = 0.114091,	Delta[s](14) = 0.086904,	Delta[s](15) = 0.114091,	Delta[d](0) = 0.518417,	Delta[d](1) = 0.389397,	Delta[d](2) = 0.329369,	Delta[d](3) = 0.389397,	Delta[d](4) = 0.389397,	Delta[d](5) = 0.376616,	Delta[d](6) = 0.306177,	Delta[d](7) = 0.376616,	Delta[d](8) = 0.329369,	Delta[d](9) = 0.306177,	Delta[d](10) = 0.24773,	Delta[d](11) = 0.306177,	Delta[d](12) = 0.389397,	Delta[d](13) = 0.376616,	Delta[d](14) = 0.306177,	Delta[d](15) = 0.376616,	Delta[s+](0) = 0.586726,	Delta[s+](1) = 0.481861,	Delta[s+](2) = 0.329369,	Delta[s+](3) = 0.481861,	Delta[s+](4) = 0.481861,	Delta[s+](5) = 0.329369,	Delta[s+](6) = 0.182099,	Delta[s+](7) = 0.329369,	Delta[s+](8) = 0.329369,	Delta[s+](9) = 0.182099,	Delta[s+](10) = 0.0670254,	Delta[s+](11) = 0.182099,	Delta[s+](12) = 0.481861,	Delta[s+](13) = 0.329369,	Delta[s+](14) = 0.182099,	Delta[s+](15) = 0.329369
The 0-th iteration is completed.	|| time cost : 0h 8m 20.918s
********************************************************************************************************************
Start the 1 rounds of NGS-ED iteration
	effective electronic model is modified as: kinetic energy t = 0.93314
	                                           effective interaction Vq = [-2.33455,-2.12972,-2.05588,-2.12972,-2.12972,-2.05588,-2.03026,-2.05588,-2.05588,-2.03026,-1.99973,-2.03026,-2.12972,-2.05588,-2.03026,-2.05588]
	PARPACK diagonalization completed after 45 matrix-vector product operations.
	iteration results: : total energy is -59.455272 | electron energy -59.459589 + phonon energy 0.004316 | electron momentum kIdx = 10
The 1-th iteration is completed.	|| time cost : 0h 7m 30.217s
********************************************************************************************************************
Start the 2 rounds of NGS-ED iteration
	effective electronic model is modified as: kinetic energy t = 0.882359
	                                           effective interaction Vq = [ -2.6505,-2.53951,-2.42674,-2.53951,-2.53951,-2.42674,-2.44311,-2.42674,-2.42674,-2.44311,-2.37723,-2.44311,-2.53951,-2.42674,-2.44311,-2.42674]
	PARPACK diagonalization completed after 45 matrix-vector product operations.
	iteration results: : total energy is -66.569139 | electron energy -66.603664 + phonon energy 0.034525 | electron momentum kIdx = 10
The 2-th iteration is completed.	|| time cost : 0h 0m 31.98s
********************************************************************************************************************
Start the 3 rounds of NGS-ED iteration
	effective electronic model is modified as: kinetic energy t = 0.855622
	                                           effective interaction Vq = [-2.69326,-2.62449,-2.58645,-2.62449,-2.62449,-2.58645,-2.54376,-2.58645,-2.58645,-2.54376,-2.47263,-2.54376,-2.62449,-2.58645,-2.54376,-2.58645]
	PARPACK diagonalization completed after 30 matrix-vector product operations.
	iteration results: : total energy is -67.710895 | electron energy -67.774001 + phonon energy 0.063107 | electron momentum kIdx = 10
The 3-th iteration is completed.	|| time cost : 0h 0m 27.276s
********************************************************************************************************************
Start the 4 rounds of NGS-ED iteration
	effective electronic model is modified as: kinetic energy t = 0.84609
	                                           effective interaction Vq = [-2.69904, -2.6457,-2.62661, -2.6457, -2.6457,-2.62661,-2.57185,-2.62661,-2.62661,-2.57185,-2.50042,-2.57185, -2.6457,-2.62661,-2.57185,-2.62661]
	PARPACK diagonalization completed after 30 matrix-vector product operations.
	iteration results: : total energy is -67.859972 | electron energy -67.937922 + phonon energy 0.077951 | electron momentum kIdx = 10
The 4-th iteration is completed.	|| time cost : 0h 0m 27.652s
********************************************************************************************************************
Start the 5 rounds of NGS-ED iteration
	effective electronic model is modified as: kinetic energy t = 0.842804
	                                           effective interaction Vq = [-2.69983,-2.65197,-2.63849,-2.65197,-2.65197,-2.63849,-2.58071,-2.63849,-2.63849,-2.58071,-2.50936,-2.58071,-2.65197,-2.63849,-2.58071,-2.63849]
	PARPACK diagonalization completed after 120 matrix-vector product operations.
	iteration results: : total energy is -68.202286 | electron energy -68.286128 + phonon energy 0.083842 | electron momentum kIdx = 10
The 5-th iteration is completed.	|| time cost : 0h 0m 55.501s
********************************************************************************************************************
Start the 6 rounds of NGS-ED iteration
	effective electronic model is modified as: kinetic energy t = 0.839263
	                                           effective interaction Vq = [-2.69993,-2.65052,-2.64902,-2.65052,-2.65052,-2.64902,-2.57807,-2.64902,-2.64902,-2.57807,-2.58087,-2.57807,-2.65052,-2.64902,-2.57807,-2.64902]
	PARPACK diagonalization completed after 45 matrix-vector product operations.
	iteration results: : total energy is -68.230985 | electron energy -68.319369 + phonon energy 0.088385 | electron momentum kIdx = 10
The 6-th iteration is completed.	|| time cost : 0h 0m 32.004s
********************************************************************************************************************
Start the 7 rounds of NGS-ED iteration
	effective electronic model is modified as: kinetic energy t = 0.837669
	                                           effective interaction Vq = [-2.69995,-2.65043,-2.65087,-2.65043,-2.65043,-2.65087,-2.57777,-2.65087,-2.65087,-2.57777,-2.61581,-2.57777,-2.65043,-2.65087,-2.57777,-2.65087]
	PARPACK diagonalization completed after 45 matrix-vector product operations.
	iteration results: : total energy is -68.249397 | electron energy -68.340836 + phonon energy 0.091438 | electron momentum kIdx = 10
The 7-th iteration is completed.	|| time cost : 0h 0m 32.006s
********************************************************************************************************************
Start the 8 rounds of NGS-ED iteration
	effective electronic model is modified as: kinetic energy t = 0.837497
	                                           effective interaction Vq = [-2.69995, -2.6508,-2.63793, -2.6508, -2.6508,-2.63793,-2.57853,-2.63793,-2.63793,-2.57853,-2.66085,-2.57853, -2.6508,-2.63793,-2.57853,-2.63793]
	PARPACK diagonalization completed after 45 matrix-vector product operations.
	iteration results: : total energy is -68.362525 | electron energy -68.456164 + phonon energy 0.093639 | electron momentum kIdx = 10
The 8-th iteration is completed.	|| time cost : 0h 0m 32.015s
********************************************************************************************************************
Start the 9 rounds of NGS-ED iteration
	effective electronic model is modified as: kinetic energy t = 0.844283
	                                           effective interaction Vq = [-2.69995, -2.6462,-2.57952, -2.6462, -2.6462,-2.57952,-2.57204,-2.57952,-2.57952,-2.57204,-2.68474,-2.57204, -2.6462,-2.57952,-2.57204,-2.57952]
	PARPACK diagonalization completed after 30 matrix-vector product operations.
	iteration results: : total energy is -68.464626 | electron energy -68.556500 + phonon energy 0.091874 | electron momentum kIdx = 10
The 9-th iteration is completed.	|| time cost : 0h 0m 27.372s
********************************************************************************************************************
Start the 10 rounds of NGS-ED iteration
	effective electronic model is modified as: kinetic energy t = 0.847203
	                                           effective interaction Vq = [-2.69995,-2.64202,-2.55207,-2.64202,-2.64202,-2.55207,-2.56638,-2.55207,-2.55207,-2.56638,-2.69068,-2.56638,-2.64202,-2.55207,-2.56638,-2.55207]
	PARPACK diagonalization completed after 30 matrix-vector product operations.
	iteration results: : total energy is -68.479091 | electron energy -68.569229 + phonon energy 0.090138 | electron momentum kIdx = 10
	Nq(0) = 16,	Nq(1) = 0.344514,	Nq(2) = 0.371891,	Nq(3) = 0.344514,	Nq(4) = 0.344514,	Nq(5) = 0.371891,	Nq(6) = 0.607194,	Nq(7) = 0.371891,	Nq(8) = 0.371891,	Nq(9) = 0.607194,	Nq(10) = 4.24255,	Nq(11) = 0.607194,	Nq(12) = 0.344514,	Nq(13) = 0.371891,	Nq(14) = 0.607194,	Nq(15) = 0.371891,	Sq(0) = -5.45792e-18,	Sq(1) = 0.283504,	Sq(2) = 0.335483,	Sq(3) = 0.283504,	Sq(4) = 0.283504,	Sq(5) = 0.335483,	Sq(6) = 0.50326,	Sq(7) = 0.335483,	Sq(8) = 0.335483,	Sq(9) = 0.50326,	Sq(10) = 0.559321,	Sq(11) = 0.50326,	Sq(12) = 0.283504,	Sq(13) = 0.335483,	Sq(14) = 0.50326,	Sq(15) = 0.335483,	N(0) = 1.99184,	N(1) = 1.97773,	N(2) = 1,	N(3) = 1.97773,	N(4) = 1.97773,	N(5) = 1,	N(6) = 0.0222729,	N(7) = 1,	N(8) = 1,	N(9) = 0.0222729,	N(10) = 0.00815951,	N(11) = 0.0222729,	N(12) = 1.97773,	N(13) = 1,	N(14) = 0.0222729,	N(15) = 1,	Delta[s](0) = 0.467617,	Delta[s](1) = 0.342575,	Delta[s](2) = 0.331002,	Delta[s](3) = 0.342575,	Delta[s](4) = 0.342575,	Delta[s](5) = 0.331002,	Delta[s](6) = 0.268255,	Delta[s](7) = 0.331002,	Delta[s](8) = 0.331002,	Delta[s](9) = 0.268255,	Delta[s](10) = 0.243415,	Delta[s](11) = 0.268255,	Delta[s](12) = 0.342575,	Delta[s](13) = 0.331002,	Delta[s](14) = 0.268255,	Delta[s](15) = 0.331002,	Delta[d](0) = 0.232908,	Delta[d](1) = 0.232388,	Delta[d](2) = 0.226641,	Delta[d](3) = 0.232388,	Delta[d](4) = 0.232388,	Delta[d](5) = 0.143911,	Delta[d](6) = 0.187881,	Delta[d](7) = 0.143911,	Delta[d](8) = 0.226641,	Delta[d](9) = 0.187881,	Delta[d](10) = 0.054863,	Delta[d](11) = 0.187881,	Delta[d](12) = 0.232388,	Delta[d](13) = 0.143911,	Delta[d](14) = 0.187881,	Delta[d](15) = 0.143911,	Delta[s+](0) = 0.439801,	Delta[s+](1) = 0.351112,	Delta[s+](2) = 0.226641,	Delta[s+](3) = 0.351112,	Delta[s+](4) = 0.351112,	Delta[s+](5) = 0.226641,	Delta[s+](6) = 0.100201,	Delta[s+](7) = 0.226641,	Delta[s+](8) = 0.226641,	Delta[s+](9) = 0.100201,	Delta[s+](10) = 0.0298276,	Delta[s+](11) = 0.100201,	Delta[s+](12) = 0.351112,	Delta[s+](13) = 0.226641,	Delta[s+](14) = 0.100201,	Delta[s+](15) = 0.226641
The 10-th iteration is completed.	|| time cost : 0h 4m 33.112s
********************************************************************************************************************
Start the 11 rounds of NGS-ED iteration
	effective electronic model is modified as: kinetic energy t = 0.8483
	                                           effective interaction Vq = [-2.69995,-2.63981,-2.54212,-2.63981,-2.63981,-2.54212,-2.56347,-2.54212,-2.54212,-2.56347,-2.69241,-2.56347,-2.63981,-2.54212,-2.56347,-2.54212]
	PARPACK diagonalization completed after 30 matrix-vector product operations.
	iteration results: : total energy is -68.480892 | electron energy -68.570196 + phonon energy 0.089304 | electron momentum kIdx = 10
The 11-th iteration is completed.	|| time cost : 0h 0m 27.621s
********************************************************************************************************************
Start the 12 rounds of NGS-ED iteration
	effective electronic model is modified as: kinetic energy t = 0.848713
	                                           effective interaction Vq = [-2.69995,-2.63879,-2.53867,-2.63879,-2.63879,-2.53867,-2.56215,-2.53867,-2.53867,-2.56215,-2.69297,-2.56215,-2.63879,-2.53867,-2.56215,-2.53867]
	PARPACK diagonalization completed after 30 matrix-vector product operations.
	iteration results: : total energy is -68.481117 | electron energy -68.570063 + phonon energy 0.088945 | electron momentum kIdx = 10
The 12-th iteration is completed.	|| time cost : 0h 0m 27.278s
********************************************************************************************************************
Start the 13 rounds of NGS-ED iteration
	effective electronic model is modified as: kinetic energy t = 0.848869
	                                           effective interaction Vq = [-2.69995,-2.63835,-2.53749,-2.63835,-2.63835,-2.53749,-2.56158,-2.53749,-2.53749,-2.56158,-2.69316,-2.56158,-2.63835,-2.53749,-2.56158,-2.53749]
	PARPACK diagonalization completed after 30 matrix-vector product operations.
	iteration results: : total energy is -68.481146 | electron energy -68.569942 + phonon energy 0.088796 | electron momentum kIdx = 10
The 13-th iteration is completed.	|| time cost : 0h 0m 27.26s
********************************************************************************************************************
Start the 14 rounds of NGS-ED iteration
	effective electronic model is modified as: kinetic energy t = 0.848929
	                                           effective interaction Vq = [-2.69995,-2.63817,-2.53708,-2.63817,-2.63817,-2.53708,-2.56135,-2.53708,-2.53708,-2.56135,-2.69322,-2.56135,-2.63817,-2.53708,-2.56135,-2.53708]
	PARPACK diagonalization completed after 30 matrix-vector product operations.
	iteration results: : total energy is -68.481150 | electron energy -68.569885 + phonon energy 0.088735 | electron momentum kIdx = 10
	Nq(0) = 16,	Nq(1) = 0.342277,	Nq(2) = 0.369881,	Nq(3) = 0.342277,	Nq(4) = 0.342277,	Nq(5) = 0.369881,	Nq(6) = 0.604407,	Nq(7) = 0.369881,	Nq(8) = 0.369881,	Nq(9) = 0.604407,	Nq(10) = 4.27965,	Nq(11) = 0.604407,	Nq(12) = 0.342277,	Nq(13) = 0.369881,	Nq(14) = 0.604407,	Nq(15) = 0.369881,	Sq(0) = 2.33118e-18,	Sq(1) = 0.28285,	Sq(2) = 0.335234,	Sq(3) = 0.28285,	Sq(4) = 0.28285,	Sq(5) = 0.335234,	Sq(6) = 0.502953,	Sq(7) = 0.335234,	Sq(8) = 0.335234,	Sq(9) = 0.502953,	Sq(10) = 0.559706,	Sq(11) = 0.502953,	Sq(12) = 0.28285,	Sq(13) = 0.335234,	Sq(14) = 0.502953,	Sq(15) = 0.335234,	N(0) = 1.9917,	N(1) = 1.97731,	N(2) = 1,	N(3) = 1.97731,	N(4) = 1.97731,	N(5) = 1,	N(6) = 0.0226881,	N(7) = 1,	N(8) = 1,	N(9) = 0.0226881,	N(10) = 0.00830128,	N(11) = 0.0226881,	N(12) = 1.97731,	N(13) = 1,	N(14) = 0.0226881,	N(15) = 1,	Delta[s](0) = 0.465568,	Delta[s](1) = 0.34288,	Delta[s](2) = 0.331138,	Delta[s](3) = 0.34288,	Delta[s](4) = 0.34288,	Delta[s](5) = 0.331138,	Delta[s](6) = 0.268629,	Delta[s](7) = 0.331138,	Delta[s](8) = 0.331138,	Delta[s](9) = 0.268629,	Delta[s](10) = 0.244407,	Delta[s](11) = 0.268629,	Delta[s](12) = 0.34288,	Delta[s](13) = 0.331138,	Delta[s](14) = 0.268629,	Delta[s](15) = 0.331138,	Delta[d](0) = 0.232322,	Delta[d](1) = 0.231562,	Delta[d](2) = 0.226166,	Delta[d](3) = 0.231562,	Delta[d](4) = 0.231562,	Delta[d](5) = 0.143297,	Delta[d](6) = 0.187004,	Delta[d](7) = 0.143297,	Delta[d](8) = 0.226166,	Delta[d](9) = 0.187004,	Delta[d](10) = 0.05422,	Delta[d](11) = 0.187004,	Delta[d](12) = 0.231562,	Delta[d](13) = 0.143297,	Delta[d](14) = 0.187004,	Delta[d](15) = 0.143297,	Delta[s+](0) = 0.439892,	Delta[s+](1) = 0.350778,	Delta[s+](2) = 0.226166,	Delta[s+](3) = 0.350778,	Delta[s+](4) = 0.350778,	Delta[s+](5) = 0.226166,	Delta[s+](6) = 0.0996218,	Delta[s+](7) = 0.226166,	Delta[s+](8) = 0.226166,	Delta[s+](9) = 0.0996218,	Delta[s+](10) = 0.0294866,	Delta[s+](11) = 0.0996218,	Delta[s+](12) = 0.350778,	Delta[s+](13) = 0.226166,	Delta[s+](14) = 0.0996218,	Delta[s+](15) = 0.226166
The 14-th iteration is completed.	|| time cost : 0h 4m 35.298s
********************************************************************************************************************
********************************************************************************************************************
Ground state is obtained after 15 iterations. The current ground-state energy is -68.4812, in which electron energy is -68.5699 and phonon energy is 0.088735
final variational state is: 
	Gamma_x = [      1,1.02403,1.03772,1.02403,1.02403,1.03772,1.05886,1.03772,1.03772,1.05886,1.11528,1.05886,1.02403,1.03772,1.05886,1.03772]
	lambda_q = [ 0.51961,0.440964,0.391933,0.440964,0.440964,0.391933, 0.40184,0.391933,0.391933, 0.40184,0.493716, 0.40184,0.440964,0.391933, 0.40184,0.391933]
********************************************************************************************************************
o___o  ----------------------------------------
| L |	Time since last clock: 0h 0m 0s
A===A	Time since the beginning: 0h 30m 47.519s
***********************************************


********************************************************************************************************************
Warm up runs have been completed. Start calculating W = 5 phonon.
open output files: NGSEDIterationObs.txt
********************************************************************************************************************
Start the 0 rounds of NGS-ED iteration
	effective electronic model is modified as: kinetic energy t = 0.848951
	                                           effective interaction Vq = [-2.46833,-2.26813,-2.11202,-2.26813,-2.26813,-2.11202, -2.1455,-2.11202,-2.11202, -2.1455,-2.40925, -2.1455,-2.26813,-2.11202, -2.1455,-2.11202]
	PARPACK diagonalization completed after 45 matrix-vector product operations.
	iteration results: : total energy is -61.242347 | electron energy -61.286702 + phonon energy 0.044355 | electron momentum kIdx = 10
	Nq(0) = 16,	Nq(1) = 0.337947,	Nq(2) = 0.357545,	Nq(3) = 0.337947,	Nq(4) = 0.337947,	Nq(5) = 0.357545,	Nq(6) = 0.571974,	Nq(7) = 0.357545,	Nq(8) = 0.357545,	Nq(9) = 0.571974,	Nq(10) = 3.94758,	Nq(11) = 0.571974,	Nq(12) = 0.337947,	Nq(13) = 0.357545,	Nq(14) = 0.571974,	Nq(15) = 0.357545,	Sq(0) = -9.0707e-18,	Sq(1) = 0.318502,	Sq(2) = 0.356616,	Sq(3) = 0.318502,	Sq(4) = 0.318502,	Sq(5) = 0.356616,	Sq(6) = 0.561866,	Sq(7) = 0.356616,	Sq(8) = 0.356616,	Sq(9) = 0.561866,	Sq(10) = 0.606289,	Sq(11) = 0.561866,	Sq(12) = 0.318502,	Sq(13) = 0.356616,	Sq(14) = 0.561866,	Sq(15) = 0.356616,	N(0) = 1.99666,	N(1) = 1.98994,	N(2) = 1,	N(3) = 1.98994,	N(4) = 1.98994,	N(5) = 1,	N(6) = 0.0100627,	N(7) = 1,	N(8) = 1,	N(9) = 0.0100627,	N(10) = 0.00333857,	N(11) = 0.0100627,	N(12) = 1.98994,	N(13) = 1,	N(14) = 0.0100627,	N(15) = 1,	Delta[s](0) = 0.401599,	Delta[s](1) = 0.321945,	Delta[s](2) = 0.31289,	Delta[s](3) = 0.321945,	Delta[s](4) = 0.321945,	Delta[s](5) = 0.31289,	Delta[s](6) = 0.262072,	Delta[s](7) = 0.31289,	Delta[s](8) = 0.31289,	Delta[s](9) = 0.262072,	Delta[s](10) = 0.25126,	Delta[s](11) = 0.262072,	Delta[s](12) = 0.321945,	Delta[s](13) = 0.31289,	Delta[s](14) = 0.262072,	Delta[s](15) = 0.31289,	Delta[d](0) = 0.239917,	Delta[d](1) = 0.245128,	Delta[d](2) = 0.240752,	Delta[d](3) = 0.245128,	Delta[d](4) = 0.245128,	Delta[d](5) = 0.151175,	Delta[d](6) = 0.199443,	Delta[d](7) = 0.151175,	Delta[d](8) = 0.240752,	Delta[d](9) = 0.199443,	Delta[d](10) = 0.0624281,	Delta[d](11) = 0.199443,	Delta[d](12) = 0.245128,	Delta[d](13) = 0.151175,	Delta[d](14) = 0.199443,	Delta[d](15) = 0.151175,	Delta[s+](0) = 0.473337,	Delta[s+](1) = 0.373142,	Delta[s+](2) = 0.240752,	Delta[s+](3) = 0.373142,	Delta[s+](4) = 0.373142,	Delta[s+](5) = 0.240752,	Delta[s+](6) = 0.107891,	Delta[s+](7) = 0.240752,	Delta[s+](8) = 0.240752,	Delta[s+](9) = 0.107891,	Delta[s+](10) = 0.0338919,	Delta[s+](11) = 0.107891,	Delta[s+](12) = 0.373142,	Delta[s+](13) = 0.240752,	Delta[s+](14) = 0.107891,	Delta[s+](15) = 0.240752
The 0-th iteration is completed.	|| time cost : 0h 4m 37.721s
********************************************************************************************************************
Start the 1 rounds of NGS-ED iteration
	effective electronic model is modified as: kinetic energy t = 0.827126
	                                           effective interaction Vq = [-2.61474,-2.40508, -2.2096,-2.40508,-2.40508, -2.2096,-2.25092, -2.2096, -2.2096,-2.25092,-2.57189,-2.25092,-2.40508, -2.2096,-2.25092, -2.2096]
	PARPACK diagonalization completed after 30 matrix-vector product operations.
	iteration results: : total energy is -64.290157 | electron energy -64.427298 + phonon energy 0.137141 | electron momentum kIdx = 10
The 1-th iteration is completed.	|| time cost : 0h 0m 27.256s
********************************************************************************************************************
Start the 2 rounds of NGS-ED iteration
	effective electronic model is modified as: kinetic energy t = 0.815661
	                                           effective interaction Vq = [ -2.6686,-2.46057,-2.25478,-2.46057,-2.46057,-2.25478,-2.29759,-2.25478,-2.25478,-2.29759,-2.64039,-2.29759,-2.46057,-2.25478,-2.29759,-2.25478]
	PARPACK diagonalization completed after 30 matrix-vector product operations.
	iteration results: : total energy is -65.404028 | electron energy -65.609050 + phonon energy 0.205022 | electron momentum kIdx = 10
The 2-th iteration is completed.	|| time cost : 0h 0m 27.3s
********************************************************************************************************************
Start the 3 rounds of NGS-ED iteration
	effective electronic model is modified as: kinetic energy t = 0.809952
	                                           effective interaction Vq = [-2.68842,-2.48367,-2.27583,-2.48367,-2.48367,-2.27583,-2.31813,-2.27583,-2.27583,-2.31813, -2.6682,-2.31813,-2.48367,-2.27583,-2.31813,-2.27583]
	PARPACK diagonalization completed after 30 matrix-vector product operations.
	iteration results: : total energy is -65.800857 | electron energy -66.046130 + phonon energy 0.245273 | electron momentum kIdx = 10
The 3-th iteration is completed.	|| time cost : 0h 0m 27.309s
********************************************************************************************************************
Start the 4 rounds of NGS-ED iteration
	effective electronic model is modified as: kinetic energy t = 0.807128
	                                           effective interaction Vq = [-2.69571,-2.49373,-2.28593,-2.49373,-2.49373,-2.28593,-2.32746,-2.28593,-2.28593,-2.32746,-2.67978,-2.32746,-2.49373,-2.28593,-2.32746,-2.28593]
	PARPACK diagonalization completed after 30 matrix-vector product operations.
	iteration results: : total energy is -65.940777 | electron energy -66.208199 + phonon energy 0.267422 | electron momentum kIdx = 10
The 4-th iteration is completed.	|| time cost : 0h 0m 27.317s
********************************************************************************************************************
Start the 5 rounds of NGS-ED iteration
	effective electronic model is modified as: kinetic energy t = 0.805722
	                                           effective interaction Vq = [-2.69839, -2.4983,-2.29091, -2.4983, -2.4983,-2.29091,-2.33187,-2.29091,-2.29091,-2.33187,-2.68487,-2.33187, -2.4983,-2.29091,-2.33187,-2.29091]
	PARPACK diagonalization completed after 30 matrix-vector product operations.
	iteration results: : total energy is -65.990160 | electron energy -66.269364 + phonon energy 0.279204 | electron momentum kIdx = 10
The 5-th iteration is completed.	|| time cost : 0h 0m 27.291s
********************************************************************************************************************
Start the 6 rounds of NGS-ED iteration
	effective electronic model is modified as: kinetic energy t = 0.805017
	                                           effective interaction Vq = [-2.69938,-2.50043,-2.29343,-2.50043,-2.50043,-2.29343,-2.33399,-2.29343,-2.29343,-2.33399,-2.68724,-2.33399,-2.50043,-2.29343,-2.33399,-2.29343]
	PARPACK diagonalization completed after 30 matrix-vector product operations.
	iteration results: : total energy is -66.007698 | electron energy -66.293052 + phonon energy 0.285353 | electron momentum kIdx = 10
The 6-th iteration is completed.	|| time cost : 0h 0m 27.396s
********************************************************************************************************************
Start the 7 rounds of NGS-ED iteration
	effective electronic model is modified as: kinetic energy t = 0.804662
	                                           effective interaction Vq = [-2.69974,-2.50144, -2.2947,-2.50144,-2.50144, -2.2947,-2.33503, -2.2947, -2.2947,-2.33503,-2.68839,-2.33503,-2.50144, -2.2947,-2.33503, -2.2947]
	PARPACK diagonalization completed after 30 matrix-vector product operations.
	iteration results: : total energy is -66.013973 | electron energy -66.302499 + phonon energy 0.288527 | electron momentum kIdx = 10
The 7-th iteration is completed.	|| time cost : 0h 0m 27.329s
********************************************************************************************************************
Start the 8 rounds of NGS-ED iteration
	effective electronic model is modified as: kinetic energy t = 0.804483
	                                           effective interaction Vq = [-2.69987,-2.50191,-2.29536,-2.50191,-2.50191,-2.29536,-2.33554,-2.29536,-2.29536,-2.33554,-2.68896,-2.33554,-2.50191,-2.29536,-2.33554,-2.29536]
	PARPACK diagonalization completed after 30 matrix-vector product operations.
	iteration results: : total energy is -66.016233 | electron energy -66.306385 + phonon energy 0.290152 | electron momentum kIdx = 10
The 8-th iteration is completed.	|| time cost : 0h 0m 27.608s
********************************************************************************************************************
Start the 9 rounds of NGS-ED iteration
	effective electronic model is modified as: kinetic energy t = 0.804394
	                                           effective interaction Vq = [-2.69992,-2.50213,-2.29569,-2.50213,-2.50213,-2.29569,-2.33579,-2.29569,-2.29569,-2.33579,-2.68925,-2.33579,-2.50213,-2.29569,-2.33579,-2.29569]
	PARPACK diagonalization completed after 30 matrix-vector product operations.
	iteration results: : total energy is -66.017051 | electron energy -66.308033 + phonon energy 0.290981 | electron momentum kIdx = 10
The 9-th iteration is completed.	|| time cost : 0h 0m 27.353s
********************************************************************************************************************
Start the 10 rounds of NGS-ED iteration
	effective electronic model is modified as: kinetic energy t = 0.804349
	                                           effective interaction Vq = [-2.69994,-2.50223,-2.29586,-2.50223,-2.50223,-2.29586,-2.33591,-2.29586,-2.29586,-2.33591, -2.6894,-2.33591,-2.50223,-2.29586,-2.33591,-2.29586]
	PARPACK diagonalization completed after 30 matrix-vector product operations.
	iteration results: : total energy is -66.017349 | electron energy -66.308751 + phonon energy 0.291402 | electron momentum kIdx = 10
	Nq(0) = 16,	Nq(1) = 0.295932,	Nq(2) = 0.339799,	Nq(3) = 0.295932,	Nq(4) = 0.295932,	Nq(5) = 0.339799,	Nq(6) = 0.5295,	Nq(7) = 0.339799,	Nq(8) = 0.339799,	Nq(9) = 0.5295,	Nq(10) = 5.14153,	Nq(11) = 0.5295,	Nq(12) = 0.295932,	Nq(13) = 0.339799,	Nq(14) = 0.5295,	Nq(15) = 0.339799,	Sq(0) = -5.14644e-18,	Sq(1) = 0.262883,	Sq(2) = 0.32631,	Sq(3) = 0.262883,	Sq(4) = 0.262883,	Sq(5) = 0.32631,	Sq(6) = 0.487767,	Sq(7) = 0.32631,	Sq(8) = 0.32631,	Sq(9) = 0.487767,	Sq(10) = 0.557487,	Sq(11) = 0.487767,	Sq(12) = 0.262883,	Sq(13) = 0.32631,	Sq(14) = 0.487767,	Sq(15) = 0.32631,	N(0) = 1.98691,	N(1) = 1.95991,	N(2) = 1,	N(3) = 1.95991,	N(4) = 1.95991,	N(5) = 1,	N(6) = 0.0400867,	N(7) = 1,	N(8) = 1,	N(9) = 0.0400867,	N(10) = 0.0130927,	N(11) = 0.0400867,	N(12) = 1.95991,	N(13) = 1,	N(14) = 0.0400867,	N(15) = 1,	Delta[s](0) = 0.417467,	Delta[s](1) = 0.34681,	Delta[s](2) = 0.332849,	Delta[s](3) = 0.34681,	Delta[s](4) = 0.34681,	Delta[s](5) = 0.332849,	Delta[s](6) = 0.291323,	Delta[s](7) = 0.332849,	Delta[s](8) = 0.332849,	Delta[s](9) = 0.291323,	Delta[s](10) = 0.273934,	Delta[s](11) = 0.291323,	Delta[s](12) = 0.34681,	Delta[s](13) = 0.332849,	Delta[s](14) = 0.291323,	Delta[s](15) = 0.332849,	Delta[d](0) = 0.228105,	Delta[d](1) = 0.221438,	Delta[d](2) = 0.226975,	Delta[d](3) = 0.221438,	Delta[d](4) = 0.221438,	Delta[d](5) = 0.146113,	Delta[d](6) = 0.178573,	Delta[d](7) = 0.146113,	Delta[d](8) = 0.226975,	Delta[d](9) = 0.178573,	Delta[d](10) = 0.0640651,	Delta[d](11) = 0.178573,	Delta[d](12) = 0.221438,	Delta[d](13) = 0.146113,	Delta[d](14) = 0.178573,	Delta[d](15) = 0.146113,	Delta[s+](0) = 0.452291,	Delta[s+](1) = 0.352348,	Delta[s+](2) = 0.226975,	Delta[s+](3) = 0.352348,	Delta[s+](4) = 0.352348,	Delta[s+](5) = 0.226975,	Delta[s+](6) = 0.100526,	Delta[s+](7) = 0.226975,	Delta[s+](8) = 0.226975,	Delta[s+](9) = 0.100526,	Delta[s+](10) = 0.0351752,	Delta[s+](11) = 0.100526,	Delta[s+](12) = 0.352348,	Delta[s+](13) = 0.226975,	Delta[s+](14) = 0.100526,	Delta[s+](15) = 0.226975
The 10-th iteration is completed.	|| time cost : 0h 4m 24.239s
********************************************************************************************************************
Start the 11 rounds of NGS-ED iteration
	effective electronic model is modified as: kinetic energy t = 0.804327
	                                           effective interaction Vq = [-2.69995,-2.50228,-2.29594,-2.50228,-2.50228,-2.29594,-2.33596,-2.29594,-2.29594,-2.33596,-2.68947,-2.33596,-2.50228,-2.29594,-2.33596,-2.29594]
	PARPACK diagonalization completed after 30 matrix-vector product operations.
	iteration results: : total energy is -66.017458 | electron energy -66.309073 + phonon energy 0.291615 | electron momentum kIdx = 10
The 11-th iteration is completed.	|| time cost : 0h 0m 27.633s
********************************************************************************************************************
Start the 12 rounds of NGS-ED iteration
	effective electronic model is modified as: kinetic energy t = 0.804316
	                                           effective interaction Vq = [-2.69995, -2.5023,-2.29599, -2.5023, -2.5023,-2.29599,-2.33598,-2.29599,-2.29599,-2.33598,-2.68951,-2.33598, -2.5023,-2.29599,-2.33598,-2.29599]
	PARPACK diagonalization completed after 30 matrix-vector product operations.
	iteration results: : total energy is -66.017497 | electron energy -66.309220 + phonon energy 0.291723 | electron momentum kIdx = 10
The 12-th iteration is completed.	|| time cost : 0h 0m 27.299s
********************************************************************************************************************
Start the 13 rounds of NGS-ED iteration
	effective electronic model is modified as: kinetic energy t = 0.804311
	                                           effective interaction Vq = [-2.69995, -2.5023,-2.29601, -2.5023, -2.5023,-2.29601,  -2.336,-2.29601,-2.29601,  -2.336,-2.68953,  -2.336, -2.5023,-2.29601,  -2.336,-2.29601]
	PARPACK diagonalization completed after 30 matrix-vector product operations.
	iteration results: : total energy is -66.017512 | electron energy -66.309289 + phonon energy 0.291777 | electron momentum kIdx = 10
The 13-th iteration is completed.	|| time cost : 0h 0m 27.27s
********************************************************************************************************************
Start the 14 rounds of NGS-ED iteration
	effective electronic model is modified as: kinetic energy t = 0.804309
	                                           effective interaction Vq = [-2.69995, -2.5023,-2.29602, -2.5023, -2.5023,-2.29602,  -2.336,-2.29602,-2.29602,  -2.336,-2.68954,  -2.336, -2.5023,-2.29602,  -2.336,-2.29602]
	PARPACK diagonalization completed after 30 matrix-vector product operations.
	iteration results: : total energy is -66.017517 | electron energy -66.309321 + phonon energy 0.291804 | electron momentum kIdx = 10
The 14-th iteration is completed.	|| time cost : 0h 0m 27.619s
********************************************************************************************************************
Start the 15 rounds of NGS-ED iteration
	effective electronic model is modified as: kinetic energy t = 0.804308
	                                           effective interaction Vq = [-2.69995, -2.5023,-2.29602, -2.5023, -2.5023,-2.29602,  -2.336,-2.29602,-2.29602,  -2.336,-2.68955,  -2.336, -2.5023,-2.29602,  -2.336,-2.29602]
	PARPACK diagonalization completed after 30 matrix-vector product operations.
	iteration results: : total energy is -66.017519 | electron energy -66.309337 + phonon energy 0.291817 | electron momentum kIdx = 10
The 15-th iteration is completed.	|| time cost : 0h 0m 27.332s
********************************************************************************************************************
Start the 16 rounds of NGS-ED iteration
	effective electronic model is modified as: kinetic energy t = 0.804307
	                                           effective interaction Vq = [-2.69995, -2.5023,-2.29603, -2.5023, -2.5023,-2.29603,  -2.336,-2.29603,-2.29603,  -2.336,-2.68955,  -2.336, -2.5023,-2.29603,  -2.336,-2.29603]
	PARPACK diagonalization completed after 30 matrix-vector product operations.
	iteration results: : total energy is -66.017520 | electron energy -66.309344 + phonon energy 0.291824 | electron momentum kIdx = 10
The 16-th iteration is completed.	|| time cost : 0h 0m 27.569s
********************************************************************************************************************
Start the 17 rounds of NGS-ED iteration
	effective electronic model is modified as: kinetic energy t = 0.804307
	                                           effective interaction Vq = [-2.69995, -2.5023,-2.29603, -2.5023, -2.5023,-2.29603,  -2.336,-2.29603,-2.29603,  -2.336,-2.68955,  -2.336, -2.5023,-2.29603,  -2.336,-2.29603]
	PARPACK diagonalization completed after 30 matrix-vector product operations.
	iteration results: : total energy is -66.017520 | electron energy -66.309347 + phonon energy 0.291827 | electron momentum kIdx = 10
The 17-th iteration is completed.	|| time cost : 0h 0m 27.317s
********************************************************************************************************************
Start the 18 rounds of NGS-ED iteration
	effective electronic model is modified as: kinetic energy t = 0.804307
	                                           effective interaction Vq = [-2.69995, -2.5023,-2.29603, -2.5023, -2.5023,-2.29603,  -2.336,-2.29603,-2.29603,  -2.336,-2.68955,  -2.336, -2.5023,-2.29603,  -2.336,-2.29603]
	PARPACK diagonalization completed after 30 matrix-vector product operations.
	iteration results: : total energy is -66.017520 | electron energy -66.309349 + phonon energy 0.291829 | electron momentum kIdx = 10
The 18-th iteration is completed.	|| time cost : 0h 0m 27.603s
********************************************************************************************************************
Start the 19 rounds of NGS-ED iteration
	effective electronic model is modified as: kinetic energy t = 0.804307
	                                           effective interaction Vq = [-2.69995, -2.5023,-2.29603, -2.5023, -2.5023,-2.29603,  -2.336,-2.29603,-2.29603,  -2.336,-2.68955,  -2.336, -2.5023,-2.29603,  -2.336,-2.29603]
	PARPACK diagonalization completed after 30 matrix-vector product operations.
	iteration results: : total energy is -66.017520 | electron energy -66.309350 + phonon energy 0.291829 | electron momentum kIdx = 10
The 19-th iteration is completed.	|| time cost : 0h 0m 27.609s
