SNEDics v3.22.2 Non-Gaussian ED ground state program		Start at Mon Jun 27 18:30:53 2022

Parallelization: 32 MPI threads  * 8 OpenMP threads = 256 total threads.
********************************************************************************************************************
********************************************************************************************************************

********************************************************************************************************************
System parameters and configurations
	special program options are enabled: splitted diagonal Hamiltonian | splitted Hamiltonian terms
********************************************************************************************************************
Read input file "model_params.in"
	Hubbard-Holstein model parameters : 	t = 1    U = 8    g = 0.95    W = 0.2    g' = 0.3    
********************************************************************************************************************
Read input file "hilbertspace_params.in"
	Requested 16-site 2D lattice, with 12 electrons (6, 6)
	Boundary : Periodic		Hilbert space representation : momentum-space (restricted to kIdx = 10)
	Conservation: particle number[U(1)]      spin[U(1)]     momentum
********************************************************************************************************************

Cluster Positions:				Cluster symmetry group : D4
 x ... x ... x ... x .....                       x ... x ... x ... x .....
 |           |           :                       |           |           :
 |           |           :                       |           |           :
12    13    14    15     x                       1     5     6     5     x
 |           |           :                       |           |           :
 |           |           :                       |           |           :
 8 --- 9 ---10 ---11 --- x                       2 --- 6 ---10 --- 6 --- x
 |           |           :                       |           |           :
 |           |           :                       |           |           :
 4     5     6     7     x                       1     5     6     5     x
 |           |           :                       |           |           :
 |           |           :                       |           |           :
 0 --- 1 --- 2 --- 3 --- x                       0 --- 1 --- 2 --- 1 --- x
orbital number : 1
********************************************************************************************************************
Read input file "obs_params.in"
	Observable Type : Nq(All),   Sq(All),   N(All-Orbital),   Delta[s](All),   Delta[d](All),   Delta[s+](All)
** WARNING ** the input observables have non-local factors which have been reinterpreted. The total observable number is 96
********************************************************************************************************************


********************************************************************************************************************
Start calculating the non-Gaussian ED ground state
Maximal iteration number is 1000; energy resolution is 1e-06. Phonon state relaxation time is 2000
W = 0.2 is relatively large. The non-Gaussian ED calculation starts directly.
open output files: NGSED_iteration_observables.txt
********************************************************************************************************************
Start the 0 rounds of NGS-ED iteration
	effective electronic model is modified as: kinetic energy t = 1
	                                           effective interaction Vq = [0,0,0,0,0,0,0,0,0,0,0,0,0,0,0,0]
	first Hamiltonian is constructed, size = 4008592 and non-zero numbers = 969134084
	PARPACK diagonalization completed after 150 matrix-vector product operations.
	iteration results: : total energy is -14.925310 | electron energy -14.925310 + phonon energy 0.000000 | electron momentum kIdx = 10
	Nq(0) = 9,	Nq(1) = 0.191675,	Nq(2) = 0.238629,	Nq(3) = 0.191675,	Nq(4) = 0.191675,	Nq(5) = 0.259295,	
	Nq(6) = 0.314107,	Nq(7) = 0.259295,	Nq(8) = 0.238629,	Nq(9) = 0.314107,	Nq(10) = 0.369338,	
	Nq(11) = 0.314107,	Nq(12) = 0.191675,	Nq(13) = 0.259295,	Nq(14) = 0.314107,	Nq(15) = 0.259295;	
	Sq(0) = -1.73566e-18,	Sq(1) = 0.554662,	Sq(2) = 0.921866,	Sq(3) = 0.554662,	Sq(4) = 0.554662,	
	Sq(5) = 0.548737,	Sq(6) = 1.01287,	Sq(7) = 0.548737,	Sq(8) = 0.921866,	Sq(9) = 1.01287,	
	Sq(10) = 0.784303,	Sq(11) = 1.01287,	Sq(12) = 0.554662,	Sq(13) = 0.548737,	Sq(14) = 1.01287,	
	Sq(15) = 0.548737;	N(0) = 1.76735,	N(1) = 1.6264,	N(2) = 0.275186,	N(3) = 1.6264,	
	N(4) = 1.6264,	N(5) = 0.626534,	N(6) = 0.144321,	N(7) = 0.626534,	N(8) = 0.275186,	
	N(9) = 0.144321,	N(10) = 0.0932732,	N(11) = 0.144321,	N(12) = 1.6264,	N(13) = 0.626534,	
	N(14) = 0.144321,	N(15) = 0.626534;	Delta[s](0) = 0.0437714,	Delta[s](1) = 0.0357473,	Delta[s](2) = 0.0276854,	
	Delta[s](3) = 0.0357473,	Delta[s](4) = 0.0357473,	Delta[s](5) = 0.0284131,	Delta[s](6) = 0.0207576,	Delta[s](7) = 0.0284131,	
	Delta[s](8) = 0.0276854,	Delta[s](9) = 0.0207576,	Delta[s](10) = 0.0146358,	Delta[s](11) = 0.0207576,	Delta[s](12) = 0.0357473,	
	Delta[s](13) = 0.0284131,	Delta[s](14) = 0.0207576,	Delta[s](15) = 0.0284131;	Delta[d](0) = 0.162132,	Delta[d](1) = 0.145877,	
	Delta[d](2) = 0.162036,	Delta[d](3) = 0.145877,	Delta[d](4) = 0.145877,	Delta[d](5) = 0.126931,	Delta[d](6) = 0.111579,	
	Delta[d](7) = 0.126931,	Delta[d](8) = 0.162036,	Delta[d](9) = 0.111579,	Delta[d](10) = 0.0691357,	Delta[d](11) = 0.111579,	
	Delta[d](12) = 0.145877,	Delta[d](13) = 0.126931,	Delta[d](14) = 0.111579,	Delta[d](15) = 0.126931;	Delta[s+](0) = 0.432462,	
	Delta[s+](1) = 0.30269,	Delta[s+](2) = 0.162036,	Delta[s+](3) = 0.30269,	Delta[s+](4) = 0.30269,	Delta[s+](5) = 0.190909,	
	Delta[s+](6) = 0.0871776,	Delta[s+](7) = 0.190909,	Delta[s+](8) = 0.162036,	Delta[s+](9) = 0.0871776,	Delta[s+](10) = 0.0382616,	
	Delta[s+](11) = 0.0871776,	Delta[s+](12) = 0.30269,	Delta[s+](13) = 0.190909,	Delta[s+](14) = 0.0871776,	Delta[s+](15) = 0.190909
	
The 0-th iteration is completed.	|| time cost : 0h 2m 2.872s
********************************************************************************************************************
Start the 1 rounds of NGS-ED iteration
	effective electronic model is modified as: kinetic energy t = 0.808431
	                                           effective interaction Vq = [  -23.1125,   -8.8468, -0.998359,   -8.8468,   -8.8468,  -1.32365,-0.0555026,  -1.32365, -0.998359,-0.0555026,-0.0242218,-0.0555026,   -8.8468,  -1.32365,-0.0555026,  -1.32365]
	PARPACK diagonalization completed after 75 matrix-vector product operations.
	iteration results: : total energy is -265.772756 | electron energy -268.153204 + phonon energy 2.380448 | electron momentum kIdx = 10
The 1-th iteration is completed.	|| time cost : 0h 1m 21.254s
********************************************************************************************************************
Start the 2 rounds of NGS-ED iteration
	effective electronic model is modified as: kinetic energy t = 3.02901e-08
	                                           effective interaction Vq = [-23.1125,-12.0125, -4.5125,-12.0125,-12.0125, -4.5125, -0.6125, -4.5125, -4.5125, -0.6125, -0.3125, -0.6125,-12.0125, -4.5125, -0.6125, -4.5125]
	PARPACK diagonalization completed after 45 matrix-vector product operations.
	iteration results: : total energy is -306.300000 | electron energy -306.300000 + phonon energy 0.000000 | electron momentum kIdx = 10
The 2-th iteration is completed.	|| time cost : 0h 0m 11.623s
********************************************************************************************************************
Start the 3 rounds of NGS-ED iteration
	effective electronic model is modified as: kinetic energy t = 3.68188e-08
	                                           effective interaction Vq = [  -23.1125,  -12.0125,   -4.5125,  -12.0125,  -12.0125,   -4.5125,   -0.6125,   -4.5125,   -4.5125,   -0.6125,-0.0117458,   -0.6125,  -12.0125,   -4.5125,   -0.6125,   -4.5125]
	PARPACK diagonalization completed after 30 matrix-vector product operations.
	iteration results: : total energy is -306.300000 | electron energy -306.300000 + phonon energy 0.000000 | electron momentum kIdx = 10
The 3-th iteration is completed.	|| time cost : 0h 0m 9.511s
********************************************************************************************************************
Start the 4 rounds of NGS-ED iteration
	effective electronic model is modified as: kinetic energy t = 3.68177e-08
	                                           effective interaction Vq = [  -23.1125,  -12.0125,   -4.5125,  -12.0125,  -12.0125,   -4.5125,   -0.6125,   -4.5125,   -4.5125,   -0.6125,-0.0139888,   -0.6125,  -12.0125,   -4.5125,   -0.6125,   -4.5125]
	PARPACK diagonalization completed after 30 matrix-vector product operations.
	iteration results: : total energy is -306.300000 | electron energy -306.300000 + phonon energy 0.000000 | electron momentum kIdx = 10
The 4-th iteration is completed.	|| time cost : 0h 0m 9.514s
********************************************************************************************************************
Start the 5 rounds of NGS-ED iteration
	effective electronic model is modified as: kinetic energy t = 3.68177e-08
	                                           effective interaction Vq = [ -23.1125, -12.0125,  -4.5125, -12.0125, -12.0125,  -4.5125,  -0.6125,  -4.5125,  -4.5125,  -0.6125,-0.013994,  -0.6125, -12.0125,  -4.5125,  -0.6125,  -4.5125]
	PARPACK diagonalization completed after 30 matrix-vector product operations.
	iteration results: : total energy is -306.300000 | electron energy -306.300000 + phonon energy 0.000000 | electron momentum kIdx = 10
The 5-th iteration is completed.	|| time cost : 0h 0m 9.522s
********************************************************************************************************************
Start the 6 rounds of NGS-ED iteration
	effective electronic model is modified as: kinetic energy t = 3.68177e-08
	                                           effective interaction Vq = [  -23.1125,  -12.0125,   -4.5125,  -12.0125,  -12.0125,   -4.5125,   -0.6125,   -4.5125,   -4.5125,   -0.6125,-0.0139925,   -0.6125,  -12.0125,   -4.5125,   -0.6125,   -4.5125]
	PARPACK diagonalization completed after 30 matrix-vector product operations.
	iteration results: : total energy is -306.300000 | electron energy -306.300000 + phonon energy 0.000000 | electron momentum kIdx = 10
The 6-th iteration is completed.	|| time cost : 0h 0m 9.51s
********************************************************************************************************************
Start the 7 rounds of NGS-ED iteration
	effective electronic model is modified as: kinetic energy t = 3.68177e-08
	                                           effective interaction Vq = [  -23.1125,  -12.0125,   -4.5125,  -12.0125,  -12.0125,   -4.5125,   -0.6125,   -4.5125,   -4.5125,   -0.6125,-0.0139859,   -0.6125,  -12.0125,   -4.5125,   -0.6125,   -4.5125]
	PARPACK diagonalization completed after 30 matrix-vector product operations.
	iteration results: : total energy is -306.300000 | electron energy -306.300000 + phonon energy 0.000000 | electron momentum kIdx = 10
The 7-th iteration is completed.	|| time cost : 0h 0m 9.504s
********************************************************************************************************************
Start the 8 rounds of NGS-ED iteration
	effective electronic model is modified as: kinetic energy t = 3.68177e-08
	                                           effective interaction Vq = [  -23.1125,  -12.0125,   -4.5125,  -12.0125,  -12.0125,   -4.5125,   -0.6125,   -4.5125,   -4.5125,   -0.6125,-0.0139883,   -0.6125,  -12.0125,   -4.5125,   -0.6125,   -4.5125]
	PARPACK diagonalization completed after 30 matrix-vector product operations.
	iteration results: : total energy is -306.300000 | electron energy -306.300000 + phonon energy 0.000000 | electron momentum kIdx = 10
The 8-th iteration is completed.	|| time cost : 0h 0m 9.516s
********************************************************************************************************************
Start the 9 rounds of NGS-ED iteration
	effective electronic model is modified as: kinetic energy t = 3.68177e-08
	                                           effective interaction Vq = [  -23.1125,  -12.0125,   -4.5125,  -12.0125,  -12.0125,   -4.5125,   -0.6125,   -4.5125,   -4.5125,   -0.6125,-0.0139888,   -0.6125,  -12.0125,   -4.5125,   -0.6125,   -4.5125]
	PARPACK diagonalization completed after 30 matrix-vector product operations.
	iteration results: : total energy is -306.300000 | electron energy -306.300000 + phonon energy 0.000000 | electron momentum kIdx = 10
	Nq(0) = 9,	Nq(1) = 2.75,	Nq(2) = 0.5,	Nq(3) = 2.75,	Nq(4) = 2.75,	Nq(5) = 0.5,	
	Nq(6) = 0.25,	Nq(7) = 0.5,	Nq(8) = 0.5,	Nq(9) = 0.25,	Nq(10) = 6.58869e-17,	
	Nq(11) = 0.25,	Nq(12) = 2.75,	Nq(13) = 0.5,	Nq(14) = 0.25,	Nq(15) = 0.5;	
	Sq(0) = -6.1486e-20,	Sq(1) = 1.65208e-17,	Sq(2) = 3.29282e-17,	Sq(3) = 1.64054e-17,	Sq(4) = 1.64581e-17,	
	Sq(5) = 3.2945e-17,	Sq(6) = 4.94004e-17,	Sq(7) = 3.29393e-17,	Sq(8) = 3.2951e-17,	Sq(9) = 4.93978e-17,	
	Sq(10) = 6.58956e-17,	Sq(11) = 4.93889e-17,	Sq(12) = 1.64008e-17,	Sq(13) = 3.29156e-17,	Sq(14) = 4.94073e-17,	
	Sq(15) = 3.29489e-17;	N(0) = 0.75,	N(1) = 0.75,	N(2) = 0.75,	N(3) = 0.75,	
	N(4) = 0.75,	N(5) = 0.75,	N(6) = 0.75,	N(7) = 0.75,	N(8) = 0.75,	
	N(9) = 0.75,	N(10) = 0.75,	N(11) = 0.75,	N(12) = 0.75,	N(13) = 0.75,	
	N(14) = 0.75,	N(15) = 0.75;	Delta[s](0) = 0.375,	Delta[s](1) = 0.375,	Delta[s](2) = 0.375,	
	Delta[s](3) = 0.375,	Delta[s](4) = 0.375,	Delta[s](5) = 0.375,	Delta[s](6) = 0.375,	Delta[s](7) = 0.375,	
	Delta[s](8) = 0.375,	Delta[s](9) = 0.375,	Delta[s](10) = 0.375,	Delta[s](11) = 0.375,	Delta[s](12) = 0.375,	
	Delta[s](13) = 0.375,	Delta[s](14) = 0.375,	Delta[s](15) = 0.375;	Delta[d](0) = 0.21875,	Delta[d](1) = 0.21875,	
	Delta[d](2) = 0.21875,	Delta[d](3) = 0.21875,	Delta[d](4) = 0.21875,	Delta[d](5) = 0.21875,	Delta[d](6) = 0.21875,	
	Delta[d](7) = 0.21875,	Delta[d](8) = 0.21875,	Delta[d](9) = 0.21875,	Delta[d](10) = 0.21875,	Delta[d](11) = 0.21875,	
	Delta[d](12) = 0.21875,	Delta[d](13) = 0.21875,	Delta[d](14) = 0.21875,	Delta[d](15) = 0.21875;	Delta[s+](0) = 0.21875,	
	Delta[s+](1) = 0.21875,	Delta[s+](2) = 0.21875,	Delta[s+](3) = 0.21875,	Delta[s+](4) = 0.21875,	Delta[s+](5) = 0.21875,	
	Delta[s+](6) = 0.21875,	Delta[s+](7) = 0.21875,	Delta[s+](8) = 0.21875,	Delta[s+](9) = 0.21875,	Delta[s+](10) = 0.21875,	
	Delta[s+](11) = 0.21875,	Delta[s+](12) = 0.21875,	Delta[s+](13) = 0.21875,	Delta[s+](14) = 0.21875,	Delta[s+](15) = 0.21875
	
The 9-th iteration is completed.	|| time cost : 0h 1m 19.569s
********************************************************************************************************************
********************************************************************************************************************
Ground state is obtained after 10 iterations. The current ground-state energy is -306.3, in which electron energy is -306.3 and phonon energy is 0
Final variational state is: 
	Gamma_x = [1,1,1,1,1,1,1,1,1,1,1,1,1,1,1,1]
	lambda_q = [     10.75,      7.75,      4.75,      7.75,      7.75,      4.75,      1.75,      4.75,      4.75,      1.75,-0.0282996,      1.75,      7.75,      4.75,      1.75,      4.75]
Effective e-e interactions mediated by phonons are:
	momentum-space Vq = [  -23.1125,  -12.0125,   -4.5125,  -12.0125,  -12.0125,   -4.5125,   -0.6125,   -4.5125,   -4.5125,   -0.6125,-0.0139896,   -0.6125,  -12.0125,   -4.5125,   -0.6125,   -4.5125]
	real-space Vr = [  -6.29384,  -2.86866, -0.881343,  -2.86866,  -2.86866, -0.881343,-0.0186569, -0.881343, -0.881343,-0.0186569, 0.0186569,-0.0186569,  -2.86866, -0.881343,-0.0186569, -0.881343]
********************************************************************************************************************
o___o  ----------------------------------------
| L |	Time since last clock: 0h 0m 0.034s
A===A	Time since the beginning: 0h 5m 52.434s
***********************************************


Non-Gaussina ED ground state calculation is completed. The final ground-state energy is -306.3
********************************************************************************************************************
o___o  ----------------------------------------
| L |	Time since last clock: 0h 0m 0.003s
A===A	Time since the beginning: 0h 5m 52.438s
***********************************************



********************************************************************************************************************
All non-Gaussian ED ground state calculations have been completed. Exit now.
