SNEDics v3.4 Non-Gaussian ED ground state program		Start at Tue Oct  1 11:06:40 2019

parallized on 16 MPI threads  * 8 OpenMP threads = 128 total threads.
********************************************************************************************************************
********************************************************************************************************************

********************************************************************************************************************
System parameters and configurations
********************************************************************************************************************
Special program options are enabled: splitted diagonal Hamiltonian
********************************************************************************************************************
Read input file "model_params.in"
	Hubbard-Holstein model parameters : 	t = 1    U = 3.9    g = 3.6742    W = 5    
********************************************************************************************************************
Read input file "hilbertspace_params.in"
	Requested 16-site 2D lattice, with 16 electrons (8, 8)
	Boundary : Periodic		Hilbert space representation : momentum-space (restricted to kIdx = 0)
	Conservation: particle number[U(1)]      spin[U(1)]     momentum
********************************************************************************************************************

Cluster Positions:				Cluster symmetry group : D4
 x ... x ... x ... x .....                       x ... x ... x ... x .....
 |           |           :                       |           |           :
 |           |           :                       |           |           :
12    13    14    15     x                       1     5     6     5     x
 |           |           :                       |           |           :
 |           |           :                       |           |           :
 8 --- 9 ---10 ---11 --- x                       2 --- 6 ---10 --- 6 --- x
 |           |           :                       |           |           :
 |           |           :                       |           |           :
 4     5     6     7     x                       1     5     6     5     x
 |           |           :                       |           |           :
 |           |           :                       |           |           :
 0 --- 1 --- 2 --- 3 --- x                       0 --- 1 --- 2 --- 1 --- x
orbital number : 1
********************************************************************************************************************
Read input file "obs_params.in"
	Observable Type : Nq(All),   Sq(All),   N(All),   Delta[s](All),   Delta[d](All),   Delta[s+](All)
********************************************************************************************************************
** WARNING ** the input observables have non-local factors which have been reinterpreted. The total observable number is 96
********************************************************************************************************************


********************************************************************************************************************
Start calculating the non-Gaussian ED ground state
** WARNING ** Detected low phonon energy W < 10. The initial state will be prepared through a warm-up process.
********************************************************************************************************************
Start warm-up calculation for scaling factor 2
open output files: NGSEDWarmUpW10Obs.txt
********************************************************************************************************************
Start the 0 rounds of NGS-ED iteration
	effective electronic model is modified as: kinetic energy t = 1
	                                           effective interaction Vq = [-0,-0,-0,-0,-0,-0,-0,-0,-0,-0,-0,-0,-0,-0,-0,-0]
	first Hamiltonian is constructed, non-zero numbers = 2845383612
	PARPACK diagonalization completed after 90 matrix-vector product operations.
	iteration results: : total energy is -13.807733 | electron energy -13.807733 + phonon energy 0.000000 | electron momentum kIdx = 0
	Nq(0) = 16,	Nq(1) = 0.161204,	Nq(2) = 0.237048,	Nq(3) = 0.161204,	Nq(4) = 0.161204,	Nq(5) = 0.237048,	Nq(6) = 0.32314,	Nq(7) = 0.237048,	Nq(8) = 0.237048,	Nq(9) = 0.32314,	Nq(10) = 0.391556,	Nq(11) = 0.32314,	Nq(12) = 0.161204,	Nq(13) = 0.237048,	Nq(14) = 0.32314,	Nq(15) = 0.237048,	Sq(0) = 3.37242e-18,	Sq(1) = 0.42676,	Sq(2) = 0.623003,	Sq(3) = 0.42676,	Sq(4) = 0.42676,	Sq(5) = 0.623003,	Sq(6) = 0.800611,	Sq(7) = 0.623003,	Sq(8) = 0.623003,	Sq(9) = 0.800611,	Sq(10) = 3.60127,	Sq(11) = 0.800611,	Sq(12) = 0.42676,	Sq(13) = 0.623003,	Sq(14) = 0.800611,	Sq(15) = 0.623003,	N(0) = 1.93422,	N(1) = 1.85305,	N(2) = 1,	N(3) = 1.85305,	N(4) = 1.85305,	N(5) = 1,	N(6) = 0.146947,	N(7) = 1,	N(8) = 1,	N(9) = 0.146947,	N(10) = 0.06578,	N(11) = 0.146947,	N(12) = 1.85305,	N(13) = 1,	N(14) = 0.146947,	N(15) = 1,	Delta[s](0) = 0.176743,	Delta[s](1) = 0.150782,	Delta[s](2) = 0.118215,	Delta[s](3) = 0.150782,	Delta[s](4) = 0.150782,	Delta[s](5) = 0.118215,	Delta[s](6) = 0.0894335,	Delta[s](7) = 0.118215,	Delta[s](8) = 0.118215,	Delta[s](9) = 0.0894335,	Delta[s](10) = 0.0287155,	Delta[s](11) = 0.0894335,	Delta[s](12) = 0.150782,	Delta[s](13) = 0.118215,	Delta[s](14) = 0.0894335,	Delta[s](15) = 0.118215,	Delta[d](0) = 0.557592,	Delta[d](1) = 0.377259,	Delta[d](2) = 0.304221,	Delta[d](3) = 0.377259,	Delta[d](4) = 0.377259,	Delta[d](5) = 0.324813,	Delta[d](6) = 0.234899,	Delta[d](7) = 0.324813,	Delta[d](8) = 0.304221,	Delta[d](9) = 0.234899,	Delta[d](10) = 0.101702,	Delta[d](11) = 0.234899,	Delta[d](12) = 0.377259,	Delta[d](13) = 0.324813,	Delta[d](14) = 0.234899,	Delta[d](15) = 0.324813,	Delta[s+](0) = 0.585258,	Delta[s+](1) = 0.465152,	Delta[s+](2) = 0.304221,	Delta[s+](3) = 0.465152,	Delta[s+](4) = 0.465152,	Delta[s+](5) = 0.304221,	Delta[s+](6) = 0.150705,	Delta[s+](7) = 0.304221,	Delta[s+](8) = 0.304221,	Delta[s+](9) = 0.150705,	Delta[s+](10) = 0.0357626,	Delta[s+](11) = 0.150705,	Delta[s+](12) = 0.465152,	Delta[s+](13) = 0.304221,	Delta[s+](14) = 0.150705,	Delta[s+](15) = 0.304221
The 0-th iteration is completed.	|| time cost : 0h 8m 39.674s
********************************************************************************************************************
Start the 1 rounds of NGS-ED iteration
	effective electronic model is modified as: kinetic energy t = 0.932712
	                                           effective interaction Vq = [-2.33455,-2.13093,-2.06046,-2.13093,-2.13093,-2.06046,-2.03527,-2.06046,-2.06046,-2.03527,-2.00768,-2.03527,-2.13093,-2.06046,-2.03527,-2.06046]
	PARPACK diagonalization completed after 75 matrix-vector product operations.
	iteration results: : total energy is -60.751088 | electron energy -60.755628 + phonon energy 0.004540 | electron momentum kIdx = 0
The 1-th iteration is completed.	|| time cost : 0h 7m 58.02s
********************************************************************************************************************
Start the 2 rounds of NGS-ED iteration
	effective electronic model is modified as: kinetic energy t = 0.871962
	                                           effective interaction Vq = [ -2.6505,-2.54426,-2.52706,-2.54426,-2.54426,-2.52706,-2.45271,-2.52706,-2.52706,-2.45271,-2.45723,-2.45271,-2.54426,-2.52706,-2.45271,-2.52706]
	PARPACK diagonalization completed after 60 matrix-vector product operations.
	iteration results: : total energy is -68.635145 | electron energy -68.674086 + phonon energy 0.038941 | electron momentum kIdx = 0
The 2-th iteration is completed.	|| time cost : 0h 0m 36.697s
********************************************************************************************************************
Start the 3 rounds of NGS-ED iteration
	effective electronic model is modified as: kinetic energy t = 0.847224
	                                           effective interaction Vq = [-2.69326,-2.62868,-2.62147,-2.62868,-2.62868,-2.62147,-2.55268,-2.62147,-2.62147,-2.55268,-2.57427,-2.55268,-2.62868,-2.62147,-2.55268,-2.62147]
	PARPACK diagonalization completed after 45 matrix-vector product operations.
	iteration results: : total energy is -69.699833 | electron energy -69.770218 + phonon energy 0.070385 | electron momentum kIdx = 0
The 3-th iteration is completed.	|| time cost : 0h 0m 32.079s
********************************************************************************************************************
Start the 4 rounds of NGS-ED iteration
	effective electronic model is modified as: kinetic energy t = 0.838012
	                                           effective interaction Vq = [-2.69904,-2.65053,-2.64379,-2.65053,-2.65053,-2.64379, -2.5823,-2.64379,-2.64379, -2.5823,-2.62047, -2.5823,-2.65053,-2.64379, -2.5823,-2.64379]
	PARPACK diagonalization completed after 45 matrix-vector product operations.
	iteration results: : total energy is -69.848405 | electron energy -69.934211 + phonon energy 0.085806 | electron momentum kIdx = 0
The 4-th iteration is completed.	|| time cost : 0h 0m 32.014s
********************************************************************************************************************
Start the 5 rounds of NGS-ED iteration
	effective electronic model is modified as: kinetic energy t = 0.83485
	                                           effective interaction Vq = [-2.69983,-2.65656,-2.64523,-2.65656,-2.65656,-2.64523,-2.59117,-2.64523,-2.64523,-2.59117,-2.65337,-2.59117,-2.65656,-2.64523,-2.59117,-2.64523]
	PARPACK diagonalization completed after 45 matrix-vector product operations.
	iteration results: : total energy is -69.900980 | electron energy -69.993514 + phonon energy 0.092534 | electron momentum kIdx = 0
The 5-th iteration is completed.	|| time cost : 0h 0m 32.136s
********************************************************************************************************************
Start the 6 rounds of NGS-ED iteration
	effective electronic model is modified as: kinetic energy t = 0.8379
	                                           effective interaction Vq = [-2.69993,-2.65368,-2.61744,-2.65368,-2.65368,-2.61744, -2.5867,-2.61744,-2.61744, -2.5867,-2.68069, -2.5867,-2.65368,-2.61744, -2.5867,-2.61744]
	PARPACK diagonalization completed after 45 matrix-vector product operations.
	iteration results: : total energy is -69.993567 | electron energy -70.087432 + phonon energy 0.093865 | electron momentum kIdx = 0
The 6-th iteration is completed.	|| time cost : 0h 0m 32.109s
********************************************************************************************************************
Start the 7 rounds of NGS-ED iteration
	effective electronic model is modified as: kinetic energy t = 0.84384
	                                           effective interaction Vq = [-2.69995,-2.64595,-2.57382,-2.64595,-2.64595,-2.57382,-2.57544,-2.57382,-2.57382,-2.57544,-2.69021,-2.57544,-2.64595,-2.57382,-2.57544,-2.57382]
	PARPACK diagonalization completed after 45 matrix-vector product operations.
	iteration results: : total energy is -70.038244 | electron energy -70.129836 + phonon energy 0.091591 | electron momentum kIdx = 0
The 7-th iteration is completed.	|| time cost : 0h 0m 32.033s
********************************************************************************************************************
Start the 8 rounds of NGS-ED iteration
	effective electronic model is modified as: kinetic energy t = 0.846615
	                                           effective interaction Vq = [-2.69995,-2.64083,-2.55255,-2.64083,-2.64083,-2.55255,-2.56838,-2.55255,-2.55255,-2.56838,-2.69296,-2.56838,-2.64083,-2.55255,-2.56838,-2.55255]
	PARPACK diagonalization completed after 30 matrix-vector product operations.
	iteration results: : total energy is -70.045853 | electron energy -70.135371 + phonon energy 0.089517 | electron momentum kIdx = 0
The 8-th iteration is completed.	|| time cost : 0h 0m 27.311s
********************************************************************************************************************
Start the 9 rounds of NGS-ED iteration
	effective electronic model is modified as: kinetic energy t = 0.847739
	                                           effective interaction Vq = [-2.69995,-2.63825,-2.54428,-2.63825,-2.63825,-2.54428,-2.56492,-2.54428,-2.54428,-2.56492,-2.69384,-2.56492,-2.63825,-2.54428,-2.56492,-2.54428]
	PARPACK diagonalization completed after 30 matrix-vector product operations.
	iteration results: : total energy is -70.046967 | electron energy -70.135413 + phonon energy 0.088446 | electron momentum kIdx = 0
The 9-th iteration is completed.	|| time cost : 0h 0m 27.647s
********************************************************************************************************************
Start the 10 rounds of NGS-ED iteration
	effective electronic model is modified as: kinetic energy t = 0.848187
	                                           effective interaction Vq = [-2.69995,-2.63707,-2.54121,-2.63707,-2.63707,-2.54121,-2.56335,-2.54121,-2.54121,-2.56335,-2.69415,-2.56335,-2.63707,-2.54121,-2.56335,-2.54121]
	PARPACK diagonalization completed after 30 matrix-vector product operations.
	iteration results: : total energy is -70.047129 | electron energy -70.135096 + phonon energy 0.087967 | electron momentum kIdx = 0
	Nq(0) = 16,	Nq(1) = 0.333149,	Nq(2) = 0.370067,	Nq(3) = 0.333149,	Nq(4) = 0.333149,	Nq(5) = 0.370067,	Nq(6) = 0.601374,	Nq(7) = 0.370067,	Nq(8) = 0.370067,	Nq(9) = 0.601374,	Nq(10) = 4.63037,	Nq(11) = 0.601374,	Nq(12) = 0.333149,	Nq(13) = 0.370067,	Nq(14) = 0.601374,	Nq(15) = 0.370067,	Sq(0) = -2.42878e-18,	Sq(1) = 0.262087,	Sq(2) = 0.322221,	Sq(3) = 0.262087,	Sq(4) = 0.262087,	Sq(5) = 0.322221,	Sq(6) = 0.473264,	Sq(7) = 0.322221,	Sq(8) = 0.322221,	Sq(9) = 0.473264,	Sq(10) = 0.536409,	Sq(11) = 0.473264,	Sq(12) = 0.262087,	Sq(13) = 0.322221,	Sq(14) = 0.473264,	Sq(15) = 0.322221,	N(0) = 1.98675,	N(1) = 1.96463,	N(2) = 1,	N(3) = 1.96463,	N(4) = 1.96463,	N(5) = 1,	N(6) = 0.0353707,	N(7) = 1,	N(8) = 1,	N(9) = 0.0353707,	N(10) = 0.0132548,	N(11) = 0.0353707,	N(12) = 1.96463,	N(13) = 1,	N(14) = 0.0353707,	N(15) = 1,	Delta[s](0) = 0.4948,	Delta[s](1) = 0.353951,	Delta[s](2) = 0.339025,	Delta[s](3) = 0.353951,	Delta[s](4) = 0.353951,	Delta[s](5) = 0.339025,	Delta[s](6) = 0.276837,	Delta[s](7) = 0.339025,	Delta[s](8) = 0.339025,	Delta[s](9) = 0.276837,	Delta[s](10) = 0.242328,	Delta[s](11) = 0.276837,	Delta[s](12) = 0.353951,	Delta[s](13) = 0.339025,	Delta[s](14) = 0.276837,	Delta[s](15) = 0.339025,	Delta[d](0) = 0.227219,	Delta[d](1) = 0.221857,	Delta[d](2) = 0.218773,	Delta[d](3) = 0.221857,	Delta[d](4) = 0.221857,	Delta[d](5) = 0.140639,	Delta[d](6) = 0.178625,	Delta[d](7) = 0.140639,	Delta[d](8) = 0.218773,	Delta[d](9) = 0.178625,	Delta[d](10) = 0.0540293,	Delta[d](11) = 0.178625,	Delta[d](12) = 0.221857,	Delta[d](13) = 0.140639,	Delta[d](14) = 0.178625,	Delta[d](15) = 0.140639,	Delta[s+](0) = 0.424599,	Delta[s+](1) = 0.338933,	Delta[s+](2) = 0.218773,	Delta[s+](3) = 0.338933,	Delta[s+](4) = 0.338933,	Delta[s+](5) = 0.218773,	Delta[s+](6) = 0.0960612,	Delta[s+](7) = 0.218773,	Delta[s+](8) = 0.218773,	Delta[s+](9) = 0.0960612,	Delta[s+](10) = 0.0293157,	Delta[s+](11) = 0.0960612,	Delta[s+](12) = 0.338933,	Delta[s+](13) = 0.218773,	Delta[s+](14) = 0.0960612,	Delta[s+](15) = 0.218773
The 10-th iteration is completed.	|| time cost : 0h 4m 34.393s
********************************************************************************************************************
Start the 11 rounds of NGS-ED iteration
	effective electronic model is modified as: kinetic energy t = 0.848365
	                                           effective interaction Vq = [-2.69995,-2.63655,-2.54008,-2.63655,-2.63655,-2.54008,-2.56267,-2.54008,-2.54008,-2.56267,-2.69425,-2.56267,-2.63655,-2.54008,-2.56267,-2.54008]
	PARPACK diagonalization completed after 30 matrix-vector product operations.
	iteration results: : total energy is -70.047154 | electron energy -70.134917 + phonon energy 0.087763 | electron momentum kIdx = 0
The 11-th iteration is completed.	|| time cost : 0h 0m 27.479s
********************************************************************************************************************
Start the 12 rounds of NGS-ED iteration
	effective electronic model is modified as: kinetic energy t = 0.848436
	                                           effective interaction Vq = [-2.69995,-2.63633,-2.53966,-2.63633,-2.63633,-2.53966,-2.56237,-2.53966,-2.53966,-2.56237,-2.69429,-2.56237,-2.63633,-2.53966,-2.56237,-2.53966]
	PARPACK diagonalization completed after 30 matrix-vector product operations.
	iteration results: : total energy is -70.047157 | electron energy -70.134836 + phonon energy 0.087678 | electron momentum kIdx = 0
	Nq(0) = 16,	Nq(1) = 0.332803,	Nq(2) = 0.369786,	Nq(3) = 0.332803,	Nq(4) = 0.332803,	Nq(5) = 0.369786,	Nq(6) = 0.600887,	Nq(7) = 0.369786,	Nq(8) = 0.369786,	Nq(9) = 0.600887,	Nq(10) = 4.63567,	Nq(11) = 0.600887,	Nq(12) = 0.332803,	Nq(13) = 0.369786,	Nq(14) = 0.600887,	Nq(15) = 0.369786,	Sq(0) = 3.93973e-18,	Sq(1) = 0.262038,	Sq(2) = 0.322203,	Sq(3) = 0.262038,	Sq(4) = 0.262038,	Sq(5) = 0.322203,	Sq(6) = 0.473259,	Sq(7) = 0.322203,	Sq(8) = 0.322203,	Sq(9) = 0.473259,	Sq(10) = 0.536454,	Sq(11) = 0.473259,	Sq(12) = 0.262038,	Sq(13) = 0.322203,	Sq(14) = 0.473259,	Sq(15) = 0.322203,	N(0) = 1.98674,	N(1) = 1.96457,	N(2) = 1,	N(3) = 1.96457,	N(4) = 1.96457,	N(5) = 1,	N(6) = 0.0354253,	N(7) = 1,	N(8) = 1,	N(9) = 0.0354253,	N(10) = 0.0132642,	N(11) = 0.0354253,	N(12) = 1.96457,	N(13) = 1,	N(14) = 0.0354253,	N(15) = 1,	Delta[s](0) = 0.494316,	Delta[s](1) = 0.353988,	Delta[s](2) = 0.33904,	Delta[s](3) = 0.353988,	Delta[s](4) = 0.353988,	Delta[s](5) = 0.33904,	Delta[s](6) = 0.276881,	Delta[s](7) = 0.33904,	Delta[s](8) = 0.33904,	Delta[s](9) = 0.276881,	Delta[s](10) = 0.242542,	Delta[s](11) = 0.276881,	Delta[s](12) = 0.353988,	Delta[s](13) = 0.33904,	Delta[s](14) = 0.276881,	Delta[s](15) = 0.33904,	Delta[d](0) = 0.227131,	Delta[d](1) = 0.221752,	Delta[d](2) = 0.218718,	Delta[d](3) = 0.221752,	Delta[d](4) = 0.221752,	Delta[d](5) = 0.140544,	Delta[d](6) = 0.17851,	Delta[d](7) = 0.140544,	Delta[d](8) = 0.218718,	Delta[d](9) = 0.17851,	Delta[d](10) = 0.0539263,	Delta[d](11) = 0.17851,	Delta[d](12) = 0.221752,	Delta[d](13) = 0.140544,	Delta[d](14) = 0.17851,	Delta[d](15) = 0.140544,	Delta[s+](0) = 0.424622,	Delta[s+](1) = 0.338898,	Delta[s+](2) = 0.218718,	Delta[s+](3) = 0.338898,	Delta[s+](4) = 0.338898,	Delta[s+](5) = 0.218718,	Delta[s+](6) = 0.0959853,	Delta[s+](7) = 0.218718,	Delta[s+](8) = 0.218718,	Delta[s+](9) = 0.0959853,	Delta[s+](10) = 0.0292672,	Delta[s+](11) = 0.0959853,	Delta[s+](12) = 0.338898,	Delta[s+](13) = 0.218718,	Delta[s+](14) = 0.0959853,	Delta[s+](15) = 0.218718
The 12-th iteration is completed.	|| time cost : 0h 4m 36.244s
********************************************************************************************************************
********************************************************************************************************************
Ground state is obtained after 13 iterations. The current ground-state energy is -70.0472, in which electron energy is -70.1348 and phonon energy is 0.0876784
final variational state is: 
	Gamma_x = [      1,1.02365, 1.0375,1.02365,1.02365, 1.0375,1.05836, 1.0375, 1.0375,1.05836,1.11504,1.05836,1.02365, 1.0375,1.05836, 1.0375]
	lambda_q = [0.519609,0.439794,0.392944,0.439794,0.439794,0.392944,0.402266,0.392944,0.392944,0.402266,0.495862,0.402266,0.439794,0.392944,0.402266,0.392944]
********************************************************************************************************************
o___o  ----------------------------------------
| L |	Time since last clock: 0h 0m 0s
A===A	Time since the beginning: 0h 30m 27.843s
***********************************************


********************************************************************************************************************
Warm up runs have been completed. Start calculating W = 5 phonon.
open output files: NGSEDIterationObs.txt
********************************************************************************************************************
Start the 0 rounds of NGS-ED iteration
	effective electronic model is modified as: kinetic energy t = 0.848464
	                                           effective interaction Vq = [-2.46833,-2.26469,-2.11548,-2.26469,-2.26469,-2.11548,-2.14692,-2.11548,-2.11548,-2.14692, -2.4144,-2.14692,-2.26469,-2.11548,-2.14692,-2.11548]
	PARPACK diagonalization completed after 45 matrix-vector product operations.
	iteration results: : total energy is -62.744154 | electron energy -62.787976 + phonon energy 0.043822 | electron momentum kIdx = 0
	Nq(0) = 16,	Nq(1) = 0.325594,	Nq(2) = 0.355782,	Nq(3) = 0.325594,	Nq(4) = 0.325594,	Nq(5) = 0.355782,	Nq(6) = 0.566875,	Nq(7) = 0.355782,	Nq(8) = 0.355782,	Nq(9) = 0.566875,	Nq(10) = 4.36785,	Nq(11) = 0.566875,	Nq(12) = 0.325594,	Nq(13) = 0.355782,	Nq(14) = 0.566875,	Nq(15) = 0.355782,	Sq(0) = -3.47034e-18,	Sq(1) = 0.293789,	Sq(2) = 0.34379,	Sq(3) = 0.293789,	Sq(4) = 0.293789,	Sq(5) = 0.34379,	Sq(6) = 0.526674,	Sq(7) = 0.34379,	Sq(8) = 0.34379,	Sq(9) = 0.526674,	Sq(10) = 0.582988,	Sq(11) = 0.526674,	Sq(12) = 0.293789,	Sq(13) = 0.34379,	Sq(14) = 0.526674,	Sq(15) = 0.34379,	N(0) = 1.9937,	N(1) = 1.98057,	N(2) = 1,	N(3) = 1.98057,	N(4) = 1.98057,	N(5) = 1,	N(6) = 0.0194252,	N(7) = 1,	N(8) = 1,	N(9) = 0.0194252,	N(10) = 0.00629582,	N(11) = 0.0194252,	N(12) = 1.98057,	N(13) = 1,	N(14) = 0.0194252,	N(15) = 1,	Delta[s](0) = 0.418439,	Delta[s](1) = 0.334074,	Delta[s](2) = 0.322673,	Delta[s](3) = 0.334074,	Delta[s](4) = 0.334074,	Delta[s](5) = 0.322673,	Delta[s](6) = 0.272141,	Delta[s](7) = 0.322673,	Delta[s](8) = 0.322673,	Delta[s](9) = 0.272141,	Delta[s](10) = 0.256872,	Delta[s](11) = 0.272141,	Delta[s](12) = 0.334074,	Delta[s](13) = 0.322673,	Delta[s](14) = 0.272141,	Delta[s](15) = 0.322673,	Delta[d](0) = 0.23368,	Delta[d](1) = 0.233563,	Delta[d](2) = 0.232227,	Delta[d](3) = 0.233563,	Delta[d](4) = 0.233563,	Delta[d](5) = 0.146888,	Delta[d](6) = 0.189051,	Delta[d](7) = 0.146888,	Delta[d](8) = 0.232227,	Delta[d](9) = 0.189051,	Delta[d](10) = 0.0600604,	Delta[d](11) = 0.189051,	Delta[d](12) = 0.233563,	Delta[d](13) = 0.146888,	Delta[d](14) = 0.189051,	Delta[d](15) = 0.146888,	Delta[s+](0) = 0.457722,	Delta[s+](1) = 0.360284,	Delta[s+](2) = 0.232227,	Delta[s+](3) = 0.360284,	Delta[s+](4) = 0.360284,	Delta[s+](5) = 0.232227,	Delta[s+](6) = 0.102889,	Delta[s+](7) = 0.232227,	Delta[s+](8) = 0.232227,	Delta[s+](9) = 0.102889,	Delta[s+](10) = 0.0327488,	Delta[s+](11) = 0.102889,	Delta[s+](12) = 0.360284,	Delta[s+](13) = 0.232227,	Delta[s+](14) = 0.102889,	Delta[s+](15) = 0.232227
The 0-th iteration is completed.	|| time cost : 0h 4m 35.846s
********************************************************************************************************************
Start the 1 rounds of NGS-ED iteration
	effective electronic model is modified as: kinetic energy t = 0.826786
	                                           effective interaction Vq = [-2.61474,-2.39901,-2.21167,-2.39901,-2.39901,-2.21167,-2.25093,-2.21167,-2.21167,-2.25093,-2.57779,-2.25093,-2.39901,-2.21167,-2.25093,-2.21167]
	PARPACK diagonalization completed after 30 matrix-vector product operations.
	iteration results: : total energy is -65.857162 | electron energy -65.993345 + phonon energy 0.136182 | electron momentum kIdx = 0
The 1-th iteration is completed.	|| time cost : 0h 0m 27.318s
********************************************************************************************************************
Start the 2 rounds of NGS-ED iteration
	effective electronic model is modified as: kinetic energy t = 0.815825
	                                           effective interaction Vq = [ -2.6686,-2.45081, -2.2544,-2.45081,-2.45081, -2.2544,-2.29435, -2.2544, -2.2544,-2.29435,-2.64522,-2.29435,-2.45081, -2.2544,-2.29435, -2.2544]
	PARPACK diagonalization completed after 30 matrix-vector product operations.
	iteration results: : total energy is -66.994748 | electron energy -67.196936 + phonon energy 0.202187 | electron momentum kIdx = 0
The 2-th iteration is completed.	|| time cost : 0h 0m 27.394s
********************************************************************************************************************
Start the 3 rounds of NGS-ED iteration
	effective electronic model is modified as: kinetic energy t = 0.810629
	                                           effective interaction Vq = [-2.68842,-2.47077,-2.27316,-2.47077,-2.47077,-2.27316,-2.31187,-2.27316,-2.27316,-2.31187,-2.67195,-2.31187,-2.47077,-2.27316,-2.31187,-2.27316]
	PARPACK diagonalization completed after 30 matrix-vector product operations.
	iteration results: : total energy is -67.398824 | electron energy -67.639072 + phonon energy 0.240248 | electron momentum kIdx = 0
The 3-th iteration is completed.	|| time cost : 0h 0m 27.401s
********************************************************************************************************************
Start the 4 rounds of NGS-ED iteration
	effective electronic model is modified as: kinetic energy t = 0.808197
	                                           effective interaction Vq = [-2.69571,-2.47859,-2.28158,-2.47859,-2.47859,-2.28158,-2.31897,-2.28158,-2.28158,-2.31897,-2.68282,-2.31897,-2.47859,-2.28158,-2.31897,-2.28158]
	PARPACK diagonalization completed after 30 matrix-vector product operations.
	iteration results: : total energy is -67.540756 | electron energy -67.801429 + phonon energy 0.260673 | electron momentum kIdx = 0
The 4-th iteration is completed.	|| time cost : 0h 0m 27.341s
********************************************************************************************************************
Start the 5 rounds of NGS-ED iteration
	effective electronic model is modified as: kinetic energy t = 0.807057
	                                           effective interaction Vq = [-2.69839,-2.48167,-2.28544,-2.48167,-2.48167,-2.28544,-2.32186,-2.28544,-2.28544,-2.32186,-2.68751,-2.32186,-2.48167,-2.28544,-2.32186,-2.28544]
	PARPACK diagonalization completed after 30 matrix-vector product operations.
	iteration results: : total energy is -67.590673 | electron energy -67.861962 + phonon energy 0.271289 | electron momentum kIdx = 0
The 5-th iteration is completed.	|| time cost : 0h 0m 27.48s
********************************************************************************************************************
Start the 6 rounds of NGS-ED iteration
	effective electronic model is modified as: kinetic energy t = 0.806525
	                                           effective interaction Vq = [-2.69937,-2.48284,-2.28722,-2.48284,-2.48284,-2.28722,  -2.323,-2.28722,-2.28722,  -2.323,-2.68966,  -2.323,-2.48284,-2.28722,  -2.323,-2.28722]
	PARPACK diagonalization completed after 30 matrix-vector product operations.
	iteration results: : total energy is -67.608349 | electron energy -67.885046 + phonon energy 0.276697 | electron momentum kIdx = 0
The 6-th iteration is completed.	|| time cost : 0h 0m 27.392s
********************************************************************************************************************
Start the 7 rounds of NGS-ED iteration
	effective electronic model is modified as: kinetic energy t = 0.806281
	                                           effective interaction Vq = [-2.69974,-2.48323,-2.28804,-2.48323,-2.48323,-2.28804, -2.3234,-2.28804,-2.28804, -2.3234,-2.69069, -2.3234,-2.48323,-2.28804, -2.3234,-2.28804]
	PARPACK diagonalization completed after 30 matrix-vector product operations.
	iteration results: : total energy is -67.614661 | electron energy -67.894069 + phonon energy 0.279409 | electron momentum kIdx = 0
The 7-th iteration is completed.	|| time cost : 0h 0m 27.355s
********************************************************************************************************************
Start the 8 rounds of NGS-ED iteration
	effective electronic model is modified as: kinetic energy t = 0.806173
	                                           effective interaction Vq = [-2.69987,-2.48331, -2.2884,-2.48331,-2.48331, -2.2884, -2.3235, -2.2884, -2.2884, -2.3235,-2.69121, -2.3235,-2.48331, -2.2884, -2.3235, -2.2884]
	PARPACK diagonalization completed after 30 matrix-vector product operations.
	iteration results: : total energy is -67.616930 | electron energy -67.897680 + phonon energy 0.280749 | electron momentum kIdx = 0
The 8-th iteration is completed.	|| time cost : 0h 0m 27.382s
********************************************************************************************************************
Start the 9 rounds of NGS-ED iteration
	effective electronic model is modified as: kinetic energy t = 0.806129
	                                           effective interaction Vq = [-2.69992,-2.48328,-2.28855,-2.48328,-2.48328,-2.28855,-2.32348,-2.28855,-2.28855,-2.32348,-2.69146,-2.32348,-2.48328,-2.28855,-2.32348,-2.28855]
	PARPACK diagonalization completed after 30 matrix-vector product operations.
	iteration results: : total energy is -67.617752 | electron energy -67.899154 + phonon energy 0.281402 | electron momentum kIdx = 0
The 9-th iteration is completed.	|| time cost : 0h 0m 27.446s
********************************************************************************************************************
Start the 10 rounds of NGS-ED iteration
	effective electronic model is modified as: kinetic energy t = 0.806113
	                                           effective interaction Vq = [-2.69994,-2.48322, -2.2886,-2.48322,-2.48322, -2.2886,-2.32343, -2.2886, -2.2886,-2.32343, -2.6916,-2.32343,-2.48322, -2.2886,-2.32343, -2.2886]
	PARPACK diagonalization completed after 30 matrix-vector product operations.
	iteration results: : total energy is -67.618050 | electron energy -67.899765 + phonon energy 0.281714 | electron momentum kIdx = 0
	Nq(0) = 16,	Nq(1) = 0.274213,	Nq(2) = 0.330506,	Nq(3) = 0.274213,	Nq(4) = 0.274213,	Nq(5) = 0.330506,	Nq(6) = 0.509671,	Nq(7) = 0.330506,	Nq(8) = 0.330506,	Nq(9) = 0.509671,	Nq(10) = 5.74098,	Nq(11) = 0.509671,	Nq(12) = 0.274213,	Nq(13) = 0.330506,	Nq(14) = 0.509671,	Nq(15) = 0.330506,	Sq(0) = 1.33704e-18,	Sq(1) = 0.238182,	Sq(2) = 0.308856,	Sq(3) = 0.238182,	Sq(4) = 0.238182,	Sq(5) = 0.308856,	Sq(6) = 0.451913,	Sq(7) = 0.308856,	Sq(8) = 0.308856,	Sq(9) = 0.451913,	Sq(10) = 0.526931,	Sq(11) = 0.451913,	Sq(12) = 0.238182,	Sq(13) = 0.308856,	Sq(14) = 0.451913,	Sq(15) = 0.308856,	N(0) = 1.97986,	N(1) = 1.93866,	N(2) = 1,	N(3) = 1.93866,	N(4) = 1.93866,	N(5) = 1,	N(6) = 0.0613411,	N(7) = 1,	N(8) = 1,	N(9) = 0.0613411,	N(10) = 0.0201431,	N(11) = 0.0613411,	N(12) = 1.93866,	N(13) = 1,	N(14) = 0.0613411,	N(15) = 1,	Delta[s](0) = 0.432883,	Delta[s](1) = 0.360272,	Delta[s](2) = 0.343581,	Delta[s](3) = 0.360272,	Delta[s](4) = 0.360272,	Delta[s](5) = 0.343581,	Delta[s](6) = 0.303064,	Delta[s](7) = 0.343581,	Delta[s](8) = 0.343581,	Delta[s](9) = 0.303064,	Delta[s](10) = 0.282065,	Delta[s](11) = 0.303064,	Delta[s](12) = 0.360272,	Delta[s](13) = 0.343581,	Delta[s](14) = 0.303064,	Delta[s](15) = 0.343581,	Delta[d](0) = 0.216595,	Delta[d](1) = 0.206025,	Delta[d](2) = 0.214839,	Delta[d](3) = 0.206025,	Delta[d](4) = 0.206025,	Delta[d](5) = 0.137965,	Delta[d](6) = 0.164724,	Delta[d](7) = 0.137965,	Delta[d](8) = 0.214839,	Delta[d](9) = 0.164724,	Delta[d](10) = 0.0592515,	Delta[d](11) = 0.164724,	Delta[d](12) = 0.206025,	Delta[d](13) = 0.137965,	Delta[d](14) = 0.164724,	Delta[d](15) = 0.137965,	Delta[s+](0) = 0.431173,	Delta[s+](1) = 0.334842,	Delta[s+](2) = 0.214839,	Delta[s+](3) = 0.334842,	Delta[s+](4) = 0.334842,	Delta[s+](5) = 0.214839,	Delta[s+](6) = 0.0936034,	Delta[s+](7) = 0.214839,	Delta[s+](8) = 0.214839,	Delta[s+](9) = 0.0936034,	Delta[s+](10) = 0.0329249,	Delta[s+](11) = 0.0936034,	Delta[s+](12) = 0.334842,	Delta[s+](13) = 0.214839,	Delta[s+](14) = 0.0936034,	Delta[s+](15) = 0.214839
The 10-th iteration is completed.	|| time cost : 0h 4m 30.295s
********************************************************************************************************************
Start the 11 rounds of NGS-ED iteration
	effective electronic model is modified as: kinetic energy t = 0.806109
	                                           effective interaction Vq = [-2.69995,-2.48317,-2.28862,-2.48317,-2.48317,-2.28862,-2.32337,-2.28862,-2.28862,-2.32337,-2.69166,-2.32337,-2.48317,-2.28862,-2.32337,-2.28862]
	PARPACK diagonalization completed after 30 matrix-vector product operations.
	iteration results: : total energy is -67.618159 | electron energy -67.900019 + phonon energy 0.281860 | electron momentum kIdx = 0
The 11-th iteration is completed.	|| time cost : 0h 0m 27.368s
********************************************************************************************************************
Start the 12 rounds of NGS-ED iteration
	effective electronic model is modified as: kinetic energy t = 0.806109
	                                           effective interaction Vq = [-2.69995,-2.48312,-2.28861,-2.48312,-2.48312,-2.28861,-2.32332,-2.28861,-2.28861,-2.32332, -2.6917,-2.32332,-2.48312,-2.28861,-2.32332,-2.28861]
	PARPACK diagonalization completed after 30 matrix-vector product operations.
	iteration results: : total energy is -67.618199 | electron energy -67.900125 + phonon energy 0.281925 | electron momentum kIdx = 0
The 12-th iteration is completed.	|| time cost : 0h 0m 27.31s
********************************************************************************************************************
Start the 13 rounds of NGS-ED iteration
	effective electronic model is modified as: kinetic energy t = 0.806111
	                                           effective interaction Vq = [-2.69995,-2.48309, -2.2886,-2.48309,-2.48309, -2.2886,-2.32329, -2.2886, -2.2886,-2.32329,-2.69172,-2.32329,-2.48309, -2.2886,-2.32329, -2.2886]
	PARPACK diagonalization completed after 30 matrix-vector product operations.
	iteration results: : total energy is -67.618214 | electron energy -67.900167 + phonon energy 0.281953 | electron momentum kIdx = 0
The 13-th iteration is completed.	|| time cost : 0h 0m 27.297s
********************************************************************************************************************
Start the 14 rounds of NGS-ED iteration
	effective electronic model is modified as: kinetic energy t = 0.806114
	                                           effective interaction Vq = [-2.69995,-2.48306, -2.2886,-2.48306,-2.48306, -2.2886,-2.32326, -2.2886, -2.2886,-2.32326,-2.69173,-2.32326,-2.48306, -2.2886,-2.32326, -2.2886]
	PARPACK diagonalization completed after 30 matrix-vector product operations.
	iteration results: : total energy is -67.618219 | electron energy -67.900183 + phonon energy 0.281964 | electron momentum kIdx = 0
The 14-th iteration is completed.	|| time cost : 0h 0m 27.353s
********************************************************************************************************************
Start the 15 rounds of NGS-ED iteration
	effective electronic model is modified as: kinetic energy t = 0.806116
	                                           effective interaction Vq = [-2.69995,-2.48305,-2.28859,-2.48305,-2.48305,-2.28859,-2.32325,-2.28859,-2.28859,-2.32325,-2.69173,-2.32325,-2.48305,-2.28859,-2.32325,-2.28859]
	PARPACK diagonalization completed after 30 matrix-vector product operations.
	iteration results: : total energy is -67.618221 | electron energy -67.900188 + phonon energy 0.281967 | electron momentum kIdx = 0
The 15-th iteration is completed.	|| time cost : 0h 0m 27.308s
********************************************************************************************************************
Start the 16 rounds of NGS-ED iteration
	effective electronic model is modified as: kinetic energy t = 0.806117
	                                           effective interaction Vq = [-2.69995,-2.48303,-2.28858,-2.48303,-2.48303,-2.28858,-2.32323,-2.28858,-2.28858,-2.32323,-2.69173,-2.32323,-2.48303,-2.28858,-2.32323,-2.28858]
	PARPACK diagonalization completed after 30 matrix-vector product operations.
	iteration results: : total energy is -67.618222 | electron energy -67.900188 + phonon energy 0.281967 | electron momentum kIdx = 0
The 16-th iteration is completed.	|| time cost : 0h 0m 27.349s
********************************************************************************************************************
Start the 17 rounds of NGS-ED iteration
	effective electronic model is modified as: kinetic energy t = 0.806118
	                                           effective interaction Vq = [-2.69995,-2.48303,-2.28858,-2.48303,-2.48303,-2.28858,-2.32323,-2.28858,-2.28858,-2.32323,-2.69174,-2.32323,-2.48303,-2.28858,-2.32323,-2.28858]
	PARPACK diagonalization completed after 30 matrix-vector product operations.
	iteration results: : total energy is -67.618222 | electron energy -67.900188 + phonon energy 0.281966 | electron momentum kIdx = 0
The 17-th iteration is completed.	|| time cost : 0h 0m 27.406s
********************************************************************************************************************
Start the 18 rounds of NGS-ED iteration
	effective electronic model is modified as: kinetic energy t = 0.806119
	                                           effective interaction Vq = [-2.69995,-2.48302,-2.28858,-2.48302,-2.48302,-2.28858,-2.32322,-2.28858,-2.28858,-2.32322,-2.69174,-2.32322,-2.48302,-2.28858,-2.32322,-2.28858]
	PARPACK diagonalization completed after 30 matrix-vector product operations.
	iteration results: : total energy is -67.618222 | electron energy -67.900187 + phonon energy 0.281964 | electron momentum kIdx = 0
The 18-th iteration is completed.	|| time cost : 0h 0m 27.523s
********************************************************************************************************************
Start the 19 rounds of NGS-ED iteration
	effective electronic model is modified as: kinetic energy t = 0.806119
	                                           effective interaction Vq = [-2.69995,-2.48302,-2.28857,-2.48302,-2.48302,-2.28857,-2.32322,-2.28857,-2.28857,-2.32322,-2.69174,-2.32322,-2.48302,-2.28857,-2.32322,-2.28857]
	PARPACK diagonalization completed after 30 matrix-vector product operations.
	iteration results: : total energy is -67.618222 | electron energy -67.900186 + phonon energy 0.281963 | electron momentum kIdx = 0
The 19-th iteration is completed.	|| time cost : 0h 0m 27.447s
********************************************************************************************************************
Start the 20 rounds of NGS-ED iteration
	effective electronic model is modified as: kinetic energy t = 0.80612
	                                           effective interaction Vq = [-2.69995,-2.48302,-2.28857,-2.48302,-2.48302,-2.28857,-2.32321,-2.28857,-2.28857,-2.32321,-2.69174,-2.32321,-2.48302,-2.28857,-2.32321,-2.28857]
	PARPACK diagonalization completed after 30 matrix-vector product operations.
	iteration results: : total energy is -67.618222 | electron energy -67.900185 + phonon energy 0.281963 | electron momentum kIdx = 0
