SNEDics v3.22.2 Non-Gaussian ED ground state program		Start at Mon Feb 21 12:27:15 2022

Parallelization: 32 MPI threads  * 8 OpenMP threads = 256 total threads.
********************************************************************************************************************
********************************************************************************************************************

********************************************************************************************************************
System parameters and configurations
	special program options are enabled: splitted diagonal Hamiltonian | splitted Hamiltonian terms
********************************************************************************************************************
Read input file "model_params.in"
	Hubbard-Holstein model parameters : 	t = 1    t' = -0.1    U = 8    g = 0.5    W = 0.13    
********************************************************************************************************************
Read input file "hilbertspace_params.in"
	Requested 16-site 2D lattice, with 14 electrons (7, 7)
	Boundary : Periodic		Hilbert space representation : momentum-space (restricted to kIdx = 0)
	Conservation: particle number[U(1)]      spin[U(1)]     momentum
********************************************************************************************************************

Cluster Positions:				Cluster symmetry group : D4
 x ... x ... x ... x .....                       x ... x ... x ... x .....
 |           |           :                       |           |           :
 |           |           :                       |           |           :
12    13    14    15     x                       1     5     6     5     x
 |           |           :                       |           |           :
 |           |           :                       |           |           :
 8 --- 9 ---10 ---11 --- x                       2 --- 6 ---10 --- 6 --- x
 |           |           :                       |           |           :
 |           |           :                       |           |           :
 4     5     6     7     x                       1     5     6     5     x
 |           |           :                       |           |           :
 |           |           :                       |           |           :
 0 --- 1 --- 2 --- 3 --- x                       0 --- 1 --- 2 --- 1 --- x
orbital number : 1
********************************************************************************************************************
Read input file "obs_params.in"
	Observable Type : Nq(All),   Sq(All),   N(All-Orbital),   Delta[s](All),   Delta[d](All),   Delta[s+](All)
** WARNING ** the input observables have non-local factors which have been reinterpreted. The total observable number is 96
********************************************************************************************************************


********************************************************************************************************************
Start calculating the non-Gaussian ED ground state
Maximal iteration number is 1000; energy resolution is 1e-06. Phonon state relaxation time is 2000
W = 0.13 is relatively large. The non-Gaussian ED calculation starts directly.
open output files: NGSED_iteration_observables.txt
********************************************************************************************************************
Start the 0 rounds of NGS-ED iteration
	effective electronic model is modified as: kinetic energy t = 1, t' = -0.1
	                                           effective interaction Vq = [0,0,0,0,0,0,0,0,0,0,0,0,0,0,0,0]
	first Hamiltonian is constructed, size = 8179600 and non-zero numbers = 2180116564
	PARPACK diagonalization completed after 180 matrix-vector product operations.
	iteration results: : total energy is -11.770076 | electron energy -11.770076 + phonon energy 0.000000 | electron momentum kIdx = 0
	Nq(0) = 12.25,	Nq(1) = 0.152259,	Nq(2) = 0.205835,	Nq(3) = 0.152259,	Nq(4) = 0.152259,	Nq(5) = 0.195847,	
	Nq(6) = 0.239568,	Nq(7) = 0.195847,	Nq(8) = 0.205835,	Nq(9) = 0.239568,	Nq(10) = 0.273649,	
	Nq(11) = 0.239568,	Nq(12) = 0.152259,	Nq(13) = 0.195847,	Nq(14) = 0.239568,	Nq(15) = 0.195847;	
	Sq(0) = -5.50034e-19,	Sq(1) = 0.468754,	Sq(2) = 0.431271,	Sq(3) = 0.468754,	Sq(4) = 0.468754,	
	Sq(5) = 1.1979,	Sq(6) = 1.05103,	Sq(7) = 1.1979,	Sq(8) = 0.431271,	Sq(9) = 1.05103,	
	Sq(10) = 0.980736,	Sq(11) = 1.05103,	Sq(12) = 0.468754,	Sq(13) = 1.1979,	Sq(14) = 1.05103,	
	Sq(15) = 1.1979;	N(0) = 1.69011,	N(1) = 1.58939,	N(2) = 1.2807,	N(3) = 1.58939,	
	N(4) = 1.58939,	N(5) = 0.531627,	N(6) = 0.276405,	N(7) = 0.531627,	N(8) = 1.2807,	
	N(9) = 0.276405,	N(10) = 0.158797,	N(11) = 0.276405,	N(12) = 1.58939,	N(13) = 0.531627,	
	N(14) = 0.276405,	N(15) = 0.531627;	Delta[s](0) = 0.0773514,	Delta[s](1) = 0.0589067,	Delta[s](2) = 0.0444771,	
	Delta[s](3) = 0.0589067,	Delta[s](4) = 0.0589067,	Delta[s](5) = 0.0376811,	Delta[s](6) = 0.0219321,	Delta[s](7) = 0.0376811,	
	Delta[s](8) = 0.0444771,	Delta[s](9) = 0.0219321,	Delta[s](10) = 0.00262217,	Delta[s](11) = 0.0219321,	Delta[s](12) = 0.0589067,	
	Delta[s](13) = 0.0376811,	Delta[s](14) = 0.0219321,	Delta[s](15) = 0.0376811;	Delta[d](0) = 0.39383,	Delta[d](1) = 0.271968,	
	Delta[d](2) = 0.305182,	Delta[d](3) = 0.271968,	Delta[d](4) = 0.271968,	Delta[d](5) = 0.20482,	Delta[d](6) = 0.246361,	
	Delta[d](7) = 0.20482,	Delta[d](8) = 0.305182,	Delta[d](9) = 0.246361,	Delta[d](10) = 0.249204,	Delta[d](11) = 0.246361,	
	Delta[d](12) = 0.271968,	Delta[d](13) = 0.20482,	Delta[d](14) = 0.246361,	Delta[d](15) = 0.20482;	Delta[s+](0) = 0.522824,	
	Delta[s+](1) = 0.390123,	Delta[s+](2) = 0.305182,	Delta[s+](3) = 0.390123,	Delta[s+](4) = 0.390123,	Delta[s+](5) = 0.21437,	
	Delta[s+](6) = 0.11933,	Delta[s+](7) = 0.21437,	Delta[s+](8) = 0.305182,	Delta[s+](9) = 0.11933,	Delta[s+](10) = 0.0435925,	
	Delta[s+](11) = 0.11933,	Delta[s+](12) = 0.390123,	Delta[s+](13) = 0.21437,	Delta[s+](14) = 0.11933,	Delta[s+](15) = 0.21437
	
The 0-th iteration is completed.	|| time cost : 0h 4m 43.352s
********************************************************************************************************************
Start the 1 rounds of NGS-ED iteration
	effective electronic model is modified as: kinetic energy t = 0.990425, t' = -0.0987776
	                                           effective interaction Vq = [  -1.92308, -0.160946, -0.109699, -0.160946, -0.160946, -0.104724,-0.0867238, -0.104724, -0.109699,-0.0867238,-0.0754294,-0.0867238, -0.160946, -0.104724,-0.0867238, -0.104724]
	PARPACK diagonalization completed after 60 matrix-vector product operations.
	iteration results: : total energy is -35.481940 | electron energy -35.495362 + phonon energy 0.013422 | electron momentum kIdx = 0
The 1-th iteration is completed.	|| time cost : 0h 2m 59.189s
********************************************************************************************************************
Start the 2 rounds of NGS-ED iteration
	effective electronic model is modified as: kinetic energy t = 0.990325, t' = -0.0987636
	                                           effective interaction Vq = [  -1.92308, -0.162424, -0.110355, -0.162424, -0.162424,  -0.10531,-0.0872197,  -0.10531, -0.110355,-0.0872197,-0.0758342,-0.0872197, -0.162424,  -0.10531,-0.0872197,  -0.10531]
	PARPACK diagonalization completed after 30 matrix-vector product operations.
	iteration results: : total energy is -35.481946 | electron energy -35.495892 + phonon energy 0.013945 | electron momentum kIdx = 0
The 2-th iteration is completed.	|| time cost : 0h 0m 21.488s
********************************************************************************************************************
Start the 3 rounds of NGS-ED iteration
	effective electronic model is modified as: kinetic energy t = 0.990324, t' = -0.0987635
	                                           effective interaction Vq = [  -1.92308,  -0.16244, -0.110356,  -0.16244,  -0.16244, -0.105311,-0.0872208, -0.105311, -0.110356,-0.0872208, -0.075835,-0.0872208,  -0.16244, -0.105311,-0.0872208, -0.105311]
	PARPACK diagonalization completed after 30 matrix-vector product operations.
	iteration results: : total energy is -35.481946 | electron energy -35.495895 + phonon energy 0.013948 | electron momentum kIdx = 0
The 3-th iteration is completed.	|| time cost : 0h 0m 21.428s
********************************************************************************************************************
Start the 4 rounds of NGS-ED iteration
	effective electronic model is modified as: kinetic energy t = 0.990324, t' = -0.0987635
	                                           effective interaction Vq = [  -1.92308,  -0.16244, -0.110356,  -0.16244,  -0.16244, -0.105311,-0.0872208, -0.105311, -0.110356,-0.0872208, -0.075835,-0.0872208,  -0.16244, -0.105311,-0.0872208, -0.105311]
	PARPACK diagonalization completed after 30 matrix-vector product operations.
	iteration results: : total energy is -35.481946 | electron energy -35.495895 + phonon energy 0.013948 | electron momentum kIdx = 0
The 4-th iteration is completed.	|| time cost : 0h 0m 21.548s
********************************************************************************************************************
Start the 5 rounds of NGS-ED iteration
	effective electronic model is modified as: kinetic energy t = 0.990324, t' = -0.0987635
	                                           effective interaction Vq = [  -1.92308,  -0.16244, -0.110356,  -0.16244,  -0.16244, -0.105311,-0.0872208, -0.105311, -0.110356,-0.0872208, -0.075835,-0.0872208,  -0.16244, -0.105311,-0.0872208, -0.105311]
	PARPACK diagonalization completed after 30 matrix-vector product operations.
	iteration results: : total energy is -35.481946 | electron energy -35.495895 + phonon energy 0.013948 | electron momentum kIdx = 0
	Nq(0) = 12.25,	Nq(1) = 0.154452,	Nq(2) = 0.208302,	Nq(3) = 0.154452,	Nq(4) = 0.154452,	Nq(5) = 0.198173,	
	Nq(6) = 0.242416,	Nq(7) = 0.198173,	Nq(8) = 0.208302,	Nq(9) = 0.242416,	Nq(10) = 0.276819,	
	Nq(11) = 0.242416,	Nq(12) = 0.154452,	Nq(13) = 0.198173,	Nq(14) = 0.242416,	Nq(15) = 0.198173;	
	Sq(0) = -7.60996e-19,	Sq(1) = 0.468329,	Sq(2) = 0.430444,	Sq(3) = 0.468329,	Sq(4) = 0.468329,	
	Sq(5) = 1.19451,	Sq(6) = 1.04648,	Sq(7) = 1.19451,	Sq(8) = 0.430444,	Sq(9) = 1.04648,	
	Sq(10) = 0.978254,	Sq(11) = 1.04648,	Sq(12) = 0.468329,	Sq(13) = 1.19451,	Sq(14) = 1.04648,	
	Sq(15) = 1.19451;	N(0) = 1.69606,	N(1) = 1.5977,	N(2) = 1.28586,	N(3) = 1.5977,	
	N(4) = 1.5977,	N(5) = 0.525295,	N(6) = 0.271242,	N(7) = 0.525295,	N(8) = 1.28586,	
	N(9) = 0.271242,	N(10) = 0.155263,	N(11) = 0.271242,	N(12) = 1.5977,	N(13) = 0.525295,	
	N(14) = 0.271242,	N(15) = 0.525295;	Delta[s](0) = 0.079385,	Delta[s](1) = 0.0605436,	Delta[s](2) = 0.0458503,	
	Delta[s](3) = 0.0605436,	Delta[s](4) = 0.0605436,	Delta[s](5) = 0.0387561,	Delta[s](6) = 0.0226908,	Delta[s](7) = 0.0387561,	
	Delta[s](8) = 0.0458503,	Delta[s](9) = 0.0226908,	Delta[s](10) = 0.00274506,	Delta[s](11) = 0.0226908,	Delta[s](12) = 0.0605436,	
	Delta[s](13) = 0.0387561,	Delta[s](14) = 0.0226908,	Delta[s](15) = 0.0387561;	Delta[d](0) = 0.396141,	Delta[d](1) = 0.272007,	
	Delta[d](2) = 0.306102,	Delta[d](3) = 0.272007,	Delta[d](4) = 0.272007,	Delta[d](5) = 0.204219,	Delta[d](6) = 0.247133,	
	Delta[d](7) = 0.204219,	Delta[d](8) = 0.306102,	Delta[d](9) = 0.247133,	Delta[d](10) = 0.250353,	Delta[d](11) = 0.247133,	
	Delta[d](12) = 0.272007,	Delta[d](13) = 0.204219,	Delta[d](14) = 0.247133,	Delta[d](15) = 0.204219;	Delta[s+](0) = 0.524671,	
	Delta[s+](1) = 0.391242,	Delta[s+](2) = 0.306102,	Delta[s+](3) = 0.391242,	Delta[s+](4) = 0.391242,	Delta[s+](5) = 0.2139,	
	Delta[s+](6) = 0.118524,	Delta[s+](7) = 0.2139,	Delta[s+](8) = 0.306102,	Delta[s+](9) = 0.118524,	Delta[s+](10) = 0.0427583,	
	Delta[s+](11) = 0.118524,	Delta[s+](12) = 0.391242,	Delta[s+](13) = 0.2139,	Delta[s+](14) = 0.118524,	Delta[s+](15) = 0.2139
	
The 5-th iteration is completed.	|| time cost : 0h 3m 8.773s
********************************************************************************************************************
********************************************************************************************************************
Ground state is obtained after 6 iterations. The current ground-state energy is -35.4819, in which electron energy is -35.4959 and phonon energy is 0.0139483
Final variational state is: 
	Gamma_x = [      1,1.20639,1.18928,1.20639,1.20639,1.17072, 1.1736,1.17072,1.18928, 1.1736,1.17255, 1.1736,1.20639,1.17072, 1.1736,1.17072]
	lambda_q = [  3.84615, 0.166024, 0.111987, 0.166024, 0.166024, 0.106794,0.0882328, 0.106794, 0.111987,0.0882328,0.0765977,0.0882328, 0.166024, 0.106794,0.0882328, 0.106794]
Effective e-e interactions mediated by phonons are:
	momentum-space Vq = [  -1.92308,  -0.16244, -0.110356,  -0.16244,  -0.16244, -0.105311,-0.0872208, -0.105311, -0.110356,-0.0872208, -0.075835,-0.0872208,  -0.16244, -0.105311,-0.0872208, -0.105311]
	real-space Vr = [ -0.22747,-0.124855,-0.112399,-0.124855,-0.124855,-0.111137, -0.10605,-0.111137,-0.112399, -0.10605,-0.102639, -0.10605,-0.124855,-0.111137, -0.10605,-0.111137]
********************************************************************************************************************
o___o  ----------------------------------------
| L |	Time since last clock: 0h 0m 0.01s
A===A	Time since the beginning: 0h 11m 55.792s
***********************************************


Non-Gaussina ED ground state calculation is completed. The final ground-state energy is -35.4819
********************************************************************************************************************
o___o  ----------------------------------------
| L |	Time since last clock: 0h 0m 0.002s
A===A	Time since the beginning: 0h 11m 55.795s
***********************************************



********************************************************************************************************************
All non-Gaussian ED ground state calculations have been completed. Exit now.
