SNEDics v3.2 diagonalization test program		Start at Fri May  3 04:11:02 2019

parallized on 80 MPI threads  * 6 OpenMP threads = 480 total threads.
************************************************************************************
************************************************************************************

Input file "model_params.in"
Hubbard-Holstein model parameters : 	t = 1    U = 1    g = 2.2361    W = 1    
************************************************************************************
Input file "hilbertspace_params.in"

Cluster Positions:				Cluster symmetry group : D4
 x ... x ... x ... x .....                       x ... x ... x ... x .....
 |           |           :                       |           |           :
 |           |           :                       |           |           :
12    13    14    15     x                       1     5     6     5     x
 |           |           :                       |           |           :
 |           |           :                       |           |           :
 8 --- 9 ---10 ---11 --- x                       2 --- 6 ---10 --- 6 --- x
 |           |           :                       |           |           :
 |           |           :                       |           |           :
 4     5     6     7     x                       1     5     6     5     x
 |           |           :                       |           |           :
 |           |           :                       |           |           :
 0 --- 1 --- 2 --- 3 --- x                       0 --- 1 --- 2 --- 1 --- x
orbital number : 1
************************************************************************************
** NOTE ** Detected low phonon energy W < 10. The initial state will be prepared through a warm-up process.
starting warm-up calculation for scaling factor 16
0 rounds of non-Gaussian ED iteration : ground-state energy is -20.7936 | electron energy -20.7936 + phonon energy 0 | electron momentum kIdx = 0
Nq = 	16	0.302822	0.345909	0.302822	0.302822	0.345909	0.526848	0.345909	0.345909	0.526848	0.574284	0.526848	0.302822	0.345909	0.526848	0.345909
Sq = 	-2.54719e-18	0.397734	0.575092	0.397734	0.397734	0.575092	0.677148	0.575092	0.575092	0.677148	2.2815	0.677148	0.397734	0.575092	0.677148	0.575092
1 rounds of non-Gaussian ED iteration : ground-state energy is -147.935 | electron energy -147.96 + phonon energy 0.025125 | electron momentum kIdx = 0
Nq = 	16	0.668954	0.828431	0.668954	0.668954	0.828431	1.25272	0.828431	0.828431	1.25272	2.02162	1.25272	0.668954	0.828431	1.25272	0.828431
Sq = 	6.38008e-19	0.0467934	0.0847063	0.0467934	0.0467934	0.0847063	0.11875	0.0847063	0.0847063	0.11875	0.150699	0.11875	0.0467934	0.0847063	0.11875	0.0847063
2 rounds of non-Gaussian ED iteration : ground-state energy is -156.043 | electron energy -156.073 + phonon energy 0.0299971 | electron momentum kIdx = 0
Nq = 	16	0.399179	0.639037	0.399179	0.399179	0.639037	0.998371	0.639037	0.639037	0.998371	5.61656	0.998371	0.399179	0.639037	0.998371	0.639037
Sq = 	-3.38793e-19	0.032646	0.0611277	0.032646	0.032646	0.0611277	0.0873465	0.0611277	0.0611277	0.0873465	0.112286	0.0873465	0.032646	0.0611277	0.0873465	0.0611277
3 rounds of non-Gaussian ED iteration : ground-state energy is -156.424 | electron energy -156.452 + phonon energy 0.0287242 | electron momentum kIdx = 0
Nq = 	16	0.316245	0.527993	0.316245	0.316245	0.527993	0.823849	0.527993	0.527993	0.823849	7.36081	0.823849	0.316245	0.527993	0.823849	0.527993
Sq = 	3.08258e-19	0.0308703	0.0580182	0.0308703	0.0308703	0.0580182	0.0830824	0.0580182	0.0580182	0.0830824	0.106934	0.0830824	0.0308703	0.0580182	0.0830824	0.0580182
4 rounds of non-Gaussian ED iteration : ground-state energy is -156.44 | electron energy -156.468 + phonon energy 0.0280677 | electron momentum kIdx = 0
Nq = 	16	0.294612	0.495637	0.294612	0.294612	0.495637	0.771814	0.495637	0.495637	0.771814	7.8528	0.771814	0.294612	0.495637	0.771814	0.495637
Sq = 	-1.34787e-18	0.0307596	0.057816	0.0307596	0.0307596	0.057816	0.082795	0.057816	0.057816	0.082795	0.106558	0.082795	0.0307596	0.057816	0.082795	0.057816
5 rounds of non-Gaussian ED iteration : ground-state energy is -156.442 | electron energy -156.47 + phonon energy 0.0278552 | electron momentum kIdx = 0
Nq = 	16	0.281223	0.474902	0.281223	0.281223	0.474902	0.738151	0.474902	0.474903	0.738151	8.16441	0.738151	0.281223	0.474902	0.738151	0.474902
Sq = 	1.41598e-19	0.0308021	0.057884	0.0308021	0.0308021	0.057884	0.0828801	0.057884	0.057884	0.0828801	0.106651	0.0828801	0.0308021	0.057884	0.0828801	0.057884
Ground state is obtained after 6 iterations. The current ground-state energy is -156.443, in which electron energy is -156.47 and phonon energy is 0.0277026
final variational state is: 
Gamma_x =       1 1.00942  1.0184 1.00942 1.00942  1.0184 1.02763  1.0184  1.0184 1.02763  1.0409 1.02763 1.00942  1.0184 1.02763  1.0184
lambda_q = 0.558987 0.527812 0.522686 0.527812 0.527812 0.522686  0.52418 0.522686 0.522686  0.52418 0.554489  0.52418 0.527812 0.522686  0.52418 0.522686
o___o  -------------------------------------
| L |	Time since last clock: 0h 33m 51.617s
A===A	Time since the beginning: 0h 33m 51.617s
********************************************

************************************************************************************
starting warm-up calculation for scaling factor 8
0 rounds of non-Gaussian ED iteration : ground-state energy is -142.541 | electron energy -142.555 + phonon energy 0.0138513 | electron momentum kIdx = 0
Nq = 	16	0.0815178	0.150998	0.0815178	0.0815178	0.150998	0.222171	0.150998	0.150998	0.222171	12.8647	0.222171	0.0815178	0.150998	0.222171	0.150998
Sq = 	-4.61776e-19	0.0349053	0.0648144	0.0349053	0.0349053	0.0648144	0.0920965	0.0648144	0.0648144	0.0920965	0.117705	0.0920965	0.0349053	0.0648144	0.0920965	0.0648144
1 rounds of non-Gaussian ED iteration : ground-state energy is -152.831 | electron energy -152.885 + phonon energy 0.0538397 | electron momentum kIdx = 0
Nq = 	16	0.031181	0.0608862	0.031181	0.031181	0.0608862	0.0901325	0.0608862	0.0608862	0.0901325	14.4256	0.0901325	0.031181	0.0608862	0.0901325	0.0608862
Sq = 	2.82235e-19	0.0241594	0.046014	0.0241594	0.0241594	0.046014	0.0663607	0.046014	0.046014	0.0663607	0.0856268	0.0663607	0.0241594	0.046014	0.0663607	0.046014
2 rounds of non-Gaussian ED iteration : ground-state energy is -155.158 | electron energy -155.205 + phonon energy 0.0463788 | electron momentum kIdx = 0
Nq = 	16	0.0231442	0.0454413	0.0231442	0.0231442	0.0454413	0.0673326	0.0454413	0.0454413	0.0673326	14.7079	0.0673326	0.0231442	0.0454413	0.0673326	0.0454413
Sq = 	-2.81223e-19	0.0216519	0.0416692	0.0216519	0.0216519	0.0416692	0.06057	0.0416692	0.0416692	0.06057	0.0786542	0.06057	0.0216519	0.0416692	0.06057	0.0416692
3 rounds of non-Gaussian ED iteration : ground-state energy is -155.635 | electron energy -155.675 + phonon energy 0.0396936 | electron momentum kIdx = 0
Nq = 	16	0.0208015	0.0408404	0.0208015	0.0208015	0.0408404	0.0604449	0.0408404	0.0408404	0.0604449	14.8145	0.0604449	0.0208015	0.0408404	0.0604449	0.0408404
Sq = 	-1.18501e-19	0.0201199	0.0389323	0.0201199	0.0201199	0.0389323	0.0568353	0.0389323	0.0389323	0.0568353	0.0740693	0.0568353	0.0201199	0.0389323	0.0568353	0.0389323
4 rounds of non-Gaussian ED iteration : ground-state energy is -155.721 | electron energy -155.757 + phonon energy 0.0369342 | electron momentum kIdx = 0
Nq = 	16	0.0199657	0.039199	0.0199657	0.0199657	0.039199	0.0579928	0.039199	0.039199	0.0579928	14.8561	0.0579928	0.0199657	0.039199	0.0579928	0.039199
Sq = 	6.92786e-19	0.0194582	0.0377271	0.0194582	0.0194582	0.0377271	0.0551626	0.0377271	0.0377271	0.0551626	0.0719833	0.0551626	0.0194582	0.0377271	0.0551626	0.0377271
5 rounds of non-Gaussian ED iteration : ground-state energy is -155.736 | electron energy -155.772 + phonon energy 0.0359331 | electron momentum kIdx = 0
Nq = 	16	0.0196746	0.0386279	0.0196746	0.0196746	0.0386279	0.057141	0.0386279	0.0386279	0.057141	14.871	0.057141	0.0196746	0.0386279	0.057141	0.0386279
Sq = 	1.52829e-19	0.0192167	0.0372845	0.0192167	0.0192167	0.0372845	0.0545449	0.0372845	0.0372845	0.0545449	0.0712088	0.0545449	0.0192167	0.0372845	0.0545449	0.0372845
6 rounds of non-Gaussian ED iteration : ground-state energy is -155.739 | electron energy -155.774 + phonon energy 0.0355947 | electron momentum kIdx = 0
Nq = 	16	0.019574	0.0384307	0.019574	0.019574	0.0384307	0.0568471	0.0384307	0.0384307	0.0568471	14.8762	0.0568471	0.019574	0.0384307	0.0568471	0.0384307
Sq = 	1.33591e-20	0.019132	0.0371288	0.019132	0.019132	0.0371288	0.0543271	0.0371288	0.0371288	0.0543271	0.0709353	0.0543271	0.019132	0.0371288	0.0543271	0.0371288
Ground state is obtained after 7 iterations. The current ground-state energy is -155.739, in which electron energy is -155.775 and phonon energy is 0.0354902
final variational state is: 
Gamma_x =       1 1.00597 1.01172 1.00597 1.00597 1.01172 1.01736 1.01172 1.01172 1.01736 1.13297 1.01736 1.00597 1.01172 1.01736 1.01172
lambda_q = 0.789724 0.321187 0.318756 0.321187 0.321187 0.318756 0.317167 0.318756 0.318756 0.317167 0.784768 0.317167 0.321187 0.318756 0.317167 0.318756
o___o  -------------------------------------
| L |	Time since last clock: 0h 37m 44.92s
A===A	Time since the beginning: 1h 11m 36.538s
********************************************

************************************************************************************
starting warm-up calculation for scaling factor 4
0 rounds of non-Gaussian ED iteration : ground-state energy is -141.84 | electron energy -141.858 + phonon energy 0.0177451 | electron momentum kIdx = 0
Nq = 	16	0.0202412	0.03962	0.0202412	0.0202412	0.03962	0.0584593	0.03962	0.03962	0.0584593	14.8336	0.0584593	0.0202412	0.03962	0.0584593	0.03962
Sq = 	-1.73782e-19	0.0199729	0.0387748	0.0199729	0.0199729	0.0387748	0.0567782	0.0387748	0.0387748	0.0567782	0.0742076	0.0567782	0.0199729	0.0387748	0.0567782	0.0387748
1 rounds of non-Gaussian ED iteration : ground-state energy is -149.483 | electron energy -149.534 + phonon energy 0.0507913 | electron momentum kIdx = 0
Nq = 	16	0.0164444	0.0323092	0.0164444	0.0164444	0.0323092	0.0477723	0.0323092	0.0323092	0.0477723	15.0438	0.0477723	0.0164444	0.0323092	0.0477723	0.0323092
Sq = 	2.20162e-19	0.0163115	0.0318724	0.0163115	0.0163115	0.0318724	0.0468865	0.0318724	0.0318724	0.0468865	0.0614889	0.0468865	0.0163115	0.0318724	0.0468865	0.0318724
2 rounds of non-Gaussian ED iteration : ground-state energy is -152.761 | electron energy -152.835 + phonon energy 0.0739945 | electron momentum kIdx = 0
Nq = 	16	0.0148782	0.0292743	0.0148782	0.0148782	0.0292743	0.043323	0.0292743	0.0292743	0.043323	15.1316	0.043323	0.0148782	0.0292743	0.043323	0.0292743
Sq = 	4.52493e-20	0.0147895	0.0289752	0.0147895	0.0147895	0.0289752	0.0427091	0.0289752	0.0289752	0.0427091	0.056096	0.0427091	0.0147895	0.0289752	0.0427091	0.0289752
3 rounds of non-Gaussian ED iteration : ground-state energy is -154.112 | electron energy -154.201 + phonon energy 0.08908 | electron momentum kIdx = 0
Nq = 	16	0.0142026	0.0279623	0.0142026	0.0142026	0.0279623	0.0413973	0.0279623	0.0279623	0.0413973	15.1697	0.0413973	0.0142026	0.0279623	0.0413973	0.0279623
Sq = 	1.24713e-19	0.0141299	0.0277143	0.0141299	0.0141299	0.0277143	0.0408857	0.0277143	0.0277143	0.0408857	0.0537372	0.0408857	0.0141299	0.0277143	0.0408857	0.0277143
4 rounds of non-Gaussian ED iteration : ground-state energy is -154.663 | electron energy -154.762 + phonon energy 0.0988896 | electron momentum kIdx = 0
Nq = 	16	0.0139009	0.0273759	0.0139009	0.0139009	0.0273759	0.0405365	0.0273759	0.0273759	0.0405365	15.1868	0.0405365	0.0139009	0.0273759	0.0405365	0.0273759
Sq = 	2.14412e-19	0.0138346	0.0271486	0.0138346	0.0138346	0.0271486	0.0400666	0.0271486	0.0271486	0.0400666	0.0526763	0.0400666	0.0138346	0.0271486	0.0400666	0.0271486
5 rounds of non-Gaussian ED iteration : ground-state energy is -154.889 | electron energy -154.994 + phonon energy 0.105202 | electron momentum kIdx = 0
Nq = 	16	0.0137609	0.0271039	0.0137609	0.0137609	0.0271039	0.0401371	0.0271039	0.0271039	0.0401371	15.1948	0.0401371	0.0137609	0.0271039	0.0401371	0.0271039
Sq = 	-4.74078e-19	0.0136973	0.0268854	0.0136973	0.0136973	0.0268854	0.0396851	0.0268854	0.0268854	0.0396851	0.052182	0.0396851	0.0136973	0.0268854	0.0396851	0.0268854
6 rounds of non-Gaussian ED iteration : ground-state energy is -154.982 | electron energy -155.091 + phonon energy 0.109179 | electron momentum kIdx = 0
Nq = 	16	0.0136932	0.0269723	0.0136932	0.0136932	0.0269723	0.039944	0.0269723	0.0269723	0.039944	15.1986	0.039944	0.0136932	0.0269723	0.039944	0.0269723
Sq = 	1.23414e-19	0.0136308	0.0267579	0.0136308	0.0136308	0.0267579	0.0395002	0.0267579	0.0267579	0.0395002	0.0519422	0.0395002	0.0136308	0.0267579	0.0395002	0.0267579
7 rounds of non-Gaussian ED iteration : ground-state energy is -155.021 | electron energy -155.133 + phonon energy 0.11163 | electron momentum kIdx = 0
Nq = 	16	0.0136591	0.026906	0.0136591	0.0136591	0.026906	0.0398467	0.026906	0.026906	0.0398467	15.2005	0.0398467	0.0136591	0.026906	0.0398467	0.026906
Sq = 	-6.96063e-19	0.0135973	0.0266935	0.0135973	0.0135973	0.0266935	0.0394068	0.0266935	0.0266935	0.0394068	0.0518212	0.0394068	0.0135973	0.0266935	0.0394068	0.0266935
8 rounds of non-Gaussian ED iteration : ground-state energy is -155.038 | electron energy -155.151 + phonon energy 0.11311 | electron momentum kIdx = 0
Nq = 	16	0.0136413	0.0268715	0.0136413	0.0136413	0.0268715	0.039796	0.0268715	0.0268715	0.039796	15.2016	0.039796	0.0136413	0.0268715	0.039796	0.0268715
Sq = 	-4.79782e-19	0.0135798	0.0266599	0.0135798	0.0135798	0.0266599	0.0393581	0.0266599	0.0266599	0.0393581	0.0517579	0.0393581	0.0135798	0.0266599	0.0393581	0.0266599
9 rounds of non-Gaussian ED iteration : ground-state energy is -155.045 | electron energy -155.159 + phonon energy 0.113991 | electron momentum kIdx = 0
Nq = 	16	0.0136318	0.026853	0.0136318	0.0136318	0.026853	0.0397689	0.026853	0.026853	0.0397689	15.2021	0.0397689	0.0136318	0.026853	0.0397689	0.026853
Sq = 	2.09358e-19	0.0135704	0.0266419	0.0135704	0.0135704	0.0266419	0.0393319	0.0266419	0.0266419	0.0393319	0.051724	0.0393319	0.0135704	0.0266419	0.0393319	0.0266419
10 rounds of non-Gaussian ED iteration : ground-state energy is -155.048 | electron energy -155.163 + phonon energy 0.114509 | electron momentum kIdx = 0
Nq = 	16	0.0136265	0.0268429	0.0136265	0.0136265	0.0268429	0.039754	0.0268429	0.0268429	0.039754	15.2024	0.039754	0.0136265	0.0268429	0.039754	0.0268429
Sq = 	2.34952e-19	0.0135653	0.026632	0.0135653	0.0135653	0.026632	0.0393176	0.026632	0.026632	0.0393176	0.0517054	0.0393176	0.0135653	0.026632	0.0393176	0.026632
11 rounds of non-Gaussian ED iteration : ground-state energy is -155.05 | electron energy -155.164 + phonon energy 0.114811 | electron momentum kIdx = 0
Nq = 	16	0.0136236	0.0268372	0.0136236	0.0136236	0.0268372	0.0397458	0.0268372	0.0268372	0.0397458	15.2026	0.0397458	0.0136236	0.0268372	0.0397458	0.0268372
Sq = 	-6.19917e-20	0.0135624	0.0266265	0.0135624	0.0135624	0.0266265	0.0393096	0.0266265	0.0266265	0.0393096	0.051695	0.0393096	0.0135624	0.0266265	0.0393096	0.0266265
Ground state is obtained after 12 iterations. The current ground-state energy is -155.05, in which electron energy is -155.165 and phonon energy is 0.114986
final variational state is: 
Gamma_x =       1 1.00587 1.01153 1.00587 1.00587 1.01153 1.01705 1.01153 1.01153 1.01705  1.3972 1.01705 1.00587 1.01153 1.01705 1.01153
lambda_q =  1.11535  0.24607 0.244243  0.24607  0.24607 0.244243 0.242851 0.244243 0.244243 0.242851  1.10743 0.242851  0.24607 0.244243 0.242851 0.244243
o___o  -------------------------------------
| L |	Time since last clock: 1h 1m 52.948s
A===A	Time since the beginning: 2h 13m 29.486s
********************************************

************************************************************************************
starting warm-up calculation for scaling factor 2
0 rounds of non-Gaussian ED iteration : ground-state energy is -141.162 | electron energy -141.219 + phonon energy 0.057493 | electron momentum kIdx = 0
Nq = 	16	0.015123	0.0297108	0.015123	0.015123	0.0297108	0.0439122	0.0297108	0.0297108	0.0439122	15.1164	0.0439122	0.015123	0.0297108	0.0439122	0.0297108
Sq = 	9.28784e-20	0.0150769	0.0295488	0.0150769	0.0150769	0.0295488	0.0435755	0.0295488	0.0295488	0.0435755	0.0572656	0.0435755	0.0150769	0.0295488	0.0435755	0.0295488
1 rounds of non-Gaussian ED iteration : ground-state energy is -146.313 | electron energy -146.426 + phonon energy 0.112707 | electron momentum kIdx = 0
Nq = 	16	0.013227	0.0260403	0.013227	0.013227	0.0260403	0.0385414	0.0260403	0.0260403	0.0385414	15.2243	0.0385414	0.013227	0.0260403	0.0385414	0.0260403
Sq = 	-5.01826e-20	0.0132017	0.0259499	0.0132017	0.0132017	0.0259499	0.0383521	0.0259499	0.0259499	0.0383521	0.0504853	0.0383521	0.0132017	0.0259499	0.0383521	0.0259499
2 rounds of non-Gaussian ED iteration : ground-state energy is -149.56 | electron energy -149.718 + phonon energy 0.158621 | electron momentum kIdx = 0
Nq = 	16	0.0121803	0.0240087	0.0121803	0.0121803	0.0240087	0.0355654	0.0240087	0.0240087	0.0355654	15.2842	0.0355654	0.0121803	0.0240087	0.0355654	0.0240087
Sq = 	-4.62021e-19	0.0121626	0.0239446	0.0121626	0.0121626	0.0239446	0.0354303	0.0239446	0.0239446	0.0354303	0.0466816	0.0354303	0.0121626	0.0239446	0.0354303	0.0239446
3 rounds of non-Gaussian ED iteration : ground-state energy is -151.519 | electron energy -151.713 + phonon energy 0.193906 | electron momentum kIdx = 0
Nq = 	16	0.0116024	0.0228852	0.0116024	0.0116024	0.0228852	0.033918	0.0228852	0.0228852	0.033918	15.3175	0.033918	0.0116024	0.0228852	0.033918	0.0228852
Sq = 	-2.53225e-19	0.011588	0.0228325	0.011588	0.011588	0.0228325	0.0338066	0.0228325	0.0228325	0.0338066	0.0445646	0.0338066	0.011588	0.0228325	0.0338066	0.0228325
4 rounds of non-Gaussian ED iteration : ground-state energy is -152.681 | electron energy -152.901 + phonon energy 0.220226 | electron momentum kIdx = 0
Nq = 	16	0.0112816	0.0222609	0.0112816	0.0112816	0.0222609	0.0330022	0.0222609	0.0222609	0.0330022	15.3359	0.0330022	0.0112816	0.0222609	0.0330022	0.0222609
Sq = 	-1.83454e-19	0.0112687	0.0222137	0.0112687	0.0112687	0.0222137	0.0329021	0.0222137	0.0222137	0.0329021	0.0433845	0.0329021	0.0112687	0.0222137	0.0329021	0.0222137
5 rounds of non-Gaussian ED iteration : ground-state energy is -153.373 | electron energy -153.612 + phonon energy 0.239528 | electron momentum kIdx = 0
Nq = 	16	0.011102	0.0219112	0.011102	0.011102	0.0219112	0.032489	0.0219112	0.0219112	0.032489	15.3463	0.032489	0.011102	0.0219112	0.032489	0.0219112
Sq = 	3.15529e-19	0.0110899	0.0218668	0.0110899	0.0110899	0.0218668	0.0323948	0.0218668	0.0218668	0.0323948	0.0427222	0.0323948	0.0110899	0.0218668	0.0323948	0.0218668
6 rounds of non-Gaussian ED iteration : ground-state energy is -153.79 | electron energy -154.044 + phonon energy 0.253477 | electron momentum kIdx = 0
Nq = 	16	0.0110002	0.021713	0.0110002	0.0110002	0.021713	0.032198	0.021713	0.021713	0.032198	15.3522	0.032198	0.0110002	0.021713	0.032198	0.021713
Sq = 	-4.21081e-19	0.0109885	0.0216701	0.0109885	0.0109885	0.0216701	0.032107	0.0216701	0.0216701	0.032107	0.0423464	0.032107	0.0109885	0.0216701	0.032107	0.0216701
7 rounds of non-Gaussian ED iteration : ground-state energy is -154.047 | electron energy -154.311 + phonon energy 0.263414 | electron momentum kIdx = 0
Nq = 	16	0.0109416	0.0215988	0.0109416	0.0109416	0.0215988	0.0320304	0.0215988	0.0215988	0.0320304	15.3556	0.0320304	0.0109416	0.0215988	0.0320304	0.0215988
Sq = 	-1.43602e-19	0.0109301	0.0215567	0.0109301	0.0109301	0.0215567	0.031941	0.0215567	0.0215567	0.031941	0.0421297	0.031941	0.0109301	0.0215567	0.031941	0.0215567
8 rounds of non-Gaussian ED iteration : ground-state energy is -154.209 | electron energy -154.479 + phonon energy 0.270396 | electron momentum kIdx = 0
Nq = 	16	0.0109072	0.0215318	0.0109072	0.0109072	0.0215318	0.031932	0.0215318	0.0215318	0.031932	15.3576	0.031932	0.0109072	0.0215318	0.031932	0.0215318
Sq = 	-1.61974e-19	0.0108959	0.0214901	0.0108959	0.0108959	0.0214901	0.0318436	0.0214901	0.0214901	0.0318436	0.0420025	0.0318436	0.0108959	0.0214901	0.0318436	0.0214901
9 rounds of non-Gaussian ED iteration : ground-state energy is -154.312 | electron energy -154.587 + phonon energy 0.275241 | electron momentum kIdx = 0
Nq = 	16	0.0108866	0.0214916	0.0108866	0.0108866	0.0214916	0.0318731	0.0214916	0.0214916	0.0318731	15.3587	0.0318731	0.0108866	0.0214916	0.0318731	0.0214916
Sq = 	1.11995e-19	0.0108753	0.0214503	0.0108753	0.0108753	0.0214503	0.0317853	0.0214503	0.0214503	0.0317853	0.0419263	0.0317853	0.0108753	0.0214503	0.0317853	0.0214503
10 rounds of non-Gaussian ED iteration : ground-state energy is -154.379 | electron energy -154.658 + phonon energy 0.278567 | electron momentum kIdx = 0
Nq = 	16	0.010874	0.0214672	0.010874	0.010874	0.0214672	0.0318372	0.0214672	0.0214672	0.0318372	15.3595	0.0318372	0.010874	0.0214672	0.0318372	0.0214672
Sq = 	6.55823e-20	0.0108628	0.021426	0.0108628	0.0108628	0.021426	0.0317498	0.021426	0.021426	0.0317498	0.0418798	0.0317498	0.0108628	0.021426	0.0317498	0.021426
11 rounds of non-Gaussian ED iteration : ground-state energy is -154.423 | electron energy -154.704 + phonon energy 0.280831 | electron momentum kIdx = 0
Nq = 	16	0.0108663	0.021452	0.0108663	0.0108663	0.021452	0.0318149	0.021452	0.021452	0.0318149	15.3599	0.0318149	0.0108663	0.021452	0.0318149	0.021452
Sq = 	2.5683e-19	0.0108551	0.0214109	0.0108551	0.0108551	0.0214109	0.0317277	0.0214109	0.0214109	0.0317277	0.041851	0.0317277	0.0108551	0.0214109	0.0317277	0.0214109
12 rounds of non-Gaussian ED iteration : ground-state energy is -154.452 | electron energy -154.734 + phonon energy 0.28236 | electron momentum kIdx = 0
Nq = 	16	0.0108614	0.0214425	0.0108614	0.0108614	0.0214425	0.0318009	0.0214425	0.0214425	0.0318009	15.3602	0.0318009	0.0108614	0.0214425	0.0318009	0.0214425
Sq = 	2.33919e-20	0.0108502	0.0214014	0.0108502	0.0108502	0.0214014	0.0317138	0.0214014	0.0214014	0.0317138	0.0418329	0.0317138	0.0108502	0.0214014	0.0317138	0.0214014
13 rounds of non-Gaussian ED iteration : ground-state energy is -154.471 | electron energy -154.754 + phonon energy 0.283388 | electron momentum kIdx = 0
Nq = 	16	0.0108582	0.0214364	0.0108582	0.0108582	0.0214364	0.0317919	0.0214364	0.0214364	0.0317919	15.3604	0.0317919	0.0108582	0.0214364	0.0317919	0.0214364
Sq = 	-3.80935e-19	0.0108471	0.0213954	0.0108471	0.0108471	0.0213954	0.0317049	0.0213954	0.0213954	0.0317049	0.0418213	0.0317049	0.0108471	0.0213954	0.0317049	0.0213954
14 rounds of non-Gaussian ED iteration : ground-state energy is -154.484 | electron energy -154.768 + phonon energy 0.284075 | electron momentum kIdx = 0
Nq = 	16	0.0108562	0.0214325	0.0108562	0.0108562	0.0214325	0.0317862	0.0214325	0.0214325	0.0317862	15.3605	0.0317862	0.0108562	0.0214325	0.0317862	0.0214325
Sq = 	5.75718e-20	0.0108451	0.0213915	0.0108451	0.0108451	0.0213915	0.0316993	0.0213915	0.0213915	0.0316993	0.0418139	0.0316993	0.0108451	0.0213915	0.0316993	0.0213915
15 rounds of non-Gaussian ED iteration : ground-state energy is -154.492 | electron energy -154.777 + phonon energy 0.284533 | electron momentum kIdx = 0
Nq = 	16	0.0108549	0.0214299	0.0108549	0.0108549	0.0214299	0.0317825	0.0214299	0.0214299	0.0317825	15.3606	0.0317825	0.0108549	0.0214299	0.0317825	0.0214299
Sq = 	-3.24626e-19	0.0108438	0.021389	0.0108438	0.0108438	0.021389	0.0316956	0.021389	0.021389	0.0316956	0.0418091	0.0316956	0.0108438	0.021389	0.0316956	0.021389
16 rounds of non-Gaussian ED iteration : ground-state energy is -154.498 | electron energy -154.783 + phonon energy 0.284838 | electron momentum kIdx = 0
Nq = 	16	0.0108541	0.0214283	0.0108541	0.0108541	0.0214283	0.0317801	0.0214283	0.0214283	0.0317801	15.3606	0.0317801	0.0108541	0.0214283	0.0317801	0.0214283
Sq = 	3.44375e-19	0.0108429	0.0213873	0.0108429	0.0108429	0.0213873	0.0316932	0.0213873	0.0213873	0.0316932	0.0418059	0.0316932	0.0108429	0.0213873	0.0316932	0.0213873
17 rounds of non-Gaussian ED iteration : ground-state energy is -154.502 | electron energy -154.787 + phonon energy 0.28504 | electron momentum kIdx = 0
Nq = 	16	0.0108535	0.0214272	0.0108535	0.0108535	0.0214272	0.0317785	0.0214272	0.0214272	0.0317785	15.3607	0.0317785	0.0108535	0.0214272	0.0317785	0.0214272
Sq = 	-1.76628e-19	0.0108424	0.0213863	0.0108424	0.0108424	0.0213863	0.0316916	0.0213863	0.0213863	0.0316916	0.0418039	0.0316916	0.0108424	0.0213863	0.0316916	0.0213863
18 rounds of non-Gaussian ED iteration : ground-state energy is -154.504 | electron energy -154.79 + phonon energy 0.285174 | electron momentum kIdx = 0
Nq = 	16	0.0108532	0.0214265	0.0108532	0.0108532	0.0214265	0.0317774	0.0214265	0.0214265	0.0317774	15.3607	0.0317774	0.0108532	0.0214265	0.0317774	0.0214265
Sq = 	4.5281e-19	0.010842	0.0213856	0.010842	0.010842	0.0213856	0.0316906	0.0213856	0.0213856	0.0316906	0.0418025	0.0316906	0.010842	0.0213856	0.0316906	0.0213856
19 rounds of non-Gaussian ED iteration : ground-state energy is -154.506 | electron energy -154.791 + phonon energy 0.285263 | electron momentum kIdx = 0
Nq = 	16	0.0108529	0.021426	0.0108529	0.0108529	0.021426	0.0317767	0.021426	0.021426	0.0317767	15.3607	0.0317767	0.0108529	0.021426	0.0317767	0.021426
Sq = 	-9.44333e-20	0.0108418	0.0213851	0.0108418	0.0108418	0.0213851	0.0316899	0.0213851	0.0213851	0.0316899	0.0418017	0.0316899	0.0108418	0.0213851	0.0316899	0.0213851
20 rounds of non-Gaussian ED iteration : ground-state energy is -154.507 | electron energy -154.793 + phonon energy 0.285321 | electron momentum kIdx = 0
Nq = 	16	0.0108528	0.0214257	0.0108528	0.0108528	0.0214257	0.0317763	0.0214257	0.0214257	0.0317763	15.3607	0.0317763	0.0108528	0.0214257	0.0317763	0.0214257
Sq = 	-1.44539e-19	0.0108416	0.0213848	0.0108416	0.0108416	0.0213848	0.0316894	0.0213848	0.0213848	0.0316894	0.0418011	0.0316894	0.0108416	0.0213848	0.0316894	0.0213848
Ground state is obtained after 21 iterations. The current ground-state energy is -154.508, in which electron energy is -154.793 and phonon energy is 0.28536
final variational state is: 
Gamma_x =       1 1.00543 1.01069 1.00543 1.00543 1.01069 1.01582 1.01069 1.01069 1.01582 2.09061 1.01582 1.00543 1.01069 1.01582 1.01069
lambda_q =  1.57418 0.177841  0.17662 0.177841 0.177841  0.17662 0.175638  0.17662  0.17662 0.175638  1.56427 0.175638 0.177841  0.17662 0.175638  0.17662
o___o  -------------------------------------
| L |	Time since last clock: 1h 45m 50.395s
A===A	Time since the beginning: 3h 59m 19.882s
********************************************

************************************************************************************
Warm up completed
o___o  -------------------------------------
| L |	Time since last clock: 0h 0m 0.028s
A===A	Time since the beginning: 3h 59m 19.91s
********************************************

************************************************************************************
0 rounds of non-Gaussian ED iteration : ground-state energy is -140.644 | electron energy -140.787 + phonon energy 0.14268 | electron momentum kIdx = 0
Nq = 	16	0.0125852	0.0247815	0.0125852	0.0125852	0.0247815	0.0366799	0.0247815	0.0247815	0.0366799	15.2607	0.0366799	0.0125852	0.0247815	0.0366799	0.0247815
Sq = 	-2.90577e-19	0.0125779	0.0247549	0.0125779	0.0125779	0.0247549	0.036624	0.0247549	0.0247549	0.036624	0.0482525	0.036624	0.0125779	0.0247549	0.036624	0.0247549
1 rounds of non-Gaussian ED iteration : ground-state energy is -144.261 | electron energy -144.478 + phonon energy 0.217441 | electron momentum kIdx = 0
Nq = 	16	0.0115502	0.0227716	0.0115502	0.0115502	0.0227716	0.0337352	0.0227716	0.0227716	0.0337352	15.3202	0.0337352	0.0115502	0.0227716	0.0337352	0.0227716
Sq = 	3.89399e-20	0.011547	0.0227601	0.011547	0.011547	0.0227601	0.0337114	0.0227601	0.0227601	0.0337114	0.0444547	0.0337114	0.011547	0.0227601	0.0337114	0.0227601
2 rounds of non-Gaussian ED iteration : ground-state energy is -146.964 | electron energy -147.245 + phonon energy 0.281044 | electron momentum kIdx = 0
Nq = 	16	0.0108503	0.0214107	0.0108503	0.0108503	0.0214107	0.0317404	0.0214107	0.0214107	0.0317404	15.3606	0.0317404	0.0108503	0.0214107	0.0317404	0.0214107
Sq = 	-2.07872e-19	0.0108484	0.0214039	0.0108484	0.0108484	0.0214039	0.0317265	0.0214039	0.0214039	0.0317265	0.0418615	0.0317265	0.0108484	0.0214039	0.0317265	0.0214039
3 rounds of non-Gaussian ED iteration : ground-state energy is -148.884 | electron energy -149.217 + phonon energy 0.332377 | electron momentum kIdx = 0
Nq = 	16	0.0103944	0.020523	0.0103944	0.0103944	0.020523	0.0304382	0.020523	0.020523	0.0304382	15.387	0.0304382	0.0103944	0.020523	0.0304382	0.020523
Sq = 	1.78382e-19	0.0103931	0.0205183	0.0103931	0.0103931	0.0205183	0.0304285	0.0205183	0.0205183	0.0304285	0.040164	0.0304285	0.0103931	0.0205183	0.0304285	0.0205183
4 rounds of non-Gaussian ED iteration : ground-state energy is -150.219 | electron energy -150.592 + phonon energy 0.372641 | electron momentum kIdx = 0
Nq = 	16	0.0101062	0.0199614	0.0101062	0.0101062	0.0199614	0.0296139	0.0199614	0.0199614	0.0296139	15.4037	0.0296139	0.0101062	0.0199614	0.0296139	0.0199614
Sq = 	6.72064e-20	0.0101052	0.0199577	0.0101052	0.0101052	0.0199577	0.0296062	0.0199577	0.0199577	0.0296062	0.0390881	0.0296062	0.0101052	0.0199577	0.0296062	0.0199577
5 rounds of non-Gaussian ED iteration : ground-state energy is -151.15 | electron energy -151.553 + phonon energy 0.403648 | electron momentum kIdx = 0
Nq = 	16	0.00992792	0.0196138	0.00992792	0.00992792	0.0196138	0.0291033	0.0196138	0.0196138	0.0291033	15.414	0.0291033	0.00992792	0.0196138	0.0291033	0.0196138
Sq = 	-4.00917e-20	0.00992704	0.0196106	0.00992704	0.00992704	0.0196106	0.0290968	0.0196106	0.0196106	0.0290968	0.0384212	0.0290968	0.00992704	0.0196106	0.0290968	0.0196106
6 rounds of non-Gaussian ED iteration : ground-state energy is -151.811 | electron energy -152.238 + phonon energy 0.427194 | electron momentum kIdx = 0
Nq = 	16	0.00981898	0.0194013	0.00981898	0.00981898	0.0194013	0.0287912	0.0194013	0.0194013	0.0287912	15.4203	0.0287912	0.00981898	0.0194013	0.0287912	0.0194013
Sq = 	5.70478e-20	0.00981819	0.0193984	0.00981819	0.00981819	0.0193984	0.0287853	0.0193984	0.0193984	0.0287853	0.0380134	0.0287853	0.00981819	0.0193984	0.0287853	0.0193984
7 rounds of non-Gaussian ED iteration : ground-state energy is -152.296 | electron energy -152.741 + phonon energy 0.444856 | electron momentum kIdx = 0
Nq = 	16	0.00975275	0.0192721	0.00975275	0.00975275	0.0192721	0.0286013	0.0192721	0.0192721	0.0286013	15.4242	0.0286013	0.00975275	0.0192721	0.0286013	0.0192721
Sq = 	4.71441e-19	0.009752	0.0192694	0.009752	0.009752	0.0192694	0.0285958	0.0192694	0.0192694	0.0285958	0.0377653	0.0285958	0.009752	0.0192694	0.0285958	0.0192694
8 rounds of non-Gaussian ED iteration : ground-state energy is -152.661 | electron energy -153.119 + phonon energy 0.457952 | electron momentum kIdx = 0
Nq = 	16	0.00971243	0.0191934	0.00971243	0.00971243	0.0191934	0.0284857	0.0191934	0.0191934	0.0284857	15.4265	0.0284857	0.00971243	0.0191934	0.0284857	0.0191934
Sq = 	2.04824e-19	0.00971171	0.0191908	0.00971171	0.00971171	0.0191908	0.0284804	0.0191908	0.0191908	0.0284804	0.0376142	0.0284804	0.00971171	0.0191908	0.0284804	0.0191908
9 rounds of non-Gaussian ED iteration : ground-state energy is -152.944 | electron energy -153.411 + phonon energy 0.467561 | electron momentum kIdx = 0
Nq = 	16	0.00968772	0.0191451	0.00968772	0.00968772	0.0191451	0.0284148	0.0191451	0.0191451	0.0284148	15.428	0.0284148	0.00968772	0.0191451	0.0284148	0.0191451
Sq = 	-9.21217e-20	0.00968701	0.0191426	0.00968701	0.00968701	0.0191426	0.0284097	0.0191426	0.0191426	0.0284097	0.0375216	0.0284097	0.00968701	0.0191426	0.0284097	0.0191426
10 rounds of non-Gaussian ED iteration : ground-state energy is -153.167 | electron energy -153.641 + phonon energy 0.474542 | electron momentum kIdx = 0
Nq = 	16	0.00967242	0.0191153	0.00967242	0.00967242	0.0191153	0.028371	0.0191153	0.0191153	0.028371	15.4288	0.028371	0.00967242	0.0191153	0.028371	0.0191153
Sq = 	-2.03293e-19	0.00967173	0.0191128	0.00967173	0.00967173	0.0191128	0.0283659	0.0191128	0.0191128	0.0283659	0.0374642	0.0283659	0.00967173	0.0191128	0.0283659	0.0191128
11 rounds of non-Gaussian ED iteration : ground-state energy is -153.345 | electron energy -153.825 + phonon energy 0.479572 | electron momentum kIdx = 0
Nq = 	16	0.00966284	0.0190966	0.00966284	0.00966284	0.0190966	0.0283435	0.0190966	0.0190966	0.0283435	15.4294	0.0283435	0.00966284	0.0190966	0.0283435	0.0190966
Sq = 	-7.50395e-20	0.00966215	0.0190941	0.00966215	0.00966215	0.0190941	0.0283385	0.0190941	0.0190941	0.0283385	0.0374283	0.0283385	0.00966215	0.0190941	0.0283385	0.0190941
12 rounds of non-Gaussian ED iteration : ground-state energy is -153.489 | electron energy -153.972 + phonon energy 0.48317 | electron momentum kIdx = 0
Nq = 	16	0.00965676	0.0190847	0.00965676	0.00965676	0.0190847	0.028326	0.0190847	0.0190847	0.028326	15.4298	0.028326	0.00965676	0.0190847	0.028326	0.0190847
Sq = 	9.67588e-20	0.00965607	0.0190823	0.00965607	0.00965607	0.0190823	0.028321	0.0190823	0.0190823	0.028321	0.0374055	0.028321	0.00965607	0.0190823	0.028321	0.0190823
13 rounds of non-Gaussian ED iteration : ground-state energy is -153.606 | electron energy -154.092 + phonon energy 0.485728 | electron momentum kIdx = 0
Nq = 	16	0.00965284	0.0190771	0.00965284	0.00965284	0.0190771	0.0283148	0.0190771	0.0190771	0.0283148	15.43	0.0283148	0.00965284	0.0190771	0.0283148	0.0190771
Sq = 	-3.52487e-20	0.00965216	0.0190746	0.00965216	0.00965216	0.0190746	0.0283098	0.0190746	0.0190746	0.0283098	0.0373908	0.0283098	0.00965216	0.0190746	0.0283098	0.0190746
14 rounds of non-Gaussian ED iteration : ground-state energy is -153.701 | electron energy -154.189 + phonon energy 0.487537 | electron momentum kIdx = 0
Nq = 	16	0.00965028	0.0190721	0.00965028	0.00965028	0.0190721	0.0283075	0.0190721	0.0190721	0.0283075	15.4301	0.0283075	0.00965028	0.0190721	0.0283075	0.0190721
Sq = 	-4.41162e-19	0.0096496	0.0190697	0.0096496	0.0096496	0.0190697	0.0283025	0.0190697	0.0190697	0.0283025	0.0373812	0.0283025	0.0096496	0.0190697	0.0283025	0.0190697
15 rounds of non-Gaussian ED iteration : ground-state energy is -153.779 | electron energy -154.267 + phonon energy 0.488811 | electron momentum kIdx = 0
Nq = 	16	0.00964859	0.0190688	0.00964859	0.00964859	0.0190688	0.0283026	0.0190688	0.0190688	0.0283026	15.4302	0.0283026	0.00964859	0.0190688	0.0283026	0.0190688
Sq = 	1.32175e-19	0.00964791	0.0190664	0.00964791	0.00964791	0.0190664	0.0282977	0.0190664	0.0190664	0.0282977	0.0373749	0.0282977	0.00964791	0.0190664	0.0282977	0.0190664
16 rounds of non-Gaussian ED iteration : ground-state energy is -153.842 | electron energy -154.332 + phonon energy 0.489705 | electron momentum kIdx = 0
Nq = 	16	0.00964747	0.0190666	0.00964747	0.00964747	0.0190666	0.0282994	0.0190666	0.0190666	0.0282994	15.4303	0.0282994	0.00964747	0.0190666	0.0282994	0.0190666
Sq = 	-3.783e-19	0.00964679	0.0190642	0.00964679	0.00964679	0.0190642	0.0282944	0.0190642	0.0190642	0.0282944	0.0373706	0.0282944	0.00964679	0.0190642	0.0282944	0.0190642
17 rounds of non-Gaussian ED iteration : ground-state energy is -153.894 | electron energy -154.384 + phonon energy 0.490331 | electron momentum kIdx = 0
Nq = 	16	0.0096467	0.0190651	0.0096467	0.0096467	0.0190651	0.0282972	0.0190651	0.0190651	0.0282972	15.4303	0.0282972	0.0096467	0.0190651	0.0282972	0.0190651
Sq = 	1.54992e-19	0.00964602	0.0190627	0.00964602	0.00964602	0.0190627	0.0282923	0.0190627	0.0190627	0.0282923	0.0373678	0.0282923	0.00964602	0.0190627	0.0282923	0.0190627
18 rounds of non-Gaussian ED iteration : ground-state energy is -153.936 | electron energy -154.427 + phonon energy 0.490768 | electron momentum kIdx = 0
Nq = 	16	0.00964618	0.0190641	0.00964618	0.00964618	0.0190641	0.0282957	0.0190641	0.0190641	0.0282957	15.4304	0.0282957	0.00964618	0.0190641	0.0282957	0.0190641
Sq = 	-2.88592e-19	0.00964551	0.0190617	0.00964551	0.00964551	0.0190617	0.0282908	0.0190617	0.0190617	0.0282908	0.0373658	0.0282908	0.00964551	0.0190617	0.0282908	0.0190617
19 rounds of non-Gaussian ED iteration : ground-state energy is -153.971 | electron energy -154.462 + phonon energy 0.491072 | electron momentum kIdx = 0
Nq = 	16	0.00964583	0.0190634	0.00964583	0.00964583	0.0190634	0.0282947	0.0190634	0.0190634	0.0282947	15.4304	0.0282947	0.00964583	0.0190634	0.0282947	0.0190634
Sq = 	8.63575e-20	0.00964515	0.019061	0.00964515	0.00964515	0.019061	0.0282897	0.019061	0.019061	0.0282897	0.0373645	0.0282897	0.00964515	0.019061	0.0282897	0.019061
20 rounds of non-Gaussian ED iteration : ground-state energy is -154 | electron energy -154.491 + phonon energy 0.491284 | electron momentum kIdx = 0
Nq = 	16	0.00964558	0.0190629	0.00964558	0.00964558	0.0190629	0.0282939	0.0190629	0.0190629	0.0282939	15.4304	0.0282939	0.00964558	0.0190629	0.0282939	0.0190629
Sq = 	1.40543e-19	0.0096449	0.0190605	0.0096449	0.0096449	0.0190605	0.028289	0.0190605	0.0190605	0.028289	0.0373636	0.028289	0.0096449	0.0190605	0.028289	0.0190605
21 rounds of non-Gaussian ED iteration : ground-state energy is -154.023 | electron energy -154.514 + phonon energy 0.491431 | electron momentum kIdx = 0
Nq = 	16	0.0096454	0.0190626	0.0096454	0.0096454	0.0190626	0.0282934	0.0190626	0.0190626	0.0282934	15.4304	0.0282934	0.0096454	0.0190626	0.0282934	0.0190626
Sq = 	4.59932e-20	0.00964473	0.0190601	0.00964473	0.00964473	0.0190601	0.0282885	0.0190601	0.0190601	0.0282885	0.0373629	0.0282885	0.00964473	0.0190601	0.0282885	0.0190601
22 rounds of non-Gaussian ED iteration : ground-state energy is -154.042 | electron energy -154.533 + phonon energy 0.491533 | electron momentum kIdx = 0
Nq = 	16	0.00964528	0.0190623	0.00964528	0.00964528	0.0190623	0.0282931	0.0190623	0.0190623	0.0282931	15.4304	0.0282931	0.00964528	0.0190623	0.0282931	0.0190623
Sq = 	4.42032e-19	0.00964461	0.0190599	0.00964461	0.00964461	0.0190599	0.0282882	0.0190599	0.0190599	0.0282882	0.0373625	0.0282882	0.00964461	0.0190599	0.0282882	0.0190599
23 rounds of non-Gaussian ED iteration : ground-state energy is -154.058 | electron energy -154.549 + phonon energy 0.491604 | electron momentum kIdx = 0
Nq = 	16	0.0096452	0.0190622	0.0096452	0.0096452	0.0190622	0.0282929	0.0190622	0.0190622	0.0282929	15.4304	0.0282929	0.0096452	0.0190622	0.0282929	0.0190622
Sq = 	-2.83552e-19	0.00964452	0.0190597	0.00964452	0.00964452	0.0190597	0.028288	0.0190597	0.0190597	0.028288	0.0373622	0.028288	0.00964452	0.0190597	0.028288	0.0190597
24 rounds of non-Gaussian ED iteration : ground-state energy is -154.07 | electron energy -154.562 + phonon energy 0.491653 | electron momentum kIdx = 0
Nq = 	16	0.00964514	0.019062	0.00964514	0.00964514	0.019062	0.0282927	0.019062	0.019062	0.0282927	15.4304	0.0282927	0.00964514	0.019062	0.0282927	0.019062
Sq = 	-1.81928e-19	0.00964446	0.0190596	0.00964446	0.00964446	0.0190596	0.0282878	0.0190596	0.0190596	0.0282878	0.0373619	0.0282878	0.00964446	0.0190596	0.0282878	0.0190596
25 rounds of non-Gaussian ED iteration : ground-state energy is -154.081 | electron energy -154.572 + phonon energy 0.491687 | electron momentum kIdx = 0
Nq = 	16	0.00964509	0.0190619	0.00964509	0.00964509	0.0190619	0.0282926	0.0190619	0.0190619	0.0282926	15.4304	0.0282926	0.00964509	0.0190619	0.0282926	0.0190619
Sq = 	3.81492e-20	0.00964442	0.0190595	0.00964442	0.00964442	0.0190595	0.0282877	0.0190595	0.0190595	0.0282877	0.0373618	0.0282877	0.00964442	0.0190595	0.0282877	0.0190595
26 rounds of non-Gaussian ED iteration : ground-state energy is -154.089 | electron energy -154.581 + phonon energy 0.49171 | electron momentum kIdx = 0
Nq = 	16	0.00964506	0.0190619	0.00964506	0.00964506	0.0190619	0.0282925	0.0190619	0.0190619	0.0282925	15.4304	0.0282925	0.00964506	0.0190619	0.0282925	0.0190619
Sq = 	2.84254e-19	0.00964438	0.0190595	0.00964438	0.00964438	0.0190595	0.0282876	0.0190595	0.0190595	0.0282876	0.0373616	0.0282876	0.00964438	0.0190595	0.0282876	0.0190595
