SNEDics v3.4 Non-Gaussian ED ground state program		Start at Tue Oct  1 23:59:03 2019

parallized on 16 MPI threads  * 8 OpenMP threads = 128 total threads.
********************************************************************************************************************
********************************************************************************************************************

********************************************************************************************************************
System parameters and configurations
********************************************************************************************************************
Special program options are enabled: splitted diagonal Hamiltonian
********************************************************************************************************************
Read input file "model_params.in"
	Hubbard-Holstein model parameters : 	t = 1    U = 4.9    g = 3.6056    W = 5    
********************************************************************************************************************
Read input file "hilbertspace_params.in"
	Requested 16-site 2D lattice, with 16 electrons (8, 8)
	Boundary : Periodic		Hilbert space representation : momentum-space (restricted to kIdx = 10)
	Conservation: particle number[U(1)]      spin[U(1)]     momentum
********************************************************************************************************************

Cluster Positions:				Cluster symmetry group : D4
 x ... x ... x ... x .....                       x ... x ... x ... x .....
 |           |           :                       |           |           :
 |           |           :                       |           |           :
12    13    14    15     x                       1     5     6     5     x
 |           |           :                       |           |           :
 |           |           :                       |           |           :
 8 --- 9 ---10 ---11 --- x                       2 --- 6 ---10 --- 6 --- x
 |           |           :                       |           |           :
 |           |           :                       |           |           :
 4     5     6     7     x                       1     5     6     5     x
 |           |           :                       |           |           :
 |           |           :                       |           |           :
 0 --- 1 --- 2 --- 3 --- x                       0 --- 1 --- 2 --- 1 --- x
orbital number : 1
********************************************************************************************************************
Read input file "obs_params.in"
	Observable Type : Nq(All),   Sq(All),   N(All),   Delta[s](All),   Delta[d](All),   Delta[s+](All)
********************************************************************************************************************
** WARNING ** the input observables have non-local factors which have been reinterpreted. The total observable number is 96
********************************************************************************************************************


********************************************************************************************************************
Start calculating the non-Gaussian ED ground state
** WARNING ** Detected low phonon energy W < 10. The initial state will be prepared through a warm-up process.
********************************************************************************************************************
Start warm-up calculation for scaling factor 2
open output files: NGSEDWarmUpW10Obs.txt
********************************************************************************************************************
Start the 0 rounds of NGS-ED iteration
	effective electronic model is modified as: kinetic energy t = 1
	                                           effective interaction Vq = [-0,-0,-0,-0,-0,-0,-0,-0,-0,-0,-0,-0,-0,-0,-0,-0]
	first Hamiltonian is constructed, non-zero numbers = 2845334624
	PARPACK diagonalization completed after 90 matrix-vector product operations.
	iteration results: : total energy is -11.920963 | electron energy -11.920963 + phonon energy 0.000000 | electron momentum kIdx = 10
	Nq(0) = 16,	Nq(1) = 0.132363,	Nq(2) = 0.20116,	Nq(3) = 0.132363,	Nq(4) = 0.132363,	Nq(5) = 0.20116,	Nq(6) = 0.273034,	Nq(7) = 0.20116,	Nq(8) = 0.20116,	Nq(9) = 0.273034,	Nq(10) = 0.332195,	Nq(11) = 0.273034,	Nq(12) = 0.132363,	Nq(13) = 0.20116,	Nq(14) = 0.273034,	Nq(15) = 0.20116,	Sq(0) = 1.49544e-18,	Sq(1) = 0.291628,	Sq(2) = 0.411574,	Sq(3) = 0.291628,	Sq(4) = 0.291628,	Sq(5) = 0.411574,	Sq(6) = 0.612076,	Sq(7) = 0.411574,	Sq(8) = 0.411574,	Sq(9) = 0.612076,	Sq(10) = 6.75499,	Sq(11) = 0.612076,	Sq(12) = 0.291628,	Sq(13) = 0.411574,	Sq(14) = 0.612076,	Sq(15) = 0.411574,	N(0) = 1.90011,	N(1) = 1.779,	N(2) = 1,	N(3) = 1.779,	N(4) = 1.779,	N(5) = 1,	N(6) = 0.221003,	N(7) = 1,	N(8) = 1,	N(9) = 0.221003,	N(10) = 0.0998943,	N(11) = 0.221003,	N(12) = 1.779,	N(13) = 1,	N(14) = 0.221003,	N(15) = 1,	Delta[s](0) = 0.150884,	Delta[s](1) = 0.127957,	Delta[s](2) = 0.100168,	Delta[s](3) = 0.127957,	Delta[s](4) = 0.127957,	Delta[s](5) = 0.100168,	Delta[s](6) = 0.0735231,	Delta[s](7) = 0.100168,	Delta[s](8) = 0.100168,	Delta[s](9) = 0.0735231,	Delta[s](10) = 0.0225596,	Delta[s](11) = 0.0735231,	Delta[s](12) = 0.127957,	Delta[s](13) = 0.100168,	Delta[s](14) = 0.0735231,	Delta[s](15) = 0.100168,	Delta[d](0) = 0.526914,	Delta[d](1) = 0.407976,	Delta[d](2) = 0.342098,	Delta[d](3) = 0.407976,	Delta[d](4) = 0.407976,	Delta[d](5) = 0.383058,	Delta[d](6) = 0.31536,	Delta[d](7) = 0.383058,	Delta[d](8) = 0.342098,	Delta[d](9) = 0.31536,	Delta[d](10) = 0.254742,	Delta[d](11) = 0.31536,	Delta[d](12) = 0.407976,	Delta[d](13) = 0.383058,	Delta[d](14) = 0.31536,	Delta[d](15) = 0.383058,	Delta[s+](0) = 0.593933,	Delta[s+](1) = 0.489497,	Delta[s+](2) = 0.342098,	Delta[s+](3) = 0.489497,	Delta[s+](4) = 0.489497,	Delta[s+](5) = 0.342098,	Delta[s+](6) = 0.198757,	Delta[s+](7) = 0.342098,	Delta[s+](8) = 0.342098,	Delta[s+](9) = 0.198757,	Delta[s+](10) = 0.0834163,	Delta[s+](11) = 0.198757,	Delta[s+](12) = 0.489497,	Delta[s+](13) = 0.342098,	Delta[s+](14) = 0.198757,	Delta[s+](15) = 0.342098
The 0-th iteration is completed.	|| time cost : 0h 8m 48.965s
********************************************************************************************************************
Start the 1 rounds of NGS-ED iteration
	effective electronic model is modified as: kinetic energy t = 0.937719
	                                           effective interaction Vq = [-2.24819,-2.02516,-1.95784,-2.02516,-2.02516,-1.95784,-1.92977,-1.95784,-1.95784,-1.92977,-1.90182,-1.92977,-2.02516,-1.95784,-1.92977,-1.95784]
	PARPACK diagonalization completed after 45 matrix-vector product operations.
	iteration results: : total energy is -55.304162 | electron energy -55.307587 + phonon energy 0.003426 | electron momentum kIdx = 10
The 1-th iteration is completed.	|| time cost : 0h 7m 23.991s
********************************************************************************************************************
Start the 2 rounds of NGS-ED iteration
	effective electronic model is modified as: kinetic energy t = 0.891196
	                                           effective interaction Vq = [-2.55245,-2.42129,-2.31718,-2.42129,-2.42129,-2.31718,-2.31781,-2.31718,-2.31718,-2.31781,-2.26401,-2.31781,-2.42129,-2.31718,-2.31781,-2.31718]
	PARPACK diagonalization completed after 30 matrix-vector product operations.
	iteration results: : total energy is -61.422644 | electron energy -61.451865 + phonon energy 0.029221 | electron momentum kIdx = 10
The 2-th iteration is completed.	|| time cost : 0h 0m 27.325s
********************************************************************************************************************
Start the 3 rounds of NGS-ED iteration
	effective electronic model is modified as: kinetic energy t = 0.872911
	                                           effective interaction Vq = [-2.59363,-2.51277,-2.40242,-2.51277,-2.51277,-2.40242,-2.42037,-2.40242,-2.40242,-2.42037,-2.35404,-2.42037,-2.51277,-2.40242,-2.42037,-2.40242]
	PARPACK diagonalization completed after 30 matrix-vector product operations.
	iteration results: : total energy is -62.251500 | electron energy -62.303553 + phonon energy 0.052053 | electron momentum kIdx = 10
The 3-th iteration is completed.	|| time cost : 0h 0m 27.306s
********************************************************************************************************************
Start the 4 rounds of NGS-ED iteration
	effective electronic model is modified as: kinetic energy t = 0.866407
	                                           effective interaction Vq = [ -2.5992,-2.53811,-2.42655,-2.53811,-2.53811,-2.42655,-2.45206,-2.42655,-2.42655,-2.45206,-2.38011,-2.45206,-2.53811,-2.42655,-2.45206,-2.42655]
	PARPACK diagonalization completed after 30 matrix-vector product operations.
	iteration results: : total energy is -62.362182 | electron energy -62.424965 + phonon energy 0.062783 | electron momentum kIdx = 10
The 4-th iteration is completed.	|| time cost : 0h 0m 27.6s
********************************************************************************************************************
Start the 5 rounds of NGS-ED iteration
	effective electronic model is modified as: kinetic energy t = 0.864157
	                                           effective interaction Vq = [-2.59995, -2.5461,-2.43395, -2.5461, -2.5461,-2.43395,-2.46266,-2.43395,-2.43395,-2.46266, -2.3882,-2.46266, -2.5461,-2.43395,-2.46266,-2.43395]
	PARPACK diagonalization completed after 30 matrix-vector product operations.
	iteration results: : total energy is -62.376889 | electron energy -62.443793 + phonon energy 0.066904 | electron momentum kIdx = 10
The 5-th iteration is completed.	|| time cost : 0h 0m 27.413s
********************************************************************************************************************
Start the 6 rounds of NGS-ED iteration
	effective electronic model is modified as: kinetic energy t = 0.863385
	                                           effective interaction Vq = [-2.60005, -2.5488,-2.43629, -2.5488, -2.5488,-2.43629,-2.46634,-2.43629,-2.43629,-2.46634,-2.39078,-2.46634, -2.5488,-2.43629,-2.46634,-2.43629]
	PARPACK diagonalization completed after 30 matrix-vector product operations.
	iteration results: : total energy is -62.378843 | electron energy -62.447220 + phonon energy 0.068377 | electron momentum kIdx = 10
The 6-th iteration is completed.	|| time cost : 0h 0m 27.582s
********************************************************************************************************************
Start the 7 rounds of NGS-ED iteration
	effective electronic model is modified as: kinetic energy t = 0.863119
	                                           effective interaction Vq = [-2.60007,-2.54973,-2.43705,-2.54973,-2.54973,-2.43705,-2.46763,-2.43705,-2.43705,-2.46763,-2.39161,-2.46763,-2.54973,-2.43705,-2.46763,-2.43705]
	PARPACK diagonalization completed after 30 matrix-vector product operations.
	iteration results: : total energy is -62.379103 | electron energy -62.447994 + phonon energy 0.068891 | electron momentum kIdx = 10
The 7-th iteration is completed.	|| time cost : 0h 0m 27.313s
********************************************************************************************************************
Start the 8 rounds of NGS-ED iteration
	effective electronic model is modified as: kinetic energy t = 0.863028
	                                           effective interaction Vq = [-2.60007,-2.55005,-2.43729,-2.55005,-2.55005,-2.43729,-2.46808,-2.43729,-2.43729,-2.46808,-2.39188,-2.46808,-2.55005,-2.43729,-2.46808,-2.43729]
	PARPACK diagonalization completed after 30 matrix-vector product operations.
	iteration results: : total energy is -62.379138 | electron energy -62.448207 + phonon energy 0.069069 | electron momentum kIdx = 10
	Nq(0) = 16,	Nq(1) = 0.392939,	Nq(2) = 0.374108,	Nq(3) = 0.392939,	Nq(4) = 0.392939,	Nq(5) = 0.374108,	Nq(6) = 0.631085,	Nq(7) = 0.374108,	Nq(8) = 0.374108,	Nq(9) = 0.631085,	Nq(10) = 0.614971,	Nq(11) = 0.631085,	Nq(12) = 0.392939,	Nq(13) = 0.374108,	Nq(14) = 0.631085,	Nq(15) = 0.374108,	Sq(0) = -3.756e-20,	Sq(1) = 0.374131,	Sq(2) = 0.407927,	Sq(3) = 0.374131,	Sq(4) = 0.374131,	Sq(5) = 0.407927,	Sq(6) = 0.623757,	Sq(7) = 0.407927,	Sq(8) = 0.407927,	Sq(9) = 0.623757,	Sq(10) = 2.60517,	Sq(11) = 0.623757,	Sq(12) = 0.374131,	Sq(13) = 0.407927,	Sq(14) = 0.623757,	Sq(15) = 0.407927,	N(0) = 1.99998,	N(1) = 1.9997,	N(2) = 1,	N(3) = 1.9997,	N(4) = 1.9997,	N(5) = 1,	N(6) = 0.000295596,	N(7) = 1,	N(8) = 1,	N(9) = 0.000295596,	N(10) = 2.00547e-05,	N(11) = 0.000295596,	N(12) = 1.9997,	N(13) = 1,	N(14) = 0.000295596,	N(15) = 1,	Delta[s](0) = 0.271366,	Delta[s](1) = 0.271561,	Delta[s](2) = 0.20218,	Delta[s](3) = 0.271561,	Delta[s](4) = 0.271561,	Delta[s](5) = 0.20218,	Delta[s](6) = 0.201987,	Delta[s](7) = 0.20218,	Delta[s](8) = 0.20218,	Delta[s](9) = 0.201987,	Delta[s](10) = 0.0992206,	Delta[s](11) = 0.201987,	Delta[s](12) = 0.271561,	Delta[s](13) = 0.20218,	Delta[s](14) = 0.201987,	Delta[s](15) = 0.20218,	Delta[d](0) = 0.497352,	Delta[d](1) = 0.30047,	Delta[d](2) = 0.269776,	Delta[d](3) = 0.30047,	Delta[d](4) = 0.30047,	Delta[d](5) = 0.362829,	Delta[d](6) = 0.246706,	Delta[d](7) = 0.362829,	Delta[d](8) = 0.269776,	Delta[d](9) = 0.246706,	Delta[d](10) = 0.230319,	Delta[d](11) = 0.246706,	Delta[d](12) = 0.30047,	Delta[d](13) = 0.362829,	Delta[d](14) = 0.246706,	Delta[d](15) = 0.362829,	Delta[s+](0) = 0.496154,	Delta[s+](1) = 0.408296,	Delta[s+](2) = 0.269776,	Delta[s+](3) = 0.408296,	Delta[s+](4) = 0.408296,	Delta[s+](5) = 0.269776,	Delta[s+](6) = 0.127876,	Delta[s+](7) = 0.269776,	Delta[s+](8) = 0.269776,	Delta[s+](9) = 0.127876,	Delta[s+](10) = 0.0333354,	Delta[s+](11) = 0.127876,	Delta[s+](12) = 0.408296,	Delta[s+](13) = 0.269776,	Delta[s+](14) = 0.127876,	Delta[s+](15) = 0.269776
The 8-th iteration is completed.	|| time cost : 0h 4m 35.751s
********************************************************************************************************************
********************************************************************************************************************
Ground state is obtained after 9 iterations. The current ground-state energy is -62.3791, in which electron energy is -62.4482 and phonon energy is 0.0690688
final variational state is: 
	Gamma_x = [      1,1.02466,1.03715,1.02466,1.02466,1.03715,1.05887,1.03715,1.03715,1.05887,1.06697,1.05887,1.02466,1.03715,1.05887,1.03715]
	lambda_q = [0.509846,0.439267,0.382355,0.439267,0.439267,0.382355,0.395094,0.382355,0.382355,0.395094,0.365649,0.395094,0.439267,0.382355,0.395094,0.382355]
********************************************************************************************************************
o___o  ----------------------------------------
| L |	Time since last clock: 0h 0m 0s
A===A	Time since the beginning: 0h 23m 33.251s
***********************************************


********************************************************************************************************************
Warm up runs have been completed. Start calculating W = 5 phonon.
open output files: NGSEDIterationObs.txt
********************************************************************************************************************
Start the 0 rounds of NGS-ED iteration
	effective electronic model is modified as: kinetic energy t = 0.862996
	                                           effective interaction Vq = [-2.37689,-2.20286,-2.02626,-2.20286,-2.20286,-2.02626, -2.0686,-2.02626,-2.02626, -2.0686,-1.96827, -2.0686,-2.20286,-2.02626, -2.0686,-2.02626]
	PARPACK diagonalization completed after 30 matrix-vector product operations.
	iteration results: : total energy is -56.258415 | electron energy -56.292980 + phonon energy 0.034565 | electron momentum kIdx = 10
	Nq(0) = 16,	Nq(1) = 0.331097,	Nq(2) = 0.349406,	Nq(3) = 0.331097,	Nq(4) = 0.331097,	Nq(5) = 0.349406,	Nq(6) = 0.544881,	Nq(7) = 0.349406,	Nq(8) = 0.349406,	Nq(9) = 0.544881,	Nq(10) = 0.570275,	Nq(11) = 0.544881,	Nq(12) = 0.331097,	Nq(13) = 0.349406,	Nq(14) = 0.544881,	Nq(15) = 0.349406,	Sq(0) = -1.07995e-18,	Sq(1) = 0.376252,	Sq(2) = 0.421648,	Sq(3) = 0.376252,	Sq(4) = 0.376252,	Sq(5) = 0.421648,	Sq(6) = 0.652005,	Sq(7) = 0.421648,	Sq(8) = 0.421648,	Sq(9) = 0.652005,	Sq(10) = 3.18646,	Sq(11) = 0.652005,	Sq(12) = 0.376252,	Sq(13) = 0.421648,	Sq(14) = 0.652005,	Sq(15) = 0.421648,	N(0) = 1.99605,	N(1) = 1.99274,	N(2) = 1,	N(3) = 1.99274,	N(4) = 1.99274,	N(5) = 1,	N(6) = 0.00725932,	N(7) = 1,	N(8) = 1,	N(9) = 0.00725932,	N(10) = 0.00394862,	N(11) = 0.00725932,	N(12) = 1.99274,	N(13) = 1,	N(14) = 0.00725932,	N(15) = 1,	Delta[s](0) = 0.244502,	Delta[s](1) = 0.234048,	Delta[s](2) = 0.184841,	Delta[s](3) = 0.234048,	Delta[s](4) = 0.234048,	Delta[s](5) = 0.184841,	Delta[s](6) = 0.175113,	Delta[s](7) = 0.184841,	Delta[s](8) = 0.184841,	Delta[s](9) = 0.175113,	Delta[s](10) = 0.0951249,	Delta[s](11) = 0.175113,	Delta[s](12) = 0.234048,	Delta[s](13) = 0.184841,	Delta[s](14) = 0.175113,	Delta[s](15) = 0.184841,	Delta[d](0) = 0.508562,	Delta[d](1) = 0.329278,	Delta[d](2) = 0.293143,	Delta[d](3) = 0.329278,	Delta[d](4) = 0.329278,	Delta[d](5) = 0.375416,	Delta[d](6) = 0.272791,	Delta[d](7) = 0.375416,	Delta[d](8) = 0.293143,	Delta[d](9) = 0.272791,	Delta[d](10) = 0.243732,	Delta[d](11) = 0.272791,	Delta[d](12) = 0.329278,	Delta[d](13) = 0.375416,	Delta[d](14) = 0.272791,	Delta[d](15) = 0.375416,	Delta[s+](0) = 0.53693,	Delta[s+](1) = 0.441299,	Delta[s+](2) = 0.293143,	Delta[s+](3) = 0.441299,	Delta[s+](4) = 0.441299,	Delta[s+](5) = 0.293143,	Delta[s+](6) = 0.144535,	Delta[s+](7) = 0.293143,	Delta[s+](8) = 0.293143,	Delta[s+](9) = 0.144535,	Delta[s+](10) = 0.0403333,	Delta[s+](11) = 0.144535,	Delta[s+](12) = 0.441299,	Delta[s+](13) = 0.293143,	Delta[s+](14) = 0.144535,	Delta[s+](15) = 0.293143
The 0-th iteration is completed.	|| time cost : 0h 4m 35.643s
********************************************************************************************************************
Start the 1 rounds of NGS-ED iteration
	effective electronic model is modified as: kinetic energy t = 0.849048
	                                           effective interaction Vq = [-2.51797,-2.31724,-2.11065,-2.31724,-2.31724,-2.11065,-2.14814,-2.11065,-2.11065,-2.14814,-2.03755,-2.14814,-2.31724,-2.11065,-2.14814,-2.11065]
	PARPACK diagonalization completed after 30 matrix-vector product operations.
	iteration results: : total energy is -58.667673 | electron energy -58.766387 + phonon energy 0.098714 | electron momentum kIdx = 10
The 1-th iteration is completed.	|| time cost : 0h 0m 27.286s
********************************************************************************************************************
Start the 2 rounds of NGS-ED iteration
	effective electronic model is modified as: kinetic energy t = 0.83972
	                                           effective interaction Vq = [-2.56987,-2.37772, -2.1567,-2.37772,-2.37772, -2.1567,-2.19768, -2.1567, -2.1567,-2.19768,-2.08069,-2.19768,-2.37772, -2.1567,-2.19768, -2.1567]
	PARPACK diagonalization completed after 30 matrix-vector product operations.
	iteration results: : total energy is -59.552145 | electron energy -59.694732 + phonon energy 0.142587 | electron momentum kIdx = 10
The 2-th iteration is completed.	|| time cost : 0h 0m 27.604s
********************************************************************************************************************
Start the 3 rounds of NGS-ED iteration
	effective electronic model is modified as: kinetic energy t = 0.833871
	                                           effective interaction Vq = [-2.58896, -2.4109,-2.18205, -2.4109, -2.4109,-2.18205,-2.22764,-2.18205,-2.18205,-2.22764,-2.10601,-2.22764, -2.4109,-2.18205,-2.22764,-2.18205]
	PARPACK diagonalization completed after 30 matrix-vector product operations.
	iteration results: : total energy is -59.876986 | electron energy -60.046218 + phonon energy 0.169232 | electron momentum kIdx = 10
The 3-th iteration is completed.	|| time cost : 0h 0m 27.337s
********************************************************************************************************************
Start the 4 rounds of NGS-ED iteration
	effective electronic model is modified as: kinetic energy t = 0.830311
	                                           effective interaction Vq = [-2.59598,-2.42961,-2.19612,-2.42961,-2.42961,-2.19612,-2.24564,-2.19612,-2.19612,-2.24564, -2.1206,-2.24564,-2.42961,-2.19612,-2.24564,-2.19612]
	PARPACK diagonalization completed after 30 matrix-vector product operations.
	iteration results: : total energy is -59.996273 | electron energy -60.181363 + phonon energy 0.185090 | electron momentum kIdx = 10
The 4-th iteration is completed.	|| time cost : 0h 0m 27.316s
********************************************************************************************************************
Start the 5 rounds of NGS-ED iteration
	effective electronic model is modified as: kinetic energy t = 0.828176
	                                           effective interaction Vq = [-2.59857,-2.44037,-2.20399,-2.44037,-2.44037,-2.20399,-2.25646,-2.20399,-2.20399,-2.25646,-2.12897,-2.25646,-2.44037,-2.20399,-2.25646,-2.20399]
	PARPACK diagonalization completed after 30 matrix-vector product operations.
	iteration results: : total energy is -60.040072 | electron energy -60.234572 + phonon energy 0.194500 | electron momentum kIdx = 10
The 5-th iteration is completed.	|| time cost : 0h 0m 27.644s
********************************************************************************************************************
Start the 6 rounds of NGS-ED iteration
	effective electronic model is modified as: kinetic energy t = 0.826906
	                                           effective interaction Vq = [-2.59952,-2.44664,-2.20842,-2.44664,-2.44664,-2.20842,-2.26297,-2.20842,-2.20842,-2.26297,-2.13377,-2.26297,-2.44664,-2.20842,-2.26297,-2.20842]
	PARPACK diagonalization completed after 30 matrix-vector product operations.
	iteration results: : total energy is -60.056154 | electron energy -60.256236 + phonon energy 0.200083 | electron momentum kIdx = 10
The 6-th iteration is completed.	|| time cost : 0h 0m 27.371s
********************************************************************************************************************
Start the 7 rounds of NGS-ED iteration
	effective electronic model is modified as: kinetic energy t = 0.826152
	                                           effective interaction Vq = [-2.59987,-2.45033,-2.21091,-2.45033,-2.45033,-2.21091, -2.2669,-2.21091,-2.21091, -2.2669,-2.13652, -2.2669,-2.45033,-2.21091, -2.2669,-2.21091]
	PARPACK diagonalization completed after 30 matrix-vector product operations.
	iteration results: : total energy is -60.062058 | electron energy -60.265453 + phonon energy 0.203395 | electron momentum kIdx = 10
The 7-th iteration is completed.	|| time cost : 0h 0m 27.427s
********************************************************************************************************************
Start the 8 rounds of NGS-ED iteration
	effective electronic model is modified as: kinetic energy t = 0.825705
	                                           effective interaction Vq = [    -2.6, -2.4525,-2.21232, -2.4525, -2.4525,-2.21232,-2.26927,-2.21232,-2.21232,-2.26927,-2.13811,-2.26927, -2.4525,-2.21232,-2.26927,-2.21232]
	PARPACK diagonalization completed after 30 matrix-vector product operations.
	iteration results: : total energy is -60.064227 | electron energy -60.269587 + phonon energy 0.205361 | electron momentum kIdx = 10
The 8-th iteration is completed.	|| time cost : 0h 0m 27.334s
********************************************************************************************************************
Start the 9 rounds of NGS-ED iteration
	effective electronic model is modified as: kinetic energy t = 0.82544
	                                           effective interaction Vq = [-2.60004,-2.45379,-2.21313,-2.45379,-2.45379,-2.21313, -2.2707,-2.21313,-2.21313, -2.2707,-2.13902, -2.2707,-2.45379,-2.21313, -2.2707,-2.21313]
	PARPACK diagonalization completed after 30 matrix-vector product operations.
	iteration results: : total energy is -60.065023 | electron energy -60.271550 + phonon energy 0.206527 | electron momentum kIdx = 10
The 9-th iteration is completed.	|| time cost : 0h 0m 27.369s
********************************************************************************************************************
Start the 10 rounds of NGS-ED iteration
	effective electronic model is modified as: kinetic energy t = 0.825283
	                                           effective interaction Vq = [-2.60006,-2.45455,-2.21358,-2.45455,-2.45455,-2.21358,-2.27156,-2.21358,-2.21358,-2.27156,-2.13955,-2.27156,-2.45455,-2.21358,-2.27156,-2.21358]
	PARPACK diagonalization completed after 30 matrix-vector product operations.
	iteration results: : total energy is -60.065315 | electron energy -60.272535 + phonon energy 0.207220 | electron momentum kIdx = 10
	Nq(0) = 16,	Nq(1) = 0.373501,	Nq(2) = 0.360875,	Nq(3) = 0.373501,	Nq(4) = 0.373501,	Nq(5) = 0.360875,	Nq(6) = 0.586402,	Nq(7) = 0.360875,	Nq(8) = 0.360875,	Nq(9) = 0.586402,	Nq(10) = 0.587208,	Nq(11) = 0.586402,	Nq(12) = 0.373501,	Nq(13) = 0.360875,	Nq(14) = 0.586402,	Nq(15) = 0.360875,	Sq(0) = -2.95081e-18,	Sq(1) = 0.376377,	Sq(2) = 0.416021,	Sq(3) = 0.376377,	Sq(4) = 0.376377,	Sq(5) = 0.416021,	Sq(6) = 0.640211,	Sq(7) = 0.416021,	Sq(8) = 0.416021,	Sq(9) = 0.640211,	Sq(10) = 2.84545,	Sq(11) = 0.640211,	Sq(12) = 0.376377,	Sq(13) = 0.416021,	Sq(14) = 0.640211,	Sq(15) = 0.416021,	N(0) = 1.99875,	N(1) = 1.99841,	N(2) = 1,	N(3) = 1.99841,	N(4) = 1.99841,	N(5) = 1,	N(6) = 0.0015914,	N(7) = 1,	N(8) = 1,	N(9) = 0.0015914,	N(10) = 0.00125157,	N(11) = 0.0015914,	N(12) = 1.99841,	N(13) = 1,	N(14) = 0.0015914,	N(15) = 1,	Delta[s](0) = 0.252045,	Delta[s](1) = 0.24636,	Delta[s](2) = 0.19659,	Delta[s](3) = 0.24636,	Delta[s](4) = 0.24636,	Delta[s](5) = 0.19659,	Delta[s](6) = 0.191152,	Delta[s](7) = 0.19659,	Delta[s](8) = 0.19659,	Delta[s](9) = 0.191152,	Delta[s](10) = 0.114401,	Delta[s](11) = 0.191152,	Delta[s](12) = 0.24636,	Delta[s](13) = 0.19659,	Delta[s](14) = 0.191152,	Delta[s](15) = 0.19659,	Delta[d](0) = 0.523773,	Delta[d](1) = 0.338161,	Delta[d](2) = 0.302959,	Delta[d](3) = 0.338161,	Delta[d](4) = 0.338161,	Delta[d](5) = 0.390138,	Delta[d](6) = 0.281659,	Delta[d](7) = 0.390138,	Delta[d](8) = 0.302959,	Delta[d](9) = 0.281659,	Delta[d](10) = 0.258347,	Delta[d](11) = 0.281659,	Delta[d](12) = 0.338161,	Delta[d](13) = 0.390138,	Delta[d](14) = 0.281659,	Delta[d](15) = 0.390138,	Delta[s+](0) = 0.546363,	Delta[s+](1) = 0.450433,	Delta[s+](2) = 0.302959,	Delta[s+](3) = 0.450433,	Delta[s+](4) = 0.450433,	Delta[s+](5) = 0.302959,	Delta[s+](6) = 0.152532,	Delta[s+](7) = 0.302959,	Delta[s+](8) = 0.302959,	Delta[s+](9) = 0.152532,	Delta[s+](10) = 0.0479107,	Delta[s+](11) = 0.152532,	Delta[s+](12) = 0.450433,	Delta[s+](13) = 0.302959,	Delta[s+](14) = 0.152532,	Delta[s+](15) = 0.302959
The 10-th iteration is completed.	|| time cost : 0h 4m 23.809s
********************************************************************************************************************
Start the 11 rounds of NGS-ED iteration
	effective electronic model is modified as: kinetic energy t = 0.82519
	                                           effective interaction Vq = [-2.60007,-2.45501,-2.21384,-2.45501,-2.45501,-2.21384,-2.27208,-2.21384,-2.21384,-2.27208,-2.13985,-2.27208,-2.45501,-2.21384,-2.27208,-2.21384]
	PARPACK diagonalization completed after 30 matrix-vector product operations.
	iteration results: : total energy is -60.065423 | electron energy -60.273054 + phonon energy 0.207632 | electron momentum kIdx = 10
The 11-th iteration is completed.	|| time cost : 0h 0m 27.64s
********************************************************************************************************************
Start the 12 rounds of NGS-ED iteration
	effective electronic model is modified as: kinetic energy t = 0.825135
	                                           effective interaction Vq = [-2.60007,-2.45528,-2.21399,-2.45528,-2.45528,-2.21399, -2.2724,-2.21399,-2.21399, -2.2724,-2.14003, -2.2724,-2.45528,-2.21399, -2.2724,-2.21399]
	PARPACK diagonalization completed after 30 matrix-vector product operations.
	iteration results: : total energy is -60.065462 | electron energy -60.273338 + phonon energy 0.207876 | electron momentum kIdx = 10
The 12-th iteration is completed.	|| time cost : 0h 0m 27.66s
********************************************************************************************************************
Start the 13 rounds of NGS-ED iteration
	effective electronic model is modified as: kinetic energy t = 0.825103
	                                           effective interaction Vq = [-2.60007,-2.45544,-2.21408,-2.45544,-2.45544,-2.21408,-2.27259,-2.21408,-2.21408,-2.27259,-2.14013,-2.27259,-2.45544,-2.21408,-2.27259,-2.21408]
	PARPACK diagonalization completed after 30 matrix-vector product operations.
	iteration results: : total energy is -60.065477 | electron energy -60.273498 + phonon energy 0.208021 | electron momentum kIdx = 10
The 13-th iteration is completed.	|| time cost : 0h 0m 27.405s
********************************************************************************************************************
Start the 14 rounds of NGS-ED iteration
	effective electronic model is modified as: kinetic energy t = 0.825083
	                                           effective interaction Vq = [-2.60007,-2.45553,-2.21413,-2.45553,-2.45553,-2.21413, -2.2727,-2.21413,-2.21413, -2.2727,-2.14019, -2.2727,-2.45553,-2.21413, -2.2727,-2.21413]
	PARPACK diagonalization completed after 30 matrix-vector product operations.
	iteration results: : total energy is -60.065482 | electron energy -60.273590 + phonon energy 0.208108 | electron momentum kIdx = 10
The 14-th iteration is completed.	|| time cost : 0h 0m 27.322s
********************************************************************************************************************
Start the 15 rounds of NGS-ED iteration
	effective electronic model is modified as: kinetic energy t = 0.825072
	                                           effective interaction Vq = [-2.60007,-2.45559,-2.21416,-2.45559,-2.45559,-2.21416,-2.27277,-2.21416,-2.21416,-2.27277,-2.14022,-2.27277,-2.45559,-2.21416,-2.27277,-2.21416]
	PARPACK diagonalization completed after 30 matrix-vector product operations.
	iteration results: : total energy is -60.065484 | electron energy -60.273643 + phonon energy 0.208159 | electron momentum kIdx = 10
The 15-th iteration is completed.	|| time cost : 0h 0m 27.43s
********************************************************************************************************************
Start the 16 rounds of NGS-ED iteration
	effective electronic model is modified as: kinetic energy t = 0.825065
	                                           effective interaction Vq = [-2.60007,-2.45562,-2.21417,-2.45562,-2.45562,-2.21417,-2.27281,-2.21417,-2.21417,-2.27281,-2.14024,-2.27281,-2.45562,-2.21417,-2.27281,-2.21417]
	PARPACK diagonalization completed after 30 matrix-vector product operations.
	iteration results: : total energy is -60.065485 | electron energy -60.273675 + phonon energy 0.208190 | electron momentum kIdx = 10
The 16-th iteration is completed.	|| time cost : 0h 0m 27.356s
********************************************************************************************************************
Start the 17 rounds of NGS-ED iteration
	effective electronic model is modified as: kinetic energy t = 0.825061
	                                           effective interaction Vq = [-2.60007,-2.45564,-2.21418,-2.45564,-2.45564,-2.21418,-2.27284,-2.21418,-2.21418,-2.27284,-2.14026,-2.27284,-2.45564,-2.21418,-2.27284,-2.21418]
	PARPACK diagonalization completed after 30 matrix-vector product operations.
	iteration results: : total energy is -60.065485 | electron energy -60.273693 + phonon energy 0.208208 | electron momentum kIdx = 10
The 17-th iteration is completed.	|| time cost : 0h 0m 27.651s
********************************************************************************************************************
Start the 18 rounds of NGS-ED iteration
	effective electronic model is modified as: kinetic energy t = 0.825058
	                                           effective interaction Vq = [-2.60007,-2.45565,-2.21419,-2.45565,-2.45565,-2.21419,-2.27285,-2.21419,-2.21419,-2.27285,-2.14026,-2.27285,-2.45565,-2.21419,-2.27285,-2.21419]
	PARPACK diagonalization completed after 30 matrix-vector product operations.
	iteration results: : total energy is -60.065485 | electron energy -60.273704 + phonon energy 0.208219 | electron momentum kIdx = 10
The 18-th iteration is completed.	|| time cost : 0h 0m 27.635s
********************************************************************************************************************
Start the 19 rounds of NGS-ED iteration
	effective electronic model is modified as: kinetic energy t = 0.825057
	                                           effective interaction Vq = [-2.60007,-2.45566,-2.21419,-2.45566,-2.45566,-2.21419,-2.27286,-2.21419,-2.21419,-2.27286,-2.14027,-2.27286,-2.45566,-2.21419,-2.27286,-2.21419]
	PARPACK diagonalization completed after 30 matrix-vector product operations.
	iteration results: : total energy is -60.065485 | electron energy -60.273711 + phonon energy 0.208226 | electron momentum kIdx = 10
The 19-th iteration is completed.	|| time cost : 0h 0m 27.373s
********************************************************************************************************************
Start the 20 rounds of NGS-ED iteration
	effective electronic model is modified as: kinetic energy t = 0.825056
	                                           effective interaction Vq = [-2.60007,-2.45567,-2.21419,-2.45567,-2.45567,-2.21419,-2.27287,-2.21419,-2.21419,-2.27287,-2.14027,-2.27287,-2.45567,-2.21419,-2.27287,-2.21419]
	PARPACK diagonalization completed after 30 matrix-vector product operations.
	iteration results: : total energy is -60.065485 | electron energy -60.273715 + phonon energy 0.208230 | electron momentum kIdx = 10
	Nq(0) = 16,	Nq(1) = 0.373724,	Nq(2) = 0.3609,	Nq(3) = 0.373724,	Nq(4) = 0.373724,	Nq(5) = 0.3609,	Nq(6) = 0.5867,	Nq(7) = 0.3609,	Nq(8) = 0.3609,	Nq(9) = 0.5867,	Nq(10) = 0.587271,	Nq(11) = 0.5867,	Nq(12) = 0.373724,	Nq(13) = 0.3609,	Nq(14) = 0.5867,	Nq(15) = 0.3609,	Sq(0) = -5.79821e-18,	Sq(1) = 0.376366,	Sq(2) = 0.415984,	Sq(3) = 0.376366,	Sq(4) = 0.376366,	Sq(5) = 0.415984,	Sq(6) = 0.640138,	Sq(7) = 0.415984,	Sq(8) = 0.415984,	Sq(9) = 0.640138,	Sq(10) = 2.84371,	Sq(11) = 0.640138,	Sq(12) = 0.376366,	Sq(13) = 0.415984,	Sq(14) = 0.640138,	Sq(15) = 0.415984,	N(0) = 1.99876,	N(1) = 1.99842,	N(2) = 1,	N(3) = 1.99842,	N(4) = 1.99842,	N(5) = 1,	N(6) = 0.0015757,	N(7) = 1,	N(8) = 1,	N(9) = 0.0015757,	N(10) = 0.00124311,	N(11) = 0.0015757,	N(12) = 1.99842,	N(13) = 1,	N(14) = 0.0015757,	N(15) = 1,	Delta[s](0) = 0.252083,	Delta[s](1) = 0.246425,	Delta[s](2) = 0.196655,	Delta[s](3) = 0.246425,	Delta[s](4) = 0.246425,	Delta[s](5) = 0.196655,	Delta[s](6) = 0.19124,	Delta[s](7) = 0.196655,	Delta[s](8) = 0.196655,	Delta[s](9) = 0.19124,	Delta[s](10) = 0.114511,	Delta[s](11) = 0.19124,	Delta[s](12) = 0.246425,	Delta[s](13) = 0.196655,	Delta[s](14) = 0.19124,	Delta[s](15) = 0.196655,	Delta[d](0) = 0.523876,	Delta[d](1) = 0.338238,	Delta[d](2) = 0.30304,	Delta[d](3) = 0.338238,	Delta[d](4) = 0.338238,	Delta[d](5) = 0.39024,	Delta[d](6) = 0.281731,	Delta[d](7) = 0.39024,	Delta[d](8) = 0.30304,	Delta[d](9) = 0.281731,	Delta[d](10) = 0.258448,	Delta[d](11) = 0.281731,	Delta[d](12) = 0.338238,	Delta[d](13) = 0.39024,	Delta[d](14) = 0.281731,	Delta[d](15) = 0.39024,	Delta[s+](0) = 0.546458,	Delta[s+](1) = 0.450516,	Delta[s+](2) = 0.30304,	Delta[s+](3) = 0.450516,	Delta[s+](4) = 0.450516,	Delta[s+](5) = 0.30304,	Delta[s+](6) = 0.152593,	Delta[s+](7) = 0.30304,	Delta[s+](8) = 0.30304,	Delta[s+](9) = 0.152593,	Delta[s+](10) = 0.0479633,	Delta[s+](11) = 0.152593,	Delta[s+](12) = 0.450516,	Delta[s+](13) = 0.30304,	Delta[s+](14) = 0.152593,	Delta[s+](15) = 0.30304
The 20-th iteration is completed.	|| time cost : 0h 4m 24.044s
********************************************************************************************************************
Start the 21 rounds of NGS-ED iteration
	effective electronic model is modified as: kinetic energy t = 0.825055
	                                           effective interaction Vq = [-2.60007,-2.45567,-2.21419,-2.45567,-2.45567,-2.21419,-2.27287,-2.21419,-2.21419,-2.27287,-2.14027,-2.27287,-2.45567,-2.21419,-2.27287,-2.21419]
	PARPACK diagonalization completed after 30 matrix-vector product operations.
	iteration results: : total energy is -60.065485 | electron energy -60.273717 + phonon energy 0.208232 | electron momentum kIdx = 10
The 21-th iteration is completed.	|| time cost : 0h 0m 27.62s
********************************************************************************************************************
Start the 22 rounds of NGS-ED iteration
	effective electronic model is modified as: kinetic energy t = 0.825055
	                                           effective interaction Vq = [-2.60007,-2.45567,-2.21419,-2.45567,-2.45567,-2.21419,-2.27287,-2.21419,-2.21419,-2.27287,-2.14027,-2.27287,-2.45567,-2.21419,-2.27287,-2.21419]
	PARPACK diagonalization completed after 30 matrix-vector product operations.
	iteration results: : total energy is -60.065485 | electron energy -60.273718 + phonon energy 0.208233 | electron momentum kIdx = 10
The 22-th iteration is completed.	|| time cost : 0h 0m 27.305s
********************************************************************************************************************
Start the 23 rounds of NGS-ED iteration
	effective electronic model is modified as: kinetic energy t = 0.825055
	                                           effective interaction Vq = [-2.60007,-2.45567,-2.21419,-2.45567,-2.45567,-2.21419,-2.27287,-2.21419,-2.21419,-2.27287,-2.14027,-2.27287,-2.45567,-2.21419,-2.27287,-2.21419]
	PARPACK diagonalization completed after 30 matrix-vector product operations.
	iteration results: : total energy is -60.065485 | electron energy -60.273719 + phonon energy 0.208234 | electron momentum kIdx = 10
The 23-th iteration is completed.	|| time cost : 0h 0m 27.411s
********************************************************************************************************************
Start the 24 rounds of NGS-ED iteration
	effective electronic model is modified as: kinetic energy t = 0.825055
	                                           effective interaction Vq = [-2.60007,-2.45567, -2.2142,-2.45567,-2.45567, -2.2142,-2.27287, -2.2142, -2.2142,-2.27287,-2.14027,-2.27287,-2.45567, -2.2142,-2.27287, -2.2142]
	PARPACK diagonalization completed after 30 matrix-vector product operations.
	iteration results: : total energy is -60.065485 | electron energy -60.273720 + phonon energy 0.208235 | electron momentum kIdx = 10
The 24-th iteration is completed.	|| time cost : 0h 0m 27.418s
********************************************************************************************************************
Start the 25 rounds of NGS-ED iteration
	effective electronic model is modified as: kinetic energy t = 0.825055
	                                           effective interaction Vq = [-2.60007,-2.45567, -2.2142,-2.45567,-2.45567, -2.2142,-2.27287, -2.2142, -2.2142,-2.27287,-2.14027,-2.27287,-2.45567, -2.2142,-2.27287, -2.2142]
	PARPACK diagonalization completed after 30 matrix-vector product operations.
	iteration results: : total energy is -60.065485 | electron energy -60.273720 + phonon energy 0.208235 | electron momentum kIdx = 10
