SNEDics v3.4 Non-Gaussian ED ground state program		Start at Thu Oct  3 13:00:05 2019

parallized on 16 MPI threads  * 8 OpenMP threads = 128 total threads.
********************************************************************************************************************
********************************************************************************************************************

********************************************************************************************************************
System parameters and configurations
********************************************************************************************************************
Special program options are enabled: splitted diagonal Hamiltonian
********************************************************************************************************************
Read input file "model_params.in"
	Hubbard-Holstein model parameters : 	t = 1    U = 3    g = 3.4641    W = 5    
********************************************************************************************************************
Read input file "hilbertspace_params.in"
	Requested 16-site 2D lattice, with 16 electrons (8, 8)
	Boundary : Periodic		Hilbert space representation : momentum-space (restricted to kIdx = 10)
	Conservation: particle number[U(1)]      spin[U(1)]     momentum
********************************************************************************************************************

Cluster Positions:				Cluster symmetry group : D4
 x ... x ... x ... x .....                       x ... x ... x ... x .....
 |           |           :                       |           |           :
 |           |           :                       |           |           :
12    13    14    15     x                       1     5     6     5     x
 |           |           :                       |           |           :
 |           |           :                       |           |           :
 8 --- 9 ---10 ---11 --- x                       2 --- 6 ---10 --- 6 --- x
 |           |           :                       |           |           :
 |           |           :                       |           |           :
 4     5     6     7     x                       1     5     6     5     x
 |           |           :                       |           |           :
 |           |           :                       |           |           :
 0 --- 1 --- 2 --- 3 --- x                       0 --- 1 --- 2 --- 1 --- x
orbital number : 1
********************************************************************************************************************
Read input file "obs_params.in"
	Observable Type : Nq(All),   Sq(All),   N(All),   Delta[s](All),   Delta[d](All),   Delta[s+](All)
********************************************************************************************************************
** WARNING ** the input observables have non-local factors which have been reinterpreted. The total observable number is 96
********************************************************************************************************************


********************************************************************************************************************
Start calculating the non-Gaussian ED ground state
** WARNING ** Detected low phonon energy W < 10. The initial state will be prepared through a warm-up process.
********************************************************************************************************************
Start warm-up calculation for scaling factor 2
open output files: NGSEDWarmUpW10Obs.txt
********************************************************************************************************************
Start the 0 rounds of NGS-ED iteration
	effective electronic model is modified as: kinetic energy t = 1
	                                           effective interaction Vq = [-0,-0,-0,-0,-0,-0,-0,-0,-0,-0,-0,-0,-0,-0,-0,-0]
	first Hamiltonian is constructed, non-zero numbers = 2845334624
	PARPACK diagonalization completed after 105 matrix-vector product operations.
	iteration results: : total energy is -15.535866 | electron energy -15.535866 + phonon energy 0.000000 | electron momentum kIdx = 10
	Nq(0) = 16,	Nq(1) = 0.206781,	Nq(2) = 0.276745,	Nq(3) = 0.206781,	Nq(4) = 0.206781,	Nq(5) = 0.276745,	Nq(6) = 0.385948,	Nq(7) = 0.276745,	Nq(8) = 0.276745,	Nq(9) = 0.385948,	Nq(10) = 0.451955,	Nq(11) = 0.385948,	Nq(12) = 0.206781,	Nq(13) = 0.276745,	Nq(14) = 0.385948,	Nq(15) = 0.276745,	Sq(0) = -2.86464e-19,	Sq(1) = 0.342724,	Sq(2) = 0.427308,	Sq(3) = 0.342724,	Sq(4) = 0.342724,	Sq(5) = 0.427308,	Sq(6) = 0.656235,	Sq(7) = 0.427308,	Sq(8) = 0.427308,	Sq(9) = 0.656235,	Sq(10) = 4.95698,	Sq(11) = 0.656235,	Sq(12) = 0.342724,	Sq(13) = 0.427308,	Sq(14) = 0.656235,	Sq(15) = 0.427308,	N(0) = 1.96099,	N(1) = 1.91081,	N(2) = 1,	N(3) = 1.91081,	N(4) = 1.91081,	N(5) = 1,	N(6) = 0.0891896,	N(7) = 1,	N(8) = 1,	N(9) = 0.0891896,	N(10) = 0.0390113,	N(11) = 0.0891896,	N(12) = 1.91081,	N(13) = 1,	N(14) = 0.0891896,	N(15) = 1,	Delta[s](0) = 0.206497,	Delta[s](1) = 0.180868,	Delta[s](2) = 0.13882,	Delta[s](3) = 0.180868,	Delta[s](4) = 0.180868,	Delta[s](5) = 0.13882,	Delta[s](6) = 0.111629,	Delta[s](7) = 0.13882,	Delta[s](8) = 0.13882,	Delta[s](9) = 0.111629,	Delta[s](10) = 0.0322668,	Delta[s](11) = 0.111629,	Delta[s](12) = 0.180868,	Delta[s](13) = 0.13882,	Delta[s](14) = 0.111629,	Delta[s](15) = 0.13882,	Delta[d](0) = 0.509269,	Delta[d](1) = 0.355707,	Delta[d](2) = 0.30551,	Delta[d](3) = 0.355707,	Delta[d](4) = 0.355707,	Delta[d](5) = 0.367183,	Delta[d](6) = 0.285679,	Delta[d](7) = 0.367183,	Delta[d](8) = 0.30551,	Delta[d](9) = 0.285679,	Delta[d](10) = 0.232813,	Delta[d](11) = 0.285679,	Delta[d](12) = 0.355707,	Delta[d](13) = 0.367183,	Delta[d](14) = 0.285679,	Delta[d](15) = 0.367183,	Delta[s+](0) = 0.567838,	Delta[s+](1) = 0.46415,	Delta[s+](2) = 0.30551,	Delta[s+](3) = 0.46415,	Delta[s+](4) = 0.46415,	Delta[s+](5) = 0.30551,	Delta[s+](6) = 0.153148,	Delta[s+](7) = 0.30551,	Delta[s+](8) = 0.30551,	Delta[s+](9) = 0.153148,	Delta[s+](10) = 0.0407359,	Delta[s+](11) = 0.153148,	Delta[s+](12) = 0.46415,	Delta[s+](13) = 0.30551,	Delta[s+](14) = 0.153148,	Delta[s+](15) = 0.30551
The 0-th iteration is completed.	|| time cost : 0h 8m 49.971s
********************************************************************************************************************
Start the 1 rounds of NGS-ED iteration
	effective electronic model is modified as: kinetic energy t = 0.937308
	                                           effective interaction Vq = [-2.07519,-1.92582,-1.85397,-1.92582,-1.92582,-1.85397,-1.83892,-1.85397,-1.85397,-1.83892,-1.80812,-1.83892,-1.92582,-1.85397,-1.83892,-1.85397]
	PARPACK diagonalization completed after 60 matrix-vector product operations.
	iteration results: : total energy is -58.802588 | electron energy -58.806913 + phonon energy 0.004325 | electron momentum kIdx = 10
The 1-th iteration is completed.	|| time cost : 0h 7m 32.921s
********************************************************************************************************************
Start the 2 rounds of NGS-ED iteration
	effective electronic model is modified as: kinetic energy t = 0.885706
	                                           effective interaction Vq = [-2.35604,-2.26795,-2.24169,-2.26795,-2.26795,-2.24169,-2.18969,-2.24169,-2.24169,-2.18969,-2.13039,-2.18969,-2.26795,-2.24169,-2.18969,-2.24169]
	PARPACK diagonalization completed after 120 matrix-vector product operations.
	iteration results: : total energy is -65.858958 | electron energy -65.890668 + phonon energy 0.031710 | electron momentum kIdx = 10
The 2-th iteration is completed.	|| time cost : 0h 0m 55.548s
********************************************************************************************************************
Start the 3 rounds of NGS-ED iteration
	effective electronic model is modified as: kinetic energy t = 0.863212
	                                           effective interaction Vq = [-2.39405,-2.33269,-2.32834,-2.33269,-2.33269,-2.32834,-2.26545,-2.32834,-2.32834,-2.26545,-2.28928,-2.26545,-2.33269,-2.32834,-2.26545,-2.32834]
	PARPACK diagonalization completed after 45 matrix-vector product operations.
	iteration results: : total energy is -66.886619 | electron energy -66.943561 + phonon energy 0.056941 | electron momentum kIdx = 10
The 3-th iteration is completed.	|| time cost : 0h 0m 32.362s
********************************************************************************************************************
Start the 4 rounds of NGS-ED iteration
	effective electronic model is modified as: kinetic energy t = 0.858015
	                                           effective interaction Vq = [-2.39919, -2.3483,-2.31908, -2.3483, -2.3483,-2.31908,-2.28577,-2.31908,-2.31908,-2.28577, -2.3691,-2.28577, -2.3483,-2.31908,-2.28577,-2.31908]
	PARPACK diagonalization completed after 45 matrix-vector product operations.
	iteration results: : total energy is -67.215020 | electron energy -67.283987 + phonon energy 0.068967 | electron momentum kIdx = 10
The 4-th iteration is completed.	|| time cost : 0h 0m 32.148s
********************************************************************************************************************
Start the 5 rounds of NGS-ED iteration
	effective electronic model is modified as: kinetic energy t = 0.861215
	                                           effective interaction Vq = [-2.39989,-2.34624,-2.28175,-2.34624,-2.34624,-2.28175, -2.2827,-2.28175,-2.28175, -2.2827,-2.38875, -2.2827,-2.34624,-2.28175, -2.2827,-2.28175]
	PARPACK diagonalization completed after 30 matrix-vector product operations.
	iteration results: : total energy is -67.294336 | electron energy -67.365771 + phonon energy 0.071435 | electron momentum kIdx = 10
The 5-th iteration is completed.	|| time cost : 0h 0m 27.336s
********************************************************************************************************************
Start the 6 rounds of NGS-ED iteration
	effective electronic model is modified as: kinetic energy t = 0.862894
	                                           effective interaction Vq = [-2.39998,-2.34317,-2.26485,-2.34317,-2.34317,-2.26485, -2.2786,-2.26485,-2.26485, -2.2786,-2.39342, -2.2786,-2.34317,-2.26485, -2.2786,-2.26485]
	PARPACK diagonalization completed after 30 matrix-vector product operations.
	iteration results: : total energy is -67.305517 | electron energy -67.376884 + phonon energy 0.071367 | electron momentum kIdx = 10
The 6-th iteration is completed.	|| time cost : 0h 0m 27.334s
********************************************************************************************************************
Start the 7 rounds of NGS-ED iteration
	effective electronic model is modified as: kinetic energy t = 0.86362
	                                           effective interaction Vq = [    -2.4,-2.34137,-2.25841,-2.34137,-2.34137,-2.25841,-2.27627,-2.25841,-2.25841,-2.27627,-2.39475,-2.27627,-2.34137,-2.25841,-2.27627,-2.25841]
	PARPACK diagonalization completed after 30 matrix-vector product operations.
	iteration results: : total energy is -67.307000 | electron energy -67.378100 + phonon energy 0.071100 | electron momentum kIdx = 10
The 7-th iteration is completed.	|| time cost : 0h 0m 27.381s
********************************************************************************************************************
Start the 8 rounds of NGS-ED iteration
	effective electronic model is modified as: kinetic energy t = 0.863923
	                                           effective interaction Vq = [    -2.4,-2.34049,-2.25605,-2.34049,-2.34049,-2.25605,-2.27514,-2.25605,-2.25605,-2.27514,-2.39518,-2.27514,-2.34049,-2.25605,-2.27514,-2.25605]
	PARPACK diagonalization completed after 30 matrix-vector product operations.
	iteration results: : total energy is -67.307198 | electron energy -67.378124 + phonon energy 0.070926 | electron momentum kIdx = 10
The 8-th iteration is completed.	|| time cost : 0h 0m 27.647s
********************************************************************************************************************
Start the 9 rounds of NGS-ED iteration
	effective electronic model is modified as: kinetic energy t = 0.864047
	                                           effective interaction Vq = [    -2.4,-2.34009,-2.25519,-2.34009,-2.34009,-2.25519,-2.27464,-2.25519,-2.25519,-2.27464,-2.39532,-2.27464,-2.34009,-2.25519,-2.27464,-2.25519]
	PARPACK diagonalization completed after 30 matrix-vector product operations.
	iteration results: : total energy is -67.307225 | electron energy -67.378062 + phonon energy 0.070836 | electron momentum kIdx = 10
The 9-th iteration is completed.	|| time cost : 0h 0m 27.65s
********************************************************************************************************************
Start the 10 rounds of NGS-ED iteration
	effective electronic model is modified as: kinetic energy t = 0.864098
	                                           effective interaction Vq = [    -2.4,-2.33992,-2.25487,-2.33992,-2.33992,-2.25487,-2.27442,-2.25487,-2.25487,-2.27442,-2.39537,-2.27442,-2.33992,-2.25487,-2.27442,-2.25487]
	PARPACK diagonalization completed after 30 matrix-vector product operations.
	iteration results: : total energy is -67.307229 | electron energy -67.378023 + phonon energy 0.070794 | electron momentum kIdx = 10
	Nq(0) = 16,	Nq(1) = 0.324455,	Nq(2) = 0.369605,	Nq(3) = 0.324455,	Nq(4) = 0.324455,	Nq(5) = 0.369605,	Nq(6) = 0.59886,	Nq(7) = 0.369605,	Nq(8) = 0.369605,	Nq(9) = 0.59886,	Nq(10) = 4.93099,	Nq(11) = 0.59886,	Nq(12) = 0.324455,	Nq(13) = 0.369605,	Nq(14) = 0.59886,	Nq(15) = 0.369605,	Sq(0) = -1.6163e-18,	Sq(1) = 0.245959,	Sq(2) = 0.310511,	Sq(3) = 0.245959,	Sq(4) = 0.245959,	Sq(5) = 0.310511,	Sq(6) = 0.449062,	Sq(7) = 0.310511,	Sq(8) = 0.310511,	Sq(9) = 0.449062,	Sq(10) = 0.514975,	Sq(11) = 0.449062,	Sq(12) = 0.245959,	Sq(13) = 0.310511,	Sq(14) = 0.449062,	Sq(15) = 0.310511,	N(0) = 1.98144,	N(1) = 1.95182,	N(2) = 1,	N(3) = 1.95182,	N(4) = 1.95182,	N(5) = 1,	N(6) = 0.0481848,	N(7) = 1,	N(8) = 1,	N(9) = 0.0481848,	N(10) = 0.0185617,	N(11) = 0.0481848,	N(12) = 1.95182,	N(13) = 1,	N(14) = 0.0481848,	N(15) = 1,	Delta[s](0) = 0.524449,	Delta[s](1) = 0.365393,	Delta[s](2) = 0.346374,	Delta[s](3) = 0.365393,	Delta[s](4) = 0.365393,	Delta[s](5) = 0.346374,	Delta[s](6) = 0.279105,	Delta[s](7) = 0.346374,	Delta[s](8) = 0.346374,	Delta[s](9) = 0.279105,	Delta[s](10) = 0.240254,	Delta[s](11) = 0.279105,	Delta[s](12) = 0.365393,	Delta[s](13) = 0.346374,	Delta[s](14) = 0.279105,	Delta[s](15) = 0.346374,	Delta[d](0) = 0.223136,	Delta[d](1) = 0.214214,	Delta[d](2) = 0.212211,	Delta[d](3) = 0.214214,	Delta[d](4) = 0.214214,	Delta[d](5) = 0.136042,	Delta[d](6) = 0.170941,	Delta[d](7) = 0.136042,	Delta[d](8) = 0.212211,	Delta[d](9) = 0.170941,	Delta[d](10) = 0.0489658,	Delta[d](11) = 0.170941,	Delta[d](12) = 0.214214,	Delta[d](13) = 0.136042,	Delta[d](14) = 0.170941,	Delta[d](15) = 0.136042,	Delta[s+](0) = 0.412232,	Delta[s+](1) = 0.329909,	Delta[s+](2) = 0.212211,	Delta[s+](3) = 0.329909,	Delta[s+](4) = 0.329909,	Delta[s+](5) = 0.212211,	Delta[s+](6) = 0.0910539,	Delta[s+](7) = 0.212211,	Delta[s+](8) = 0.212211,	Delta[s+](9) = 0.0910539,	Delta[s+](10) = 0.0264197,	Delta[s+](11) = 0.0910539,	Delta[s+](12) = 0.329909,	Delta[s+](13) = 0.212211,	Delta[s+](14) = 0.0910539,	Delta[s+](15) = 0.212211
The 10-th iteration is completed.	|| time cost : 0h 4m 39.192s
********************************************************************************************************************
********************************************************************************************************************
Ground state is obtained after 11 iterations. The current ground-state energy is -67.3072, in which electron energy is -67.378 and phonon energy is 0.0707943
final variational state is: 
	Gamma_x = [      1,1.02098,1.03346,1.02098,1.02098,1.03346,1.05203,1.03346,1.03346,1.05203,1.10399,1.05203,1.02098,1.03346,1.05203,1.03346]
	lambda_q = [ 0.48989,0.412341,0.369379,0.412341,0.412341,0.369379,0.377794,0.369379,0.369379,0.377794,0.468426,0.377794,0.412341,0.369379,0.377794,0.369379]
********************************************************************************************************************
o___o  ----------------------------------------
| L |	Time since last clock: 0h 0m 0s
A===A	Time since the beginning: 0h 25m 19.495s
***********************************************


********************************************************************************************************************
Warm up runs have been completed. Start calculating W = 5 phonon.
open output files: NGSEDIterationObs.txt
********************************************************************************************************************
Start the 0 rounds of NGS-ED iteration
	effective electronic model is modified as: kinetic energy t = 0.864118
	                                           effective interaction Vq = [-2.19409,-2.00666,-1.87693,-2.00666,-2.00666,-1.87693,-1.90379,-1.87693,-1.87693,-1.90379,-2.14823,-1.90379,-2.00666,-1.87693,-1.90379,-1.87693]
	PARPACK diagonalization completed after 45 matrix-vector product operations.
	iteration results: : total energy is -60.739287 | electron energy -60.774674 + phonon energy 0.035388 | electron momentum kIdx = 10
	Nq(0) = 16,	Nq(1) = 0.315363,	Nq(2) = 0.355616,	Nq(3) = 0.315363,	Nq(4) = 0.315363,	Nq(5) = 0.355616,	Nq(6) = 0.566479,	Nq(7) = 0.355616,	Nq(8) = 0.355616,	Nq(9) = 0.566479,	Nq(10) = 4.76488,	Nq(11) = 0.566479,	Nq(12) = 0.315363,	Nq(13) = 0.355616,	Nq(14) = 0.566479,	Nq(15) = 0.355616,	Sq(0) = -6.33488e-20,	Sq(1) = 0.270165,	Sq(2) = 0.329137,	Sq(3) = 0.270165,	Sq(4) = 0.270165,	Sq(5) = 0.329137,	Sq(6) = 0.490948,	Sq(7) = 0.329137,	Sq(8) = 0.329137,	Sq(9) = 0.490948,	Sq(10) = 0.554777,	Sq(11) = 0.490948,	Sq(12) = 0.270165,	Sq(13) = 0.329137,	Sq(14) = 0.490948,	Sq(15) = 0.329137,	N(0) = 1.98927,	N(1) = 1.96799,	N(2) = 1,	N(3) = 1.96799,	N(4) = 1.96799,	N(5) = 1,	N(6) = 0.0320096,	N(7) = 1,	N(8) = 1,	N(9) = 0.0320096,	N(10) = 0.0107316,	N(11) = 0.0320096,	N(12) = 1.96799,	N(13) = 1,	N(14) = 0.0320096,	N(15) = 1,	Delta[s](0) = 0.450609,	Delta[s](1) = 0.348569,	Delta[s](2) = 0.333592,	Delta[s](3) = 0.348569,	Delta[s](4) = 0.348569,	Delta[s](5) = 0.333592,	Delta[s](6) = 0.277794,	Delta[s](7) = 0.333592,	Delta[s](8) = 0.333592,	Delta[s](9) = 0.277794,	Delta[s](10) = 0.255362,	Delta[s](11) = 0.277794,	Delta[s](12) = 0.348569,	Delta[s](13) = 0.333592,	Delta[s](14) = 0.277794,	Delta[s](15) = 0.333592,	Delta[d](0) = 0.227579,	Delta[d](1) = 0.222704,	Delta[d](2) = 0.222846,	Delta[d](3) = 0.222704,	Delta[d](4) = 0.222704,	Delta[d](5) = 0.140151,	Delta[d](6) = 0.178252,	Delta[d](7) = 0.140151,	Delta[d](8) = 0.222846,	Delta[d](9) = 0.178252,	Delta[d](10) = 0.0526551,	Delta[d](11) = 0.178252,	Delta[d](12) = 0.222704,	Delta[d](13) = 0.140151,	Delta[d](14) = 0.178252,	Delta[d](15) = 0.140151,	Delta[s+](0) = 0.440652,	Delta[s+](1) = 0.347523,	Delta[s+](2) = 0.222846,	Delta[s+](3) = 0.347523,	Delta[s+](4) = 0.347523,	Delta[s+](5) = 0.222846,	Delta[s+](6) = 0.0957457,	Delta[s+](7) = 0.222846,	Delta[s+](8) = 0.222846,	Delta[s+](9) = 0.0957457,	Delta[s+](10) = 0.0286089,	Delta[s+](11) = 0.0957457,	Delta[s+](12) = 0.347523,	Delta[s+](13) = 0.222846,	Delta[s+](14) = 0.0957457,	Delta[s+](15) = 0.222846
The 0-th iteration is completed.	|| time cost : 0h 4m 28.349s
********************************************************************************************************************
Start the 1 rounds of NGS-ED iteration
	effective electronic model is modified as: kinetic energy t = 0.84443
	                                           effective interaction Vq = [-2.32425,-2.12304,-1.96007,-2.12304,-2.12304,-1.96007,-1.99388,-1.96007,-1.96007,-1.99388,-2.29287,-1.99388,-2.12304,-1.96007,-1.99388,-1.96007]
	PARPACK diagonalization completed after 30 matrix-vector product operations.
	iteration results: : total energy is -63.541444 | electron energy -63.652152 + phonon energy 0.110708 | electron momentum kIdx = 10
The 1-th iteration is completed.	|| time cost : 0h 0m 27.475s
********************************************************************************************************************
Start the 2 rounds of NGS-ED iteration
	effective electronic model is modified as: kinetic energy t = 0.83478
	                                           effective interaction Vq = [-2.37213,-2.16681, -1.9955,-2.16681,-2.16681, -1.9955,-2.02976, -1.9955, -1.9955,-2.02976,-2.35195,-2.02976,-2.16681, -1.9955,-2.02976, -1.9955]
	PARPACK diagonalization completed after 30 matrix-vector product operations.
	iteration results: : total energy is -64.562350 | electron energy -64.727211 + phonon energy 0.164861 | electron momentum kIdx = 10
The 2-th iteration is completed.	|| time cost : 0h 0m 27.629s
********************************************************************************************************************
Start the 3 rounds of NGS-ED iteration
	effective electronic model is modified as: kinetic energy t = 0.83033
	                                           effective interaction Vq = [-2.38975, -2.1831,-2.01035, -2.1831, -2.1831,-2.01035,-2.04341,-2.01035,-2.01035,-2.04341,-2.37539,-2.04341, -2.1831,-2.01035,-2.04341,-2.01035]
	PARPACK diagonalization completed after 30 matrix-vector product operations.
	iteration results: : total energy is -64.924979 | electron energy -65.121248 + phonon energy 0.196268 | electron momentum kIdx = 10
The 3-th iteration is completed.	|| time cost : 0h 0m 27.516s
********************************************************************************************************************
Start the 4 rounds of NGS-ED iteration
	effective electronic model is modified as: kinetic energy t = 0.828308
	                                           effective interaction Vq = [-2.39623, -2.1891,-2.01662, -2.1891, -2.1891,-2.01662,-2.04847,-2.01662,-2.01662,-2.04847,-2.38498,-2.04847, -2.1891,-2.01662,-2.04847,-2.01662]
	PARPACK diagonalization completed after 30 matrix-vector product operations.
	iteration results: : total energy is -65.052502 | electron energy -65.265701 + phonon energy 0.213199 | electron momentum kIdx = 10
The 4-th iteration is completed.	|| time cost : 0h 0m 27.727s
********************************************************************************************************************
Start the 5 rounds of NGS-ED iteration
	effective electronic model is modified as: kinetic energy t = 0.827397
	                                           effective interaction Vq = [-2.39861, -2.1912,-2.01927, -2.1912, -2.1912,-2.01927,-2.05021,-2.01927,-2.01927,-2.05021,-2.38915,-2.05021, -2.1912,-2.01927,-2.05021,-2.01927]
	PARPACK diagonalization completed after 30 matrix-vector product operations.
	iteration results: : total energy is -65.097390 | electron energy -65.319407 + phonon energy 0.222018 | electron momentum kIdx = 10
The 5-th iteration is completed.	|| time cost : 0h 0m 27.43s
********************************************************************************************************************
Start the 6 rounds of NGS-ED iteration
	effective electronic model is modified as: kinetic energy t = 0.826994
	                                           effective interaction Vq = [-2.39949,-2.19182,-2.02037,-2.19182,-2.19182,-2.02037,-2.05069,-2.02037,-2.02037,-2.05069,-2.39107,-2.05069,-2.19182,-2.02037,-2.05069,-2.02037]
	PARPACK diagonalization completed after 30 matrix-vector product operations.
	iteration results: : total energy is -65.113288 | electron energy -65.339794 + phonon energy 0.226506 | electron momentum kIdx = 10
The 6-th iteration is completed.	|| time cost : 0h 0m 27.664s
********************************************************************************************************************
Start the 7 rounds of NGS-ED iteration
	effective electronic model is modified as: kinetic energy t = 0.826825
	                                           effective interaction Vq = [-2.39981,-2.19188,-2.02078,-2.19188,-2.19188,-2.02078,-2.05069,-2.02078,-2.02078,-2.05069,-2.39201,-2.05069,-2.19188,-2.02078,-2.05069,-2.02078]
	PARPACK diagonalization completed after 30 matrix-vector product operations.
	iteration results: : total energy is -65.118962 | electron energy -65.347708 + phonon energy 0.228747 | electron momentum kIdx = 10
The 7-th iteration is completed.	|| time cost : 0h 0m 27.646s
********************************************************************************************************************
Start the 8 rounds of NGS-ED iteration
	effective electronic model is modified as: kinetic energy t = 0.826761
	                                           effective interaction Vq = [-2.39993,-2.19176,-2.02091,-2.19176,-2.19176,-2.02091,-2.05055,-2.02091,-2.02091,-2.05055,-2.39248,-2.05055,-2.19176,-2.02091,-2.05055,-2.02091]
	PARPACK diagonalization completed after 30 matrix-vector product operations.
	iteration results: : total energy is -65.121001 | electron energy -65.350845 + phonon energy 0.229844 | electron momentum kIdx = 10
The 8-th iteration is completed.	|| time cost : 0h 0m 27.686s
********************************************************************************************************************
Start the 9 rounds of NGS-ED iteration
	effective electronic model is modified as: kinetic energy t = 0.826742
	                                           effective interaction Vq = [-2.39997,-2.19162,-2.02091,-2.19162,-2.19162,-2.02091,-2.05039,-2.02091,-2.02091,-2.05039,-2.39272,-2.05039,-2.19162,-2.02091,-2.05039,-2.02091]
	PARPACK diagonalization completed after 30 matrix-vector product operations.
	iteration results: : total energy is -65.121738 | electron energy -65.352108 + phonon energy 0.230370 | electron momentum kIdx = 10
The 9-th iteration is completed.	|| time cost : 0h 0m 27.363s
********************************************************************************************************************
Start the 10 rounds of NGS-ED iteration
	effective electronic model is modified as: kinetic energy t = 0.826742
	                                           effective interaction Vq = [-2.39999,-2.19148,-2.02088,-2.19148,-2.19148,-2.02088,-2.05025,-2.02088,-2.02088,-2.05025,-2.39284,-2.05025,-2.19148,-2.02088,-2.05025,-2.02088]
	PARPACK diagonalization completed after 30 matrix-vector product operations.
	iteration results: : total energy is -65.122005 | electron energy -65.352621 + phonon energy 0.230615 | electron momentum kIdx = 10
	Nq(0) = 16,	Nq(1) = 0.264502,	Nq(2) = 0.327901,	Nq(3) = 0.264502,	Nq(4) = 0.264502,	Nq(5) = 0.327901,	Nq(6) = 0.505213,	Nq(7) = 0.327901,	Nq(8) = 0.327901,	Nq(9) = 0.505213,	Nq(10) = 6.07655,	Nq(11) = 0.505213,	Nq(12) = 0.264502,	Nq(13) = 0.327901,	Nq(14) = 0.505213,	Nq(15) = 0.327901,	Sq(0) = 5.39902e-19,	Sq(1) = 0.222669,	Sq(2) = 0.296111,	Sq(3) = 0.222669,	Sq(4) = 0.222669,	Sq(5) = 0.296111,	Sq(6) = 0.426843,	Sq(7) = 0.296111,	Sq(8) = 0.296111,	Sq(9) = 0.426843,	Sq(10) = 0.502466,	Sq(11) = 0.426843,	Sq(12) = 0.222669,	Sq(13) = 0.296111,	Sq(14) = 0.426843,	Sq(15) = 0.296111,	N(0) = 1.97426,	N(1) = 1.92345,	N(2) = 1,	N(3) = 1.92345,	N(4) = 1.92345,	N(5) = 1,	N(6) = 0.076546,	N(7) = 1,	N(8) = 1,	N(9) = 0.076546,	N(10) = 0.0257363,	N(11) = 0.076546,	N(12) = 1.92345,	N(13) = 1,	N(14) = 0.076546,	N(15) = 1,	Delta[s](0) = 0.458668,	Delta[s](1) = 0.372082,	Delta[s](2) = 0.351596,	Delta[s](3) = 0.372082,	Delta[s](4) = 0.372082,	Delta[s](5) = 0.351596,	Delta[s](6) = 0.306259,	Delta[s](7) = 0.351596,	Delta[s](8) = 0.351596,	Delta[s](9) = 0.306259,	Delta[s](10) = 0.279802,	Delta[s](11) = 0.306259,	Delta[s](12) = 0.372082,	Delta[s](13) = 0.351596,	Delta[s](14) = 0.306259,	Delta[s](15) = 0.351596,	Delta[d](0) = 0.209499,	Delta[d](1) = 0.19632,	Delta[d](2) = 0.205803,	Delta[d](3) = 0.19632,	Delta[d](4) = 0.19632,	Delta[d](5) = 0.130484,	Delta[d](6) = 0.155039,	Delta[d](7) = 0.130484,	Delta[d](8) = 0.205803,	Delta[d](9) = 0.155039,	Delta[d](10) = 0.051363,	Delta[d](11) = 0.155039,	Delta[d](12) = 0.19632,	Delta[d](13) = 0.130484,	Delta[d](14) = 0.155039,	Delta[d](15) = 0.130484,	Delta[s+](0) = 0.414703,	Delta[s+](1) = 0.322795,	Delta[s+](2) = 0.205803,	Delta[s+](3) = 0.322795,	Delta[s+](4) = 0.322795,	Delta[s+](5) = 0.205803,	Delta[s+](6) = 0.0868376,	Delta[s+](7) = 0.205803,	Delta[s+](8) = 0.205803,	Delta[s+](9) = 0.0868376,	Delta[s+](10) = 0.0285017,	Delta[s+](11) = 0.0868376,	Delta[s+](12) = 0.322795,	Delta[s+](13) = 0.205803,	Delta[s+](14) = 0.0868376,	Delta[s+](15) = 0.205803
The 10-th iteration is completed.	|| time cost : 0h 4m 22.702s
********************************************************************************************************************
Start the 11 rounds of NGS-ED iteration
	effective electronic model is modified as: kinetic energy t = 0.826747
	                                           effective interaction Vq = [-2.39999,-2.19138,-2.02085,-2.19138,-2.19138,-2.02085,-2.05014,-2.02085,-2.02085,-2.05014,-2.39291,-2.05014,-2.19138,-2.02085,-2.05014,-2.02085]
	PARPACK diagonalization completed after 30 matrix-vector product operations.
	iteration results: : total energy is -65.122103 | electron energy -65.352828 + phonon energy 0.230725 | electron momentum kIdx = 10
The 11-th iteration is completed.	|| time cost : 0h 0m 27.699s
********************************************************************************************************************
Start the 12 rounds of NGS-ED iteration
	effective electronic model is modified as: kinetic energy t = 0.826754
	                                           effective interaction Vq = [    -2.4,-2.19131,-2.02081,-2.19131,-2.19131,-2.02081,-2.05006,-2.02081,-2.02081,-2.05006,-2.39294,-2.05006,-2.19131,-2.02081,-2.05006,-2.02081]
	PARPACK diagonalization completed after 30 matrix-vector product operations.
	iteration results: : total energy is -65.122139 | electron energy -65.352909 + phonon energy 0.230770 | electron momentum kIdx = 10
The 12-th iteration is completed.	|| time cost : 0h 0m 27.394s
********************************************************************************************************************
Start the 13 rounds of NGS-ED iteration
	effective electronic model is modified as: kinetic energy t = 0.826759
	                                           effective interaction Vq = [    -2.4,-2.19125,-2.02079,-2.19125,-2.19125,-2.02079,-2.05001,-2.02079,-2.02079,-2.05001,-2.39296,-2.05001,-2.19125,-2.02079,-2.05001,-2.02079]
	PARPACK diagonalization completed after 30 matrix-vector product operations.
	iteration results: : total energy is -65.122152 | electron energy -65.352939 + phonon energy 0.230787 | electron momentum kIdx = 10
The 13-th iteration is completed.	|| time cost : 0h 0m 27.409s
********************************************************************************************************************
Start the 14 rounds of NGS-ED iteration
	effective electronic model is modified as: kinetic energy t = 0.826764
	                                           effective interaction Vq = [    -2.4,-2.19122,-2.02077,-2.19122,-2.19122,-2.02077,-2.04997,-2.02077,-2.02077,-2.04997,-2.39297,-2.04997,-2.19122,-2.02077,-2.04997,-2.02077]
	PARPACK diagonalization completed after 30 matrix-vector product operations.
	iteration results: : total energy is -65.122157 | electron energy -65.352948 + phonon energy 0.230791 | electron momentum kIdx = 10
The 14-th iteration is completed.	|| time cost : 0h 0m 27.363s
********************************************************************************************************************
Start the 15 rounds of NGS-ED iteration
	effective electronic model is modified as: kinetic energy t = 0.826767
	                                           effective interaction Vq = [    -2.4,-2.19119,-2.02075,-2.19119,-2.19119,-2.02075,-2.04994,-2.02075,-2.02075,-2.04994,-2.39297,-2.04994,-2.19119,-2.02075,-2.04994,-2.02075]
	PARPACK diagonalization completed after 30 matrix-vector product operations.
	iteration results: : total energy is -65.122158 | electron energy -65.352949 + phonon energy 0.230791 | electron momentum kIdx = 10
The 15-th iteration is completed.	|| time cost : 0h 0m 27.681s
********************************************************************************************************************
Start the 16 rounds of NGS-ED iteration
	effective electronic model is modified as: kinetic energy t = 0.826769
	                                           effective interaction Vq = [    -2.4,-2.19118,-2.02075,-2.19118,-2.19118,-2.02075,-2.04993,-2.02075,-2.02075,-2.04993,-2.39298,-2.04993,-2.19118,-2.02075,-2.04993,-2.02075]
	PARPACK diagonalization completed after 30 matrix-vector product operations.
	iteration results: : total energy is -65.122159 | electron energy -65.352948 + phonon energy 0.230789 | electron momentum kIdx = 10
The 16-th iteration is completed.	|| time cost : 0h 0m 27.369s
********************************************************************************************************************
Start the 17 rounds of NGS-ED iteration
	effective electronic model is modified as: kinetic energy t = 0.826771
	                                           effective interaction Vq = [    -2.4,-2.19117,-2.02074,-2.19117,-2.19117,-2.02074,-2.04992,-2.02074,-2.02074,-2.04992,-2.39298,-2.04992,-2.19117,-2.02074,-2.04992,-2.02074]
	PARPACK diagonalization completed after 30 matrix-vector product operations.
	iteration results: : total energy is -65.122159 | electron energy -65.352946 + phonon energy 0.230786 | electron momentum kIdx = 10
The 17-th iteration is completed.	|| time cost : 0h 0m 27.678s
********************************************************************************************************************
Start the 18 rounds of NGS-ED iteration
	effective electronic model is modified as: kinetic energy t = 0.826772
	                                           effective interaction Vq = [    -2.4,-2.19116,-2.02073,-2.19116,-2.19116,-2.02073,-2.04991,-2.02073,-2.02073,-2.04991,-2.39298,-2.04991,-2.19116,-2.02073,-2.04991,-2.02073]
	PARPACK diagonalization completed after 30 matrix-vector product operations.
	iteration results: : total energy is -65.122159 | electron energy -65.352944 + phonon energy 0.230785 | electron momentum kIdx = 10
The 18-th iteration is completed.	|| time cost : 0h 0m 27.552s
********************************************************************************************************************
Start the 19 rounds of NGS-ED iteration
	effective electronic model is modified as: kinetic energy t = 0.826772
	                                           effective interaction Vq = [    -2.4,-2.19116,-2.02073,-2.19116,-2.19116,-2.02073, -2.0499,-2.02073,-2.02073, -2.0499,-2.39298, -2.0499,-2.19116,-2.02073, -2.0499,-2.02073]
	PARPACK diagonalization completed after 30 matrix-vector product operations.
	iteration results: : total energy is -65.122159 | electron energy -65.352942 + phonon energy 0.230783 | electron momentum kIdx = 10
The 19-th iteration is completed.	|| time cost : 0h 0m 27.471s
********************************************************************************************************************
Start the 20 rounds of NGS-ED iteration
	effective electronic model is modified as: kinetic energy t = 0.826773
	                                           effective interaction Vq = [    -2.4,-2.19115,-2.02073,-2.19115,-2.19115,-2.02073, -2.0499,-2.02073,-2.02073, -2.0499,-2.39298, -2.0499,-2.19115,-2.02073, -2.0499,-2.02073]
	PARPACK diagonalization completed after 30 matrix-vector product operations.
	iteration results: : total energy is -65.122159 | electron energy -65.352941 + phonon energy 0.230782 | electron momentum kIdx = 10
	Nq(0) = 16,	Nq(1) = 0.264381,	Nq(2) = 0.327832,	Nq(3) = 0.264381,	Nq(4) = 0.264381,	Nq(5) = 0.327832,	Nq(6) = 0.505038,	Nq(7) = 0.327832,	Nq(8) = 0.327832,	Nq(9) = 0.505038,	Nq(10) = 6.07894,	Nq(11) = 0.505038,	Nq(12) = 0.264381,	Nq(13) = 0.327832,	Nq(14) = 0.505038,	Nq(15) = 0.327832,	Sq(0) = -6.57202e-19,	Sq(1) = 0.222612,	Sq(2) = 0.29607,	Sq(3) = 0.222612,	Sq(4) = 0.222612,	Sq(5) = 0.29607,	Sq(6) = 0.426778,	Sq(7) = 0.29607,	Sq(8) = 0.29607,	Sq(9) = 0.426778,	Sq(10) = 0.502413,	Sq(11) = 0.426778,	Sq(12) = 0.222612,	Sq(13) = 0.29607,	Sq(14) = 0.426778,	Sq(15) = 0.29607,	N(0) = 1.97424,	N(1) = 1.92337,	N(2) = 1,	N(3) = 1.92337,	N(4) = 1.92337,	N(5) = 1,	N(6) = 0.0766264,	N(7) = 1,	N(8) = 1,	N(9) = 0.0766264,	N(10) = 0.0257564,	N(11) = 0.0766264,	N(12) = 1.92337,	N(13) = 1,	N(14) = 0.0766264,	N(15) = 1,	Delta[s](0) = 0.458651,	Delta[s](1) = 0.372111,	Delta[s](2) = 0.351616,	Delta[s](3) = 0.372111,	Delta[s](4) = 0.372111,	Delta[s](5) = 0.351616,	Delta[s](6) = 0.306294,	Delta[s](7) = 0.351616,	Delta[s](8) = 0.351616,	Delta[s](9) = 0.306294,	Delta[s](10) = 0.279839,	Delta[s](11) = 0.306294,	Delta[s](12) = 0.372111,	Delta[s](13) = 0.351616,	Delta[s](14) = 0.306294,	Delta[s](15) = 0.351616,	Delta[d](0) = 0.209508,	Delta[d](1) = 0.196317,	Delta[d](2) = 0.205821,	Delta[d](3) = 0.196317,	Delta[d](4) = 0.196317,	Delta[d](5) = 0.13048,	Delta[d](6) = 0.155025,	Delta[d](7) = 0.13048,	Delta[d](8) = 0.205821,	Delta[d](9) = 0.155025,	Delta[d](10) = 0.0513448,	Delta[d](11) = 0.155025,	Delta[d](12) = 0.196317,	Delta[d](13) = 0.13048,	Delta[d](14) = 0.155025,	Delta[d](15) = 0.13048,	Delta[s+](0) = 0.414778,	Delta[s+](1) = 0.322838,	Delta[s+](2) = 0.205821,	Delta[s+](3) = 0.322838,	Delta[s+](4) = 0.322838,	Delta[s+](5) = 0.205821,	Delta[s+](6) = 0.0868301,	Delta[s+](7) = 0.205821,	Delta[s+](8) = 0.205821,	Delta[s+](9) = 0.0868301,	Delta[s+](10) = 0.0284934,	Delta[s+](11) = 0.0868301,	Delta[s+](12) = 0.322838,	Delta[s+](13) = 0.205821,	Delta[s+](14) = 0.0868301,	Delta[s+](15) = 0.205821
The 20-th iteration is completed.	|| time cost : 0h 4m 23.648s
********************************************************************************************************************
Start the 21 rounds of NGS-ED iteration
	effective electronic model is modified as: kinetic energy t = 0.826773
	                                           effective interaction Vq = [    -2.4,-2.19115,-2.02073,-2.19115,-2.19115,-2.02073, -2.0499,-2.02073,-2.02073, -2.0499,-2.39298, -2.0499,-2.19115,-2.02073, -2.0499,-2.02073]
	PARPACK diagonalization completed after 30 matrix-vector product operations.
	iteration results: : total energy is -65.122159 | electron energy -65.352941 + phonon energy 0.230781 | electron momentum kIdx = 10
The 21-th iteration is completed.	|| time cost : 0h 0m 27.445s
********************************************************************************************************************
Start the 22 rounds of NGS-ED iteration
	effective electronic model is modified as: kinetic energy t = 0.826773
	                                           effective interaction Vq = [    -2.4,-2.19115,-2.02073,-2.19115,-2.19115,-2.02073, -2.0499,-2.02073,-2.02073, -2.0499,-2.39298, -2.0499,-2.19115,-2.02073, -2.0499,-2.02073]
	PARPACK diagonalization completed after 30 matrix-vector product operations.
	iteration results: : total energy is -65.122159 | electron energy -65.352940 + phonon energy 0.230781 | electron momentum kIdx = 10
The 22-th iteration is completed.	|| time cost : 0h 0m 27.777s
********************************************************************************************************************
Start the 23 rounds of NGS-ED iteration
	effective electronic model is modified as: kinetic energy t = 0.826773
	                                           effective interaction Vq = [    -2.4,-2.19115,-2.02073,-2.19115,-2.19115,-2.02073, -2.0499,-2.02073,-2.02073, -2.0499,-2.39298, -2.0499,-2.19115,-2.02073, -2.0499,-2.02073]
	PARPACK diagonalization completed after 30 matrix-vector product operations.
	iteration results: : total energy is -65.122159 | electron energy -65.352940 + phonon energy 0.230781 | electron momentum kIdx = 10
The 23-th iteration is completed.	|| time cost : 0h 0m 27.427s
