SNEDics v3.4 Non-Gaussian ED ground state program		Start at Sat Oct  5 18:07:15 2019

parallized on 16 MPI threads  * 8 OpenMP threads = 128 total threads.
********************************************************************************************************************
********************************************************************************************************************

********************************************************************************************************************
System parameters and configurations
********************************************************************************************************************
Special program options are enabled: splitted diagonal Hamiltonian
********************************************************************************************************************
Read input file "model_params.in"
	Hubbard-Holstein model parameters : 	t = 1    U = 2    g = 0.1414    W = 0.2    t' = -0.3    
********************************************************************************************************************
Read input file "hilbertspace_params.in"
	Requested 16-site 2D lattice, with 14 electrons (7, 7)
	Boundary : Periodic		Hilbert space representation : momentum-space (restricted to kIdx = 0)
	Conservation: particle number[U(1)]      spin[U(1)]     momentum
********************************************************************************************************************

Cluster Positions:				Cluster symmetry group : D4
 x ... x ... x ... x .....                       x ... x ... x ... x .....
 |           |           :                       |           |           :
 |           |           :                       |           |           :
12    13    14    15     x                       1     5     6     5     x
 |           |           :                       |           |           :
 |           |           :                       |           |           :
 8 --- 9 ---10 ---11 --- x                       2 --- 6 ---10 --- 6 --- x
 |           |           :                       |           |           :
 |           |           :                       |           |           :
 4     5     6     7     x                       1     5     6     5     x
 |           |           :                       |           |           :
 |           |           :                       |           |           :
 0 --- 1 --- 2 --- 3 --- x                       0 --- 1 --- 2 --- 1 --- x
orbital number : 1
********************************************************************************************************************
Read input file "obs_params.in"
	Observable Type : Nq(All),   Sq(All),   N(All),   Delta[s](All),   Delta[d](All),   Delta[s+](All)
********************************************************************************************************************
** WARNING ** the input observables have non-local factors which have been reinterpreted. The total observable number is 96
********************************************************************************************************************


********************************************************************************************************************
Start calculating the non-Gaussian ED ground state
** WARNING ** Detected low phonon energy W < 10. The initial state will be prepared through a warm-up process.
********************************************************************************************************************
Start warm-up calculation for scaling factor 64
open output files: NGSEDWarmUpW12Obs.txt
********************************************************************************************************************
Start the 0 rounds of NGS-ED iteration
	effective electronic model is modified as: kinetic energy t = 1, t' = -0.3
	                                           effective interaction Vq = [-0,-0,-0,-0,-0,-0,-0,-0,-0,-0,-0,-0,-0,-0,-0,-0]
	first Hamiltonian is constructed, non-zero numbers = 2180116564
	PARPACK diagonalization completed after 60 matrix-vector product operations.
	iteration results: : total energy is -21.019084 | electron energy -21.019084 + phonon energy 0.000000 | electron momentum kIdx = 0
	Nq(0) = 12.25,	Nq(1) = 0.313869,	Nq(2) = 0.346648,	Nq(3) = 0.313869,	Nq(4) = 0.313869,	Nq(5) = 0.470666,	Nq(6) = 0.510415,	Nq(7) = 0.470666,	Nq(8) = 0.346648,	Nq(9) = 0.510415,	Nq(10) = 0.537772,	Nq(11) = 0.510415,	Nq(12) = 0.313869,	Nq(13) = 0.470666,	Nq(14) = 0.510415,	Nq(15) = 0.470666,	Sq(0) = -1.25623e-17,	Sq(1) = 0.42367,	Sq(2) = 0.397612,	Sq(3) = 0.42367,	Sq(4) = 0.42367,	Sq(5) = 0.79798,	Sq(6) = 0.737355,	Sq(7) = 0.79798,	Sq(8) = 0.397612,	Sq(9) = 0.737355,	Sq(10) = 0.707888,	Sq(11) = 0.737355,	Sq(12) = 0.42367,	Sq(13) = 0.79798,	Sq(14) = 0.737355,	Sq(15) = 0.79798,	N(0) = 1.96605,	N(1) = 1.96803,	N(2) = 1.93244,	N(3) = 1.96803,	N(4) = 1.96803,	N(5) = 0.0516262,	N(6) = 0.0205597,	N(7) = 0.0516262,	N(8) = 1.93244,	N(9) = 0.0205597,	N(10) = 0.00819647,	N(11) = 0.0205597,	N(12) = 1.96803,	N(13) = 0.0516262,	N(14) = 0.0205597,	N(15) = 0.0516262,	Delta[s](0) = 0.28861,	Delta[s](1) = 0.194883,	Delta[s](2) = 0.177443,	Delta[s](3) = 0.194883,	Delta[s](4) = 0.194883,	Delta[s](5) = 0.108685,	Delta[s](6) = 0.0989966,	Delta[s](7) = 0.108685,	Delta[s](8) = 0.177443,	Delta[s](9) = 0.0989966,	Delta[s](10) = 0.076678,	Delta[s](11) = 0.0989966,	Delta[s](12) = 0.194883,	Delta[s](13) = 0.108685,	Delta[s](14) = 0.0989966,	Delta[s](15) = 0.108685,	Delta[d](0) = 0.705431,	Delta[d](1) = 0.347418,	Delta[d](2) = 0.378533,	Delta[d](3) = 0.347418,	Delta[d](4) = 0.347418,	Delta[d](5) = 0.136942,	Delta[d](6) = 0.311445,	Delta[d](7) = 0.136942,	Delta[d](8) = 0.378533,	Delta[d](9) = 0.311445,	Delta[d](10) = 0.471397,	Delta[d](11) = 0.311445,	Delta[d](12) = 0.347418,	Delta[d](13) = 0.136942,	Delta[d](14) = 0.311445,	Delta[d](15) = 0.136942,	Delta[s+](0) = 0.541946,	Delta[s+](1) = 0.401813,	Delta[s+](2) = 0.378533,	Delta[s+](3) = 0.401813,	Delta[s+](4) = 0.401813,	Delta[s+](5) = 0.14412,	Delta[s+](6) = 0.071356,	Delta[s+](7) = 0.14412,	Delta[s+](8) = 0.378533,	Delta[s+](9) = 0.071356,	Delta[s+](10) = 0.00292317,	Delta[s+](11) = 0.071356,	Delta[s+](12) = 0.401813,	Delta[s+](13) = 0.14412,	Delta[s+](14) = 0.071356,	Delta[s+](15) = 0.14412
The 0-th iteration is completed.	|| time cost : 0h 6m 30.305s
********************************************************************************************************************
Start the 1 rounds of NGS-ED iteration
	effective electronic model is modified as: kinetic energy t = 0.996045, t' = -0.298825
	                                           effective interaction Vq = [-0.0922417,-0.0915209, -0.090928,-0.0915209,-0.0915209,-0.0917652,-0.0918048,-0.0917652, -0.090928,-0.0918048,-0.0922493,-0.0918048,-0.0915209,-0.0917652,-0.0918048,-0.0917652]
	PARPACK diagonalization completed after 30 matrix-vector product operations.
	iteration results: : total energy is -22.640701 | electron energy -22.640723 + phonon energy 0.000023 | electron momentum kIdx = 0
The 1-th iteration is completed.	|| time cost : 0h 5m 39.522s
********************************************************************************************************************
Start the 2 rounds of NGS-ED iteration
	effective electronic model is modified as: kinetic energy t = 0.993642, t' = -0.29812
	                                           effective interaction Vq = [-0.0993724, -0.098931,-0.0984953, -0.098931, -0.098931,-0.0990929,-0.0991161,-0.0990929,-0.0984953,-0.0991161, -0.099376,-0.0991161, -0.098931,-0.0990929,-0.0991161,-0.0990929]
	PARPACK diagonalization completed after 30 matrix-vector product operations.
	iteration results: : total energy is -22.714118 | electron energy -22.714239 + phonon energy 0.000121 | electron momentum kIdx = 0
The 2-th iteration is completed.	|| time cost : 0h 0m 22.486s
********************************************************************************************************************
Start the 3 rounds of NGS-ED iteration
	effective electronic model is modified as: kinetic energy t = 0.992901, t' = -0.297906
	                                           effective interaction Vq = [-0.0999236,-0.0997024,-0.0994002,-0.0997024,-0.0997024,-0.0997967,-0.0998087,-0.0997967,-0.0994002,-0.0998087,-0.0999242,-0.0998087,-0.0997024,-0.0997967,-0.0998087,-0.0997967]
	PARPACK diagonalization completed after 30 matrix-vector product operations.
	iteration results: : total energy is -22.706468 | electron energy -22.706652 + phonon energy 0.000184 | electron momentum kIdx = 0
The 3-th iteration is completed.	|| time cost : 0h 0m 22.524s
********************************************************************************************************************
Start the 4 rounds of NGS-ED iteration
	effective electronic model is modified as: kinetic energy t = 0.992695, t' = -0.297847
	                                           effective interaction Vq = [-0.0999662,-0.0998226,-0.0995641,-0.0998226,-0.0998226,-0.0998937,-0.0999021,-0.0998937,-0.0995641,-0.0999021,-0.0999663,-0.0999021,-0.0998226,-0.0998937,-0.0999021,-0.0998937]
	PARPACK diagonalization completed after 30 matrix-vector product operations.
	iteration results: : total energy is -22.702349 | electron energy -22.702554 + phonon energy 0.000206 | electron momentum kIdx = 0
The 4-th iteration is completed.	|| time cost : 0h 0m 22.477s
********************************************************************************************************************
Start the 5 rounds of NGS-ED iteration
	effective electronic model is modified as: kinetic energy t = 0.992639, t' = -0.297831
	                                           effective interaction Vq = [-0.0999695,-0.0998486,-0.0996016,-0.0998486,-0.0998486,-0.0999132,-0.0999204,-0.0999132,-0.0996016,-0.0999204,-0.0999695,-0.0999204,-0.0998486,-0.0999132,-0.0999204,-0.0999132]
	PARPACK diagonalization completed after 30 matrix-vector product operations.
	iteration results: : total energy is -22.701085 | electron energy -22.701298 + phonon energy 0.000212 | electron momentum kIdx = 0
The 5-th iteration is completed.	|| time cost : 0h 0m 22.509s
********************************************************************************************************************
Start the 6 rounds of NGS-ED iteration
	effective electronic model is modified as: kinetic energy t = 0.992624, t' = -0.297827
	                                           effective interaction Vq = [-0.0999698,-0.0998551, -0.099611,-0.0998551,-0.0998551,-0.0999179,-0.0999249,-0.0999179, -0.099611,-0.0999249,-0.0999698,-0.0999249,-0.0998551,-0.0999179,-0.0999249,-0.0999179]
	PARPACK diagonalization completed after 30 matrix-vector product operations.
	iteration results: : total energy is -22.700734 | electron energy -22.700948 + phonon energy 0.000214 | electron momentum kIdx = 0
	Nq(0) = 12.25,	Nq(1) = 0.319698,	Nq(2) = 0.349456,	Nq(3) = 0.319698,	Nq(4) = 0.319698,	Nq(5) = 0.483506,	Nq(6) = 0.520842,	Nq(7) = 0.483506,	Nq(8) = 0.349456,	Nq(9) = 0.520842,	Nq(10) = 0.546227,	Nq(11) = 0.520842,	Nq(12) = 0.319698,	Nq(13) = 0.483506,	Nq(14) = 0.520842,	Nq(15) = 0.483506,	Sq(0) = -1.28237e-17,	Sq(1) = 0.420068,	Sq(2) = 0.396029,	Sq(3) = 0.420068,	Sq(4) = 0.420068,	Sq(5) = 0.781957,	Sq(6) = 0.727115,	Sq(7) = 0.781957,	Sq(8) = 0.396029,	Sq(9) = 0.727115,	Sq(10) = 0.700055,	Sq(11) = 0.727115,	Sq(12) = 0.420068,	Sq(13) = 0.781957,	Sq(14) = 0.727115,	Sq(15) = 0.781957,	N(0) = 1.97188,	N(1) = 1.97354,	N(2) = 1.94373,	N(3) = 1.97354,	N(4) = 1.97354,	N(5) = 0.0430389,	N(6) = 0.0169095,	N(7) = 0.0430389,	N(8) = 1.94373,	N(9) = 0.0169095,	N(10) = 0.00671667,	N(11) = 0.0169095,	N(12) = 1.97354,	N(13) = 0.0430389,	N(14) = 0.0169095,	N(15) = 0.0430389,	Delta[s](0) = 0.297268,	Delta[s](1) = 0.199239,	Delta[s](2) = 0.183057,	Delta[s](3) = 0.199239,	Delta[s](4) = 0.199239,	Delta[s](5) = 0.111058,	Delta[s](6) = 0.102335,	Delta[s](7) = 0.111058,	Delta[s](8) = 0.183057,	Delta[s](9) = 0.102335,	Delta[s](10) = 0.0817494,	Delta[s](11) = 0.102335,	Delta[s](12) = 0.199239,	Delta[s](13) = 0.111058,	Delta[s](14) = 0.102335,	Delta[s](15) = 0.111058,	Delta[d](0) = 0.70956,	Delta[d](1) = 0.349793,	Delta[d](2) = 0.378262,	Delta[d](3) = 0.349793,	Delta[d](4) = 0.349793,	Delta[d](5) = 0.135689,	Delta[d](6) = 0.311643,	Delta[d](7) = 0.135689,	Delta[d](8) = 0.378262,	Delta[d](9) = 0.311643,	Delta[d](10) = 0.474781,	Delta[d](11) = 0.311643,	Delta[d](12) = 0.349793,	Delta[d](13) = 0.135689,	Delta[d](14) = 0.311643,	Delta[d](15) = 0.135689,	Delta[s+](0) = 0.538046,	Delta[s+](1) = 0.399213,	Delta[s+](2) = 0.378262,	Delta[s+](3) = 0.399213,	Delta[s+](4) = 0.399213,	Delta[s+](5) = 0.142293,	Delta[s+](6) = 0.0708436,	Delta[s+](7) = 0.142293,	Delta[s+](8) = 0.378262,	Delta[s+](9) = 0.0708436,	Delta[s+](10) = 0.00300765,	Delta[s+](11) = 0.0708436,	Delta[s+](12) = 0.399213,	Delta[s+](13) = 0.142293,	Delta[s+](14) = 0.0708436,	Delta[s+](15) = 0.142293
The 6-th iteration is completed.	|| time cost : 0h 3m 27.039s
********************************************************************************************************************
********************************************************************************************************************
Ground state is obtained after 7 iterations. The current ground-state energy is -22.7007, in which electron energy is -22.7009 and phonon energy is 0.000213863
final variational state is: 
	Gamma_x = [      1,1.00099,1.00188,1.00099,1.00099,1.00186,1.00272,1.00186,1.00188,1.00272,1.00355,1.00272,1.00099,1.00186,1.00272,1.00186]
	lambda_q = [0.0883636,0.0854034,0.0830978,0.0854034,0.0854034,0.0863857,0.0865261,0.0863857,0.0830978,0.0865261,0.0883639,0.0865261,0.0854034,0.0863857,0.0865261,0.0863857]
********************************************************************************************************************
o___o  ----------------------------------------
| L |	Time since last clock: 0h 0m 0s
A===A	Time since the beginning: 0h 17m 6.865s
***********************************************

********************************************************************************************************************
Start warm-up calculation for scaling factor 32
open output files: NGSEDWarmUpW6Obs.txt
********************************************************************************************************************
Start the 0 rounds of NGS-ED iteration
	effective electronic model is modified as: kinetic energy t = 0.99262, t' = -0.297826
	                                           effective interaction Vq = [-0.0913884,-0.0899449,-0.0887428,-0.0899449,-0.0899449,-0.0904363,-0.0905056,-0.0904363,-0.0887428,-0.0905056,-0.0913886,-0.0905056,-0.0899449,-0.0904363,-0.0905056,-0.0904363]
	PARPACK diagonalization completed after 30 matrix-vector product operations.
	iteration results: : total energy is -22.532762 | electron energy -22.532869 + phonon energy 0.000107 | electron momentum kIdx = 0
	Nq(0) = 12.25,	Nq(1) = 0.319074,	Nq(2) = 0.349108,	Nq(3) = 0.319074,	Nq(4) = 0.319074,	Nq(5) = 0.482176,	Nq(6) = 0.519782,	Nq(7) = 0.482176,	Nq(8) = 0.349108,	Nq(9) = 0.519782,	Nq(10) = 0.545473,	Nq(11) = 0.519782,	Nq(12) = 0.319074,	Nq(13) = 0.482176,	Nq(14) = 0.519782,	Nq(15) = 0.482176,	Sq(0) = 1.2891e-17,	Sq(1) = 0.420449,	Sq(2) = 0.396202,	Sq(3) = 0.420449,	Sq(4) = 0.420449,	Sq(5) = 0.783604,	Sq(6) = 0.728176,	Sq(7) = 0.783604,	Sq(8) = 0.396202,	Sq(9) = 0.728176,	Sq(10) = 0.700863,	Sq(11) = 0.728176,	Sq(12) = 0.420449,	Sq(13) = 0.783604,	Sq(14) = 0.728176,	Sq(15) = 0.783604,	N(0) = 1.97131,	N(1) = 1.97299,	N(2) = 1.94261,	N(3) = 1.97299,	N(4) = 1.97299,	N(5) = 0.043893,	N(6) = 0.0172692,	N(7) = 0.043893,	N(8) = 1.94261,	N(9) = 0.0172692,	N(10) = 0.00686355,	N(11) = 0.0172692,	N(12) = 1.97299,	N(13) = 0.043893,	N(14) = 0.0172692,	N(15) = 0.043893,	Delta[s](0) = 0.294403,	Delta[s](1) = 0.198129,	Delta[s](2) = 0.182028,	Delta[s](3) = 0.198129,	Delta[s](4) = 0.198129,	Delta[s](5) = 0.111329,	Delta[s](6) = 0.102622,	Delta[s](7) = 0.111329,	Delta[s](8) = 0.182028,	Delta[s](9) = 0.102622,	Delta[s](10) = 0.0821308,	Delta[s](11) = 0.102622,	Delta[s](12) = 0.198129,	Delta[s](13) = 0.111329,	Delta[s](14) = 0.102622,	Delta[s](15) = 0.111329,	Delta[d](0) = 0.706545,	Delta[d](1) = 0.348926,	Delta[d](2) = 0.37759,	Delta[d](3) = 0.348926,	Delta[d](4) = 0.348926,	Delta[d](5) = 0.13635,	Delta[d](6) = 0.311259,	Delta[d](7) = 0.13635,	Delta[d](8) = 0.37759,	Delta[d](9) = 0.311259,	Delta[d](10) = 0.473411,	Delta[d](11) = 0.311259,	Delta[d](12) = 0.348926,	Delta[d](13) = 0.13635,	Delta[d](14) = 0.311259,	Delta[d](15) = 0.13635,	Delta[s+](0) = 0.537421,	Delta[s+](1) = 0.398752,	Delta[s+](2) = 0.37759,	Delta[s+](3) = 0.398752,	Delta[s+](4) = 0.398752,	Delta[s+](5) = 0.142688,	Delta[s+](6) = 0.0713209,	Delta[s+](7) = 0.142688,	Delta[s+](8) = 0.37759,	Delta[s+](9) = 0.0713209,	Delta[s+](10) = 0.00347897,	Delta[s+](11) = 0.0713209,	Delta[s+](12) = 0.398752,	Delta[s+](13) = 0.142688,	Delta[s+](14) = 0.0713209,	Delta[s+](15) = 0.142688
The 0-th iteration is completed.	|| time cost : 0h 3m 23.157s
********************************************************************************************************************
Start the 1 rounds of NGS-ED iteration
	effective electronic model is modified as: kinetic energy t = 0.989649, t' = -0.296968
	                                           effective interaction Vq = [-0.0975839,-0.0962955, -0.095113,-0.0962955,-0.0962955,-0.0967585,-0.0968268,-0.0967585, -0.095113,-0.0968268,-0.0976011,-0.0968268,-0.0962955,-0.0967585,-0.0968268,-0.0967585]
	PARPACK diagonalization completed after 30 matrix-vector product operations.
	iteration results: : total energy is -22.573201 | electron energy -22.573672 + phonon energy 0.000471 | electron momentum kIdx = 0
The 1-th iteration is completed.	|| time cost : 0h 0m 22.563s
********************************************************************************************************************
Start the 2 rounds of NGS-ED iteration
	effective electronic model is modified as: kinetic energy t = 0.987948, t' = -0.296483
	                                           effective interaction Vq = [-0.0993064,-0.0983159,-0.0972638,-0.0983159,-0.0983159,-0.0986968,-0.0987514,-0.0986968,-0.0972638,-0.0987514,-0.0993187,-0.0987514,-0.0983159,-0.0986968,-0.0987514,-0.0986968]
	PARPACK diagonalization completed after 30 matrix-vector product operations.
	iteration results: : total energy is -22.562994 | electron energy -22.563849 + phonon energy 0.000856 | electron momentum kIdx = 0
The 2-th iteration is completed.	|| time cost : 0h 0m 22.76s
********************************************************************************************************************
Start the 3 rounds of NGS-ED iteration
	effective electronic model is modified as: kinetic energy t = 0.987034, t' = -0.296225
	                                           effective interaction Vq = [-0.0997854,-0.0990334,-0.0980851,-0.0990334,-0.0990334,-0.0993478,-0.0993905,-0.0993478,-0.0980851,-0.0993905,-0.0997913,-0.0993905,-0.0990334,-0.0993478,-0.0993905,-0.0993478]
	PARPACK diagonalization completed after 30 matrix-vector product operations.
	iteration results: : total energy is -22.549451 | electron energy -22.550592 + phonon energy 0.001140 | electron momentum kIdx = 0
The 3-th iteration is completed.	|| time cost : 0h 0m 22.585s
********************************************************************************************************************
Start the 4 rounds of NGS-ED iteration
	effective electronic model is modified as: kinetic energy t = 0.986556, t' = -0.296092
	                                           effective interaction Vq = [-0.0999185,-0.0993184,-0.0984314,-0.0993184,-0.0993184,-0.0995914,-0.0996266,-0.0995914,-0.0984314,-0.0996266, -0.099921,-0.0996266,-0.0993184,-0.0995914,-0.0996266,-0.0995914]
	PARPACK diagonalization completed after 30 matrix-vector product operations.
	iteration results: : total energy is -22.540291 | electron energy -22.541609 + phonon energy 0.001318 | electron momentum kIdx = 0
The 4-th iteration is completed.	|| time cost : 0h 0m 22.547s
********************************************************************************************************************
Start the 5 rounds of NGS-ED iteration
	effective electronic model is modified as: kinetic energy t = 0.986309, t' = -0.296024
	                                           effective interaction Vq = [-0.0999555,-0.0994425,-0.0985872,-0.0994425,-0.0994425,-0.0996926,-0.0997235,-0.0996926,-0.0985872,-0.0997235,-0.0999565,-0.0997235,-0.0994425,-0.0996926,-0.0997235,-0.0996926]
	PARPACK diagonalization completed after 30 matrix-vector product operations.
	iteration results: : total energy is -22.535009 | electron energy -22.536429 + phonon energy 0.001420 | electron momentum kIdx = 0
The 5-th iteration is completed.	|| time cost : 0h 0m 22.457s
********************************************************************************************************************
Start the 6 rounds of NGS-ED iteration
	effective electronic model is modified as: kinetic energy t = 0.986182, t' = -0.29599
	                                           effective interaction Vq = [-0.0999658,-0.0995002,-0.0986601,-0.0995002,-0.0995002,-0.0997382,-0.0997669,-0.0997382,-0.0986601,-0.0997669,-0.0999662,-0.0997669,-0.0995002,-0.0997382,-0.0997669,-0.0997382]
	PARPACK diagonalization completed after 30 matrix-vector product operations.
	iteration results: : total energy is -22.532151 | electron energy -22.533626 + phonon energy 0.001475 | electron momentum kIdx = 0
The 6-th iteration is completed.	|| time cost : 0h 0m 22.723s
********************************************************************************************************************
Start the 7 rounds of NGS-ED iteration
	effective electronic model is modified as: kinetic energy t = 0.986118, t' = -0.295972
	                                           effective interaction Vq = [-0.0999687, -0.099528,-0.0986948, -0.099528, -0.099528,  -0.09976,-0.0997874,  -0.09976,-0.0986948,-0.0997874,-0.0999688,-0.0997874, -0.099528,  -0.09976,-0.0997874,  -0.09976]
	PARPACK diagonalization completed after 30 matrix-vector product operations.
	iteration results: : total energy is -22.530648 | electron energy -22.532152 + phonon energy 0.001504 | electron momentum kIdx = 0
The 7-th iteration is completed.	|| time cost : 0h 0m 22.754s
********************************************************************************************************************
Start the 8 rounds of NGS-ED iteration
	effective electronic model is modified as: kinetic energy t = 0.986085, t' = -0.295964
	                                           effective interaction Vq = [-0.0999695,-0.0995417,-0.0987116,-0.0995417,-0.0995417,-0.0997706,-0.0997974,-0.0997706,-0.0987116,-0.0997974,-0.0999695,-0.0997974,-0.0995417,-0.0997706,-0.0997974,-0.0997706]
	PARPACK diagonalization completed after 30 matrix-vector product operations.
	iteration results: : total energy is -22.529869 | electron energy -22.531389 + phonon energy 0.001519 | electron momentum kIdx = 0
	Nq(0) = 12.25,	Nq(1) = 0.319306,	Nq(2) = 0.349239,	Nq(3) = 0.319306,	Nq(4) = 0.319306,	Nq(5) = 0.48266,	Nq(6) = 0.520159,	Nq(7) = 0.48266,	Nq(8) = 0.349239,	Nq(9) = 0.520159,	Nq(10) = 0.545694,	Nq(11) = 0.520159,	Nq(12) = 0.319306,	Nq(13) = 0.48266,	Nq(14) = 0.520159,	Nq(15) = 0.48266,	Sq(0) = 1.30948e-17,	Sq(1) = 0.420312,	Sq(2) = 0.396142,	Sq(3) = 0.420312,	Sq(4) = 0.420312,	Sq(5) = 0.783005,	Sq(6) = 0.727799,	Sq(7) = 0.783005,	Sq(8) = 0.396142,	Sq(9) = 0.727799,	Sq(10) = 0.700581,	Sq(11) = 0.727799,	Sq(12) = 0.420312,	Sq(13) = 0.783005,	Sq(14) = 0.727799,	Sq(15) = 0.783005,	N(0) = 1.97151,	N(1) = 1.97319,	N(2) = 1.94303,	N(3) = 1.97319,	N(4) = 1.97319,	N(5) = 0.0435779,	N(6) = 0.0171408,	N(7) = 0.0435779,	N(8) = 1.94303,	N(9) = 0.0171408,	N(10) = 0.00681108,	N(11) = 0.0171408,	N(12) = 1.97319,	N(13) = 0.0435779,	N(14) = 0.0171408,	N(15) = 0.0435779,	Delta[s](0) = 0.292714,	Delta[s](1) = 0.19761,	Delta[s](2) = 0.181777,	Delta[s](3) = 0.19761,	Delta[s](4) = 0.19761,	Delta[s](5) = 0.111944,	Delta[s](6) = 0.103397,	Delta[s](7) = 0.111944,	Delta[s](8) = 0.181777,	Delta[s](9) = 0.103397,	Delta[s](10) = 0.0832618,	Delta[s](11) = 0.103397,	Delta[s](12) = 0.19761,	Delta[s](13) = 0.111944,	Delta[s](14) = 0.103397,	Delta[s](15) = 0.111944,	Delta[d](0) = 0.703989,	Delta[d](1) = 0.348356,	Delta[d](2) = 0.376826,	Delta[d](3) = 0.348356,	Delta[d](4) = 0.348356,	Delta[d](5) = 0.136859,	Delta[d](6) = 0.310882,	Delta[d](7) = 0.136859,	Delta[d](8) = 0.376826,	Delta[d](9) = 0.310882,	Delta[d](10) = 0.472464,	Delta[d](11) = 0.310882,	Delta[d](12) = 0.348356,	Delta[d](13) = 0.136859,	Delta[d](14) = 0.310882,	Delta[d](15) = 0.136859,	Delta[s+](0) = 0.53619,	Delta[s+](1) = 0.397892,	Delta[s+](2) = 0.376826,	Delta[s+](3) = 0.397892,	Delta[s+](4) = 0.397892,	Delta[s+](5) = 0.14284,	Delta[s+](6) = 0.0717273,	Delta[s+](7) = 0.14284,	Delta[s+](8) = 0.376826,	Delta[s+](9) = 0.0717273,	Delta[s+](10) = 0.00396142,	Delta[s+](11) = 0.0717273,	Delta[s+](12) = 0.397892,	Delta[s+](13) = 0.14284,	Delta[s+](14) = 0.0717273,	Delta[s+](15) = 0.14284
The 8-th iteration is completed.	|| time cost : 0h 3m 18.922s
********************************************************************************************************************
********************************************************************************************************************
Ground state is obtained after 9 iterations. The current ground-state energy is -22.5299, in which electron energy is -22.5314 and phonon energy is 0.00151941
final variational state is: 
	Gamma_x = [      1,1.00368,1.00664,1.00368,1.00368,1.00706,1.01032,1.00706,1.00664,1.01032,  1.014,1.01032,1.00368,1.00706,1.01032,1.00706]
	lambda_q = [0.124866,0.116868,0.111005,0.116868,0.116868,0.119478,0.119868,0.119478,0.111005,0.119868,0.124873,0.119868,0.116868,0.119478,0.119868,0.119478]
********************************************************************************************************************
o___o  ----------------------------------------
| L |	Time since last clock: 0h 0m 0s
A===A	Time since the beginning: 0h 26m 27.335s
***********************************************

********************************************************************************************************************
Start warm-up calculation for scaling factor 16
open output files: NGSEDWarmUpW3Obs.txt
********************************************************************************************************************
Start the 0 rounds of NGS-ED iteration
	effective electronic model is modified as: kinetic energy t = 0.986068, t' = -0.295959
	                                           effective interaction Vq = [-0.0913555,-0.0884949,-0.0861382,-0.0884949,-0.0884949,-0.0894735, -0.089616,-0.0894735,-0.0861382, -0.089616, -0.091358, -0.089616,-0.0884949,-0.0894735, -0.089616,-0.0894735]
	PARPACK diagonalization completed after 30 matrix-vector product operations.
	iteration results: : total energy is -22.356096 | electron energy -22.356859 + phonon energy 0.000764 | electron momentum kIdx = 0
	Nq(0) = 12.25,	Nq(1) = 0.318606,	Nq(2) = 0.34882,	Nq(3) = 0.318606,	Nq(4) = 0.318606,	Nq(5) = 0.481207,	Nq(6) = 0.519007,	Nq(7) = 0.481207,	Nq(8) = 0.34882,	Nq(9) = 0.519007,	Nq(10) = 0.544949,	Nq(11) = 0.519007,	Nq(12) = 0.318606,	Nq(13) = 0.481207,	Nq(14) = 0.519007,	Nq(15) = 0.481207,	Sq(0) = -1.28901e-17,	Sq(1) = 0.42073,	Sq(2) = 0.396332,	Sq(3) = 0.42073,	Sq(4) = 0.42073,	Sq(5) = 0.784806,	Sq(6) = 0.728965,	Sq(7) = 0.784806,	Sq(8) = 0.396332,	Sq(9) = 0.728965,	Sq(10) = 0.701467,	Sq(11) = 0.728965,	Sq(12) = 0.42073,	Sq(13) = 0.784806,	Sq(14) = 0.728965,	Sq(15) = 0.784806,	N(0) = 1.97088,	N(1) = 1.97258,	N(2) = 1.9418,	N(3) = 1.97258,	N(4) = 1.97258,	N(5) = 0.0445205,	N(6) = 0.0175377,	N(7) = 0.0445205,	N(8) = 1.9418,	N(9) = 0.0175377,	N(10) = 0.00697392,	N(11) = 0.0175377,	N(12) = 1.97258,	N(13) = 0.0445205,	N(14) = 0.0175377,	N(15) = 0.0445205,	Delta[s](0) = 0.289801,	Delta[s](1) = 0.196464,	Delta[s](2) = 0.1807,	Delta[s](3) = 0.196464,	Delta[s](4) = 0.196464,	Delta[s](5) = 0.112181,	Delta[s](6) = 0.103641,	Delta[s](7) = 0.112181,	Delta[s](8) = 0.1807,	Delta[s](9) = 0.103641,	Delta[s](10) = 0.083589,	Delta[s](11) = 0.103641,	Delta[s](12) = 0.196464,	Delta[s](13) = 0.112181,	Delta[s](14) = 0.103641,	Delta[s](15) = 0.112181,	Delta[d](0) = 0.700924,	Delta[d](1) = 0.347458,	Delta[d](2) = 0.376136,	Delta[d](3) = 0.347458,	Delta[d](4) = 0.347458,	Delta[d](5) = 0.137525,	Delta[d](6) = 0.310489,	Delta[d](7) = 0.137525,	Delta[d](8) = 0.376136,	Delta[d](9) = 0.310489,	Delta[d](10) = 0.471061,	Delta[d](11) = 0.310489,	Delta[d](12) = 0.347458,	Delta[d](13) = 0.137525,	Delta[d](14) = 0.310489,	Delta[d](15) = 0.137525,	Delta[s+](0) = 0.535575,	Delta[s+](1) = 0.39744,	Delta[s+](2) = 0.376136,	Delta[s+](3) = 0.39744,	Delta[s+](4) = 0.39744,	Delta[s+](5) = 0.14325,	Delta[s+](6) = 0.0721988,	Delta[s+](7) = 0.14325,	Delta[s+](8) = 0.376136,	Delta[s+](9) = 0.0721988,	Delta[s+](10) = 0.00441899,	Delta[s+](11) = 0.0721988,	Delta[s+](12) = 0.39744,	Delta[s+](13) = 0.14325,	Delta[s+](14) = 0.0721988,	Delta[s+](15) = 0.14325
The 0-th iteration is completed.	|| time cost : 0h 3m 21.783s
********************************************************************************************************************
Start the 1 rounds of NGS-ED iteration
	effective electronic model is modified as: kinetic energy t = 0.983091, t' = -0.295124
	                                           effective interaction Vq = [-0.0954275,-0.0925721,-0.0900576,-0.0925721,-0.0925721,-0.0935964,-0.0937553,-0.0935964,-0.0900576,-0.0937553,-0.0954818,-0.0937553,-0.0925721,-0.0935964,-0.0937553,-0.0935964]
	PARPACK diagonalization completed after 30 matrix-vector product operations.
	iteration results: : total energy is -22.355200 | electron energy -22.357130 + phonon energy 0.001930 | electron momentum kIdx = 0
The 1-th iteration is completed.	|| time cost : 0h 0m 22.585s
********************************************************************************************************************
Start the 2 rounds of NGS-ED iteration
	effective electronic model is modified as: kinetic energy t = 0.98084, t' = -0.294499
	                                           effective interaction Vq = [-0.0975747,-0.0948858,-0.0923334,-0.0948858,-0.0948858,-0.0958942,-0.0960533,-0.0958942,-0.0923334,-0.0960533,-0.0976427,-0.0960533,-0.0948858,-0.0958942,-0.0960533,-0.0958942]
	PARPACK diagonalization completed after 30 matrix-vector product operations.
	iteration results: : total energy is -22.337410 | electron energy -22.340700 + phonon energy 0.003291 | electron momentum kIdx = 0
The 2-th iteration is completed.	|| time cost : 0h 0m 22.792s
********************************************************************************************************************
Start the 3 rounds of NGS-ED iteration
	effective electronic model is modified as: kinetic energy t = 0.979184, t' = -0.294045
	                                           effective interaction Vq = [-0.0987069,-0.0962414,-0.0937006,-0.0962414,-0.0962414,-0.0972085,-0.0973598,-0.0972085,-0.0937006,-0.0973598,-0.0987682,-0.0973598,-0.0962414,-0.0972085,-0.0973598,-0.0972085]
	PARPACK diagonalization completed after 30 matrix-vector product operations.
	iteration results: : total energy is -22.316110 | electron energy -22.320740 + phonon energy 0.004630 | electron momentum kIdx = 0
The 3-th iteration is completed.	|| time cost : 0h 0m 22.609s
********************************************************************************************************************
Start the 4 rounds of NGS-ED iteration
	effective electronic model is modified as: kinetic energy t = 0.977986, t' = -0.29372
	                                           effective interaction Vq = [-0.0993039,-0.0970612,-0.0945463,-0.0970612,-0.0970612, -0.097982,-0.0981232, -0.097982,-0.0945463,-0.0981232,-0.0993514,-0.0981232,-0.0970612, -0.097982,-0.0981232, -0.097982]
	PARPACK diagonalization completed after 30 matrix-vector product operations.
	iteration results: : total energy is -22.296631 | electron energy -22.302454 + phonon energy 0.005822 | electron momentum kIdx = 0
The 4-th iteration is completed.	|| time cost : 0h 0m 22.55s
********************************************************************************************************************
Start the 5 rounds of NGS-ED iteration
	effective electronic model is modified as: kinetic energy t = 0.977129, t' = -0.293489
	                                           effective interaction Vq = [-0.0996187,-0.0975716,-0.0950818,-0.0975716,-0.0975716,-0.0984507,-0.0985822,-0.0984507,-0.0950818,-0.0985822,-0.0996524,-0.0985822,-0.0975716,-0.0984507,-0.0985822,-0.0984507]
	PARPACK diagonalization completed after 30 matrix-vector product operations.
	iteration results: : total energy is -22.280633 | electron energy -22.287449 + phonon energy 0.006815 | electron momentum kIdx = 0
The 5-th iteration is completed.	|| time cost : 0h 0m 22.51s
********************************************************************************************************************
Start the 6 rounds of NGS-ED iteration
	effective electronic model is modified as: kinetic energy t = 0.97652, t' = -0.293326
	                                           effective interaction Vq = [-0.0997846,-0.0978976,-0.0954271,-0.0978976,-0.0978976, -0.098743,-0.0988661, -0.098743,-0.0954271,-0.0988661,-0.0998073,-0.0988661,-0.0978976, -0.098743,-0.0988661, -0.098743]
	PARPACK diagonalization completed after 30 matrix-vector product operations.
	iteration results: : total energy is -22.268209 | electron energy -22.275814 + phonon energy 0.007605 | electron momentum kIdx = 0
The 6-th iteration is completed.	|| time cost : 0h 0m 22.557s
********************************************************************************************************************
Start the 7 rounds of NGS-ED iteration
	effective electronic model is modified as: kinetic energy t = 0.976088, t' = -0.293212
	                                           effective interaction Vq = [-0.0998722,-0.0981103,-0.0956527,-0.0981103,-0.0981103,-0.0989299,-0.0990464,-0.0989299,-0.0956527,-0.0990464,-0.0998867,-0.0990464,-0.0981103,-0.0989299,-0.0990464,-0.0989299]
	PARPACK diagonalization completed after 30 matrix-vector product operations.
	iteration results: : total energy is -22.258874 | electron energy -22.267086 + phonon energy 0.008212 | electron momentum kIdx = 0
The 7-th iteration is completed.	|| time cost : 0h 0m 22.759s
********************************************************************************************************************
Start the 8 rounds of NGS-ED iteration
	effective electronic model is modified as: kinetic energy t = 0.975784, t' = -0.293132
	                                           effective interaction Vq = [-0.0999183,-0.0982515,-0.0958016,-0.0982515,-0.0982515,-0.0990521,-0.0991635,-0.0990521,-0.0958016,-0.0991635,-0.0999273,-0.0991635,-0.0982515,-0.0990521,-0.0991635,-0.0990521]
	PARPACK diagonalization completed after 30 matrix-vector product operations.
	iteration results: : total energy is -22.252006 | electron energy -22.260675 + phonon energy 0.008668 | electron momentum kIdx = 0
The 8-th iteration is completed.	|| time cost : 0h 0m 22.716s
********************************************************************************************************************
Start the 9 rounds of NGS-ED iteration
	effective electronic model is modified as: kinetic energy t = 0.975569, t' = -0.293076
	                                           effective interaction Vq = [-0.0999427,-0.0983463,-0.0959005,-0.0983463,-0.0983463,-0.0991334,-0.0992411,-0.0991334,-0.0959005,-0.0992411,-0.0999481,-0.0992411,-0.0983463,-0.0991334,-0.0992411,-0.0991334]
	PARPACK diagonalization completed after 30 matrix-vector product operations.
	iteration results: : total energy is -22.247023 | electron energy -22.256028 + phonon energy 0.009005 | electron momentum kIdx = 0
The 9-th iteration is completed.	|| time cost : 0h 0m 22.449s
********************************************************************************************************************
Start the 10 rounds of NGS-ED iteration
	effective electronic model is modified as: kinetic energy t = 0.975419, t' = -0.293037
	                                           effective interaction Vq = [-0.0999555,-0.0984107,-0.0959666,-0.0984107,-0.0984107,-0.0991883,-0.0992932,-0.0991883,-0.0959666,-0.0992932,-0.0999587,-0.0992932,-0.0984107,-0.0991883,-0.0992932,-0.0991883]
	PARPACK diagonalization completed after 30 matrix-vector product operations.
	iteration results: : total energy is -22.243441 | electron energy -22.252692 + phonon energy 0.009250 | electron momentum kIdx = 0
The 10-th iteration is completed.	|| time cost : 0h 0m 22.704s
********************************************************************************************************************
Start the 11 rounds of NGS-ED iteration
	effective electronic model is modified as: kinetic energy t = 0.975312, t' = -0.29301
	                                           effective interaction Vq = [-0.0999623,-0.0984546,-0.0960108,-0.0984546,-0.0984546,-0.0992257,-0.0993287,-0.0992257,-0.0960108,-0.0993287,-0.0999642,-0.0993287,-0.0984546,-0.0992257,-0.0993287,-0.0992257]
	PARPACK diagonalization completed after 30 matrix-vector product operations.
	iteration results: : total energy is -22.240883 | electron energy -22.250311 + phonon energy 0.009428 | electron momentum kIdx = 0
The 11-th iteration is completed.	|| time cost : 0h 0m 22.45s
********************************************************************************************************************
Start the 12 rounds of NGS-ED iteration
	effective electronic model is modified as: kinetic energy t = 0.975238, t' = -0.292991
	                                           effective interaction Vq = [-0.0999658,-0.0984848,-0.0960405,-0.0984848,-0.0984848,-0.0992515, -0.099353,-0.0992515,-0.0960405, -0.099353,-0.0999669, -0.099353,-0.0984848,-0.0992515, -0.099353,-0.0992515]
	PARPACK diagonalization completed after 30 matrix-vector product operations.
	iteration results: : total energy is -22.239065 | electron energy -22.248620 + phonon energy 0.009555 | electron momentum kIdx = 0
The 12-th iteration is completed.	|| time cost : 0h 0m 22.543s
********************************************************************************************************************
Start the 13 rounds of NGS-ED iteration
	effective electronic model is modified as: kinetic energy t = 0.975186, t' = -0.292978
	                                           effective interaction Vq = [-0.0999677,-0.0985056,-0.0960605,-0.0985056,-0.0985056,-0.0992694,-0.0993698,-0.0992694,-0.0960605,-0.0993698,-0.0999683,-0.0993698,-0.0985056,-0.0992694,-0.0993698,-0.0992694]
	PARPACK diagonalization completed after 30 matrix-vector product operations.
	iteration results: : total energy is -22.237777 | electron energy -22.247423 + phonon energy 0.009646 | electron momentum kIdx = 0
The 13-th iteration is completed.	|| time cost : 0h 0m 22.486s
********************************************************************************************************************
Start the 14 rounds of NGS-ED iteration
	effective electronic model is modified as: kinetic energy t = 0.975149, t' = -0.292969
	                                           effective interaction Vq = [-0.0999687,  -0.09852, -0.096074,  -0.09852,  -0.09852,-0.0992817,-0.0993814,-0.0992817, -0.096074,-0.0993814,-0.0999691,-0.0993814,  -0.09852,-0.0992817,-0.0993814,-0.0992817]
	PARPACK diagonalization completed after 30 matrix-vector product operations.
	iteration results: : total energy is -22.236867 | electron energy -22.246577 + phonon energy 0.009710 | electron momentum kIdx = 0
