SNEDics v3.22.2 Non-Gaussian ED ground state program		Start at Sun Apr 24 09:44:42 2022

Parallelization: 32 MPI threads  * 8 OpenMP threads = 256 total threads.
********************************************************************************************************************
********************************************************************************************************************

********************************************************************************************************************
System parameters and configurations
	special program options are enabled: splitted diagonal Hamiltonian | splitted Hamiltonian terms
********************************************************************************************************************
Read input file "model_params.in"
	Hubbard-Holstein model parameters : 	t = 1    U = 8    g = 0.2    W = 0.2    
********************************************************************************************************************
Read input file "hilbertspace_params.in"
	Requested 16-site 2D lattice, with 8 electrons (4, 4)
	Boundary : Periodic		Hilbert space representation : momentum-space (restricted to kIdx = 0)
	Conservation: particle number[U(1)]      spin[U(1)]     momentum
********************************************************************************************************************

Cluster Positions:				Cluster symmetry group : D4
 x ... x ... x ... x .....                       x ... x ... x ... x .....
 |           |           :                       |           |           :
 |           |           :                       |           |           :
12    13    14    15     x                       1     5     6     5     x
 |           |           :                       |           |           :
 |           |           :                       |           |           :
 8 --- 9 ---10 ---11 --- x                       2 --- 6 ---10 --- 6 --- x
 |           |           :                       |           |           :
 |           |           :                       |           |           :
 4     5     6     7     x                       1     5     6     5     x
 |           |           :                       |           |           :
 |           |           :                       |           |           :
 0 --- 1 --- 2 --- 3 --- x                       0 --- 1 --- 2 --- 1 --- x
orbital number : 1
********************************************************************************************************************
Read input file "obs_params.in"
	Observable Type : Nq(All),   Sq(All),   N(All-Orbital),   Delta[s](All),   Delta[d](All),   Delta[s+](All)
** WARNING ** the input observables have non-local factors which have been reinterpreted. The total observable number is 96
********************************************************************************************************************


********************************************************************************************************************
Start calculating the non-Gaussian ED ground state
Maximal iteration number is 1000; energy resolution is 1e-06. Phonon state relaxation time is 2000
W = 0.2 is relatively large. The non-Gaussian ED calculation starts directly.
open output files: NGSED_iteration_observables.txt
********************************************************************************************************************
Start the 0 rounds of NGS-ED iteration
	effective electronic model is modified as: kinetic energy t = 1
	                                           effective interaction Vq = [0,0,0,0,0,0,0,0,0,0,0,0,0,0,0,0]
	first Hamiltonian is constructed, size = 207184 and non-zero numbers = 32207050
	PARPACK diagonalization completed after 75 matrix-vector product operations.
	iteration results: : total energy is -16.460627 | electron energy -16.460627 + phonon energy 0.000000 | electron momentum kIdx = 0
	Nq(0) = 4,	Nq(1) = 0.217892,	Nq(2) = 0.275693,	Nq(3) = 0.217892,	Nq(4) = 0.217892,	Nq(5) = 0.260941,	
	Nq(6) = 0.370592,	Nq(7) = 0.260941,	Nq(8) = 0.275693,	Nq(9) = 0.370592,	Nq(10) = 0.4202,	
	Nq(11) = 0.370592,	Nq(12) = 0.217892,	Nq(13) = 0.260941,	Nq(14) = 0.370592,	Nq(15) = 0.260941;	
	Sq(0) = 2.57535e-18,	Sq(1) = 0.41044,	Sq(2) = 0.343979,	Sq(3) = 0.41044,	Sq(4) = 0.41044,	
	Sq(5) = 0.572101,	Sq(6) = 0.615629,	Sq(7) = 0.572101,	Sq(8) = 0.343979,	Sq(9) = 0.615629,	
	Sq(10) = 0.550078,	Sq(11) = 0.615629,	Sq(12) = 0.41044,	Sq(13) = 0.572101,	Sq(14) = 0.615629,	
	Sq(15) = 0.572101;	N(0) = 1.82882,	N(1) = 1.37933,	N(2) = 0.0780726,	N(3) = 1.37933,	
	N(4) = 1.37933,	N(5) = 0.0780398,	N(6) = 0.0412646,	N(7) = 0.0780398,	N(8) = 0.0780726,	
	N(9) = 0.0412646,	N(10) = 0.0205069,	N(11) = 0.0412646,	N(12) = 1.37933,	N(13) = 0.0780398,	
	N(14) = 0.0412646,	N(15) = 0.0780398;	Delta[s](0) = 0.0395489,	Delta[s](1) = 0.0211453,	Delta[s](2) = 0.00981142,	
	Delta[s](3) = 0.0211453,	Delta[s](4) = 0.0211453,	Delta[s](5) = 0.00999028,	Delta[s](6) = 0.000210975,	Delta[s](7) = 0.00999028,	
	Delta[s](8) = 0.00981142,	Delta[s](9) = 0.000210975,	Delta[s](10) = 8.40916e-05,	Delta[s](11) = 0.000210975,	Delta[s](12) = 0.0211453,	
	Delta[s](13) = 0.00999028,	Delta[s](14) = 0.000210975,	Delta[s](15) = 0.00999028;	Delta[d](0) = 0.279049,	Delta[d](1) = 0.0571878,	
	Delta[d](2) = 0.0791618,	Delta[d](3) = 0.0571878,	Delta[d](4) = 0.0571878,	Delta[d](5) = 0.0569318,	Delta[d](6) = 0.0111837,	
	Delta[d](7) = 0.0569318,	Delta[d](8) = 0.0791618,	Delta[d](9) = 0.0111837,	Delta[d](10) = 0.0078426,	Delta[d](11) = 0.0111837,	
	Delta[d](12) = 0.0571878,	Delta[d](13) = 0.0569318,	Delta[d](14) = 0.0111837,	Delta[d](15) = 0.0569318;	Delta[s+](0) = 0.404357,	
	Delta[s+](1) = 0.228731,	Delta[s+](2) = 0.0791618,	Delta[s+](3) = 0.228731,	Delta[s+](4) = 0.228731,	Delta[s+](5) = 0.0744443,	
	Delta[s+](6) = 0.00301443,	Delta[s+](7) = 0.0744443,	Delta[s+](8) = 0.0791618,	Delta[s+](9) = 0.00301443,	Delta[s+](10) = 0.000781483,	
	Delta[s+](11) = 0.00301443,	Delta[s+](12) = 0.228731,	Delta[s+](13) = 0.0744443,	Delta[s+](14) = 0.00301443,	Delta[s+](15) = 0.0744443
	
The 0-th iteration is completed.	|| time cost : 0h 0m 4.977s
********************************************************************************************************************
Start the 1 rounds of NGS-ED iteration
	effective electronic model is modified as: kinetic energy t = 0.997684
	                                           effective interaction Vq = [      -0.2,-0.0286253,-0.0187865,-0.0286253,-0.0286253,-0.0178069, -0.017051,-0.0178069,-0.0187865, -0.017051,-0.0146319, -0.017051,-0.0286253,-0.0178069, -0.017051,-0.0178069]
	PARPACK diagonalization completed after 30 matrix-vector product operations.
	iteration results: : total energy is -17.303837 | electron energy -17.304420 + phonon energy 0.000583 | electron momentum kIdx = 0
The 1-th iteration is completed.	|| time cost : 0h 0m 3.422s
********************************************************************************************************************
Start the 2 rounds of NGS-ED iteration
	effective electronic model is modified as: kinetic energy t = 0.997683
	                                           effective interaction Vq = [      -0.2,-0.0286756,-0.0187868,-0.0286756,-0.0286756, -0.017803,-0.0170421, -0.017803,-0.0187868,-0.0170421,-0.0146132,-0.0170421,-0.0286756, -0.017803,-0.0170421, -0.017803]
	PARPACK diagonalization completed after 30 matrix-vector product operations.
	iteration results: : total energy is -17.303837 | electron energy -17.304421 + phonon energy 0.000584 | electron momentum kIdx = 0
The 2-th iteration is completed.	|| time cost : 0h 0m 0.788s
********************************************************************************************************************
Start the 3 rounds of NGS-ED iteration
	effective electronic model is modified as: kinetic energy t = 0.997683
	                                           effective interaction Vq = [      -0.2,-0.0286758,-0.0187868,-0.0286758,-0.0286758,-0.0178029,-0.0170421,-0.0178029,-0.0187868,-0.0170421,-0.0146131,-0.0170421,-0.0286758,-0.0178029,-0.0170421,-0.0178029]
	PARPACK diagonalization completed after 30 matrix-vector product operations.
	iteration results: : total energy is -17.303837 | electron energy -17.304421 + phonon energy 0.000584 | electron momentum kIdx = 0
The 3-th iteration is completed.	|| time cost : 0h 0m 0.744s
********************************************************************************************************************
Start the 4 rounds of NGS-ED iteration
	effective electronic model is modified as: kinetic energy t = 0.997683
	                                           effective interaction Vq = [      -0.2,-0.0286758,-0.0187868,-0.0286758,-0.0286758,-0.0178029,-0.0170421,-0.0178029,-0.0187868,-0.0170421,-0.0146131,-0.0170421,-0.0286758,-0.0178029,-0.0170421,-0.0178029]
	PARPACK diagonalization completed after 30 matrix-vector product operations.
	iteration results: : total energy is -17.303837 | electron energy -17.304421 + phonon energy 0.000584 | electron momentum kIdx = 0
	Nq(0) = 4,	Nq(1) = 0.218364,	Nq(2) = 0.275778,	Nq(3) = 0.218364,	Nq(4) = 0.218364,	Nq(5) = 0.260957,	
	Nq(6) = 0.370504,	Nq(7) = 0.260957,	Nq(8) = 0.275778,	Nq(9) = 0.370504,	Nq(10) = 0.419781,	
	Nq(11) = 0.370504,	Nq(12) = 0.218364,	Nq(13) = 0.260957,	Nq(14) = 0.370504,	Nq(15) = 0.260957;	
	Sq(0) = -2.82607e-18,	Sq(1) = 0.41021,	Sq(2) = 0.343989,	Sq(3) = 0.41021,	Sq(4) = 0.41021,	
	Sq(5) = 0.572056,	Sq(6) = 0.615501,	Sq(7) = 0.572056,	Sq(8) = 0.343989,	Sq(9) = 0.615501,	
	Sq(10) = 0.550318,	Sq(11) = 0.615501,	Sq(12) = 0.41021,	Sq(13) = 0.572056,	Sq(14) = 0.615501,	
	Sq(15) = 0.572056;	N(0) = 1.82941,	N(1) = 1.37971,	N(2) = 0.0777165,	N(3) = 1.37971,	
	N(4) = 1.37971,	N(5) = 0.077698,	N(6) = 0.0412513,	N(7) = 0.077698,	N(8) = 0.0777165,	
	N(9) = 0.0412513,	N(10) = 0.0205335,	N(11) = 0.0412513,	N(12) = 1.37971,	N(13) = 0.077698,	
	N(14) = 0.0412513,	N(15) = 0.077698;	Delta[s](0) = 0.0396928,	Delta[s](1) = 0.0212209,	Delta[s](2) = 0.00984446,	
	Delta[s](3) = 0.0212209,	Delta[s](4) = 0.0212209,	Delta[s](5) = 0.0100308,	Delta[s](6) = 0.000211303,	Delta[s](7) = 0.0100308,	
	Delta[s](8) = 0.00984446,	Delta[s](9) = 0.000211303,	Delta[s](10) = 8.4317e-05,	Delta[s](11) = 0.000211303,	Delta[s](12) = 0.0212209,	
	Delta[s](13) = 0.0100308,	Delta[s](14) = 0.000211303,	Delta[s](15) = 0.0100308;	Delta[d](0) = 0.27948,	Delta[d](1) = 0.0571401,	
	Delta[d](2) = 0.0791584,	Delta[d](3) = 0.0571401,	Delta[d](4) = 0.0571401,	Delta[d](5) = 0.0570094,	Delta[d](6) = 0.0111479,	
	Delta[d](7) = 0.0570094,	Delta[d](8) = 0.0791584,	Delta[d](9) = 0.0111479,	Delta[d](10) = 0.00784538,	Delta[d](11) = 0.0111479,	
	Delta[d](12) = 0.0571401,	Delta[d](13) = 0.0570094,	Delta[d](14) = 0.0111479,	Delta[d](15) = 0.0570094;	Delta[s+](0) = 0.404579,	
	Delta[s+](1) = 0.228873,	Delta[s+](2) = 0.0791584,	Delta[s+](3) = 0.228873,	Delta[s+](4) = 0.228873,	Delta[s+](5) = 0.0744689,	
	Delta[s+](6) = 0.00301578,	Delta[s+](7) = 0.0744689,	Delta[s+](8) = 0.0791584,	Delta[s+](9) = 0.00301578,	Delta[s+](10) = 0.000784513,	
	Delta[s+](11) = 0.00301578,	Delta[s+](12) = 0.228873,	Delta[s+](13) = 0.0744689,	Delta[s+](14) = 0.00301578,	Delta[s+](15) = 0.0744689
	
The 4-th iteration is completed.	|| time cost : 0h 0m 3.033s
********************************************************************************************************************
********************************************************************************************************************
Ground state is obtained after 5 iterations. The current ground-state energy is -17.3038, in which electron energy is -17.3044 and phonon energy is 0.000583678
Final variational state is: 
	Gamma_x = [      1,1.03055,1.02559,1.03055,1.03055,1.02295,1.03134,1.02295,1.02559,1.03134,1.03054,1.03134,1.03055,1.02295,1.03134,1.02295]
	lambda_q = [        1,0.0744618,0.0481249,0.0744618,0.0744618,0.0455445,0.0435536,0.0455445,0.0481249,0.0435536,0.0372256,0.0435536,0.0744618,0.0455445,0.0435536,0.0455445]
Effective e-e interactions mediated by phonons are:
	momentum-space Vq = [      -0.2,-0.0286758,-0.0187868,-0.0286758,-0.0286758,-0.0178029,-0.0170421,-0.0178029,-0.0187868,-0.0170421,-0.0146131,-0.0170421,-0.0286758,-0.0178029,-0.0170421,-0.0178029]
	real-space Vr = [ -0.0316419, -0.0130409, -0.0113109, -0.0130409, -0.0130409,  -0.011065, -0.0101325,  -0.011065, -0.0113109, -0.0101325,-0.00878294, -0.0101325, -0.0130409,  -0.011065, -0.0101325,  -0.011065]
********************************************************************************************************************
o___o  ----------------------------------------
| L |	Time since last clock: 0h 0m 0.005s
A===A	Time since the beginning: 0h 0m 12.973s
***********************************************


Non-Gaussina ED ground state calculation is completed. The final ground-state energy is -17.3038
********************************************************************************************************************
o___o  ----------------------------------------
| L |	Time since last clock: 0h 0m 0.031s
A===A	Time since the beginning: 0h 0m 13.005s
***********************************************



********************************************************************************************************************
All non-Gaussian ED ground state calculations have been completed. Exit now.
