TACC:  Starting up job 1813903 
TACC:  Starting parallel tasks... 
SNEDics v3.4 Non-Gaussian ED ground state program		Start at Fri Oct 23 21:17:15 2020

parallized on 16 MPI threads  * 7 OpenMP threads = 112 total threads.
********************************************************************************************************************
********************************************************************************************************************

********************************************************************************************************************
System parameters and configurations
********************************************************************************************************************
Special program options are enabled: splitted diagonal Hamiltonian
********************************************************************************************************************
Read input file "model_params.in"
	Hubbard-Holstein model parameters : 	t = 1    U = 4    g = 1    W = 1    
********************************************************************************************************************
Read input file "hilbertspace_params.in"
	Requested 16-site 2D lattice, with 14 electrons (7, 7)
	Boundary : Periodic		Hilbert space representation : momentum-space (restricted to kIdx = 0)
	Conservation: particle number[U(1)]      spin[U(1)]     momentum
********************************************************************************************************************

Cluster Positions:				Cluster symmetry group : D4
 x ... x ... x ... x .....                       x ... x ... x ... x .....
 |           |           :                       |           |           :
 |           |           :                       |           |           :
12    13    14    15     x                       1     5     6     5     x
 |           |           :                       |           |           :
 |           |           :                       |           |           :
 8 --- 9 ---10 ---11 --- x                       2 --- 6 ---10 --- 6 --- x
 |           |           :                       |           |           :
 |           |           :                       |           |           :
 4     5     6     7     x                       1     5     6     5     x
 |           |           :                       |           |           :
 |           |           :                       |           |           :
 0 --- 1 --- 2 --- 3 --- x                       0 --- 1 --- 2 --- 1 --- x
orbital number : 1
********************************************************************************************************************
Read input file "obs_params.in"
	Observable Type : Nq(All),   Sq(All),   N(All),   Delta[s](All),   Delta[d](All),   Delta[s+](All)
********************************************************************************************************************
** WARNING ** the input observables have non-local factors which have been reinterpreted. The total observable number is 96
********************************************************************************************************************


********************************************************************************************************************
Start calculating the non-Gaussian ED ground state
** WARNING ** Detected low phonon energy W < 10. The initial state will be prepared through a warm-up process.
********************************************************************************************************************
Start warm-up calculation for scaling factor 16
open output files: NGSEDWarmUpW16Obs.txt
********************************************************************************************************************
Start the 0 rounds of NGS-ED iteration
	effective electronic model is modified as: kinetic energy t = 1
	                                           effective interaction Vq = [0,0,0,0,0,0,0,0,0,0,0,0,0,0,0,0]
	first Hamiltonian is constructed, non-zero numbers = 2178478298
	PARPACK diagonalization completed after 150 matrix-vector product operations.
	iteration results: : total energy is -15.744588 | electron energy -15.744588 + phonon energy 0.000000 | electron momentum kIdx = 0
	Nq(0) = 12.25,	Nq(1) = 0.215838,	Nq(2) = 0.272353,	Nq(3) = 0.215838,	Nq(4) = 0.215838,	Nq(5) = 0.315693,	Nq(6) = 0.368855,	Nq(7) = 0.315693,	Nq(8) = 0.272353,	Nq(9) = 0.368855,	Nq(10) = 0.424219,	Nq(11) = 0.368855,	Nq(12) = 0.215838,	Nq(13) = 0.315693,	Nq(14) = 0.368855,	Nq(15) = 0.315693,	Sq(0) = 8.27514e-19,	Sq(1) = 0.461697,	Sq(2) = 0.680365,	Sq(3) = 0.461697,	Sq(4) = 0.461697,	Sq(5) = 0.590684,	Sq(6) = 0.857215,	Sq(7) = 0.590684,	Sq(8) = 0.680365,	Sq(9) = 0.857215,	Sq(10) = 2.18042,	Sq(11) = 0.857215,	Sq(12) = 0.461697,	Sq(13) = 0.590684,	Sq(14) = 0.857215,	Sq(15) = 0.590684,	N(0) = 1.91827,	N(1) = 1.84632,	N(2) = 0.114167,	N(3) = 1.84632,	N(4) = 1.84632,	N(5) = 0.997855,	N(6) = 0.106092,	N(7) = 0.997855,	N(8) = 0.114167,	N(9) = 0.106092,	N(10) = 0.052338,	N(11) = 0.106092,	N(12) = 1.84632,	N(13) = 0.997855,	N(14) = 0.106092,	N(15) = 0.997855,	Delta[s](0) = 0.157661,	Delta[s](1) = 0.121841,	Delta[s](2) = 0.0780108,	Delta[s](3) = 0.121841,	Delta[s](4) = 0.121841,	Delta[s](5) = 0.0958407,	Delta[s](6) = 0.0540827,	Delta[s](7) = 0.0958407,	Delta[s](8) = 0.0780108,	Delta[s](9) = 0.0540827,	Delta[s](10) = 0.00949475,	Delta[s](11) = 0.0540827,	Delta[s](12) = 0.121841,	Delta[s](13) = 0.0958407,	Delta[s](14) = 0.0540827,	Delta[s](15) = 0.0958407,	Delta[d](0) = 0.244352,	Delta[d](1) = 0.147776,	Delta[d](2) = 0.168974,	Delta[d](3) = 0.147776,	Delta[d](4) = 0.147776,	Delta[d](5) = 0.147024,	Delta[d](6) = 0.102358,	Delta[d](7) = 0.147024,	Delta[d](8) = 0.168974,	Delta[d](9) = 0.102358,	Delta[d](10) = 0.0270025,	Delta[d](11) = 0.102358,	Delta[d](12) = 0.147776,	Delta[d](13) = 0.147024,	Delta[d](14) = 0.102358,	Delta[d](15) = 0.147024,	Delta[s+](0) = 0.564356,	Delta[s+](1) = 0.4191,	Delta[s+](2) = 0.168974,	Delta[s+](3) = 0.4191,	Delta[s+](4) = 0.4191,	Delta[s+](5) = 0.283338,	Delta[s+](6) = 0.0994668,	Delta[s+](7) = 0.283338,	Delta[s+](8) = 0.168974,	Delta[s+](9) = 0.0994668,	Delta[s+](10) = 0.0191272,	Delta[s+](11) = 0.0994668,	Delta[s+](12) = 0.4191,	Delta[s+](13) = 0.283338,	Delta[s+](14) = 0.0994668,	Delta[s+](15) = 0.283338
The 0-th iteration is completed.	|| time cost : 0h 6m 37.297s
********************************************************************************************************************
Start the 1 rounds of NGS-ED iteration
	effective electronic model is modified as: kinetic energy t = 0.972033
	                                           effective interaction Vq = [-0.959238,-0.919151,-0.893459,-0.919151,-0.919151,-0.903194, -0.88593,-0.903194,-0.893459, -0.88593,-0.873382, -0.88593,-0.919151,-0.903194, -0.88593,-0.903194]
	PARPACK diagonalization completed after 45 matrix-vector product operations.
	iteration results: : total energy is -31.430981 | electron energy -31.431870 + phonon energy 0.000890 | electron momentum kIdx = 0
The 1-th iteration is completed.	|| time cost : 0h 5m 13.295s
********************************************************************************************************************
Start the 2 rounds of NGS-ED iteration
	effective electronic model is modified as: kinetic energy t = 0.962813
	                                           effective interaction Vq = [-0.998338,-0.974163,-0.948669,-0.974163,-0.974163,-0.960422, -0.94512,-0.960422,-0.948669, -0.94512,-0.930349, -0.94512,-0.974163,-0.960422, -0.94512,-0.960422]
	PARPACK diagonalization completed after 45 matrix-vector product operations.
	iteration results: : total energy is -32.019774 | electron energy -32.022716 + phonon energy 0.002942 | electron momentum kIdx = 0
The 2-th iteration is completed.	|| time cost : 0h 0m 24.471s
********************************************************************************************************************
Start the 3 rounds of NGS-ED iteration
	effective electronic model is modified as: kinetic energy t = 0.961323
	                                           effective interaction Vq = [-0.999932,-0.980354, -0.95494,-0.980354,-0.980354,-0.967034,-0.952051,-0.967034, -0.95494,-0.952051,-0.936797,-0.952051,-0.980354,-0.967034,-0.952051,-0.967034]
	PARPACK diagonalization completed after 30 matrix-vector product operations.
	iteration results: : total energy is -32.041896 | electron energy -32.045406 + phonon energy 0.003510 | electron momentum kIdx = 0
The 3-th iteration is completed.	|| time cost : 0h 0m 21.652s
********************************************************************************************************************
Start the 4 rounds of NGS-ED iteration
	effective electronic model is modified as: kinetic energy t = 0.961099
	                                           effective interaction Vq = [-0.999997,-0.981287,-0.955798,-0.981287,-0.981287,-0.967989,-0.953019,-0.967989,-0.955798,-0.953019,-0.937643,-0.953019,-0.981287,-0.967989,-0.953019,-0.967989]
	PARPACK diagonalization completed after 30 matrix-vector product operations.
	iteration results: : total energy is -32.042752 | electron energy -32.046358 + phonon energy 0.003606 | electron momentum kIdx = 0
The 4-th iteration is completed.	|| time cost : 0h 0m 21.606s
********************************************************************************************************************
Start the 5 rounds of NGS-ED iteration
	effective electronic model is modified as: kinetic energy t = 0.961065
	                                           effective interaction Vq = [       -1,-0.981437,-0.955919,-0.981437,-0.981437,-0.968133,-0.953158,-0.968133,-0.955919,-0.953158,-0.937756,-0.953158,-0.981437,-0.968133,-0.953158,-0.968133]
	PARPACK diagonalization completed after 30 matrix-vector product operations.
	iteration results: : total energy is -32.042785 | electron energy -32.046406 + phonon energy 0.003621 | electron momentum kIdx = 0
	Nq(0) = 12.25,	Nq(1) = 0.274475,	Nq(2) = 0.324751,	Nq(3) = 0.274475,	Nq(4) = 0.274475,	Nq(5) = 0.397015,	Nq(6) = 0.46721,	Nq(7) = 0.397015,	Nq(8) = 0.324751,	Nq(9) = 0.46721,	Nq(10) = 0.516411,	Nq(11) = 0.46721,	Nq(12) = 0.274475,	Nq(13) = 0.397015,	Nq(14) = 0.46721,	Nq(15) = 0.397015,	Sq(0) = 8.77821e-18,	Sq(1) = 0.43236,	Sq(2) = 0.628097,	Sq(3) = 0.43236,	Sq(4) = 0.43236,	Sq(5) = 0.560591,	Sq(6) = 0.752096,	Sq(7) = 0.560591,	Sq(8) = 0.628097,	Sq(9) = 0.752096,	Sq(10) = 1.79291,	Sq(11) = 0.752096,	Sq(12) = 0.43236,	Sq(13) = 0.560591,	Sq(14) = 0.752096,	Sq(15) = 0.560591,	N(0) = 1.97347,	N(1) = 1.94949,	N(2) = 0.0377037,	N(3) = 1.94949,	N(4) = 1.94949,	N(5) = 0.998257,	N(6) = 0.0360097,	N(7) = 0.998257,	N(8) = 0.0377037,	N(9) = 0.0360097,	N(10) = 0.0161083,	N(11) = 0.0360097,	N(12) = 1.94949,	N(13) = 0.998257,	N(14) = 0.0360097,	N(15) = 0.998257,	Delta[s](0) = 0.213125,	Delta[s](1) = 0.167156,	Delta[s](2) = 0.105147,	Delta[s](3) = 0.167156,	Delta[s](4) = 0.167156,	Delta[s](5) = 0.134521,	Delta[s](6) = 0.0842107,	Delta[s](7) = 0.134521,	Delta[s](8) = 0.105147,	Delta[s](9) = 0.0842107,	Delta[s](10) = 0.0183864,	Delta[s](11) = 0.0842107,	Delta[s](12) = 0.167156,	Delta[s](13) = 0.134521,	Delta[s](14) = 0.0842107,	Delta[s](15) = 0.134521,	Delta[d](0) = 0.240888,	Delta[d](1) = 0.134713,	Delta[d](2) = 0.150564,	Delta[d](3) = 0.134713,	Delta[d](4) = 0.134713,	Delta[d](5) = 0.136643,	Delta[d](6) = 0.0868091,	Delta[d](7) = 0.136643,	Delta[d](8) = 0.150564,	Delta[d](9) = 0.0868091,	Delta[d](10) = 0.0159506,	Delta[d](11) = 0.0868091,	Delta[d](12) = 0.134713,	Delta[d](13) = 0.136643,	Delta[d](14) = 0.0868091,	Delta[d](15) = 0.136643,	Delta[s+](0) = 0.5439,	Delta[s+](1) = 0.405621,	Delta[s+](2) = 0.150564,	Delta[s+](3) = 0.405621,	Delta[s+](4) = 0.405621,	Delta[s+](5) = 0.271651,	Delta[s+](6) = 0.0846888,	Delta[s+](7) = 0.271651,	Delta[s+](8) = 0.150564,	Delta[s+](9) = 0.0846888,	Delta[s+](10) = 0.0112934,	Delta[s+](11) = 0.0846888,	Delta[s+](12) = 0.405621,	Delta[s+](13) = 0.271651,	Delta[s+](14) = 0.0846888,	Delta[s+](15) = 0.271651
The 5-th iteration is completed.	|| time cost : 0h 3m 59.668s
********************************************************************************************************************
********************************************************************************************************************
Ground state is obtained after 6 iterations. The current ground-state energy is -32.0428, in which electron energy is -32.0464 and phonon energy is 0.00362053
final variational state is: 
	Gamma_x = [      1,1.00404,1.00675,1.00404,1.00404, 1.0073,1.00995, 1.0073,1.00675,1.00995,1.01216,1.00995,1.00404, 1.0073,1.00995, 1.0073]
	lambda_q = [0.249983,0.215961,0.197522,0.215961,0.215961,0.205387,0.195904,0.205387,0.197522,0.195904,0.187636,0.195904,0.215961,0.205387,0.195904,0.205387]
The effective e-e interactions mediated by phonons are: [       1,0.981462,0.955936,0.981462,0.981462,0.968155,0.953178,0.968155,0.955936,0.953178,0.937771,0.953178,0.981462,0.968155,0.953178,0.968155]
The real-space interactions mediated by phonons are: [  -15.4608,-0.0938621,0.00698704,-0.0159124, -0.118795, -0.046526,0.00698704,-0.0199542, 0.0229764,-0.0199542,0.00698704, -0.046526, -0.118795,-0.0159124,0.00698704,-0.0938621]
********************************************************************************************************************
o___o  ----------------------------------------
| L |	Time since last clock: 0h 0m 0s
A===A	Time since the beginning: 0h 16m 57.991s
***********************************************

********************************************************************************************************************
Start warm-up calculation for scaling factor 8
open output files: NGSEDWarmUpW8Obs.txt
********************************************************************************************************************
Start the 0 rounds of NGS-ED iteration
	effective electronic model is modified as: kinetic energy t = 0.96106
	                                           effective interaction Vq = [-0.914186,-0.848547,-0.805233,-0.848547,-0.848547,-0.824374,-0.801174,-0.824374,-0.805233,-0.801174,-0.779771,-0.801174,-0.848547,-0.824374,-0.801174,-0.824374]
	PARPACK diagonalization completed after 45 matrix-vector product operations.
	iteration results: : total energy is -30.170768 | electron energy -30.172580 + phonon energy 0.001811 | electron momentum kIdx = 0
	Nq(0) = 12.25,	Nq(1) = 0.263978,	Nq(2) = 0.316175,	Nq(3) = 0.263978,	Nq(4) = 0.263978,	Nq(5) = 0.382917,	Nq(6) = 0.448561,	Nq(7) = 0.382917,	Nq(8) = 0.316175,	Nq(9) = 0.448561,	Nq(10) = 0.499614,	Nq(11) = 0.448561,	Nq(12) = 0.263978,	Nq(13) = 0.382917,	Nq(14) = 0.448561,	Nq(15) = 0.382917,	Sq(0) = 1.57962e-17,	Sq(1) = 0.438353,	Sq(2) = 0.637829,	Sq(3) = 0.438353,	Sq(4) = 0.438353,	Sq(5) = 0.56672,	Sq(6) = 0.769647,	Sq(7) = 0.56672,	Sq(8) = 0.637829,	Sq(9) = 0.769647,	Sq(10) = 1.86168,	Sq(11) = 0.769647,	Sq(12) = 0.438353,	Sq(13) = 0.56672,	Sq(14) = 0.769647,	Sq(15) = 0.56672,	N(0) = 1.96597,	N(1) = 1.93551,	N(2) = 0.0479543,	N(3) = 1.93551,	N(4) = 1.93551,	N(5) = 0.998019,	N(6) = 0.0457823,	N(7) = 0.998019,	N(8) = 0.0479543,	N(9) = 0.0457823,	N(10) = 0.0208926,	N(11) = 0.0457823,	N(12) = 1.93551,	N(13) = 0.998019,	N(14) = 0.0457823,	N(15) = 0.998019,	Delta[s](0) = 0.199312,	Delta[s](1) = 0.157048,	Delta[s](2) = 0.101481,	Delta[s](3) = 0.157048,	Delta[s](4) = 0.157048,	Delta[s](5) = 0.127185,	Delta[s](6) = 0.0803071,	Delta[s](7) = 0.127185,	Delta[s](8) = 0.101481,	Delta[s](9) = 0.0803071,	Delta[s](10) = 0.0214553,	Delta[s](11) = 0.0803071,	Delta[s](12) = 0.157048,	Delta[s](13) = 0.127185,	Delta[s](14) = 0.0803071,	Delta[s](15) = 0.127185,	Delta[d](0) = 0.241267,	Delta[d](1) = 0.139077,	Delta[d](2) = 0.156208,	Delta[d](3) = 0.139077,	Delta[d](4) = 0.139077,	Delta[d](5) = 0.140901,	Delta[d](6) = 0.0922408,	Delta[d](7) = 0.140901,	Delta[d](8) = 0.156208,	Delta[d](9) = 0.0922408,	Delta[d](10) = 0.0200706,	Delta[d](11) = 0.0922408,	Delta[d](12) = 0.139077,	Delta[d](13) = 0.140901,	Delta[d](14) = 0.0922408,	Delta[d](15) = 0.140901,	Delta[s+](0) = 0.551404,	Delta[s+](1) = 0.410985,	Delta[s+](2) = 0.156208,	Delta[s+](3) = 0.410985,	Delta[s+](4) = 0.410985,	Delta[s+](5) = 0.27631,	Delta[s+](6) = 0.0895535,	Delta[s+](7) = 0.27631,	Delta[s+](8) = 0.156208,	Delta[s+](9) = 0.0895535,	Delta[s+](10) = 0.0142421,	Delta[s+](11) = 0.0895535,	Delta[s+](12) = 0.410985,	Delta[s+](13) = 0.27631,	Delta[s+](14) = 0.0895535,	Delta[s+](15) = 0.27631
The 0-th iteration is completed.	|| time cost : 0h 4m 0.392s
********************************************************************************************************************
Start the 1 rounds of NGS-ED iteration
	effective electronic model is modified as: kinetic energy t = 0.951497
	                                           effective interaction Vq = [-0.982674,-0.913854,-0.859351,-0.913854,-0.913854,-0.883679, -0.85267,-0.883679,-0.859351, -0.85267,-0.824801, -0.85267,-0.913854,-0.883679, -0.85267,-0.883679]
	PARPACK diagonalization completed after 45 matrix-vector product operations.
	iteration results: : total energy is -31.095412 | electron energy -31.102930 + phonon energy 0.007518 | electron momentum kIdx = 0
The 1-th iteration is completed.	|| time cost : 0h 0m 24.385s
********************************************************************************************************************
Start the 2 rounds of NGS-ED iteration
	effective electronic model is modified as: kinetic energy t = 0.948048
	                                           effective interaction Vq = [-0.996502,-0.933375,-0.875035,-0.933375,-0.933375,-0.901424,-0.868068,-0.901424,-0.875035,-0.868068,-0.837872,-0.868068,-0.933375,-0.901424,-0.868068,-0.901424]
	PARPACK diagonalization completed after 30 matrix-vector product operations.
	iteration results: : total energy is -31.275270 | electron energy -31.286132 + phonon energy 0.010862 | electron momentum kIdx = 0
The 2-th iteration is completed.	|| time cost : 0h 0m 21.718s
********************************************************************************************************************
Start the 3 rounds of NGS-ED iteration
	effective electronic model is modified as: kinetic energy t = 0.946849
	                                           effective interaction Vq = [-0.999294,-0.939932,-0.879949,-0.939932,-0.939932,-0.907232,-0.872998,-0.907232,-0.879949,-0.872998,-0.841896,-0.872998,-0.939932,-0.907232,-0.872998,-0.907232]
	PARPACK diagonalization completed after 30 matrix-vector product operations.
	iteration results: : total energy is -31.310752 | electron energy -31.323013 + phonon energy 0.012261 | electron momentum kIdx = 0
The 3-th iteration is completed.	|| time cost : 0h 0m 21.74s
********************************************************************************************************************
Start the 4 rounds of NGS-ED iteration
	effective electronic model is modified as: kinetic energy t = 0.946436
	                                           effective interaction Vq = [-0.999857,-0.942256,-0.881536,-0.942256,-0.942256,-0.909203,-0.874619,-0.909203,-0.881536,-0.874619,-0.843163,-0.874619,-0.942256,-0.909203,-0.874619,-0.909203]
	PARPACK diagonalization completed after 30 matrix-vector product operations.
	iteration results: : total energy is -31.317815 | electron energy -31.330597 + phonon energy 0.012782 | electron momentum kIdx = 0
The 4-th iteration is completed.	|| time cost : 0h 0m 21.615s
********************************************************************************************************************
Start the 5 rounds of NGS-ED iteration
	effective electronic model is modified as: kinetic energy t = 0.946293
	                                           effective interaction Vq = [-0.999971,-0.943097,-0.882055,-0.943097,-0.943097,-0.909881,-0.875157,-0.909881,-0.882055,-0.875157,-0.843567,-0.875157,-0.943097,-0.909881,-0.875157,-0.909881]
	PARPACK diagonalization completed after 30 matrix-vector product operations.
	iteration results: : total energy is -31.319228 | electron energy -31.332196 + phonon energy 0.012967 | electron momentum kIdx = 0
The 5-th iteration is completed.	|| time cost : 0h 0m 21.697s
********************************************************************************************************************
Start the 6 rounds of NGS-ED iteration
	effective electronic model is modified as: kinetic energy t = 0.946244
	                                           effective interaction Vq = [-0.999994,-0.943405,-0.882226,-0.943405,-0.943405,-0.910116,-0.875337,-0.910116,-0.882226,-0.875337,-0.843696,-0.875337,-0.943405,-0.910116,-0.875337,-0.910116]
	PARPACK diagonalization completed after 30 matrix-vector product operations.
	iteration results: : total energy is -31.319512 | electron energy -31.332544 + phonon energy 0.013032 | electron momentum kIdx = 0
The 6-th iteration is completed.	|| time cost : 0h 0m 21.591s
********************************************************************************************************************
Start the 7 rounds of NGS-ED iteration
	effective electronic model is modified as: kinetic energy t = 0.946227
	                                           effective interaction Vq = [-0.999999,-0.943517,-0.882282,-0.943517,-0.943517,-0.910197,-0.875397,-0.910197,-0.882282,-0.875397,-0.843738,-0.875397,-0.943517,-0.910197,-0.875397,-0.910197]
	PARPACK diagonalization completed after 30 matrix-vector product operations.
	iteration results: : total energy is -31.319569 | electron energy -31.332623 + phonon energy 0.013054 | electron momentum kIdx = 0
	Nq(0) = 12.25,	Nq(1) = 0.269649,	Nq(2) = 0.319852,	Nq(3) = 0.269649,	Nq(4) = 0.269649,	Nq(5) = 0.389538,	Nq(6) = 0.45566,	Nq(7) = 0.389538,	Nq(8) = 0.319852,	Nq(9) = 0.45566,	Nq(10) = 0.504902,	Nq(11) = 0.45566,	Nq(12) = 0.269649,	Nq(13) = 0.389538,	Nq(14) = 0.45566,	Nq(15) = 0.389538,	Sq(0) = 1.04626e-19,	Sq(1) = 0.435602,	Sq(2) = 0.633849,	Sq(3) = 0.435602,	Sq(4) = 0.435602,	Sq(5) = 0.564214,	Sq(6) = 0.76197,	Sq(7) = 0.564214,	Sq(8) = 0.633849,	Sq(9) = 0.76197,	Sq(10) = 1.83116,	Sq(11) = 0.76197,	Sq(12) = 0.435602,	Sq(13) = 0.564214,	Sq(14) = 0.76197,	Sq(15) = 0.564214,	N(0) = 1.96923,	N(1) = 1.94194,	N(2) = 0.0431108,	N(3) = 1.94194,	N(4) = 1.94194,	N(5) = 0.998095,	N(6) = 0.0413905,	N(7) = 0.998095,	N(8) = 0.0431108,	N(9) = 0.0413905,	N(10) = 0.0188559,	N(11) = 0.0413905,	N(12) = 1.94194,	N(13) = 0.998095,	N(14) = 0.0413905,	N(15) = 0.998095,	Delta[s](0) = 0.201931,	Delta[s](1) = 0.159841,	Delta[s](2) = 0.103852,	Delta[s](3) = 0.159841,	Delta[s](4) = 0.159841,	Delta[s](5) = 0.129945,	Delta[s](6) = 0.0834967,	Delta[s](7) = 0.129945,	Delta[s](8) = 0.103852,	Delta[s](9) = 0.0834967,	Delta[s](10) = 0.0242305,	Delta[s](11) = 0.0834967,	Delta[s](12) = 0.159841,	Delta[s](13) = 0.129945,	Delta[s](14) = 0.0834967,	Delta[s](15) = 0.129945,	Delta[d](0) = 0.242628,	Delta[d](1) = 0.140263,	Delta[d](2) = 0.156762,	Delta[d](3) = 0.140263,	Delta[d](4) = 0.140263,	Delta[d](5) = 0.142268,	Delta[d](6) = 0.0929225,	Delta[d](7) = 0.142268,	Delta[d](8) = 0.156762,	Delta[d](9) = 0.0929225,	Delta[d](10) = 0.0206122,	Delta[d](11) = 0.0929225,	Delta[d](12) = 0.140263,	Delta[d](13) = 0.142268,	Delta[d](14) = 0.0929225,	Delta[d](15) = 0.142268,	Delta[s+](0) = 0.553244,	Delta[s+](1) = 0.412581,	Delta[s+](2) = 0.156762,	Delta[s+](3) = 0.412581,	Delta[s+](4) = 0.412581,	Delta[s+](5) = 0.277654,	Delta[s+](6) = 0.090015,	Delta[s+](7) = 0.277654,	Delta[s+](8) = 0.156762,	Delta[s+](9) = 0.090015,	Delta[s+](10) = 0.0146465,	Delta[s+](11) = 0.090015,	Delta[s+](12) = 0.412581,	Delta[s+](13) = 0.277654,	Delta[s+](14) = 0.090015,	Delta[s+](15) = 0.277654
The 7-th iteration is completed.	|| time cost : 0h 3m 57.758s
********************************************************************************************************************
********************************************************************************************************************
Ground state is obtained after 8 iterations. The current ground-state energy is -31.3196, in which electron energy is -31.3326 and phonon energy is 0.0130541
final variational state is: 
	Gamma_x = [      1,1.01228,1.01818,1.01228,1.01228,1.02064,1.02635,1.02064,1.01818,1.02635,1.03062,1.02635,1.01228,1.02064,1.02635,1.02064]
	lambda_q = [0.353381,0.269558,0.232259,0.269558,0.269558, 0.24762,0.228762, 0.24762,0.232259,0.228762,  0.2138,0.228762,0.269558, 0.24762,0.228762, 0.24762]
The effective e-e interactions mediated by phonons are: [       1,0.943558,0.882301,0.943558,0.943558,0.910226,0.875418,0.910226,0.882301,0.875418,0.843751,0.875418,0.943558,0.910226,0.875418,0.910226]
The real-space interactions mediated by phonons are: [  -14.5252, -0.233987,0.00481556,-0.0535629, -0.292529, -0.127318,0.00481556,-0.0559276, 0.0325497,-0.0559276,0.00481556, -0.127318, -0.292529,-0.0535629,0.00481556, -0.233987]
********************************************************************************************************************
o___o  ----------------------------------------
| L |	Time since last clock: 0h 0m 0s
A===A	Time since the beginning: 0h 27m 8.891s
***********************************************

********************************************************************************************************************
Start warm-up calculation for scaling factor 4
open output files: NGSEDWarmUpW4Obs.txt
********************************************************************************************************************
Start the 0 rounds of NGS-ED iteration
	effective electronic model is modified as: kinetic energy t = 0.946221
	                                           effective interaction Vq = [-0.914012,-0.787586,-0.713258,-0.787586,-0.787586,-0.745218,-0.705721,-0.745218,-0.713258,-0.705721,-0.672358,-0.705721,-0.787586,-0.745218,-0.705721,-0.745218]
	PARPACK diagonalization completed after 45 matrix-vector product operations.
	iteration results: : total energy is -29.362941 | electron energy -29.369471 + phonon energy 0.006531 | electron momentum kIdx = 0
	Nq(0) = 12.25,	Nq(1) = 0.257547,	Nq(2) = 0.30987,	Nq(3) = 0.257547,	Nq(4) = 0.257547,	Nq(5) = 0.373247,	Nq(6) = 0.435145,	Nq(7) = 0.373247,	Nq(8) = 0.30987,	Nq(9) = 0.435145,	Nq(10) = 0.486497,	Nq(11) = 0.435145,	Nq(12) = 0.257547,	Nq(13) = 0.373247,	Nq(14) = 0.435145,	Nq(15) = 0.373247,	Sq(0) = 1.13468e-17,	Sq(1) = 0.44219,	Sq(2) = 0.644659,	Sq(3) = 0.44219,	Sq(4) = 0.44219,	Sq(5) = 0.570867,	Sq(6) = 0.78219,	Sq(7) = 0.570867,	Sq(8) = 0.644659,	Sq(9) = 0.78219,	Sq(10) = 1.9097,	Sq(11) = 0.78219,	Sq(12) = 0.44219,	Sq(13) = 0.570867,	Sq(14) = 0.78219,	Sq(15) = 0.570867,	N(0) = 1.96003,	N(1) = 1.92478,	N(2) = 0.0557142,	N(3) = 1.92478,	N(4) = 1.92478,	N(5) = 0.997848,	N(6) = 0.0533135,	N(7) = 0.997848,	N(8) = 0.0557142,	N(9) = 0.0533135,	N(10) = 0.0247654,	N(11) = 0.0533135,	N(12) = 1.92478,	N(13) = 0.997848,	N(14) = 0.0533135,	N(15) = 0.997848,	Delta[s](0) = 0.189458,	Delta[s](1) = 0.149975,	Delta[s](2) = 0.0988443,	Delta[s](3) = 0.149975,	Delta[s](4) = 0.149975,	Delta[s](5) = 0.121983,	Delta[s](6) = 0.0777844,	Delta[s](7) = 0.121983,	Delta[s](8) = 0.0988443,	Delta[s](9) = 0.0777844,	Delta[s](10) = 0.0238796,	Delta[s](11) = 0.0777844,	Delta[s](12) = 0.149975,	Delta[s](13) = 0.121983,	Delta[s](14) = 0.0777844,	Delta[s](15) = 0.121983,	Delta[d](0) = 0.245324,	Delta[d](1) = 0.145083,	Delta[d](2) = 0.163064,	Delta[d](3) = 0.145083,	Delta[d](4) = 0.145083,	Delta[d](5) = 0.146708,	Delta[d](6) = 0.0981216,	Delta[d](7) = 0.146708,	Delta[d](8) = 0.163064,	Delta[d](9) = 0.0981216,	Delta[d](10) = 0.0238907,	Delta[d](11) = 0.0981216,	Delta[d](12) = 0.145083,	Delta[d](13) = 0.146708,	Delta[d](14) = 0.0981216,	Delta[d](15) = 0.146708,	Delta[s+](0) = 0.564942,	Delta[s+](1) = 0.42093,	Delta[s+](2) = 0.163064,	Delta[s+](3) = 0.42093,	Delta[s+](4) = 0.42093,	Delta[s+](5) = 0.283929,	Delta[s+](6) = 0.0948037,	Delta[s+](7) = 0.283929,	Delta[s+](8) = 0.163064,	Delta[s+](9) = 0.0948037,	Delta[s+](10) = 0.0169875,	Delta[s+](11) = 0.0948037,	Delta[s+](12) = 0.42093,	Delta[s+](13) = 0.283929,	Delta[s+](14) = 0.0948037,	Delta[s+](15) = 0.283929
The 0-th iteration is completed.	|| time cost : 0h 4m 0.343s
********************************************************************************************************************
Start the 1 rounds of NGS-ED iteration
	effective electronic model is modified as: kinetic energy t = 0.943479
	                                           effective interaction Vq = [-0.961363,-0.818092,-0.726473,-0.818092,-0.818092,-0.765672,-0.715226,-0.765672,-0.726473,-0.715226,-0.674348,-0.715226,-0.818092,-0.765672,-0.715226,-0.765672]
	PARPACK diagonalization completed after 45 matrix-vector product operations.
	iteration results: : total energy is -29.959101 | electron energy -29.975061 + phonon energy 0.015960 | electron momentum kIdx = 0
The 1-th iteration is completed.	|| time cost : 0h 0m 24.433s
********************************************************************************************************************
Start the 2 rounds of NGS-ED iteration
	effective electronic model is modified as: kinetic energy t = 0.94181
	                                           effective interaction Vq = [-0.982639,-0.834112,-0.733636,-0.834112,-0.834112,-0.776625,-0.721138,-0.776625,-0.733636,-0.721138,-0.677149,-0.721138,-0.834112,-0.776625,-0.721138,-0.776625]
	PARPACK diagonalization completed after 30 matrix-vector product operations.
	iteration results: : total energy is -30.224546 | electron energy -30.246950 + phonon energy 0.022405 | electron momentum kIdx = 0
The 2-th iteration is completed.	|| time cost : 0h 0m 21.69s
********************************************************************************************************************
Start the 3 rounds of NGS-ED iteration
	effective electronic model is modified as: kinetic energy t = 0.940837
	                                           effective interaction Vq = [-0.992199,-0.842753,-0.737508,-0.842753,-0.842753,-0.782553,-0.724614,-0.782553,-0.737508,-0.724614, -0.67923,-0.724614,-0.842753,-0.782553,-0.724614,-0.782553]
	PARPACK diagonalization completed after 30 matrix-vector product operations.
	iteration results: : total energy is -30.343115 | electron energy -30.369343 + phonon energy 0.026229 | electron momentum kIdx = 0
The 3-th iteration is completed.	|| time cost : 0h 0m 21.6s
********************************************************************************************************************
Start the 4 rounds of NGS-ED iteration
	effective electronic model is modified as: kinetic energy t = 0.940284
	                                           effective interaction Vq = [-0.996495, -0.84749,-0.739595, -0.84749, -0.84749,-0.785783,-0.726596,-0.785783,-0.739595,-0.726596,-0.680539,-0.726596, -0.84749,-0.785783,-0.726596,-0.785783]
	PARPACK diagonalization completed after 30 matrix-vector product operations.
	iteration results: : total energy is -30.396181 | electron energy -30.424574 + phonon energy 0.028393 | electron momentum kIdx = 0
The 4-th iteration is completed.	|| time cost : 0h 0m 21.712s
********************************************************************************************************************
Start the 5 rounds of NGS-ED iteration
	effective electronic model is modified as: kinetic energy t = 0.939973
	                                           effective interaction Vq = [-0.998425,-0.850114,-0.740719,-0.850114,-0.850114,-0.787549,-0.727707,-0.787549,-0.740719,-0.727707,-0.681306,-0.727707,-0.850114,-0.787549,-0.727707,-0.787549]
	PARPACK diagonalization completed after 30 matrix-vector product operations.
	iteration results: : total energy is -30.419962 | electron energy -30.449558 + phonon energy 0.029596 | electron momentum kIdx = 0
The 5-th iteration is completed.	|| time cost : 0h 0m 21.599s
********************************************************************************************************************
Start the 6 rounds of NGS-ED iteration
	effective electronic model is modified as: kinetic energy t = 0.9398
	                                           effective interaction Vq = [-0.999292,-0.851575,-0.741323,-0.851575,-0.851575,-0.788517,-0.728323,-0.788517,-0.741323,-0.728323,-0.681739,-0.728323,-0.851575,-0.788517,-0.728323,-0.788517]
	PARPACK diagonalization completed after 30 matrix-vector product operations.
	iteration results: : total energy is -30.430628 | electron energy -30.460887 + phonon energy 0.030258 | electron momentum kIdx = 0
The 6-th iteration is completed.	|| time cost : 0h 0m 21.604s
********************************************************************************************************************
Start the 7 rounds of NGS-ED iteration
	effective electronic model is modified as: kinetic energy t = 0.939704
	                                           effective interaction Vq = [-0.999682,-0.852393,-0.741647,-0.852393,-0.852393,-0.789048,-0.728662,-0.789048,-0.741647,-0.728662,-0.681979,-0.728662,-0.852393,-0.789048,-0.728662,-0.789048]
	PARPACK diagonalization completed after 30 matrix-vector product operations.
	iteration results: : total energy is -30.435415 | electron energy -30.466037 + phonon energy 0.030623 | electron momentum kIdx = 0
The 7-th iteration is completed.	|| time cost : 0h 0m 21.657s
********************************************************************************************************************
Start the 8 rounds of NGS-ED iteration
	effective electronic model is modified as: kinetic energy t = 0.939651
	                                           effective interaction Vq = [-0.999857,-0.852851,-0.741822,-0.852851,-0.852851,-0.789339,-0.728848,-0.789339,-0.741822,-0.728848, -0.68211,-0.728848,-0.852851,-0.789339,-0.728848,-0.789339]
	PARPACK diagonalization completed after 30 matrix-vector product operations.
	iteration results: : total energy is -30.437564 | electron energy -30.468386 + phonon energy 0.030823 | electron momentum kIdx = 0
The 8-th iteration is completed.	|| time cost : 0h 0m 21.723s
********************************************************************************************************************
Start the 9 rounds of NGS-ED iteration
	effective electronic model is modified as: kinetic energy t = 0.939621
	                                           effective interaction Vq = [-0.999936,-0.853108,-0.741915,-0.853108,-0.853108,-0.789499, -0.72895,-0.789499,-0.741915, -0.72895,-0.682181, -0.72895,-0.853108,-0.789499, -0.72895,-0.789499]
	PARPACK diagonalization completed after 30 matrix-vector product operations.
	iteration results: : total energy is -30.438529 | electron energy -30.469461 + phonon energy 0.030932 | electron momentum kIdx = 0
The 9-th iteration is completed.	|| time cost : 0h 0m 21.625s
********************************************************************************************************************
Start the 10 rounds of NGS-ED iteration
	effective electronic model is modified as: kinetic energy t = 0.939605
	                                           effective interaction Vq = [-0.999971,-0.853252,-0.741965,-0.853252,-0.853252,-0.789587,-0.729005,-0.789587,-0.741965,-0.729005, -0.68222,-0.729005,-0.853252,-0.789587,-0.729005,-0.789587]
	PARPACK diagonalization completed after 30 matrix-vector product operations.
	iteration results: : total energy is -30.438962 | electron energy -30.469955 + phonon energy 0.030993 | electron momentum kIdx = 0
The 10-th iteration is completed.	|| time cost : 0h 0m 21.619s
********************************************************************************************************************
Start the 11 rounds of NGS-ED iteration
	effective electronic model is modified as: kinetic energy t = 0.939596
	                                           effective interaction Vq = [-0.999987,-0.853334,-0.741992,-0.853334,-0.853334,-0.789635,-0.729035,-0.789635,-0.741992,-0.729035,-0.682241,-0.729035,-0.853334,-0.789635,-0.729035,-0.789635]
	PARPACK diagonalization completed after 30 matrix-vector product operations.
	iteration results: : total energy is -30.439157 | electron energy -30.470182 + phonon energy 0.031026 | electron momentum kIdx = 0
	Nq(0) = 12.25,	Nq(1) = 0.26121,	Nq(2) = 0.311451,	Nq(3) = 0.26121,	Nq(4) = 0.26121,	Nq(5) = 0.376564,	Nq(6) = 0.437313,	Nq(7) = 0.376564,	Nq(8) = 0.311451,	Nq(9) = 0.437313,	Nq(10) = 0.487337,	Nq(11) = 0.437313,	Nq(12) = 0.26121,	Nq(13) = 0.376564,	Nq(14) = 0.437313,	Nq(15) = 0.376564,	Sq(0) = -2.80886e-17,	Sq(1) = 0.44082,	Sq(2) = 0.643134,	Sq(3) = 0.44082,	Sq(4) = 0.44082,	Sq(5) = 0.569899,	Sq(6) = 0.778718,	Sq(7) = 0.569899,	Sq(8) = 0.643134,	Sq(9) = 0.778718,	Sq(10) = 1.89539,	Sq(11) = 0.778718,	Sq(12) = 0.44082,	Sq(13) = 0.569899,	Sq(14) = 0.778718,	Sq(15) = 0.569899,	N(0) = 1.96149,	N(1) = 1.92809,	N(2) = 0.0531176,	N(3) = 1.92809,	N(4) = 1.92809,	N(5) = 0.99783,	N(6) = 0.0511681,	N(7) = 0.99783,	N(8) = 0.0531176,	N(9) = 0.0511681,	N(10) = 0.0239074,	N(11) = 0.0511681,	N(12) = 1.92809,	N(13) = 0.99783,	N(14) = 0.0511681,	N(15) = 0.99783,	Delta[s](0) = 0.190124,	Delta[s](1) = 0.15101,	Delta[s](2) = 0.100035,	Delta[s](3) = 0.15101,	Delta[s](4) = 0.15101,	Delta[s](5) = 0.123157,	Delta[s](6) = 0.0794181,	Delta[s](7) = 0.123157,	Delta[s](8) = 0.100035,	Delta[s](9) = 0.0794181,	Delta[s](10) = 0.0257622,	Delta[s](11) = 0.0794181,	Delta[s](12) = 0.15101,	Delta[s](13) = 0.123157,	Delta[s](14) = 0.0794181,	Delta[s](15) = 0.123157,	Delta[d](0) = 0.251523,	Delta[d](1) = 0.14928,	Delta[d](2) = 0.167256,	Delta[d](3) = 0.14928,	Delta[d](4) = 0.14928,	Delta[d](5) = 0.151002,	Delta[d](6) = 0.101081,	Delta[d](7) = 0.151002,	Delta[d](8) = 0.167256,	Delta[d](9) = 0.101081,	Delta[d](10) = 0.0251386,	Delta[d](11) = 0.101081,	Delta[d](12) = 0.14928,	Delta[d](13) = 0.151002,	Delta[d](14) = 0.101081,	Delta[d](15) = 0.151002,	Delta[s+](0) = 0.578259,	Delta[s+](1) = 0.430937,	Delta[s+](2) = 0.167256,	Delta[s+](3) = 0.430937,	Delta[s+](4) = 0.430937,	Delta[s+](5) = 0.290868,	Delta[s+](6) = 0.0973967,	Delta[s+](7) = 0.290868,	Delta[s+](8) = 0.167256,	Delta[s+](9) = 0.0973967,	Delta[s+](10) = 0.0178709,	Delta[s+](11) = 0.0973967,	Delta[s+](12) = 0.430937,	Delta[s+](13) = 0.290868,	Delta[s+](14) = 0.0973967,	Delta[s+](15) = 0.290868
The 11-th iteration is completed.	|| time cost : 0h 3m 59.379s
********************************************************************************************************************
********************************************************************************************************************
Ground state is obtained after 12 iterations. The current ground-state energy is -30.4392, in which electron energy is -30.4702 and phonon energy is 0.0310255
final variational state is: 
	Gamma_x = [      1,1.03131,1.03967,1.03131,1.03131,1.04782,1.05605,1.04782,1.03967,1.05605,1.06171,1.05605,1.03131,1.04782,1.05605,1.04782]
	lambda_q = [0.498793,0.308545,0.246035,0.308545,0.308545,0.270687,0.239737,0.270687,0.246035,0.239737,0.218154,0.239737,0.308545,0.270687,0.239737,0.270687]
The effective e-e interactions mediated by phonons are: [0.999994,0.853379,0.742007,0.853379,0.853379,0.789662,0.729052,0.789662,0.742007,0.729052,0.682252,0.729052,0.853379,0.789662,0.729052,0.789662]
The real-space interactions mediated by phonons are: [   -12.6546,  -0.462682, -0.0352427,  -0.148449,  -0.566397,   -0.28302, -0.0352427,  -0.137799,-0.00761293,  -0.137799, -0.0352427,   -0.28302,  -0.566397,  -0.148449, -0.0352427,  -0.462682]
********************************************************************************************************************
o___o  ----------------------------------------
| L |	Time since last clock: 0h 0m 0s
A===A	Time since the beginning: 0h 38m 47.879s
***********************************************

********************************************************************************************************************
Start warm-up calculation for scaling factor 2
open output files: NGSEDWarmUpW2Obs.txt
