SNEDics v3.22.2 Non-Gaussian ED ground state program		Start at Sun Apr 24 22:23:56 2022

Parallelization: 32 MPI threads  * 8 OpenMP threads = 256 total threads.
********************************************************************************************************************
********************************************************************************************************************

********************************************************************************************************************
System parameters and configurations
	special program options are enabled: splitted diagonal Hamiltonian | splitted Hamiltonian terms
********************************************************************************************************************
Read input file "model_params.in"
	Hubbard-Holstein model parameters : 	t = 1    t' = -0.3    U = 8    g = 0.2    W = 0.2    g' = 0.35    
********************************************************************************************************************
Read input file "hilbertspace_params.in"
	Requested 16-site 2D lattice, with 12 electrons (6, 6)
	Boundary : Periodic		Hilbert space representation : momentum-space (restricted to kIdx = 0)
	Conservation: particle number[U(1)]      spin[U(1)]     momentum
********************************************************************************************************************

Cluster Positions:				Cluster symmetry group : D4
 x ... x ... x ... x .....                       x ... x ... x ... x .....
 |           |           :                       |           |           :
 |           |           :                       |           |           :
12    13    14    15     x                       1     5     6     5     x
 |           |           :                       |           |           :
 |           |           :                       |           |           :
 8 --- 9 ---10 ---11 --- x                       2 --- 6 ---10 --- 6 --- x
 |           |           :                       |           |           :
 |           |           :                       |           |           :
 4     5     6     7     x                       1     5     6     5     x
 |           |           :                       |           |           :
 |           |           :                       |           |           :
 0 --- 1 --- 2 --- 3 --- x                       0 --- 1 --- 2 --- 1 --- x
orbital number : 1
********************************************************************************************************************
Read input file "obs_params.in"
	Observable Type : Nq(All),   Sq(All),   N(All-Orbital),   Delta[s](All),   Delta[d](All),   Delta[s+](All)
** WARNING ** the input observables have non-local factors which have been reinterpreted. The total observable number is 96
********************************************************************************************************************


********************************************************************************************************************
Start calculating the non-Gaussian ED ground state
Maximal iteration number is 1000; energy resolution is 1e-06. Phonon state relaxation time is 2000
W = 0.2 is relatively large. The non-Gaussian ED calculation starts directly.
open output files: NGSED_iteration_observables.txt
********************************************************************************************************************
Start the 0 rounds of NGS-ED iteration
	effective electronic model is modified as: kinetic energy t = 1, t' = -0.3
	                                           effective interaction Vq = [0,0,0,0,0,0,0,0,0,0,0,0,0,0,0,0]
	first Hamiltonian is constructed, size = 4008592 and non-zero numbers = 969952250
	PARPACK diagonalization completed after 135 matrix-vector product operations.
	iteration results: : total energy is -15.091341 | electron energy -15.091341 + phonon energy 0.000000 | electron momentum kIdx = 0
	Nq(0) = 9,	Nq(1) = 0.182775,	Nq(2) = 0.248843,	Nq(3) = 0.182775,	Nq(4) = 0.182775,	Nq(5) = 0.263236,	
	Nq(6) = 0.307436,	Nq(7) = 0.263236,	Nq(8) = 0.248843,	Nq(9) = 0.307436,	Nq(10) = 0.356784,	
	Nq(11) = 0.307436,	Nq(12) = 0.182775,	Nq(13) = 0.263236,	Nq(14) = 0.307436,	Nq(15) = 0.263236;	
	Sq(0) = 2.57275e-18,	Sq(1) = 0.523525,	Sq(2) = 0.451304,	Sq(3) = 0.523525,	Sq(4) = 0.523525,	
	Sq(5) = 0.707557,	Sq(6) = 1.00669,	Sq(7) = 0.707557,	Sq(8) = 0.451304,	Sq(9) = 1.00669,	
	Sq(10) = 1.27807,	Sq(11) = 1.00669,	Sq(12) = 0.523525,	Sq(13) = 0.707557,	Sq(14) = 1.00669,	
	Sq(15) = 0.707557;	N(0) = 1.72657,	N(1) = 1.59708,	N(2) = 1.0703,	N(3) = 1.59708,	
	N(4) = 1.59708,	N(5) = 0.264255,	N(6) = 0.153085,	N(7) = 0.264255,	N(8) = 1.0703,	
	N(9) = 0.153085,	N(10) = 0.0751403,	N(11) = 0.153085,	N(12) = 1.59708,	N(13) = 0.264255,	
	N(14) = 0.153085,	N(15) = 0.264255;	Delta[s](0) = 0.056766,	Delta[s](1) = 0.0390814,	Delta[s](2) = 0.0325646,	
	Delta[s](3) = 0.0390814,	Delta[s](4) = 0.0390814,	Delta[s](5) = 0.0231446,	Delta[s](6) = 0.0143525,	Delta[s](7) = 0.0231446,	
	Delta[s](8) = 0.0325646,	Delta[s](9) = 0.0143525,	Delta[s](10) = 0.00591886,	Delta[s](11) = 0.0143525,	Delta[s](12) = 0.0390814,	
	Delta[s](13) = 0.0231446,	Delta[s](14) = 0.0143525,	Delta[s](15) = 0.0231446;	Delta[d](0) = 0.516094,	Delta[d](1) = 0.257149,	
	Delta[d](2) = 0.262182,	Delta[d](3) = 0.257149,	Delta[d](4) = 0.257149,	Delta[d](5) = 0.142685,	Delta[d](6) = 0.158405,	
	Delta[d](7) = 0.142685,	Delta[d](8) = 0.262182,	Delta[d](9) = 0.158405,	Delta[d](10) = 0.112166,	Delta[d](11) = 0.158405,	
	Delta[d](12) = 0.257149,	Delta[d](13) = 0.142685,	Delta[d](14) = 0.158405,	Delta[d](15) = 0.142685;	Delta[s+](0) = 0.509446,	
	Delta[s+](1) = 0.351323,	Delta[s+](2) = 0.262182,	Delta[s+](3) = 0.351323,	Delta[s+](4) = 0.351323,	Delta[s+](5) = 0.15544,	
	Delta[s+](6) = 0.0670642,	Delta[s+](7) = 0.15544,	Delta[s+](8) = 0.262182,	Delta[s+](9) = 0.0670642,	Delta[s+](10) = 0.0144367,	
	Delta[s+](11) = 0.0670642,	Delta[s+](12) = 0.351323,	Delta[s+](13) = 0.15544,	Delta[s+](14) = 0.0670642,	Delta[s+](15) = 0.15544
	
The 0-th iteration is completed.	|| time cost : 0h 2m 5.833s
********************************************************************************************************************
Start the 1 rounds of NGS-ED iteration
	effective electronic model is modified as: kinetic energy t = 0.953522, t' = -0.28925
	                                           effective interaction Vq = [     -12.8, -0.874546,-0.0168222, -0.874546, -0.874546, -0.018143, -0.102003, -0.018143,-0.0168222, -0.102003,  -2.99799, -0.102003, -0.874546, -0.018143, -0.102003, -0.018143]
	PARPACK diagonalization completed after 60 matrix-vector product operations.
	iteration results: : total energy is -131.114810 | electron energy -131.593723 + phonon energy 0.478913 | electron momentum kIdx = 0
The 1-th iteration is completed.	|| time cost : 0h 1m 20.627s
********************************************************************************************************************
Start the 2 rounds of NGS-ED iteration
	effective electronic model is modified as: kinetic energy t = 0.912785, t' = -0.285211
	                                           effective interaction Vq = [     -12.8,  -1.14245, -0.016335,  -1.14245,  -1.14245,-0.0180176, -0.100568,-0.0180176, -0.016335, -0.100568,  -5.75904, -0.100568,  -1.14245,-0.0180176, -0.100568,-0.0180176]
	PARPACK diagonalization completed after 120 matrix-vector product operations.
	iteration results: : total energy is -139.993394 | electron energy -141.162291 + phonon energy 1.168897 | electron momentum kIdx = 0
The 2-th iteration is completed.	|| time cost : 0h 0m 21.796s
********************************************************************************************************************
Start the 3 rounds of NGS-ED iteration
	effective electronic model is modified as: kinetic energy t = 0.763674, t' = -0.245476
	                                           effective interaction Vq = [     -12.8,  -2.61635,-0.0107553,  -2.61635,  -2.61635,-0.0223995, -0.163456,-0.0223995,-0.0107553, -0.163456,  -7.19553, -0.163456,  -2.61635,-0.0223995, -0.163456,-0.0223995]
	PARPACK diagonalization completed after 60 matrix-vector product operations.
	iteration results: : total energy is -151.378293 | electron energy -153.104247 + phonon energy 1.725954 | electron momentum kIdx = 0
The 3-th iteration is completed.	|| time cost : 0h 0m 13.534s
********************************************************************************************************************
Start the 4 rounds of NGS-ED iteration
	effective electronic model is modified as: kinetic energy t = 0.577788, t' = -0.183326
	                                           effective interaction Vq = [     -12.8,  -3.54237,-0.0142595,  -3.54237,  -3.54237,-0.0153035, -0.435938,-0.0153035,-0.0142595, -0.435938,  -7.19868, -0.435938,  -3.54237,-0.0153035, -0.435938,-0.0153035]
	PARPACK diagonalization completed after 150 matrix-vector product operations.
	iteration results: : total energy is -152.103876 | electron energy -153.446557 + phonon energy 1.342680 | electron momentum kIdx = 0
The 4-th iteration is completed.	|| time cost : 0h 0m 25.402s
********************************************************************************************************************
Start the 5 rounds of NGS-ED iteration
	effective electronic model is modified as: kinetic energy t = 0.440601, t' = -0.148515
	                                           effective interaction Vq = [     -12.8,  -3.72551,-0.0150505,  -3.72551,  -3.72551,-0.0127763, -0.702478,-0.0127763,-0.0150505, -0.702478,  -7.19937, -0.702478,  -3.72551,-0.0127763, -0.702478,-0.0127763]
	PARPACK diagonalization completed after 45 matrix-vector product operations.
	iteration results: : total energy is -152.255103 | electron energy -153.337295 + phonon energy 1.082192 | electron momentum kIdx = 0
The 5-th iteration is completed.	|| time cost : 0h 0m 11.484s
********************************************************************************************************************
Start the 6 rounds of NGS-ED iteration
	effective electronic model is modified as: kinetic energy t = 0.250128, t' = -0.0903957
	                                           effective interaction Vq = [     -12.8,  -3.90015,-0.0209883,  -3.90015,  -3.90015,-0.0177438, -0.988508,-0.0177438,-0.0209883, -0.988508,  -7.19973, -0.988508,  -3.90015,-0.0177438, -0.988508,-0.0177438]
	PARPACK diagonalization completed after 45 matrix-vector product operations.
	iteration results: : total energy is -152.462313 | electron energy -153.209113 + phonon energy 0.746800 | electron momentum kIdx = 0
The 6-th iteration is completed.	|| time cost : 0h 0m 11.119s
********************************************************************************************************************
Start the 7 rounds of NGS-ED iteration
	effective electronic model is modified as: kinetic energy t = 6.34036e-05, t' = -0.000264839
	                                           effective interaction Vq = [    -12.8,    -4.05,-0.199678,    -4.05,    -4.05,-0.199748,    -1.25,-0.199748,-0.199678,    -1.25,     -7.2,    -1.25,    -4.05,-0.199748,    -1.25,-0.199748]
	PARPACK diagonalization completed after 30 matrix-vector product operations.
	iteration results: : total energy is -153.299982 | electron energy -153.299997 + phonon energy 0.000015 | electron momentum kIdx = 0
The 7-th iteration is completed.	|| time cost : 0h 0m 9.533s
********************************************************************************************************************
Start the 8 rounds of NGS-ED iteration
	effective electronic model is modified as: kinetic energy t = 8.47744e-05, t' = -0.000397774
	                                           effective interaction Vq = [     -12.8,     -4.05,-0.0168332,     -4.05,     -4.05,-0.0167572,     -1.25,-0.0167572,-0.0168332,     -1.25,      -7.2,     -1.25,     -4.05,-0.0167572,     -1.25,-0.0167572]
	PARPACK diagonalization completed after 45 matrix-vector product operations.
	iteration results: : total energy is -153.300002 | electron energy -153.300002 + phonon energy 0.000000 | electron momentum kIdx = 0
The 8-th iteration is completed.	|| time cost : 0h 0m 11.396s
********************************************************************************************************************
Start the 9 rounds of NGS-ED iteration
	effective electronic model is modified as: kinetic energy t = 8.47278e-05, t' = -0.000397488
	                                           effective interaction Vq = [     -12.8,     -4.05,-0.0230022,     -4.05,     -4.05,-0.0229055,     -1.25,-0.0229055,-0.0230022,     -1.25,      -7.2,     -1.25,     -4.05,-0.0229055,     -1.25,-0.0229055]
	PARPACK diagonalization completed after 30 matrix-vector product operations.
	iteration results: : total energy is -153.300002 | electron energy -153.300002 + phonon energy 0.000000 | electron momentum kIdx = 0
The 9-th iteration is completed.	|| time cost : 0h 0m 9.384s
********************************************************************************************************************
Start the 10 rounds of NGS-ED iteration
	effective electronic model is modified as: kinetic energy t = 8.47275e-05, t' = -0.000397486
	                                           effective interaction Vq = [     -12.8,     -4.05,-0.0230349,     -4.05,     -4.05,-0.0229382,     -1.25,-0.0229382,-0.0230349,     -1.25,      -7.2,     -1.25,     -4.05,-0.0229382,     -1.25,-0.0229382]
	PARPACK diagonalization completed after 30 matrix-vector product operations.
	iteration results: : total energy is -153.300002 | electron energy -153.300002 + phonon energy 0.000000 | electron momentum kIdx = 0
The 10-th iteration is completed.	|| time cost : 0h 0m 9.39s
********************************************************************************************************************
Start the 11 rounds of NGS-ED iteration
	effective electronic model is modified as: kinetic energy t = 8.47275e-05, t' = -0.000397486
	                                           effective interaction Vq = [     -12.8,     -4.05,-0.0230351,     -4.05,     -4.05,-0.0229384,     -1.25,-0.0229384,-0.0230351,     -1.25,      -7.2,     -1.25,     -4.05,-0.0229384,     -1.25,-0.0229384]
	PARPACK diagonalization completed after 30 matrix-vector product operations.
	iteration results: : total energy is -153.300002 | electron energy -153.300002 + phonon energy 0.000000 | electron momentum kIdx = 0
The 11-th iteration is completed.	|| time cost : 0h 0m 9.422s
********************************************************************************************************************
Start the 12 rounds of NGS-ED iteration
	effective electronic model is modified as: kinetic energy t = 8.47275e-05, t' = -0.000397486
	                                           effective interaction Vq = [     -12.8,     -4.05,-0.0230351,     -4.05,     -4.05,-0.0229384,     -1.25,-0.0229384,-0.0230351,     -1.25,      -7.2,     -1.25,     -4.05,-0.0229384,     -1.25,-0.0229384]
	PARPACK diagonalization completed after 30 matrix-vector product operations.
	iteration results: : total energy is -153.300002 | electron energy -153.300002 + phonon energy 0.000000 | electron momentum kIdx = 0
	Nq(0) = 9,	Nq(1) = 0.25,	Nq(2) = 1.7104e-07,	Nq(3) = 0.25,	Nq(4) = 0.25,	Nq(5) = 8.56558e-08,	
	Nq(6) = 0.25,	Nq(7) = 8.56558e-08,	Nq(8) = 1.7104e-07,	Nq(9) = 0.25,	Nq(10) = 9,	
	Nq(11) = 0.25,	Nq(12) = 0.25,	Nq(13) = 8.56558e-08,	Nq(14) = 0.25,	Nq(15) = 8.56558e-08;	
	Sq(0) = -8.60422e-20,	Sq(1) = 0.25,	Sq(2) = 0.666666,	Sq(3) = 0.25,	Sq(4) = 0.25,	
	Sq(5) = 0.166667,	Sq(6) = 0.25,	Sq(7) = 0.166667,	Sq(8) = 0.666666,	Sq(9) = 0.25,	
	Sq(10) = 5.42965e-10,	Sq(11) = 0.25,	Sq(12) = 0.25,	Sq(13) = 0.166667,	Sq(14) = 0.25,	
	Sq(15) = 0.166667;	N(0) = 0.499347,	N(1) = 1.00003,	N(2) = 0.500678,	N(3) = 1.00003,	
	N(4) = 1.00003,	N(5) = 0.5,	N(6) = 0.999973,	N(7) = 0.5,	N(8) = 0.500678,	
	N(9) = 0.999973,	N(10) = 0.499297,	N(11) = 0.999973,	N(12) = 1.00003,	N(13) = 0.5,	
	N(14) = 0.999973,	N(15) = 0.5;	Delta[s](0) = 0.25,	Delta[s](1) = 0.25,	Delta[s](2) = 0.25,	
	Delta[s](3) = 0.25,	Delta[s](4) = 0.25,	Delta[s](5) = 0.25,	Delta[s](6) = 0.25,	Delta[s](7) = 0.25,	
	Delta[s](8) = 0.25,	Delta[s](9) = 0.25,	Delta[s](10) = 0.25,	Delta[s](11) = 0.25,	Delta[s](12) = 0.25,	
	Delta[s](13) = 0.25,	Delta[s](14) = 0.25,	Delta[s](15) = 0.25;	Delta[d](0) = 1.37457e-10,	Delta[d](1) = 1.2253e-10,	
	Delta[d](2) = 1.07648e-10,	Delta[d](3) = 1.2253e-10,	Delta[d](4) = 1.2253e-10,	Delta[d](5) = 1.07556e-10,	Delta[d](6) = 9.26261e-11,	
	Delta[d](7) = 1.07556e-10,	Delta[d](8) = 1.07648e-10,	Delta[d](9) = 9.26261e-11,	Delta[d](10) = 7.7649e-11,	Delta[d](11) = 9.26261e-11,	
	Delta[d](12) = 1.2253e-10,	Delta[d](13) = 1.07556e-10,	Delta[d](14) = 9.26261e-11,	Delta[d](15) = 1.07556e-10;	Delta[s+](0) = 1.37953e-10,	
	Delta[s+](1) = 1.22778e-10,	Delta[s+](2) = 1.07648e-10,	Delta[s+](3) = 1.22778e-10,	Delta[s+](4) = 1.22778e-10,	Delta[s+](5) = 1.07651e-10,	
	Delta[s+](6) = 9.25682e-11,	Delta[s+](7) = 1.07651e-10,	Delta[s+](8) = 1.07648e-10,	Delta[s+](9) = 9.25682e-11,	Delta[s+](10) = 7.75332e-11,	
	Delta[s+](11) = 9.25682e-11,	Delta[s+](12) = 1.22778e-10,	Delta[s+](13) = 1.07651e-10,	Delta[s+](14) = 9.25682e-11,	Delta[s+](15) = 1.07651e-10
	
The 12-th iteration is completed.	|| time cost : 0h 1m 22.161s
********************************************************************************************************************
********************************************************************************************************************
Ground state is obtained after 13 iterations. The current ground-state energy is -153.3, in which electron energy is -153.3 and phonon energy is 6.61773e-10
Final variational state is: 
	Gamma_x = [      1,1.00005,      1,1.00005,1.00005,      1,1.00002,      1,      1,1.00002,      1,1.00002,1.00005,      1,1.00002,      1]
	lambda_q = [        8,  4.49998,0.0593489,  4.49998,  4.49998,0.0590919, -2.49999,0.0590919,0.0593489, -2.49999,       -6, -2.49999,  4.49998,0.0590919, -2.49999,0.0590919]
Effective e-e interactions mediated by phonons are:
	momentum-space Vq = [     -12.8,     -4.05,-0.0230351,     -4.05,     -4.05,-0.0229384,     -1.25,-0.0229384,-0.0230351,     -1.25,      -7.2,     -1.25,     -4.05,-0.0229384,     -1.25,-0.0229384]
	real-space Vr = [    -2.58361,        -0.7,    -1.24714,        -0.7,        -0.7,    -1.24712,-1.01806e-11,    -1.24712,    -1.24714,-1.01597e-11,    0.066386,-1.01507e-11,        -0.7,    -1.24712,-1.01716e-11,    -1.24712]
********************************************************************************************************************
o___o  ----------------------------------------
| L |	Time since last clock: 0h 0m 0.009s
A===A	Time since the beginning: 0h 7m 1.097s
***********************************************


Non-Gaussina ED ground state calculation is completed. The final ground-state energy is -153.3
********************************************************************************************************************
o___o  ----------------------------------------
| L |	Time since last clock: 0h 0m 0.005s
A===A	Time since the beginning: 0h 7m 1.103s
***********************************************



********************************************************************************************************************
All non-Gaussian ED ground state calculations have been completed. Exit now.
