SNEDics v3.22.2 Non-Gaussian ED ground state program		Start at Sun Jun 19 17:36:20 2022

Parallelization: 32 MPI threads  * 8 OpenMP threads = 256 total threads.
********************************************************************************************************************
********************************************************************************************************************

********************************************************************************************************************
System parameters and configurations
	special program options are enabled: splitted diagonal Hamiltonian | splitted Hamiltonian terms
********************************************************************************************************************
Read input file "model_params.in"
	Hubbard-Holstein model parameters : 	t = 1    t' = -0.3    U = 8    g = 0.85    W = 0.2    g' = 0.6    
********************************************************************************************************************
Read input file "hilbertspace_params.in"
	Requested 16-site 2D lattice, with 12 electrons (6, 6)
	Boundary : Periodic		Hilbert space representation : momentum-space (restricted to kIdx = 10)
	Conservation: particle number[U(1)]      spin[U(1)]     momentum
********************************************************************************************************************

Cluster Positions:				Cluster symmetry group : D4
 x ... x ... x ... x .....                       x ... x ... x ... x .....
 |           |           :                       |           |           :
 |           |           :                       |           |           :
12    13    14    15     x                       1     5     6     5     x
 |           |           :                       |           |           :
 |           |           :                       |           |           :
 8 --- 9 ---10 ---11 --- x                       2 --- 6 ---10 --- 6 --- x
 |           |           :                       |           |           :
 |           |           :                       |           |           :
 4     5     6     7     x                       1     5     6     5     x
 |           |           :                       |           |           :
 |           |           :                       |           |           :
 0 --- 1 --- 2 --- 3 --- x                       0 --- 1 --- 2 --- 1 --- x
orbital number : 1
********************************************************************************************************************
Read input file "obs_params.in"
	Observable Type : Nq(All),   Sq(All),   N(All-Orbital),   Delta[s](All),   Delta[d](All),   Delta[s+](All)
** WARNING ** the input observables have non-local factors which have been reinterpreted. The total observable number is 96
********************************************************************************************************************


********************************************************************************************************************
Start calculating the non-Gaussian ED ground state
Maximal iteration number is 1000; energy resolution is 1e-06. Phonon state relaxation time is 2000
W = 0.2 is relatively large. The non-Gaussian ED calculation starts directly.
open output files: NGSED_iteration_observables.txt
********************************************************************************************************************
Start the 0 rounds of NGS-ED iteration
	effective electronic model is modified as: kinetic energy t = 1, t' = -0.3
	                                           effective interaction Vq = [0,0,0,0,0,0,0,0,0,0,0,0,0,0,0,0]
	first Hamiltonian is constructed, size = 4008592 and non-zero numbers = 969952276
	PARPACK diagonalization completed after 120 matrix-vector product operations.
	iteration results: : total energy is -14.904199 | electron energy -14.904199 + phonon energy 0.000000 | electron momentum kIdx = 10
	Nq(0) = 9,	Nq(1) = 0.183693,	Nq(2) = 0.250775,	Nq(3) = 0.183693,	Nq(4) = 0.183693,	Nq(5) = 0.258947,	
	Nq(6) = 0.308855,	Nq(7) = 0.258947,	Nq(8) = 0.250775,	Nq(9) = 0.308855,	Nq(10) = 0.355902,	
	Nq(11) = 0.308855,	Nq(12) = 0.183693,	Nq(13) = 0.258947,	Nq(14) = 0.308855,	Nq(15) = 0.258947;	
	Sq(0) = 3.45099e-18,	Sq(1) = 0.504384,	Sq(2) = 0.469115,	Sq(3) = 0.504384,	Sq(4) = 0.504384,	
	Sq(5) = 0.735911,	Sq(6) = 0.943053,	Sq(7) = 0.735911,	Sq(8) = 0.469115,	Sq(9) = 0.943053,	
	Sq(10) = 1.46495,	Sq(11) = 0.943053,	Sq(12) = 0.504384,	Sq(13) = 0.735911,	Sq(14) = 0.943053,	
	Sq(15) = 0.735911;	N(0) = 1.70338,	N(1) = 1.58882,	N(2) = 1.04187,	N(3) = 1.58882,	
	N(4) = 1.58882,	N(5) = 0.289608,	N(6) = 0.157281,	N(7) = 0.289608,	N(8) = 1.04187,	
	N(9) = 0.157281,	N(10) = 0.0700575,	N(11) = 0.157281,	N(12) = 1.58882,	N(13) = 0.289608,	
	N(14) = 0.157281,	N(15) = 0.289608;	Delta[s](0) = 0.0316093,	Delta[s](1) = 0.0291758,	Delta[s](2) = 0.0272996,	
	Delta[s](3) = 0.0291758,	Delta[s](4) = 0.0291758,	Delta[s](5) = 0.0267073,	Delta[s](6) = 0.0247871,	Delta[s](7) = 0.0267073,	
	Delta[s](8) = 0.0272996,	Delta[s](9) = 0.0247871,	Delta[s](10) = 0.0228277,	Delta[s](11) = 0.0247871,	Delta[s](12) = 0.0291758,	
	Delta[s](13) = 0.0267073,	Delta[s](14) = 0.0247871,	Delta[s](15) = 0.0267073;	Delta[d](0) = 0.224462,	Delta[d](1) = 0.194101,	
	Delta[d](2) = 0.212728,	Delta[d](3) = 0.194101,	Delta[d](4) = 0.194101,	Delta[d](5) = 0.163527,	Delta[d](6) = 0.184799,	
	Delta[d](7) = 0.163527,	Delta[d](8) = 0.212728,	Delta[d](9) = 0.184799,	Delta[d](10) = 0.212194,	Delta[d](11) = 0.184799,	
	Delta[d](12) = 0.194101,	Delta[d](13) = 0.163527,	Delta[d](14) = 0.184799,	Delta[d](15) = 0.163527;	Delta[s+](0) = 0.354731,	
	Delta[s+](1) = 0.263417,	Delta[s+](2) = 0.212728,	Delta[s+](3) = 0.263417,	Delta[s+](4) = 0.263417,	Delta[s+](5) = 0.164532,	
	Delta[s+](6) = 0.11411,	Delta[s+](7) = 0.164532,	Delta[s+](8) = 0.212728,	Delta[s+](9) = 0.11411,	Delta[s+](10) = 0.0701334,	
	Delta[s+](11) = 0.11411,	Delta[s+](12) = 0.263417,	Delta[s+](13) = 0.164532,	Delta[s+](14) = 0.11411,	Delta[s+](15) = 0.164532
	
The 0-th iteration is completed.	|| time cost : 0h 2m 2.929s
********************************************************************************************************************
Start the 1 rounds of NGS-ED iteration
	effective electronic model is modified as: kinetic energy t = 0.618767, t' = -0.147128
	                                           effective interaction Vq = [  -52.8125,  -18.3597,   -1.1043,  -18.3597,  -18.3597,  -1.23688,-0.0727717,  -1.23688,   -1.1043,-0.0727717,  -9.27289,-0.0727717,  -18.3597,  -1.23688,-0.0727717,  -1.23688]
	PARPACK diagonalization completed after 180 matrix-vector product operations.
	iteration results: : total energy is -629.214888 | electron energy -633.768668 + phonon energy 4.553781 | electron momentum kIdx = 10
The 1-th iteration is completed.	|| time cost : 0h 1m 35.203s
********************************************************************************************************************
Start the 2 rounds of NGS-ED iteration
	effective electronic model is modified as: kinetic energy t = 3.93971e-13, t' = -6.53697e-17
	                                           effective interaction Vq = [-52.8125,-21.0125, -3.6125,-21.0125,-21.0125, -3.6125, -0.6125, -3.6125, -3.6125, -0.6125,-12.0125, -0.6125,-21.0125, -3.6125, -0.6125, -3.6125]
	PARPACK diagonalization completed after 45 matrix-vector product operations.
	iteration results: : total energy is -669.900000 | electron energy -669.900000 + phonon energy 0.000000 | electron momentum kIdx = 10
The 2-th iteration is completed.	|| time cost : 0h 0m 11.2s
********************************************************************************************************************
Start the 3 rounds of NGS-ED iteration
	effective electronic model is modified as: kinetic energy t = 3.93702e-13, t' = -6.53697e-17
	                                           effective interaction Vq = [-52.8125,-21.0125, -3.6125,-21.0125,-21.0125, -3.6125, -0.6125, -3.6125, -3.6125, -0.6125,-12.0125, -0.6125,-21.0125, -3.6125, -0.6125, -3.6125]
	PARPACK diagonalization completed after 30 matrix-vector product operations.
	iteration results: : total energy is -669.900000 | electron energy -669.900000 + phonon energy 0.000000 | electron momentum kIdx = 10
The 3-th iteration is completed.	|| time cost : 0h 0m 9.14s
********************************************************************************************************************
Start the 4 rounds of NGS-ED iteration
	effective electronic model is modified as: kinetic energy t = 3.94991e-13, t' = -6.53697e-17
	                                           effective interaction Vq = [-52.8125,-21.0125, -3.6125,-21.0125,-21.0125, -3.6125, -0.6125, -3.6125, -3.6125, -0.6125,-12.0125, -0.6125,-21.0125, -3.6125, -0.6125, -3.6125]
	PARPACK diagonalization completed after 30 matrix-vector product operations.
	iteration results: : total energy is -669.900000 | electron energy -669.900000 + phonon energy 0.000000 | electron momentum kIdx = 10
The 4-th iteration is completed.	|| time cost : 0h 0m 9.163s
********************************************************************************************************************
Start the 5 rounds of NGS-ED iteration
	effective electronic model is modified as: kinetic energy t = 3.93732e-13, t' = -6.53697e-17
	                                           effective interaction Vq = [-52.8125,-21.0125, -3.6125,-21.0125,-21.0125, -3.6125, -0.6125, -3.6125, -3.6125, -0.6125,-12.0125, -0.6125,-21.0125, -3.6125, -0.6125, -3.6125]
	PARPACK diagonalization completed after 30 matrix-vector product operations.
	iteration results: : total energy is -669.900000 | electron energy -669.900000 + phonon energy 0.000000 | electron momentum kIdx = 10
The 5-th iteration is completed.	|| time cost : 0h 0m 9.157s
********************************************************************************************************************
Start the 6 rounds of NGS-ED iteration
	effective electronic model is modified as: kinetic energy t = 3.93918e-13, t' = -6.53697e-17
	                                           effective interaction Vq = [-52.8125,-21.0125, -3.6125,-21.0125,-21.0125, -3.6125, -0.6125, -3.6125, -3.6125, -0.6125,-12.0125, -0.6125,-21.0125, -3.6125, -0.6125, -3.6125]
	PARPACK diagonalization completed after 30 matrix-vector product operations.
	iteration results: : total energy is -669.900000 | electron energy -669.900000 + phonon energy 0.000000 | electron momentum kIdx = 10
The 6-th iteration is completed.	|| time cost : 0h 0m 9.142s
********************************************************************************************************************
Start the 7 rounds of NGS-ED iteration
	effective electronic model is modified as: kinetic energy t = 3.93871e-13, t' = -6.53697e-17
	                                           effective interaction Vq = [-52.8125,-21.0125, -3.6125,-21.0125,-21.0125, -3.6125, -0.6125, -3.6125, -3.6125, -0.6125,-12.0125, -0.6125,-21.0125, -3.6125, -0.6125, -3.6125]
	PARPACK diagonalization completed after 30 matrix-vector product operations.
	iteration results: : total energy is -669.900000 | electron energy -669.900000 + phonon energy 0.000000 | electron momentum kIdx = 10
The 7-th iteration is completed.	|| time cost : 0h 0m 9.163s
********************************************************************************************************************
Start the 8 rounds of NGS-ED iteration
	effective electronic model is modified as: kinetic energy t = 3.93896e-13, t' = -6.53697e-17
	                                           effective interaction Vq = [-52.8125,-21.0125, -3.6125,-21.0125,-21.0125, -3.6125, -0.6125, -3.6125, -3.6125, -0.6125,-12.0125, -0.6125,-21.0125, -3.6125, -0.6125, -3.6125]
	PARPACK diagonalization completed after 30 matrix-vector product operations.
	iteration results: : total energy is -669.900000 | electron energy -669.900000 + phonon energy 0.000000 | electron momentum kIdx = 10
The 8-th iteration is completed.	|| time cost : 0h 0m 9.14s
********************************************************************************************************************
Start the 9 rounds of NGS-ED iteration
	effective electronic model is modified as: kinetic energy t = 3.93873e-13, t' = -6.53697e-17
	                                           effective interaction Vq = [-52.8125,-21.0125, -3.6125,-21.0125,-21.0125, -3.6125, -0.6125, -3.6125, -3.6125, -0.6125,-12.0125, -0.6125,-21.0125, -3.6125, -0.6125, -3.6125]
	PARPACK diagonalization completed after 30 matrix-vector product operations.
	iteration results: : total energy is -669.900000 | electron energy -669.900000 + phonon energy 0.000000 | electron momentum kIdx = 10
The 9-th iteration is completed.	|| time cost : 0h 0m 9.165s
********************************************************************************************************************
Start the 10 rounds of NGS-ED iteration
	effective electronic model is modified as: kinetic energy t = 3.935e-13, t' = -6.53697e-17
	                                           effective interaction Vq = [-52.8125,-21.0125, -3.6125,-21.0125,-21.0125, -3.6125, -0.6125, -3.6125, -3.6125, -0.6125,-12.0125, -0.6125,-21.0125, -3.6125, -0.6125, -3.6125]
	PARPACK diagonalization completed after 30 matrix-vector product operations.
	iteration results: : total energy is -669.900000 | electron energy -669.900000 + phonon energy 0.000000 | electron momentum kIdx = 10
The 10-th iteration is completed.	|| time cost : 0h 0m 9.163s
********************************************************************************************************************
Start the 11 rounds of NGS-ED iteration
	effective electronic model is modified as: kinetic energy t = 3.93832e-13, t' = -6.53697e-17
	                                           effective interaction Vq = [-52.8125,-21.0125, -3.6125,-21.0125,-21.0125, -3.6125, -0.6125, -3.6125, -3.6125, -0.6125,-12.0125, -0.6125,-21.0125, -3.6125, -0.6125, -3.6125]
	PARPACK diagonalization completed after 30 matrix-vector product operations.
	iteration results: : total energy is -669.900000 | electron energy -669.900000 + phonon energy 0.000000 | electron momentum kIdx = 10
The 11-th iteration is completed.	|| time cost : 0h 0m 9.143s
********************************************************************************************************************
Start the 12 rounds of NGS-ED iteration
	effective electronic model is modified as: kinetic energy t = 3.93841e-13, t' = -6.53697e-17
	                                           effective interaction Vq = [-52.8125,-21.0125, -3.6125,-21.0125,-21.0125, -3.6125, -0.6125, -3.6125, -3.6125, -0.6125,-12.0125, -0.6125,-21.0125, -3.6125, -0.6125, -3.6125]
	PARPACK diagonalization completed after 30 matrix-vector product operations.
	iteration results: : total energy is -669.900000 | electron energy -669.900000 + phonon energy 0.000000 | electron momentum kIdx = 10
The 12-th iteration is completed.	|| time cost : 0h 0m 9.162s
********************************************************************************************************************
Start the 13 rounds of NGS-ED iteration
	effective electronic model is modified as: kinetic energy t = 3.93915e-13, t' = -6.53697e-17
	                                           effective interaction Vq = [-52.8125,-21.0125, -3.6125,-21.0125,-21.0125, -3.6125, -0.6125, -3.6125, -3.6125, -0.6125,-12.0125, -0.6125,-21.0125, -3.6125, -0.6125, -3.6125]
	PARPACK diagonalization completed after 30 matrix-vector product operations.
	iteration results: : total energy is -669.900000 | electron energy -669.900000 + phonon energy 0.000000 | electron momentum kIdx = 10
The 13-th iteration is completed.	|| time cost : 0h 0m 9.175s
********************************************************************************************************************
Start the 14 rounds of NGS-ED iteration
	effective electronic model is modified as: kinetic energy t = 3.93907e-13, t' = -6.53697e-17
	                                           effective interaction Vq = [-52.8125,-21.0125, -3.6125,-21.0125,-21.0125, -3.6125, -0.6125, -3.6125, -3.6125, -0.6125,-12.0125, -0.6125,-21.0125, -3.6125, -0.6125, -3.6125]
	PARPACK diagonalization completed after 30 matrix-vector product operations.
	iteration results: : total energy is -669.900000 | electron energy -669.900000 + phonon energy 0.000000 | electron momentum kIdx = 10
The 14-th iteration is completed.	|| time cost : 0h 0m 9.162s
********************************************************************************************************************
Start the 15 rounds of NGS-ED iteration
	effective electronic model is modified as: kinetic energy t = 3.93636e-13, t' = -6.53697e-17
	                                           effective interaction Vq = [-52.8125,-21.0125, -3.6125,-21.0125,-21.0125, -3.6125, -0.6125, -3.6125, -3.6125, -0.6125,-12.0125, -0.6125,-21.0125, -3.6125, -0.6125, -3.6125]
	PARPACK diagonalization completed after 30 matrix-vector product operations.
	iteration results: : total energy is -669.900000 | electron energy -669.900000 + phonon energy 0.000000 | electron momentum kIdx = 10
The 15-th iteration is completed.	|| time cost : 0h 0m 9.163s
********************************************************************************************************************
Start the 16 rounds of NGS-ED iteration
	effective electronic model is modified as: kinetic energy t = 3.94146e-13, t' = -6.53697e-17
	                                           effective interaction Vq = [-52.8125,-21.0125, -3.6125,-21.0125,-21.0125, -3.6125, -0.6125, -3.6125, -3.6125, -0.6125,-12.0125, -0.6125,-21.0125, -3.6125, -0.6125, -3.6125]
	PARPACK diagonalization completed after 30 matrix-vector product operations.
	iteration results: : total energy is -669.900000 | electron energy -669.900000 + phonon energy 0.000000 | electron momentum kIdx = 10
The 16-th iteration is completed.	|| time cost : 0h 0m 9.155s
********************************************************************************************************************
Start the 17 rounds of NGS-ED iteration
	effective electronic model is modified as: kinetic energy t = 3.93925e-13, t' = -6.53697e-17
	                                           effective interaction Vq = [-52.8125,-21.0125, -3.6125,-21.0125,-21.0125, -3.6125, -0.6125, -3.6125, -3.6125, -0.6125,-12.0125, -0.6125,-21.0125, -3.6125, -0.6125, -3.6125]
	PARPACK diagonalization completed after 30 matrix-vector product operations.
	iteration results: : total energy is -669.900000 | electron energy -669.900000 + phonon energy 0.000000 | electron momentum kIdx = 10
The 17-th iteration is completed.	|| time cost : 0h 0m 9.165s
********************************************************************************************************************
Start the 18 rounds of NGS-ED iteration
	effective electronic model is modified as: kinetic energy t = 3.93907e-13, t' = -6.53697e-17
	                                           effective interaction Vq = [-52.8125,-21.0125, -3.6125,-21.0125,-21.0125, -3.6125, -0.6125, -3.6125, -3.6125, -0.6125,-12.0125, -0.6125,-21.0125, -3.6125, -0.6125, -3.6125]
	PARPACK diagonalization completed after 30 matrix-vector product operations.
	iteration results: : total energy is -669.900000 | electron energy -669.900000 + phonon energy 0.000000 | electron momentum kIdx = 10
The 18-th iteration is completed.	|| time cost : 0h 0m 9.187s
********************************************************************************************************************
Start the 19 rounds of NGS-ED iteration
	effective electronic model is modified as: kinetic energy t = 3.94267e-13, t' = -6.53697e-17
	                                           effective interaction Vq = [-52.8125,-21.0125, -3.6125,-21.0125,-21.0125, -3.6125, -0.6125, -3.6125, -3.6125, -0.6125,-12.0125, -0.6125,-21.0125, -3.6125, -0.6125, -3.6125]
	PARPACK diagonalization completed after 30 matrix-vector product operations.
	iteration results: : total energy is -669.900000 | electron energy -669.900000 + phonon energy 0.000000 | electron momentum kIdx = 10
The 19-th iteration is completed.	|| time cost : 0h 0m 9.168s
********************************************************************************************************************
Start the 20 rounds of NGS-ED iteration
	effective electronic model is modified as: kinetic energy t = 3.92753e-13, t' = -6.53697e-17
	                                           effective interaction Vq = [-52.8125,-21.0125, -3.6125,-21.0125,-21.0125, -3.6125, -0.6125, -3.6125, -3.6125, -0.6125,-12.0125, -0.6125,-21.0125, -3.6125, -0.6125, -3.6125]
	PARPACK diagonalization completed after 30 matrix-vector product operations.
	iteration results: : total energy is -669.900000 | electron energy -669.900000 + phonon energy 0.000000 | electron momentum kIdx = 10
The 20-th iteration is completed.	|| time cost : 0h 0m 9.183s
********************************************************************************************************************
Start the 21 rounds of NGS-ED iteration
	effective electronic model is modified as: kinetic energy t = 3.94043e-13, t' = -6.53697e-17
	                                           effective interaction Vq = [-52.8125,-21.0125, -3.6125,-21.0125,-21.0125, -3.6125, -0.6125, -3.6125, -3.6125, -0.6125,-12.0125, -0.6125,-21.0125, -3.6125, -0.6125, -3.6125]
	PARPACK diagonalization completed after 30 matrix-vector product operations.
	iteration results: : total energy is -669.900000 | electron energy -669.900000 + phonon energy 0.000000 | electron momentum kIdx = 10
The 21-th iteration is completed.	|| time cost : 0h 0m 9.171s
********************************************************************************************************************
Start the 22 rounds of NGS-ED iteration
	effective electronic model is modified as: kinetic energy t = 3.93781e-13, t' = -6.53697e-17
	                                           effective interaction Vq = [-52.8125,-21.0125, -3.6125,-21.0125,-21.0125, -3.6125, -0.6125, -3.6125, -3.6125, -0.6125,-12.0125, -0.6125,-21.0125, -3.6125, -0.6125, -3.6125]
	PARPACK diagonalization completed after 30 matrix-vector product operations.
	iteration results: : total energy is -669.900000 | electron energy -669.900000 + phonon energy 0.000000 | electron momentum kIdx = 10
The 22-th iteration is completed.	|| time cost : 0h 0m 9.183s
********************************************************************************************************************
Start the 23 rounds of NGS-ED iteration
	effective electronic model is modified as: kinetic energy t = 3.93745e-13, t' = -6.53697e-17
	                                           effective interaction Vq = [-52.8125,-21.0125, -3.6125,-21.0125,-21.0125, -3.6125, -0.6125, -3.6125, -3.6125, -0.6125,-12.0125, -0.6125,-21.0125, -3.6125, -0.6125, -3.6125]
	PARPACK diagonalization completed after 30 matrix-vector product operations.
	iteration results: : total energy is -669.900000 | electron energy -669.900000 + phonon energy 0.000000 | electron momentum kIdx = 10
The 23-th iteration is completed.	|| time cost : 0h 0m 9.19s
********************************************************************************************************************
Start the 24 rounds of NGS-ED iteration
	effective electronic model is modified as: kinetic energy t = 3.93895e-13, t' = -6.53697e-17
	                                           effective interaction Vq = [-52.8125,-21.0125, -3.6125,-21.0125,-21.0125, -3.6125, -0.6125, -3.6125, -3.6125, -0.6125,-12.0125, -0.6125,-21.0125, -3.6125, -0.6125, -3.6125]
	PARPACK diagonalization completed after 30 matrix-vector product operations.
	iteration results: : total energy is -669.900000 | electron energy -669.900000 + phonon energy 0.000000 | electron momentum kIdx = 10
The 24-th iteration is completed.	|| time cost : 0h 0m 9.166s
********************************************************************************************************************
Start the 25 rounds of NGS-ED iteration
	effective electronic model is modified as: kinetic energy t = 3.94087e-13, t' = -6.53697e-17
	                                           effective interaction Vq = [-52.8125,-21.0125, -3.6125,-21.0125,-21.0125, -3.6125, -0.6125, -3.6125, -3.6125, -0.6125,-12.0125, -0.6125,-21.0125, -3.6125, -0.6125, -3.6125]
	PARPACK diagonalization completed after 30 matrix-vector product operations.
	iteration results: : total energy is -669.900000 | electron energy -669.900000 + phonon energy 0.000000 | electron momentum kIdx = 10
The 25-th iteration is completed.	|| time cost : 0h 0m 9.173s
********************************************************************************************************************
Start the 26 rounds of NGS-ED iteration
	effective electronic model is modified as: kinetic energy t = 3.93936e-13, t' = -6.53697e-17
	                                           effective interaction Vq = [-52.8125,-21.0125, -3.6125,-21.0125,-21.0125, -3.6125, -0.6125, -3.6125, -3.6125, -0.6125,-12.0125, -0.6125,-21.0125, -3.6125, -0.6125, -3.6125]
	PARPACK diagonalization completed after 30 matrix-vector product operations.
	iteration results: : total energy is -669.900000 | electron energy -669.900000 + phonon energy 0.000000 | electron momentum kIdx = 10
The 26-th iteration is completed.	|| time cost : 0h 0m 9.175s
********************************************************************************************************************
Start the 27 rounds of NGS-ED iteration
	effective electronic model is modified as: kinetic energy t = 3.93782e-13, t' = -6.53697e-17
	                                           effective interaction Vq = [-52.8125,-21.0125, -3.6125,-21.0125,-21.0125, -3.6125, -0.6125, -3.6125, -3.6125, -0.6125,-12.0125, -0.6125,-21.0125, -3.6125, -0.6125, -3.6125]
	PARPACK diagonalization completed after 30 matrix-vector product operations.
	iteration results: : total energy is -669.900000 | electron energy -669.900000 + phonon energy 0.000000 | electron momentum kIdx = 10
The 27-th iteration is completed.	|| time cost : 0h 0m 9.176s
********************************************************************************************************************
Start the 28 rounds of NGS-ED iteration
	effective electronic model is modified as: kinetic energy t = 3.93861e-13, t' = -6.53697e-17
	                                           effective interaction Vq = [-52.8125,-21.0125, -3.6125,-21.0125,-21.0125, -3.6125, -0.6125, -3.6125, -3.6125, -0.6125,-12.0125, -0.6125,-21.0125, -3.6125, -0.6125, -3.6125]
	PARPACK diagonalization completed after 30 matrix-vector product operations.
	iteration results: : total energy is -669.900000 | electron energy -669.900000 + phonon energy 0.000000 | electron momentum kIdx = 10
The 28-th iteration is completed.	|| time cost : 0h 0m 9.168s
********************************************************************************************************************
Start the 29 rounds of NGS-ED iteration
	effective electronic model is modified as: kinetic energy t = 3.93853e-13, t' = -6.53697e-17
	                                           effective interaction Vq = [-52.8125,-21.0125, -3.6125,-21.0125,-21.0125, -3.6125, -0.6125, -3.6125, -3.6125, -0.6125,-12.0125, -0.6125,-21.0125, -3.6125, -0.6125, -3.6125]
	PARPACK diagonalization completed after 30 matrix-vector product operations.
	iteration results: : total energy is -669.900000 | electron energy -669.900000 + phonon energy 0.000000 | electron momentum kIdx = 10
The 29-th iteration is completed.	|| time cost : 0h 0m 9.162s
********************************************************************************************************************
Start the 30 rounds of NGS-ED iteration
	effective electronic model is modified as: kinetic energy t = 3.92843e-13, t' = -6.53697e-17
	                                           effective interaction Vq = [-52.8125,-21.0125, -3.6125,-21.0125,-21.0125, -3.6125, -0.6125, -3.6125, -3.6125, -0.6125,-12.0125, -0.6125,-21.0125, -3.6125, -0.6125, -3.6125]
	PARPACK diagonalization completed after 30 matrix-vector product operations.
	iteration results: : total energy is -669.900000 | electron energy -669.900000 + phonon energy 0.000000 | electron momentum kIdx = 10
The 30-th iteration is completed.	|| time cost : 0h 0m 9.179s
********************************************************************************************************************
Start the 31 rounds of NGS-ED iteration
	effective electronic model is modified as: kinetic energy t = 3.93144e-13, t' = -6.53697e-17
	                                           effective interaction Vq = [-52.8125,-21.0125, -3.6125,-21.0125,-21.0125, -3.6125, -0.6125, -3.6125, -3.6125, -0.6125,-12.0125, -0.6125,-21.0125, -3.6125, -0.6125, -3.6125]
	PARPACK diagonalization completed after 30 matrix-vector product operations.
	iteration results: : total energy is -669.900000 | electron energy -669.900000 + phonon energy 0.000000 | electron momentum kIdx = 10
The 31-th iteration is completed.	|| time cost : 0h 0m 9.168s
********************************************************************************************************************
Start the 32 rounds of NGS-ED iteration
	effective electronic model is modified as: kinetic energy t = 3.93799e-13, t' = -6.53697e-17
	                                           effective interaction Vq = [-52.8125,-21.0125, -3.6125,-21.0125,-21.0125, -3.6125, -0.6125, -3.6125, -3.6125, -0.6125,-12.0125, -0.6125,-21.0125, -3.6125, -0.6125, -3.6125]
	PARPACK diagonalization completed after 30 matrix-vector product operations.
	iteration results: : total energy is -669.900000 | electron energy -669.900000 + phonon energy 0.000000 | electron momentum kIdx = 10
The 32-th iteration is completed.	|| time cost : 0h 0m 9.172s
********************************************************************************************************************
Start the 33 rounds of NGS-ED iteration
	effective electronic model is modified as: kinetic energy t = 3.94137e-13, t' = -6.53697e-17
	                                           effective interaction Vq = [-52.8125,-21.0125, -3.6125,-21.0125,-21.0125, -3.6125, -0.6125, -3.6125, -3.6125, -0.6125,-12.0125, -0.6125,-21.0125, -3.6125, -0.6125, -3.6125]
	PARPACK diagonalization completed after 30 matrix-vector product operations.
	iteration results: : total energy is -669.900000 | electron energy -669.900000 + phonon energy 0.000000 | electron momentum kIdx = 10
The 33-th iteration is completed.	|| time cost : 0h 0m 9.185s
********************************************************************************************************************
Start the 34 rounds of NGS-ED iteration
	effective electronic model is modified as: kinetic energy t = 3.93885e-13, t' = -6.53697e-17
	                                           effective interaction Vq = [-52.8125,-21.0125, -3.6125,-21.0125,-21.0125, -3.6125, -0.6125, -3.6125, -3.6125, -0.6125,-12.0125, -0.6125,-21.0125, -3.6125, -0.6125, -3.6125]
	PARPACK diagonalization completed after 30 matrix-vector product operations.
	iteration results: : total energy is -669.900000 | electron energy -669.900000 + phonon energy 0.000000 | electron momentum kIdx = 10
The 34-th iteration is completed.	|| time cost : 0h 0m 9.177s
********************************************************************************************************************
Start the 35 rounds of NGS-ED iteration
	effective electronic model is modified as: kinetic energy t = 3.93888e-13, t' = -6.53697e-17
	                                           effective interaction Vq = [-52.8125,-21.0125, -3.6125,-21.0125,-21.0125, -3.6125, -0.6125, -3.6125, -3.6125, -0.6125,-12.0125, -0.6125,-21.0125, -3.6125, -0.6125, -3.6125]
	PARPACK diagonalization completed after 30 matrix-vector product operations.
	iteration results: : total energy is -669.900000 | electron energy -669.900000 + phonon energy 0.000000 | electron momentum kIdx = 10
The 35-th iteration is completed.	|| time cost : 0h 0m 9.15s
********************************************************************************************************************
Start the 36 rounds of NGS-ED iteration
	effective electronic model is modified as: kinetic energy t = 3.94084e-13, t' = -6.53697e-17
	                                           effective interaction Vq = [-52.8125,-21.0125, -3.6125,-21.0125,-21.0125, -3.6125, -0.6125, -3.6125, -3.6125, -0.6125,-12.0125, -0.6125,-21.0125, -3.6125, -0.6125, -3.6125]
	PARPACK diagonalization completed after 30 matrix-vector product operations.
	iteration results: : total energy is -669.900000 | electron energy -669.900000 + phonon energy 0.000000 | electron momentum kIdx = 10
The 36-th iteration is completed.	|| time cost : 0h 0m 9.168s
********************************************************************************************************************
Start the 37 rounds of NGS-ED iteration
	effective electronic model is modified as: kinetic energy t = 3.93894e-13, t' = -6.53697e-17
	                                           effective interaction Vq = [-52.8125,-21.0125, -3.6125,-21.0125,-21.0125, -3.6125, -0.6125, -3.6125, -3.6125, -0.6125,-12.0125, -0.6125,-21.0125, -3.6125, -0.6125, -3.6125]
	PARPACK diagonalization completed after 30 matrix-vector product operations.
	iteration results: : total energy is -669.900000 | electron energy -669.900000 + phonon energy 0.000000 | electron momentum kIdx = 10
The 37-th iteration is completed.	|| time cost : 0h 0m 9.162s
********************************************************************************************************************
Start the 38 rounds of NGS-ED iteration
	effective electronic model is modified as: kinetic energy t = 3.94585e-13, t' = -6.53697e-17
	                                           effective interaction Vq = [-52.8125,-21.0125, -3.6125,-21.0125,-21.0125, -3.6125, -0.6125, -3.6125, -3.6125, -0.6125,-12.0125, -0.6125,-21.0125, -3.6125, -0.6125, -3.6125]
	PARPACK diagonalization completed after 30 matrix-vector product operations.
	iteration results: : total energy is -669.900000 | electron energy -669.900000 + phonon energy 0.000000 | electron momentum kIdx = 10
The 38-th iteration is completed.	|| time cost : 0h 0m 9.157s
********************************************************************************************************************
Start the 39 rounds of NGS-ED iteration
	effective electronic model is modified as: kinetic energy t = 3.93871e-13, t' = -6.53697e-17
	                                           effective interaction Vq = [-52.8125,-21.0125, -3.6125,-21.0125,-21.0125, -3.6125, -0.6125, -3.6125, -3.6125, -0.6125,-12.0125, -0.6125,-21.0125, -3.6125, -0.6125, -3.6125]
	PARPACK diagonalization completed after 30 matrix-vector product operations.
	iteration results: : total energy is -669.900000 | electron energy -669.900000 + phonon energy 0.000000 | electron momentum kIdx = 10
The 39-th iteration is completed.	|| time cost : 0h 0m 9.172s
********************************************************************************************************************
Start the 40 rounds of NGS-ED iteration
	effective electronic model is modified as: kinetic energy t = 3.94057e-13, t' = -6.53697e-17
	                                           effective interaction Vq = [-52.8125,-21.0125, -3.6125,-21.0125,-21.0125, -3.6125, -0.6125, -3.6125, -3.6125, -0.6125,-12.0125, -0.6125,-21.0125, -3.6125, -0.6125, -3.6125]
	PARPACK diagonalization completed after 30 matrix-vector product operations.
	iteration results: : total energy is -669.900000 | electron energy -669.900000 + phonon energy 0.000000 | electron momentum kIdx = 10
The 40-th iteration is completed.	|| time cost : 0h 0m 9.168s
********************************************************************************************************************
Start the 41 rounds of NGS-ED iteration
	effective electronic model is modified as: kinetic energy t = 3.93929e-13, t' = -6.53697e-17
	                                           effective interaction Vq = [-52.8125,-21.0125, -3.6125,-21.0125,-21.0125, -3.6125, -0.6125, -3.6125, -3.6125, -0.6125,-12.0125, -0.6125,-21.0125, -3.6125, -0.6125, -3.6125]
	PARPACK diagonalization completed after 30 matrix-vector product operations.
	iteration results: : total energy is -669.900000 | electron energy -669.900000 + phonon energy 0.000000 | electron momentum kIdx = 10
The 41-th iteration is completed.	|| time cost : 0h 0m 9.145s
********************************************************************************************************************
Start the 42 rounds of NGS-ED iteration
	effective electronic model is modified as: kinetic energy t = 3.92585e-13, t' = -6.53697e-17
	                                           effective interaction Vq = [-52.8125,-21.0125, -3.6125,-21.0125,-21.0125, -3.6125, -0.6125, -3.6125, -3.6125, -0.6125,-12.0125, -0.6125,-21.0125, -3.6125, -0.6125, -3.6125]
	PARPACK diagonalization completed after 30 matrix-vector product operations.
	iteration results: : total energy is -669.900000 | electron energy -669.900000 + phonon energy 0.000000 | electron momentum kIdx = 10
The 42-th iteration is completed.	|| time cost : 0h 0m 9.151s
********************************************************************************************************************
Start the 43 rounds of NGS-ED iteration
	effective electronic model is modified as: kinetic energy t = 3.94154e-13, t' = -6.53697e-17
	                                           effective interaction Vq = [-52.8125,-21.0125, -3.6125,-21.0125,-21.0125, -3.6125, -0.6125, -3.6125, -3.6125, -0.6125,-12.0125, -0.6125,-21.0125, -3.6125, -0.6125, -3.6125]
	PARPACK diagonalization completed after 30 matrix-vector product operations.
	iteration results: : total energy is -669.900000 | electron energy -669.900000 + phonon energy 0.000000 | electron momentum kIdx = 10
The 43-th iteration is completed.	|| time cost : 0h 0m 9.183s
********************************************************************************************************************
Start the 44 rounds of NGS-ED iteration
	effective electronic model is modified as: kinetic energy t = 3.93891e-13, t' = -6.53697e-17
	                                           effective interaction Vq = [-52.8125,-21.0125, -3.6125,-21.0125,-21.0125, -3.6125, -0.6125, -3.6125, -3.6125, -0.6125,-12.0125, -0.6125,-21.0125, -3.6125, -0.6125, -3.6125]
	PARPACK diagonalization completed after 30 matrix-vector product operations.
	iteration results: : total energy is -669.900000 | electron energy -669.900000 + phonon energy 0.000000 | electron momentum kIdx = 10
The 44-th iteration is completed.	|| time cost : 0h 0m 9.18s
********************************************************************************************************************
Start the 45 rounds of NGS-ED iteration
	effective electronic model is modified as: kinetic energy t = 3.94144e-13, t' = -6.53697e-17
	                                           effective interaction Vq = [-52.8125,-21.0125, -3.6125,-21.0125,-21.0125, -3.6125, -0.6125, -3.6125, -3.6125, -0.6125,-12.0125, -0.6125,-21.0125, -3.6125, -0.6125, -3.6125]
	PARPACK diagonalization completed after 30 matrix-vector product operations.
	iteration results: : total energy is -669.900000 | electron energy -669.900000 + phonon energy 0.000000 | electron momentum kIdx = 10
The 45-th iteration is completed.	|| time cost : 0h 0m 9.167s
********************************************************************************************************************
Start the 46 rounds of NGS-ED iteration
	effective electronic model is modified as: kinetic energy t = 3.95089e-13, t' = -6.53697e-17
