TACC:  Starting up job 4390345 
TACC:  Starting parallel tasks... 
SNEDics v3.4 Non-Gaussian ED ground state program		Start at Tue Sep 24 01:51:20 2019

parallized on 32 MPI threads  * 6 OpenMP threads = 192 total threads.
********************************************************************************************************************
********************************************************************************************************************

********************************************************************************************************************
System parameters and configurations
********************************************************************************************************************
Special program options are enabled: splitted diagonal Hamiltonian
********************************************************************************************************************
Read input file "model_params.in"
	Hubbard-Holstein model parameters : 	t = 1    U = 1.8    g = 1.5811    W = 5    
********************************************************************************************************************
Read input file "hilbertspace_params.in"
	Requested 16-site 2D lattice, with 14 electrons (7, 7)
	Boundary : Periodic		Hilbert space representation : momentum-space (restricted to kIdx = 0)
	Conservation: particle number[U(1)]      spin[U(1)]     momentum
********************************************************************************************************************

Cluster Positions:				Cluster symmetry group : D4
 x ... x ... x ... x .....                       x ... x ... x ... x .....
 |           |           :                       |           |           :
 |           |           :                       |           |           :
12    13    14    15     x                       1     5     6     5     x
 |           |           :                       |           |           :
 |           |           :                       |           |           :
 8 --- 9 ---10 ---11 --- x                       2 --- 6 ---10 --- 6 --- x
 |           |           :                       |           |           :
 |           |           :                       |           |           :
 4     5     6     7     x                       1     5     6     5     x
 |           |           :                       |           |           :
 |           |           :                       |           |           :
 0 --- 1 --- 2 --- 3 --- x                       0 --- 1 --- 2 --- 1 --- x
orbital number : 1
********************************************************************************************************************
Read input file "obs_params.in"
	Observable Type : Nq(All),   Sq(All),   N(All),   Delta[s](All),   Delta[d](All),   Delta[s+](All)
********************************************************************************************************************
** WARNING ** the input observables have non-local factors which have been reinterpreted. The total observable number is 96
********************************************************************************************************************


********************************************************************************************************************
Start calculating the non-Gaussian ED ground state
** WARNING ** Detected low phonon energy W < 10. The initial state will be prepared through a warm-up process.
********************************************************************************************************************
Start warm-up calculation for scaling factor 2
open output files: NGSEDWarmUpW10Obs.txt
********************************************************************************************************************
Start the 0 rounds of NGS-ED iteration
	effective electronic model is modified as: kinetic energy t = 1
	                                           effective interaction Vq = [0,0,0,0,0,0,0,0,0,0,0,0,0,0,0,0]
	first Hamiltonian is constructed, non-zero numbers = 2178478298
	PARPACK diagonalization completed after 210 matrix-vector product operations.
	iteration results: : total energy is -19.586251 | electron energy -19.586251 + phonon energy 0.000000 | electron momentum kIdx = 0
	Nq(0) = 12.25,	Nq(1) = 0.287344,	Nq(2) = 0.334562,	Nq(3) = 0.287344,	Nq(4) = 0.287344,	Nq(5) = 0.413566,	Nq(6) = 0.490704,	Nq(7) = 0.413566,	Nq(8) = 0.334562,	Nq(9) = 0.490704,	Nq(10) = 0.53753,	Nq(11) = 0.490704,	Nq(12) = 0.287344,	Nq(13) = 0.413566,	Nq(14) = 0.490704,	Nq(15) = 0.413566,	Sq(0) = 6.28449e-18,	Sq(1) = 0.424688,	Sq(2) = 0.615874,	Sq(3) = 0.424688,	Sq(4) = 0.424688,	Sq(5) = 0.552615,	Sq(6) = 0.731341,	Sq(7) = 0.552615,	Sq(8) = 0.615874,	Sq(9) = 0.731341,	Sq(10) = 1.71056,	Sq(11) = 0.731341,	Sq(12) = 0.424688,	Sq(13) = 0.552615,	Sq(14) = 0.731341,	Sq(15) = 0.552615,	N(0) = 1.98127,	N(1) = 1.96407,	N(2) = 0.0270346,	N(3) = 1.96407,	N(4) = 1.96407,	N(5) = 0.998576,	N(6) = 0.0257222,	N(7) = 0.998576,	N(8) = 0.0270346,	N(9) = 0.0257222,	N(10) = 0.0111988,	N(11) = 0.0257222,	N(12) = 1.96407,	N(13) = 0.998576,	N(14) = 0.0257222,	N(15) = 0.998576,	Delta[s](0) = 0.235862,	Delta[s](1) = 0.182481,	Delta[s](2) = 0.107875,	Delta[s](3) = 0.182481,	Delta[s](4) = 0.182481,	Delta[s](5) = 0.14402,	Delta[s](6) = 0.0866212,	Delta[s](7) = 0.14402,	Delta[s](8) = 0.107875,	Delta[s](9) = 0.0866212,	Delta[s](10) = 0.00745402,	Delta[s](11) = 0.0866212,	Delta[s](12) = 0.182481,	Delta[s](13) = 0.14402,	Delta[s](14) = 0.0866212,	Delta[s](15) = 0.14402,	Delta[d](0) = 0.24434,	Delta[d](1) = 0.12937,	Delta[d](2) = 0.143528,	Delta[d](3) = 0.12937,	Delta[d](4) = 0.12937,	Delta[d](5) = 0.130923,	Delta[d](6) = 0.0786123,	Delta[d](7) = 0.130923,	Delta[d](8) = 0.143528,	Delta[d](9) = 0.0786123,	Delta[d](10) = 0.00868614,	Delta[d](11) = 0.0786123,	Delta[d](12) = 0.12937,	Delta[d](13) = 0.130923,	Delta[d](14) = 0.0786123,	Delta[d](15) = 0.130923,	Delta[s+](0) = 0.539785,	Delta[s+](1) = 0.402664,	Delta[s+](2) = 0.143528,	Delta[s+](3) = 0.402664,	Delta[s+](4) = 0.402664,	Delta[s+](5) = 0.267518,	Delta[s+](6) = 0.0775342,	Delta[s+](7) = 0.267518,	Delta[s+](8) = 0.143528,	Delta[s+](9) = 0.0775342,	Delta[s+](10) = 0.00610248,	Delta[s+](11) = 0.0775342,	Delta[s+](12) = 0.402664,	Delta[s+](13) = 0.267518,	Delta[s+](14) = 0.0775342,	Delta[s+](15) = 0.267518
The 0-th iteration is completed.	|| time cost : 0h 4m 13.6s
********************************************************************************************************************
Start the 1 rounds of NGS-ED iteration
	effective electronic model is modified as: kinetic energy t = 0.985678
	                                           effective interaction Vq = [-0.432311,-0.407759,-0.390337,-0.407759,-0.407759,-0.398291,-0.389466,-0.398291,-0.390337,-0.389466,-0.380421,-0.389466,-0.407759,-0.398291,-0.389466,-0.398291]
	PARPACK diagonalization completed after 45 matrix-vector product operations.
	iteration results: : total energy is -27.013391 | electron energy -27.013641 + phonon energy 0.000250 | electron momentum kIdx = 0
The 1-th iteration is completed.	|| time cost : 0h 2m 57.14s
********************************************************************************************************************
Start the 2 rounds of NGS-ED iteration
	effective electronic model is modified as: kinetic energy t = 0.977139
	                                           effective interaction Vq = [-0.490818,-0.467252,-0.444256,-0.467252,-0.467252,-0.455495,-0.445265,-0.455495,-0.444256,-0.445265,-0.432126,-0.445265,-0.467252,-0.455495,-0.445265,-0.455495]
	PARPACK diagonalization completed after 45 matrix-vector product operations.
	iteration results: : total energy is -27.896922 | electron energy -27.898393 + phonon energy 0.001472 | electron momentum kIdx = 0
The 2-th iteration is completed.	|| time cost : 0h 0m 18.222s
********************************************************************************************************************
Start the 3 rounds of NGS-ED iteration
	effective electronic model is modified as: kinetic energy t = 0.974501
	                                           effective interaction Vq = [-0.498736,-0.479402,-0.455147,-0.479402,-0.479402,-0.467327,-0.456841,-0.467327,-0.455147,-0.456841,-0.442383,-0.456841,-0.479402,-0.467327,-0.456841,-0.467327]
	PARPACK diagonalization completed after 30 matrix-vector product operations.
	iteration results: : total energy is -28.006974 | electron energy -28.009333 + phonon energy 0.002359 | electron momentum kIdx = 0
The 3-th iteration is completed.	|| time cost : 0h 0m 15.402s
********************************************************************************************************************
Start the 4 rounds of NGS-ED iteration
	effective electronic model is modified as: kinetic energy t = 0.973758
	                                           effective interaction Vq = [-0.499808,-0.482533,-0.457751,-0.482533,-0.482533,-0.470304,-0.459686,-0.470304,-0.457751,-0.459686, -0.44474,-0.459686,-0.482533,-0.470304,-0.459686,-0.470304]
	PARPACK diagonalization completed after 30 matrix-vector product operations.
	iteration results: : total energy is -28.021133 | electron energy -28.023835 + phonon energy 0.002703 | electron momentum kIdx = 0
The 4-th iteration is completed.	|| time cost : 0h 0m 15.433s
********************************************************************************************************************
Start the 5 rounds of NGS-ED iteration
	effective electronic model is modified as: kinetic energy t = 0.973553
	                                           effective interaction Vq = [-0.499953, -0.48343,-0.458409, -0.48343, -0.48343,-0.471109,-0.460427,-0.471109,-0.458409,-0.460427,-0.445306,-0.460427, -0.48343,-0.471109,-0.460427,-0.471109]
	PARPACK diagonalization completed after 30 matrix-vector product operations.
	iteration results: : total energy is -28.022992 | electron energy -28.025801 + phonon energy 0.002809 | electron momentum kIdx = 0
The 5-th iteration is completed.	|| time cost : 0h 0m 15.51s
********************************************************************************************************************
Start the 6 rounds of NGS-ED iteration
	effective electronic model is modified as: kinetic energy t = 0.973496
	                                           effective interaction Vq = [-0.499972,-0.483696,-0.458578,-0.483696,-0.483696,-0.471332,-0.460623,-0.471332,-0.458578,-0.460623,-0.445444,-0.460623,-0.483696,-0.471332,-0.460623,-0.471332]
	PARPACK diagonalization completed after 30 matrix-vector product operations.
	iteration results: : total energy is -28.023239 | electron energy -28.026079 + phonon energy 0.002840 | electron momentum kIdx = 0
The 6-th iteration is completed.	|| time cost : 0h 0m 15.442s
********************************************************************************************************************
Start the 7 rounds of NGS-ED iteration
	effective electronic model is modified as: kinetic energy t = 0.97348
	                                           effective interaction Vq = [-0.499975,-0.483776,-0.458622,-0.483776,-0.483776,-0.471394,-0.460675,-0.471394,-0.458622,-0.460675,-0.445478,-0.460675,-0.483776,-0.471394,-0.460675,-0.471394]
	PARPACK diagonalization completed after 30 matrix-vector product operations.
	iteration results: : total energy is -28.023272 | electron energy -28.026121 + phonon energy 0.002849 | electron momentum kIdx = 0
	Nq(0) = 12.25,	Nq(1) = 0.329239,	Nq(2) = 0.356807,	Nq(3) = 0.329239,	Nq(4) = 0.329239,	Nq(5) = 0.458069,	Nq(6) = 0.552503,	Nq(7) = 0.458069,	Nq(8) = 0.356807,	Nq(9) = 0.552503,	Nq(10) = 0.581205,	Nq(11) = 0.552503,	Nq(12) = 0.329239,	Nq(13) = 0.458069,	Nq(14) = 0.552503,	Nq(15) = 0.458069,	Sq(0) = 4.27688e-19,	Sq(1) = 0.40152,	Sq(2) = 0.581751,	Sq(3) = 0.40152,	Sq(4) = 0.40152,	Sq(5) = 0.52911,	Sq(6) = 0.678215,	Sq(7) = 0.52911,	Sq(8) = 0.581751,	Sq(9) = 0.678215,	Sq(10) = 1.49706,	Sq(11) = 0.678215,	Sq(12) = 0.40152,	Sq(13) = 0.52911,	Sq(14) = 0.678215,	Sq(15) = 0.52911,	N(0) = 1.99517,	N(1) = 1.99083,	N(2) = 0.00695984,	N(3) = 1.99083,	N(4) = 1.99083,	N(5) = 0.999476,	N(6) = 0.00671613,	N(7) = 0.999476,	N(8) = 0.00695984,	N(9) = 0.00671613,	N(10) = 0.00282963,	N(11) = 0.00671613,	N(12) = 1.99083,	N(13) = 0.999476,	N(14) = 0.00671613,	N(15) = 0.999476,	Delta[s](0) = 0.264777,	Delta[s](1) = 0.209497,	Delta[s](2) = 0.120719,	Delta[s](3) = 0.209497,	Delta[s](4) = 0.209497,	Delta[s](5) = 0.165001,	Delta[s](6) = 0.107987,	Delta[s](7) = 0.165001,	Delta[s](8) = 0.120719,	Delta[s](9) = 0.107987,	Delta[s](10) = 0.0158776,	Delta[s](11) = 0.107987,	Delta[s](12) = 0.209497,	Delta[s](13) = 0.165001,	Delta[s](14) = 0.107987,	Delta[s](15) = 0.165001,	Delta[d](0) = 0.24485,	Delta[d](1) = 0.12888,	Delta[d](2) = 0.136503,	Delta[d](3) = 0.12888,	Delta[d](4) = 0.12888,	Delta[d](5) = 0.130495,	Delta[d](6) = 0.0741116,	Delta[d](7) = 0.130495,	Delta[d](8) = 0.136503,	Delta[d](9) = 0.0741116,	Delta[d](10) = 0.00752363,	Delta[d](11) = 0.0741116,	Delta[d](12) = 0.12888,	Delta[d](13) = 0.130495,	Delta[d](14) = 0.0741116,	Delta[d](15) = 0.130495,	Delta[s+](0) = 0.521268,	Delta[s+](1) = 0.390278,	Delta[s+](2) = 0.136503,	Delta[s+](3) = 0.390278,	Delta[s+](4) = 0.390278,	Delta[s+](5) = 0.260646,	Delta[s+](6) = 0.0728992,	Delta[s+](7) = 0.260646,	Delta[s+](8) = 0.136503,	Delta[s+](9) = 0.0728992,	Delta[s+](10) = 0.00535089,	Delta[s+](11) = 0.0728992,	Delta[s+](12) = 0.390278,	Delta[s+](13) = 0.260646,	Delta[s+](14) = 0.0728992,	Delta[s+](15) = 0.260646
The 7-th iteration is completed.	|| time cost : 0h 2m 47.353s
********************************************************************************************************************
********************************************************************************************************************
Ground state is obtained after 8 iterations. The current ground-state energy is -28.0233, in which electron energy is -28.0261 and phonon energy is 0.00284867
final variational state is: 
	Gamma_x = [      1,1.00487,1.00734,1.00487,1.00487,1.00836,1.01121,1.00836,1.00734,1.01121,1.01293,1.01121,1.00487,1.00836,1.01121,1.00836]
	lambda_q = [0.223526,0.183383,0.159303,0.183383,0.183383,0.170155,0.160922,0.170155,0.159303,0.160922,0.149785,0.160922,0.183383,0.170155,0.160922,0.170155]
********************************************************************************************************************
o___o  ----------------------------------------
| L |	Time since last clock: 0h 0m 0s
A===A	Time since the beginning: 0h 11m 18.106s
***********************************************


********************************************************************************************************************
Warm up runs have been completed. Start calculating W = 5 phonon.
open output files: NGSEDIterationObs.txt
********************************************************************************************************************
Start the 0 rounds of NGS-ED iteration
	effective electronic model is modified as: kinetic energy t = 0.973476
	                                           effective interaction Vq = [-0.457015,-0.411747,-0.376861,-0.411747,-0.411747,-0.393301,-0.379389,-0.393301,-0.376861,-0.379389,-0.361472,-0.379389,-0.411747,-0.393301,-0.379389,-0.393301]
	PARPACK diagonalization completed after 45 matrix-vector product operations.
	iteration results: : total energy is -26.978472 | electron energy -26.979898 + phonon energy 0.001426 | electron momentum kIdx = 0
	Nq(0) = 12.25,	Nq(1) = 0.322059,	Nq(2) = 0.352991,	Nq(3) = 0.322059,	Nq(4) = 0.322059,	Nq(5) = 0.450291,	Nq(6) = 0.540358,	Nq(7) = 0.450291,	Nq(8) = 0.352991,	Nq(9) = 0.540358,	Nq(10) = 0.572704,	Nq(11) = 0.540358,	Nq(12) = 0.322059,	Nq(13) = 0.450291,	Nq(14) = 0.540358,	Nq(15) = 0.450291,	Sq(0) = 2.93949e-18,	Sq(1) = 0.40586,	Sq(2) = 0.588358,	Sq(3) = 0.40586,	Sq(4) = 0.40586,	Sq(5) = 0.533744,	Sq(6) = 0.687712,	Sq(7) = 0.533744,	Sq(8) = 0.588358,	Sq(9) = 0.687712,	Sq(10) = 1.53451,	Sq(11) = 0.687712,	Sq(12) = 0.40586,	Sq(13) = 0.533744,	Sq(14) = 0.687712,	Sq(15) = 0.533744,	N(0) = 1.99329,	N(1) = 1.98733,	N(2) = 0.00958933,	N(3) = 1.98733,	N(4) = 1.98733,	N(5) = 0.999313,	N(6) = 0.00925719,	N(7) = 0.999313,	N(8) = 0.00958933,	N(9) = 0.00925719,	N(10) = 0.00394892,	N(11) = 0.00925719,	N(12) = 1.98733,	N(13) = 0.999313,	N(14) = 0.00925719,	N(15) = 0.999313,	Delta[s](0) = 0.257099,	Delta[s](1) = 0.203234,	Delta[s](2) = 0.119288,	Delta[s](3) = 0.203234,	Delta[s](4) = 0.203234,	Delta[s](5) = 0.160935,	Delta[s](6) = 0.104979,	Delta[s](7) = 0.160935,	Delta[s](8) = 0.119288,	Delta[s](9) = 0.104979,	Delta[s](10) = 0.0174918,	Delta[s](11) = 0.104979,	Delta[s](12) = 0.203234,	Delta[s](13) = 0.160935,	Delta[s](14) = 0.104979,	Delta[s](15) = 0.160935,	Delta[d](0) = 0.245115,	Delta[d](1) = 0.130397,	Delta[d](2) = 0.139259,	Delta[d](3) = 0.130397,	Delta[d](4) = 0.130397,	Delta[d](5) = 0.132188,	Delta[d](6) = 0.0765652,	Delta[d](7) = 0.132188,	Delta[d](8) = 0.139259,	Delta[d](9) = 0.0765652,	Delta[d](10) = 0.00898688,	Delta[d](11) = 0.0765652,	Delta[d](12) = 0.130397,	Delta[d](13) = 0.132188,	Delta[d](14) = 0.0765652,	Delta[d](15) = 0.132188,	Delta[s+](0) = 0.527222,	Delta[s+](1) = 0.39456,	Delta[s+](2) = 0.139259,	Delta[s+](3) = 0.39456,	Delta[s+](4) = 0.39456,	Delta[s+](5) = 0.263635,	Delta[s+](6) = 0.0750875,	Delta[s+](7) = 0.263635,	Delta[s+](8) = 0.139259,	Delta[s+](9) = 0.0750875,	Delta[s+](10) = 0.00638296,	Delta[s+](11) = 0.0750875,	Delta[s+](12) = 0.39456,	Delta[s+](13) = 0.263635,	Delta[s+](14) = 0.0750875,	Delta[s+](15) = 0.263635
The 0-th iteration is completed.	|| time cost : 0h 2m 44.301s
********************************************************************************************************************
Start the 1 rounds of NGS-ED iteration
	effective electronic model is modified as: kinetic energy t = 0.969985
	                                           effective interaction Vq = [-0.484171,-0.434407,-0.390977,-0.434407,-0.434407,-0.411685,-0.393654,-0.411685,-0.390977,-0.393654,-0.370991,-0.393654,-0.434407,-0.411685,-0.393654,-0.411685]
	PARPACK diagonalization completed after 30 matrix-vector product operations.
	iteration results: : total energy is -27.334055 | electron energy -27.338304 + phonon energy 0.004249 | electron momentum kIdx = 0
The 1-th iteration is completed.	|| time cost : 0h 0m 15.459s
********************************************************************************************************************
Start the 2 rounds of NGS-ED iteration
	effective electronic model is modified as: kinetic energy t = 0.968288
	                                           effective interaction Vq = [-0.494161,-0.444556,-0.396889,-0.444556,-0.444556, -0.41973,-0.399859, -0.41973,-0.396889,-0.399859,-0.375055,-0.399859,-0.444556, -0.41973,-0.399859, -0.41973]
	PARPACK diagonalization completed after 30 matrix-vector product operations.
	iteration results: : total energy is -27.461752 | electron energy -27.468015 + phonon energy 0.006263 | electron momentum kIdx = 0
The 2-th iteration is completed.	|| time cost : 0h 0m 15.459s
********************************************************************************************************************
Start the 3 rounds of NGS-ED iteration
	effective electronic model is modified as: kinetic energy t = 0.967477
	                                           effective interaction Vq = [-0.497837,-0.449346, -0.39944,-0.449346,-0.449346,-0.423388,-0.402634,-0.423388, -0.39944,-0.402634,-0.376821,-0.402634,-0.449346,-0.423388,-0.402634,-0.423388]
	PARPACK diagonalization completed after 30 matrix-vector product operations.
	iteration results: : total energy is -27.508019 | electron energy -27.515434 + phonon energy 0.007415 | electron momentum kIdx = 0
The 3-th iteration is completed.	|| time cost : 0h 0m 15.451s
********************************************************************************************************************
Start the 4 rounds of NGS-ED iteration
	effective electronic model is modified as: kinetic energy t = 0.967091
	                                           effective interaction Vq = [-0.499189,-0.451677, -0.40056,-0.451677,-0.451677,-0.425085,-0.403894,-0.425085, -0.40056,-0.403894,-0.377597,-0.403894,-0.451677,-0.425085,-0.403894,-0.425085]
	PARPACK diagonalization completed after 30 matrix-vector product operations.
	iteration results: : total energy is -27.524875 | electron energy -27.532894 + phonon energy 0.008019 | electron momentum kIdx = 0
The 4-th iteration is completed.	|| time cost : 0h 0m 16.521s
********************************************************************************************************************
Start the 5 rounds of NGS-ED iteration
	effective electronic model is modified as: kinetic energy t = 0.966907
	                                           effective interaction Vq = [-0.499686, -0.45283,-0.401056, -0.45283, -0.45283,-0.425881, -0.40447,-0.425881,-0.401056, -0.40447,-0.377939, -0.40447, -0.45283,-0.425881, -0.40447,-0.425881]
	PARPACK diagonalization completed after 30 matrix-vector product operations.
	iteration results: : total energy is -27.531038 | electron energy -27.539360 + phonon energy 0.008322 | electron momentum kIdx = 0
The 5-th iteration is completed.	|| time cost : 0h 0m 17.745s
********************************************************************************************************************
Start the 6 rounds of NGS-ED iteration
	effective electronic model is modified as: kinetic energy t = 0.966819
	                                           effective interaction Vq = [-0.499869,-0.453406,-0.401277,-0.453406,-0.453406,-0.426256,-0.404736,-0.426256,-0.401277,-0.404736,-0.378091,-0.404736,-0.453406,-0.426256,-0.404736,-0.426256]
	PARPACK diagonalization completed after 30 matrix-vector product operations.
	iteration results: : total energy is -27.533296 | electron energy -27.541766 + phonon energy 0.008470 | electron momentum kIdx = 0
The 6-th iteration is completed.	|| time cost : 0h 0m 17.388s
********************************************************************************************************************
Start the 7 rounds of NGS-ED iteration
	effective electronic model is modified as: kinetic energy t = 0.966777
	                                           effective interaction Vq = [-0.499936,-0.453694,-0.401377,-0.453694,-0.453694,-0.426434,-0.404858,-0.426434,-0.401377,-0.404858,-0.378159,-0.404858,-0.453694,-0.426434,-0.404858,-0.426434]
	PARPACK diagonalization completed after 30 matrix-vector product operations.
	iteration results: : total energy is -27.534125 | electron energy -27.542667 + phonon energy 0.008542 | electron momentum kIdx = 0
The 7-th iteration is completed.	|| time cost : 0h 0m 15.383s
********************************************************************************************************************
Start the 8 rounds of NGS-ED iteration
	effective electronic model is modified as: kinetic energy t = 0.966757
	                                           effective interaction Vq = [-0.499961, -0.45384,-0.401421, -0.45384, -0.45384,-0.426518,-0.404914,-0.426518,-0.401421,-0.404914,-0.378189,-0.404914, -0.45384,-0.426518,-0.404914,-0.426518]
	PARPACK diagonalization completed after 30 matrix-vector product operations.
	iteration results: : total energy is -27.534429 | electron energy -27.543006 + phonon energy 0.008577 | electron momentum kIdx = 0
The 8-th iteration is completed.	|| time cost : 0h 0m 15.453s
********************************************************************************************************************
Start the 9 rounds of NGS-ED iteration
	effective electronic model is modified as: kinetic energy t = 0.966748
	                                           effective interaction Vq = [ -0.49997,-0.453913,-0.401441,-0.453913,-0.453913,-0.426558,-0.404941,-0.426558,-0.401441,-0.404941,-0.378203,-0.404941,-0.453913,-0.426558,-0.404941,-0.426558]
	PARPACK diagonalization completed after 30 matrix-vector product operations.
	iteration results: : total energy is -27.534541 | electron energy -27.543134 + phonon energy 0.008593 | electron momentum kIdx = 0
The 9-th iteration is completed.	|| time cost : 0h 0m 15.439s
********************************************************************************************************************
Start the 10 rounds of NGS-ED iteration
	effective electronic model is modified as: kinetic energy t = 0.966743
	                                           effective interaction Vq = [-0.499973,-0.453949, -0.40145,-0.453949,-0.453949,-0.426577,-0.404953,-0.426577, -0.40145,-0.404953,-0.378209,-0.404953,-0.453949,-0.426577,-0.404953,-0.426577]
	PARPACK diagonalization completed after 30 matrix-vector product operations.
	iteration results: : total energy is -27.534582 | electron energy -27.543183 + phonon energy 0.008601 | electron momentum kIdx = 0
	Nq(0) = 12.25,	Nq(1) = 0.32588,	Nq(2) = 0.35412,	Nq(3) = 0.32588,	Nq(4) = 0.32588,	Nq(5) = 0.453373,	Nq(6) = 0.54359,	Nq(7) = 0.453373,	Nq(8) = 0.35412,	Nq(9) = 0.54359,	Nq(10) = 0.573785,	Nq(11) = 0.54359,	Nq(12) = 0.32588,	Nq(13) = 0.453373,	Nq(14) = 0.54359,	Nq(15) = 0.453373,	Sq(0) = -2.00152e-18,	Sq(1) = 0.404222,	Sq(2) = 0.586233,	Sq(3) = 0.404222,	Sq(4) = 0.404222,	Sq(5) = 0.532229,	Sq(6) = 0.684402,	Sq(7) = 0.532229,	Sq(8) = 0.586233,	Sq(9) = 0.684402,	Sq(10) = 1.52072,	Sq(11) = 0.684402,	Sq(12) = 0.404222,	Sq(13) = 0.532229,	Sq(14) = 0.684402,	Sq(15) = 0.532229,	N(0) = 1.99393,	N(1) = 1.98865,	N(2) = 0.00855981,	N(3) = 1.98865,	N(4) = 1.98865,	N(5) = 0.999369,	N(6) = 0.00831939,	N(7) = 0.999369,	N(8) = 0.00855981,	N(9) = 0.00831939,	N(10) = 0.0035844,	N(11) = 0.00831939,	N(12) = 1.98865,	N(13) = 0.999369,	N(14) = 0.00831939,	N(15) = 0.999369,	Delta[s](0) = 0.257732,	Delta[s](1) = 0.204446,	Delta[s](2) = 0.120458,	Delta[s](3) = 0.204446,	Delta[s](4) = 0.204446,	Delta[s](5) = 0.162099,	Delta[s](6) = 0.106825,	Delta[s](7) = 0.162099,	Delta[s](8) = 0.120458,	Delta[s](9) = 0.106825,	Delta[s](10) = 0.0195721,	Delta[s](11) = 0.106825,	Delta[s](12) = 0.204446,	Delta[s](13) = 0.162099,	Delta[s](14) = 0.106825,	Delta[s](15) = 0.162099,	Delta[d](0) = 0.247002,	Delta[d](1) = 0.132091,	Delta[d](2) = 0.140548,	Delta[d](3) = 0.132091,	Delta[d](4) = 0.132091,	Delta[d](5) = 0.133963,	Delta[d](6) = 0.0777269,	Delta[d](7) = 0.133963,	Delta[d](8) = 0.140548,	Delta[d](9) = 0.0777269,	Delta[d](10) = 0.009741,	Delta[d](11) = 0.0777269,	Delta[d](12) = 0.132091,	Delta[d](13) = 0.133963,	Delta[d](14) = 0.0777269,	Delta[d](15) = 0.133963,	Delta[s+](0) = 0.530505,	Delta[s+](1) = 0.397138,	Delta[s+](2) = 0.140548,	Delta[s+](3) = 0.397138,	Delta[s+](4) = 0.397138,	Delta[s+](5) = 0.26568,	Delta[s+](6) = 0.0760011,	Delta[s+](7) = 0.26568,	Delta[s+](8) = 0.140548,	Delta[s+](9) = 0.0760011,	Delta[s+](10) = 0.00692478,	Delta[s+](11) = 0.0760011,	Delta[s+](12) = 0.397138,	Delta[s+](13) = 0.26568,	Delta[s+](14) = 0.0760011,	Delta[s+](15) = 0.26568
The 10-th iteration is completed.	|| time cost : 0h 2m 45s
********************************************************************************************************************
Start the 11 rounds of NGS-ED iteration
	effective electronic model is modified as: kinetic energy t = 0.966741
	                                           effective interaction Vq = [-0.499975,-0.453968,-0.401455,-0.453968,-0.453968,-0.426586,-0.404958,-0.426586,-0.401455,-0.404958,-0.378212,-0.404958,-0.453968,-0.426586,-0.404958,-0.426586]
	PARPACK diagonalization completed after 30 matrix-vector product operations.
	iteration results: : total energy is -27.534597 | electron energy -27.543202 + phonon energy 0.008605 | electron momentum kIdx = 0
The 11-th iteration is completed.	|| time cost : 0h 0m 15.462s
********************************************************************************************************************
Start the 12 rounds of NGS-ED iteration
	effective electronic model is modified as: kinetic energy t = 0.96674
	                                           effective interaction Vq = [-0.499975,-0.453977,-0.401456,-0.453977,-0.453977, -0.42659,-0.404961, -0.42659,-0.401456,-0.404961,-0.378213,-0.404961,-0.453977, -0.42659,-0.404961, -0.42659]
	PARPACK diagonalization completed after 30 matrix-vector product operations.
	iteration results: : total energy is -27.534603 | electron energy -27.543209 + phonon energy 0.008607 | electron momentum kIdx = 0
The 12-th iteration is completed.	|| time cost : 0h 0m 15.415s
********************************************************************************************************************
Start the 13 rounds of NGS-ED iteration
	effective electronic model is modified as: kinetic energy t = 0.966739
	                                           effective interaction Vq = [-0.499975,-0.453982,-0.401457,-0.453982,-0.453982,-0.426592,-0.404962,-0.426592,-0.401457,-0.404962,-0.378213,-0.404962,-0.453982,-0.426592,-0.404962,-0.426592]
	PARPACK diagonalization completed after 30 matrix-vector product operations.
	iteration results: : total energy is -27.534605 | electron energy -27.543212 + phonon energy 0.008608 | electron momentum kIdx = 0
The 13-th iteration is completed.	|| time cost : 0h 0m 15.395s
********************************************************************************************************************
Start the 14 rounds of NGS-ED iteration
	effective electronic model is modified as: kinetic energy t = 0.966739
	                                           effective interaction Vq = [-0.499975,-0.453984,-0.401458,-0.453984,-0.453984,-0.426593,-0.404963,-0.426593,-0.401458,-0.404963,-0.378214,-0.404963,-0.453984,-0.426593,-0.404963,-0.426593]
	PARPACK diagonalization completed after 30 matrix-vector product operations.
	iteration results: : total energy is -27.534605 | electron energy -27.543213 + phonon energy 0.008608 | electron momentum kIdx = 0
The 14-th iteration is completed.	|| time cost : 0h 0m 18.158s
********************************************************************************************************************
Start the 15 rounds of NGS-ED iteration
	effective electronic model is modified as: kinetic energy t = 0.966739
	                                           effective interaction Vq = [-0.499975,-0.453985,-0.401458,-0.453985,-0.453985,-0.426594,-0.404963,-0.426594,-0.401458,-0.404963,-0.378214,-0.404963,-0.453985,-0.426594,-0.404963,-0.426594]
	PARPACK diagonalization completed after 30 matrix-vector product operations.
	iteration results: : total energy is -27.534606 | electron energy -27.543214 + phonon energy 0.008608 | electron momentum kIdx = 0
The 15-th iteration is completed.	|| time cost : 0h 0m 18.327s
********************************************************************************************************************
Start the 16 rounds of NGS-ED iteration
	effective electronic model is modified as: kinetic energy t = 0.966739
	                                           effective interaction Vq = [-0.499975,-0.453986,-0.401458,-0.453986,-0.453986,-0.426594,-0.404963,-0.426594,-0.401458,-0.404963,-0.378214,-0.404963,-0.453986,-0.426594,-0.404963,-0.426594]
	PARPACK diagonalization completed after 30 matrix-vector product operations.
	iteration results: : total energy is -27.534606 | electron energy -27.543214 + phonon energy 0.008608 | electron momentum kIdx = 0
The 16-th iteration is completed.	|| time cost : 0h 0m 18.309s
********************************************************************************************************************
Start the 17 rounds of NGS-ED iteration
	effective electronic model is modified as: kinetic energy t = 0.966739
	                                           effective interaction Vq = [-0.499975,-0.453986,-0.401458,-0.453986,-0.453986,-0.426594,-0.404963,-0.426594,-0.401458,-0.404963,-0.378214,-0.404963,-0.453986,-0.426594,-0.404963,-0.426594]
	PARPACK diagonalization completed after 30 matrix-vector product operations.
	iteration results: : total energy is -27.534606 | electron energy -27.543214 + phonon energy 0.008608 | electron momentum kIdx = 0
The 17-th iteration is completed.	|| time cost : 0h 0m 15.416s
********************************************************************************************************************
Start the 18 rounds of NGS-ED iteration
	effective electronic model is modified as: kinetic energy t = 0.966739
	                                           effective interaction Vq = [-0.499975,-0.453987,-0.401458,-0.453987,-0.453987,-0.426594,-0.404963,-0.426594,-0.401458,-0.404963,-0.378214,-0.404963,-0.453987,-0.426594,-0.404963,-0.426594]
	PARPACK diagonalization completed after 30 matrix-vector product operations.
	iteration results: : total energy is -27.534606 | electron energy -27.543214 + phonon energy 0.008608 | electron momentum kIdx = 0
The 18-th iteration is completed.	|| time cost : 0h 0m 15.413s
********************************************************************************************************************
Start the 19 rounds of NGS-ED iteration
	effective electronic model is modified as: kinetic energy t = 0.966739
	                                           effective interaction Vq = [-0.499975,-0.453987,-0.401458,-0.453987,-0.453987,-0.426594,-0.404963,-0.426594,-0.401458,-0.404963,-0.378214,-0.404963,-0.453987,-0.426594,-0.404963,-0.426594]
	PARPACK diagonalization completed after 30 matrix-vector product operations.
	iteration results: : total energy is -27.534606 | electron energy -27.543214 + phonon energy 0.008608 | electron momentum kIdx = 0
The 19-th iteration is completed.	|| time cost : 0h 0m 15.452s
********************************************************************************************************************
Start the 20 rounds of NGS-ED iteration
	effective electronic model is modified as: kinetic energy t = 0.966739
	                                           effective interaction Vq = [-0.499975,-0.453987,-0.401458,-0.453987,-0.453987,-0.426594,-0.404963,-0.426594,-0.401458,-0.404963,-0.378214,-0.404963,-0.453987,-0.426594,-0.404963,-0.426594]
	PARPACK diagonalization completed after 30 matrix-vector product operations.
	iteration results: : total energy is -27.534606 | electron energy -27.543214 + phonon energy 0.008608 | electron momentum kIdx = 0
	Nq(0) = 12.25,	Nq(1) = 0.325884,	Nq(2) = 0.35412,	Nq(3) = 0.325884,	Nq(4) = 0.325884,	Nq(5) = 0.453375,	Nq(6) = 0.543591,	Nq(7) = 0.453375,	Nq(8) = 0.35412,	Nq(9) = 0.543591,	Nq(10) = 0.573785,	Nq(11) = 0.543591,	Nq(12) = 0.325884,	Nq(13) = 0.453375,	Nq(14) = 0.543591,	Nq(15) = 0.453375,	Sq(0) = 6.92938e-18,	Sq(1) = 0.404221,	Sq(2) = 0.586232,	Sq(3) = 0.404221,	Sq(4) = 0.404221,	Sq(5) = 0.532228,	Sq(6) = 0.6844,	Sq(7) = 0.532228,	Sq(8) = 0.586232,	Sq(9) = 0.6844,	Sq(10) = 1.52072,	Sq(11) = 0.6844,	Sq(12) = 0.404221,	Sq(13) = 0.532228,	Sq(14) = 0.6844,	Sq(15) = 0.532228,	N(0) = 1.99393,	N(1) = 1.98865,	N(2) = 0.00855921,	N(3) = 1.98865,	N(4) = 1.98865,	N(5) = 0.999369,	N(6) = 0.00831885,	N(7) = 0.999369,	N(8) = 0.00855921,	N(9) = 0.00831885,	N(10) = 0.00358424,	N(11) = 0.00831885,	N(12) = 1.98865,	N(13) = 0.999369,	N(14) = 0.00831885,	N(15) = 0.999369,	Delta[s](0) = 0.257732,	Delta[s](1) = 0.204447,	Delta[s](2) = 0.120459,	Delta[s](3) = 0.204447,	Delta[s](4) = 0.204447,	Delta[s](5) = 0.162099,	Delta[s](6) = 0.106826,	Delta[s](7) = 0.162099,	Delta[s](8) = 0.120459,	Delta[s](9) = 0.106826,	Delta[s](10) = 0.0195735,	Delta[s](11) = 0.106826,	Delta[s](12) = 0.204447,	Delta[s](13) = 0.162099,	Delta[s](14) = 0.106826,	Delta[s](15) = 0.162099,	Delta[d](0) = 0.247017,	Delta[d](1) = 0.1321,	Delta[d](2) = 0.140557,	Delta[d](3) = 0.1321,	Delta[d](4) = 0.1321,	Delta[d](5) = 0.133972,	Delta[d](6) = 0.0777322,	Delta[d](7) = 0.133972,	Delta[d](8) = 0.140557,	Delta[d](9) = 0.0777322,	Delta[d](10) = 0.0097421,	Delta[d](11) = 0.0777322,	Delta[d](12) = 0.1321,	Delta[d](13) = 0.133972,	Delta[d](14) = 0.0777322,	Delta[d](15) = 0.133972,	Delta[s+](0) = 0.530537,	Delta[s+](1) = 0.397162,	Delta[s+](2) = 0.140557,	Delta[s+](3) = 0.397162,	Delta[s+](4) = 0.397162,	Delta[s+](5) = 0.265696,	Delta[s+](6) = 0.0760061,	Delta[s+](7) = 0.265696,	Delta[s+](8) = 0.140557,	Delta[s+](9) = 0.0760061,	Delta[s+](10) = 0.00692558,	Delta[s+](11) = 0.0760061,	Delta[s+](12) = 0.397162,	Delta[s+](13) = 0.265696,	Delta[s+](14) = 0.0760061,	Delta[s+](15) = 0.265696
The 20-th iteration is completed.	|| time cost : 0h 2m 45.067s
********************************************************************************************************************
Start the 21 rounds of NGS-ED iteration
	effective electronic model is modified as: kinetic energy t = 0.966739
	                                           effective interaction Vq = [-0.499975,-0.453987,-0.401458,-0.453987,-0.453987,-0.426594,-0.404963,-0.426594,-0.401458,-0.404963,-0.378214,-0.404963,-0.453987,-0.426594,-0.404963,-0.426594]
	PARPACK diagonalization completed after 30 matrix-vector product operations.
	iteration results: : total energy is -27.534606 | electron energy -27.543214 + phonon energy 0.008608 | electron momentum kIdx = 0
The 21-th iteration is completed.	|| time cost : 0h 0m 15.459s
********************************************************************************************************************
Start the 22 rounds of NGS-ED iteration
	effective electronic model is modified as: kinetic energy t = 0.966739
	                                           effective interaction Vq = [-0.499975,-0.453987,-0.401458,-0.453987,-0.453987,-0.426594,-0.404963,-0.426594,-0.401458,-0.404963,-0.378214,-0.404963,-0.453987,-0.426594,-0.404963,-0.426594]
	PARPACK diagonalization completed after 30 matrix-vector product operations.
	iteration results: : total energy is -27.534606 | electron energy -27.543214 + phonon energy 0.008608 | electron momentum kIdx = 0
The 22-th iteration is completed.	|| time cost : 0h 0m 15.421s
********************************************************************************************************************
Start the 23 rounds of NGS-ED iteration
	effective electronic model is modified as: kinetic energy t = 0.966739
	                                           effective interaction Vq = [-0.499975,-0.453987,-0.401458,-0.453987,-0.453987,-0.426594,-0.404963,-0.426594,-0.401458,-0.404963,-0.378214,-0.404963,-0.453987,-0.426594,-0.404963,-0.426594]
	PARPACK diagonalization completed after 30 matrix-vector product operations.
	iteration results: : total energy is -27.534606 | electron energy -27.543214 + phonon energy 0.008608 | electron momentum kIdx = 0
