SNEDics v3.21.4 Non-Gaussian ED ground state program		Start at Tue Jul 27 00:39:03 2021

parallized on 32 MPI threads  * 8 OpenMP threads = 256 total threads.
********************************************************************************************************************
********************************************************************************************************************

********************************************************************************************************************
System parameters and configurations
	special program options are enabled: splitted diagonal Hamiltonian | splitted Hamiltonian terms
********************************************************************************************************************
Read input file "model_params.in"
	Hubbard-Holstein model parameters : 	t = 1    U = 8    g = 0.09    W = 0.2    g' = 0.15    
********************************************************************************************************************
Read input file "hilbertspace_params.in"
	Requested 16-site 2D lattice, with 12 electrons (6, 6)
	Boundary : Periodic		Hilbert space representation : momentum-space (restricted to kIdx = 0)
	Conservation: particle number[U(1)]      spin[U(1)]     momentum
********************************************************************************************************************

Cluster Positions:				Cluster symmetry group : D4
 x ... x ... x ... x .....                       x ... x ... x ... x .....
 |           |           :                       |           |           :
 |           |           :                       |           |           :
12    13    14    15     x                       1     5     6     5     x
 |           |           :                       |           |           :
 |           |           :                       |           |           :
 8 --- 9 ---10 ---11 --- x                       2 --- 6 ---10 --- 6 --- x
 |           |           :                       |           |           :
 |           |           :                       |           |           :
 4     5     6     7     x                       1     5     6     5     x
 |           |           :                       |           |           :
 |           |           :                       |           |           :
 0 --- 1 --- 2 --- 3 --- x                       0 --- 1 --- 2 --- 1 --- x
orbital number : 1
********************************************************************************************************************
Read input file "obs_params.in"
	Observable Type : Nq(All),   Sq(All),   N(All),   Delta[s](All),   Delta[d](All),   Delta[s+](All)
** WARNING ** the input observables have non-local factors which have been reinterpreted. The total observable number is 96
********************************************************************************************************************


********************************************************************************************************************
Start calculating the non-Gaussian ED ground state
Maximal iteration number is 1000; energy resolution is 1e-06. Phonon state relaxation time is 2000
W = 0.2 is relatively large. The non-Gaussian ED calculation starts directly.
open output files: NGSED_iteration_obserbles.txt
********************************************************************************************************************
Start the 0 rounds of NGS-ED iteration
	effective electronic model is modified as: kinetic energy t = 1
	                                           effective interaction Vq = [0,0,0,0,0,0,0,0,0,0,0,0,0,0,0,0]
	first Hamiltonian is constructed, size = 4008592 and non-zero numbers = 969134044
	PARPACK diagonalization completed after 150 matrix-vector product operations.
	iteration results: : total energy is -14.925310 | electron energy -14.925310 + phonon energy 0.000000 | electron momentum kIdx = 0
	Nq(0) = 9,	Nq(1) = 0.191675,	Nq(2) = 0.266183,	Nq(3) = 0.191675,	Nq(4) = 0.191675,	Nq(5) = 0.245517,	
	Nq(6) = 0.314107,	Nq(7) = 0.245517,	Nq(8) = 0.266183,	Nq(9) = 0.314107,	Nq(10) = 0.369338,	
	Nq(11) = 0.314107,	Nq(12) = 0.191675,	Nq(13) = 0.245517,	Nq(14) = 0.314107,	Nq(15) = 0.245517;	
	Sq(0) = 3.02743e-18,	Sq(1) = 0.554662,	Sq(2) = 0.424361,	Sq(3) = 0.554662,	Sq(4) = 0.554662,	
	Sq(5) = 0.79749,	Sq(6) = 1.01287,	Sq(7) = 0.79749,	Sq(8) = 0.424361,	Sq(9) = 1.01287,	
	Sq(10) = 0.784303,	Sq(11) = 1.01287,	Sq(12) = 0.554662,	Sq(13) = 0.79749,	Sq(14) = 1.01287,	
	Sq(15) = 0.79749;	N(0) = 1.76735,	N(1) = 1.6264,	N(2) = 0.74365,	N(3) = 1.6264,	
	N(4) = 1.6264,	N(5) = 0.392302,	N(6) = 0.144321,	N(7) = 0.392302,	N(8) = 0.74365,	
	N(9) = 0.144321,	N(10) = 0.0932732,	N(11) = 0.144321,	N(12) = 1.6264,	N(13) = 0.392302,	
	N(14) = 0.144321,	N(15) = 0.392302;	Delta[s](0) = 0.0653088,	Delta[s](1) = 0.0452059,	Delta[s](2) = 0.0303569,	
	Delta[s](3) = 0.0452059,	Delta[s](4) = 0.0452059,	Delta[s](5) = 0.0270973,	Delta[s](6) = 0.00946803,	Delta[s](7) = 0.0270973,	
	Delta[s](8) = 0.0303569,	Delta[s](9) = 0.00946803,	Delta[s](10) = 0.000342501,	Delta[s](11) = 0.00946803,	Delta[s](12) = 0.0452059,	
	Delta[s](13) = 0.0270973,	Delta[s](14) = 0.00946803,	Delta[s](15) = 0.0270973;	Delta[d](0) = 0.229091,	Delta[d](1) = 0.179993,	
	Delta[d](2) = 0.222042,	Delta[d](3) = 0.179993,	Delta[d](4) = 0.179993,	Delta[d](5) = 0.123128,	Delta[d](6) = 0.150386,	
	Delta[d](7) = 0.123128,	Delta[d](8) = 0.222042,	Delta[d](9) = 0.150386,	Delta[d](10) = 0.077421,	Delta[d](11) = 0.150386,	
	Delta[d](12) = 0.179993,	Delta[d](13) = 0.123128,	Delta[d](14) = 0.150386,	Delta[d](15) = 0.123128;	Delta[s+](0) = 0.528725,	
	Delta[s+](1) = 0.360664,	Delta[s+](2) = 0.222042,	Delta[s+](3) = 0.360664,	Delta[s+](4) = 0.360664,	Delta[s+](5) = 0.177064,	
	Delta[s+](6) = 0.0628592,	Delta[s+](7) = 0.177064,	Delta[s+](8) = 0.222042,	Delta[s+](9) = 0.0628592,	Delta[s+](10) = 0.0158716,	
	Delta[s+](11) = 0.0628592,	Delta[s+](12) = 0.360664,	Delta[s+](13) = 0.177064,	Delta[s+](14) = 0.0628592,	Delta[s+](15) = 0.177064
	
The 0-th iteration is completed.	|| time cost : 0h 2m 2.122s
********************************************************************************************************************
Start the 1 rounds of NGS-ED iteration
	effective electronic model is modified as: kinetic energy t = 0.996449
	                                           effective interaction Vq = [    -2.3805, -0.0996532,  -0.003504, -0.0996532, -0.0996532,-0.00324655, -0.0155029,-0.00324655,  -0.003504, -0.0155029, -0.0930246, -0.0155029, -0.0996532,-0.00324655, -0.0155029,-0.00324655]
	PARPACK diagonalization completed after 45 matrix-vector product operations.
	iteration results: : total energy is -36.416561 | electron energy -36.419786 + phonon energy 0.003226 | electron momentum kIdx = 0
The 1-th iteration is completed.	|| time cost : 0h 1m 18.152s
********************************************************************************************************************
Start the 2 rounds of NGS-ED iteration
	effective electronic model is modified as: kinetic energy t = 0.996394
	                                           effective interaction Vq = [    -2.3805,  -0.100709,-0.00348696,  -0.100709,  -0.100709,-0.00323459,  -0.015472,-0.00323459,-0.00348696,  -0.015472, -0.0941605,  -0.015472,  -0.100709,-0.00323459,  -0.015472,-0.00323459]
	PARPACK diagonalization completed after 30 matrix-vector product operations.
	iteration results: : total energy is -36.416567 | electron energy -36.419931 + phonon energy 0.003365 | electron momentum kIdx = 0
The 2-th iteration is completed.	|| time cost : 0h 0m 9.671s
********************************************************************************************************************
Start the 3 rounds of NGS-ED iteration
	effective electronic model is modified as: kinetic energy t = 0.996393
	                                           effective interaction Vq = [    -2.3805,  -0.100721,-0.00348678,  -0.100721,  -0.100721,-0.00323447, -0.0154714,-0.00323447,-0.00348678, -0.0154714, -0.0941754, -0.0154714,  -0.100721,-0.00323447, -0.0154714,-0.00323447]
	PARPACK diagonalization completed after 30 matrix-vector product operations.
	iteration results: : total energy is -36.416567 | electron energy -36.419933 + phonon energy 0.003366 | electron momentum kIdx = 0
The 3-th iteration is completed.	|| time cost : 0h 0m 9.642s
********************************************************************************************************************
Start the 4 rounds of NGS-ED iteration
	effective electronic model is modified as: kinetic energy t = 0.996393
	                                           effective interaction Vq = [    -2.3805,  -0.100722,-0.00348678,  -0.100722,  -0.100722,-0.00323447, -0.0154714,-0.00323447,-0.00348678, -0.0154714, -0.0941756, -0.0154714,  -0.100722,-0.00323447, -0.0154714,-0.00323447]
	PARPACK diagonalization completed after 30 matrix-vector product operations.
	iteration results: : total energy is -36.416567 | electron energy -36.419933 + phonon energy 0.003366 | electron momentum kIdx = 0
The 4-th iteration is completed.	|| time cost : 0h 0m 9.653s
********************************************************************************************************************
Start the 5 rounds of NGS-ED iteration
	effective electronic model is modified as: kinetic energy t = 0.996393
	                                           effective interaction Vq = [    -2.3805,  -0.100722,-0.00348678,  -0.100722,  -0.100722,-0.00323447, -0.0154714,-0.00323447,-0.00348678, -0.0154714, -0.0941756, -0.0154714,  -0.100722,-0.00323447, -0.0154714,-0.00323447]
	PARPACK diagonalization completed after 30 matrix-vector product operations.
	iteration results: : total energy is -36.416567 | electron energy -36.419933 + phonon energy 0.003366 | electron momentum kIdx = 0
	Nq(0) = 9,	Nq(1) = 0.193911,	Nq(2) = 0.265261,	Nq(3) = 0.193911,	Nq(4) = 0.193911,	Nq(5) = 0.244981,	
	Nq(6) = 0.314002,	Nq(7) = 0.244981,	Nq(8) = 0.265261,	Nq(9) = 0.314002,	Nq(10) = 0.37339,	
	Nq(11) = 0.314002,	Nq(12) = 0.193911,	Nq(13) = 0.244981,	Nq(14) = 0.314002,	Nq(15) = 0.244981;	
	Sq(0) = -3.1445e-18,	Sq(1) = 0.55326,	Sq(2) = 0.424343,	Sq(3) = 0.55326,	Sq(4) = 0.55326,	
	Sq(5) = 0.796664,	Sq(6) = 1.0122,	Sq(7) = 0.796664,	Sq(8) = 0.424343,	Sq(9) = 1.0122,	
	Sq(10) = 0.787323,	Sq(11) = 1.0122,	Sq(12) = 0.55326,	Sq(13) = 0.796664,	Sq(14) = 1.0122,	
	Sq(15) = 0.796664;	N(0) = 1.76827,	N(1) = 1.62973,	N(2) = 0.741871,	N(3) = 1.62973,	
	N(4) = 1.62973,	N(5) = 0.390104,	N(6) = 0.143786,	N(7) = 0.390104,	N(8) = 0.741871,	
	N(9) = 0.143786,	N(10) = 0.0934925,	N(11) = 0.143786,	N(12) = 1.62973,	N(13) = 0.390104,	
	N(14) = 0.143786,	N(15) = 0.390104;	Delta[s](0) = 0.0658486,	Delta[s](1) = 0.0455902,	Delta[s](2) = 0.0306853,	
	Delta[s](3) = 0.0455902,	Delta[s](4) = 0.0455902,	Delta[s](5) = 0.027394,	Delta[s](6) = 0.00955918,	Delta[s](7) = 0.027394,	
	Delta[s](8) = 0.0306853,	Delta[s](9) = 0.00955918,	Delta[s](10) = 0.000351819,	Delta[s](11) = 0.00955918,	Delta[s](12) = 0.0455902,	
	Delta[s](13) = 0.027394,	Delta[s](14) = 0.00955918,	Delta[s](15) = 0.027394;	Delta[d](0) = 0.229345,	Delta[d](1) = 0.180197,	
	Delta[d](2) = 0.222258,	Delta[d](3) = 0.180197,	Delta[d](4) = 0.180197,	Delta[d](5) = 0.123098,	Delta[d](6) = 0.150377,	
	Delta[d](7) = 0.123098,	Delta[d](8) = 0.222258,	Delta[d](9) = 0.150377,	Delta[d](10) = 0.0765746,	Delta[d](11) = 0.150377,	
	Delta[d](12) = 0.180197,	Delta[d](13) = 0.123098,	Delta[d](14) = 0.150377,	Delta[d](15) = 0.123098;	Delta[s+](0) = 0.529684,	
	Delta[s+](1) = 0.361222,	Delta[s+](2) = 0.222258,	Delta[s+](3) = 0.361222,	Delta[s+](4) = 0.361222,	Delta[s+](5) = 0.177253,	
	Delta[s+](6) = 0.0628369,	Delta[s+](7) = 0.177253,	Delta[s+](8) = 0.222258,	Delta[s+](9) = 0.0628369,	Delta[s+](10) = 0.015928,	
	Delta[s+](11) = 0.0628369,	Delta[s+](12) = 0.361222,	Delta[s+](13) = 0.177253,	Delta[s+](14) = 0.0628369,	Delta[s+](15) = 0.177253
	
The 5-th iteration is completed.	|| time cost : 0h 1m 18.82s
********************************************************************************************************************
********************************************************************************************************************
Ground state is obtained after 6 iterations. The current ground-state energy is -36.4166, in which electron energy is -36.4199 and phonon energy is 0.00336636
Final variational state is: 
	Gamma_x = [      1,1.09861,1.00453,1.09861,1.09861,1.00389,1.02413,1.00389,1.00453,1.02413,1.18729,1.02413,1.09861,1.00389,1.02413,1.00389]
	lambda_q = [      3.45,  0.133715, 0.0198069,  0.133715,  0.133715, 0.0183431,-0.0375066, 0.0183431, 0.0198069,-0.0375066, -0.094064,-0.0375066,  0.133715, 0.0183431,-0.0375066, 0.0183431]
Effective e-e interactions mediated by phonons are:
	momentum-space Vq = [    -2.3805,  -0.100722,-0.00348678,  -0.100722,  -0.100722,-0.00323447, -0.0154714,-0.00323447,-0.00348678, -0.0154714, -0.0941756, -0.0154714,  -0.100722,-0.00323447, -0.0154714,-0.00323447]
	real-space Vr = [ -0.18496,-0.153552,-0.154294,-0.153552,-0.153552,-0.154231,-0.132239,-0.154231,-0.154294,-0.132239,-0.126863,-0.132239,-0.153552,-0.154231,-0.132239,-0.154231]
********************************************************************************************************************
o___o  ----------------------------------------
| L |	Time since last clock: 0h 0m 0.006s
A===A	Time since the beginning: 0h 5m 8.069s
***********************************************


Non-Gaussina ED ground state calculation is completed. The final ground-state energy is -36.4166
********************************************************************************************************************
o___o  ----------------------------------------
| L |	Time since last clock: 0h 0m 0.004s
A===A	Time since the beginning: 0h 5m 8.074s
***********************************************



********************************************************************************************************************
All non-Gaussian ED ground state calculations have been completed. Exit now.
