SNEDics v3.22.2 Non-Gaussian ED ground state program		Start at Sat Jun 11 02:09:55 2022

Parallelization: 32 MPI threads  * 8 OpenMP threads = 256 total threads.
********************************************************************************************************************
********************************************************************************************************************

********************************************************************************************************************
System parameters and configurations
	special program options are enabled: splitted diagonal Hamiltonian | splitted Hamiltonian terms
********************************************************************************************************************
Read input file "model_params.in"
	Hubbard-Holstein model parameters : 	t = 1    U = 8    g = 0.7    W = 0.2    g' = 0.6    
********************************************************************************************************************
Read input file "hilbertspace_params.in"
	Requested 16-site 2D lattice, with 12 electrons (6, 6)
	Boundary : Periodic		Hilbert space representation : momentum-space (restricted to kIdx = 10)
	Conservation: particle number[U(1)]      spin[U(1)]     momentum
********************************************************************************************************************

Cluster Positions:				Cluster symmetry group : D4
 x ... x ... x ... x .....                       x ... x ... x ... x .....
 |           |           :                       |           |           :
 |           |           :                       |           |           :
12    13    14    15     x                       1     5     6     5     x
 |           |           :                       |           |           :
 |           |           :                       |           |           :
 8 --- 9 ---10 ---11 --- x                       2 --- 6 ---10 --- 6 --- x
 |           |           :                       |           |           :
 |           |           :                       |           |           :
 4     5     6     7     x                       1     5     6     5     x
 |           |           :                       |           |           :
 |           |           :                       |           |           :
 0 --- 1 --- 2 --- 3 --- x                       0 --- 1 --- 2 --- 1 --- x
orbital number : 1
********************************************************************************************************************
Read input file "obs_params.in"
	Observable Type : Nq(All),   Sq(All),   N(All-Orbital),   Delta[s](All),   Delta[d](All),   Delta[s+](All)
** WARNING ** the input observables have non-local factors which have been reinterpreted. The total observable number is 96
********************************************************************************************************************


********************************************************************************************************************
Start calculating the non-Gaussian ED ground state
Maximal iteration number is 1000; energy resolution is 1e-06. Phonon state relaxation time is 2000
W = 0.2 is relatively large. The non-Gaussian ED calculation starts directly.
open output files: NGSED_iteration_observables.txt
********************************************************************************************************************
Start the 0 rounds of NGS-ED iteration
	effective electronic model is modified as: kinetic energy t = 1
	                                           effective interaction Vq = [0,0,0,0,0,0,0,0,0,0,0,0,0,0,0,0]
	first Hamiltonian is constructed, size = 4008592 and non-zero numbers = 969134084
	PARPACK diagonalization completed after 150 matrix-vector product operations.
	iteration results: : total energy is -14.925310 | electron energy -14.925310 + phonon energy 0.000000 | electron momentum kIdx = 10
	Nq(0) = 9,	Nq(1) = 0.191675,	Nq(2) = 0.238629,	Nq(3) = 0.191675,	Nq(4) = 0.191675,	Nq(5) = 0.259295,	
	Nq(6) = 0.314107,	Nq(7) = 0.259295,	Nq(8) = 0.238629,	Nq(9) = 0.314107,	Nq(10) = 0.369338,	
	Nq(11) = 0.314107,	Nq(12) = 0.191675,	Nq(13) = 0.259295,	Nq(14) = 0.314107,	Nq(15) = 0.259295;	
	Sq(0) = -1.73566e-18,	Sq(1) = 0.554662,	Sq(2) = 0.921866,	Sq(3) = 0.554662,	Sq(4) = 0.554662,	
	Sq(5) = 0.548737,	Sq(6) = 1.01287,	Sq(7) = 0.548737,	Sq(8) = 0.921866,	Sq(9) = 1.01287,	
	Sq(10) = 0.784303,	Sq(11) = 1.01287,	Sq(12) = 0.554662,	Sq(13) = 0.548737,	Sq(14) = 1.01287,	
	Sq(15) = 0.548737;	N(0) = 1.76735,	N(1) = 1.6264,	N(2) = 0.275186,	N(3) = 1.6264,	
	N(4) = 1.6264,	N(5) = 0.626534,	N(6) = 0.144321,	N(7) = 0.626534,	N(8) = 0.275186,	
	N(9) = 0.144321,	N(10) = 0.0932732,	N(11) = 0.144321,	N(12) = 1.6264,	N(13) = 0.626534,	
	N(14) = 0.144321,	N(15) = 0.626534;	Delta[s](0) = 0.0355321,	Delta[s](1) = 0.0317722,	Delta[s](2) = 0.0280043,	
	Delta[s](3) = 0.0317722,	Delta[s](4) = 0.0317722,	Delta[s](5) = 0.0283476,	Delta[s](6) = 0.0248797,	Delta[s](7) = 0.0283476,	
	Delta[s](8) = 0.0280043,	Delta[s](9) = 0.0248797,	Delta[s](10) = 0.0219112,	Delta[s](11) = 0.0248797,	Delta[s](12) = 0.0317722,	
	Delta[s](13) = 0.0283476,	Delta[s](14) = 0.0248797,	Delta[s](15) = 0.0283476;	Delta[d](0) = 0.160485,	Delta[d](1) = 0.152063,	
	Delta[d](2) = 0.162081,	Delta[d](3) = 0.152063,	Delta[d](4) = 0.152063,	Delta[d](5) = 0.131495,	Delta[d](6) = 0.117403,	
	Delta[d](7) = 0.131495,	Delta[d](8) = 0.162081,	Delta[d](9) = 0.117403,	Delta[d](10) = 0.0782112,	Delta[d](11) = 0.117403,	
	Delta[d](12) = 0.152063,	Delta[d](13) = 0.131495,	Delta[d](14) = 0.117403,	Delta[d](15) = 0.131495;	Delta[s+](0) = 0.396239,	
	Delta[s+](1) = 0.28151,	Delta[s+](2) = 0.162081,	Delta[s+](3) = 0.28151,	Delta[s+](4) = 0.28151,	Delta[s+](5) = 0.185024,	
	Delta[s+](6) = 0.0956563,	Delta[s+](7) = 0.185024,	Delta[s+](8) = 0.162081,	Delta[s+](9) = 0.0956563,	Delta[s+](10) = 0.0473913,	
	Delta[s+](11) = 0.0956563,	Delta[s+](12) = 0.28151,	Delta[s+](13) = 0.185024,	Delta[s+](14) = 0.0956563,	Delta[s+](15) = 0.185024
	
The 0-th iteration is completed.	|| time cost : 0h 2m 3.563s
********************************************************************************************************************
Start the 1 rounds of NGS-ED iteration
	effective electronic model is modified as: kinetic energy t = 0.667083
	                                           effective interaction Vq = [   -48.05,  -15.428,-0.415734,  -15.428,  -15.428,-0.492144,-0.154827,-0.492144,-0.415734,-0.154827, -11.6188,-0.154827,  -15.428,-0.492144,-0.154827,-0.492144]
	PARPACK diagonalization completed after 90 matrix-vector product operations.
	iteration results: : total energy is -554.106687 | electron energy -558.314872 + phonon energy 4.208185 | electron momentum kIdx = 10
The 1-th iteration is completed.	|| time cost : 0h 1m 23.246s
********************************************************************************************************************
Start the 2 rounds of NGS-ED iteration
	effective electronic model is modified as: kinetic energy t = 1.46378e-12
	                                           effective interaction Vq = [-48.05,-18.05, -2.45,-18.05,-18.05, -2.45, -1.25, -2.45, -2.45, -1.25,-14.45, -1.25,-18.05, -2.45, -1.25, -2.45]
	PARPACK diagonalization completed after 45 matrix-vector product operations.
	iteration results: : total energy is -591.600000 | electron energy -591.600000 + phonon energy 0.000000 | electron momentum kIdx = 10
The 2-th iteration is completed.	|| time cost : 0h 0m 10.864s
********************************************************************************************************************
Start the 3 rounds of NGS-ED iteration
	effective electronic model is modified as: kinetic energy t = 1.46377e-12
	                                           effective interaction Vq = [-48.05,-18.05, -2.45,-18.05,-18.05, -2.45, -1.25, -2.45, -2.45, -1.25,-14.45, -1.25,-18.05, -2.45, -1.25, -2.45]
	PARPACK diagonalization completed after 30 matrix-vector product operations.
	iteration results: : total energy is -591.600000 | electron energy -591.600000 + phonon energy 0.000000 | electron momentum kIdx = 10
The 3-th iteration is completed.	|| time cost : 0h 0m 8.944s
********************************************************************************************************************
Start the 4 rounds of NGS-ED iteration
	effective electronic model is modified as: kinetic energy t = 1.46635e-12
	                                           effective interaction Vq = [-48.05,-18.05, -2.45,-18.05,-18.05, -2.45, -1.25, -2.45, -2.45, -1.25,-14.45, -1.25,-18.05, -2.45, -1.25, -2.45]
	PARPACK diagonalization completed after 30 matrix-vector product operations.
	iteration results: : total energy is -591.600000 | electron energy -591.600000 + phonon energy 0.000000 | electron momentum kIdx = 10
The 4-th iteration is completed.	|| time cost : 0h 0m 8.912s
********************************************************************************************************************
Start the 5 rounds of NGS-ED iteration
	effective electronic model is modified as: kinetic energy t = 1.48528e-12
	                                           effective interaction Vq = [-48.05,-18.05, -2.45,-18.05,-18.05, -2.45, -1.25, -2.45, -2.45, -1.25,-14.45, -1.25,-18.05, -2.45, -1.25, -2.45]
	PARPACK diagonalization completed after 30 matrix-vector product operations.
	iteration results: : total energy is -591.600000 | electron energy -591.600000 + phonon energy 0.000000 | electron momentum kIdx = 10
The 5-th iteration is completed.	|| time cost : 0h 0m 8.928s
********************************************************************************************************************
Start the 6 rounds of NGS-ED iteration
	effective electronic model is modified as: kinetic energy t = 1.45183e-12
	                                           effective interaction Vq = [-48.05,-18.05, -2.45,-18.05,-18.05, -2.45, -1.25, -2.45, -2.45, -1.25,-14.45, -1.25,-18.05, -2.45, -1.25, -2.45]
	PARPACK diagonalization completed after 30 matrix-vector product operations.
	iteration results: : total energy is -591.600000 | electron energy -591.600000 + phonon energy 0.000000 | electron momentum kIdx = 10
The 6-th iteration is completed.	|| time cost : 0h 0m 8.914s
********************************************************************************************************************
Start the 7 rounds of NGS-ED iteration
	effective electronic model is modified as: kinetic energy t = 1.47904e-12
	                                           effective interaction Vq = [-48.05,-18.05, -2.45,-18.05,-18.05, -2.45, -1.25, -2.45, -2.45, -1.25,-14.45, -1.25,-18.05, -2.45, -1.25, -2.45]
	PARPACK diagonalization completed after 30 matrix-vector product operations.
	iteration results: : total energy is -591.600000 | electron energy -591.600000 + phonon energy 0.000000 | electron momentum kIdx = 10
The 7-th iteration is completed.	|| time cost : 0h 0m 8.927s
********************************************************************************************************************
Start the 8 rounds of NGS-ED iteration
	effective electronic model is modified as: kinetic energy t = 1.44208e-12
	                                           effective interaction Vq = [-48.05,-18.05, -2.45,-18.05,-18.05, -2.45, -1.25, -2.45, -2.45, -1.25,-14.45, -1.25,-18.05, -2.45, -1.25, -2.45]
	PARPACK diagonalization completed after 30 matrix-vector product operations.
	iteration results: : total energy is -591.600000 | electron energy -591.600000 + phonon energy 0.000000 | electron momentum kIdx = 10
The 8-th iteration is completed.	|| time cost : 0h 0m 8.92s
********************************************************************************************************************
Start the 9 rounds of NGS-ED iteration
	effective electronic model is modified as: kinetic energy t = 1.4547e-12
	                                           effective interaction Vq = [-48.05,-18.05, -2.45,-18.05,-18.05, -2.45, -1.25, -2.45, -2.45, -1.25,-14.45, -1.25,-18.05, -2.45, -1.25, -2.45]
	PARPACK diagonalization completed after 30 matrix-vector product operations.
	iteration results: : total energy is -591.600000 | electron energy -591.600000 + phonon energy 0.000000 | electron momentum kIdx = 10
The 9-th iteration is completed.	|| time cost : 0h 0m 8.937s
********************************************************************************************************************
Start the 10 rounds of NGS-ED iteration
	effective electronic model is modified as: kinetic energy t = 1.47751e-12
	                                           effective interaction Vq = [-48.05,-18.05, -2.45,-18.05,-18.05, -2.45, -1.25, -2.45, -2.45, -1.25,-14.45, -1.25,-18.05, -2.45, -1.25, -2.45]
	PARPACK diagonalization completed after 30 matrix-vector product operations.
	iteration results: : total energy is -591.600000 | electron energy -591.600000 + phonon energy 0.000000 | electron momentum kIdx = 10
The 10-th iteration is completed.	|| time cost : 0h 0m 8.893s
********************************************************************************************************************
Start the 11 rounds of NGS-ED iteration
	effective electronic model is modified as: kinetic energy t = 1.47292e-12
	                                           effective interaction Vq = [-48.05,-18.05, -2.45,-18.05,-18.05, -2.45, -1.25, -2.45, -2.45, -1.25,-14.45, -1.25,-18.05, -2.45, -1.25, -2.45]
	PARPACK diagonalization completed after 30 matrix-vector product operations.
	iteration results: : total energy is -591.600000 | electron energy -591.600000 + phonon energy 0.000000 | electron momentum kIdx = 10
The 11-th iteration is completed.	|| time cost : 0h 0m 8.933s
********************************************************************************************************************
Start the 12 rounds of NGS-ED iteration
	effective electronic model is modified as: kinetic energy t = 1.45441e-12
	                                           effective interaction Vq = [-48.05,-18.05, -2.45,-18.05,-18.05, -2.45, -1.25, -2.45, -2.45, -1.25,-14.45, -1.25,-18.05, -2.45, -1.25, -2.45]
	PARPACK diagonalization completed after 30 matrix-vector product operations.
	iteration results: : total energy is -591.600000 | electron energy -591.600000 + phonon energy 0.000000 | electron momentum kIdx = 10
The 12-th iteration is completed.	|| time cost : 0h 0m 8.932s
********************************************************************************************************************
Start the 13 rounds of NGS-ED iteration
	effective electronic model is modified as: kinetic energy t = 1.47376e-12
	                                           effective interaction Vq = [-48.05,-18.05, -2.45,-18.05,-18.05, -2.45, -1.25, -2.45, -2.45, -1.25,-14.45, -1.25,-18.05, -2.45, -1.25, -2.45]
	PARPACK diagonalization completed after 30 matrix-vector product operations.
	iteration results: : total energy is -591.600000 | electron energy -591.600000 + phonon energy 0.000000 | electron momentum kIdx = 10
The 13-th iteration is completed.	|| time cost : 0h 0m 8.894s
********************************************************************************************************************
Start the 14 rounds of NGS-ED iteration
	effective electronic model is modified as: kinetic energy t = 1.51463e-12
	                                           effective interaction Vq = [  -48.05,  -18.05,   -2.45,  -18.05,  -18.05,   -2.45,   -1.25,   -2.45,   -2.45,   -1.25,-14.4499,   -1.25,  -18.05,   -2.45,   -1.25,   -2.45]
	PARPACK diagonalization completed after 30 matrix-vector product operations.
	iteration results: : total energy is -591.600000 | electron energy -591.600000 + phonon energy 0.000000 | electron momentum kIdx = 10
The 14-th iteration is completed.	|| time cost : 0h 0m 8.907s
********************************************************************************************************************
Start the 15 rounds of NGS-ED iteration
	effective electronic model is modified as: kinetic energy t = 1.43133e-12
	                                           effective interaction Vq = [-48.05,-18.05, -2.45,-18.05,-18.05, -2.45, -1.25, -2.45, -2.45, -1.25,-14.45, -1.25,-18.05, -2.45, -1.25, -2.45]
	PARPACK diagonalization completed after 30 matrix-vector product operations.
	iteration results: : total energy is -591.600000 | electron energy -591.600000 + phonon energy 0.000000 | electron momentum kIdx = 10
The 15-th iteration is completed.	|| time cost : 0h 0m 8.946s
********************************************************************************************************************
Start the 16 rounds of NGS-ED iteration
	effective electronic model is modified as: kinetic energy t = 1.47252e-12
	                                           effective interaction Vq = [-48.05,-18.05, -2.45,-18.05,-18.05, -2.45, -1.25, -2.45, -2.45, -1.25,-14.45, -1.25,-18.05, -2.45, -1.25, -2.45]
	PARPACK diagonalization completed after 30 matrix-vector product operations.
	iteration results: : total energy is -591.600000 | electron energy -591.600000 + phonon energy 0.000000 | electron momentum kIdx = 10
The 16-th iteration is completed.	|| time cost : 0h 0m 8.931s
********************************************************************************************************************
Start the 17 rounds of NGS-ED iteration
	effective electronic model is modified as: kinetic energy t = 1.19187e-12
	                                           effective interaction Vq = [  -48.05,  -18.05,   -2.45,  -18.05,  -18.05,   -2.45,   -1.25,   -2.45,   -2.45,   -1.25,-14.4482,   -1.25,  -18.05,   -2.45,   -1.25,   -2.45]
	PARPACK diagonalization completed after 30 matrix-vector product operations.
	iteration results: : total energy is -591.600000 | electron energy -591.600000 + phonon energy 0.000000 | electron momentum kIdx = 10
The 17-th iteration is completed.	|| time cost : 0h 0m 8.908s
********************************************************************************************************************
Start the 18 rounds of NGS-ED iteration
	effective electronic model is modified as: kinetic energy t = 1.47164e-12
	                                           effective interaction Vq = [-48.05,-18.05, -2.45,-18.05,-18.05, -2.45, -1.25, -2.45, -2.45, -1.25,-14.45, -1.25,-18.05, -2.45, -1.25, -2.45]
	PARPACK diagonalization completed after 30 matrix-vector product operations.
	iteration results: : total energy is -591.600000 | electron energy -591.600000 + phonon energy 0.000000 | electron momentum kIdx = 10
The 18-th iteration is completed.	|| time cost : 0h 0m 8.94s
********************************************************************************************************************
Start the 19 rounds of NGS-ED iteration
	effective electronic model is modified as: kinetic energy t = 1.42867e-12
	                                           effective interaction Vq = [-48.05,-18.05, -2.45,-18.05,-18.05, -2.45, -1.25, -2.45, -2.45, -1.25,-14.45, -1.25,-18.05, -2.45, -1.25, -2.45]
	PARPACK diagonalization completed after 30 matrix-vector product operations.
	iteration results: : total energy is -591.600000 | electron energy -591.600000 + phonon energy 0.000000 | electron momentum kIdx = 10
The 19-th iteration is completed.	|| time cost : 0h 0m 8.909s
********************************************************************************************************************
Start the 20 rounds of NGS-ED iteration
	effective electronic model is modified as: kinetic energy t = 1.45522e-12
	                                           effective interaction Vq = [-48.05,-18.05, -2.45,-18.05,-18.05, -2.45, -1.25, -2.45, -2.45, -1.25,-14.45, -1.25,-18.05, -2.45, -1.25, -2.45]
	PARPACK diagonalization completed after 30 matrix-vector product operations.
	iteration results: : total energy is -591.600000 | electron energy -591.600000 + phonon energy 0.000000 | electron momentum kIdx = 10
The 20-th iteration is completed.	|| time cost : 0h 0m 8.906s
********************************************************************************************************************
Start the 21 rounds of NGS-ED iteration
	effective electronic model is modified as: kinetic energy t = 1.4928e-12
	                                           effective interaction Vq = [-48.05,-18.05, -2.45,-18.05,-18.05, -2.45, -1.25, -2.45, -2.45, -1.25,-14.45, -1.25,-18.05, -2.45, -1.25, -2.45]
	PARPACK diagonalization completed after 30 matrix-vector product operations.
	iteration results: : total energy is -591.600000 | electron energy -591.600000 + phonon energy 0.000000 | electron momentum kIdx = 10
The 21-th iteration is completed.	|| time cost : 0h 0m 8.916s
********************************************************************************************************************
Start the 22 rounds of NGS-ED iteration
	effective electronic model is modified as: kinetic energy t = 1.45494e-12
	                                           effective interaction Vq = [-48.05,-18.05, -2.45,-18.05,-18.05, -2.45, -1.25, -2.45, -2.45, -1.25,-14.45, -1.25,-18.05, -2.45, -1.25, -2.45]
	PARPACK diagonalization completed after 30 matrix-vector product operations.
	iteration results: : total energy is -591.600000 | electron energy -591.600000 + phonon energy 0.000000 | electron momentum kIdx = 10
The 22-th iteration is completed.	|| time cost : 0h 0m 8.928s
********************************************************************************************************************
Start the 23 rounds of NGS-ED iteration
	effective electronic model is modified as: kinetic energy t = 1.48919e-12
	                                           effective interaction Vq = [-48.05,-18.05, -2.45,-18.05,-18.05, -2.45, -1.25, -2.45, -2.45, -1.25,-14.45, -1.25,-18.05, -2.45, -1.25, -2.45]
	PARPACK diagonalization completed after 30 matrix-vector product operations.
	iteration results: : total energy is -591.600000 | electron energy -591.600000 + phonon energy 0.000000 | electron momentum kIdx = 10
The 23-th iteration is completed.	|| time cost : 0h 0m 8.899s
********************************************************************************************************************
Start the 24 rounds of NGS-ED iteration
	effective electronic model is modified as: kinetic energy t = 1.45762e-12
	                                           effective interaction Vq = [-48.05,-18.05, -2.45,-18.05,-18.05, -2.45, -1.25, -2.45, -2.45, -1.25,-14.45, -1.25,-18.05, -2.45, -1.25, -2.45]
	PARPACK diagonalization completed after 30 matrix-vector product operations.
	iteration results: : total energy is -591.600000 | electron energy -591.600000 + phonon energy 0.000000 | electron momentum kIdx = 10
The 24-th iteration is completed.	|| time cost : 0h 0m 8.901s
********************************************************************************************************************
Start the 25 rounds of NGS-ED iteration
	effective electronic model is modified as: kinetic energy t = 1.71869e-12
	                                           effective interaction Vq = [  -48.05,  -18.05,   -2.45,  -18.05,  -18.05,   -2.45,   -1.25,   -2.45,   -2.45,   -1.25,-14.4488,   -1.25,  -18.05,   -2.45,   -1.25,   -2.45]
	PARPACK diagonalization completed after 30 matrix-vector product operations.
	iteration results: : total energy is -591.600000 | electron energy -591.600000 + phonon energy 0.000000 | electron momentum kIdx = 10
The 25-th iteration is completed.	|| time cost : 0h 0m 8.912s
********************************************************************************************************************
Start the 26 rounds of NGS-ED iteration
	effective electronic model is modified as: kinetic energy t = 1.51314e-12
	                                           effective interaction Vq = [-48.05,-18.05, -2.45,-18.05,-18.05, -2.45, -1.25, -2.45, -2.45, -1.25,-14.45, -1.25,-18.05, -2.45, -1.25, -2.45]
	PARPACK diagonalization completed after 30 matrix-vector product operations.
	iteration results: : total energy is -591.600000 | electron energy -591.600000 + phonon energy 0.000000 | electron momentum kIdx = 10
The 26-th iteration is completed.	|| time cost : 0h 0m 8.911s
********************************************************************************************************************
Start the 27 rounds of NGS-ED iteration
	effective electronic model is modified as: kinetic energy t = 1.4582e-12
	                                           effective interaction Vq = [-48.05,-18.05, -2.45,-18.05,-18.05, -2.45, -1.25, -2.45, -2.45, -1.25,-14.45, -1.25,-18.05, -2.45, -1.25, -2.45]
	PARPACK diagonalization completed after 30 matrix-vector product operations.
	iteration results: : total energy is -591.600000 | electron energy -591.600000 + phonon energy 0.000000 | electron momentum kIdx = 10
The 27-th iteration is completed.	|| time cost : 0h 0m 8.898s
********************************************************************************************************************
Start the 28 rounds of NGS-ED iteration
	effective electronic model is modified as: kinetic energy t = 1.76943e-12
	                                           effective interaction Vq = [  -48.05,  -18.05,   -2.45,  -18.05,  -18.05,   -2.45,   -1.25,   -2.45,   -2.45,   -1.25,-14.4484,   -1.25,  -18.05,   -2.45,   -1.25,   -2.45]
	PARPACK diagonalization completed after 30 matrix-vector product operations.
	iteration results: : total energy is -591.600000 | electron energy -591.600000 + phonon energy 0.000000 | electron momentum kIdx = 10
The 28-th iteration is completed.	|| time cost : 0h 0m 8.895s
********************************************************************************************************************
Start the 29 rounds of NGS-ED iteration
	effective electronic model is modified as: kinetic energy t = 1.47421e-12
	                                           effective interaction Vq = [-48.05,-18.05, -2.45,-18.05,-18.05, -2.45, -1.25, -2.45, -2.45, -1.25,-14.45, -1.25,-18.05, -2.45, -1.25, -2.45]
	PARPACK diagonalization completed after 30 matrix-vector product operations.
	iteration results: : total energy is -591.600000 | electron energy -591.600000 + phonon energy 0.000000 | electron momentum kIdx = 10
The 29-th iteration is completed.	|| time cost : 0h 0m 8.917s
********************************************************************************************************************
Start the 30 rounds of NGS-ED iteration
	effective electronic model is modified as: kinetic energy t = 1.43223e-12
	                                           effective interaction Vq = [-48.05,-18.05, -2.45,-18.05,-18.05, -2.45, -1.25, -2.45, -2.45, -1.25,-14.45, -1.25,-18.05, -2.45, -1.25, -2.45]
	PARPACK diagonalization completed after 30 matrix-vector product operations.
	iteration results: : total energy is -591.600000 | electron energy -591.600000 + phonon energy 0.000000 | electron momentum kIdx = 10
The 30-th iteration is completed.	|| time cost : 0h 0m 8.924s
********************************************************************************************************************
Start the 31 rounds of NGS-ED iteration
	effective electronic model is modified as: kinetic energy t = 1.45664e-12
	                                           effective interaction Vq = [-48.05,-18.05, -2.45,-18.05,-18.05, -2.45, -1.25, -2.45, -2.45, -1.25,-14.45, -1.25,-18.05, -2.45, -1.25, -2.45]
	PARPACK diagonalization completed after 30 matrix-vector product operations.
	iteration results: : total energy is -591.600000 | electron energy -591.600000 + phonon energy 0.000000 | electron momentum kIdx = 10
The 31-th iteration is completed.	|| time cost : 0h 0m 8.909s
********************************************************************************************************************
Start the 32 rounds of NGS-ED iteration
	effective electronic model is modified as: kinetic energy t = 1.2851e-12
	                                           effective interaction Vq = [  -48.05,  -18.05,   -2.45,  -18.05,  -18.05,   -2.45,   -1.25,   -2.45,   -2.45,   -1.25,-14.4493,   -1.25,  -18.05,   -2.45,   -1.25,   -2.45]
	PARPACK diagonalization completed after 30 matrix-vector product operations.
	iteration results: : total energy is -591.600000 | electron energy -591.600000 + phonon energy 0.000000 | electron momentum kIdx = 10
The 32-th iteration is completed.	|| time cost : 0h 0m 8.907s
********************************************************************************************************************
Start the 33 rounds of NGS-ED iteration
	effective electronic model is modified as: kinetic energy t = 1.45349e-12
	                                           effective interaction Vq = [-48.05,-18.05, -2.45,-18.05,-18.05, -2.45, -1.25, -2.45, -2.45, -1.25,-14.45, -1.25,-18.05, -2.45, -1.25, -2.45]
	PARPACK diagonalization completed after 30 matrix-vector product operations.
	iteration results: : total energy is -591.600000 | electron energy -591.600000 + phonon energy 0.000000 | electron momentum kIdx = 10
The 33-th iteration is completed.	|| time cost : 0h 0m 8.922s
********************************************************************************************************************
Start the 34 rounds of NGS-ED iteration
	effective electronic model is modified as: kinetic energy t = 1.47621e-12
	                                           effective interaction Vq = [-48.05,-18.05, -2.45,-18.05,-18.05, -2.45, -1.25, -2.45, -2.45, -1.25,-14.45, -1.25,-18.05, -2.45, -1.25, -2.45]
	PARPACK diagonalization completed after 30 matrix-vector product operations.
	iteration results: : total energy is -591.600000 | electron energy -591.600000 + phonon energy 0.000000 | electron momentum kIdx = 10
The 34-th iteration is completed.	|| time cost : 0h 0m 8.906s
********************************************************************************************************************
Start the 35 rounds of NGS-ED iteration
	effective electronic model is modified as: kinetic energy t = 1.43627e-12
	                                           effective interaction Vq = [-48.05,-18.05, -2.45,-18.05,-18.05, -2.45, -1.25, -2.45, -2.45, -1.25,-14.45, -1.25,-18.05, -2.45, -1.25, -2.45]
	PARPACK diagonalization completed after 30 matrix-vector product operations.
	iteration results: : total energy is -591.600000 | electron energy -591.600000 + phonon energy 0.000000 | electron momentum kIdx = 10
The 35-th iteration is completed.	|| time cost : 0h 0m 8.919s
********************************************************************************************************************
Start the 36 rounds of NGS-ED iteration
	effective electronic model is modified as: kinetic energy t = 1.45719e-12
	                                           effective interaction Vq = [-48.05,-18.05, -2.45,-18.05,-18.05, -2.45, -1.25, -2.45, -2.45, -1.25,-14.45, -1.25,-18.05, -2.45, -1.25, -2.45]
	PARPACK diagonalization completed after 30 matrix-vector product operations.
	iteration results: : total energy is -591.600000 | electron energy -591.600000 + phonon energy 0.000000 | electron momentum kIdx = 10
The 36-th iteration is completed.	|| time cost : 0h 0m 8.904s
********************************************************************************************************************
Start the 37 rounds of NGS-ED iteration
	effective electronic model is modified as: kinetic energy t = 1.49431e-12
	                                           effective interaction Vq = [-48.05,-18.05, -2.45,-18.05,-18.05, -2.45, -1.25, -2.45, -2.45, -1.25,-14.45, -1.25,-18.05, -2.45, -1.25, -2.45]
	PARPACK diagonalization completed after 30 matrix-vector product operations.
	iteration results: : total energy is -591.600000 | electron energy -591.600000 + phonon energy 0.000000 | electron momentum kIdx = 10
The 37-th iteration is completed.	|| time cost : 0h 0m 8.917s
********************************************************************************************************************
Start the 38 rounds of NGS-ED iteration
	effective electronic model is modified as: kinetic energy t = 1.8113e-12
	                                           effective interaction Vq = [ -48.05, -18.05,  -2.45, -18.05, -18.05,  -2.45,  -1.25,  -2.45,  -2.45,  -1.25,-14.448,  -1.25, -18.05,  -2.45,  -1.25,  -2.45]
	PARPACK diagonalization completed after 30 matrix-vector product operations.
	iteration results: : total energy is -591.600000 | electron energy -591.600000 + phonon energy 0.000000 | electron momentum kIdx = 10
The 38-th iteration is completed.	|| time cost : 0h 0m 8.909s
********************************************************************************************************************
Start the 39 rounds of NGS-ED iteration
	effective electronic model is modified as: kinetic energy t = 1.44269e-12
	                                           effective interaction Vq = [-48.05,-18.05, -2.45,-18.05,-18.05, -2.45, -1.25, -2.45, -2.45, -1.25,-14.45, -1.25,-18.05, -2.45, -1.25, -2.45]
	PARPACK diagonalization completed after 30 matrix-vector product operations.
	iteration results: : total energy is -591.600000 | electron energy -591.600000 + phonon energy 0.000000 | electron momentum kIdx = 10
The 39-th iteration is completed.	|| time cost : 0h 0m 8.927s
********************************************************************************************************************
Start the 40 rounds of NGS-ED iteration
	effective electronic model is modified as: kinetic energy t = 1.47139e-12
	                                           effective interaction Vq = [-48.05,-18.05, -2.45,-18.05,-18.05, -2.45, -1.25, -2.45, -2.45, -1.25,-14.45, -1.25,-18.05, -2.45, -1.25, -2.45]
	PARPACK diagonalization completed after 30 matrix-vector product operations.
	iteration results: : total energy is -591.600000 | electron energy -591.600000 + phonon energy 0.000000 | electron momentum kIdx = 10
The 40-th iteration is completed.	|| time cost : 0h 0m 8.916s
********************************************************************************************************************
Start the 41 rounds of NGS-ED iteration
	effective electronic model is modified as: kinetic energy t = 1.24556e-12
	                                           effective interaction Vq = [  -48.05,  -18.05,   -2.45,  -18.05,  -18.05,   -2.45,   -1.25,   -2.45,   -2.45,   -1.25,-14.4489,   -1.25,  -18.05,   -2.45,   -1.25,   -2.45]
	PARPACK diagonalization completed after 30 matrix-vector product operations.
	iteration results: : total energy is -591.600000 | electron energy -591.600000 + phonon energy 0.000000 | electron momentum kIdx = 10
The 41-th iteration is completed.	|| time cost : 0h 0m 8.926s
********************************************************************************************************************
Start the 42 rounds of NGS-ED iteration
	effective electronic model is modified as: kinetic energy t = 1.45098e-12
	                                           effective interaction Vq = [-48.05,-18.05, -2.45,-18.05,-18.05, -2.45, -1.25, -2.45, -2.45, -1.25,-14.45, -1.25,-18.05, -2.45, -1.25, -2.45]
	PARPACK diagonalization completed after 30 matrix-vector product operations.
	iteration results: : total energy is -591.600000 | electron energy -591.600000 + phonon energy 0.000000 | electron momentum kIdx = 10
The 42-th iteration is completed.	|| time cost : 0h 0m 8.912s
********************************************************************************************************************
Start the 43 rounds of NGS-ED iteration
	effective electronic model is modified as: kinetic energy t = 1.48964e-12
	                                           effective interaction Vq = [-48.05,-18.05, -2.45,-18.05,-18.05, -2.45, -1.25, -2.45, -2.45, -1.25,-14.45, -1.25,-18.05, -2.45, -1.25, -2.45]
	PARPACK diagonalization completed after 30 matrix-vector product operations.
	iteration results: : total energy is -591.600000 | electron energy -591.600000 + phonon energy 0.000000 | electron momentum kIdx = 10
The 43-th iteration is completed.	|| time cost : 0h 0m 8.924s
********************************************************************************************************************
Start the 44 rounds of NGS-ED iteration
	effective electronic model is modified as: kinetic energy t = 1.45679e-12
	                                           effective interaction Vq = [-48.05,-18.05, -2.45,-18.05,-18.05, -2.45, -1.25, -2.45, -2.45, -1.25,-14.45, -1.25,-18.05, -2.45, -1.25, -2.45]
	PARPACK diagonalization completed after 30 matrix-vector product operations.
	iteration results: : total energy is -591.600000 | electron energy -591.600000 + phonon energy 0.000000 | electron momentum kIdx = 10
The 44-th iteration is completed.	|| time cost : 0h 0m 8.901s
********************************************************************************************************************
Start the 45 rounds of NGS-ED iteration
	effective electronic model is modified as: kinetic energy t = 1.41559e-12
	                                           effective interaction Vq = [-48.05,-18.05, -2.45,-18.05,-18.05, -2.45, -1.25, -2.45, -2.45, -1.25,-14.45, -1.25,-18.05, -2.45, -1.25, -2.45]
	PARPACK diagonalization completed after 30 matrix-vector product operations.
	iteration results: : total energy is -591.600000 | electron energy -591.600000 + phonon energy 0.000000 | electron momentum kIdx = 10
The 45-th iteration is completed.	|| time cost : 0h 0m 8.903s
********************************************************************************************************************
Start the 46 rounds of NGS-ED iteration
	effective electronic model is modified as: kinetic energy t = 1.42326e-12
	                                           effective interaction Vq = [-48.05,-18.05, -2.45,-18.05,-18.05, -2.45, -1.25, -2.45, -2.45, -1.25,-14.45, -1.25,-18.05, -2.45, -1.25, -2.45]
	PARPACK diagonalization completed after 30 matrix-vector product operations.
	iteration results: : total energy is -591.600000 | electron energy -591.600000 + phonon energy 0.000000 | electron momentum kIdx = 10
The 46-th iteration is completed.	|| time cost : 0h 0m 8.9s
********************************************************************************************************************
Start the 47 rounds of NGS-ED iteration
	effective electronic model is modified as: kinetic energy t = 1.45105e-12
	                                           effective interaction Vq = [-48.05,-18.05, -2.45,-18.05,-18.05, -2.45, -1.25, -2.45, -2.45, -1.25,-14.45, -1.25,-18.05, -2.45, -1.25, -2.45]
	PARPACK diagonalization completed after 30 matrix-vector product operations.
	iteration results: : total energy is -591.600000 | electron energy -591.600000 + phonon energy 0.000000 | electron momentum kIdx = 10
The 47-th iteration is completed.	|| time cost : 0h 0m 8.922s
********************************************************************************************************************
Start the 48 rounds of NGS-ED iteration
	effective electronic model is modified as: kinetic energy t = 1.46873e-12
	                                           effective interaction Vq = [-48.05,-18.05, -2.45,-18.05,-18.05, -2.45, -1.25, -2.45, -2.45, -1.25,-14.45, -1.25,-18.05, -2.45, -1.25, -2.45]
	PARPACK diagonalization completed after 30 matrix-vector product operations.
	iteration results: : total energy is -591.600000 | electron energy -591.600000 + phonon energy 0.000000 | electron momentum kIdx = 10
The 48-th iteration is completed.	|| time cost : 0h 0m 8.912s
********************************************************************************************************************
Start the 49 rounds of NGS-ED iteration
	effective electronic model is modified as: kinetic energy t = 1.46968e-12
	                                           effective interaction Vq = [-48.05,-18.05, -2.45,-18.05,-18.05, -2.45, -1.25, -2.45, -2.45, -1.25,-14.45, -1.25,-18.05, -2.45, -1.25, -2.45]
