SNEDics v3.22.2 Non-Gaussian ED ground state program		Start at Mon Apr 25 02:23:12 2022

Parallelization: 32 MPI threads  * 8 OpenMP threads = 256 total threads.
********************************************************************************************************************
********************************************************************************************************************

********************************************************************************************************************
System parameters and configurations
	special program options are enabled: splitted diagonal Hamiltonian | splitted Hamiltonian terms
********************************************************************************************************************
Read input file "model_params.in"
	Hubbard-Holstein model parameters : 	t = 1    t' = -0.3    U = 8    g = 0.2    W = 0.2    g' = 0.4    
********************************************************************************************************************
Read input file "hilbertspace_params.in"
	Requested 16-site 2D lattice, with 8 electrons (4, 4)
	Boundary : Periodic		Hilbert space representation : momentum-space (restricted to kIdx = 10)
	Conservation: particle number[U(1)]      spin[U(1)]     momentum
********************************************************************************************************************

Cluster Positions:				Cluster symmetry group : D4
 x ... x ... x ... x .....                       x ... x ... x ... x .....
 |           |           :                       |           |           :
 |           |           :                       |           |           :
12    13    14    15     x                       1     5     6     5     x
 |           |           :                       |           |           :
 |           |           :                       |           |           :
 8 --- 9 ---10 ---11 --- x                       2 --- 6 ---10 --- 6 --- x
 |           |           :                       |           |           :
 |           |           :                       |           |           :
 4     5     6     7     x                       1     5     6     5     x
 |           |           :                       |           |           :
 |           |           :                       |           |           :
 0 --- 1 --- 2 --- 3 --- x                       0 --- 1 --- 2 --- 1 --- x
orbital number : 1
********************************************************************************************************************
Read input file "obs_params.in"
	Observable Type : Nq(All),   Sq(All),   N(All-Orbital),   Delta[s](All),   Delta[d](All),   Delta[s+](All)
** WARNING ** the input observables have non-local factors which have been reinterpreted. The total observable number is 96
********************************************************************************************************************


********************************************************************************************************************
Start calculating the non-Gaussian ED ground state
Maximal iteration number is 1000; energy resolution is 1e-06. Phonon state relaxation time is 2000
W = 0.2 is relatively large. The non-Gaussian ED calculation starts directly.
open output files: NGSED_iteration_observables.txt
********************************************************************************************************************
Start the 0 rounds of NGS-ED iteration
	effective electronic model is modified as: kinetic energy t = 1, t' = -0.3
	                                           effective interaction Vq = [0,0,0,0,0,0,0,0,0,0,0,0,0,0,0,0]
	first Hamiltonian is constructed, size = 207168 and non-zero numbers = 32240256
	PARPACK diagonalization completed after 105 matrix-vector product operations.
	iteration results: : total energy is -14.405877 | electron energy -14.405877 + phonon energy 0.000000 | electron momentum kIdx = 10
	Nq(0) = 4,	Nq(1) = 0.191255,	Nq(2) = 0.234333,	Nq(3) = 0.191255,	Nq(4) = 0.191255,	Nq(5) = 0.305984,	
	Nq(6) = 0.331756,	Nq(7) = 0.305984,	Nq(8) = 0.234333,	Nq(9) = 0.331756,	Nq(10) = 0.361611,	
	Nq(11) = 0.331756,	Nq(12) = 0.191255,	Nq(13) = 0.305984,	Nq(14) = 0.331756,	Nq(15) = 0.305984;	
	Sq(0) = -3.48352e-18,	Sq(1) = 0.388709,	Sq(2) = 0.400904,	Sq(3) = 0.388709,	Sq(4) = 0.388709,	
	Sq(5) = 0.66772,	Sq(6) = 0.571758,	Sq(7) = 0.66772,	Sq(8) = 0.400904,	Sq(9) = 0.571758,	
	Sq(10) = 0.539189,	Sq(11) = 0.571758,	Sq(12) = 0.388709,	Sq(13) = 0.66772,	Sq(14) = 0.571758,	
	Sq(15) = 0.66772;	N(0) = 1.74885,	N(1) = 0.991935,	N(2) = 0.972078,	N(3) = 0.991935,	
	N(4) = 0.991935,	N(5) = 0.0652548,	N(6) = 0.0181601,	N(7) = 0.0652548,	N(8) = 0.972078,	
	N(9) = 0.0181601,	N(10) = 0.00559157,	N(11) = 0.0181601,	N(12) = 0.991935,	N(13) = 0.0652548,	
	N(14) = 0.0181601,	N(15) = 0.0652548;	Delta[s](0) = 0.0102745,	Delta[s](1) = 0.00747222,	Delta[s](2) = 0.0073825,	
	Delta[s](3) = 0.00747222,	Delta[s](4) = 0.00747222,	Delta[s](5) = 0.00202456,	Delta[s](6) = 0.00206293,	Delta[s](7) = 0.00202456,	
	Delta[s](8) = 0.0073825,	Delta[s](9) = 0.00206293,	Delta[s](10) = 0.00184916,	Delta[s](11) = 0.00206293,	Delta[s](12) = 0.00747222,	
	Delta[s](13) = 0.00202456,	Delta[s](14) = 0.00206293,	Delta[s](15) = 0.00202456;	Delta[d](0) = 0.0240959,	Delta[d](1) = 0.0608426,	
	Delta[d](2) = 0.122071,	Delta[d](3) = 0.0608426,	Delta[d](4) = 0.0608426,	Delta[d](5) = 0.0781527,	Delta[d](6) = 0.15202,	
	Delta[d](7) = 0.0781527,	Delta[d](8) = 0.122071,	Delta[d](9) = 0.15202,	Delta[d](10) = 0.259982,	Delta[d](11) = 0.15202,	
	Delta[d](12) = 0.0608426,	Delta[d](13) = 0.0781527,	Delta[d](14) = 0.15202,	Delta[d](15) = 0.0781527;	Delta[s+](0) = 0.205552,	
	Delta[s+](1) = 0.137347,	Delta[s+](2) = 0.122071,	Delta[s+](3) = 0.137347,	Delta[s+](4) = 0.137347,	Delta[s+](5) = 0.0223505,	
	Delta[s+](6) = 0.0266651,	Delta[s+](7) = 0.0223505,	Delta[s+](8) = 0.122071,	Delta[s+](9) = 0.0266651,	Delta[s+](10) = 0.0106395,	
	Delta[s+](11) = 0.0266651,	Delta[s+](12) = 0.137347,	Delta[s+](13) = 0.0223505,	Delta[s+](14) = 0.0266651,	Delta[s+](15) = 0.0223505
	
The 0-th iteration is completed.	|| time cost : 0h 0m 5.521s
********************************************************************************************************************
Start the 1 rounds of NGS-ED iteration
	effective electronic model is modified as: kinetic energy t = 0.869604, t' = -0.264785
	                                           effective interaction Vq = [     -16.2,  -2.34622,-0.0213369,  -2.34622,  -2.34622,-0.0279752, -0.262317,-0.0279752,-0.0213369, -0.262317,  -6.74187, -0.262317,  -2.34622,-0.0279752, -0.262317,-0.0279752]
	PARPACK diagonalization completed after 165 matrix-vector product operations.
	iteration results: : total energy is -92.739103 | electron energy -94.008258 + phonon energy 1.269154 | electron momentum kIdx = 10
The 1-th iteration is completed.	|| time cost : 0h 0m 4.403s
********************************************************************************************************************
Start the 2 rounds of NGS-ED iteration
	effective electronic model is modified as: kinetic energy t = 0.755859, t' = -0.298718
	                                           effective interaction Vq = [      -16.2,  -0.222724,-0.00795892,  -0.222724,  -0.222724,-0.00857879,  -0.073379,-0.00857879,-0.00795892,  -0.073379,   -9.79129,  -0.073379,  -0.222724,-0.00857879,  -0.073379,-0.00857879]
	PARPACK diagonalization completed after 45 matrix-vector product operations.
	iteration results: : total energy is -104.327655 | electron energy -105.271715 + phonon energy 0.944059 | electron momentum kIdx = 10
The 2-th iteration is completed.	|| time cost : 0h 0m 1.528s
********************************************************************************************************************
Start the 3 rounds of NGS-ED iteration
	effective electronic model is modified as: kinetic energy t = 0.641028, t' = -0.299285
	                                           effective interaction Vq = [      -16.2,  -0.167693,-0.00646827,  -0.167693,  -0.167693,-0.00612013, -0.0524752,-0.00612013,-0.00646827, -0.0524752,   -9.79696, -0.0524752,  -0.167693,-0.00612013, -0.0524752,-0.00612013]
	PARPACK diagonalization completed after 30 matrix-vector product operations.
	iteration results: : total energy is -104.475004 | electron energy -105.045968 + phonon energy 0.570964 | electron momentum kIdx = 10
The 3-th iteration is completed.	|| time cost : 0h 0m 1.456s
********************************************************************************************************************
Start the 4 rounds of NGS-ED iteration
	effective electronic model is modified as: kinetic energy t = 0.606728, t' = -0.299262
	                                           effective interaction Vq = [      -16.2,  -0.171862,-0.00664604,  -0.171862,  -0.171862,-0.00612273, -0.0515608,-0.00612273,-0.00664604, -0.0515608,   -9.79762, -0.0515608,  -0.171862,-0.00612273, -0.0515608,-0.00612273]
	PARPACK diagonalization completed after 30 matrix-vector product operations.
	iteration results: : total energy is -104.483078 | electron energy -104.983295 + phonon energy 0.500217 | electron momentum kIdx = 10
The 4-th iteration is completed.	|| time cost : 0h 0m 1.469s
********************************************************************************************************************
Start the 5 rounds of NGS-ED iteration
	effective electronic model is modified as: kinetic energy t = 0.594804, t' = -0.299248
	                                           effective interaction Vq = [      -16.2,  -0.173867,-0.00672785,  -0.173867,  -0.173867,-0.00615823, -0.0515907,-0.00615823,-0.00672785, -0.0515907,   -9.79781, -0.0515907,  -0.173867,-0.00615823, -0.0515907,-0.00615823]
	PARPACK diagonalization completed after 30 matrix-vector product operations.
	iteration results: : total energy is -104.483946 | electron energy -104.962228 + phonon energy 0.478281 | electron momentum kIdx = 10
The 5-th iteration is completed.	|| time cost : 0h 0m 1.46s
********************************************************************************************************************
Start the 6 rounds of NGS-ED iteration
	effective electronic model is modified as: kinetic energy t = 0.590427, t' = -0.299242
	                                           effective interaction Vq = [      -16.2,  -0.174641,-0.00675922,  -0.174641,  -0.174641,-0.00617451, -0.0516371,-0.00617451,-0.00675922, -0.0516371,   -9.79787, -0.0516371,  -0.174641,-0.00617451, -0.0516371,-0.00617451]
	PARPACK diagonalization completed after 30 matrix-vector product operations.
	iteration results: : total energy is -104.484059 | electron energy -104.954590 + phonon energy 0.470531 | electron momentum kIdx = 10
The 6-th iteration is completed.	|| time cost : 0h 0m 1.442s
********************************************************************************************************************
Start the 7 rounds of NGS-ED iteration
	effective electronic model is modified as: kinetic energy t = 0.588788, t' = -0.29924
	                                           effective interaction Vq = [      -16.2,  -0.174935,-0.00677111,  -0.174935,  -0.174935,-0.00618101, -0.0516589,-0.00618101,-0.00677111, -0.0516589,   -9.79789, -0.0516589,  -0.174935,-0.00618101, -0.0516589,-0.00618101]
	PARPACK diagonalization completed after 30 matrix-vector product operations.
	iteration results: : total energy is -104.484075 | electron energy -104.951744 + phonon energy 0.467669 | electron momentum kIdx = 10
The 7-th iteration is completed.	|| time cost : 0h 0m 1.468s
********************************************************************************************************************
Start the 8 rounds of NGS-ED iteration
	effective electronic model is modified as: kinetic energy t = 0.588169, t' = -0.299239
	                                           effective interaction Vq = [      -16.2,  -0.175047,-0.00677562,  -0.175047,  -0.175047,-0.00618352, -0.0516678,-0.00618352,-0.00677562, -0.0516678,    -9.7979, -0.0516678,  -0.175047,-0.00618352, -0.0516678,-0.00618352]
	PARPACK diagonalization completed after 30 matrix-vector product operations.
	iteration results: : total energy is -104.484077 | electron energy -104.950672 + phonon energy 0.466595 | electron momentum kIdx = 10
The 8-th iteration is completed.	|| time cost : 0h 0m 1.499s
********************************************************************************************************************
Start the 9 rounds of NGS-ED iteration
	effective electronic model is modified as: kinetic energy t = 0.587935, t' = -0.299239
	                                           effective interaction Vq = [      -16.2,  -0.175089,-0.00677733,  -0.175089,  -0.175089,-0.00618447, -0.0516712,-0.00618447,-0.00677733, -0.0516712,   -9.79791, -0.0516712,  -0.175089,-0.00618447, -0.0516712,-0.00618447]
	PARPACK diagonalization completed after 30 matrix-vector product operations.
	iteration results: : total energy is -104.484077 | electron energy -104.950266 + phonon energy 0.466189 | electron momentum kIdx = 10
The 9-th iteration is completed.	|| time cost : 0h 0m 1.456s
********************************************************************************************************************
Start the 10 rounds of NGS-ED iteration
	effective electronic model is modified as: kinetic energy t = 0.587847, t' = -0.299239
	                                           effective interaction Vq = [      -16.2,  -0.175105,-0.00677797,  -0.175105,  -0.175105,-0.00618484, -0.0516725,-0.00618484,-0.00677797, -0.0516725,   -9.79791, -0.0516725,  -0.175105,-0.00618484, -0.0516725,-0.00618484]
	PARPACK diagonalization completed after 30 matrix-vector product operations.
	iteration results: : total energy is -104.484077 | electron energy -104.950113 + phonon energy 0.466035 | electron momentum kIdx = 10
The 10-th iteration is completed.	|| time cost : 0h 0m 1.479s
********************************************************************************************************************
Start the 11 rounds of NGS-ED iteration
	effective electronic model is modified as: kinetic energy t = 0.587813, t' = -0.299238
	                                           effective interaction Vq = [      -16.2,  -0.175111,-0.00677822,  -0.175111,  -0.175111,-0.00618497,  -0.051673,-0.00618497,-0.00677822,  -0.051673,   -9.79791,  -0.051673,  -0.175111,-0.00618497,  -0.051673,-0.00618497]
	PARPACK diagonalization completed after 30 matrix-vector product operations.
	iteration results: : total energy is -104.484077 | electron energy -104.950054 + phonon energy 0.465977 | electron momentum kIdx = 10
The 11-th iteration is completed.	|| time cost : 0h 0m 1.45s
********************************************************************************************************************
Start the 12 rounds of NGS-ED iteration
	effective electronic model is modified as: kinetic energy t = 0.5878, t' = -0.299238
	                                           effective interaction Vq = [      -16.2,  -0.175113,-0.00677831,  -0.175113,  -0.175113,-0.00618503, -0.0516732,-0.00618503,-0.00677831, -0.0516732,   -9.79791, -0.0516732,  -0.175113,-0.00618503, -0.0516732,-0.00618503]
	PARPACK diagonalization completed after 30 matrix-vector product operations.
	iteration results: : total energy is -104.484077 | electron energy -104.950032 + phonon energy 0.465955 | electron momentum kIdx = 10
The 12-th iteration is completed.	|| time cost : 0h 0m 1.459s
********************************************************************************************************************
Start the 13 rounds of NGS-ED iteration
	effective electronic model is modified as: kinetic energy t = 0.587795, t' = -0.299238
	                                           effective interaction Vq = [      -16.2,  -0.175114,-0.00677835,  -0.175114,  -0.175114,-0.00618504, -0.0516733,-0.00618504,-0.00677835, -0.0516733,   -9.79791, -0.0516733,  -0.175114,-0.00618504, -0.0516733,-0.00618504]
	PARPACK diagonalization completed after 30 matrix-vector product operations.
	iteration results: : total energy is -104.484077 | electron energy -104.950024 + phonon energy 0.465947 | electron momentum kIdx = 10
The 13-th iteration is completed.	|| time cost : 0h 0m 1.473s
********************************************************************************************************************
Start the 14 rounds of NGS-ED iteration
	effective electronic model is modified as: kinetic energy t = 0.587794, t' = -0.299238
	                                           effective interaction Vq = [      -16.2,  -0.175114,-0.00677836,  -0.175114,  -0.175114,-0.00618505, -0.0516733,-0.00618505,-0.00677836, -0.0516733,   -9.79791, -0.0516733,  -0.175114,-0.00618505, -0.0516733,-0.00618505]
	PARPACK diagonalization completed after 30 matrix-vector product operations.
	iteration results: : total energy is -104.484077 | electron energy -104.950021 + phonon energy 0.465944 | electron momentum kIdx = 10
The 14-th iteration is completed.	|| time cost : 0h 0m 1.454s
********************************************************************************************************************
Start the 15 rounds of NGS-ED iteration
	effective electronic model is modified as: kinetic energy t = 0.587793, t' = -0.299238
	                                           effective interaction Vq = [      -16.2,  -0.175115,-0.00677837,  -0.175115,  -0.175115,-0.00618506, -0.0516733,-0.00618506,-0.00677837, -0.0516733,   -9.79791, -0.0516733,  -0.175115,-0.00618506, -0.0516733,-0.00618506]
	PARPACK diagonalization completed after 30 matrix-vector product operations.
	iteration results: : total energy is -104.484077 | electron energy -104.950020 + phonon energy 0.465942 | electron momentum kIdx = 10
The 15-th iteration is completed.	|| time cost : 0h 0m 1.465s
********************************************************************************************************************
Start the 16 rounds of NGS-ED iteration
	effective electronic model is modified as: kinetic energy t = 0.587793, t' = -0.299238
	                                           effective interaction Vq = [      -16.2,  -0.175115,-0.00677837,  -0.175115,  -0.175115,-0.00618506, -0.0516733,-0.00618506,-0.00677837, -0.0516733,   -9.79791, -0.0516733,  -0.175115,-0.00618506, -0.0516733,-0.00618506]
	PARPACK diagonalization completed after 30 matrix-vector product operations.
	iteration results: : total energy is -104.484077 | electron energy -104.950019 + phonon energy 0.465942 | electron momentum kIdx = 10
The 16-th iteration is completed.	|| time cost : 0h 0m 1.459s
********************************************************************************************************************
Start the 17 rounds of NGS-ED iteration
	effective electronic model is modified as: kinetic energy t = 0.587792, t' = -0.299238
	                                           effective interaction Vq = [      -16.2,  -0.175115,-0.00677837,  -0.175115,  -0.175115,-0.00618506, -0.0516733,-0.00618506,-0.00677837, -0.0516733,   -9.79791, -0.0516733,  -0.175115,-0.00618506, -0.0516733,-0.00618506]
	PARPACK diagonalization completed after 30 matrix-vector product operations.
	iteration results: : total energy is -104.484077 | electron energy -104.950019 + phonon energy 0.465942 | electron momentum kIdx = 10
The 17-th iteration is completed.	|| time cost : 0h 0m 1.455s
********************************************************************************************************************
Start the 18 rounds of NGS-ED iteration
	effective electronic model is modified as: kinetic energy t = 0.587792, t' = -0.299238
	                                           effective interaction Vq = [      -16.2,  -0.175115,-0.00677837,  -0.175115,  -0.175115,-0.00618506, -0.0516733,-0.00618506,-0.00677837, -0.0516733,   -9.79791, -0.0516733,  -0.175115,-0.00618506, -0.0516733,-0.00618506]
	PARPACK diagonalization completed after 30 matrix-vector product operations.
	iteration results: : total energy is -104.484077 | electron energy -104.950019 + phonon energy 0.465942 | electron momentum kIdx = 10
The 18-th iteration is completed.	|| time cost : 0h 0m 1.477s
********************************************************************************************************************
Start the 19 rounds of NGS-ED iteration
	effective electronic model is modified as: kinetic energy t = 0.587792, t' = -0.299238
	                                           effective interaction Vq = [      -16.2,  -0.175115,-0.00677837,  -0.175115,  -0.175115,-0.00618506, -0.0516733,-0.00618506,-0.00677837, -0.0516733,   -9.79791, -0.0516733,  -0.175115,-0.00618506, -0.0516733,-0.00618506]
	PARPACK diagonalization completed after 30 matrix-vector product operations.
	iteration results: : total energy is -104.484077 | electron energy -104.950019 + phonon energy 0.465942 | electron momentum kIdx = 10
	Nq(0) = 4,	Nq(1) = 0.00703616,	Nq(2) = 0.013683,	Nq(3) = 0.00703616,	Nq(4) = 0.00703616,	Nq(5) = 0.00883043,	
	Nq(6) = 0.0105676,	Nq(7) = 0.00883043,	Nq(8) = 0.013683,	Nq(9) = 0.0105676,	Nq(10) = 3.94788,	
	Nq(11) = 0.0105676,	Nq(12) = 0.00703616,	Nq(13) = 0.00883043,	Nq(14) = 0.0105676,	Nq(15) = 0.00883043;	
	Sq(0) = 9.51222e-20,	Sq(1) = 0.332592,	Sq(2) = 1.95844,	Sq(3) = 0.332592,	Sq(4) = 0.332592,	
	Sq(5) = 0.332874,	Sq(6) = 0.33321,	Sq(7) = 0.332874,	Sq(8) = 1.95844,	Sq(9) = 0.33321,	
	Sq(10) = 0.00742478,	Sq(11) = 0.33321,	Sq(12) = 0.332592,	Sq(13) = 0.332874,	Sq(14) = 0.33321,	
	Sq(15) = 0.332874;	N(0) = 0.432405,	N(1) = 0.569012,	N(2) = 0.653234,	N(3) = 0.569012,	
	N(4) = 0.569012,	N(5) = 0.5,	N(6) = 0.430992,	N(7) = 0.5,	N(8) = 0.653234,	
	N(9) = 0.430992,	N(10) = 0.261107,	N(11) = 0.430992,	N(12) = 0.569012,	N(13) = 0.5,	
	N(14) = 0.430992,	N(15) = 0.5;	Delta[s](0) = 0.0049357,	Delta[s](1) = 0.00252311,	Delta[s](2) = 2.56755e-05,	
	Delta[s](3) = 0.00252311,	Delta[s](4) = 0.00252311,	Delta[s](5) = 0.00255214,	Delta[s](6) = 0.00255507,	Delta[s](7) = 0.00255214,	
	Delta[s](8) = 2.56755e-05,	Delta[s](9) = 0.00255507,	Delta[s](10) = 0.00498469,	Delta[s](11) = 0.00255507,	Delta[s](12) = 0.00252311,	
	Delta[s](13) = 0.00255214,	Delta[s](14) = 0.00255507,	Delta[s](15) = 0.00255214;	Delta[d](0) = 3.58275e-07,	Delta[d](1) = 0.000287911,	
	Delta[d](2) = 0.000238415,	Delta[d](3) = 0.000287911,	Delta[d](4) = 0.000287911,	Delta[d](5) = 0.000545344,	Delta[d](6) = 0.000470245,	
	Delta[d](7) = 0.000545344,	Delta[d](8) = 0.000238415,	Delta[d](9) = 0.000470245,	Delta[d](10) = 4.98812e-06,	Delta[d](11) = 0.000470245,	
	Delta[d](12) = 0.000287911,	Delta[d](13) = 0.000545344,	Delta[d](14) = 0.000470245,	Delta[d](15) = 0.000545344;	Delta[s+](0) = 0.00252631,	
	Delta[s+](1) = 0.00191951,	Delta[s+](2) = 0.000238415,	Delta[s+](3) = 0.00191951,	Delta[s+](4) = 0.00191951,	Delta[s+](5) = 0.0014821,	
	Delta[s+](6) = 0.000227077,	Delta[s+](7) = 0.0014821,	Delta[s+](8) = 0.000238415,	Delta[s+](9) = 0.000227077,	Delta[s+](10) = 2.51016e-06,	
	Delta[s+](11) = 0.000227077,	Delta[s+](12) = 0.00191951,	Delta[s+](13) = 0.0014821,	Delta[s+](14) = 0.000227077,	Delta[s+](15) = 0.0014821
	
The 19-th iteration is completed.	|| time cost : 0h 0m 3.659s
********************************************************************************************************************
********************************************************************************************************************
Ground state is obtained after 20 iterations. The current ground-state energy is -104.484, in which electron energy is -104.95 and phonon energy is 0.465942
Final variational state is: 
	Gamma_x = [      1,1.00612,1.00046,1.00612,1.00612,1.00027,1.00271,1.00027,1.00046,1.00271,11.2296,1.00271,1.00612,1.00027,1.00271,1.00027]
	lambda_q = [         9, 0.0883377,  0.017092, 0.0883377, 0.0883377, 0.0155841,-0.0433747, 0.0155841,  0.017092,-0.0433747,  -6.89772,-0.0433747, 0.0883377, 0.0155841,-0.0433747, 0.0155841]
Effective e-e interactions mediated by phonons are:
	momentum-space Vq = [      -16.2,  -0.175115,-0.00677837,  -0.175115,  -0.175115,-0.00618506, -0.0516733,-0.00618506,-0.00677837, -0.0516733,   -9.79791, -0.0516733,  -0.175115,-0.00618506, -0.0516733,-0.00618506]
	real-space Vr = [ -1.68396,-0.415561, -1.62417,-0.415561,-0.415561, -1.62402,-0.384701, -1.62402, -1.62417,-0.384701, -1.57057,-0.384701,-0.415561, -1.62402,-0.384701, -1.62402]
********************************************************************************************************************
o___o  ----------------------------------------
| L |	Time since last clock: 0h 0m 0.007s
A===A	Time since the beginning: 0h 0m 38.55s
***********************************************


Non-Gaussina ED ground state calculation is completed. The final ground-state energy is -104.484
********************************************************************************************************************
o___o  ----------------------------------------
| L |	Time since last clock: 0h 0m 0.003s
A===A	Time since the beginning: 0h 0m 38.553s
***********************************************



********************************************************************************************************************
All non-Gaussian ED ground state calculations have been completed. Exit now.
