SNEDics v3.4 Non-Gaussian ED ground state program		Start at Tue Oct  1 14:51:43 2019

parallized on 16 MPI threads  * 8 OpenMP threads = 128 total threads.
********************************************************************************************************************
********************************************************************************************************************

********************************************************************************************************************
System parameters and configurations
********************************************************************************************************************
Special program options are enabled: splitted diagonal Hamiltonian
********************************************************************************************************************
Read input file "model_params.in"
	Hubbard-Holstein model parameters : 	t = 1    U = 7.16    g = 4.4721    W = 5    
********************************************************************************************************************
Read input file "hilbertspace_params.in"
	Requested 16-site 2D lattice, with 16 electrons (8, 8)
	Boundary : Periodic		Hilbert space representation : momentum-space (restricted to kIdx = 0)
	Conservation: particle number[U(1)]      spin[U(1)]     momentum
********************************************************************************************************************

Cluster Positions:				Cluster symmetry group : D4
 x ... x ... x ... x .....                       x ... x ... x ... x .....
 |           |           :                       |           |           :
 |           |           :                       |           |           :
12    13    14    15     x                       1     5     6     5     x
 |           |           :                       |           |           :
 |           |           :                       |           |           :
 8 --- 9 ---10 ---11 --- x                       2 --- 6 ---10 --- 6 --- x
 |           |           :                       |           |           :
 |           |           :                       |           |           :
 4     5     6     7     x                       1     5     6     5     x
 |           |           :                       |           |           :
 |           |           :                       |           |           :
 0 --- 1 --- 2 --- 3 --- x                       0 --- 1 --- 2 --- 1 --- x
orbital number : 1
********************************************************************************************************************
Read input file "obs_params.in"
	Observable Type : Nq(All),   Sq(All),   N(All),   Delta[s](All),   Delta[d](All),   Delta[s+](All)
********************************************************************************************************************
** WARNING ** the input observables have non-local factors which have been reinterpreted. The total observable number is 96
********************************************************************************************************************


********************************************************************************************************************
Start calculating the non-Gaussian ED ground state
** WARNING ** Detected low phonon energy W < 10. The initial state will be prepared through a warm-up process.
********************************************************************************************************************
Start warm-up calculation for scaling factor 2
open output files: NGSEDWarmUpW10Obs.txt
********************************************************************************************************************
Start the 0 rounds of NGS-ED iteration
	effective electronic model is modified as: kinetic energy t = 1
	                                           effective interaction Vq = [-0,-0,-0,-0,-0,-0,-0,-0,-0,-0,-0,-0,-0,-0,-0,-0]
	first Hamiltonian is constructed, non-zero numbers = 2845383612
	PARPACK diagonalization completed after 105 matrix-vector product operations.
	iteration results: : total energy is -9.247527 | electron energy -9.247527 + phonon energy 0.000000 | electron momentum kIdx = 0
	Nq(0) = 16,	Nq(1) = 0.0751605,	Nq(2) = 0.128908,	Nq(3) = 0.0751605,	Nq(4) = 0.0751605,	Nq(5) = 0.128908,	Nq(6) = 0.177269,	Nq(7) = 0.128908,	Nq(8) = 0.128908,	Nq(9) = 0.177269,	Nq(10) = 0.222563,	Nq(11) = 0.177269,	Nq(12) = 0.0751605,	Nq(13) = 0.128908,	Nq(14) = 0.177269,	Nq(15) = 0.128908,	Sq(0) = 9.0304e-19,	Sq(1) = 0.417838,	Sq(2) = 0.638643,	Sq(3) = 0.417838,	Sq(4) = 0.417838,	Sq(5) = 0.638643,	Sq(6) = 0.914016,	Sq(7) = 0.638643,	Sq(8) = 0.638643,	Sq(9) = 0.914016,	Sq(10) = 4.835,	Sq(11) = 0.914016,	Sq(12) = 0.417838,	Sq(13) = 0.638643,	Sq(14) = 0.914016,	Sq(15) = 0.638643,	N(0) = 1.80987,	N(1) = 1.62182,	N(2) = 1,	N(3) = 1.62182,	N(4) = 1.62182,	N(5) = 1,	N(6) = 0.37818,	N(7) = 1,	N(8) = 1,	N(9) = 0.37818,	N(10) = 0.190135,	N(11) = 0.37818,	N(12) = 1.62182,	N(13) = 1,	N(14) = 0.37818,	N(15) = 1,	Delta[s](0) = 0.0969809,	Delta[s](1) = 0.0809874,	Delta[s](2) = 0.0639198,	Delta[s](3) = 0.0809874,	Delta[s](4) = 0.0809874,	Delta[s](5) = 0.0639198,	Delta[s](6) = 0.0449672,	Delta[s](7) = 0.0639198,	Delta[s](8) = 0.0639198,	Delta[s](9) = 0.0449672,	Delta[s](10) = 0.018547,	Delta[s](11) = 0.0449672,	Delta[s](12) = 0.0809874,	Delta[s](13) = 0.0639198,	Delta[s](14) = 0.0449672,	Delta[s](15) = 0.0639198,	Delta[d](0) = 0.583495,	Delta[d](1) = 0.443368,	Delta[d](2) = 0.338379,	Delta[d](3) = 0.443368,	Delta[d](4) = 0.443368,	Delta[d](5) = 0.345414,	Delta[d](6) = 0.241935,	Delta[d](7) = 0.345414,	Delta[d](8) = 0.338379,	Delta[d](9) = 0.241935,	Delta[d](10) = 0.123032,	Delta[d](11) = 0.241935,	Delta[d](12) = 0.443368,	Delta[d](13) = 0.345414,	Delta[d](14) = 0.241935,	Delta[d](15) = 0.345414,	Delta[s+](0) = 0.612983,	Delta[s+](1) = 0.484785,	Delta[s+](2) = 0.338379,	Delta[s+](3) = 0.484785,	Delta[s+](4) = 0.484785,	Delta[s+](5) = 0.338379,	Delta[s+](6) = 0.195034,	Delta[s+](7) = 0.338379,	Delta[s+](8) = 0.338379,	Delta[s+](9) = 0.195034,	Delta[s+](10) = 0.0703691,	Delta[s+](11) = 0.195034,	Delta[s+](12) = 0.484785,	Delta[s+](13) = 0.338379,	Delta[s+](14) = 0.195034,	Delta[s+](15) = 0.338379
The 0-th iteration is completed.	|| time cost : 0h 8m 30.945s
********************************************************************************************************************
Start the 1 rounds of NGS-ED iteration
	effective electronic model is modified as: kinetic energy t = 0.916373
	                                           effective interaction Vq = [ -3.4586,-2.96755,-2.89289,-2.96755,-2.96755,-2.89289,-2.84729,-2.89289,-2.89289,-2.84729,-2.81454,-2.84729,-2.96755,-2.89289,-2.84729,-2.89289]
	PARPACK diagonalization completed after 60 matrix-vector product operations.
	iteration results: : total energy is -73.021608 | electron energy -73.026044 + phonon energy 0.004435 | electron momentum kIdx = 0
The 1-th iteration is completed.	|| time cost : 0h 7m 48.659s
********************************************************************************************************************
Start the 2 rounds of NGS-ED iteration
	effective electronic model is modified as: kinetic energy t = 0.842519
	                                           effective interaction Vq = [-3.92667,-3.69145,-3.55181,-3.69145,-3.69145,-3.55181,-3.54139,-3.55181,-3.55181,-3.54139,-3.47537,-3.54139,-3.69145,-3.55181,-3.54139,-3.55181]
	PARPACK diagonalization completed after 60 matrix-vector product operations.
	iteration results: : total energy is -82.940370 | electron energy -82.995049 + phonon energy 0.054679 | electron momentum kIdx = 0
The 2-th iteration is completed.	|| time cost : 0h 0m 36.766s
********************************************************************************************************************
Start the 3 rounds of NGS-ED iteration
	effective electronic model is modified as: kinetic energy t = 0.808565
	                                           effective interaction Vq = [-3.99002,-3.87565,-3.72236,-3.87565,-3.87565,-3.72236,-3.75115,-3.72236,-3.72236,-3.75115,-3.65784,-3.75115,-3.87565,-3.72236,-3.75115,-3.72236]
	PARPACK diagonalization completed after 75 matrix-vector product operations.
	iteration results: : total energy is -84.724338 | electron energy -84.831047 + phonon energy 0.106709 | electron momentum kIdx = 0
The 3-th iteration is completed.	|| time cost : 0h 0m 41.45s
********************************************************************************************************************
Start the 4 rounds of NGS-ED iteration
	effective electronic model is modified as: kinetic energy t = 0.781705
	                                           effective interaction Vq = [-3.99859, -3.9245,-3.88002, -3.9245, -3.9245,-3.88002,-3.81862,-3.88002,-3.88002,-3.81862,-3.80032,-3.81862, -3.9245,-3.88002,-3.81862,-3.88002]
	PARPACK diagonalization completed after 60 matrix-vector product operations.
	iteration results: : total energy is -85.265652 | electron energy -85.408194 + phonon energy 0.142542 | electron momentum kIdx = 0
The 4-th iteration is completed.	|| time cost : 0h 0m 37.108s
********************************************************************************************************************
Start the 5 rounds of NGS-ED iteration
	effective electronic model is modified as: kinetic energy t = 0.771973
	                                           effective interaction Vq = [-3.99975,-3.93735,-3.92174,-3.93735,-3.93735,-3.92174,-3.83837,-3.92174,-3.92174,-3.83837,-3.84759,-3.83837,-3.93735,-3.92174,-3.83837,-3.92174]
	PARPACK diagonalization completed after 45 matrix-vector product operations.
	iteration results: : total energy is -85.340080 | electron energy -85.502064 + phonon energy 0.161984 | electron momentum kIdx = 0
The 5-th iteration is completed.	|| time cost : 0h 0m 32.133s
********************************************************************************************************************
Start the 6 rounds of NGS-ED iteration
	effective electronic model is modified as: kinetic energy t = 0.768484
	                                           effective interaction Vq = [-3.99991,-3.94121,-3.93449,-3.94121,-3.94121,-3.93449,-3.84477,-3.93449,-3.93449,-3.84477,-3.86517,-3.84477,-3.94121,-3.93449,-3.84477,-3.93449]
	PARPACK diagonalization completed after 45 matrix-vector product operations.
	iteration results: : total energy is -85.349949 | electron energy -85.519928 + phonon energy 0.169979 | electron momentum kIdx = 0
The 6-th iteration is completed.	|| time cost : 0h 0m 32.169s
********************************************************************************************************************
Start the 7 rounds of NGS-ED iteration
	effective electronic model is modified as: kinetic energy t = 0.767234
	                                           effective interaction Vq = [-3.99993,-3.94244,-3.93868,-3.94244,-3.94244,-3.93868,-3.84694,-3.93868,-3.93868,-3.84694,-3.87219,-3.84694,-3.94244,-3.93868,-3.84694,-3.93868]
	PARPACK diagonalization completed after 45 matrix-vector product operations.
	iteration results: : total energy is -85.351249 | electron energy -85.524267 + phonon energy 0.173018 | electron momentum kIdx = 0
The 7-th iteration is completed.	|| time cost : 0h 0m 32.335s
********************************************************************************************************************
Start the 8 rounds of NGS-ED iteration
	effective electronic model is modified as: kinetic energy t = 0.766783
	                                           effective interaction Vq = [-3.99994,-3.94283, -3.9401,-3.94283,-3.94283, -3.9401,-3.84769, -3.9401, -3.9401,-3.84769,-3.87513,-3.84769,-3.94283, -3.9401,-3.84769, -3.9401]
	PARPACK diagonalization completed after 30 matrix-vector product operations.
	iteration results: : total energy is -85.351423 | electron energy -85.525572 + phonon energy 0.174149 | electron momentum kIdx = 0
The 8-th iteration is completed.	|| time cost : 0h 0m 27.391s
********************************************************************************************************************
Start the 9 rounds of NGS-ED iteration
	effective electronic model is modified as: kinetic energy t = 0.76662
	                                           effective interaction Vq = [-3.99994,-3.94296,-3.94059,-3.94296,-3.94296,-3.94059,-3.84795,-3.94059,-3.94059,-3.84795, -3.8764,-3.84795,-3.94296,-3.94059,-3.84795,-3.94059]
	PARPACK diagonalization completed after 30 matrix-vector product operations.
	iteration results: : total energy is -85.351447 | electron energy -85.526019 + phonon energy 0.174572 | electron momentum kIdx = 0
The 9-th iteration is completed.	|| time cost : 0h 0m 27.387s
********************************************************************************************************************
Start the 10 rounds of NGS-ED iteration
	effective electronic model is modified as: kinetic energy t = 0.766559
	                                           effective interaction Vq = [-3.99994,  -3.943,-3.94075,  -3.943,  -3.943,-3.94075,-3.84804,-3.94075,-3.94075,-3.84804,-3.87697,-3.84804,  -3.943,-3.94075,-3.84804,-3.94075]
	PARPACK diagonalization completed after 30 matrix-vector product operations.
	iteration results: : total energy is -85.351451 | electron energy -85.526182 + phonon energy 0.174731 | electron momentum kIdx = 0
	Nq(0) = 16,	Nq(1) = 0.407499,	Nq(2) = 0.772771,	Nq(3) = 0.407499,	Nq(4) = 0.407499,	Nq(5) = 0.772771,	Nq(6) = 0.65244,	Nq(7) = 0.772771,	Nq(8) = 0.772771,	Nq(9) = 0.65244,	Nq(10) = 0.963257,	Nq(11) = 0.65244,	Nq(12) = 0.407499,	Nq(13) = 0.772771,	Nq(14) = 0.65244,	Nq(15) = 0.772771,	Sq(0) = -1.04775e-17,	Sq(1) = 0.319217,	Sq(2) = 0.353113,	Sq(3) = 0.319217,	Sq(4) = 0.319217,	Sq(5) = 0.353113,	Sq(6) = 0.545388,	Sq(7) = 0.353113,	Sq(8) = 0.353113,	Sq(9) = 0.545388,	Sq(10) = 0.58326,	Sq(11) = 0.545388,	Sq(12) = 0.319217,	Sq(13) = 0.353113,	Sq(14) = 0.545388,	Sq(15) = 0.353113,	N(0) = 1.99693,	N(1) = 1.99174,	N(2) = 1,	N(3) = 1.99174,	N(4) = 1.99174,	N(5) = 1,	N(6) = 0.00826068,	N(7) = 1,	N(8) = 1,	N(9) = 0.00826068,	N(10) = 0.00306812,	N(11) = 0.00826068,	N(12) = 1.99174,	N(13) = 1,	N(14) = 0.00826068,	N(15) = 1,	Delta[s](0) = 0.61222,	Delta[s](1) = 0.317495,	Delta[s](2) = 0.28541,	Delta[s](3) = 0.317495,	Delta[s](4) = 0.317495,	Delta[s](5) = 0.28541,	Delta[s](6) = 0.267927,	Delta[s](7) = 0.28541,	Delta[s](8) = 0.28541,	Delta[s](9) = 0.267927,	Delta[s](10) = 0.253454,	Delta[s](11) = 0.267927,	Delta[s](12) = 0.317495,	Delta[s](13) = 0.28541,	Delta[s](14) = 0.267927,	Delta[s](15) = 0.28541,	Delta[d](0) = 0.334914,	Delta[d](1) = 0.284783,	Delta[d](2) = 0.260735,	Delta[d](3) = 0.284783,	Delta[d](4) = 0.284783,	Delta[d](5) = 0.257498,	Delta[d](6) = 0.245243,	Delta[d](7) = 0.257498,	Delta[d](8) = 0.260735,	Delta[d](9) = 0.245243,	Delta[d](10) = 0.180287,	Delta[d](11) = 0.245243,	Delta[d](12) = 0.284783,	Delta[d](13) = 0.257498,	Delta[d](14) = 0.245243,	Delta[d](15) = 0.257498,	Delta[s+](0) = 0.456935,	Delta[s+](1) = 0.377836,	Delta[s+](2) = 0.260735,	Delta[s+](3) = 0.377836,	Delta[s+](4) = 0.377836,	Delta[s+](5) = 0.260735,	Delta[s+](6) = 0.138829,	Delta[s+](7) = 0.260735,	Delta[s+](8) = 0.260735,	Delta[s+](9) = 0.138829,	Delta[s+](10) = 0.056425,	Delta[s+](11) = 0.138829,	Delta[s+](12) = 0.377836,	Delta[s+](13) = 0.260735,	Delta[s+](14) = 0.138829,	Delta[s+](15) = 0.260735
The 10-th iteration is completed.	|| time cost : 0h 4m 33.363s
********************************************************************************************************************
********************************************************************************************************************
Ground state is obtained after 11 iterations. The current ground-state energy is -85.3515, in which electron energy is -85.5262 and phonon energy is 0.174731
final variational state is: 
	Gamma_x = [      1,1.03483,1.06818,1.03483,1.03483,1.06818,1.08523,1.06818,1.06818,1.08523,1.11743,1.08523,1.03483,1.06818,1.08523,1.06818]
	lambda_q = [ 0.63244,0.557004,0.555554,0.557004,0.557004,0.555554,0.509215,0.555554,0.555554,0.509215,0.521674,0.509215,0.557004,0.555554,0.509215,0.555554]
********************************************************************************************************************
o___o  ----------------------------------------
| L |	Time since last clock: 0h 0m 0.001s
A===A	Time since the beginning: 0h 25m 19.713s
***********************************************


********************************************************************************************************************
Warm up runs have been completed. Start calculating W = 5 phonon.
open output files: NGSEDIterationObs.txt
********************************************************************************************************************
Start the 0 rounds of NGS-ED iteration
	effective electronic model is modified as: kinetic energy t = 0.766537
	                                           effective interaction Vq = [-3.65677,-3.43069,-3.42578,-3.43069,-3.43069,-3.42578,-3.25802,-3.42578,-3.42578,-3.25802,-3.30524,-3.25802,-3.43069,-3.42578,-3.25802,-3.42578]
	PARPACK diagonalization completed after 75 matrix-vector product operations.
	iteration results: : total energy is -75.344005 | electron energy -75.431402 + phonon energy 0.087396 | electron momentum kIdx = 0
	Nq(0) = 16,	Nq(1) = 0.340016,	Nq(2) = 0.36666,	Nq(3) = 0.340016,	Nq(4) = 0.340016,	Nq(5) = 0.36666,	Nq(6) = 0.544333,	Nq(7) = 0.36666,	Nq(8) = 0.36666,	Nq(9) = 0.544333,	Nq(10) = 0.586823,	Nq(11) = 0.544333,	Nq(12) = 0.340016,	Nq(13) = 0.36666,	Nq(14) = 0.544333,	Nq(15) = 0.36666,	Sq(0) = -1.20144e-20,	Sq(1) = 0.391282,	Sq(2) = 0.563758,	Sq(3) = 0.391282,	Sq(4) = 0.391282,	Sq(5) = 0.563758,	Sq(6) = 0.656095,	Sq(7) = 0.563758,	Sq(8) = 0.563758,	Sq(9) = 0.656095,	Sq(10) = 2.10376,	Sq(11) = 0.656095,	Sq(12) = 0.391282,	Sq(13) = 0.563758,	Sq(14) = 0.656095,	Sq(15) = 0.563758,	N(0) = 1.99814,	N(1) = 1.9953,	N(2) = 1,	N(3) = 1.9953,	N(4) = 1.9953,	N(5) = 1,	N(6) = 0.00470478,	N(7) = 1,	N(8) = 1,	N(9) = 0.00470478,	N(10) = 0.0018642,	N(11) = 0.00470478,	N(12) = 1.9953,	N(13) = 1,	N(14) = 0.00470478,	N(15) = 1,	Delta[s](0) = 0.231573,	Delta[s](1) = 0.224166,	Delta[s](2) = 0.192523,	Delta[s](3) = 0.224166,	Delta[s](4) = 0.224166,	Delta[s](5) = 0.192523,	Delta[s](6) = 0.185879,	Delta[s](7) = 0.192523,	Delta[s](8) = 0.192523,	Delta[s](9) = 0.185879,	Delta[s](10) = 0.135197,	Delta[s](11) = 0.185879,	Delta[s](12) = 0.224166,	Delta[s](13) = 0.192523,	Delta[s](14) = 0.185879,	Delta[s](15) = 0.192523,	Delta[d](0) = 0.538967,	Delta[d](1) = 0.343303,	Delta[d](2) = 0.298007,	Delta[d](3) = 0.343303,	Delta[d](4) = 0.343303,	Delta[d](5) = 0.341315,	Delta[d](6) = 0.263417,	Delta[d](7) = 0.341315,	Delta[d](8) = 0.298007,	Delta[d](9) = 0.263417,	Delta[d](10) = 0.148137,	Delta[d](11) = 0.263417,	Delta[d](12) = 0.343303,	Delta[d](13) = 0.341315,	Delta[d](14) = 0.263417,	Delta[d](15) = 0.341315,	Delta[s+](0) = 0.528026,	Delta[s+](1) = 0.435149,	Delta[s+](2) = 0.298007,	Delta[s+](3) = 0.435149,	Delta[s+](4) = 0.435149,	Delta[s+](5) = 0.298007,	Delta[s+](6) = 0.161776,	Delta[s+](7) = 0.298007,	Delta[s+](8) = 0.298007,	Delta[s+](9) = 0.161776,	Delta[s+](10) = 0.0609402,	Delta[s+](11) = 0.161776,	Delta[s+](12) = 0.435149,	Delta[s+](13) = 0.298007,	Delta[s+](14) = 0.161776,	Delta[s+](15) = 0.298007
The 0-th iteration is completed.	|| time cost : 0h 4m 36.514s
********************************************************************************************************************
Start the 1 rounds of NGS-ED iteration
	effective electronic model is modified as: kinetic energy t = 0.755949
	                                           effective interaction Vq = [-3.87369, -3.6173,-3.45643, -3.6173, -3.6173,-3.45643,-3.39748,-3.45643,-3.45643,-3.39748,-3.34202,-3.39748, -3.6173,-3.45643,-3.39748,-3.45643]
	PARPACK diagonalization completed after 45 matrix-vector product operations.
	iteration results: : total energy is -79.079266 | electron energy -79.318547 + phonon energy 0.239280 | electron momentum kIdx = 0
The 1-th iteration is completed.	|| time cost : 0h 0m 32.133s
********************************************************************************************************************
Start the 2 rounds of NGS-ED iteration
	effective electronic model is modified as: kinetic energy t = 0.74437
	                                           effective interaction Vq = [-3.95349,-3.72259, -3.4852,-3.72259,-3.72259, -3.4852,-3.49482, -3.4852, -3.4852,-3.49482,-3.38305,-3.49482,-3.72259, -3.4852,-3.49482, -3.4852]
	PARPACK diagonalization completed after 60 matrix-vector product operations.
	iteration results: : total energy is -80.471652 | electron energy -80.801564 + phonon energy 0.329912 | electron momentum kIdx = 0
The 2-th iteration is completed.	|| time cost : 0h 0m 36.863s
********************************************************************************************************************
Start the 3 rounds of NGS-ED iteration
	effective electronic model is modified as: kinetic energy t = 0.735178
	                                           effective interaction Vq = [-3.98285,-3.78398,-3.50621,-3.78398,-3.78398,-3.50621,-3.56002,-3.50621,-3.50621,-3.56002,-3.41316,-3.56002,-3.78398,-3.50621,-3.56002,-3.50621]
	PARPACK diagonalization completed after 60 matrix-vector product operations.
	iteration results: : total energy is -80.995887 | electron energy -81.378195 + phonon energy 0.382308 | electron momentum kIdx = 0
The 3-th iteration is completed.	|| time cost : 0h 0m 36.772s
********************************************************************************************************************
Start the 4 rounds of NGS-ED iteration
	effective electronic model is modified as: kinetic energy t = 0.728542
	                                           effective interaction Vq = [-3.99365,-3.82071,-3.52045,-3.82071,-3.82071,-3.52045,-3.60334,-3.52045,-3.52045,-3.60334, -3.4331,-3.60334,-3.82071,-3.52045,-3.60334,-3.52045]
	PARPACK diagonalization completed after 60 matrix-vector product operations.
	iteration results: : total energy is -81.194269 | electron energy -81.608669 + phonon energy 0.414399 | electron momentum kIdx = 0
The 4-th iteration is completed.	|| time cost : 0h 0m 36.741s
********************************************************************************************************************
Start the 5 rounds of NGS-ED iteration
	effective electronic model is modified as: kinetic energy t = 0.723933
	                                           effective interaction Vq = [-3.99762,-3.84318,-3.52989,-3.84318,-3.84318,-3.52989,-3.63217,-3.52989,-3.52989,-3.63217,-3.44587,-3.63217,-3.84318,-3.52989,-3.63217,-3.52989]
	PARPACK diagonalization completed after 60 matrix-vector product operations.
	iteration results: : total energy is -81.269663 | electron energy -81.704629 + phonon energy 0.434966 | electron momentum kIdx = 0
The 5-th iteration is completed.	|| time cost : 0h 0m 36.774s
********************************************************************************************************************
Start the 6 rounds of NGS-ED iteration
	effective electronic model is modified as: kinetic energy t = 0.72079
	                                           effective interaction Vq = [-3.99909,-3.85716,-3.53611,-3.85716,-3.85716,-3.53611,-3.65144,-3.53611,-3.53611,-3.65144,-3.45394,-3.65144,-3.85716,-3.53611,-3.65144,-3.53611]
	PARPACK diagonalization completed after 60 matrix-vector product operations.
	iteration results: : total energy is -81.298446 | electron energy -81.746928 + phonon energy 0.448482 | electron momentum kIdx = 0
The 6-th iteration is completed.	|| time cost : 0h 0m 36.796s
********************************************************************************************************************
Start the 7 rounds of NGS-ED iteration
	effective electronic model is modified as: kinetic energy t = 0.718667
	                                           effective interaction Vq = [-3.99962,-3.86598,-3.54021,-3.86598,-3.86598,-3.54021,-3.66435,-3.54021,-3.54021,-3.66435,-3.45904,-3.66435,-3.86598,-3.54021,-3.66435,-3.54021]
	PARPACK diagonalization completed after 60 matrix-vector product operations.
	iteration results: : total energy is -81.309491 | electron energy -81.766964 + phonon energy 0.457473 | electron momentum kIdx = 0
The 7-th iteration is completed.	|| time cost : 0h 0m 37.014s
********************************************************************************************************************
Start the 8 rounds of NGS-ED iteration
	effective electronic model is modified as: kinetic energy t = 0.71724
	                                           effective interaction Vq = [-3.99982,-3.87161,-3.54291,-3.87161,-3.87161,-3.54291,-3.67303,-3.54291,-3.54291,-3.67303,-3.46224,-3.67303,-3.87161,-3.54291,-3.67303,-3.54291]
	PARPACK diagonalization completed after 60 matrix-vector product operations.
	iteration results: : total energy is -81.313755 | electron energy -81.777243 + phonon energy 0.463488 | electron momentum kIdx = 0
The 8-th iteration is completed.	|| time cost : 0h 0m 36.811s
********************************************************************************************************************
Start the 9 rounds of NGS-ED iteration
	effective electronic model is modified as: kinetic energy t = 0.716284
	                                           effective interaction Vq = [-3.99989,-3.87522, -3.5447,-3.87522,-3.87522, -3.5447,-3.67889, -3.5447, -3.5447,-3.67889,-3.46426,-3.67889,-3.87522, -3.5447,-3.67889, -3.5447]
	PARPACK diagonalization completed after 60 matrix-vector product operations.
	iteration results: : total energy is -81.315413 | electron energy -81.782932 + phonon energy 0.467520 | electron momentum kIdx = 0
The 9-th iteration is completed.	|| time cost : 0h 0m 36.738s
********************************************************************************************************************
Start the 10 rounds of NGS-ED iteration
	effective electronic model is modified as: kinetic energy t = 0.715645
	                                           effective interaction Vq = [-3.99992,-3.87755,-3.54587,-3.87755,-3.87755,-3.54587,-3.68283,-3.54587,-3.54587,-3.68283,-3.46553,-3.68283,-3.87755,-3.54587,-3.68283,-3.54587]
	PARPACK diagonalization completed after 60 matrix-vector product operations.
	iteration results: : total energy is -81.316062 | electron energy -81.786286 + phonon energy 0.470224 | electron momentum kIdx = 0
	Nq(0) = 16,	Nq(1) = 0.46119,	Nq(2) = 0.369679,	Nq(3) = 0.46119,	Nq(4) = 0.46119,	Nq(5) = 0.369679,	Nq(6) = 0.668436,	Nq(7) = 0.369679,	Nq(8) = 0.369679,	Nq(9) = 0.668436,	Nq(10) = 0.597051,	Nq(11) = 0.668436,	Nq(12) = 0.46119,	Nq(13) = 0.369679,	Nq(14) = 0.668436,	Nq(15) = 0.369679,	Sq(0) = -1.17522e-17,	Sq(1) = 0.358928,	Sq(2) = 0.525535,	Sq(3) = 0.358928,	Sq(4) = 0.358928,	Sq(5) = 0.525535,	Sq(6) = 0.60033,	Sq(7) = 0.525535,	Sq(8) = 0.525535,	Sq(9) = 0.60033,	Sq(10) = 1.67613,	Sq(11) = 0.60033,	Sq(12) = 0.358928,	Sq(13) = 0.525535,	Sq(14) = 0.60033,	Sq(15) = 0.525535,	N(0) = 1.99959,	N(1) = 1.99429,	N(2) = 1,	N(3) = 1.99429,	N(4) = 1.99429,	N(5) = 1,	N(6) = 0.00571193,	N(7) = 1,	N(8) = 1,	N(9) = 0.00571193,	N(10) = 0.000405907,	N(11) = 0.00571193,	N(12) = 1.99429,	N(13) = 1,	N(14) = 0.00571193,	N(15) = 1,	Delta[s](0) = 0.253803,	Delta[s](1) = 0.25537,	Delta[s](2) = 0.221463,	Delta[s](3) = 0.25537,	Delta[s](4) = 0.25537,	Delta[s](5) = 0.221463,	Delta[s](6) = 0.222136,	Delta[s](7) = 0.221463,	Delta[s](8) = 0.221463,	Delta[s](9) = 0.222136,	Delta[s](10) = 0.174213,	Delta[s](11) = 0.222136,	Delta[s](12) = 0.25537,	Delta[s](13) = 0.221463,	Delta[s](14) = 0.222136,	Delta[s](15) = 0.221463,	Delta[d](0) = 0.56241,	Delta[d](1) = 0.356124,	Delta[d](2) = 0.316554,	Delta[d](3) = 0.356124,	Delta[d](4) = 0.356124,	Delta[d](5) = 0.361784,	Delta[d](6) = 0.288102,	Delta[d](7) = 0.361784,	Delta[d](8) = 0.316554,	Delta[d](9) = 0.288102,	Delta[d](10) = 0.179326,	Delta[d](11) = 0.288102,	Delta[d](12) = 0.356124,	Delta[d](13) = 0.361784,	Delta[d](14) = 0.288102,	Delta[d](15) = 0.361784,	Delta[s+](0) = 0.538953,	Delta[s+](1) = 0.44676,	Delta[s+](2) = 0.316554,	Delta[s+](3) = 0.44676,	Delta[s+](4) = 0.44676,	Delta[s+](5) = 0.316554,	Delta[s+](6) = 0.179849,	Delta[s+](7) = 0.316554,	Delta[s+](8) = 0.316554,	Delta[s+](9) = 0.179849,	Delta[s+](10) = 0.0814381,	Delta[s+](11) = 0.179849,	Delta[s+](12) = 0.44676,	Delta[s+](13) = 0.316554,	Delta[s+](14) = 0.179849,	Delta[s+](15) = 0.316554
The 10-th iteration is completed.	|| time cost : 0h 4m 33.744s
********************************************************************************************************************
Start the 11 rounds of NGS-ED iteration
	effective electronic model is modified as: kinetic energy t = 0.715218
	                                           effective interaction Vq = [-3.99993,-3.87906,-3.54664,-3.87906,-3.87906,-3.54664, -3.6855,-3.54664,-3.54664, -3.6855,-3.46633, -3.6855,-3.87906,-3.54664, -3.6855,-3.54664]
	PARPACK diagonalization completed after 60 matrix-vector product operations.
	iteration results: : total energy is -81.316318 | electron energy -81.788357 + phonon energy 0.472039 | electron momentum kIdx = 0
The 11-th iteration is completed.	|| time cost : 0h 0m 37.121s
********************************************************************************************************************
Start the 12 rounds of NGS-ED iteration
	effective electronic model is modified as: kinetic energy t = 0.714933
	                                           effective interaction Vq = [-3.99993,-3.88005,-3.54714,-3.88005,-3.88005,-3.54714, -3.6873,-3.54714,-3.54714, -3.6873,-3.46684, -3.6873,-3.88005,-3.54714, -3.6873,-3.54714]
	PARPACK diagonalization completed after 60 matrix-vector product operations.
	iteration results: : total energy is -81.316420 | electron energy -81.789677 + phonon energy 0.473257 | electron momentum kIdx = 0
The 12-th iteration is completed.	|| time cost : 0h 0m 37.07s
********************************************************************************************************************
Start the 13 rounds of NGS-ED iteration
	effective electronic model is modified as: kinetic energy t = 0.714743
	                                           effective interaction Vq = [-3.99993,-3.88069,-3.54747,-3.88069,-3.88069,-3.54747,-3.68852,-3.54747,-3.54747,-3.68852,-3.46715,-3.68852,-3.88069,-3.54747,-3.68852,-3.54747]
	PARPACK diagonalization completed after 45 matrix-vector product operations.
	iteration results: : total energy is -81.316461 | electron energy -81.790535 + phonon energy 0.474073 | electron momentum kIdx = 0
The 13-th iteration is completed.	|| time cost : 0h 0m 32.053s
********************************************************************************************************************
Start the 14 rounds of NGS-ED iteration
	effective electronic model is modified as: kinetic energy t = 0.714617
	                                           effective interaction Vq = [-3.99994,-3.88111,-3.54769,-3.88111,-3.88111,-3.54769,-3.68935,-3.54769,-3.54769,-3.68935,-3.46735,-3.68935,-3.88111,-3.54769,-3.68935,-3.54769]
	PARPACK diagonalization completed after 45 matrix-vector product operations.
	iteration results: : total energy is -81.316478 | electron energy -81.791099 + phonon energy 0.474621 | electron momentum kIdx = 0
The 14-th iteration is completed.	|| time cost : 0h 0m 32.092s
********************************************************************************************************************
Start the 15 rounds of NGS-ED iteration
	effective electronic model is modified as: kinetic energy t = 0.714532
	                                           effective interaction Vq = [-3.99994,-3.88138,-3.54783,-3.88138,-3.88138,-3.54783, -3.6899,-3.54783,-3.54783, -3.6899,-3.46748, -3.6899,-3.88138,-3.54783, -3.6899,-3.54783]
	PARPACK diagonalization completed after 30 matrix-vector product operations.
	iteration results: : total energy is -81.316485 | electron energy -81.791473 + phonon energy 0.474988 | electron momentum kIdx = 0
The 15-th iteration is completed.	|| time cost : 0h 0m 27.714s
********************************************************************************************************************
Start the 16 rounds of NGS-ED iteration
	effective electronic model is modified as: kinetic energy t = 0.714476
	                                           effective interaction Vq = [-3.99994,-3.88156,-3.54792,-3.88156,-3.88156,-3.54792,-3.69028,-3.54792,-3.54792,-3.69028,-3.46756,-3.69028,-3.88156,-3.54792,-3.69028,-3.54792]
	PARPACK diagonalization completed after 45 matrix-vector product operations.
	iteration results: : total energy is -81.316488 | electron energy -81.791722 + phonon energy 0.475234 | electron momentum kIdx = 0
The 16-th iteration is completed.	|| time cost : 0h 0m 32.094s
********************************************************************************************************************
Start the 17 rounds of NGS-ED iteration
	effective electronic model is modified as: kinetic energy t = 0.714439
	                                           effective interaction Vq = [-3.99994,-3.88167,-3.54798,-3.88167,-3.88167,-3.54798,-3.69054,-3.54798,-3.54798,-3.69054,-3.46761,-3.69054,-3.88167,-3.54798,-3.69054,-3.54798]
	PARPACK diagonalization completed after 30 matrix-vector product operations.
	iteration results: : total energy is -81.316489 | electron energy -81.791889 + phonon energy 0.475399 | electron momentum kIdx = 0
The 17-th iteration is completed.	|| time cost : 0h 0m 27.365s
********************************************************************************************************************
Start the 18 rounds of NGS-ED iteration
	effective electronic model is modified as: kinetic energy t = 0.714414
	                                           effective interaction Vq = [-3.99994,-3.88175,-3.54802,-3.88175,-3.88175,-3.54802,-3.69071,-3.54802,-3.54802,-3.69071,-3.46764,-3.69071,-3.88175,-3.54802,-3.69071,-3.54802]
	PARPACK diagonalization completed after 30 matrix-vector product operations.
	iteration results: : total energy is -81.316490 | electron energy -81.792000 + phonon energy 0.475510 | electron momentum kIdx = 0
The 18-th iteration is completed.	|| time cost : 0h 0m 27.669s
********************************************************************************************************************
Start the 19 rounds of NGS-ED iteration
	effective electronic model is modified as: kinetic energy t = 0.714397
	                                           effective interaction Vq = [-3.99994, -3.8818,-3.54804, -3.8818, -3.8818,-3.54804,-3.69082,-3.54804,-3.54804,-3.69082,-3.46766,-3.69082, -3.8818,-3.54804,-3.69082,-3.54804]
	PARPACK diagonalization completed after 30 matrix-vector product operations.
	iteration results: : total energy is -81.316490 | electron energy -81.792074 + phonon energy 0.475584 | electron momentum kIdx = 0
The 19-th iteration is completed.	|| time cost : 0h 0m 27.305s
********************************************************************************************************************
Start the 20 rounds of NGS-ED iteration
	effective electronic model is modified as: kinetic energy t = 0.714386
	                                           effective interaction Vq = [-3.99994,-3.88183,-3.54806,-3.88183,-3.88183,-3.54806, -3.6909,-3.54806,-3.54806, -3.6909,-3.46768, -3.6909,-3.88183,-3.54806, -3.6909,-3.54806]
	PARPACK diagonalization completed after 30 matrix-vector product operations.
	iteration results: : total energy is -81.316490 | electron energy -81.792124 + phonon energy 0.475634 | electron momentum kIdx = 0
	Nq(0) = 16,	Nq(1) = 0.463061,	Nq(2) = 0.369597,	Nq(3) = 0.463061,	Nq(4) = 0.463061,	Nq(5) = 0.369597,	Nq(6) = 0.671569,	Nq(7) = 0.369597,	Nq(8) = 0.369597,	Nq(9) = 0.671569,	Nq(10) = 0.596818,	Nq(11) = 0.671569,	Nq(12) = 0.463061,	Nq(13) = 0.369597,	Nq(14) = 0.671569,	Nq(15) = 0.369597,	Sq(0) = 1.06511e-17,	Sq(1) = 0.358228,	Sq(2) = 0.524698,	Sq(3) = 0.358228,	Sq(4) = 0.358228,	Sq(5) = 0.524698,	Sq(6) = 0.599252,	Sq(7) = 0.524698,	Sq(8) = 0.524698,	Sq(9) = 0.599252,	Sq(10) = 1.66897,	Sq(11) = 0.599252,	Sq(12) = 0.358228,	Sq(13) = 0.524698,	Sq(14) = 0.599252,	Sq(15) = 0.524698,	N(0) = 1.99955,	N(1) = 1.99399,	N(2) = 1,	N(3) = 1.99399,	N(4) = 1.99399,	N(5) = 1,	N(6) = 0.006008,	N(7) = 1,	N(8) = 1,	N(9) = 0.006008,	N(10) = 0.000447439,	N(11) = 0.006008,	N(12) = 1.99399,	N(13) = 1,	N(14) = 0.006008,	N(15) = 1,	Delta[s](0) = 0.254228,	Delta[s](1) = 0.255947,	Delta[s](2) = 0.222035,	Delta[s](3) = 0.255947,	Delta[s](4) = 0.255947,	Delta[s](5) = 0.222035,	Delta[s](6) = 0.222814,	Delta[s](7) = 0.222035,	Delta[s](8) = 0.222035,	Delta[s](9) = 0.222814,	Delta[s](10) = 0.174982,	Delta[s](11) = 0.222814,	Delta[s](12) = 0.255947,	Delta[s](13) = 0.222035,	Delta[s](14) = 0.222814,	Delta[s](15) = 0.222035,	Delta[d](0) = 0.561987,	Delta[d](1) = 0.356,	Delta[d](2) = 0.316552,	Delta[d](3) = 0.356,	Delta[d](4) = 0.356,	Delta[d](5) = 0.36174,	Delta[d](6) = 0.288226,	Delta[d](7) = 0.36174,	Delta[d](8) = 0.316552,	Delta[d](9) = 0.288226,	Delta[d](10) = 0.179745,	Delta[d](11) = 0.288226,	Delta[d](12) = 0.356,	Delta[d](13) = 0.36174,	Delta[d](14) = 0.288226,	Delta[d](15) = 0.36174,	Delta[s+](0) = 0.538496,	Delta[s+](1) = 0.446438,	Delta[s+](2) = 0.316552,	Delta[s+](3) = 0.446438,	Delta[s+](4) = 0.446438,	Delta[s+](5) = 0.316552,	Delta[s+](6) = 0.180056,	Delta[s+](7) = 0.316552,	Delta[s+](8) = 0.316552,	Delta[s+](9) = 0.180056,	Delta[s+](10) = 0.0818085,	Delta[s+](11) = 0.180056,	Delta[s+](12) = 0.446438,	Delta[s+](13) = 0.316552,	Delta[s+](14) = 0.180056,	Delta[s+](15) = 0.316552
The 20-th iteration is completed.	|| time cost : 0h 4m 20.751s
********************************************************************************************************************
Start the 21 rounds of NGS-ED iteration
	effective electronic model is modified as: kinetic energy t = 0.714378
	                                           effective interaction Vq = [-3.99994,-3.88186,-3.54807,-3.88186,-3.88186,-3.54807,-3.69096,-3.54807,-3.54807,-3.69096,-3.46768,-3.69096,-3.88186,-3.54807,-3.69096,-3.54807]
	PARPACK diagonalization completed after 30 matrix-vector product operations.
	iteration results: : total energy is -81.316490 | electron energy -81.792157 + phonon energy 0.475667 | electron momentum kIdx = 0
The 21-th iteration is completed.	|| time cost : 0h 0m 27.706s
********************************************************************************************************************
Start the 22 rounds of NGS-ED iteration
	effective electronic model is modified as: kinetic energy t = 0.714373
	                                           effective interaction Vq = [-3.99994,-3.88187,-3.54808,-3.88187,-3.88187,-3.54808,-3.69099,-3.54808,-3.54808,-3.69099,-3.46769,-3.69099,-3.88187,-3.54808,-3.69099,-3.54808]
	PARPACK diagonalization completed after 30 matrix-vector product operations.
	iteration results: : total energy is -81.316490 | electron energy -81.792180 + phonon energy 0.475690 | electron momentum kIdx = 0
The 22-th iteration is completed.	|| time cost : 0h 0m 27.311s
********************************************************************************************************************
Start the 23 rounds of NGS-ED iteration
	effective electronic model is modified as: kinetic energy t = 0.71437
	                                           effective interaction Vq = [-3.99994,-3.88188,-3.54808,-3.88188,-3.88188,-3.54808,-3.69102,-3.54808,-3.54808,-3.69102,-3.46769,-3.69102,-3.88188,-3.54808,-3.69102,-3.54808]
	PARPACK diagonalization completed after 30 matrix-vector product operations.
	iteration results: : total energy is -81.316490 | electron energy -81.792195 + phonon energy 0.475705 | electron momentum kIdx = 0
The 23-th iteration is completed.	|| time cost : 0h 0m 27.376s
