SNEDics v3.22.2 Non-Gaussian ED ground state program		Start at Thu May 12 03:13:22 2022

Parallelization: 32 MPI threads  * 8 OpenMP threads = 256 total threads.
********************************************************************************************************************
********************************************************************************************************************

********************************************************************************************************************
System parameters and configurations
	special program options are enabled: splitted diagonal Hamiltonian | splitted Hamiltonian terms
********************************************************************************************************************
Read input file "model_params.in"
	Hubbard-Holstein model parameters : 	t = 1    t' = -0.3    U = 8    g = 0.3    W = 0.2    
********************************************************************************************************************
Read input file "hilbertspace_params.in"
	Requested 16-site 2D lattice, with 12 electrons (6, 6)
	Boundary : Periodic		Hilbert space representation : momentum-space (restricted to kIdx = 10)
	Conservation: particle number[U(1)]      spin[U(1)]     momentum
********************************************************************************************************************

Cluster Positions:				Cluster symmetry group : D4
 x ... x ... x ... x .....                       x ... x ... x ... x .....
 |           |           :                       |           |           :
 |           |           :                       |           |           :
12    13    14    15     x                       1     5     6     5     x
 |           |           :                       |           |           :
 |           |           :                       |           |           :
 8 --- 9 ---10 ---11 --- x                       2 --- 6 ---10 --- 6 --- x
 |           |           :                       |           |           :
 |           |           :                       |           |           :
 4     5     6     7     x                       1     5     6     5     x
 |           |           :                       |           |           :
 |           |           :                       |           |           :
 0 --- 1 --- 2 --- 3 --- x                       0 --- 1 --- 2 --- 1 --- x
orbital number : 1
********************************************************************************************************************
Read input file "obs_params.in"
	Observable Type : Nq(All),   Sq(All),   N(All-Orbital),   Delta[s](All),   Delta[d](All),   Delta[s+](All)
** WARNING ** the input observables have non-local factors which have been reinterpreted. The total observable number is 96
********************************************************************************************************************


********************************************************************************************************************
Start calculating the non-Gaussian ED ground state
Maximal iteration number is 1000; energy resolution is 1e-06. Phonon state relaxation time is 2000
W = 0.2 is relatively large. The non-Gaussian ED calculation starts directly.
open output files: NGSED_iteration_observables.txt
********************************************************************************************************************
Start the 0 rounds of NGS-ED iteration
	effective electronic model is modified as: kinetic energy t = 1, t' = -0.3
	                                           effective interaction Vq = [0,0,0,0,0,0,0,0,0,0,0,0,0,0,0,0]
	first Hamiltonian is constructed, size = 4008592 and non-zero numbers = 969952276
	PARPACK diagonalization completed after 120 matrix-vector product operations.
	iteration results: : total energy is -14.904199 | electron energy -14.904199 + phonon energy 0.000000 | electron momentum kIdx = 10
	Nq(0) = 9,	Nq(1) = 0.183693,	Nq(2) = 0.250775,	Nq(3) = 0.183693,	Nq(4) = 0.183693,	Nq(5) = 0.258947,	
	Nq(6) = 0.308855,	Nq(7) = 0.258947,	Nq(8) = 0.250775,	Nq(9) = 0.308855,	Nq(10) = 0.355902,	
	Nq(11) = 0.308855,	Nq(12) = 0.183693,	Nq(13) = 0.258947,	Nq(14) = 0.308855,	Nq(15) = 0.258947;	
	Sq(0) = 3.45099e-18,	Sq(1) = 0.504384,	Sq(2) = 0.469115,	Sq(3) = 0.504384,	Sq(4) = 0.504384,	
	Sq(5) = 0.735911,	Sq(6) = 0.943053,	Sq(7) = 0.735911,	Sq(8) = 0.469115,	Sq(9) = 0.943053,	
	Sq(10) = 1.46495,	Sq(11) = 0.943053,	Sq(12) = 0.504384,	Sq(13) = 0.735911,	Sq(14) = 0.943053,	
	Sq(15) = 0.735911;	N(0) = 1.70338,	N(1) = 1.58882,	N(2) = 1.04187,	N(3) = 1.58882,	
	N(4) = 1.58882,	N(5) = 0.289608,	N(6) = 0.157281,	N(7) = 0.289608,	N(8) = 1.04187,	
	N(9) = 0.157281,	N(10) = 0.0700575,	N(11) = 0.157281,	N(12) = 1.58882,	N(13) = 0.289608,	
	N(14) = 0.157281,	N(15) = 0.289608;	Delta[s](0) = 0.0607735,	Delta[s](1) = 0.0415564,	Delta[s](2) = 0.032593,	
	Delta[s](3) = 0.0415564,	Delta[s](4) = 0.0415564,	Delta[s](5) = 0.022296,	Delta[s](6) = 0.0121707,	Delta[s](7) = 0.022296,	
	Delta[s](8) = 0.032593,	Delta[s](9) = 0.0121707,	Delta[s](10) = 0.00166522,	Delta[s](11) = 0.0121707,	Delta[s](12) = 0.0415564,	
	Delta[s](13) = 0.022296,	Delta[s](14) = 0.0121707,	Delta[s](15) = 0.022296;	Delta[d](0) = 0.274453,	Delta[d](1) = 0.220671,	
	Delta[d](2) = 0.262784,	Delta[d](3) = 0.220671,	Delta[d](4) = 0.220671,	Delta[d](5) = 0.147997,	Delta[d](6) = 0.197158,	
	Delta[d](7) = 0.147997,	Delta[d](8) = 0.262784,	Delta[d](9) = 0.197158,	Delta[d](10) = 0.331152,	Delta[d](11) = 0.197158,	
	Delta[d](12) = 0.220671,	Delta[d](13) = 0.147997,	Delta[d](14) = 0.197158,	Delta[d](15) = 0.147997;	Delta[s+](0) = 0.502249,	
	Delta[s+](1) = 0.350477,	Delta[s+](2) = 0.262784,	Delta[s+](3) = 0.350477,	Delta[s+](4) = 0.350477,	Delta[s+](5) = 0.158046,	
	Delta[s+](6) = 0.0707225,	Delta[s+](7) = 0.158046,	Delta[s+](8) = 0.262784,	Delta[s+](9) = 0.0707225,	Delta[s+](10) = 0.0227567,	
	Delta[s+](11) = 0.0707225,	Delta[s+](12) = 0.350477,	Delta[s+](13) = 0.158046,	Delta[s+](14) = 0.0707225,	Delta[s+](15) = 0.158046
	
The 0-th iteration is completed.	|| time cost : 0h 2m 1.728s
********************************************************************************************************************
Start the 1 rounds of NGS-ED iteration
	effective electronic model is modified as: kinetic energy t = 0.996008, t' = -0.298537
	                                           effective interaction Vq = [     -0.45,-0.0540892,-0.0379742,-0.0540892,-0.0540892,-0.0400198,-0.0324317,-0.0400198,-0.0379742,-0.0324317,-0.0286356,-0.0324317,-0.0540892,-0.0400198,-0.0324317,-0.0400198]
	PARPACK diagonalization completed after 45 matrix-vector product operations.
	iteration results: : total energy is -19.029403 | electron energy -19.031202 + phonon energy 0.001799 | electron momentum kIdx = 10
The 1-th iteration is completed.	|| time cost : 0h 1m 18.034s
********************************************************************************************************************
Start the 2 rounds of NGS-ED iteration
	effective electronic model is modified as: kinetic energy t = 0.996003, t' = -0.298534
	                                           effective interaction Vq = [     -0.45,-0.0542333,-0.0379478,-0.0542333,-0.0542333,-0.0400516,-0.0324201,-0.0400516,-0.0379478,-0.0324201,-0.0286195,-0.0324201,-0.0542333,-0.0400516,-0.0324201,-0.0400516]
	PARPACK diagonalization completed after 30 matrix-vector product operations.
	iteration results: : total energy is -19.029403 | electron energy -19.031213 + phonon energy 0.001810 | electron momentum kIdx = 10
The 2-th iteration is completed.	|| time cost : 0h 0m 9.551s
********************************************************************************************************************
Start the 3 rounds of NGS-ED iteration
	effective electronic model is modified as: kinetic energy t = 0.996003, t' = -0.298534
	                                           effective interaction Vq = [     -0.45,-0.0542342,-0.0379475,-0.0542342,-0.0542342,-0.0400517,  -0.03242,-0.0400517,-0.0379475,  -0.03242,-0.0286194,  -0.03242,-0.0542342,-0.0400517,  -0.03242,-0.0400517]
	PARPACK diagonalization completed after 30 matrix-vector product operations.
	iteration results: : total energy is -19.029403 | electron energy -19.031213 + phonon energy 0.001810 | electron momentum kIdx = 10
The 3-th iteration is completed.	|| time cost : 0h 0m 9.529s
********************************************************************************************************************
Start the 4 rounds of NGS-ED iteration
	effective electronic model is modified as: kinetic energy t = 0.996003, t' = -0.298534
	                                           effective interaction Vq = [     -0.45,-0.0542342,-0.0379475,-0.0542342,-0.0542342,-0.0400517,  -0.03242,-0.0400517,-0.0379475,  -0.03242,-0.0286194,  -0.03242,-0.0542342,-0.0400517,  -0.03242,-0.0400517]
	PARPACK diagonalization completed after 30 matrix-vector product operations.
	iteration results: : total energy is -19.029403 | electron energy -19.031213 + phonon energy 0.001810 | electron momentum kIdx = 10
	Nq(0) = 9,	Nq(1) = 0.18447,	Nq(2) = 0.250986,	Nq(3) = 0.18447,	Nq(4) = 0.18447,	Nq(5) = 0.259602,	
	Nq(6) = 0.309313,	Nq(7) = 0.259602,	Nq(8) = 0.250986,	Nq(9) = 0.309313,	Nq(10) = 0.356417,	
	Nq(11) = 0.309313,	Nq(12) = 0.18447,	Nq(13) = 0.259602,	Nq(14) = 0.309313,	Nq(15) = 0.259602;	
	Sq(0) = -5.33954e-18,	Sq(1) = 0.503849,	Sq(2) = 0.468395,	Sq(3) = 0.503849,	Sq(4) = 0.503849,	
	Sq(5) = 0.73494,	Sq(6) = 0.942441,	Sq(7) = 0.73494,	Sq(8) = 0.468395,	Sq(9) = 0.942441,	
	Sq(10) = 1.46636,	Sq(11) = 0.942441,	Sq(12) = 0.503849,	Sq(13) = 0.73494,	Sq(14) = 0.942441,	
	Sq(15) = 0.73494;	N(0) = 1.70554,	N(1) = 1.59151,	N(2) = 1.04133,	N(3) = 1.59151,	
	N(4) = 1.59151,	N(5) = 0.287528,	N(6) = 0.156428,	N(7) = 0.287528,	N(8) = 1.04133,	
	N(9) = 0.156428,	N(10) = 0.069922,	N(11) = 0.156428,	N(12) = 1.59151,	N(13) = 0.287528,	
	N(14) = 0.156428,	N(15) = 0.287528;	Delta[s](0) = 0.0613413,	Delta[s](1) = 0.041955,	Delta[s](2) = 0.0329316,	
	Delta[s](3) = 0.041955,	Delta[s](4) = 0.041955,	Delta[s](5) = 0.0225334,	Delta[s](6) = 0.0122855,	Delta[s](7) = 0.0225334,	
	Delta[s](8) = 0.0329316,	Delta[s](9) = 0.0122855,	Delta[s](10) = 0.00166471,	Delta[s](11) = 0.0122855,	Delta[s](12) = 0.041955,	
	Delta[s](13) = 0.0225334,	Delta[s](14) = 0.0122855,	Delta[s](15) = 0.0225334;	Delta[d](0) = 0.274484,	Delta[d](1) = 0.220837,	
	Delta[d](2) = 0.263069,	Delta[d](3) = 0.220837,	Delta[d](4) = 0.220837,	Delta[d](5) = 0.147882,	Delta[d](6) = 0.197073,	
	Delta[d](7) = 0.147882,	Delta[d](8) = 0.263069,	Delta[d](9) = 0.197073,	Delta[d](10) = 0.331985,	Delta[d](11) = 0.197073,	
	Delta[d](12) = 0.220837,	Delta[d](13) = 0.147882,	Delta[d](14) = 0.197073,	Delta[d](15) = 0.147882;	Delta[s+](0) = 0.503183,	
	Delta[s+](1) = 0.35104,	Delta[s+](2) = 0.263069,	Delta[s+](3) = 0.35104,	Delta[s+](4) = 0.35104,	Delta[s+](5) = 0.158116,	
	Delta[s+](6) = 0.070582,	Delta[s+](7) = 0.158116,	Delta[s+](8) = 0.263069,	Delta[s+](9) = 0.070582,	Delta[s+](10) = 0.0226806,	
	Delta[s+](11) = 0.070582,	Delta[s+](12) = 0.35104,	Delta[s+](13) = 0.158116,	Delta[s+](14) = 0.070582,	Delta[s+](15) = 0.158116
	
The 4-th iteration is completed.	|| time cost : 0h 1m 20.004s
********************************************************************************************************************
********************************************************************************************************************
Ground state is obtained after 5 iterations. The current ground-state energy is -19.0294, in which electron energy is -19.0312 and phonon energy is 0.0018103
Final variational state is: 
	Gamma_x = [      1,1.04959,1.04766,1.04959,1.04959,1.05206,1.05041,1.05206,1.04766,1.05041,1.05142,1.05041,1.04959,1.05206,1.05041,1.05206]
	lambda_q = [      1.5,0.0932914,0.0646385,0.0932914,0.0932914,0.0683081,0.0550432,0.0683081,0.0646385,0.0550432,0.0484825,0.0550432,0.0932914,0.0683081,0.0550432,0.0683081]
Effective e-e interactions mediated by phonons are:
	momentum-space Vq = [     -0.45,-0.0542342,-0.0379475,-0.0542342,-0.0542342,-0.0400517,  -0.03242,-0.0400517,-0.0379475,  -0.03242,-0.0286194,  -0.03242,-0.0542342,-0.0400517,  -0.03242,-0.0400517]
	real-space Vr = [-0.0663336,-0.0290631,-0.0246442,-0.0290631,-0.0290631,-0.0251703,-0.0236095,-0.0251703,-0.0246442,-0.0236095,-0.0230065,-0.0236095,-0.0290631,-0.0251703,-0.0236095,-0.0251703]
********************************************************************************************************************
o___o  ----------------------------------------
| L |	Time since last clock: 0h 0m 0.039s
A===A	Time since the beginning: 0h 4m 58.887s
***********************************************


Non-Gaussina ED ground state calculation is completed. The final ground-state energy is -19.0294
********************************************************************************************************************
o___o  ----------------------------------------
| L |	Time since last clock: 0h 0m 0.003s
A===A	Time since the beginning: 0h 4m 58.891s
***********************************************



********************************************************************************************************************
All non-Gaussian ED ground state calculations have been completed. Exit now.
