SNEDics v3.4 Non-Gaussian ED ground state program		Start at Tue Oct  1 15:29:35 2019

parallized on 16 MPI threads  * 8 OpenMP threads = 128 total threads.
********************************************************************************************************************
********************************************************************************************************************

********************************************************************************************************************
System parameters and configurations
********************************************************************************************************************
Special program options are enabled: splitted diagonal Hamiltonian
********************************************************************************************************************
Read input file "model_params.in"
	Hubbard-Holstein model parameters : 	t = 1    U = 9.01    g = 5    W = 5    
********************************************************************************************************************
Read input file "hilbertspace_params.in"
	Requested 16-site 2D lattice, with 16 electrons (8, 8)
	Boundary : Periodic		Hilbert space representation : momentum-space (restricted to kIdx = 0)
	Conservation: particle number[U(1)]      spin[U(1)]     momentum
********************************************************************************************************************

Cluster Positions:				Cluster symmetry group : D4
 x ... x ... x ... x .....                       x ... x ... x ... x .....
 |           |           :                       |           |           :
 |           |           :                       |           |           :
12    13    14    15     x                       1     5     6     5     x
 |           |           :                       |           |           :
 |           |           :                       |           |           :
 8 --- 9 ---10 ---11 --- x                       2 --- 6 ---10 --- 6 --- x
 |           |           :                       |           |           :
 |           |           :                       |           |           :
 4     5     6     7     x                       1     5     6     5     x
 |           |           :                       |           |           :
 |           |           :                       |           |           :
 0 --- 1 --- 2 --- 3 --- x                       0 --- 1 --- 2 --- 1 --- x
orbital number : 1
********************************************************************************************************************
Read input file "obs_params.in"
	Observable Type : Nq(All),   Sq(All),   N(All),   Delta[s](All),   Delta[d](All),   Delta[s+](All)
********************************************************************************************************************
** WARNING ** the input observables have non-local factors which have been reinterpreted. The total observable number is 96
********************************************************************************************************************


********************************************************************************************************************
Start calculating the non-Gaussian ED ground state
** WARNING ** Detected low phonon energy W < 10. The initial state will be prepared through a warm-up process.
********************************************************************************************************************
Start warm-up calculation for scaling factor 2
open output files: NGSEDWarmUpW10Obs.txt
********************************************************************************************************************
Start the 0 rounds of NGS-ED iteration
	effective electronic model is modified as: kinetic energy t = 1
	                                           effective interaction Vq = [-0,-0,-0,-0,-0,-0,-0,-0,-0,-0,-0,-0,-0,-0,-0,-0]
	first Hamiltonian is constructed, non-zero numbers = 2845383612
	PARPACK diagonalization completed after 120 matrix-vector product operations.
	iteration results: : total energy is -7.679097 | electron energy -7.679097 + phonon energy 0.000000 | electron momentum kIdx = 0
	Nq(0) = 16,	Nq(1) = 0.0507857,	Nq(2) = 0.0914818,	Nq(3) = 0.0507857,	Nq(4) = 0.0507857,	Nq(5) = 0.0914818,	Nq(6) = 0.128156,	Nq(7) = 0.0914818,	Nq(8) = 0.0914818,	Nq(9) = 0.128156,	Nq(10) = 0.162832,	Nq(11) = 0.128156,	Nq(12) = 0.0507857,	Nq(13) = 0.0914818,	Nq(14) = 0.128156,	Nq(15) = 0.0914818,	Sq(0) = 4.50512e-20,	Sq(1) = 0.407005,	Sq(2) = 0.644305,	Sq(3) = 0.407005,	Sq(4) = 0.407005,	Sq(5) = 0.644305,	Sq(6) = 0.965534,	Sq(7) = 0.644305,	Sq(8) = 0.644305,	Sq(9) = 0.965534,	Sq(10) = 5.21653,	Sq(11) = 0.965534,	Sq(12) = 0.407005,	Sq(13) = 0.644305,	Sq(14) = 0.965534,	Sq(15) = 0.644305,	N(0) = 1.73487,	N(1) = 1.51444,	N(2) = 1,	N(3) = 1.51444,	N(4) = 1.51444,	N(5) = 1,	N(6) = 0.485562,	N(7) = 1,	N(8) = 1,	N(9) = 0.485562,	N(10) = 0.265134,	N(11) = 0.485562,	N(12) = 1.51444,	N(13) = 1,	N(14) = 0.485562,	N(15) = 1,	Delta[s](0) = 0.0694651,	Delta[s](1) = 0.0577503,	Delta[s](2) = 0.0453659,	Delta[s](3) = 0.0577503,	Delta[s](4) = 0.0577503,	Delta[s](5) = 0.0453659,	Delta[s](6) = 0.0316363,	Delta[s](7) = 0.0453659,	Delta[s](8) = 0.0453659,	Delta[s](9) = 0.0316363,	Delta[s](10) = 0.014537,	Delta[s](11) = 0.0316363,	Delta[s](12) = 0.0577503,	Delta[s](13) = 0.0453659,	Delta[s](14) = 0.0316363,	Delta[s](15) = 0.0453659,	Delta[d](0) = 0.598756,	Delta[d](1) = 0.465884,	Delta[d](2) = 0.351117,	Delta[d](3) = 0.465884,	Delta[d](4) = 0.465884,	Delta[d](5) = 0.356774,	Delta[d](6) = 0.246083,	Delta[d](7) = 0.356774,	Delta[d](8) = 0.351117,	Delta[d](9) = 0.246083,	Delta[d](10) = 0.128846,	Delta[d](11) = 0.246083,	Delta[d](12) = 0.465884,	Delta[d](13) = 0.356774,	Delta[d](14) = 0.246083,	Delta[d](15) = 0.356774,	Delta[s+](0) = 0.618052,	Delta[s+](1) = 0.490085,	Delta[s+](2) = 0.351117,	Delta[s+](3) = 0.490085,	Delta[s+](4) = 0.490085,	Delta[s+](5) = 0.351117,	Delta[s+](6) = 0.213463,	Delta[s+](7) = 0.351117,	Delta[s+](8) = 0.351117,	Delta[s+](9) = 0.213463,	Delta[s+](10) = 0.0868663,	Delta[s+](11) = 0.213463,	Delta[s+](12) = 0.490085,	Delta[s+](13) = 0.351117,	Delta[s+](14) = 0.213463,	Delta[s+](15) = 0.351117
The 0-th iteration is completed.	|| time cost : 0h 8m 30.276s
********************************************************************************************************************
Start the 1 rounds of NGS-ED iteration
	effective electronic model is modified as: kinetic energy t = 0.906361
	                                           effective interaction Vq = [-4.32332,-3.55928,-3.48504,-3.55928,-3.55928,-3.48504,-3.43426,-3.48504,-3.48504,-3.43426,-3.39778,-3.43426,-3.55928,-3.48504,-3.43426,-3.48504]
	PARPACK diagonalization completed after 45 matrix-vector product operations.
	iteration results: : total energy is -84.865566 | electron energy -84.869785 + phonon energy 0.004219 | electron momentum kIdx = 0
The 1-th iteration is completed.	|| time cost : 0h 7m 24.553s
********************************************************************************************************************
Start the 2 rounds of NGS-ED iteration
	effective electronic model is modified as: kinetic energy t = 0.814383
	                                           effective interaction Vq = [-4.90842, -4.5629,-4.40607, -4.5629, -4.5629,-4.40607,-4.37871,-4.40607,-4.40607,-4.37871,-4.31038,-4.37871, -4.5629,-4.40607,-4.37871,-4.40607]
	PARPACK diagonalization completed after 60 matrix-vector product operations.
	iteration results: : total energy is -97.450941 | electron energy -97.519383 + phonon energy 0.068442 | electron momentum kIdx = 0
The 2-th iteration is completed.	|| time cost : 0h 0m 37.023s
********************************************************************************************************************
Start the 3 rounds of NGS-ED iteration
	effective electronic model is modified as: kinetic energy t = 0.768276
	                                           effective interaction Vq = [-4.98761,-4.83745,-4.66082,-4.83745,-4.83745,-4.66082, -4.6868,-4.66082,-4.66082, -4.6868,-4.58458, -4.6868,-4.83745,-4.66082, -4.6868,-4.66082]
	PARPACK diagonalization completed after 75 matrix-vector product operations.
	iteration results: : total energy is -99.832641 | electron energy -99.978269 + phonon energy 0.145628 | electron momentum kIdx = 0
The 3-th iteration is completed.	|| time cost : 0h 0m 41.334s
********************************************************************************************************************
Start the 4 rounds of NGS-ED iteration
	effective electronic model is modified as: kinetic energy t = 0.733483
	                                           effective interaction Vq = [-4.99832,-4.91253,-4.86125,-4.91253,-4.91253,-4.86125,-4.79172,-4.86125,-4.86125,-4.79172,-4.77087,-4.79172,-4.91253,-4.86125,-4.79172,-4.86125]
	PARPACK diagonalization completed after 60 matrix-vector product operations.
	iteration results: : total energy is -100.586934 | electron energy -100.784799 + phonon energy 0.197865 | electron momentum kIdx = 0
The 4-th iteration is completed.	|| time cost : 0h 0m 36.706s
********************************************************************************************************************
Start the 5 rounds of NGS-ED iteration
	effective electronic model is modified as: kinetic energy t = 0.720322
	                                           effective interaction Vq = [-4.99977,-4.93218,-4.91458,-4.93218,-4.93218,-4.91458,-4.82389,-4.91458,-4.91458,-4.82389,-4.83507,-4.82389,-4.93218,-4.91458,-4.82389,-4.91458]
	PARPACK diagonalization completed after 45 matrix-vector product operations.
	iteration results: : total energy is -100.697284 | electron energy -100.922464 + phonon energy 0.225180 | electron momentum kIdx = 0
The 5-th iteration is completed.	|| time cost : 0h 0m 32.081s
********************************************************************************************************************
Start the 6 rounds of NGS-ED iteration
	effective electronic model is modified as: kinetic energy t = 0.715394
	                                           effective interaction Vq = [-4.99997,-4.93818,-4.93085,-4.93818,-4.93818,-4.93085,-4.83496,-4.93085,-4.93085,-4.83496,-4.86024,-4.83496,-4.93818,-4.93085,-4.83496,-4.93085]
	PARPACK diagonalization completed after 45 matrix-vector product operations.
	iteration results: : total energy is -100.712784 | electron energy -100.949239 + phonon energy 0.236454 | electron momentum kIdx = 0
The 6-th iteration is completed.	|| time cost : 0h 0m 31.981s
********************************************************************************************************************
Start the 7 rounds of NGS-ED iteration
	effective electronic model is modified as: kinetic energy t = 0.71354
	                                           effective interaction Vq = [      -5,-4.94015, -4.9362,-4.94015,-4.94015, -4.9362,-4.83901, -4.9362, -4.9362,-4.83901,-4.87125,-4.83901,-4.94015, -4.9362,-4.83901, -4.9362]
	PARPACK diagonalization completed after 45 matrix-vector product operations.
	iteration results: : total energy is -100.714990 | electron energy -100.955884 + phonon energy 0.240894 | electron momentum kIdx = 0
The 7-th iteration is completed.	|| time cost : 0h 0m 32.011s
********************************************************************************************************************
Start the 8 rounds of NGS-ED iteration
	effective electronic model is modified as: kinetic energy t = 0.712829
	                                           effective interaction Vq = [      -5,-4.94082,-4.93797,-4.94082,-4.94082,-4.93797,-4.84053,-4.93797,-4.93797,-4.84053,-4.87658,-4.84053,-4.94082,-4.93797,-4.84053,-4.93797]
	PARPACK diagonalization completed after 45 matrix-vector product operations.
	iteration results: : total energy is -100.715332 | electron energy -100.957989 + phonon energy 0.242657 | electron momentum kIdx = 0
The 8-th iteration is completed.	|| time cost : 0h 0m 31.954s
********************************************************************************************************************
Start the 9 rounds of NGS-ED iteration
	effective electronic model is modified as: kinetic energy t = 0.712547
	                                           effective interaction Vq = [      -5,-4.94106,-4.93853,-4.94106,-4.94106,-4.93853,-4.84112,-4.93853,-4.93853,-4.84112,-4.87941,-4.84112,-4.94106,-4.93853,-4.84112,-4.93853]
	PARPACK diagonalization completed after 45 matrix-vector product operations.
	iteration results: : total energy is -100.715397 | electron energy -100.958781 + phonon energy 0.243384 | electron momentum kIdx = 0
The 9-th iteration is completed.	|| time cost : 0h 0m 31.967s
********************************************************************************************************************
Start the 10 rounds of NGS-ED iteration
	effective electronic model is modified as: kinetic energy t = 0.712429
	                                           effective interaction Vq = [      -5,-4.94114,-4.93868,-4.94114,-4.94114,-4.93868,-4.84136,-4.93868,-4.93868,-4.84136,-4.88104,-4.84136,-4.94114,-4.93868,-4.84136,-4.93868]
	PARPACK diagonalization completed after 30 matrix-vector product operations.
	iteration results: : total energy is -100.715413 | electron energy -100.959117 + phonon energy 0.243703 | electron momentum kIdx = 0
	Nq(0) = 16,	Nq(1) = 0.417204,	Nq(2) = 0.785674,	Nq(3) = 0.417204,	Nq(4) = 0.417204,	Nq(5) = 0.785674,	Nq(6) = 0.664096,	Nq(7) = 0.785674,	Nq(8) = 0.785674,	Nq(9) = 0.664096,	Nq(10) = 1.02225,	Nq(11) = 0.664096,	Nq(12) = 0.417204,	Nq(13) = 0.785674,	Nq(14) = 0.664096,	Nq(15) = 0.785674,	Sq(0) = 4.59304e-19,	Sq(1) = 0.302816,	Sq(2) = 0.344927,	Sq(3) = 0.302816,	Sq(4) = 0.302816,	Sq(5) = 0.344927,	Sq(6) = 0.522364,	Sq(7) = 0.344927,	Sq(8) = 0.344927,	Sq(9) = 0.522364,	Sq(10) = 0.568226,	Sq(11) = 0.522364,	Sq(12) = 0.302816,	Sq(13) = 0.344927,	Sq(14) = 0.522364,	Sq(15) = 0.344927,	N(0) = 1.99467,	N(1) = 1.98606,	N(2) = 1,	N(3) = 1.98606,	N(4) = 1.98606,	N(5) = 1,	N(6) = 0.0139421,	N(7) = 1,	N(8) = 1,	N(9) = 0.0139421,	N(10) = 0.00533171,	N(11) = 0.0139421,	N(12) = 1.98606,	N(13) = 1,	N(14) = 0.0139421,	N(15) = 1,	Delta[s](0) = 0.558434,	Delta[s](1) = 0.321997,	Delta[s](2) = 0.297275,	Delta[s](3) = 0.321997,	Delta[s](4) = 0.321997,	Delta[s](5) = 0.297275,	Delta[s](6) = 0.283309,	Delta[s](7) = 0.297275,	Delta[s](8) = 0.297275,	Delta[s](9) = 0.283309,	Delta[s](10) = 0.267443,	Delta[s](11) = 0.283309,	Delta[s](12) = 0.321997,	Delta[s](13) = 0.297275,	Delta[s](14) = 0.283309,	Delta[s](15) = 0.297275,	Delta[d](0) = 0.328757,	Delta[d](1) = 0.284878,	Delta[d](2) = 0.262312,	Delta[d](3) = 0.284878,	Delta[d](4) = 0.284878,	Delta[d](5) = 0.260873,	Delta[d](6) = 0.249706,	Delta[d](7) = 0.260873,	Delta[d](8) = 0.262312,	Delta[d](9) = 0.249706,	Delta[d](10) = 0.193378,	Delta[d](11) = 0.249706,	Delta[d](12) = 0.284878,	Delta[d](13) = 0.260873,	Delta[d](14) = 0.249706,	Delta[d](15) = 0.260873,	Delta[s+](0) = 0.443849,	Delta[s+](1) = 0.3698,	Delta[s+](2) = 0.262312,	Delta[s+](3) = 0.3698,	Delta[s+](4) = 0.3698,	Delta[s+](5) = 0.262312,	Delta[s+](6) = 0.14939,	Delta[s+](7) = 0.262312,	Delta[s+](8) = 0.262312,	Delta[s+](9) = 0.14939,	Delta[s+](10) = 0.0705082,	Delta[s+](11) = 0.14939,	Delta[s+](12) = 0.3698,	Delta[s+](13) = 0.262312,	Delta[s+](14) = 0.14939,	Delta[s+](15) = 0.262312
The 10-th iteration is completed.	|| time cost : 0h 4m 36.783s
********************************************************************************************************************
********************************************************************************************************************
Ground state is obtained after 11 iterations. The current ground-state energy is -100.715, in which electron energy is -100.959 and phonon energy is 0.243703
final variational state is: 
	Gamma_x = [      1,1.04115,1.08034,1.04115,1.04115,1.08034,1.10189,1.08034,1.08034,1.10189,1.14134,1.10189,1.04115,1.08034,1.10189,1.08034]
	lambda_q = [0.707095,0.630411,0.628813,0.630411,0.630411,0.628813,0.581192,0.628813,0.628813,0.581192,0.598493,0.581192,0.630411,0.628813,0.581192,0.628813]
********************************************************************************************************************
o___o  ----------------------------------------
| L |	Time since last clock: 0h 0m 0s
A===A	Time since the beginning: 0h 25m 6.675s
***********************************************


********************************************************************************************************************
Warm up runs have been completed. Start calculating W = 5 phonon.
open output files: NGSEDIterationObs.txt
********************************************************************************************************************
Start the 0 rounds of NGS-ED iteration
	effective electronic model is modified as: kinetic energy t = 0.712375
	                                           effective interaction Vq = [-4.57103,-4.31702, -4.3111,-4.31702,-4.31702, -4.3111,  -4.123, -4.3111, -4.3111,  -4.123,-4.19396,  -4.123,-4.31702, -4.3111,  -4.123, -4.3111]
	PARPACK diagonalization completed after 75 matrix-vector product operations.
	iteration results: : total energy is -88.355983 | electron energy -88.477911 + phonon energy 0.121928 | electron momentum kIdx = 0
	Nq(0) = 16,	Nq(1) = 0.328766,	Nq(2) = 0.362225,	Nq(3) = 0.328766,	Nq(4) = 0.328766,	Nq(5) = 0.362225,	Nq(6) = 0.525719,	Nq(7) = 0.362225,	Nq(8) = 0.362225,	Nq(9) = 0.525719,	Nq(10) = 0.578882,	Nq(11) = 0.525719,	Nq(12) = 0.328766,	Nq(13) = 0.362225,	Nq(14) = 0.525719,	Nq(15) = 0.362225,	Sq(0) = -1.02847e-17,	Sq(1) = 0.395266,	Sq(2) = 0.569289,	Sq(3) = 0.395266,	Sq(4) = 0.395266,	Sq(5) = 0.569289,	Sq(6) = 0.664823,	Sq(7) = 0.569289,	Sq(8) = 0.569289,	Sq(9) = 0.664823,	Sq(10) = 2.17374,	Sq(11) = 0.664823,	Sq(12) = 0.395266,	Sq(13) = 0.569289,	Sq(14) = 0.664823,	Sq(15) = 0.569289,	N(0) = 1.99696,	N(1) = 1.99243,	N(2) = 1,	N(3) = 1.99243,	N(4) = 1.99243,	N(5) = 1,	N(6) = 0.00757368,	N(7) = 1,	N(8) = 1,	N(9) = 0.00757368,	N(10) = 0.00304279,	N(11) = 0.00757368,	N(12) = 1.99243,	N(13) = 1,	N(14) = 0.00757368,	N(15) = 1,	Delta[s](0) = 0.217818,	Delta[s](1) = 0.211423,	Delta[s](2) = 0.18964,	Delta[s](3) = 0.211423,	Delta[s](4) = 0.211423,	Delta[s](5) = 0.18964,	Delta[s](6) = 0.183826,	Delta[s](7) = 0.18964,	Delta[s](8) = 0.18964,	Delta[s](9) = 0.183826,	Delta[s](10) = 0.148435,	Delta[s](11) = 0.183826,	Delta[s](12) = 0.211423,	Delta[s](13) = 0.18964,	Delta[s](14) = 0.183826,	Delta[s](15) = 0.18964,	Delta[d](0) = 0.533405,	Delta[d](1) = 0.358818,	Delta[d](2) = 0.310521,	Delta[d](3) = 0.358818,	Delta[d](4) = 0.358818,	Delta[d](5) = 0.348186,	Delta[d](6) = 0.273749,	Delta[d](7) = 0.348186,	Delta[d](8) = 0.310521,	Delta[d](9) = 0.273749,	Delta[d](10) = 0.167286,	Delta[d](11) = 0.273749,	Delta[d](12) = 0.358818,	Delta[d](13) = 0.348186,	Delta[d](14) = 0.273749,	Delta[d](15) = 0.348186,	Delta[s+](0) = 0.536841,	Delta[s+](1) = 0.44339,	Delta[s+](2) = 0.310521,	Delta[s+](3) = 0.44339,	Delta[s+](4) = 0.44339,	Delta[s+](5) = 0.310521,	Delta[s+](6) = 0.178425,	Delta[s+](7) = 0.310521,	Delta[s+](8) = 0.310521,	Delta[s+](9) = 0.178425,	Delta[s+](10) = 0.0763057,	Delta[s+](11) = 0.178425,	Delta[s+](12) = 0.44339,	Delta[s+](13) = 0.310521,	Delta[s+](14) = 0.178425,	Delta[s+](15) = 0.310521
The 0-th iteration is completed.	|| time cost : 0h 4m 37.419s
********************************************************************************************************************
Start the 1 rounds of NGS-ED iteration
	effective electronic model is modified as: kinetic energy t = 0.699565
	                                           effective interaction Vq = [-4.84219,-4.54742,-4.37075,-4.54742,-4.54742,-4.37075,-4.29839,-4.37075,-4.37075,-4.29839,-4.25493,-4.29839,-4.54742,-4.37075,-4.29839,-4.37075]
	PARPACK diagonalization completed after 60 matrix-vector product operations.
	iteration results: : total energy is -93.051270 | electron energy -93.385043 + phonon energy 0.333773 | electron momentum kIdx = 0
The 1-th iteration is completed.	|| time cost : 0h 0m 36.688s
********************************************************************************************************************
Start the 2 rounds of NGS-ED iteration
	effective electronic model is modified as: kinetic energy t = 0.683976
	                                           effective interaction Vq = [-4.94195,-4.68387,-4.42202,-4.68387,-4.68387,-4.42202,-4.42936,-4.42202,-4.42202,-4.42936, -4.3191,-4.42936,-4.68387,-4.42202,-4.42936,-4.42202]
	PARPACK diagonalization completed after 60 matrix-vector product operations.
	iteration results: : total energy is -94.824757 | electron energy -95.285012 + phonon energy 0.460255 | electron momentum kIdx = 0
The 2-th iteration is completed.	|| time cost : 0h 0m 36.671s
********************************************************************************************************************
Start the 3 rounds of NGS-ED iteration
	effective electronic model is modified as: kinetic energy t = 0.670819
	                                           effective interaction Vq = [-4.97864,-4.76658,-4.45919,-4.76658,-4.76658,-4.45919,-4.52154,-4.45919,-4.45919,-4.52154,-4.36648,-4.52154,-4.76658,-4.45919,-4.52154,-4.45919]
	PARPACK diagonalization completed after 60 matrix-vector product operations.
	iteration results: : total energy is -95.508267 | electron energy -96.042097 + phonon energy 0.533830 | electron momentum kIdx = 0
The 3-th iteration is completed.	|| time cost : 0h 0m 37.137s
********************************************************************************************************************
Start the 4 rounds of NGS-ED iteration
	effective electronic model is modified as: kinetic energy t = 0.660716
	                                           effective interaction Vq = [-4.99214,-4.81777,-4.48548,-4.81777,-4.81777,-4.48548,-4.58532,-4.48548,-4.48548,-4.58532,-4.39839,-4.58532,-4.81777,-4.48548,-4.58532,-4.48548]
	PARPACK diagonalization completed after 60 matrix-vector product operations.
	iteration results: : total energy is -95.776251 | electron energy -96.355535 + phonon energy 0.579284 | electron momentum kIdx = 0
The 4-th iteration is completed.	|| time cost : 0h 0m 36.716s
********************************************************************************************************************
Start the 5 rounds of NGS-ED iteration
	effective electronic model is modified as: kinetic energy t = 0.653019
	                                           effective interaction Vq = [-4.99711, -4.8503,-4.50681, -4.8503, -4.8503,-4.50681,-4.62891,-4.50681,-4.50681,-4.62891, -4.4196,-4.62891, -4.8503,-4.50681,-4.62891,-4.50681]
	PARPACK diagonalization completed after 75 matrix-vector product operations.
	iteration results: : total energy is -95.884158 | electron energy -96.492999 + phonon energy 0.608840 | electron momentum kIdx = 0
The 5-th iteration is completed.	|| time cost : 0h 0m 41.764s
********************************************************************************************************************
Start the 6 rounds of NGS-ED iteration
	effective electronic model is modified as: kinetic energy t = 0.645571
	                                           effective interaction Vq = [-4.99894, -4.8722,-4.54364, -4.8722, -4.8722,-4.54364,-4.65654,-4.54364,-4.54364,-4.65654,-4.43607,-4.65654, -4.8722,-4.54364,-4.65654,-4.54364]
	PARPACK diagonalization completed after 75 matrix-vector product operations.
	iteration results: : total energy is -95.969132 | electron energy -96.598867 + phonon energy 0.629734 | electron momentum kIdx = 0
The 6-th iteration is completed.	|| time cost : 0h 0m 41.473s
********************************************************************************************************************
Start the 7 rounds of NGS-ED iteration
	effective electronic model is modified as: kinetic energy t = 0.624077
	                                           effective interaction Vq = [-4.99961,-4.88299,-4.69812,-4.88299,-4.88299,-4.69812,-4.67849,-4.69812,-4.69812,-4.67849,-4.55376,-4.67849,-4.88299,-4.69812,-4.67849,-4.69812]
	PARPACK diagonalization completed after 60 matrix-vector product operations.
	iteration results: : total energy is -96.259009 | electron energy -96.920089 + phonon energy 0.661080 | electron momentum kIdx = 0
The 7-th iteration is completed.	|| time cost : 0h 0m 36.687s
********************************************************************************************************************
Start the 8 rounds of NGS-ED iteration
	effective electronic model is modified as: kinetic energy t = 0.611406
	                                           effective interaction Vq = [-4.99986,-4.88484,-4.78125,-4.88484,-4.88484,-4.78125,-4.68751,-4.78125,-4.78125,-4.68751,-4.62765,-4.68751,-4.88484,-4.78125,-4.68751,-4.78125]
	PARPACK diagonalization completed after 60 matrix-vector product operations.
	iteration results: : total energy is -96.386423 | electron energy -97.083839 + phonon energy 0.697416 | electron momentum kIdx = 0
The 8-th iteration is completed.	|| time cost : 0h 0m 36.688s
********************************************************************************************************************
Start the 9 rounds of NGS-ED iteration
	effective electronic model is modified as: kinetic energy t = 0.603872
	                                           effective interaction Vq = [-4.99995,-4.88378,-4.82697,-4.88378,-4.88378,-4.82697,-4.68988,-4.82697,-4.82697,-4.68988, -4.6758,-4.68988,-4.88378,-4.82697,-4.68988,-4.82697]
	PARPACK diagonalization completed after 45 matrix-vector product operations.
	iteration results: : total energy is -96.439992 | electron energy -97.164901 + phonon energy 0.724909 | electron momentum kIdx = 0
The 9-th iteration is completed.	|| time cost : 0h 0m 32.005s
********************************************************************************************************************
Start the 10 rounds of NGS-ED iteration
	effective electronic model is modified as: kinetic energy t = 0.599366
	                                           effective interaction Vq = [-4.99998,-4.88183,-4.85282,-4.88183,-4.88183,-4.85282,-4.68932,-4.85282,-4.85282,-4.68932,-4.70788,-4.68932,-4.88183,-4.85282,-4.68932,-4.85282]
	PARPACK diagonalization completed after 45 matrix-vector product operations.
	iteration results: : total energy is -96.461963 | electron energy -97.205200 + phonon energy 0.743237 | electron momentum kIdx = 0
	Nq(0) = 16,	Nq(1) = 0.427276,	Nq(2) = 0.799906,	Nq(3) = 0.427276,	Nq(4) = 0.427276,	Nq(5) = 0.799906,	Nq(6) = 0.629428,	Nq(7) = 0.799906,	Nq(8) = 0.799906,	Nq(9) = 0.629428,	Nq(10) = 0.902884,	Nq(11) = 0.629428,	Nq(12) = 0.427276,	Nq(13) = 0.799906,	Nq(14) = 0.629428,	Nq(15) = 0.799906,	Sq(0) = 6.67435e-18,	Sq(1) = 0.312634,	Sq(2) = 0.351141,	Sq(3) = 0.312634,	Sq(4) = 0.312634,	Sq(5) = 0.351141,	Sq(6) = 0.534068,	Sq(7) = 0.351141,	Sq(8) = 0.351141,	Sq(9) = 0.534068,	Sq(10) = 0.57721,	Sq(11) = 0.534068,	Sq(12) = 0.312634,	Sq(13) = 0.351141,	Sq(14) = 0.534068,	Sq(15) = 0.351141,	N(0) = 1.99589,	N(1) = 1.98747,	N(2) = 1,	N(3) = 1.98747,	N(4) = 1.98747,	N(5) = 1,	N(6) = 0.0125326,	N(7) = 1,	N(8) = 1,	N(9) = 0.0125326,	N(10) = 0.00410971,	N(11) = 0.0125326,	N(12) = 1.98747,	N(13) = 1,	N(14) = 0.0125326,	N(15) = 1,	Delta[s](0) = 0.415628,	Delta[s](1) = 0.315354,	Delta[s](2) = 0.302813,	Delta[s](3) = 0.315354,	Delta[s](4) = 0.315354,	Delta[s](5) = 0.302813,	Delta[s](6) = 0.295084,	Delta[s](7) = 0.302813,	Delta[s](8) = 0.302813,	Delta[s](9) = 0.295084,	Delta[s](10) = 0.290309,	Delta[s](11) = 0.295084,	Delta[s](12) = 0.315354,	Delta[s](13) = 0.302813,	Delta[s](14) = 0.295084,	Delta[s](15) = 0.302813,	Delta[d](0) = 0.367559,	Delta[d](1) = 0.330802,	Delta[d](2) = 0.30949,	Delta[d](3) = 0.330802,	Delta[d](4) = 0.330802,	Delta[d](5) = 0.310194,	Delta[d](6) = 0.298007,	Delta[d](7) = 0.310194,	Delta[d](8) = 0.30949,	Delta[d](9) = 0.298007,	Delta[d](10) = 0.252856,	Delta[d](11) = 0.298007,	Delta[d](12) = 0.330802,	Delta[d](13) = 0.310194,	Delta[d](14) = 0.298007,	Delta[d](15) = 0.310194,	Delta[s+](0) = 0.492825,	Delta[s+](1) = 0.414846,	Delta[s+](2) = 0.30949,	Delta[s+](3) = 0.414846,	Delta[s+](4) = 0.414846,	Delta[s+](5) = 0.30949,	Delta[s+](6) = 0.199461,	Delta[s+](7) = 0.30949,	Delta[s+](8) = 0.30949,	Delta[s+](9) = 0.199461,	Delta[s+](10) = 0.116564,	Delta[s+](11) = 0.199461,	Delta[s+](12) = 0.414846,	Delta[s+](13) = 0.30949,	Delta[s+](14) = 0.199461,	Delta[s+](15) = 0.30949
The 10-th iteration is completed.	|| time cost : 0h 4m 30.592s
********************************************************************************************************************
Start the 11 rounds of NGS-ED iteration
	effective electronic model is modified as: kinetic energy t = 0.59668
	                                           effective interaction Vq = [-4.99999,-4.87983,-4.86776,-4.87983,-4.87983,-4.86776,-4.68762,-4.86776,-4.86776,-4.68762,-4.72955,-4.68762,-4.87983,-4.86776,-4.68762,-4.86776]
	PARPACK diagonalization completed after 45 matrix-vector product operations.
	iteration results: : total energy is -96.470866 | electron energy -97.225698 + phonon energy 0.754832 | electron momentum kIdx = 0
The 11-th iteration is completed.	|| time cost : 0h 0m 32.101s
********************************************************************************************************************
Start the 12 rounds of NGS-ED iteration
	effective electronic model is modified as: kinetic energy t = 0.595088
	                                           effective interaction Vq = [      -5,-4.87809,-4.87654,-4.87809,-4.87809,-4.87654,-4.68565,-4.87654,-4.87654,-4.68565,-4.74433,-4.68565,-4.87809,-4.87654,-4.68565,-4.87654]
	PARPACK diagonalization completed after 45 matrix-vector product operations.
	iteration results: : total energy is -96.474475 | electron energy -97.236472 + phonon energy 0.761997 | electron momentum kIdx = 0
The 12-th iteration is completed.	|| time cost : 0h 0m 32.014s
********************************************************************************************************************
Start the 13 rounds of NGS-ED iteration
	effective electronic model is modified as: kinetic energy t = 0.594151
	                                           effective interaction Vq = [      -5,-4.87669,-4.88176,-4.87669,-4.87669,-4.88176,-4.68381,-4.88176,-4.88176,-4.68381,-4.75449,-4.68381,-4.87669,-4.88176,-4.68381,-4.88176]
	PARPACK diagonalization completed after 45 matrix-vector product operations.
	iteration results: : total energy is -96.475952 | electron energy -97.242331 + phonon energy 0.766379 | electron momentum kIdx = 0
The 13-th iteration is completed.	|| time cost : 0h 0m 31.981s
********************************************************************************************************************
Start the 14 rounds of NGS-ED iteration
	effective electronic model is modified as: kinetic energy t = 0.593606
	                                           effective interaction Vq = [      -5,-4.87561,-4.88489,-4.87561,-4.87561,-4.88489,-4.68223,-4.88489,-4.88489,-4.68223,-4.76152,-4.68223,-4.87561,-4.88489,-4.68223,-4.88489]
	PARPACK diagonalization completed after 45 matrix-vector product operations.
	iteration results: : total energy is -96.476568 | electron energy -97.245613 + phonon energy 0.769046 | electron momentum kIdx = 0
The 14-th iteration is completed.	|| time cost : 0h 0m 32.061s
********************************************************************************************************************
Start the 15 rounds of NGS-ED iteration
	effective electronic model is modified as: kinetic energy t = 0.59329
	                                           effective interaction Vq = [      -5,-4.87479,-4.88678,-4.87479,-4.87479,-4.88678,-4.68094,-4.88678,-4.88678,-4.68094,-4.76641,-4.68094,-4.87479,-4.88678,-4.68094,-4.88678]
	PARPACK diagonalization completed after 45 matrix-vector product operations.
	iteration results: : total energy is -96.476829 | electron energy -97.247497 + phonon energy 0.770667 | electron momentum kIdx = 0
The 15-th iteration is completed.	|| time cost : 0h 0m 32.07s
********************************************************************************************************************
Start the 16 rounds of NGS-ED iteration
	effective electronic model is modified as: kinetic energy t = 0.59311
	                                           effective interaction Vq = [      -5, -4.8742,-4.88792, -4.8742, -4.8742,-4.88792,-4.67993,-4.88792,-4.88792,-4.67993,-4.76982,-4.67993, -4.8742,-4.88792,-4.67993,-4.88792]
	PARPACK diagonalization completed after 45 matrix-vector product operations.
	iteration results: : total energy is -96.476944 | electron energy -97.248597 + phonon energy 0.771653 | electron momentum kIdx = 0
The 16-th iteration is completed.	|| time cost : 0h 0m 31.947s
********************************************************************************************************************
Start the 17 rounds of NGS-ED iteration
	effective electronic model is modified as: kinetic energy t = 0.593008
	                                           effective interaction Vq = [      -5,-4.87376,-4.88861,-4.87376,-4.87376,-4.88861,-4.67915,-4.88861,-4.88861,-4.67915,-4.77222,-4.67915,-4.87376,-4.88861,-4.67915,-4.88861]
	PARPACK diagonalization completed after 30 matrix-vector product operations.
	iteration results: : total energy is -96.476995 | electron energy -97.249248 + phonon energy 0.772253 | electron momentum kIdx = 0
The 17-th iteration is completed.	|| time cost : 0h 0m 27.327s
********************************************************************************************************************
Start the 18 rounds of NGS-ED iteration
	effective electronic model is modified as: kinetic energy t = 0.592951
	                                           effective interaction Vq = [      -5,-4.87345,-4.88904,-4.87345,-4.87345,-4.88904,-4.67857,-4.88904,-4.88904,-4.67857, -4.7739,-4.67857,-4.87345,-4.88904,-4.67857,-4.88904]
	PARPACK diagonalization completed after 30 matrix-vector product operations.
	iteration results: : total energy is -96.477018 | electron energy -97.249637 + phonon energy 0.772619 | electron momentum kIdx = 0
The 18-th iteration is completed.	|| time cost : 0h 0m 27.331s
********************************************************************************************************************
Start the 19 rounds of NGS-ED iteration
	effective electronic model is modified as: kinetic energy t = 0.592921
	                                           effective interaction Vq = [      -5,-4.87323, -4.8893,-4.87323,-4.87323, -4.8893,-4.67813, -4.8893, -4.8893,-4.67813,-4.77509,-4.67813,-4.87323, -4.8893,-4.67813, -4.8893]
	PARPACK diagonalization completed after 30 matrix-vector product operations.
	iteration results: : total energy is -96.477029 | electron energy -97.249871 + phonon energy 0.772842 | electron momentum kIdx = 0
The 19-th iteration is completed.	|| time cost : 0h 0m 27.328s
********************************************************************************************************************
Start the 20 rounds of NGS-ED iteration
	effective electronic model is modified as: kinetic energy t = 0.592905
	                                           effective interaction Vq = [      -5,-4.87307,-4.88945,-4.87307,-4.87307,-4.88945, -4.6778,-4.88945,-4.88945, -4.6778,-4.77593, -4.6778,-4.87307,-4.88945, -4.6778,-4.88945]
	PARPACK diagonalization completed after 30 matrix-vector product operations.
	iteration results: : total energy is -96.477034 | electron energy -97.250013 + phonon energy 0.772979 | electron momentum kIdx = 0
	Nq(0) = 16,	Nq(1) = 0.414604,	Nq(2) = 0.81999,	Nq(3) = 0.414604,	Nq(4) = 0.414604,	Nq(5) = 0.81999,	Nq(6) = 0.614655,	Nq(7) = 0.81999,	Nq(8) = 0.81999,	Nq(9) = 0.614655,	Nq(10) = 0.95921,	Nq(11) = 0.614655,	Nq(12) = 0.414604,	Nq(13) = 0.81999,	Nq(14) = 0.614655,	Nq(15) = 0.81999,	Sq(0) = -2.25383e-17,	Sq(1) = 0.308088,	Sq(2) = 0.348244,	Sq(3) = 0.308088,	Sq(4) = 0.308088,	Sq(5) = 0.348244,	Sq(6) = 0.527769,	Sq(7) = 0.348244,	Sq(8) = 0.348244,	Sq(9) = 0.527769,	Sq(10) = 0.570921,	Sq(11) = 0.527769,	Sq(12) = 0.308088,	Sq(13) = 0.348244,	Sq(14) = 0.527769,	Sq(15) = 0.348244,	N(0) = 1.99473,	N(1) = 1.9851,	N(2) = 1,	N(3) = 1.9851,	N(4) = 1.9851,	N(5) = 1,	N(6) = 0.0148996,	N(7) = 1,	N(8) = 1,	N(9) = 0.0148996,	N(10) = 0.00526854,	N(11) = 0.0148996,	N(12) = 1.9851,	N(13) = 1,	N(14) = 0.0148996,	N(15) = 1,	Delta[s](0) = 0.414891,	Delta[s](1) = 0.317438,	Delta[s](2) = 0.305069,	Delta[s](3) = 0.317438,	Delta[s](4) = 0.317438,	Delta[s](5) = 0.305069,	Delta[s](6) = 0.2976,	Delta[s](7) = 0.305069,	Delta[s](8) = 0.305069,	Delta[s](9) = 0.2976,	Delta[s](10) = 0.292635,	Delta[s](11) = 0.2976,	Delta[s](12) = 0.317438,	Delta[s](13) = 0.305069,	Delta[s](14) = 0.2976,	Delta[s](15) = 0.305069,	Delta[d](0) = 0.364091,	Delta[d](1) = 0.32787,	Delta[d](2) = 0.306531,	Delta[d](3) = 0.32787,	Delta[d](4) = 0.32787,	Delta[d](5) = 0.30779,	Delta[d](6) = 0.295617,	Delta[d](7) = 0.30779,	Delta[d](8) = 0.306531,	Delta[d](9) = 0.295617,	Delta[d](10) = 0.251687,	Delta[d](11) = 0.295617,	Delta[d](12) = 0.32787,	Delta[d](13) = 0.30779,	Delta[d](14) = 0.295617,	Delta[d](15) = 0.30779,	Delta[s+](0) = 0.485941,	Delta[s+](1) = 0.409354,	Delta[s+](2) = 0.306531,	Delta[s+](3) = 0.409354,	Delta[s+](4) = 0.409354,	Delta[s+](5) = 0.306531,	Delta[s+](6) = 0.197926,	Delta[s+](7) = 0.306531,	Delta[s+](8) = 0.306531,	Delta[s+](9) = 0.197926,	Delta[s+](10) = 0.116292,	Delta[s+](11) = 0.197926,	Delta[s+](12) = 0.409354,	Delta[s+](13) = 0.306531,	Delta[s+](14) = 0.197926,	Delta[s+](15) = 0.306531
The 20-th iteration is completed.	|| time cost : 0h 4m 27.086s
********************************************************************************************************************
Start the 21 rounds of NGS-ED iteration
	effective electronic model is modified as: kinetic energy t = 0.592897
	                                           effective interaction Vq = [      -5,-4.87296,-4.88955,-4.87296,-4.87296,-4.88955,-4.67756,-4.88955,-4.88955,-4.67756,-4.77652,-4.67756,-4.87296,-4.88955,-4.67756,-4.88955]
	PARPACK diagonalization completed after 30 matrix-vector product operations.
	iteration results: : total energy is -96.477037 | electron energy -97.250100 + phonon energy 0.773063 | electron momentum kIdx = 0
The 21-th iteration is completed.	|| time cost : 0h 0m 27.31s
********************************************************************************************************************
Start the 22 rounds of NGS-ED iteration
	effective electronic model is modified as: kinetic energy t = 0.592893
	                                           effective interaction Vq = [      -5,-4.87288,-4.88961,-4.87288,-4.87288,-4.88961,-4.67739,-4.88961,-4.88961,-4.67739,-4.77694,-4.67739,-4.87288,-4.88961,-4.67739,-4.88961]
	PARPACK diagonalization completed after 30 matrix-vector product operations.
	iteration results: : total energy is -96.477038 | electron energy -97.250153 + phonon energy 0.773116 | electron momentum kIdx = 0
The 22-th iteration is completed.	|| time cost : 0h 0m 27.607s
********************************************************************************************************************
Start the 23 rounds of NGS-ED iteration
	effective electronic model is modified as: kinetic energy t = 0.592891
	                                           effective interaction Vq = [      -5,-4.87283,-4.88965,-4.87283,-4.87283,-4.88965,-4.67726,-4.88965,-4.88965,-4.67726,-4.77724,-4.67726,-4.87283,-4.88965,-4.67726,-4.88965]
	PARPACK diagonalization completed after 30 matrix-vector product operations.
	iteration results: : total energy is -96.477039 | electron energy -97.250186 + phonon energy 0.773148 | electron momentum kIdx = 0
The 23-th iteration is completed.	|| time cost : 0h 0m 27.407s
