SNEDics v3.4 Non-Gaussian ED ground state program		Start at Wed Sep 25 00:40:43 2019

parallized on 16 MPI threads  * 8 OpenMP threads = 128 total threads.
********************************************************************************************************************
********************************************************************************************************************

********************************************************************************************************************
System parameters and configurations
********************************************************************************************************************
Special program options are enabled: splitted diagonal Hamiltonian
********************************************************************************************************************
Read input file "model_params.in"
	Hubbard-Holstein model parameters : 	t = 1    U = 3    g = 3.1623    W = 5    
********************************************************************************************************************
Read input file "hilbertspace_params.in"
	Requested 16-site 2D lattice, with 14 electrons (7, 7)
	Boundary : Periodic		Hilbert space representation : momentum-space (restricted to kIdx = 0)
	Conservation: particle number[U(1)]      spin[U(1)]     momentum
********************************************************************************************************************

Cluster Positions:				Cluster symmetry group : D4
 x ... x ... x ... x .....                       x ... x ... x ... x .....
 |           |           :                       |           |           :
 |           |           :                       |           |           :
12    13    14    15     x                       1     5     6     5     x
 |           |           :                       |           |           :
 |           |           :                       |           |           :
 8 --- 9 ---10 ---11 --- x                       2 --- 6 ---10 --- 6 --- x
 |           |           :                       |           |           :
 |           |           :                       |           |           :
 4     5     6     7     x                       1     5     6     5     x
 |           |           :                       |           |           :
 |           |           :                       |           |           :
 0 --- 1 --- 2 --- 3 --- x                       0 --- 1 --- 2 --- 1 --- x
orbital number : 1
********************************************************************************************************************
Read input file "obs_params.in"
	Observable Type : Nq(All),   Sq(All),   N(All),   Delta[s](All),   Delta[d](All),   Delta[s+](All)
********************************************************************************************************************
** WARNING ** the input observables have non-local factors which have been reinterpreted. The total observable number is 96
********************************************************************************************************************


********************************************************************************************************************
Start calculating the non-Gaussian ED ground state
** WARNING ** Detected low phonon energy W < 10. The initial state will be prepared through a warm-up process.
********************************************************************************************************************
Start warm-up calculation for scaling factor 2
open output files: NGSEDWarmUpW10Obs.txt
********************************************************************************************************************
Start the 0 rounds of NGS-ED iteration
	effective electronic model is modified as: kinetic energy t = 1
	                                           effective interaction Vq = [-0,-0,-0,-0,-0,-0,-0,-0,-0,-0,-0,-0,-0,-0,-0,-0]
	first Hamiltonian is constructed, non-zero numbers = 2178478298
	PARPACK diagonalization completed after 165 matrix-vector product operations.
	iteration results: : total energy is -17.300015 | electron energy -17.300015 + phonon energy 0.000000 | electron momentum kIdx = 0
	Nq(0) = 12.25,	Nq(1) = 0.244297,	Nq(2) = 0.301056,	Nq(3) = 0.244297,	Nq(4) = 0.244297,	Nq(5) = 0.357928,	Nq(6) = 0.419629,	Nq(7) = 0.357928,	Nq(8) = 0.301056,	Nq(9) = 0.419629,	Nq(10) = 0.474701,	Nq(11) = 0.419629,	Nq(12) = 0.244297,	Nq(13) = 0.357928,	Nq(14) = 0.419629,	Nq(15) = 0.357928,	Sq(0) = -1.15538e-19,	Sq(1) = 0.448169,	Sq(2) = 0.653342,	Sq(3) = 0.448169,	Sq(4) = 0.448169,	Sq(5) = 0.576105,	Sq(6) = 0.8004,	Sq(7) = 0.576105,	Sq(8) = 0.653342,	Sq(9) = 0.8004,	Sq(10) = 1.98039,	Sq(11) = 0.8004,	Sq(12) = 0.448169,	Sq(13) = 0.576105,	Sq(14) = 0.8004,	Sq(15) = 0.576105,	N(0) = 1.95132,	N(1) = 1.9072,	N(2) = 0.0690276,	N(3) = 1.9072,	N(4) = 1.9072,	N(5) = 0.997835,	N(6) = 0.0650455,	N(7) = 0.997835,	N(8) = 0.0690276,	N(9) = 0.0650455,	N(10) = 0.0302922,	N(11) = 0.0650455,	N(12) = 1.9072,	N(13) = 0.997835,	N(14) = 0.0650455,	N(15) = 0.997835,	Delta[s](0) = 0.179969,	Delta[s](1) = 0.141987,	Delta[s](2) = 0.0938693,	Delta[s](3) = 0.141987,	Delta[s](4) = 0.141987,	Delta[s](5) = 0.115216,	Delta[s](6) = 0.0722492,	Delta[s](7) = 0.115216,	Delta[s](8) = 0.0938693,	Delta[s](9) = 0.0722492,	Delta[s](10) = 0.0215971,	Delta[s](11) = 0.0722492,	Delta[s](12) = 0.141987,	Delta[s](13) = 0.115216,	Delta[s](14) = 0.0722492,	Delta[s](15) = 0.115216,	Delta[d](0) = 0.237919,	Delta[d](1) = 0.14219,	Delta[d](2) = 0.160896,	Delta[d](3) = 0.14219,	Delta[d](4) = 0.14219,	Delta[d](5) = 0.143397,	Delta[d](6) = 0.0971841,	Delta[d](7) = 0.143397,	Delta[d](8) = 0.160896,	Delta[d](9) = 0.0971841,	Delta[d](10) = 0.0243588,	Delta[d](11) = 0.0971841,	Delta[d](12) = 0.14219,	Delta[d](13) = 0.143397,	Delta[d](14) = 0.0971841,	Delta[d](15) = 0.143397,	Delta[s+](0) = 0.551663,	Delta[s+](1) = 0.410813,	Delta[s+](2) = 0.160896,	Delta[s+](3) = 0.410813,	Delta[s+](4) = 0.410813,	Delta[s+](5) = 0.277486,	Delta[s+](6) = 0.0942244,	Delta[s+](7) = 0.277486,	Delta[s+](8) = 0.160896,	Delta[s+](9) = 0.0942244,	Delta[s+](10) = 0.0174074,	Delta[s+](11) = 0.0942244,	Delta[s+](12) = 0.410813,	Delta[s+](13) = 0.277486,	Delta[s+](14) = 0.0942244,	Delta[s+](15) = 0.277486
The 0-th iteration is completed.	|| time cost : 0h 6m 29.675s
********************************************************************************************************************
Start the 1 rounds of NGS-ED iteration
	effective electronic model is modified as: kinetic energy t = 0.945354
	                                           effective interaction Vq = [-1.72935,-1.62247,-1.55714,-1.62247,-1.62247,-1.58444,-1.54518,-1.58444,-1.55714,-1.54518,-1.51375,-1.54518,-1.62247,-1.58444,-1.54518,-1.58444]
	PARPACK diagonalization completed after 135 matrix-vector product operations.
	iteration results: : total energy is -47.126756 | electron energy -47.130042 + phonon energy 0.003286 | electron momentum kIdx = 0
The 1-th iteration is completed.	|| time cost : 0h 6m 10.722s
********************************************************************************************************************
Start the 2 rounds of NGS-ED iteration
	effective electronic model is modified as: kinetic energy t = 0.903689
	                                           effective interaction Vq = [ -1.9634,-1.88789,-1.86626,-1.88789,-1.88789,-1.88063,-1.81541,-1.88063,-1.86626,-1.81541,-1.76306,-1.81541,-1.88789,-1.88063,-1.81541,-1.88063]
	PARPACK diagonalization completed after 60 matrix-vector product operations.
	iteration results: : total energy is -51.574482 | electron energy -51.597801 + phonon energy 0.023319 | electron momentum kIdx = 0
The 2-th iteration is completed.	|| time cost : 0h 0m 27.59s
********************************************************************************************************************
Start the 3 rounds of NGS-ED iteration
	effective electronic model is modified as: kinetic energy t = 0.887866
	                                           effective interaction Vq = [-1.99507,-1.94201,-1.93457,-1.94201,-1.94201,-1.93908,-1.87775,-1.93908,-1.93457,-1.87775,-1.83011,-1.87775,-1.94201,-1.93908,-1.87775,-1.93908]
	PARPACK diagonalization completed after 60 matrix-vector product operations.
	iteration results: : total energy is -52.147596 | electron energy -52.187961 + phonon energy 0.040365 | electron momentum kIdx = 0
The 3-th iteration is completed.	|| time cost : 0h 0m 27.823s
********************************************************************************************************************
Start the 4 rounds of NGS-ED iteration
	effective electronic model is modified as: kinetic energy t = 0.882324
	                                           effective interaction Vq = [-1.99936,-1.95635,-1.95222,-1.95635,-1.95635,-1.95379,-1.89578,-1.95379,-1.95222,-1.89578,-1.85522,-1.89578,-1.95635,-1.95379,-1.89578,-1.95379]
	PARPACK diagonalization completed after 45 matrix-vector product operations.
	iteration results: : total energy is -52.221345 | electron energy -52.269617 + phonon energy 0.048272 | electron momentum kIdx = 0
The 4-th iteration is completed.	|| time cost : 0h 0m 24.202s
********************************************************************************************************************
Start the 5 rounds of NGS-ED iteration
	effective electronic model is modified as: kinetic energy t = 0.880376
	                                           effective interaction Vq = [-1.99994, -1.9608,-1.95736, -1.9608, -1.9608,-1.95794,-1.90162,-1.95794,-1.95736,-1.90162,-1.86694,-1.90162, -1.9608,-1.95794,-1.90162,-1.95794]
	PARPACK diagonalization completed after 45 matrix-vector product operations.
	iteration results: : total energy is -52.231015 | electron energy -52.282353 + phonon energy 0.051338 | electron momentum kIdx = 0
The 5-th iteration is completed.	|| time cost : 0h 0m 24.058s
********************************************************************************************************************
Start the 6 rounds of NGS-ED iteration
	effective electronic model is modified as: kinetic energy t = 0.879661
	                                           effective interaction Vq = [-2.00002,-1.96231,-1.95888,-1.96231,-1.96231,-1.95909,-1.90364,-1.95909,-1.95888,-1.90364,-1.87343,-1.90364,-1.96231,-1.95909,-1.90364,-1.95909]
	PARPACK diagonalization completed after 45 matrix-vector product operations.
	iteration results: : total energy is -52.232363 | electron energy -52.284858 + phonon energy 0.052494 | electron momentum kIdx = 0
The 6-th iteration is completed.	|| time cost : 0h 0m 24.231s
********************************************************************************************************************
Start the 7 rounds of NGS-ED iteration
	effective electronic model is modified as: kinetic energy t = 0.879372
	                                           effective interaction Vq = [-2.00003,-1.96286,-1.95927,-1.96286,-1.96286,-1.95935, -1.9044,-1.95935,-1.95927, -1.9044,-1.87753, -1.9044,-1.96286,-1.95935, -1.9044,-1.95935]
	PARPACK diagonalization completed after 45 matrix-vector product operations.
	iteration results: : total energy is -52.232592 | electron energy -52.285548 + phonon energy 0.052956 | electron momentum kIdx = 0
The 7-th iteration is completed.	|| time cost : 0h 0m 24.184s
********************************************************************************************************************
Start the 8 rounds of NGS-ED iteration
	effective electronic model is modified as: kinetic energy t = 0.879237
	                                           effective interaction Vq = [-2.00003,-1.96309,-1.95931,-1.96309,-1.96309,-1.95934,-1.90471,-1.95934,-1.95931,-1.90471, -1.8804,-1.90471,-1.96309,-1.95934,-1.90471,-1.95934]
	PARPACK diagonalization completed after 45 matrix-vector product operations.
	iteration results: : total energy is -52.232653 | electron energy -52.285819 + phonon energy 0.053166 | electron momentum kIdx = 0
The 8-th iteration is completed.	|| time cost : 0h 0m 24.071s
********************************************************************************************************************
Start the 9 rounds of NGS-ED iteration
	effective electronic model is modified as: kinetic energy t = 0.879162
	                                           effective interaction Vq = [-2.00003,-1.96319,-1.95925,-1.96319,-1.96319,-1.95926,-1.90487,-1.95926,-1.95925,-1.90487,-1.88254,-1.90487,-1.96319,-1.95926,-1.90487,-1.95926]
	PARPACK diagonalization completed after 45 matrix-vector product operations.
	iteration results: : total energy is -52.232680 | electron energy -52.285959 + phonon energy 0.053279 | electron momentum kIdx = 0
The 9-th iteration is completed.	|| time cost : 0h 0m 24.221s
********************************************************************************************************************
Start the 10 rounds of NGS-ED iteration
	effective electronic model is modified as: kinetic energy t = 0.879112
	                                           effective interaction Vq = [-2.00003,-1.96325,-1.95917,-1.96325,-1.96325,-1.95918,-1.90496,-1.95918,-1.95917,-1.90496,-1.88421,-1.90496,-1.96325,-1.95918,-1.90496,-1.95918]
	PARPACK diagonalization completed after 45 matrix-vector product operations.
	iteration results: : total energy is -52.232696 | electron energy -52.286048 + phonon energy 0.053352 | electron momentum kIdx = 0
	Nq(0) = 12.25,	Nq(1) = 0.409361,	Nq(2) = 0.75477,	Nq(3) = 0.409361,	Nq(4) = 0.409361,	Nq(5) = 0.754775,	Nq(6) = 0.672608,	Nq(7) = 0.754775,	Nq(8) = 0.75477,	Nq(9) = 0.672608,	Nq(10) = 0.787871,	Nq(11) = 0.672608,	Nq(12) = 0.409361,	Nq(13) = 0.754775,	Nq(14) = 0.672608,	Nq(15) = 0.754775,	Sq(0) = -4.94748e-18,	Sq(1) = 0.316696,	Sq(2) = 0.350487,	Sq(3) = 0.316696,	Sq(4) = 0.316696,	Sq(5) = 0.350487,	Sq(6) = 0.539776,	Sq(7) = 0.350487,	Sq(8) = 0.350487,	Sq(9) = 0.539776,	Sq(10) = 0.576805,	Sq(11) = 0.539776,	Sq(12) = 0.316696,	Sq(13) = 0.350487,	Sq(14) = 0.539776,	Sq(15) = 0.350487,	N(0) = 1.99557,	N(1) = 1.98836,	N(2) = 0.669053,	N(3) = 1.98836,	N(4) = 1.98836,	N(5) = 0.669045,	N(6) = 0.00830552,	N(7) = 0.669045,	N(8) = 0.669053,	N(9) = 0.00830552,	N(10) = 0.00350006,	N(11) = 0.00830552,	N(12) = 1.98836,	N(13) = 0.669045,	N(14) = 0.00830552,	N(15) = 0.669045,	Delta[s](0) = 0.730774,	Delta[s](1) = 0.262318,	Delta[s](2) = 0.210113,	Delta[s](3) = 0.262318,	Delta[s](4) = 0.262318,	Delta[s](5) = 0.210112,	Delta[s](6) = 0.177727,	Delta[s](7) = 0.210112,	Delta[s](8) = 0.210113,	Delta[s](9) = 0.177727,	Delta[s](10) = 0.195562,	Delta[s](11) = 0.177727,	Delta[s](12) = 0.262318,	Delta[s](13) = 0.210112,	Delta[s](14) = 0.177727,	Delta[s](15) = 0.210112,	Delta[d](0) = 0.28122,	Delta[d](1) = 0.209823,	Delta[d](2) = 0.206671,	Delta[d](3) = 0.209823,	Delta[d](4) = 0.209823,	Delta[d](5) = 0.18336,	Delta[d](6) = 0.161536,	Delta[d](7) = 0.18336,	Delta[d](8) = 0.206671,	Delta[d](9) = 0.161536,	Delta[d](10) = 0.0859586,	Delta[d](11) = 0.161536,	Delta[d](12) = 0.209823,	Delta[d](13) = 0.18336,	Delta[d](14) = 0.161536,	Delta[d](15) = 0.18336,	Delta[s+](0) = 0.453619,	Delta[s+](1) = 0.345515,	Delta[s+](2) = 0.206671,	Delta[s+](3) = 0.345515,	Delta[s+](4) = 0.345515,	Delta[s+](5) = 0.20667,	Delta[s+](6) = 0.0802974,	Delta[s+](7) = 0.20667,	Delta[s+](8) = 0.206671,	Delta[s+](9) = 0.0802974,	Delta[s+](10) = 0.0212251,	Delta[s+](11) = 0.0802974,	Delta[s+](12) = 0.345515,	Delta[s+](13) = 0.20667,	Delta[s+](14) = 0.0802974,	Delta[s+](15) = 0.20667
The 10-th iteration is completed.	|| time cost : 0h 3m 21.209s
********************************************************************************************************************
********************************************************************************************************************
Ground state is obtained after 11 iterations. The current ground-state energy is -52.2327, in which electron energy is -52.286 and phonon energy is 0.0533524
final variational state is: 
	Gamma_x = [      1,1.01936,1.03772,1.01936,1.01936,1.03772, 1.0469,1.03772,1.03772, 1.0469,1.05876, 1.0469,1.01936,1.03772, 1.0469,1.03772]
	lambda_q = [0.447209,0.386604, 0.38324,0.386604,0.386604,0.383241,0.349744,0.383241, 0.38324,0.349744,0.340228,0.349744,0.386604,0.383241,0.349744,0.383241]
********************************************************************************************************************
o___o  ----------------------------------------
| L |	Time since last clock: 0h 0m 0s
A===A	Time since the beginning: 0h 19m 21.992s
***********************************************


********************************************************************************************************************
Warm up runs have been completed. Start calculating W = 5 phonon.
open output files: NGSEDIterationObs.txt
********************************************************************************************************************
Start the 0 rounds of NGS-ED iteration
	effective electronic model is modified as: kinetic energy t = 0.879075
	                                           effective interaction Vq = [-1.82844, -1.6978,-1.68947, -1.6978, -1.6978,-1.68948,-1.60039,-1.68948,-1.68947,-1.60039,-1.57303,-1.60039, -1.6978,-1.68948,-1.60039,-1.68948]
	PARPACK diagonalization completed after 45 matrix-vector product operations.
	iteration results: : total energy is -47.516977 | electron energy -47.543680 + phonon energy 0.026703 | electron momentum kIdx = 0
	Nq(0) = 12.25,	Nq(1) = 0.387917,	Nq(2) = 0.741951,	Nq(3) = 0.387917,	Nq(4) = 0.387917,	Nq(5) = 0.741957,	Nq(6) = 0.624088,	Nq(7) = 0.741957,	Nq(8) = 0.741951,	Nq(9) = 0.624088,	Nq(10) = 0.625941,	Nq(11) = 0.624088,	Nq(12) = 0.387917,	Nq(13) = 0.741957,	Nq(14) = 0.624088,	Nq(15) = 0.741957,	Sq(0) = 1.81745e-18,	Sq(1) = 0.355521,	Sq(2) = 0.368446,	Sq(3) = 0.355521,	Sq(4) = 0.355521,	Sq(5) = 0.368446,	Sq(6) = 0.595384,	Sq(7) = 0.368446,	Sq(8) = 0.368446,	Sq(9) = 0.595384,	Sq(10) = 0.610015,	Sq(11) = 0.595384,	Sq(12) = 0.355521,	Sq(13) = 0.368446,	Sq(14) = 0.595384,	Sq(15) = 0.368446,	N(0) = 1.99947,	N(1) = 1.99828,	N(2) = 0.667009,	N(3) = 1.99828,	N(4) = 1.99828,	N(5) = 0.666991,	N(6) = 0.00127037,	N(7) = 0.666991,	N(8) = 0.667009,	N(9) = 0.00127037,	N(10) = 0.00036845,	N(11) = 0.00127037,	N(12) = 1.99828,	N(13) = 0.666991,	N(14) = 0.00127037,	N(15) = 0.666991,	Delta[s](0) = 0.511758,	Delta[s](1) = 0.246698,	Delta[s](2) = 0.200003,	Delta[s](3) = 0.246698,	Delta[s](4) = 0.246698,	Delta[s](5) = 0.200002,	Delta[s](6) = 0.174927,	Delta[s](7) = 0.200002,	Delta[s](8) = 0.200003,	Delta[s](9) = 0.174927,	Delta[s](10) = 0.289575,	Delta[s](11) = 0.174927,	Delta[s](12) = 0.246698,	Delta[s](13) = 0.200002,	Delta[s](14) = 0.174927,	Delta[s](15) = 0.200002,	Delta[d](0) = 0.291343,	Delta[d](1) = 0.217094,	Delta[d](2) = 0.217513,	Delta[d](3) = 0.217094,	Delta[d](4) = 0.217094,	Delta[d](5) = 0.194494,	Delta[d](6) = 0.168469,	Delta[d](7) = 0.194494,	Delta[d](8) = 0.217513,	Delta[d](9) = 0.168469,	Delta[d](10) = 0.0975446,	Delta[d](11) = 0.168469,	Delta[d](12) = 0.217094,	Delta[d](13) = 0.194494,	Delta[d](14) = 0.168469,	Delta[d](15) = 0.194494,	Delta[s+](0) = 0.47968,	Delta[s+](1) = 0.362988,	Delta[s+](2) = 0.217513,	Delta[s+](3) = 0.362988,	Delta[s+](4) = 0.362988,	Delta[s+](5) = 0.217511,	Delta[s+](6) = 0.0872823,	Delta[s+](7) = 0.217511,	Delta[s+](8) = 0.217513,	Delta[s+](9) = 0.0872823,	Delta[s+](10) = 0.0244216,	Delta[s+](11) = 0.0872823,	Delta[s+](12) = 0.362988,	Delta[s+](13) = 0.217511,	Delta[s+](14) = 0.0872823,	Delta[s+](15) = 0.217511
The 0-th iteration is completed.	|| time cost : 0h 3m 16.009s
********************************************************************************************************************
Start the 1 rounds of NGS-ED iteration
	effective electronic model is modified as: kinetic energy t = 0.860072
	                                           effective interaction Vq = [ -1.9369,-1.79772,-1.79408,-1.79772,-1.79772,-1.79408,-1.67619,-1.79408,-1.79408,-1.67619,-1.60479,-1.67619,-1.79772,-1.79408,-1.67619,-1.79408]
	PARPACK diagonalization completed after 45 matrix-vector product operations.
	iteration results: : total energy is -49.173456 | electron energy -49.254844 + phonon energy 0.081388 | electron momentum kIdx = 0
The 1-th iteration is completed.	|| time cost : 0h 0m 23.931s
********************************************************************************************************************
Start the 2 rounds of NGS-ED iteration
	effective electronic model is modified as: kinetic energy t = 0.848564
	                                           effective interaction Vq = [-1.97681,-1.84529,-1.84513,-1.84529,-1.84529,-1.84514,-1.71612,-1.84514,-1.84513,-1.71612,-1.62686,-1.71612,-1.84529,-1.84514,-1.71612,-1.84514]
	PARPACK diagonalization completed after 30 matrix-vector product operations.
	iteration results: : total energy is -49.769898 | electron energy -49.892731 + phonon energy 0.122833 | electron momentum kIdx = 0
The 2-th iteration is completed.	|| time cost : 0h 0m 20.422s
********************************************************************************************************************
Start the 3 rounds of NGS-ED iteration
	effective electronic model is modified as: kinetic energy t = 0.841839
	                                           effective interaction Vq = [-1.99149,-1.86927,-1.87116,-1.86927,-1.86927,-1.87116,-1.73766,-1.87116,-1.87116,-1.73766,-1.64066,-1.73766,-1.86927,-1.87116,-1.73766,-1.87116]
	PARPACK diagonalization completed after 30 matrix-vector product operations.
	iteration results: : total energy is -49.984593 | electron energy -50.133936 + phonon energy 0.149342 | electron momentum kIdx = 0
The 3-th iteration is completed.	|| time cost : 0h 0m 20.607s
********************************************************************************************************************
Start the 4 rounds of NGS-ED iteration
	effective electronic model is modified as: kinetic energy t = 0.837977
	                                           effective interaction Vq = [-1.99689,-1.88186, -1.8849,-1.88186,-1.88186, -1.8849, -1.7495, -1.8849, -1.8849, -1.7495,-1.64897, -1.7495,-1.88186, -1.8849, -1.7495, -1.8849]
	PARPACK diagonalization completed after 30 matrix-vector product operations.
	iteration results: : total energy is -50.061931 | electron energy -50.227228 + phonon energy 0.165297 | electron momentum kIdx = 0
The 4-th iteration is completed.	|| time cost : 0h 0m 20.411s
********************************************************************************************************************
Start the 5 rounds of NGS-ED iteration
	effective electronic model is modified as: kinetic energy t = 0.835779
	                                           effective interaction Vq = [-1.99887,-1.88865,-1.89232,-1.88865,-1.88865,-1.89232,-1.75607,-1.89232,-1.89232,-1.75607, -1.6539,-1.75607,-1.88865,-1.89232,-1.75607,-1.89232]
	PARPACK diagonalization completed after 30 matrix-vector product operations.
	iteration results: : total energy is -50.089832 | electron energy -50.264456 + phonon energy 0.174624 | electron momentum kIdx = 0
The 5-th iteration is completed.	|| time cost : 0h 0m 20.627s
********************************************************************************************************************
Start the 6 rounds of NGS-ED iteration
	effective electronic model is modified as: kinetic energy t = 0.834534
	                                           effective interaction Vq = [ -1.9996,-1.89237, -1.8964,-1.89237,-1.89237, -1.8964,-1.75975, -1.8964, -1.8964,-1.75975,-1.65681,-1.75975,-1.89237, -1.8964,-1.75975, -1.8964]
	PARPACK diagonalization completed after 30 matrix-vector product operations.
	iteration results: : total energy is -50.099916 | electron energy -50.279908 + phonon energy 0.179992 | electron momentum kIdx = 0
The 6-th iteration is completed.	|| time cost : 0h 0m 20.583s
********************************************************************************************************************
Start the 7 rounds of NGS-ED iteration
	effective electronic model is modified as: kinetic energy t = 0.833831
	                                           effective interaction Vq = [-1.99987,-1.89444,-1.89865,-1.89444,-1.89444,-1.89865,-1.76182,-1.89865,-1.89865,-1.76182,-1.65852,-1.76182,-1.89444,-1.89865,-1.76182,-1.89865]
	PARPACK diagonalization completed after 30 matrix-vector product operations.
	iteration results: : total energy is -50.103568 | electron energy -50.286623 + phonon energy 0.183055 | electron momentum kIdx = 0
The 7-th iteration is completed.	|| time cost : 0h 0m 20.43s
********************************************************************************************************************
Start the 8 rounds of NGS-ED iteration
	effective electronic model is modified as: kinetic energy t = 0.833434
	                                           effective interaction Vq = [-1.99997,-1.89558,-1.89991,-1.89558,-1.89558,-1.89991,-1.76298,-1.89991,-1.89991,-1.76298,-1.65952,-1.76298,-1.89558,-1.89991,-1.76298,-1.89991]
	PARPACK diagonalization completed after 30 matrix-vector product operations.
	iteration results: : total energy is -50.104893 | electron energy -50.289686 + phonon energy 0.184794 | electron momentum kIdx = 0
The 8-th iteration is completed.	|| time cost : 0h 0m 20.62s
********************************************************************************************************************
Start the 9 rounds of NGS-ED iteration
	effective electronic model is modified as: kinetic energy t = 0.833211
	                                           effective interaction Vq = [-2.00001,-1.89623,-1.90061,-1.89623,-1.89623,-1.90061,-1.76363,-1.90061,-1.90061,-1.76363,-1.66011,-1.76363,-1.89623,-1.90061,-1.76363,-1.90061]
	PARPACK diagonalization completed after 30 matrix-vector product operations.
	iteration results: : total energy is -50.105374 | electron energy -50.291152 + phonon energy 0.185778 | electron momentum kIdx = 0
The 9-th iteration is completed.	|| time cost : 0h 0m 20.589s
********************************************************************************************************************
Start the 10 rounds of NGS-ED iteration
	effective electronic model is modified as: kinetic energy t = 0.833085
	                                           effective interaction Vq = [-2.00002,-1.89659,  -1.901,-1.89659,-1.89659,  -1.901,-1.76401,  -1.901,  -1.901,-1.76401,-1.66045,-1.76401,-1.89659,  -1.901,-1.76401,  -1.901]
	PARPACK diagonalization completed after 30 matrix-vector product operations.
	iteration results: : total energy is -50.105550 | electron energy -50.291883 + phonon energy 0.186334 | electron momentum kIdx = 0
	Nq(0) = 12.25,	Nq(1) = 0.400066,	Nq(2) = 0.781786,	Nq(3) = 0.400066,	Nq(4) = 0.400066,	Nq(5) = 0.781786,	Nq(6) = 0.636033,	Nq(7) = 0.781786,	Nq(8) = 0.781786,	Nq(9) = 0.636033,	Nq(10) = 0.628523,	Nq(11) = 0.636033,	Nq(12) = 0.400066,	Nq(13) = 0.781786,	Nq(14) = 0.636033,	Nq(15) = 0.781786,	Sq(0) = -4.0289e-18,	Sq(1) = 0.330253,	Sq(2) = 0.357964,	Sq(3) = 0.330253,	Sq(4) = 0.330253,	Sq(5) = 0.357964,	Sq(6) = 0.557532,	Sq(7) = 0.357964,	Sq(8) = 0.357964,	Sq(9) = 0.557532,	Sq(10) = 0.587441,	Sq(11) = 0.557532,	Sq(12) = 0.330253,	Sq(13) = 0.357964,	Sq(14) = 0.557532,	Sq(15) = 0.357964,	N(0) = 1.99704,	N(1) = 1.99147,	N(2) = 0.668317,	N(3) = 1.99147,	N(4) = 1.99147,	N(5) = 0.668317,	N(6) = 0.00626211,	N(7) = 0.668317,	N(8) = 0.668317,	N(9) = 0.00626211,	N(10) = 0.00213265,	N(11) = 0.00626211,	N(12) = 1.99147,	N(13) = 0.668317,	N(14) = 0.00626211,	N(15) = 0.668317,	Delta[s](0) = 0.528242,	Delta[s](1) = 0.256118,	Delta[s](2) = 0.21291,	Delta[s](3) = 0.256118,	Delta[s](4) = 0.256118,	Delta[s](5) = 0.21291,	Delta[s](6) = 0.188948,	Delta[s](7) = 0.21291,	Delta[s](8) = 0.21291,	Delta[s](9) = 0.188948,	Delta[s](10) = 0.27085,	Delta[s](11) = 0.188948,	Delta[s](12) = 0.256118,	Delta[s](13) = 0.21291,	Delta[s](14) = 0.188948,	Delta[s](15) = 0.21291,	Delta[d](0) = 0.297179,	Delta[d](1) = 0.225538,	Delta[d](2) = 0.223269,	Delta[d](3) = 0.225538,	Delta[d](4) = 0.225538,	Delta[d](5) = 0.203853,	Delta[d](6) = 0.178908,	Delta[d](7) = 0.203853,	Delta[d](8) = 0.223269,	Delta[d](9) = 0.178908,	Delta[d](10) = 0.110826,	Delta[d](11) = 0.178908,	Delta[d](12) = 0.225538,	Delta[d](13) = 0.203853,	Delta[d](14) = 0.178908,	Delta[d](15) = 0.203853,	Delta[s+](0) = 0.476919,	Delta[s+](1) = 0.363617,	Delta[s+](2) = 0.223269,	Delta[s+](3) = 0.363617,	Delta[s+](4) = 0.363617,	Delta[s+](5) = 0.223269,	Delta[s+](6) = 0.0944768,	Delta[s+](7) = 0.223269,	Delta[s+](8) = 0.223269,	Delta[s+](9) = 0.0944768,	Delta[s+](10) = 0.0312422,	Delta[s+](11) = 0.0944768,	Delta[s+](12) = 0.363617,	Delta[s+](13) = 0.223269,	Delta[s+](14) = 0.0944768,	Delta[s+](15) = 0.223269
The 10-th iteration is completed.	|| time cost : 0h 3m 10.658s
********************************************************************************************************************
Start the 11 rounds of NGS-ED iteration
	effective electronic model is modified as: kinetic energy t = 0.833014
	                                           effective interaction Vq = [-2.00003,-1.89679,-1.90122,-1.89679,-1.89679,-1.90122,-1.76421,-1.90122,-1.90122,-1.76421,-1.66065,-1.76421,-1.89679,-1.90122,-1.76421,-1.90122]
	PARPACK diagonalization completed after 30 matrix-vector product operations.
	iteration results: : total energy is -50.105613 | electron energy -50.292261 + phonon energy 0.186648 | electron momentum kIdx = 0
The 11-th iteration is completed.	|| time cost : 0h 0m 20.607s
********************************************************************************************************************
Start the 12 rounds of NGS-ED iteration
	effective electronic model is modified as: kinetic energy t = 0.832974
	                                           effective interaction Vq = [-2.00003, -1.8969,-1.90135, -1.8969, -1.8969,-1.90135,-1.76433,-1.90135,-1.90135,-1.76433,-1.66077,-1.76433, -1.8969,-1.90135,-1.76433,-1.90135]
	PARPACK diagonalization completed after 30 matrix-vector product operations.
	iteration results: : total energy is -50.105637 | electron energy -50.292462 + phonon energy 0.186825 | electron momentum kIdx = 0
The 12-th iteration is completed.	|| time cost : 0h 0m 20.342s
********************************************************************************************************************
Start the 13 rounds of NGS-ED iteration
	effective electronic model is modified as: kinetic energy t = 0.832951
	                                           effective interaction Vq = [-2.00003,-1.89697,-1.90142,-1.89697,-1.89697,-1.90142, -1.7644,-1.90142,-1.90142, -1.7644,-1.66083, -1.7644,-1.89697,-1.90142, -1.7644,-1.90142]
	PARPACK diagonalization completed after 30 matrix-vector product operations.
	iteration results: : total energy is -50.105645 | electron energy -50.292570 + phonon energy 0.186925 | electron momentum kIdx = 0
The 13-th iteration is completed.	|| time cost : 0h 0m 20.348s
********************************************************************************************************************
Start the 14 rounds of NGS-ED iteration
	effective electronic model is modified as: kinetic energy t = 0.832938
	                                           effective interaction Vq = [-2.00003,  -1.897,-1.90146,  -1.897,  -1.897,-1.90146,-1.76444,-1.90146,-1.90146,-1.76444,-1.66087,-1.76444,  -1.897,-1.90146,-1.76444,-1.90146]
	PARPACK diagonalization completed after 30 matrix-vector product operations.
	iteration results: : total energy is -50.105648 | electron energy -50.292630 + phonon energy 0.186981 | electron momentum kIdx = 0
The 14-th iteration is completed.	|| time cost : 0h 0m 20.402s
********************************************************************************************************************
Start the 15 rounds of NGS-ED iteration
	effective electronic model is modified as: kinetic energy t = 0.832931
	                                           effective interaction Vq = [-2.00003,-1.89702,-1.90148,-1.89702,-1.89702,-1.90148,-1.76446,-1.90148,-1.90148,-1.76446, -1.6609,-1.76446,-1.89702,-1.90148,-1.76446,-1.90148]
	PARPACK diagonalization completed after 30 matrix-vector product operations.
	iteration results: : total energy is -50.105650 | electron energy -50.292663 + phonon energy 0.187013 | electron momentum kIdx = 0
The 15-th iteration is completed.	|| time cost : 0h 0m 20.622s
********************************************************************************************************************
Start the 16 rounds of NGS-ED iteration
	effective electronic model is modified as: kinetic energy t = 0.832927
	                                           effective interaction Vq = [-2.00003,-1.89703,-1.90149,-1.89703,-1.89703,-1.90149,-1.76447,-1.90149,-1.90149,-1.76447,-1.66091,-1.76447,-1.89703,-1.90149,-1.76447,-1.90149]
	PARPACK diagonalization completed after 30 matrix-vector product operations.
	iteration results: : total energy is -50.105650 | electron energy -50.292681 + phonon energy 0.187031 | electron momentum kIdx = 0
The 16-th iteration is completed.	|| time cost : 0h 0m 20.605s
********************************************************************************************************************
Start the 17 rounds of NGS-ED iteration
	effective electronic model is modified as: kinetic energy t = 0.832925
	                                           effective interaction Vq = [-2.00003,-1.89704, -1.9015,-1.89704,-1.89704, -1.9015,-1.76448, -1.9015, -1.9015,-1.76448,-1.66092,-1.76448,-1.89704, -1.9015,-1.76448, -1.9015]
	PARPACK diagonalization completed after 30 matrix-vector product operations.
	iteration results: : total energy is -50.105650 | electron energy -50.292691 + phonon energy 0.187041 | electron momentum kIdx = 0
The 17-th iteration is completed.	|| time cost : 0h 0m 20.611s
********************************************************************************************************************
Start the 18 rounds of NGS-ED iteration
	effective electronic model is modified as: kinetic energy t = 0.832923
	                                           effective interaction Vq = [-2.00003,-1.89704, -1.9015,-1.89704,-1.89704, -1.9015,-1.76448, -1.9015, -1.9015,-1.76448,-1.66092,-1.76448,-1.89704, -1.9015,-1.76448, -1.9015]
	PARPACK diagonalization completed after 30 matrix-vector product operations.
	iteration results: : total energy is -50.105650 | electron energy -50.292697 + phonon energy 0.187047 | electron momentum kIdx = 0
The 18-th iteration is completed.	|| time cost : 0h 0m 20.467s
********************************************************************************************************************
Start the 19 rounds of NGS-ED iteration
	effective electronic model is modified as: kinetic energy t = 0.832923
	                                           effective interaction Vq = [-2.00003,-1.89705, -1.9015,-1.89705,-1.89705, -1.9015,-1.76448, -1.9015, -1.9015,-1.76448,-1.66092,-1.76448,-1.89705, -1.9015,-1.76448, -1.9015]
	PARPACK diagonalization completed after 30 matrix-vector product operations.
	iteration results: : total energy is -50.105650 | electron energy -50.292700 + phonon energy 0.187050 | electron momentum kIdx = 0
The 19-th iteration is completed.	|| time cost : 0h 0m 20.608s
********************************************************************************************************************
Start the 20 rounds of NGS-ED iteration
	effective electronic model is modified as: kinetic energy t = 0.832922
	                                           effective interaction Vq = [-2.00003,-1.89705, -1.9015,-1.89705,-1.89705, -1.9015,-1.76449, -1.9015, -1.9015,-1.76449,-1.66093,-1.76449,-1.89705, -1.9015,-1.76449, -1.9015]
	PARPACK diagonalization completed after 30 matrix-vector product operations.
	iteration results: : total energy is -50.105650 | electron energy -50.292702 + phonon energy 0.187052 | electron momentum kIdx = 0
	Nq(0) = 12.25,	Nq(1) = 0.400099,	Nq(2) = 0.781877,	Nq(3) = 0.400099,	Nq(4) = 0.400099,	Nq(5) = 0.781877,	Nq(6) = 0.636091,	Nq(7) = 0.781877,	Nq(8) = 0.781877,	Nq(9) = 0.636091,	Nq(10) = 0.628592,	Nq(11) = 0.636091,	Nq(12) = 0.400099,	Nq(13) = 0.781877,	Nq(14) = 0.636091,	Nq(15) = 0.781877,	Sq(0) = 2.33118e-18,	Sq(1) = 0.330183,	Sq(2) = 0.35793,	Sq(3) = 0.330183,	Sq(4) = 0.330183,	Sq(5) = 0.35793,	Sq(6) = 0.557428,	Sq(7) = 0.35793,	Sq(8) = 0.35793,	Sq(9) = 0.557428,	Sq(10) = 0.587371,	Sq(11) = 0.557428,	Sq(12) = 0.330183,	Sq(13) = 0.35793,	Sq(14) = 0.557428,	Sq(15) = 0.35793,	N(0) = 1.99703,	N(1) = 1.99144,	N(2) = 0.668322,	N(3) = 1.99144,	N(4) = 1.99144,	N(5) = 0.668322,	N(6) = 0.00628007,	N(7) = 0.668322,	N(8) = 0.668322,	N(9) = 0.00628007,	N(10) = 0.00213982,	N(11) = 0.00628007,	N(12) = 1.99144,	N(13) = 0.668322,	N(14) = 0.00628007,	N(15) = 0.668322,	Delta[s](0) = 0.528289,	Delta[s](1) = 0.256144,	Delta[s](2) = 0.21295,	Delta[s](3) = 0.256144,	Delta[s](4) = 0.256144,	Delta[s](5) = 0.21295,	Delta[s](6) = 0.18899,	Delta[s](7) = 0.21295,	Delta[s](8) = 0.21295,	Delta[s](9) = 0.18899,	Delta[s](10) = 0.270784,	Delta[s](11) = 0.18899,	Delta[s](12) = 0.256144,	Delta[s](13) = 0.21295,	Delta[s](14) = 0.18899,	Delta[s](15) = 0.21295,	Delta[d](0) = 0.297229,	Delta[d](1) = 0.225592,	Delta[d](2) = 0.223315,	Delta[d](3) = 0.225592,	Delta[d](4) = 0.225592,	Delta[d](5) = 0.203905,	Delta[d](6) = 0.178962,	Delta[d](7) = 0.203905,	Delta[d](8) = 0.223315,	Delta[d](9) = 0.178962,	Delta[d](10) = 0.110882,	Delta[d](11) = 0.178962,	Delta[d](12) = 0.225592,	Delta[d](13) = 0.203905,	Delta[d](14) = 0.178962,	Delta[d](15) = 0.203905,	Delta[s+](0) = 0.47697,	Delta[s+](1) = 0.363665,	Delta[s+](2) = 0.223315,	Delta[s+](3) = 0.363665,	Delta[s+](4) = 0.363665,	Delta[s+](5) = 0.223315,	Delta[s+](6) = 0.0945144,	Delta[s+](7) = 0.223315,	Delta[s+](8) = 0.223315,	Delta[s+](9) = 0.0945144,	Delta[s+](10) = 0.0312697,	Delta[s+](11) = 0.0945144,	Delta[s+](12) = 0.363665,	Delta[s+](13) = 0.223315,	Delta[s+](14) = 0.0945144,	Delta[s+](15) = 0.223315
The 20-th iteration is completed.	|| time cost : 0h 3m 13.666s
********************************************************************************************************************
Start the 21 rounds of NGS-ED iteration
	effective electronic model is modified as: kinetic energy t = 0.832922
	                                           effective interaction Vq = [-2.00003,-1.89705, -1.9015,-1.89705,-1.89705, -1.9015,-1.76449, -1.9015, -1.9015,-1.76449,-1.66093,-1.76449,-1.89705, -1.9015,-1.76449, -1.9015]
	PARPACK diagonalization completed after 30 matrix-vector product operations.
	iteration results: : total energy is -50.105650 | electron energy -50.292703 + phonon energy 0.187053 | electron momentum kIdx = 0
The 21-th iteration is completed.	|| time cost : 0h 0m 20.636s
********************************************************************************************************************
Start the 22 rounds of NGS-ED iteration
	effective electronic model is modified as: kinetic energy t = 0.832922
	                                           effective interaction Vq = [-2.00003,-1.89705, -1.9015,-1.89705,-1.89705, -1.9015,-1.76449, -1.9015, -1.9015,-1.76449,-1.66093,-1.76449,-1.89705, -1.9015,-1.76449, -1.9015]
	PARPACK diagonalization completed after 30 matrix-vector product operations.
	iteration results: : total energy is -50.105650 | electron energy -50.292704 + phonon energy 0.187053 | electron momentum kIdx = 0
The 22-th iteration is completed.	|| time cost : 0h 0m 20.626s
********************************************************************************************************************
Start the 23 rounds of NGS-ED iteration
	effective electronic model is modified as: kinetic energy t = 0.832922
	                                           effective interaction Vq = [-2.00003,-1.89705,-1.90151,-1.89705,-1.89705,-1.90151,-1.76449,-1.90151,-1.90151,-1.76449,-1.66093,-1.76449,-1.89705,-1.90151,-1.76449,-1.90151]
	PARPACK diagonalization completed after 30 matrix-vector product operations.
