TACC:  Starting up job 1744350 
TACC:  Starting parallel tasks... 
SNEDics v3.4 Non-Gaussian ED ground state program		Start at Sun Oct 11 00:48:29 2020

parallized on 16 MPI threads  * 7 OpenMP threads = 112 total threads.
********************************************************************************************************************
********************************************************************************************************************

********************************************************************************************************************
System parameters and configurations
********************************************************************************************************************
Special program options are enabled: splitted diagonal Hamiltonian
********************************************************************************************************************
Read input file "model_params.in"
	Hubbard-Holstein model parameters : 	t = 1    U = 8    g = 0.09    W = 0.2    g' = 0.08    
********************************************************************************************************************
Read input file "hilbertspace_params.in"
	Requested 16-site 2D lattice, with 14 electrons (7, 7)
	Boundary : Periodic		Hilbert space representation : momentum-space (restricted to kIdx = 0)
	Conservation: particle number[U(1)]      spin[U(1)]     momentum
********************************************************************************************************************

Cluster Positions:				Cluster symmetry group : D4
 x ... x ... x ... x .....                       x ... x ... x ... x .....
 |           |           :                       |           |           :
 |           |           :                       |           |           :
12    13    14    15     x                       1     5     6     5     x
 |           |           :                       |           |           :
 |           |           :                       |           |           :
 8 --- 9 ---10 ---11 --- x                       2 --- 6 ---10 --- 6 --- x
 |           |           :                       |           |           :
 |           |           :                       |           |           :
 4     5     6     7     x                       1     5     6     5     x
 |           |           :                       |           |           :
 |           |           :                       |           |           :
 0 --- 1 --- 2 --- 3 --- x                       0 --- 1 --- 2 --- 1 --- x
orbital number : 1
********************************************************************************************************************
Read input file "obs_params.in"
	Observable Type : Nq(All),   Sq(All),   N(All),   Delta[s](All),   Delta[d](All),   Delta[s+](All)
********************************************************************************************************************
** WARNING ** the input observables have non-local factors which have been reinterpreted. The total observable number is 96
********************************************************************************************************************


********************************************************************************************************************
Start calculating the non-Gaussian ED ground state
** WARNING ** Detected low phonon energy W < 10. The initial state will be prepared through a warm-up process.
********************************************************************************************************************
Start warm-up calculation for scaling factor 64
open output files: NGSEDWarmUpW12.8Obs.txt
********************************************************************************************************************
Start the 0 rounds of NGS-ED iteration
	effective electronic model is modified as: kinetic energy t = 1
	                                           effective interaction Vq = [0,0,0,0,0,0,0,0,0,0,0,0,0,0,0,0]
	first Hamiltonian is constructed, non-zero numbers = 2178478298
	PARPACK diagonalization completed after 165 matrix-vector product operations.
	iteration results: : total energy is -11.868836 | electron energy -11.868836 + phonon energy 0.000000 | electron momentum kIdx = 0
	Nq(0) = 12.25,	Nq(1) = 0.154193,	Nq(2) = 0.185311,	Nq(3) = 0.154193,	Nq(4) = 0.154193,	Nq(5) = 0.203281,	Nq(6) = 0.235634,	Nq(7) = 0.203281,	Nq(8) = 0.185311,	Nq(9) = 0.235634,	Nq(10) = 0.275446,	Nq(11) = 0.235634,	Nq(12) = 0.154193,	Nq(13) = 0.203281,	Nq(14) = 0.235634,	Nq(15) = 0.203281,	Sq(0) = 1.11096e-18,	Sq(1) = 0.474292,	Sq(2) = 0.766364,	Sq(3) = 0.474292,	Sq(4) = 0.474292,	Sq(5) = 0.630724,	Sq(6) = 1.05279,	Sq(7) = 0.630724,	Sq(8) = 0.766364,	Sq(9) = 1.05279,	Sq(10) = 2.56755,	Sq(11) = 1.05279,	Sq(12) = 0.474292,	Sq(13) = 0.630724,	Sq(14) = 1.05279,	Sq(15) = 0.630724,	N(0) = 1.75464,	N(1) = 1.59086,	N(2) = 0.323321,	N(3) = 1.59086,	N(4) = 1.59086,	N(5) = 0.999881,	N(6) = 0.267546,	N(7) = 0.999881,	N(8) = 0.323321,	N(9) = 0.267546,	N(10) = 0.165565,	N(11) = 0.267546,	N(12) = 1.59086,	N(13) = 0.999881,	N(14) = 0.267546,	N(15) = 0.999881,	Delta[s](0) = 0.0789872,	Delta[s](1) = 0.0590898,	Delta[s](2) = 0.0354395,	Delta[s](3) = 0.0590898,	Delta[s](4) = 0.0590898,	Delta[s](5) = 0.0422739,	Delta[s](6) = 0.0196294,	Delta[s](7) = 0.0422739,	Delta[s](8) = 0.0354395,	Delta[s](9) = 0.0196294,	Delta[s](10) = 0.000411451,	Delta[s](11) = 0.0196294,	Delta[s](12) = 0.0590898,	Delta[s](13) = 0.0422739,	Delta[s](14) = 0.0196294,	Delta[s](15) = 0.0422739,	Delta[d](0) = 0.27871,	Delta[d](1) = 0.19221,	Delta[d](2) = 0.201902,	Delta[d](3) = 0.19221,	Delta[d](4) = 0.19221,	Delta[d](5) = 0.17867,	Delta[d](6) = 0.134087,	Delta[d](7) = 0.17867,	Delta[d](8) = 0.201902,	Delta[d](9) = 0.134087,	Delta[d](10) = 0.0541291,	Delta[d](11) = 0.134087,	Delta[d](12) = 0.19221,	Delta[d](13) = 0.17867,	Delta[d](14) = 0.134087,	Delta[d](15) = 0.17867,	Delta[s+](0) = 0.565765,	Delta[s+](1) = 0.421307,	Delta[s+](2) = 0.201902,	Delta[s+](3) = 0.421307,	Delta[s+](4) = 0.421307,	Delta[s+](5) = 0.294516,	Delta[s+](6) = 0.12761,	Delta[s+](7) = 0.294516,	Delta[s+](8) = 0.201902,	Delta[s+](9) = 0.12761,	Delta[s+](10) = 0.0387745,	Delta[s+](11) = 0.12761,	Delta[s+](12) = 0.421307,	Delta[s+](13) = 0.294516,	Delta[s+](14) = 0.12761,	Delta[s+](15) = 0.294516
The 0-th iteration is completed.	|| time cost : 0h 6m 26.827s
********************************************************************************************************************
Start the 1 rounds of NGS-ED iteration
	effective electronic model is modified as: kinetic energy t = 0.997375
	                                           effective interaction Vq = [ -0.775525, -0.270454,-0.0334592, -0.270454, -0.270454, -0.033811,-0.0198104, -0.033811,-0.0334592,-0.0198104,  -0.20967,-0.0198104, -0.270454, -0.033811,-0.0198104, -0.033811]
	PARPACK diagonalization completed after 60 matrix-vector product operations.
	iteration results: : total energy is -21.610350 | electron energy -21.610360 + phonon energy 0.000010 | electron momentum kIdx = 0
The 1-th iteration is completed.	|| time cost : 0h 5m 13.502s
********************************************************************************************************************
Start the 2 rounds of NGS-ED iteration
	effective electronic model is modified as: kinetic energy t = 0.996404
	                                           effective interaction Vq = [ -0.835477, -0.294568,-0.0362122, -0.294568, -0.294568,-0.0366458,-0.0213667,-0.0366458,-0.0362122,-0.0213667, -0.225977,-0.0213667, -0.294568,-0.0366458,-0.0213667,-0.0366458]
	PARPACK diagonalization completed after 45 matrix-vector product operations.
	iteration results: : total energy is -22.352823 | electron energy -22.352857 + phonon energy 0.000034 | electron momentum kIdx = 0
The 2-th iteration is completed.	|| time cost : 0h 0m 24.384s
********************************************************************************************************************
Start the 3 rounds of NGS-ED iteration
	effective electronic model is modified as: kinetic energy t = 0.996217
	                                           effective interaction Vq = [ -0.840112, -0.298188,-0.0365836, -0.298188, -0.298188,-0.0370392,-0.0215625,-0.0370392,-0.0365836,-0.0215625,  -0.22796,-0.0215625, -0.298188,-0.0370392,-0.0215625,-0.0370392]
	PARPACK diagonalization completed after 45 matrix-vector product operations.
	iteration results: : total energy is -22.409885 | electron energy -22.409929 + phonon energy 0.000044 | electron momentum kIdx = 0
The 3-th iteration is completed.	|| time cost : 0h 0m 24.424s
********************************************************************************************************************
Start the 4 rounds of NGS-ED iteration
	effective electronic model is modified as: kinetic energy t = 0.996182
	                                           effective interaction Vq = [  -0.84047, -0.298865,-0.0366405, -0.298865, -0.298865,-0.0371022,-0.0215898,-0.0371022,-0.0366405,-0.0215898, -0.228224,-0.0215898, -0.298865,-0.0371022,-0.0215898,-0.0371022]
	PARPACK diagonalization completed after 45 matrix-vector product operations.
	iteration results: : total energy is -22.414285 | electron energy -22.414330 + phonon energy 0.000046 | electron momentum kIdx = 0
The 4-th iteration is completed.	|| time cost : 0h 0m 24.34s
********************************************************************************************************************
Start the 5 rounds of NGS-ED iteration
	effective electronic model is modified as: kinetic energy t = 0.996176
	                                           effective interaction Vq = [ -0.840498, -0.298998,-0.0366494, -0.298998, -0.298998,-0.0371125,-0.0215937,-0.0371125,-0.0366494,-0.0215937,  -0.22826,-0.0215937, -0.298998,-0.0371125,-0.0215937,-0.0371125]
	PARPACK diagonalization completed after 30 matrix-vector product operations.
	iteration results: : total energy is -22.414624 | electron energy -22.414671 + phonon energy 0.000046 | electron momentum kIdx = 0
The 5-th iteration is completed.	|| time cost : 0h 0m 21.561s
********************************************************************************************************************
Start the 6 rounds of NGS-ED iteration
	effective electronic model is modified as: kinetic energy t = 0.996175
	                                           effective interaction Vq = [   -0.8405, -0.299025,-0.0366508, -0.299025, -0.299025,-0.0371142,-0.0215942,-0.0371142,-0.0366508,-0.0215942, -0.228265,-0.0215942, -0.299025,-0.0371142,-0.0215942,-0.0371142]
	PARPACK diagonalization completed after 30 matrix-vector product operations.
	iteration results: : total energy is -22.414651 | electron energy -22.414697 + phonon energy 0.000046 | electron momentum kIdx = 0
	Nq(0) = 12.25,	Nq(1) = 0.158376,	Nq(2) = 0.1864,	Nq(3) = 0.158376,	Nq(4) = 0.158376,	Nq(5) = 0.204251,	Nq(6) = 0.237233,	Nq(7) = 0.204251,	Nq(8) = 0.1864,	Nq(9) = 0.237233,	Nq(10) = 0.282048,	Nq(11) = 0.237233,	Nq(12) = 0.158376,	Nq(13) = 0.204251,	Nq(14) = 0.237233,	Nq(15) = 0.204251,	Sq(0) = 7.06798e-19,	Sq(1) = 0.47139,	Sq(2) = 0.763255,	Sq(3) = 0.47139,	Sq(4) = 0.47139,	Sq(5) = 0.628488,	Sq(6) = 1.05251,	Sq(7) = 0.628488,	Sq(8) = 0.763255,	Sq(9) = 1.05251,	Sq(10) = 2.55966,	Sq(11) = 1.05251,	Sq(12) = 0.47139,	Sq(13) = 0.628488,	Sq(14) = 1.05251,	Sq(15) = 0.628488,	N(0) = 1.75983,	N(1) = 1.59911,	N(2) = 0.319026,	N(3) = 1.59911,	N(4) = 1.59911,	N(5) = 0.998522,	N(6) = 0.262112,	N(7) = 0.998522,	N(8) = 0.319026,	N(9) = 0.262112,	N(10) = 0.163135,	N(11) = 0.262112,	N(12) = 1.59911,	N(13) = 0.998522,	N(14) = 0.262112,	N(15) = 0.998522,	Delta[s](0) = 0.0808989,	Delta[s](1) = 0.0606164,	Delta[s](2) = 0.0364399,	Delta[s](3) = 0.0606164,	Delta[s](4) = 0.0606164,	Delta[s](5) = 0.0435021,	Delta[s](6) = 0.0203162,	Delta[s](7) = 0.0435021,	Delta[s](8) = 0.0364399,	Delta[s](9) = 0.0203162,	Delta[s](10) = 0.00062695,	Delta[s](11) = 0.0203162,	Delta[s](12) = 0.0606164,	Delta[s](13) = 0.0435021,	Delta[s](14) = 0.0203162,	Delta[s](15) = 0.0435021,	Delta[d](0) = 0.287333,	Delta[d](1) = 0.194012,	Delta[d](2) = 0.203513,	Delta[d](3) = 0.194012,	Delta[d](4) = 0.194012,	Delta[d](5) = 0.180241,	Delta[d](6) = 0.134611,	Delta[d](7) = 0.180241,	Delta[d](8) = 0.203513,	Delta[d](9) = 0.134611,	Delta[d](10) = 0.0547219,	Delta[d](11) = 0.134611,	Delta[d](12) = 0.194012,	Delta[d](13) = 0.180241,	Delta[d](14) = 0.134611,	Delta[d](15) = 0.180241,	Delta[s+](0) = 0.572107,	Delta[s+](1) = 0.425956,	Delta[s+](2) = 0.203513,	Delta[s+](3) = 0.425956,	Delta[s+](4) = 0.425956,	Delta[s+](5) = 0.297279,	Delta[s+](6) = 0.128282,	Delta[s+](7) = 0.297279,	Delta[s+](8) = 0.203513,	Delta[s+](9) = 0.128282,	Delta[s+](10) = 0.0387555,	Delta[s+](11) = 0.128282,	Delta[s+](12) = 0.425956,	Delta[s+](13) = 0.297279,	Delta[s+](14) = 0.128282,	Delta[s+](15) = 0.297279
The 6-th iteration is completed.	|| time cost : 0h 3m 59.685s
********************************************************************************************************************
********************************************************************************************************************
Ground state is obtained after 7 iterations. The current ground-state energy is -22.4147, in which electron energy is -22.4147 and phonon energy is 4.61756e-05
final variational state is: 
	Gamma_x = [      1,1.00127,1.00025,1.00127,1.00127,1.00027,1.00021,1.00027,1.00025,1.00021,1.00272,1.00021,1.00127,1.00027,1.00021,1.00027]
	lambda_q = [  0.256217,   0.12381, 0.0389093,   0.12381,   0.12381, 0.0399868,-0.0286832, 0.0399868, 0.0389093,-0.0286832,-0.0905447,-0.0286832,   0.12381, 0.0399868,-0.0286832, 0.0399868]
The effective e-e interactions mediated by phonons are: [   0.8405,  0.29903, 0.036651,  0.29903,  0.29903,0.0371145,0.0215943,0.0371145, 0.036651,0.0215943, 0.228266,0.0215943,  0.29903,0.0371145,0.0215943,0.0371145]
The real-space interactions mediated by phonons are: [ -2.57302, -1.03084,-0.279091,-0.789194, -1.16711, -1.08949,-0.279091,-0.305869, -0.99361,-0.305869,-0.279091, -1.08949, -1.16711,-0.789194,-0.279091, -1.03084]
********************************************************************************************************************
o___o  ----------------------------------------
| L |	Time since last clock: 0h 0m 0s
A===A	Time since the beginning: 0h 17m 14.727s
***********************************************

********************************************************************************************************************
Start warm-up calculation for scaling factor 32
open output files: NGSEDWarmUpW6.4Obs.txt
********************************************************************************************************************
Start the 0 rounds of NGS-ED iteration
	effective electronic model is modified as: kinetic energy t = 0.996174
	                                           effective interaction Vq = [ -0.768352, -0.252083,-0.0299296, -0.252083, -0.252083,-0.0304827,-0.0174505,-0.0304827,-0.0299296,-0.0174505, -0.183142,-0.0174505, -0.252083,-0.0304827,-0.0174505,-0.0304827]
	PARPACK diagonalization completed after 60 matrix-vector product operations.
	iteration results: : total energy is -21.476646 | electron energy -21.476669 + phonon energy 0.000023 | electron momentum kIdx = 0
	Nq(0) = 12.25,	Nq(1) = 0.157651,	Nq(2) = 0.186106,	Nq(3) = 0.157651,	Nq(4) = 0.157651,	Nq(5) = 0.203956,	Nq(6) = 0.236814,	Nq(7) = 0.203956,	Nq(8) = 0.186106,	Nq(9) = 0.236814,	Nq(10) = 0.280605,	Nq(11) = 0.236814,	Nq(12) = 0.157651,	Nq(13) = 0.203956,	Nq(14) = 0.236814,	Nq(15) = 0.203956,	Sq(0) = 9.18199e-18,	Sq(1) = 0.471811,	Sq(2) = 0.76389,	Sq(3) = 0.471811,	Sq(4) = 0.471811,	Sq(5) = 0.62892,	Sq(6) = 1.05291,	Sq(7) = 0.62892,	Sq(8) = 0.76389,	Sq(9) = 1.05291,	Sq(10) = 2.56118,	Sq(11) = 1.05291,	Sq(12) = 0.471811,	Sq(13) = 0.62892,	Sq(14) = 1.05291,	Sq(15) = 0.62892,	N(0) = 1.7587,	N(1) = 1.59736,	N(2) = 0.320063,	N(3) = 1.59736,	N(4) = 1.59736,	N(5) = 0.998743,	N(6) = 0.263248,	N(7) = 0.998743,	N(8) = 0.320063,	N(9) = 0.263248,	N(10) = 0.163753,	N(11) = 0.263248,	N(12) = 1.59736,	N(13) = 0.998743,	N(14) = 0.263248,	N(15) = 0.998743,	Delta[s](0) = 0.0803547,	Delta[s](1) = 0.0602229,	Delta[s](2) = 0.03624,	Delta[s](3) = 0.0602229,	Delta[s](4) = 0.0602229,	Delta[s](5) = 0.0432208,	Delta[s](6) = 0.0202327,	Delta[s](7) = 0.0432208,	Delta[s](8) = 0.03624,	Delta[s](9) = 0.0202327,	Delta[s](10) = 0.00070993,	Delta[s](11) = 0.0202327,	Delta[s](12) = 0.0602229,	Delta[s](13) = 0.0432208,	Delta[s](14) = 0.0202327,	Delta[s](15) = 0.0432208,	Delta[d](0) = 0.288727,	Delta[d](1) = 0.195984,	Delta[d](2) = 0.205441,	Delta[d](3) = 0.195984,	Delta[d](4) = 0.195984,	Delta[d](5) = 0.181998,	Delta[d](6) = 0.136082,	Delta[d](7) = 0.181998,	Delta[d](8) = 0.205441,	Delta[d](9) = 0.136082,	Delta[d](10) = 0.055322,	Delta[d](11) = 0.136082,	Delta[d](12) = 0.195984,	Delta[d](13) = 0.181998,	Delta[d](14) = 0.136082,	Delta[d](15) = 0.181998,	Delta[s+](0) = 0.576709,	Delta[s+](1) = 0.429424,	Delta[s+](2) = 0.205441,	Delta[s+](3) = 0.429424,	Delta[s+](4) = 0.429424,	Delta[s+](5) = 0.299838,	Delta[s+](6) = 0.129616,	Delta[s+](7) = 0.299838,	Delta[s+](8) = 0.205441,	Delta[s+](9) = 0.129616,	Delta[s+](10) = 0.0392921,	Delta[s+](11) = 0.129616,	Delta[s+](12) = 0.429424,	Delta[s+](13) = 0.299838,	Delta[s+](14) = 0.129616,	Delta[s+](15) = 0.299838
The 0-th iteration is completed.	|| time cost : 0h 4m 5.909s
********************************************************************************************************************
Start the 1 rounds of NGS-ED iteration
	effective electronic model is modified as: kinetic energy t = 0.995603
	                                           effective interaction Vq = [  -0.82044, -0.267346,-0.0310537, -0.267346, -0.267346,-0.0317921,-0.0179078,-0.0317921,-0.0310537,-0.0179078, -0.186197,-0.0179078, -0.267346,-0.0317921,-0.0179078,-0.0317921]
	PARPACK diagonalization completed after 45 matrix-vector product operations.
	iteration results: : total energy is -22.117336 | electron energy -22.117415 + phonon energy 0.000079 | electron momentum kIdx = 0
The 1-th iteration is completed.	|| time cost : 0h 0m 24.432s
********************************************************************************************************************
Start the 2 rounds of NGS-ED iteration
	effective electronic model is modified as: kinetic energy t = 0.995386
	                                           effective interaction Vq = [ -0.834923, -0.272582,-0.0313782, -0.272582, -0.272582,-0.0321845,-0.0180292,-0.0321845,-0.0313782,-0.0180292,  -0.18702,-0.0180292, -0.272582,-0.0321845,-0.0180292,-0.0321845]
	PARPACK diagonalization completed after 45 matrix-vector product operations.
	iteration results: : total energy is -22.295115 | electron energy -22.295226 + phonon energy 0.000111 | electron momentum kIdx = 0
The 2-th iteration is completed.	|| time cost : 0h 0m 24.393s
********************************************************************************************************************
Start the 3 rounds of NGS-ED iteration
	effective electronic model is modified as: kinetic energy t = 0.995306
	                                           effective interaction Vq = [ -0.838949, -0.274494,-0.0314745, -0.274494, -0.274494, -0.032306, -0.018062, -0.032306,-0.0314745, -0.018062, -0.187248, -0.018062, -0.274494, -0.032306, -0.018062, -0.032306]
	PARPACK diagonalization completed after 45 matrix-vector product operations.
	iteration results: : total energy is -22.344494 | electron energy -22.344620 + phonon energy 0.000126 | electron momentum kIdx = 0
The 3-th iteration is completed.	|| time cost : 0h 0m 24.342s
********************************************************************************************************************
Start the 4 rounds of NGS-ED iteration
	effective electronic model is modified as: kinetic energy t = 0.995276
	                                           effective interaction Vq = [ -0.840069, -0.275212,-0.0315033, -0.275212, -0.275212, -0.032344,-0.0180709, -0.032344,-0.0315033,-0.0180709, -0.187312,-0.0180709, -0.275212, -0.032344,-0.0180709, -0.032344]
	PARPACK diagonalization completed after 45 matrix-vector product operations.
	iteration results: : total energy is -22.358216 | electron energy -22.358348 + phonon energy 0.000132 | electron momentum kIdx = 0
The 4-th iteration is completed.	|| time cost : 0h 0m 24.383s
********************************************************************************************************************
Start the 5 rounds of NGS-ED iteration
	effective electronic model is modified as: kinetic energy t = 0.995265
	                                           effective interaction Vq = [  -0.84038, -0.275484, -0.031512, -0.275484, -0.275484,-0.0323559,-0.0180733,-0.0323559, -0.031512,-0.0180733,  -0.18733,-0.0180733, -0.275484,-0.0323559,-0.0180733,-0.0323559]
	PARPACK diagonalization completed after 30 matrix-vector product operations.
	iteration results: : total energy is -22.362031 | electron energy -22.362165 + phonon energy 0.000134 | electron momentum kIdx = 0
The 5-th iteration is completed.	|| time cost : 0h 0m 21.591s
********************************************************************************************************************
Start the 6 rounds of NGS-ED iteration
	effective electronic model is modified as: kinetic energy t = 0.995261
	                                           effective interaction Vq = [ -0.840467, -0.275588,-0.0315146, -0.275588, -0.275588,-0.0323597, -0.018074,-0.0323597,-0.0315146, -0.018074, -0.187335, -0.018074, -0.275588,-0.0323597, -0.018074,-0.0323597]
	PARPACK diagonalization completed after 30 matrix-vector product operations.
	iteration results: : total energy is -22.363091 | electron energy -22.363226 + phonon energy 0.000135 | electron momentum kIdx = 0
The 6-th iteration is completed.	|| time cost : 0h 0m 21.544s
********************************************************************************************************************
Start the 7 rounds of NGS-ED iteration
	effective electronic model is modified as: kinetic energy t = 0.99526
	                                           effective interaction Vq = [ -0.840491, -0.275628,-0.0315154, -0.275628, -0.275628,-0.0323609,-0.0180742,-0.0323609,-0.0315154,-0.0180742, -0.187336,-0.0180742, -0.275628,-0.0323609,-0.0180742,-0.0323609]
	PARPACK diagonalization completed after 30 matrix-vector product operations.
	iteration results: : total energy is -22.363386 | electron energy -22.363521 + phonon energy 0.000135 | electron momentum kIdx = 0
The 7-th iteration is completed.	|| time cost : 0h 0m 21.571s
********************************************************************************************************************
Start the 8 rounds of NGS-ED iteration
	effective electronic model is modified as: kinetic energy t = 0.995259
	                                           effective interaction Vq = [ -0.840497, -0.275643,-0.0315156, -0.275643, -0.275643,-0.0323612,-0.0180742,-0.0323612,-0.0315156,-0.0180742, -0.187337,-0.0180742, -0.275643,-0.0323612,-0.0180742,-0.0323612]
	PARPACK diagonalization completed after 30 matrix-vector product operations.
	iteration results: : total energy is -22.363468 | electron energy -22.363603 + phonon energy 0.000135 | electron momentum kIdx = 0
	Nq(0) = 12.25,	Nq(1) = 0.157931,	Nq(2) = 0.186067,	Nq(3) = 0.157931,	Nq(4) = 0.157931,	Nq(5) = 0.203879,	Nq(6) = 0.236754,	Nq(7) = 0.203879,	Nq(8) = 0.186067,	Nq(9) = 0.236754,	Nq(10) = 0.280645,	Nq(11) = 0.236754,	Nq(12) = 0.157931,	Nq(13) = 0.203879,	Nq(14) = 0.236754,	Nq(15) = 0.203879,	Sq(0) = 2.61444e-18,	Sq(1) = 0.471549,	Sq(2) = 0.763801,	Sq(3) = 0.471549,	Sq(4) = 0.471549,	Sq(5) = 0.628838,	Sq(6) = 1.05323,	Sq(7) = 0.628838,	Sq(8) = 0.763801,	Sq(9) = 1.05323,	Sq(10) = 2.56087,	Sq(11) = 1.05323,	Sq(12) = 0.471549,	Sq(13) = 0.628838,	Sq(14) = 1.05323,	Sq(15) = 0.628838,	N(0) = 1.75874,	N(1) = 1.59752,	N(2) = 0.320125,	N(3) = 1.59752,	N(4) = 1.59752,	N(5) = 0.998621,	N(6) = 0.263151,	N(7) = 0.998621,	N(8) = 0.320125,	N(9) = 0.263151,	N(10) = 0.163835,	N(11) = 0.263151,	N(12) = 1.59752,	N(13) = 0.998621,	N(14) = 0.263151,	N(15) = 0.998621,	Delta[s](0) = 0.0803336,	Delta[s](1) = 0.0602225,	Delta[s](2) = 0.0362601,	Delta[s](3) = 0.0602225,	Delta[s](4) = 0.0602225,	Delta[s](5) = 0.0432345,	Delta[s](6) = 0.020268,	Delta[s](7) = 0.0432345,	Delta[s](8) = 0.0362601,	Delta[s](9) = 0.020268,	Delta[s](10) = 0.000765942,	Delta[s](11) = 0.020268,	Delta[s](12) = 0.0602225,	Delta[s](13) = 0.0432345,	Delta[s](14) = 0.020268,	Delta[s](15) = 0.0432345,	Delta[d](0) = 0.292233,	Delta[d](1) = 0.198192,	Delta[d](2) = 0.207632,	Delta[d](3) = 0.198192,	Delta[d](4) = 0.198192,	Delta[d](5) = 0.183988,	Delta[d](6) = 0.137544,	Delta[d](7) = 0.183988,	Delta[d](8) = 0.207632,	Delta[d](9) = 0.137544,	Delta[d](10) = 0.055998,	Delta[d](11) = 0.137544,	Delta[d](12) = 0.198192,	Delta[d](13) = 0.183988,	Delta[d](14) = 0.137544,	Delta[d](15) = 0.183988,	Delta[s+](0) = 0.582674,	Delta[s+](1) = 0.43387,	Delta[s+](2) = 0.207632,	Delta[s+](3) = 0.43387,	Delta[s+](4) = 0.43387,	Delta[s+](5) = 0.302935,	Delta[s+](6) = 0.131,	Delta[s+](7) = 0.302935,	Delta[s+](8) = 0.207632,	Delta[s+](9) = 0.131,	Delta[s+](10) = 0.0397498,	Delta[s+](11) = 0.131,	Delta[s+](12) = 0.43387,	Delta[s+](13) = 0.302935,	Delta[s+](14) = 0.131,	Delta[s+](15) = 0.302935
The 8-th iteration is completed.	|| time cost : 0h 4m 0.87s
********************************************************************************************************************
********************************************************************************************************************
Ground state is obtained after 9 iterations. The current ground-state energy is -22.3635, in which electron energy is -22.3636 and phonon energy is 0.000135449
final variational state is: 
	Gamma_x = [      1,1.00348,1.00059,1.00348,1.00348,1.00064,1.00045,1.00064,1.00059,1.00045,1.00578,1.00045,1.00348,1.00064,1.00045,1.00064]
	lambda_q = [  0.362058,  0.145089, 0.0420822,  0.145089,  0.145089, 0.0438891,-0.0301855, 0.0438891, 0.0420822,-0.0301855,-0.0934902,-0.0301855,  0.145089, 0.0438891,-0.0301855, 0.0438891]
The effective e-e interactions mediated by phonons are: [ 0.840499, 0.275649,0.0315157, 0.275649, 0.275649,0.0323614,0.0180742,0.0323614,0.0315157,0.0180742, 0.187337,0.0180742, 0.275649,0.0323614,0.0180742,0.0323614]
The real-space interactions mediated by phonons are: [ -2.39521, -1.03534,-0.320718,-0.779768, -1.16831, -1.05856,-0.320718,-0.362264,-0.961422,-0.362264,-0.320718, -1.05856, -1.16831,-0.779768,-0.320718, -1.03534]
********************************************************************************************************************
o___o  ----------------------------------------
| L |	Time since last clock: 0h 0m 0s
A===A	Time since the beginning: 0h 28m 3.766s
***********************************************

********************************************************************************************************************
Start warm-up calculation for scaling factor 16
open output files: NGSEDWarmUpW3.2Obs.txt
********************************************************************************************************************
Start the 0 rounds of NGS-ED iteration
	effective electronic model is modified as: kinetic energy t = 0.995259
	                                           effective interaction Vq = [ -0.768075, -0.222816,-0.0246323, -0.222816, -0.222816,-0.0254362,-0.0139882,-0.0254362,-0.0246323,-0.0139882, -0.144053,-0.0139882, -0.222816,-0.0254362,-0.0139882,-0.0254362]
	PARPACK diagonalization completed after 60 matrix-vector product operations.
	iteration results: : total energy is -21.418880 | electron energy -21.418948 + phonon energy 0.000068 | electron momentum kIdx = 0
	Nq(0) = 12.25,	Nq(1) = 0.15713,	Nq(2) = 0.185771,	Nq(3) = 0.15713,	Nq(4) = 0.15713,	Nq(5) = 0.203587,	Nq(6) = 0.236331,	Nq(7) = 0.203587,	Nq(8) = 0.185771,	Nq(9) = 0.236331,	Nq(10) = 0.279238,	Nq(11) = 0.236331,	Nq(12) = 0.15713,	Nq(13) = 0.203587,	Nq(14) = 0.236331,	Nq(15) = 0.203587,	Sq(0) = 6.71092e-19,	Sq(1) = 0.472041,	Sq(2) = 0.76447,	Sq(3) = 0.472041,	Sq(4) = 0.472041,	Sq(5) = 0.629298,	Sq(6) = 1.05358,	Sq(7) = 0.629298,	Sq(8) = 0.76447,	Sq(9) = 1.05358,	Sq(10) = 2.56243,	Sq(11) = 1.05358,	Sq(12) = 0.472041,	Sq(13) = 0.629298,	Sq(14) = 1.05358,	Sq(15) = 0.629298,	N(0) = 1.75755,	N(1) = 1.59569,	N(2) = 0.321206,	N(3) = 1.59569,	N(4) = 1.59569,	N(5) = 0.998872,	N(6) = 0.264331,	N(7) = 0.998872,	N(8) = 0.321206,	N(9) = 0.264331,	N(10) = 0.164455,	N(11) = 0.264331,	N(12) = 1.59569,	N(13) = 0.998872,	N(14) = 0.264331,	N(15) = 0.998872,	Delta[s](0) = 0.0798711,	Delta[s](1) = 0.0598641,	Delta[s](2) = 0.0360416,	Delta[s](3) = 0.0598641,	Delta[s](4) = 0.0598641,	Delta[s](5) = 0.0429517,	Delta[s](6) = 0.0201296,	Delta[s](7) = 0.0429517,	Delta[s](8) = 0.0360416,	Delta[s](9) = 0.0201296,	Delta[s](10) = 0.000750885,	Delta[s](11) = 0.0201296,	Delta[s](12) = 0.0598641,	Delta[s](13) = 0.0429517,	Delta[s](14) = 0.0201296,	Delta[s](15) = 0.0429517,	Delta[d](0) = 0.293664,	Delta[d](1) = 0.200093,	Delta[d](2) = 0.209573,	Delta[d](3) = 0.200093,	Delta[d](4) = 0.200093,	Delta[d](5) = 0.185719,	Delta[d](6) = 0.138986,	Delta[d](7) = 0.185719,	Delta[d](8) = 0.209573,	Delta[d](9) = 0.138986,	Delta[d](10) = 0.0565506,	Delta[d](11) = 0.138986,	Delta[d](12) = 0.200093,	Delta[d](13) = 0.185719,	Delta[d](14) = 0.138986,	Delta[d](15) = 0.185719,	Delta[s+](0) = 0.587497,	Delta[s+](1) = 0.437491,	Delta[s+](2) = 0.209573,	Delta[s+](3) = 0.437491,	Delta[s+](4) = 0.437491,	Delta[s+](5) = 0.305584,	Delta[s+](6) = 0.132319,	Delta[s+](7) = 0.305584,	Delta[s+](8) = 0.209573,	Delta[s+](9) = 0.132319,	Delta[s+](10) = 0.0402401,	Delta[s+](11) = 0.132319,	Delta[s+](12) = 0.437491,	Delta[s+](13) = 0.305584,	Delta[s+](14) = 0.132319,	Delta[s+](15) = 0.305584
The 0-th iteration is completed.	|| time cost : 0h 4m 3.895s
********************************************************************************************************************
Start the 1 rounds of NGS-ED iteration
	effective electronic model is modified as: kinetic energy t = 0.995299
	                                           effective interaction Vq = [ -0.802311, -0.226639,-0.0242005, -0.226639, -0.226639,-0.0251811,-0.0135328,-0.0251811,-0.0242005,-0.0135328, -0.137617,-0.0135328, -0.226639,-0.0251811,-0.0135328,-0.0251811]
	PARPACK diagonalization completed after 45 matrix-vector product operations.
	iteration results: : total energy is -21.838691 | electron energy -21.838835 + phonon energy 0.000145 | electron momentum kIdx = 0
The 1-th iteration is completed.	|| time cost : 0h 0m 24.494s
********************************************************************************************************************
Start the 2 rounds of NGS-ED iteration
	effective electronic model is modified as: kinetic energy t = 0.995287
	                                           effective interaction Vq = [ -0.820363,  -0.22865,-0.0240224,  -0.22865,  -0.22865,-0.0250712,-0.0133618,-0.0250712,-0.0240224,-0.0133618,  -0.13544,-0.0133618,  -0.22865,-0.0250712,-0.0133618,-0.0250712]
	PARPACK diagonalization completed after 45 matrix-vector product operations.
	iteration results: : total energy is -22.059918 | electron energy -22.060114 + phonon energy 0.000196 | electron momentum kIdx = 0
The 2-th iteration is completed.	|| time cost : 0h 0m 24.431s
********************************************************************************************************************
Start the 3 rounds of NGS-ED iteration
	effective electronic model is modified as: kinetic energy t = 0.99527
	                                           effective interaction Vq = [ -0.829882,  -0.22972,-0.0239496,  -0.22972,  -0.22972,-0.0250241,-0.0132982,-0.0250241,-0.0239496,-0.0132982, -0.134718,-0.0132982,  -0.22972,-0.0250241,-0.0132982,-0.0250241]
	PARPACK diagonalization completed after 45 matrix-vector product operations.
	iteration results: : total energy is -22.176545 | electron energy -22.176773 + phonon energy 0.000228 | electron momentum kIdx = 0
The 3-th iteration is completed.	|| time cost : 0h 0m 24.461s
********************************************************************************************************************
Start the 4 rounds of NGS-ED iteration
	effective electronic model is modified as: kinetic energy t = 0.995257
	                                           effective interaction Vq = [ -0.834901, -0.230292,-0.0239199, -0.230292, -0.230292, -0.025004,-0.0132747, -0.025004,-0.0239199,-0.0132747, -0.134482,-0.0132747, -0.230292, -0.025004,-0.0132747, -0.025004]
	PARPACK diagonalization completed after 45 matrix-vector product operations.
	iteration results: : total energy is -22.238036 | electron energy -22.238283 + phonon energy 0.000246 | electron momentum kIdx = 0
The 4-th iteration is completed.	|| time cost : 0h 0m 24.46s
********************************************************************************************************************
Start the 5 rounds of NGS-ED iteration
	effective electronic model is modified as: kinetic energy t = 0.995249
	                                           effective interaction Vq = [ -0.837548,   -0.2306,-0.0239078,   -0.2306,   -0.2306,-0.0249955,-0.0132661,-0.0249955,-0.0239078,-0.0132661, -0.134407,-0.0132661,   -0.2306,-0.0249955,-0.0132661,-0.0249955]
	PARPACK diagonalization completed after 30 matrix-vector product operations.
	iteration results: : total energy is -22.270459 | electron energy -22.270716 + phonon energy 0.000257 | electron momentum kIdx = 0
The 5-th iteration is completed.	|| time cost : 0h 0m 21.61s
********************************************************************************************************************
Start the 6 rounds of NGS-ED iteration
	effective electronic model is modified as: kinetic energy t = 0.995244
	                                           effective interaction Vq = [ -0.838943, -0.230766,-0.0239029, -0.230766, -0.230766,-0.0249919,-0.0132629,-0.0249919,-0.0239029,-0.0132629, -0.134383,-0.0132629, -0.230766,-0.0249919,-0.0132629,-0.0249919]
	PARPACK diagonalization completed after 30 matrix-vector product operations.
	iteration results: : total energy is -22.287555 | electron energy -22.287818 + phonon energy 0.000264 | electron momentum kIdx = 0
The 6-th iteration is completed.	|| time cost : 0h 0m 21.632s
********************************************************************************************************************
Start the 7 rounds of NGS-ED iteration
	effective electronic model is modified as: kinetic energy t = 0.995241
	                                           effective interaction Vq = [ -0.839679, -0.230855, -0.023901, -0.230855, -0.230855,-0.0249904,-0.0132617,-0.0249904, -0.023901,-0.0132617, -0.134377,-0.0132617, -0.230855,-0.0249904,-0.0132617,-0.0249904]
	PARPACK diagonalization completed after 30 matrix-vector product operations.
	iteration results: : total energy is -22.296569 | electron energy -22.296836 + phonon energy 0.000267 | electron momentum kIdx = 0
The 7-th iteration is completed.	|| time cost : 0h 0m 21.625s
********************************************************************************************************************
Start the 8 rounds of NGS-ED iteration
	effective electronic model is modified as: kinetic energy t = 0.99524
	                                           effective interaction Vq = [ -0.840067, -0.230904,-0.0239002, -0.230904, -0.230904,-0.0249897,-0.0132613,-0.0249897,-0.0239002,-0.0132613, -0.134375,-0.0132613, -0.230904,-0.0249897,-0.0132613,-0.0249897]
	PARPACK diagonalization completed after 30 matrix-vector product operations.
	iteration results: : total energy is -22.301322 | electron energy -22.301591 + phonon energy 0.000269 | electron momentum kIdx = 0
The 8-th iteration is completed.	|| time cost : 0h 0m 21.634s
********************************************************************************************************************
Start the 9 rounds of NGS-ED iteration
	effective electronic model is modified as: kinetic energy t = 0.995239
	                                           effective interaction Vq = [ -0.840272,  -0.23093,-0.0238999,  -0.23093,  -0.23093,-0.0249895,-0.0132611,-0.0249895,-0.0238999,-0.0132611, -0.134375,-0.0132611,  -0.23093,-0.0249895,-0.0132611,-0.0249895]
	PARPACK diagonalization completed after 30 matrix-vector product operations.
	iteration results: : total energy is -22.303829 | electron energy -22.304099 + phonon energy 0.000270 | electron momentum kIdx = 0
The 9-th iteration is completed.	|| time cost : 0h 0m 21.88s
********************************************************************************************************************
Start the 10 rounds of NGS-ED iteration
	effective electronic model is modified as: kinetic energy t = 0.995238
	                                           effective interaction Vq = [  -0.84038, -0.230945,-0.0238998, -0.230945, -0.230945,-0.0249893,-0.0132611,-0.0249893,-0.0238998,-0.0132611, -0.134375,-0.0132611, -0.230945,-0.0249893,-0.0132611,-0.0249893]
	PARPACK diagonalization completed after 30 matrix-vector product operations.
	iteration results: : total energy is -22.305150 | electron energy -22.305421 + phonon energy 0.000271 | electron momentum kIdx = 0
The 10-th iteration is completed.	|| time cost : 0h 0m 21.604s
********************************************************************************************************************
Start the 11 rounds of NGS-ED iteration
	effective electronic model is modified as: kinetic energy t = 0.995238
	                                           effective interaction Vq = [ -0.840437, -0.230953,-0.0238997, -0.230953, -0.230953,-0.0249893,-0.0132611,-0.0249893,-0.0238997,-0.0132611, -0.134375,-0.0132611, -0.230953,-0.0249893,-0.0132611,-0.0249893]
	PARPACK diagonalization completed after 30 matrix-vector product operations.
	iteration results: : total energy is -22.305847 | electron energy -22.306118 + phonon energy 0.000271 | electron momentum kIdx = 0
The 11-th iteration is completed.	|| time cost : 0h 0m 21.619s
********************************************************************************************************************
Start the 12 rounds of NGS-ED iteration
	effective electronic model is modified as: kinetic energy t = 0.995238
	                                           effective interaction Vq = [ -0.840467, -0.230957,-0.0238997, -0.230957, -0.230957,-0.0249893,-0.0132611,-0.0249893,-0.0238997,-0.0132611, -0.134375,-0.0132611, -0.230957,-0.0249893,-0.0132611,-0.0249893]
	PARPACK diagonalization completed after 30 matrix-vector product operations.
	iteration results: : total energy is -22.306214 | electron energy -22.306486 + phonon energy 0.000271 | electron momentum kIdx = 0
The 12-th iteration is completed.	|| time cost : 0h 0m 21.583s
********************************************************************************************************************
Start the 13 rounds of NGS-ED iteration
	effective electronic model is modified as: kinetic energy t = 0.995238
	                                           effective interaction Vq = [ -0.840482, -0.230959,-0.0238997, -0.230959, -0.230959,-0.0249893,-0.0132611,-0.0249893,-0.0238997,-0.0132611, -0.134375,-0.0132611, -0.230959,-0.0249893,-0.0132611,-0.0249893]
	PARPACK diagonalization completed after 30 matrix-vector product operations.
	iteration results: : total energy is -22.306408 | electron energy -22.306680 + phonon energy 0.000272 | electron momentum kIdx = 0
