SNEDics v3.4 Non-Gaussian ED ground state program		Start at Wed Oct  2 00:24:24 2019

parallized on 16 MPI threads  * 8 OpenMP threads = 128 total threads.
********************************************************************************************************************
********************************************************************************************************************

********************************************************************************************************************
System parameters and configurations
********************************************************************************************************************
Special program options are enabled: splitted diagonal Hamiltonian
********************************************************************************************************************
Read input file "model_params.in"
	Hubbard-Holstein model parameters : 	t = 1    U = 5.1    g = 4.1231    W = 5    
********************************************************************************************************************
Read input file "hilbertspace_params.in"
	Requested 16-site 2D lattice, with 16 electrons (8, 8)
	Boundary : Periodic		Hilbert space representation : momentum-space (restricted to kIdx = 10)
	Conservation: particle number[U(1)]      spin[U(1)]     momentum
********************************************************************************************************************

Cluster Positions:				Cluster symmetry group : D4
 x ... x ... x ... x .....                       x ... x ... x ... x .....
 |           |           :                       |           |           :
 |           |           :                       |           |           :
12    13    14    15     x                       1     5     6     5     x
 |           |           :                       |           |           :
 |           |           :                       |           |           :
 8 --- 9 ---10 ---11 --- x                       2 --- 6 ---10 --- 6 --- x
 |           |           :                       |           |           :
 |           |           :                       |           |           :
 4     5     6     7     x                       1     5     6     5     x
 |           |           :                       |           |           :
 |           |           :                       |           |           :
 0 --- 1 --- 2 --- 3 --- x                       0 --- 1 --- 2 --- 1 --- x
orbital number : 1
********************************************************************************************************************
Read input file "obs_params.in"
	Observable Type : Nq(All),   Sq(All),   N(All),   Delta[s](All),   Delta[d](All),   Delta[s+](All)
********************************************************************************************************************
** WARNING ** the input observables have non-local factors which have been reinterpreted. The total observable number is 96
********************************************************************************************************************


********************************************************************************************************************
Start calculating the non-Gaussian ED ground state
** WARNING ** Detected low phonon energy W < 10. The initial state will be prepared through a warm-up process.
********************************************************************************************************************
Start warm-up calculation for scaling factor 2
open output files: NGSEDWarmUpW10Obs.txt
********************************************************************************************************************
Start the 0 rounds of NGS-ED iteration
	effective electronic model is modified as: kinetic energy t = 1
	                                           effective interaction Vq = [-0,-0,-0,-0,-0,-0,-0,-0,-0,-0,-0,-0,-0,-0,-0,-0]
	first Hamiltonian is constructed, non-zero numbers = 2845334624
	PARPACK diagonalization completed after 90 matrix-vector product operations.
	iteration results: : total energy is -11.611145 | electron energy -11.611145 + phonon energy 0.000000 | electron momentum kIdx = 10
	Nq(0) = 16,	Nq(1) = 0.125884,	Nq(2) = 0.19358,	Nq(3) = 0.125884,	Nq(4) = 0.125884,	Nq(5) = 0.19358,	Nq(6) = 0.262672,	Nq(7) = 0.19358,	Nq(8) = 0.19358,	Nq(9) = 0.262672,	Nq(10) = 0.32053,	Nq(11) = 0.262672,	Nq(12) = 0.125884,	Nq(13) = 0.19358,	Nq(14) = 0.262672,	Nq(15) = 0.19358,	Sq(0) = 9.48061e-19,	Sq(1) = 0.286493,	Sq(2) = 0.409396,	Sq(3) = 0.286493,	Sq(4) = 0.286493,	Sq(5) = 0.409396,	Sq(6) = 0.607134,	Sq(7) = 0.409396,	Sq(8) = 0.409396,	Sq(9) = 0.607134,	Sq(10) = 6.93288,	Sq(11) = 0.607134,	Sq(12) = 0.286493,	Sq(13) = 0.409396,	Sq(14) = 0.607134,	Sq(15) = 0.409396,	N(0) = 1.89246,	N(1) = 1.76337,	N(2) = 1,	N(3) = 1.76337,	N(4) = 1.76337,	N(5) = 1,	N(6) = 0.236634,	N(7) = 1,	N(8) = 1,	N(9) = 0.236634,	N(10) = 0.10754,	N(11) = 0.236634,	N(12) = 1.76337,	N(13) = 1,	N(14) = 0.236634,	N(15) = 1,	Delta[s](0) = 0.141739,	Delta[s](1) = 0.120974,	Delta[s](2) = 0.0962421,	Delta[s](3) = 0.120974,	Delta[s](4) = 0.120974,	Delta[s](5) = 0.0962421,	Delta[s](6) = 0.0719695,	Delta[s](7) = 0.0962421,	Delta[s](8) = 0.0962421,	Delta[s](9) = 0.0719695,	Delta[s](10) = 0.0271495,	Delta[s](11) = 0.0719695,	Delta[s](12) = 0.120974,	Delta[s](13) = 0.0962421,	Delta[s](14) = 0.0719695,	Delta[s](15) = 0.0962421,	Delta[d](0) = 0.528563,	Delta[d](1) = 0.414812,	Delta[d](2) = 0.347887,	Delta[d](3) = 0.414812,	Delta[d](4) = 0.414812,	Delta[d](5) = 0.386315,	Delta[d](6) = 0.319864,	Delta[d](7) = 0.386315,	Delta[d](8) = 0.347887,	Delta[d](9) = 0.319864,	Delta[d](10) = 0.259619,	Delta[d](11) = 0.319864,	Delta[d](12) = 0.414812,	Delta[d](13) = 0.386315,	Delta[d](14) = 0.319864,	Delta[d](15) = 0.386315,	Delta[s+](0) = 0.595236,	Delta[s+](1) = 0.491703,	Delta[s+](2) = 0.347887,	Delta[s+](3) = 0.491703,	Delta[s+](4) = 0.491703,	Delta[s+](5) = 0.347887,	Delta[s+](6) = 0.207335,	Delta[s+](7) = 0.347887,	Delta[s+](8) = 0.347887,	Delta[s+](9) = 0.207335,	Delta[s+](10) = 0.0923281,	Delta[s+](11) = 0.207335,	Delta[s+](12) = 0.491703,	Delta[s+](13) = 0.347887,	Delta[s+](14) = 0.207335,	Delta[s+](15) = 0.347887
The 0-th iteration is completed.	|| time cost : 0h 8m 29.67s
********************************************************************************************************************
Start the 1 rounds of NGS-ED iteration
	effective electronic model is modified as: kinetic energy t = 0.919776
	                                           effective interaction Vq = [-2.93985,-2.64272,-2.55797,-2.64272,-2.64272,-2.55797,-2.52138,-2.55797,-2.55797,-2.52138,-2.48637,-2.52138,-2.64272,-2.55797,-2.52138,-2.55797]
	PARPACK diagonalization completed after 45 matrix-vector product operations.
	iteration results: : total energy is -69.167721 | electron energy -69.173168 + phonon energy 0.005447 | electron momentum kIdx = 10
The 1-th iteration is completed.	|| time cost : 0h 7m 31.482s
********************************************************************************************************************
Start the 2 rounds of NGS-ED iteration
	effective electronic model is modified as: kinetic energy t = 0.846607
	                                           effective interaction Vq = [-3.33772,-3.19877,-3.16189,-3.19877,-3.19877,-3.16189,-3.08339,-3.16189,-3.16189,-3.08339,-3.00399,-3.08339,-3.19877,-3.16189,-3.08339,-3.16189]
	PARPACK diagonalization completed after 45 matrix-vector product operations.
	iteration results: : total energy is -78.852892 | electron energy -78.906527 + phonon energy 0.053636 | electron momentum kIdx = 10
The 2-th iteration is completed.	|| time cost : 0h 0m 32.018s
********************************************************************************************************************
Start the 3 rounds of NGS-ED iteration
	effective electronic model is modified as: kinetic energy t = 0.816302
	                                           effective interaction Vq = [-3.39156,-3.31142,-3.29365,-3.31142,-3.31142,-3.29365,-3.22036,-3.29365,-3.29365,-3.22036,-3.13814,-3.22036,-3.31142,-3.29365,-3.22036,-3.29365]
	PARPACK diagonalization completed after 30 matrix-vector product operations.
	iteration results: : total energy is -80.191378 | electron energy -80.287877 + phonon energy 0.096499 | electron momentum kIdx = 10
The 3-th iteration is completed.	|| time cost : 0h 0m 27.605s
********************************************************************************************************************
Start the 4 rounds of NGS-ED iteration
	effective electronic model is modified as: kinetic energy t = 0.805
	                                           effective interaction Vq = [-3.39885,-3.34006,-3.32842,-3.34006,-3.34006,-3.32842,-3.26124,-3.32842,-3.32842,-3.26124, -3.1807,-3.26124,-3.34006,-3.32842,-3.26124,-3.32842]
	PARPACK diagonalization completed after 30 matrix-vector product operations.
	iteration results: : total energy is -80.370905 | electron energy -80.487394 + phonon energy 0.116489 | electron momentum kIdx = 10
The 4-th iteration is completed.	|| time cost : 0h 0m 27.336s
********************************************************************************************************************
Start the 5 rounds of NGS-ED iteration
	effective electronic model is modified as: kinetic energy t = 0.800913
	                                           effective interaction Vq = [-3.39984,-3.34868,-3.33905,-3.34868,-3.34868,-3.33905,-3.27499,-3.33905,-3.33905,-3.27499,-3.19554,-3.27499,-3.34868,-3.33905,-3.27499,-3.33905]
	PARPACK diagonalization completed after 105 matrix-vector product operations.
	iteration results: : total energy is -80.862262 | electron energy -80.986591 + phonon energy 0.124329 | electron momentum kIdx = 10
The 5-th iteration is completed.	|| time cost : 0h 0m 51.078s
********************************************************************************************************************
Start the 6 rounds of NGS-ED iteration
	effective electronic model is modified as: kinetic energy t = 0.796752
	                                           effective interaction Vq = [-3.39997,-3.34692,-3.34793,-3.34692,-3.34692,-3.34793,  -3.272,-3.34793,-3.34793,  -3.272,-3.29027,  -3.272,-3.34692,-3.34793,  -3.272,-3.34793]
	PARPACK diagonalization completed after 45 matrix-vector product operations.
	iteration results: : total energy is -80.937491 | electron energy -81.068327 + phonon energy 0.130836 | electron momentum kIdx = 10
The 6-th iteration is completed.	|| time cost : 0h 0m 32.316s
********************************************************************************************************************
Start the 7 rounds of NGS-ED iteration
	effective electronic model is modified as: kinetic energy t = 0.796072
	                                           effective interaction Vq = [-3.39999,-3.34679,-3.33234,-3.34679,-3.34679,-3.33234,-3.27202,-3.33234,-3.33234,-3.27202,-3.36039,-3.27202,-3.34679,-3.33234,-3.27202,-3.33234]
	PARPACK diagonalization completed after 45 matrix-vector product operations.
	iteration results: : total energy is -81.142848 | electron energy -81.277780 + phonon energy 0.134932 | electron momentum kIdx = 10
The 7-th iteration is completed.	|| time cost : 0h 0m 32.073s
********************************************************************************************************************
Start the 8 rounds of NGS-ED iteration
	effective electronic model is modified as: kinetic energy t = 0.804701
	                                           effective interaction Vq = [-3.39999,-3.33731,-3.26738,-3.33731,-3.33731,-3.26738, -3.2585,-3.26738,-3.26738, -3.2585,-3.38628, -3.2585,-3.33731,-3.26738, -3.2585,-3.26738]
	PARPACK diagonalization completed after 30 matrix-vector product operations.
	iteration results: : total energy is -81.274682 | electron energy -81.406513 + phonon energy 0.131831 | electron momentum kIdx = 10
The 8-th iteration is completed.	|| time cost : 0h 0m 27.315s
********************************************************************************************************************
Start the 9 rounds of NGS-ED iteration
	effective electronic model is modified as: kinetic energy t = 0.809201
	                                           effective interaction Vq = [-3.39999,-3.32869,-3.23246,-3.32869,-3.32869,-3.23246, -3.2467,-3.23246,-3.23246, -3.2467,-3.39241, -3.2467,-3.32869,-3.23246, -3.2467,-3.23246]
	PARPACK diagonalization completed after 30 matrix-vector product operations.
	iteration results: : total energy is -81.296907 | electron energy -81.425129 + phonon energy 0.128222 | electron momentum kIdx = 10
The 9-th iteration is completed.	|| time cost : 0h 0m 27.316s
********************************************************************************************************************
Start the 10 rounds of NGS-ED iteration
	effective electronic model is modified as: kinetic energy t = 0.811179
	                                           effective interaction Vq = [-3.39999,-3.32373,-3.21807,-3.32373,-3.32373,-3.21807,-3.24005,-3.21807,-3.21807,-3.24005,-3.39414,-3.24005,-3.32373,-3.21807,-3.24005,-3.21807]
	PARPACK diagonalization completed after 30 matrix-vector product operations.
	iteration results: : total energy is -81.300281 | electron energy -81.426448 + phonon energy 0.126166 | electron momentum kIdx = 10
	Nq(0) = 16,	Nq(1) = 0.313955,	Nq(2) = 0.361414,	Nq(3) = 0.313955,	Nq(4) = 0.313955,	Nq(5) = 0.361414,	Nq(6) = 0.580762,	Nq(7) = 0.361414,	Nq(8) = 0.361414,	Nq(9) = 0.580762,	Nq(10) = 5.12405,	Nq(11) = 0.580762,	Nq(12) = 0.313955,	Nq(13) = 0.361414,	Nq(14) = 0.580762,	Nq(15) = 0.361414,	Sq(0) = -9.62323e-20,	Sq(1) = 0.242962,	Sq(2) = 0.309033,	Sq(3) = 0.242962,	Sq(4) = 0.242962,	Sq(5) = 0.309033,	Sq(6) = 0.446974,	Sq(7) = 0.309033,	Sq(8) = 0.309033,	Sq(9) = 0.446974,	Sq(10) = 0.514653,	Sq(11) = 0.446974,	Sq(12) = 0.242962,	Sq(13) = 0.309033,	Sq(14) = 0.446974,	Sq(15) = 0.309033,	N(0) = 1.98086,	N(1) = 1.94867,	N(2) = 1,	N(3) = 1.94867,	N(4) = 1.94867,	N(5) = 1,	N(6) = 0.0513348,	N(7) = 1,	N(8) = 1,	N(9) = 0.0513348,	N(10) = 0.0191429,	N(11) = 0.0513348,	N(12) = 1.94867,	N(13) = 1,	N(14) = 0.0513348,	N(15) = 1,	Delta[s](0) = 0.473604,	Delta[s](1) = 0.361199,	Delta[s](2) = 0.345316,	Delta[s](3) = 0.361199,	Delta[s](4) = 0.361199,	Delta[s](5) = 0.345316,	Delta[s](6) = 0.294745,	Delta[s](7) = 0.345316,	Delta[s](8) = 0.345316,	Delta[s](9) = 0.294745,	Delta[s](10) = 0.266424,	Delta[s](11) = 0.294745,	Delta[s](12) = 0.361199,	Delta[s](13) = 0.345316,	Delta[s](14) = 0.294745,	Delta[s](15) = 0.345316,	Delta[d](0) = 0.217392,	Delta[d](1) = 0.208898,	Delta[d](2) = 0.210409,	Delta[d](3) = 0.208898,	Delta[d](4) = 0.208898,	Delta[d](5) = 0.139806,	Delta[d](6) = 0.16978,	Delta[d](7) = 0.139806,	Delta[d](8) = 0.210409,	Delta[d](9) = 0.16978,	Delta[d](10) = 0.0621894,	Delta[d](11) = 0.16978,	Delta[d](12) = 0.208898,	Delta[d](13) = 0.139806,	Delta[d](14) = 0.16978,	Delta[d](15) = 0.139806,	Delta[s+](0) = 0.405755,	Delta[s+](1) = 0.322699,	Delta[s+](2) = 0.210409,	Delta[s+](3) = 0.322699,	Delta[s+](4) = 0.322699,	Delta[s+](5) = 0.210409,	Delta[s+](6) = 0.0961613,	Delta[s+](7) = 0.210409,	Delta[s+](8) = 0.210409,	Delta[s+](9) = 0.0961613,	Delta[s+](10) = 0.034801,	Delta[s+](11) = 0.0961613,	Delta[s+](12) = 0.322699,	Delta[s+](13) = 0.210409,	Delta[s+](14) = 0.0961613,	Delta[s+](15) = 0.210409
The 10-th iteration is completed.	|| time cost : 0h 4m 35.823s
********************************************************************************************************************
Start the 11 rounds of NGS-ED iteration
	effective electronic model is modified as: kinetic energy t = 0.812034
	                                           effective interaction Vq = [-3.39999,-3.32124,-3.21242,-3.32124,-3.32124,-3.21242,-3.23674,-3.21242,-3.21242,-3.23674,-3.39469,-3.23674,-3.32124,-3.21242,-3.23674,-3.21242]
	PARPACK diagonalization completed after 30 matrix-vector product operations.
	iteration results: : total energy is -81.300810 | electron energy -81.425962 + phonon energy 0.125152 | electron momentum kIdx = 10
The 11-th iteration is completed.	|| time cost : 0h 0m 27.323s
********************************************************************************************************************
Start the 12 rounds of NGS-ED iteration
	effective electronic model is modified as: kinetic energy t = 0.812401
	                                           effective interaction Vq = [-3.39999,-3.32008,-3.21022,-3.32008,-3.32008,-3.21022,-3.23518,-3.21022,-3.21022,-3.23518,-3.39489,-3.23518,-3.32008,-3.21022,-3.23518,-3.21022]
	PARPACK diagonalization completed after 30 matrix-vector product operations.
	iteration results: : total energy is -81.300896 | electron energy -81.425574 + phonon energy 0.124678 | electron momentum kIdx = 10
The 12-th iteration is completed.	|| time cost : 0h 0m 27.372s
********************************************************************************************************************
Start the 13 rounds of NGS-ED iteration
	effective electronic model is modified as: kinetic energy t = 0.812558
	                                           effective interaction Vq = [-3.39999,-3.31955,-3.20936,-3.31955,-3.31955,-3.20936,-3.23446,-3.20936,-3.20936,-3.23446,-3.39496,-3.23446,-3.31955,-3.20936,-3.23446,-3.20936]
	PARPACK diagonalization completed after 30 matrix-vector product operations.
	iteration results: : total energy is -81.300911 | electron energy -81.425374 + phonon energy 0.124463 | electron momentum kIdx = 10
The 13-th iteration is completed.	|| time cost : 0h 0m 27.341s
********************************************************************************************************************
Start the 14 rounds of NGS-ED iteration
	effective electronic model is modified as: kinetic energy t = 0.812625
	                                           effective interaction Vq = [-3.39999,-3.31931,-3.20902,-3.31931,-3.31931,-3.20902,-3.23414,-3.20902,-3.20902,-3.23414,-3.39498,-3.23414,-3.31931,-3.20902,-3.23414,-3.20902]
	PARPACK diagonalization completed after 30 matrix-vector product operations.
	iteration results: : total energy is -81.300913 | electron energy -81.425281 + phonon energy 0.124367 | electron momentum kIdx = 10
	Nq(0) = 16,	Nq(1) = 0.311892,	Nq(2) = 0.359832,	Nq(3) = 0.311892,	Nq(4) = 0.311892,	Nq(5) = 0.359832,	Nq(6) = 0.577732,	Nq(7) = 0.359832,	Nq(8) = 0.359832,	Nq(9) = 0.577732,	Nq(10) = 5.15791,	Nq(11) = 0.577732,	Nq(12) = 0.311892,	Nq(13) = 0.359832,	Nq(14) = 0.577732,	Nq(15) = 0.359832,	Sq(0) = -1.98663e-19,	Sq(1) = 0.242505,	Sq(2) = 0.308815,	Sq(3) = 0.242505,	Sq(4) = 0.242505,	Sq(5) = 0.308815,	Sq(6) = 0.446733,	Sq(7) = 0.308815,	Sq(8) = 0.308815,	Sq(9) = 0.446733,	Sq(10) = 0.51476,	Sq(11) = 0.446733,	Sq(12) = 0.242505,	Sq(13) = 0.308815,	Sq(14) = 0.446733,	Sq(15) = 0.308815,	N(0) = 1.98075,	N(1) = 1.94813,	N(2) = 1,	N(3) = 1.94813,	N(4) = 1.94813,	N(5) = 1,	N(6) = 0.051868,	N(7) = 1,	N(8) = 1,	N(9) = 0.051868,	N(10) = 0.0192471,	N(11) = 0.051868,	N(12) = 1.94813,	N(13) = 1,	N(14) = 0.051868,	N(15) = 1,	Delta[s](0) = 0.472213,	Delta[s](1) = 0.361436,	Delta[s](2) = 0.34543,	Delta[s](3) = 0.361436,	Delta[s](4) = 0.361436,	Delta[s](5) = 0.34543,	Delta[s](6) = 0.295043,	Delta[s](7) = 0.34543,	Delta[s](8) = 0.34543,	Delta[s](9) = 0.295043,	Delta[s](10) = 0.266985,	Delta[s](11) = 0.295043,	Delta[s](12) = 0.361436,	Delta[s](13) = 0.34543,	Delta[s](14) = 0.295043,	Delta[s](15) = 0.34543,	Delta[d](0) = 0.21683,	Delta[d](1) = 0.208218,	Delta[d](2) = 0.210017,	Delta[d](3) = 0.208218,	Delta[d](4) = 0.208218,	Delta[d](5) = 0.139231,	Delta[d](6) = 0.169051,	Delta[d](7) = 0.139231,	Delta[d](8) = 0.210017,	Delta[d](9) = 0.169051,	Delta[d](10) = 0.0615966,	Delta[d](11) = 0.169051,	Delta[d](12) = 0.208218,	Delta[d](13) = 0.139231,	Delta[d](14) = 0.169051,	Delta[d](15) = 0.139231,	Delta[s+](0) = 0.405787,	Delta[s+](1) = 0.322416,	Delta[s+](2) = 0.210017,	Delta[s+](3) = 0.322416,	Delta[s+](4) = 0.322416,	Delta[s+](5) = 0.210017,	Delta[s+](6) = 0.0956776,	Delta[s+](7) = 0.210017,	Delta[s+](8) = 0.210017,	Delta[s+](9) = 0.0956776,	Delta[s+](10) = 0.0344857,	Delta[s+](11) = 0.0956776,	Delta[s+](12) = 0.322416,	Delta[s+](13) = 0.210017,	Delta[s+](14) = 0.0956776,	Delta[s+](15) = 0.210017
The 14-th iteration is completed.	|| time cost : 0h 4m 38.945s
********************************************************************************************************************
********************************************************************************************************************
Ground state is obtained after 15 iterations. The current ground-state energy is -81.3009, in which electron energy is -81.4253 and phonon energy is 0.124367
final variational state is: 
	Gamma_x = [      1,1.02805,1.04525,1.02805,1.02805,1.04525,1.06993,1.04525,1.04525,1.06993,1.13756,1.06993,1.02805,1.04525,1.06993,1.04525]
	lambda_q = [0.583094,0.493214,0.444853,0.493214,0.493214,0.444853,0.454257,0.444853,0.444853,0.454257, 0.56074,0.454257,0.493214,0.444853,0.454257,0.444853]
********************************************************************************************************************
o___o  ----------------------------------------
| L |	Time since last clock: 0h 0m 0s
A===A	Time since the beginning: 0h 30m 55.02s
***********************************************


********************************************************************************************************************
Warm up runs have been completed. Start calculating W = 5 phonon.
open output files: NGSEDIterationObs.txt
********************************************************************************************************************
Start the 0 rounds of NGS-ED iteration
	effective electronic model is modified as: kinetic energy t = 0.812654
	                                           effective interaction Vq = [-3.10832,-2.85084,-2.67887,-2.85084,-2.85084,-2.67887,-2.71415,-2.67887,-2.67887,-2.71415,-3.05183,-2.71415,-2.85084,-2.67887,-2.71415,-2.67887]
	PARPACK diagonalization completed after 30 matrix-vector product operations.
	iteration results: : total energy is -72.126283 | electron energy -72.188446 + phonon energy 0.062163 | electron momentum kIdx = 10
	Nq(0) = 16,	Nq(1) = 0.305929,	Nq(2) = 0.345297,	Nq(3) = 0.305929,	Nq(4) = 0.305929,	Nq(5) = 0.345297,	Nq(6) = 0.540987,	Nq(7) = 0.345297,	Nq(8) = 0.345297,	Nq(9) = 0.540987,	Nq(10) = 4.79476,	Nq(11) = 0.540987,	Nq(12) = 0.305929,	Nq(13) = 0.345297,	Nq(14) = 0.540987,	Nq(15) = 0.345297,	Sq(0) = 3.8869e-20,	Sq(1) = 0.278777,	Sq(2) = 0.336177,	Sq(3) = 0.278777,	Sq(4) = 0.278777,	Sq(5) = 0.336177,	Sq(6) = 0.509889,	Sq(7) = 0.336177,	Sq(8) = 0.336177,	Sq(9) = 0.509889,	Sq(10) = 0.574074,	Sq(11) = 0.509889,	Sq(12) = 0.278777,	Sq(13) = 0.336177,	Sq(14) = 0.509889,	Sq(15) = 0.336177,	N(0) = 1.99058,	N(1) = 1.9705,	N(2) = 1,	N(3) = 1.9705,	N(4) = 1.9705,	N(5) = 1,	N(6) = 0.0294979,	N(7) = 1,	N(8) = 1,	N(9) = 0.0294979,	N(10) = 0.00942494,	N(11) = 0.0294979,	N(12) = 1.9705,	N(13) = 1,	N(14) = 0.0294979,	N(15) = 1,	Delta[s](0) = 0.40114,	Delta[s](1) = 0.337232,	Delta[s](2) = 0.325859,	Delta[s](3) = 0.337232,	Delta[s](4) = 0.337232,	Delta[s](5) = 0.325859,	Delta[s](6) = 0.28718,	Delta[s](7) = 0.325859,	Delta[s](8) = 0.325859,	Delta[s](9) = 0.28718,	Delta[s](10) = 0.27316,	Delta[s](11) = 0.28718,	Delta[s](12) = 0.337232,	Delta[s](13) = 0.325859,	Delta[s](14) = 0.28718,	Delta[s](15) = 0.325859,	Delta[d](0) = 0.226705,	Delta[d](1) = 0.223294,	Delta[d](2) = 0.227169,	Delta[d](3) = 0.223294,	Delta[d](4) = 0.223294,	Delta[d](5) = 0.148207,	Delta[d](6) = 0.182272,	Delta[d](7) = 0.148207,	Delta[d](8) = 0.227169,	Delta[d](9) = 0.182272,	Delta[d](10) = 0.0696781,	Delta[d](11) = 0.182272,	Delta[d](12) = 0.223294,	Delta[d](13) = 0.148207,	Delta[d](14) = 0.182272,	Delta[d](15) = 0.148207,	Delta[s+](0) = 0.447605,	Delta[s+](1) = 0.349493,	Delta[s+](2) = 0.227169,	Delta[s+](3) = 0.349493,	Delta[s+](4) = 0.349493,	Delta[s+](5) = 0.227169,	Delta[s+](6) = 0.104417,	Delta[s+](7) = 0.227169,	Delta[s+](8) = 0.227169,	Delta[s+](9) = 0.104417,	Delta[s+](10) = 0.0389878,	Delta[s+](11) = 0.104417,	Delta[s+](12) = 0.349493,	Delta[s+](13) = 0.227169,	Delta[s+](14) = 0.104417,	Delta[s+](15) = 0.227169
The 0-th iteration is completed.	|| time cost : 0h 4m 26.317s
********************************************************************************************************************
Start the 1 rounds of NGS-ED iteration
	effective electronic model is modified as: kinetic energy t = 0.787027
	                                           effective interaction Vq = [-3.29269,-3.02101,-2.80478,-3.02101,-3.02101,-2.80478,-2.84801,-2.80478,-2.80478,-2.84801,-3.26059,-2.84801,-3.02101,-2.80478,-2.84801,-2.80478]
	PARPACK diagonalization completed after 30 matrix-vector product operations.
	iteration results: : total energy is -76.192097 | electron energy -76.384926 + phonon energy 0.192829 | electron momentum kIdx = 10
The 1-th iteration is completed.	|| time cost : 0h 0m 27.304s
********************************************************************************************************************
Start the 2 rounds of NGS-ED iteration
	effective electronic model is modified as: kinetic energy t = 0.774998
	                                           effective interaction Vq = [-3.36052,-3.07812,-2.85627,-3.07812,-3.07812,-2.85627,-2.89746,-2.85627,-2.85627,-2.89746,-3.34374,-2.89746,-3.07812,-2.85627,-2.89746,-2.85627]
	PARPACK diagonalization completed after 30 matrix-vector product operations.
	iteration results: : total energy is -77.687741 | electron energy -77.965382 + phonon energy 0.277641 | electron momentum kIdx = 10
The 2-th iteration is completed.	|| time cost : 0h 0m 27.364s
********************************************************************************************************************
Start the 3 rounds of NGS-ED iteration
	effective electronic model is modified as: kinetic energy t = 0.770143
	                                           effective interaction Vq = [-3.38547,-3.09366,-2.87495,-3.09366,-3.09366,-2.87495,-2.91197,-2.87495,-2.87495,-2.91197,-3.37442,-2.91197,-3.09366,-2.87495,-2.91197,-2.87495]
	PARPACK diagonalization completed after 30 matrix-vector product operations.
	iteration results: : total energy is -78.214463 | electron energy -78.535303 + phonon energy 0.320840 | electron momentum kIdx = 10
The 3-th iteration is completed.	|| time cost : 0h 0m 27.362s
********************************************************************************************************************
Start the 4 rounds of NGS-ED iteration
	effective electronic model is modified as: kinetic energy t = 0.768382
	                                           effective interaction Vq = [-3.39465,-3.09579,-2.88099,-3.09579,-3.09579,-2.88099,-2.91443,-2.88099,-2.88099,-2.91443,-3.38593,-2.91443,-3.09579,-2.88099,-2.91443,-2.88099]
	PARPACK diagonalization completed after 30 matrix-vector product operations.
	iteration results: : total energy is -78.397192 | electron energy -78.738582 + phonon energy 0.341390 | electron momentum kIdx = 10
The 4-th iteration is completed.	|| time cost : 0h 0m 27.628s
********************************************************************************************************************
Start the 5 rounds of NGS-ED iteration
	effective electronic model is modified as: kinetic energy t = 0.767859
	                                           effective interaction Vq = [-3.39803,-3.09419, -2.8824,-3.09419,-3.09419, -2.8824,-2.91325, -2.8824, -2.8824,-2.91325,-3.39054,-2.91325,-3.09419, -2.8824,-2.91325, -2.8824]
	PARPACK diagonalization completed after 30 matrix-vector product operations.
	iteration results: : total energy is -78.460821 | electron energy -78.811658 + phonon energy 0.350837 | electron momentum kIdx = 10
The 5-th iteration is completed.	|| time cost : 0h 0m 27.352s
********************************************************************************************************************
Start the 6 rounds of NGS-ED iteration
	effective electronic model is modified as: kinetic energy t = 0.767806
	                                           effective interaction Vq = [-3.39927,-3.09194, -2.8822,-3.09194,-3.09194, -2.8822,-2.91128, -2.8822, -2.8822,-2.91128,-3.39254,-2.91128,-3.09194, -2.8822,-2.91128, -2.8822]
	PARPACK diagonalization completed after 30 matrix-vector product operations.
	iteration results: : total energy is -78.483226 | electron energy -78.838197 + phonon energy 0.354971 | electron momentum kIdx = 10
The 6-th iteration is completed.	|| time cost : 0h 0m 27.343s
********************************************************************************************************************
Start the 7 rounds of NGS-ED iteration
	effective electronic model is modified as: kinetic energy t = 0.767912
	                                           effective interaction Vq = [-3.39972,-3.08992,-2.88153,-3.08992,-3.08992,-2.88153,-2.90941,-2.88153,-2.88153,-2.90941,-3.39347,-2.90941,-3.08992,-2.88153,-2.90941,-2.88153]
	PARPACK diagonalization completed after 30 matrix-vector product operations.
	iteration results: : total energy is -78.491212 | electron energy -78.847831 + phonon energy 0.356619 | electron momentum kIdx = 10
The 7-th iteration is completed.	|| time cost : 0h 0m 27.411s
********************************************************************************************************************
Start the 8 rounds of NGS-ED iteration
	effective electronic model is modified as: kinetic energy t = 0.768053
	                                           effective interaction Vq = [-3.39989,-3.08835,-2.88081,-3.08835,-3.08835,-2.88081,-2.90788,-2.88081,-2.88081,-2.90788,-3.39391,-2.90788,-3.08835,-2.88081,-2.90788,-2.88081]
	PARPACK diagonalization completed after 30 matrix-vector product operations.
	iteration results: : total energy is -78.494088 | electron energy -78.851241 + phonon energy 0.357153 | electron momentum kIdx = 10
The 8-th iteration is completed.	|| time cost : 0h 0m 27.337s
********************************************************************************************************************
Start the 9 rounds of NGS-ED iteration
	effective electronic model is modified as: kinetic energy t = 0.768182
	                                           effective interaction Vq = [-3.39995,-3.08718,-2.88018,-3.08718,-3.08718,-2.88018,-2.90672,-2.88018,-2.88018,-2.90672,-3.39413,-2.90672,-3.08718,-2.88018,-2.90672,-2.88018]
	PARPACK diagonalization completed after 30 matrix-vector product operations.
	iteration results: : total energy is -78.495133 | electron energy -78.852354 + phonon energy 0.357221 | electron momentum kIdx = 10
The 9-th iteration is completed.	|| time cost : 0h 0m 27.301s
********************************************************************************************************************
Start the 10 rounds of NGS-ED iteration
	effective electronic model is modified as: kinetic energy t = 0.768287
	                                           effective interaction Vq = [-3.39998,-3.08634,-2.87969,-3.08634,-3.08634,-2.87969,-2.90587,-2.87969,-2.87969,-2.90587,-3.39424,-2.90587,-3.08634,-2.87969,-2.90587,-2.87969]
	PARPACK diagonalization completed after 30 matrix-vector product operations.
	iteration results: : total energy is -78.495515 | electron energy -78.852633 + phonon energy 0.357119 | electron momentum kIdx = 10
	Nq(0) = 16,	Nq(1) = 0.226148,	Nq(2) = 0.298051,	Nq(3) = 0.226148,	Nq(4) = 0.226148,	Nq(5) = 0.298051,	Nq(6) = 0.44499,	Nq(7) = 0.298051,	Nq(8) = 0.298051,	Nq(9) = 0.44499,	Nq(10) = 6.93635,	Nq(11) = 0.44499,	Nq(12) = 0.226148,	Nq(13) = 0.298051,	Nq(14) = 0.44499,	Nq(15) = 0.298051,	Sq(0) = 1.09951e-18,	Sq(1) = 0.202124,	Sq(2) = 0.280647,	Sq(3) = 0.202124,	Sq(4) = 0.202124,	Sq(5) = 0.280647,	Sq(6) = 0.403498,	Sq(7) = 0.280647,	Sq(8) = 0.280647,	Sq(9) = 0.403498,	Sq(10) = 0.484424,	Sq(11) = 0.403498,	Sq(12) = 0.202124,	Sq(13) = 0.280647,	Sq(14) = 0.403498,	Sq(15) = 0.280647,	N(0) = 1.96439,	N(1) = 1.89171,	N(2) = 1,	N(3) = 1.89171,	N(4) = 1.89171,	N(5) = 1,	N(6) = 0.108292,	N(7) = 1,	N(8) = 1,	N(9) = 0.108292,	N(10) = 0.0356064,	N(11) = 0.108292,	N(12) = 1.89171,	N(13) = 1,	N(14) = 0.108292,	N(15) = 1,	Delta[s](0) = 0.424086,	Delta[s](1) = 0.374598,	Delta[s](2) = 0.358361,	Delta[s](3) = 0.374598,	Delta[s](4) = 0.374598,	Delta[s](5) = 0.358361,	Delta[s](6) = 0.330074,	Delta[s](7) = 0.358361,	Delta[s](8) = 0.358361,	Delta[s](9) = 0.330074,	Delta[s](10) = 0.311663,	Delta[s](11) = 0.330074,	Delta[s](12) = 0.374598,	Delta[s](13) = 0.358361,	Delta[s](14) = 0.330074,	Delta[s](15) = 0.358361,	Delta[d](0) = 0.193361,	Delta[d](1) = 0.180284,	Delta[d](2) = 0.196164,	Delta[d](3) = 0.180284,	Delta[d](4) = 0.180284,	Delta[d](5) = 0.126825,	Delta[d](6) = 0.143781,	Delta[d](7) = 0.126825,	Delta[d](8) = 0.196164,	Delta[d](9) = 0.143781,	Delta[d](10) = 0.0602079,	Delta[d](11) = 0.143781,	Delta[d](12) = 0.180284,	Delta[d](13) = 0.126825,	Delta[d](14) = 0.143781,	Delta[d](15) = 0.126825,	Delta[s+](0) = 0.40086,	Delta[s+](1) = 0.306241,	Delta[s+](2) = 0.196164,	Delta[s+](3) = 0.306241,	Delta[s+](4) = 0.306241,	Delta[s+](5) = 0.196164,	Delta[s+](6) = 0.0871922,	Delta[s+](7) = 0.196164,	Delta[s+](8) = 0.196164,	Delta[s+](9) = 0.0871922,	Delta[s+](10) = 0.0351526,	Delta[s+](11) = 0.0871922,	Delta[s+](12) = 0.306241,	Delta[s+](13) = 0.196164,	Delta[s+](14) = 0.0871922,	Delta[s+](15) = 0.196164
The 10-th iteration is completed.	|| time cost : 0h 4m 22.159s
********************************************************************************************************************
Start the 11 rounds of NGS-ED iteration
	effective electronic model is modified as: kinetic energy t = 0.768367
	                                           effective interaction Vq = [-3.39999,-3.08575,-2.87932,-3.08575,-3.08575,-2.87932,-2.90526,-2.87932,-2.87932,-2.90526, -3.3943,-2.90526,-3.08575,-2.87932,-2.90526,-2.87932]
	PARPACK diagonalization completed after 30 matrix-vector product operations.
	iteration results: : total energy is -78.495655 | electron energy -78.852630 + phonon energy 0.356975 | electron momentum kIdx = 10
The 11-th iteration is completed.	|| time cost : 0h 0m 27.367s
********************************************************************************************************************
Start the 12 rounds of NGS-ED iteration
	effective electronic model is modified as: kinetic energy t = 0.768426
	                                           effective interaction Vq = [-3.39999,-3.08534,-2.87905,-3.08534,-3.08534,-2.87905,-2.90482,-2.87905,-2.87905,-2.90482,-3.39433,-2.90482,-3.08534,-2.87905,-2.90482,-2.87905]
	PARPACK diagonalization completed after 30 matrix-vector product operations.
	iteration results: : total energy is -78.495707 | electron energy -78.852546 + phonon energy 0.356840 | electron momentum kIdx = 10
The 12-th iteration is completed.	|| time cost : 0h 0m 27.312s
********************************************************************************************************************
Start the 13 rounds of NGS-ED iteration
	effective electronic model is modified as: kinetic energy t = 0.768468
	                                           effective interaction Vq = [-3.39999,-3.08505,-2.87885,-3.08505,-3.08505,-2.87885,-2.90452,-2.87885,-2.87885,-2.90452,-3.39435,-2.90452,-3.08505,-2.87885,-2.90452,-2.87885]
	PARPACK diagonalization completed after 30 matrix-vector product operations.
	iteration results: : total energy is -78.495726 | electron energy -78.852455 + phonon energy 0.356729 | electron momentum kIdx = 10
The 13-th iteration is completed.	|| time cost : 0h 0m 27.366s
********************************************************************************************************************
Start the 14 rounds of NGS-ED iteration
	effective electronic model is modified as: kinetic energy t = 0.768498
	                                           effective interaction Vq = [-3.39999,-3.08486,-2.87871,-3.08486,-3.08486,-2.87871, -2.9043,-2.87871,-2.87871, -2.9043,-3.39435, -2.9043,-3.08486,-2.87871, -2.9043,-2.87871]
	PARPACK diagonalization completed after 30 matrix-vector product operations.
	iteration results: : total energy is -78.495733 | electron energy -78.852377 + phonon energy 0.356644 | electron momentum kIdx = 10
The 14-th iteration is completed.	|| time cost : 0h 0m 27.587s
********************************************************************************************************************
Start the 15 rounds of NGS-ED iteration
	effective electronic model is modified as: kinetic energy t = 0.768519
	                                           effective interaction Vq = [-3.39999,-3.08472,-2.87862,-3.08472,-3.08472,-2.87862,-2.90416,-2.87862,-2.87862,-2.90416,-3.39436,-2.90416,-3.08472,-2.87862,-2.90416,-2.87862]
	PARPACK diagonalization completed after 30 matrix-vector product operations.
	iteration results: : total energy is -78.495736 | electron energy -78.852317 + phonon energy 0.356582 | electron momentum kIdx = 10
The 15-th iteration is completed.	|| time cost : 0h 0m 27.631s
********************************************************************************************************************
Start the 16 rounds of NGS-ED iteration
	effective electronic model is modified as: kinetic energy t = 0.768533
	                                           effective interaction Vq = [-3.39999,-3.08463,-2.87855,-3.08463,-3.08463,-2.87855,-2.90405,-2.87855,-2.87855,-2.90405,-3.39436,-2.90405,-3.08463,-2.87855,-2.90405,-2.87855]
	PARPACK diagonalization completed after 30 matrix-vector product operations.
	iteration results: : total energy is -78.495737 | electron energy -78.852273 + phonon energy 0.356536 | electron momentum kIdx = 10
The 16-th iteration is completed.	|| time cost : 0h 0m 27.349s
********************************************************************************************************************
Start the 17 rounds of NGS-ED iteration
	effective electronic model is modified as: kinetic energy t = 0.768543
	                                           effective interaction Vq = [-3.39999,-3.08457, -2.8785,-3.08457,-3.08457, -2.8785,-2.90398, -2.8785, -2.8785,-2.90398,-3.39436,-2.90398,-3.08457, -2.8785,-2.90398, -2.8785]
	PARPACK diagonalization completed after 30 matrix-vector product operations.
	iteration results: : total energy is -78.495737 | electron energy -78.852242 + phonon energy 0.356505 | electron momentum kIdx = 10
The 17-th iteration is completed.	|| time cost : 0h 0m 27.336s
********************************************************************************************************************
Start the 18 rounds of NGS-ED iteration
	effective electronic model is modified as: kinetic energy t = 0.76855
	                                           effective interaction Vq = [-3.39999,-3.08453,-2.87847,-3.08453,-3.08453,-2.87847,-2.90394,-2.87847,-2.87847,-2.90394,-3.39436,-2.90394,-3.08453,-2.87847,-2.90394,-2.87847]
	PARPACK diagonalization completed after 30 matrix-vector product operations.
	iteration results: : total energy is -78.495737 | electron energy -78.852219 + phonon energy 0.356482 | electron momentum kIdx = 10
The 18-th iteration is completed.	|| time cost : 0h 0m 27.406s
********************************************************************************************************************
Start the 19 rounds of NGS-ED iteration
	effective electronic model is modified as: kinetic energy t = 0.768555
	                                           effective interaction Vq = [-3.39999, -3.0845,-2.87845, -3.0845, -3.0845,-2.87845, -2.9039,-2.87845,-2.87845, -2.9039,-3.39437, -2.9039, -3.0845,-2.87845, -2.9039,-2.87845]
	PARPACK diagonalization completed after 30 matrix-vector product operations.
	iteration results: : total energy is -78.495737 | electron energy -78.852204 + phonon energy 0.356467 | electron momentum kIdx = 10
The 19-th iteration is completed.	|| time cost : 0h 0m 27.617s
