SNEDics v3.2 diagonalization test program		Start at Fri Jul 19 14:17:52 2019

parallized on 80 MPI threads  * 4 OpenMP threads = 320 total threads.
************************************************************************************
************************************************************************************

Input file "model_params.in"
Hubbard-Holstein model parameters : 	t = 1    U = 6.6    g = 4.4721    W = 5    
************************************************************************************
Input file "hilbertspace_params.in"

Cluster Positions:				Cluster symmetry group : D4
 x ... x ... x ... x .....                       x ... x ... x ... x .....
 |           |           :                       |           |           :
 |           |           :                       |           |           :
12    13    14    15     x                       1     5     6     5     x
 |           |           :                       |           |           :
 |           |           :                       |           |           :
 8 --- 9 ---10 ---11 --- x                       2 --- 6 ---10 --- 6 --- x
 |           |           :                       |           |           :
 |           |           :                       |           |           :
 4     5     6     7     x                       1     5     6     5     x
 |           |           :                       |           |           :
 |           |           :                       |           |           :
 0 --- 1 --- 2 --- 3 --- x                       0 --- 1 --- 2 --- 1 --- x
orbital number : 1
************************************************************************************
** NOTE ** Detected low phonon energy W < 10. The initial state will be prepared through a warm-up process.
starting warm-up calculation for scaling factor 2
0 rounds of non-Gaussian ED iteration : ground-state energy is -12.8638 | electron energy -12.8638 + phonon energy 0 | electron momentum kIdx = 10
Nq = 	12.25	0.158642	0.225586	0.158642	0.165722	0.236554	0.278199	0.215127	0.245185	0.273319	0.317571	0.273319	0.165722	0.215127	0.278199	0.236554
Sq = 	-6.16947e-18	0.492276	0.676099	0.492276	0.499793	0.645203	0.968573	0.717742	0.558286	0.93977	2.54543	0.93977	0.499793	0.717742	0.968573	0.645203
effective band is asymmetric (tx,ty)=(0.900295,0.89975)
1 rounds of non-Gaussian ED iteration : ground-state energy is -68.1755 | electron energy -68.1828 + phonon energy 0.00732739 | electron momentum kIdx = 10
Nq = 	12.25	0.355005	0.391793	0.355005	0.37269	0.465507	0.568415	0.383838	0.573943	0.574907	0.584957	0.574907	0.37269	0.383838	0.568415	0.465507
Sq = 	3.04635e-17	0.382366	0.575239	0.382366	0.397522	0.524551	0.644627	0.55691	0.459236	0.659344	1.39347	0.659344	0.397522	0.55691	0.644627	0.524551
effective band is asymmetric (tx,ty)=(0.827931,0.825759)
2 rounds of non-Gaussian ED iteration : ground-state energy is -76.8525 | electron energy -76.9217 + phonon energy 0.0691676 | electron momentum kIdx = 10
Nq = 	12.25	0.416742	0.574389	0.416742	0.424214	0.589546	0.655406	0.549832	0.604745	0.662366	1.6482	0.662366	0.424214	0.549832	0.655406	0.589546
Sq = 	2.27054e-18	0.333462	0.356062	0.333462	0.337279	0.358864	0.559556	0.357952	0.360423	0.564421	0.586907	0.564421	0.337279	0.357952	0.559556	0.358864
effective band is asymmetric (tx,ty)=(0.788231,0.787349)
3 rounds of non-Gaussian ED iteration : ground-state energy is -78.5131 | electron energy -78.641 + phonon energy 0.127933 | electron momentum kIdx = 10
Nq = 	12.25	0.394768	0.587526	0.394768	0.39511	0.591527	0.651389	0.576816	0.594666	0.652339	2.19034	0.652339	0.39511	0.576816	0.651389	0.591527
Sq = 	-2.10927e-18	0.299897	0.339994	0.299897	0.299845	0.340218	0.514246	0.340078	0.339963	0.514512	0.556017	0.514512	0.299845	0.340078	0.514246	0.340218
effective band is asymmetric (tx,ty)=(0.773973,0.773631)
4 rounds of non-Gaussian ED iteration : ground-state energy is -78.7587 | electron energy -78.9172 + phonon energy 0.158476 | electron momentum kIdx = 10
Nq = 	12.25	0.385573	0.588613	0.385573	0.385582	0.589967	0.647187	0.584173	0.590837	0.647477	2.38423	0.647477	0.385582	0.584173	0.647187	0.589967
Sq = 	4.60187e-18	0.289431	0.333785	0.289431	0.289356	0.333841	0.500153	0.333799	0.333706	0.500182	0.545385	0.500182	0.289356	0.333799	0.500153	0.333841
effective band is asymmetric (tx,ty)=(0.769085,0.768958)
5 rounds of non-Gaussian ED iteration : ground-state energy is -78.792 | electron energy -78.9624 + phonon energy 0.170421 | electron momentum kIdx = 10
Nq = 	12.25	0.382845	0.588954	0.382845	0.382837	0.589459	0.64604	0.587065	0.589715	0.64615	2.43973	0.64615	0.382837	0.587065	0.64604	0.589459
Sq = 	-7.12303e-19	0.286377	0.331886	0.286377	0.286345	0.331908	0.495982	0.331892	0.331851	0.495986	0.5421	0.495986	0.286345	0.331892	0.495982	0.331908
effective band is asymmetric (tx,ty)=(0.767428,0.767382)
6 rounds of non-Gaussian ED iteration : ground-state energy is -78.7963 | electron energy -78.9711 + phonon energy 0.174747 | electron momentum kIdx = 10
Nq = 	12.25	0.381976	0.589085	0.381976	0.381973	0.589282	0.645716	0.588272	0.589354	0.645761	2.45641	0.645761	0.381973	0.588272	0.645716	0.589282
Sq = 	-6.11052e-19	0.285427	0.33129	0.285427	0.285416	0.3313	0.494675	0.331293	0.331277	0.494676	0.541053	0.494676	0.285416	0.331293	0.494675	0.3313
effective band is asymmetric (tx,ty)=(0.766868,0.766851)
Ground state is obtained after 7 iterations. The current ground-state energy is -78.7969, in which electron energy is -78.9731 and phonon energy is 0.176263
final variational state is: 
Gamma_x =       1 1.03388 1.06255 1.03388 1.03388 1.06259   1.084 1.06247 1.06262 1.08401 1.14318 1.08401 1.03388 1.06247   1.084 1.06259
lambda_q = 0.631874 0.553415 0.535727 0.553415 0.553426 0.535823 0.509373 0.535495 0.535893 0.509391 0.584661 0.509391 0.553426 0.535495 0.509373 0.535823
o___o  -------------------------------------
| L |	Time since last clock: 0h 24m 34.91s
A===A	Time since the beginning: 0h 24m 34.91s
********************************************

************************************************************************************
Warm up completed
o___o  -------------------------------------
| L |	Time since last clock: 0h 0m 0.035s
A===A	Time since the beginning: 0h 24m 34.945s
********************************************

************************************************************************************
effective band is asymmetric (tx,ty)=(0.766868,0.766851)
0 rounds of non-Gaussian ED iteration : ground-state energy is -69.5299 | electron energy -69.6181 + phonon energy 0.0881317 | electron momentum kIdx = 10
Nq = 	12.25	0.372363	0.544371	0.372363	0.372394	0.544574	0.586646	0.54187	0.544547	0.586694	2.02933	0.586694	0.372394	0.54187	0.586646	0.544574
Sq = 	1.33755e-17	0.352384	0.367759	0.352384	0.352405	0.367779	0.598019	0.367804	0.367781	0.59805	0.614245	0.59805	0.352405	0.367804	0.598019	0.367779
effective band is asymmetric (tx,ty)=(0.732293,0.732283)
1 rounds of non-Gaussian ED iteration : ground-state energy is -73.0957 | electron energy -73.3666 + phonon energy 0.270866 | electron momentum kIdx = 10
Nq = 	12.25	0.37003	0.557345	0.37003	0.370038	0.557478	0.5838	0.555995	0.55744	0.583823	2.45866	0.583823	0.370038	0.555995	0.5838	0.557478
Sq = 	-9.69806e-18	0.316411	0.350317	0.316411	0.316414	0.350335	0.546214	0.350344	0.35032	0.546221	0.581708	0.546221	0.316414	0.350344	0.546214	0.350335
effective band is asymmetric (tx,ty)=(0.709413,0.709407)
2 rounds of non-Gaussian ED iteration : ground-state energy is -74.4391 | electron energy -74.8403 + phonon energy 0.401173 | electron momentum kIdx = 10
Nq = 	12.25	0.364969	0.562869	0.364969	0.364971	0.562967	0.580831	0.561961	0.562924	0.580844	2.74294	0.580844	0.364971	0.561961	0.580831	0.562967
Sq = 	-1.09328e-19	0.296547	0.338708	0.296547	0.296547	0.338721	0.517336	0.338726	0.338708	0.517338	0.560337	0.517338	0.296547	0.338726	0.517336	0.338721
effective band is asymmetric (tx,ty)=(0.695241,0.695237)
3 rounds of non-Gaussian ED iteration : ground-state energy is -74.9324 | electron energy -75.4114 + phonon energy 0.479006 | electron momentum kIdx = 10
Nq = 	12.25	0.362302	0.566294	0.362302	0.362304	0.566366	0.580238	0.565663	0.566326	0.580247	2.88655	0.580247	0.362304	0.565663	0.580238	0.566366
Sq = 	8.81501e-18	0.286366	0.332275	0.286366	0.286365	0.332284	0.502265	0.332287	0.332274	0.502266	0.548374	0.502266	0.286365	0.332287	0.502265	0.332284
effective band is asymmetric (tx,ty)=(0.686711,0.686708)
4 rounds of non-Gaussian ED iteration : ground-state energy is -75.1101 | electron energy -75.6336 + phonon energy 0.523475 | electron momentum kIdx = 10
Nq = 	12.25	0.361417	0.568868	0.361417	0.361418	0.568922	0.581048	0.568425	0.568887	0.581054	2.94855	0.581054	0.361418	0.568425	0.581048	0.568922
Sq = 	-9.39697e-18	0.281265	0.328965	0.281265	0.281265	0.328972	0.494546	0.328973	0.328965	0.494547	0.542055	0.494547	0.281265	0.328973	0.494546	0.328972
effective band is asymmetric (tx,ty)=(0.68163,0.681629)
5 rounds of non-Gaussian ED iteration : ground-state energy is -75.1736 | electron energy -75.7224 + phonon energy 0.548799 | electron momentum kIdx = 10
Nq = 	12.25	0.3613	0.57074	0.3613	0.3613	0.570781	0.582225	0.570427	0.570752	0.582228	2.97285	0.582228	0.3613	0.570427	0.582225	0.570781
Sq = 	-9.2639e-18	0.27867	0.327272	0.27867	0.27867	0.327277	0.490523	0.327278	0.327272	0.490523	0.538713	0.490523	0.27867	0.327278	0.490523	0.327277
effective band is asymmetric (tx,ty)=(0.678608,0.678607)
6 rounds of non-Gaussian ED iteration : ground-state energy is -75.1964 | electron energy -75.7597 + phonon energy 0.56333 | electron momentum kIdx = 10
Nq = 	12.25	0.361435	0.572025	0.361435	0.361435	0.572056	0.583305	0.571802	0.572032	0.583308	2.98127	0.583308	0.361435	0.571802	0.583305	0.572056
Sq = 	9.5908e-20	0.277314	0.32639	0.277314	0.277314	0.326394	0.488368	0.326394	0.32639	0.488368	0.536909	0.488368	0.277314	0.326394	0.488368	0.326394
7 rounds of non-Gaussian ED iteration : ground-state energy is -75.2046 | electron energy -75.7763 + phonon energy 0.571745 | electron momentum kIdx = 10
Nq = 	12.25	0.361619	0.572872	0.361619	0.36162	0.572895	0.584164	0.572714	0.572877	0.584166	2.98334	0.584166	0.36162	0.572714	0.584164	0.572895
Sq = 	6.01772e-19	0.276589	0.325922	0.276589	0.276589	0.325925	0.487186	0.325925	0.325922	0.487187	0.535916	0.487187	0.276589	0.325925	0.487186	0.325925
8 rounds of non-Gaussian ED iteration : ground-state energy is -75.2075 | electron energy -75.7842 + phonon energy 0.576666 | electron momentum kIdx = 10
Nq = 	12.25	0.361786	0.573417	0.361786	0.361787	0.573434	0.584803	0.573304	0.57342	0.584805	2.98304	0.584805	0.361787	0.573304	0.584803	0.573434
Sq = 	-6.84007e-18	0.276195	0.32567	0.276195	0.276195	0.325672	0.486528	0.325672	0.32567	0.486529	0.535361	0.486529	0.276195	0.325672	0.486528	0.325672
9 rounds of non-Gaussian ED iteration : ground-state energy is -75.2086 | electron energy -75.7882 + phonon energy 0.579569 | electron momentum kIdx = 10
Nq = 	12.25	0.361918	0.573762	0.361918	0.361919	0.573775	0.585263	0.573683	0.573764	0.585264	2.98204	0.585264	0.361919	0.573683	0.585263	0.573775
Sq = 	1.18466e-18	0.275979	0.325533	0.275979	0.275979	0.325534	0.486157	0.325534	0.325533	0.486157	0.535048	0.486157	0.275979	0.325534	0.486157	0.325534
10 rounds of non-Gaussian ED iteration : ground-state energy is -75.209 | electron energy -75.7903 + phonon energy 0.581299 | electron momentum kIdx = 10
Nq = 	12.25	0.362017	0.573979	0.362017	0.362017	0.573989	0.585587	0.573922	0.57398	0.585588	2.98096	0.585588	0.362017	0.573922	0.585587	0.573989
Sq = 	3.60577e-18	0.27586	0.325457	0.27586	0.27586	0.325458	0.485945	0.325458	0.325457	0.485945	0.53487	0.485945	0.27586	0.325458	0.485945	0.325458
11 rounds of non-Gaussian ED iteration : ground-state energy is -75.2092 | electron energy -75.7915 + phonon energy 0.582338 | electron momentum kIdx = 10
Nq = 	12.25	0.362088	0.574114	0.362088	0.362088	0.574121	0.585812	0.574074	0.574115	0.585813	2.98005	0.585813	0.362088	0.574074	0.585812	0.574121
Sq = 	-4.05397e-19	0.275793	0.325416	0.275793	0.275793	0.325417	0.485824	0.325417	0.325416	0.485824	0.534767	0.485824	0.275793	0.325417	0.485824	0.325417
12 rounds of non-Gaussian ED iteration : ground-state energy is -75.2092 | electron energy -75.7922 + phonon energy 0.582968 | electron momentum kIdx = 10
Nq = 	12.25	0.362137	0.574198	0.362137	0.362137	0.574203	0.585967	0.574169	0.574198	0.585968	2.97934	0.585968	0.362137	0.574169	0.585967	0.574203
Sq = 	1.05604e-17	0.275756	0.325393	0.275756	0.275756	0.325393	0.485753	0.325393	0.325393	0.485753	0.534708	0.485753	0.275756	0.325393	0.485753	0.325393
13 rounds of non-Gaussian ED iteration : ground-state energy is -75.2092 | electron energy -75.7926 + phonon energy 0.583353 | electron momentum kIdx = 10
Nq = 	12.25	0.362172	0.574249	0.362172	0.362172	0.574253	0.586073	0.574228	0.574249	0.586074	2.97882	0.586074	0.362172	0.574228	0.586073	0.574253
Sq = 	9.43811e-18	0.275735	0.32538	0.275735	0.275735	0.32538	0.485712	0.32538	0.32538	0.485712	0.534674	0.485712	0.275735	0.32538	0.485712	0.32538
14 rounds of non-Gaussian ED iteration : ground-state energy is -75.2092 | electron energy -75.7928 + phonon energy 0.58359 | electron momentum kIdx = 10
Nq = 	12.25	0.362195	0.57428	0.362195	0.362195	0.574283	0.586145	0.574266	0.57428	0.586145	2.97845	0.586145	0.362195	0.574266	0.586145	0.574283
Sq = 	-6.52938e-18	0.275723	0.325373	0.275723	0.275723	0.325373	0.485687	0.325373	0.325373	0.485687	0.534654	0.485687	0.275723	0.325373	0.485687	0.325373
15 rounds of non-Gaussian ED iteration : ground-state energy is -75.2092 | electron energy -75.793 + phonon energy 0.583736 | electron momentum kIdx = 10
Nq = 	12.25	0.362211	0.574299	0.362211	0.362211	0.574301	0.586194	0.574289	0.574299	0.586194	2.97819	0.586194	0.362211	0.574289	0.586194	0.574301
Sq = 	-7.8567e-18	0.275716	0.325369	0.275716	0.275716	0.325369	0.485673	0.325369	0.325369	0.485673	0.534642	0.485673	0.275716	0.325369	0.485673	0.325369
Ground state is obtained after 16 iterations. The current ground-state energy is -75.2092, in which electron energy is -75.7931 and phonon energy is 0.583828
final variational state is: 
Gamma_x =       1 1.09623 1.17317 1.09623 1.09623 1.17317 1.21274 1.17317 1.17317 1.21274 1.43259 1.21274 1.09623 1.17317 1.21274 1.17317
lambda_q = 0.894332 0.717309 0.692805 0.717309 0.717309 0.692806 0.632676   0.6928 0.692805 0.632676 0.819146 0.632676 0.717309   0.6928 0.632676 0.692806
o___o  -------------------------------------
| L |	Time since last clock: 0h 52m 49.725s
A===A	Time since the beginning: 1h 17m 24.67s
********************************************

************************************************************************************
