SNEDics v3.22.2 Non-Gaussian ED ground state program		Start at Mon May 30 15:58:32 2022

Parallelization: 32 MPI threads  * 8 OpenMP threads = 256 total threads.
********************************************************************************************************************
********************************************************************************************************************

********************************************************************************************************************
System parameters and configurations
	special program options are enabled: splitted diagonal Hamiltonian | splitted Hamiltonian terms
********************************************************************************************************************
Read input file "model_params.in"
	Hubbard-Holstein model parameters : 	t = 1    U = 8    g = 0.45    W = 0.2    g' = 0.45    
********************************************************************************************************************
Read input file "hilbertspace_params.in"
	Requested 16-site 2D lattice, with 8 electrons (4, 4)
	Boundary : Periodic		Hilbert space representation : momentum-space (restricted to kIdx = 10)
	Conservation: particle number[U(1)]      spin[U(1)]     momentum
********************************************************************************************************************

Cluster Positions:				Cluster symmetry group : D4
 x ... x ... x ... x .....                       x ... x ... x ... x .....
 |           |           :                       |           |           :
 |           |           :                       |           |           :
12    13    14    15     x                       1     5     6     5     x
 |           |           :                       |           |           :
 |           |           :                       |           |           :
 8 --- 9 ---10 ---11 --- x                       2 --- 6 ---10 --- 6 --- x
 |           |           :                       |           |           :
 |           |           :                       |           |           :
 4     5     6     7     x                       1     5     6     5     x
 |           |           :                       |           |           :
 |           |           :                       |           |           :
 0 --- 1 --- 2 --- 3 --- x                       0 --- 1 --- 2 --- 1 --- x
orbital number : 1
********************************************************************************************************************
Read input file "obs_params.in"
	Observable Type : Nq(All),   Sq(All),   N(All-Orbital),   Delta[s](All),   Delta[d](All),   Delta[s+](All)
** WARNING ** the input observables have non-local factors which have been reinterpreted. The total observable number is 96
********************************************************************************************************************


********************************************************************************************************************
Start calculating the non-Gaussian ED ground state
Maximal iteration number is 1000; energy resolution is 1e-06. Phonon state relaxation time is 2000
W = 0.2 is relatively large. The non-Gaussian ED calculation starts directly.
open output files: NGSED_iteration_observables.txt
********************************************************************************************************************
Start the 0 rounds of NGS-ED iteration
	effective electronic model is modified as: kinetic energy t = 1
	                                           effective interaction Vq = [0,0,0,0,0,0,0,0,0,0,0,0,0,0,0,0]
	first Hamiltonian is constructed, size = 207168 and non-zero numbers = 32194784
	PARPACK diagonalization completed after 225 matrix-vector product operations.
	iteration results: : total energy is -14.228491 | electron energy -14.228491 + phonon energy 0.000000 | electron momentum kIdx = 10
	Nq(0) = 4,	Nq(1) = 0.1929,	Nq(2) = 0.241361,	Nq(3) = 0.1929,	Nq(4) = 0.1929,	Nq(5) = 0.2635,	
	Nq(6) = 0.343209,	Nq(7) = 0.2635,	Nq(8) = 0.241361,	Nq(9) = 0.343209,	Nq(10) = 0.497356,	
	Nq(11) = 0.343209,	Nq(12) = 0.1929,	Nq(13) = 0.2635,	Nq(14) = 0.343209,	Nq(15) = 0.2635;	
	Sq(0) = 1.05048e-18,	Sq(1) = 0.540129,	Sq(2) = 0.425883,	Sq(3) = 0.540129,	Sq(4) = 0.540129,	
	Sq(5) = 0.44091,	Sq(6) = 0.633208,	Sq(7) = 0.44091,	Sq(8) = 0.425883,	Sq(9) = 0.633208,	
	Sq(10) = 0.512733,	Sq(11) = 0.633208,	Sq(12) = 0.540129,	Sq(13) = 0.44091,	Sq(14) = 0.633208,	
	Sq(15) = 0.44091;	N(0) = 1.39632,	N(1) = 1.19393,	N(2) = 0.182033,	N(3) = 1.19393,	
	N(4) = 1.19393,	N(5) = 0.343994,	N(6) = 0.0196952,	N(7) = 0.343994,	N(8) = 0.182033,	
	N(9) = 0.0196952,	N(10) = 0.00914957,	N(11) = 0.0196952,	N(12) = 1.19393,	N(13) = 0.343994,	
	N(14) = 0.0196952,	N(15) = 0.343994;	Delta[s](0) = 0.0103031,	Delta[s](1) = 0.0072799,	Delta[s](2) = 0.00460024,	
	Delta[s](3) = 0.0072799,	Delta[s](4) = 0.0072799,	Delta[s](5) = 0.00555124,	Delta[s](6) = 0.0037924,	Delta[s](7) = 0.00555124,	
	Delta[s](8) = 0.00460024,	Delta[s](9) = 0.0037924,	Delta[s](10) = 0.00325808,	Delta[s](11) = 0.0037924,	Delta[s](12) = 0.0072799,	
	Delta[s](13) = 0.00555124,	Delta[s](14) = 0.0037924,	Delta[s](15) = 0.00555124;	Delta[d](0) = 0.0323102,	Delta[d](1) = 0.0421681,	
	Delta[d](2) = 0.0440525,	Delta[d](3) = 0.0421681,	Delta[d](4) = 0.0421681,	Delta[d](5) = 0.05873,	Delta[d](6) = 0.0530205,	
	Delta[d](7) = 0.05873,	Delta[d](8) = 0.0440525,	Delta[d](9) = 0.0530205,	Delta[d](10) = 0.0376185,	Delta[d](11) = 0.0530205,	
	Delta[d](12) = 0.0421681,	Delta[d](13) = 0.05873,	Delta[d](14) = 0.0530205,	Delta[d](15) = 0.05873;	Delta[s+](0) = 0.15351,	
	Delta[s+](1) = 0.10655,	Delta[s+](2) = 0.0440525,	Delta[s+](3) = 0.10655,	Delta[s+](4) = 0.10655,	Delta[s+](5) = 0.0692093,	
	Delta[s+](6) = 0.0277883,	Delta[s+](7) = 0.0692093,	Delta[s+](8) = 0.0440525,	Delta[s+](9) = 0.0277883,	Delta[s+](10) = 0.0142539,	
	Delta[s+](11) = 0.0277883,	Delta[s+](12) = 0.10655,	Delta[s+](13) = 0.0692093,	Delta[s+](14) = 0.0277883,	Delta[s+](15) = 0.0692093
	
The 0-th iteration is completed.	|| time cost : 0h 0m 5.609s
********************************************************************************************************************
Start the 1 rounds of NGS-ED iteration
	effective electronic model is modified as: kinetic energy t = 0.765762
	                                           effective interaction Vq = [ -25.3125, -6.74045,-0.143985, -6.74045, -6.74045,-0.160436,-0.146512,-0.160436,-0.143985,-0.146512,    -7.67,-0.146512, -6.74045,-0.160436,-0.146512,-0.160436]
	PARPACK diagonalization completed after 60 matrix-vector product operations.
	iteration results: : total energy is -131.176287 | electron energy -133.591051 + phonon energy 2.414764 | electron momentum kIdx = 10
The 1-th iteration is completed.	|| time cost : 0h 0m 3.945s
********************************************************************************************************************
Start the 2 rounds of NGS-ED iteration
	effective electronic model is modified as: kinetic energy t = 0.749742
	                                           effective interaction Vq = [  -25.3125, -0.394078,-0.0392684, -0.394078, -0.394078,-0.0384681,-0.0364518,-0.0384681,-0.0392684,-0.0364518,  -9.10511,-0.0364518, -0.394078,-0.0384681,-0.0364518,-0.0384681]
	PARPACK diagonalization completed after 30 matrix-vector product operations.
	iteration results: : total energy is -137.965102 | electron energy -138.814130 + phonon energy 0.849028 | electron momentum kIdx = 10
The 2-th iteration is completed.	|| time cost : 0h 0m 1.471s
********************************************************************************************************************
Start the 3 rounds of NGS-ED iteration
	effective electronic model is modified as: kinetic energy t = 0.699238
	                                           effective interaction Vq = [  -25.3125, -0.256533,-0.0278054, -0.256533, -0.256533,-0.0276286,-0.0270657,-0.0276286,-0.0278054,-0.0270657,  -9.10806,-0.0270657, -0.256533,-0.0276286,-0.0270657,-0.0276286]
	PARPACK diagonalization completed after 90 matrix-vector product operations.
	iteration results: : total energy is -138.018902 | electron energy -138.687326 + phonon energy 0.668424 | electron momentum kIdx = 10
The 3-th iteration is completed.	|| time cost : 0h 0m 1.771s
********************************************************************************************************************
Start the 4 rounds of NGS-ED iteration
	effective electronic model is modified as: kinetic energy t = 0.692038
	                                           effective interaction Vq = [  -25.3125, -0.247987,-0.0263533, -0.247987, -0.247987,-0.0266228,-0.0258918,-0.0269709,-0.0263533,-0.0258918,  -9.10834,-0.0258918, -0.247987,-0.0269709,-0.0258918,-0.0266228]
	PARPACK diagonalization completed after 150 matrix-vector product operations.
	iteration results: : total energy is -138.019533 | electron energy -138.667220 + phonon energy 0.647687 | electron momentum kIdx = 10
The 4-th iteration is completed.	|| time cost : 0h 0m 2.043s
********************************************************************************************************************
Start the 5 rounds of NGS-ED iteration
	effective electronic model is modified as: kinetic energy t = 0.690263
	                                           effective interaction Vq = [  -25.3125, -0.245607,-0.0262634, -0.245607, -0.245607,-0.0262144,-0.0256772,-0.0267603,-0.0262634,-0.0256772,   -9.1084,-0.0256772, -0.245607,-0.0267603,-0.0256772,-0.0262144]
	PARPACK diagonalization completed after 30 matrix-vector product operations.
	iteration results: : total energy is -138.019570 | electron energy -138.662280 + phonon energy 0.642710 | electron momentum kIdx = 10
The 5-th iteration is completed.	|| time cost : 0h 0m 1.532s
********************************************************************************************************************
Start the 6 rounds of NGS-ED iteration
	effective electronic model is modified as: kinetic energy t = 0.689821
	                                           effective interaction Vq = [  -25.3125, -0.245021,-0.0262062, -0.245021, -0.245021,-0.0261575,-0.0256244,-0.0266998,-0.0262062,-0.0256244,  -9.10842,-0.0256244, -0.245021,-0.0266998,-0.0256244,-0.0261575]
	PARPACK diagonalization completed after 60 matrix-vector product operations.
	iteration results: : total energy is -138.019573 | electron energy -138.661052 + phonon energy 0.641480 | electron momentum kIdx = 10
The 6-th iteration is completed.	|| time cost : 0h 0m 1.656s
********************************************************************************************************************
Start the 7 rounds of NGS-ED iteration
	effective electronic model is modified as: kinetic energy t = 0.689711
	                                           effective interaction Vq = [  -25.3125, -0.244876,-0.0261835, -0.244876, -0.244876,-0.0261317,-0.0256112,-0.0267049,-0.0261835,-0.0256112,  -9.10842,-0.0256112, -0.244876,-0.0267049,-0.0256112,-0.0261317]
	PARPACK diagonalization completed after 30 matrix-vector product operations.
	iteration results: : total energy is -138.019573 | electron energy -138.660746 + phonon energy 0.641173 | electron momentum kIdx = 10
The 7-th iteration is completed.	|| time cost : 0h 0m 1.546s
********************************************************************************************************************
Start the 8 rounds of NGS-ED iteration
	effective electronic model is modified as: kinetic energy t = 0.689683
	                                           effective interaction Vq = [  -25.3125,  -0.24484,  -0.02618,  -0.24484,  -0.24484,-0.0261282,-0.0256079,-0.0267012,  -0.02618,-0.0256079,  -9.10842,-0.0256079,  -0.24484,-0.0267012,-0.0256079,-0.0261282]
	PARPACK diagonalization completed after 30 matrix-vector product operations.
	iteration results: : total energy is -138.019573 | electron energy -138.660670 + phonon energy 0.641097 | electron momentum kIdx = 10
The 8-th iteration is completed.	|| time cost : 0h 0m 1.538s
********************************************************************************************************************
Start the 9 rounds of NGS-ED iteration
	effective electronic model is modified as: kinetic energy t = 0.689676
	                                           effective interaction Vq = [  -25.3125,  -0.24483,-0.0261791,  -0.24483,  -0.24483,-0.0261273,-0.0256071,-0.0267002,-0.0261791,-0.0256071,  -9.10842,-0.0256071,  -0.24483,-0.0267002,-0.0256071,-0.0261273]
	PARPACK diagonalization completed after 30 matrix-vector product operations.
	iteration results: : total energy is -138.019573 | electron energy -138.660651 + phonon energy 0.641078 | electron momentum kIdx = 10
The 9-th iteration is completed.	|| time cost : 0h 0m 1.537s
********************************************************************************************************************
Start the 10 rounds of NGS-ED iteration
	effective electronic model is modified as: kinetic energy t = 0.689675
	                                           effective interaction Vq = [  -25.3125, -0.244828,-0.0261789, -0.244828, -0.244828,-0.0261271,-0.0256069,   -0.0267,-0.0261789,-0.0256069,  -9.10842,-0.0256069, -0.244828,   -0.0267,-0.0256069,-0.0261271]
	PARPACK diagonalization completed after 30 matrix-vector product operations.
	iteration results: : total energy is -138.019573 | electron energy -138.660646 + phonon energy 0.641073 | electron momentum kIdx = 10
The 10-th iteration is completed.	|| time cost : 0h 0m 1.544s
********************************************************************************************************************
Start the 11 rounds of NGS-ED iteration
	effective electronic model is modified as: kinetic energy t = 0.689674
	                                           effective interaction Vq = [  -25.3125, -0.244828,-0.0261788, -0.244828, -0.244828, -0.026127,-0.0256069,   -0.0267,-0.0261788,-0.0256069,  -9.10842,-0.0256069, -0.244828,   -0.0267,-0.0256069, -0.026127]
	PARPACK diagonalization completed after 30 matrix-vector product operations.
	iteration results: : total energy is -138.019573 | electron energy -138.660645 + phonon energy 0.641072 | electron momentum kIdx = 10
The 11-th iteration is completed.	|| time cost : 0h 0m 1.53s
********************************************************************************************************************
Start the 12 rounds of NGS-ED iteration
	effective electronic model is modified as: kinetic energy t = 0.689674
	                                           effective interaction Vq = [  -25.3125, -0.244827,-0.0261788, -0.244827, -0.244828, -0.026127,-0.0256069,-0.0266999,-0.0261788,-0.0256069,  -9.10842,-0.0256069, -0.244828,-0.0266999,-0.0256069, -0.026127]
	PARPACK diagonalization completed after 30 matrix-vector product operations.
	iteration results: : total energy is -138.019573 | electron energy -138.660644 + phonon energy 0.641072 | electron momentum kIdx = 10
The 12-th iteration is completed.	|| time cost : 0h 0m 1.541s
********************************************************************************************************************
Start the 13 rounds of NGS-ED iteration
	effective electronic model is modified as: kinetic energy t = 0.689674
	                                           effective interaction Vq = [  -25.3125, -0.244827,-0.0261788, -0.244827, -0.244827, -0.026127,-0.0256069,-0.0266999,-0.0261788,-0.0256069,  -9.10842,-0.0256069, -0.244827,-0.0266999,-0.0256069, -0.026127]
	PARPACK diagonalization completed after 30 matrix-vector product operations.
	iteration results: : total energy is -138.019573 | electron energy -138.660644 + phonon energy 0.641072 | electron momentum kIdx = 10
The 13-th iteration is completed.	|| time cost : 0h 0m 1.534s
********************************************************************************************************************
Start the 14 rounds of NGS-ED iteration
	effective electronic model is modified as: kinetic energy t = 0.689674
	                                           effective interaction Vq = [  -25.3125, -0.244827,-0.0261788, -0.244827, -0.244827, -0.026127,-0.0256069,-0.0266999,-0.0261788,-0.0256069,  -9.10842,-0.0256069, -0.244827,-0.0266999,-0.0256069, -0.026127]
	PARPACK diagonalization completed after 30 matrix-vector product operations.
	iteration results: : total energy is -138.019573 | electron energy -138.660644 + phonon energy 0.641072 | electron momentum kIdx = 10
	Nq(0) = 4,	Nq(1) = 0.00423116,	Nq(2) = 0.00817064,	Nq(3) = 0.00423116,	Nq(4) = 0.00423116,	Nq(5) = 0.00815419,	
	Nq(6) = 0.0119775,	Nq(7) = 0.00833623,	Nq(8) = 0.00817064,	Nq(9) = 0.0119775,	Nq(10) = 3.8907,	
	Nq(11) = 0.0119775,	Nq(12) = 0.00423116,	Nq(13) = 0.00833623,	Nq(14) = 0.0119775,	Nq(15) = 0.00815419;	
	Sq(0) = -2.73963e-21,	Sq(1) = 0.334395,	Sq(2) = 0.498288,	Sq(3) = 0.334395,	Sq(4) = 0.334394,	
	Sq(5) = 0.503842,	Sq(6) = 0.337288,	Sq(7) = 1.64433,	Sq(8) = 0.498288,	Sq(9) = 0.337288,	
	Sq(10) = 0.015496,	Sq(11) = 0.337288,	Sq(12) = 0.334394,	Sq(13) = 1.64433,	Sq(14) = 0.337288,	
	Sq(15) = 0.503842;	N(0) = 0.733279,	N(1) = 0.587148,	N(2) = 0.495268,	N(3) = 0.587148,	
	N(4) = 0.587148,	N(5) = 0.495106,	N(6) = 0.412852,	N(7) = 0.461871,	N(8) = 0.495268,	
	N(9) = 0.412852,	N(10) = 0.362229,	N(11) = 0.412852,	N(12) = 0.587148,	N(13) = 0.461871,	
	N(14) = 0.412852,	N(15) = 0.495106;	Delta[s](0) = 0.000330312,	Delta[s](1) = 0.00016691,	Delta[s](2) = 0.00013778,	
	Delta[s](3) = 0.00016691,	Delta[s](4) = 0.00016691,	Delta[s](5) = 0.000132088,	Delta[s](6) = 0.000136713,	Delta[s](7) = 3.72866e-05,	
	Delta[s](8) = 0.00013778,	Delta[s](9) = 0.000136713,	Delta[s](10) = 0.000269144,	Delta[s](11) = 0.000136713,	Delta[s](12) = 0.00016691,	
	Delta[s](13) = 3.72866e-05,	Delta[s](14) = 0.000136713,	Delta[s](15) = 0.000132088;	Delta[d](0) = 0.00426372,	Delta[d](1) = 0.00274761,	
	Delta[d](2) = 0.00307816,	Delta[d](3) = 0.00274761,	Delta[d](4) = 0.00274761,	Delta[d](5) = 0.000558838,	Delta[d](6) = 0.000553241,	
	Delta[d](7) = 0.000832417,	Delta[d](8) = 0.00307816,	Delta[d](9) = 0.000553241,	Delta[d](10) = 6.6353e-06,	Delta[d](11) = 0.000553241,	
	Delta[d](12) = 0.00274761,	Delta[d](13) = 0.000832417,	Delta[d](14) = 0.000553241,	Delta[d](15) = 0.000558838;	Delta[s+](0) = 0.0104009,	
	Delta[s+](1) = 0.00561418,	Delta[s+](2) = 0.00307816,	Delta[s+](3) = 0.00561418,	Delta[s+](4) = 0.00561418,	Delta[s+](5) = 0.00224596,	
	Delta[s+](6) = 0.000579205,	Delta[s+](7) = 0.00186667,	Delta[s+](8) = 0.00307816,	Delta[s+](9) = 0.000579205,	Delta[s+](10) = 6.27586e-06,	
	Delta[s+](11) = 0.000579205,	Delta[s+](12) = 0.00561418,	Delta[s+](13) = 0.00186667,	Delta[s+](14) = 0.000579205,	Delta[s+](15) = 0.00224596
	
The 14-th iteration is completed.	|| time cost : 0h 0m 3.749s
********************************************************************************************************************
********************************************************************************************************************
Ground state is obtained after 15 iterations. The current ground-state energy is -138.02, in which electron energy is -138.661 and phonon energy is 0.641072
Final variational state is: 
	Gamma_x = [      1,1.00516,1.00106,1.00516,1.00516,1.00106,1.00152,1.00111,1.00106,1.00152,14.7535,1.00152,1.00516,1.00111,1.00152,1.00106]
	lambda_q = [     11.25, 0.0912942,  0.029278, 0.0912942, 0.0912942, 0.0292197,-0.0286343, 0.0298648,  0.029278,-0.0286343,  -6.60718,-0.0286343, 0.0912942, 0.0298648,-0.0286343, 0.0292197]
Effective e-e interactions mediated by phonons are:
	momentum-space Vq = [  -25.3125, -0.244827,-0.0261788, -0.244827, -0.244827, -0.026127,-0.0256069,-0.0266999,-0.0261788,-0.0256069,  -9.10842,-0.0256069, -0.244827,-0.0266999,-0.0256069, -0.026127]
	real-space Vr = [ -2.22879, -1.04016, -2.14798, -1.04016, -1.04016, -2.14811,-0.985352, -2.14796, -2.14798,-0.985352, -2.09357,-0.985352, -1.04016, -2.14796,-0.985352, -2.14811]
********************************************************************************************************************
o___o  ----------------------------------------
| L |	Time since last clock: 0h 0m 0.01s
A===A	Time since the beginning: 0h 0m 32.564s
***********************************************


Non-Gaussina ED ground state calculation is completed. The final ground-state energy is -138.02
********************************************************************************************************************
o___o  ----------------------------------------
| L |	Time since last clock: 0h 0m 0.002s
A===A	Time since the beginning: 0h 0m 32.566s
***********************************************



********************************************************************************************************************
All non-Gaussian ED ground state calculations have been completed. Exit now.
