SNEDics v3.2 diagonalization test program		Start at Fri Apr 26 21:07:31 2019

parallized on 80 MPI threads  * 6 OpenMP threads = 480 total threads.
************************************************************************************
************************************************************************************

Input file "model_params.in"
Hubbard-Holstein model parameters : 	t = 1    U = 6    g = 1    W = 1    
************************************************************************************
Input file "hilbertspace_params.in"

Cluster Positions:				Cluster symmetry group : D4
 x ... x ... x ... x .....                       x ... x ... x ... x .....
 |           |           :                       |           |           :
 |           |           :                       |           |           :
12    13    14    15     x                       1     5     6     5     x
 |           |           :                       |           |           :
 |           |           :                       |           |           :
 8 --- 9 ---10 ---11 --- x                       2 --- 6 ---10 --- 6 --- x
 |           |           :                       |           |           :
 |           |           :                       |           |           :
 4     5     6     7     x                       1     5     6     5     x
 |           |           :                       |           |           :
 |           |           :                       |           |           :
 0 --- 1 --- 2 --- 3 --- x                       0 --- 1 --- 2 --- 1 --- x
orbital number : 1
************************************************************************************
0 rounds of non-Gaussian ED iteration : ground-state energy is -10.5522 | electron energy -10.5522 + phonon energy 0 | electron momentum kIdx = 0
Nq = 	16	0.0982957	0.161432	0.0982957	0.0982957	0.161432	0.219761	0.161432	0.161432	0.219761	0.273324	0.219761	0.0982957	0.161432	0.219761	0.161432
Sq = 	-3.34797e-19	0.423896	0.634552	0.423896	0.423896	0.634552	0.876339	0.634552	0.634552	0.876339	4.47761	0.876339	0.423896	0.634552	0.876339	0.634552
1 rounds of non-Gaussian ED iteration : ground-state energy is -13.7078 | electron energy -13.7078 + phonon energy 3.11799e-06 | electron momentum kIdx = 0
Nq = 	16	0.104033	0.169051	0.104033	0.104033	0.169051	0.229727	0.169051	0.169051	0.229727	0.285017	0.229727	0.104033	0.169051	0.229727	0.169051
Sq = 	1.29651e-19	0.424906	0.633632	0.424906	0.424906	0.633632	0.86817	0.633632	0.633632	0.86817	4.39154	0.86817	0.424906	0.633632	0.86817	0.633632
2 rounds of non-Gaussian ED iteration : ground-state energy is -16.1405 | electron energy -16.1406 + phonon energy 6.80231e-05 | electron momentum kIdx = 0
Nq = 	16	0.106306	0.171977	0.106306	0.106306	0.171977	0.233503	0.171977	0.171977	0.233503	0.289357	0.233503	0.106306	0.171977	0.233503	0.171977
Sq = 	1.88586e-18	0.425274	0.633302	0.425274	0.425274	0.633302	0.865087	0.633302	0.633302	0.865087	4.35829	0.865087	0.425274	0.633302	0.865087	0.633302
3 rounds of non-Gaussian ED iteration : ground-state energy is -18.0996 | electron energy -18.0999 + phonon energy 0.000298195 | electron momentum kIdx = 0
Nq = 	16	0.107341	0.173277	0.107341	0.107341	0.173277	0.235155	0.173277	0.173277	0.235155	0.291223	0.235155	0.107341	0.173277	0.235155	0.173277
Sq = 	-1.53346e-18	0.425439	0.633168	0.425439	0.425439	0.633168	0.863727	0.633168	0.633168	0.863727	4.34346	0.863727	0.425439	0.633168	0.863727	0.633168
4 rounds of non-Gaussian ED iteration : ground-state energy is -19.696 | electron energy -19.6967 + phonon energy 0.000714944 | electron momentum kIdx = 0
Nq = 	16	0.10786	0.173913	0.10786	0.10786	0.173913	0.235954	0.173913	0.173913	0.235954	0.292116	0.235954	0.10786	0.173913	0.235954	0.173913
Sq = 	1.16522e-18	0.425523	0.633108	0.425523	0.425523	0.633108	0.863063	0.633108	0.633108	0.863063	4.33616	0.863063	0.425523	0.633108	0.863063	0.633108
5 rounds of non-Gaussian ED iteration : ground-state energy is -21.001 | electron energy -21.0023 + phonon energy 0.00126739 | electron momentum kIdx = 0
Nq = 	16	0.108138	0.17425	0.108138	0.108138	0.17425	0.236374	0.17425	0.17425	0.236374	0.292584	0.236374	0.108138	0.17425	0.236374	0.17425
Sq = 	1.66729e-19	0.425568	0.633077	0.425568	0.425568	0.633077	0.862711	0.633077	0.633077	0.862711	4.33229	0.862711	0.425568	0.633077	0.862711	0.633077
6 rounds of non-Gaussian ED iteration : ground-state energy is -22.0689 | electron energy -22.0708 + phonon energy 0.00188788 | electron momentum kIdx = 0
Nq = 	16	0.108298	0.17444	0.108298	0.108298	0.17444	0.236613	0.17444	0.17444	0.236613	0.292852	0.236613	0.108298	0.17444	0.236613	0.17444
Sq = 	-5.62898e-19	0.425593	0.63306	0.425593	0.425593	0.63306	0.862511	0.63306	0.63306	0.862511	4.33008	0.862511	0.425593	0.63306	0.862511	0.63306
7 rounds of non-Gaussian ED iteration : ground-state energy is -22.9431 | electron energy -22.9456 + phonon energy 0.00252067 | electron momentum kIdx = 0
Nq = 	16	0.108396	0.174557	0.108396	0.108396	0.174557	0.23676	0.174557	0.174557	0.23676	0.293018	0.23676	0.108396	0.174557	0.23676	0.174557
Sq = 	-1.65779e-18	0.425608	0.633049	0.425608	0.425608	0.633049	0.862389	0.633049	0.633049	0.862389	4.32873	0.862389	0.425608	0.633049	0.862389	0.633049
8 rounds of non-Gaussian ED iteration : ground-state energy is -23.6587 | electron energy -23.6618 + phonon energy 0.00312842 | electron momentum kIdx = 0
Nq = 	16	0.108459	0.174633	0.108459	0.108459	0.174633	0.236858	0.174633	0.174633	0.236858	0.29313	0.236858	0.108459	0.174633	0.236858	0.174633
Sq = 	1.23035e-18	0.425618	0.633041	0.425618	0.425618	0.633041	0.862309	0.633041	0.633041	0.862309	4.32785	0.862309	0.425618	0.633041	0.862309	0.633041
9 rounds of non-Gaussian ED iteration : ground-state energy is -24.2445 | electron energy -24.2482 + phonon energy 0.00368966 | electron momentum kIdx = 0
Nq = 	16	0.108503	0.174686	0.108503	0.108503	0.174686	0.236926	0.174686	0.174686	0.236926	0.29321	0.236926	0.108503	0.174686	0.236926	0.174686
Sq = 	-5.74821e-19	0.425624	0.633036	0.425624	0.425624	0.633036	0.862253	0.633036	0.633036	0.862253	4.32723	0.862253	0.425624	0.633036	0.862253	0.633036
10 rounds of non-Gaussian ED iteration : ground-state energy is -24.7241 | electron energy -24.7283 + phonon energy 0.00419426 | electron momentum kIdx = 0
Nq = 	16	0.108535	0.174725	0.108535	0.108535	0.174725	0.236978	0.174725	0.174725	0.236978	0.29327	0.236978	0.108535	0.174725	0.236978	0.174725
Sq = 	-6.1388e-19	0.425629	0.633031	0.425629	0.425629	0.633031	0.862212	0.633031	0.633031	0.862212	4.32678	0.862212	0.425629	0.633031	0.862212	0.633031
11 rounds of non-Gaussian ED iteration : ground-state energy is -25.1167 | electron energy -25.1213 + phonon energy 0.00463949 | electron momentum kIdx = 0
Nq = 	16	0.108559	0.174755	0.108559	0.108559	0.174755	0.237017	0.174755	0.174755	0.237017	0.293317	0.237017	0.108559	0.174755	0.237017	0.174755
Sq = 	-5.42347e-19	0.425632	0.633028	0.425632	0.425632	0.633028	0.862181	0.633028	0.633028	0.862181	4.32643	0.862181	0.425632	0.633028	0.862181	0.633028
12 rounds of non-Gaussian ED iteration : ground-state energy is -25.4381 | electron energy -25.4432 + phonon energy 0.005027 | electron momentum kIdx = 0
Nq = 	16	0.108578	0.174779	0.108578	0.108578	0.174779	0.237049	0.174779	0.174779	0.237049	0.293355	0.237049	0.108578	0.174779	0.237049	0.174779
Sq = 	1.78039e-18	0.425635	0.633025	0.425635	0.425635	0.633025	0.862156	0.633025	0.633025	0.862156	4.32615	0.862156	0.425635	0.633025	0.862156	0.633025
13 rounds of non-Gaussian ED iteration : ground-state energy is -25.7013 | electron energy -25.7067 + phonon energy 0.00536087 | electron momentum kIdx = 0
Nq = 	16	0.108593	0.174798	0.108593	0.108593	0.174798	0.237074	0.174798	0.174798	0.237074	0.293385	0.237074	0.108593	0.174798	0.237074	0.174798
Sq = 	-2.29961e-18	0.425637	0.633022	0.425637	0.425637	0.633022	0.862136	0.633022	0.633022	0.862136	4.32594	0.862136	0.425637	0.633022	0.862136	0.633022
14 rounds of non-Gaussian ED iteration : ground-state energy is -25.9168 | electron energy -25.9224 + phonon energy 0.00564633 | electron momentum kIdx = 0
Nq = 	16	0.108605	0.174813	0.108605	0.108605	0.174813	0.237095	0.174813	0.174813	0.237095	0.29341	0.237095	0.108605	0.174813	0.237095	0.174813
Sq = 	3.78436e-18	0.425638	0.63302	0.425638	0.425638	0.63302	0.86212	0.63302	0.63302	0.86212	4.32576	0.86212	0.425638	0.63302	0.86212	0.63302
15 rounds of non-Gaussian ED iteration : ground-state energy is -26.0932 | electron energy -26.099 + phonon energy 0.00588896 | electron momentum kIdx = 0
Nq = 	16	0.108615	0.174826	0.108615	0.108615	0.174826	0.237112	0.174826	0.174826	0.237112	0.29343	0.237112	0.108615	0.174826	0.237112	0.174826
Sq = 	-3.03478e-19	0.425639	0.633019	0.425639	0.425639	0.633019	0.862106	0.633019	0.633019	0.862106	4.32561	0.862106	0.425639	0.633019	0.862106	0.633019
16 rounds of non-Gaussian ED iteration : ground-state energy is -26.2376 | electron energy -26.2437 + phonon energy 0.00609423 | electron momentum kIdx = 0
Nq = 	16	0.108623	0.174836	0.108623	0.108623	0.174836	0.237126	0.174836	0.174836	0.237126	0.293447	0.237126	0.108623	0.174836	0.237126	0.174836
Sq = 	-5.8855e-19	0.42564	0.633017	0.42564	0.42564	0.633017	0.862096	0.633017	0.633017	0.862095	4.32549	0.862095	0.42564	0.633017	0.862096	0.633017
17 rounds of non-Gaussian ED iteration : ground-state energy is -26.3558 | electron energy -26.3621 + phonon energy 0.00626727 | electron momentum kIdx = 0
Nq = 	16	0.108629	0.174845	0.108629	0.108629	0.174845	0.237138	0.174845	0.174845	0.237138	0.293461	0.237138	0.108629	0.174845	0.237138	0.174845
Sq = 	8.46668e-19	0.425641	0.633016	0.425641	0.425641	0.633016	0.862086	0.633016	0.633016	0.862086	4.32539	0.862086	0.425641	0.633016	0.862086	0.633016
18 rounds of non-Gaussian ED iteration : ground-state energy is -26.4526 | electron energy -26.459 + phonon energy 0.0064127 | electron momentum kIdx = 0
Nq = 	16	0.108635	0.174852	0.108635	0.108635	0.174852	0.237147	0.174852	0.174852	0.237147	0.293473	0.237147	0.108635	0.174852	0.237147	0.174852
Sq = 	1.57951e-18	0.425642	0.633015	0.425642	0.425642	0.633015	0.862079	0.633015	0.633015	0.862079	4.32531	0.862079	0.425642	0.633015	0.862079	0.633015
19 rounds of non-Gaussian ED iteration : ground-state energy is -26.5319 | electron energy -26.5384 + phonon energy 0.00653466 | electron momentum kIdx = 0
Nq = 	16	0.10864	0.174858	0.10864	0.10864	0.174858	0.237155	0.174858	0.174858	0.237155	0.293482	0.237155	0.10864	0.174858	0.237155	0.174858
Sq = 	-4.90957e-19	0.425642	0.633014	0.425642	0.425642	0.633014	0.862073	0.633014	0.633014	0.862073	4.32524	0.862073	0.425642	0.633014	0.862073	0.633014
20 rounds of non-Gaussian ED iteration : ground-state energy is -26.5968 | electron energy -26.6034 + phonon energy 0.00663673 | electron momentum kIdx = 0
Nq = 	16	0.108643	0.174863	0.108643	0.108643	0.174863	0.237162	0.174863	0.174863	0.237162	0.29349	0.237162	0.108643	0.174863	0.237162	0.174863
Sq = 	-2.0545e-18	0.425643	0.633014	0.425643	0.425643	0.633014	0.862068	0.633014	0.633014	0.862068	4.32519	0.862068	0.425643	0.633014	0.862068	0.633014
21 rounds of non-Gaussian ED iteration : ground-state energy is -26.6499 | electron energy -26.6566 + phonon energy 0.00672203 | electron momentum kIdx = 0
Nq = 	16	0.108647	0.174867	0.108647	0.108647	0.174867	0.237167	0.174867	0.174867	0.237167	0.293497	0.237167	0.108647	0.174867	0.237167	0.174867
Sq = 	2.03297e-18	0.425643	0.633013	0.425643	0.425643	0.633013	0.862063	0.633013	0.633013	0.862063	4.32514	0.862063	0.425643	0.633013	0.862063	0.633013
22 rounds of non-Gaussian ED iteration : ground-state energy is -26.6934 | electron energy -26.7002 + phonon energy 0.00679322 | electron momentum kIdx = 0
Nq = 	16	0.108649	0.17487	0.108649	0.108649	0.17487	0.237172	0.17487	0.17487	0.237172	0.293502	0.237172	0.108649	0.17487	0.237172	0.17487
Sq = 	1.63347e-18	0.425644	0.633013	0.425644	0.425644	0.633013	0.86206	0.633013	0.633013	0.86206	4.3251	0.86206	0.425644	0.633013	0.86206	0.633013
23 rounds of non-Gaussian ED iteration : ground-state energy is -26.729 | electron energy -26.7358 + phonon energy 0.00685258 | electron momentum kIdx = 0
Nq = 	16	0.108651	0.174873	0.108651	0.108651	0.174873	0.237176	0.174873	0.174873	0.237176	0.293507	0.237176	0.108651	0.174873	0.237176	0.174873
Sq = 	7.57265e-19	0.425644	0.633012	0.425644	0.425644	0.633012	0.862057	0.633012	0.633012	0.862057	4.32507	0.862057	0.425644	0.633012	0.862057	0.633012
24 rounds of non-Gaussian ED iteration : ground-state energy is -26.7581 | electron energy -26.765 + phonon energy 0.00690204 | electron momentum kIdx = 0
Nq = 	16	0.108653	0.174875	0.108653	0.108653	0.174875	0.237179	0.174875	0.174875	0.237179	0.293511	0.237179	0.108653	0.174875	0.237179	0.174875
Sq = 	9.96448e-19	0.425644	0.633012	0.425644	0.425644	0.633012	0.862055	0.633012	0.633012	0.862055	4.32504	0.862055	0.425644	0.633012	0.862055	0.633012
25 rounds of non-Gaussian ED iteration : ground-state energy is -26.782 | electron energy -26.7889 + phonon energy 0.00694321 | electron momentum kIdx = 0
Nq = 	16	0.108655	0.174877	0.108655	0.108655	0.174877	0.237181	0.174877	0.174877	0.237181	0.293514	0.237181	0.108655	0.174877	0.237181	0.174877
Sq = 	1.92381e-18	0.425644	0.633012	0.425644	0.425644	0.633012	0.862053	0.633012	0.633012	0.862053	4.32502	0.862053	0.425644	0.633012	0.862053	0.633012
26 rounds of non-Gaussian ED iteration : ground-state energy is -26.8015 | electron energy -26.8085 + phonon energy 0.00697746 | electron momentum kIdx = 0
Nq = 	16	0.108656	0.174879	0.108656	0.108656	0.174879	0.237184	0.174879	0.174879	0.237184	0.293516	0.237184	0.108656	0.174879	0.237184	0.174879
Sq = 	8.89157e-19	0.425644	0.633012	0.425644	0.425644	0.633012	0.862051	0.633012	0.633012	0.862051	4.325	0.862051	0.425644	0.633012	0.862051	0.633012
27 rounds of non-Gaussian ED iteration : ground-state energy is -26.8175 | electron energy -26.8245 + phonon energy 0.00700595 | electron momentum kIdx = 0
Nq = 	16	0.108657	0.17488	0.108657	0.108657	0.17488	0.237185	0.17488	0.17488	0.237185	0.293519	0.237185	0.108657	0.17488	0.237185	0.17488
Sq = 	-1.13148e-18	0.425645	0.633011	0.425645	0.425645	0.633011	0.86205	0.633011	0.633011	0.86205	4.32499	0.86205	0.425645	0.633011	0.86205	0.633011
28 rounds of non-Gaussian ED iteration : ground-state energy is -26.8306 | electron energy -26.8377 + phonon energy 0.00702963 | electron momentum kIdx = 0
Nq = 	16	0.108658	0.174881	0.108658	0.108658	0.174881	0.237187	0.174881	0.174881	0.237187	0.29352	0.237187	0.108658	0.174881	0.237187	0.174881
Sq = 	8.96461e-19	0.425645	0.633011	0.425645	0.425645	0.633011	0.862048	0.633011	0.633011	0.862048	4.32497	0.862048	0.425645	0.633011	0.862048	0.633011
29 rounds of non-Gaussian ED iteration : ground-state energy is -26.8414 | electron energy -26.8484 + phonon energy 0.00704931 | electron momentum kIdx = 0
Nq = 	16	0.108658	0.174882	0.108658	0.108658	0.174882	0.237188	0.174882	0.174882	0.237188	0.293522	0.237188	0.108658	0.174882	0.237188	0.174882
Sq = 	6.91264e-21	0.425645	0.633011	0.425645	0.425645	0.633011	0.862047	0.633011	0.633011	0.862047	4.32496	0.862047	0.425645	0.633011	0.862047	0.633011
30 rounds of non-Gaussian ED iteration : ground-state energy is -26.8501 | electron energy -26.8572 + phonon energy 0.00706567 | electron momentum kIdx = 0
Nq = 	16	0.108659	0.174883	0.108659	0.108659	0.174883	0.237189	0.174883	0.174883	0.237189	0.293523	0.237189	0.108659	0.174883	0.237189	0.174883
Sq = 	-2.60685e-18	0.425645	0.633011	0.425645	0.425645	0.633011	0.862047	0.633011	0.633011	0.862047	4.32495	0.862047	0.425645	0.633011	0.862047	0.633011
31 rounds of non-Gaussian ED iteration : ground-state energy is -26.8573 | electron energy -26.8644 + phonon energy 0.00707925 | electron momentum kIdx = 0
Nq = 	16	0.108659	0.174883	0.108659	0.108659	0.174883	0.23719	0.174883	0.174883	0.23719	0.293524	0.23719	0.108659	0.174883	0.23719	0.174883
Sq = 	-4.56889e-19	0.425645	0.633011	0.425645	0.425645	0.633011	0.862046	0.633011	0.633011	0.862046	4.32495	0.862046	0.425645	0.633011	0.862046	0.633011
32 rounds of non-Gaussian ED iteration : ground-state energy is -26.8632 | electron energy -26.8703 + phonon energy 0.00709054 | electron momentum kIdx = 0
Nq = 	16	0.10866	0.174884	0.10866	0.10866	0.174884	0.237191	0.174884	0.174884	0.237191	0.293525	0.237191	0.10866	0.174884	0.237191	0.174884
Sq = 	2.43759e-18	0.425645	0.633011	0.425645	0.425645	0.633011	0.862045	0.633011	0.633011	0.862045	4.32494	0.862045	0.425645	0.633011	0.862045	0.633011
33 rounds of non-Gaussian ED iteration : ground-state energy is -26.868 | electron energy -26.8751 + phonon energy 0.0070999 | electron momentum kIdx = 0
Nq = 	16	0.10866	0.174884	0.10866	0.10866	0.174884	0.237191	0.174884	0.174884	0.237191	0.293526	0.237191	0.10866	0.174884	0.237191	0.174884
Sq = 	5.78917e-19	0.425645	0.633011	0.425645	0.425645	0.633011	0.862045	0.633011	0.633011	0.862045	4.32494	0.862045	0.425645	0.633011	0.862045	0.633011
34 rounds of non-Gaussian ED iteration : ground-state energy is -26.872 | electron energy -26.8791 + phonon energy 0.00710768 | electron momentum kIdx = 0
Nq = 	16	0.10866	0.174885	0.10866	0.10866	0.174885	0.237192	0.174885	0.174885	0.237192	0.293526	0.237192	0.10866	0.174885	0.237192	0.174885
Sq = 	2.47865e-19	0.425645	0.633011	0.425645	0.425645	0.633011	0.862045	0.633011	0.633011	0.862045	4.32493	0.862045	0.425645	0.633011	0.862045	0.633011
35 rounds of non-Gaussian ED iteration : ground-state energy is -26.8752 | electron energy -26.8823 + phonon energy 0.00711414 | electron momentum kIdx = 0
Nq = 	16	0.108661	0.174885	0.108661	0.108661	0.174885	0.237192	0.174885	0.174885	0.237192	0.293527	0.237192	0.108661	0.174885	0.237192	0.174885
Sq = 	2.27858e-18	0.425645	0.633011	0.425645	0.425645	0.633011	0.862044	0.633011	0.633011	0.862044	4.32493	0.862044	0.425645	0.633011	0.862044	0.633011
36 rounds of non-Gaussian ED iteration : ground-state energy is -26.8779 | electron energy -26.885 + phonon energy 0.0071195 | electron momentum kIdx = 0
Nq = 	16	0.108661	0.174885	0.108661	0.108661	0.174885	0.237192	0.174885	0.174885	0.237192	0.293527	0.237192	0.108661	0.174885	0.237192	0.174885
Sq = 	6.63397e-19	0.425645	0.633011	0.425645	0.425645	0.633011	0.862044	0.633011	0.633011	0.862044	4.32493	0.862044	0.425645	0.633011	0.862044	0.633011
37 rounds of non-Gaussian ED iteration : ground-state energy is -26.88 | electron energy -26.8872 + phonon energy 0.00712395 | electron momentum kIdx = 0
Nq = 	16	0.108661	0.174886	0.108661	0.108661	0.174886	0.237193	0.174886	0.174886	0.237193	0.293528	0.237193	0.108661	0.174886	0.237193	0.174886
Sq = 	-6.33833e-19	0.425645	0.633011	0.425645	0.425645	0.633011	0.862044	0.633011	0.633011	0.862044	4.32492	0.862044	0.425645	0.633011	0.862044	0.633011
38 rounds of non-Gaussian ED iteration : ground-state energy is -26.8818 | electron energy -26.8889 + phonon energy 0.00712765 | electron momentum kIdx = 0
Nq = 	16	0.108661	0.174886	0.108661	0.108661	0.174886	0.237193	0.174886	0.174886	0.237193	0.293528	0.237193	0.108661	0.174886	0.237193	0.174886
Sq = 	-4.63387e-19	0.425645	0.633011	0.425645	0.425645	0.633011	0.862044	0.633011	0.633011	0.862044	4.32492	0.862044	0.425645	0.633011	0.862044	0.633011
39 rounds of non-Gaussian ED iteration : ground-state energy is -26.8833 | electron energy -26.8904 + phonon energy 0.00713071 | electron momentum kIdx = 0
Nq = 	16	0.108661	0.174886	0.108661	0.108661	0.174886	0.237193	0.174886	0.174886	0.237193	0.293528	0.237193	0.108661	0.174886	0.237193	0.174886
Sq = 	-1.71039e-18	0.425645	0.633011	0.425645	0.425645	0.633011	0.862044	0.633011	0.633011	0.862044	4.32492	0.862044	0.425645	0.633011	0.862044	0.633011
40 rounds of non-Gaussian ED iteration : ground-state energy is -26.8844 | electron energy -26.8916 + phonon energy 0.00713326 | electron momentum kIdx = 0
Nq = 	16	0.108661	0.174886	0.108661	0.108661	0.174886	0.237193	0.174886	0.174886	0.237193	0.293528	0.237193	0.108661	0.174886	0.237193	0.174886
Sq = 	2.17942e-18	0.425645	0.633011	0.425645	0.425645	0.633011	0.862043	0.633011	0.633011	0.862043	4.32492	0.862043	0.425645	0.633011	0.862043	0.633011
41 rounds of non-Gaussian ED iteration : ground-state energy is -26.8854 | electron energy -26.8926 + phonon energy 0.00713537 | electron momentum kIdx = 0
Nq = 	16	0.108661	0.174886	0.108661	0.108661	0.174886	0.237193	0.174886	0.174886	0.237193	0.293528	0.237193	0.108661	0.174886	0.237193	0.174886
Sq = 	2.23014e-18	0.425645	0.633011	0.425645	0.425645	0.633011	0.862043	0.633011	0.633011	0.862043	4.32492	0.862043	0.425645	0.633011	0.862043	0.633011
42 rounds of non-Gaussian ED iteration : ground-state energy is -26.8862 | electron energy -26.8933 + phonon energy 0.00713712 | electron momentum kIdx = 0
Nq = 	16	0.108661	0.174886	0.108661	0.108661	0.174886	0.237194	0.174886	0.174886	0.237194	0.293529	0.237194	0.108661	0.174886	0.237194	0.174886
Sq = 	-7.6599e-19	0.425645	0.633011	0.425645	0.425645	0.633011	0.862043	0.633011	0.633011	0.862043	4.32492	0.862043	0.425645	0.633011	0.862043	0.633011
43 rounds of non-Gaussian ED iteration : ground-state energy is -26.8869 | electron energy -26.894 + phonon energy 0.00713858 | electron momentum kIdx = 0
Nq = 	16	0.108662	0.174886	0.108662	0.108662	0.174886	0.237194	0.174886	0.174886	0.237194	0.293529	0.237194	0.108662	0.174886	0.237194	0.174886
Sq = 	3.43089e-19	0.425645	0.633011	0.425645	0.425645	0.633011	0.862043	0.633011	0.633011	0.862043	4.32492	0.862043	0.425645	0.633011	0.862043	0.633011
44 rounds of non-Gaussian ED iteration : ground-state energy is -26.8874 | electron energy -26.8945 + phonon energy 0.00713979 | electron momentum kIdx = 0
Nq = 	16	0.108662	0.174886	0.108662	0.108662	0.174886	0.237194	0.174886	0.174886	0.237194	0.293529	0.237194	0.108662	0.174886	0.237194	0.174886
Sq = 	3.56531e-18	0.425645	0.633011	0.425645	0.425645	0.633011	0.862043	0.633011	0.633011	0.862043	4.32492	0.862043	0.425645	0.633011	0.862043	0.633011
45 rounds of non-Gaussian ED iteration : ground-state energy is -26.8878 | electron energy -26.895 + phonon energy 0.00714079 | electron momentum kIdx = 0
Nq = 	16	0.108662	0.174886	0.108662	0.108662	0.174886	0.237194	0.174886	0.174886	0.237194	0.293529	0.237194	0.108662	0.174886	0.237194	0.174886
Sq = 	-2.40395e-18	0.425645	0.633011	0.425645	0.425645	0.633011	0.862043	0.633011	0.633011	0.862043	4.32492	0.862043	0.425645	0.633011	0.862043	0.633011
46 rounds of non-Gaussian ED iteration : ground-state energy is -26.8882 | electron energy -26.8953 + phonon energy 0.00714162 | electron momentum kIdx = 0
Nq = 	16	0.108662	0.174886	0.108662	0.108662	0.174886	0.237194	0.174886	0.174886	0.237194	0.293529	0.237194	0.108662	0.174886	0.237194	0.174886
Sq = 	-4.29433e-19	0.425645	0.633011	0.425645	0.425645	0.633011	0.862043	0.633011	0.633011	0.862043	4.32491	0.862043	0.425645	0.633011	0.862043	0.633011
47 rounds of non-Gaussian ED iteration : ground-state energy is -26.8885 | electron energy -26.8956 + phonon energy 0.00714231 | electron momentum kIdx = 0
Nq = 	16	0.108662	0.174886	0.108662	0.108662	0.174886	0.237194	0.174886	0.174886	0.237194	0.293529	0.237194	0.108662	0.174886	0.237194	0.174886
Sq = 	1.10943e-18	0.425645	0.633011	0.425645	0.425645	0.633011	0.862043	0.633011	0.633011	0.862043	4.32491	0.862043	0.425645	0.633011	0.862043	0.633011
48 rounds of non-Gaussian ED iteration : ground-state energy is -26.8887 | electron energy -26.8959 + phonon energy 0.00714288 | electron momentum kIdx = 0
Nq = 	16	0.108662	0.174886	0.108662	0.108662	0.174886	0.237194	0.174886	0.174886	0.237194	0.293529	0.237194	0.108662	0.174886	0.237194	0.174886
Sq = 	4.13584e-19	0.425645	0.633011	0.425645	0.425645	0.633011	0.862043	0.633011	0.633011	0.862043	4.32491	0.862043	0.425645	0.633011	0.862043	0.633011
49 rounds of non-Gaussian ED iteration : ground-state energy is -26.8889 | electron energy -26.8961 + phonon energy 0.00714336 | electron momentum kIdx = 0
Nq = 	16	0.108662	0.174886	0.108662	0.108662	0.174886	0.237194	0.174886	0.174886	0.237194	0.293529	0.237194	0.108662	0.174886	0.237194	0.174886
Sq = 	-8.10491e-19	0.425645	0.633011	0.425645	0.425645	0.633011	0.862043	0.633011	0.633011	0.862043	4.32491	0.862043	0.425645	0.633011	0.862043	0.633011
50 rounds of non-Gaussian ED iteration : ground-state energy is -26.8891 | electron energy -26.8962 + phonon energy 0.00714375 | electron momentum kIdx = 0
Nq = 	16	0.108662	0.174886	0.108662	0.108662	0.174886	0.237194	0.174886	0.174886	0.237194	0.293529	0.237194	0.108662	0.174886	0.237194	0.174886
Sq = 	-2.42153e-19	0.425645	0.633011	0.425645	0.425645	0.633011	0.862043	0.633011	0.633011	0.862043	4.32491	0.862043	0.425645	0.633011	0.862043	0.633011
51 rounds of non-Gaussian ED iteration : ground-state energy is -26.8892 | electron energy -26.8964 + phonon energy 0.00714408 | electron momentum kIdx = 0
Nq = 	16	0.108662	0.174886	0.108662	0.108662	0.174886	0.237194	0.174886	0.174886	0.237194	0.293529	0.237194	0.108662	0.174886	0.237194	0.174886
Sq = 	1.53943e-18	0.425645	0.633011	0.425645	0.425645	0.633011	0.862043	0.633011	0.633011	0.862043	4.32491	0.862043	0.425645	0.633011	0.862043	0.633011
52 rounds of non-Gaussian ED iteration : ground-state energy is -26.8893 | electron energy -26.8965 + phonon energy 0.00714435 | electron momentum kIdx = 0
Nq = 	16	0.108662	0.174886	0.108662	0.108662	0.174886	0.237194	0.174886	0.174886	0.237194	0.293529	0.237194	0.108662	0.174886	0.237194	0.174886
Sq = 	-9.92242e-19	0.425645	0.633011	0.425645	0.425645	0.633011	0.862043	0.633011	0.633011	0.862043	4.32491	0.862043	0.425645	0.633011	0.862043	0.633011
53 rounds of non-Gaussian ED iteration : ground-state energy is -26.8894 | electron energy -26.8966 + phonon energy 0.00714458 | electron momentum kIdx = 0
Nq = 	16	0.108662	0.174886	0.108662	0.108662	0.174886	0.237194	0.174886	0.174886	0.237194	0.293529	0.237194	0.108662	0.174886	0.237194	0.174886
Sq = 	3.2803e-18	0.425645	0.633011	0.425645	0.425645	0.633011	0.862043	0.633011	0.633011	0.862043	4.32491	0.862043	0.425645	0.633011	0.862043	0.633011
54 rounds of non-Gaussian ED iteration : ground-state energy is -26.8895 | electron energy -26.8966 + phonon energy 0.00714476 | electron momentum kIdx = 0
Nq = 	16	0.108662	0.174886	0.108662	0.108662	0.174886	0.237194	0.174886	0.174886	0.237194	0.293529	0.237194	0.108662	0.174886	0.237194	0.174886
Sq = 	9.63029e-19	0.425645	0.633011	0.425645	0.425645	0.633011	0.862043	0.633011	0.633011	0.862043	4.32491	0.862043	0.425645	0.633011	0.862043	0.633011
55 rounds of non-Gaussian ED iteration : ground-state energy is -26.8895 | electron energy -26.8967 + phonon energy 0.00714492 | electron momentum kIdx = 0
Nq = 	16	0.108662	0.174886	0.108662	0.108662	0.174886	0.237194	0.174886	0.174886	0.237194	0.293529	0.237194	0.108662	0.174886	0.237194	0.174886
Sq = 	-2.04926e-18	0.425645	0.633011	0.425645	0.425645	0.633011	0.862043	0.633011	0.633011	0.862043	4.32491	0.862043	0.425645	0.633011	0.862043	0.633011
56 rounds of non-Gaussian ED iteration : ground-state energy is -26.8896 | electron energy -26.8967 + phonon energy 0.00714505 | electron momentum kIdx = 0
Nq = 	16	0.108662	0.174886	0.108662	0.108662	0.174886	0.237194	0.174886	0.174886	0.237194	0.293529	0.237194	0.108662	0.174886	0.237194	0.174886
Sq = 	-1.81868e-18	0.425645	0.633011	0.425645	0.425645	0.633011	0.862043	0.633011	0.633011	0.862043	4.32491	0.862043	0.425645	0.633011	0.862043	0.633011
57 rounds of non-Gaussian ED iteration : ground-state energy is -26.8896 | electron energy -26.8968 + phonon energy 0.00714516 | electron momentum kIdx = 0
Nq = 	16	0.108662	0.174886	0.108662	0.108662	0.174886	0.237194	0.174886	0.174886	0.237194	0.293529	0.237194	0.108662	0.174886	0.237194	0.174886
Sq = 	3.67188e-18	0.425645	0.633011	0.425645	0.425645	0.633011	0.862043	0.633011	0.633011	0.862043	4.32491	0.862043	0.425645	0.633011	0.862043	0.633011
58 rounds of non-Gaussian ED iteration : ground-state energy is -26.8897 | electron energy -26.8968 + phonon energy 0.00714524 | electron momentum kIdx = 0
Nq = 	16	0.108662	0.174886	0.108662	0.108662	0.174886	0.237194	0.174886	0.174886	0.237194	0.293529	0.237194	0.108662	0.174886	0.237194	0.174886
Sq = 	-3.59657e-19	0.425645	0.633011	0.425645	0.425645	0.633011	0.862043	0.633011	0.633011	0.862043	4.32491	0.862043	0.425645	0.633011	0.862043	0.633011
59 rounds of non-Gaussian ED iteration : ground-state energy is -26.8897 | electron energy -26.8968 + phonon energy 0.00714532 | electron momentum kIdx = 0
Nq = 	16	0.108662	0.174886	0.108662	0.108662	0.174886	0.237194	0.174886	0.174886	0.237194	0.293529	0.237194	0.108662	0.174886	0.237194	0.174886
srun: Job step aborted: Waiting up to 32 seconds for job step to finish.
slurmstepd: error: *** STEP 13182181.0 ON nid03734 CANCELLED AT 2019-04-27T02:07:47 DUE TO TIME LIMIT ***
srun: got SIGCONT
srun: forcing job termination
