SNEDics v3.4 Non-Gaussian ED ground state program		Start at Tue Oct  1 13:07:00 2019

parallized on 16 MPI threads  * 8 OpenMP threads = 128 total threads.
********************************************************************************************************************
********************************************************************************************************************

********************************************************************************************************************
System parameters and configurations
********************************************************************************************************************
Special program options are enabled: splitted diagonal Hamiltonian
********************************************************************************************************************
Read input file "model_params.in"
	Hubbard-Holstein model parameters : 	t = 1    U = 5    g = 4.1231    W = 5    
********************************************************************************************************************
Read input file "hilbertspace_params.in"
	Requested 16-site 2D lattice, with 16 electrons (8, 8)
	Boundary : Periodic		Hilbert space representation : momentum-space (restricted to kIdx = 0)
	Conservation: particle number[U(1)]      spin[U(1)]     momentum
********************************************************************************************************************

Cluster Positions:				Cluster symmetry group : D4
 x ... x ... x ... x .....                       x ... x ... x ... x .....
 |           |           :                       |           |           :
 |           |           :                       |           |           :
12    13    14    15     x                       1     5     6     5     x
 |           |           :                       |           |           :
 |           |           :                       |           |           :
 8 --- 9 ---10 ---11 --- x                       2 --- 6 ---10 --- 6 --- x
 |           |           :                       |           |           :
 |           |           :                       |           |           :
 4     5     6     7     x                       1     5     6     5     x
 |           |           :                       |           |           :
 |           |           :                       |           |           :
 0 --- 1 --- 2 --- 3 --- x                       0 --- 1 --- 2 --- 1 --- x
orbital number : 1
********************************************************************************************************************
Read input file "obs_params.in"
	Observable Type : Nq(All),   Sq(All),   N(All),   Delta[s](All),   Delta[d](All),   Delta[s+](All)
********************************************************************************************************************
** WARNING ** the input observables have non-local factors which have been reinterpreted. The total observable number is 96
********************************************************************************************************************


********************************************************************************************************************
Start calculating the non-Gaussian ED ground state
** WARNING ** Detected low phonon energy W < 10. The initial state will be prepared through a warm-up process.
********************************************************************************************************************
Start warm-up calculation for scaling factor 2
open output files: NGSEDWarmUpW10Obs.txt
********************************************************************************************************************
Start the 0 rounds of NGS-ED iteration
	effective electronic model is modified as: kinetic energy t = 1
	                                           effective interaction Vq = [-0,-0,-0,-0,-0,-0,-0,-0,-0,-0,-0,-0,-0,-0,-0,-0]
	first Hamiltonian is constructed, non-zero numbers = 2845383612
	PARPACK diagonalization completed after 90 matrix-vector product operations.
	iteration results: : total energy is -11.940536 | electron energy -11.940536 + phonon energy 0.000000 | electron momentum kIdx = 0
	Nq(0) = 16,	Nq(1) = 0.12461,	Nq(2) = 0.195263,	Nq(3) = 0.12461,	Nq(4) = 0.12461,	Nq(5) = 0.195263,	Nq(6) = 0.26473,	Nq(7) = 0.195263,	Nq(8) = 0.195263,	Nq(9) = 0.26473,	Nq(10) = 0.325885,	Nq(11) = 0.26473,	Nq(12) = 0.12461,	Nq(13) = 0.195263,	Nq(14) = 0.26473,	Nq(15) = 0.195263,	Sq(0) = 9.95599e-19,	Sq(1) = 0.427088,	Sq(2) = 0.630149,	Sq(3) = 0.427088,	Sq(4) = 0.427088,	Sq(5) = 0.630149,	Sq(6) = 0.841324,	Sq(7) = 0.630149,	Sq(8) = 0.630149,	Sq(9) = 0.841324,	Sq(10) = 4.09063,	Sq(11) = 0.841324,	Sq(12) = 0.427088,	Sq(13) = 0.630149,	Sq(14) = 0.841324,	Sq(15) = 0.630149,	N(0) = 1.89623,	N(1) = 1.77549,	N(2) = 1,	N(3) = 1.77549,	N(4) = 1.77549,	N(5) = 1,	N(6) = 0.224512,	N(7) = 1,	N(8) = 1,	N(9) = 0.224512,	N(10) = 0.103775,	N(11) = 0.224512,	N(12) = 1.77549,	N(13) = 1,	N(14) = 0.224512,	N(15) = 1,	Delta[s](0) = 0.143844,	Delta[s](1) = 0.121898,	Delta[s](2) = 0.0970071,	Delta[s](3) = 0.121898,	Delta[s](4) = 0.121898,	Delta[s](5) = 0.0970071,	Delta[s](6) = 0.0716709,	Delta[s](7) = 0.0970071,	Delta[s](8) = 0.0970071,	Delta[s](9) = 0.0716709,	Delta[s](10) = 0.0272535,	Delta[s](11) = 0.0716709,	Delta[s](12) = 0.121898,	Delta[s](13) = 0.0970071,	Delta[s](14) = 0.0716709,	Delta[s](15) = 0.0970071,	Delta[d](0) = 0.563679,	Delta[d](1) = 0.403766,	Delta[d](2) = 0.318249,	Delta[d](3) = 0.403766,	Delta[d](4) = 0.403766,	Delta[d](5) = 0.331411,	Delta[d](6) = 0.238054,	Delta[d](7) = 0.331411,	Delta[d](8) = 0.318249,	Delta[d](9) = 0.238054,	Delta[d](10) = 0.112266,	Delta[d](11) = 0.238054,	Delta[d](12) = 0.403766,	Delta[d](13) = 0.331411,	Delta[d](14) = 0.238054,	Delta[d](15) = 0.331411,	Delta[s+](0) = 0.599346,	Delta[s+](1) = 0.474614,	Delta[s+](2) = 0.318249,	Delta[s+](3) = 0.474614,	Delta[s+](4) = 0.474614,	Delta[s+](5) = 0.318249,	Delta[s+](6) = 0.167879,	Delta[s+](7) = 0.318249,	Delta[s+](8) = 0.318249,	Delta[s+](9) = 0.167879,	Delta[s+](10) = 0.0485716,	Delta[s+](11) = 0.167879,	Delta[s+](12) = 0.474614,	Delta[s+](13) = 0.318249,	Delta[s+](14) = 0.167879,	Delta[s+](15) = 0.318249
The 0-th iteration is completed.	|| time cost : 0h 8m 29.022s
********************************************************************************************************************
Start the 1 rounds of NGS-ED iteration
	effective electronic model is modified as: kinetic energy t = 0.919928
	                                           effective interaction Vq = [-2.93985,-2.63629,-2.55693,-2.63629,-2.63629,-2.55693,-2.51992,-2.55693,-2.55693,-2.51992,-2.48866,-2.51992,-2.63629,-2.55693,-2.51992,-2.55693]
	PARPACK diagonalization completed after 75 matrix-vector product operations.
	iteration results: : total energy is -69.602819 | electron energy -69.608383 + phonon energy 0.005564 | electron momentum kIdx = 0
The 1-th iteration is completed.	|| time cost : 0h 7m 52.215s
********************************************************************************************************************
Start the 2 rounds of NGS-ED iteration
	effective electronic model is modified as: kinetic energy t = 0.843014
	                                           effective interaction Vq = [-3.33772,-3.19951,   -3.18,-3.19951,-3.19951,   -3.18,-3.08696,   -3.18,   -3.18,-3.08696,-3.09243,-3.08696,-3.19951,   -3.18,-3.08696,   -3.18]
	PARPACK diagonalization completed after 60 matrix-vector product operations.
	iteration results: : total energy is -79.922842 | electron energy -79.978714 + phonon energy 0.055872 | electron momentum kIdx = 0
The 2-th iteration is completed.	|| time cost : 0h 0m 36.682s
********************************************************************************************************************
Start the 3 rounds of NGS-ED iteration
	effective electronic model is modified as: kinetic energy t = 0.810322
	                                           effective interaction Vq = [-3.39156,-3.31538,-3.30747,-3.31538,-3.31538,-3.30747,-3.22732,-3.30747,-3.30747,-3.22732,-3.25402,-3.22732,-3.31538,-3.30747,-3.22732,-3.30747]
	PARPACK diagonalization completed after 45 matrix-vector product operations.
	iteration results: : total energy is -81.375972 | electron energy -81.477884 + phonon energy 0.101912 | electron momentum kIdx = 0
The 3-th iteration is completed.	|| time cost : 0h 0m 32.033s
********************************************************************************************************************
Start the 4 rounds of NGS-ED iteration
	effective electronic model is modified as: kinetic energy t = 0.797629
	                                           effective interaction Vq = [-3.39885,-3.34505,-3.33686,-3.34505,-3.34505,-3.33686,-3.26991,-3.33686,-3.33686,-3.26991,-3.31919,-3.26991,-3.34505,-3.33686,-3.26991,-3.33686]
	PARPACK diagonalization completed after 45 matrix-vector product operations.
	iteration results: : total energy is -81.593972 | electron energy -81.718326 + phonon energy 0.124354 | electron momentum kIdx = 0
The 4-th iteration is completed.	|| time cost : 0h 0m 31.993s
********************************************************************************************************************
Start the 5 rounds of NGS-ED iteration
	effective electronic model is modified as: kinetic energy t = 0.794052
	                                           effective interaction Vq = [-3.39984,-3.35188,-3.33433,-3.35188,-3.35188,-3.33433,-3.28102,-3.33433,-3.33433,-3.28102,-3.36326,-3.28102,-3.35188,-3.33433,-3.28102,-3.33433]
	PARPACK diagonalization completed after 45 matrix-vector product operations.
	iteration results: : total energy is -81.698225 | electron energy -81.832061 + phonon energy 0.133836 | electron momentum kIdx = 0
The 5-th iteration is completed.	|| time cost : 0h 0m 32.3s
********************************************************************************************************************
Start the 6 rounds of NGS-ED iteration
	effective electronic model is modified as: kinetic energy t = 0.800579
	                                           effective interaction Vq = [-3.39997,-3.34381,-3.28871,-3.34381,-3.34381,-3.28871,-3.26915,-3.28871,-3.28871,-3.26915,-3.38602,-3.26915,-3.34381,-3.28871,-3.26915,-3.28871]
	PARPACK diagonalization completed after 45 matrix-vector product operations.
	iteration results: : total energy is -81.806194 | electron energy -81.939671 + phonon energy 0.133477 | electron momentum kIdx = 0
The 6-th iteration is completed.	|| time cost : 0h 0m 32.348s
********************************************************************************************************************
Start the 7 rounds of NGS-ED iteration
	effective electronic model is modified as: kinetic energy t = 0.806909
	                                           effective interaction Vq = [-3.39999,-3.33274,-3.24565,-3.33274,-3.33274,-3.24565,-3.25359,-3.24565,-3.24565,-3.25359,-3.39242,-3.25359,-3.33274,-3.24565,-3.25359,-3.24565]
	PARPACK diagonalization completed after 45 matrix-vector product operations.
	iteration results: : total energy is -81.840396 | electron energy -81.969892 + phonon energy 0.129496 | electron momentum kIdx = 0
The 7-th iteration is completed.	|| time cost : 0h 0m 32.337s
********************************************************************************************************************
Start the 8 rounds of NGS-ED iteration
	effective electronic model is modified as: kinetic energy t = 0.809992
	                                           effective interaction Vq = [-3.39999, -3.3256,-3.22485, -3.3256, -3.3256,-3.22485,-3.24391,-3.22485,-3.22485,-3.24391, -3.3943,-3.24391, -3.3256,-3.22485,-3.24391,-3.22485]
	PARPACK diagonalization completed after 30 matrix-vector product operations.
	iteration results: : total energy is -81.846802 | electron energy -81.973254 + phonon energy 0.126452 | electron momentum kIdx = 0
The 8-th iteration is completed.	|| time cost : 0h 0m 27.658s
********************************************************************************************************************
Start the 9 rounds of NGS-ED iteration
	effective electronic model is modified as: kinetic energy t = 0.81138
	                                           effective interaction Vq = [-3.39999,-3.32179,-3.21607,-3.32179,-3.32179,-3.21607,-3.23882,-3.21607,-3.21607,-3.23882,-3.39492,-3.23882,-3.32179,-3.21607,-3.23882,-3.21607]
	PARPACK diagonalization completed after 30 matrix-vector product operations.
	iteration results: : total energy is -81.847944 | electron energy -81.972753 + phonon energy 0.124809 | electron momentum kIdx = 0
The 9-th iteration is completed.	|| time cost : 0h 0m 27.667s
********************************************************************************************************************
Start the 10 rounds of NGS-ED iteration
	effective electronic model is modified as: kinetic energy t = 0.811995
	                                           effective interaction Vq = [-3.39999,-3.31992,-3.21247,-3.31992,-3.31992,-3.21247,-3.23632,-3.21247,-3.21247,-3.23632,-3.39515,-3.23632,-3.31992,-3.21247,-3.23632,-3.21247]
	PARPACK diagonalization completed after 30 matrix-vector product operations.
	iteration results: : total energy is -81.848152 | electron energy -81.972163 + phonon energy 0.124010 | electron momentum kIdx = 0
	Nq(0) = 16,	Nq(1) = 0.309044,	Nq(2) = 0.359842,	Nq(3) = 0.309044,	Nq(4) = 0.309044,	Nq(5) = 0.359842,	Nq(6) = 0.576286,	Nq(7) = 0.359842,	Nq(8) = 0.359842,	Nq(9) = 0.576286,	Nq(10) = 5.28275,	Nq(11) = 0.576286,	Nq(12) = 0.309044,	Nq(13) = 0.359842,	Nq(14) = 0.576286,	Nq(15) = 0.359842,	Sq(0) = 5.86044e-18,	Sq(1) = 0.235511,	Sq(2) = 0.303731,	Sq(3) = 0.235511,	Sq(4) = 0.235511,	Sq(5) = 0.303731,	Sq(6) = 0.436632,	Sq(7) = 0.303731,	Sq(8) = 0.303731,	Sq(9) = 0.436632,	Sq(10) = 0.505913,	Sq(11) = 0.436632,	Sq(12) = 0.235511,	Sq(13) = 0.303731,	Sq(14) = 0.436632,	Sq(15) = 0.303731,	N(0) = 1.97834,	N(1) = 1.94205,	N(2) = 1,	N(3) = 1.94205,	N(4) = 1.94205,	N(5) = 1,	N(6) = 0.0579459,	N(7) = 1,	N(8) = 1,	N(9) = 0.0579459,	N(10) = 0.0216616,	N(11) = 0.0579459,	N(12) = 1.94205,	N(13) = 1,	N(14) = 0.0579459,	N(15) = 1,	Delta[s](0) = 0.485174,	Delta[s](1) = 0.365189,	Delta[s](2) = 0.348141,	Delta[s](3) = 0.365189,	Delta[s](4) = 0.365189,	Delta[s](5) = 0.348141,	Delta[s](6) = 0.297958,	Delta[s](7) = 0.348141,	Delta[s](8) = 0.348141,	Delta[s](9) = 0.297958,	Delta[s](10) = 0.264953,	Delta[s](11) = 0.297958,	Delta[s](12) = 0.365189,	Delta[s](13) = 0.348141,	Delta[s](14) = 0.297958,	Delta[s](15) = 0.348141,	Delta[d](0) = 0.21469,	Delta[d](1) = 0.204917,	Delta[d](2) = 0.207303,	Delta[d](3) = 0.204917,	Delta[d](4) = 0.204917,	Delta[d](5) = 0.13815,	Delta[d](6) = 0.166274,	Delta[d](7) = 0.13815,	Delta[d](8) = 0.207303,	Delta[d](9) = 0.166274,	Delta[d](10) = 0.0615949,	Delta[d](11) = 0.166274,	Delta[d](12) = 0.204917,	Delta[d](13) = 0.13815,	Delta[d](14) = 0.166274,	Delta[d](15) = 0.13815,	Delta[s+](0) = 0.399982,	Delta[s+](1) = 0.318061,	Delta[s+](2) = 0.207303,	Delta[s+](3) = 0.318061,	Delta[s+](4) = 0.318061,	Delta[s+](5) = 0.207303,	Delta[s+](6) = 0.0945168,	Delta[s+](7) = 0.207303,	Delta[s+](8) = 0.207303,	Delta[s+](9) = 0.0945168,	Delta[s+](10) = 0.0344418,	Delta[s+](11) = 0.0945168,	Delta[s+](12) = 0.318061,	Delta[s+](13) = 0.207303,	Delta[s+](14) = 0.0945168,	Delta[s+](15) = 0.207303
The 10-th iteration is completed.	|| time cost : 0h 4m 43.381s
********************************************************************************************************************
Start the 11 rounds of NGS-ED iteration
	effective electronic model is modified as: kinetic energy t = 0.812267
	                                           effective interaction Vq = [-3.39999,-3.31904,-3.21099,-3.31904,-3.31904,-3.21099,-3.23513,-3.21099,-3.21099,-3.23513,-3.39523,-3.23513,-3.31904,-3.21099,-3.23513,-3.21099]
	PARPACK diagonalization completed after 30 matrix-vector product operations.
	iteration results: : total energy is -81.848191 | electron energy -81.971830 + phonon energy 0.123639 | electron momentum kIdx = 0
The 11-th iteration is completed.	|| time cost : 0h 0m 27.649s
********************************************************************************************************************
Start the 12 rounds of NGS-ED iteration
	effective electronic model is modified as: kinetic energy t = 0.812387
	                                           effective interaction Vq = [-3.39999,-3.31863,-3.21038,-3.31863,-3.31863,-3.21038,-3.23458,-3.21038,-3.21038,-3.23458,-3.39527,-3.23458,-3.31863,-3.21038,-3.23458,-3.21038]
	PARPACK diagonalization completed after 30 matrix-vector product operations.
	iteration results: : total energy is -81.848199 | electron energy -81.971668 + phonon energy 0.123469 | electron momentum kIdx = 0
	Nq(0) = 16,	Nq(1) = 0.30846,	Nq(2) = 0.359404,	Nq(3) = 0.30846,	Nq(4) = 0.30846,	Nq(5) = 0.359404,	Nq(6) = 0.575408,	Nq(7) = 0.359404,	Nq(8) = 0.359404,	Nq(9) = 0.575408,	Nq(10) = 5.29194,	Nq(11) = 0.575408,	Nq(12) = 0.30846,	Nq(13) = 0.359404,	Nq(14) = 0.575408,	Nq(15) = 0.359404,	Sq(0) = -7.71124e-19,	Sq(1) = 0.235423,	Sq(2) = 0.303688,	Sq(3) = 0.235423,	Sq(4) = 0.235423,	Sq(5) = 0.303688,	Sq(6) = 0.436599,	Sq(7) = 0.303688,	Sq(8) = 0.303688,	Sq(9) = 0.436599,	Sq(10) = 0.505945,	Sq(11) = 0.436599,	Sq(12) = 0.235423,	Sq(13) = 0.303688,	Sq(14) = 0.436599,	Sq(15) = 0.303688,	N(0) = 1.97832,	N(1) = 1.94192,	N(2) = 1,	N(3) = 1.94192,	N(4) = 1.94192,	N(5) = 1,	N(6) = 0.0580803,	N(7) = 1,	N(8) = 1,	N(9) = 0.0580803,	N(10) = 0.0216795,	N(11) = 0.0580803,	N(12) = 1.94192,	N(13) = 1,	N(14) = 0.0580803,	N(15) = 1,	Delta[s](0) = 0.484603,	Delta[s](1) = 0.365248,	Delta[s](2) = 0.348169,	Delta[s](3) = 0.365248,	Delta[s](4) = 0.365248,	Delta[s](5) = 0.348169,	Delta[s](6) = 0.298031,	Delta[s](7) = 0.348169,	Delta[s](8) = 0.348169,	Delta[s](9) = 0.298031,	Delta[s](10) = 0.265188,	Delta[s](11) = 0.298031,	Delta[s](12) = 0.365248,	Delta[s](13) = 0.348169,	Delta[s](14) = 0.298031,	Delta[s](15) = 0.348169,	Delta[d](0) = 0.214535,	Delta[d](1) = 0.204741,	Delta[d](2) = 0.207205,	Delta[d](3) = 0.204741,	Delta[d](4) = 0.204741,	Delta[d](5) = 0.137988,	Delta[d](6) = 0.166083,	Delta[d](7) = 0.137988,	Delta[d](8) = 0.207205,	Delta[d](9) = 0.166083,	Delta[d](10) = 0.0614247,	Delta[d](11) = 0.166083,	Delta[d](12) = 0.204741,	Delta[d](13) = 0.137988,	Delta[d](14) = 0.166083,	Delta[d](15) = 0.137988,	Delta[s+](0) = 0.400001,	Delta[s+](1) = 0.317994,	Delta[s+](2) = 0.207205,	Delta[s+](3) = 0.317994,	Delta[s+](4) = 0.317994,	Delta[s+](5) = 0.207205,	Delta[s+](6) = 0.0943902,	Delta[s+](7) = 0.207205,	Delta[s+](8) = 0.207205,	Delta[s+](9) = 0.0943902,	Delta[s+](10) = 0.0343564,	Delta[s+](11) = 0.0943902,	Delta[s+](12) = 0.317994,	Delta[s+](13) = 0.207205,	Delta[s+](14) = 0.0943902,	Delta[s+](15) = 0.207205
The 12-th iteration is completed.	|| time cost : 0h 4m 44.829s
********************************************************************************************************************
********************************************************************************************************************
Ground state is obtained after 13 iterations. The current ground-state energy is -81.8482, in which electron energy is -81.9717 and phonon energy is 0.123469
final variational state is: 
	Gamma_x = [      1,1.02785, 1.0451,1.02785,1.02785, 1.0451, 1.0696, 1.0451, 1.0451, 1.0696,1.13715, 1.0696,1.02785, 1.0451, 1.0696, 1.0451]
	lambda_q = [0.583093,0.492791,0.445302,0.492791,0.492791,0.445302,0.454384,0.445302,0.445302,0.454384,0.561388,0.454384,0.492791,0.445302,0.454384,0.445302]
********************************************************************************************************************
o___o  ----------------------------------------
| L |	Time since last clock: 0h 0m 0s
A===A	Time since the beginning: 0h 30m 30.119s
***********************************************


********************************************************************************************************************
Warm up runs have been completed. Start calculating W = 5 phonon.
open output files: NGSEDIterationObs.txt
********************************************************************************************************************
Start the 0 rounds of NGS-ED iteration
	effective electronic model is modified as: kinetic energy t = 0.81244
	                                           effective interaction Vq = [-3.10831,-2.84944,-2.68058,-2.84944,-2.84944,-2.68058,-2.71462,-2.68058,-2.68058,-2.71462,-3.05353,-2.71462,-2.84944,-2.68058,-2.71462,-2.68058]
	PARPACK diagonalization completed after 45 matrix-vector product operations.
	iteration results: : total energy is -72.648680 | electron energy -72.710377 + phonon energy 0.061696 | electron momentum kIdx = 0
	Nq(0) = 16,	Nq(1) = 0.300168,	Nq(2) = 0.343459,	Nq(3) = 0.300168,	Nq(4) = 0.300168,	Nq(5) = 0.343459,	Nq(6) = 0.536833,	Nq(7) = 0.343459,	Nq(8) = 0.343459,	Nq(9) = 0.536833,	Nq(10) = 4.96948,	Nq(11) = 0.536833,	Nq(12) = 0.300168,	Nq(13) = 0.343459,	Nq(14) = 0.536833,	Nq(15) = 0.343459,	Sq(0) = 2.31141e-18,	Sq(1) = 0.270322,	Sq(2) = 0.330896,	Sq(3) = 0.270322,	Sq(4) = 0.270322,	Sq(5) = 0.330896,	Sq(6) = 0.497634,	Sq(7) = 0.330896,	Sq(8) = 0.330896,	Sq(9) = 0.497634,	Sq(10) = 0.564566,	Sq(11) = 0.497634,	Sq(12) = 0.270322,	Sq(13) = 0.330896,	Sq(14) = 0.497634,	Sq(15) = 0.330896,	N(0) = 1.98887,	N(1) = 1.96521,	N(2) = 1,	N(3) = 1.96521,	N(4) = 1.96521,	N(5) = 1,	N(6) = 0.0347898,	N(7) = 1,	N(8) = 1,	N(9) = 0.0347898,	N(10) = 0.0111251,	N(11) = 0.0347898,	N(12) = 1.96521,	N(13) = 1,	N(14) = 0.0347898,	N(15) = 1,	Delta[s](0) = 0.406418,	Delta[s](1) = 0.341572,	Delta[s](2) = 0.329448,	Delta[s](3) = 0.341572,	Delta[s](4) = 0.341572,	Delta[s](5) = 0.329448,	Delta[s](6) = 0.290985,	Delta[s](7) = 0.329448,	Delta[s](8) = 0.329448,	Delta[s](9) = 0.290985,	Delta[s](10) = 0.27578,	Delta[s](11) = 0.290985,	Delta[s](12) = 0.341572,	Delta[s](13) = 0.329448,	Delta[s](14) = 0.290985,	Delta[s](15) = 0.329448,	Delta[d](0) = 0.223641,	Delta[d](1) = 0.2188,	Delta[d](2) = 0.223651,	Delta[d](3) = 0.2188,	Delta[d](4) = 0.2188,	Delta[d](5) = 0.146053,	Delta[d](6) = 0.178252,	Delta[d](7) = 0.146053,	Delta[d](8) = 0.223651,	Delta[d](9) = 0.178252,	Delta[d](10) = 0.0684225,	Delta[d](11) = 0.178252,	Delta[d](12) = 0.2188,	Delta[d](13) = 0.146053,	Delta[d](14) = 0.178252,	Delta[d](15) = 0.146053,	Delta[s+](0) = 0.441295,	Delta[s+](1) = 0.344335,	Delta[s+](2) = 0.223651,	Delta[s+](3) = 0.344335,	Delta[s+](4) = 0.344335,	Delta[s+](5) = 0.223651,	Delta[s+](6) = 0.102406,	Delta[s+](7) = 0.223651,	Delta[s+](8) = 0.223651,	Delta[s+](9) = 0.102406,	Delta[s+](10) = 0.0383851,	Delta[s+](11) = 0.102406,	Delta[s+](12) = 0.344335,	Delta[s+](13) = 0.223651,	Delta[s+](14) = 0.102406,	Delta[s+](15) = 0.223651
The 0-th iteration is completed.	|| time cost : 0h 4m 28.907s
********************************************************************************************************************
Start the 1 rounds of NGS-ED iteration
	effective electronic model is modified as: kinetic energy t = 0.78705
	                                           effective interaction Vq = [-3.29269,-3.01741,-2.80495,-3.01741,-3.01741,-2.80495,-2.84683,-2.80495,-2.80495,-2.84683,-3.26254,-2.84683,-3.01741,-2.80495,-2.84683,-2.80495]
	PARPACK diagonalization completed after 30 matrix-vector product operations.
	iteration results: : total energy is -76.748010 | electron energy -76.939590 + phonon energy 0.191580 | electron momentum kIdx = 0
The 1-th iteration is completed.	|| time cost : 0h 0m 27.672s
********************************************************************************************************************
Start the 2 rounds of NGS-ED iteration
	effective electronic model is modified as: kinetic energy t = 0.775472
	                                           effective interaction Vq = [-3.36052,-3.07147,-2.85405,-3.07147,-3.07147,-2.85405,-2.89345,-2.85405,-2.85405,-2.89345,-3.34518,-2.89345,-3.07147,-2.85405,-2.89345,-2.85405]
	PARPACK diagonalization completed after 30 matrix-vector product operations.
	iteration results: : total energy is -78.256109 | electron energy -78.530556 + phonon energy 0.274447 | electron momentum kIdx = 0
The 2-th iteration is completed.	|| time cost : 0h 0m 27.347s
********************************************************************************************************************
Start the 3 rounds of NGS-ED iteration
	effective electronic model is modified as: kinetic energy t = 0.771054
	                                           effective interaction Vq = [-3.38547,-3.08428,-2.87046,-3.08428,-3.08428,-2.87046,-2.90532,-2.87046,-2.87046,-2.90532,-3.37542,-2.90532,-3.08428,-2.87046,-2.90532,-2.87046]
	PARPACK diagonalization completed after 30 matrix-vector product operations.
	iteration results: : total energy is -78.786809 | electron energy -79.102520 + phonon energy 0.315711 | electron momentum kIdx = 0
The 3-th iteration is completed.	|| time cost : 0h 0m 27.288s
********************************************************************************************************************
Start the 4 rounds of NGS-ED iteration
	effective electronic model is modified as: kinetic energy t = 0.769633
	                                           effective interaction Vq = [-3.39465, -3.0843,-2.87473, -3.0843, -3.0843,-2.87473,-2.90571,-2.87473,-2.87473,-2.90571,-3.38666,-2.90571, -3.0843,-2.87473,-2.90571,-2.87473]
	PARPACK diagonalization completed after 30 matrix-vector product operations.
	iteration results: : total energy is -78.970788 | electron energy -79.305632 + phonon energy 0.334844 | electron momentum kIdx = 0
The 4-th iteration is completed.	|| time cost : 0h 0m 27.623s
********************************************************************************************************************
Start the 5 rounds of NGS-ED iteration
	effective electronic model is modified as: kinetic energy t = 0.769355
	                                           effective interaction Vq = [-3.39803,-3.08117,-2.87485,-3.08117,-3.08117,-2.87485,-2.90301,-2.87485,-2.87485,-2.90301,-3.39115,-2.90301,-3.08117,-2.87485,-2.90301,-2.87485]
	PARPACK diagonalization completed after 30 matrix-vector product operations.
	iteration results: : total energy is -79.034830 | electron energy -79.378174 + phonon energy 0.343343 | electron momentum kIdx = 0
The 5-th iteration is completed.	|| time cost : 0h 0m 27.297s
********************************************************************************************************************
Start the 6 rounds of NGS-ED iteration
	effective electronic model is modified as: kinetic energy t = 0.769474
	                                           effective interaction Vq = [-3.39927,-3.07783,-2.87374,-3.07783,-3.07783,-2.87374,-2.89995,-2.87374,-2.87374,-2.89995,-3.39308,-2.89995,-3.07783,-2.87374,-2.89995,-2.87374]
	PARPACK diagonalization completed after 30 matrix-vector product operations.
	iteration results: : total energy is -79.057384 | electron energy -79.404238 + phonon energy 0.346854 | electron momentum kIdx = 0
The 6-th iteration is completed.	|| time cost : 0h 0m 27.329s
********************************************************************************************************************
Start the 7 rounds of NGS-ED iteration
	effective electronic model is modified as: kinetic energy t = 0.769699
	                                           effective interaction Vq = [-3.39972,-3.07505,-2.87243,-3.07505,-3.07505,-2.87243,-2.89731,-2.87243,-2.87243,-2.89731,-3.39397,-2.89731,-3.07505,-2.87243,-2.89731,-2.87243]
	PARPACK diagonalization completed after 30 matrix-vector product operations.
	iteration results: : total energy is -79.065427 | electron energy -79.413518 + phonon energy 0.348091 | electron momentum kIdx = 0
The 7-th iteration is completed.	|| time cost : 0h 0m 27.277s
********************************************************************************************************************
Start the 8 rounds of NGS-ED iteration
	effective electronic model is modified as: kinetic energy t = 0.769922
	                                           effective interaction Vq = [-3.39989,-3.07294,-2.87127,-3.07294,-3.07294,-2.87127,-2.89524,-2.87127,-2.87127,-2.89524, -3.3944,-2.89524,-3.07294,-2.87127,-2.89524,-2.87127]
	PARPACK diagonalization completed after 30 matrix-vector product operations.
	iteration results: : total energy is -79.068328 | electron energy -79.416678 + phonon energy 0.348350 | electron momentum kIdx = 0
The 8-th iteration is completed.	|| time cost : 0h 0m 27.434s
********************************************************************************************************************
Start the 9 rounds of NGS-ED iteration
	effective electronic model is modified as: kinetic energy t = 0.770109
	                                           effective interaction Vq = [-3.39995, -3.0714,-2.87034, -3.0714, -3.0714,-2.87034,-2.89369,-2.87034,-2.87034,-2.89369,-3.39461,-2.89369, -3.0714,-2.87034,-2.89369,-2.87034]
	PARPACK diagonalization completed after 30 matrix-vector product operations.
	iteration results: : total energy is -79.069384 | electron energy -79.417615 + phonon energy 0.348231 | electron momentum kIdx = 0
The 9-th iteration is completed.	|| time cost : 0h 0m 27.344s
********************************************************************************************************************
Start the 10 rounds of NGS-ED iteration
	effective electronic model is modified as: kinetic energy t = 0.770254
	                                           effective interaction Vq = [-3.39998,-3.07031,-2.86963,-3.07031,-3.07031,-2.86963,-2.89257,-2.86963,-2.86963,-2.89257,-3.39472,-2.89257,-3.07031,-2.86963,-2.89257,-2.86963]
	PARPACK diagonalization completed after 30 matrix-vector product operations.
	iteration results: : total energy is -79.069770 | electron energy -79.417773 + phonon energy 0.348002 | electron momentum kIdx = 0
	Nq(0) = 16,	Nq(1) = 0.216603,	Nq(2) = 0.291364,	Nq(3) = 0.216603,	Nq(4) = 0.216603,	Nq(5) = 0.291364,	Nq(6) = 0.433002,	Nq(7) = 0.291364,	Nq(8) = 0.291364,	Nq(9) = 0.433002,	Nq(10) = 7.20859,	Nq(11) = 0.433002,	Nq(12) = 0.216603,	Nq(13) = 0.291364,	Nq(14) = 0.433002,	Nq(15) = 0.291364,	Sq(0) = 5.08581e-20,	Sq(1) = 0.193544,	Sq(2) = 0.272896,	Sq(3) = 0.193544,	Sq(4) = 0.193544,	Sq(5) = 0.272896,	Sq(6) = 0.390474,	Sq(7) = 0.272896,	Sq(8) = 0.272896,	Sq(9) = 0.390474,	Sq(10) = 0.471354,	Sq(11) = 0.390474,	Sq(12) = 0.193544,	Sq(13) = 0.272896,	Sq(14) = 0.390474,	Sq(15) = 0.272896,	N(0) = 1.95994,	N(1) = 1.87902,	N(2) = 1,	N(3) = 1.87902,	N(4) = 1.87902,	N(5) = 1,	N(6) = 0.120982,	N(7) = 1,	N(8) = 1,	N(9) = 0.120982,	N(10) = 0.0400602,	N(11) = 0.120982,	N(12) = 1.87902,	N(13) = 1,	N(14) = 0.120982,	N(15) = 1,	Delta[s](0) = 0.428632,	Delta[s](1) = 0.379567,	Delta[s](2) = 0.362637,	Delta[s](3) = 0.379567,	Delta[s](4) = 0.379567,	Delta[s](5) = 0.362637,	Delta[s](6) = 0.334781,	Delta[s](7) = 0.362637,	Delta[s](8) = 0.362637,	Delta[s](9) = 0.334781,	Delta[s](10) = 0.315749,	Delta[s](11) = 0.334781,	Delta[s](12) = 0.379567,	Delta[s](13) = 0.362637,	Delta[s](14) = 0.334781,	Delta[s](15) = 0.362637,	Delta[d](0) = 0.187505,	Delta[d](1) = 0.173879,	Delta[d](2) = 0.19071,	Delta[d](3) = 0.173879,	Delta[d](4) = 0.173879,	Delta[d](5) = 0.122518,	Delta[d](6) = 0.138002,	Delta[d](7) = 0.122518,	Delta[d](8) = 0.19071,	Delta[d](9) = 0.138002,	Delta[d](10) = 0.0574433,	Delta[d](11) = 0.138002,	Delta[d](12) = 0.173879,	Delta[d](13) = 0.122518,	Delta[d](14) = 0.138002,	Delta[d](15) = 0.122518,	Delta[s+](0) = 0.391935,	Delta[s+](1) = 0.298706,	Delta[s+](2) = 0.19071,	Delta[s+](3) = 0.298706,	Delta[s+](4) = 0.298706,	Delta[s+](5) = 0.19071,	Delta[s+](6) = 0.0840701,	Delta[s+](7) = 0.19071,	Delta[s+](8) = 0.19071,	Delta[s+](9) = 0.0840701,	Delta[s+](10) = 0.0337849,	Delta[s+](11) = 0.0840701,	Delta[s+](12) = 0.298706,	Delta[s+](13) = 0.19071,	Delta[s+](14) = 0.0840701,	Delta[s+](15) = 0.19071
The 10-th iteration is completed.	|| time cost : 0h 4m 24.65s
********************************************************************************************************************
Start the 11 rounds of NGS-ED iteration
	effective electronic model is modified as: kinetic energy t = 0.770361
	                                           effective interaction Vq = [-3.39999,-3.06954,-2.86911,-3.06954,-3.06954,-2.86911,-2.89177,-2.86911,-2.86911,-2.89177,-3.39477,-2.89177,-3.06954,-2.86911,-2.89177,-2.86911]
	PARPACK diagonalization completed after 30 matrix-vector product operations.
	iteration results: : total energy is -79.069913 | electron energy -79.417685 + phonon energy 0.347771 | electron momentum kIdx = 0
The 11-th iteration is completed.	|| time cost : 0h 0m 27.403s
********************************************************************************************************************
Start the 12 rounds of NGS-ED iteration
	effective electronic model is modified as: kinetic energy t = 0.770439
	                                           effective interaction Vq = [-3.39999,  -3.069,-2.86873,  -3.069,  -3.069,-2.86873, -2.8912,-2.86873,-2.86873, -2.8912, -3.3948, -2.8912,  -3.069,-2.86873, -2.8912,-2.86873]
	PARPACK diagonalization completed after 30 matrix-vector product operations.
	iteration results: : total energy is -79.069966 | electron energy -79.417542 + phonon energy 0.347576 | electron momentum kIdx = 0
The 12-th iteration is completed.	|| time cost : 0h 0m 27.361s
********************************************************************************************************************
Start the 13 rounds of NGS-ED iteration
	effective electronic model is modified as: kinetic energy t = 0.770495
	                                           effective interaction Vq = [-3.39999,-3.06863,-2.86847,-3.06863,-3.06863,-2.86847, -2.8908,-2.86847,-2.86847, -2.8908,-3.39482, -2.8908,-3.06863,-2.86847, -2.8908,-2.86847]
	PARPACK diagonalization completed after 30 matrix-vector product operations.
	iteration results: : total energy is -79.069986 | electron energy -79.417410 + phonon energy 0.347424 | electron momentum kIdx = 0
The 13-th iteration is completed.	|| time cost : 0h 0m 27.334s
********************************************************************************************************************
Start the 14 rounds of NGS-ED iteration
	effective electronic model is modified as: kinetic energy t = 0.770534
	                                           effective interaction Vq = [-3.39999,-3.06838,-2.86828,-3.06838,-3.06838,-2.86828,-2.89053,-2.86828,-2.86828,-2.89053,-3.39483,-2.89053,-3.06838,-2.86828,-2.89053,-2.86828]
	PARPACK diagonalization completed after 30 matrix-vector product operations.
	iteration results: : total energy is -79.069993 | electron energy -79.417304 + phonon energy 0.347311 | electron momentum kIdx = 0
The 14-th iteration is completed.	|| time cost : 0h 0m 27.304s
********************************************************************************************************************
Start the 15 rounds of NGS-ED iteration
	effective electronic model is modified as: kinetic energy t = 0.770561
	                                           effective interaction Vq = [-3.39999, -3.0682,-2.86815, -3.0682, -3.0682,-2.86815,-2.89033,-2.86815,-2.86815,-2.89033,-3.39483,-2.89033, -3.0682,-2.86815,-2.89033,-2.86815]
	PARPACK diagonalization completed after 30 matrix-vector product operations.
	iteration results: : total energy is -79.069996 | electron energy -79.417224 + phonon energy 0.347228 | electron momentum kIdx = 0
The 15-th iteration is completed.	|| time cost : 0h 0m 27.668s
********************************************************************************************************************
Start the 16 rounds of NGS-ED iteration
	effective electronic model is modified as: kinetic energy t = 0.77058
	                                           effective interaction Vq = [-3.39999,-3.06808,-2.86806,-3.06808,-3.06808,-2.86806, -2.8902,-2.86806,-2.86806, -2.8902,-3.39484, -2.8902,-3.06808,-2.86806, -2.8902,-2.86806]
	PARPACK diagonalization completed after 30 matrix-vector product operations.
	iteration results: : total energy is -79.069997 | electron energy -79.417166 + phonon energy 0.347169 | electron momentum kIdx = 0
The 16-th iteration is completed.	|| time cost : 0h 0m 27.682s
********************************************************************************************************************
Start the 17 rounds of NGS-ED iteration
	effective electronic model is modified as: kinetic energy t = 0.770594
	                                           effective interaction Vq = [-3.39999,-3.06799,  -2.868,-3.06799,-3.06799,  -2.868,-2.89011,  -2.868,  -2.868,-2.89011,-3.39484,-2.89011,-3.06799,  -2.868,-2.89011,  -2.868]
	PARPACK diagonalization completed after 30 matrix-vector product operations.
	iteration results: : total energy is -79.069997 | electron energy -79.417125 + phonon energy 0.347128 | electron momentum kIdx = 0
The 17-th iteration is completed.	|| time cost : 0h 0m 27.616s
********************************************************************************************************************
Start the 18 rounds of NGS-ED iteration
	effective electronic model is modified as: kinetic energy t = 0.770603
	                                           effective interaction Vq = [-3.39999,-3.06794,-2.86795,-3.06794,-3.06794,-2.86795,-2.89005,-2.86795,-2.86795,-2.89005,-3.39484,-2.89005,-3.06794,-2.86795,-2.89005,-2.86795]
	PARPACK diagonalization completed after 30 matrix-vector product operations.
	iteration results: : total energy is -79.069998 | electron energy -79.417096 + phonon energy 0.347099 | electron momentum kIdx = 0
The 18-th iteration is completed.	|| time cost : 0h 0m 27.39s
********************************************************************************************************************
Start the 19 rounds of NGS-ED iteration
	effective electronic model is modified as: kinetic energy t = 0.770609
	                                           effective interaction Vq = [-3.39999, -3.0679,-2.86792, -3.0679, -3.0679,-2.86792,   -2.89,-2.86792,-2.86792,   -2.89,-3.39484,   -2.89, -3.0679,-2.86792,   -2.89,-2.86792]
	PARPACK diagonalization completed after 30 matrix-vector product operations.
	iteration results: : total energy is -79.069998 | electron energy -79.417076 + phonon energy 0.347078 | electron momentum kIdx = 0
The 19-th iteration is completed.	|| time cost : 0h 0m 27.359s
********************************************************************************************************************
Start the 20 rounds of NGS-ED iteration
	effective electronic model is modified as: kinetic energy t = 0.770613
	                                           effective interaction Vq = [-3.39999,-3.06787, -2.8679,-3.06787,-3.06787, -2.8679,-2.88997, -2.8679, -2.8679,-2.88997,-3.39484,-2.88997,-3.06787, -2.8679,-2.88997, -2.8679]
	PARPACK diagonalization completed after 30 matrix-vector product operations.
	iteration results: : total energy is -79.069998 | electron energy -79.417062 + phonon energy 0.347064 | electron momentum kIdx = 0
