TACC:  Starting up job 1744427 
TACC:  Starting parallel tasks... 
SNEDics v3.4 Non-Gaussian ED ground state program		Start at Sun Oct 11 00:51:08 2020

parallized on 16 MPI threads  * 7 OpenMP threads = 112 total threads.
********************************************************************************************************************
********************************************************************************************************************

********************************************************************************************************************
System parameters and configurations
********************************************************************************************************************
Special program options are enabled: splitted diagonal Hamiltonian
********************************************************************************************************************
Read input file "model_params.in"
	Hubbard-Holstein model parameters : 	t = 1    U = 8    g = 0.04    W = 0.2    g' = 0.05    
********************************************************************************************************************
Read input file "hilbertspace_params.in"
	Requested 16-site 2D lattice, with 14 electrons (7, 7)
	Boundary : Periodic		Hilbert space representation : momentum-space (restricted to kIdx = 0)
	Conservation: particle number[U(1)]      spin[U(1)]     momentum
********************************************************************************************************************

Cluster Positions:				Cluster symmetry group : D4
 x ... x ... x ... x .....                       x ... x ... x ... x .....
 |           |           :                       |           |           :
 |           |           :                       |           |           :
12    13    14    15     x                       1     5     6     5     x
 |           |           :                       |           |           :
 |           |           :                       |           |           :
 8 --- 9 ---10 ---11 --- x                       2 --- 6 ---10 --- 6 --- x
 |           |           :                       |           |           :
 |           |           :                       |           |           :
 4     5     6     7     x                       1     5     6     5     x
 |           |           :                       |           |           :
 |           |           :                       |           |           :
 0 --- 1 --- 2 --- 3 --- x                       0 --- 1 --- 2 --- 1 --- x
orbital number : 1
********************************************************************************************************************
Read input file "obs_params.in"
	Observable Type : Nq(All),   Sq(All),   N(All),   Delta[s](All),   Delta[d](All),   Delta[s+](All)
********************************************************************************************************************
** WARNING ** the input observables have non-local factors which have been reinterpreted. The total observable number is 96
********************************************************************************************************************


********************************************************************************************************************
Start calculating the non-Gaussian ED ground state
** WARNING ** Detected low phonon energy W < 10. The initial state will be prepared through a warm-up process.
********************************************************************************************************************
Start warm-up calculation for scaling factor 64
open output files: NGSEDWarmUpW12.8Obs.txt
********************************************************************************************************************
Start the 0 rounds of NGS-ED iteration
	effective electronic model is modified as: kinetic energy t = 1
	                                           effective interaction Vq = [0,0,0,0,0,0,0,0,0,0,0,0,0,0,0,0]
	first Hamiltonian is constructed, non-zero numbers = 2178478298
	PARPACK diagonalization completed after 165 matrix-vector product operations.
	iteration results: : total energy is -11.868836 | electron energy -11.868836 + phonon energy 0.000000 | electron momentum kIdx = 0
	Nq(0) = 12.25,	Nq(1) = 0.154193,	Nq(2) = 0.185311,	Nq(3) = 0.154193,	Nq(4) = 0.154193,	Nq(5) = 0.203281,	Nq(6) = 0.235634,	Nq(7) = 0.203281,	Nq(8) = 0.185311,	Nq(9) = 0.235634,	Nq(10) = 0.275446,	Nq(11) = 0.235634,	Nq(12) = 0.154193,	Nq(13) = 0.203281,	Nq(14) = 0.235634,	Nq(15) = 0.203281,	Sq(0) = 1.11096e-18,	Sq(1) = 0.474292,	Sq(2) = 0.766364,	Sq(3) = 0.474292,	Sq(4) = 0.474292,	Sq(5) = 0.630724,	Sq(6) = 1.05279,	Sq(7) = 0.630724,	Sq(8) = 0.766364,	Sq(9) = 1.05279,	Sq(10) = 2.56755,	Sq(11) = 1.05279,	Sq(12) = 0.474292,	Sq(13) = 0.630724,	Sq(14) = 1.05279,	Sq(15) = 0.630724,	N(0) = 1.75464,	N(1) = 1.59086,	N(2) = 0.323321,	N(3) = 1.59086,	N(4) = 1.59086,	N(5) = 0.999881,	N(6) = 0.267546,	N(7) = 0.999881,	N(8) = 0.323321,	N(9) = 0.267546,	N(10) = 0.165565,	N(11) = 0.267546,	N(12) = 1.59086,	N(13) = 0.999881,	N(14) = 0.267546,	N(15) = 0.999881,	Delta[s](0) = 0.0792449,	Delta[s](1) = 0.0592149,	Delta[s](2) = 0.0354045,	Delta[s](3) = 0.0592149,	Delta[s](4) = 0.0592149,	Delta[s](5) = 0.0422983,	Delta[s](6) = 0.0194964,	Delta[s](7) = 0.0422983,	Delta[s](8) = 0.0354045,	Delta[s](9) = 0.0194964,	Delta[s](10) = 0.000157481,	Delta[s](11) = 0.0194964,	Delta[s](12) = 0.0592149,	Delta[s](13) = 0.0422983,	Delta[s](14) = 0.0194964,	Delta[s](15) = 0.0422983,	Delta[d](0) = 0.276888,	Delta[d](1) = 0.190367,	Delta[d](2) = 0.200194,	Delta[d](3) = 0.190367,	Delta[d](4) = 0.190367,	Delta[d](5) = 0.177052,	Delta[d](6) = 0.132809,	Delta[d](7) = 0.177052,	Delta[d](8) = 0.200194,	Delta[d](9) = 0.132809,	Delta[d](10) = 0.053542,	Delta[d](11) = 0.132809,	Delta[d](12) = 0.190367,	Delta[d](13) = 0.177052,	Delta[d](14) = 0.132809,	Delta[d](15) = 0.177052,	Delta[s+](0) = 0.561606,	Delta[s+](1) = 0.418165,	Delta[s+](2) = 0.200194,	Delta[s+](3) = 0.418165,	Delta[s+](4) = 0.418165,	Delta[s+](5) = 0.292235,	Delta[s+](6) = 0.126439,	Delta[s+](7) = 0.292235,	Delta[s+](8) = 0.200194,	Delta[s+](9) = 0.126439,	Delta[s+](10) = 0.0382874,	Delta[s+](11) = 0.126439,	Delta[s+](12) = 0.418165,	Delta[s+](13) = 0.292235,	Delta[s+](14) = 0.126439,	Delta[s+](15) = 0.292235
The 0-th iteration is completed.	|| time cost : 0h 6m 34.692s
********************************************************************************************************************
Start the 1 rounds of NGS-ED iteration
	effective electronic model is modified as: kinetic energy t = 0.998998
	                                           effective interaction Vq = [  -0.265736, -0.0848039, -0.0066082, -0.0848039, -0.0848039,-0.00667778,  -0.014552,-0.00667778, -0.0066082,  -0.014552,  -0.101434,  -0.014552, -0.0848039,-0.00667778,  -0.014552,-0.00667778]
	PARPACK diagonalization completed after 60 matrix-vector product operations.
	iteration results: : total energy is -15.209321 | electron energy -15.209323 + phonon energy 0.000002 | electron momentum kIdx = 0
The 1-th iteration is completed.	|| time cost : 0h 5m 18.128s
********************************************************************************************************************
Start the 2 rounds of NGS-ED iteration
	effective electronic model is modified as: kinetic energy t = 0.998649
	                                           effective interaction Vq = [  -0.286279, -0.0922907,-0.00715167, -0.0922907, -0.0922907,-0.00723799, -0.0156956,-0.00723799,-0.00715167, -0.0156956,  -0.109148, -0.0156956, -0.0922907,-0.00723799, -0.0156956,-0.00723799]
	PARPACK diagonalization completed after 45 matrix-vector product operations.
	iteration results: : total energy is -15.463560 | electron energy -15.463566 + phonon energy 0.000006 | electron momentum kIdx = 0
The 2-th iteration is completed.	|| time cost : 0h 0m 24.443s
********************************************************************************************************************
Start the 3 rounds of NGS-ED iteration
	effective electronic model is modified as: kinetic energy t = 0.998584
	                                           effective interaction Vq = [  -0.287867, -0.0934081,-0.00722485, -0.0934081, -0.0934081,-0.00731571, -0.0158394,-0.00731571,-0.00722485, -0.0158394,  -0.110067, -0.0158394, -0.0934081,-0.00731571, -0.0158394,-0.00731571]
	PARPACK diagonalization completed after 45 matrix-vector product operations.
	iteration results: : total energy is -15.483100 | electron energy -15.483108 + phonon energy 0.000007 | electron momentum kIdx = 0
The 3-th iteration is completed.	|| time cost : 0h 0m 24.441s
********************************************************************************************************************
Start the 4 rounds of NGS-ED iteration
	effective electronic model is modified as: kinetic energy t = 0.998573
	                                           effective interaction Vq = [   -0.28799, -0.0936152,-0.00723604, -0.0936152, -0.0936152,-0.00732814, -0.0158595,-0.00732814,-0.00723604, -0.0158595,  -0.110186, -0.0158595, -0.0936152,-0.00732814, -0.0158595,-0.00732814]
	PARPACK diagonalization completed after 30 matrix-vector product operations.
	iteration results: : total energy is -15.484607 | electron energy -15.484615 + phonon energy 0.000008 | electron momentum kIdx = 0
The 4-th iteration is completed.	|| time cost : 0h 0m 21.616s
********************************************************************************************************************
Start the 5 rounds of NGS-ED iteration
	effective electronic model is modified as: kinetic energy t = 0.998571
	                                           effective interaction Vq = [  -0.287999, -0.0936557,-0.00723779, -0.0936557, -0.0936557,-0.00733018, -0.0158623,-0.00733018,-0.00723779, -0.0158623,  -0.110202, -0.0158623, -0.0936557,-0.00733018, -0.0158623,-0.00733018]
	PARPACK diagonalization completed after 30 matrix-vector product operations.
	iteration results: : total energy is -15.484724 | electron energy -15.484731 + phonon energy 0.000008 | electron momentum kIdx = 0
	Nq(0) = 12.25,	Nq(1) = 0.155518,	Nq(2) = 0.185644,	Nq(3) = 0.155518,	Nq(4) = 0.155518,	Nq(5) = 0.203587,	Nq(6) = 0.236394,	Nq(7) = 0.203587,	Nq(8) = 0.185644,	Nq(9) = 0.236394,	Nq(10) = 0.278385,	Nq(11) = 0.236394,	Nq(12) = 0.155518,	Nq(13) = 0.203587,	Nq(14) = 0.236394,	Nq(15) = 0.203587,	Sq(0) = 6.19784e-18,	Sq(1) = 0.473418,	Sq(2) = 0.765277,	Sq(3) = 0.473418,	Sq(4) = 0.473418,	Sq(5) = 0.629902,	Sq(6) = 1.05255,	Sq(7) = 0.629902,	Sq(8) = 0.765277,	Sq(9) = 1.05255,	Sq(10) = 2.56428,	Sq(11) = 1.05255,	Sq(12) = 0.473418,	Sq(13) = 0.629902,	Sq(14) = 1.05255,	Sq(15) = 0.629902,	N(0) = 1.75656,	N(1) = 1.59384,	N(2) = 0.321897,	N(3) = 1.59384,	N(4) = 1.59384,	N(5) = 0.999458,	N(6) = 0.26549,	N(7) = 0.999458,	N(8) = 0.321897,	N(9) = 0.26549,	N(10) = 0.164487,	N(11) = 0.26549,	N(12) = 1.59384,	N(13) = 0.999458,	N(14) = 0.26549,	N(15) = 0.999458,	Delta[s](0) = 0.0799554,	Delta[s](1) = 0.059779,	Delta[s](2) = 0.035782,	Delta[s](3) = 0.059779,	Delta[s](4) = 0.059779,	Delta[s](5) = 0.0427446,	Delta[s](6) = 0.0197482,	Delta[s](7) = 0.0427446,	Delta[s](8) = 0.035782,	Delta[s](9) = 0.0197482,	Delta[s](10) = 0.000228193,	Delta[s](11) = 0.0197482,	Delta[s](12) = 0.059779,	Delta[s](13) = 0.0427446,	Delta[s](14) = 0.0197482,	Delta[s](15) = 0.0427446,	Delta[d](0) = 0.279397,	Delta[d](1) = 0.190893,	Delta[d](2) = 0.200655,	Delta[d](3) = 0.190893,	Delta[d](4) = 0.190893,	Delta[d](5) = 0.177522,	Delta[d](6) = 0.132944,	Delta[d](7) = 0.177522,	Delta[d](8) = 0.200655,	Delta[d](9) = 0.132944,	Delta[d](10) = 0.0536871,	Delta[d](11) = 0.132944,	Delta[d](12) = 0.190893,	Delta[d](13) = 0.177522,	Delta[d](14) = 0.132944,	Delta[d](15) = 0.177522,	Delta[s+](0) = 0.563502,	Delta[s+](1) = 0.419576,	Delta[s+](2) = 0.200655,	Delta[s+](3) = 0.419576,	Delta[s+](4) = 0.419576,	Delta[s+](5) = 0.293077,	Delta[s+](6) = 0.126623,	Delta[s+](7) = 0.293077,	Delta[s+](8) = 0.200655,	Delta[s+](9) = 0.126623,	Delta[s+](10) = 0.0382532,	Delta[s+](11) = 0.126623,	Delta[s+](12) = 0.419576,	Delta[s+](13) = 0.293077,	Delta[s+](14) = 0.126623,	Delta[s+](15) = 0.293077
The 5-th iteration is completed.	|| time cost : 0h 4m 0.705s
********************************************************************************************************************
********************************************************************************************************************
Ground state is obtained after 6 iterations. The current ground-state energy is -15.4847, in which electron energy is -15.4847 and phonon energy is 7.75478e-06
final variational state is: 
	Gamma_x = [      1, 1.0004,1.00005, 1.0004, 1.0004,1.00005,1.00015,1.00005,1.00005,1.00015, 1.0013,1.00015, 1.0004,1.00005,1.00015,1.00005]
	lambda_q = [  0.149931, 0.0690941, 0.0172847, 0.0690941, 0.0690941, 0.0177679,-0.0245782, 0.0177679, 0.0172847,-0.0245782,-0.0627131,-0.0245782, 0.0690941, 0.0177679,-0.0245782, 0.0177679]
The effective e-e interactions mediated by phonons are: [     0.288, 0.0936637,0.00723807, 0.0936637, 0.0936637,0.00733052, 0.0158627,0.00733052,0.00723807, 0.0158627,  0.110204, 0.0158627, 0.0936637,0.00733052, 0.0158627,0.00733052]
The real-space interactions mediated by phonons are: [-0.880108,-0.309606,-0.107911,-0.311464,-0.333398,-0.395675,-0.107911,-0.106302,-0.383358,-0.106302,-0.107911,-0.395675,-0.333398,-0.311464,-0.107911,-0.309606]
********************************************************************************************************************
o___o  ----------------------------------------
| L |	Time since last clock: 0h 0m 0s
A===A	Time since the beginning: 0h 17m 4.029s
***********************************************

********************************************************************************************************************
Start warm-up calculation for scaling factor 32
open output files: NGSEDWarmUpW6.4Obs.txt
********************************************************************************************************************
Start the 0 rounds of NGS-ED iteration
	effective electronic model is modified as: kinetic energy t = 0.998571
	                                           effective interaction Vq = [  -0.263238, -0.0788859,-0.00591009, -0.0788859, -0.0788859,-0.00602036, -0.0128181,-0.00602036,-0.00591009, -0.0128181, -0.0883521, -0.0128181, -0.0788859,-0.00602036, -0.0128181,-0.00602036]
	PARPACK diagonalization completed after 60 matrix-vector product operations.
	iteration results: : total energy is -15.161707 | electron energy -15.161711 + phonon energy 0.000004 | electron momentum kIdx = 0
	Nq(0) = 12.25,	Nq(1) = 0.155287,	Nq(2) = 0.185549,	Nq(3) = 0.155287,	Nq(4) = 0.155287,	Nq(5) = 0.203488,	Nq(6) = 0.236205,	Nq(7) = 0.203488,	Nq(8) = 0.185549,	Nq(9) = 0.236205,	Nq(10) = 0.277754,	Nq(11) = 0.236205,	Nq(12) = 0.155287,	Nq(13) = 0.203488,	Nq(14) = 0.236205,	Nq(15) = 0.203488,	Sq(0) = 4.69985e-19,	Sq(1) = 0.473545,	Sq(2) = 0.765505,	Sq(3) = 0.473545,	Sq(4) = 0.473545,	Sq(5) = 0.630065,	Sq(6) = 1.05272,	Sq(7) = 0.630065,	Sq(8) = 0.765505,	Sq(9) = 1.05272,	Sq(10) = 2.56491,	Sq(11) = 1.05272,	Sq(12) = 0.473545,	Sq(13) = 0.630065,	Sq(14) = 1.05272,	Sq(15) = 0.630065,	N(0) = 1.75613,	N(1) = 1.5932,	N(2) = 0.322257,	N(3) = 1.5932,	N(4) = 1.5932,	N(5) = 0.999525,	N(6) = 0.265928,	N(7) = 0.999525,	N(8) = 0.322257,	N(9) = 0.265928,	N(10) = 0.164753,	N(11) = 0.265928,	N(12) = 1.5932,	N(13) = 0.999525,	N(14) = 0.265928,	N(15) = 0.999525,	Delta[s](0) = 0.0797557,	Delta[s](1) = 0.0596342,	Delta[s](2) = 0.0357046,	Delta[s](3) = 0.0596342,	Delta[s](4) = 0.0596342,	Delta[s](5) = 0.0426421,	Delta[s](6) = 0.0197151,	Delta[s](7) = 0.0426421,	Delta[s](8) = 0.0357046,	Delta[s](9) = 0.0197151,	Delta[s](10) = 0.000256457,	Delta[s](11) = 0.0197151,	Delta[s](12) = 0.0596342,	Delta[s](13) = 0.0426421,	Delta[s](14) = 0.0197151,	Delta[s](15) = 0.0426421,	Delta[d](0) = 0.279909,	Delta[d](1) = 0.191544,	Delta[d](2) = 0.201296,	Delta[d](3) = 0.191544,	Delta[d](4) = 0.191544,	Delta[d](5) = 0.178101,	Delta[d](6) = 0.13343,	Delta[d](7) = 0.178101,	Delta[d](8) = 0.201296,	Delta[d](9) = 0.13343,	Delta[d](10) = 0.0538912,	Delta[d](11) = 0.13343,	Delta[d](12) = 0.191544,	Delta[d](13) = 0.178101,	Delta[d](14) = 0.13343,	Delta[d](15) = 0.178101,	Delta[s+](0) = 0.565039,	Delta[s+](1) = 0.420729,	Delta[s+](2) = 0.201296,	Delta[s+](3) = 0.420729,	Delta[s+](4) = 0.420729,	Delta[s+](5) = 0.293924,	Delta[s+](6) = 0.127064,	Delta[s+](7) = 0.293924,	Delta[s+](8) = 0.201296,	Delta[s+](9) = 0.127064,	Delta[s+](10) = 0.0384327,	Delta[s+](11) = 0.127064,	Delta[s+](12) = 0.420729,	Delta[s+](13) = 0.293924,	Delta[s+](14) = 0.127064,	Delta[s+](15) = 0.293924
The 0-th iteration is completed.	|| time cost : 0h 4m 3.481s
********************************************************************************************************************
Start the 1 rounds of NGS-ED iteration
	effective electronic model is modified as: kinetic energy t = 0.998385
	                                           effective interaction Vq = [  -0.281115, -0.0836356,-0.00613099, -0.0836356, -0.0836356,-0.00627812, -0.0131518,-0.00627812,-0.00613099, -0.0131518, -0.0897549, -0.0131518, -0.0836356,-0.00627812, -0.0131518,-0.00627812]
	PARPACK diagonalization completed after 45 matrix-vector product operations.
	iteration results: : total energy is -15.381479 | electron energy -15.381491 + phonon energy 0.000013 | electron momentum kIdx = 0
The 1-th iteration is completed.	|| time cost : 0h 0m 24.452s
********************************************************************************************************************
Start the 2 rounds of NGS-ED iteration
	effective electronic model is modified as: kinetic energy t = 0.998316
	                                           effective interaction Vq = [  -0.286086, -0.0852478,-0.00619447, -0.0852478, -0.0852478,-0.00635518, -0.0132401,-0.00635518,-0.00619447, -0.0132401,  -0.090113, -0.0132401, -0.0852478,-0.00635518, -0.0132401,-0.00635518]
	PARPACK diagonalization completed after 45 matrix-vector product operations.
	iteration results: : total energy is -15.442473 | electron energy -15.442491 + phonon energy 0.000017 | electron momentum kIdx = 0
The 2-th iteration is completed.	|| time cost : 0h 0m 24.456s
********************************************************************************************************************
Start the 3 rounds of NGS-ED iteration
	effective electronic model is modified as: kinetic energy t = 0.998292
	                                           effective interaction Vq = [  -0.287468, -0.0858297,-0.00621318, -0.0858297, -0.0858297,-0.00637897, -0.0132638,-0.00637897,-0.00621318, -0.0132638, -0.0902061, -0.0132638, -0.0858297,-0.00637897, -0.0132638,-0.00637897]
	PARPACK diagonalization completed after 45 matrix-vector product operations.
	iteration results: : total energy is -15.459417 | electron energy -15.459436 + phonon energy 0.000019 | electron momentum kIdx = 0
The 3-th iteration is completed.	|| time cost : 0h 0m 24.416s
********************************************************************************************************************
Start the 4 rounds of NGS-ED iteration
	effective electronic model is modified as: kinetic energy t = 0.998283
	                                           effective interaction Vq = [  -0.287852, -0.0860453,-0.00621875, -0.0860453, -0.0860453,-0.00638639, -0.0132702,-0.00638639,-0.00621875, -0.0132702, -0.0902305, -0.0132702, -0.0860453,-0.00638639, -0.0132702,-0.00638639]
	PARPACK diagonalization completed after 30 matrix-vector product operations.
	iteration results: : total energy is -15.464126 | electron energy -15.464146 + phonon energy 0.000020 | electron momentum kIdx = 0
The 4-th iteration is completed.	|| time cost : 0h 0m 21.601s
********************************************************************************************************************
Start the 5 rounds of NGS-ED iteration
	effective electronic model is modified as: kinetic energy t = 0.998279
	                                           effective interaction Vq = [  -0.287959,  -0.086126,-0.00622041,  -0.086126,  -0.086126,-0.00638871, -0.0132719,-0.00638871,-0.00622041, -0.0132719,  -0.090237, -0.0132719,  -0.086126,-0.00638871, -0.0132719,-0.00638871]
	PARPACK diagonalization completed after 30 matrix-vector product operations.
	iteration results: : total energy is -15.465435 | electron energy -15.465456 + phonon energy 0.000020 | electron momentum kIdx = 0
The 5-th iteration is completed.	|| time cost : 0h 0m 21.631s
********************************************************************************************************************
Start the 6 rounds of NGS-ED iteration
	effective electronic model is modified as: kinetic energy t = 0.998278
	                                           effective interaction Vq = [  -0.287989, -0.0861563,-0.00622091, -0.0861563, -0.0861563,-0.00638944, -0.0132724,-0.00638944,-0.00622091, -0.0132724, -0.0902388, -0.0132724, -0.0861563,-0.00638944, -0.0132724,-0.00638944]
	PARPACK diagonalization completed after 30 matrix-vector product operations.
	iteration results: : total energy is -15.465799 | electron energy -15.465820 + phonon energy 0.000020 | electron momentum kIdx = 0
The 6-th iteration is completed.	|| time cost : 0h 0m 21.622s
********************************************************************************************************************
Start the 7 rounds of NGS-ED iteration
	effective electronic model is modified as: kinetic energy t = 0.998278
	                                           effective interaction Vq = [  -0.287997, -0.0861677,-0.00622105, -0.0861677, -0.0861677,-0.00638966, -0.0132725,-0.00638966,-0.00622105, -0.0132725, -0.0902392, -0.0132725, -0.0861677,-0.00638966, -0.0132725,-0.00638966]
	PARPACK diagonalization completed after 30 matrix-vector product operations.
	iteration results: : total energy is -15.465900 | electron energy -15.465921 + phonon energy 0.000020 | electron momentum kIdx = 0
	Nq(0) = 12.25,	Nq(1) = 0.155371,	Nq(2) = 0.185533,	Nq(3) = 0.155371,	Nq(4) = 0.155371,	Nq(5) = 0.20346,	Nq(6) = 0.236191,	Nq(7) = 0.20346,	Nq(8) = 0.185533,	Nq(9) = 0.236191,	Nq(10) = 0.277777,	Nq(11) = 0.236191,	Nq(12) = 0.155371,	Nq(13) = 0.20346,	Nq(14) = 0.236191,	Nq(15) = 0.20346,	Sq(0) = -1.87295e-18,	Sq(1) = 0.473465,	Sq(2) = 0.76548,	Sq(3) = 0.473465,	Sq(4) = 0.473465,	Sq(5) = 0.630038,	Sq(6) = 1.05282,	Sq(7) = 0.630038,	Sq(8) = 0.76548,	Sq(9) = 1.05282,	Sq(10) = 2.5648,	Sq(11) = 1.05282,	Sq(12) = 0.473465,	Sq(13) = 0.630038,	Sq(14) = 1.05282,	Sq(15) = 0.630038,	N(0) = 1.75614,	N(1) = 1.59324,	N(2) = 0.322281,	N(3) = 1.59324,	N(4) = 1.59324,	N(5) = 0.99949,	N(6) = 0.265895,	N(7) = 0.99949,	N(8) = 0.322281,	N(9) = 0.265895,	N(10) = 0.164775,	N(11) = 0.265895,	N(12) = 1.59324,	N(13) = 0.99949,	N(14) = 0.265895,	N(15) = 0.99949,	Delta[s](0) = 0.0797491,	Delta[s](1) = 0.0596338,	Delta[s](2) = 0.0357106,	Delta[s](3) = 0.0596338,	Delta[s](4) = 0.0596338,	Delta[s](5) = 0.042646,	Delta[s](6) = 0.0197258,	Delta[s](7) = 0.042646,	Delta[s](8) = 0.0357106,	Delta[s](9) = 0.0197258,	Delta[s](10) = 0.000273394,	Delta[s](11) = 0.0197258,	Delta[s](12) = 0.0596338,	Delta[s](13) = 0.042646,	Delta[s](14) = 0.0197258,	Delta[s](15) = 0.042646,	Delta[d](0) = 0.281034,	Delta[d](1) = 0.192262,	Delta[d](2) = 0.202013,	Delta[d](3) = 0.192262,	Delta[d](4) = 0.192262,	Delta[d](5) = 0.178751,	Delta[d](6) = 0.133909,	Delta[d](7) = 0.178751,	Delta[d](8) = 0.202013,	Delta[d](9) = 0.133909,	Delta[d](10) = 0.0541087,	Delta[d](11) = 0.133909,	Delta[d](12) = 0.192262,	Delta[d](13) = 0.178751,	Delta[d](14) = 0.133909,	Delta[d](15) = 0.178751,	Delta[s+](0) = 0.566995,	Delta[s+](1) = 0.422188,	Delta[s+](2) = 0.202013,	Delta[s+](3) = 0.422188,	Delta[s+](4) = 0.422188,	Delta[s+](5) = 0.294941,	Delta[s+](6) = 0.127518,	Delta[s+](7) = 0.294941,	Delta[s+](8) = 0.202013,	Delta[s+](9) = 0.127518,	Delta[s+](10) = 0.0385806,	Delta[s+](11) = 0.127518,	Delta[s+](12) = 0.422188,	Delta[s+](13) = 0.294941,	Delta[s+](14) = 0.127518,	Delta[s+](15) = 0.294941
The 7-th iteration is completed.	|| time cost : 0h 3m 57.76s
********************************************************************************************************************
********************************************************************************************************************
Ground state is obtained after 8 iterations. The current ground-state energy is -15.4659, in which electron energy is -15.4659 and phonon energy is 2.04374e-05
final variational state is: 
	Gamma_x = [      1,1.00108,1.00012,1.00108,1.00108,1.00013,1.00033,1.00013,1.00012,1.00033,1.00276,1.00033,1.00108,1.00013,1.00033,1.00013]
	lambda_q = [   0.21176, 0.0807538, 0.0186834, 0.0807538, 0.0807538, 0.0194933,-0.0258547, 0.0194933, 0.0186834,-0.0258547,-0.0646093,-0.0258547, 0.0807538, 0.0194933,-0.0258547, 0.0194933]
The effective e-e interactions mediated by phonons are: [  0.287999,  0.086172, 0.0062211,  0.086172,  0.086172,0.00638973, 0.0132726,0.00638973, 0.0062211, 0.0132726, 0.0902394, 0.0132726,  0.086172,0.00638973, 0.0132726,0.00638973]
The real-space interactions mediated by phonons are: [-0.814018,-0.317616,-0.121876,-0.301735,-0.343559,-0.380641,-0.121876, -0.12712,-0.365122, -0.12712,-0.121876,-0.380641,-0.343559,-0.301735,-0.121876,-0.317616]
********************************************************************************************************************
o___o  ----------------------------------------
| L |	Time since last clock: 0h 0m 0s
A===A	Time since the beginning: 0h 27m 23.452s
***********************************************

********************************************************************************************************************
Start warm-up calculation for scaling factor 16
open output files: NGSEDWarmUpW3.2Obs.txt
********************************************************************************************************************
Start the 0 rounds of NGS-ED iteration
	effective electronic model is modified as: kinetic energy t = 0.998278
	                                           effective interaction Vq = [  -0.263084, -0.0695765,-0.00486167, -0.0695765, -0.0695765,-0.00502189, -0.0102712,-0.00502189,-0.00486167, -0.0102712, -0.0693419, -0.0102712, -0.0695765,-0.00502189, -0.0102712,-0.00502189]
	PARPACK diagonalization completed after 60 matrix-vector product operations.
	iteration results: : total energy is -15.140173 | electron energy -15.140183 + phonon energy 0.000010 | electron momentum kIdx = 0
	Nq(0) = 12.25,	Nq(1) = 0.155117,	Nq(2) = 0.185439,	Nq(3) = 0.155117,	Nq(4) = 0.155117,	Nq(5) = 0.203363,	Nq(6) = 0.236003,	Nq(7) = 0.203363,	Nq(8) = 0.185439,	Nq(9) = 0.236003,	Nq(10) = 0.277165,	Nq(11) = 0.236003,	Nq(12) = 0.155117,	Nq(13) = 0.203363,	Nq(14) = 0.236003,	Nq(15) = 0.203363,	Sq(0) = 3.45899e-18,	Sq(1) = 0.473613,	Sq(2) = 0.765716,	Sq(3) = 0.473613,	Sq(4) = 0.473613,	Sq(5) = 0.630209,	Sq(6) = 1.05297,	Sq(7) = 0.630209,	Sq(8) = 0.765716,	Sq(9) = 1.05297,	Sq(10) = 2.56544,	Sq(11) = 1.05297,	Sq(12) = 0.473613,	Sq(13) = 0.630209,	Sq(14) = 1.05297,	Sq(15) = 0.630209,	N(0) = 1.7557,	N(1) = 1.59258,	N(2) = 0.322651,	N(3) = 1.59258,	N(4) = 1.59258,	N(5) = 0.999566,	N(6) = 0.266343,	N(7) = 0.999566,	N(8) = 0.322651,	N(9) = 0.266343,	N(10) = 0.165039,	N(11) = 0.266343,	N(12) = 1.59258,	N(13) = 0.999566,	N(14) = 0.266343,	N(15) = 0.999566,	Delta[s](0) = 0.0795821,	Delta[s](1) = 0.0595039,	Delta[s](2) = 0.0356282,	Delta[s](3) = 0.0595039,	Delta[s](4) = 0.0595039,	Delta[s](5) = 0.0425437,	Delta[s](6) = 0.0196731,	Delta[s](7) = 0.0425437,	Delta[s](8) = 0.0356282,	Delta[s](9) = 0.0196731,	Delta[s](10) = 0.000265482,	Delta[s](11) = 0.0196731,	Delta[s](12) = 0.0595039,	Delta[s](13) = 0.0425437,	Delta[s](14) = 0.0196731,	Delta[s](15) = 0.0425437,	Delta[d](0) = 0.281579,	Delta[d](1) = 0.192905,	Delta[d](2) = 0.202673,	Delta[d](3) = 0.192905,	Delta[d](4) = 0.192905,	Delta[d](5) = 0.179335,	Delta[d](6) = 0.134394,	Delta[d](7) = 0.179335,	Delta[d](8) = 0.202673,	Delta[d](9) = 0.134394,	Delta[d](10) = 0.054301,	Delta[d](11) = 0.134394,	Delta[d](12) = 0.192905,	Delta[d](13) = 0.179335,	Delta[d](14) = 0.134394,	Delta[d](15) = 0.179335,	Delta[s+](0) = 0.568645,	Delta[s+](1) = 0.423422,	Delta[s+](2) = 0.202673,	Delta[s+](3) = 0.423422,	Delta[s+](4) = 0.423422,	Delta[s+](5) = 0.295839,	Delta[s+](6) = 0.127963,	Delta[s+](7) = 0.295839,	Delta[s+](8) = 0.202673,	Delta[s+](9) = 0.127963,	Delta[s+](10) = 0.0387471,	Delta[s+](11) = 0.127963,	Delta[s+](12) = 0.423422,	Delta[s+](13) = 0.295839,	Delta[s+](14) = 0.127963,	Delta[s+](15) = 0.295839
The 0-th iteration is completed.	|| time cost : 0h 4m 5.018s
********************************************************************************************************************
Start the 1 rounds of NGS-ED iteration
	effective electronic model is modified as: kinetic energy t = 0.99832
	                                           effective interaction Vq = [  -0.274862, -0.0707274,-0.00477528, -0.0707274, -0.0707274,-0.00497055, -0.0099348,-0.00497055,-0.00477528, -0.0099348, -0.0661841, -0.0099348, -0.0707274,-0.00497055, -0.0099348,-0.00497055]
	PARPACK diagonalization completed after 45 matrix-vector product operations.
	iteration results: : total energy is -15.284612 | electron energy -15.284633 + phonon energy 0.000021 | electron momentum kIdx = 0
The 1-th iteration is completed.	|| time cost : 0h 0m 24.435s
********************************************************************************************************************
Start the 2 rounds of NGS-ED iteration
	effective electronic model is modified as: kinetic energy t = 0.998327
	                                           effective interaction Vq = [  -0.281072, -0.0713181,-0.00473953, -0.0713181, -0.0713181,-0.00494827,-0.00980855,-0.00494827,-0.00473953,-0.00980855, -0.0651087,-0.00980855, -0.0713181,-0.00494827,-0.00980855,-0.00494827]
	PARPACK diagonalization completed after 45 matrix-vector product operations.
	iteration results: : total energy is -15.360717 | electron energy -15.360744 + phonon energy 0.000028 | electron momentum kIdx = 0
The 2-th iteration is completed.	|| time cost : 0h 0m 24.466s
********************************************************************************************************************
Start the 3 rounds of NGS-ED iteration
	effective electronic model is modified as: kinetic energy t = 0.998326
	                                           effective interaction Vq = [  -0.284347,  -0.071624,-0.00472482,  -0.071624,  -0.071624,-0.00493865,-0.00976162,-0.00493865,-0.00472482,-0.00976162,  -0.064748,-0.00976162,  -0.071624,-0.00493865,-0.00976162,-0.00493865]
	PARPACK diagonalization completed after 45 matrix-vector product operations.
	iteration results: : total energy is -15.400837 | electron energy -15.400869 + phonon energy 0.000032 | electron momentum kIdx = 0
The 3-th iteration is completed.	|| time cost : 0h 0m 24.411s
********************************************************************************************************************
Start the 4 rounds of NGS-ED iteration
	effective electronic model is modified as: kinetic energy t = 0.998323
	                                           effective interaction Vq = [  -0.286074, -0.0717831,-0.00471879, -0.0717831, -0.0717831, -0.0049345,-0.00974425, -0.0049345,-0.00471879,-0.00974425,  -0.064628,-0.00974425, -0.0717831, -0.0049345,-0.00974425, -0.0049345]
	PARPACK diagonalization completed after 30 matrix-vector product operations.
	iteration results: : total energy is -15.421991 | electron energy -15.422025 + phonon energy 0.000034 | electron momentum kIdx = 0
The 4-th iteration is completed.	|| time cost : 0h 0m 21.603s
********************************************************************************************************************
Start the 5 rounds of NGS-ED iteration
	effective electronic model is modified as: kinetic energy t = 0.998321
	                                           effective interaction Vq = [  -0.286984, -0.0718662,-0.00471632, -0.0718662, -0.0718662,-0.00493272,-0.00973784,-0.00493272,-0.00471632,-0.00973784, -0.0645885,-0.00973784, -0.0718662,-0.00493272,-0.00973784,-0.00493272]
	PARPACK diagonalization completed after 30 matrix-vector product operations.
	iteration results: : total energy is -15.433145 | electron energy -15.433180 + phonon energy 0.000035 | electron momentum kIdx = 0
The 5-th iteration is completed.	|| time cost : 0h 0m 21.628s
********************************************************************************************************************
Start the 6 rounds of NGS-ED iteration
	effective electronic model is modified as: kinetic energy t = 0.99832
	                                           effective interaction Vq = [  -0.287464, -0.0719097,-0.00471531, -0.0719097, -0.0719097,-0.00493195,-0.00973547,-0.00493195,-0.00471531,-0.00973547, -0.0645756,-0.00973547, -0.0719097,-0.00493195,-0.00973547,-0.00493195]
	PARPACK diagonalization completed after 30 matrix-vector product operations.
	iteration results: : total energy is -15.439026 | electron energy -15.439062 + phonon energy 0.000036 | electron momentum kIdx = 0
The 6-th iteration is completed.	|| time cost : 0h 0m 21.629s
********************************************************************************************************************
Start the 7 rounds of NGS-ED iteration
	effective electronic model is modified as: kinetic energy t = 0.99832
	                                           effective interaction Vq = [  -0.287718, -0.0719324, -0.0047149, -0.0719324, -0.0719324,-0.00493162, -0.0097346,-0.00493162, -0.0047149, -0.0097346, -0.0645716, -0.0097346, -0.0719324,-0.00493162, -0.0097346,-0.00493162]
	PARPACK diagonalization completed after 30 matrix-vector product operations.
	iteration results: : total energy is -15.442127 | electron energy -15.442163 + phonon energy 0.000036 | electron momentum kIdx = 0
The 7-th iteration is completed.	|| time cost : 0h 0m 21.613s
********************************************************************************************************************
Start the 8 rounds of NGS-ED iteration
	effective electronic model is modified as: kinetic energy t = 0.998319
	                                           effective interaction Vq = [  -0.287851, -0.0719444,-0.00471473, -0.0719444, -0.0719444,-0.00493148,-0.00973428,-0.00493148,-0.00471473,-0.00973428, -0.0645703,-0.00973428, -0.0719444,-0.00493148,-0.00973428,-0.00493148]
	PARPACK diagonalization completed after 30 matrix-vector product operations.
	iteration results: : total energy is -15.443762 | electron energy -15.443799 + phonon energy 0.000036 | electron momentum kIdx = 0
The 8-th iteration is completed.	|| time cost : 0h 0m 21.615s
********************************************************************************************************************
Start the 9 rounds of NGS-ED iteration
	effective electronic model is modified as: kinetic energy t = 0.998319
	                                           effective interaction Vq = [  -0.287921, -0.0719507,-0.00471466, -0.0719507, -0.0719507,-0.00493142,-0.00973416,-0.00493142,-0.00471466,-0.00973416,   -0.06457,-0.00973416, -0.0719507,-0.00493142,-0.00973416,-0.00493142]
	PARPACK diagonalization completed after 30 matrix-vector product operations.
	iteration results: : total energy is -15.444625 | electron energy -15.444661 + phonon energy 0.000036 | electron momentum kIdx = 0
The 9-th iteration is completed.	|| time cost : 0h 0m 21.636s
********************************************************************************************************************
Start the 10 rounds of NGS-ED iteration
	effective electronic model is modified as: kinetic energy t = 0.998319
	                                           effective interaction Vq = [  -0.287959,  -0.071954,-0.00471463,  -0.071954,  -0.071954,-0.00493139,-0.00973412,-0.00493139,-0.00471463,-0.00973412, -0.0645699,-0.00973412,  -0.071954,-0.00493139,-0.00973412,-0.00493139]
	PARPACK diagonalization completed after 30 matrix-vector product operations.
	iteration results: : total energy is -15.445079 | electron energy -15.445116 + phonon energy 0.000036 | electron momentum kIdx = 0
The 10-th iteration is completed.	|| time cost : 0h 0m 21.6s
********************************************************************************************************************
Start the 11 rounds of NGS-ED iteration
	effective electronic model is modified as: kinetic energy t = 0.998319
	                                           effective interaction Vq = [  -0.287978, -0.0719557,-0.00471462, -0.0719557, -0.0719557,-0.00493138,-0.00973411,-0.00493138,-0.00471462,-0.00973411, -0.0645699,-0.00973411, -0.0719557,-0.00493138,-0.00973411,-0.00493138]
	PARPACK diagonalization completed after 30 matrix-vector product operations.
	iteration results: : total energy is -15.445319 | electron energy -15.445355 + phonon energy 0.000036 | electron momentum kIdx = 0
	Nq(0) = 12.25,	Nq(1) = 0.155146,	Nq(2) = 0.185431,	Nq(3) = 0.155146,	Nq(4) = 0.155146,	Nq(5) = 0.20335,	Nq(6) = 0.235985,	Nq(7) = 0.20335,	Nq(8) = 0.185431,	Nq(9) = 0.235985,	Nq(10) = 0.277063,	Nq(11) = 0.235985,	Nq(12) = 0.155146,	Nq(13) = 0.20335,	Nq(14) = 0.235985,	Nq(15) = 0.20335,	Sq(0) = 1.7926e-18,	Sq(1) = 0.47358,	Sq(2) = 0.765721,	Sq(3) = 0.47358,	Sq(4) = 0.47358,	Sq(5) = 0.630209,	Sq(6) = 1.05302,	Sq(7) = 0.630209,	Sq(8) = 0.765721,	Sq(9) = 1.05302,	Sq(10) = 2.56548,	Sq(11) = 1.05302,	Sq(12) = 0.47358,	Sq(13) = 0.630209,	Sq(14) = 1.05302,	Sq(15) = 0.630209,	N(0) = 1.75568,	N(1) = 1.59257,	N(2) = 0.322659,	N(3) = 1.59257,	N(4) = 1.59257,	N(5) = 0.999552,	N(6) = 0.266364,	N(7) = 0.999552,	N(8) = 0.322659,	N(9) = 0.266364,	N(10) = 0.16507,	N(11) = 0.266364,	N(12) = 1.59257,	N(13) = 0.999552,	N(14) = 0.266364,	N(15) = 0.999552,	Delta[s](0) = 0.0795753,	Delta[s](1) = 0.0594987,	Delta[s](2) = 0.0356243,	Delta[s](3) = 0.0594987,	Delta[s](4) = 0.0594987,	Delta[s](5) = 0.0425395,	Delta[s](6) = 0.0196708,	Delta[s](7) = 0.0425395,	Delta[s](8) = 0.0356243,	Delta[s](9) = 0.0196708,	Delta[s](10) = 0.000265537,	Delta[s](11) = 0.0196708,	Delta[s](12) = 0.0594987,	Delta[s](13) = 0.0425395,	Delta[s](14) = 0.0196708,	Delta[s](15) = 0.0425395,	Delta[d](0) = 0.284062,	Delta[d](1) = 0.194583,	Delta[d](2) = 0.204422,	Delta[d](3) = 0.194583,	Delta[d](4) = 0.194583,	Delta[d](5) = 0.180887,	Delta[d](6) = 0.135555,	Delta[d](7) = 0.180887,	Delta[d](8) = 0.204422,	Delta[d](9) = 0.135555,	Delta[d](10) = 0.0547802,	Delta[d](11) = 0.135555,	Delta[d](12) = 0.194583,	Delta[d](13) = 0.180887,	Delta[d](14) = 0.135555,	Delta[d](15) = 0.180887,	Delta[s+](0) = 0.573532,	Delta[s+](1) = 0.427058,	Delta[s+](2) = 0.204422,	Delta[s+](3) = 0.427058,	Delta[s+](4) = 0.427058,	Delta[s+](5) = 0.298378,	Delta[s+](6) = 0.129067,	Delta[s+](7) = 0.298378,	Delta[s+](8) = 0.204422,	Delta[s+](9) = 0.129067,	Delta[s+](10) = 0.0390861,	Delta[s+](11) = 0.129067,	Delta[s+](12) = 0.427058,	Delta[s+](13) = 0.298378,	Delta[s+](14) = 0.129067,	Delta[s+](15) = 0.298378
The 11-th iteration is completed.	|| time cost : 0h 4m 0.898s
********************************************************************************************************************
********************************************************************************************************************
Ground state is obtained after 12 iterations. The current ground-state energy is -15.4453, in which electron energy is -15.4454 and phonon energy is 3.63865e-05
final variational state is: 
	Gamma_x = [      1,1.00237,1.00021,1.00237,1.00237,1.00024,1.00058,1.00024,1.00021,1.00058,1.00463,1.00058,1.00237,1.00024,1.00058,1.00024]
	lambda_q = [  0.298103, 0.0847861, 0.0179581, 0.0847861, 0.0847861, 0.0190332,-0.0241759, 0.0190332, 0.0179581,-0.0241759,-0.0592097,-0.0241759, 0.0847861, 0.0190332,-0.0241759, 0.0190332]
