SNEDics v3.22.2 Non-Gaussian ED ground state program		Start at Tue Jun 28 02:47:02 2022

Parallelization: 32 MPI threads  * 8 OpenMP threads = 256 total threads.
********************************************************************************************************************
********************************************************************************************************************

********************************************************************************************************************
System parameters and configurations
	special program options are enabled: splitted diagonal Hamiltonian | splitted Hamiltonian terms
********************************************************************************************************************
Read input file "model_params.in"
	Hubbard-Holstein model parameters : 	t = 1    U = 8    g = 0.95    W = 0.2    g' = 0.1    
********************************************************************************************************************
Read input file "hilbertspace_params.in"
	Requested 16-site 2D lattice, with 12 electrons (6, 6)
	Boundary : Periodic		Hilbert space representation : momentum-space (restricted to kIdx = 0)
	Conservation: particle number[U(1)]      spin[U(1)]     momentum
********************************************************************************************************************

Cluster Positions:				Cluster symmetry group : D4
 x ... x ... x ... x .....                       x ... x ... x ... x .....
 |           |           :                       |           |           :
 |           |           :                       |           |           :
12    13    14    15     x                       1     5     6     5     x
 |           |           :                       |           |           :
 |           |           :                       |           |           :
 8 --- 9 ---10 ---11 --- x                       2 --- 6 ---10 --- 6 --- x
 |           |           :                       |           |           :
 |           |           :                       |           |           :
 4     5     6     7     x                       1     5     6     5     x
 |           |           :                       |           |           :
 |           |           :                       |           |           :
 0 --- 1 --- 2 --- 3 --- x                       0 --- 1 --- 2 --- 1 --- x
orbital number : 1
********************************************************************************************************************
Read input file "obs_params.in"
	Observable Type : Nq(All),   Sq(All),   N(All-Orbital),   Delta[s](All),   Delta[d](All),   Delta[s+](All)
** WARNING ** the input observables have non-local factors which have been reinterpreted. The total observable number is 96
********************************************************************************************************************


********************************************************************************************************************
Start calculating the non-Gaussian ED ground state
Maximal iteration number is 1000; energy resolution is 1e-06. Phonon state relaxation time is 2000
W = 0.2 is relatively large. The non-Gaussian ED calculation starts directly.
open output files: NGSED_iteration_observables.txt
********************************************************************************************************************
Start the 0 rounds of NGS-ED iteration
	effective electronic model is modified as: kinetic energy t = 1
	                                           effective interaction Vq = [0,0,0,0,0,0,0,0,0,0,0,0,0,0,0,0]
	first Hamiltonian is constructed, size = 4008592 and non-zero numbers = 969134044
	PARPACK diagonalization completed after 150 matrix-vector product operations.
	iteration results: : total energy is -14.925310 | electron energy -14.925310 + phonon energy 0.000000 | electron momentum kIdx = 0
	Nq(0) = 9,	Nq(1) = 0.191675,	Nq(2) = 0.266183,	Nq(3) = 0.191675,	Nq(4) = 0.191675,	Nq(5) = 0.245517,	
	Nq(6) = 0.314107,	Nq(7) = 0.245517,	Nq(8) = 0.266183,	Nq(9) = 0.314107,	Nq(10) = 0.369338,	
	Nq(11) = 0.314107,	Nq(12) = 0.191675,	Nq(13) = 0.245517,	Nq(14) = 0.314107,	Nq(15) = 0.245517;	
	Sq(0) = 3.02743e-18,	Sq(1) = 0.554662,	Sq(2) = 0.424361,	Sq(3) = 0.554662,	Sq(4) = 0.554662,	
	Sq(5) = 0.79749,	Sq(6) = 1.01287,	Sq(7) = 0.79749,	Sq(8) = 0.424361,	Sq(9) = 1.01287,	
	Sq(10) = 0.784303,	Sq(11) = 1.01287,	Sq(12) = 0.554662,	Sq(13) = 0.79749,	Sq(14) = 1.01287,	
	Sq(15) = 0.79749;	N(0) = 1.76735,	N(1) = 1.6264,	N(2) = 0.74365,	N(3) = 1.6264,	
	N(4) = 1.6264,	N(5) = 0.392302,	N(6) = 0.144321,	N(7) = 0.392302,	N(8) = 0.74365,	
	N(9) = 0.144321,	N(10) = 0.0932732,	N(11) = 0.144321,	N(12) = 1.6264,	N(13) = 0.392302,	
	N(14) = 0.144321,	N(15) = 0.392302;	Delta[s](0) = 0.0510152,	Delta[s](1) = 0.0389616,	Delta[s](2) = 0.0292093,	
	Delta[s](3) = 0.0389616,	Delta[s](4) = 0.0389616,	Delta[s](5) = 0.027609,	Delta[s](6) = 0.0170105,	Delta[s](7) = 0.027609,	
	Delta[s](8) = 0.0292093,	Delta[s](9) = 0.0170105,	Delta[s](10) = 0.00969196,	Delta[s](11) = 0.0170105,	Delta[s](12) = 0.0389616,	
	Delta[s](13) = 0.027609,	Delta[s](14) = 0.0170105,	Delta[s](15) = 0.027609;	Delta[d](0) = 0.214461,	Delta[d](1) = 0.177415,	
	Delta[d](2) = 0.21048,	Delta[d](3) = 0.177415,	Delta[d](4) = 0.177415,	Delta[d](5) = 0.130554,	Delta[d](6) = 0.147881,	
	Delta[d](7) = 0.130554,	Delta[d](8) = 0.21048,	Delta[d](9) = 0.147881,	Delta[d](10) = 0.102259,	Delta[d](11) = 0.147881,	
	Delta[d](12) = 0.177415,	Delta[d](13) = 0.130554,	Delta[d](14) = 0.147881,	Delta[d](15) = 0.130554;	Delta[s+](0) = 0.476308,	
	Delta[s+](1) = 0.328925,	Delta[s+](2) = 0.21048,	Delta[s+](3) = 0.328925,	Delta[s+](4) = 0.328925,	Delta[s+](5) = 0.17403,	
	Delta[s+](6) = 0.0764596,	Delta[s+](7) = 0.17403,	Delta[s+](8) = 0.21048,	Delta[s+](9) = 0.0764596,	Delta[s+](10) = 0.0280312,	
	Delta[s+](11) = 0.0764596,	Delta[s+](12) = 0.328925,	Delta[s+](13) = 0.17403,	Delta[s+](14) = 0.0764596,	Delta[s+](15) = 0.17403
	
The 0-th iteration is completed.	|| time cost : 0h 2m 2.645s
********************************************************************************************************************
Start the 1 rounds of NGS-ED iteration
	effective electronic model is modified as: kinetic energy t = 0.885851
	                                           effective interaction Vq = [  -9.1125, -3.23925, -1.22132, -3.23925, -3.23925,-0.919985,-0.343288,-0.919985, -1.22132,-0.343288,-0.128037,-0.343288, -3.23925,-0.919985,-0.343288,-0.919985]
	PARPACK diagonalization completed after 60 matrix-vector product operations.
	iteration results: : total energy is -98.877327 | electron energy -99.985009 + phonon energy 1.107682 | electron momentum kIdx = 0
The 1-th iteration is completed.	|| time cost : 0h 1m 19.706s
********************************************************************************************************************
Start the 2 rounds of NGS-ED iteration
	effective electronic model is modified as: kinetic energy t = 0.818003
	                                           effective interaction Vq = [  -9.1125, -5.58327, -1.35067, -5.58327, -5.58327,  -1.0315,-0.321059,  -1.0315, -1.35067,-0.321059,-0.121486,-0.321059, -5.58327,  -1.0315,-0.321059,  -1.0315]
	PARPACK diagonalization completed after 75 matrix-vector product operations.
	iteration results: : total energy is -108.244110 | electron energy -110.531136 + phonon energy 2.287026 | electron momentum kIdx = 0
The 2-th iteration is completed.	|| time cost : 0h 0m 15.002s
********************************************************************************************************************
Start the 3 rounds of NGS-ED iteration
	effective electronic model is modified as: kinetic energy t = 0.515971
	                                           effective interaction Vq = [  -9.1125, -6.60609, -0.98643, -6.60609, -6.60609,  -3.0062,-0.378255,  -3.0062, -0.98643,-0.378255,-0.153545,-0.378255, -6.60609,  -3.0062,-0.378255,  -3.0062]
	PARPACK diagonalization completed after 60 matrix-vector product operations.
	iteration results: : total energy is -118.151835 | electron energy -120.319315 + phonon energy 2.167479 | electron momentum kIdx = 0
The 3-th iteration is completed.	|| time cost : 0h 0m 12.733s
********************************************************************************************************************
Start the 4 rounds of NGS-ED iteration
	effective electronic model is modified as: kinetic energy t = 6.75836e-09
	                                           effective interaction Vq = [-9.1125,-6.6125,-4.5125,-6.6125,-6.6125,-4.5125,-2.8125,-4.5125,-4.5125,-2.8125,-1.5125,-2.8125,-6.6125,-4.5125,-2.8125,-4.5125]
	PARPACK diagonalization completed after 45 matrix-vector product operations.
	iteration results: : total energy is -123.100000 | electron energy -123.100000 + phonon energy 0.000000 | electron momentum kIdx = 0
The 4-th iteration is completed.	|| time cost : 0h 0m 11.564s
********************************************************************************************************************
Start the 5 rounds of NGS-ED iteration
	effective electronic model is modified as: kinetic energy t = 1.73862e-08
	                                           effective interaction Vq = [   -9.1125,   -6.6125,   -4.5125,   -6.6125,   -6.6125,   -4.5125,   -2.8125,   -4.5125,   -4.5125,   -2.8125,-0.0619169,   -2.8125,   -6.6125,   -4.5125,   -2.8125,   -4.5125]
	PARPACK diagonalization completed after 30 matrix-vector product operations.
	iteration results: : total energy is -123.100000 | electron energy -123.100000 + phonon energy 0.000000 | electron momentum kIdx = 0
The 5-th iteration is completed.	|| time cost : 0h 0m 9.182s
********************************************************************************************************************
Start the 6 rounds of NGS-ED iteration
	effective electronic model is modified as: kinetic energy t = 1.73595e-08
	                                           effective interaction Vq = [  -9.1125,  -6.6125,  -4.5125,  -6.6125,  -6.6125,  -4.5125,  -2.8125,  -4.5125,  -4.5125,  -2.8125,-0.133908,  -2.8125,  -6.6125,  -4.5125,  -2.8125,  -4.5125]
	PARPACK diagonalization completed after 30 matrix-vector product operations.
	iteration results: : total energy is -123.100000 | electron energy -123.100000 + phonon energy 0.000000 | electron momentum kIdx = 0
The 6-th iteration is completed.	|| time cost : 0h 0m 9.204s
********************************************************************************************************************
Start the 7 rounds of NGS-ED iteration
	effective electronic model is modified as: kinetic energy t = 1.73592e-08
	                                           effective interaction Vq = [  -9.1125,  -6.6125,  -4.5125,  -6.6125,  -6.6125,  -4.5125,  -2.8125,  -4.5125,  -4.5125,  -2.8125,-0.134403,  -2.8125,  -6.6125,  -4.5125,  -2.8125,  -4.5125]
	PARPACK diagonalization completed after 30 matrix-vector product operations.
	iteration results: : total energy is -123.100000 | electron energy -123.100000 + phonon energy 0.000000 | electron momentum kIdx = 0
The 7-th iteration is completed.	|| time cost : 0h 0m 9.176s
********************************************************************************************************************
Start the 8 rounds of NGS-ED iteration
	effective electronic model is modified as: kinetic energy t = 1.73592e-08
	                                           effective interaction Vq = [  -9.1125,  -6.6125,  -4.5125,  -6.6125,  -6.6125,  -4.5125,  -2.8125,  -4.5125,  -4.5125,  -2.8125,-0.134453,  -2.8125,  -6.6125,  -4.5125,  -2.8125,  -4.5125]
	PARPACK diagonalization completed after 30 matrix-vector product operations.
	iteration results: : total energy is -123.100000 | electron energy -123.100000 + phonon energy 0.000000 | electron momentum kIdx = 0
The 8-th iteration is completed.	|| time cost : 0h 0m 9.21s
********************************************************************************************************************
Start the 9 rounds of NGS-ED iteration
	effective electronic model is modified as: kinetic energy t = 1.73592e-08
	                                           effective interaction Vq = [  -9.1125,  -6.6125,  -4.5125,  -6.6125,  -6.6125,  -4.5125,  -2.8125,  -4.5125,  -4.5125,  -2.8125,-0.134421,  -2.8125,  -6.6125,  -4.5125,  -2.8125,  -4.5125]
	PARPACK diagonalization completed after 30 matrix-vector product operations.
	iteration results: : total energy is -123.100000 | electron energy -123.100000 + phonon energy 0.000000 | electron momentum kIdx = 0
The 9-th iteration is completed.	|| time cost : 0h 0m 9.175s
********************************************************************************************************************
Start the 10 rounds of NGS-ED iteration
	effective electronic model is modified as: kinetic energy t = 1.73592e-08
	                                           effective interaction Vq = [  -9.1125,  -6.6125,  -4.5125,  -6.6125,  -6.6125,  -4.5125,  -2.8125,  -4.5125,  -4.5125,  -2.8125,-0.134447,  -2.8125,  -6.6125,  -4.5125,  -2.8125,  -4.5125]
	PARPACK diagonalization completed after 30 matrix-vector product operations.
	iteration results: : total energy is -123.100000 | electron energy -123.100000 + phonon energy 0.000000 | electron momentum kIdx = 0
The 10-th iteration is completed.	|| time cost : 0h 0m 9.19s
********************************************************************************************************************
Start the 11 rounds of NGS-ED iteration
	effective electronic model is modified as: kinetic energy t = 1.73592e-08
	                                           effective interaction Vq = [  -9.1125,  -6.6125,  -4.5125,  -6.6125,  -6.6125,  -4.5125,  -2.8125,  -4.5125,  -4.5125,  -2.8125,-0.134398,  -2.8125,  -6.6125,  -4.5125,  -2.8125,  -4.5125]
	PARPACK diagonalization completed after 30 matrix-vector product operations.
	iteration results: : total energy is -123.100000 | electron energy -123.100000 + phonon energy 0.000000 | electron momentum kIdx = 0
The 11-th iteration is completed.	|| time cost : 0h 0m 9.188s
********************************************************************************************************************
Start the 12 rounds of NGS-ED iteration
	effective electronic model is modified as: kinetic energy t = 1.73592e-08
	                                           effective interaction Vq = [  -9.1125,  -6.6125,  -4.5125,  -6.6125,  -6.6125,  -4.5125,  -2.8125,  -4.5125,  -4.5125,  -2.8125,-0.134423,  -2.8125,  -6.6125,  -4.5125,  -2.8125,  -4.5125]
	PARPACK diagonalization completed after 30 matrix-vector product operations.
	iteration results: : total energy is -123.100000 | electron energy -123.100000 + phonon energy 0.000000 | electron momentum kIdx = 0
The 12-th iteration is completed.	|| time cost : 0h 0m 9.181s
********************************************************************************************************************
Start the 13 rounds of NGS-ED iteration
	effective electronic model is modified as: kinetic energy t = 1.73592e-08
	                                           effective interaction Vq = [ -9.1125, -6.6125, -4.5125, -6.6125, -6.6125, -4.5125, -2.8125, -4.5125, -4.5125, -2.8125,-0.13443, -2.8125, -6.6125, -4.5125, -2.8125, -4.5125]
	PARPACK diagonalization completed after 30 matrix-vector product operations.
	iteration results: : total energy is -123.100000 | electron energy -123.100000 + phonon energy 0.000000 | electron momentum kIdx = 0
The 13-th iteration is completed.	|| time cost : 0h 0m 9.179s
********************************************************************************************************************
Start the 14 rounds of NGS-ED iteration
	effective electronic model is modified as: kinetic energy t = 1.73592e-08
	                                           effective interaction Vq = [  -9.1125,  -6.6125,  -4.5125,  -6.6125,  -6.6125,  -4.5125,  -2.8125,  -4.5125,  -4.5125,  -2.8125,-0.134399,  -2.8125,  -6.6125,  -4.5125,  -2.8125,  -4.5125]
	PARPACK diagonalization completed after 30 matrix-vector product operations.
	iteration results: : total energy is -123.100000 | electron energy -123.100000 + phonon energy 0.000000 | electron momentum kIdx = 0
The 14-th iteration is completed.	|| time cost : 0h 0m 9.206s
********************************************************************************************************************
Start the 15 rounds of NGS-ED iteration
	effective electronic model is modified as: kinetic energy t = 1.73592e-08
	                                           effective interaction Vq = [  -9.1125,  -6.6125,  -4.5125,  -6.6125,  -6.6125,  -4.5125,  -2.8125,  -4.5125,  -4.5125,  -2.8125,-0.134427,  -2.8125,  -6.6125,  -4.5125,  -2.8125,  -4.5125]
	PARPACK diagonalization completed after 30 matrix-vector product operations.
	iteration results: : total energy is -123.100000 | electron energy -123.100000 + phonon energy 0.000000 | electron momentum kIdx = 0
The 15-th iteration is completed.	|| time cost : 0h 0m 9.173s
********************************************************************************************************************
Start the 16 rounds of NGS-ED iteration
	effective electronic model is modified as: kinetic energy t = 1.73592e-08
	                                           effective interaction Vq = [  -9.1125,  -6.6125,  -4.5125,  -6.6125,  -6.6125,  -4.5125,  -2.8125,  -4.5125,  -4.5125,  -2.8125,-0.134402,  -2.8125,  -6.6125,  -4.5125,  -2.8125,  -4.5125]
	PARPACK diagonalization completed after 30 matrix-vector product operations.
	iteration results: : total energy is -123.100000 | electron energy -123.100000 + phonon energy 0.000000 | electron momentum kIdx = 0
The 16-th iteration is completed.	|| time cost : 0h 0m 9.209s
********************************************************************************************************************
Start the 17 rounds of NGS-ED iteration
	effective electronic model is modified as: kinetic energy t = 1.73592e-08
	                                           effective interaction Vq = [  -9.1125,  -6.6125,  -4.5125,  -6.6125,  -6.6125,  -4.5125,  -2.8125,  -4.5125,  -4.5125,  -2.8125,-0.134419,  -2.8125,  -6.6125,  -4.5125,  -2.8125,  -4.5125]
	PARPACK diagonalization completed after 30 matrix-vector product operations.
	iteration results: : total energy is -123.100000 | electron energy -123.100000 + phonon energy 0.000000 | electron momentum kIdx = 0
The 17-th iteration is completed.	|| time cost : 0h 0m 9.209s
********************************************************************************************************************
Start the 18 rounds of NGS-ED iteration
	effective electronic model is modified as: kinetic energy t = 1.73592e-08
	                                           effective interaction Vq = [  -9.1125,  -6.6125,  -4.5125,  -6.6125,  -6.6125,  -4.5125,  -2.8125,  -4.5125,  -4.5125,  -2.8125,-0.134421,  -2.8125,  -6.6125,  -4.5125,  -2.8125,  -4.5125]
	PARPACK diagonalization completed after 30 matrix-vector product operations.
	iteration results: : total energy is -123.100000 | electron energy -123.100000 + phonon energy 0.000000 | electron momentum kIdx = 0
The 18-th iteration is completed.	|| time cost : 0h 0m 9.178s
********************************************************************************************************************
Start the 19 rounds of NGS-ED iteration
	effective electronic model is modified as: kinetic energy t = 1.73592e-08
	                                           effective interaction Vq = [  -9.1125,  -6.6125,  -4.5125,  -6.6125,  -6.6125,  -4.5125,  -2.8125,  -4.5125,  -4.5125,  -2.8125,-0.134412,  -2.8125,  -6.6125,  -4.5125,  -2.8125,  -4.5125]
	PARPACK diagonalization completed after 30 matrix-vector product operations.
	iteration results: : total energy is -123.100000 | electron energy -123.100000 + phonon energy 0.000000 | electron momentum kIdx = 0
The 19-th iteration is completed.	|| time cost : 0h 0m 9.127s
********************************************************************************************************************
Start the 20 rounds of NGS-ED iteration
	effective electronic model is modified as: kinetic energy t = 1.73592e-08
	                                           effective interaction Vq = [  -9.1125,  -6.6125,  -4.5125,  -6.6125,  -6.6125,  -4.5125,  -2.8125,  -4.5125,  -4.5125,  -2.8125,-0.134425,  -2.8125,  -6.6125,  -4.5125,  -2.8125,  -4.5125]
	PARPACK diagonalization completed after 30 matrix-vector product operations.
	iteration results: : total energy is -123.100000 | electron energy -123.100000 + phonon energy 0.000000 | electron momentum kIdx = 0
The 20-th iteration is completed.	|| time cost : 0h 0m 9.127s
********************************************************************************************************************
Start the 21 rounds of NGS-ED iteration
	effective electronic model is modified as: kinetic energy t = 1.73592e-08
	                                           effective interaction Vq = [  -9.1125,  -6.6125,  -4.5125,  -6.6125,  -6.6125,  -4.5125,  -2.8125,  -4.5125,  -4.5125,  -2.8125,-0.134419,  -2.8125,  -6.6125,  -4.5125,  -2.8125,  -4.5125]
	PARPACK diagonalization completed after 30 matrix-vector product operations.
	iteration results: : total energy is -123.100000 | electron energy -123.100000 + phonon energy 0.000000 | electron momentum kIdx = 0
The 21-th iteration is completed.	|| time cost : 0h 0m 9.182s
********************************************************************************************************************
Start the 22 rounds of NGS-ED iteration
	effective electronic model is modified as: kinetic energy t = 1.73592e-08
	                                           effective interaction Vq = [  -9.1125,  -6.6125,  -4.5125,  -6.6125,  -6.6125,  -4.5125,  -2.8125,  -4.5125,  -4.5125,  -2.8125,-0.134438,  -2.8125,  -6.6125,  -4.5125,  -2.8125,  -4.5125]
	PARPACK diagonalization completed after 30 matrix-vector product operations.
	iteration results: : total energy is -123.100000 | electron energy -123.100000 + phonon energy 0.000000 | electron momentum kIdx = 0
The 22-th iteration is completed.	|| time cost : 0h 0m 9.194s
********************************************************************************************************************
Start the 23 rounds of NGS-ED iteration
	effective electronic model is modified as: kinetic energy t = 1.73592e-08
	                                           effective interaction Vq = [  -9.1125,  -6.6125,  -4.5125,  -6.6125,  -6.6125,  -4.5125,  -2.8125,  -4.5125,  -4.5125,  -2.8125,-0.134429,  -2.8125,  -6.6125,  -4.5125,  -2.8125,  -4.5125]
	PARPACK diagonalization completed after 30 matrix-vector product operations.
	iteration results: : total energy is -123.100000 | electron energy -123.100000 + phonon energy 0.000000 | electron momentum kIdx = 0
The 23-th iteration is completed.	|| time cost : 0h 0m 9.197s
********************************************************************************************************************
Start the 24 rounds of NGS-ED iteration
	effective electronic model is modified as: kinetic energy t = 1.73592e-08
	                                           effective interaction Vq = [  -9.1125,  -6.6125,  -4.5125,  -6.6125,  -6.6125,  -4.5125,  -2.8125,  -4.5125,  -4.5125,  -2.8125,-0.134426,  -2.8125,  -6.6125,  -4.5125,  -2.8125,  -4.5125]
	PARPACK diagonalization completed after 30 matrix-vector product operations.
	iteration results: : total energy is -123.100000 | electron energy -123.100000 + phonon energy 0.000000 | electron momentum kIdx = 0
The 24-th iteration is completed.	|| time cost : 0h 0m 9.201s
********************************************************************************************************************
Start the 25 rounds of NGS-ED iteration
	effective electronic model is modified as: kinetic energy t = 1.73592e-08
	                                           effective interaction Vq = [  -9.1125,  -6.6125,  -4.5125,  -6.6125,  -6.6125,  -4.5125,  -2.8125,  -4.5125,  -4.5125,  -2.8125,-0.134458,  -2.8125,  -6.6125,  -4.5125,  -2.8125,  -4.5125]
	PARPACK diagonalization completed after 30 matrix-vector product operations.
	iteration results: : total energy is -123.100000 | electron energy -123.100000 + phonon energy 0.000000 | electron momentum kIdx = 0
The 25-th iteration is completed.	|| time cost : 0h 0m 9.198s
********************************************************************************************************************
Start the 26 rounds of NGS-ED iteration
	effective electronic model is modified as: kinetic energy t = 1.73592e-08
	                                           effective interaction Vq = [  -9.1125,  -6.6125,  -4.5125,  -6.6125,  -6.6125,  -4.5125,  -2.8125,  -4.5125,  -4.5125,  -2.8125,-0.134441,  -2.8125,  -6.6125,  -4.5125,  -2.8125,  -4.5125]
	PARPACK diagonalization completed after 30 matrix-vector product operations.
	iteration results: : total energy is -123.100000 | electron energy -123.100000 + phonon energy 0.000000 | electron momentum kIdx = 0
The 26-th iteration is completed.	|| time cost : 0h 0m 9.197s
********************************************************************************************************************
Start the 27 rounds of NGS-ED iteration
	effective electronic model is modified as: kinetic energy t = 1.73592e-08
	                                           effective interaction Vq = [  -9.1125,  -6.6125,  -4.5125,  -6.6125,  -6.6125,  -4.5125,  -2.8125,  -4.5125,  -4.5125,  -2.8125,-0.134465,  -2.8125,  -6.6125,  -4.5125,  -2.8125,  -4.5125]
	PARPACK diagonalization completed after 30 matrix-vector product operations.
	iteration results: : total energy is -123.100000 | electron energy -123.100000 + phonon energy 0.000000 | electron momentum kIdx = 0
The 27-th iteration is completed.	|| time cost : 0h 0m 9.211s
********************************************************************************************************************
Start the 28 rounds of NGS-ED iteration
	effective electronic model is modified as: kinetic energy t = 1.73592e-08
	                                           effective interaction Vq = [  -9.1125,  -6.6125,  -4.5125,  -6.6125,  -6.6125,  -4.5125,  -2.8125,  -4.5125,  -4.5125,  -2.8125,-0.134443,  -2.8125,  -6.6125,  -4.5125,  -2.8125,  -4.5125]
	PARPACK diagonalization completed after 30 matrix-vector product operations.
	iteration results: : total energy is -123.100000 | electron energy -123.100000 + phonon energy 0.000000 | electron momentum kIdx = 0
The 28-th iteration is completed.	|| time cost : 0h 0m 9.173s
********************************************************************************************************************
Start the 29 rounds of NGS-ED iteration
	effective electronic model is modified as: kinetic energy t = 1.73592e-08
	                                           effective interaction Vq = [  -9.1125,  -6.6125,  -4.5125,  -6.6125,  -6.6125,  -4.5125,  -2.8125,  -4.5125,  -4.5125,  -2.8125,-0.134419,  -2.8125,  -6.6125,  -4.5125,  -2.8125,  -4.5125]
	PARPACK diagonalization completed after 30 matrix-vector product operations.
	iteration results: : total energy is -123.100000 | electron energy -123.100000 + phonon energy 0.000000 | electron momentum kIdx = 0
The 29-th iteration is completed.	|| time cost : 0h 0m 9.196s
********************************************************************************************************************
Start the 30 rounds of NGS-ED iteration
	effective electronic model is modified as: kinetic energy t = 1.73592e-08
	                                           effective interaction Vq = [  -9.1125,  -6.6125,  -4.5125,  -6.6125,  -6.6125,  -4.5125,  -2.8125,  -4.5125,  -4.5125,  -2.8125,-0.134466,  -2.8125,  -6.6125,  -4.5125,  -2.8125,  -4.5125]
	PARPACK diagonalization completed after 30 matrix-vector product operations.
	iteration results: : total energy is -123.100000 | electron energy -123.100000 + phonon energy 0.000000 | electron momentum kIdx = 0
The 30-th iteration is completed.	|| time cost : 0h 0m 9.216s
********************************************************************************************************************
Start the 31 rounds of NGS-ED iteration
	effective electronic model is modified as: kinetic energy t = 1.73592e-08
	                                           effective interaction Vq = [  -9.1125,  -6.6125,  -4.5125,  -6.6125,  -6.6125,  -4.5125,  -2.8125,  -4.5125,  -4.5125,  -2.8125,-0.134409,  -2.8125,  -6.6125,  -4.5125,  -2.8125,  -4.5125]
	PARPACK diagonalization completed after 30 matrix-vector product operations.
	iteration results: : total energy is -123.100000 | electron energy -123.100000 + phonon energy 0.000000 | electron momentum kIdx = 0
The 31-th iteration is completed.	|| time cost : 0h 0m 9.207s
********************************************************************************************************************
Start the 32 rounds of NGS-ED iteration
	effective electronic model is modified as: kinetic energy t = 1.73592e-08
	                                           effective interaction Vq = [  -9.1125,  -6.6125,  -4.5125,  -6.6125,  -6.6125,  -4.5125,  -2.8125,  -4.5125,  -4.5125,  -2.8125,-0.134451,  -2.8125,  -6.6125,  -4.5125,  -2.8125,  -4.5125]
	PARPACK diagonalization completed after 30 matrix-vector product operations.
	iteration results: : total energy is -123.100000 | electron energy -123.100000 + phonon energy 0.000000 | electron momentum kIdx = 0
The 32-th iteration is completed.	|| time cost : 0h 0m 9.216s
********************************************************************************************************************
Start the 33 rounds of NGS-ED iteration
	effective electronic model is modified as: kinetic energy t = 1.73592e-08
	                                           effective interaction Vq = [  -9.1125,  -6.6125,  -4.5125,  -6.6125,  -6.6125,  -4.5125,  -2.8125,  -4.5125,  -4.5125,  -2.8125,-0.134411,  -2.8125,  -6.6125,  -4.5125,  -2.8125,  -4.5125]
	PARPACK diagonalization completed after 30 matrix-vector product operations.
	iteration results: : total energy is -123.100000 | electron energy -123.100000 + phonon energy 0.000000 | electron momentum kIdx = 0
The 33-th iteration is completed.	|| time cost : 0h 0m 9.26s
********************************************************************************************************************
Start the 34 rounds of NGS-ED iteration
	effective electronic model is modified as: kinetic energy t = 1.73592e-08
	                                           effective interaction Vq = [ -9.1125, -6.6125, -4.5125, -6.6125, -6.6125, -4.5125, -2.8125, -4.5125, -4.5125, -2.8125,-0.13444, -2.8125, -6.6125, -4.5125, -2.8125, -4.5125]
	PARPACK diagonalization completed after 30 matrix-vector product operations.
	iteration results: : total energy is -123.100000 | electron energy -123.100000 + phonon energy 0.000000 | electron momentum kIdx = 0
The 34-th iteration is completed.	|| time cost : 0h 0m 9.221s
********************************************************************************************************************
Start the 35 rounds of NGS-ED iteration
	effective electronic model is modified as: kinetic energy t = 1.73592e-08
	                                           effective interaction Vq = [  -9.1125,  -6.6125,  -4.5125,  -6.6125,  -6.6125,  -4.5125,  -2.8125,  -4.5125,  -4.5125,  -2.8125,-0.134406,  -2.8125,  -6.6125,  -4.5125,  -2.8125,  -4.5125]
	PARPACK diagonalization completed after 30 matrix-vector product operations.
	iteration results: : total energy is -123.100000 | electron energy -123.100000 + phonon energy 0.000000 | electron momentum kIdx = 0
The 35-th iteration is completed.	|| time cost : 0h 0m 9.205s
********************************************************************************************************************
Start the 36 rounds of NGS-ED iteration
	effective electronic model is modified as: kinetic energy t = 1.73592e-08
	                                           effective interaction Vq = [  -9.1125,  -6.6125,  -4.5125,  -6.6125,  -6.6125,  -4.5125,  -2.8125,  -4.5125,  -4.5125,  -2.8125,-0.134414,  -2.8125,  -6.6125,  -4.5125,  -2.8125,  -4.5125]
	PARPACK diagonalization completed after 30 matrix-vector product operations.
	iteration results: : total energy is -123.100000 | electron energy -123.100000 + phonon energy 0.000000 | electron momentum kIdx = 0
The 36-th iteration is completed.	|| time cost : 0h 0m 9.215s
********************************************************************************************************************
Start the 37 rounds of NGS-ED iteration
	effective electronic model is modified as: kinetic energy t = 1.73592e-08
	                                           effective interaction Vq = [  -9.1125,  -6.6125,  -4.5125,  -6.6125,  -6.6125,  -4.5125,  -2.8125,  -4.5125,  -4.5125,  -2.8125,-0.134397,  -2.8125,  -6.6125,  -4.5125,  -2.8125,  -4.5125]
	PARPACK diagonalization completed after 30 matrix-vector product operations.
	iteration results: : total energy is -123.100000 | electron energy -123.100000 + phonon energy 0.000000 | electron momentum kIdx = 0
The 37-th iteration is completed.	|| time cost : 0h 0m 9.208s
********************************************************************************************************************
Start the 38 rounds of NGS-ED iteration
	effective electronic model is modified as: kinetic energy t = 1.73592e-08
	                                           effective interaction Vq = [  -9.1125,  -6.6125,  -4.5125,  -6.6125,  -6.6125,  -4.5125,  -2.8125,  -4.5125,  -4.5125,  -2.8125,-0.134447,  -2.8125,  -6.6125,  -4.5125,  -2.8125,  -4.5125]
	PARPACK diagonalization completed after 30 matrix-vector product operations.
	iteration results: : total energy is -123.100000 | electron energy -123.100000 + phonon energy 0.000000 | electron momentum kIdx = 0
The 38-th iteration is completed.	|| time cost : 0h 0m 9.212s
********************************************************************************************************************
Start the 39 rounds of NGS-ED iteration
	effective electronic model is modified as: kinetic energy t = 1.73592e-08
	                                           effective interaction Vq = [  -9.1125,  -6.6125,  -4.5125,  -6.6125,  -6.6125,  -4.5125,  -2.8125,  -4.5125,  -4.5125,  -2.8125,-0.134422,  -2.8125,  -6.6125,  -4.5125,  -2.8125,  -4.5125]
	PARPACK diagonalization completed after 30 matrix-vector product operations.
	iteration results: : total energy is -123.100000 | electron energy -123.100000 + phonon energy 0.000000 | electron momentum kIdx = 0
The 39-th iteration is completed.	|| time cost : 0h 0m 9.198s
********************************************************************************************************************
Start the 40 rounds of NGS-ED iteration
	effective electronic model is modified as: kinetic energy t = 1.73592e-08
	                                           effective interaction Vq = [  -9.1125,  -6.6125,  -4.5125,  -6.6125,  -6.6125,  -4.5125,  -2.8125,  -4.5125,  -4.5125,  -2.8125,-0.134436,  -2.8125,  -6.6125,  -4.5125,  -2.8125,  -4.5125]
	PARPACK diagonalization completed after 30 matrix-vector product operations.
	iteration results: : total energy is -123.100000 | electron energy -123.100000 + phonon energy 0.000000 | electron momentum kIdx = 0
The 40-th iteration is completed.	|| time cost : 0h 0m 9.193s
********************************************************************************************************************
Start the 41 rounds of NGS-ED iteration
	effective electronic model is modified as: kinetic energy t = 1.73592e-08
	                                           effective interaction Vq = [  -9.1125,  -6.6125,  -4.5125,  -6.6125,  -6.6125,  -4.5125,  -2.8125,  -4.5125,  -4.5125,  -2.8125,-0.134437,  -2.8125,  -6.6125,  -4.5125,  -2.8125,  -4.5125]
	PARPACK diagonalization completed after 30 matrix-vector product operations.
	iteration results: : total energy is -123.100000 | electron energy -123.100000 + phonon energy 0.000000 | electron momentum kIdx = 0
The 41-th iteration is completed.	|| time cost : 0h 0m 9.193s
********************************************************************************************************************
Start the 42 rounds of NGS-ED iteration
	effective electronic model is modified as: kinetic energy t = 1.73592e-08
	                                           effective interaction Vq = [  -9.1125,  -6.6125,  -4.5125,  -6.6125,  -6.6125,  -4.5125,  -2.8125,  -4.5125,  -4.5125,  -2.8125,-0.134468,  -2.8125,  -6.6125,  -4.5125,  -2.8125,  -4.5125]
	PARPACK diagonalization completed after 30 matrix-vector product operations.
	iteration results: : total energy is -123.100000 | electron energy -123.100000 + phonon energy 0.000000 | electron momentum kIdx = 0
The 42-th iteration is completed.	|| time cost : 0h 0m 9.193s
********************************************************************************************************************
Start the 43 rounds of NGS-ED iteration
	effective electronic model is modified as: kinetic energy t = 1.73592e-08
	                                           effective interaction Vq = [  -9.1125,  -6.6125,  -4.5125,  -6.6125,  -6.6125,  -4.5125,  -2.8125,  -4.5125,  -4.5125,  -2.8125,-0.134454,  -2.8125,  -6.6125,  -4.5125,  -2.8125,  -4.5125]
	PARPACK diagonalization completed after 30 matrix-vector product operations.
	iteration results: : total energy is -123.100000 | electron energy -123.100000 + phonon energy 0.000000 | electron momentum kIdx = 0
The 43-th iteration is completed.	|| time cost : 0h 0m 9.199s
********************************************************************************************************************
Start the 44 rounds of NGS-ED iteration
	effective electronic model is modified as: kinetic energy t = 1.73592e-08
	                                           effective interaction Vq = [  -9.1125,  -6.6125,  -4.5125,  -6.6125,  -6.6125,  -4.5125,  -2.8125,  -4.5125,  -4.5125,  -2.8125,-0.134465,  -2.8125,  -6.6125,  -4.5125,  -2.8125,  -4.5125]
	PARPACK diagonalization completed after 30 matrix-vector product operations.
	iteration results: : total energy is -123.100000 | electron energy -123.100000 + phonon energy 0.000000 | electron momentum kIdx = 0
The 44-th iteration is completed.	|| time cost : 0h 0m 9.209s
********************************************************************************************************************
Start the 45 rounds of NGS-ED iteration
	effective electronic model is modified as: kinetic energy t = 1.73592e-08
	                                           effective interaction Vq = [  -9.1125,  -6.6125,  -4.5125,  -6.6125,  -6.6125,  -4.5125,  -2.8125,  -4.5125,  -4.5125,  -2.8125,-0.134444,  -2.8125,  -6.6125,  -4.5125,  -2.8125,  -4.5125]
	PARPACK diagonalization completed after 30 matrix-vector product operations.
	iteration results: : total energy is -123.100000 | electron energy -123.100000 + phonon energy 0.000000 | electron momentum kIdx = 0
The 45-th iteration is completed.	|| time cost : 0h 0m 9.185s
********************************************************************************************************************
Start the 46 rounds of NGS-ED iteration
	effective electronic model is modified as: kinetic energy t = 1.73592e-08
	                                           effective interaction Vq = [  -9.1125,  -6.6125,  -4.5125,  -6.6125,  -6.6125,  -4.5125,  -2.8125,  -4.5125,  -4.5125,  -2.8125,-0.134424,  -2.8125,  -6.6125,  -4.5125,  -2.8125,  -4.5125]
	PARPACK diagonalization completed after 30 matrix-vector product operations.
	iteration results: : total energy is -123.100000 | electron energy -123.100000 + phonon energy 0.000000 | electron momentum kIdx = 0
The 46-th iteration is completed.	|| time cost : 0h 0m 9.199s
