SNEDics v3.4 Non-Gaussian ED ground state program		Start at Tue Oct  1 07:54:10 2019

parallized on 16 MPI threads  * 8 OpenMP threads = 128 total threads.
********************************************************************************************************************
********************************************************************************************************************

********************************************************************************************************************
System parameters and configurations
********************************************************************************************************************
Special program options are enabled: splitted diagonal Hamiltonian
********************************************************************************************************************
Read input file "model_params.in"
	Hubbard-Holstein model parameters : 	t = 1    U = 3.5    g = 3.7417    W = 5    
********************************************************************************************************************
Read input file "hilbertspace_params.in"
	Requested 16-site 2D lattice, with 16 electrons (8, 8)
	Boundary : Periodic		Hilbert space representation : momentum-space (restricted to kIdx = 0)
	Conservation: particle number[U(1)]      spin[U(1)]     momentum
********************************************************************************************************************

Cluster Positions:				Cluster symmetry group : D4
 x ... x ... x ... x .....                       x ... x ... x ... x .....
 |           |           :                       |           |           :
 |           |           :                       |           |           :
12    13    14    15     x                       1     5     6     5     x
 |           |           :                       |           |           :
 |           |           :                       |           |           :
 8 --- 9 ---10 ---11 --- x                       2 --- 6 ---10 --- 6 --- x
 |           |           :                       |           |           :
 |           |           :                       |           |           :
 4     5     6     7     x                       1     5     6     5     x
 |           |           :                       |           |           :
 |           |           :                       |           |           :
 0 --- 1 --- 2 --- 3 --- x                       0 --- 1 --- 2 --- 1 --- x
orbital number : 1
********************************************************************************************************************
Read input file "obs_params.in"
	Observable Type : Nq(All),   Sq(All),   N(All),   Delta[s](All),   Delta[d](All),   Delta[s+](All)
********************************************************************************************************************
** WARNING ** the input observables have non-local factors which have been reinterpreted. The total observable number is 96
********************************************************************************************************************


********************************************************************************************************************
Start calculating the non-Gaussian ED ground state
** WARNING ** Detected low phonon energy W < 10. The initial state will be prepared through a warm-up process.
********************************************************************************************************************
Start warm-up calculation for scaling factor 2
open output files: NGSEDWarmUpW10Obs.txt
********************************************************************************************************************
Start the 0 rounds of NGS-ED iteration
	effective electronic model is modified as: kinetic energy t = 1
	                                           effective interaction Vq = [-0,-0,-0,-0,-0,-0,-0,-0,-0,-0,-0,-0,-0,-0,-0,-0]
	first Hamiltonian is constructed, non-zero numbers = 2845383612
	PARPACK diagonalization completed after 90 matrix-vector product operations.
	iteration results: : total energy is -14.585369 | electron energy -14.585369 + phonon energy 0.000000 | electron momentum kIdx = 0
	Nq(0) = 16,	Nq(1) = 0.176596,	Nq(2) = 0.252846,	Nq(3) = 0.176596,	Nq(4) = 0.176596,	Nq(5) = 0.252846,	Nq(6) = 0.346657,	Nq(7) = 0.252846,	Nq(8) = 0.252846,	Nq(9) = 0.346657,	Nq(10) = 0.416848,	Nq(11) = 0.346657,	Nq(12) = 0.176596,	Nq(13) = 0.252846,	Nq(14) = 0.346657,	Nq(15) = 0.252846,	Sq(0) = -1.10043e-18,	Sq(1) = 0.425367,	Sq(2) = 0.619396,	Sq(3) = 0.425367,	Sq(4) = 0.425367,	Sq(5) = 0.619396,	Sq(6) = 0.785198,	Sq(7) = 0.619396,	Sq(8) = 0.619396,	Sq(9) = 0.785198,	Sq(10) = 3.41443,	Sq(11) = 0.785198,	Sq(12) = 0.425367,	Sq(13) = 0.619396,	Sq(14) = 0.785198,	Sq(15) = 0.619396,	N(0) = 1.94634,	N(1) = 1.87886,	N(2) = 1,	N(3) = 1.87886,	N(4) = 1.87886,	N(5) = 1,	N(6) = 0.12114,	N(7) = 1,	N(8) = 1,	N(9) = 0.12114,	N(10) = 0.0536562,	N(11) = 0.12114,	N(12) = 1.87886,	N(13) = 1,	N(14) = 0.12114,	N(15) = 1,	Delta[s](0) = 0.187445,	Delta[s](1) = 0.161205,	Delta[s](2) = 0.126293,	Delta[s](3) = 0.161205,	Delta[s](4) = 0.161205,	Delta[s](5) = 0.126293,	Delta[s](6) = 0.0977763,	Delta[s](7) = 0.126293,	Delta[s](8) = 0.126293,	Delta[s](9) = 0.0977763,	Delta[s](10) = 0.0323396,	Delta[s](11) = 0.0977763,	Delta[s](12) = 0.161205,	Delta[s](13) = 0.126293,	Delta[s](14) = 0.0977763,	Delta[s](15) = 0.126293,	Delta[d](0) = 0.555319,	Delta[d](1) = 0.367849,	Delta[d](2) = 0.29951,	Delta[d](3) = 0.367849,	Delta[d](4) = 0.367849,	Delta[d](5) = 0.323346,	Delta[d](6) = 0.234491,	Delta[d](7) = 0.323346,	Delta[d](8) = 0.29951,	Delta[d](9) = 0.234491,	Delta[d](10) = 0.0994035,	Delta[d](11) = 0.234491,	Delta[d](12) = 0.367849,	Delta[d](13) = 0.323346,	Delta[d](14) = 0.234491,	Delta[d](15) = 0.323346,	Delta[s+](0) = 0.578304,	Delta[s+](1) = 0.460682,	Delta[s+](2) = 0.29951,	Delta[s+](3) = 0.460682,	Delta[s+](4) = 0.460682,	Delta[s+](5) = 0.29951,	Delta[s+](6) = 0.145911,	Delta[s+](7) = 0.29951,	Delta[s+](8) = 0.29951,	Delta[s+](9) = 0.145911,	Delta[s+](10) = 0.0328222,	Delta[s+](11) = 0.145911,	Delta[s+](12) = 0.460682,	Delta[s+](13) = 0.29951,	Delta[s+](14) = 0.145911,	Delta[s+](15) = 0.29951
The 0-th iteration is completed.	|| time cost : 0h 8m 35.328s
********************************************************************************************************************
Start the 1 rounds of NGS-ED iteration
	effective electronic model is modified as: kinetic energy t = 0.929042
	                                           effective interaction Vq = [-2.42112,-2.22427,-2.14894,-2.22427,-2.22427,-2.14894,-2.12567,-2.14894,-2.14894,-2.12567,-2.09601,-2.12567,-2.22427,-2.14894,-2.12567,-2.14894]
	PARPACK diagonalization completed after 90 matrix-vector product operations.
	iteration results: : total energy is -64.825936 | electron energy -64.831187 + phonon energy 0.005251 | electron momentum kIdx = 0
The 1-th iteration is completed.	|| time cost : 0h 7m 40.664s
********************************************************************************************************************
Start the 2 rounds of NGS-ED iteration
	effective electronic model is modified as: kinetic energy t = 0.86499
	                                           effective interaction Vq = [-2.74878,-2.64744,-2.62804,-2.64744,-2.64744,-2.62804,-2.55981,-2.62804,-2.62804,-2.55981,-2.57156,-2.55981,-2.64744,-2.62804,-2.55981,-2.62804]
	PARPACK diagonalization completed after 60 matrix-vector product operations.
	iteration results: : total energy is -73.230257 | electron energy -73.272957 + phonon energy 0.042700 | electron momentum kIdx = 0
The 2-th iteration is completed.	|| time cost : 0h 0m 36.779s
********************************************************************************************************************
Start the 3 rounds of NGS-ED iteration
	effective electronic model is modified as: kinetic energy t = 0.838278
	                                           effective interaction Vq = [-2.79312,-2.73324,-2.72195,-2.73324,-2.73324,-2.72195,-2.66412,-2.72195,-2.72195,-2.66412, -2.7061,-2.66412,-2.73324,-2.72195,-2.66412,-2.72195]
	PARPACK diagonalization completed after 45 matrix-vector product operations.
	iteration results: : total energy is -74.405282 | electron energy -74.481028 + phonon energy 0.075746 | electron momentum kIdx = 0
The 3-th iteration is completed.	|| time cost : 0h 0m 32.151s
********************************************************************************************************************
Start the 4 rounds of NGS-ED iteration
	effective electronic model is modified as: kinetic energy t = 0.829691
	                                           effective interaction Vq = [-2.79912,-2.75255,-2.73395,-2.75255,-2.75255,-2.73395,-2.69088,-2.73395,-2.73395,-2.69088,-2.76487,-2.69088,-2.75255,-2.73395,-2.69088,-2.73395]
	PARPACK diagonalization completed after 45 matrix-vector product operations.
	iteration results: : total energy is -74.636836 | electron energy -74.728425 + phonon energy 0.091589 | electron momentum kIdx = 0
The 4-th iteration is completed.	|| time cost : 0h 0m 32.386s
********************************************************************************************************************
Start the 5 rounds of NGS-ED iteration
	effective electronic model is modified as: kinetic energy t = 0.832961
	                                           effective interaction Vq = [-2.79994,-2.74943, -2.7034,-2.74943,-2.74943, -2.7034,-2.68595, -2.7034, -2.7034,-2.68595,-2.78718,-2.68595,-2.74943, -2.7034,-2.68595, -2.7034]
	PARPACK diagonalization completed after 45 matrix-vector product operations.
	iteration results: : total energy is -74.733425 | electron energy -74.828325 + phonon energy 0.094900 | electron momentum kIdx = 0
The 5-th iteration is completed.	|| time cost : 0h 0m 32.128s
********************************************************************************************************************
Start the 6 rounds of NGS-ED iteration
	effective electronic model is modified as: kinetic energy t = 0.837685
	                                           effective interaction Vq = [-2.80005,-2.74134,-2.67072,-2.74134,-2.74134,-2.67072,-2.67454,-2.67072,-2.67072,-2.67454, -2.7933,-2.67454,-2.74134,-2.67072,-2.67454,-2.67072]
	PARPACK diagonalization completed after 45 matrix-vector product operations.
	iteration results: : total energy is -74.762922 | electron energy -74.856150 + phonon energy 0.093228 | electron momentum kIdx = 0
The 6-th iteration is completed.	|| time cost : 0h 0m 32.042s
********************************************************************************************************************
Start the 7 rounds of NGS-ED iteration
	effective electronic model is modified as: kinetic energy t = 0.840332
	                                           effective interaction Vq = [-2.80006,-2.73546,-2.65297,-2.73546,-2.73546,-2.65297, -2.6666,-2.65297,-2.65297, -2.6666,-2.79512, -2.6666,-2.73546,-2.65297, -2.6666,-2.65297]
	PARPACK diagonalization completed after 30 matrix-vector product operations.
	iteration results: : total energy is -74.769093 | electron energy -74.860399 + phonon energy 0.091306 | electron momentum kIdx = 0
The 7-th iteration is completed.	|| time cost : 0h 0m 27.351s
********************************************************************************************************************
Start the 8 rounds of NGS-ED iteration
	effective electronic model is modified as: kinetic energy t = 0.841604
	                                           effective interaction Vq = [-2.80006,-2.73213,-2.64492,-2.73213,-2.73213,-2.64492,-2.66221,-2.64492,-2.64492,-2.66221,-2.79572,-2.66221,-2.73213,-2.64492,-2.66221,-2.64492]
	PARPACK diagonalization completed after 30 matrix-vector product operations.
	iteration results: : total energy is -74.770274 | electron energy -74.860399 + phonon energy 0.090126 | electron momentum kIdx = 0
The 8-th iteration is completed.	|| time cost : 0h 0m 27.385s
********************************************************************************************************************
Start the 9 rounds of NGS-ED iteration
	effective electronic model is modified as: kinetic energy t = 0.842192
	                                           effective interaction Vq = [-2.80006,-2.73043,-2.64145,-2.73043,-2.73043,-2.64145,-2.65999,-2.64145,-2.64145,-2.65999,-2.79595,-2.65999,-2.73043,-2.64145,-2.65999,-2.64145]
	PARPACK diagonalization completed after 30 matrix-vector product operations.
	iteration results: : total energy is -74.770499 | electron energy -74.860011 + phonon energy 0.089512 | electron momentum kIdx = 0
The 9-th iteration is completed.	|| time cost : 0h 0m 27.773s
********************************************************************************************************************
Start the 10 rounds of NGS-ED iteration
	effective electronic model is modified as: kinetic energy t = 0.842459
	                                           effective interaction Vq = [-2.80006, -2.7296,-2.63996, -2.7296, -2.7296,-2.63996,-2.65891,-2.63996,-2.63996,-2.65891,-2.79603,-2.65891, -2.7296,-2.63996,-2.65891,-2.63996]
	PARPACK diagonalization completed after 30 matrix-vector product operations.
	iteration results: : total energy is -74.770543 | electron energy -74.859756 + phonon energy 0.089213 | electron momentum kIdx = 0
	Nq(0) = 16,	Nq(1) = 0.307754,	Nq(2) = 0.364503,	Nq(3) = 0.307754,	Nq(4) = 0.307754,	Nq(5) = 0.364503,	Nq(6) = 0.582157,	Nq(7) = 0.364503,	Nq(8) = 0.364503,	Nq(9) = 0.582157,	Nq(10) = 5.45029,	Nq(11) = 0.582157,	Nq(12) = 0.307754,	Nq(13) = 0.364503,	Nq(14) = 0.582157,	Nq(15) = 0.364503,	Sq(0) = -3.87735e-19,	Sq(1) = 0.222647,	Sq(2) = 0.293291,	Sq(3) = 0.222647,	Sq(4) = 0.222647,	Sq(5) = 0.293291,	Sq(6) = 0.416537,	Sq(7) = 0.293291,	Sq(8) = 0.293291,	Sq(9) = 0.416537,	Sq(10) = 0.486563,	Sq(11) = 0.416537,	Sq(12) = 0.222647,	Sq(13) = 0.293291,	Sq(14) = 0.416537,	Sq(15) = 0.293291,	N(0) = 1.97286,	N(1) = 1.92972,	N(2) = 1,	N(3) = 1.92972,	N(4) = 1.92972,	N(5) = 1,	N(6) = 0.0702783,	N(7) = 1,	N(8) = 1,	N(9) = 0.0702783,	N(10) = 0.0271434,	N(11) = 0.0702783,	N(12) = 1.92972,	N(13) = 1,	N(14) = 0.0702783,	N(15) = 1,	Delta[s](0) = 0.540414,	Delta[s](1) = 0.376176,	Delta[s](2) = 0.354118,	Delta[s](3) = 0.376176,	Delta[s](4) = 0.376176,	Delta[s](5) = 0.354118,	Delta[s](6) = 0.295123,	Delta[s](7) = 0.354118,	Delta[s](8) = 0.354118,	Delta[s](9) = 0.295123,	Delta[s](10) = 0.24816,	Delta[s](11) = 0.295123,	Delta[s](12) = 0.376176,	Delta[s](13) = 0.354118,	Delta[s](14) = 0.295123,	Delta[s](15) = 0.354118,	Delta[d](0) = 0.213244,	Delta[d](1) = 0.200505,	Delta[d](2) = 0.202405,	Delta[d](3) = 0.200505,	Delta[d](4) = 0.200505,	Delta[d](5) = 0.133741,	Delta[d](6) = 0.16071,	Delta[d](7) = 0.133741,	Delta[d](8) = 0.202405,	Delta[d](9) = 0.16071,	Delta[d](10) = 0.0543166,	Delta[d](11) = 0.16071,	Delta[d](12) = 0.200505,	Delta[d](13) = 0.133741,	Delta[d](14) = 0.16071,	Delta[d](15) = 0.133741,	Delta[s+](0) = 0.390862,	Delta[s+](1) = 0.312561,	Delta[s+](2) = 0.202405,	Delta[s+](3) = 0.312561,	Delta[s+](4) = 0.312561,	Delta[s+](5) = 0.202405,	Delta[s+](6) = 0.0890966,	Delta[s+](7) = 0.202405,	Delta[s+](8) = 0.202405,	Delta[s+](9) = 0.0890966,	Delta[s+](10) = 0.0296487,	Delta[s+](11) = 0.0890966,	Delta[s+](12) = 0.312561,	Delta[s+](13) = 0.202405,	Delta[s+](14) = 0.0890966,	Delta[s+](15) = 0.202405
The 10-th iteration is completed.	|| time cost : 0h 4m 41.674s
********************************************************************************************************************
Start the 11 rounds of NGS-ED iteration
	effective electronic model is modified as: kinetic energy t = 0.84258
	                                           effective interaction Vq = [-2.80006,-2.72921,-2.63932,-2.72921,-2.72921,-2.63932, -2.6584,-2.63932,-2.63932, -2.6584,-2.79606, -2.6584,-2.72921,-2.63932, -2.6584,-2.63932]
	PARPACK diagonalization completed after 30 matrix-vector product operations.
	iteration results: : total energy is -74.770552 | electron energy -74.859624 + phonon energy 0.089072 | electron momentum kIdx = 0
	Nq(0) = 16,	Nq(1) = 0.30754,	Nq(2) = 0.364316,	Nq(3) = 0.30754,	Nq(4) = 0.30754,	Nq(5) = 0.364316,	Nq(6) = 0.581842,	Nq(7) = 0.364316,	Nq(8) = 0.364316,	Nq(9) = 0.581842,	Nq(10) = 5.45367,	Nq(11) = 0.581842,	Nq(12) = 0.30754,	Nq(13) = 0.364316,	Nq(14) = 0.581842,	Nq(15) = 0.364316,	Sq(0) = 4.44229e-18,	Sq(1) = 0.222629,	Sq(2) = 0.293281,	Sq(3) = 0.222629,	Sq(4) = 0.222629,	Sq(5) = 0.293281,	Sq(6) = 0.416534,	Sq(7) = 0.293281,	Sq(8) = 0.293281,	Sq(9) = 0.416534,	Sq(10) = 0.486573,	Sq(11) = 0.416534,	Sq(12) = 0.222629,	Sq(13) = 0.293281,	Sq(14) = 0.416534,	Sq(15) = 0.293281,	N(0) = 1.97285,	N(1) = 1.92968,	N(2) = 1,	N(3) = 1.92968,	N(4) = 1.92968,	N(5) = 1,	N(6) = 0.0703174,	N(7) = 1,	N(8) = 1,	N(9) = 0.0703174,	N(10) = 0.0271466,	N(11) = 0.0703174,	N(12) = 1.92968,	N(13) = 1,	N(14) = 0.0703174,	N(15) = 1,	Delta[s](0) = 0.540074,	Delta[s](1) = 0.376198,	Delta[s](2) = 0.354132,	Delta[s](3) = 0.376198,	Delta[s](4) = 0.376198,	Delta[s](5) = 0.354132,	Delta[s](6) = 0.295151,	Delta[s](7) = 0.354132,	Delta[s](8) = 0.354132,	Delta[s](9) = 0.295151,	Delta[s](10) = 0.248281,	Delta[s](11) = 0.295151,	Delta[s](12) = 0.376198,	Delta[s](13) = 0.354132,	Delta[s](14) = 0.295151,	Delta[s](15) = 0.354132,	Delta[d](0) = 0.213184,	Delta[d](1) = 0.200443,	Delta[d](2) = 0.202371,	Delta[d](3) = 0.200443,	Delta[d](4) = 0.200443,	Delta[d](5) = 0.133679,	Delta[d](6) = 0.160643,	Delta[d](7) = 0.133679,	Delta[d](8) = 0.202371,	Delta[d](9) = 0.160643,	Delta[d](10) = 0.0542507,	Delta[d](11) = 0.160643,	Delta[d](12) = 0.200443,	Delta[d](13) = 0.133679,	Delta[d](14) = 0.160643,	Delta[d](15) = 0.133679,	Delta[s+](0) = 0.390868,	Delta[s+](1) = 0.312537,	Delta[s+](2) = 0.202371,	Delta[s+](3) = 0.312537,	Delta[s+](4) = 0.312537,	Delta[s+](5) = 0.202371,	Delta[s+](6) = 0.0890532,	Delta[s+](7) = 0.202371,	Delta[s+](8) = 0.202371,	Delta[s+](9) = 0.0890532,	Delta[s+](10) = 0.0296197,	Delta[s+](11) = 0.0890532,	Delta[s+](12) = 0.312537,	Delta[s+](13) = 0.202371,	Delta[s+](14) = 0.0890532,	Delta[s+](15) = 0.202371
The 11-th iteration is completed.	|| time cost : 0h 4m 33.906s
********************************************************************************************************************
********************************************************************************************************************
Ground state is obtained after 12 iterations. The current ground-state energy is -74.7706, in which electron energy is -74.8596 and phonon energy is 0.0890722
final variational state is: 
	Gamma_x = [      1,1.02335,1.03791,1.02335,1.02335,1.03791,1.05849,1.03791,1.03791,1.05849,1.11691,1.05849,1.02335,1.03791,1.05849,1.03791]
	lambda_q = [0.529153,0.444875,0.402265,0.444875,0.444875,0.402265,0.410036,0.402265,0.402265,0.410036, 0.50919,0.410036,0.444875,0.402265,0.410036,0.402265]
********************************************************************************************************************
o___o  ----------------------------------------
| L |	Time since last clock: 0h 0m 0s
A===A	Time since the beginning: 0h 29m 39.575s
***********************************************


********************************************************************************************************************
Warm up runs have been completed. Start calculating W = 5 phonon.
open output files: NGSEDIterationObs.txt
********************************************************************************************************************
Start the 0 rounds of NGS-ED iteration
	effective electronic model is modified as: kinetic energy t = 0.842635
	                                           effective interaction Vq = [-2.55985,-2.33961,-2.20122,-2.33961,-2.33961,-2.20122,-2.22782,-2.20122,-2.20122,-2.22782, -2.5141,-2.22782,-2.33961,-2.20122,-2.22782,-2.20122]
	PARPACK diagonalization completed after 45 matrix-vector product operations.
	iteration results: : total energy is -67.088856 | electron energy -67.133359 + phonon energy 0.044504 | electron momentum kIdx = 0
	Nq(0) = 16,	Nq(1) = 0.292628,	Nq(2) = 0.34487,	Nq(3) = 0.292628,	Nq(4) = 0.292628,	Nq(5) = 0.34487,	Nq(6) = 0.541116,	Nq(7) = 0.34487,	Nq(8) = 0.34487,	Nq(9) = 0.541116,	Nq(10) = 5.34095,	Nq(11) = 0.541116,	Nq(12) = 0.292628,	Nq(13) = 0.34487,	Nq(14) = 0.541116,	Nq(15) = 0.34487,	Sq(0) = -1.41575e-19,	Sq(1) = 0.247825,	Sq(2) = 0.314626,	Sq(3) = 0.247825,	Sq(4) = 0.247825,	Sq(5) = 0.314626,	Sq(6) = 0.461047,	Sq(7) = 0.314626,	Sq(8) = 0.314626,	Sq(9) = 0.461047,	Sq(10) = 0.531603,	Sq(11) = 0.461047,	Sq(12) = 0.247825,	Sq(13) = 0.314626,	Sq(14) = 0.461047,	Sq(15) = 0.314626,	N(0) = 1.9833,	N(1) = 1.95001,	N(2) = 1,	N(3) = 1.95001,	N(4) = 1.95001,	N(5) = 1,	N(6) = 0.0499909,	N(7) = 1,	N(8) = 1,	N(9) = 0.0499909,	N(10) = 0.0166963,	N(11) = 0.0499909,	N(12) = 1.95001,	N(13) = 1,	N(14) = 0.0499909,	N(15) = 1,	Delta[s](0) = 0.447265,	Delta[s](1) = 0.357917,	Delta[s](2) = 0.341263,	Delta[s](3) = 0.357917,	Delta[s](4) = 0.357917,	Delta[s](5) = 0.341263,	Delta[s](6) = 0.293936,	Delta[s](7) = 0.341263,	Delta[s](8) = 0.341263,	Delta[s](9) = 0.293936,	Delta[s](10) = 0.27032,	Delta[s](11) = 0.293936,	Delta[s](12) = 0.357917,	Delta[s](13) = 0.341263,	Delta[s](14) = 0.293936,	Delta[s](15) = 0.341263,	Delta[d](0) = 0.217279,	Delta[d](1) = 0.208438,	Delta[d](2) = 0.21341,	Delta[d](3) = 0.208438,	Delta[d](4) = 0.208438,	Delta[d](5) = 0.136936,	Delta[d](6) = 0.167098,	Delta[d](7) = 0.136936,	Delta[d](8) = 0.21341,	Delta[d](9) = 0.167098,	Delta[d](10) = 0.0565121,	Delta[d](11) = 0.167098,	Delta[d](12) = 0.208438,	Delta[d](13) = 0.136936,	Delta[d](14) = 0.167098,	Delta[d](15) = 0.136936,	Delta[s+](0) = 0.422912,	Delta[s+](1) = 0.331615,	Delta[s+](2) = 0.21341,	Delta[s+](3) = 0.331615,	Delta[s+](4) = 0.331615,	Delta[s+](5) = 0.21341,	Delta[s+](6) = 0.0932136,	Delta[s+](7) = 0.21341,	Delta[s+](8) = 0.21341,	Delta[s+](9) = 0.0932136,	Delta[s+](10) = 0.0313685,	Delta[s+](11) = 0.0932136,	Delta[s+](12) = 0.331615,	Delta[s+](13) = 0.21341,	Delta[s+](14) = 0.0932136,	Delta[s+](15) = 0.21341
The 0-th iteration is completed.	|| time cost : 0h 4m 28.102s
********************************************************************************************************************
Start the 1 rounds of NGS-ED iteration
	effective electronic model is modified as: kinetic energy t = 0.821113
	                                           effective interaction Vq = [-2.71169,-2.47136,-2.29677,-2.47136,-2.47136,-2.29677, -2.3306,-2.29677,-2.29677, -2.3306,-2.68474, -2.3306,-2.47136,-2.29677, -2.3306,-2.29677]
	PARPACK diagonalization completed after 30 matrix-vector product operations.
	iteration results: : total energy is -70.476416 | electron energy -70.615363 + phonon energy 0.138946 | electron momentum kIdx = 0
The 1-th iteration is completed.	|| time cost : 0h 0m 27.667s
********************************************************************************************************************
Start the 2 rounds of NGS-ED iteration
	effective electronic model is modified as: kinetic energy t = 0.811535
	                                           effective interaction Vq = [-2.76755,-2.51376,-2.33302,-2.51376,-2.51376,-2.33302,-2.36549,-2.33302,-2.33302,-2.36549,-2.75234,-2.36549,-2.51376,-2.33302,-2.36549,-2.33302]
	PARPACK diagonalization completed after 30 matrix-vector product operations.
	iteration results: : total energy is -71.716275 | electron energy -71.917755 + phonon energy 0.201480 | electron momentum kIdx = 0
The 2-th iteration is completed.	|| time cost : 0h 0m 27.428s
********************************************************************************************************************
Start the 3 rounds of NGS-ED iteration
	effective electronic model is modified as: kinetic energy t = 0.807852
	                                           effective interaction Vq = [ -2.7881,-2.52432,-2.34474,-2.52432,-2.52432,-2.34474, -2.3741,-2.34474,-2.34474, -2.3741,-2.77776, -2.3741,-2.52432,-2.34474, -2.3741,-2.34474]
	PARPACK diagonalization completed after 30 matrix-vector product operations.
	iteration results: : total energy is -72.154408 | electron energy -72.388761 + phonon energy 0.234352 | electron momentum kIdx = 0
The 3-th iteration is completed.	|| time cost : 0h 0m 27.403s
********************************************************************************************************************
Start the 4 rounds of NGS-ED iteration
	effective electronic model is modified as: kinetic energy t = 0.806622
	                                           effective interaction Vq = [-2.79566, -2.5248,-2.34752, -2.5248, -2.5248,-2.34752,-2.37416,-2.34752,-2.34752,-2.37416,-2.78757,-2.37416, -2.5248,-2.34752,-2.37416,-2.34752]
	PARPACK diagonalization completed after 30 matrix-vector product operations.
	iteration results: : total energy is -72.307255 | electron energy -72.557706 + phonon energy 0.250452 | electron momentum kIdx = 0
The 4-th iteration is completed.	|| time cost : 0h 0m 27.378s
********************************************************************************************************************
Start the 5 rounds of NGS-ED iteration
	effective electronic model is modified as: kinetic energy t = 0.806338
	                                           effective interaction Vq = [-2.79845,-2.52266,-2.34736,-2.52266,-2.52266,-2.34736,-2.37199,-2.34736,-2.34736,-2.37199,-2.79161,-2.37199,-2.52266,-2.34736,-2.37199,-2.34736]
	PARPACK diagonalization completed after 30 matrix-vector product operations.
	iteration results: : total energy is -72.360688 | electron energy -72.618714 + phonon energy 0.258027 | electron momentum kIdx = 0
The 5-th iteration is completed.	|| time cost : 0h 0m 27.381s
********************************************************************************************************************
Start the 6 rounds of NGS-ED iteration
	effective electronic model is modified as: kinetic energy t = 0.806392
	                                           effective interaction Vq = [-2.79947,-2.52024,-2.34638,-2.52024,-2.52024,-2.34638,-2.36962,-2.34638,-2.34638,-2.36962, -2.7934,-2.36962,-2.52024,-2.34638,-2.36962,-2.34638]
	PARPACK diagonalization completed after 30 matrix-vector product operations.
	iteration results: : total energy is -72.379531 | electron energy -72.640945 + phonon energy 0.261414 | electron momentum kIdx = 0
The 6-th iteration is completed.	|| time cost : 0h 0m 27.702s
********************************************************************************************************************
Start the 7 rounds of NGS-ED iteration
	effective electronic model is modified as: kinetic energy t = 0.806542
	                                           effective interaction Vq = [-2.79984,-2.51822,-2.34533,-2.51822,-2.51822,-2.34533,-2.36762,-2.34533,-2.34533,-2.36762,-2.79425,-2.36762,-2.51822,-2.34533,-2.36762,-2.34533]
	PARPACK diagonalization completed after 30 matrix-vector product operations.
	iteration results: : total energy is -72.386245 | electron energy -72.649051 + phonon energy 0.262806 | electron momentum kIdx = 0
The 7-th iteration is completed.	|| time cost : 0h 0m 27.732s
********************************************************************************************************************
Start the 8 rounds of NGS-ED iteration
	effective electronic model is modified as: kinetic energy t = 0.806698
	                                           effective interaction Vq = [-2.79998,-2.51668,-2.34444,-2.51668,-2.51668,-2.34444,-2.36609,-2.34444,-2.34444,-2.36609,-2.79466,-2.36609,-2.51668,-2.34444,-2.36609,-2.34444]
	PARPACK diagonalization completed after 30 matrix-vector product operations.
	iteration results: : total energy is -72.388660 | electron energy -72.651946 + phonon energy 0.263286 | electron momentum kIdx = 0
The 8-th iteration is completed.	|| time cost : 0h 0m 27.491s
********************************************************************************************************************
Start the 9 rounds of NGS-ED iteration
	effective electronic model is modified as: kinetic energy t = 0.80683
	                                           effective interaction Vq = [-2.80003,-2.51557,-2.34375,-2.51557,-2.51557,-2.34375,-2.36497,-2.34375,-2.34375,-2.36497,-2.79487,-2.36497,-2.51557,-2.34375,-2.36497,-2.34375]
	PARPACK diagonalization completed after 30 matrix-vector product operations.
	iteration results: : total energy is -72.389536 | electron energy -72.652913 + phonon energy 0.263377 | electron momentum kIdx = 0
The 9-th iteration is completed.	|| time cost : 0h 0m 27.69s
********************************************************************************************************************
Start the 10 rounds of NGS-ED iteration
	effective electronic model is modified as: kinetic energy t = 0.806931
	                                           effective interaction Vq = [-2.80005,-2.51479,-2.34324,-2.51479,-2.51479,-2.34324,-2.36417,-2.34324,-2.34324,-2.36417,-2.79498,-2.36417,-2.51479,-2.34324,-2.36417,-2.34324]
	PARPACK diagonalization completed after 30 matrix-vector product operations.
	iteration results: : total energy is -72.389855 | electron energy -72.653176 + phonon energy 0.263321 | electron momentum kIdx = 0
	Nq(0) = 16,	Nq(1) = 0.22035,	Nq(2) = 0.297391,	Nq(3) = 0.22035,	Nq(4) = 0.22035,	Nq(5) = 0.297391,	Nq(6) = 0.445811,	Nq(7) = 0.297391,	Nq(8) = 0.297391,	Nq(9) = 0.445811,	Nq(10) = 7.21351,	Nq(11) = 0.445811,	Nq(12) = 0.22035,	Nq(13) = 0.297391,	Nq(14) = 0.445811,	Nq(15) = 0.297391,	Sq(0) = 3.21267e-18,	Sq(1) = 0.189056,	Sq(2) = 0.267581,	Sq(3) = 0.189056,	Sq(4) = 0.189056,	Sq(5) = 0.267581,	Sq(6) = 0.379519,	Sq(7) = 0.267581,	Sq(8) = 0.267581,	Sq(9) = 0.379519,	Sq(10) = 0.457714,	Sq(11) = 0.379519,	Sq(12) = 0.189056,	Sq(13) = 0.267581,	Sq(14) = 0.379519,	Sq(15) = 0.267581,	N(0) = 1.95789,	N(1) = 1.87545,	N(2) = 1,	N(3) = 1.87545,	N(4) = 1.87545,	N(5) = 1,	N(6) = 0.124546,	N(7) = 1,	N(8) = 1,	N(9) = 0.124546,	N(10) = 0.0421111,	N(11) = 0.124546,	N(12) = 1.87545,	N(13) = 1,	N(14) = 0.124546,	N(15) = 1,	Delta[s](0) = 0.456376,	Delta[s](1) = 0.388027,	Delta[s](2) = 0.366218,	Delta[s](3) = 0.388027,	Delta[s](4) = 0.388027,	Delta[s](5) = 0.366218,	Delta[s](6) = 0.330223,	Delta[s](7) = 0.366218,	Delta[s](8) = 0.366218,	Delta[s](9) = 0.330223,	Delta[s](10) = 0.304567,	Delta[s](11) = 0.330223,	Delta[s](12) = 0.388027,	Delta[s](13) = 0.366218,	Delta[s](14) = 0.330223,	Delta[s](15) = 0.366218,	Delta[d](0) = 0.186532,	Delta[d](1) = 0.171104,	Delta[d](2) = 0.186638,	Delta[d](3) = 0.171104,	Delta[d](4) = 0.171104,	Delta[d](5) = 0.117708,	Delta[d](6) = 0.133843,	Delta[d](7) = 0.117708,	Delta[d](8) = 0.186638,	Delta[d](9) = 0.133843,	Delta[d](10) = 0.0487608,	Delta[d](11) = 0.133843,	Delta[d](12) = 0.171104,	Delta[d](13) = 0.117708,	Delta[d](14) = 0.133843,	Delta[d](15) = 0.117708,	Delta[s+](0) = 0.383456,	Delta[s+](1) = 0.294449,	Delta[s+](2) = 0.186638,	Delta[s+](3) = 0.294449,	Delta[s+](4) = 0.294449,	Delta[s+](5) = 0.186638,	Delta[s+](6) = 0.0786871,	Delta[s+](7) = 0.186638,	Delta[s+](8) = 0.186638,	Delta[s+](9) = 0.0786871,	Delta[s+](10) = 0.0282316,	Delta[s+](11) = 0.0786871,	Delta[s+](12) = 0.294449,	Delta[s+](13) = 0.186638,	Delta[s+](14) = 0.0786871,	Delta[s+](15) = 0.186638
The 10-th iteration is completed.	|| time cost : 0h 4m 26.508s
********************************************************************************************************************
Start the 11 rounds of NGS-ED iteration
	effective electronic model is modified as: kinetic energy t = 0.807006
	                                           effective interaction Vq = [-2.80006,-2.51425,-2.34288,-2.51425,-2.51425,-2.34288,-2.36362,-2.34288,-2.34288,-2.36362,-2.79504,-2.36362,-2.51425,-2.34288,-2.36362,-2.34288]
	PARPACK diagonalization completed after 30 matrix-vector product operations.
	iteration results: : total energy is -72.389972 | electron energy -72.653197 + phonon energy 0.263224 | electron momentum kIdx = 0
The 11-th iteration is completed.	|| time cost : 0h 0m 27.746s
********************************************************************************************************************
Start the 12 rounds of NGS-ED iteration
	effective electronic model is modified as: kinetic energy t = 0.807059
	                                           effective interaction Vq = [-2.80006,-2.51388,-2.34262,-2.51388,-2.51388,-2.34262,-2.36323,-2.34262,-2.34262,-2.36323,-2.79507,-2.36323,-2.51388,-2.34262,-2.36323,-2.34262]
	PARPACK diagonalization completed after 30 matrix-vector product operations.
	iteration results: : total energy is -72.390015 | electron energy -72.653145 + phonon energy 0.263130 | electron momentum kIdx = 0
The 12-th iteration is completed.	|| time cost : 0h 0m 27.368s
********************************************************************************************************************
Start the 13 rounds of NGS-ED iteration
	effective electronic model is modified as: kinetic energy t = 0.807097
	                                           effective interaction Vq = [-2.80006,-2.51363,-2.34245,-2.51363,-2.51363,-2.34245,-2.36297,-2.34245,-2.34245,-2.36297,-2.79508,-2.36297,-2.51363,-2.34245,-2.36297,-2.34245]
	PARPACK diagonalization completed after 30 matrix-vector product operations.
	iteration results: : total energy is -72.390031 | electron energy -72.653083 + phonon energy 0.263052 | electron momentum kIdx = 0
The 13-th iteration is completed.	|| time cost : 0h 0m 27.38s
********************************************************************************************************************
Start the 14 rounds of NGS-ED iteration
	effective electronic model is modified as: kinetic energy t = 0.807122
	                                           effective interaction Vq = [-2.80006,-2.51346,-2.34233,-2.51346,-2.51346,-2.34233,-2.36279,-2.34233,-2.34233,-2.36279,-2.79509,-2.36279,-2.51346,-2.34233,-2.36279,-2.34233]
	PARPACK diagonalization completed after 30 matrix-vector product operations.
	iteration results: : total energy is -72.390037 | electron energy -72.653029 + phonon energy 0.262992 | electron momentum kIdx = 0
The 14-th iteration is completed.	|| time cost : 0h 0m 27.722s
********************************************************************************************************************
Start the 15 rounds of NGS-ED iteration
	effective electronic model is modified as: kinetic energy t = 0.80714
	                                           effective interaction Vq = [-2.80006,-2.51335,-2.34224,-2.51335,-2.51335,-2.34224,-2.36267,-2.34224,-2.34224,-2.36267, -2.7951,-2.36267,-2.51335,-2.34224,-2.36267,-2.34224]
	PARPACK diagonalization completed after 30 matrix-vector product operations.
	iteration results: : total energy is -72.390039 | electron energy -72.652988 + phonon energy 0.262949 | electron momentum kIdx = 0
The 15-th iteration is completed.	|| time cost : 0h 0m 27.384s
********************************************************************************************************************
Start the 16 rounds of NGS-ED iteration
	effective electronic model is modified as: kinetic energy t = 0.807152
	                                           effective interaction Vq = [-2.80006,-2.51327,-2.34219,-2.51327,-2.51327,-2.34219,-2.36259,-2.34219,-2.34219,-2.36259, -2.7951,-2.36259,-2.51327,-2.34219,-2.36259,-2.34219]
	PARPACK diagonalization completed after 30 matrix-vector product operations.
	iteration results: : total energy is -72.390040 | electron energy -72.652958 + phonon energy 0.262918 | electron momentum kIdx = 0
The 16-th iteration is completed.	|| time cost : 0h 0m 27.742s
********************************************************************************************************************
Start the 17 rounds of NGS-ED iteration
	effective electronic model is modified as: kinetic energy t = 0.80716
	                                           effective interaction Vq = [-2.80006,-2.51322,-2.34215,-2.51322,-2.51322,-2.34215,-2.36254,-2.34215,-2.34215,-2.36254, -2.7951,-2.36254,-2.51322,-2.34215,-2.36254,-2.34215]
	PARPACK diagonalization completed after 30 matrix-vector product operations.
	iteration results: : total energy is -72.390040 | electron energy -72.652936 + phonon energy 0.262896 | electron momentum kIdx = 0
The 17-th iteration is completed.	|| time cost : 0h 0m 27.381s
********************************************************************************************************************
Start the 18 rounds of NGS-ED iteration
	effective electronic model is modified as: kinetic energy t = 0.807166
	                                           effective interaction Vq = [-2.80006,-2.51319,-2.34213,-2.51319,-2.51319,-2.34213, -2.3625,-2.34213,-2.34213, -2.3625, -2.7951, -2.3625,-2.51319,-2.34213, -2.3625,-2.34213]
	PARPACK diagonalization completed after 30 matrix-vector product operations.
	iteration results: : total energy is -72.390041 | electron energy -72.652921 + phonon energy 0.262881 | electron momentum kIdx = 0
The 18-th iteration is completed.	|| time cost : 0h 0m 27.418s
********************************************************************************************************************
Start the 19 rounds of NGS-ED iteration
	effective electronic model is modified as: kinetic energy t = 0.807169
	                                           effective interaction Vq = [-2.80006,-2.51316,-2.34211,-2.51316,-2.51316,-2.34211,-2.36248,-2.34211,-2.34211,-2.36248, -2.7951,-2.36248,-2.51316,-2.34211,-2.36248,-2.34211]
	PARPACK diagonalization completed after 30 matrix-vector product operations.
	iteration results: : total energy is -72.390041 | electron energy -72.652911 + phonon energy 0.262871 | electron momentum kIdx = 0
The 19-th iteration is completed.	|| time cost : 0h 0m 27.358s
********************************************************************************************************************
Start the 20 rounds of NGS-ED iteration
	effective electronic model is modified as: kinetic energy t = 0.807172
	                                           effective interaction Vq = [-2.80006,-2.51315, -2.3421,-2.51315,-2.51315, -2.3421,-2.36246, -2.3421, -2.3421,-2.36246, -2.7951,-2.36246,-2.51315, -2.3421,-2.36246, -2.3421]
	PARPACK diagonalization completed after 30 matrix-vector product operations.
	iteration results: : total energy is -72.390041 | electron energy -72.652904 + phonon energy 0.262864 | electron momentum kIdx = 0
