SNEDics v3.4 Non-Gaussian ED ground state program		Start at Sun Mar  1 13:05:38 2020

parallized on 16 MPI threads  * 8 OpenMP threads = 128 total threads.
********************************************************************************************************************
********************************************************************************************************************

********************************************************************************************************************
System parameters and configurations
********************************************************************************************************************
Special program options are enabled: splitted diagonal Hamiltonian
********************************************************************************************************************
Read input file "model_params.in"
	Hubbard-Holstein model parameters : 	t = 1    U = 8    g = 6.1968    W = 8    
********************************************************************************************************************
Read input file "hilbertspace_params.in"
	Requested 16-site 2D lattice, with 16 electrons (8, 8)
	Boundary : Periodic		Hilbert space representation : momentum-space (restricted to kIdx = 10)
	Conservation: particle number[U(1)]      spin[U(1)]     momentum
********************************************************************************************************************

Cluster Positions:				Cluster symmetry group : D4
 x ... x ... x ... x .....                       x ... x ... x ... x .....
 |           |           :                       |           |           :
 |           |           :                       |           |           :
12    13    14    15     x                       1     5     6     5     x
 |           |           :                       |           |           :
 |           |           :                       |           |           :
 8 --- 9 ---10 ---11 --- x                       2 --- 6 ---10 --- 6 --- x
 |           |           :                       |           |           :
 |           |           :                       |           |           :
 4     5     6     7     x                       1     5     6     5     x
 |           |           :                       |           |           :
 |           |           :                       |           |           :
 0 --- 1 --- 2 --- 3 --- x                       0 --- 1 --- 2 --- 1 --- x
orbital number : 1
********************************************************************************************************************
Read input file "obs_params.in"
	Observable Type : Nq(All),   Sq(All),   N(All),   Delta[s](All),   Delta[d](All),   Delta[s+](All)
********************************************************************************************************************
** WARNING ** the input observables have non-local factors which have been reinterpreted. The total observable number is 96
********************************************************************************************************************


********************************************************************************************************************
Start calculating the non-Gaussian ED ground state
** WARNING ** Detected low phonon energy W < 10. The initial state will be prepared through a warm-up process.
********************************************************************************************************************
Start warm-up calculation for scaling factor 2
open output files: NGSEDWarmUpW16Obs.txt
********************************************************************************************************************
Start the 0 rounds of NGS-ED iteration
	effective electronic model is modified as: kinetic energy t = 1
	                                           effective interaction Vq = [-0,-0,-0,-0,-0,-0,-0,-0,-0,-0,-0,-0,-0,-0,-0,-0]
	first Hamiltonian is constructed, non-zero numbers = 2845334624
	PARPACK diagonalization completed after 105 matrix-vector product operations.
	iteration results: : total energy is -8.284915 | electron energy -8.284915 + phonon energy 0.000000 | electron momentum kIdx = 10
	Nq(0) = 16,	Nq(1) = 0.0623747,	Nq(2) = 0.108897,	Nq(3) = 0.0623747,	Nq(4) = 0.0623747,	Nq(5) = 0.108897,	Nq(6) = 0.15084,	Nq(7) = 0.108897,	Nq(8) = 0.108897,	Nq(9) = 0.15084,	Nq(10) = 0.189673,	Nq(11) = 0.15084,	Nq(12) = 0.0623747,	Nq(13) = 0.108897,	Nq(14) = 0.15084,	Nq(15) = 0.108897,	Sq(0) = 3.91852e-19,	Sq(1) = 0.234593,	Sq(2) = 0.384437,	Sq(3) = 0.234593,	Sq(4) = 0.234593,	Sq(5) = 0.384437,	Sq(6) = 0.569544,	Sq(7) = 0.384437,	Sq(8) = 0.384437,	Sq(9) = 0.569544,	Sq(10) = 8.78091,	Sq(11) = 0.569544,	Sq(12) = 0.234593,	Sq(13) = 0.384437,	Sq(14) = 0.569544,	Sq(15) = 0.384437,	N(0) = 1.77141,	N(1) = 1.55608,	N(2) = 1,	N(3) = 1.55608,	N(4) = 1.55608,	N(5) = 1,	N(6) = 0.443921,	N(7) = 1,	N(8) = 1,	N(9) = 0.443921,	N(10) = 0.228587,	N(11) = 0.443921,	N(12) = 1.55608,	N(13) = 1,	N(14) = 0.443921,	N(15) = 1,	Delta[s](0) = 0.0801336,	Delta[s](1) = 0.0675311,	Delta[s](2) = 0.0539287,	Delta[s](3) = 0.0675311,	Delta[s](4) = 0.0675311,	Delta[s](5) = 0.0539287,	Delta[s](6) = 0.0388556,	Delta[s](7) = 0.0539287,	Delta[s](8) = 0.0539287,	Delta[s](9) = 0.0388556,	Delta[s](10) = 0.0187046,	Delta[s](11) = 0.0388556,	Delta[s](12) = 0.0675311,	Delta[s](13) = 0.0539287,	Delta[s](14) = 0.0388556,	Delta[s](15) = 0.0539287,	Delta[d](0) = 0.562827,	Delta[d](1) = 0.470828,	Delta[d](2) = 0.389894,	Delta[d](3) = 0.470828,	Delta[d](4) = 0.470828,	Delta[d](5) = 0.412888,	Delta[d](6) = 0.343305,	Delta[d](7) = 0.412888,	Delta[d](8) = 0.389894,	Delta[d](9) = 0.343305,	Delta[d](10) = 0.278782,	Delta[d](11) = 0.343305,	Delta[d](12) = 0.470828,	Delta[d](13) = 0.412888,	Delta[d](14) = 0.343305,	Delta[d](15) = 0.412888,	Delta[s+](0) = 0.602813,	Delta[s+](1) = 0.506889,	Delta[s+](2) = 0.389894,	Delta[s+](3) = 0.506889,	Delta[s+](4) = 0.506889,	Delta[s+](5) = 0.389894,	Delta[s+](6) = 0.271094,	Delta[s+](7) = 0.389894,	Delta[s+](8) = 0.389894,	Delta[s+](9) = 0.271094,	Delta[s+](10) = 0.162215,	Delta[s+](11) = 0.271094,	Delta[s+](12) = 0.506889,	Delta[s+](13) = 0.389894,	Delta[s+](14) = 0.271094,	Delta[s+](15) = 0.389894
The 0-th iteration is completed.	|| time cost : 0h 8m 11.302s
********************************************************************************************************************
Start the 1 rounds of NGS-ED iteration
	effective electronic model is modified as: kinetic energy t = 0.89721
	                                           effective interaction Vq = [-4.60438,-4.13635,-4.06611,-4.13635,-4.13635,-4.06611,-4.02141,-4.06611,-4.06611,-4.02141,-3.98691,-4.02141,-4.13635,-4.06611,-4.02141,-4.06611]
	PARPACK diagonalization completed after 45 matrix-vector product operations.
	iteration results: : total energy is -95.700840 | electron energy -95.706835 + phonon energy 0.005995 | electron momentum kIdx = 10
The 1-th iteration is completed.	|| time cost : 0h 7m 8.582s
********************************************************************************************************************
Start the 2 rounds of NGS-ED iteration
	effective electronic model is modified as: kinetic energy t = 0.820114
	                                           effective interaction Vq = [-4.79207,-4.70879,-4.68751,-4.70879,-4.70879,-4.68751,-4.62662,-4.68751,-4.68751,-4.62662,-4.56142,-4.62662,-4.70879,-4.68751,-4.62662,-4.68751]
	PARPACK diagonalization completed after 135 matrix-vector product operations.
	iteration results: : total energy is -102.662579 | electron energy -102.721381 + phonon energy 0.058802 | electron momentum kIdx = 10
The 2-th iteration is completed.	|| time cost : 0h 1m 1.581s
********************************************************************************************************************
Start the 3 rounds of NGS-ED iteration
	effective electronic model is modified as: kinetic energy t = 0.798649
	                                           effective interaction Vq = [-4.79972,-4.75782,-4.75768,-4.75782,-4.75782,-4.75768,-4.69853,-4.75768,-4.75768,-4.69853,-4.72115,-4.69853,-4.75782,-4.75768,-4.69853,-4.75768]
	PARPACK diagonalization completed after 45 matrix-vector product operations.
	iteration results: : total energy is -103.109213 | electron energy -103.190169 + phonon energy 0.080956 | electron momentum kIdx = 10
The 3-th iteration is completed.	|| time cost : 0h 0m 32.533s
********************************************************************************************************************
Start the 4 rounds of NGS-ED iteration
	effective electronic model is modified as: kinetic energy t = 0.796648
	                                           effective interaction Vq = [-4.80003,-4.76414,-4.73726,-4.76414,-4.76414,-4.73726,-4.71041,-4.73726,-4.73726,-4.71041,-4.78544,-4.71041,-4.76414,-4.73726,-4.71041,-4.73726]
	PARPACK diagonalization completed after 45 matrix-vector product operations.
	iteration results: : total energy is -103.312056 | electron energy -103.398122 + phonon energy 0.086066 | electron momentum kIdx = 10
The 4-th iteration is completed.	|| time cost : 0h 0m 32.525s
********************************************************************************************************************
Start the 5 rounds of NGS-ED iteration
	effective electronic model is modified as: kinetic energy t = 0.801572
	                                           effective interaction Vq = [-4.80004,-4.75882,-4.69571,-4.75882,-4.75882,-4.69571,-4.70302,-4.69571,-4.69571,-4.70302,-4.79472,-4.70302,-4.75882,-4.69571,-4.70302,-4.69571]
	PARPACK diagonalization completed after 30 matrix-vector product operations.
	iteration results: : total energy is -103.350234 | electron energy -103.434761 + phonon energy 0.084527 | electron momentum kIdx = 10
The 5-th iteration is completed.	|| time cost : 0h 0m 27.727s
********************************************************************************************************************
Start the 6 rounds of NGS-ED iteration
	effective electronic model is modified as: kinetic energy t = 0.803199
	                                           effective interaction Vq = [-4.80004,-4.75596,-4.68279,-4.75596,-4.75596,-4.68279,-4.69897,-4.68279,-4.68279,-4.69897,-4.79608,-4.69897,-4.75596,-4.68279,-4.69897,-4.68279]
	PARPACK diagonalization completed after 30 matrix-vector product operations.
	iteration results: : total energy is -103.352683 | electron energy -103.436185 + phonon energy 0.083501 | electron momentum kIdx = 10
The 6-th iteration is completed.	|| time cost : 0h 0m 27.843s
********************************************************************************************************************
Start the 7 rounds of NGS-ED iteration
	effective electronic model is modified as: kinetic energy t = 0.803667
	                                           effective interaction Vq = [-4.80004,-4.75496,-4.67948,-4.75496,-4.75496,-4.67948,-4.69751,-4.67948,-4.67948,-4.69751,-4.79634,-4.69751,-4.75496,-4.67948,-4.69751,-4.67948]
	PARPACK diagonalization completed after 30 matrix-vector product operations.
	iteration results: : total energy is -103.352838 | electron energy -103.435980 + phonon energy 0.083142 | electron momentum kIdx = 10
The 7-th iteration is completed.	|| time cost : 0h 0m 27.74s
********************************************************************************************************************
Start the 8 rounds of NGS-ED iteration
	effective electronic model is modified as: kinetic energy t = 0.803798
	                                           effective interaction Vq = [-4.80004,-4.75464,-4.67866,-4.75464,-4.75464,-4.67866,-4.69705,-4.67866,-4.67866,-4.69705, -4.7964,-4.69705,-4.75464,-4.67866,-4.69705,-4.67866]
	PARPACK diagonalization completed after 30 matrix-vector product operations.
	iteration results: : total energy is -103.352848 | electron energy -103.435880 + phonon energy 0.083032 | electron momentum kIdx = 10
	Nq(0) = 16,	Nq(1) = 0.331385,	Nq(2) = 0.372968,	Nq(3) = 0.331385,	Nq(4) = 0.331385,	Nq(5) = 0.372968,	Nq(6) = 0.607013,	Nq(7) = 0.372968,	Nq(8) = 0.372968,	Nq(9) = 0.607013,	Nq(10) = 4.76986,	Nq(11) = 0.607013,	Nq(12) = 0.331385,	Nq(13) = 0.372968,	Nq(14) = 0.607013,	Nq(15) = 0.372968,	Sq(0) = -2.58009e-19,	Sq(1) = 0.251559,	Sq(2) = 0.314308,	Sq(3) = 0.251559,	Sq(4) = 0.251559,	Sq(5) = 0.314308,	Sq(6) = 0.456435,	Sq(7) = 0.314308,	Sq(8) = 0.314308,	Sq(9) = 0.456435,	Sq(10) = 0.520909,	Sq(11) = 0.456435,	Sq(12) = 0.251559,	Sq(13) = 0.314308,	Sq(14) = 0.456435,	Sq(15) = 0.314308,	N(0) = 1.98314,	N(1) = 1.95663,	N(2) = 1,	N(3) = 1.95663,	N(4) = 1.95663,	N(5) = 1,	N(6) = 0.043366,	N(7) = 1,	N(8) = 1,	N(9) = 0.043366,	N(10) = 0.0168574,	N(11) = 0.043366,	N(12) = 1.95663,	N(13) = 1,	N(14) = 0.043366,	N(15) = 1,	Delta[s](0) = 0.476505,	Delta[s](1) = 0.35563,	Delta[s](2) = 0.342325,	Delta[s](3) = 0.35563,	Delta[s](4) = 0.35563,	Delta[s](5) = 0.342325,	Delta[s](6) = 0.291317,	Delta[s](7) = 0.342325,	Delta[s](8) = 0.342325,	Delta[s](9) = 0.291317,	Delta[s](10) = 0.262392,	Delta[s](11) = 0.291317,	Delta[s](12) = 0.35563,	Delta[s](13) = 0.342325,	Delta[s](14) = 0.291317,	Delta[s](15) = 0.342325,	Delta[d](0) = 0.219399,	Delta[d](1) = 0.213143,	Delta[d](2) = 0.211917,	Delta[d](3) = 0.213143,	Delta[d](4) = 0.213143,	Delta[d](5) = 0.142974,	Delta[d](6) = 0.174981,	Delta[d](7) = 0.142974,	Delta[d](8) = 0.211917,	Delta[d](9) = 0.174981,	Delta[d](10) = 0.0665608,	Delta[d](11) = 0.174981,	Delta[d](12) = 0.213143,	Delta[d](13) = 0.142974,	Delta[d](14) = 0.174981,	Delta[d](15) = 0.142974,	Delta[s+](0) = 0.40298,	Delta[s+](1) = 0.322414,	Delta[s+](2) = 0.211917,	Delta[s+](3) = 0.322414,	Delta[s+](4) = 0.322414,	Delta[s+](5) = 0.211917,	Delta[s+](6) = 0.0998239,	Delta[s+](7) = 0.211917,	Delta[s+](8) = 0.211917,	Delta[s+](9) = 0.0998239,	Delta[s+](10) = 0.0374899,	Delta[s+](11) = 0.0998239,	Delta[s+](12) = 0.322414,	Delta[s+](13) = 0.211917,	Delta[s+](14) = 0.0998239,	Delta[s+](15) = 0.211917
The 8-th iteration is completed.	|| time cost : 0h 4m 25.484s
********************************************************************************************************************
********************************************************************************************************************
Ground state is obtained after 9 iterations. The current ground-state energy is -103.353, in which electron energy is -103.436 and phonon energy is 0.0830317
final variational state is: 
	Gamma_x = [      1,1.01763, 1.0304,1.01763,1.01763, 1.0304,1.04661, 1.0304, 1.0304,1.04661,1.07942,1.04661,1.01763, 1.0304,1.04661, 1.0304]
	lambda_q = [0.547725,0.494403,0.460549,0.494403,0.494403,0.460549,0.467438,0.460549,0.460549,0.467438,0.532665,0.467438,0.494403,0.460549,0.467438,0.460549]
********************************************************************************************************************
o___o  ----------------------------------------
| L |	Time since last clock: 0h 0m 0s
A===A	Time since the beginning: 0h 23m 15.32s
***********************************************


********************************************************************************************************************
Warm up runs have been completed. Start calculating W = 8 phonon.
open output files: NGSEDIterationObs.txt
********************************************************************************************************************
Start the 0 rounds of NGS-ED iteration
	effective electronic model is modified as: kinetic energy t = 0.803834
	                                           effective interaction Vq = [-4.38826,-4.17196,-4.01102,-4.17196,-4.17196,-4.01102,-4.04525,-4.01102,-4.01102,-4.04525,-4.33178,-4.04525,-4.17196,-4.01102,-4.04525,-4.01102]
	PARPACK diagonalization completed after 45 matrix-vector product operations.
	iteration results: : total energy is -90.984787 | electron energy -91.026287 + phonon energy 0.041500 | electron momentum kIdx = 10
	Nq(0) = 16,	Nq(1) = 0.329317,	Nq(2) = 0.353721,	Nq(3) = 0.329317,	Nq(4) = 0.329317,	Nq(5) = 0.353721,	Nq(6) = 0.561761,	Nq(7) = 0.353721,	Nq(8) = 0.353721,	Nq(9) = 0.561761,	Nq(10) = 4.14888,	Nq(11) = 0.561761,	Nq(12) = 0.329317,	Nq(13) = 0.353721,	Nq(14) = 0.561761,	Nq(15) = 0.353721,	Sq(0) = 4.64404e-18,	Sq(1) = 0.30976,	Sq(2) = 0.352837,	Sq(3) = 0.30976,	Sq(4) = 0.30976,	Sq(5) = 0.352837,	Sq(6) = 0.551705,	Sq(7) = 0.352837,	Sq(8) = 0.352837,	Sq(9) = 0.551705,	Sq(10) = 0.601599,	Sq(11) = 0.551705,	Sq(12) = 0.30976,	Sq(13) = 0.352837,	Sq(14) = 0.551705,	Sq(15) = 0.352837,	N(0) = 1.99549,	N(1) = 1.98624,	N(2) = 1,	N(3) = 1.98624,	N(4) = 1.98624,	N(5) = 1,	N(6) = 0.0137608,	N(7) = 1,	N(8) = 1,	N(9) = 0.0137608,	N(10) = 0.00451491,	N(11) = 0.0137608,	N(12) = 1.98624,	N(13) = 1,	N(14) = 0.0137608,	N(15) = 1,	Delta[s](0) = 0.373046,	Delta[s](1) = 0.31999,	Delta[s](2) = 0.312901,	Delta[s](3) = 0.31999,	Delta[s](4) = 0.31999,	Delta[s](5) = 0.312901,	Delta[s](6) = 0.279159,	Delta[s](7) = 0.312901,	Delta[s](8) = 0.312901,	Delta[s](9) = 0.279159,	Delta[s](10) = 0.270715,	Delta[s](11) = 0.279159,	Delta[s](12) = 0.31999,	Delta[s](13) = 0.312901,	Delta[s](14) = 0.279159,	Delta[s](15) = 0.312901,	Delta[d](0) = 0.231378,	Delta[d](1) = 0.23405,	Delta[d](2) = 0.234301,	Delta[d](3) = 0.23405,	Delta[d](4) = 0.23405,	Delta[d](5) = 0.157488,	Delta[d](6) = 0.195241,	Delta[d](7) = 0.157488,	Delta[d](8) = 0.234301,	Delta[d](9) = 0.195241,	Delta[d](10) = 0.0835957,	Delta[d](11) = 0.195241,	Delta[d](12) = 0.23405,	Delta[d](13) = 0.157488,	Delta[d](14) = 0.195241,	Delta[d](15) = 0.157488,	Delta[s+](0) = 0.451109,	Delta[s+](1) = 0.354415,	Delta[s+](2) = 0.234301,	Delta[s+](3) = 0.354415,	Delta[s+](4) = 0.354415,	Delta[s+](5) = 0.234301,	Delta[s+](6) = 0.115447,	Delta[s+](7) = 0.234301,	Delta[s+](8) = 0.234301,	Delta[s+](9) = 0.115447,	Delta[s+](10) = 0.0479329,	Delta[s+](11) = 0.115447,	Delta[s+](12) = 0.354415,	Delta[s+](13) = 0.234301,	Delta[s+](14) = 0.115447,	Delta[s+](15) = 0.234301
The 0-th iteration is completed.	|| time cost : 0h 4m 35.382s
********************************************************************************************************************
Start the 1 rounds of NGS-ED iteration
	effective electronic model is modified as: kinetic energy t = 0.751997
	                                           effective interaction Vq = [ -4.7169,-4.51643,-4.31723,-4.51643,-4.51643,-4.31723,-4.35962,-4.31723,-4.31723,-4.35962,-4.68583,-4.35962,-4.51643,-4.31723,-4.35962,-4.31723]
	PARPACK diagonalization completed after 30 matrix-vector product operations.
	iteration results: : total energy is -98.343406 | electron energy -98.525907 + phonon energy 0.182501 | electron momentum kIdx = 10
The 1-th iteration is completed.	|| time cost : 0h 0m 27.97s
********************************************************************************************************************
Start the 2 rounds of NGS-ED iteration
	effective electronic model is modified as: kinetic energy t = 0.732272
	                                           effective interaction Vq = [-4.78326,-4.59715,-4.41007,-4.59715,-4.59715,-4.41007, -4.4472,-4.41007,-4.41007, -4.4472,-4.76902, -4.4472,-4.59715,-4.41007, -4.4472,-4.41007]
	PARPACK diagonalization completed after 30 matrix-vector product operations.
	iteration results: : total energy is -99.824569 | electron energy -100.075049 + phonon energy 0.250481 | electron momentum kIdx = 10
The 2-th iteration is completed.	|| time cost : 0h 0m 27.707s
********************************************************************************************************************
Start the 3 rounds of NGS-ED iteration
	effective electronic model is modified as: kinetic energy t = 0.725095
	                                           effective interaction Vq = [-4.79665,-4.61899,-4.44139,-4.61899,-4.61899,-4.44139,-4.47445,-4.44139,-4.44139,-4.47445,-4.78794,-4.47445,-4.61899,-4.44139,-4.47445,-4.44139]
	PARPACK diagonalization completed after 30 matrix-vector product operations.
	iteration results: : total energy is -100.106155 | electron energy -100.381759 + phonon energy 0.275605 | electron momentum kIdx = 10
The 3-th iteration is completed.	|| time cost : 0h 0m 27.717s
********************************************************************************************************************
Start the 4 rounds of NGS-ED iteration
	effective electronic model is modified as: kinetic energy t = 0.722271
	                                           effective interaction Vq = [-4.79936,-4.62659,-4.45374,-4.62659,-4.62659,-4.45374,-4.48498,-4.45374,-4.45374,-4.48498,-4.79288,-4.48498,-4.62659,-4.45374,-4.48498,-4.45374]
	PARPACK diagonalization completed after 30 matrix-vector product operations.
	iteration results: : total energy is -100.159386 | electron energy -100.444978 + phonon energy 0.285591 | electron momentum kIdx = 10
The 4-th iteration is completed.	|| time cost : 0h 0m 27.739s
********************************************************************************************************************
Start the 5 rounds of NGS-ED iteration
	effective electronic model is modified as: kinetic energy t = 0.721066
	                                           effective interaction Vq = [ -4.7999,-4.62982,-4.45914,-4.62982,-4.62982,-4.45914,-4.48973,-4.45914,-4.45914,-4.48973,-4.79439,-4.48973,-4.62982,-4.45914,-4.48973,-4.45914]
	PARPACK diagonalization completed after 30 matrix-vector product operations.
	iteration results: : total energy is -100.169579 | electron energy -100.459381 + phonon energy 0.289801 | electron momentum kIdx = 10
The 5-th iteration is completed.	|| time cost : 0h 0m 27.856s
********************************************************************************************************************
Start the 6 rounds of NGS-ED iteration
	effective electronic model is modified as: kinetic energy t = 0.720519
	                                           effective interaction Vq = [-4.80001,-4.63137,-4.46165,-4.63137,-4.63137,-4.46165,-4.49208,-4.46165,-4.46165,-4.49208, -4.7949,-4.49208,-4.63137,-4.46165,-4.49208,-4.46165]
	PARPACK diagonalization completed after 30 matrix-vector product operations.
	iteration results: : total energy is -100.171564 | electron energy -100.463201 + phonon energy 0.291637 | electron momentum kIdx = 10
The 6-th iteration is completed.	|| time cost : 0h 0m 27.727s
********************************************************************************************************************
Start the 7 rounds of NGS-ED iteration
	effective electronic model is modified as: kinetic energy t = 0.720257
	                                           effective interaction Vq = [-4.80004,-4.63217,-4.46287,-4.63217,-4.63217,-4.46287, -4.4933,-4.46287,-4.46287, -4.4933,-4.79508, -4.4933,-4.63217,-4.46287, -4.4933,-4.46287]
	PARPACK diagonalization completed after 30 matrix-vector product operations.
	iteration results: : total energy is -100.171956 | electron energy -100.464422 + phonon energy 0.292466 | electron momentum kIdx = 10
The 7-th iteration is completed.	|| time cost : 0h 0m 27.73s
********************************************************************************************************************
Start the 8 rounds of NGS-ED iteration
	effective electronic model is modified as: kinetic energy t = 0.720126
	                                           effective interaction Vq = [-4.80004, -4.6326,-4.46348, -4.6326, -4.6326,-4.46348,-4.49396,-4.46348,-4.46348,-4.49396,-4.79514,-4.49396, -4.6326,-4.46348,-4.49396,-4.46348]
	PARPACK diagonalization completed after 30 matrix-vector product operations.
	iteration results: : total energy is -100.172035 | electron energy -100.464891 + phonon energy 0.292856 | electron momentum kIdx = 10
The 8-th iteration is completed.	|| time cost : 0h 0m 27.703s
********************************************************************************************************************
Start the 9 rounds of NGS-ED iteration
	effective electronic model is modified as: kinetic energy t = 0.720058
	                                           effective interaction Vq = [-4.80004,-4.63285,-4.46379,-4.63285,-4.63285,-4.46379,-4.49432,-4.46379,-4.46379,-4.49432,-4.79516,-4.49432,-4.63285,-4.46379,-4.49432,-4.46379]
	PARPACK diagonalization completed after 30 matrix-vector product operations.
	iteration results: : total energy is -100.172051 | electron energy -100.465098 + phonon energy 0.293048 | electron momentum kIdx = 10
The 9-th iteration is completed.	|| time cost : 0h 0m 27.713s
********************************************************************************************************************
Start the 10 rounds of NGS-ED iteration
	effective electronic model is modified as: kinetic energy t = 0.720021
	                                           effective interaction Vq = [-4.80004,-4.63298,-4.46396,-4.63298,-4.63298,-4.46396,-4.49452,-4.46396,-4.46396,-4.49452,-4.79517,-4.49452,-4.63298,-4.46396,-4.49452,-4.46396]
	PARPACK diagonalization completed after 30 matrix-vector product operations.
	iteration results: : total energy is -100.172054 | electron energy -100.465199 + phonon energy 0.293145 | electron momentum kIdx = 10
	Nq(0) = 16,	Nq(1) = 0.263293,	Nq(2) = 0.326256,	Nq(3) = 0.263293,	Nq(4) = 0.263293,	Nq(5) = 0.326256,	Nq(6) = 0.502745,	Nq(7) = 0.326256,	Nq(8) = 0.326256,	Nq(9) = 0.502745,	Nq(10) = 6.14341,	Nq(11) = 0.502745,	Nq(12) = 0.263293,	Nq(13) = 0.326256,	Nq(14) = 0.502745,	Nq(15) = 0.326256,	Sq(0) = -5.48195e-18,	Sq(1) = 0.220015,	Sq(2) = 0.293977,	Sq(3) = 0.220015,	Sq(4) = 0.220015,	Sq(5) = 0.293977,	Sq(6) = 0.422998,	Sq(7) = 0.293977,	Sq(8) = 0.293977,	Sq(9) = 0.422998,	Sq(10) = 0.498988,	Sq(11) = 0.422998,	Sq(12) = 0.220015,	Sq(13) = 0.293977,	Sq(14) = 0.422998,	Sq(15) = 0.293977,	N(0) = 1.97301,	N(1) = 1.92059,	N(2) = 1,	N(3) = 1.92059,	N(4) = 1.92059,	N(5) = 1,	N(6) = 0.0794113,	N(7) = 1,	N(8) = 1,	N(9) = 0.0794113,	N(10) = 0.0269939,	N(11) = 0.0794113,	N(12) = 1.92059,	N(13) = 1,	N(14) = 0.0794113,	N(15) = 1,	Delta[s](0) = 0.412877,	Delta[s](1) = 0.363257,	Delta[s](2) = 0.351089,	Delta[s](3) = 0.363257,	Delta[s](4) = 0.363257,	Delta[s](5) = 0.351089,	Delta[s](6) = 0.325149,	Delta[s](7) = 0.351089,	Delta[s](8) = 0.351089,	Delta[s](9) = 0.325149,	Delta[s](10) = 0.309511,	Delta[s](11) = 0.325149,	Delta[s](12) = 0.363257,	Delta[s](13) = 0.351089,	Delta[s](14) = 0.325149,	Delta[s](15) = 0.351089,	Delta[d](0) = 0.199621,	Delta[d](1) = 0.189857,	Delta[d](2) = 0.200349,	Delta[d](3) = 0.189857,	Delta[d](4) = 0.189857,	Delta[d](5) = 0.138737,	Delta[d](6) = 0.157214,	Delta[d](7) = 0.138737,	Delta[d](8) = 0.200349,	Delta[d](9) = 0.157214,	Delta[d](10) = 0.0777573,	Delta[d](11) = 0.157214,	Delta[d](12) = 0.189857,	Delta[d](13) = 0.138737,	Delta[d](14) = 0.157214,	Delta[d](15) = 0.138737,	Delta[s+](0) = 0.388809,	Delta[s+](1) = 0.302779,	Delta[s+](2) = 0.200349,	Delta[s+](3) = 0.302779,	Delta[s+](4) = 0.302779,	Delta[s+](5) = 0.200349,	Delta[s+](6) = 0.0991221,	Delta[s+](7) = 0.200349,	Delta[s+](8) = 0.200349,	Delta[s+](9) = 0.0991221,	Delta[s+](10) = 0.0462804,	Delta[s+](11) = 0.0991221,	Delta[s+](12) = 0.302779,	Delta[s+](13) = 0.200349,	Delta[s+](14) = 0.0991221,	Delta[s+](15) = 0.200349
The 10-th iteration is completed.	|| time cost : 0h 4m 25.817s
********************************************************************************************************************
Start the 11 rounds of NGS-ED iteration
	effective electronic model is modified as: kinetic energy t = 0.720002
	                                           effective interaction Vq = [-4.80004,-4.63306,-4.46405,-4.63306,-4.63306,-4.46405,-4.49463,-4.46405,-4.46405,-4.49463,-4.79517,-4.49463,-4.63306,-4.46405,-4.49463,-4.46405]
	PARPACK diagonalization completed after 30 matrix-vector product operations.
	iteration results: : total energy is -100.172055 | electron energy -100.465251 + phonon energy 0.293196 | electron momentum kIdx = 10
The 11-th iteration is completed.	|| time cost : 0h 0m 27.927s
********************************************************************************************************************
Start the 12 rounds of NGS-ED iteration
	effective electronic model is modified as: kinetic energy t = 0.719991
	                                           effective interaction Vq = [-4.80004, -4.6331, -4.4641, -4.6331, -4.6331, -4.4641, -4.4947, -4.4641, -4.4641, -4.4947,-4.79517, -4.4947, -4.6331, -4.4641, -4.4947, -4.4641]
	PARPACK diagonalization completed after 30 matrix-vector product operations.
	iteration results: : total energy is -100.172055 | electron energy -100.465279 + phonon energy 0.293224 | electron momentum kIdx = 10
The 12-th iteration is completed.	|| time cost : 0h 0m 27.817s
********************************************************************************************************************
Start the 13 rounds of NGS-ED iteration
	effective electronic model is modified as: kinetic energy t = 0.719985
	                                           effective interaction Vq = [-4.80004,-4.63313,-4.46412,-4.63313,-4.63313,-4.46412,-4.49473,-4.46412,-4.46412,-4.49473,-4.79517,-4.49473,-4.63313,-4.46412,-4.49473,-4.46412]
	PARPACK diagonalization completed after 30 matrix-vector product operations.
	iteration results: : total energy is -100.172055 | electron energy -100.465294 + phonon energy 0.293239 | electron momentum kIdx = 10
The 13-th iteration is completed.	|| time cost : 0h 0m 27.818s
********************************************************************************************************************
Start the 14 rounds of NGS-ED iteration
	effective electronic model is modified as: kinetic energy t = 0.719981
	                                           effective interaction Vq = [-4.80004,-4.63314,-4.46414,-4.63314,-4.63314,-4.46414,-4.49475,-4.46414,-4.46414,-4.49475,-4.79517,-4.49475,-4.63314,-4.46414,-4.49475,-4.46414]
	PARPACK diagonalization completed after 30 matrix-vector product operations.
	iteration results: : total energy is -100.172055 | electron energy -100.465303 + phonon energy 0.293247 | electron momentum kIdx = 10
The 14-th iteration is completed.	|| time cost : 0h 0m 27.685s
********************************************************************************************************************
Start the 15 rounds of NGS-ED iteration
	effective electronic model is modified as: kinetic energy t = 0.719979
	                                           effective interaction Vq = [-4.80004,-4.63315,-4.46415,-4.63315,-4.63315,-4.46415,-4.49477,-4.46415,-4.46415,-4.49477,-4.79517,-4.49477,-4.63315,-4.46415,-4.49477,-4.46415]
	PARPACK diagonalization completed after 30 matrix-vector product operations.
	iteration results: : total energy is -100.172055 | electron energy -100.465307 + phonon energy 0.293252 | electron momentum kIdx = 10
The 15-th iteration is completed.	|| time cost : 0h 0m 27.753s
********************************************************************************************************************
Start the 16 rounds of NGS-ED iteration
	effective electronic model is modified as: kinetic energy t = 0.719978
	                                           effective interaction Vq = [-4.80004,-4.63316,-4.46415,-4.63316,-4.63316,-4.46415,-4.49477,-4.46415,-4.46415,-4.49477,-4.79517,-4.49477,-4.63316,-4.46415,-4.49477,-4.46415]
	PARPACK diagonalization completed after 30 matrix-vector product operations.
	iteration results: : total energy is -100.172055 | electron energy -100.465310 + phonon energy 0.293255 | electron momentum kIdx = 10
The 16-th iteration is completed.	|| time cost : 0h 0m 27.744s
********************************************************************************************************************
Start the 17 rounds of NGS-ED iteration
	effective electronic model is modified as: kinetic energy t = 0.719978
	                                           effective interaction Vq = [-4.80004,-4.63316,-4.46416,-4.63316,-4.63316,-4.46416,-4.49478,-4.46416,-4.46416,-4.49478,-4.79517,-4.49478,-4.63316,-4.46416,-4.49478,-4.46416]
	PARPACK diagonalization completed after 30 matrix-vector product operations.
	iteration results: : total energy is -100.172055 | electron energy -100.465312 + phonon energy 0.293256 | electron momentum kIdx = 10
The 17-th iteration is completed.	|| time cost : 0h 0m 27.718s
********************************************************************************************************************
Start the 18 rounds of NGS-ED iteration
	effective electronic model is modified as: kinetic energy t = 0.719977
	                                           effective interaction Vq = [-4.80004,-4.63316,-4.46416,-4.63316,-4.63316,-4.46416,-4.49478,-4.46416,-4.46416,-4.49478,-4.79517,-4.49478,-4.63316,-4.46416,-4.49478,-4.46416]
	PARPACK diagonalization completed after 30 matrix-vector product operations.
	iteration results: : total energy is -100.172055 | electron energy -100.465312 + phonon energy 0.293257 | electron momentum kIdx = 10
The 18-th iteration is completed.	|| time cost : 0h 0m 27.837s
********************************************************************************************************************
Start the 19 rounds of NGS-ED iteration
	effective electronic model is modified as: kinetic energy t = 0.719977
	                                           effective interaction Vq = [-4.80004,-4.63316,-4.46416,-4.63316,-4.63316,-4.46416,-4.49478,-4.46416,-4.46416,-4.49478,-4.79517,-4.49478,-4.63316,-4.46416,-4.49478,-4.46416]
	PARPACK diagonalization completed after 30 matrix-vector product operations.
	iteration results: : total energy is -100.172055 | electron energy -100.465313 + phonon energy 0.293258 | electron momentum kIdx = 10
The 19-th iteration is completed.	|| time cost : 0h 0m 27.783s
********************************************************************************************************************
Start the 20 rounds of NGS-ED iteration
	effective electronic model is modified as: kinetic energy t = 0.719977
	                                           effective interaction Vq = [-4.80004,-4.63316,-4.46416,-4.63316,-4.63316,-4.46416,-4.49478,-4.46416,-4.46416,-4.49478,-4.79517,-4.49478,-4.63316,-4.46416,-4.49478,-4.46416]
	PARPACK diagonalization completed after 30 matrix-vector product operations.
	iteration results: : total energy is -100.172055 | electron energy -100.465313 + phonon energy 0.293258 | electron momentum kIdx = 10
	Nq(0) = 16,	Nq(1) = 0.263344,	Nq(2) = 0.32629,	Nq(3) = 0.263344,	Nq(4) = 0.263344,	Nq(5) = 0.32629,	Nq(6) = 0.502831,	Nq(7) = 0.32629,	Nq(8) = 0.32629,	Nq(9) = 0.502831,	Nq(10) = 6.14247,	Nq(11) = 0.502831,	Nq(12) = 0.263344,	Nq(13) = 0.32629,	Nq(14) = 0.502831,	Nq(15) = 0.32629,	Sq(0) = -3.11148e-18,	Sq(1) = 0.220032,	Sq(2) = 0.293987,	Sq(3) = 0.220032,	Sq(4) = 0.220032,	Sq(5) = 0.293987,	Sq(6) = 0.423011,	Sq(7) = 0.293987,	Sq(8) = 0.293987,	Sq(9) = 0.423011,	Sq(10) = 0.498994,	Sq(11) = 0.423011,	Sq(12) = 0.220032,	Sq(13) = 0.293987,	Sq(14) = 0.423011,	Sq(15) = 0.293987,	N(0) = 1.97301,	N(1) = 1.92062,	N(2) = 1,	N(3) = 1.92062,	N(4) = 1.92062,	N(5) = 1,	N(6) = 0.0793837,	N(7) = 1,	N(8) = 1,	N(9) = 0.0793837,	N(10) = 0.0269881,	N(11) = 0.0793837,	N(12) = 1.92062,	N(13) = 1,	N(14) = 0.0793837,	N(15) = 1,	Delta[s](0) = 0.412883,	Delta[s](1) = 0.36325,	Delta[s](2) = 0.351084,	Delta[s](3) = 0.36325,	Delta[s](4) = 0.36325,	Delta[s](5) = 0.351084,	Delta[s](6) = 0.325142,	Delta[s](7) = 0.351084,	Delta[s](8) = 0.351084,	Delta[s](9) = 0.325142,	Delta[s](10) = 0.309503,	Delta[s](11) = 0.325142,	Delta[s](12) = 0.36325,	Delta[s](13) = 0.351084,	Delta[s](14) = 0.325142,	Delta[s](15) = 0.351084,	Delta[d](0) = 0.19964,	Delta[d](1) = 0.189877,	Delta[d](2) = 0.200363,	Delta[d](3) = 0.189877,	Delta[d](4) = 0.189877,	Delta[d](5) = 0.138755,	Delta[d](6) = 0.157236,	Delta[d](7) = 0.138755,	Delta[d](8) = 0.200363,	Delta[d](9) = 0.157236,	Delta[d](10) = 0.0777752,	Delta[d](11) = 0.157236,	Delta[d](12) = 0.189877,	Delta[d](13) = 0.138755,	Delta[d](14) = 0.157236,	Delta[d](15) = 0.138755,	Delta[s+](0) = 0.388815,	Delta[s+](1) = 0.302791,	Delta[s+](2) = 0.200363,	Delta[s+](3) = 0.302791,	Delta[s+](4) = 0.302791,	Delta[s+](5) = 0.200363,	Delta[s+](6) = 0.099137,	Delta[s+](7) = 0.200363,	Delta[s+](8) = 0.200363,	Delta[s+](9) = 0.099137,	Delta[s+](10) = 0.0462909,	Delta[s+](11) = 0.099137,	Delta[s+](12) = 0.302791,	Delta[s+](13) = 0.200363,	Delta[s+](14) = 0.099137,	Delta[s+](15) = 0.200363
The 20-th iteration is completed.	|| time cost : 0h 4m 24.8s
********************************************************************************************************************
********************************************************************************************************************
Ground state is obtained after 21 iterations. The current ground-state energy is -100.172, in which electron energy is -100.465 and phonon energy is 0.293258
final variational state is: 
	Gamma_x = [      1,1.04908,1.07907,1.04908,1.04908,1.07907,1.12025,1.07907,1.07907,1.12025,1.25289,1.12025,1.04908,1.07907,1.12025,1.07907]
	lambda_q = [  0.7746,0.630171,0.569697,0.630171,0.630171,0.569697,0.579261,0.569697,0.569697,0.579261, 0.74992,0.579261,0.630171,0.569697,0.579261,0.569697]
********************************************************************************************************************
o___o  ----------------------------------------
| L |	Time since last clock: 0h 0m 0s
A===A	Time since the beginning: 0h 45m 1.276s
***********************************************


Non-Gaussina ED ground state calculation is completed. The final ground-state energy is -100.172
********************************************************************************************************************
o___o  ----------------------------------------
| L |	Time since last clock: 0h 0m 0.006s
A===A	Time since the beginning: 0h 45m 1.283s
***********************************************



********************************************************************************************************************
All non-Gaussian ED ground state calculations have been completed. Exit now.
