SNEDics v3.4 Non-Gaussian ED ground state program		Start at Tue Oct  1 11:06:59 2019

parallized on 16 MPI threads  * 8 OpenMP threads = 128 total threads.
********************************************************************************************************************
********************************************************************************************************************

********************************************************************************************************************
System parameters and configurations
********************************************************************************************************************
Special program options are enabled: splitted diagonal Hamiltonian
********************************************************************************************************************
Read input file "model_params.in"
	Hubbard-Holstein model parameters : 	t = 1    U = 3.9    g = 3.7417    W = 5    
********************************************************************************************************************
Read input file "hilbertspace_params.in"
	Requested 16-site 2D lattice, with 16 electrons (8, 8)
	Boundary : Periodic		Hilbert space representation : momentum-space (restricted to kIdx = 0)
	Conservation: particle number[U(1)]      spin[U(1)]     momentum
********************************************************************************************************************

Cluster Positions:				Cluster symmetry group : D4
 x ... x ... x ... x .....                       x ... x ... x ... x .....
 |           |           :                       |           |           :
 |           |           :                       |           |           :
12    13    14    15     x                       1     5     6     5     x
 |           |           :                       |           |           :
 |           |           :                       |           |           :
 8 --- 9 ---10 ---11 --- x                       2 --- 6 ---10 --- 6 --- x
 |           |           :                       |           |           :
 |           |           :                       |           |           :
 4     5     6     7     x                       1     5     6     5     x
 |           |           :                       |           |           :
 |           |           :                       |           |           :
 0 --- 1 --- 2 --- 3 --- x                       0 --- 1 --- 2 --- 1 --- x
orbital number : 1
********************************************************************************************************************
Read input file "obs_params.in"
	Observable Type : Nq(All),   Sq(All),   N(All),   Delta[s](All),   Delta[d](All),   Delta[s+](All)
********************************************************************************************************************
** WARNING ** the input observables have non-local factors which have been reinterpreted. The total observable number is 96
********************************************************************************************************************


********************************************************************************************************************
Start calculating the non-Gaussian ED ground state
** WARNING ** Detected low phonon energy W < 10. The initial state will be prepared through a warm-up process.
********************************************************************************************************************
Start warm-up calculation for scaling factor 2
open output files: NGSEDWarmUpW10Obs.txt
********************************************************************************************************************
Start the 0 rounds of NGS-ED iteration
	effective electronic model is modified as: kinetic energy t = 1
	                                           effective interaction Vq = [-0,-0,-0,-0,-0,-0,-0,-0,-0,-0,-0,-0,-0,-0,-0,-0]
	first Hamiltonian is constructed, non-zero numbers = 2845383612
	PARPACK diagonalization completed after 90 matrix-vector product operations.
	iteration results: : total energy is -13.807733 | electron energy -13.807733 + phonon energy 0.000000 | electron momentum kIdx = 0
	Nq(0) = 16,	Nq(1) = 0.161204,	Nq(2) = 0.237048,	Nq(3) = 0.161204,	Nq(4) = 0.161204,	Nq(5) = 0.237048,	Nq(6) = 0.32314,	Nq(7) = 0.237048,	Nq(8) = 0.237048,	Nq(9) = 0.32314,	Nq(10) = 0.391556,	Nq(11) = 0.32314,	Nq(12) = 0.161204,	Nq(13) = 0.237048,	Nq(14) = 0.32314,	Nq(15) = 0.237048,	Sq(0) = 3.37242e-18,	Sq(1) = 0.42676,	Sq(2) = 0.623003,	Sq(3) = 0.42676,	Sq(4) = 0.42676,	Sq(5) = 0.623003,	Sq(6) = 0.800611,	Sq(7) = 0.623003,	Sq(8) = 0.623003,	Sq(9) = 0.800611,	Sq(10) = 3.60127,	Sq(11) = 0.800611,	Sq(12) = 0.42676,	Sq(13) = 0.623003,	Sq(14) = 0.800611,	Sq(15) = 0.623003,	N(0) = 1.93422,	N(1) = 1.85305,	N(2) = 1,	N(3) = 1.85305,	N(4) = 1.85305,	N(5) = 1,	N(6) = 0.146947,	N(7) = 1,	N(8) = 1,	N(9) = 0.146947,	N(10) = 0.06578,	N(11) = 0.146947,	N(12) = 1.85305,	N(13) = 1,	N(14) = 0.146947,	N(15) = 1,	Delta[s](0) = 0.176124,	Delta[s](1) = 0.150431,	Delta[s](2) = 0.118205,	Delta[s](3) = 0.150431,	Delta[s](4) = 0.150431,	Delta[s](5) = 0.118205,	Delta[s](6) = 0.0897209,	Delta[s](7) = 0.118205,	Delta[s](8) = 0.118205,	Delta[s](9) = 0.0897209,	Delta[s](10) = 0.0296468,	Delta[s](11) = 0.0897209,	Delta[s](12) = 0.150431,	Delta[s](13) = 0.118205,	Delta[s](14) = 0.0897209,	Delta[s](15) = 0.118205,	Delta[d](0) = 0.557237,	Delta[d](1) = 0.377462,	Delta[d](2) = 0.304434,	Delta[d](3) = 0.377462,	Delta[d](4) = 0.377462,	Delta[d](5) = 0.324942,	Delta[d](6) = 0.235134,	Delta[d](7) = 0.324942,	Delta[d](8) = 0.304434,	Delta[d](9) = 0.235134,	Delta[d](10) = 0.102268,	Delta[d](11) = 0.235134,	Delta[d](12) = 0.377462,	Delta[d](13) = 0.324942,	Delta[d](14) = 0.235134,	Delta[d](15) = 0.324942,	Delta[s+](0) = 0.585161,	Delta[s+](1) = 0.465116,	Delta[s+](2) = 0.304434,	Delta[s+](3) = 0.465116,	Delta[s+](4) = 0.465116,	Delta[s+](5) = 0.304434,	Delta[s+](6) = 0.151122,	Delta[s+](7) = 0.304434,	Delta[s+](8) = 0.304434,	Delta[s+](9) = 0.151122,	Delta[s+](10) = 0.036189,	Delta[s+](11) = 0.151122,	Delta[s+](12) = 0.465116,	Delta[s+](13) = 0.304434,	Delta[s+](14) = 0.151122,	Delta[s+](15) = 0.304434
The 0-th iteration is completed.	|| time cost : 0h 8m 21.659s
********************************************************************************************************************
Start the 1 rounds of NGS-ED iteration
	effective electronic model is modified as: kinetic energy t = 0.930269
	                                           effective interaction Vq = [-2.42112,-2.21039, -2.1375,-2.21039,-2.21039, -2.1375,-2.11148, -2.1375, -2.1375,-2.11148,-2.08298,-2.11148,-2.21039, -2.1375,-2.11148, -2.1375]
	PARPACK diagonalization completed after 75 matrix-vector product operations.
	iteration results: : total energy is -62.801037 | electron energy -62.805904 + phonon energy 0.004866 | electron momentum kIdx = 0
The 1-th iteration is completed.	|| time cost : 0h 7m 55.458s
********************************************************************************************************************
Start the 2 rounds of NGS-ED iteration
	effective electronic model is modified as: kinetic energy t = 0.866965
	                                           effective interaction Vq = [-2.74878,-2.64076,-2.62296,-2.64076,-2.64076,-2.62296,-2.54808,-2.62296,-2.62296,-2.54808,-2.55365,-2.54808,-2.64076,-2.62296,-2.54808,-2.62296]
	PARPACK diagonalization completed after 60 matrix-vector product operations.
	iteration results: : total energy is -71.072136 | electron energy -71.113866 + phonon energy 0.041730 | electron momentum kIdx = 0
The 2-th iteration is completed.	|| time cost : 0h 0m 36.687s
********************************************************************************************************************
Start the 3 rounds of NGS-ED iteration
	effective electronic model is modified as: kinetic energy t = 0.840866
	                                           effective interaction Vq = [-2.79312, -2.7287,-2.72059, -2.7287, -2.7287,-2.72059,-2.65331,-2.72059,-2.72059,-2.65331,-2.67988,-2.65331, -2.7287,-2.72059,-2.65331,-2.72059]
	PARPACK diagonalization completed after 45 matrix-vector product operations.
	iteration results: : total energy is -72.201255 | electron energy -72.276354 + phonon energy 0.075099 | electron momentum kIdx = 0
The 3-th iteration is completed.	|| time cost : 0h 0m 32.025s
********************************************************************************************************************
Start the 4 rounds of NGS-ED iteration
	effective electronic model is modified as: kinetic energy t = 0.831085
	                                           effective interaction Vq = [-2.79912,-2.75115,-2.74216,-2.75115,-2.75115,-2.74216,-2.68428,-2.74216,-2.74216,-2.68428,-2.73375,-2.68428,-2.75115,-2.74216,-2.68428,-2.74216]
	PARPACK diagonalization completed after 45 matrix-vector product operations.
	iteration results: : total energy is -72.373553 | electron energy -72.465157 + phonon energy 0.091604 | electron momentum kIdx = 0
The 4-th iteration is completed.	|| time cost : 0h 0m 32.066s
********************************************************************************************************************
Start the 5 rounds of NGS-ED iteration
	effective electronic model is modified as: kinetic energy t = 0.829283
	                                           effective interaction Vq = [-2.79994,-2.75531,-2.73446,-2.75531,-2.75531,-2.73446, -2.6904,-2.73446,-2.73446, -2.6904,-2.77103, -2.6904,-2.75531,-2.73446, -2.6904,-2.73446]
	PARPACK diagonalization completed after 45 matrix-vector product operations.
	iteration results: : total energy is -72.468803 | electron energy -72.567050 + phonon energy 0.098248 | electron momentum kIdx = 0
The 5-th iteration is completed.	|| time cost : 0h 0m 32.096s
********************************************************************************************************************
Start the 6 rounds of NGS-ED iteration
	effective electronic model is modified as: kinetic energy t = 0.835216
	                                           effective interaction Vq = [-2.80005,-2.74833,-2.69176,-2.74833,-2.74833,-2.69176,-2.67995,-2.69176,-2.69176,-2.67995,-2.78794,-2.67995,-2.74833,-2.69176,-2.67995,-2.69176]
	PARPACK diagonalization completed after 45 matrix-vector product operations.
	iteration results: : total energy is -72.546648 | electron energy -72.644297 + phonon energy 0.097649 | electron momentum kIdx = 0
The 6-th iteration is completed.	|| time cost : 0h 0m 32.327s
********************************************************************************************************************
Start the 7 rounds of NGS-ED iteration
	effective electronic model is modified as: kinetic energy t = 0.83961
	                                           effective interaction Vq = [-2.80006,-2.74093,-2.65978,-2.74093,-2.74093,-2.65978,-2.66954,-2.65978,-2.65978,-2.66954,-2.79277,-2.66954,-2.74093,-2.65978,-2.66954,-2.65978]
	PARPACK diagonalization completed after 45 matrix-vector product operations.
	iteration results: : total energy is -72.566625 | electron energy -72.661765 + phonon energy 0.095140 | electron momentum kIdx = 0
The 7-th iteration is completed.	|| time cost : 0h 0m 32.059s
********************************************************************************************************************
Start the 8 rounds of NGS-ED iteration
	effective electronic model is modified as: kinetic energy t = 0.841592
	                                           effective interaction Vq = [-2.80006,-2.73659,-2.64556,-2.73659,-2.73659,-2.64556,-2.66367,-2.64556,-2.64556,-2.66367,-2.79425,-2.66367,-2.73659,-2.64556,-2.66367,-2.64556]
	PARPACK diagonalization completed after 30 matrix-vector product operations.
	iteration results: : total energy is -72.569979 | electron energy -72.663402 + phonon energy 0.093422 | electron momentum kIdx = 0
The 8-th iteration is completed.	|| time cost : 0h 0m 27.412s
********************************************************************************************************************
Start the 9 rounds of NGS-ED iteration
	effective electronic model is modified as: kinetic energy t = 0.842432
	                                           effective interaction Vq = [-2.80006,-2.73442,-2.63991,-2.73442,-2.73442,-2.63991,-2.66079,-2.63991,-2.63991,-2.66079,-2.79475,-2.66079,-2.73442,-2.63991,-2.66079,-2.63991]
	PARPACK diagonalization completed after 30 matrix-vector product operations.
	iteration results: : total energy is -72.570515 | electron energy -72.663072 + phonon energy 0.092557 | electron momentum kIdx = 0
The 9-th iteration is completed.	|| time cost : 0h 0m 27.404s
********************************************************************************************************************
Start the 10 rounds of NGS-ED iteration
	effective electronic model is modified as: kinetic energy t = 0.842784
	                                           effective interaction Vq = [-2.80006,-2.73342,-2.63772,-2.73342,-2.73342,-2.63772,-2.65946,-2.63772,-2.63772,-2.65946,-2.79493,-2.65946,-2.73342,-2.63772,-2.65946,-2.63772]
	PARPACK diagonalization completed after 30 matrix-vector product operations.
	iteration results: : total energy is -72.570602 | electron energy -72.662763 + phonon energy 0.092161 | electron momentum kIdx = 0
	Nq(0) = 16,	Nq(1) = 0.324145,	Nq(2) = 0.368063,	Nq(3) = 0.324145,	Nq(4) = 0.324145,	Nq(5) = 0.368063,	Nq(6) = 0.594736,	Nq(7) = 0.368063,	Nq(8) = 0.368063,	Nq(9) = 0.594736,	Nq(10) = 4.91665,	Nq(11) = 0.594736,	Nq(12) = 0.324145,	Nq(13) = 0.368063,	Nq(14) = 0.594736,	Nq(15) = 0.368063,	Sq(0) = 8.31282e-21,	Sq(1) = 0.247941,	Sq(2) = 0.312536,	Sq(3) = 0.247941,	Sq(4) = 0.247941,	Sq(5) = 0.312536,	Sq(6) = 0.453199,	Sq(7) = 0.312536,	Sq(8) = 0.312536,	Sq(9) = 0.453199,	Sq(10) = 0.519672,	Sq(11) = 0.453199,	Sq(12) = 0.247941,	Sq(13) = 0.312536,	Sq(14) = 0.453199,	Sq(15) = 0.312536,	N(0) = 1.98251,	N(1) = 1.95376,	N(2) = 1,	N(3) = 1.95376,	N(4) = 1.95376,	N(5) = 1,	N(6) = 0.046244,	N(7) = 1,	N(8) = 1,	N(9) = 0.046244,	N(10) = 0.017495,	N(11) = 0.046244,	N(12) = 1.95376,	N(13) = 1,	N(14) = 0.046244,	N(15) = 1,	Delta[s](0) = 0.50666,	Delta[s](1) = 0.36133,	Delta[s](2) = 0.344245,	Delta[s](3) = 0.36133,	Delta[s](4) = 0.36133,	Delta[s](5) = 0.344245,	Delta[s](6) = 0.284202,	Delta[s](7) = 0.344245,	Delta[s](8) = 0.344245,	Delta[s](9) = 0.284202,	Delta[s](10) = 0.246023,	Delta[s](11) = 0.284202,	Delta[s](12) = 0.36133,	Delta[s](13) = 0.344245,	Delta[s](14) = 0.284202,	Delta[s](15) = 0.344245,	Delta[d](0) = 0.222413,	Delta[d](1) = 0.214216,	Delta[d](2) = 0.213162,	Delta[d](3) = 0.214216,	Delta[d](4) = 0.214216,	Delta[d](5) = 0.138729,	Delta[d](6) = 0.172392,	Delta[d](7) = 0.138729,	Delta[d](8) = 0.213162,	Delta[d](9) = 0.172392,	Delta[d](10) = 0.05504,	Delta[d](11) = 0.172392,	Delta[d](12) = 0.214216,	Delta[d](13) = 0.138729,	Delta[d](14) = 0.172392,	Delta[d](15) = 0.138729,	Delta[s+](0) = 0.412898,	Delta[s+](1) = 0.329596,	Delta[s+](2) = 0.213162,	Delta[s+](3) = 0.329596,	Delta[s+](4) = 0.329596,	Delta[s+](5) = 0.213162,	Delta[s+](6) = 0.0939845,	Delta[s+](7) = 0.213162,	Delta[s+](8) = 0.213162,	Delta[s+](9) = 0.0939845,	Delta[s+](10) = 0.0299875,	Delta[s+](11) = 0.0939845,	Delta[s+](12) = 0.329596,	Delta[s+](13) = 0.213162,	Delta[s+](14) = 0.0939845,	Delta[s+](15) = 0.213162
The 10-th iteration is completed.	|| time cost : 0h 4m 32.289s
********************************************************************************************************************
Start the 11 rounds of NGS-ED iteration
	effective electronic model is modified as: kinetic energy t = 0.84293
	                                           effective interaction Vq = [-2.80006,-2.73297,-2.63687,-2.73297,-2.73297,-2.63687,-2.65887,-2.63687,-2.63687,-2.65887,-2.79499,-2.65887,-2.73297,-2.63687,-2.65887,-2.63687]
	PARPACK diagonalization completed after 30 matrix-vector product operations.
	iteration results: : total energy is -72.570616 | electron energy -72.662603 + phonon energy 0.091987 | electron momentum kIdx = 0
The 11-th iteration is completed.	|| time cost : 0h 0m 27.393s
********************************************************************************************************************
Start the 12 rounds of NGS-ED iteration
	effective electronic model is modified as: kinetic energy t = 0.842991
	                                           effective interaction Vq = [-2.80006,-2.73277,-2.63653,-2.73277,-2.73277,-2.63653,-2.65861,-2.63653,-2.63653,-2.65861,-2.79502,-2.65861,-2.73277,-2.63653,-2.65861,-2.63653]
	PARPACK diagonalization completed after 30 matrix-vector product operations.
	iteration results: : total energy is -72.570618 | electron energy -72.662530 + phonon energy 0.091912 | electron momentum kIdx = 0
	Nq(0) = 16,	Nq(1) = 0.323834,	Nq(2) = 0.367811,	Nq(3) = 0.323834,	Nq(4) = 0.323834,	Nq(5) = 0.367811,	Nq(6) = 0.594286,	Nq(7) = 0.367811,	Nq(8) = 0.367811,	Nq(9) = 0.594286,	Nq(10) = 4.92144,	Nq(11) = 0.594286,	Nq(12) = 0.323834,	Nq(13) = 0.367811,	Nq(14) = 0.594286,	Nq(15) = 0.367811,	Sq(0) = 2.36062e-18,	Sq(1) = 0.247903,	Sq(2) = 0.312521,	Sq(3) = 0.247903,	Sq(4) = 0.247903,	Sq(5) = 0.312521,	Sq(6) = 0.453194,	Sq(7) = 0.312521,	Sq(8) = 0.312521,	Sq(9) = 0.453194,	Sq(10) = 0.519702,	Sq(11) = 0.453194,	Sq(12) = 0.247903,	Sq(13) = 0.312521,	Sq(14) = 0.453194,	Sq(15) = 0.312521,	N(0) = 1.9825,	N(1) = 1.9537,	N(2) = 1,	N(3) = 1.9537,	N(4) = 1.9537,	N(5) = 1,	N(6) = 0.0462968,	N(7) = 1,	N(8) = 1,	N(9) = 0.0462968,	N(10) = 0.0175015,	N(11) = 0.0462968,	N(12) = 1.9537,	N(13) = 1,	N(14) = 0.0462968,	N(15) = 1,	Delta[s](0) = 0.506221,	Delta[s](1) = 0.361362,	Delta[s](2) = 0.34426,	Delta[s](3) = 0.361362,	Delta[s](4) = 0.361362,	Delta[s](5) = 0.34426,	Delta[s](6) = 0.28424,	Delta[s](7) = 0.34426,	Delta[s](8) = 0.34426,	Delta[s](9) = 0.28424,	Delta[s](10) = 0.246203,	Delta[s](11) = 0.28424,	Delta[s](12) = 0.361362,	Delta[s](13) = 0.34426,	Delta[s](14) = 0.28424,	Delta[s](15) = 0.34426,	Delta[d](0) = 0.222332,	Delta[d](1) = 0.214124,	Delta[d](2) = 0.213113,	Delta[d](3) = 0.214124,	Delta[d](4) = 0.214124,	Delta[d](5) = 0.138642,	Delta[d](6) = 0.172291,	Delta[d](7) = 0.138642,	Delta[d](8) = 0.213113,	Delta[d](9) = 0.172291,	Delta[d](10) = 0.0549468,	Delta[d](11) = 0.172291,	Delta[d](12) = 0.214124,	Delta[d](13) = 0.138642,	Delta[d](14) = 0.172291,	Delta[d](15) = 0.138642,	Delta[s+](0) = 0.412914,	Delta[s+](1) = 0.329565,	Delta[s+](2) = 0.213113,	Delta[s+](3) = 0.329565,	Delta[s+](4) = 0.329565,	Delta[s+](5) = 0.213113,	Delta[s+](6) = 0.0939186,	Delta[s+](7) = 0.213113,	Delta[s+](8) = 0.213113,	Delta[s+](9) = 0.0939186,	Delta[s+](10) = 0.0299445,	Delta[s+](11) = 0.0939186,	Delta[s+](12) = 0.329565,	Delta[s+](13) = 0.213113,	Delta[s+](14) = 0.0939186,	Delta[s+](15) = 0.213113
The 12-th iteration is completed.	|| time cost : 0h 4m 31.633s
********************************************************************************************************************
********************************************************************************************************************
Ground state is obtained after 13 iterations. The current ground-state energy is -72.5706, in which electron energy is -72.6625 and phonon energy is 0.0919117
final variational state is: 
	Gamma_x = [      1,1.02406,1.03848,1.02406,1.02406,1.03848,1.05971,1.03848,1.03848,1.05971,1.11812,1.05971,1.02406,1.03848,1.05971,1.03848]
	lambda_q = [0.529155,0.447074,0.401227,0.447074,0.447074,0.401227,0.410173,0.401227,0.401227,0.410173,0.506713,0.410173,0.447074,0.401227,0.410173,0.401227]
********************************************************************************************************************
o___o  ----------------------------------------
| L |	Time since last clock: 0h 0m 0s
A===A	Time since the beginning: 0h 30m 0.515s
***********************************************


********************************************************************************************************************
Warm up runs have been completed. Start calculating W = 5 phonon.
open output files: NGSEDIterationObs.txt
********************************************************************************************************************
Start the 0 rounds of NGS-ED iteration
	effective electronic model is modified as: kinetic energy t = 0.843016
	                                           effective interaction Vq = [-2.55985,-2.34626,-2.19763,-2.34626,-2.34626,-2.19763,-2.22828,-2.19763,-2.19763,-2.22828,-2.50814,-2.22828,-2.34626,-2.19763,-2.22828,-2.19763]
	PARPACK diagonalization completed after 45 matrix-vector product operations.
	iteration results: : total energy is -64.964421 | electron energy -65.010361 + phonon energy 0.045940 | electron momentum kIdx = 0
	Nq(0) = 16,	Nq(1) = 0.314625,	Nq(2) = 0.352361,	Nq(3) = 0.314625,	Nq(4) = 0.314625,	Nq(5) = 0.352361,	Nq(6) = 0.558283,	Nq(7) = 0.352361,	Nq(8) = 0.352361,	Nq(9) = 0.558283,	Nq(10) = 4.68551,	Nq(11) = 0.558283,	Nq(12) = 0.314625,	Nq(13) = 0.352361,	Nq(14) = 0.558283,	Nq(15) = 0.352361,	Sq(0) = 3.95618e-18,	Sq(1) = 0.278157,	Sq(2) = 0.334808,	Sq(3) = 0.278157,	Sq(4) = 0.278157,	Sq(5) = 0.334808,	Sq(6) = 0.50494,	Sq(7) = 0.334808,	Sq(8) = 0.334808,	Sq(9) = 0.50494,	Sq(10) = 0.567462,	Sq(11) = 0.50494,	Sq(12) = 0.278157,	Sq(13) = 0.334808,	Sq(14) = 0.50494,	Sq(15) = 0.334808,	N(0) = 1.9909,	N(1) = 1.97204,	N(2) = 1,	N(3) = 1.97204,	N(4) = 1.97204,	N(5) = 1,	N(6) = 0.0279626,	N(7) = 1,	N(8) = 1,	N(9) = 0.0279626,	N(10) = 0.0090978,	N(11) = 0.0279626,	N(12) = 1.97204,	N(13) = 1,	N(14) = 0.0279626,	N(15) = 1,	Delta[s](0) = 0.425136,	Delta[s](1) = 0.341454,	Delta[s](2) = 0.32856,	Delta[s](3) = 0.341454,	Delta[s](4) = 0.341454,	Delta[s](5) = 0.32856,	Delta[s](6) = 0.280201,	Delta[s](7) = 0.32856,	Delta[s](8) = 0.32856,	Delta[s](9) = 0.280201,	Delta[s](10) = 0.262533,	Delta[s](11) = 0.280201,	Delta[s](12) = 0.341454,	Delta[s](13) = 0.32856,	Delta[s](14) = 0.280201,	Delta[s](15) = 0.32856,	Delta[d](0) = 0.228573,	Delta[d](1) = 0.225218,	Delta[d](2) = 0.226359,	Delta[d](3) = 0.225218,	Delta[d](4) = 0.225218,	Delta[d](5) = 0.144373,	Delta[d](6) = 0.181967,	Delta[d](7) = 0.144373,	Delta[d](8) = 0.226359,	Delta[d](9) = 0.181967,	Delta[d](10) = 0.0601205,	Delta[d](11) = 0.181967,	Delta[d](12) = 0.225218,	Delta[d](13) = 0.144373,	Delta[d](14) = 0.181967,	Delta[d](15) = 0.144373,	Delta[s+](0) = 0.44679,	Delta[s+](1) = 0.350985,	Delta[s+](2) = 0.226359,	Delta[s+](3) = 0.350985,	Delta[s+](4) = 0.350985,	Delta[s+](5) = 0.226359,	Delta[s+](6) = 0.100221,	Delta[s+](7) = 0.226359,	Delta[s+](8) = 0.226359,	Delta[s+](9) = 0.100221,	Delta[s+](10) = 0.0330154,	Delta[s+](11) = 0.100221,	Delta[s+](12) = 0.350985,	Delta[s+](13) = 0.226359,	Delta[s+](14) = 0.100221,	Delta[s+](15) = 0.226359
The 0-th iteration is completed.	|| time cost : 0h 4m 29.11s
********************************************************************************************************************
Start the 1 rounds of NGS-ED iteration
	effective electronic model is modified as: kinetic energy t = 0.820902
	                                           effective interaction Vq = [ -2.7117,-2.48373,-2.29683,-2.48373,-2.48373,-2.29683,-2.33525,-2.29683,-2.29683,-2.33525,-2.67831,-2.33525,-2.48373,-2.29683,-2.33525,-2.29683]
	PARPACK diagonalization completed after 30 matrix-vector product operations.
	iteration results: : total energy is -68.250439 | electron energy -68.393463 + phonon energy 0.143024 | electron momentum kIdx = 0
The 1-th iteration is completed.	|| time cost : 0h 0m 27.654s
********************************************************************************************************************
Start the 2 rounds of NGS-ED iteration
	effective electronic model is modified as: kinetic energy t = 0.810128
	                                           effective interaction Vq = [-2.76755,-2.53394,-2.33906,-2.53394,-2.53394,-2.33906,-2.37735,-2.33906,-2.33906,-2.37735,-2.74742,-2.37735,-2.53394,-2.33906,-2.37735,-2.33906]
	PARPACK diagonalization completed after 30 matrix-vector product operations.
	iteration results: : total energy is -69.452487 | electron energy -69.662916 + phonon energy 0.210429 | electron momentum kIdx = 0
The 2-th iteration is completed.	|| time cost : 0h 0m 27.47s
********************************************************************************************************************
Start the 3 rounds of NGS-ED iteration
	effective electronic model is modified as: kinetic energy t = 0.805308
	                                           effective interaction Vq = [ -2.7881,-2.55137,-2.35632,-2.55137,-2.55137,-2.35632,-2.39254,-2.35632,-2.35632,-2.39254,-2.77418,-2.39254,-2.55137,-2.35632,-2.39254,-2.35632]
	PARPACK diagonalization completed after 30 matrix-vector product operations.
	iteration results: : total energy is -69.878334 | electron energy -70.126308 + phonon energy 0.247974 | electron momentum kIdx = 0
The 3-th iteration is completed.	|| time cost : 0h 0m 27.354s
********************************************************************************************************************
Start the 4 rounds of NGS-ED iteration
	effective electronic model is modified as: kinetic energy t = 0.803215
	                                           effective interaction Vq = [-2.79566,-2.55702,-2.36331,-2.55702,-2.55702,-2.36331,-2.39762,-2.36331,-2.36331,-2.39762, -2.7848,-2.39762,-2.55702,-2.36331,-2.39762,-2.36331]
	PARPACK diagonalization completed after 30 matrix-vector product operations.
	iteration results: : total energy is -70.027360 | electron energy -70.294841 + phonon energy 0.267481 | electron momentum kIdx = 0
The 4-th iteration is completed.	|| time cost : 0h 0m 27.426s
********************************************************************************************************************
Start the 5 rounds of NGS-ED iteration
	effective electronic model is modified as: kinetic energy t = 0.802329
	                                           effective interaction Vq = [-2.79845,-2.55852,-2.36611,-2.55852,-2.55852,-2.36611,  -2.399,-2.36611,-2.36611,  -2.399,-2.78929,  -2.399,-2.55852,-2.36611,  -2.399,-2.36611]
	PARPACK diagonalization completed after 30 matrix-vector product operations.
	iteration results: : total energy is -70.079597 | electron energy -70.356904 + phonon energy 0.277306 | electron momentum kIdx = 0
The 5-th iteration is completed.	|| time cost : 0h 0m 27.425s
********************************************************************************************************************
Start the 6 rounds of NGS-ED iteration
	effective electronic model is modified as: kinetic energy t = 0.801973
	                                           effective interaction Vq = [-2.79947,-2.55861,-2.36715,-2.55861,-2.55861,-2.36715, -2.3991,-2.36715,-2.36715, -2.3991,-2.79131, -2.3991,-2.55861,-2.36715, -2.3991,-2.36715]
	PARPACK diagonalization completed after 30 matrix-vector product operations.
	iteration results: : total energy is -70.098051 | electron energy -70.380187 + phonon energy 0.282136 | electron momentum kIdx = 0
The 6-th iteration is completed.	|| time cost : 0h 0m 27.651s
********************************************************************************************************************
Start the 7 rounds of NGS-ED iteration
	effective electronic model is modified as: kinetic energy t = 0.801848
	                                           effective interaction Vq = [-2.79984,-2.55827,-2.36746,-2.55827,-2.55827,-2.36746,-2.39878,-2.36746,-2.36746,-2.39878,-2.79228,-2.39878,-2.55827,-2.36746,-2.39878,-2.36746]
	PARPACK diagonalization completed after 30 matrix-vector product operations.
	iteration results: : total energy is -70.104630 | electron energy -70.389079 + phonon energy 0.284449 | electron momentum kIdx = 0
The 7-th iteration is completed.	|| time cost : 0h 0m 27.349s
********************************************************************************************************************
Start the 8 rounds of NGS-ED iteration
	effective electronic model is modified as: kinetic energy t = 0.801819
	                                           effective interaction Vq = [-2.79998,-2.55788,-2.36749,-2.55788,-2.55788,-2.36749, -2.3984,-2.36749,-2.36749, -2.3984,-2.79275, -2.3984,-2.55788,-2.36749, -2.3984,-2.36749]
	PARPACK diagonalization completed after 30 matrix-vector product operations.
	iteration results: : total energy is -70.106994 | electron energy -70.392516 + phonon energy 0.285522 | electron momentum kIdx = 0
The 8-th iteration is completed.	|| time cost : 0h 0m 27.36s
********************************************************************************************************************
Start the 9 rounds of NGS-ED iteration
	effective electronic model is modified as: kinetic energy t = 0.801827
	                                           effective interaction Vq = [-2.80003,-2.55754,-2.36741,-2.55754,-2.55754,-2.36741,-2.39806,-2.36741,-2.36741,-2.39806,-2.79299,-2.39806,-2.55754,-2.36741,-2.39806,-2.36741]
	PARPACK diagonalization completed after 30 matrix-vector product operations.
	iteration results: : total energy is -70.107850 | electron energy -70.393847 + phonon energy 0.285998 | electron momentum kIdx = 0
The 9-th iteration is completed.	|| time cost : 0h 0m 27.441s
********************************************************************************************************************
Start the 10 rounds of NGS-ED iteration
	effective electronic model is modified as: kinetic energy t = 0.801846
	                                           effective interaction Vq = [-2.80005,-2.55727,-2.36732,-2.55727,-2.55727,-2.36732,-2.39779,-2.36732,-2.36732,-2.39779,-2.79311,-2.39779,-2.55727,-2.36732,-2.39779,-2.36732]
	PARPACK diagonalization completed after 30 matrix-vector product operations.
	iteration results: : total energy is -70.108161 | electron energy -70.394354 + phonon energy 0.286193 | electron momentum kIdx = 0
	Nq(0) = 16,	Nq(1) = 0.254042,	Nq(2) = 0.319182,	Nq(3) = 0.254042,	Nq(4) = 0.254042,	Nq(5) = 0.319182,	Nq(6) = 0.486623,	Nq(7) = 0.319182,	Nq(8) = 0.319182,	Nq(9) = 0.486623,	Nq(10) = 6.27247,	Nq(11) = 0.486623,	Nq(12) = 0.254042,	Nq(13) = 0.319182,	Nq(14) = 0.486623,	Nq(15) = 0.319182,	Sq(0) = -4.91039e-19,	Sq(1) = 0.219617,	Sq(2) = 0.294462,	Sq(3) = 0.219617,	Sq(4) = 0.219617,	Sq(5) = 0.294462,	Sq(6) = 0.42538,	Sq(7) = 0.294462,	Sq(8) = 0.294462,	Sq(9) = 0.42538,	Sq(10) = 0.503022,	Sq(11) = 0.42538,	Sq(12) = 0.219617,	Sq(13) = 0.294462,	Sq(14) = 0.42538,	Sq(15) = 0.294462,	N(0) = 1.97289,	N(1) = 1.91791,	N(2) = 1,	N(3) = 1.91791,	N(4) = 1.91791,	N(5) = 1,	N(6) = 0.0820923,	N(7) = 1,	N(8) = 1,	N(9) = 0.0820923,	N(10) = 0.0271072,	N(11) = 0.0820923,	N(12) = 1.91791,	N(13) = 1,	N(14) = 0.0820923,	N(15) = 1,	Delta[s](0) = 0.439199,	Delta[s](1) = 0.369903,	Delta[s](2) = 0.351634,	Delta[s](3) = 0.369903,	Delta[s](4) = 0.369903,	Delta[s](5) = 0.351634,	Delta[s](6) = 0.31378,	Delta[s](7) = 0.351634,	Delta[s](8) = 0.351634,	Delta[s](9) = 0.31378,	Delta[s](10) = 0.291372,	Delta[s](11) = 0.31378,	Delta[s](12) = 0.369903,	Delta[s](13) = 0.351634,	Delta[s](14) = 0.31378,	Delta[s](15) = 0.351634,	Delta[d](0) = 0.206135,	Delta[d](1) = 0.193359,	Delta[d](2) = 0.205056,	Delta[d](3) = 0.193359,	Delta[d](4) = 0.193359,	Delta[d](5) = 0.131448,	Delta[d](6) = 0.153709,	Delta[d](7) = 0.131448,	Delta[d](8) = 0.205056,	Delta[d](9) = 0.153709,	Delta[d](10) = 0.0566628,	Delta[d](11) = 0.153709,	Delta[d](12) = 0.193359,	Delta[d](13) = 0.131448,	Delta[d](14) = 0.153709,	Delta[d](15) = 0.131448,	Delta[s+](0) = 0.414563,	Delta[s+](1) = 0.320519,	Delta[s+](2) = 0.205056,	Delta[s+](3) = 0.320519,	Delta[s+](4) = 0.320519,	Delta[s+](5) = 0.205056,	Delta[s+](6) = 0.0887437,	Delta[s+](7) = 0.205056,	Delta[s+](8) = 0.205056,	Delta[s+](9) = 0.0887437,	Delta[s+](10) = 0.0319745,	Delta[s+](11) = 0.0887437,	Delta[s+](12) = 0.320519,	Delta[s+](13) = 0.205056,	Delta[s+](14) = 0.0887437,	Delta[s+](15) = 0.205056
The 10-th iteration is completed.	|| time cost : 0h 4m 21.397s
********************************************************************************************************************
Start the 11 rounds of NGS-ED iteration
	effective electronic model is modified as: kinetic energy t = 0.801865
	                                           effective interaction Vq = [-2.80006,-2.55708,-2.36723,-2.55708,-2.55708,-2.36723,-2.39759,-2.36723,-2.36723,-2.39759,-2.79318,-2.39759,-2.55708,-2.36723,-2.39759,-2.36723]
	PARPACK diagonalization completed after 30 matrix-vector product operations.
	iteration results: : total energy is -70.108275 | electron energy -70.394536 + phonon energy 0.286262 | electron momentum kIdx = 0
The 11-th iteration is completed.	|| time cost : 0h 0m 27.694s
********************************************************************************************************************
Start the 12 rounds of NGS-ED iteration
	effective electronic model is modified as: kinetic energy t = 0.80188
	                                           effective interaction Vq = [-2.80006,-2.55694,-2.36716,-2.55694,-2.55694,-2.36716,-2.39745,-2.36716,-2.36716,-2.39745,-2.79321,-2.39745,-2.55694,-2.36716,-2.39745,-2.36716]
	PARPACK diagonalization completed after 30 matrix-vector product operations.
	iteration results: : total energy is -70.108316 | electron energy -70.394593 + phonon energy 0.286277 | electron momentum kIdx = 0
The 12-th iteration is completed.	|| time cost : 0h 0m 27.396s
********************************************************************************************************************
Start the 13 rounds of NGS-ED iteration
	effective electronic model is modified as: kinetic energy t = 0.801893
	                                           effective interaction Vq = [-2.80006,-2.55685,-2.36711,-2.55685,-2.55685,-2.36711,-2.39735,-2.36711,-2.36711,-2.39735,-2.79323,-2.39735,-2.55685,-2.36711,-2.39735,-2.36711]
	PARPACK diagonalization completed after 30 matrix-vector product operations.
	iteration results: : total energy is -70.108331 | electron energy -70.394603 + phonon energy 0.286272 | electron momentum kIdx = 0
The 13-th iteration is completed.	|| time cost : 0h 0m 27.669s
********************************************************************************************************************
Start the 14 rounds of NGS-ED iteration
	effective electronic model is modified as: kinetic energy t = 0.801901
	                                           effective interaction Vq = [-2.80006,-2.55679,-2.36707,-2.55679,-2.55679,-2.36707,-2.39728,-2.36707,-2.36707,-2.39728,-2.79323,-2.39728,-2.55679,-2.36707,-2.39728,-2.36707]
	PARPACK diagonalization completed after 30 matrix-vector product operations.
	iteration results: : total energy is -70.108337 | electron energy -70.394597 + phonon energy 0.286260 | electron momentum kIdx = 0
The 14-th iteration is completed.	|| time cost : 0h 0m 27.338s
********************************************************************************************************************
Start the 15 rounds of NGS-ED iteration
	effective electronic model is modified as: kinetic energy t = 0.801908
	                                           effective interaction Vq = [-2.80006,-2.55674,-2.36705,-2.55674,-2.55674,-2.36705,-2.39724,-2.36705,-2.36705,-2.39724,-2.79324,-2.39724,-2.55674,-2.36705,-2.39724,-2.36705]
	PARPACK diagonalization completed after 30 matrix-vector product operations.
	iteration results: : total energy is -70.108339 | electron energy -70.394588 + phonon energy 0.286249 | electron momentum kIdx = 0
The 15-th iteration is completed.	|| time cost : 0h 0m 27.398s
********************************************************************************************************************
Start the 16 rounds of NGS-ED iteration
	effective electronic model is modified as: kinetic energy t = 0.801912
	                                           effective interaction Vq = [-2.80006,-2.55672,-2.36703,-2.55672,-2.55672,-2.36703,-2.39721,-2.36703,-2.36703,-2.39721,-2.79324,-2.39721,-2.55672,-2.36703,-2.39721,-2.36703]
	PARPACK diagonalization completed after 30 matrix-vector product operations.
	iteration results: : total energy is -70.108340 | electron energy -70.394579 + phonon energy 0.286240 | electron momentum kIdx = 0
The 16-th iteration is completed.	|| time cost : 0h 0m 27.392s
********************************************************************************************************************
Start the 17 rounds of NGS-ED iteration
	effective electronic model is modified as: kinetic energy t = 0.801915
	                                           effective interaction Vq = [-2.80006, -2.5567,-2.36702, -2.5567, -2.5567,-2.36702,-2.39719,-2.36702,-2.36702,-2.39719,-2.79324,-2.39719, -2.5567,-2.36702,-2.39719,-2.36702]
	PARPACK diagonalization completed after 30 matrix-vector product operations.
	iteration results: : total energy is -70.108340 | electron energy -70.394573 + phonon energy 0.286233 | electron momentum kIdx = 0
The 17-th iteration is completed.	|| time cost : 0h 0m 27.358s
********************************************************************************************************************
Start the 18 rounds of NGS-ED iteration
	effective electronic model is modified as: kinetic energy t = 0.801917
	                                           effective interaction Vq = [-2.80006,-2.55668,-2.36701,-2.55668,-2.55668,-2.36701,-2.39717,-2.36701,-2.36701,-2.39717,-2.79324,-2.39717,-2.55668,-2.36701,-2.39717,-2.36701]
	PARPACK diagonalization completed after 30 matrix-vector product operations.
	iteration results: : total energy is -70.108340 | electron energy -70.394568 + phonon energy 0.286227 | electron momentum kIdx = 0
The 18-th iteration is completed.	|| time cost : 0h 0m 27.325s
********************************************************************************************************************
Start the 19 rounds of NGS-ED iteration
	effective electronic model is modified as: kinetic energy t = 0.801918
	                                           effective interaction Vq = [-2.80006,-2.55668,  -2.367,-2.55668,-2.55668,  -2.367,-2.39716,  -2.367,  -2.367,-2.39716,-2.79324,-2.39716,-2.55668,  -2.367,-2.39716,  -2.367]
	PARPACK diagonalization completed after 30 matrix-vector product operations.
	iteration results: : total energy is -70.108340 | electron energy -70.394564 + phonon energy 0.286224 | electron momentum kIdx = 0
The 19-th iteration is completed.	|| time cost : 0h 0m 27.632s
********************************************************************************************************************
Start the 20 rounds of NGS-ED iteration
	effective electronic model is modified as: kinetic energy t = 0.801919
	                                           effective interaction Vq = [-2.80006,-2.55667,  -2.367,-2.55667,-2.55667,  -2.367,-2.39716,  -2.367,  -2.367,-2.39716,-2.79325,-2.39716,-2.55667,  -2.367,-2.39716,  -2.367]
	PARPACK diagonalization completed after 30 matrix-vector product operations.
	iteration results: : total energy is -70.108340 | electron energy -70.394561 + phonon energy 0.286221 | electron momentum kIdx = 0
