SNEDics v3.22.2 Non-Gaussian ED ground state program		Start at Thu Feb  3 08:25:11 2022

Parallelization: 32 MPI threads  * 8 OpenMP threads = 256 total threads.
********************************************************************************************************************
********************************************************************************************************************

********************************************************************************************************************
System parameters and configurations
	special program options are enabled: splitted diagonal Hamiltonian | splitted Hamiltonian terms
********************************************************************************************************************
Read input file "model_params.in"
	Hubbard-Holstein model parameters : 	t = 1    U = 8    g = 1    W = 1    
********************************************************************************************************************
Read input file "hilbertspace_params.in"
	Requested 16-site 2D lattice, with 8 electrons (4, 4)
	Boundary : Periodic		Hilbert space representation : momentum-space (restricted to kIdx = 10)
	Conservation: particle number[U(1)]      spin[U(1)]     momentum
********************************************************************************************************************

Cluster Positions:				Cluster symmetry group : D4
 x ... x ... x ... x .....                       x ... x ... x ... x .....
 |           |           :                       |           |           :
 |           |           :                       |           |           :
12    13    14    15     x                       1     5     6     5     x
 |           |           :                       |           |           :
 |           |           :                       |           |           :
 8 --- 9 ---10 ---11 --- x                       2 --- 6 ---10 --- 6 --- x
 |           |           :                       |           |           :
 |           |           :                       |           |           :
 4     5     6     7     x                       1     5     6     5     x
 |           |           :                       |           |           :
 |           |           :                       |           |           :
 0 --- 1 --- 2 --- 3 --- x                       0 --- 1 --- 2 --- 1 --- x
orbital number : 1
********************************************************************************************************************
Read input file "obs_params.in"
	Observable Type : Nq(All),   Sq(All),   N(All-Orbital),   Delta[s](All),   Delta[d](All),   Delta[s+](All)
** WARNING ** the input observables have non-local factors which have been reinterpreted. The total observable number is 96
********************************************************************************************************************


********************************************************************************************************************
Start calculating the non-Gaussian ED ground state
Maximal iteration number is 1000; energy resolution is 1e-06. Phonon state relaxation time is 2000
W = 1 is relatively large. The non-Gaussian ED calculation starts directly.
open output files: NGSED_iteration_observables.txt
********************************************************************************************************************
Start the 0 rounds of NGS-ED iteration
	effective electronic model is modified as: kinetic energy t = 1
	                                           effective interaction Vq = [0,0,0,0,0,0,0,0,0,0,0,0,0,0,0,0]
	first Hamiltonian is constructed, size = 207168 and non-zero numbers = 32194784
	PARPACK diagonalization completed after 225 matrix-vector product operations.
	iteration results: : total energy is -14.228491 | electron energy -14.228491 + phonon energy 0.000000 | electron momentum kIdx = 10
	Nq(0) = 4,	Nq(1) = 0.1929,	Nq(2) = 0.241361,	Nq(3) = 0.1929,	Nq(4) = 0.1929,	Nq(5) = 0.2635,	
	Nq(6) = 0.343209,	Nq(7) = 0.2635,	Nq(8) = 0.241361,	Nq(9) = 0.343209,	Nq(10) = 0.497356,	
	Nq(11) = 0.343209,	Nq(12) = 0.1929,	Nq(13) = 0.2635,	Nq(14) = 0.343209,	Nq(15) = 0.2635;	
	Sq(0) = 1.05048e-18,	Sq(1) = 0.540129,	Sq(2) = 0.425883,	Sq(3) = 0.540129,	Sq(4) = 0.540129,	
	Sq(5) = 0.44091,	Sq(6) = 0.633208,	Sq(7) = 0.44091,	Sq(8) = 0.425883,	Sq(9) = 0.633208,	
	Sq(10) = 0.512733,	Sq(11) = 0.633208,	Sq(12) = 0.540129,	Sq(13) = 0.44091,	Sq(14) = 0.633208,	
	Sq(15) = 0.44091;	N(0) = 1.39632,	N(1) = 1.19393,	N(2) = 0.182033,	N(3) = 1.19393,	
	N(4) = 1.19393,	N(5) = 0.343994,	N(6) = 0.0196952,	N(7) = 0.343994,	N(8) = 0.182033,	
	N(9) = 0.0196952,	N(10) = 0.00914957,	N(11) = 0.0196952,	N(12) = 1.19393,	N(13) = 0.343994,	
	N(14) = 0.0196952,	N(15) = 0.343994;	Delta[s](0) = 0.0176035,	Delta[s](1) = 0.00920596,	Delta[s](2) = 0.00302768,	
	Delta[s](3) = 0.00920596,	Delta[s](4) = 0.00920596,	Delta[s](5) = 0.00576854,	Delta[s](6) = 0.00117088,	Delta[s](7) = 0.00576854,	
	Delta[s](8) = 0.00302768,	Delta[s](9) = 0.00117088,	Delta[s](10) = 0.00101541,	Delta[s](11) = 0.00117088,	Delta[s](12) = 0.00920596,	
	Delta[s](13) = 0.00576854,	Delta[s](14) = 0.00117088,	Delta[s](15) = 0.00576854;	Delta[d](0) = 0.0448725,	Delta[d](1) = 0.0387106,	
	Delta[d](2) = 0.0309459,	Delta[d](3) = 0.0387106,	Delta[d](4) = 0.0387106,	Delta[d](5) = 0.0651631,	Delta[d](6) = 0.0449708,	
	Delta[d](7) = 0.0651631,	Delta[d](8) = 0.0309459,	Delta[d](9) = 0.0449708,	Delta[d](10) = 0.0105787,	Delta[d](11) = 0.0449708,	
	Delta[d](12) = 0.0387106,	Delta[d](13) = 0.0651631,	Delta[d](14) = 0.0449708,	Delta[d](15) = 0.0651631;	Delta[s+](0) = 0.194078,	
	Delta[s+](1) = 0.124972,	Delta[s+](2) = 0.0309459,	Delta[s+](3) = 0.124972,	Delta[s+](4) = 0.124972,	Delta[s+](5) = 0.0692042,	
	Delta[s+](6) = 0.0154916,	Delta[s+](7) = 0.0692042,	Delta[s+](8) = 0.0309459,	Delta[s+](9) = 0.0154916,	Delta[s+](10) = 0.0041795,	
	Delta[s+](11) = 0.0154916,	Delta[s+](12) = 0.124972,	Delta[s+](13) = 0.0692042,	Delta[s+](14) = 0.0154916,	Delta[s+](15) = 0.0692042
	
The 0-th iteration is completed.	|| time cost : 0h 0m 5.133s
********************************************************************************************************************
Start the 1 rounds of NGS-ED iteration
	effective electronic model is modified as: kinetic energy t = 0.94603
	                                           effective interaction Vq = [       -1, -0.54036,-0.405984, -0.54036, -0.54036,-0.433785,-0.400865,-0.433785,-0.405984,-0.400865,-0.442562,-0.400865, -0.54036,-0.433785,-0.400865,-0.433785]
	PARPACK diagonalization completed after 45 matrix-vector product operations.
	iteration results: : total energy is -19.221886 | electron energy -19.265350 + phonon energy 0.043463 | electron momentum kIdx = 10
The 1-th iteration is completed.	|| time cost : 0h 0m 3.53s
********************************************************************************************************************
Start the 2 rounds of NGS-ED iteration
	effective electronic model is modified as: kinetic energy t = 0.946024
	                                           effective interaction Vq = [       -1,-0.547567,-0.404866,-0.547567,-0.547567,-0.433612,-0.398372,-0.433612,-0.404866,-0.398372,-0.439996,-0.398372,-0.547567,-0.433612,-0.398372,-0.433612]
	PARPACK diagonalization completed after 45 matrix-vector product operations.
	iteration results: : total energy is -19.221973 | electron energy -19.265559 + phonon energy 0.043585 | electron momentum kIdx = 10
The 2-th iteration is completed.	|| time cost : 0h 0m 0.88s
********************************************************************************************************************
Start the 3 rounds of NGS-ED iteration
	effective electronic model is modified as: kinetic energy t = 0.946022
	                                           effective interaction Vq = [       -1,-0.548087,-0.404862,-0.548087,-0.548087,-0.433654,-0.398211,-0.433654,-0.404862,-0.398211,-0.439522,-0.398211,-0.548087,-0.433654,-0.398211,-0.433654]
	PARPACK diagonalization completed after 30 matrix-vector product operations.
	iteration results: : total energy is -19.221974 | electron energy -19.265537 + phonon energy 0.043563 | electron momentum kIdx = 10
The 3-th iteration is completed.	|| time cost : 0h 0m 0.813s
********************************************************************************************************************
Start the 4 rounds of NGS-ED iteration
	effective electronic model is modified as: kinetic energy t = 0.946022
	                                           effective interaction Vq = [       -1,-0.548128,-0.404867,-0.548128,-0.548128,-0.433665,-0.398202,-0.433665,-0.404867,-0.398202,-0.439448,-0.398202,-0.548128,-0.433665,-0.398202,-0.433665]
	PARPACK diagonalization completed after 30 matrix-vector product operations.
	iteration results: : total energy is -19.221974 | electron energy -19.265534 + phonon energy 0.043560 | electron momentum kIdx = 10
The 4-th iteration is completed.	|| time cost : 0h 0m 0.843s
********************************************************************************************************************
Start the 5 rounds of NGS-ED iteration
	effective electronic model is modified as: kinetic energy t = 0.946022
	                                           effective interaction Vq = [       -1,-0.548132,-0.404868,-0.548132,-0.548132,-0.433667,-0.398201,-0.433667,-0.404868,-0.398201,-0.439436,-0.398201,-0.548132,-0.433667,-0.398201,-0.433667]
	PARPACK diagonalization completed after 30 matrix-vector product operations.
	iteration results: : total energy is -19.221974 | electron energy -19.265533 + phonon energy 0.043560 | electron momentum kIdx = 10
The 5-th iteration is completed.	|| time cost : 0h 0m 0.814s
********************************************************************************************************************
Start the 6 rounds of NGS-ED iteration
	effective electronic model is modified as: kinetic energy t = 0.946022
	                                           effective interaction Vq = [       -1,-0.548133,-0.404869,-0.548133,-0.548133,-0.433668,-0.398201,-0.433668,-0.404869,-0.398201,-0.439435,-0.398201,-0.548133,-0.433668,-0.398201,-0.433668]
	PARPACK diagonalization completed after 30 matrix-vector product operations.
	iteration results: : total energy is -19.221974 | electron energy -19.265533 + phonon energy 0.043560 | electron momentum kIdx = 10
The 6-th iteration is completed.	|| time cost : 0h 0m 0.818s
********************************************************************************************************************
Start the 7 rounds of NGS-ED iteration
	effective electronic model is modified as: kinetic energy t = 0.946022
	                                           effective interaction Vq = [       -1,-0.548133,-0.404869,-0.548133,-0.548133,-0.433668,-0.398201,-0.433668,-0.404869,-0.398201,-0.439435,-0.398201,-0.548133,-0.433668,-0.398201,-0.433668]
	PARPACK diagonalization completed after 30 matrix-vector product operations.
	iteration results: : total energy is -19.221974 | electron energy -19.265533 + phonon energy 0.043559 | electron momentum kIdx = 10
	Nq(0) = 4,	Nq(1) = 0.198179,	Nq(2) = 0.241347,	Nq(3) = 0.198179,	Nq(4) = 0.198179,	Nq(5) = 0.264329,	
	Nq(6) = 0.341566,	Nq(7) = 0.264329,	Nq(8) = 0.241347,	Nq(9) = 0.341566,	Nq(10) = 0.494746,	
	Nq(11) = 0.341566,	Nq(12) = 0.198179,	Nq(13) = 0.264329,	Nq(14) = 0.341566,	Nq(15) = 0.264329;	
	Sq(0) = -7.92932e-20,	Sq(1) = 0.538233,	Sq(2) = 0.426075,	Sq(3) = 0.538233,	Sq(4) = 0.538233,	
	Sq(5) = 0.44139,	Sq(6) = 0.629893,	Sq(7) = 0.44139,	Sq(8) = 0.426075,	Sq(9) = 0.629893,	
	Sq(10) = 0.516045,	Sq(11) = 0.629893,	Sq(12) = 0.538233,	Sq(13) = 0.44139,	Sq(14) = 0.629893,	
	Sq(15) = 0.44139;	N(0) = 1.40413,	N(1) = 1.1965,	N(2) = 0.178559,	N(3) = 1.1965,	
	N(4) = 1.1965,	N(5) = 0.341925,	N(6) = 0.0189801,	N(7) = 0.341925,	N(8) = 0.178559,	
	N(9) = 0.0189801,	N(10) = 0.00911633,	N(11) = 0.0189801,	N(12) = 1.1965,	N(13) = 0.341925,	
	N(14) = 0.0189801,	N(15) = 0.341925;	Delta[s](0) = 0.0190651,	Delta[s](1) = 0.00997185,	Delta[s](2) = 0.00328424,	
	Delta[s](3) = 0.00997185,	Delta[s](4) = 0.00997185,	Delta[s](5) = 0.0062934,	Delta[s](6) = 0.00127054,	Delta[s](7) = 0.0062934,	
	Delta[s](8) = 0.00328424,	Delta[s](9) = 0.00127054,	Delta[s](10) = 0.00109312,	Delta[s](11) = 0.00127054,	Delta[s](12) = 0.00997185,	
	Delta[s](13) = 0.0062934,	Delta[s](14) = 0.00127054,	Delta[s](15) = 0.0062934;	Delta[d](0) = 0.0459899,	Delta[d](1) = 0.0388975,	
	Delta[d](2) = 0.0308899,	Delta[d](3) = 0.0388975,	Delta[d](4) = 0.0388975,	Delta[d](5) = 0.0655222,	Delta[d](6) = 0.0451461,	
	Delta[d](7) = 0.0655222,	Delta[d](8) = 0.0308899,	Delta[d](9) = 0.0451461,	Delta[d](10) = 0.0106918,	Delta[d](11) = 0.0451461,	
	Delta[d](12) = 0.0388975,	Delta[d](13) = 0.0655222,	Delta[d](14) = 0.0451461,	Delta[d](15) = 0.0655222;	Delta[s+](0) = 0.195524,	
	Delta[s+](1) = 0.125921,	Delta[s+](2) = 0.0308899,	Delta[s+](3) = 0.125921,	Delta[s+](4) = 0.125921,	Delta[s+](5) = 0.0692811,	
	Delta[s+](6) = 0.0155208,	Delta[s+](7) = 0.0692811,	Delta[s+](8) = 0.0308899,	Delta[s+](9) = 0.0155208,	Delta[s+](10) = 0.00419317,	
	Delta[s+](11) = 0.0155208,	Delta[s+](12) = 0.125921,	Delta[s+](13) = 0.0692811,	Delta[s+](14) = 0.0155208,	Delta[s+](15) = 0.0692811
	
The 7-th iteration is completed.	|| time cost : 0h 0m 2.976s
********************************************************************************************************************
********************************************************************************************************************
Ground state is obtained after 8 iterations. The current ground-state energy is -19.222, in which electron energy is -19.2655 and phonon energy is 0.0435595
Final variational state is: 
	Gamma_x = [      1,1.09114,1.08872,1.09114,1.09114,1.10328,1.12587,1.10328,1.08872,1.12587,1.20335,1.12587,1.09114,1.10328,1.12587,1.10328]
	lambda_q = [       1,0.327789,0.228552,0.327789,0.327789, 0.24745,0.224243, 0.24745,0.228552,0.224243,0.251291,0.224243,0.327789, 0.24745,0.224243, 0.24745]
Effective e-e interactions mediated by phonons are:
	momentum-space Vq = [       -1,-0.548133,-0.404869,-0.548133,-0.548133,-0.433668,-0.398201,-0.433668,-0.404869,-0.398201,-0.439435,-0.398201,-0.548133,-0.433668,-0.398201,-0.433668]
	real-space Vr = [ -0.485574,-0.0537768,-0.0321563,-0.0537768,-0.0537768,-0.0393561,-0.0162939,-0.0393561,-0.0321563,-0.0162939,-0.0124067,-0.0162939,-0.0537768,-0.0393561,-0.0162939,-0.0393561]
********************************************************************************************************************
o___o  ----------------------------------------
| L |	Time since last clock: 0h 0m 0.005s
A===A	Time since the beginning: 0h 0m 15.816s
***********************************************


Non-Gaussina ED ground state calculation is completed. The final ground-state energy is -19.222
********************************************************************************************************************
o___o  ----------------------------------------
| L |	Time since last clock: 0h 0m 0.002s
A===A	Time since the beginning: 0h 0m 15.819s
***********************************************



********************************************************************************************************************
All non-Gaussian ED ground state calculations have been completed. Exit now.
