SNEDics v3.21.4 Non-Gaussian ED ground state program		Start at Mon Jul 26 03:49:53 2021

parallized on 32 MPI threads  * 8 OpenMP threads = 256 total threads.
********************************************************************************************************************
********************************************************************************************************************

********************************************************************************************************************
System parameters and configurations
	special program options are enabled: splitted diagonal Hamiltonian | splitted Hamiltonian terms
********************************************************************************************************************
Read input file "model_params.in"
	Hubbard-Holstein model parameters : 	t = 1    U = 8    g = 0.02    W = 0.2    g' = 0.12    
********************************************************************************************************************
Read input file "hilbertspace_params.in"
	Requested 16-site 2D lattice, with 12 electrons (6, 6)
	Boundary : Periodic		Hilbert space representation : momentum-space (restricted to kIdx = 0)
	Conservation: particle number[U(1)]      spin[U(1)]     momentum
********************************************************************************************************************

Cluster Positions:				Cluster symmetry group : D4
 x ... x ... x ... x .....                       x ... x ... x ... x .....
 |           |           :                       |           |           :
 |           |           :                       |           |           :
12    13    14    15     x                       1     5     6     5     x
 |           |           :                       |           |           :
 |           |           :                       |           |           :
 8 --- 9 ---10 ---11 --- x                       2 --- 6 ---10 --- 6 --- x
 |           |           :                       |           |           :
 |           |           :                       |           |           :
 4     5     6     7     x                       1     5     6     5     x
 |           |           :                       |           |           :
 |           |           :                       |           |           :
 0 --- 1 --- 2 --- 3 --- x                       0 --- 1 --- 2 --- 1 --- x
orbital number : 1
********************************************************************************************************************
Read input file "obs_params.in"
	Observable Type : Nq(All),   Sq(All),   N(All),   Delta[s](All),   Delta[d](All),   Delta[s+](All)
** WARNING ** the input observables have non-local factors which have been reinterpreted. The total observable number is 96
********************************************************************************************************************


********************************************************************************************************************
Start calculating the non-Gaussian ED ground state
Maximal iteration number is 1000; energy resolution is 1e-06. Phonon state relaxation time is 2000
W = 0.2 is relatively large. The non-Gaussian ED calculation starts directly.
open output files: NGSED_iteration_obserbles.txt
********************************************************************************************************************
Start the 0 rounds of NGS-ED iteration
	effective electronic model is modified as: kinetic energy t = 1
	                                           effective interaction Vq = [0,0,0,0,0,0,0,0,0,0,0,0,0,0,0,0]
	first Hamiltonian is constructed, size = 4008592 and non-zero numbers = 969134044
	PARPACK diagonalization completed after 150 matrix-vector product operations.
	iteration results: : total energy is -14.925310 | electron energy -14.925310 + phonon energy 0.000000 | electron momentum kIdx = 0
	Nq(0) = 9,	Nq(1) = 0.191675,	Nq(2) = 0.266183,	Nq(3) = 0.191675,	Nq(4) = 0.191675,	Nq(5) = 0.245517,	
	Nq(6) = 0.314107,	Nq(7) = 0.245517,	Nq(8) = 0.266183,	Nq(9) = 0.314107,	Nq(10) = 0.369338,	
	Nq(11) = 0.314107,	Nq(12) = 0.191675,	Nq(13) = 0.245517,	Nq(14) = 0.314107,	Nq(15) = 0.245517;	
	Sq(0) = 3.02743e-18,	Sq(1) = 0.554662,	Sq(2) = 0.424361,	Sq(3) = 0.554662,	Sq(4) = 0.554662,	
	Sq(5) = 0.79749,	Sq(6) = 1.01287,	Sq(7) = 0.79749,	Sq(8) = 0.424361,	Sq(9) = 1.01287,	
	Sq(10) = 0.784303,	Sq(11) = 1.01287,	Sq(12) = 0.554662,	Sq(13) = 0.79749,	Sq(14) = 1.01287,	
	Sq(15) = 0.79749;	N(0) = 1.76735,	N(1) = 1.6264,	N(2) = 0.74365,	N(3) = 1.6264,	
	N(4) = 1.6264,	N(5) = 0.392302,	N(6) = 0.144321,	N(7) = 0.392302,	N(8) = 0.74365,	
	N(9) = 0.144321,	N(10) = 0.0932732,	N(11) = 0.144321,	N(12) = 1.6264,	N(13) = 0.392302,	
	N(14) = 0.144321,	N(15) = 0.392302;	Delta[s](0) = 0.0655313,	Delta[s](1) = 0.0452972,	Delta[s](2) = 0.0303851,	
	Delta[s](3) = 0.0452972,	Delta[s](4) = 0.0452972,	Delta[s](5) = 0.0270938,	Delta[s](6) = 0.00934,	Delta[s](7) = 0.0270938,	
	Delta[s](8) = 0.0303851,	Delta[s](9) = 0.00934,	Delta[s](10) = 0.000224806,	Delta[s](11) = 0.00934,	Delta[s](12) = 0.0452972,	
	Delta[s](13) = 0.0270938,	Delta[s](14) = 0.00934,	Delta[s](15) = 0.0270938;	Delta[d](0) = 0.229371,	Delta[d](1) = 0.180047,	
	Delta[d](2) = 0.222205,	Delta[d](3) = 0.180047,	Delta[d](4) = 0.180047,	Delta[d](5) = 0.123015,	Delta[d](6) = 0.150449,	
	Delta[d](7) = 0.123015,	Delta[d](8) = 0.222205,	Delta[d](9) = 0.150449,	Delta[d](10) = 0.0768938,	Delta[d](11) = 0.150449,	
	Delta[d](12) = 0.180047,	Delta[d](13) = 0.123015,	Delta[d](14) = 0.150449,	Delta[d](15) = 0.123015;	Delta[s+](0) = 0.529437,	
	Delta[s+](1) = 0.361089,	Delta[s+](2) = 0.222205,	Delta[s+](3) = 0.361089,	Delta[s+](4) = 0.361089,	Delta[s+](5) = 0.177117,	
	Delta[s+](6) = 0.0626854,	Delta[s+](7) = 0.177117,	Delta[s+](8) = 0.222205,	Delta[s+](9) = 0.0626854,	Delta[s+](10) = 0.0157353,	
	Delta[s+](11) = 0.0626854,	Delta[s+](12) = 0.361089,	Delta[s+](13) = 0.177117,	Delta[s+](14) = 0.0626854,	Delta[s+](15) = 0.177117
	
The 0-th iteration is completed.	|| time cost : 0h 2m 4.686s
********************************************************************************************************************
Start the 1 rounds of NGS-ED iteration
	effective electronic model is modified as: kinetic energy t = 0.997868
	                                           effective interaction Vq = [       -1.25,  -0.0421701,-0.000172109,  -0.0421701,  -0.0421701,-0.000159553,  -0.0170295,-0.000159553,-0.000172109,  -0.0170295,  -0.0730667,  -0.0170295,  -0.0421701,-0.000159553,  -0.0170295,-0.000159553]
	PARPACK diagonalization completed after 45 matrix-vector product operations.
	iteration results: : total energy is -26.215587 | electron energy -26.216904 + phonon energy 0.001317 | electron momentum kIdx = 0
The 1-th iteration is completed.	|| time cost : 0h 1m 18.523s
********************************************************************************************************************
Start the 2 rounds of NGS-ED iteration
	effective electronic model is modified as: kinetic energy t = 0.997851
	                                           effective interaction Vq = [       -1.25,   -0.042314,-0.000171608,   -0.042314,   -0.042314,-0.000159169,  -0.0170257,-0.000159169,-0.000171608,  -0.0170257,  -0.0737536,  -0.0170257,   -0.042314,-0.000159169,  -0.0170257,-0.000159169]
	PARPACK diagonalization completed after 30 matrix-vector product operations.
	iteration results: : total energy is -26.215588 | electron energy -26.216942 + phonon energy 0.001354 | electron momentum kIdx = 0
The 2-th iteration is completed.	|| time cost : 0h 0m 9.739s
********************************************************************************************************************
Start the 3 rounds of NGS-ED iteration
	effective electronic model is modified as: kinetic energy t = 0.997851
	                                           effective interaction Vq = [       -1.25,  -0.0423144,-0.000171606,  -0.0423144,  -0.0423144,-0.000159167,  -0.0170255,-0.000159167,-0.000171606,  -0.0170255,  -0.0737608,  -0.0170255,  -0.0423144,-0.000159167,  -0.0170255,-0.000159167]
	PARPACK diagonalization completed after 30 matrix-vector product operations.
	iteration results: : total energy is -26.215588 | electron energy -26.216942 + phonon energy 0.001354 | electron momentum kIdx = 0
The 3-th iteration is completed.	|| time cost : 0h 0m 9.813s
********************************************************************************************************************
Start the 4 rounds of NGS-ED iteration
	effective electronic model is modified as: kinetic energy t = 0.997851
	                                           effective interaction Vq = [       -1.25,  -0.0423144,-0.000171606,  -0.0423144,  -0.0423144,-0.000159167,  -0.0170255,-0.000159167,-0.000171606,  -0.0170255,  -0.0737609,  -0.0170255,  -0.0423144,-0.000159167,  -0.0170255,-0.000159167]
	PARPACK diagonalization completed after 30 matrix-vector product operations.
	iteration results: : total energy is -26.215588 | electron energy -26.216942 + phonon energy 0.001354 | electron momentum kIdx = 0
	Nq(0) = 9,	Nq(1) = 0.19256,	Nq(2) = 0.265653,	Nq(3) = 0.19256,	Nq(4) = 0.19256,	Nq(5) = 0.245165,	
	Nq(6) = 0.31438,	Nq(7) = 0.245165,	Nq(8) = 0.265653,	Nq(9) = 0.31438,	Nq(10) = 0.372577,	
	Nq(11) = 0.31438,	Nq(12) = 0.19256,	Nq(13) = 0.245165,	Nq(14) = 0.31438,	Nq(15) = 0.245165;	
	Sq(0) = -2.97426e-18,	Sq(1) = 0.553966,	Sq(2) = 0.424252,	Sq(3) = 0.553966,	Sq(4) = 0.553966,	
	Sq(5) = 0.797116,	Sq(6) = 1.01232,	Sq(7) = 0.797116,	Sq(8) = 0.424252,	Sq(9) = 1.01232,	
	Sq(10) = 0.785605,	Sq(11) = 1.01232,	Sq(12) = 0.553966,	Sq(13) = 0.797116,	Sq(14) = 1.01232,	
	Sq(15) = 0.797116;	N(0) = 1.76791,	N(1) = 1.62828,	N(2) = 0.742664,	N(3) = 1.62828,	
	N(4) = 1.62828,	N(5) = 0.391243,	N(6) = 0.143888,	N(7) = 0.391243,	N(8) = 0.742664,	
	N(9) = 0.143888,	N(10) = 0.0931119,	N(11) = 0.143888,	N(12) = 1.62828,	N(13) = 0.391243,	
	N(14) = 0.143888,	N(15) = 0.391243;	Delta[s](0) = 0.065864,	Delta[s](1) = 0.0455377,	Delta[s](2) = 0.0305826,	
	Delta[s](3) = 0.0455377,	Delta[s](4) = 0.0455377,	Delta[s](5) = 0.0272791,	Delta[s](6) = 0.0094063,	Delta[s](7) = 0.0272791,	
	Delta[s](8) = 0.0305826,	Delta[s](9) = 0.0094063,	Delta[s](10) = 0.000228509,	Delta[s](11) = 0.0094063,	Delta[s](12) = 0.0455377,	
	Delta[s](13) = 0.0272791,	Delta[s](14) = 0.0094063,	Delta[s](15) = 0.0272791;	Delta[d](0) = 0.229334,	Delta[d](1) = 0.180029,	
	Delta[d](2) = 0.222256,	Delta[d](3) = 0.180029,	Delta[d](4) = 0.180029,	Delta[d](5) = 0.122974,	Delta[d](6) = 0.150389,	
	Delta[d](7) = 0.122974,	Delta[d](8) = 0.222256,	Delta[d](9) = 0.150389,	Delta[d](10) = 0.0764936,	Delta[d](11) = 0.150389,	
	Delta[d](12) = 0.180029,	Delta[d](13) = 0.122974,	Delta[d](14) = 0.150389,	Delta[d](15) = 0.122974;	Delta[s+](0) = 0.529793,	
	Delta[s+](1) = 0.361291,	Delta[s+](2) = 0.222256,	Delta[s+](3) = 0.361291,	Delta[s+](4) = 0.361291,	Delta[s+](5) = 0.177189,	
	Delta[s+](6) = 0.0626604,	Delta[s+](7) = 0.177189,	Delta[s+](8) = 0.222256,	Delta[s+](9) = 0.0626604,	Delta[s+](10) = 0.015746,	
	Delta[s+](11) = 0.0626604,	Delta[s+](12) = 0.361291,	Delta[s+](13) = 0.177189,	Delta[s+](14) = 0.0626604,	Delta[s+](15) = 0.177189
	
The 4-th iteration is completed.	|| time cost : 0h 1m 21.202s
********************************************************************************************************************
********************************************************************************************************************
Ground state is obtained after 5 iterations. The current ground-state energy is -26.2156, in which electron energy is -26.2169 and phonon energy is 0.00135421
Final variational state is: 
	Gamma_x = [      1,1.04015,1.00022,1.04015,1.04015,1.00019,1.02662,1.00019,1.00022,1.02662,1.14399,1.02662,1.04015,1.00019,1.02662,1.00019]
	lambda_q = [       2.5, 0.0840938,0.00438635, 0.0840938, 0.0840938,0.00406167,-0.0393999,0.00406167,0.00438635,-0.0393999,-0.0816232,-0.0393999, 0.0840938,0.00406167,-0.0393999,0.00406167]
Effective e-e interactions mediated by phonons are:
	momentum-space Vq = [       -1.25,  -0.0423144,-0.000171606,  -0.0423144,  -0.0423144,-0.000159167,  -0.0170255,-0.000159167,-0.000171606,  -0.0170255,  -0.0737609,  -0.0170255,  -0.0423144,-0.000159167,  -0.0170255,-0.000159167]
	real-space Vr = [-0.0976313,-0.0766761,-0.0827167,-0.0766761,-0.0766761,-0.0827136,-0.0703538,-0.0827136,-0.0827167,-0.0703538,-0.0679613,-0.0703538,-0.0766761,-0.0827136,-0.0703538,-0.0827136]
********************************************************************************************************************
o___o  ----------------------------------------
| L |	Time since last clock: 0h 0m 0.01s
A===A	Time since the beginning: 0h 5m 3.976s
***********************************************


Non-Gaussina ED ground state calculation is completed. The final ground-state energy is -26.2156
********************************************************************************************************************
o___o  ----------------------------------------
| L |	Time since last clock: 0h 0m 0.006s
A===A	Time since the beginning: 0h 5m 3.982s
***********************************************



********************************************************************************************************************
All non-Gaussian ED ground state calculations have been completed. Exit now.
