SNEDics v3.22.2 Non-Gaussian ED ground state program		Start at Sun May 15 17:12:32 2022

Parallelization: 32 MPI threads  * 8 OpenMP threads = 256 total threads.
********************************************************************************************************************
********************************************************************************************************************

********************************************************************************************************************
System parameters and configurations
	special program options are enabled: splitted diagonal Hamiltonian | splitted Hamiltonian terms
********************************************************************************************************************
Read input file "model_params.in"
	Hubbard-Holstein model parameters : 	t = 1    U = 8    g = 0.35    W = 0.2    
********************************************************************************************************************
Read input file "hilbertspace_params.in"
	Requested 16-site 2D lattice, with 12 electrons (6, 6)
	Boundary : Periodic		Hilbert space representation : momentum-space (restricted to kIdx = 0)
	Conservation: particle number[U(1)]      spin[U(1)]     momentum
********************************************************************************************************************

Cluster Positions:				Cluster symmetry group : D4
 x ... x ... x ... x .....                       x ... x ... x ... x .....
 |           |           :                       |           |           :
 |           |           :                       |           |           :
12    13    14    15     x                       1     5     6     5     x
 |           |           :                       |           |           :
 |           |           :                       |           |           :
 8 --- 9 ---10 ---11 --- x                       2 --- 6 ---10 --- 6 --- x
 |           |           :                       |           |           :
 |           |           :                       |           |           :
 4     5     6     7     x                       1     5     6     5     x
 |           |           :                       |           |           :
 |           |           :                       |           |           :
 0 --- 1 --- 2 --- 3 --- x                       0 --- 1 --- 2 --- 1 --- x
orbital number : 1
********************************************************************************************************************
Read input file "obs_params.in"
	Observable Type : Nq(All),   Sq(All),   N(All-Orbital),   Delta[s](All),   Delta[d](All),   Delta[s+](All)
** WARNING ** the input observables have non-local factors which have been reinterpreted. The total observable number is 96
********************************************************************************************************************


********************************************************************************************************************
Start calculating the non-Gaussian ED ground state
Maximal iteration number is 1000; energy resolution is 1e-06. Phonon state relaxation time is 2000
W = 0.2 is relatively large. The non-Gaussian ED calculation starts directly.
open output files: NGSED_iteration_observables.txt
********************************************************************************************************************
Start the 0 rounds of NGS-ED iteration
	effective electronic model is modified as: kinetic energy t = 1
	                                           effective interaction Vq = [0,0,0,0,0,0,0,0,0,0,0,0,0,0,0,0]
	first Hamiltonian is constructed, size = 4008592 and non-zero numbers = 969134044
	PARPACK diagonalization completed after 150 matrix-vector product operations.
	iteration results: : total energy is -14.925310 | electron energy -14.925310 + phonon energy 0.000000 | electron momentum kIdx = 0
	Nq(0) = 9,	Nq(1) = 0.191675,	Nq(2) = 0.266183,	Nq(3) = 0.191675,	Nq(4) = 0.191675,	Nq(5) = 0.245517,	
	Nq(6) = 0.314107,	Nq(7) = 0.245517,	Nq(8) = 0.266183,	Nq(9) = 0.314107,	Nq(10) = 0.369338,	
	Nq(11) = 0.314107,	Nq(12) = 0.191675,	Nq(13) = 0.245517,	Nq(14) = 0.314107,	Nq(15) = 0.245517;	
	Sq(0) = 3.02743e-18,	Sq(1) = 0.554662,	Sq(2) = 0.424361,	Sq(3) = 0.554662,	Sq(4) = 0.554662,	
	Sq(5) = 0.79749,	Sq(6) = 1.01287,	Sq(7) = 0.79749,	Sq(8) = 0.424361,	Sq(9) = 1.01287,	
	Sq(10) = 0.784303,	Sq(11) = 1.01287,	Sq(12) = 0.554662,	Sq(13) = 0.79749,	Sq(14) = 1.01287,	
	Sq(15) = 0.79749;	N(0) = 1.76735,	N(1) = 1.6264,	N(2) = 0.74365,	N(3) = 1.6264,	
	N(4) = 1.6264,	N(5) = 0.392302,	N(6) = 0.144321,	N(7) = 0.392302,	N(8) = 0.74365,	
	N(9) = 0.144321,	N(10) = 0.0932732,	N(11) = 0.144321,	N(12) = 1.6264,	N(13) = 0.392302,	
	N(14) = 0.144321,	N(15) = 0.392302;	Delta[s](0) = 0.0649976,	Delta[s](1) = 0.0450615,	Delta[s](2) = 0.0303497,	
	Delta[s](3) = 0.0450615,	Delta[s](4) = 0.0450615,	Delta[s](5) = 0.0271199,	Delta[s](6) = 0.00960989,	Delta[s](7) = 0.0271199,	
	Delta[s](8) = 0.0303497,	Delta[s](9) = 0.00960989,	Delta[s](10) = 0.000588098,	Delta[s](11) = 0.00960989,	Delta[s](12) = 0.0450615,	
	Delta[s](13) = 0.0271199,	Delta[s](14) = 0.00960989,	Delta[s](15) = 0.0271199;	Delta[d](0) = 0.228892,	Delta[d](1) = 0.179946,	
	Delta[d](2) = 0.221855,	Delta[d](3) = 0.179946,	Delta[d](4) = 0.179946,	Delta[d](5) = 0.123234,	Delta[d](6) = 0.150428,	
	Delta[d](7) = 0.123234,	Delta[d](8) = 0.221855,	Delta[d](9) = 0.150428,	Delta[d](10) = 0.0775805,	Delta[d](11) = 0.150428,	
	Delta[d](12) = 0.179946,	Delta[d](13) = 0.123234,	Delta[d](14) = 0.150428,	Delta[d](15) = 0.123234;	Delta[s+](0) = 0.52788,	
	Delta[s+](1) = 0.360122,	Delta[s+](2) = 0.221855,	Delta[s+](3) = 0.360122,	Delta[s+](4) = 0.360122,	Delta[s+](5) = 0.177049,	
	Delta[s+](6) = 0.0631203,	Delta[s+](7) = 0.177049,	Delta[s+](8) = 0.221855,	Delta[s+](9) = 0.0631203,	Delta[s+](10) = 0.0161143,	
	Delta[s+](11) = 0.0631203,	Delta[s+](12) = 0.360122,	Delta[s+](13) = 0.177049,	Delta[s+](14) = 0.0631203,	Delta[s+](15) = 0.177049
	
The 0-th iteration is completed.	|| time cost : 0h 2m 2.933s
********************************************************************************************************************
Start the 1 rounds of NGS-ED iteration
	effective electronic model is modified as: kinetic energy t = 0.994381
	                                           effective interaction Vq = [   -0.6125,-0.0790503,-0.0566162,-0.0790503,-0.0790503,-0.0519643,-0.0450421,-0.0519643,-0.0566162,-0.0450421,-0.0401157,-0.0450421,-0.0790503,-0.0519643,-0.0450421,-0.0519643]
	PARPACK diagonalization completed after 45 matrix-vector product operations.
	iteration results: : total energy is -20.543356 | electron energy -20.546968 + phonon energy 0.003613 | electron momentum kIdx = 0
The 1-th iteration is completed.	|| time cost : 0h 1m 17.897s
********************************************************************************************************************
Start the 2 rounds of NGS-ED iteration
	effective electronic model is modified as: kinetic energy t = 0.994371
	                                           effective interaction Vq = [   -0.6125,-0.0793766,-0.0566135,-0.0793766,-0.0793766,-0.0519516,-0.0450257,-0.0519516,-0.0566135,-0.0450257,-0.0401151,-0.0450257,-0.0793766,-0.0519516,-0.0450257,-0.0519516]
	PARPACK diagonalization completed after 30 matrix-vector product operations.
	iteration results: : total energy is -20.543356 | electron energy -20.547000 + phonon energy 0.003643 | electron momentum kIdx = 0
The 2-th iteration is completed.	|| time cost : 0h 0m 9.343s
********************************************************************************************************************
Start the 3 rounds of NGS-ED iteration
	effective electronic model is modified as: kinetic energy t = 0.994371
	                                           effective interaction Vq = [   -0.6125,-0.0793797,-0.0566128,-0.0793797,-0.0793797,-0.0519512,-0.0450253,-0.0519512,-0.0566128,-0.0450253,-0.0401149,-0.0450253,-0.0793797,-0.0519512,-0.0450253,-0.0519512]
	PARPACK diagonalization completed after 30 matrix-vector product operations.
	iteration results: : total energy is -20.543356 | electron energy -20.547000 + phonon energy 0.003643 | electron momentum kIdx = 0
The 3-th iteration is completed.	|| time cost : 0h 0m 9.346s
********************************************************************************************************************
Start the 4 rounds of NGS-ED iteration
	effective electronic model is modified as: kinetic energy t = 0.994371
	                                           effective interaction Vq = [   -0.6125,-0.0793797,-0.0566128,-0.0793797,-0.0793797,-0.0519512,-0.0450253,-0.0519512,-0.0566128,-0.0450253,-0.0401149,-0.0450253,-0.0793797,-0.0519512,-0.0450253,-0.0519512]
	PARPACK diagonalization completed after 30 matrix-vector product operations.
	iteration results: : total energy is -20.543356 | electron energy -20.547000 + phonon energy 0.003643 | electron momentum kIdx = 0
	Nq(0) = 9,	Nq(1) = 0.192866,	Nq(2) = 0.266746,	Nq(3) = 0.192866,	Nq(4) = 0.192866,	Nq(5) = 0.245996,	
	Nq(6) = 0.314682,	Nq(7) = 0.245996,	Nq(8) = 0.266746,	Nq(9) = 0.314682,	Nq(10) = 0.370133,	
	Nq(11) = 0.314682,	Nq(12) = 0.192866,	Nq(13) = 0.245996,	Nq(14) = 0.314682,	Nq(15) = 0.245996;	
	Sq(0) = 1.89593e-18,	Sq(1) = 0.553812,	Sq(2) = 0.424337,	Sq(3) = 0.553812,	Sq(4) = 0.553812,	
	Sq(5) = 0.796602,	Sq(6) = 1.0117,	Sq(7) = 0.796602,	Sq(8) = 0.424337,	Sq(9) = 1.0117,	
	Sq(10) = 0.78508,	Sq(11) = 1.0117,	Sq(12) = 0.553812,	Sq(13) = 0.796602,	Sq(14) = 1.0117,	
	Sq(15) = 0.796602;	N(0) = 1.76957,	N(1) = 1.62951,	N(2) = 0.742613,	N(3) = 1.62951,	
	N(4) = 1.62951,	N(5) = 0.39025,	N(6) = 0.143341,	N(7) = 0.39025,	N(8) = 0.742613,	
	N(9) = 0.143341,	N(10) = 0.0928208,	N(11) = 0.143341,	N(12) = 1.62951,	N(13) = 0.39025,	
	N(14) = 0.143341,	N(15) = 0.39025;	Delta[s](0) = 0.0657318,	Delta[s](1) = 0.0455714,	Delta[s](2) = 0.0307501,	
	Delta[s](3) = 0.0455714,	Delta[s](4) = 0.0455714,	Delta[s](5) = 0.0274686,	Delta[s](6) = 0.00972807,	Delta[s](7) = 0.0274686,	
	Delta[s](8) = 0.0307501,	Delta[s](9) = 0.00972807,	Delta[s](10) = 0.000596017,	Delta[s](11) = 0.00972807,	Delta[s](12) = 0.0455714,	
	Delta[s](13) = 0.0274686,	Delta[s](14) = 0.00972807,	Delta[s](15) = 0.0274686;	Delta[d](0) = 0.229078,	Delta[d](1) = 0.180032,	
	Delta[d](2) = 0.222047,	Delta[d](3) = 0.180032,	Delta[d](4) = 0.180032,	Delta[d](5) = 0.123197,	Delta[d](6) = 0.150414,	
	Delta[d](7) = 0.123197,	Delta[d](8) = 0.222047,	Delta[d](9) = 0.150414,	Delta[d](10) = 0.0769137,	Delta[d](11) = 0.150414,	
	Delta[d](12) = 0.180032,	Delta[d](13) = 0.123197,	Delta[d](14) = 0.150414,	Delta[d](15) = 0.123197;	Delta[s+](0) = 0.528643,	
	Delta[s+](1) = 0.360594,	Delta[s+](2) = 0.222047,	Delta[s+](3) = 0.360594,	Delta[s+](4) = 0.360594,	Delta[s+](5) = 0.177106,	
	Delta[s+](6) = 0.0629748,	Delta[s+](7) = 0.177106,	Delta[s+](8) = 0.222047,	Delta[s+](9) = 0.0629748,	Delta[s+](10) = 0.0160425,	
	Delta[s+](11) = 0.0629748,	Delta[s+](12) = 0.360594,	Delta[s+](13) = 0.177106,	Delta[s+](14) = 0.0629748,	Delta[s+](15) = 0.177106
	
The 4-th iteration is completed.	|| time cost : 0h 1m 19.032s
********************************************************************************************************************
********************************************************************************************************************
Ground state is obtained after 5 iterations. The current ground-state energy is -20.5434, in which electron energy is -20.547 and phonon energy is 0.0036433
Final variational state is: 
	Gamma_x = [      1,1.07662,1.07639,1.07662,1.07662,1.06443, 1.0719,1.06443,1.07639, 1.0719,1.07564, 1.0719,1.07662,1.06443, 1.0719,1.06443]
	lambda_q = [     1.75, 0.117333,0.0828359, 0.117333, 0.117333,0.0758602,0.0655495,0.0758602,0.0828359,0.0655495,0.0582773,0.0655495, 0.117333,0.0758602,0.0655495,0.0758602]
Effective e-e interactions mediated by phonons are:
	momentum-space Vq = [   -0.6125,-0.0793797,-0.0566128,-0.0793797,-0.0793797,-0.0519512,-0.0450253,-0.0519512,-0.0566128,-0.0450253,-0.0401149,-0.0450253,-0.0793797,-0.0519512,-0.0450253,-0.0519512]
	real-space Vr = [-0.0919541,-0.0400684,-0.0348772,-0.0400684,-0.0400684,-0.0337118,-0.0314798,-0.0337118,-0.0348772,-0.0314798,-0.0297516,-0.0314798,-0.0400684,-0.0337118,-0.0314798,-0.0337118]
********************************************************************************************************************
o___o  ----------------------------------------
| L |	Time since last clock: 0h 0m 0.008s
A===A	Time since the beginning: 0h 4m 58.562s
***********************************************


Non-Gaussina ED ground state calculation is completed. The final ground-state energy is -20.5434
********************************************************************************************************************
o___o  ----------------------------------------
| L |	Time since last clock: 0h 0m 0.049s
A===A	Time since the beginning: 0h 4m 58.612s
***********************************************



********************************************************************************************************************
All non-Gaussian ED ground state calculations have been completed. Exit now.
