SNEDics v3.22.2 Non-Gaussian ED ground state program		Start at Thu Jun  9 06:05:04 2022

Parallelization: 32 MPI threads  * 8 OpenMP threads = 256 total threads.
********************************************************************************************************************
********************************************************************************************************************

********************************************************************************************************************
System parameters and configurations
	special program options are enabled: splitted diagonal Hamiltonian | splitted Hamiltonian terms
********************************************************************************************************************
Read input file "model_params.in"
	Hubbard-Holstein model parameters : 	t = 1    t' = -0.3    U = 8    g = 0.65    W = 0.2    g' = 0.6    
********************************************************************************************************************
Read input file "hilbertspace_params.in"
	Requested 16-site 2D lattice, with 8 electrons (4, 4)
	Boundary : Periodic		Hilbert space representation : momentum-space (restricted to kIdx = 10)
	Conservation: particle number[U(1)]      spin[U(1)]     momentum
********************************************************************************************************************

Cluster Positions:				Cluster symmetry group : D4
 x ... x ... x ... x .....                       x ... x ... x ... x .....
 |           |           :                       |           |           :
 |           |           :                       |           |           :
12    13    14    15     x                       1     5     6     5     x
 |           |           :                       |           |           :
 |           |           :                       |           |           :
 8 --- 9 ---10 ---11 --- x                       2 --- 6 ---10 --- 6 --- x
 |           |           :                       |           |           :
 |           |           :                       |           |           :
 4     5     6     7     x                       1     5     6     5     x
 |           |           :                       |           |           :
 |           |           :                       |           |           :
 0 --- 1 --- 2 --- 3 --- x                       0 --- 1 --- 2 --- 1 --- x
orbital number : 1
********************************************************************************************************************
Read input file "obs_params.in"
	Observable Type : Nq(All),   Sq(All),   N(All-Orbital),   Delta[s](All),   Delta[d](All),   Delta[s+](All)
** WARNING ** the input observables have non-local factors which have been reinterpreted. The total observable number is 96
********************************************************************************************************************


********************************************************************************************************************
Start calculating the non-Gaussian ED ground state
Maximal iteration number is 1000; energy resolution is 1e-06. Phonon state relaxation time is 2000
W = 0.2 is relatively large. The non-Gaussian ED calculation starts directly.
open output files: NGSED_iteration_observables.txt
********************************************************************************************************************
Start the 0 rounds of NGS-ED iteration
	effective electronic model is modified as: kinetic energy t = 1, t' = -0.3
	                                           effective interaction Vq = [0,0,0,0,0,0,0,0,0,0,0,0,0,0,0,0]
	first Hamiltonian is constructed, size = 207168 and non-zero numbers = 32240256
	PARPACK diagonalization completed after 105 matrix-vector product operations.
	iteration results: : total energy is -14.405877 | electron energy -14.405877 + phonon energy 0.000000 | electron momentum kIdx = 10
	Nq(0) = 4,	Nq(1) = 0.191255,	Nq(2) = 0.234333,	Nq(3) = 0.191255,	Nq(4) = 0.191255,	Nq(5) = 0.305984,	
	Nq(6) = 0.331756,	Nq(7) = 0.305984,	Nq(8) = 0.234333,	Nq(9) = 0.331756,	Nq(10) = 0.361611,	
	Nq(11) = 0.331756,	Nq(12) = 0.191255,	Nq(13) = 0.305984,	Nq(14) = 0.331756,	Nq(15) = 0.305984;	
	Sq(0) = -3.48352e-18,	Sq(1) = 0.388709,	Sq(2) = 0.400904,	Sq(3) = 0.388709,	Sq(4) = 0.388709,	
	Sq(5) = 0.66772,	Sq(6) = 0.571758,	Sq(7) = 0.66772,	Sq(8) = 0.400904,	Sq(9) = 0.571758,	
	Sq(10) = 0.539189,	Sq(11) = 0.571758,	Sq(12) = 0.388709,	Sq(13) = 0.66772,	Sq(14) = 0.571758,	
	Sq(15) = 0.66772;	N(0) = 1.74885,	N(1) = 0.991935,	N(2) = 0.972078,	N(3) = 0.991935,	
	N(4) = 0.991935,	N(5) = 0.0652548,	N(6) = 0.0181601,	N(7) = 0.0652548,	N(8) = 0.972078,	
	N(9) = 0.0181601,	N(10) = 0.00559157,	N(11) = 0.0181601,	N(12) = 0.991935,	N(13) = 0.0652548,	
	N(14) = 0.0181601,	N(15) = 0.0652548;	Delta[s](0) = 0.00541542,	Delta[s](1) = 0.00495671,	Delta[s](2) = 0.00475753,	
	Delta[s](3) = 0.00495671,	Delta[s](4) = 0.00495671,	Delta[s](5) = 0.00442524,	Delta[s](6) = 0.00418793,	Delta[s](7) = 0.00442524,	
	Delta[s](8) = 0.00475753,	Delta[s](9) = 0.00418793,	Delta[s](10) = 0.00391746,	Delta[s](11) = 0.00418793,	Delta[s](12) = 0.00495671,	
	Delta[s](13) = 0.00442524,	Delta[s](14) = 0.00418793,	Delta[s](15) = 0.00442524;	Delta[d](0) = 0.0354567,	Delta[d](1) = 0.0536851,	
	Delta[d](2) = 0.0933151,	Delta[d](3) = 0.0536851,	Delta[d](4) = 0.0536851,	Delta[d](5) = 0.0732036,	Delta[d](6) = 0.11893,	
	Delta[d](7) = 0.0732036,	Delta[d](8) = 0.0933151,	Delta[d](9) = 0.11893,	Delta[d](10) = 0.175518,	Delta[d](11) = 0.11893,	
	Delta[d](12) = 0.0536851,	Delta[d](13) = 0.0732036,	Delta[d](14) = 0.11893,	Delta[d](15) = 0.0732036;	Delta[s+](0) = 0.111633,	
	Delta[s+](1) = 0.0875477,	Delta[s+](2) = 0.0933151,	Delta[s+](3) = 0.0875477,	Delta[s+](4) = 0.0875477,	Delta[s+](5) = 0.0544978,	
	Delta[s+](6) = 0.0545209,	Delta[s+](7) = 0.0544978,	Delta[s+](8) = 0.0933151,	Delta[s+](9) = 0.0545209,	Delta[s+](10) = 0.0470351,	
	Delta[s+](11) = 0.0545209,	Delta[s+](12) = 0.0875477,	Delta[s+](13) = 0.0544978,	Delta[s+](14) = 0.0545209,	Delta[s+](15) = 0.0544978
	
The 0-th iteration is completed.	|| time cost : 0h 0m 5.493s
********************************************************************************************************************
Start the 1 rounds of NGS-ED iteration
	effective electronic model is modified as: kinetic energy t = 0.548032, t' = -0.135694
	                                           effective interaction Vq = [ -46.5125, -15.3491,-0.534346, -15.3491, -15.3491, -0.92209,-0.366232, -0.92209,-0.534346,-0.366232, -13.3819,-0.366232, -15.3491, -0.92209,-0.366232, -0.92209]
	PARPACK diagonalization completed after 75 matrix-vector product operations.
	iteration results: : total energy is -276.868242 | electron energy -280.840119 + phonon energy 3.971877 | electron momentum kIdx = 10
The 1-th iteration is completed.	|| time cost : 0h 0m 3.206s
********************************************************************************************************************
Start the 2 rounds of NGS-ED iteration
	effective electronic model is modified as: kinetic energy t = 1.76565e-12, t' = -1.18191e-13
	                                           effective interaction Vq = [-46.5125,-17.1125, -2.1125,-17.1125,-17.1125, -2.1125, -1.5125, -2.1125, -2.1125, -1.5125,-15.3125, -1.5125,-17.1125, -2.1125, -1.5125, -2.1125]
	PARPACK diagonalization completed after 30 matrix-vector product operations.
	iteration results: : total energy is -299.400000 | electron energy -299.400000 + phonon energy 0.000000 | electron momentum kIdx = 10
The 2-th iteration is completed.	|| time cost : 0h 0m 0.376s
********************************************************************************************************************
Start the 3 rounds of NGS-ED iteration
	effective electronic model is modified as: kinetic energy t = 1.82466e-12, t' = -1.18286e-13
	                                           effective interaction Vq = [-46.5125,-17.1125, -2.1125,-17.1125,-17.1125, -2.1125, -1.5125, -2.1125, -2.1125, -1.5125,-15.3125, -1.5125,-17.1125, -2.1125, -1.5125, -2.1125]
	PARPACK diagonalization completed after 30 matrix-vector product operations.
	iteration results: : total energy is -299.400000 | electron energy -299.400000 + phonon energy 0.000000 | electron momentum kIdx = 10
The 3-th iteration is completed.	|| time cost : 0h 0m 0.378s
********************************************************************************************************************
Start the 4 rounds of NGS-ED iteration
	effective electronic model is modified as: kinetic energy (tx,ty)=(1.79175e-12, 1.78043e-12), t' = -1.19113e-13
	                                           effective interaction Vq = [-46.5125,-17.1125, -2.1125,-17.1125,-17.1125, -2.1125,-1.51248, -2.1125, -2.1125, -1.5125,-15.3125, -1.5125,-17.1125, -2.1125,-1.51248, -2.1125]
	PARPACK diagonalization completed after 30 matrix-vector product operations.
	iteration results: : total energy is -299.400000 | electron energy -299.400000 + phonon energy 0.000000 | electron momentum kIdx = 10
The 4-th iteration is completed.	|| time cost : 0h 0m 0.356s
********************************************************************************************************************
Start the 5 rounds of NGS-ED iteration
	effective electronic model is modified as: kinetic energy (tx,ty)=(1.7105e-12, 1.72168e-12), t' = -1.17605e-13
	                                           effective interaction Vq = [-46.5125,-17.1125, -2.1125,-17.1125,-17.1125, -2.1125,-1.51248, -2.1125, -2.1125, -1.5125,-15.3125, -1.5125,-17.1125, -2.1125,-1.51248, -2.1125]
	PARPACK diagonalization completed after 30 matrix-vector product operations.
	iteration results: : total energy is -299.400000 | electron energy -299.400000 + phonon energy 0.000000 | electron momentum kIdx = 10
The 5-th iteration is completed.	|| time cost : 0h 0m 0.351s
********************************************************************************************************************
Start the 6 rounds of NGS-ED iteration
	effective electronic model is modified as: kinetic energy t = 1.76831e-12, t' = -1.18202e-13
	                                           effective interaction Vq = [-46.5125,-17.1125, -2.1125,-17.1125,-17.1125, -2.1125, -1.5125, -2.1125, -2.1125, -1.5125,-15.3125, -1.5125,-17.1125, -2.1125, -1.5125, -2.1125]
	PARPACK diagonalization completed after 30 matrix-vector product operations.
	iteration results: : total energy is -299.400000 | electron energy -299.400000 + phonon energy 0.000000 | electron momentum kIdx = 10
The 6-th iteration is completed.	|| time cost : 0h 0m 0.347s
********************************************************************************************************************
Start the 7 rounds of NGS-ED iteration
	effective electronic model is modified as: kinetic energy t = 1.75133e-12, t' = -1.18138e-13
	                                           effective interaction Vq = [-46.5125,-17.1125, -2.1125,-17.1125,-17.1125, -2.1125, -1.5125, -2.1125, -2.1125, -1.5125,-15.3125, -1.5125,-17.1125, -2.1125, -1.5125, -2.1125]
	PARPACK diagonalization completed after 30 matrix-vector product operations.
	iteration results: : total energy is -299.400000 | electron energy -299.400000 + phonon energy 0.000000 | electron momentum kIdx = 10
The 7-th iteration is completed.	|| time cost : 0h 0m 0.352s
********************************************************************************************************************
Start the 8 rounds of NGS-ED iteration
	effective electronic model is modified as: kinetic energy t = 1.75892e-12, t' = -1.18082e-13
	                                           effective interaction Vq = [-46.5125,-17.1125, -2.1125,-17.1125,-17.1125, -2.1125, -1.5125, -2.1125, -2.1125, -1.5125,-15.3125, -1.5125,-17.1125, -2.1125, -1.5125, -2.1125]
	PARPACK diagonalization completed after 30 matrix-vector product operations.
	iteration results: : total energy is -299.400000 | electron energy -299.400000 + phonon energy 0.000000 | electron momentum kIdx = 10
The 8-th iteration is completed.	|| time cost : 0h 0m 0.347s
********************************************************************************************************************
Start the 9 rounds of NGS-ED iteration
	effective electronic model is modified as: kinetic energy t = 1.76969e-12, t' = -1.18212e-13
	                                           effective interaction Vq = [-46.5125,-17.1125, -2.1125,-17.1125,-17.1125, -2.1125, -1.5125, -2.1125, -2.1125, -1.5125,-15.3125, -1.5125,-17.1125, -2.1125, -1.5125, -2.1125]
	PARPACK diagonalization completed after 30 matrix-vector product operations.
	iteration results: : total energy is -299.400000 | electron energy -299.400000 + phonon energy 0.000000 | electron momentum kIdx = 10
The 9-th iteration is completed.	|| time cost : 0h 0m 0.346s
********************************************************************************************************************
Start the 10 rounds of NGS-ED iteration
	effective electronic model is modified as: kinetic energy t = 1.7612e-12, t' = -1.18174e-13
	                                           effective interaction Vq = [-46.5125,-17.1125, -2.1125,-17.1125,-17.1125, -2.1125, -1.5125, -2.1125, -2.1125, -1.5125,-15.3125, -1.5125,-17.1125, -2.1125, -1.5125, -2.1125]
	PARPACK diagonalization completed after 30 matrix-vector product operations.
	iteration results: : total energy is -299.400000 | electron energy -299.400000 + phonon energy 0.000000 | electron momentum kIdx = 10
The 10-th iteration is completed.	|| time cost : 0h 0m 0.351s
********************************************************************************************************************
Start the 11 rounds of NGS-ED iteration
	effective electronic model is modified as: kinetic energy t = 1.72304e-12, t' = -1.18204e-13
	                                           effective interaction Vq = [-46.5125,-17.1125, -2.1125,-17.1125,-17.1125, -2.1125, -1.5125, -2.1125, -2.1125, -1.5125,-15.3125, -1.5125,-17.1125, -2.1125, -1.5125, -2.1125]
	PARPACK diagonalization completed after 30 matrix-vector product operations.
	iteration results: : total energy is -299.400000 | electron energy -299.400000 + phonon energy 0.000000 | electron momentum kIdx = 10
The 11-th iteration is completed.	|| time cost : 0h 0m 0.346s
********************************************************************************************************************
Start the 12 rounds of NGS-ED iteration
	effective electronic model is modified as: kinetic energy t = 1.76498e-12, t' = -1.18199e-13
	                                           effective interaction Vq = [-46.5125,-17.1125, -2.1125,-17.1125,-17.1125, -2.1125, -1.5125, -2.1125, -2.1125, -1.5125,-15.3125, -1.5125,-17.1125, -2.1125, -1.5125, -2.1125]
	PARPACK diagonalization completed after 30 matrix-vector product operations.
	iteration results: : total energy is -299.400000 | electron energy -299.400000 + phonon energy 0.000000 | electron momentum kIdx = 10
The 12-th iteration is completed.	|| time cost : 0h 0m 0.347s
********************************************************************************************************************
Start the 13 rounds of NGS-ED iteration
	effective electronic model is modified as: kinetic energy (tx,ty)=(1.76842e-12, 1.75787e-12), t' = -1.18894e-13
	                                           effective interaction Vq = [-46.5125,-17.1125,-2.11249,-17.1125,-17.1125, -2.1125, -1.5125, -2.1125, -2.1125, -1.5125,-15.3125, -1.5125,-17.1125, -2.1125, -1.5125, -2.1125]
	PARPACK diagonalization completed after 30 matrix-vector product operations.
	iteration results: : total energy is -299.400000 | electron energy -299.400000 + phonon energy 0.000000 | electron momentum kIdx = 10
The 13-th iteration is completed.	|| time cost : 0h 0m 0.358s
********************************************************************************************************************
Start the 14 rounds of NGS-ED iteration
	effective electronic model is modified as: kinetic energy (tx,ty)=(1.76828e-12, 1.86139e-12), t' = -1.24497e-13
	                                           effective interaction Vq = [-46.5125,-17.1125, -2.1125,-17.1125,-17.1125, -2.1125, -1.5125, -2.1125,-2.11168, -1.5125,-15.3125, -1.5125,-17.1125, -2.1125, -1.5125, -2.1125]
	PARPACK diagonalization completed after 30 matrix-vector product operations.
	iteration results: : total energy is -299.400000 | electron energy -299.400000 + phonon energy 0.000000 | electron momentum kIdx = 10
The 14-th iteration is completed.	|| time cost : 0h 0m 0.355s
********************************************************************************************************************
Start the 15 rounds of NGS-ED iteration
	effective electronic model is modified as: kinetic energy (tx,ty)=(1.75883e-12, 1.75561e-12), t' = -1.18029e-13
	                                           effective interaction Vq = [-46.5125,-17.1125, -2.1125,-17.1125,-17.1125, -2.1125, -1.5125, -2.1125, -2.1125, -1.5125,-15.3125, -1.5125,-17.1125, -2.1125, -1.5125, -2.1125]
	PARPACK diagonalization completed after 30 matrix-vector product operations.
	iteration results: : total energy is -299.400000 | electron energy -299.400000 + phonon energy 0.000000 | electron momentum kIdx = 10
The 15-th iteration is completed.	|| time cost : 0h 0m 0.351s
********************************************************************************************************************
Start the 16 rounds of NGS-ED iteration
	effective electronic model is modified as: kinetic energy t = 1.76653e-12, t' = -1.18152e-13
	                                           effective interaction Vq = [-46.5125,-17.1125, -2.1125,-17.1125,-17.1125, -2.1125, -1.5125, -2.1125, -2.1125, -1.5125,-15.3125, -1.5125,-17.1125, -2.1125, -1.5125, -2.1125]
	PARPACK diagonalization completed after 30 matrix-vector product operations.
	iteration results: : total energy is -299.400000 | electron energy -299.400000 + phonon energy 0.000000 | electron momentum kIdx = 10
The 16-th iteration is completed.	|| time cost : 0h 0m 0.348s
********************************************************************************************************************
Start the 17 rounds of NGS-ED iteration
	effective electronic model is modified as: kinetic energy t = 1.91207e-12, t' = -1.18186e-13
	                                           effective interaction Vq = [-46.5125,-17.1125, -2.1125,-17.1125,-17.1125, -2.1125, -1.5125, -2.1125, -2.1125, -1.5125,-15.3122, -1.5125,-17.1125, -2.1125, -1.5125, -2.1125]
	PARPACK diagonalization completed after 30 matrix-vector product operations.
	iteration results: : total energy is -299.400000 | electron energy -299.400000 + phonon energy 0.000000 | electron momentum kIdx = 10
The 17-th iteration is completed.	|| time cost : 0h 0m 0.349s
********************************************************************************************************************
Start the 18 rounds of NGS-ED iteration
	effective electronic model is modified as: kinetic energy t = 1.76035e-12, t' = -1.18098e-13
	                                           effective interaction Vq = [-46.5125,-17.1125, -2.1125,-17.1125,-17.1125, -2.1125, -1.5125, -2.1125, -2.1125, -1.5125,-15.3125, -1.5125,-17.1125, -2.1125, -1.5125, -2.1125]
	PARPACK diagonalization completed after 30 matrix-vector product operations.
	iteration results: : total energy is -299.400000 | electron energy -299.400000 + phonon energy 0.000000 | electron momentum kIdx = 10
The 18-th iteration is completed.	|| time cost : 0h 0m 0.347s
********************************************************************************************************************
Start the 19 rounds of NGS-ED iteration
	effective electronic model is modified as: kinetic energy t = 1.91308e-12, t' = -1.18188e-13
	                                           effective interaction Vq = [-46.5125,-17.1125, -2.1125,-17.1125,-17.1125, -2.1125, -1.5125, -2.1125, -2.1125, -1.5125,-15.3122, -1.5125,-17.1125, -2.1125, -1.5125, -2.1125]
	PARPACK diagonalization completed after 30 matrix-vector product operations.
	iteration results: : total energy is -299.400000 | electron energy -299.400000 + phonon energy 0.000000 | electron momentum kIdx = 10
The 19-th iteration is completed.	|| time cost : 0h 0m 0.348s
********************************************************************************************************************
Start the 20 rounds of NGS-ED iteration
	effective electronic model is modified as: kinetic energy t = 1.76562e-12, t' = -1.18114e-13
	                                           effective interaction Vq = [-46.5125,-17.1125, -2.1125,-17.1125,-17.1125, -2.1125, -1.5125, -2.1125, -2.1125, -1.5125,-15.3125, -1.5125,-17.1125, -2.1125, -1.5125, -2.1125]
	PARPACK diagonalization completed after 30 matrix-vector product operations.
	iteration results: : total energy is -299.400000 | electron energy -299.400000 + phonon energy 0.000000 | electron momentum kIdx = 10
The 20-th iteration is completed.	|| time cost : 0h 0m 0.346s
********************************************************************************************************************
Start the 21 rounds of NGS-ED iteration
	effective electronic model is modified as: kinetic energy t = 1.77184e-12, t' = -1.18246e-13
	                                           effective interaction Vq = [-46.5125,-17.1125, -2.1125,-17.1125,-17.1125, -2.1125, -1.5125, -2.1125, -2.1125, -1.5125,-15.3125, -1.5125,-17.1125, -2.1125, -1.5125, -2.1125]
	PARPACK diagonalization completed after 30 matrix-vector product operations.
	iteration results: : total energy is -299.400000 | electron energy -299.400000 + phonon energy 0.000000 | electron momentum kIdx = 10
The 21-th iteration is completed.	|| time cost : 0h 0m 0.351s
********************************************************************************************************************
Start the 22 rounds of NGS-ED iteration
	effective electronic model is modified as: kinetic energy t = 1.75722e-12, t' = -1.18195e-13
	                                           effective interaction Vq = [-46.5125,-17.1125, -2.1125,-17.1125,-17.1125, -2.1125, -1.5125, -2.1125, -2.1125, -1.5125,-15.3125, -1.5125,-17.1125, -2.1125, -1.5125, -2.1125]
	PARPACK diagonalization completed after 30 matrix-vector product operations.
	iteration results: : total energy is -299.400000 | electron energy -299.400000 + phonon energy 0.000000 | electron momentum kIdx = 10
The 22-th iteration is completed.	|| time cost : 0h 0m 0.346s
********************************************************************************************************************
Start the 23 rounds of NGS-ED iteration
	effective electronic model is modified as: kinetic energy t = 1.77819e-12, t' = -1.18074e-13
	                                           effective interaction Vq = [-46.5125,-17.1125, -2.1125,-17.1125,-17.1125, -2.1125, -1.5125, -2.1125, -2.1125, -1.5125,-15.3125, -1.5125,-17.1125, -2.1125, -1.5125, -2.1125]
	PARPACK diagonalization completed after 30 matrix-vector product operations.
	iteration results: : total energy is -299.400000 | electron energy -299.400000 + phonon energy 0.000000 | electron momentum kIdx = 10
The 23-th iteration is completed.	|| time cost : 0h 0m 0.347s
********************************************************************************************************************
Start the 24 rounds of NGS-ED iteration
	effective electronic model is modified as: kinetic energy (tx,ty)=(1.77087e-12, 1.76892e-12), t' = -1.18352e-13
	                                           effective interaction Vq = [-46.5125,-17.1125, -2.1125,-17.1125,-17.1125, -2.1125, -1.5125, -2.1125, -2.1125, -1.5125,-15.3125, -1.5125,-17.1125, -2.1125, -1.5125, -2.1125]
	PARPACK diagonalization completed after 30 matrix-vector product operations.
	iteration results: : total energy is -299.400000 | electron energy -299.400000 + phonon energy 0.000000 | electron momentum kIdx = 10
The 24-th iteration is completed.	|| time cost : 0h 0m 0.354s
********************************************************************************************************************
Start the 25 rounds of NGS-ED iteration
	effective electronic model is modified as: kinetic energy (tx,ty)=(1.76212e-12, 1.79789e-12), t' = -1.20515e-13
	                                           effective interaction Vq = [-46.5125,-17.1125, -2.1125,-17.1125,-17.1125, -2.1125, -1.5125, -2.1125,-2.11238, -1.5125,-15.3125, -1.5125,-17.1125, -2.1125, -1.5125, -2.1125]
	PARPACK diagonalization completed after 30 matrix-vector product operations.
	iteration results: : total energy is -299.400000 | electron energy -299.400000 + phonon energy 0.000000 | electron momentum kIdx = 10
The 25-th iteration is completed.	|| time cost : 0h 0m 0.354s
********************************************************************************************************************
Start the 26 rounds of NGS-ED iteration
	effective electronic model is modified as: kinetic energy t = 1.7539e-12, t' = -1.18293e-13
	                                           effective interaction Vq = [-46.5125,-17.1125, -2.1125,-17.1125,-17.1125, -2.1125, -1.5125, -2.1125, -2.1125, -1.5125,-15.3125, -1.5125,-17.1125, -2.1125, -1.5125, -2.1125]
	PARPACK diagonalization completed after 30 matrix-vector product operations.
	iteration results: : total energy is -299.400000 | electron energy -299.400000 + phonon energy 0.000000 | electron momentum kIdx = 10
The 26-th iteration is completed.	|| time cost : 0h 0m 0.348s
********************************************************************************************************************
Start the 27 rounds of NGS-ED iteration
	effective electronic model is modified as: kinetic energy t = 1.75791e-12, t' = -1.17923e-13
	                                           effective interaction Vq = [-46.5125,-17.1125, -2.1125,-17.1125,-17.1125, -2.1125, -1.5125, -2.1125, -2.1125, -1.5125,-15.3125, -1.5125,-17.1125, -2.1125, -1.5125, -2.1125]
	PARPACK diagonalization completed after 30 matrix-vector product operations.
	iteration results: : total energy is -299.400000 | electron energy -299.400000 + phonon energy 0.000000 | electron momentum kIdx = 10
The 27-th iteration is completed.	|| time cost : 0h 0m 0.35s
********************************************************************************************************************
Start the 28 rounds of NGS-ED iteration
	effective electronic model is modified as: kinetic energy (tx,ty)=(1.76963e-12, 1.76685e-12), t' = -1.18207e-13
	                                           effective interaction Vq = [-46.5125,-17.1125, -2.1125,-17.1125,-17.1125, -2.1125, -1.5125, -2.1125, -2.1125, -1.5125,-15.3125, -1.5125,-17.1125, -2.1125, -1.5125, -2.1125]
	PARPACK diagonalization completed after 30 matrix-vector product operations.
	iteration results: : total energy is -299.400000 | electron energy -299.400000 + phonon energy 0.000000 | electron momentum kIdx = 10
The 28-th iteration is completed.	|| time cost : 0h 0m 0.352s
********************************************************************************************************************
Start the 29 rounds of NGS-ED iteration
	effective electronic model is modified as: kinetic energy t = 1.76312e-12, t' = -1.18218e-13
	                                           effective interaction Vq = [-46.5125,-17.1125, -2.1125,-17.1125,-17.1125, -2.1125, -1.5125, -2.1125, -2.1125, -1.5125,-15.3125, -1.5125,-17.1125, -2.1125, -1.5125, -2.1125]
	PARPACK diagonalization completed after 30 matrix-vector product operations.
	iteration results: : total energy is -299.400000 | electron energy -299.400000 + phonon energy 0.000000 | electron momentum kIdx = 10
The 29-th iteration is completed.	|| time cost : 0h 0m 0.348s
********************************************************************************************************************
Start the 30 rounds of NGS-ED iteration
	effective electronic model is modified as: kinetic energy (tx,ty)=(1.82712e-12, 1.76527e-12), t' = -1.22442e-13
	                                           effective interaction Vq = [-46.5125,-17.1125,-2.11213,-17.1125,-17.1125, -2.1125, -1.5125, -2.1125, -2.1125, -1.5125,-15.3125, -1.5125,-17.1125, -2.1125, -1.5125, -2.1125]
	PARPACK diagonalization completed after 30 matrix-vector product operations.
	iteration results: : total energy is -299.400000 | electron energy -299.400000 + phonon energy 0.000000 | electron momentum kIdx = 10
The 30-th iteration is completed.	|| time cost : 0h 0m 0.358s
********************************************************************************************************************
Start the 31 rounds of NGS-ED iteration
	effective electronic model is modified as: kinetic energy t = 1.77015e-12, t' = -1.18245e-13
	                                           effective interaction Vq = [-46.5125,-17.1125, -2.1125,-17.1125,-17.1125, -2.1125, -1.5125, -2.1125, -2.1125, -1.5125,-15.3125, -1.5125,-17.1125, -2.1125, -1.5125, -2.1125]
	PARPACK diagonalization completed after 30 matrix-vector product operations.
	iteration results: : total energy is -299.400000 | electron energy -299.400000 + phonon energy 0.000000 | electron momentum kIdx = 10
The 31-th iteration is completed.	|| time cost : 0h 0m 0.351s
********************************************************************************************************************
Start the 32 rounds of NGS-ED iteration
	effective electronic model is modified as: kinetic energy t = 1.77377e-12, t' = -1.18159e-13
	                                           effective interaction Vq = [-46.5125,-17.1125, -2.1125,-17.1125,-17.1125, -2.1125, -1.5125, -2.1125, -2.1125, -1.5125,-15.3125, -1.5125,-17.1125, -2.1125, -1.5125, -2.1125]
	PARPACK diagonalization completed after 30 matrix-vector product operations.
	iteration results: : total energy is -299.400000 | electron energy -299.400000 + phonon energy 0.000000 | electron momentum kIdx = 10
The 32-th iteration is completed.	|| time cost : 0h 0m 0.343s
********************************************************************************************************************
Start the 33 rounds of NGS-ED iteration
	effective electronic model is modified as: kinetic energy (tx,ty)=(1.78422e-12, 1.78135e-12), t' = -1.18468e-13
	                                           effective interaction Vq = [-46.5125,-17.1125, -2.1125,-17.1125,-17.1125, -2.1125, -1.5125, -2.1125, -2.1125, -1.5125,-15.3125, -1.5125,-17.1125, -2.1125, -1.5125, -2.1125]
	PARPACK diagonalization completed after 30 matrix-vector product operations.
	iteration results: : total energy is -299.400000 | electron energy -299.400000 + phonon energy 0.000000 | electron momentum kIdx = 10
The 33-th iteration is completed.	|| time cost : 0h 0m 0.352s
********************************************************************************************************************
Start the 34 rounds of NGS-ED iteration
	effective electronic model is modified as: kinetic energy t = 1.75781e-12, t' = -1.18184e-13
	                                           effective interaction Vq = [-46.5125,-17.1125, -2.1125,-17.1125,-17.1125, -2.1125, -1.5125, -2.1125, -2.1125, -1.5125,-15.3125, -1.5125,-17.1125, -2.1125, -1.5125, -2.1125]
	PARPACK diagonalization completed after 30 matrix-vector product operations.
	iteration results: : total energy is -299.400000 | electron energy -299.400000 + phonon energy 0.000000 | electron momentum kIdx = 10
The 34-th iteration is completed.	|| time cost : 0h 0m 0.347s
********************************************************************************************************************
Start the 35 rounds of NGS-ED iteration
	effective electronic model is modified as: kinetic energy t = 1.79537e-12, t' = -1.18139e-13
	                                           effective interaction Vq = [-46.5125,-17.1125, -2.1125,-17.1125,-17.1125, -2.1125, -1.5125, -2.1125, -2.1125, -1.5125,-15.3125, -1.5125,-17.1125, -2.1125, -1.5125, -2.1125]
	PARPACK diagonalization completed after 30 matrix-vector product operations.
	iteration results: : total energy is -299.400000 | electron energy -299.400000 + phonon energy 0.000000 | electron momentum kIdx = 10
The 35-th iteration is completed.	|| time cost : 0h 0m 0.347s
********************************************************************************************************************
Start the 36 rounds of NGS-ED iteration
	effective electronic model is modified as: kinetic energy t = 1.7603e-12, t' = -1.1813e-13
	                                           effective interaction Vq = [-46.5125,-17.1125, -2.1125,-17.1125,-17.1125, -2.1125, -1.5125, -2.1125, -2.1125, -1.5125,-15.3125, -1.5125,-17.1125, -2.1125, -1.5125, -2.1125]
	PARPACK diagonalization completed after 30 matrix-vector product operations.
	iteration results: : total energy is -299.400000 | electron energy -299.400000 + phonon energy 0.000000 | electron momentum kIdx = 10
The 36-th iteration is completed.	|| time cost : 0h 0m 0.345s
********************************************************************************************************************
Start the 37 rounds of NGS-ED iteration
	effective electronic model is modified as: kinetic energy t = 1.76949e-12, t' = -1.18251e-13
	                                           effective interaction Vq = [-46.5125,-17.1125, -2.1125,-17.1125,-17.1125, -2.1125, -1.5125, -2.1125, -2.1125, -1.5125,-15.3125, -1.5125,-17.1125, -2.1125, -1.5125, -2.1125]
	PARPACK diagonalization completed after 30 matrix-vector product operations.
	iteration results: : total energy is -299.400000 | electron energy -299.400000 + phonon energy 0.000000 | electron momentum kIdx = 10
The 37-th iteration is completed.	|| time cost : 0h 0m 0.348s
********************************************************************************************************************
Start the 38 rounds of NGS-ED iteration
	effective electronic model is modified as: kinetic energy (tx,ty)=(1.76429e-12, 1.76632e-12), t' = -1.17993e-13
	                                           effective interaction Vq = [-46.5125,-17.1125, -2.1125,-17.1125,-17.1125, -2.1125, -1.5125, -2.1125, -2.1125, -1.5125,-15.3125, -1.5125,-17.1125, -2.1125, -1.5125, -2.1125]
	PARPACK diagonalization completed after 30 matrix-vector product operations.
	iteration results: : total energy is -299.400000 | electron energy -299.400000 + phonon energy 0.000000 | electron momentum kIdx = 10
The 38-th iteration is completed.	|| time cost : 0h 0m 0.352s
********************************************************************************************************************
Start the 39 rounds of NGS-ED iteration
	effective electronic model is modified as: kinetic energy t = 1.78392e-12, t' = -1.18344e-13
	                                           effective interaction Vq = [-46.5125,-17.1125, -2.1125,-17.1125,-17.1125, -2.1125, -1.5125, -2.1125, -2.1125, -1.5125,-15.3125, -1.5125,-17.1125, -2.1125, -1.5125, -2.1125]
	PARPACK diagonalization completed after 30 matrix-vector product operations.
	iteration results: : total energy is -299.400000 | electron energy -299.400000 + phonon energy 0.000000 | electron momentum kIdx = 10
The 39-th iteration is completed.	|| time cost : 0h 0m 0.352s
********************************************************************************************************************
Start the 40 rounds of NGS-ED iteration
	effective electronic model is modified as: kinetic energy t = 1.72008e-12, t' = -1.18062e-13
	                                           effective interaction Vq = [-46.5125,-17.1125, -2.1125,-17.1125,-17.1125, -2.1125, -1.5125, -2.1125, -2.1125, -1.5125,-15.3125, -1.5125,-17.1125, -2.1125, -1.5125, -2.1125]
	PARPACK diagonalization completed after 30 matrix-vector product operations.
	iteration results: : total energy is -299.400000 | electron energy -299.400000 + phonon energy 0.000000 | electron momentum kIdx = 10
The 40-th iteration is completed.	|| time cost : 0h 0m 0.346s
********************************************************************************************************************
Start the 41 rounds of NGS-ED iteration
	effective electronic model is modified as: kinetic energy t = 1.77498e-12, t' = -1.18234e-13
	                                           effective interaction Vq = [-46.5125,-17.1125, -2.1125,-17.1125,-17.1125, -2.1125, -1.5125, -2.1125, -2.1125, -1.5125,-15.3125, -1.5125,-17.1125, -2.1125, -1.5125, -2.1125]
	PARPACK diagonalization completed after 30 matrix-vector product operations.
	iteration results: : total energy is -299.400000 | electron energy -299.400000 + phonon energy 0.000000 | electron momentum kIdx = 10
The 41-th iteration is completed.	|| time cost : 0h 0m 0.352s
********************************************************************************************************************
Start the 42 rounds of NGS-ED iteration
	effective electronic model is modified as: kinetic energy t = 1.76655e-12, t' = -1.18127e-13
	                                           effective interaction Vq = [-46.5125,-17.1125, -2.1125,-17.1125,-17.1125, -2.1125, -1.5125, -2.1125, -2.1125, -1.5125,-15.3125, -1.5125,-17.1125, -2.1125, -1.5125, -2.1125]
	PARPACK diagonalization completed after 30 matrix-vector product operations.
	iteration results: : total energy is -299.400000 | electron energy -299.400000 + phonon energy 0.000000 | electron momentum kIdx = 10
The 42-th iteration is completed.	|| time cost : 0h 0m 0.347s
********************************************************************************************************************
Start the 43 rounds of NGS-ED iteration
	effective electronic model is modified as: kinetic energy t = 1.76117e-12, t' = -1.18191e-13
	                                           effective interaction Vq = [-46.5125,-17.1125, -2.1125,-17.1125,-17.1125, -2.1125, -1.5125, -2.1125, -2.1125, -1.5125,-15.3125, -1.5125,-17.1125, -2.1125, -1.5125, -2.1125]
	PARPACK diagonalization completed after 30 matrix-vector product operations.
	iteration results: : total energy is -299.400000 | electron energy -299.400000 + phonon energy 0.000000 | electron momentum kIdx = 10
The 43-th iteration is completed.	|| time cost : 0h 0m 0.349s
********************************************************************************************************************
Start the 44 rounds of NGS-ED iteration
	effective electronic model is modified as: kinetic energy t = 1.76116e-12, t' = -1.18186e-13
	                                           effective interaction Vq = [-46.5125,-17.1125, -2.1125,-17.1125,-17.1125, -2.1125, -1.5125, -2.1125, -2.1125, -1.5125,-15.3125, -1.5125,-17.1125, -2.1125, -1.5125, -2.1125]
	PARPACK diagonalization completed after 30 matrix-vector product operations.
	iteration results: : total energy is -299.400000 | electron energy -299.400000 + phonon energy 0.000000 | electron momentum kIdx = 10
The 44-th iteration is completed.	|| time cost : 0h 0m 0.349s
********************************************************************************************************************
Start the 45 rounds of NGS-ED iteration
	effective electronic model is modified as: kinetic energy t = 1.77016e-12, t' = -1.18207e-13
	                                           effective interaction Vq = [-46.5125,-17.1125, -2.1125,-17.1125,-17.1125, -2.1125, -1.5125, -2.1125, -2.1125, -1.5125,-15.3125, -1.5125,-17.1125, -2.1125, -1.5125, -2.1125]
	PARPACK diagonalization completed after 30 matrix-vector product operations.
	iteration results: : total energy is -299.400000 | electron energy -299.400000 + phonon energy 0.000000 | electron momentum kIdx = 10
The 45-th iteration is completed.	|| time cost : 0h 0m 0.35s
********************************************************************************************************************
Start the 46 rounds of NGS-ED iteration
