SNEDics v3.4 Non-Gaussian ED ground state program		Start at Mon Oct  7 03:18:18 2019

parallized on 16 MPI threads  * 8 OpenMP threads = 128 total threads.
********************************************************************************************************************
********************************************************************************************************************

********************************************************************************************************************
System parameters and configurations
********************************************************************************************************************
Special program options are enabled: splitted diagonal Hamiltonian
********************************************************************************************************************
Read input file "model_params.in"
	Hubbard-Holstein model parameters : 	t = 1    g = 0.2    W = 0.2    
********************************************************************************************************************
Read input file "hilbertspace_params.in"
	Requested 16-site 2D lattice, with 14 electrons (7, 7)
	Boundary : Periodic		Hilbert space representation : momentum-space (restricted to kIdx = 0)
	Conservation: particle number[U(1)]      spin[U(1)]     momentum
********************************************************************************************************************

Cluster Positions:				Cluster symmetry group : D4
 x ... x ... x ... x .....                       x ... x ... x ... x .....
 |           |           :                       |           |           :
 |           |           :                       |           |           :
12    13    14    15     x                       1     5     6     5     x
 |           |           :                       |           |           :
 |           |           :                       |           |           :
 8 --- 9 ---10 ---11 --- x                       2 --- 6 ---10 --- 6 --- x
 |           |           :                       |           |           :
 |           |           :                       |           |           :
 4     5     6     7     x                       1     5     6     5     x
 |           |           :                       |           |           :
 |           |           :                       |           |           :
 0 --- 1 --- 2 --- 3 --- x                       0 --- 1 --- 2 --- 1 --- x
orbital number : 1
********************************************************************************************************************
Read input file "obs_params.in"
	Observable Type : Nq(All),   Sq(All),   N(All),   Delta[s](All),   Delta[d](All),   Delta[s+](All)
********************************************************************************************************************
** WARNING ** the input observables have non-local factors which have been reinterpreted. The total observable number is 96
********************************************************************************************************************


********************************************************************************************************************
Start calculating the non-Gaussian ED ground state
** WARNING ** Detected low phonon energy W < 10. The initial state will be prepared through a warm-up process.
********************************************************************************************************************
Start warm-up calculation for scaling factor 64
open output files: NGSEDWarmUpW12Obs.txt
********************************************************************************************************************
Start the 0 rounds of NGS-ED iteration
	effective electronic model is modified as: kinetic energy t = 1
	                                           effective interaction Vq = [-0,-0,-0,-0,-0,-0,-0,-0,-0,-0,-0,-0,-0,-0,-0,-0]
	first Hamiltonian is constructed, non-zero numbers = 5976538
	PARPACK diagonalization completed after 30 matrix-vector product operations.
	iteration results: : total energy is -24.000000 | electron energy -24.000000 + phonon energy 0.000000 | electron momentum kIdx = 0
	Nq(0) = 12.25,	Nq(1) = 0.375767,	Nq(2) = 0.535707,	Nq(3) = 0.375767,	Nq(4) = 0.374233,	Nq(5) = 0.525104,	Nq(6) = 0.625767,	Nq(7) = 0.507505,	Nq(8) = 0.56314,	Nq(9) = 0.624233,	Nq(10) = 0.788018,	Nq(11) = 0.624233,	Nq(12) = 0.374233,	Nq(13) = 0.507505,	Nq(14) = 0.625767,	Nq(15) = 0.525104,	Sq(0) = -1.31706e-17,	Sq(1) = 0.375767,	Sq(2) = 0.494217,	Sq(3) = 0.375767,	Sq(4) = 0.374233,	Sq(5) = 0.481113,	Sq(6) = 0.625767,	Sq(7) = 0.497843,	Sq(8) = 0.512539,	Sq(9) = 0.624233,	Sq(10) = 0.833248,	Sq(11) = 0.624233,	Sq(12) = 0.374233,	Sq(13) = 0.497843,	Sq(14) = 0.625767,	Sq(15) = 0.481113,	N(0) = 2,	N(1) = 2,	N(2) = 0.335245,	N(3) = 2,	N(4) = 2,	N(5) = 0.740739,	N(6) = 5.96138e-27,	N(7) = 0.742111,	N(8) = 0.347521,	N(9) = 5.92085e-27,	N(10) = 2.28344e-27,	N(11) = 6.02853e-27,	N(12) = 2,	N(13) = 0.816085,	N(14) = 6.10386e-27,	N(15) = 1.0183,	Delta[s](0) = 0.36182,	Delta[s](1) = 0.242012,	Delta[s](2) = 0.200975,	Delta[s](3) = 0.254413,	Delta[s](4) = 0.238264,	Delta[s](5) = 0.17899,	Delta[s](6) = 0.115655,	Delta[s](7) = 0.196732,	Delta[s](8) = 0.233779,	Delta[s](9) = 0.120915,	Delta[s](10) = 0.0397042,	Delta[s](11) = 0.133316,	Delta[s](12) = 0.259673,	Delta[s](13) = 0.194476,	Delta[s](14) = 0.137064,	Delta[s](15) = 0.193252,	Delta[d](0) = 0.270288,	Delta[d](1) = 0.153419,	Delta[d](2) = 0.157554,	Delta[d](3) = 0.165826,	Delta[d](4) = 0.163557,	Delta[d](5) = 0.132762,	Delta[d](6) = 0.085443,	Delta[d](7) = 0.134805,	Delta[d](8) = 0.178475,	Delta[d](9) = 0.108172,	Delta[d](10) = 0.0698895,	Delta[d](11) = 0.120485,	Delta[d](12) = 0.188519,	Delta[d](13) = 0.153685,	Delta[d](14) = 0.110375,	Delta[d](15) = 0.142549,	Delta[s+](0) = 0.498624,	Delta[s+](1) = 0.370099,	Delta[s+](2) = 0.176941,	Delta[s+](3) = 0.382497,	Delta[s+](4) = 0.35924,	Delta[s+](5) = 0.182615,	Delta[s+](6) = 0.0531574,	Delta[s+](7) = 0.224601,	Delta[s+](8) = 0.159077,	Delta[s+](9) = 0.0550119,	Delta[s+](10) = 0.00101052,	Delta[s+](11) = 0.0674934,	Delta[s+](12) = 0.384375,	Delta[s+](13) = 0.249893,	Delta[s+](14) = 0.0783195,	Delta[s+](15) = 0.257429
The 0-th iteration is completed.	|| time cost : 0h 5m 25.129s
********************************************************************************************************************
Start the 1 rounds of NGS-ED iteration
	effective electronic model is modified as: kinetic energy (tx,ty)=(0.993618, 0.99361)
	                                           effective interaction Vq = [-0.184539,-0.177993,-0.175275,-0.177993,-0.177993,-0.175102,-0.172577,-0.174764,-0.175777,-0.172563, -0.17187,-0.172563,-0.177993,-0.174764,-0.172577,-0.175102]
	PARPACK diagonalization completed after 120 matrix-vector product operations.
	iteration results: : total energy is -27.682719 | electron energy -27.682776 + phonon energy 0.000056 | electron momentum kIdx = 0
The 1-th iteration is completed.	|| time cost : 0h 5m 49.519s
********************************************************************************************************************
Start the 2 rounds of NGS-ED iteration
	effective electronic model is modified as: kinetic energy (tx,ty)=(0.990388, 0.990385)
	                                           effective interaction Vq = [-0.198805,-0.193783,-0.192419,-0.193783,-0.193783,  -0.1924,-0.188211,-0.192354,-0.192499, -0.18821,-0.190676, -0.18821,-0.193783,-0.192354,-0.188211,  -0.1924]
	PARPACK diagonalization completed after 60 matrix-vector product operations.
	iteration results: : total energy is -27.934014 | electron energy -27.934261 + phonon energy 0.000247 | electron momentum kIdx = 0
The 2-th iteration is completed.	|| time cost : 0h 0m 25.642s
********************************************************************************************************************
Start the 3 rounds of NGS-ED iteration
	effective electronic model is modified as: kinetic energy t = 0.989595
	                                           effective interaction Vq = [-0.199908, -0.19606,-0.194746, -0.19606, -0.19606,-0.194743,-0.190575,-0.194734,-0.194763,-0.190574,-0.194145,-0.190574, -0.19606,-0.194734,-0.190575,-0.194743]
	PARPACK diagonalization completed after 60 matrix-vector product operations.
	iteration results: : total energy is -27.951389 | electron energy -27.951734 + phonon energy 0.000345 | electron momentum kIdx = 0
The 3-th iteration is completed.	|| time cost : 0h 0m 25.618s
********************************************************************************************************************
Start the 4 rounds of NGS-ED iteration
	effective electronic model is modified as: kinetic energy t = 0.989417
	                                           effective interaction Vq = [-0.199993, -0.19651,-0.195115, -0.19651, -0.19651,-0.195115,-0.191014,-0.195113,-0.195119,-0.191014,-0.195108,-0.191014, -0.19651,-0.195113,-0.191014,-0.195115]
	PARPACK diagonalization completed after 45 matrix-vector product operations.
	iteration results: : total energy is -27.952650 | electron energy -27.953023 + phonon energy 0.000374 | electron momentum kIdx = 0
The 4-th iteration is completed.	|| time cost : 0h 0m 22.484s
********************************************************************************************************************
Start the 5 rounds of NGS-ED iteration
	effective electronic model is modified as: kinetic energy t = 0.989379
	                                           effective interaction Vq = [-0.199999,-0.196608, -0.19515,-0.196608,-0.196608, -0.19515,-0.191099,-0.195149,-0.195151,-0.191099,-0.195445,-0.191099,-0.196608,-0.195149,-0.191099, -0.19515]
	PARPACK diagonalization completed after 45 matrix-vector product operations.
	iteration results: : total energy is -27.952749 | electron energy -27.953130 + phonon energy 0.000381 | electron momentum kIdx = 0
The 5-th iteration is completed.	|| time cost : 0h 0m 22.516s
********************************************************************************************************************
Start the 6 rounds of NGS-ED iteration
	effective electronic model is modified as: kinetic energy t = 0.989371
	                                           effective interaction Vq = [     -0.2,-0.196629,-0.195135,-0.196629,-0.196629,-0.195135,-0.191114,-0.195135,-0.195135,-0.191114,-0.195582,-0.191114,-0.196629,-0.195135,-0.191114,-0.195135]
	PARPACK diagonalization completed after 45 matrix-vector product operations.
	iteration results: : total energy is -27.952758 | electron energy -27.953141 + phonon energy 0.000383 | electron momentum kIdx = 0
	Nq(0) = 12.25,	Nq(1) = 0.387883,	Nq(2) = 0.623506,	Nq(3) = 0.387883,	Nq(4) = 0.387883,	Nq(5) = 0.623506,	Nq(6) = 0.648197,	Nq(7) = 0.623506,	Nq(8) = 0.623507,	Nq(9) = 0.648197,	Nq(10) = 1.33354,	Nq(11) = 0.648197,	Nq(12) = 0.387883,	Nq(13) = 0.623506,	Nq(14) = 0.648197,	Nq(15) = 0.623506,	Sq(0) = 9.82971e-19,	Sq(1) = 0.347209,	Sq(2) = 0.364997,	Sq(3) = 0.347209,	Sq(4) = 0.347209,	Sq(5) = 0.364997,	Sq(6) = 0.586328,	Sq(7) = 0.364997,	Sq(8) = 0.364997,	Sq(9) = 0.586328,	Sq(10) = 0.606975,	Sq(11) = 0.586328,	Sq(12) = 0.347209,	Sq(13) = 0.364997,	Sq(14) = 0.586328,	Sq(15) = 0.364997,	N(0) = 1.99926,	N(1) = 1.99799,	N(2) = 0.667022,	N(3) = 1.99799,	N(4) = 1.99799,	N(5) = 0.667022,	N(6) = 0.00150405,	N(7) = 0.667022,	N(8) = 0.667021,	N(9) = 0.00150405,	N(10) = 0.000620801,	N(11) = 0.00150405,	N(12) = 1.99799,	N(13) = 0.667022,	N(14) = 0.00150405,	N(15) = 0.667022,	Delta[s](0) = 0.956758,	Delta[s](1) = 0.258349,	Delta[s](2) = 0.200339,	Delta[s](3) = 0.258349,	Delta[s](4) = 0.258349,	Delta[s](5) = 0.200339,	Delta[s](6) = 0.133011,	Delta[s](7) = 0.200339,	Delta[s](8) = 0.200339,	Delta[s](9) = 0.133011,	Delta[s](10) = 0.0102124,	Delta[s](11) = 0.133011,	Delta[s](12) = 0.258349,	Delta[s](13) = 0.200339,	Delta[s](14) = 0.133011,	Delta[s](15) = 0.200339,	Delta[d](0) = 0.269093,	Delta[d](1) = 0.20548,	Delta[d](2) = 0.20471,	Delta[d](3) = 0.20548,	Delta[d](4) = 0.205479,	Delta[d](5) = 0.146909,	Delta[d](6) = 0.144928,	Delta[d](7) = 0.146909,	Delta[d](8) = 0.20471,	Delta[d](9) = 0.144928,	Delta[d](10) = 0.0247827,	Delta[d](11) = 0.144928,	Delta[d](12) = 0.205479,	Delta[d](13) = 0.146909,	Delta[d](14) = 0.144928,	Delta[d](15) = 0.146909,	Delta[s+](0) = 0.486465,	Delta[s+](1) = 0.365563,	Delta[s+](2) = 0.20471,	Delta[s+](3) = 0.365563,	Delta[s+](4) = 0.365563,	Delta[s+](5) = 0.20471,	Delta[s+](6) = 0.0622696,	Delta[s+](7) = 0.20471,	Delta[s+](8) = 0.20471,	Delta[s+](9) = 0.0622696,	Delta[s+](10) = 0.0019111,	Delta[s+](11) = 0.0622696,	Delta[s+](12) = 0.365563,	Delta[s+](13) = 0.20471,	Delta[s+](14) = 0.0622696,	Delta[s+](15) = 0.20471
The 6-th iteration is completed.	|| time cost : 0h 3m 19.629s
********************************************************************************************************************
********************************************************************************************************************
Ground state is obtained after 7 iterations. The current ground-state energy is -27.9528, in which electron energy is -27.9531 and phonon energy is 0.00038291
final variational state is: 
	Gamma_x = [      1,1.00137,1.00257,1.00137,1.00137,1.00257,1.00337,1.00257,1.00257,1.00337,1.00524,1.00337,1.00137,1.00257,1.00337,1.00257]
	lambda_q = [ 0.124984, 0.108783, 0.105474, 0.108783, 0.108783, 0.105474,0.0986554, 0.105474, 0.105475,0.0986554, 0.106551,0.0986554, 0.108783, 0.105474,0.0986554, 0.105474]
********************************************************************************************************************
o___o  ----------------------------------------
| L |	Time since last clock: 0h 0m 0s
A===A	Time since the beginning: 0h 16m 10.54s
***********************************************

********************************************************************************************************************
Start warm-up calculation for scaling factor 32
open output files: NGSEDWarmUpW6Obs.txt
********************************************************************************************************************
Start the 0 rounds of NGS-ED iteration
	effective electronic model is modified as: kinetic energy t = 0.989369
	                                           effective interaction Vq = [-0.182832,-0.170412,-0.167462,-0.170412,-0.170412,-0.167462,-0.160941,-0.167462,-0.167462,-0.160941,-0.168438,-0.160941,-0.170412,-0.167462,-0.160941,-0.167462]
	PARPACK diagonalization completed after 45 matrix-vector product operations.
	iteration results: : total energy is -27.484673 | electron energy -27.484864 + phonon energy 0.000192 | electron momentum kIdx = 0
	Nq(0) = 12.25,	Nq(1) = 0.386077,	Nq(2) = 0.614735,	Nq(3) = 0.386077,	Nq(4) = 0.386077,	Nq(5) = 0.614734,	Nq(6) = 0.643882,	Nq(7) = 0.614734,	Nq(8) = 0.614735,	Nq(9) = 0.643882,	Nq(10) = 1.36167,	Nq(11) = 0.643882,	Nq(12) = 0.386077,	Nq(13) = 0.614734,	Nq(14) = 0.643882,	Nq(15) = 0.614734,	Sq(0) = 1.22052e-18,	Sq(1) = 0.351097,	Sq(2) = 0.36653,	Sq(3) = 0.351097,	Sq(4) = 0.351097,	Sq(5) = 0.36653,	Sq(6) = 0.591696,	Sq(7) = 0.36653,	Sq(8) = 0.36653,	Sq(9) = 0.591696,	Sq(10) = 0.609733,	Sq(11) = 0.591696,	Sq(12) = 0.351097,	Sq(13) = 0.36653,	Sq(14) = 0.591696,	Sq(15) = 0.36653,	N(0) = 1.99946,	N(1) = 1.99852,	N(2) = 0.666925,	N(3) = 1.99852,	N(4) = 1.99852,	N(5) = 0.666925,	N(6) = 0.0011113,	N(7) = 0.666925,	N(8) = 0.666924,	N(9) = 0.0011113,	N(10) = 0.000450484,	N(11) = 0.0011113,	N(12) = 1.99852,	N(13) = 0.666925,	N(14) = 0.0011113,	N(15) = 0.666925,	Delta[s](0) = 0.925556,	Delta[s](1) = 0.256885,	Delta[s](2) = 0.201318,	Delta[s](3) = 0.256885,	Delta[s](4) = 0.256885,	Delta[s](5) = 0.201318,	Delta[s](6) = 0.133611,	Delta[s](7) = 0.201318,	Delta[s](8) = 0.201318,	Delta[s](9) = 0.133611,	Delta[s](10) = 0.0145124,	Delta[s](11) = 0.133611,	Delta[s](12) = 0.256885,	Delta[s](13) = 0.201318,	Delta[s](14) = 0.133611,	Delta[s](15) = 0.201318,	Delta[d](0) = 0.267086,	Delta[d](1) = 0.205889,	Delta[d](2) = 0.20547,	Delta[d](3) = 0.205889,	Delta[d](4) = 0.205889,	Delta[d](5) = 0.14532,	Delta[d](6) = 0.145431,	Delta[d](7) = 0.14532,	Delta[d](8) = 0.20547,	Delta[d](9) = 0.145431,	Delta[d](10) = 0.0235958,	Delta[d](11) = 0.145431,	Delta[d](12) = 0.205889,	Delta[d](13) = 0.14532,	Delta[d](14) = 0.145431,	Delta[d](15) = 0.14532,	Delta[s+](0) = 0.488247,	Delta[s+](1) = 0.366762,	Delta[s+](2) = 0.20547,	Delta[s+](3) = 0.366762,	Delta[s+](4) = 0.366762,	Delta[s+](5) = 0.20547,	Delta[s+](6) = 0.0629014,	Delta[s+](7) = 0.20547,	Delta[s+](8) = 0.20547,	Delta[s+](9) = 0.0629014,	Delta[s+](10) = 0.00226226,	Delta[s+](11) = 0.0629014,	Delta[s+](12) = 0.366762,	Delta[s+](13) = 0.20547,	Delta[s+](14) = 0.0629014,	Delta[s+](15) = 0.20547
The 0-th iteration is completed.	|| time cost : 0h 3m 21.892s
********************************************************************************************************************
Start the 1 rounds of NGS-ED iteration
	effective electronic model is modified as: kinetic energy t = 0.986631
	                                           effective interaction Vq = [-0.195227,-0.182328,-0.178666,-0.182328,-0.182328,-0.178666,-0.170584,-0.178666,-0.178666,-0.170584,-0.180372,-0.170584,-0.182328,-0.178666,-0.170584,-0.178666]
	PARPACK diagonalization completed after 45 matrix-vector product operations.
	iteration results: : total energy is -27.671251 | electron energy -27.671993 + phonon energy 0.000742 | electron momentum kIdx = 0
The 1-th iteration is completed.	|| time cost : 0h 0m 22.377s
********************************************************************************************************************
Start the 2 rounds of NGS-ED iteration
	effective electronic model is modified as: kinetic energy t = 0.985408
	                                           effective interaction Vq = [-0.198673,-0.186601,-0.182581,-0.186601,-0.186601,-0.182581,-0.173932,-0.182581,-0.182581,-0.173932,-0.184943,-0.173932,-0.186601,-0.182581,-0.173932,-0.182581]
	PARPACK diagonalization completed after 30 matrix-vector product operations.
	iteration results: : total energy is -27.719724 | electron energy -27.720892 + phonon energy 0.001168 | electron momentum kIdx = 0
The 2-th iteration is completed.	|| time cost : 0h 0m 19.398s
********************************************************************************************************************
Start the 3 rounds of NGS-ED iteration
	effective electronic model is modified as: kinetic energy t = 0.984886
	                                           effective interaction Vq = [-0.199631,-0.188289,-0.184022,-0.188289,-0.188289,-0.184022,-0.175165,-0.184022,-0.184022,-0.175165,-0.186949,-0.175165,-0.188289,-0.184022,-0.175165,-0.184022]
	PARPACK diagonalization completed after 45 matrix-vector product operations.
	iteration results: : total energy is -27.732613 | electron energy -27.734022 + phonon energy 0.001408 | electron momentum kIdx = 0
The 3-th iteration is completed.	|| time cost : 0h 0m 22.395s
********************************************************************************************************************
Start the 4 rounds of NGS-ED iteration
	effective electronic model is modified as: kinetic energy t = 0.984667
	                                           effective interaction Vq = [-0.199897,-0.188991,-0.184536,-0.188991,-0.188991,-0.184536,-0.175628,-0.184536,-0.184536,-0.175628,-0.187938,-0.175628,-0.188991,-0.184536,-0.175628,-0.184536]
	PARPACK diagonalization completed after 30 matrix-vector product operations.
	iteration results: : total energy is -27.736102 | electron energy -27.737629 + phonon energy 0.001527 | electron momentum kIdx = 0
The 4-th iteration is completed.	|| time cost : 0h 0m 19.614s
********************************************************************************************************************
Start the 5 rounds of NGS-ED iteration
	effective electronic model is modified as: kinetic energy t = 0.984577
	                                           effective interaction Vq = [-0.199971,-0.189289, -0.18469,-0.189289,-0.189289, -0.18469,  -0.1758, -0.18469, -0.18469,  -0.1758, -0.18848,  -0.1758,-0.189289, -0.18469,  -0.1758, -0.18469]
	PARPACK diagonalization completed after 45 matrix-vector product operations.
	iteration results: : total energy is -27.737060 | electron energy -27.738643 + phonon energy 0.001583 | electron momentum kIdx = 0
The 5-th iteration is completed.	|| time cost : 0h 0m 22.475s
********************************************************************************************************************
Start the 6 rounds of NGS-ED iteration
	effective electronic model is modified as: kinetic energy t = 0.984542
	                                           effective interaction Vq = [-0.199992,-0.189414,-0.184707,-0.189414,-0.189414,-0.184707,-0.175862,-0.184707,-0.184707,-0.175862,-0.188805,-0.175862,-0.189414,-0.184707,-0.175862,-0.184707]
	PARPACK diagonalization completed after 30 matrix-vector product operations.
	iteration results: : total energy is -27.737328 | electron energy -27.738936 + phonon energy 0.001609 | electron momentum kIdx = 0
The 6-th iteration is completed.	|| time cost : 0h 0m 19.527s
********************************************************************************************************************
Start the 7 rounds of NGS-ED iteration
	effective electronic model is modified as: kinetic energy t = 0.984528
	                                           effective interaction Vq = [-0.199998,-0.189466,-0.184677,-0.189466,-0.189466,-0.184677,-0.175882,-0.184677,-0.184677,-0.175882,-0.189015,-0.175882,-0.189466,-0.184677,-0.175882,-0.184677]
	PARPACK diagonalization completed after 30 matrix-vector product operations.
	iteration results: : total energy is -27.737404 | electron energy -27.739025 + phonon energy 0.001620 | electron momentum kIdx = 0
	Nq(0) = 12.25,	Nq(1) = 0.386094,	Nq(2) = 0.595846,	Nq(3) = 0.386094,	Nq(4) = 0.386094,	Nq(5) = 0.595846,	Nq(6) = 0.644046,	Nq(7) = 0.595846,	Nq(8) = 0.595846,	Nq(9) = 0.644046,	Nq(10) = 1.5033,	Nq(11) = 0.644046,	Nq(12) = 0.386094,	Nq(13) = 0.595846,	Nq(14) = 0.644046,	Nq(15) = 0.595846,	Sq(0) = -4.99854e-18,	Sq(1) = 0.348881,	Sq(2) = 0.365613,	Sq(3) = 0.348881,	Sq(4) = 0.348881,	Sq(5) = 0.365613,	Sq(6) = 0.588479,	Sq(7) = 0.365613,	Sq(8) = 0.365613,	Sq(9) = 0.588479,	Sq(10) = 0.607953,	Sq(11) = 0.588479,	Sq(12) = 0.348881,	Sq(13) = 0.365613,	Sq(14) = 0.588479,	Sq(15) = 0.365613,	N(0) = 1.99934,	N(1) = 1.99819,	N(2) = 0.666984,	N(3) = 1.99819,	N(4) = 1.99819,	N(5) = 0.666984,	N(6) = 0.00135994,	N(7) = 0.666984,	N(8) = 0.666984,	N(9) = 0.00135994,	N(10) = 0.000548908,	N(11) = 0.00135994,	N(12) = 1.99819,	N(13) = 0.666984,	N(14) = 0.00135994,	N(15) = 0.666984,	Delta[s](0) = 0.875887,	Delta[s](1) = 0.257868,	Delta[s](2) = 0.206965,	Delta[s](3) = 0.257868,	Delta[s](4) = 0.257868,	Delta[s](5) = 0.206965,	Delta[s](6) = 0.135038,	Delta[s](7) = 0.206965,	Delta[s](8) = 0.206965,	Delta[s](9) = 0.135038,	Delta[s](10) = 0.035162,	Delta[s](11) = 0.135038,	Delta[s](12) = 0.257868,	Delta[s](13) = 0.206965,	Delta[s](14) = 0.135038,	Delta[s](15) = 0.206965,	Delta[d](0) = 0.260814,	Delta[d](1) = 0.205354,	Delta[d](2) = 0.205299,	Delta[d](3) = 0.205354,	Delta[d](4) = 0.205354,	Delta[d](5) = 0.139396,	Delta[d](6) = 0.145084,	Delta[d](7) = 0.139396,	Delta[d](8) = 0.205299,	Delta[d](9) = 0.145084,	Delta[d](10) = 0.0180242,	Delta[d](11) = 0.145084,	Delta[d](12) = 0.205354,	Delta[d](13) = 0.139396,	Delta[d](14) = 0.145084,	Delta[d](15) = 0.139396,	Delta[s+](0) = 0.4876,	Delta[s+](1) = 0.366211,	Delta[s+](2) = 0.205299,	Delta[s+](3) = 0.366211,	Delta[s+](4) = 0.366211,	Delta[s+](5) = 0.205299,	Delta[s+](6) = 0.0629651,	Delta[s+](7) = 0.205299,	Delta[s+](8) = 0.205299,	Delta[s+](9) = 0.0629651,	Delta[s+](10) = 0.00259763,	Delta[s+](11) = 0.0629651,	Delta[s+](12) = 0.366211,	Delta[s+](13) = 0.205299,	Delta[s+](14) = 0.0629651,	Delta[s+](15) = 0.205299
The 7-th iteration is completed.	|| time cost : 0h 3m 30.407s
********************************************************************************************************************
********************************************************************************************************************
Ground state is obtained after 8 iterations. The current ground-state energy is -27.7374, in which electron energy is -27.739 and phonon energy is 0.00162046
final variational state is: 
	Gamma_x = [      1,1.00427, 1.0075,1.00427,1.00427, 1.0075,1.00916, 1.0075, 1.0075,1.00916,1.01676,1.00916,1.00427, 1.0075,1.00916, 1.0075]
	lambda_q = [0.176467,0.136247,0.127783,0.136247,0.136247,0.127783,0.115396,0.127783,0.127783,0.115396,0.135617,0.115396,0.136247,0.127783,0.115396,0.127783]
********************************************************************************************************************
o___o  ----------------------------------------
| L |	Time since last clock: 0h 0m 0s
A===A	Time since the beginning: 0h 25m 8.629s
***********************************************

********************************************************************************************************************
Start warm-up calculation for scaling factor 16
open output files: NGSEDWarmUpW3Obs.txt
********************************************************************************************************************
Start the 0 rounds of NGS-ED iteration
	effective electronic model is modified as: kinetic energy t = 0.984524
	                                           effective interaction Vq = [-0.182697,-0.158593,-0.152201,-0.158593,-0.158593,-0.152201,-0.142021,-0.152201,-0.152201,-0.142021,-0.158133,-0.142021,-0.158593,-0.152201,-0.142021,-0.152201]
	PARPACK diagonalization completed after 45 matrix-vector product operations.
	iteration results: : total energy is -27.229792 | electron energy -27.230605 + phonon energy 0.000813 | electron momentum kIdx = 0
	Nq(0) = 12.25,	Nq(1) = 0.383236,	Nq(2) = 0.576712,	Nq(3) = 0.383236,	Nq(4) = 0.383236,	Nq(5) = 0.576712,	Nq(6) = 0.638659,	Nq(7) = 0.576712,	Nq(8) = 0.576712,	Nq(9) = 0.638659,	Nq(10) = 1.59009,	Nq(11) = 0.638659,	Nq(12) = 0.383236,	Nq(13) = 0.576712,	Nq(14) = 0.638659,	Nq(15) = 0.576712,	Sq(0) = 8.69584e-19,	Sq(1) = 0.353835,	Sq(2) = 0.367457,	Sq(3) = 0.353835,	Sq(4) = 0.353835,	Sq(5) = 0.367457,	Sq(6) = 0.595209,	Sq(7) = 0.367457,	Sq(8) = 0.367457,	Sq(9) = 0.595209,	Sq(10) = 0.611141,	Sq(11) = 0.595209,	Sq(12) = 0.353835,	Sq(13) = 0.367457,	Sq(14) = 0.595209,	Sq(15) = 0.367457,	N(0) = 1.99956,	N(1) = 1.99878,	N(2) = 0.666881,	N(3) = 1.99878,	N(4) = 1.99878,	N(5) = 0.666881,	N(6) = 0.000919656,	N(7) = 0.666881,	N(8) = 0.666881,	N(9) = 0.000919656,	N(10) = 0.000364601,	N(11) = 0.000919656,	N(12) = 1.99878,	N(13) = 0.666881,	N(14) = 0.000919656,	N(15) = 0.666881,	Delta[s](0) = 0.799635,	Delta[s](1) = 0.256383,	Delta[s](2) = 0.209779,	Delta[s](3) = 0.256383,	Delta[s](4) = 0.256383,	Delta[s](5) = 0.209779,	Delta[s](6) = 0.134976,	Delta[s](7) = 0.209779,	Delta[s](8) = 0.209779,	Delta[s](9) = 0.134976,	Delta[s](10) = 0.0702283,	Delta[s](11) = 0.134976,	Delta[s](12) = 0.256383,	Delta[s](13) = 0.209779,	Delta[s](14) = 0.134976,	Delta[s](15) = 0.209779,	Delta[d](0) = 0.256103,	Delta[d](1) = 0.205852,	Delta[d](2) = 0.206231,	Delta[d](3) = 0.205852,	Delta[d](4) = 0.205852,	Delta[d](5) = 0.134662,	Delta[d](6) = 0.145458,	Delta[d](7) = 0.134662,	Delta[d](8) = 0.206231,	Delta[d](9) = 0.145458,	Delta[d](10) = 0.0132497,	Delta[d](11) = 0.145458,	Delta[d](12) = 0.205852,	Delta[d](13) = 0.134662,	Delta[d](14) = 0.145458,	Delta[d](15) = 0.134662,	Delta[s+](0) = 0.490327,	Delta[s+](1) = 0.36803,	Delta[s+](2) = 0.206231,	Delta[s+](3) = 0.36803,	Delta[s+](4) = 0.36803,	Delta[s+](5) = 0.206231,	Delta[s+](6) = 0.0634242,	Delta[s+](7) = 0.206231,	Delta[s+](8) = 0.206231,	Delta[s+](9) = 0.0634242,	Delta[s+](10) = 0.00270102,	Delta[s+](11) = 0.0634242,	Delta[s+](12) = 0.36803,	Delta[s+](13) = 0.206231,	Delta[s+](14) = 0.0634242,	Delta[s+](15) = 0.206231
The 0-th iteration is completed.	|| time cost : 0h 3m 25.507s
********************************************************************************************************************
Start the 1 rounds of NGS-ED iteration
	effective electronic model is modified as: kinetic energy t = 0.983275
	                                           effective interaction Vq = [-0.190876,-0.164298,-0.156167,-0.164298,-0.164298,-0.156167,-0.144275,-0.156167,-0.156167,-0.144275, -0.16486,-0.144275,-0.164298,-0.156167,-0.144275,-0.156167]
	PARPACK diagonalization completed after 45 matrix-vector product operations.
	iteration results: : total energy is -27.337999 | electron energy -27.339881 + phonon energy 0.001881 | electron momentum kIdx = 0
The 1-th iteration is completed.	|| time cost : 0h 0m 22.496s
********************************************************************************************************************
Start the 2 rounds of NGS-ED iteration
	effective electronic model is modified as: kinetic energy t = 0.982527
	                                           effective interaction Vq = [-0.195189,-0.167536,-0.158157,-0.167536,-0.167536,-0.158157,-0.145486,-0.158157,-0.158157,-0.145486,-0.169188,-0.145486,-0.167536,-0.158157,-0.145486,-0.158157]
	PARPACK diagonalization completed after 30 matrix-vector product operations.
	iteration results: : total energy is -27.393964 | electron energy -27.396772 + phonon energy 0.002808 | electron momentum kIdx = 0
The 2-th iteration is completed.	|| time cost : 0h 0m 19.486s
********************************************************************************************************************
Start the 3 rounds of NGS-ED iteration
	effective electronic model is modified as: kinetic energy t = 0.982082
	                                           effective interaction Vq = [-0.197463,-0.169413,-0.159165,-0.169413,-0.169413,-0.159165,-0.146139,-0.159165,-0.159165,-0.146139,-0.171973,-0.146139,-0.169413,-0.159165,-0.146139,-0.159165]
	PARPACK diagonalization completed after 45 matrix-vector product operations.
	iteration results: : total energy is -27.423075 | electron energy -27.426580 + phonon energy 0.003504 | electron momentum kIdx = 0
The 3-th iteration is completed.	|| time cost : 0h 0m 22.41s
********************************************************************************************************************
Start the 4 rounds of NGS-ED iteration
	effective electronic model is modified as: kinetic energy t = 0.981817
	                                           effective interaction Vq = [-0.198662,-0.170516,-0.159678,-0.170516,-0.170516,-0.159678,-0.146491,-0.159678,-0.159678,-0.146491, -0.17377,-0.146491,-0.170516,-0.159678,-0.146491,-0.159678]
	PARPACK diagonalization completed after 30 matrix-vector product operations.
	iteration results: : total energy is -27.438274 | electron energy -27.442267 + phonon energy 0.003993 | electron momentum kIdx = 0
The 4-th iteration is completed.	|| time cost : 0h 0m 19.478s
********************************************************************************************************************
Start the 5 rounds of NGS-ED iteration
	effective electronic model is modified as: kinetic energy t = 0.981658
	                                           effective interaction Vq = [-0.199295,-0.171169,-0.159937,-0.171169,-0.171169,-0.159937, -0.14668,-0.159937,-0.159937, -0.14668,-0.174936, -0.14668,-0.171169,-0.159937, -0.14668,-0.159937]
	PARPACK diagonalization completed after 30 matrix-vector product operations.
	iteration results: : total energy is -27.446230 | electron energy -27.450553 + phonon energy 0.004323 | electron momentum kIdx = 0
The 5-th iteration is completed.	|| time cost : 0h 0m 19.48s
********************************************************************************************************************
Start the 6 rounds of NGS-ED iteration
	effective electronic model is modified as: kinetic energy t = 0.981564
	                                           effective interaction Vq = [-0.199628,-0.171558,-0.160064,-0.171558,-0.171558,-0.160064,-0.146782,-0.160064,-0.160064,-0.146782,-0.175697,-0.146782,-0.171558,-0.160064,-0.146782,-0.160064]
	PARPACK diagonalization completed after 30 matrix-vector product operations.
	iteration results: : total energy is -27.450402 | electron energy -27.454942 + phonon energy 0.004541 | electron momentum kIdx = 0
The 6-th iteration is completed.	|| time cost : 0h 0m 19.511s
********************************************************************************************************************
Start the 7 rounds of NGS-ED iteration
	effective electronic model is modified as: kinetic energy t = 0.981507
	                                           effective interaction Vq = [-0.199804,-0.171791,-0.160123,-0.171791,-0.171791,-0.160123,-0.146835,-0.160123,-0.160123,-0.146835,-0.176196,-0.146835,-0.171791,-0.160123,-0.146835,-0.160123]
	PARPACK diagonalization completed after 30 matrix-vector product operations.
	iteration results: : total energy is -27.452592 | electron energy -27.457275 + phonon energy 0.004683 | electron momentum kIdx = 0
The 7-th iteration is completed.	|| time cost : 0h 0m 19.794s
********************************************************************************************************************
Start the 8 rounds of NGS-ED iteration
	effective electronic model is modified as: kinetic energy t = 0.981472
	                                           effective interaction Vq = [-0.199897, -0.17193,-0.160148, -0.17193, -0.17193,-0.160148,-0.146863,-0.160148,-0.160148,-0.146863,-0.176524,-0.146863, -0.17193,-0.160148,-0.146863,-0.160148]
	PARPACK diagonalization completed after 45 matrix-vector product operations.
	iteration results: : total energy is -27.453743 | electron energy -27.458518 + phonon energy 0.004774 | electron momentum kIdx = 0
The 8-th iteration is completed.	|| time cost : 0h 0m 22.4s
********************************************************************************************************************
Start the 9 rounds of NGS-ED iteration
	effective electronic model is modified as: kinetic energy t = 0.981452
	                                           effective interaction Vq = [-0.199945,-0.172012,-0.160157,-0.172012,-0.172012,-0.160157,-0.146878,-0.160157,-0.160157,-0.146878,-0.176741,-0.146878,-0.172012,-0.160157,-0.146878,-0.160157]
	PARPACK diagonalization completed after 30 matrix-vector product operations.
	iteration results: : total energy is -27.454349 | electron energy -27.459182 + phonon energy 0.004833 | electron momentum kIdx = 0
The 9-th iteration is completed.	|| time cost : 0h 0m 19.457s
********************************************************************************************************************
Start the 10 rounds of NGS-ED iteration
	effective electronic model is modified as: kinetic energy t = 0.981439
	                                           effective interaction Vq = [-0.199971,-0.172062,-0.160158,-0.172062,-0.172062,-0.160158,-0.146885,-0.160158,-0.160158,-0.146885,-0.176884,-0.146885,-0.172062,-0.160158,-0.146885,-0.160158]
	PARPACK diagonalization completed after 30 matrix-vector product operations.
	iteration results: : total energy is -27.454668 | electron energy -27.459539 + phonon energy 0.004871 | electron momentum kIdx = 0
The 10-th iteration is completed.	|| time cost : 0h 0m 19.463s
********************************************************************************************************************
Start the 11 rounds of NGS-ED iteration
	effective electronic model is modified as: kinetic energy t = 0.981431
	                                           effective interaction Vq = [-0.199985,-0.172091,-0.160155,-0.172091,-0.172091,-0.160155,-0.146888,-0.160155,-0.160155,-0.146888,-0.176979,-0.146888,-0.172091,-0.160155,-0.146888,-0.160155]
	PARPACK diagonalization completed after 30 matrix-vector product operations.
	iteration results: : total energy is -27.454835 | electron energy -27.459731 + phonon energy 0.004895 | electron momentum kIdx = 0
	Nq(0) = 12.25,	Nq(1) = 0.381575,	Nq(2) = 0.560229,	Nq(3) = 0.381575,	Nq(4) = 0.381575,	Nq(5) = 0.560229,	Nq(6) = 0.635701,	Nq(7) = 0.560229,	Nq(8) = 0.560229,	Nq(9) = 0.635701,	Nq(10) = 1.71592,	Nq(11) = 0.635701,	Nq(12) = 0.381575,	Nq(13) = 0.560229,	Nq(14) = 0.635701,	Nq(15) = 0.560229,	Sq(0) = 5.76524e-18,	Sq(1) = 0.353411,	Sq(2) = 0.367108,	Sq(3) = 0.353411,	Sq(4) = 0.353411,	Sq(5) = 0.367108,	Sq(6) = 0.594283,	Sq(7) = 0.367108,	Sq(8) = 0.367108,	Sq(9) = 0.594283,	Sq(10) = 0.610177,	Sq(11) = 0.594283,	Sq(12) = 0.353411,	Sq(13) = 0.367108,	Sq(14) = 0.594283,	Sq(15) = 0.367108,	N(0) = 1.99951,	N(1) = 1.99861,	N(2) = 0.666911,	N(3) = 1.99861,	N(4) = 1.99861,	N(5) = 0.666911,	N(6) = 0.00104471,	N(7) = 0.666911,	N(8) = 0.666911,	N(9) = 0.00104471,	N(10) = 0.000406485,	N(11) = 0.00104471,	N(12) = 1.99861,	N(13) = 0.666911,	N(14) = 0.00104471,	N(15) = 0.666911,	Delta[s](0) = 0.694206,	Delta[s](1) = 0.257135,	Delta[s](2) = 0.214156,	Delta[s](3) = 0.257135,	Delta[s](4) = 0.257134,	Delta[s](5) = 0.214156,	Delta[s](6) = 0.136375,	Delta[s](7) = 0.214156,	Delta[s](8) = 0.214156,	Delta[s](9) = 0.136375,	Delta[s](10) = 0.145021,	Delta[s](11) = 0.136375,	Delta[s](12) = 0.257134,	Delta[s](13) = 0.214156,	Delta[s](14) = 0.136375,	Delta[s](15) = 0.214156,	Delta[d](0) = 0.251958,	Delta[d](1) = 0.206007,	Delta[d](2) = 0.206907,	Delta[d](3) = 0.206007,	Delta[d](4) = 0.206007,	Delta[d](5) = 0.130308,	Delta[d](6) = 0.145504,	Delta[d](7) = 0.130308,	Delta[d](8) = 0.206907,	Delta[d](9) = 0.145504,	Delta[d](10) = 0.00868659,	Delta[d](11) = 0.145504,	Delta[d](12) = 0.206007,	Delta[d](13) = 0.130308,	Delta[d](14) = 0.145504,	Delta[d](15) = 0.130308,	Delta[s+](0) = 0.492125,	Delta[s+](1) = 0.369162,	Delta[s+](2) = 0.206907,	Delta[s+](3) = 0.369162,	Delta[s+](4) = 0.369162,	Delta[s+](5) = 0.206907,	Delta[s+](6) = 0.063616,	Delta[s+](7) = 0.206907,	Delta[s+](8) = 0.206907,	Delta[s+](9) = 0.063616,	Delta[s+](10) = 0.00293054,	Delta[s+](11) = 0.063616,	Delta[s+](12) = 0.369162,	Delta[s+](13) = 0.206907,	Delta[s+](14) = 0.063616,	Delta[s+](15) = 0.206907
The 11-th iteration is completed.	|| time cost : 0h 3m 19.761s
********************************************************************************************************************
********************************************************************************************************************
Ground state is obtained after 12 iterations. The current ground-state energy is -27.4548, in which electron energy is -27.4597 and phonon energy is 0.0048953
final variational state is: 
	Gamma_x = [      1,1.01119,1.01745,1.01119,1.01119,1.01745,1.02003,1.01745,1.01745,1.02003,1.04883,1.02003,1.01119,1.01745,1.02003,1.01745]
	lambda_q = [ 0.24842, 0.15664,0.138409, 0.15664, 0.15664,0.138409, 0.12117,0.138409,0.138409, 0.12117,  0.1653, 0.12117, 0.15664,0.138409, 0.12117,0.138409]
********************************************************************************************************************
o___o  ----------------------------------------
| L |	Time since last clock: 0h 0m 0s
A===A	Time since the beginning: 0h 35m 17.877s
***********************************************

********************************************************************************************************************
Start warm-up calculation for scaling factor 8
open output files: NGSEDWarmUpW1Obs.txt
********************************************************************************************************************
Start the 0 rounds of NGS-ED iteration
	effective electronic model is modified as: kinetic energy t = 0.981427
	                                           effective interaction Vq = [-0.182315, -0.13796,-0.125941, -0.13796, -0.13796,-0.125941,-0.113597,-0.125941,-0.125941,-0.113597,-0.143297,-0.113597, -0.13796,-0.125941,-0.113597,-0.125941]
	PARPACK diagonalization completed after 45 matrix-vector product operations.
