SNEDics v3.22.2 Non-Gaussian ED ground state program		Start at Tue Apr 12 00:58:51 2022

Parallelization: 32 MPI threads  * 8 OpenMP threads = 256 total threads.
********************************************************************************************************************
********************************************************************************************************************

********************************************************************************************************************
System parameters and configurations
	special program options are enabled: splitted diagonal Hamiltonian | splitted Hamiltonian terms
********************************************************************************************************************
Read input file "model_params.in"
	Hubbard-Holstein model parameters : 	t = 1    t' = -0.3    U = 8    g = 0.05    W = 0.2    g' = 0.35    
********************************************************************************************************************
Read input file "hilbertspace_params.in"
	Requested 16-site 2D lattice, with 12 electrons (6, 6)
	Boundary : Periodic		Hilbert space representation : momentum-space (restricted to kIdx = 0)
	Conservation: particle number[U(1)]      spin[U(1)]     momentum
********************************************************************************************************************

Cluster Positions:				Cluster symmetry group : D4
 x ... x ... x ... x .....                       x ... x ... x ... x .....
 |           |           :                       |           |           :
 |           |           :                       |           |           :
12    13    14    15     x                       1     5     6     5     x
 |           |           :                       |           |           :
 |           |           :                       |           |           :
 8 --- 9 ---10 ---11 --- x                       2 --- 6 ---10 --- 6 --- x
 |           |           :                       |           |           :
 |           |           :                       |           |           :
 4     5     6     7     x                       1     5     6     5     x
 |           |           :                       |           |           :
 |           |           :                       |           |           :
 0 --- 1 --- 2 --- 3 --- x                       0 --- 1 --- 2 --- 1 --- x
orbital number : 1
********************************************************************************************************************
Read input file "obs_params.in"
	Observable Type : Nq(All),   Sq(All),   N(All-Orbital),   Delta[s](All),   Delta[d](All),   Delta[s+](All)
** WARNING ** the input observables have non-local factors which have been reinterpreted. The total observable number is 96
********************************************************************************************************************


********************************************************************************************************************
Start calculating the non-Gaussian ED ground state
Maximal iteration number is 1000; energy resolution is 1e-06. Phonon state relaxation time is 2000
W = 0.2 is relatively large. The non-Gaussian ED calculation starts directly.
open output files: NGSED_iteration_observables.txt
********************************************************************************************************************
Start the 0 rounds of NGS-ED iteration
	effective electronic model is modified as: kinetic energy t = 1, t' = -0.3
	                                           effective interaction Vq = [0,0,0,0,0,0,0,0,0,0,0,0,0,0,0,0]
	first Hamiltonian is constructed, size = 4008592 and non-zero numbers = 969952250
	PARPACK diagonalization completed after 135 matrix-vector product operations.
	iteration results: : total energy is -15.091341 | electron energy -15.091341 + phonon energy 0.000000 | electron momentum kIdx = 0
	Nq(0) = 9,	Nq(1) = 0.182775,	Nq(2) = 0.248843,	Nq(3) = 0.182775,	Nq(4) = 0.182775,	Nq(5) = 0.263236,	
	Nq(6) = 0.307436,	Nq(7) = 0.263236,	Nq(8) = 0.248843,	Nq(9) = 0.307436,	Nq(10) = 0.356784,	
	Nq(11) = 0.307436,	Nq(12) = 0.182775,	Nq(13) = 0.263236,	Nq(14) = 0.307436,	Nq(15) = 0.263236;	
	Sq(0) = 2.57275e-18,	Sq(1) = 0.523525,	Sq(2) = 0.451304,	Sq(3) = 0.523525,	Sq(4) = 0.523525,	
	Sq(5) = 0.707557,	Sq(6) = 1.00669,	Sq(7) = 0.707557,	Sq(8) = 0.451304,	Sq(9) = 1.00669,	
	Sq(10) = 1.27807,	Sq(11) = 1.00669,	Sq(12) = 0.523525,	Sq(13) = 0.707557,	Sq(14) = 1.00669,	
	Sq(15) = 0.707557;	N(0) = 1.72657,	N(1) = 1.59708,	N(2) = 1.0703,	N(3) = 1.59708,	
	N(4) = 1.59708,	N(5) = 0.264255,	N(6) = 0.153085,	N(7) = 0.264255,	N(8) = 1.0703,	
	N(9) = 0.153085,	N(10) = 0.0751403,	N(11) = 0.153085,	N(12) = 1.59708,	N(13) = 0.264255,	
	N(14) = 0.153085,	N(15) = 0.264255;	Delta[s](0) = 0.056042,	Delta[s](1) = 0.0385412,	Delta[s](2) = 0.0328821,	
	Delta[s](3) = 0.0385412,	Delta[s](4) = 0.0385412,	Delta[s](5) = 0.0229467,	Delta[s](6) = 0.0148064,	Delta[s](7) = 0.0229467,	
	Delta[s](8) = 0.0328821,	Delta[s](9) = 0.0148064,	Delta[s](10) = 0.00714476,	Delta[s](11) = 0.0148064,	Delta[s](12) = 0.0385412,	
	Delta[s](13) = 0.0229467,	Delta[s](14) = 0.0148064,	Delta[s](15) = 0.0229467;	Delta[d](0) = 0.525543,	Delta[d](1) = 0.257307,	
	Delta[d](2) = 0.263567,	Delta[d](3) = 0.257307,	Delta[d](4) = 0.257307,	Delta[d](5) = 0.142029,	Delta[d](6) = 0.158767,	
	Delta[d](7) = 0.142029,	Delta[d](8) = 0.263567,	Delta[d](9) = 0.158767,	Delta[d](10) = 0.110222,	Delta[d](11) = 0.158767,	
	Delta[d](12) = 0.257307,	Delta[d](13) = 0.142029,	Delta[d](14) = 0.158767,	Delta[d](15) = 0.142029;	Delta[s+](0) = 0.512786,	
	Delta[s+](1) = 0.353229,	Delta[s+](2) = 0.263567,	Delta[s+](3) = 0.353229,	Delta[s+](4) = 0.353229,	Delta[s+](5) = 0.15531,	
	Delta[s+](6) = 0.0662084,	Delta[s+](7) = 0.15531,	Delta[s+](8) = 0.263567,	Delta[s+](9) = 0.0662084,	Delta[s+](10) = 0.0138199,	
	Delta[s+](11) = 0.0662084,	Delta[s+](12) = 0.353229,	Delta[s+](13) = 0.15531,	Delta[s+](14) = 0.0662084,	Delta[s+](15) = 0.15531
	
The 0-th iteration is completed.	|| time cost : 0h 2m 2.318s
********************************************************************************************************************
Start the 1 rounds of NGS-ED iteration
	effective electronic model is modified as: kinetic energy t = 0.944022, t' = -0.293109
	                                           effective interaction Vq = [   -10.5125,  -0.479245,-0.00104138,  -0.479245,  -0.479245,-0.00112094,   -0.19826,-0.00112094,-0.00104138,   -0.19826,   -4.92511,   -0.19826,  -0.479245,-0.00112094,   -0.19826,-0.00112094]
	PARPACK diagonalization completed after 135 matrix-vector product operations.
	iteration results: : total energy is -114.184983 | electron energy -114.852683 + phonon energy 0.667700 | electron momentum kIdx = 0
The 1-th iteration is completed.	|| time cost : 0h 1m 30.308s
********************************************************************************************************************
Start the 2 rounds of NGS-ED iteration
	effective electronic model is modified as: kinetic energy t = 0.837257, t' = -0.284947
	                                           effective interaction Vq = [    -10.5125,   -0.817451,-0.000804792,   -0.817451,   -0.817451, -0.00133686,   -0.222557, -0.00133686,-0.000804792,   -0.222557,    -9.10117,   -0.222557,   -0.817451, -0.00133686,   -0.222557, -0.00133686]
	PARPACK diagonalization completed after 60 matrix-vector product operations.
	iteration results: : total energy is -146.242885 | electron energy -148.063444 + phonon energy 1.820558 | electron momentum kIdx = 0
The 2-th iteration is completed.	|| time cost : 0h 0m 13.259s
********************************************************************************************************************
Start the 3 rounds of NGS-ED iteration
	effective electronic model is modified as: kinetic energy t = 0.563209, t' = -0.229717
	                                           effective interaction Vq = [   -10.5125,   -1.80015,-0.00295918,   -1.80015,   -1.80015,-0.00202857,  -0.716543,-0.00202857,-0.00295918,  -0.716543,   -9.11175,  -0.716543,   -1.80015,-0.00202857,  -0.716543,-0.00202857]
	PARPACK diagonalization completed after 150 matrix-vector product operations.
	iteration results: : total energy is -147.697710 | electron energy -148.588526 + phonon energy 0.890816 | electron momentum kIdx = 0
The 3-th iteration is completed.	|| time cost : 0h 0m 24.596s
********************************************************************************************************************
Start the 4 rounds of NGS-ED iteration
	effective electronic model is modified as: kinetic energy t = 1.37642e-05, t' = -0.000803921
	                                           effective interaction Vq = [  -10.5125,  -2.81241,-0.0124795,  -2.81241,  -2.81241,-0.0124852,  -2.11243,-0.0124852,-0.0124795,  -2.11243,   -9.1125,  -2.11243,  -2.81241,-0.0124852,  -2.11243,-0.0124852]
	PARPACK diagonalization completed after 30 matrix-vector product operations.
	iteration results: : total energy is -149.549440 | electron energy -149.549846 + phonon energy 0.000406 | electron momentum kIdx = 0
The 4-th iteration is completed.	|| time cost : 0h 0m 9.279s
********************************************************************************************************************
Start the 5 rounds of NGS-ED iteration
	effective electronic model is modified as: kinetic energy t = 1.10465e-05, t' = -0.00063652
	                                           effective interaction Vq = [   -10.5125,    -2.8125,-0.00189106,    -2.8125,    -2.8125,-0.00189102,    -2.1125,-0.00189102,-0.00189106,    -2.1125,    -9.1125,    -2.1125,    -2.8125,-0.00189102,    -2.1125,-0.00189102]
	PARPACK diagonalization completed after 30 matrix-vector product operations.
	iteration results: : total energy is -149.550006 | electron energy -149.550006 + phonon energy 0.000000 | electron momentum kIdx = 0
The 5-th iteration is completed.	|| time cost : 0h 0m 9.294s
********************************************************************************************************************
Start the 6 rounds of NGS-ED iteration
	effective electronic model is modified as: kinetic energy t = 1.10452e-05, t' = -0.00063644
	                                           effective interaction Vq = [   -10.5125,    -2.8125,-0.00152863,    -2.8125,    -2.8125, -0.0015286,    -2.1125, -0.0015286,-0.00152863,    -2.1125,    -9.1125,    -2.1125,    -2.8125, -0.0015286,    -2.1125, -0.0015286]
	PARPACK diagonalization completed after 30 matrix-vector product operations.
	iteration results: : total energy is -149.550006 | electron energy -149.550006 + phonon energy 0.000000 | electron momentum kIdx = 0
The 6-th iteration is completed.	|| time cost : 0h 0m 9.29s
********************************************************************************************************************
Start the 7 rounds of NGS-ED iteration
	effective electronic model is modified as: kinetic energy t = 1.10452e-05, t' = -0.00063644
	                                           effective interaction Vq = [   -10.5125,    -2.8125,-0.00152825,    -2.8125,    -2.8125,-0.00152822,    -2.1125,-0.00152822,-0.00152825,    -2.1125,    -9.1125,    -2.1125,    -2.8125,-0.00152822,    -2.1125,-0.00152822]
	PARPACK diagonalization completed after 30 matrix-vector product operations.
	iteration results: : total energy is -149.550006 | electron energy -149.550006 + phonon energy 0.000000 | electron momentum kIdx = 0
The 7-th iteration is completed.	|| time cost : 0h 0m 9.289s
********************************************************************************************************************
Start the 8 rounds of NGS-ED iteration
	effective electronic model is modified as: kinetic energy t = 1.10452e-05, t' = -0.00063644
	                                           effective interaction Vq = [   -10.5125,    -2.8125,-0.00152825,    -2.8125,    -2.8125,-0.00152822,    -2.1125,-0.00152822,-0.00152825,    -2.1125,    -9.1125,    -2.1125,    -2.8125,-0.00152822,    -2.1125,-0.00152822]
	PARPACK diagonalization completed after 30 matrix-vector product operations.
	iteration results: : total energy is -149.550006 | electron energy -149.550006 + phonon energy 0.000000 | electron momentum kIdx = 0
	Nq(0) = 9,	Nq(1) = 0.25,	Nq(2) = 4.80586e-07,	Nq(3) = 0.25,	Nq(4) = 0.25,	Nq(5) = 2.40294e-07,	
	Nq(6) = 0.25,	Nq(7) = 2.40294e-07,	Nq(8) = 4.80586e-07,	Nq(9) = 0.25,	Nq(10) = 9,	
	Nq(11) = 0.25,	Nq(12) = 0.25,	Nq(13) = 2.40294e-07,	Nq(14) = 0.25,	Nq(15) = 2.40294e-07;	
	Sq(0) = -1.5469e-19,	Sq(1) = 0.25,	Sq(2) = 0.666666,	Sq(3) = 0.25,	Sq(4) = 0.25,	
	Sq(5) = 0.166667,	Sq(6) = 0.25,	Sq(7) = 0.166667,	Sq(8) = 0.666666,	Sq(9) = 0.25,	
	Sq(10) = 4.51763e-12,	Sq(11) = 0.25,	Sq(12) = 0.25,	Sq(13) = 0.166667,	Sq(14) = 0.25,	
	Sq(15) = 0.166667;	N(0) = 0.498882,	N(1) = 1,	N(2) = 0.501121,	N(3) = 1,	
	N(4) = 1,	N(5) = 0.5,	N(6) = 0.999997,	N(7) = 0.5,	N(8) = 0.501121,	
	N(9) = 0.999997,	N(10) = 0.498877,	N(11) = 0.999997,	N(12) = 1,	N(13) = 0.5,	
	N(14) = 0.999997,	N(15) = 0.5;	Delta[s](0) = 0.25,	Delta[s](1) = 0.25,	Delta[s](2) = 0.25,	
	Delta[s](3) = 0.25,	Delta[s](4) = 0.25,	Delta[s](5) = 0.25,	Delta[s](6) = 0.25,	Delta[s](7) = 0.25,	
	Delta[s](8) = 0.25,	Delta[s](9) = 0.25,	Delta[s](10) = 0.25,	Delta[s](11) = 0.25,	Delta[s](12) = 0.25,	
	Delta[s](13) = 0.25,	Delta[s](14) = 0.25,	Delta[s](15) = 0.25;	Delta[d](0) = 1.1104e-12,	Delta[d](1) = 9.88677e-13,	
	Delta[d](2) = 8.67556e-13,	Delta[d](3) = 9.88677e-13,	Delta[d](4) = 9.88677e-13,	Delta[d](5) = 8.6631e-13,	Delta[d](6) = 7.44535e-13,	
	Delta[d](7) = 8.6631e-13,	Delta[d](8) = 8.67556e-13,	Delta[d](9) = 7.44535e-13,	Delta[d](10) = 6.22108e-13,	Delta[d](11) = 7.44535e-13,	
	Delta[d](12) = 9.88677e-13,	Delta[d](13) = 8.6631e-13,	Delta[d](14) = 7.44535e-13,	Delta[d](15) = 8.6631e-13;	Delta[s+](0) = 1.11703e-12,	
	Delta[s+](1) = 9.91994e-13,	Delta[s+](2) = 8.67556e-13,	Delta[s+](3) = 9.91994e-13,	Delta[s+](4) = 9.91994e-13,	Delta[s+](5) = 8.67615e-13,	
	Delta[s+](6) = 7.43829e-13,	Delta[s+](7) = 8.67615e-13,	Delta[s+](8) = 8.67556e-13,	Delta[s+](9) = 7.43829e-13,	Delta[s+](10) = 6.20699e-13,	
	Delta[s+](11) = 7.43829e-13,	Delta[s+](12) = 9.91994e-13,	Delta[s+](13) = 8.67615e-13,	Delta[s+](14) = 7.43829e-13,	Delta[s+](15) = 8.67615e-13
	
The 8-th iteration is completed.	|| time cost : 0h 1m 19.396s
********************************************************************************************************************
********************************************************************************************************************
Ground state is obtained after 9 iterations. The current ground-state energy is -149.55, in which electron energy is -149.55 and phonon energy is 3.14698e-09
Final variational state is: 
	Gamma_x = [      1, 1.0001,      1, 1.0001, 1.0001,      1,1.00008,      1,      1,1.00008,      1,1.00008, 1.0001,      1,1.00008,      1]
	lambda_q = [     7.25,  3.74995,0.0157806,  3.74995,  3.74995,0.0157802, -3.24995,0.0157802,0.0157806, -3.24995,    -6.75, -3.24995,  3.74995,0.0157802, -3.24995,0.0157802]
Effective e-e interactions mediated by phonons are:
	momentum-space Vq = [   -10.5125,    -2.8125,-0.00152825,    -2.8125,    -2.8125,-0.00152822,    -2.1125,-0.00152822,-0.00152825,    -2.1125,    -9.1125,    -2.1125,    -2.8125,-0.00152822,    -2.1125,-0.00152822]
	real-space Vr = [    -2.45839,      -0.175,    -1.22637,      -0.175,      -0.175,    -1.22637,-1.77929e-11,    -1.22637,    -1.22637,-1.77928e-11,  0.00411441,-1.77844e-11,      -0.175,    -1.22637,-1.77845e-11,    -1.22637]
********************************************************************************************************************
o___o  ----------------------------------------
| L |	Time since last clock: 0h 0m 0.011s
A===A	Time since the beginning: 0h 6m 7.043s
***********************************************


Non-Gaussina ED ground state calculation is completed. The final ground-state energy is -149.55
********************************************************************************************************************
o___o  ----------------------------------------
| L |	Time since last clock: 0h 0m 0.005s
A===A	Time since the beginning: 0h 6m 7.049s
***********************************************



********************************************************************************************************************
All non-Gaussian ED ground state calculations have been completed. Exit now.
