TACC:  Starting up job 4310476 
TACC:  Starting parallel tasks... 
SNEDics v3.4 Non-Gaussian ED ground state program		Start at Wed Sep 11 02:16:22 2019

parallized on 32 MPI threads  * 6 OpenMP threads = 192 total threads.
********************************************************************************************************************
********************************************************************************************************************

********************************************************************************************************************
System parameters and configurations
********************************************************************************************************************
Special program options are enabled: splitted diagonal Hamiltonian
********************************************************************************************************************
Read input file "model_params.in"
	Hubbard-Holstein model parameters : 	t = 1    U = 6    g = 4.4721    W = 5    
********************************************************************************************************************
Read input file "hilbertspace_params.in"
	Requested 16-site 2D lattice, with 16 electrons (8, 8)
	Boundary : Periodic		Hilbert space representation : momentum-space (restricted to kIdx = 0)
	Conservation: particle number[U(1)]      spin[U(1)]     momentum
********************************************************************************************************************

Cluster Positions:				Cluster symmetry group : D4
 x ... x ... x ... x .....                       x ... x ... x ... x .....
 |           |           :                       |           |           :
 |           |           :                       |           |           :
12    13    14    15     x                       1     5     6     5     x
 |           |           :                       |           |           :
 |           |           :                       |           |           :
 8 --- 9 ---10 ---11 --- x                       2 --- 6 ---10 --- 6 --- x
 |           |           :                       |           |           :
 |           |           :                       |           |           :
 4     5     6     7     x                       1     5     6     5     x
 |           |           :                       |           |           :
 |           |           :                       |           |           :
 0 --- 1 --- 2 --- 3 --- x                       0 --- 1 --- 2 --- 1 --- x
orbital number : 1
********************************************************************************************************************
Read input file "obs_params.in"
	Observable Type : Nq(All),   Sq(All),   N(All),   Delta[s](All),   Delta[d](All),   Delta[s+](All)
********************************************************************************************************************
** WARNING ** the input observables have non-local factors which have been reinterpreted. The total observable number is 96
********************************************************************************************************************


********************************************************************************************************************
Start calculating the non-Gaussian ED ground state
Input file varState.dat exists. Start iterations from it.
open output files: NGSEDIterationObs.txt
********************************************************************************************************************
Start the 0 rounds of NGS-ED iteration
	effective electronic model is modified as: kinetic energy t = 0.749222
	                                           effective interaction Vq = [-3.99994,-3.50997, -3.3193,-3.50997,-3.50997, -3.3193,-3.32348, -3.3193, -3.3193,-3.32348,-3.99651,-3.32348,-3.50997, -3.3193,-3.32348, -3.3193]
	first Hamiltonian is constructed, non-zero numbers = 12310855584
	PARPACK diagonalization completed after 60 matrix-vector product operations.
	iteration results: : total energy is -88.776599 | electron energy -89.144332 + phonon energy 0.367733 | electron momentum kIdx = 0
	Nq(0) = 16,	Nq(1) = 0.166651,	Nq(2) = 0.246863,	Nq(3) = 0.166651,	Nq(4) = 0.166651,	Nq(5) = 0.246863,	Nq(6) = 0.356814,	Nq(7) = 0.246863,	Nq(8) = 0.246863,	Nq(9) = 0.356814,	Nq(10) = 8.63862,	Nq(11) = 0.356814,	Nq(12) = 0.166651,	Nq(13) = 0.246863,	Nq(14) = 0.356814,	Nq(15) = 0.246863,	Sq(0) = -1.90599e-18,	Sq(1) = 0.155421,	Sq(2) = 0.235778,	Sq(3) = 0.155421,	Sq(4) = 0.155421,	Sq(5) = 0.235778,	Sq(6) = 0.334096,	Sq(7) = 0.235778,	Sq(8) = 0.235778,	Sq(9) = 0.334096,	Sq(10) = 0.413606,	Sq(11) = 0.334096,	Sq(12) = 0.155421,	Sq(13) = 0.235778,	Sq(14) = 0.334096,	Sq(15) = 0.235778,	N(0) = 1.93297,	N(1) = 1.80669,	N(2) = 1,	N(3) = 1.80669,	N(4) = 1.80669,	N(5) = 1,	N(6) = 0.193307,	N(7) = 1,	N(8) = 1,	N(9) = 0.193307,	N(10) = 0.0670338,	N(11) = 0.193307,	N(12) = 1.80669,	N(13) = 1,	N(14) = 0.193307,	N(15) = 1,	Delta[s](0) = 0.430182,	Delta[s](1) = 0.39732,	Delta[s](2) = 0.381996,	Delta[s](3) = 0.39732,	Delta[s](4) = 0.39732,	Delta[s](5) = 0.381996,	Delta[s](6) = 0.362248,	Delta[s](7) = 0.381996,	Delta[s](8) = 0.381996,	Delta[s](9) = 0.362248,	Delta[s](10) = 0.346401,	Delta[s](11) = 0.362248,	Delta[s](12) = 0.39732,	Delta[s](13) = 0.381996,	Delta[s](14) = 0.362248,	Delta[s](15) = 0.381996,	Delta[d](0) = 0.157014,	Delta[d](1) = 0.143976,	Delta[d](2) = 0.165349,	Delta[d](3) = 0.143976,	Delta[d](4) = 0.143976,	Delta[d](5) = 0.103572,	Delta[d](6) = 0.112579,	Delta[d](7) = 0.103572,	Delta[d](8) = 0.165349,	Delta[d](9) = 0.112579,	Delta[d](10) = 0.0500713,	Delta[d](11) = 0.112579,	Delta[d](12) = 0.143976,	Delta[d](13) = 0.103572,	Delta[d](14) = 0.112579,	Delta[d](15) = 0.103572,	Delta[s+](0) = 0.351797,	Delta[s+](1) = 0.262524,	Delta[s+](2) = 0.165349,	Delta[s+](3) = 0.262524,	Delta[s+](4) = 0.262524,	Delta[s+](5) = 0.165349,	Delta[s+](6) = 0.0727192,	Delta[s+](7) = 0.165349,	Delta[s+](8) = 0.165349,	Delta[s+](9) = 0.0727192,	Delta[s+](10) = 0.0312231,	Delta[s+](11) = 0.0727192,	Delta[s+](12) = 0.262524,	Delta[s+](13) = 0.165349,	Delta[s+](14) = 0.0727192,	Delta[s+](15) = 0.165349
The 0-th iteration is completed.	|| time cost : 0h 8m 14.359s
********************************************************************************************************************
Start the 1 rounds of NGS-ED iteration
	effective electronic model is modified as: kinetic energy t = 0.749248
	                                           effective interaction Vq = [-3.99994,-3.50979,-3.31915,-3.50979,-3.50979,-3.31915,-3.32329,-3.31915,-3.31915,-3.32329,-3.99652,-3.32329,-3.50979,-3.31915,-3.32329,-3.31915]
	PARPACK diagonalization completed after 30 matrix-vector product operations.
	iteration results: : total energy is -88.776600 | electron energy -89.144252 + phonon energy 0.367653 | electron momentum kIdx = 0
The 1-th iteration is completed.	|| time cost : 0h 0m 20.676s
********************************************************************************************************************
Start the 2 rounds of NGS-ED iteration
	effective electronic model is modified as: kinetic energy t = 0.749266
	                                           effective interaction Vq = [-3.99994,-3.50966,-3.31905,-3.50966,-3.50966,-3.31905,-3.32316,-3.31905,-3.31905,-3.32316,-3.99652,-3.32316,-3.50966,-3.31905,-3.32316,-3.31905]
	PARPACK diagonalization completed after 30 matrix-vector product operations.
	iteration results: : total energy is -88.776600 | electron energy -89.144195 + phonon energy 0.367596 | electron momentum kIdx = 0
The 2-th iteration is completed.	|| time cost : 0h 0m 20.601s
********************************************************************************************************************
Start the 3 rounds of NGS-ED iteration
	effective electronic model is modified as: kinetic energy t = 0.749279
	                                           effective interaction Vq = [-3.99994,-3.50957,-3.31897,-3.50957,-3.50957,-3.31897,-3.32306,-3.31897,-3.31897,-3.32306,-3.99652,-3.32306,-3.50957,-3.31897,-3.32306,-3.31897]
	PARPACK diagonalization completed after 30 matrix-vector product operations.
	iteration results: : total energy is -88.776600 | electron energy -89.144155 + phonon energy 0.367555 | electron momentum kIdx = 0
The 3-th iteration is completed.	|| time cost : 0h 0m 20.642s
********************************************************************************************************************
Start the 4 rounds of NGS-ED iteration
	effective electronic model is modified as: kinetic energy t = 0.749288
	                                           effective interaction Vq = [-3.99994,-3.50951,-3.31892,-3.50951,-3.50951,-3.31892,-3.32299,-3.31892,-3.31892,-3.32299,-3.99652,-3.32299,-3.50951,-3.31892,-3.32299,-3.31892]
	PARPACK diagonalization completed after 30 matrix-vector product operations.
	iteration results: : total energy is -88.776600 | electron energy -89.144126 + phonon energy 0.367526 | electron momentum kIdx = 0
The 4-th iteration is completed.	|| time cost : 0h 0m 20.589s
********************************************************************************************************************
Start the 5 rounds of NGS-ED iteration
	effective electronic model is modified as: kinetic energy t = 0.749295
	                                           effective interaction Vq = [-3.99994,-3.50946,-3.31888,-3.50946,-3.50946,-3.31888,-3.32294,-3.31888,-3.31888,-3.32294,-3.99652,-3.32294,-3.50946,-3.31888,-3.32294,-3.31888]
	PARPACK diagonalization completed after 30 matrix-vector product operations.
	iteration results: : total energy is -88.776600 | electron energy -89.144105 + phonon energy 0.367505 | electron momentum kIdx = 0
The 5-th iteration is completed.	|| time cost : 0h 0m 20.625s
********************************************************************************************************************
Start the 6 rounds of NGS-ED iteration
	effective electronic model is modified as: kinetic energy t = 0.749299
	                                           effective interaction Vq = [-3.99994,-3.50943,-3.31885,-3.50943,-3.50943,-3.31885,-3.32291,-3.31885,-3.31885,-3.32291,-3.99652,-3.32291,-3.50943,-3.31885,-3.32291,-3.31885]
	PARPACK diagonalization completed after 30 matrix-vector product operations.
	iteration results: : total energy is -88.776600 | electron energy -89.144090 + phonon energy 0.367490 | electron momentum kIdx = 0
The 6-th iteration is completed.	|| time cost : 0h 0m 21.471s
********************************************************************************************************************
Start the 7 rounds of NGS-ED iteration
	effective electronic model is modified as: kinetic energy t = 0.749303
	                                           effective interaction Vq = [-3.99994,-3.50941,-3.31883,-3.50941,-3.50941,-3.31883,-3.32288,-3.31883,-3.31883,-3.32288,-3.99652,-3.32288,-3.50941,-3.31883,-3.32288,-3.31883]
	PARPACK diagonalization completed after 30 matrix-vector product operations.
	iteration results: : total energy is -88.776600 | electron energy -89.144080 + phonon energy 0.367480 | electron momentum kIdx = 0
The 7-th iteration is completed.	|| time cost : 0h 0m 20.584s
********************************************************************************************************************
Start the 8 rounds of NGS-ED iteration
	effective electronic model is modified as: kinetic energy t = 0.749305
	                                           effective interaction Vq = [-3.99994,-3.50939,-3.31882,-3.50939,-3.50939,-3.31882,-3.32287,-3.31882,-3.31882,-3.32287,-3.99652,-3.32287,-3.50939,-3.31882,-3.32287,-3.31882]
	PARPACK diagonalization completed after 30 matrix-vector product operations.
	iteration results: : total energy is -88.776600 | electron energy -89.144072 + phonon energy 0.367472 | electron momentum kIdx = 0
The 8-th iteration is completed.	|| time cost : 0h 0m 20.675s
********************************************************************************************************************
Start the 9 rounds of NGS-ED iteration
	effective electronic model is modified as: kinetic energy t = 0.749307
	                                           effective interaction Vq = [-3.99994,-3.50938,-3.31881,-3.50938,-3.50938,-3.31881,-3.32285,-3.31881,-3.31881,-3.32285,-3.99652,-3.32285,-3.50938,-3.31881,-3.32285,-3.31881]
	PARPACK diagonalization completed after 30 matrix-vector product operations.
	iteration results: : total energy is -88.776600 | electron energy -89.144067 + phonon energy 0.367467 | electron momentum kIdx = 0
The 9-th iteration is completed.	|| time cost : 0h 0m 20.655s
********************************************************************************************************************
Start the 10 rounds of NGS-ED iteration
	effective electronic model is modified as: kinetic energy t = 0.749308
	                                           effective interaction Vq = [-3.99994,-3.50937, -3.3188,-3.50937,-3.50937, -3.3188,-3.32284, -3.3188, -3.3188,-3.32284,-3.99652,-3.32284,-3.50937, -3.3188,-3.32284, -3.3188]
	PARPACK diagonalization completed after 30 matrix-vector product operations.
	iteration results: : total energy is -88.776600 | electron energy -89.144063 + phonon energy 0.367463 | electron momentum kIdx = 0
	Nq(0) = 16,	Nq(1) = 0.166583,	Nq(2) = 0.246794,	Nq(3) = 0.166583,	Nq(4) = 0.166583,	Nq(5) = 0.246794,	Nq(6) = 0.356693,	Nq(7) = 0.246794,	Nq(8) = 0.246794,	Nq(9) = 0.356693,	Nq(10) = 8.64048,	Nq(11) = 0.356693,	Nq(12) = 0.166583,	Nq(13) = 0.246794,	Nq(14) = 0.356693,	Nq(15) = 0.246794,	Sq(0) = 2.07018e-18,	Sq(1) = 0.155379,	Sq(2) = 0.235737,	Sq(3) = 0.155379,	Sq(4) = 0.155379,	Sq(5) = 0.235737,	Sq(6) = 0.33404,	Sq(7) = 0.235737,	Sq(8) = 0.235737,	Sq(9) = 0.33404,	Sq(10) = 0.41355,	Sq(11) = 0.33404,	Sq(12) = 0.155379,	Sq(13) = 0.235737,	Sq(14) = 0.33404,	Sq(15) = 0.235737,	N(0) = 1.93293,	N(1) = 1.80659,	N(2) = 1,	N(3) = 1.80659,	N(4) = 1.80659,	N(5) = 1,	N(6) = 0.193407,	N(7) = 1,	N(8) = 1,	N(9) = 0.193407,	N(10) = 0.0670715,	N(11) = 0.193407,	N(12) = 1.80659,	N(13) = 1,	N(14) = 0.193407,	N(15) = 1,	Delta[s](0) = 0.430191,	Delta[s](1) = 0.397341,	Delta[s](2) = 0.382017,	Delta[s](3) = 0.397341,	Delta[s](4) = 0.397341,	Delta[s](5) = 0.382017,	Delta[s](6) = 0.362272,	Delta[s](7) = 0.382017,	Delta[s](8) = 0.382017,	Delta[s](9) = 0.362272,	Delta[s](10) = 0.346427,	Delta[s](11) = 0.362272,	Delta[s](12) = 0.397341,	Delta[s](13) = 0.382017,	Delta[s](14) = 0.362272,	Delta[s](15) = 0.382017,	Delta[d](0) = 0.156976,	Delta[d](1) = 0.143938,	Delta[d](2) = 0.165318,	Delta[d](3) = 0.143938,	Delta[d](4) = 0.143938,	Delta[d](5) = 0.103538,	Delta[d](6) = 0.11254,	Delta[d](7) = 0.103538,	Delta[d](8) = 0.165318,	Delta[d](9) = 0.11254,	Delta[d](10) = 0.0500416,	Delta[d](11) = 0.11254,	Delta[d](12) = 0.143938,	Delta[d](13) = 0.103538,	Delta[d](14) = 0.11254,	Delta[d](15) = 0.103538,	Delta[s+](0) = 0.35177,	Delta[s+](1) = 0.262492,	Delta[s+](2) = 0.165318,	Delta[s+](3) = 0.262492,	Delta[s+](4) = 0.262492,	Delta[s+](5) = 0.165318,	Delta[s+](6) = 0.0726937,	Delta[s+](7) = 0.165318,	Delta[s+](8) = 0.165318,	Delta[s+](9) = 0.0726937,	Delta[s+](10) = 0.031206,	Delta[s+](11) = 0.0726937,	Delta[s+](12) = 0.262492,	Delta[s+](13) = 0.165318,	Delta[s+](14) = 0.0726937,	Delta[s+](15) = 0.165318
The 10-th iteration is completed.	|| time cost : 0h 3m 51.768s
********************************************************************************************************************
Start the 11 rounds of NGS-ED iteration
	effective electronic model is modified as: kinetic energy t = 0.749309
	                                           effective interaction Vq = [-3.99994,-3.50936, -3.3188,-3.50936,-3.50936, -3.3188,-3.32284, -3.3188, -3.3188,-3.32284,-3.99652,-3.32284,-3.50936, -3.3188,-3.32284, -3.3188]
	PARPACK diagonalization completed after 30 matrix-vector product operations.
	iteration results: : total energy is -88.776600 | electron energy -89.144060 + phonon energy 0.367460 | electron momentum kIdx = 0
The 11-th iteration is completed.	|| time cost : 0h 0m 24.374s
********************************************************************************************************************
Start the 12 rounds of NGS-ED iteration
	effective electronic model is modified as: kinetic energy t = 0.74931
	                                           effective interaction Vq = [-3.99994,-3.50936,-3.31879,-3.50936,-3.50936,-3.31879,-3.32283,-3.31879,-3.31879,-3.32283,-3.99652,-3.32283,-3.50936,-3.31879,-3.32283,-3.31879]
	PARPACK diagonalization completed after 30 matrix-vector product operations.
	iteration results: : total energy is -88.776600 | electron energy -89.144058 + phonon energy 0.367458 | electron momentum kIdx = 0
The 12-th iteration is completed.	|| time cost : 0h 0m 20.62s
********************************************************************************************************************
Start the 13 rounds of NGS-ED iteration
	effective electronic model is modified as: kinetic energy t = 0.74931
	                                           effective interaction Vq = [-3.99994,-3.50936,-3.31879,-3.50936,-3.50936,-3.31879,-3.32283,-3.31879,-3.31879,-3.32283,-3.99652,-3.32283,-3.50936,-3.31879,-3.32283,-3.31879]
	PARPACK diagonalization completed after 30 matrix-vector product operations.
	iteration results: : total energy is -88.776600 | electron energy -89.144057 + phonon energy 0.367457 | electron momentum kIdx = 0
The 13-th iteration is completed.	|| time cost : 0h 0m 20.587s
********************************************************************************************************************
Start the 14 rounds of NGS-ED iteration
	effective electronic model is modified as: kinetic energy t = 0.74931
	                                           effective interaction Vq = [-3.99994,-3.50936,-3.31879,-3.50936,-3.50936,-3.31879,-3.32283,-3.31879,-3.31879,-3.32283,-3.99652,-3.32283,-3.50936,-3.31879,-3.32283,-3.31879]
	PARPACK diagonalization completed after 30 matrix-vector product operations.
	iteration results: : total energy is -88.776600 | electron energy -89.144056 + phonon energy 0.367456 | electron momentum kIdx = 0
The 14-th iteration is completed.	|| time cost : 0h 0m 20.563s
********************************************************************************************************************
Start the 15 rounds of NGS-ED iteration
	effective electronic model is modified as: kinetic energy t = 0.749311
	                                           effective interaction Vq = [-3.99994,-3.50935,-3.31879,-3.50935,-3.50935,-3.31879,-3.32283,-3.31879,-3.31879,-3.32283,-3.99652,-3.32283,-3.50935,-3.31879,-3.32283,-3.31879]
	PARPACK diagonalization completed after 30 matrix-vector product operations.
	iteration results: : total energy is -88.776600 | electron energy -89.144055 + phonon energy 0.367455 | electron momentum kIdx = 0
The 15-th iteration is completed.	|| time cost : 0h 0m 20.555s
********************************************************************************************************************
Start the 16 rounds of NGS-ED iteration
	effective electronic model is modified as: kinetic energy t = 0.749311
	                                           effective interaction Vq = [-3.99994,-3.50935,-3.31879,-3.50935,-3.50935,-3.31879,-3.32282,-3.31879,-3.31879,-3.32282,-3.99652,-3.32282,-3.50935,-3.31879,-3.32282,-3.31879]
	PARPACK diagonalization completed after 30 matrix-vector product operations.
	iteration results: : total energy is -88.776600 | electron energy -89.144055 + phonon energy 0.367455 | electron momentum kIdx = 0
The 16-th iteration is completed.	|| time cost : 0h 0m 20.566s
********************************************************************************************************************
Start the 17 rounds of NGS-ED iteration
	effective electronic model is modified as: kinetic energy t = 0.749311
	                                           effective interaction Vq = [-3.99994,-3.50935,-3.31879,-3.50935,-3.50935,-3.31879,-3.32282,-3.31879,-3.31879,-3.32282,-3.99652,-3.32282,-3.50935,-3.31879,-3.32282,-3.31879]
	PARPACK diagonalization completed after 30 matrix-vector product operations.
	iteration results: : total energy is -88.776600 | electron energy -89.144055 + phonon energy 0.367455 | electron momentum kIdx = 0
	Nq(0) = 16,	Nq(1) = 0.166581,	Nq(2) = 0.246792,	Nq(3) = 0.166581,	Nq(4) = 0.166581,	Nq(5) = 0.246792,	Nq(6) = 0.356689,	Nq(7) = 0.246792,	Nq(8) = 0.246792,	Nq(9) = 0.356689,	Nq(10) = 8.64054,	Nq(11) = 0.356689,	Nq(12) = 0.166581,	Nq(13) = 0.246792,	Nq(14) = 0.356689,	Nq(15) = 0.246792,	Sq(0) = -1.30698e-18,	Sq(1) = 0.155378,	Sq(2) = 0.235735,	Sq(3) = 0.155378,	Sq(4) = 0.155378,	Sq(5) = 0.235735,	Sq(6) = 0.334039,	Sq(7) = 0.235735,	Sq(8) = 0.235735,	Sq(9) = 0.334039,	Sq(10) = 0.413548,	Sq(11) = 0.334039,	Sq(12) = 0.155378,	Sq(13) = 0.235735,	Sq(14) = 0.334039,	Sq(15) = 0.235735,	N(0) = 1.93293,	N(1) = 1.80659,	N(2) = 1,	N(3) = 1.80659,	N(4) = 1.80659,	N(5) = 1,	N(6) = 0.19341,	N(7) = 1,	N(8) = 1,	N(9) = 0.19341,	N(10) = 0.0670727,	N(11) = 0.19341,	N(12) = 1.80659,	N(13) = 1,	N(14) = 0.19341,	N(15) = 1,	Delta[s](0) = 0.430191,	Delta[s](1) = 0.397342,	Delta[s](2) = 0.382018,	Delta[s](3) = 0.397342,	Delta[s](4) = 0.397342,	Delta[s](5) = 0.382018,	Delta[s](6) = 0.362273,	Delta[s](7) = 0.382018,	Delta[s](8) = 0.382018,	Delta[s](9) = 0.362273,	Delta[s](10) = 0.346428,	Delta[s](11) = 0.362273,	Delta[s](12) = 0.397342,	Delta[s](13) = 0.382018,	Delta[s](14) = 0.362273,	Delta[s](15) = 0.382018,	Delta[d](0) = 0.156975,	Delta[d](1) = 0.143937,	Delta[d](2) = 0.165317,	Delta[d](3) = 0.143937,	Delta[d](4) = 0.143937,	Delta[d](5) = 0.103537,	Delta[d](6) = 0.112539,	Delta[d](7) = 0.103537,	Delta[d](8) = 0.165317,	Delta[d](9) = 0.112539,	Delta[d](10) = 0.0500406,	Delta[d](11) = 0.112539,	Delta[d](12) = 0.143937,	Delta[d](13) = 0.103537,	Delta[d](14) = 0.112539,	Delta[d](15) = 0.103537,	Delta[s+](0) = 0.351769,	Delta[s+](1) = 0.262491,	Delta[s+](2) = 0.165317,	Delta[s+](3) = 0.262491,	Delta[s+](4) = 0.262491,	Delta[s+](5) = 0.165317,	Delta[s+](6) = 0.0726929,	Delta[s+](7) = 0.165317,	Delta[s+](8) = 0.165317,	Delta[s+](9) = 0.0726929,	Delta[s+](10) = 0.0312055,	Delta[s+](11) = 0.0726929,	Delta[s+](12) = 0.262491,	Delta[s+](13) = 0.165317,	Delta[s+](14) = 0.0726929,	Delta[s+](15) = 0.165317
The 17-th iteration is completed.	|| time cost : 0h 4m 13.028s
********************************************************************************************************************
********************************************************************************************************************
Ground state is obtained after 18 iterations. The current ground-state energy is -88.7766, in which electron energy is -89.1441 and phonon energy is 0.367455
final variational state is: 
	Gamma_x = [      1,1.06249,1.10027,1.06249,1.06249,1.10027, 1.1477,1.10027,1.10027, 1.1477,1.46651, 1.1477,1.06249,1.10027, 1.1477,1.10027]
	lambda_q = [ 0.89442,0.581184,0.525326,0.581184,0.581184,0.525326,0.526422,0.525326,0.525326,0.526422,0.868274,0.526422,0.581184,0.525326,0.526422,0.525326]
********************************************************************************************************************
o___o  ----------------------------------------
| L |	Time since last clock: 0h 0m 0s
A===A	Time since the beginning: 0h 21m 32.947s
***********************************************


Non-Gaussina ED ground state calculation is completed. The final ground-state energy is -88.7766
********************************************************************************************************************
o___o  ----------------------------------------
| L |	Time since last clock: 0h 0m 0.001s
A===A	Time since the beginning: 0h 21m 32.948s
***********************************************



********************************************************************************************************************
All non-Gaussian ED ground state calculations have been completed. Exit now.
TACC:  Shutdown complete. Exiting. 
