SNEDics v3.4 Non-Gaussian ED ground state program		Start at Sat Sep 28 12:38:38 2019

parallized on 16 MPI threads  * 8 OpenMP threads = 128 total threads.
********************************************************************************************************************
********************************************************************************************************************

********************************************************************************************************************
System parameters and configurations
********************************************************************************************************************
Special program options are enabled: splitted diagonal Hamiltonian
********************************************************************************************************************
Read input file "model_params.in"
	Hubbard-Holstein model parameters : 	t = 1    U = 10    g = 4.4721    W = 5    
********************************************************************************************************************
Read input file "hilbertspace_params.in"
	Requested 16-site 2D lattice, with 10 electrons (5, 5)
	Boundary : Periodic		Hilbert space representation : momentum-space (restricted to kIdx = 0)
	Conservation: particle number[U(1)]      spin[U(1)]     momentum
********************************************************************************************************************

Cluster Positions:				Cluster symmetry group : D4
 x ... x ... x ... x .....                       x ... x ... x ... x .....
 |           |           :                       |           |           :
 |           |           :                       |           |           :
12    13    14    15     x                       1     5     6     5     x
 |           |           :                       |           |           :
 |           |           :                       |           |           :
 8 --- 9 ---10 ---11 --- x                       2 --- 6 ---10 --- 6 --- x
 |           |           :                       |           |           :
 |           |           :                       |           |           :
 4     5     6     7     x                       1     5     6     5     x
 |           |           :                       |           |           :
 |           |           :                       |           |           :
 0 --- 1 --- 2 --- 3 --- x                       0 --- 1 --- 2 --- 1 --- x
orbital number : 1
********************************************************************************************************************
Read input file "obs_params.in"
	Observable Type : Nq(All),   Sq(All),   N(All),   Delta[s](All),   Delta[d](All),   Delta[s+](All)
********************************************************************************************************************
** WARNING ** the input observables have non-local factors which have been reinterpreted. The total observable number is 96
********************************************************************************************************************


********************************************************************************************************************
Start calculating the non-Gaussian ED ground state
** WARNING ** Detected low phonon energy W < 10. The initial state will be prepared through a warm-up process.
********************************************************************************************************************
Start warm-up calculation for scaling factor 2
open output files: NGSEDWarmUpW10Obs.txt
********************************************************************************************************************
Start the 0 rounds of NGS-ED iteration
	effective electronic model is modified as: kinetic energy t = 1
	                                           effective interaction Vq = [-0,-0,-0,-0,-0,-0,-0,-0,-0,-0,-0,-0,-0,-0,-0,-0]
	first Hamiltonian is constructed, non-zero numbers = 242521378
	PARPACK diagonalization completed after 90 matrix-vector product operations.
	iteration results: : total energy is -16.903560 | electron energy -16.903560 + phonon energy 0.000000 | electron momentum kIdx = 0
	Nq(0) = 6.25,	Nq(1) = 0.204373,	Nq(2) = 0.272385,	Nq(3) = 0.204373,	Nq(4) = 0.204373,	Nq(5) = 0.272385,	Nq(6) = 0.347816,	Nq(7) = 0.272385,	Nq(8) = 0.272385,	Nq(9) = 0.347816,	Nq(10) = 0.424119,	Nq(11) = 0.347816,	Nq(12) = 0.204373,	Nq(13) = 0.272385,	Nq(14) = 0.347816,	Nq(15) = 0.272385,	Sq(0) = 7.16922e-19,	Sq(1) = 0.533446,	Sq(2) = 0.456822,	Sq(3) = 0.533446,	Sq(4) = 0.533446,	Sq(5) = 0.456822,	Sq(6) = 0.9653,	Sq(7) = 0.456822,	Sq(8) = 0.456822,	Sq(9) = 0.9653,	Sq(10) = 0.746901,	Sq(11) = 0.9653,	Sq(12) = 0.533446,	Sq(13) = 0.456822,	Sq(14) = 0.9653,	Sq(15) = 0.456822,	N(0) = 1.78421,	N(1) = 1.66059,	N(2) = 0.197839,	N(3) = 1.66059,	N(4) = 1.66059,	N(5) = 0.197839,	N(6) = 0.0766856,	N(7) = 0.197839,	N(8) = 0.197839,	N(9) = 0.0766856,	N(10) = 0.0796508,	N(11) = 0.0766856,	N(12) = 1.66059,	N(13) = 0.197839,	N(14) = 0.0766856,	N(15) = 0.197839,	Delta[s](0) = 0.0356339,	Delta[s](1) = 0.0235471,	Delta[s](2) = 0.0162737,	Delta[s](3) = 0.0235471,	Delta[s](4) = 0.0235471,	Delta[s](5) = 0.0162737,	Delta[s](6) = 0.00634986,	Delta[s](7) = 0.0162737,	Delta[s](8) = 0.0162737,	Delta[s](9) = 0.00634986,	Delta[s](10) = 0.00572721,	Delta[s](11) = 0.00634986,	Delta[s](12) = 0.0235471,	Delta[s](13) = 0.0162737,	Delta[s](14) = 0.00634986,	Delta[s](15) = 0.0162737,	Delta[d](0) = 0.179863,	Delta[d](1) = 0.099891,	Delta[d](2) = 0.150729,	Delta[d](3) = 0.099891,	Delta[d](4) = 0.099891,	Delta[d](5) = 0.0961818,	Delta[d](6) = 0.051255,	Delta[d](7) = 0.0961818,	Delta[d](8) = 0.150729,	Delta[d](9) = 0.051255,	Delta[d](10) = 0.0332666,	Delta[d](11) = 0.051255,	Delta[d](12) = 0.099891,	Delta[d](13) = 0.0961818,	Delta[d](14) = 0.051255,	Delta[d](15) = 0.0961818,	Delta[s+](0) = 0.521018,	Delta[s+](1) = 0.319242,	Delta[s+](2) = 0.150729,	Delta[s+](3) = 0.319242,	Delta[s+](4) = 0.319242,	Delta[s+](5) = 0.150729,	Delta[s+](6) = 0.0251445,	Delta[s+](7) = 0.150729,	Delta[s+](8) = 0.150729,	Delta[s+](9) = 0.0251445,	Delta[s+](10) = 0.00823173,	Delta[s+](11) = 0.0251445,	Delta[s+](12) = 0.319242,	Delta[s+](13) = 0.150729,	Delta[s+](14) = 0.0251445,	Delta[s+](15) = 0.150729
The 0-th iteration is completed.	|| time cost : 0h 0m 46.742s
********************************************************************************************************************
Start the 1 rounds of NGS-ED iteration
	effective electronic model is modified as: kinetic energy t = 0.894251
	                                           effective interaction Vq = [ -3.4586,-3.24611,-3.14272,-3.24611,-3.24611,-3.14272,-3.09099,-3.14272,-3.14272,-3.09099,-3.06008,-3.09099,-3.24611,-3.14272,-3.09099,-3.14272]
	PARPACK diagonalization completed after 30 matrix-vector product operations.
	iteration results: : total energy is -50.781303 | electron energy -50.790335 + phonon energy 0.009031 | electron momentum kIdx = 0
The 1-th iteration is completed.	|| time cost : 0h 0m 38.925s
********************************************************************************************************************
Start the 2 rounds of NGS-ED iteration
	effective electronic model is modified as: kinetic energy t = 0.836505
	                                           effective interaction Vq = [-3.92667,-3.74281,-3.59531,-3.74281,-3.74281,-3.59531,-3.56617,-3.59531,-3.59531,-3.56617,-3.50565,-3.56617,-3.74281,-3.59531,-3.56617,-3.59531]
	PARPACK diagonalization completed after 30 matrix-vector product operations.
	iteration results: : total energy is -54.832579 | electron energy -54.890909 + phonon energy 0.058330 | electron momentum kIdx = 0
The 2-th iteration is completed.	|| time cost : 0h 0m 2.308s
********************************************************************************************************************
Start the 3 rounds of NGS-ED iteration
	effective electronic model is modified as: kinetic energy t = 0.817042
	                                           effective interaction Vq = [-3.99002,-3.85326,-3.69971,-3.85326,-3.85326,-3.69971,-3.68436,-3.69971,-3.69971,-3.68436, -3.6115,-3.68436,-3.85326,-3.69971,-3.68436,-3.69971]
	PARPACK diagonalization completed after 30 matrix-vector product operations.
	iteration results: : total energy is -55.349831 | electron energy -55.443856 + phonon energy 0.094025 | electron momentum kIdx = 0
The 3-th iteration is completed.	|| time cost : 0h 0m 2.307s
********************************************************************************************************************
Start the 4 rounds of NGS-ED iteration
	effective electronic model is modified as: kinetic energy t = 0.81071
	                                           effective interaction Vq = [-3.99859,-3.88356,-3.72888,-3.88356,-3.88356,-3.72888,-3.71935,-3.72888,-3.72888,-3.71935,-3.64154,-3.71935,-3.88356,-3.72888,-3.71935,-3.72888]
	PARPACK diagonalization completed after 30 matrix-vector product operations.
	iteration results: : total energy is -55.416387 | electron energy -55.524979 + phonon energy 0.108592 | electron momentum kIdx = 0
The 4-th iteration is completed.	|| time cost : 0h 0m 2.35s
********************************************************************************************************************
Start the 5 rounds of NGS-ED iteration
	effective electronic model is modified as: kinetic energy t = 0.808666
	                                           effective interaction Vq = [-3.99975,-3.89286,-3.73764,-3.89286,-3.89286,-3.73764,-3.73045,-3.73764,-3.73764,-3.73045,-3.65059,-3.73045,-3.89286,-3.73764,-3.73045,-3.73764]
	PARPACK diagonalization completed after 30 matrix-vector product operations.
	iteration results: : total energy is -55.425012 | electron energy -55.538646 + phonon energy 0.113634 | electron momentum kIdx = 0
The 5-th iteration is completed.	|| time cost : 0h 0m 2.306s
********************************************************************************************************************
Start the 6 rounds of NGS-ED iteration
	effective electronic model is modified as: kinetic energy t = 0.808007
	                                           effective interaction Vq = [-3.99991,-3.89585,-3.74033,-3.89585,-3.89585,-3.74033,-3.73406,-3.74033,-3.74033,-3.73406,-3.65337,-3.73406,-3.89585,-3.74033,-3.73406,-3.74033]
	PARPACK diagonalization completed after 30 matrix-vector product operations.
	iteration results: : total energy is -55.426138 | electron energy -55.541432 + phonon energy 0.115294 | electron momentum kIdx = 0
The 6-th iteration is completed.	|| time cost : 0h 0m 2.308s
********************************************************************************************************************
Start the 7 rounds of NGS-ED iteration
	effective electronic model is modified as: kinetic energy t = 0.807795
	                                           effective interaction Vq = [-3.99993,-3.89683,-3.74116,-3.89683,-3.89683,-3.74116,-3.73524,-3.74116,-3.74116,-3.73524,-3.65422,-3.73524,-3.89683,-3.74116,-3.73524,-3.74116]
	PARPACK diagonalization completed after 30 matrix-vector product operations.
	iteration results: : total energy is -55.426286 | electron energy -55.542119 + phonon energy 0.115832 | electron momentum kIdx = 0
The 7-th iteration is completed.	|| time cost : 0h 0m 2.347s
********************************************************************************************************************
Start the 8 rounds of NGS-ED iteration
	effective electronic model is modified as: kinetic energy t = 0.807726
	                                           effective interaction Vq = [-3.99994,-3.89715,-3.74142,-3.89715,-3.89715,-3.74142,-3.73563,-3.74142,-3.74142,-3.73563,-3.65448,-3.73563,-3.89715,-3.74142,-3.73563,-3.74142]
	PARPACK diagonalization completed after 30 matrix-vector product operations.
	iteration results: : total energy is -55.426306 | electron energy -55.542312 + phonon energy 0.116006 | electron momentum kIdx = 0
	Nq(0) = 6.25,	Nq(1) = 0.295481,	Nq(2) = 0.325019,	Nq(3) = 0.295481,	Nq(4) = 0.295481,	Nq(5) = 0.325019,	Nq(6) = 0.469759,	Nq(7) = 0.325019,	Nq(8) = 0.325019,	Nq(9) = 0.469759,	Nq(10) = 0.51362,	Nq(11) = 0.469759,	Nq(12) = 0.295481,	Nq(13) = 0.325019,	Nq(14) = 0.469759,	Nq(15) = 0.325019,	Sq(0) = -1.26097e-17,	Sq(1) = 0.455811,	Sq(2) = 0.417423,	Sq(3) = 0.455811,	Sq(4) = 0.455811,	Sq(5) = 0.417423,	Sq(6) = 0.792737,	Sq(7) = 0.417423,	Sq(8) = 0.417423,	Sq(9) = 0.792737,	Sq(10) = 0.726573,	Sq(11) = 0.792737,	Sq(12) = 0.455811,	Sq(13) = 0.417423,	Sq(14) = 0.792737,	Sq(15) = 0.417423,	N(0) = 1.9634,	N(1) = 1.92443,	N(2) = 0.0427379,	N(3) = 1.92443,	N(4) = 1.92443,	N(5) = 0.0427379,	N(6) = 0.016244,	N(7) = 0.0427379,	N(8) = 0.0427379,	N(9) = 0.016244,	N(10) = 0.0174728,	N(11) = 0.016244,	N(12) = 1.92443,	N(13) = 0.0427379,	N(14) = 0.016244,	N(15) = 0.0427379,	Delta[s](0) = 0.0989774,	Delta[s](1) = 0.0673561,	Delta[s](2) = 0.059586,	Delta[s](3) = 0.0673561,	Delta[s](4) = 0.0673561,	Delta[s](5) = 0.059586,	Delta[s](6) = 0.0325994,	Delta[s](7) = 0.059586,	Delta[s](8) = 0.059586,	Delta[s](9) = 0.0325994,	Delta[s](10) = 0.0310327,	Delta[s](11) = 0.0325994,	Delta[s](12) = 0.0673561,	Delta[s](13) = 0.059586,	Delta[s](14) = 0.0325994,	Delta[s](15) = 0.059586,	Delta[d](0) = 0.202506,	Delta[d](1) = 0.0918618,	Delta[d](2) = 0.149796,	Delta[d](3) = 0.0918618,	Delta[d](4) = 0.0918618,	Delta[d](5) = 0.114352,	Delta[d](6) = 0.0435672,	Delta[d](7) = 0.114352,	Delta[d](8) = 0.149796,	Delta[d](9) = 0.0435672,	Delta[d](10) = 0.0315222,	Delta[d](11) = 0.0435672,	Delta[d](12) = 0.0918618,	Delta[d](13) = 0.114352,	Delta[d](14) = 0.0435672,	Delta[d](15) = 0.114352,	Delta[s+](0) = 0.512993,	Delta[s+](1) = 0.321494,	Delta[s+](2) = 0.149796,	Delta[s+](3) = 0.321494,	Delta[s+](4) = 0.321494,	Delta[s+](5) = 0.149796,	Delta[s+](6) = 0.0269988,	Delta[s+](7) = 0.149796,	Delta[s+](8) = 0.149796,	Delta[s+](9) = 0.0269988,	Delta[s+](10) = 0.00899379,	Delta[s+](11) = 0.0269988,	Delta[s+](12) = 0.321494,	Delta[s+](13) = 0.149796,	Delta[s+](14) = 0.0269988,	Delta[s+](15) = 0.149796
The 8-th iteration is completed.	|| time cost : 0h 0m 21.843s
********************************************************************************************************************
********************************************************************************************************************
Ground state is obtained after 9 iterations. The current ground-state energy is -55.4263, in which electron energy is -55.5423 and phonon energy is 0.116006
final variational state is: 
	Gamma_x = [      1, 1.0323, 1.0505, 1.0323, 1.0323, 1.0505,1.07431, 1.0505, 1.0505,1.07431,1.08888,1.07431, 1.0323, 1.0505,1.07431, 1.0505]
	lambda_q = [0.632372,0.531121,0.471691,0.531121,0.531121,0.471691,0.469917,0.471691,0.471691,0.469917,0.446607,0.469917,0.531121,0.471691,0.469917,0.471691]
********************************************************************************************************************
o___o  ----------------------------------------
| L |	Time since last clock: 0h 0m 0s
A===A	Time since the beginning: 0h 2m 1.44s
***********************************************


********************************************************************************************************************
Warm up runs have been completed. Start calculating W = 5 phonon.
open output files: NGSEDIterationObs.txt
********************************************************************************************************************
Start the 0 rounds of NGS-ED iteration
	effective electronic model is modified as: kinetic energy t = 0.807704
	                                           effective interaction Vq = [-3.65659,-3.34001,-3.10644,-3.34001,-3.34001,-3.10644,-3.09892,-3.10644,-3.10644,-3.09892,-2.99725,-3.09892,-3.34001,-3.10644,-3.09892,-3.10644]
	PARPACK diagonalization completed after 30 matrix-vector product operations.
	iteration results: : total energy is -50.054707 | electron energy -50.112738 + phonon energy 0.058031 | electron momentum kIdx = 0
	Nq(0) = 6.25,	Nq(1) = 0.26764,	Nq(2) = 0.3055,	Nq(3) = 0.26764,	Nq(4) = 0.26764,	Nq(5) = 0.3055,	Nq(6) = 0.422383,	Nq(7) = 0.3055,	Nq(8) = 0.3055,	Nq(9) = 0.422383,	Nq(10) = 0.477369,	Nq(11) = 0.422383,	Nq(12) = 0.26764,	Nq(13) = 0.3055,	Nq(14) = 0.422383,	Nq(15) = 0.3055,	Sq(0) = -1.1766e-17,	Sq(1) = 0.480653,	Sq(2) = 0.431546,	Sq(3) = 0.480653,	Sq(4) = 0.480653,	Sq(5) = 0.431546,	Sq(6) = 0.853497,	Sq(7) = 0.431546,	Sq(8) = 0.431546,	Sq(9) = 0.853497,	Sq(10) = 0.75366,	Sq(11) = 0.853497,	Sq(12) = 0.480653,	Sq(13) = 0.431546,	Sq(14) = 0.853497,	Sq(15) = 0.431546,	N(0) = 1.9256,	N(1) = 1.85965,	N(2) = 0.0793682,	N(3) = 1.85965,	N(4) = 1.85965,	N(5) = 0.0793682,	N(6) = 0.0314131,	N(7) = 0.0793682,	N(8) = 0.0793682,	N(9) = 0.0314131,	N(10) = 0.033931,	N(11) = 0.0314131,	N(12) = 1.85965,	N(13) = 0.0793682,	N(14) = 0.0314131,	N(15) = 0.0793682,	Delta[s](0) = 0.0697908,	Delta[s](1) = 0.0504744,	Delta[s](2) = 0.043227,	Delta[s](3) = 0.0504744,	Delta[s](4) = 0.0504744,	Delta[s](5) = 0.043227,	Delta[s](6) = 0.026136,	Delta[s](7) = 0.043227,	Delta[s](8) = 0.043227,	Delta[s](9) = 0.026136,	Delta[s](10) = 0.0246367,	Delta[s](11) = 0.026136,	Delta[s](12) = 0.0504744,	Delta[s](13) = 0.043227,	Delta[s](14) = 0.026136,	Delta[s](15) = 0.043227,	Delta[d](0) = 0.201728,	Delta[d](1) = 0.104488,	Delta[d](2) = 0.161275,	Delta[d](3) = 0.104488,	Delta[d](4) = 0.104488,	Delta[d](5) = 0.115363,	Delta[d](6) = 0.0553111,	Delta[d](7) = 0.115363,	Delta[d](8) = 0.161275,	Delta[d](9) = 0.0553111,	Delta[d](10) = 0.0385032,	Delta[d](11) = 0.0553111,	Delta[d](12) = 0.104488,	Delta[d](13) = 0.115363,	Delta[d](14) = 0.0553111,	Delta[d](15) = 0.115363,	Delta[s+](0) = 0.537282,	Delta[s+](1) = 0.336583,	Delta[s+](2) = 0.161275,	Delta[s+](3) = 0.336583,	Delta[s+](4) = 0.336583,	Delta[s+](5) = 0.161275,	Delta[s+](6) = 0.0338945,	Delta[s+](7) = 0.161275,	Delta[s+](8) = 0.161275,	Delta[s+](9) = 0.0338945,	Delta[s+](10) = 0.0116318,	Delta[s+](11) = 0.0338945,	Delta[s+](12) = 0.336583,	Delta[s+](13) = 0.161275,	Delta[s+](14) = 0.0338945,	Delta[s+](15) = 0.161275
The 0-th iteration is completed.	|| time cost : 0h 0m 22.207s
********************************************************************************************************************
Start the 1 rounds of NGS-ED iteration
	effective electronic model is modified as: kinetic energy t = 0.787115
	                                           effective interaction Vq = [-3.87363,-3.53156, -3.2568,-3.53156,-3.53156, -3.2568,-3.23287, -3.2568, -3.2568,-3.23287,-3.12198,-3.23287,-3.53156, -3.2568,-3.23287, -3.2568]
	PARPACK diagonalization completed after 30 matrix-vector product operations.
	iteration results: : total energy is -51.625510 | electron energy -51.783000 + phonon energy 0.157489 | electron momentum kIdx = 0
The 1-th iteration is completed.	|| time cost : 0h 0m 2.338s
********************************************************************************************************************
Start the 2 rounds of NGS-ED iteration
	effective electronic model is modified as: kinetic energy t = 0.774475
	                                           effective interaction Vq = [-3.95347,-3.62801,-3.33533,-3.62801,-3.62801,-3.33533,-3.30942,-3.33533,-3.33533,-3.30942,-3.19391,-3.30942,-3.62801,-3.33533,-3.30942,-3.33533]
	PARPACK diagonalization completed after 30 matrix-vector product operations.
	iteration results: : total energy is -52.192451 | electron energy -52.417808 + phonon energy 0.225357 | electron momentum kIdx = 0
The 2-th iteration is completed.	|| time cost : 0h 0m 2.346s
********************************************************************************************************************
Start the 3 rounds of NGS-ED iteration
	effective electronic model is modified as: kinetic energy t = 0.767062
	                                           effective interaction Vq = [-3.98284,-3.67858,-3.37711,-3.67858,-3.67858,-3.37711,-3.35254,-3.37711,-3.37711,-3.35254,-3.23399,-3.35254,-3.67858,-3.37711,-3.35254,-3.37711]
	PARPACK diagonalization completed after 30 matrix-vector product operations.
	iteration results: : total energy is -52.397604 | electron energy -52.663313 + phonon energy 0.265708 | electron momentum kIdx = 0
The 3-th iteration is completed.	|| time cost : 0h 0m 2.347s
********************************************************************************************************************
Start the 4 rounds of NGS-ED iteration
	effective electronic model is modified as: kinetic energy t = 0.76281
	                                           effective interaction Vq = [-3.99365,-3.70588,-3.39963,-3.70588,-3.70588,-3.39963, -3.3768,-3.39963,-3.39963, -3.3768,-3.25608, -3.3768,-3.70588,-3.39963, -3.3768,-3.39963]
	PARPACK diagonalization completed after 30 matrix-vector product operations.
	iteration results: : total energy is -52.471978 | electron energy -52.760778 + phonon energy 0.288799 | electron momentum kIdx = 0
The 4-th iteration is completed.	|| time cost : 0h 0m 2.302s
********************************************************************************************************************
Start the 5 rounds of NGS-ED iteration
	effective electronic model is modified as: kinetic energy t = 0.760398
	                                           effective interaction Vq = [-3.99762,-3.72091,-3.41185,-3.72091,-3.72091,-3.41185,-3.39048,-3.41185,-3.41185,-3.39048,-3.26822,-3.39048,-3.72091,-3.41185,-3.39048,-3.41185]
	PARPACK diagonalization completed after 30 matrix-vector product operations.
	iteration results: : total energy is -52.498987 | electron energy -52.800824 + phonon energy 0.301837 | electron momentum kIdx = 0
The 5-th iteration is completed.	|| time cost : 0h 0m 2.342s
********************************************************************************************************************
Start the 6 rounds of NGS-ED iteration
	effective electronic model is modified as: kinetic energy t = 0.759039
	                                           effective interaction Vq = [-3.99908,-3.72928,-3.41852,-3.72928,-3.72928,-3.41852, -3.3982,-3.41852,-3.41852, -3.3982,-3.27487, -3.3982,-3.72928,-3.41852, -3.3982,-3.41852]
	PARPACK diagonalization completed after 30 matrix-vector product operations.
	iteration results: : total energy is -52.508811 | electron energy -52.817971 + phonon energy 0.309159 | electron momentum kIdx = 0
The 6-th iteration is completed.	|| time cost : 0h 0m 2.315s
********************************************************************************************************************
Start the 7 rounds of NGS-ED iteration
	effective electronic model is modified as: kinetic energy t = 0.758276
	                                           effective interaction Vq = [-3.99962,-3.73398,-3.42216,-3.73398,-3.73398,-3.42216,-3.40257,-3.42216,-3.42216,-3.40257,-3.27852,-3.40257,-3.73398,-3.42216,-3.40257,-3.42216]
	PARPACK diagonalization completed after 30 matrix-vector product operations.
	iteration results: : total energy is -52.512390 | electron energy -52.825653 + phonon energy 0.313263 | electron momentum kIdx = 0
The 7-th iteration is completed.	|| time cost : 0h 0m 2.31s
********************************************************************************************************************
Start the 8 rounds of NGS-ED iteration
	effective electronic model is modified as: kinetic energy t = 0.757848
	                                           effective interaction Vq = [-3.99982,-3.73663,-3.42415,-3.73663,-3.73663,-3.42415,-3.40505,-3.42415,-3.42415,-3.40505,-3.28051,-3.40505,-3.73663,-3.42415,-3.40505,-3.42415]
	PARPACK diagonalization completed after 30 matrix-vector product operations.
	iteration results: : total energy is -52.513695 | electron energy -52.829255 + phonon energy 0.315560 | electron momentum kIdx = 0
The 8-th iteration is completed.	|| time cost : 0h 0m 2.314s
********************************************************************************************************************
Start the 9 rounds of NGS-ED iteration
	effective electronic model is modified as: kinetic energy t = 0.757608
	                                           effective interaction Vq = [-3.99989,-3.73812,-3.42524,-3.73812,-3.73812,-3.42524,-3.40645,-3.42524,-3.42524,-3.40645,-3.28159,-3.40645,-3.73812,-3.42524,-3.40645,-3.42524]
	PARPACK diagonalization completed after 30 matrix-vector product operations.
	iteration results: : total energy is -52.514172 | electron energy -52.831018 + phonon energy 0.316846 | electron momentum kIdx = 0
The 9-th iteration is completed.	|| time cost : 0h 0m 2.341s
********************************************************************************************************************
Start the 10 rounds of NGS-ED iteration
	effective electronic model is modified as: kinetic energy t = 0.757474
	                                           effective interaction Vq = [-3.99992,-3.73897,-3.42584,-3.73897,-3.73897,-3.42584,-3.40725,-3.42584,-3.42584,-3.40725,-3.28218,-3.40725,-3.73897,-3.42584,-3.40725,-3.42584]
	PARPACK diagonalization completed after 30 matrix-vector product operations.
	iteration results: : total energy is -52.514346 | electron energy -52.831911 + phonon energy 0.317565 | electron momentum kIdx = 0
	Nq(0) = 6.25,	Nq(1) = 0.285669,	Nq(2) = 0.311273,	Nq(3) = 0.285669,	Nq(4) = 0.285669,	Nq(5) = 0.311273,	Nq(6) = 0.434339,	Nq(7) = 0.311273,	Nq(8) = 0.311273,	Nq(9) = 0.434339,	Nq(10) = 0.481599,	Nq(11) = 0.434339,	Nq(12) = 0.285669,	Nq(13) = 0.311273,	Nq(14) = 0.434339,	Nq(15) = 0.311273,	Sq(0) = 2.45508e-17,	Sq(1) = 0.47076,	Sq(2) = 0.427829,	Sq(3) = 0.47076,	Sq(4) = 0.47076,	Sq(5) = 0.427829,	Sq(6) = 0.829429,	Sq(7) = 0.427829,	Sq(8) = 0.427829,	Sq(9) = 0.829429,	Sq(10) = 0.752999,	Sq(11) = 0.829429,	Sq(12) = 0.47076,	Sq(13) = 0.427829,	Sq(14) = 0.829429,	Sq(15) = 0.427829,	N(0) = 1.93956,	N(1) = 1.88637,	N(2) = 0.0631249,	N(3) = 1.88637,	N(4) = 1.88637,	N(5) = 0.0631249,	N(6) = 0.0268731,	N(7) = 0.0631249,	N(8) = 0.0631249,	N(9) = 0.0268731,	N(10) = 0.0287251,	N(11) = 0.0268731,	N(12) = 1.88637,	N(13) = 0.0631249,	N(14) = 0.0268731,	N(15) = 0.0631249,	Delta[s](0) = 0.0734898,	Delta[s](1) = 0.0547939,	Delta[s](2) = 0.0482441,	Delta[s](3) = 0.0547939,	Delta[s](4) = 0.0547939,	Delta[s](5) = 0.0482441,	Delta[s](6) = 0.031889,	Delta[s](7) = 0.0482441,	Delta[s](8) = 0.0482441,	Delta[s](9) = 0.031889,	Delta[s](10) = 0.0299492,	Delta[s](11) = 0.031889,	Delta[s](12) = 0.0547939,	Delta[s](13) = 0.0482441,	Delta[s](14) = 0.031889,	Delta[s](15) = 0.0482441,	Delta[d](0) = 0.213669,	Delta[d](1) = 0.114186,	Delta[d](2) = 0.172369,	Delta[d](3) = 0.114186,	Delta[d](4) = 0.114186,	Delta[d](5) = 0.125353,	Delta[d](6) = 0.0636362,	Delta[d](7) = 0.125353,	Delta[d](8) = 0.172369,	Delta[d](9) = 0.0636362,	Delta[d](10) = 0.0447627,	Delta[d](11) = 0.0636362,	Delta[d](12) = 0.114186,	Delta[d](13) = 0.125353,	Delta[d](14) = 0.0636362,	Delta[d](15) = 0.125353,	Delta[s+](0) = 0.564176,	Delta[s+](1) = 0.35584,	Delta[s+](2) = 0.172369,	Delta[s+](3) = 0.35584,	Delta[s+](4) = 0.35584,	Delta[s+](5) = 0.172369,	Delta[s+](6) = 0.0400922,	Delta[s+](7) = 0.172369,	Delta[s+](8) = 0.172369,	Delta[s+](9) = 0.0400922,	Delta[s+](10) = 0.0139857,	Delta[s+](11) = 0.0400922,	Delta[s+](12) = 0.35584,	Delta[s+](13) = 0.172369,	Delta[s+](14) = 0.0400922,	Delta[s+](15) = 0.172369
The 10-th iteration is completed.	|| time cost : 0h 0m 20.654s
********************************************************************************************************************
Start the 11 rounds of NGS-ED iteration
	effective electronic model is modified as: kinetic energy t = 0.757399
	                                           effective interaction Vq = [-3.99993,-3.73945,-3.42616,-3.73945,-3.73945,-3.42616, -3.4077,-3.42616,-3.42616, -3.4077, -3.2825, -3.4077,-3.73945,-3.42616, -3.4077,-3.42616]
	PARPACK diagonalization completed after 30 matrix-vector product operations.
	iteration results: : total energy is -52.514410 | electron energy -52.832378 + phonon energy 0.317968 | electron momentum kIdx = 0
The 11-th iteration is completed.	|| time cost : 0h 0m 2.337s
********************************************************************************************************************
Start the 12 rounds of NGS-ED iteration
	effective electronic model is modified as: kinetic energy t = 0.757357
	                                           effective interaction Vq = [-3.99993,-3.73972,-3.42634,-3.73972,-3.73972,-3.42634,-3.40796,-3.42634,-3.42634,-3.40796,-3.28268,-3.40796,-3.73972,-3.42634,-3.40796,-3.42634]
	PARPACK diagonalization completed after 30 matrix-vector product operations.
	iteration results: : total energy is -52.514433 | electron energy -52.832626 + phonon energy 0.318193 | electron momentum kIdx = 0
The 12-th iteration is completed.	|| time cost : 0h 0m 2.309s
********************************************************************************************************************
Start the 13 rounds of NGS-ED iteration
	effective electronic model is modified as: kinetic energy t = 0.757333
	                                           effective interaction Vq = [-3.99993,-3.73988,-3.42644,-3.73988,-3.73988,-3.42644,-3.40811,-3.42644,-3.42644,-3.40811,-3.28277,-3.40811,-3.73988,-3.42644,-3.40811,-3.42644]
	PARPACK diagonalization completed after 30 matrix-vector product operations.
	iteration results: : total energy is -52.514442 | electron energy -52.832761 + phonon energy 0.318319 | electron momentum kIdx = 0
The 13-th iteration is completed.	|| time cost : 0h 0m 2.311s
********************************************************************************************************************
Start the 14 rounds of NGS-ED iteration
	effective electronic model is modified as: kinetic energy t = 0.75732
	                                           effective interaction Vq = [-3.99994,-3.73996,-3.42649,-3.73996,-3.73996,-3.42649,-3.40819,-3.42649,-3.42649,-3.40819,-3.28282,-3.40819,-3.73996,-3.42649,-3.40819,-3.42649]
	PARPACK diagonalization completed after 30 matrix-vector product operations.
	iteration results: : total energy is -52.514445 | electron energy -52.832835 + phonon energy 0.318390 | electron momentum kIdx = 0
The 14-th iteration is completed.	|| time cost : 0h 0m 2.311s
********************************************************************************************************************
Start the 15 rounds of NGS-ED iteration
	effective electronic model is modified as: kinetic energy t = 0.757313
	                                           effective interaction Vq = [-3.99994,-3.74001,-3.42652,-3.74001,-3.74001,-3.42652,-3.40824,-3.42652,-3.42652,-3.40824,-3.28285,-3.40824,-3.74001,-3.42652,-3.40824,-3.42652]
	PARPACK diagonalization completed after 30 matrix-vector product operations.
	iteration results: : total energy is -52.514446 | electron energy -52.832875 + phonon energy 0.318429 | electron momentum kIdx = 0
The 15-th iteration is completed.	|| time cost : 0h 0m 2.303s
********************************************************************************************************************
Start the 16 rounds of NGS-ED iteration
	effective electronic model is modified as: kinetic energy t = 0.757309
	                                           effective interaction Vq = [-3.99994,-3.74004,-3.42654,-3.74004,-3.74004,-3.42654,-3.40826,-3.42654,-3.42654,-3.40826,-3.28286,-3.40826,-3.74004,-3.42654,-3.40826,-3.42654]
	PARPACK diagonalization completed after 30 matrix-vector product operations.
	iteration results: : total energy is -52.514447 | electron energy -52.832898 + phonon energy 0.318451 | electron momentum kIdx = 0
The 16-th iteration is completed.	|| time cost : 0h 0m 2.345s
********************************************************************************************************************
Start the 17 rounds of NGS-ED iteration
	effective electronic model is modified as: kinetic energy t = 0.757306
	                                           effective interaction Vq = [-3.99994,-3.74006,-3.42655,-3.74006,-3.74006,-3.42655,-3.40828,-3.42655,-3.42655,-3.40828,-3.28287,-3.40828,-3.74006,-3.42655,-3.40828,-3.42655]
	PARPACK diagonalization completed after 30 matrix-vector product operations.
	iteration results: : total energy is -52.514447 | electron energy -52.832911 + phonon energy 0.318464 | electron momentum kIdx = 0
The 17-th iteration is completed.	|| time cost : 0h 0m 2.314s
********************************************************************************************************************
Start the 18 rounds of NGS-ED iteration
	effective electronic model is modified as: kinetic energy t = 0.757305
	                                           effective interaction Vq = [-3.99994,-3.74007,-3.42655,-3.74007,-3.74007,-3.42655,-3.40829,-3.42655,-3.42655,-3.40829,-3.28288,-3.40829,-3.74007,-3.42655,-3.40829,-3.42655]
	PARPACK diagonalization completed after 30 matrix-vector product operations.
	iteration results: : total energy is -52.514447 | electron energy -52.832918 + phonon energy 0.318471 | electron momentum kIdx = 0
The 18-th iteration is completed.	|| time cost : 0h 0m 2.358s
********************************************************************************************************************
Start the 19 rounds of NGS-ED iteration
	effective electronic model is modified as: kinetic energy t = 0.757304
	                                           effective interaction Vq = [-3.99994,-3.74007,-3.42655,-3.74007,-3.74007,-3.42655,-3.40829,-3.42655,-3.42655,-3.40829,-3.28288,-3.40829,-3.74007,-3.42655,-3.40829,-3.42655]
	PARPACK diagonalization completed after 30 matrix-vector product operations.
	iteration results: : total energy is -52.514447 | electron energy -52.832921 + phonon energy 0.318475 | electron momentum kIdx = 0
The 19-th iteration is completed.	|| time cost : 0h 0m 2.316s
********************************************************************************************************************
Start the 20 rounds of NGS-ED iteration
	effective electronic model is modified as: kinetic energy t = 0.757304
	                                           effective interaction Vq = [-3.99994,-3.74008,-3.42656,-3.74008,-3.74008,-3.42656, -3.4083,-3.42656,-3.42656, -3.4083,-3.28288, -3.4083,-3.74008,-3.42656, -3.4083,-3.42656]
	PARPACK diagonalization completed after 30 matrix-vector product operations.
	iteration results: : total energy is -52.514447 | electron energy -52.832924 + phonon energy 0.318477 | electron momentum kIdx = 0
	Nq(0) = 6.25,	Nq(1) = 0.285724,	Nq(2) = 0.311279,	Nq(3) = 0.285724,	Nq(4) = 0.285724,	Nq(5) = 0.311279,	Nq(6) = 0.434393,	Nq(7) = 0.311279,	Nq(8) = 0.311279,	Nq(9) = 0.434393,	Nq(10) = 0.481598,	Nq(11) = 0.434393,	Nq(12) = 0.285724,	Nq(13) = 0.311279,	Nq(14) = 0.434393,	Nq(15) = 0.311279,	Sq(0) = 1.65804e-19,	Sq(1) = 0.470725,	Sq(2) = 0.427821,	Sq(3) = 0.470725,	Sq(4) = 0.470725,	Sq(5) = 0.427821,	Sq(6) = 0.829355,	Sq(7) = 0.427821,	Sq(8) = 0.427821,	Sq(9) = 0.829355,	Sq(10) = 0.753011,	Sq(11) = 0.829355,	Sq(12) = 0.470725,	Sq(13) = 0.427821,	Sq(14) = 0.829355,	Sq(15) = 0.427821,	N(0) = 1.9396,	N(1) = 1.88645,	N(2) = 0.0630758,	N(3) = 1.88645,	N(4) = 1.88645,	N(5) = 0.0630758,	N(6) = 0.0268647,	N(7) = 0.0630758,	N(8) = 0.0630758,	N(9) = 0.0268647,	N(10) = 0.0287074,	N(11) = 0.0268647,	N(12) = 1.88645,	N(13) = 0.0630758,	N(14) = 0.0268647,	N(15) = 0.0630758,	Delta[s](0) = 0.073499,	Delta[s](1) = 0.0548063,	Delta[s](2) = 0.0482586,	Delta[s](3) = 0.0548063,	Delta[s](4) = 0.0548063,	Delta[s](5) = 0.0482586,	Delta[s](6) = 0.0319075,	Delta[s](7) = 0.0482586,	Delta[s](8) = 0.0482586,	Delta[s](9) = 0.0319075,	Delta[s](10) = 0.0299658,	Delta[s](11) = 0.0319075,	Delta[s](12) = 0.0548063,	Delta[s](13) = 0.0482586,	Delta[s](14) = 0.0319075,	Delta[s](15) = 0.0482586,	Delta[d](0) = 0.213764,	Delta[d](1) = 0.114252,	Delta[d](2) = 0.172453,	Delta[d](3) = 0.114252,	Delta[d](4) = 0.114252,	Delta[d](5) = 0.125418,	Delta[d](6) = 0.0636838,	Delta[d](7) = 0.125418,	Delta[d](8) = 0.172453,	Delta[d](9) = 0.0636838,	Delta[d](10) = 0.0447958,	Delta[d](11) = 0.0636838,	Delta[d](12) = 0.114252,	Delta[d](13) = 0.125418,	Delta[d](14) = 0.0636838,	Delta[d](15) = 0.125418,	Delta[s+](0) = 0.564422,	Delta[s+](1) = 0.356003,	Delta[s+](2) = 0.172453,	Delta[s+](3) = 0.356003,	Delta[s+](4) = 0.356003,	Delta[s+](5) = 0.172453,	Delta[s+](6) = 0.0401251,	Delta[s+](7) = 0.172453,	Delta[s+](8) = 0.172453,	Delta[s+](9) = 0.0401251,	Delta[s+](10) = 0.013998,	Delta[s+](11) = 0.0401251,	Delta[s+](12) = 0.356003,	Delta[s+](13) = 0.172453,	Delta[s+](14) = 0.0401251,	Delta[s+](15) = 0.172453
The 20-th iteration is completed.	|| time cost : 0h 0m 20.653s
********************************************************************************************************************
Start the 21 rounds of NGS-ED iteration
	effective electronic model is modified as: kinetic energy t = 0.757304
	                                           effective interaction Vq = [-3.99994,-3.74008,-3.42656,-3.74008,-3.74008,-3.42656, -3.4083,-3.42656,-3.42656, -3.4083,-3.28288, -3.4083,-3.74008,-3.42656, -3.4083,-3.42656]
	PARPACK diagonalization completed after 30 matrix-vector product operations.
	iteration results: : total energy is -52.514447 | electron energy -52.832925 + phonon energy 0.318478 | electron momentum kIdx = 0
The 21-th iteration is completed.	|| time cost : 0h 0m 2.342s
********************************************************************************************************************
Start the 22 rounds of NGS-ED iteration
	effective electronic model is modified as: kinetic energy t = 0.757303
	                                           effective interaction Vq = [-3.99994,-3.74008,-3.42656,-3.74008,-3.74008,-3.42656, -3.4083,-3.42656,-3.42656, -3.4083,-3.28288, -3.4083,-3.74008,-3.42656, -3.4083,-3.42656]
	PARPACK diagonalization completed after 30 matrix-vector product operations.
	iteration results: : total energy is -52.514447 | electron energy -52.832926 + phonon energy 0.318479 | electron momentum kIdx = 0
The 22-th iteration is completed.	|| time cost : 0h 0m 2.317s
********************************************************************************************************************
Start the 23 rounds of NGS-ED iteration
	effective electronic model is modified as: kinetic energy t = 0.757303
	                                           effective interaction Vq = [-3.99994,-3.74008,-3.42656,-3.74008,-3.74008,-3.42656, -3.4083,-3.42656,-3.42656, -3.4083,-3.28288, -3.4083,-3.74008,-3.42656, -3.4083,-3.42656]
	PARPACK diagonalization completed after 30 matrix-vector product operations.
	iteration results: : total energy is -52.514447 | electron energy -52.832926 + phonon energy 0.318479 | electron momentum kIdx = 0
The 23-th iteration is completed.	|| time cost : 0h 0m 2.325s
********************************************************************************************************************
Start the 24 rounds of NGS-ED iteration
	effective electronic model is modified as: kinetic energy t = 0.757303
	                                           effective interaction Vq = [-3.99994,-3.74008,-3.42656,-3.74008,-3.74008,-3.42656, -3.4083,-3.42656,-3.42656, -3.4083,-3.28288, -3.4083,-3.74008,-3.42656, -3.4083,-3.42656]
	PARPACK diagonalization completed after 30 matrix-vector product operations.
	iteration results: : total energy is -52.514447 | electron energy -52.832926 + phonon energy 0.318479 | electron momentum kIdx = 0
The 24-th iteration is completed.	|| time cost : 0h 0m 2.326s
********************************************************************************************************************
Start the 25 rounds of NGS-ED iteration
	effective electronic model is modified as: kinetic energy t = 0.757303
	                                           effective interaction Vq = [-3.99994,-3.74008,-3.42656,-3.74008,-3.74008,-3.42656, -3.4083,-3.42656,-3.42656, -3.4083,-3.28288, -3.4083,-3.74008,-3.42656, -3.4083,-3.42656]
