SNEDics v3.4 Non-Gaussian ED ground state program		Start at Wed Oct  2 00:09:43 2019

parallized on 16 MPI threads  * 8 OpenMP threads = 128 total threads.
********************************************************************************************************************
********************************************************************************************************************

********************************************************************************************************************
System parameters and configurations
********************************************************************************************************************
Special program options are enabled: splitted diagonal Hamiltonian
********************************************************************************************************************
Read input file "model_params.in"
	Hubbard-Holstein model parameters : 	t = 1    U = 4.9    g = 3.937    W = 5    
********************************************************************************************************************
Read input file "hilbertspace_params.in"
	Requested 16-site 2D lattice, with 16 electrons (8, 8)
	Boundary : Periodic		Hilbert space representation : momentum-space (restricted to kIdx = 10)
	Conservation: particle number[U(1)]      spin[U(1)]     momentum
********************************************************************************************************************

Cluster Positions:				Cluster symmetry group : D4
 x ... x ... x ... x .....                       x ... x ... x ... x .....
 |           |           :                       |           |           :
 |           |           :                       |           |           :
12    13    14    15     x                       1     5     6     5     x
 |           |           :                       |           |           :
 |           |           :                       |           |           :
 8 --- 9 ---10 ---11 --- x                       2 --- 6 ---10 --- 6 --- x
 |           |           :                       |           |           :
 |           |           :                       |           |           :
 4     5     6     7     x                       1     5     6     5     x
 |           |           :                       |           |           :
 |           |           :                       |           |           :
 0 --- 1 --- 2 --- 3 --- x                       0 --- 1 --- 2 --- 1 --- x
orbital number : 1
********************************************************************************************************************
Read input file "obs_params.in"
	Observable Type : Nq(All),   Sq(All),   N(All),   Delta[s](All),   Delta[d](All),   Delta[s+](All)
********************************************************************************************************************
** WARNING ** the input observables have non-local factors which have been reinterpreted. The total observable number is 96
********************************************************************************************************************


********************************************************************************************************************
Start calculating the non-Gaussian ED ground state
** WARNING ** Detected low phonon energy W < 10. The initial state will be prepared through a warm-up process.
********************************************************************************************************************
Start warm-up calculation for scaling factor 2
open output files: NGSEDWarmUpW10Obs.txt
********************************************************************************************************************
Start the 0 rounds of NGS-ED iteration
	effective electronic model is modified as: kinetic energy t = 1
	                                           effective interaction Vq = [-0,-0,-0,-0,-0,-0,-0,-0,-0,-0,-0,-0,-0,-0,-0,-0]
	first Hamiltonian is constructed, non-zero numbers = 2845334624
	PARPACK diagonalization completed after 90 matrix-vector product operations.
	iteration results: : total energy is -11.920963 | electron energy -11.920963 + phonon energy 0.000000 | electron momentum kIdx = 10
	Nq(0) = 16,	Nq(1) = 0.132363,	Nq(2) = 0.20116,	Nq(3) = 0.132363,	Nq(4) = 0.132363,	Nq(5) = 0.20116,	Nq(6) = 0.273034,	Nq(7) = 0.20116,	Nq(8) = 0.20116,	Nq(9) = 0.273034,	Nq(10) = 0.332195,	Nq(11) = 0.273034,	Nq(12) = 0.132363,	Nq(13) = 0.20116,	Nq(14) = 0.273034,	Nq(15) = 0.20116,	Sq(0) = 1.49544e-18,	Sq(1) = 0.291628,	Sq(2) = 0.411574,	Sq(3) = 0.291628,	Sq(4) = 0.291628,	Sq(5) = 0.411574,	Sq(6) = 0.612076,	Sq(7) = 0.411574,	Sq(8) = 0.411574,	Sq(9) = 0.612076,	Sq(10) = 6.75499,	Sq(11) = 0.612076,	Sq(12) = 0.291628,	Sq(13) = 0.411574,	Sq(14) = 0.612076,	Sq(15) = 0.411574,	N(0) = 1.90011,	N(1) = 1.779,	N(2) = 1,	N(3) = 1.779,	N(4) = 1.779,	N(5) = 1,	N(6) = 0.221003,	N(7) = 1,	N(8) = 1,	N(9) = 0.221003,	N(10) = 0.0998943,	N(11) = 0.221003,	N(12) = 1.779,	N(13) = 1,	N(14) = 0.221003,	N(15) = 1,	Delta[s](0) = 0.148333,	Delta[s](1) = 0.126523,	Delta[s](2) = 0.100099,	Delta[s](3) = 0.126523,	Delta[s](4) = 0.126523,	Delta[s](5) = 0.100099,	Delta[s](6) = 0.0747554,	Delta[s](7) = 0.100099,	Delta[s](8) = 0.100099,	Delta[s](9) = 0.0747554,	Delta[s](10) = 0.0263347,	Delta[s](11) = 0.0747554,	Delta[s](12) = 0.126523,	Delta[s](13) = 0.100099,	Delta[s](14) = 0.0747554,	Delta[s](15) = 0.100099,	Delta[d](0) = 0.526233,	Delta[d](1) = 0.409047,	Delta[d](2) = 0.343496,	Delta[d](3) = 0.409047,	Delta[d](4) = 0.409047,	Delta[d](5) = 0.383841,	Delta[d](6) = 0.316701,	Delta[d](7) = 0.383841,	Delta[d](8) = 0.343496,	Delta[d](9) = 0.316701,	Delta[d](10) = 0.256635,	Delta[d](11) = 0.316701,	Delta[d](12) = 0.409047,	Delta[d](13) = 0.383841,	Delta[d](14) = 0.316701,	Delta[d](15) = 0.383841,	Delta[s+](0) = 0.593728,	Delta[s+](1) = 0.489688,	Delta[s+](2) = 0.343496,	Delta[s+](3) = 0.489688,	Delta[s+](4) = 0.489688,	Delta[s+](5) = 0.343496,	Delta[s+](6) = 0.201103,	Delta[s+](7) = 0.343496,	Delta[s+](8) = 0.343496,	Delta[s+](9) = 0.201103,	Delta[s+](10) = 0.0859145,	Delta[s+](11) = 0.201103,	Delta[s+](12) = 0.489688,	Delta[s+](13) = 0.343496,	Delta[s+](14) = 0.201103,	Delta[s+](15) = 0.343496
The 0-th iteration is completed.	|| time cost : 0h 8m 28.261s
********************************************************************************************************************
Start the 1 rounds of NGS-ED iteration
	effective electronic model is modified as: kinetic energy t = 0.925976
	                                           effective interaction Vq = [-2.68046,-2.41717,-2.33791,-2.41717,-2.41717,-2.33791,-2.30504,-2.33791,-2.33791,-2.30504,-2.27232,-2.30504,-2.41717,-2.33791,-2.30504,-2.33791]
	PARPACK diagonalization completed after 45 matrix-vector product operations.
	iteration results: : total energy is -64.343864 | electron energy -64.348659 + phonon energy 0.004795 | electron momentum kIdx = 10
The 1-th iteration is completed.	|| time cost : 0h 7m 28.406s
********************************************************************************************************************
Start the 2 rounds of NGS-ED iteration
	effective electronic model is modified as: kinetic energy t = 0.867285
	                                           effective interaction Vq = [-3.04322,-2.91011,-2.78474,-2.91011,-2.91011,-2.78474,-2.79969,-2.78474,-2.78474,-2.79969,-2.72821,-2.79969,-2.91011,-2.78474,-2.79969,-2.78474]
	PARPACK diagonalization completed after 45 matrix-vector product operations.
	iteration results: : total energy is -72.568693 | electron energy -72.611399 + phonon energy 0.042706 | electron momentum kIdx = 10
The 2-th iteration is completed.	|| time cost : 0h 0m 32.001s
********************************************************************************************************************
Start the 3 rounds of NGS-ED iteration
	effective electronic model is modified as: kinetic energy t = 0.835867
	                                           effective interaction Vq = [-3.09231,-3.01473,-2.97261,-3.01473,-3.01473,-2.97261,-2.92485,-2.97261,-2.97261,-2.92485,-2.84648,-2.92485,-3.01473,-2.97261,-2.92485,-2.97261]
	PARPACK diagonalization completed after 30 matrix-vector product operations.
	iteration results: : total energy is -73.928328 | electron energy -74.007596 + phonon energy 0.079268 | electron momentum kIdx = 10
The 3-th iteration is completed.	|| time cost : 0h 0m 27.317s
********************************************************************************************************************
Start the 4 rounds of NGS-ED iteration
	effective electronic model is modified as: kinetic energy t = 0.824409
	                                           effective interaction Vq = [-3.09895,-3.04065,-3.02018,-3.04065,-3.04065,-3.02018,-2.96027,-3.02018,-3.02018,-2.96027,-2.88183,-2.96027,-3.04065,-3.02018,-2.96027,-3.02018]
	PARPACK diagonalization completed after 30 matrix-vector product operations.
	iteration results: : total energy is -74.108805 | electron energy -74.207097 + phonon energy 0.098292 | electron momentum kIdx = 10
The 4-th iteration is completed.	|| time cost : 0h 0m 27.314s
********************************************************************************************************************
Start the 5 rounds of NGS-ED iteration
	effective electronic model is modified as: kinetic energy t = 0.820374
	                                           effective interaction Vq = [-3.09985,-3.04831,-3.03434,-3.04831,-3.04831,-3.03434,-2.97166,-3.03434,-3.03434,-2.97166,-2.89354,-2.97166,-3.04831,-3.03434,-2.97166,-3.03434]
	PARPACK diagonalization completed after 105 matrix-vector product operations.
	iteration results: : total energy is -74.478441 | electron energy -74.584361 + phonon energy 0.105920 | electron momentum kIdx = 10
The 5-th iteration is completed.	|| time cost : 0h 0m 50.821s
********************************************************************************************************************
Start the 6 rounds of NGS-ED iteration
	effective electronic model is modified as: kinetic energy t = 0.8164
	                                           effective interaction Vq = [-3.09997,-3.04676,-3.04594,-3.04676,-3.04676,-3.04594,-2.96897,-3.04594,-3.04594,-2.96897,-2.97352,-2.96897,-3.04676,-3.04594,-2.96897,-3.04594]
	PARPACK diagonalization completed after 45 matrix-vector product operations.
	iteration results: : total energy is -74.512823 | electron energy -74.624476 + phonon energy 0.111653 | electron momentum kIdx = 10
The 6-th iteration is completed.	|| time cost : 0h 0m 32.323s
********************************************************************************************************************
Start the 7 rounds of NGS-ED iteration
	effective electronic model is modified as: kinetic energy t = 0.81452
	                                           effective interaction Vq = [-3.09999,-3.04678,-3.04755,-3.04678,-3.04678,-3.04755,-2.96888,-3.04755,-3.04755,-2.96888,-3.01557,-2.96888,-3.04678,-3.04755,-2.96888,-3.04755]
	PARPACK diagonalization completed after 45 matrix-vector product operations.
	iteration results: : total energy is -74.545029 | electron energy -74.660512 + phonon energy 0.115483 | electron momentum kIdx = 10
The 7-th iteration is completed.	|| time cost : 0h 0m 31.99s
********************************************************************************************************************
Start the 8 rounds of NGS-ED iteration
	effective electronic model is modified as: kinetic energy t = 0.81585
	                                           effective interaction Vq = [-3.09999,-3.04648,-3.02231,-3.04648,-3.04648,-3.02231,-2.96879,-3.02231,-3.02231,-2.96879,-3.06786,-2.96879,-3.04648,-3.02231,-2.96879,-3.02231]
	PARPACK diagonalization completed after 45 matrix-vector product operations.
	iteration results: : total energy is -74.705675 | electron energy -74.823098 + phonon energy 0.117423 | electron momentum kIdx = 10
The 8-th iteration is completed.	|| time cost : 0h 0m 31.977s
********************************************************************************************************************
Start the 9 rounds of NGS-ED iteration
	effective electronic model is modified as: kinetic energy t = 0.823101
	                                           effective interaction Vq = [-3.09999,-3.03981,-2.96204,-3.03981,-3.03981,-2.96204,-2.95939,-2.96204,-2.96204,-2.95939,-3.08668,-2.95939,-3.03981,-2.96204,-2.95939,-2.96204]
	PARPACK diagonalization completed after 30 matrix-vector product operations.
	iteration results: : total energy is -74.790118 | electron energy -74.905019 + phonon energy 0.114900 | electron momentum kIdx = 10
The 9-th iteration is completed.	|| time cost : 0h 0m 27.43s
********************************************************************************************************************
Start the 10 rounds of NGS-ED iteration
	effective electronic model is modified as: kinetic energy t = 0.826127
	                                           effective interaction Vq = [-3.09999,-3.03477,-2.93539,-3.03477,-3.03477,-2.93539,-2.95255,-2.93539,-2.93539,-2.95255,-3.09143,-2.95255,-3.03477,-2.93539,-2.95255,-2.93539]
	PARPACK diagonalization completed after 30 matrix-vector product operations.
	iteration results: : total energy is -74.801867 | electron energy -74.914470 + phonon energy 0.112604 | electron momentum kIdx = 10
	Nq(0) = 16,	Nq(1) = 0.336645,	Nq(2) = 0.368839,	Nq(3) = 0.336645,	Nq(4) = 0.336645,	Nq(5) = 0.368839,	Nq(6) = 0.59929,	Nq(7) = 0.368839,	Nq(8) = 0.368839,	Nq(9) = 0.59929,	Nq(10) = 4.4615,	Nq(11) = 0.59929,	Nq(12) = 0.336645,	Nq(13) = 0.368839,	Nq(14) = 0.59929,	Nq(15) = 0.368839,	Sq(0) = -7.90434e-18,	Sq(1) = 0.273489,	Sq(2) = 0.329651,	Sq(3) = 0.273489,	Sq(4) = 0.273489,	Sq(5) = 0.329651,	Sq(6) = 0.489988,	Sq(7) = 0.329651,	Sq(8) = 0.329651,	Sq(9) = 0.489988,	Sq(10) = 0.549906,	Sq(11) = 0.489988,	Sq(12) = 0.273489,	Sq(13) = 0.329651,	Sq(14) = 0.489988,	Sq(15) = 0.329651,	N(0) = 1.9897,	N(1) = 1.97183,	N(2) = 1,	N(3) = 1.97183,	N(4) = 1.97183,	N(5) = 1,	N(6) = 0.0281749,	N(7) = 1,	N(8) = 1,	N(9) = 0.0281749,	N(10) = 0.0103022,	N(11) = 0.0281749,	N(12) = 1.97183,	N(13) = 1,	N(14) = 0.0281749,	N(15) = 1,	Delta[s](0) = 0.459062,	Delta[s](1) = 0.345841,	Delta[s](2) = 0.333677,	Delta[s](3) = 0.345841,	Delta[s](4) = 0.345841,	Delta[s](5) = 0.333677,	Delta[s](6) = 0.277742,	Delta[s](7) = 0.333677,	Delta[s](8) = 0.333677,	Delta[s](9) = 0.277742,	Delta[s](10) = 0.253682,	Delta[s](11) = 0.277742,	Delta[s](12) = 0.345841,	Delta[s](13) = 0.333677,	Delta[s](14) = 0.277742,	Delta[s](15) = 0.333677,	Delta[d](0) = 0.228887,	Delta[d](1) = 0.226116,	Delta[d](2) = 0.222991,	Delta[d](3) = 0.226116,	Delta[d](4) = 0.226116,	Delta[d](5) = 0.144741,	Delta[d](6) = 0.183853,	Delta[d](7) = 0.144741,	Delta[d](8) = 0.222991,	Delta[d](9) = 0.183853,	Delta[d](10) = 0.0605396,	Delta[d](11) = 0.183853,	Delta[d](12) = 0.226116,	Delta[d](13) = 0.144741,	Delta[d](14) = 0.183853,	Delta[d](15) = 0.144741,	Delta[s+](0) = 0.431015,	Delta[s+](1) = 0.343375,	Delta[s+](2) = 0.222991,	Delta[s+](3) = 0.343375,	Delta[s+](4) = 0.343375,	Delta[s+](5) = 0.222991,	Delta[s+](6) = 0.100884,	Delta[s+](7) = 0.222991,	Delta[s+](8) = 0.222991,	Delta[s+](9) = 0.100884,	Delta[s+](10) = 0.0333542,	Delta[s+](11) = 0.100884,	Delta[s+](12) = 0.343375,	Delta[s+](13) = 0.222991,	Delta[s+](14) = 0.100884,	Delta[s+](15) = 0.222991
The 10-th iteration is completed.	|| time cost : 0h 4m 26.396s
********************************************************************************************************************
Start the 11 rounds of NGS-ED iteration
	effective electronic model is modified as: kinetic energy t = 0.82732
	                                           effective interaction Vq = [-3.09999,-3.03211,-2.92546,-3.03211,-3.03211,-2.92546,-2.94903,-2.92546,-2.92546,-2.94903,-3.09284,-2.94903,-3.03211,-2.92546,-2.94903,-2.92546]
	PARPACK diagonalization completed after 30 matrix-vector product operations.
	iteration results: : total energy is -74.803421 | electron energy -74.914889 + phonon energy 0.111469 | electron momentum kIdx = 10
The 11-th iteration is completed.	|| time cost : 0h 0m 27.345s
********************************************************************************************************************
Start the 12 rounds of NGS-ED iteration
	effective electronic model is modified as: kinetic energy t = 0.827791
	                                           effective interaction Vq = [-3.09999,-3.03088,-2.92189,-3.03088,-3.03088,-2.92189, -2.9474,-2.92189,-2.92189, -2.9474, -3.0933, -2.9474,-3.03088,-2.92189, -2.9474,-2.92189]
	PARPACK diagonalization completed after 30 matrix-vector product operations.
	iteration results: : total energy is -74.803631 | electron energy -74.914592 + phonon energy 0.110962 | electron momentum kIdx = 10
The 12-th iteration is completed.	|| time cost : 0h 0m 27.304s
********************************************************************************************************************
Start the 13 rounds of NGS-ED iteration
	effective electronic model is modified as: kinetic energy t = 0.827978
	                                           effective interaction Vq = [-3.09999,-3.03033,-2.92061,-3.03033,-3.03033,-2.92061,-2.94667,-2.92061,-2.92061,-2.94667,-3.09346,-2.94667,-3.03033,-2.92061,-2.94667,-2.92061]
	PARPACK diagonalization completed after 30 matrix-vector product operations.
	iteration results: : total energy is -74.803660 | electron energy -74.914403 + phonon energy 0.110743 | electron momentum kIdx = 10
The 13-th iteration is completed.	|| time cost : 0h 0m 27.342s
********************************************************************************************************************
Start the 14 rounds of NGS-ED iteration
	effective electronic model is modified as: kinetic energy t = 0.828052
	                                           effective interaction Vq = [-3.09999, -3.0301,-2.92015, -3.0301, -3.0301,-2.92015,-2.94636,-2.92015,-2.92015,-2.94636,-3.09352,-2.94636, -3.0301,-2.92015,-2.94636,-2.92015]
	PARPACK diagonalization completed after 30 matrix-vector product operations.
	iteration results: : total energy is -74.803664 | electron energy -74.914315 + phonon energy 0.110651 | electron momentum kIdx = 10
	Nq(0) = 16,	Nq(1) = 0.334183,	Nq(2) = 0.366735,	Nq(3) = 0.334183,	Nq(4) = 0.334183,	Nq(5) = 0.366735,	Nq(6) = 0.596063,	Nq(7) = 0.366735,	Nq(8) = 0.366735,	Nq(9) = 0.596063,	Nq(10) = 4.50202,	Nq(11) = 0.596063,	Nq(12) = 0.334183,	Nq(13) = 0.366735,	Nq(14) = 0.596063,	Nq(15) = 0.366735,	Sq(0) = 3.77047e-18,	Sq(1) = 0.27282,	Sq(2) = 0.329384,	Sq(3) = 0.27282,	Sq(4) = 0.27282,	Sq(5) = 0.329384,	Sq(6) = 0.489681,	Sq(7) = 0.329384,	Sq(8) = 0.329384,	Sq(9) = 0.489681,	Sq(10) = 0.550271,	Sq(11) = 0.489681,	Sq(12) = 0.27282,	Sq(13) = 0.329384,	Sq(14) = 0.489681,	Sq(15) = 0.329384,	N(0) = 1.98954,	N(1) = 1.97131,	N(2) = 1,	N(3) = 1.97131,	N(4) = 1.97131,	N(5) = 1,	N(6) = 0.0286867,	N(7) = 1,	N(8) = 1,	N(9) = 0.0286867,	N(10) = 0.0104604,	N(11) = 0.0286867,	N(12) = 1.97131,	N(13) = 1,	N(14) = 0.0286867,	N(15) = 1,	Delta[s](0) = 0.457238,	Delta[s](1) = 0.346148,	Delta[s](2) = 0.333815,	Delta[s](3) = 0.346148,	Delta[s](4) = 0.346148,	Delta[s](5) = 0.333815,	Delta[s](6) = 0.278116,	Delta[s](7) = 0.333815,	Delta[s](8) = 0.333815,	Delta[s](9) = 0.278116,	Delta[s](10) = 0.254524,	Delta[s](11) = 0.278116,	Delta[s](12) = 0.346148,	Delta[s](13) = 0.333815,	Delta[s](14) = 0.278116,	Delta[s](15) = 0.333815,	Delta[d](0) = 0.228242,	Delta[d](1) = 0.225245,	Delta[d](2) = 0.222487,	Delta[d](3) = 0.225245,	Delta[d](4) = 0.225245,	Delta[d](5) = 0.14406,	Delta[d](6) = 0.182921,	Delta[d](7) = 0.14406,	Delta[d](8) = 0.222487,	Delta[d](9) = 0.182921,	Delta[d](10) = 0.0598223,	Delta[d](11) = 0.182921,	Delta[d](12) = 0.225245,	Delta[d](13) = 0.14406,	Delta[d](14) = 0.182921,	Delta[d](15) = 0.14406,	Delta[s+](0) = 0.431114,	Delta[s+](1) = 0.343029,	Delta[s+](2) = 0.222487,	Delta[s+](3) = 0.343029,	Delta[s+](4) = 0.343029,	Delta[s+](5) = 0.222487,	Delta[s+](6) = 0.100257,	Delta[s+](7) = 0.222487,	Delta[s+](8) = 0.222487,	Delta[s+](9) = 0.100257,	Delta[s+](10) = 0.0329646,	Delta[s+](11) = 0.100257,	Delta[s+](12) = 0.343029,	Delta[s+](13) = 0.222487,	Delta[s+](14) = 0.100257,	Delta[s+](15) = 0.222487
The 14-th iteration is completed.	|| time cost : 0h 4m 37.846s
********************************************************************************************************************
********************************************************************************************************************
Ground state is obtained after 15 iterations. The current ground-state energy is -74.8037, in which electron energy is -74.9143 and phonon energy is 0.110651
final variational state is: 
	Gamma_x = [      1,1.02682,1.04247,1.02682,1.02682,1.04247,1.06604,1.04247,1.04247,1.06604,1.12881,1.06604,1.02682,1.04247,1.06604,1.04247]
	lambda_q = [0.556776,0.473113,0.422606,0.473113,0.473113,0.422606,0.432774,0.422606,0.422606,0.432774, 0.53137,0.432774,0.473113,0.422606,0.432774,0.422606]
********************************************************************************************************************
o___o  ----------------------------------------
| L |	Time since last clock: 0h 0m 0s
A===A	Time since the beginning: 0h 30m 44.08s
***********************************************


********************************************************************************************************************
Warm up runs have been completed. Start calculating W = 5 phonon.
open output files: NGSEDIterationObs.txt
********************************************************************************************************************
Start the 0 rounds of NGS-ED iteration
	effective electronic model is modified as: kinetic energy t = 0.828081
	                                           effective interaction Vq = [-2.83406,-2.60611,-2.43462,-2.60611,-2.60611,-2.43462, -2.4712,-2.43462,-2.43462, -2.4712,-2.77224, -2.4712,-2.60611,-2.43462, -2.4712,-2.43462]
	PARPACK diagonalization completed after 45 matrix-vector product operations.
	iteration results: : total energy is -66.509281 | electron energy -66.564588 + phonon energy 0.055306 | electron momentum kIdx = 10
	Nq(0) = 16,	Nq(1) = 0.330228,	Nq(2) = 0.353332,	Nq(3) = 0.330228,	Nq(4) = 0.330228,	Nq(5) = 0.353332,	Nq(6) = 0.560911,	Nq(7) = 0.353332,	Nq(8) = 0.353332,	Nq(9) = 0.560911,	Nq(10) = 4.10777,	Nq(11) = 0.560911,	Nq(12) = 0.330228,	Nq(13) = 0.353332,	Nq(14) = 0.560911,	Nq(15) = 0.353332,	Sq(0) = 1.8011e-18,	Sq(1) = 0.312736,	Sq(2) = 0.354421,	Sq(3) = 0.312736,	Sq(4) = 0.312736,	Sq(5) = 0.354421,	Sq(6) = 0.556335,	Sq(7) = 0.354421,	Sq(8) = 0.354421,	Sq(9) = 0.556335,	Sq(10) = 0.604871,	Sq(11) = 0.556335,	Sq(12) = 0.312736,	Sq(13) = 0.354421,	Sq(14) = 0.556335,	Sq(15) = 0.354421,	N(0) = 1.99572,	N(1) = 1.98712,	N(2) = 1,	N(3) = 1.98712,	N(4) = 1.98712,	N(5) = 1,	N(6) = 0.0128847,	N(7) = 1,	N(8) = 1,	N(9) = 0.0128847,	N(10) = 0.00428196,	N(11) = 0.0128847,	N(12) = 1.98712,	N(13) = 1,	N(14) = 0.0128847,	N(15) = 1,	Delta[s](0) = 0.3908,	Delta[s](1) = 0.322354,	Delta[s](2) = 0.31327,	Delta[s](3) = 0.322354,	Delta[s](4) = 0.322354,	Delta[s](5) = 0.31327,	Delta[s](6) = 0.269367,	Delta[s](7) = 0.31327,	Delta[s](8) = 0.31327,	Delta[s](9) = 0.269367,	Delta[s](10) = 0.258856,	Delta[s](11) = 0.269367,	Delta[s](12) = 0.322354,	Delta[s](13) = 0.31327,	Delta[s](14) = 0.269367,	Delta[s](15) = 0.31327,	Delta[d](0) = 0.237804,	Delta[d](1) = 0.241094,	Delta[d](2) = 0.239508,	Delta[d](3) = 0.241094,	Delta[d](4) = 0.241094,	Delta[d](5) = 0.153546,	Delta[d](6) = 0.197309,	Delta[d](7) = 0.153546,	Delta[d](8) = 0.239508,	Delta[d](9) = 0.197309,	Delta[d](10) = 0.0692887,	Delta[d](11) = 0.197309,	Delta[d](12) = 0.241094,	Delta[d](13) = 0.153546,	Delta[d](14) = 0.197309,	Delta[d](15) = 0.153546,	Delta[s+](0) = 0.470008,	Delta[s+](1) = 0.369061,	Delta[s+](2) = 0.239508,	Delta[s+](3) = 0.369061,	Delta[s+](4) = 0.369061,	Delta[s+](5) = 0.239508,	Delta[s+](6) = 0.109877,	Delta[s+](7) = 0.239508,	Delta[s+](8) = 0.239508,	Delta[s+](9) = 0.109877,	Delta[s+](10) = 0.0381235,	Delta[s+](11) = 0.109877,	Delta[s+](12) = 0.369061,	Delta[s+](13) = 0.239508,	Delta[s+](14) = 0.109877,	Delta[s+](15) = 0.239508
The 0-th iteration is completed.	|| time cost : 0h 4m 29.343s
********************************************************************************************************************
Start the 1 rounds of NGS-ED iteration
	effective electronic model is modified as: kinetic energy t = 0.803832
	                                           effective interaction Vq = [-3.00216,-2.76438,-2.54929,-2.76438,-2.76438,-2.54929,-2.59424,-2.54929,-2.54929,-2.59424,-2.96069,-2.59424,-2.76438,-2.54929,-2.59424,-2.54929]
	PARPACK diagonalization completed after 30 matrix-vector product operations.
	iteration results: : total energy is -70.068574 | electron energy -70.239216 + phonon energy 0.170642 | electron momentum kIdx = 10
The 1-th iteration is completed.	|| time cost : 0h 0m 27.371s
********************************************************************************************************************
Start the 2 rounds of NGS-ED iteration
	effective electronic model is modified as: kinetic energy t = 0.791317
	                                           effective interaction Vq = [  -3.064,-2.82577,-2.60153,-2.82577,-2.82577,-2.60153,  -2.647,-2.60153,-2.60153,  -2.647, -3.0388,  -2.647,-2.82577,-2.60153,  -2.647,-2.60153]
	PARPACK diagonalization completed after 30 matrix-vector product operations.
	iteration results: : total energy is -71.374823 | electron energy -71.626623 + phonon energy 0.251800 | electron momentum kIdx = 10
The 2-th iteration is completed.	|| time cost : 0h 0m 27.366s
********************************************************************************************************************
Start the 3 rounds of NGS-ED iteration
	effective electronic model is modified as: kinetic energy t = 0.785329
	                                           effective interaction Vq = [-3.08675,-2.84936,-2.62495,-2.84936,-2.84936,-2.62495,-2.66871,-2.62495,-2.62495,-2.66871,-3.06938,-2.66871,-2.84936,-2.62495,-2.66871,-2.62495]
	PARPACK diagonalization completed after 30 matrix-vector product operations.
	iteration results: : total energy is -71.838337 | electron energy -72.136071 + phonon energy 0.297735 | electron momentum kIdx = 10
The 3-th iteration is completed.	|| time cost : 0h 0m 27.62s
********************************************************************************************************************
Start the 4 rounds of NGS-ED iteration
	effective electronic model is modified as: kinetic energy t = 0.782503
	                                           effective interaction Vq = [-3.09512,-2.85862,-2.63572,-2.85862,-2.85862,-2.63572,-2.67777,-2.63572,-2.63572,-2.67777,-3.08158,-2.67777,-2.85862,-2.63572,-2.67777,-2.63572]
	PARPACK diagonalization completed after 30 matrix-vector product operations.
	iteration results: : total energy is -72.000655 | electron energy -72.322649 + phonon energy 0.321994 | electron momentum kIdx = 10
The 4-th iteration is completed.	|| time cost : 0h 0m 27.432s
********************************************************************************************************************
Start the 5 rounds of NGS-ED iteration
	effective electronic model is modified as: kinetic energy t = 0.781163
	                                           effective interaction Vq = [ -3.0982,-2.86233,-2.64083,-2.86233,-2.86233,-2.64083,-2.68165,-2.64083,-2.64083,-2.68165,-3.08675,-2.68165,-2.86233,-2.64083,-2.68165,-2.64083]
	PARPACK diagonalization completed after 30 matrix-vector product operations.
	iteration results: : total energy is -72.057595 | electron energy -72.392054 + phonon energy 0.334459 | electron momentum kIdx = 10
The 5-th iteration is completed.	|| time cost : 0h 0m 27.383s
********************************************************************************************************************
Start the 6 rounds of NGS-ED iteration
	effective electronic model is modified as: kinetic energy t = 0.780524
	                                           effective interaction Vq = [-3.09933,-2.86381, -2.6433,-2.86381,-2.86381, -2.6433,-2.68333, -2.6433, -2.6433,-2.68333,-3.08907,-2.68333,-2.86381, -2.6433,-2.68333, -2.6433]
	PARPACK diagonalization completed after 30 matrix-vector product operations.
	iteration results: : total energy is -72.077731 | electron energy -72.418493 + phonon energy 0.340761 | electron momentum kIdx = 10
The 6-th iteration is completed.	|| time cost : 0h 0m 27.444s
********************************************************************************************************************
Start the 7 rounds of NGS-ED iteration
	effective electronic model is modified as: kinetic energy t = 0.780222
	                                           effective interaction Vq = [-3.09975,-2.86437,-2.64451,-2.86437,-2.86437,-2.64451,-2.68403,-2.64451,-2.64451,-2.68403,-3.09017,-2.68403,-2.86437,-2.64451,-2.68403,-2.64451]
	PARPACK diagonalization completed after 30 matrix-vector product operations.
	iteration results: : total energy is -72.084919 | electron energy -72.428826 + phonon energy 0.343907 | electron momentum kIdx = 10
The 7-th iteration is completed.	|| time cost : 0h 0m 27.296s
********************************************************************************************************************
Start the 8 rounds of NGS-ED iteration
	effective electronic model is modified as: kinetic energy t = 0.780082
	                                           effective interaction Vq = [ -3.0999,-2.86454, -2.6451,-2.86454,-2.86454, -2.6451, -2.6843, -2.6451, -2.6451, -2.6843,-3.09071, -2.6843,-2.86454, -2.6451, -2.6843, -2.6451]
	PARPACK diagonalization completed after 30 matrix-vector product operations.
	iteration results: : total energy is -72.087505 | electron energy -72.432966 + phonon energy 0.345461 | electron momentum kIdx = 10
The 8-th iteration is completed.	|| time cost : 0h 0m 27.278s
********************************************************************************************************************
Start the 9 rounds of NGS-ED iteration
	effective electronic model is modified as: kinetic energy t = 0.780018
	                                           effective interaction Vq = [-3.09996,-2.86457,-2.64537,-2.86457,-2.86457,-2.64537,-2.68439,-2.64537,-2.64537,-2.68439,-3.09098,-2.68439,-2.86457,-2.64537,-2.68439,-2.64537]
	PARPACK diagonalization completed after 30 matrix-vector product operations.
	iteration results: : total energy is -72.088441 | electron energy -72.434661 + phonon energy 0.346220 | electron momentum kIdx = 10
The 9-th iteration is completed.	|| time cost : 0h 0m 27.36s
********************************************************************************************************************
Start the 10 rounds of NGS-ED iteration
	effective electronic model is modified as: kinetic energy t = 0.779991
	                                           effective interaction Vq = [-3.09998,-2.86455, -2.6455,-2.86455,-2.86455, -2.6455, -2.6844, -2.6455, -2.6455, -2.6844,-3.09111, -2.6844,-2.86455, -2.6455, -2.6844, -2.6455]
	PARPACK diagonalization completed after 30 matrix-vector product operations.
	iteration results: : total energy is -72.088782 | electron energy -72.435367 + phonon energy 0.346585 | electron momentum kIdx = 10
	Nq(0) = 16,	Nq(1) = 0.274745,	Nq(2) = 0.327766,	Nq(3) = 0.274745,	Nq(4) = 0.274745,	Nq(5) = 0.327766,	Nq(6) = 0.503029,	Nq(7) = 0.327766,	Nq(8) = 0.327766,	Nq(9) = 0.503029,	Nq(10) = 5.64689,	Nq(11) = 0.503029,	Nq(12) = 0.274745,	Nq(13) = 0.327766,	Nq(14) = 0.503029,	Nq(15) = 0.327766,	Sq(0) = 3.45727e-18,	Sq(1) = 0.245514,	Sq(2) = 0.315005,	Sq(3) = 0.245514,	Sq(4) = 0.245514,	Sq(5) = 0.315005,	Sq(6) = 0.465603,	Sq(7) = 0.315005,	Sq(8) = 0.315005,	Sq(9) = 0.465603,	Sq(10) = 0.540922,	Sq(11) = 0.465603,	Sq(12) = 0.245514,	Sq(13) = 0.315005,	Sq(14) = 0.465603,	Sq(15) = 0.315005,	N(0) = 1.98173,	N(1) = 1.94374,	N(2) = 1,	N(3) = 1.94374,	N(4) = 1.94374,	N(5) = 1,	N(6) = 0.0562564,	N(7) = 1,	N(8) = 1,	N(9) = 0.0562564,	N(10) = 0.0182718,	N(11) = 0.0562564,	N(12) = 1.94374,	N(13) = 1,	N(14) = 0.0562564,	N(15) = 1,	Delta[s](0) = 0.411238,	Delta[s](1) = 0.352893,	Delta[s](2) = 0.338888,	Delta[s](3) = 0.352893,	Delta[s](4) = 0.352893,	Delta[s](5) = 0.338888,	Delta[s](6) = 0.304574,	Delta[s](7) = 0.338888,	Delta[s](8) = 0.338888,	Delta[s](9) = 0.304574,	Delta[s](10) = 0.28786,	Delta[s](11) = 0.304574,	Delta[s](12) = 0.352893,	Delta[s](13) = 0.338888,	Delta[s](14) = 0.304574,	Delta[s](15) = 0.338888,	Delta[d](0) = 0.219428,	Delta[d](1) = 0.21039,	Delta[d](2) = 0.21998,	Delta[d](3) = 0.21039,	Delta[d](4) = 0.21039,	Delta[d](5) = 0.143596,	Delta[d](6) = 0.170052,	Delta[d](7) = 0.143596,	Delta[d](8) = 0.21998,	Delta[d](9) = 0.170052,	Delta[d](10) = 0.0677074,	Delta[d](11) = 0.170052,	Delta[d](12) = 0.21039,	Delta[d](13) = 0.143596,	Delta[d](14) = 0.170052,	Delta[d](15) = 0.143596,	Delta[s+](0) = 0.440209,	Delta[s+](1) = 0.340557,	Delta[s+](2) = 0.21998,	Delta[s+](3) = 0.340557,	Delta[s+](4) = 0.340557,	Delta[s+](5) = 0.21998,	Delta[s+](6) = 0.0991925,	Delta[s+](7) = 0.21998,	Delta[s+](8) = 0.21998,	Delta[s+](9) = 0.0991925,	Delta[s+](10) = 0.038029,	Delta[s+](11) = 0.0991925,	Delta[s+](12) = 0.340557,	Delta[s+](13) = 0.21998,	Delta[s+](14) = 0.0991925,	Delta[s+](15) = 0.21998
The 10-th iteration is completed.	|| time cost : 0h 4m 21.007s
********************************************************************************************************************
Start the 11 rounds of NGS-ED iteration
	effective electronic model is modified as: kinetic energy t = 0.77998
	                                           effective interaction Vq = [-3.09999,-2.86451,-2.64556,-2.86451,-2.86451,-2.64556,-2.68438,-2.64556,-2.64556,-2.68438,-3.09118,-2.68438,-2.86451,-2.64556,-2.68438,-2.64556]
	PARPACK diagonalization completed after 30 matrix-vector product operations.
	iteration results: : total energy is -72.088906 | electron energy -72.435665 + phonon energy 0.346758 | electron momentum kIdx = 10
The 11-th iteration is completed.	|| time cost : 0h 0m 27.386s
********************************************************************************************************************
Start the 12 rounds of NGS-ED iteration
	effective electronic model is modified as: kinetic energy t = 0.779977
	                                           effective interaction Vq = [-3.09999,-2.86448,-2.64558,-2.86448,-2.86448,-2.64558,-2.68436,-2.64558,-2.64558,-2.68436,-3.09121,-2.68436,-2.86448,-2.64558,-2.68436,-2.64558]
	PARPACK diagonalization completed after 30 matrix-vector product operations.
	iteration results: : total energy is -72.088952 | electron energy -72.435790 + phonon energy 0.346838 | electron momentum kIdx = 10
The 12-th iteration is completed.	|| time cost : 0h 0m 27.367s
********************************************************************************************************************
Start the 13 rounds of NGS-ED iteration
	effective electronic model is modified as: kinetic energy t = 0.779977
	                                           effective interaction Vq = [-3.09999,-2.86445,-2.64559,-2.86445,-2.86445,-2.64559,-2.68434,-2.64559,-2.64559,-2.68434,-3.09123,-2.68434,-2.86445,-2.64559,-2.68434,-2.64559]
	PARPACK diagonalization completed after 30 matrix-vector product operations.
	iteration results: : total energy is -72.088969 | electron energy -72.435842 + phonon energy 0.346874 | electron momentum kIdx = 10
The 13-th iteration is completed.	|| time cost : 0h 0m 27.257s
********************************************************************************************************************
Start the 14 rounds of NGS-ED iteration
	effective electronic model is modified as: kinetic energy t = 0.779978
	                                           effective interaction Vq = [-3.09999,-2.86444,-2.64559,-2.86444,-2.86444,-2.64559,-2.68432,-2.64559,-2.64559,-2.68432,-3.09124,-2.68432,-2.86444,-2.64559,-2.68432,-2.64559]
	PARPACK diagonalization completed after 30 matrix-vector product operations.
	iteration results: : total energy is -72.088975 | electron energy -72.435863 + phonon energy 0.346889 | electron momentum kIdx = 10
The 14-th iteration is completed.	|| time cost : 0h 0m 27.303s
********************************************************************************************************************
Start the 15 rounds of NGS-ED iteration
	effective electronic model is modified as: kinetic energy t = 0.779979
	                                           effective interaction Vq = [-3.09999,-2.86442,-2.64558,-2.86442,-2.86442,-2.64558,-2.68431,-2.64558,-2.64558,-2.68431,-3.09124,-2.68431,-2.86442,-2.64558,-2.68431,-2.64558]
	PARPACK diagonalization completed after 30 matrix-vector product operations.
	iteration results: : total energy is -72.088977 | electron energy -72.435871 + phonon energy 0.346894 | electron momentum kIdx = 10
The 15-th iteration is completed.	|| time cost : 0h 0m 27.33s
********************************************************************************************************************
Start the 16 rounds of NGS-ED iteration
	effective electronic model is modified as: kinetic energy t = 0.77998
	                                           effective interaction Vq = [-3.09999,-2.86441,-2.64558,-2.86441,-2.86441,-2.64558, -2.6843,-2.64558,-2.64558, -2.6843,-3.09124, -2.6843,-2.86441,-2.64558, -2.6843,-2.64558]
	PARPACK diagonalization completed after 30 matrix-vector product operations.
	iteration results: : total energy is -72.088978 | electron energy -72.435873 + phonon energy 0.346895 | electron momentum kIdx = 10
The 16-th iteration is completed.	|| time cost : 0h 0m 27.304s
********************************************************************************************************************
Start the 17 rounds of NGS-ED iteration
	effective electronic model is modified as: kinetic energy t = 0.77998
	                                           effective interaction Vq = [-3.09999,-2.86441,-2.64558,-2.86441,-2.86441,-2.64558,-2.68429,-2.64558,-2.64558,-2.68429,-3.09125,-2.68429,-2.86441,-2.64558,-2.68429,-2.64558]
	PARPACK diagonalization completed after 30 matrix-vector product operations.
	iteration results: : total energy is -72.088978 | electron energy -72.435873 + phonon energy 0.346895 | electron momentum kIdx = 10
The 17-th iteration is completed.	|| time cost : 0h 0m 27.368s
********************************************************************************************************************
Start the 18 rounds of NGS-ED iteration
	effective electronic model is modified as: kinetic energy t = 0.779981
	                                           effective interaction Vq = [-3.09999, -2.8644,-2.64558, -2.8644, -2.8644,-2.64558,-2.68429,-2.64558,-2.64558,-2.68429,-3.09125,-2.68429, -2.8644,-2.64558,-2.68429,-2.64558]
	PARPACK diagonalization completed after 30 matrix-vector product operations.
	iteration results: : total energy is -72.088978 | electron energy -72.435873 + phonon energy 0.346894 | electron momentum kIdx = 10
The 18-th iteration is completed.	|| time cost : 0h 0m 27.668s
********************************************************************************************************************
Start the 19 rounds of NGS-ED iteration
	effective electronic model is modified as: kinetic energy t = 0.779981
	                                           effective interaction Vq = [-3.09999, -2.8644,-2.64558, -2.8644, -2.8644,-2.64558,-2.68428,-2.64558,-2.64558,-2.68428,-3.09125,-2.68428, -2.8644,-2.64558,-2.68428,-2.64558]
	PARPACK diagonalization completed after 30 matrix-vector product operations.
	iteration results: : total energy is -72.088978 | electron energy -72.435872 + phonon energy 0.346894 | electron momentum kIdx = 10
The 19-th iteration is completed.	|| time cost : 0h 0m 27.652s
