SNEDics v3.22.2 Non-Gaussian ED ground state program		Start at Tue Apr 12 01:35:19 2022

Parallelization: 32 MPI threads  * 8 OpenMP threads = 256 total threads.
********************************************************************************************************************
********************************************************************************************************************

********************************************************************************************************************
System parameters and configurations
	special program options are enabled: splitted diagonal Hamiltonian | splitted Hamiltonian terms
********************************************************************************************************************
Read input file "model_params.in"
	Hubbard-Holstein model parameters : 	t = 1    t' = -0.3    U = 8    g = 0.05    W = 0.2    g' = 0.45    
********************************************************************************************************************
Read input file "hilbertspace_params.in"
	Requested 16-site 2D lattice, with 8 electrons (4, 4)
	Boundary : Periodic		Hilbert space representation : momentum-space (restricted to kIdx = 0)
	Conservation: particle number[U(1)]      spin[U(1)]     momentum
********************************************************************************************************************

Cluster Positions:				Cluster symmetry group : D4
 x ... x ... x ... x .....                       x ... x ... x ... x .....
 |           |           :                       |           |           :
 |           |           :                       |           |           :
12    13    14    15     x                       1     5     6     5     x
 |           |           :                       |           |           :
 |           |           :                       |           |           :
 8 --- 9 ---10 ---11 --- x                       2 --- 6 ---10 --- 6 --- x
 |           |           :                       |           |           :
 |           |           :                       |           |           :
 4     5     6     7     x                       1     5     6     5     x
 |           |           :                       |           |           :
 |           |           :                       |           |           :
 0 --- 1 --- 2 --- 3 --- x                       0 --- 1 --- 2 --- 1 --- x
orbital number : 1
********************************************************************************************************************
Read input file "obs_params.in"
	Observable Type : Nq(All),   Sq(All),   N(All-Orbital),   Delta[s](All),   Delta[d](All),   Delta[s+](All)
** WARNING ** the input observables have non-local factors which have been reinterpreted. The total observable number is 96
********************************************************************************************************************


********************************************************************************************************************
Start calculating the non-Gaussian ED ground state
Maximal iteration number is 1000; energy resolution is 1e-06. Phonon state relaxation time is 2000
W = 0.2 is relatively large. The non-Gaussian ED calculation starts directly.
open output files: NGSED_iteration_observables.txt
********************************************************************************************************************
Start the 0 rounds of NGS-ED iteration
	effective electronic model is modified as: kinetic energy t = 1, t' = -0.3
	                                           effective interaction Vq = [0,0,0,0,0,0,0,0,0,0,0,0,0,0,0,0]
	first Hamiltonian is constructed, size = 207184 and non-zero numbers = 32252562
	PARPACK diagonalization completed after 120 matrix-vector product operations.
	iteration results: : total energy is -14.600323 | electron energy -14.600323 + phonon energy 0.000000 | electron momentum kIdx = 0
	Nq(0) = 4,	Nq(1) = 0.197198,	Nq(2) = 0.25408,	Nq(3) = 0.197198,	Nq(4) = 0.197198,	Nq(5) = 0.267076,	
	Nq(6) = 0.353825,	Nq(7) = 0.267076,	Nq(8) = 0.25408,	Nq(9) = 0.353825,	Nq(10) = 0.466428,	
	Nq(11) = 0.353825,	Nq(12) = 0.197198,	Nq(13) = 0.267076,	Nq(14) = 0.353825,	Nq(15) = 0.267076;	
	Sq(0) = 8.19558e-19,	Sq(1) = 0.482052,	Sq(2) = 0.340779,	Sq(3) = 0.482052,	Sq(4) = 0.482052,	
	Sq(5) = 0.566062,	Sq(6) = 0.591821,	Sq(7) = 0.566062,	Sq(8) = 0.340779,	Sq(9) = 0.591821,	
	Sq(10) = 0.511715,	Sq(11) = 0.591821,	Sq(12) = 0.482052,	Sq(13) = 0.566062,	Sq(14) = 0.591821,	
	Sq(15) = 0.566062;	N(0) = 1.72489,	N(1) = 1.32099,	N(2) = 0.213478,	N(3) = 1.32099,	
	N(4) = 1.32099,	N(5) = 0.105651,	N(6) = 0.0323985,	N(7) = 0.105651,	N(8) = 0.213478,	
	N(9) = 0.0323985,	N(10) = 0.0120143,	N(11) = 0.0323985,	N(12) = 1.32099,	N(13) = 0.105651,	
	N(14) = 0.0323985,	N(15) = 0.105651;	Delta[s](0) = 0.0136273,	Delta[s](1) = 0.00967334,	Delta[s](2) = 0.00836043,	
	Delta[s](3) = 0.00967334,	Delta[s](4) = 0.00967334,	Delta[s](5) = 0.00689952,	Delta[s](6) = 0.00537063,	Delta[s](7) = 0.00689952,	
	Delta[s](8) = 0.00836043,	Delta[s](9) = 0.00537063,	Delta[s](10) = 0.00537062,	Delta[s](11) = 0.00537063,	Delta[s](12) = 0.00967334,	
	Delta[s](13) = 0.00689952,	Delta[s](14) = 0.00537063,	Delta[s](15) = 0.00689952;	Delta[d](0) = 0.14938,	Delta[d](1) = 0.0685171,	
	Delta[d](2) = 0.0806663,	Delta[d](3) = 0.0685171,	Delta[d](4) = 0.0685171,	Delta[d](5) = 0.0492497,	Delta[d](6) = 0.0369168,	
	Delta[d](7) = 0.0492497,	Delta[d](8) = 0.0806663,	Delta[d](9) = 0.0369168,	Delta[d](10) = 0.0206034,	Delta[d](11) = 0.0369168,	
	Delta[d](12) = 0.0685171,	Delta[d](13) = 0.0492497,	Delta[d](14) = 0.0369168,	Delta[d](15) = 0.0492497;	Delta[s+](0) = 0.296694,	
	Delta[s+](1) = 0.17247,	Delta[s+](2) = 0.0806663,	Delta[s+](3) = 0.17247,	Delta[s+](4) = 0.17247,	Delta[s+](5) = 0.0648949,	
	Delta[s+](6) = 0.0137976,	Delta[s+](7) = 0.0648949,	Delta[s+](8) = 0.0806663,	Delta[s+](9) = 0.0137976,	Delta[s+](10) = 0.00451618,	
	Delta[s+](11) = 0.0137976,	Delta[s+](12) = 0.17247,	Delta[s+](13) = 0.0648949,	Delta[s+](14) = 0.0137976,	Delta[s+](15) = 0.0648949
	
The 0-th iteration is completed.	|| time cost : 0h 0m 5.807s
********************************************************************************************************************
Start the 1 rounds of NGS-ED iteration
	effective electronic model is modified as: kinetic energy t = 0.761166, t' = -0.245598
	                                           effective interaction Vq = [   -17.1125,   -2.52435,-0.00173722,   -2.52435,   -2.52435,-0.00163762,   -1.43348,-0.00163762,-0.00173722,   -1.43348,   -13.4381,   -1.43348,   -2.52435,-0.00163762,   -1.43348,-0.00163762]
	PARPACK diagonalization completed after 45 matrix-vector product operations.
	iteration results: : total energy is -120.558266 | electron energy -123.148245 + phonon energy 2.589979 | electron momentum kIdx = 0
The 1-th iteration is completed.	|| time cost : 0h 0m 4.133s
********************************************************************************************************************
Start the 2 rounds of NGS-ED iteration
	effective electronic model is modified as: kinetic energy t = 0.519113, t' = -0.299224
	                                           effective interaction Vq = [    -17.1125,   -0.151228,-0.000401326,   -0.151228,   -0.151228,-0.000387845,   -0.105683,-0.000387845,-0.000401326,   -0.105683,    -15.3103,   -0.105683,   -0.151228,-0.000387845,   -0.105683,-0.000387845]
	PARPACK diagonalization completed after 30 matrix-vector product operations.
	iteration results: : total energy is -129.551701 | electron energy -130.170202 + phonon energy 0.618500 | electron momentum kIdx = 0
The 2-th iteration is completed.	|| time cost : 0h 0m 1.353s
********************************************************************************************************************
Start the 3 rounds of NGS-ED iteration
	effective electronic model is modified as: kinetic energy t = 0.329007, t' = -0.299022
	                                           effective interaction Vq = [    -17.1125,   -0.172475,-0.000475296,   -0.172475,   -0.172475,-0.000427498,   -0.114959,-0.000427498,-0.000475296,   -0.114959,    -15.3118,   -0.114959,   -0.172475,-0.000427498,   -0.114959,-0.000427498]
	PARPACK diagonalization completed after 30 matrix-vector product operations.
	iteration results: : total energy is -129.666533 | electron energy -129.997976 + phonon energy 0.331443 | electron momentum kIdx = 0
The 3-th iteration is completed.	|| time cost : 0h 0m 0.962s
********************************************************************************************************************
Start the 4 rounds of NGS-ED iteration
	effective electronic model is modified as: kinetic energy t = 7.25601e-05, t' = -0.297441
	                                           effective interaction Vq = [    -17.1125,   -0.239105, -0.00066184,   -0.239105,   -0.239105,-0.000717847,   -0.224659,-0.000717847, -0.00066184,   -0.224659,    -15.3125,   -0.224659,   -0.239105,-0.000717847,   -0.224659,-0.000717847]
	PARPACK diagonalization completed after 30 matrix-vector product operations.
	iteration results: : total energy is -129.881940 | electron energy -129.881947 + phonon energy 0.000007 | electron momentum kIdx = 0
The 4-th iteration is completed.	|| time cost : 0h 0m 0.992s
********************************************************************************************************************
Start the 5 rounds of NGS-ED iteration
	effective electronic model is modified as: kinetic energy t = 6.93519e-05, t' = -0.298094
	                                           effective interaction Vq = [  -17.1125,  -0.22329,-0.0006196,  -0.22329,  -0.22329,-0.0006165, -0.178645,-0.0006165,-0.0006196, -0.178645,  -15.3125, -0.178645,  -0.22329,-0.0006165, -0.178645,-0.0006165]
	PARPACK diagonalization completed after 105 matrix-vector product operations.
	iteration results: : total energy is -130.138652 | electron energy -130.138656 + phonon energy 0.000003 | electron momentum kIdx = 0
The 5-th iteration is completed.	|| time cost : 0h 0m 1.335s
********************************************************************************************************************
Start the 6 rounds of NGS-ED iteration
	effective electronic model is modified as: kinetic energy t = 6.93755e-05, t' = -0.298202
	                                           effective interaction Vq = [    -17.1125,   -0.217399,-0.000585416,   -0.217399,   -0.217399, -0.00059799,   -0.173803, -0.00059799,-0.000585416,   -0.173803,    -15.3125,   -0.173803,   -0.217399, -0.00059799,   -0.173803, -0.00059799]
	PARPACK diagonalization completed after 30 matrix-vector product operations.
	iteration results: : total energy is -130.138662 | electron energy -130.138679 + phonon energy 0.000016 | electron momentum kIdx = 0
The 6-th iteration is completed.	|| time cost : 0h 0m 1.035s
********************************************************************************************************************
Start the 7 rounds of NGS-ED iteration
	effective electronic model is modified as: kinetic energy t = 6.93757e-05, t' = -0.298203
	                                           effective interaction Vq = [    -17.1125,    -0.21733,-0.000585246,    -0.21733,    -0.21733,-0.000597807,   -0.173748,-0.000597807,-0.000585246,   -0.173748,    -15.3125,   -0.173748,    -0.21733,-0.000597807,   -0.173748,-0.000597807]
	PARPACK diagonalization completed after 30 matrix-vector product operations.
	iteration results: : total energy is -130.138662 | electron energy -130.138678 + phonon energy 0.000016 | electron momentum kIdx = 0
The 7-th iteration is completed.	|| time cost : 0h 0m 1.029s
********************************************************************************************************************
Start the 8 rounds of NGS-ED iteration
	effective electronic model is modified as: kinetic energy t = 6.93757e-05, t' = -0.298203
	                                           effective interaction Vq = [    -17.1125,   -0.217329,-0.000585244,   -0.217329,   -0.217329,-0.000597805,   -0.173747,-0.000597805,-0.000585244,   -0.173747,    -15.3125,   -0.173747,   -0.217329,-0.000597805,   -0.173747,-0.000597805]
	PARPACK diagonalization completed after 30 matrix-vector product operations.
	iteration results: : total energy is -130.138662 | electron energy -130.138678 + phonon energy 0.000016 | electron momentum kIdx = 0
The 8-th iteration is completed.	|| time cost : 0h 0m 1.031s
********************************************************************************************************************
Start the 9 rounds of NGS-ED iteration
	effective electronic model is modified as: kinetic energy t = 6.93757e-05, t' = -0.298203
	                                           effective interaction Vq = [    -17.1125,   -0.217329,-0.000585244,   -0.217329,   -0.217329,-0.000597805,   -0.173747,-0.000597805,-0.000585244,   -0.173747,    -15.3125,   -0.173747,   -0.217329,-0.000597805,   -0.173747,-0.000597805]
	PARPACK diagonalization completed after 30 matrix-vector product operations.
	iteration results: : total energy is -130.138662 | electron energy -130.138678 + phonon energy 0.000016 | electron momentum kIdx = 0
	Nq(0) = 4,	Nq(1) = 0.00655749,	Nq(2) = 0.0128256,	Nq(3) = 0.00655749,	Nq(4) = 0.00655749,	Nq(5) = 0.00655572,	
	Nq(6) = 0.00655749,	Nq(7) = 0.00655572,	Nq(8) = 0.0128256,	Nq(9) = 0.00655749,	Nq(10) = 4,	
	Nq(11) = 0.00655749,	Nq(12) = 0.00655749,	Nq(13) = 0.00655572,	Nq(14) = 0.00655749,	Nq(15) = 0.00655572;	
	Sq(0) = 7.0632e-20,	Sq(1) = 0.331148,	Sq(2) = 1.96095,	Sq(3) = 0.331148,	Sq(4) = 0.331148,	
	Sq(5) = 0.331148,	Sq(6) = 0.331148,	Sq(7) = 0.331148,	Sq(8) = 1.96095,	Sq(9) = 0.331148,	
	Sq(10) = 4.27852e-11,	Sq(11) = 0.331148,	Sq(12) = 0.331148,	Sq(13) = 0.331148,	Sq(14) = 0.331148,	
	Sq(15) = 0.331148;	N(0) = 0.322752,	N(1) = 0.500005,	N(2) = 0.677255,	N(3) = 0.500005,	
	N(4) = 0.500005,	N(5) = 0.5,	N(6) = 0.499995,	N(7) = 0.5,	N(8) = 0.677255,	
	N(9) = 0.499995,	N(10) = 0.322739,	N(11) = 0.499995,	N(12) = 0.500005,	N(13) = 0.5,	
	N(14) = 0.499995,	N(15) = 0.5;	Delta[s](0) = 0.00633838,	Delta[s](1) = 0.00327789,	Delta[s](2) = 7.78389e-05,	
	Delta[s](3) = 0.00327789,	Delta[s](4) = 0.00327789,	Delta[s](5) = 0.00327787,	Delta[s](6) = 0.00327789,	Delta[s](7) = 0.00327787,	
	Delta[s](8) = 7.78389e-05,	Delta[s](9) = 0.00327789,	Delta[s](10) = 0.00633838,	Delta[s](11) = 0.00327789,	Delta[s](12) = 0.00327789,	
	Delta[s](13) = 0.00327787,	Delta[s](14) = 0.00327789,	Delta[s](15) = 0.00327787;	Delta[d](0) = 4.14234e-15,	Delta[d](1) = 1.65201e-12,	
	Delta[d](2) = 1.4307e-12,	Delta[d](3) = 1.65201e-12,	Delta[d](4) = 1.65201e-12,	Delta[d](5) = 3.13024e-12,	Delta[d](6) = 2.7629e-12,	
	Delta[d](7) = 3.13024e-12,	Delta[d](8) = 1.4307e-12,	Delta[d](9) = 2.7629e-12,	Delta[d](10) = 5.28806e-14,	Delta[d](11) = 2.7629e-12,	
	Delta[d](12) = 1.65201e-12,	Delta[d](13) = 3.13024e-12,	Delta[d](14) = 2.7629e-12,	Delta[d](15) = 3.13024e-12;	Delta[s+](0) = 1.4237e-11,	
	Delta[s+](1) = 1.09314e-11,	Delta[s+](2) = 1.4307e-12,	Delta[s+](3) = 1.09314e-11,	Delta[s+](4) = 1.09314e-11,	Delta[s+](5) = 8.53667e-12,	
	Delta[s+](6) = 1.34804e-12,	Delta[s+](7) = 8.53667e-12,	Delta[s+](8) = 1.4307e-12,	Delta[s+](9) = 1.34804e-12,	Delta[s+](10) = 3.2407e-14,	
	Delta[s+](11) = 1.34804e-12,	Delta[s+](12) = 1.09314e-11,	Delta[s+](13) = 8.53667e-12,	Delta[s+](14) = 1.34804e-12,	Delta[s+](15) = 8.53667e-12
	
The 9-th iteration is completed.	|| time cost : 0h 0m 3.205s
********************************************************************************************************************
********************************************************************************************************************
Ground state is obtained after 10 iterations. The current ground-state energy is -130.139, in which electron energy is -130.139 and phonon energy is 1.62376e-05
Final variational state is: 
	Gamma_x = [      1,1.00706,1.00004,1.00706,1.00706,1.00002,1.00564,1.00002,1.00004,1.00564,      1,1.00564,1.00706,1.00002,1.00564,1.00002]
	lambda_q = [      9.25,  0.115795, 0.0059226,  0.115795,  0.115795,0.00605128, -0.103464,0.00605128, 0.0059226, -0.103464,     -8.75, -0.103464,  0.115795,0.00605128, -0.103464,0.00605128]
Effective e-e interactions mediated by phonons are:
	momentum-space Vq = [    -17.1125,   -0.217329,-0.000585244,   -0.217329,   -0.217329,-0.000597805,   -0.173747,-0.000597805,-0.000585244,   -0.173747,    -15.3125,   -0.173747,   -0.217329,-0.000597805,   -0.173747,-0.000597805]
	real-space Vr = [ -2.12455,-0.117948, -2.02649,-0.117948,-0.117948, -2.02649,-0.107052, -2.02649, -2.02649,-0.107052, -1.92902,-0.107052,-0.117948, -2.02649,-0.107052, -2.02649]
********************************************************************************************************************
o___o  ----------------------------------------
| L |	Time since last clock: 0h 0m 0.012s
A===A	Time since the beginning: 0h 0m 20.899s
***********************************************


Non-Gaussina ED ground state calculation is completed. The final ground-state energy is -130.139
********************************************************************************************************************
o___o  ----------------------------------------
| L |	Time since last clock: 0h 0m 0.009s
A===A	Time since the beginning: 0h 0m 20.908s
***********************************************



********************************************************************************************************************
All non-Gaussian ED ground state calculations have been completed. Exit now.
