TACC:  Starting up job 4269994 
TACC:  Starting parallel tasks... 
SNEDics v3.4 Non-Gaussian ED ground state program		Start at Mon Sep  2 01:14:09 2019

parallized on 32 MPI threads  * 6 OpenMP threads = 192 total threads.
********************************************************************************************************************
********************************************************************************************************************

********************************************************************************************************************
System parameters and configurations
********************************************************************************************************************
Special program options are enabled: splitted diagonal Hamiltonian
********************************************************************************************************************
Read input file "model_params.in"
	Hubbard-Holstein model parameters : 	t = 1    U = 8    g = 2.3452    W = 1    
********************************************************************************************************************
Read input file "hilbertspace_params.in"
	Requested 16-site 2D lattice, with 14 electrons (7, 7)
	Boundary : Periodic		Hilbert space representation : momentum-space (restricted to kIdx = 10)
	Conservation: particle number[U(1)]      spin[U(1)]     momentum
********************************************************************************************************************

Cluster Positions:				Cluster symmetry group : D4
 x ... x ... x ... x .....                       x ... x ... x ... x .....
 |           |           :                       |           |           :
 |           |           :                       |           |           :
12    13    14    15     x                       1     5     6     5     x
 |           |           :                       |           |           :
 |           |           :                       |           |           :
 8 --- 9 ---10 ---11 --- x                       2 --- 6 ---10 --- 6 --- x
 |           |           :                       |           |           :
 |           |           :                       |           |           :
 4     5     6     7     x                       1     5     6     5     x
 |           |           :                       |           |           :
 |           |           :                       |           |           :
 0 --- 1 --- 2 --- 3 --- x                       0 --- 1 --- 2 --- 1 --- x
orbital number : 1
********************************************************************************************************************
Read input file "obs_params.in"
	Observable Type : Nq[All],   Sq[All],   N[All]
********************************************************************************************************************
** WARNING ** the input observables have non-local factors which have been reinterpreted. The total observable number is 48
********************************************************************************************************************


********************************************************************************************************************
Start calculating the non-Gaussian ED ground state
** WARNING ** Detected low phonon energy W < 10. The initial state will be prepared through a warm-up process.
********************************************************************************************************************
Start warm-up calculation for scaling factor 16
open output files: NGSEDWarmUpW16Obs.txt
********************************************************************************************************************
Start the 0 rounds of NGS-ED iteration
	effective electronic model is modified as: kinetic energy t = 1
	                                           effective interaction Vq = [0,0,0,0,0,0,0,0,0,0,0,0,0,0,0,0]
	first Hamiltonian is constructed, non-zero numbers = 2178478152
	PARPACK diagonalization completed after 165 matrix-vector product operations.
	iteration results: : total energy is -11.824901 | electron energy -11.824901 + phonon energy 0.000000 | electron momentum kIdx = 10
	Nq(0) = 12.25,	Nq(1) = 0.142448,	Nq(2) = 0.198978,	Nq(3) = 0.142448,	Nq(4) = 0.150488,	Nq(5) = 0.192579,	Nq(6) = 0.244207,	Nq(7) = 0.208643,	Nq(8) = 0.215699,	Nq(9) = 0.238913,	Nq(10) = 0.276826,	Nq(11) = 0.238913,	Nq(12) = 0.150488,	Nq(13) = 0.208643,	Nq(14) = 0.244207,	Nq(15) = 0.192579,	Sq(0) = 2.29312e-18,	Sq(1) = 0.503728,	Sq(2) = 0.702587,	Sq(3) = 0.503728,	Sq(4) = 0.507894,	Sq(5) = 0.735806,	Sq(6) = 1.02087,	Sq(7) = 0.662179,	Sq(8) = 0.553072,	Sq(9) = 0.970686,	Sq(10) = 2.64596,	Sq(11) = 0.970686,	Sq(12) = 0.507894,	Sq(13) = 0.662179,	Sq(14) = 1.02087,	Sq(15) = 0.735806,	N(0) = 1.75477,	N(1) = 1.59743,	N(2) = 0.978303,	N(3) = 1.59743,	N(4) = 1.60975,	N(5) = 0.327078,	N(6) = 0.273689,	N(7) = 0.964424,	N(8) = 1.01464,	N(9) = 0.271577,	N(10) = 0.164398,	N(11) = 0.271577,	N(12) = 1.60975,	N(13) = 0.964424,	N(14) = 0.273689,	N(15) = 0.327078
The 0-th iteration is completed.	|| time cost : 0h 2m 14.543s
********************************************************************************************************************
Start the 1 rounds of NGS-ED iteration
	effective electronic model is modified as: kinetic energy (tx,ty)=(0.860501, 0.859726)
	                                           effective interaction Vq = [-5.27577,-5.03147,-4.91853,-5.03147, -5.0511,-4.90993,-4.83831,-4.94068,-4.95658,-4.83126,-4.75947,-4.83126, -5.0511,-4.94068,-4.83831,-4.90993]
	PARPACK diagonalization completed after 180 matrix-vector product operations.
	iteration results: : total energy is -100.791083 | electron energy -100.803945 + phonon energy 0.012862 | electron momentum kIdx = 10
The 1-th iteration is completed.	|| time cost : 0h 3m 9.885s
********************************************************************************************************************
Start the 2 rounds of NGS-ED iteration
	effective electronic model is modified as: kinetic energy (tx,ty)=(0.783696, 0.783451)
	                                           effective interaction Vq = [-5.49082,-5.42992,-5.39548,-5.42992,-5.43221,-5.39276,-5.35361,-5.39845,-5.40007,-5.35307,-5.42678,-5.35307,-5.43221,-5.39845,-5.35361,-5.39276]
	PARPACK diagonalization completed after 45 matrix-vector product operations.
	iteration results: : total energy is -107.237016 | electron energy -107.317882 + phonon energy 0.080866 | electron momentum kIdx = 10
The 2-th iteration is completed.	|| time cost : 0h 0m 21.562s
********************************************************************************************************************
Start the 3 rounds of NGS-ED iteration
	effective electronic model is modified as: kinetic energy (tx,ty)=(0.765687, 0.765629)
	                                           effective interaction Vq = [-5.49959,-5.46243,-5.44555,-5.46243,-5.46279,-5.44495,-5.41504,-5.44609,-5.44631,-5.41496,-5.48764,-5.41496,-5.46279,-5.44609,-5.41504,-5.44495]
	PARPACK diagonalization completed after 45 matrix-vector product operations.
	iteration results: : total energy is -107.572826 | electron energy -107.664785 + phonon energy 0.091959 | electron momentum kIdx = 10
The 3-th iteration is completed.	|| time cost : 0h 0m 22.21s
********************************************************************************************************************
Start the 4 rounds of NGS-ED iteration
	effective electronic model is modified as: kinetic energy (tx,ty)=(0.761966, 0.761954)
	                                           effective interaction Vq = [-5.49995,-5.46724,-5.45334,-5.46724,-5.46731, -5.4532,-5.42606,-5.45346,-5.45349,-5.42605,-5.49388,-5.42605,-5.46731,-5.45346,-5.42606, -5.4532]
	PARPACK diagonalization completed after 30 matrix-vector product operations.
	iteration results: : total energy is -107.586892 | electron energy -107.680576 + phonon energy 0.093685 | electron momentum kIdx = 10
The 4-th iteration is completed.	|| time cost : 0h 0m 18.292s
********************************************************************************************************************
Start the 5 rounds of NGS-ED iteration
	effective electronic model is modified as: kinetic energy (tx,ty)=(0.761179, 0.761176)
	                                           effective interaction Vq = [-5.49996, -5.4682,-5.45487, -5.4682,-5.46821,-5.45484,-5.42855, -5.4549, -5.4549,-5.42855,-5.49481,-5.42855,-5.46821, -5.4549,-5.42855,-5.45484]
	PARPACK diagonalization completed after 30 matrix-vector product operations.
	iteration results: : total energy is -107.587459 | electron energy -107.681642 + phonon energy 0.094184 | electron momentum kIdx = 10
The 5-th iteration is completed.	|| time cost : 0h 0m 18.291s
********************************************************************************************************************
Start the 6 rounds of NGS-ED iteration
	effective electronic model is modified as: kinetic energy t = 0.761007
	                                           effective interaction Vq = [-5.49996, -5.4684,-5.45519, -5.4684, -5.4684,-5.45518,-5.42915, -5.4552, -5.4552,-5.42915,-5.49496,-5.42915, -5.4684, -5.4552,-5.42915,-5.45518]
	PARPACK diagonalization completed after 30 matrix-vector product operations.
	iteration results: : total energy is -107.587488 | electron energy -107.681796 + phonon energy 0.094308 | electron momentum kIdx = 10
	Nq(0) = 12.25,	Nq(1) = 0.377,	Nq(2) = 0.613045,	Nq(3) = 0.377,	Nq(4) = 0.377001,	Nq(5) = 0.613039,	Nq(6) = 0.702889,	Nq(7) = 0.613049,	Nq(8) = 0.613048,	Nq(9) = 0.702889,	Nq(10) = 3.76398,	Nq(11) = 0.702889,	Nq(12) = 0.377001,	Nq(13) = 0.613049,	Nq(14) = 0.702889,	Nq(15) = 0.613039,	Sq(0) = -2.10925e-20,	Sq(1) = 0.18278,	Sq(2) = 0.248373,	Sq(3) = 0.18278,	Sq(4) = 0.18278,	Sq(5) = 0.248373,	Sq(6) = 0.341942,	Sq(7) = 0.248373,	Sq(8) = 0.248373,	Sq(9) = 0.341943,	Sq(10) = 0.399069,	Sq(11) = 0.341943,	Sq(12) = 0.18278,	Sq(13) = 0.248373,	Sq(14) = 0.341942,	Sq(15) = 0.248373,	N(0) = 1.92886,	N(1) = 1.82112,	N(2) = 0.711984,	N(3) = 1.82112,	N(4) = 1.82112,	N(5) = 0.711978,	N(6) = 0.115547,	N(7) = 0.711984,	N(8) = 0.711982,	N(9) = 0.115547,	N(10) = 0.0525642,	N(11) = 0.115547,	N(12) = 1.82112,	N(13) = 0.711984,	N(14) = 0.115547,	N(15) = 0.711978
The 6-th iteration is completed.	|| time cost : 0h 0m 41.335s
********************************************************************************************************************
********************************************************************************************************************
Ground state is obtained after 7 iterations. The current ground-state energy is -107.587, in which electron energy is -107.682 and phonon energy is 0.094308
final variational state is: 
	Gamma_x = [      1, 1.0183,1.03516, 1.0183, 1.0183,1.03516,1.04973,1.03516,1.03516,1.04973,1.07826,1.04973, 1.0183,1.03516,1.04973,1.03516]
	lambda_q = [0.586292,0.541919,0.533444,0.541919,0.541919,0.533442,0.519845,0.533444,0.533444,0.519845,0.568672,0.519845,0.541919,0.533444,0.519845,0.533442]
********************************************************************************************************************
o___o  ----------------------------------------
| L |	Time since last clock: 0h 0m 0s
A===A	Time since the beginning: 0h 7m 26.121s
***********************************************

********************************************************************************************************************
Start warm-up calculation for scaling factor 8
open output files: NGSEDWarmUpW8Obs.txt
********************************************************************************************************************
Start the 0 rounds of NGS-ED iteration
	effective electronic model is modified as: kinetic energy t = 0.760968
	                                           effective interaction Vq = [-5.02811,-4.83993,-4.80041,-4.83993,-4.83994, -4.8004,-4.73459,-4.80041,-4.80041,-4.73459,-4.95716,-4.73459,-4.83994,-4.80041,-4.73459, -4.8004]
	PARPACK diagonalization completed after 45 matrix-vector product operations.
	iteration results: : total energy is -94.854437 | electron energy -94.901606 + phonon energy 0.047169 | electron momentum kIdx = 10
	Nq(0) = 12.25,	Nq(1) = 0.364721,	Nq(2) = 0.584013,	Nq(3) = 0.364721,	Nq(4) = 0.364721,	Nq(5) = 0.584009,	Nq(6) = 0.628538,	Nq(7) = 0.584016,	Nq(8) = 0.584015,	Nq(9) = 0.628538,	Nq(10) = 3.17304,	Nq(11) = 0.628538,	Nq(12) = 0.364721,	Nq(13) = 0.584016,	Nq(14) = 0.628538,	Nq(15) = 0.584009,	Sq(0) = -5.4813e-18,	Sq(1) = 0.248763,	Sq(2) = 0.305635,	Sq(3) = 0.248763,	Sq(4) = 0.248763,	Sq(5) = 0.305635,	Sq(6) = 0.443261,	Sq(7) = 0.305635,	Sq(8) = 0.305635,	Sq(9) = 0.443261,	Sq(10) = 0.497938,	Sq(11) = 0.443261,	Sq(12) = 0.248763,	Sq(13) = 0.305635,	Sq(14) = 0.443261,	Sq(15) = 0.305635,	N(0) = 1.97545,	N(1) = 1.93038,	N(2) = 0.67977,	N(3) = 1.93038,	N(4) = 1.93038,	N(5) = 0.679764,	N(6) = 0.0511994,	N(7) = 0.679771,	N(8) = 0.679769,	N(9) = 0.0511994,	N(10) = 0.019628,	N(11) = 0.0511994,	N(12) = 1.93038,	N(13) = 0.679771,	N(14) = 0.0511994,	N(15) = 0.679764
The 0-th iteration is completed.	|| time cost : 0h 0m 43.066s
********************************************************************************************************************
Start the 1 rounds of NGS-ED iteration
	effective electronic model is modified as: kinetic energy t = 0.694802
	                                           effective interaction Vq = [ -5.4047,-5.22926,-5.18943,-5.22926,-5.22926,-5.18942,-5.10004,-5.18943,-5.18943,-5.10004,-5.35998,-5.10004,-5.22926,-5.18943,-5.10004,-5.18942]
	PARPACK diagonalization completed after 30 matrix-vector product operations.
	iteration results: : total energy is -102.189941 | electron energy -102.415226 + phonon energy 0.225284 | electron momentum kIdx = 10
The 1-th iteration is completed.	|| time cost : 0h 0m 15.399s
********************************************************************************************************************
Start the 2 rounds of NGS-ED iteration
	effective electronic model is modified as: kinetic energy t = 0.661086
	                                           effective interaction Vq = [-5.48073,-5.34818,-5.31466,-5.34818,-5.34818,-5.31466, -5.2317,-5.31466,-5.31466, -5.2317,-5.46246, -5.2317,-5.34818,-5.31466, -5.2317,-5.31466]
	PARPACK diagonalization completed after 45 matrix-vector product operations.
	iteration results: : total energy is -103.769872 | electron energy -104.056648 + phonon energy 0.286776 | electron momentum kIdx = 10
The 2-th iteration is completed.	|| time cost : 0h 0m 18.225s
********************************************************************************************************************
Start the 3 rounds of NGS-ED iteration
	effective electronic model is modified as: kinetic energy t = 0.644783
	                                           effective interaction Vq = [-5.49608,-5.39218,-5.36027,-5.39218,-5.39218,-5.36026,-5.28721,-5.36027,-5.36027,-5.28721,-5.48619,-5.28721,-5.39218,-5.36027,-5.28721,-5.36026]
	PARPACK diagonalization completed after 30 matrix-vector product operations.
	iteration results: : total energy is -104.086536 | electron energy -104.388765 + phonon energy 0.302229 | electron momentum kIdx = 10
The 3-th iteration is completed.	|| time cost : 0h 0m 15.36s
********************************************************************************************************************
Start the 4 rounds of NGS-ED iteration
	effective electronic model is modified as: kinetic energy t = 0.636865
	                                           effective interaction Vq = [-5.49918,-5.41076, -5.3797,-5.41076,-5.41076, -5.3797,-5.31422, -5.3797, -5.3797,-5.31422,-5.49232,-5.31422,-5.41076, -5.3797,-5.31422, -5.3797]
	PARPACK diagonalization completed after 30 matrix-vector product operations.
	iteration results: : total energy is -104.150202 | electron energy -104.459159 + phonon energy 0.308957 | electron momentum kIdx = 10
The 4-th iteration is completed.	|| time cost : 0h 0m 15.347s
********************************************************************************************************************
Start the 5 rounds of NGS-ED iteration
	effective electronic model is modified as: kinetic energy t = 0.632904
	                                           effective interaction Vq = [ -5.4998,-5.41926,-5.38885,-5.41926,-5.41926,-5.38885,-5.32843,-5.38885,-5.38885,-5.32843,-5.49416,-5.32843,-5.41926,-5.38885,-5.32843,-5.38885]
	PARPACK diagonalization completed after 30 matrix-vector product operations.
	iteration results: : total energy is -104.163545 | electron energy -104.476341 + phonon energy 0.312796 | electron momentum kIdx = 10
The 5-th iteration is completed.	|| time cost : 0h 0m 15.359s
********************************************************************************************************************
Start the 6 rounds of NGS-ED iteration
	effective electronic model is modified as: kinetic energy t = 0.630867
	                                           effective interaction Vq = [-5.49993,-5.42335, -5.3934,-5.42335,-5.42335, -5.3934,-5.33618, -5.3934, -5.3934,-5.33618,-5.49478,-5.33618,-5.42335, -5.3934,-5.33618, -5.3934]
	PARPACK diagonalization completed after 30 matrix-vector product operations.
	iteration results: : total energy is -104.166500 | electron energy -104.481488 + phonon energy 0.314988 | electron momentum kIdx = 10
The 6-th iteration is completed.	|| time cost : 0h 0m 15.343s
********************************************************************************************************************
Start the 7 rounds of NGS-ED iteration
	effective electronic model is modified as: kinetic energy t = 0.629796
	                                           effective interaction Vq = [-5.49996,-5.42538,-5.39573,-5.42538,-5.42538,-5.39573,-5.34048,-5.39573,-5.39573,-5.34048,-5.49498,-5.34048,-5.42538,-5.39573,-5.34048,-5.39573]
	PARPACK diagonalization completed after 30 matrix-vector product operations.
	iteration results: : total energy is -104.167195 | electron energy -104.483408 + phonon energy 0.316213 | electron momentum kIdx = 10
The 7-th iteration is completed.	|| time cost : 0h 0m 15.32s
********************************************************************************************************************
Start the 8 rounds of NGS-ED iteration
	effective electronic model is modified as: kinetic energy t = 0.629226
	                                           effective interaction Vq = [-5.49996,-5.42641,-5.39695,-5.42641,-5.42641,-5.39695,-5.34289,-5.39695,-5.39695,-5.34289,-5.49505,-5.34289,-5.42641,-5.39695,-5.34289,-5.39695]
	PARPACK diagonalization completed after 30 matrix-vector product operations.
	iteration results: : total energy is -104.167369 | electron energy -104.484262 + phonon energy 0.316893 | electron momentum kIdx = 10
The 8-th iteration is completed.	|| time cost : 0h 0m 15.535s
********************************************************************************************************************
Start the 9 rounds of NGS-ED iteration
	effective electronic model is modified as: kinetic energy t = 0.628918
	                                           effective interaction Vq = [-5.49996,-5.42694,-5.39759,-5.42694,-5.42694,-5.39759,-5.34424,-5.39759,-5.39759,-5.34424,-5.49507,-5.34424,-5.42694,-5.39759,-5.34424,-5.39759]
	PARPACK diagonalization completed after 30 matrix-vector product operations.
	iteration results: : total energy is -104.167414 | electron energy -104.484685 + phonon energy 0.317271 | electron momentum kIdx = 10
The 9-th iteration is completed.	|| time cost : 0h 0m 15.492s
********************************************************************************************************************
Start the 10 rounds of NGS-ED iteration
	effective electronic model is modified as: kinetic energy t = 0.628751
	                                           effective interaction Vq = [-5.49996,-5.42722,-5.39794,-5.42722,-5.42722,-5.39794,  -5.345,-5.39794,-5.39794,  -5.345,-5.49507,  -5.345,-5.42722,-5.39794,  -5.345,-5.39794]
	PARPACK diagonalization completed after 30 matrix-vector product operations.
	iteration results: : total energy is -104.167427 | electron energy -104.484908 + phonon energy 0.317481 | electron momentum kIdx = 10
	Nq(0) = 12.25,	Nq(1) = 0.353386,	Nq(2) = 0.559097,	Nq(3) = 0.353386,	Nq(4) = 0.353386,	Nq(5) = 0.559097,	Nq(6) = 0.635867,	Nq(7) = 0.559097,	Nq(8) = 0.559097,	Nq(9) = 0.635867,	Nq(10) = 5.11882,	Nq(11) = 0.635867,	Nq(12) = 0.353386,	Nq(13) = 0.559097,	Nq(14) = 0.635867,	Nq(15) = 0.559097,	Sq(0) = 1.55835e-19,	Sq(1) = 0.143998,	Sq(2) = 0.209618,	Sq(3) = 0.143998,	Sq(4) = 0.143998,	Sq(5) = 0.209618,	Sq(6) = 0.28615,	Sq(7) = 0.209618,	Sq(8) = 0.209618,	Sq(9) = 0.28615,	Sq(10) = 0.341281,	Sq(11) = 0.28615,	Sq(12) = 0.143998,	Sq(13) = 0.209618,	Sq(14) = 0.28615,	Sq(15) = 0.209618,	N(0) = 1.894,	N(1) = 1.7228,	N(2) = 0.736246,	N(3) = 1.7228,	N(4) = 1.7228,	N(5) = 0.736246,	N(6) = 0.18003,	N(7) = 0.736246,	N(8) = 0.736246,	N(9) = 0.18003,	N(10) = 0.0771879,	N(11) = 0.18003,	N(12) = 1.7228,	N(13) = 0.736246,	N(14) = 0.18003,	N(15) = 0.736246
The 10-th iteration is completed.	|| time cost : 0h 0m 40.208s
********************************************************************************************************************
********************************************************************************************************************
Ground state is obtained after 11 iterations. The current ground-state energy is -104.167, in which electron energy is -104.485 and phonon energy is 0.317481
final variational state is: 
	Gamma_x = [      1,1.05059,1.09438,1.05059,1.05059,1.09438,1.12924,1.09438,1.09438,1.12924,1.22418,1.12924,1.05059,1.09438,1.12924,1.09438]
	lambda_q = [0.829117, 0.73389,0.716326, 0.73389, 0.73389,0.716326, 0.69017,0.716326,0.716326, 0.69017,0.804426, 0.69017, 0.73389,0.716326, 0.69017,0.716326]
********************************************************************************************************************
o___o  ----------------------------------------
| L |	Time since last clock: 0h 0m 0s
A===A	Time since the beginning: 0h 11m 10.781s
***********************************************

********************************************************************************************************************
Start warm-up calculation for scaling factor 4
open output files: NGSEDWarmUpW4Obs.txt
********************************************************************************************************************
Start the 0 rounds of NGS-ED iteration
	effective electronic model is modified as: kinetic energy t = 0.628659
	                                           effective interaction Vq = [-5.02804, -4.7301,-4.66722, -4.7301, -4.7301,-4.66722,-4.56901,-4.66722,-4.66722,-4.56901,-4.95776,-4.56901, -4.7301,-4.66722,-4.56901,-4.66722]
	PARPACK diagonalization completed after 30 matrix-vector product operations.
	iteration results: : total energy is -90.778436 | electron energy -90.937235 + phonon energy 0.158799 | electron momentum kIdx = 10
	Nq(0) = 12.25,	Nq(1) = 0.329691,	Nq(2) = 0.534958,	Nq(3) = 0.329691,	Nq(4) = 0.329691,	Nq(5) = 0.534958,	Nq(6) = 0.552864,	Nq(7) = 0.534958,	Nq(8) = 0.534958,	Nq(9) = 0.552864,	Nq(10) = 4.42555,	Nq(11) = 0.552864,	Nq(12) = 0.329691,	Nq(13) = 0.534958,	Nq(14) = 0.552864,	Nq(15) = 0.534958,	Sq(0) = 3.07801e-18,	Sq(1) = 0.216038,	Sq(2) = 0.277346,	Sq(3) = 0.216038,	Sq(4) = 0.216038,	Sq(5) = 0.277346,	Sq(6) = 0.399955,	Sq(7) = 0.277346,	Sq(8) = 0.277346,	Sq(9) = 0.399955,	Sq(10) = 0.456432,	Sq(11) = 0.399955,	Sq(12) = 0.216038,	Sq(13) = 0.277346,	Sq(14) = 0.399955,	Sq(15) = 0.277346,	N(0) = 1.95898,	N(1) = 1.87169,	N(2) = 0.685682,	N(3) = 1.87169,	N(4) = 1.87169,	N(5) = 0.685682,	N(6) = 0.101375,	N(7) = 0.685682,	N(8) = 0.685682,	N(9) = 0.101375,	N(10) = 0.0346592,	N(11) = 0.101375,	N(12) = 1.87169,	N(13) = 0.685682,	N(14) = 0.101375,	N(15) = 0.685682
The 0-th iteration is completed.	|| time cost : 0h 0m 40.281s
********************************************************************************************************************
Start the 1 rounds of NGS-ED iteration
	effective electronic model is modified as: kinetic energy t = 0.595125
	                                           effective interaction Vq = [-5.28791,-4.96618, -4.9092,-4.96618,-4.96618, -4.9092,-4.76154, -4.9092, -4.9092,-4.76154,-5.26641,-4.76154,-4.96618, -4.9092,-4.76154, -4.9092]
	PARPACK diagonalization completed after 30 matrix-vector product operations.
	iteration results: : total energy is -96.065143 | electron energy -96.534408 + phonon energy 0.469266 | electron momentum kIdx = 10
The 1-th iteration is completed.	|| time cost : 0h 0m 15.443s
********************************************************************************************************************
Start the 2 rounds of NGS-ED iteration
	effective electronic model is modified as: kinetic energy t = 0.563291
	                                           effective interaction Vq = [-5.40468,-5.11065,-5.04662,-5.11065,-5.11065,-5.04662,-4.88985,-5.04662,-5.04662,-4.88985,-5.40956,-4.88985,-5.11065,-5.04662,-4.88985,-5.04662]
	PARPACK diagonalization completed after 30 matrix-vector product operations.
	iteration results: : total energy is -98.576864 | electron energy -99.171385 + phonon energy 0.594520 | electron momentum kIdx = 10
The 2-th iteration is completed.	|| time cost : 0h 0m 15.4s
********************************************************************************************************************
Start the 3 rounds of NGS-ED iteration
	effective electronic model is modified as: kinetic energy t = 0.537483
	                                           effective interaction Vq = [-5.45715,-5.20613,-5.12692,-5.20613,-5.20613,-5.12692,-4.97862,-5.12692,-5.12692,-4.97862,-5.46413,-4.97862,-5.20613,-5.12692,-4.97862,-5.12692]
	PARPACK diagonalization completed after 30 matrix-vector product operations.
	iteration results: : total energy is -99.662714 | electron energy -100.273704 + phonon energy 0.610990 | electron momentum kIdx = 10
The 3-th iteration is completed.	|| time cost : 0h 0m 15.379s
********************************************************************************************************************
Start the 4 rounds of NGS-ED iteration
	effective electronic model is modified as: kinetic energy t = 0.5186
	                                           effective interaction Vq = [-5.48073,-5.26782,-5.17737,-5.26782,-5.26782,-5.17737,-5.04036,-5.17737,-5.17737,-5.04036,-5.48423,-5.04036,-5.26782,-5.17737,-5.04036,-5.17737]
	PARPACK diagonalization completed after 30 matrix-vector product operations.
	iteration results: : total energy is -100.119976 | electron energy -100.721344 + phonon energy 0.601368 | electron momentum kIdx = 10
The 4-th iteration is completed.	|| time cost : 0h 0m 15.385s
********************************************************************************************************************
Start the 5 rounds of NGS-ED iteration
	effective electronic model is modified as: kinetic energy t = 0.505303
	                                           effective interaction Vq = [-5.49132,-5.30745,-5.21068,-5.30745,-5.30745,-5.21068,-5.08389,-5.21068,-5.21068,-5.08389,-5.49196,-5.08389,-5.30745,-5.21068,-5.08389,-5.21068]
	PARPACK diagonalization completed after 30 matrix-vector product operations.
	iteration results: : total energy is -100.314721 | electron energy -100.905692 + phonon energy 0.590971 | electron momentum kIdx = 10
The 5-th iteration is completed.	|| time cost : 0h 0m 15.358s
********************************************************************************************************************
Start the 6 rounds of NGS-ED iteration
	effective electronic model is modified as: kinetic energy t = 0.495981
	                                           effective interaction Vq = [-5.49608,-5.33319,-5.23346,-5.33319,-5.33319,-5.23346, -5.1152,-5.23346,-5.23346, -5.1152,-5.49516, -5.1152,-5.33319,-5.23346, -5.1152,-5.23346]
	PARPACK diagonalization completed after 30 matrix-vector product operations.
	iteration results: : total energy is -100.399563 | electron energy -100.983658 + phonon energy 0.584095 | electron momentum kIdx = 10
The 6-th iteration is completed.	|| time cost : 0h 0m 15.349s
********************************************************************************************************************
Start the 7 rounds of NGS-ED iteration
	effective electronic model is modified as: kinetic energy t = 0.489388
	                                           effective interaction Vq = [-5.49822,-5.35018,-5.24945,-5.35018,-5.35018,-5.24945,-5.13814,-5.24945,-5.24945,-5.13814, -5.4966,-5.13814,-5.35018,-5.24945,-5.13814,-5.24945]
	PARPACK diagonalization completed after 30 matrix-vector product operations.
	iteration results: : total energy is -100.437431 | electron energy -101.017640 + phonon energy 0.580209 | electron momentum kIdx = 10
The 7-th iteration is completed.	|| time cost : 0h 0m 15.335s
********************************************************************************************************************
Start the 8 rounds of NGS-ED iteration
	effective electronic model is modified as: kinetic energy t = 0.484666
	                                           effective interaction Vq = [-5.49918,-5.36156,-5.26089,-5.36156,-5.36156,-5.26089, -5.1552,-5.26089,-5.26089, -5.1552,-5.49729, -5.1552,-5.36156,-5.26089, -5.1552,-5.26089]
	PARPACK diagonalization completed after 30 matrix-vector product operations.
	iteration results: : total energy is -100.454727 | electron energy -101.032955 + phonon energy 0.578228 | electron momentum kIdx = 10
The 8-th iteration is completed.	|| time cost : 0h 0m 15.373s
********************************************************************************************************************
Start the 9 rounds of NGS-ED iteration
	effective electronic model is modified as: kinetic energy t = 0.48124
	                                           effective interaction Vq = [-5.49961,-5.36932,-5.26922,-5.36932,-5.36932,-5.26922,-5.16803,-5.26922,-5.26922,-5.16803,-5.49765,-5.16803,-5.36932,-5.26922,-5.16803,-5.26922]
	PARPACK diagonalization completed after 30 matrix-vector product operations.
	iteration results: : total energy is -100.462802 | electron energy -101.040142 + phonon energy 0.577339 | electron momentum kIdx = 10
The 9-th iteration is completed.	|| time cost : 0h 0m 15.409s
********************************************************************************************************************
Start the 10 rounds of NGS-ED iteration
	effective electronic model is modified as: kinetic energy t = 0.478728
	                                           effective interaction Vq = [ -5.4998,-5.37466,-5.27533,-5.37466,-5.37466,-5.27533,-5.17775,-5.27533,-5.27533,-5.17775,-5.49785,-5.17775,-5.37466,-5.27533,-5.17775,-5.27533]
	PARPACK diagonalization completed after 30 matrix-vector product operations.
	iteration results: : total energy is -100.466653 | electron energy -101.043694 + phonon energy 0.577042 | electron momentum kIdx = 10
	Nq(0) = 12.25,	Nq(1) = 0.308045,	Nq(2) = 0.398043,	Nq(3) = 0.308045,	Nq(4) = 0.308045,	Nq(5) = 0.398043,	Nq(6) = 0.452641,	Nq(7) = 0.398043,	Nq(8) = 0.398043,	Nq(9) = 0.452641,	Nq(10) = 8.24003,	Nq(11) = 0.452641,	Nq(12) = 0.308045,	Nq(13) = 0.398043,	Nq(14) = 0.452641,	Nq(15) = 0.398043,	Sq(0) = -1.64091e-19,	Sq(1) = 0.0802294,	Sq(2) = 0.133109,	Sq(3) = 0.0802294,	Sq(4) = 0.0802294,	Sq(5) = 0.133109,	Sq(6) = 0.183344,	Sq(7) = 0.133109,	Sq(8) = 0.133109,	Sq(9) = 0.183344,	Sq(10) = 0.226023,	Sq(11) = 0.183344,	Sq(12) = 0.0802294,	Sq(13) = 0.133109,	Sq(14) = 0.183344,	Sq(15) = 0.133109,	N(0) = 1.78413,	N(1) = 1.47987,	N(2) = 0.792458,	N(3) = 1.47987,	N(4) = 1.47987,	N(5) = 0.792458,	N(6) = 0.345922,	N(7) = 0.792458,	N(8) = 0.792458,	N(9) = 0.345922,	N(10) = 0.157976,	N(11) = 0.345922,	N(12) = 1.47987,	N(13) = 0.792458,	N(14) = 0.345922,	N(15) = 0.792458
The 10-th iteration is completed.	|| time cost : 0h 0m 40.234s
********************************************************************************************************************
Start the 11 rounds of NGS-ED iteration
	effective electronic model is modified as: kinetic energy t = 0.476869
	                                           effective interaction Vq = [-5.49989,-5.37839,-5.27987,-5.37839,-5.37839,-5.27987,-5.18516,-5.27987,-5.27987,-5.18516,-5.49795,-5.18516,-5.37839,-5.27987,-5.18516,-5.27987]
	PARPACK diagonalization completed after 30 matrix-vector product operations.
	iteration results: : total energy is -100.468527 | electron energy -101.045573 + phonon energy 0.577046 | electron momentum kIdx = 10
The 11-th iteration is completed.	|| time cost : 0h 0m 15.467s
********************************************************************************************************************
Start the 12 rounds of NGS-ED iteration
	effective electronic model is modified as: kinetic energy t = 0.475482
	                                           effective interaction Vq = [-5.49993,-5.38102,-5.28326,-5.38102,-5.38102,-5.28326,-5.19084,-5.28326,-5.28326,-5.19084,-5.49801,-5.19084,-5.38102,-5.28326,-5.19084,-5.28326]
	PARPACK diagonalization completed after 30 matrix-vector product operations.
	iteration results: : total energy is -100.469459 | electron energy -101.046649 + phonon energy 0.577190 | electron momentum kIdx = 10
The 12-th iteration is completed.	|| time cost : 0h 0m 15.356s
********************************************************************************************************************
Start the 13 rounds of NGS-ED iteration
	effective electronic model is modified as: kinetic energy t = 0.474441
	                                           effective interaction Vq = [-5.49995,-5.38288,-5.28581,-5.38288,-5.38288,-5.28581,-5.19519,-5.28581,-5.28581,-5.19519,-5.49805,-5.19519,-5.38288,-5.28581,-5.19519,-5.28581]
	PARPACK diagonalization completed after 30 matrix-vector product operations.
	iteration results: : total energy is -100.469932 | electron energy -101.047319 + phonon energy 0.577388 | electron momentum kIdx = 10
The 13-th iteration is completed.	|| time cost : 0h 0m 15.48s
********************************************************************************************************************
Start the 14 rounds of NGS-ED iteration
	effective electronic model is modified as: kinetic energy t = 0.473657
	                                           effective interaction Vq = [-5.49996,-5.38422,-5.28773,-5.38422,-5.38422,-5.28773,-5.19854,-5.28773,-5.28773,-5.19854,-5.49807,-5.19854,-5.38422,-5.28773,-5.19854,-5.28773]
	PARPACK diagonalization completed after 30 matrix-vector product operations.
	iteration results: : total energy is -100.470177 | electron energy -101.047770 + phonon energy 0.577593 | electron momentum kIdx = 10
The 14-th iteration is completed.	|| time cost : 0h 0m 15.35s
********************************************************************************************************************
Start the 15 rounds of NGS-ED iteration
	effective electronic model is modified as: kinetic energy t = 0.473063
	                                           effective interaction Vq = [-5.49996,-5.38519,-5.28918,-5.38519,-5.38519,-5.28918,-5.20112,-5.28918,-5.28918,-5.20112,-5.49808,-5.20112,-5.38519,-5.28918,-5.20112,-5.28918]
	PARPACK diagonalization completed after 30 matrix-vector product operations.
	iteration results: : total energy is -100.470306 | electron energy -101.048091 + phonon energy 0.577785 | electron momentum kIdx = 10
The 15-th iteration is completed.	|| time cost : 0h 0m 15.359s
********************************************************************************************************************
Start the 16 rounds of NGS-ED iteration
	effective electronic model is modified as: kinetic energy t = 0.472613
	                                           effective interaction Vq = [-5.49996,-5.38589,-5.29029,-5.38589,-5.38589,-5.29029,-5.20311,-5.29029,-5.29029,-5.20311,-5.49809,-5.20311,-5.38589,-5.29029,-5.20311,-5.29029]
	PARPACK diagonalization completed after 30 matrix-vector product operations.
	iteration results: : total energy is -100.470376 | electron energy -101.048330 + phonon energy 0.577954 | electron momentum kIdx = 10
The 16-th iteration is completed.	|| time cost : 0h 0m 15.345s
********************************************************************************************************************
Start the 17 rounds of NGS-ED iteration
	effective electronic model is modified as: kinetic energy t = 0.47227
	                                           effective interaction Vq = [-5.49996, -5.3864,-5.29112, -5.3864, -5.3864,-5.29112,-5.20464,-5.29112,-5.29112,-5.20464,-5.49809,-5.20464, -5.3864,-5.29112,-5.20464,-5.29112]
	PARPACK diagonalization completed after 30 matrix-vector product operations.
	iteration results: : total energy is -100.470414 | electron energy -101.048511 + phonon energy 0.578097 | electron momentum kIdx = 10
The 17-th iteration is completed.	|| time cost : 0h 0m 15.354s
********************************************************************************************************************
Start the 18 rounds of NGS-ED iteration
	effective electronic model is modified as: kinetic energy t = 0.472008
	                                           effective interaction Vq = [-5.49996,-5.38678,-5.29176,-5.38678,-5.38678,-5.29176,-5.20582,-5.29176,-5.29176,-5.20582,-5.49809,-5.20582,-5.38678,-5.29176,-5.20582,-5.29176]
	PARPACK diagonalization completed after 30 matrix-vector product operations.
	iteration results: : total energy is -100.470435 | electron energy -101.048651 + phonon energy 0.578216 | electron momentum kIdx = 10
The 18-th iteration is completed.	|| time cost : 0h 0m 15.364s
********************************************************************************************************************
Start the 19 rounds of NGS-ED iteration
	effective electronic model is modified as: kinetic energy t = 0.471809
	                                           effective interaction Vq = [-5.49996,-5.38706,-5.29225,-5.38706,-5.38706,-5.29225,-5.20673,-5.29225,-5.29225,-5.20673,-5.49809,-5.20673,-5.38706,-5.29225,-5.20673,-5.29225]
	PARPACK diagonalization completed after 30 matrix-vector product operations.
	iteration results: : total energy is -100.470447 | electron energy -101.048760 + phonon energy 0.578313 | electron momentum kIdx = 10
The 19-th iteration is completed.	|| time cost : 0h 0m 15.377s
********************************************************************************************************************
Start the 20 rounds of NGS-ED iteration
	effective electronic model is modified as: kinetic energy t = 0.471656
	                                           effective interaction Vq = [-5.49996,-5.38727,-5.29262,-5.38727,-5.38727,-5.29262,-5.20744,-5.29262,-5.29262,-5.20744, -5.4981,-5.20744,-5.38727,-5.29262,-5.20744,-5.29262]
	PARPACK diagonalization completed after 30 matrix-vector product operations.
	iteration results: : total energy is -100.470454 | electron energy -101.048845 + phonon energy 0.578391 | electron momentum kIdx = 10
