SNEDics v3.22.2 Non-Gaussian ED ground state program		Start at Sun May 15 17:22:15 2022

Parallelization: 32 MPI threads  * 8 OpenMP threads = 256 total threads.
********************************************************************************************************************
********************************************************************************************************************

********************************************************************************************************************
System parameters and configurations
	special program options are enabled: splitted diagonal Hamiltonian | splitted Hamiltonian terms
********************************************************************************************************************
Read input file "model_params.in"
	Hubbard-Holstein model parameters : 	t = 1    t' = -0.3    U = 8    g = 0.35    W = 0.2    g' = 0.15    
********************************************************************************************************************
Read input file "hilbertspace_params.in"
	Requested 16-site 2D lattice, with 8 electrons (4, 4)
	Boundary : Periodic		Hilbert space representation : momentum-space (restricted to kIdx = 0)
	Conservation: particle number[U(1)]      spin[U(1)]     momentum
********************************************************************************************************************

Cluster Positions:				Cluster symmetry group : D4
 x ... x ... x ... x .....                       x ... x ... x ... x .....
 |           |           :                       |           |           :
 |           |           :                       |           |           :
12    13    14    15     x                       1     5     6     5     x
 |           |           :                       |           |           :
 |           |           :                       |           |           :
 8 --- 9 ---10 ---11 --- x                       2 --- 6 ---10 --- 6 --- x
 |           |           :                       |           |           :
 |           |           :                       |           |           :
 4     5     6     7     x                       1     5     6     5     x
 |           |           :                       |           |           :
 |           |           :                       |           |           :
 0 --- 1 --- 2 --- 3 --- x                       0 --- 1 --- 2 --- 1 --- x
orbital number : 1
********************************************************************************************************************
Read input file "obs_params.in"
	Observable Type : Nq(All),   Sq(All),   N(All-Orbital),   Delta[s](All),   Delta[d](All),   Delta[s+](All)
** WARNING ** the input observables have non-local factors which have been reinterpreted. The total observable number is 96
********************************************************************************************************************


********************************************************************************************************************
Start calculating the non-Gaussian ED ground state
Maximal iteration number is 1000; energy resolution is 1e-06. Phonon state relaxation time is 2000
W = 0.2 is relatively large. The non-Gaussian ED calculation starts directly.
open output files: NGSED_iteration_observables.txt
********************************************************************************************************************
Start the 0 rounds of NGS-ED iteration
	effective electronic model is modified as: kinetic energy t = 1, t' = -0.3
	                                           effective interaction Vq = [0,0,0,0,0,0,0,0,0,0,0,0,0,0,0,0]
	first Hamiltonian is constructed, size = 207184 and non-zero numbers = 32252562
	PARPACK diagonalization completed after 120 matrix-vector product operations.
	iteration results: : total energy is -14.600323 | electron energy -14.600323 + phonon energy 0.000000 | electron momentum kIdx = 0
	Nq(0) = 4,	Nq(1) = 0.197198,	Nq(2) = 0.25408,	Nq(3) = 0.197198,	Nq(4) = 0.197198,	Nq(5) = 0.267076,	
	Nq(6) = 0.353825,	Nq(7) = 0.267076,	Nq(8) = 0.25408,	Nq(9) = 0.353825,	Nq(10) = 0.466428,	
	Nq(11) = 0.353825,	Nq(12) = 0.197198,	Nq(13) = 0.267076,	Nq(14) = 0.353825,	Nq(15) = 0.267076;	
	Sq(0) = 8.19558e-19,	Sq(1) = 0.482052,	Sq(2) = 0.340779,	Sq(3) = 0.482052,	Sq(4) = 0.482052,	
	Sq(5) = 0.566062,	Sq(6) = 0.591821,	Sq(7) = 0.566062,	Sq(8) = 0.340779,	Sq(9) = 0.591821,	
	Sq(10) = 0.511715,	Sq(11) = 0.591821,	Sq(12) = 0.482052,	Sq(13) = 0.566062,	Sq(14) = 0.591821,	
	Sq(15) = 0.566062;	N(0) = 1.72489,	N(1) = 1.32099,	N(2) = 0.213478,	N(3) = 1.32099,	
	N(4) = 1.32099,	N(5) = 0.105651,	N(6) = 0.0323985,	N(7) = 0.105651,	N(8) = 0.213478,	
	N(9) = 0.0323985,	N(10) = 0.0120143,	N(11) = 0.0323985,	N(12) = 1.32099,	N(13) = 0.105651,	
	N(14) = 0.0323985,	N(15) = 0.105651;	Delta[s](0) = 0.0230215,	Delta[s](1) = 0.0129595,	Delta[s](2) = 0.00938465,	
	Delta[s](3) = 0.0129595,	Delta[s](4) = 0.0129595,	Delta[s](5) = 0.00650859,	Delta[s](6) = 0.000901295,	Delta[s](7) = 0.00650859,	
	Delta[s](8) = 0.00938465,	Delta[s](9) = 0.000901295,	Delta[s](10) = 0.000224635,	Delta[s](11) = 0.000901295,	Delta[s](12) = 0.0129595,	
	Delta[s](13) = 0.00650859,	Delta[s](14) = 0.000901295,	Delta[s](15) = 0.00650859;	Delta[d](0) = 0.195498,	Delta[d](1) = 0.062289,	
	Delta[d](2) = 0.0834001,	Delta[d](3) = 0.062289,	Delta[d](4) = 0.062289,	Delta[d](5) = 0.0535465,	Delta[d](6) = 0.0266526,	
	Delta[d](7) = 0.0535465,	Delta[d](8) = 0.0834001,	Delta[d](9) = 0.0266526,	Delta[d](10) = 0.010895,	Delta[d](11) = 0.0266526,	
	Delta[d](12) = 0.062289,	Delta[d](13) = 0.0535465,	Delta[d](14) = 0.0266526,	Delta[d](15) = 0.0535465;	Delta[s+](0) = 0.34772,	
	Delta[s+](1) = 0.193099,	Delta[s+](2) = 0.0834001,	Delta[s+](3) = 0.193099,	Delta[s+](4) = 0.193099,	Delta[s+](5) = 0.0629996,	
	Delta[s+](6) = 0.00403444,	Delta[s+](7) = 0.0629996,	Delta[s+](8) = 0.0834001,	Delta[s+](9) = 0.00403444,	Delta[s+](10) = 0.000455406,	
	Delta[s+](11) = 0.00403444,	Delta[s+](12) = 0.193099,	Delta[s+](13) = 0.0629996,	Delta[s+](14) = 0.00403444,	Delta[s+](15) = 0.0629996
	
The 0-th iteration is completed.	|| time cost : 0h 0m 4.919s
********************************************************************************************************************
Start the 1 rounds of NGS-ED iteration
	effective electronic model is modified as: kinetic energy t = 0.983049, t' = -0.290819
	                                           effective interaction Vq = [    -4.5125,   -0.49138, -0.0717187,   -0.49138,   -0.49138, -0.0682359,-0.00111239, -0.0682359, -0.0717187,-0.00111239, -0.0274787,-0.00111239,   -0.49138, -0.0682359,-0.00111239, -0.0682359]
	PARPACK diagonalization completed after 45 matrix-vector product operations.
	iteration results: : total energy is -32.894106 | electron energy -32.935683 + phonon energy 0.041577 | electron momentum kIdx = 0
The 1-th iteration is completed.	|| time cost : 0h 0m 3.488s
********************************************************************************************************************
Start the 2 rounds of NGS-ED iteration
	effective electronic model is modified as: kinetic energy t = 0.979665, t' = -0.288795
	                                           effective interaction Vq = [   -4.5125,  -0.57619,-0.0716265,  -0.57619,  -0.57619,-0.0678357,-0.0010878,-0.0678357,-0.0716265,-0.0010878,-0.0263471,-0.0010878,  -0.57619,-0.0678357,-0.0010878,-0.0678357]
	PARPACK diagonalization completed after 45 matrix-vector product operations.
	iteration results: : total energy is -32.897838 | electron energy -32.961034 + phonon energy 0.063196 | electron momentum kIdx = 0
The 2-th iteration is completed.	|| time cost : 0h 0m 0.823s
********************************************************************************************************************
Start the 3 rounds of NGS-ED iteration
	effective electronic model is modified as: kinetic energy t = 0.978867, t' = -0.288319
	                                           effective interaction Vq = [    -4.5125,  -0.595879,  -0.071514,  -0.595879,  -0.595879, -0.0676699,-0.00108442, -0.0676699,  -0.071514,-0.00108442, -0.0261379,-0.00108442,  -0.595879, -0.0676699,-0.00108442, -0.0676699]
	PARPACK diagonalization completed after 45 matrix-vector product operations.
	iteration results: : total energy is -32.898029 | electron energy -32.966852 + phonon energy 0.068823 | electron momentum kIdx = 0
The 3-th iteration is completed.	|| time cost : 0h 0m 0.827s
********************************************************************************************************************
Start the 4 rounds of NGS-ED iteration
	effective electronic model is modified as: kinetic energy t = 0.978672, t' = -0.288203
	                                           effective interaction Vq = [    -4.5125,  -0.600674, -0.0714868,  -0.600674,  -0.600674, -0.0676306,-0.00108363, -0.0676306, -0.0714868,-0.00108363, -0.0260896,-0.00108363,  -0.600674, -0.0676306,-0.00108363, -0.0676306]
	PARPACK diagonalization completed after 30 matrix-vector product operations.
	iteration results: : total energy is -32.898041 | electron energy -32.968268 + phonon energy 0.070227 | electron momentum kIdx = 0
The 4-th iteration is completed.	|| time cost : 0h 0m 0.76s
********************************************************************************************************************
Start the 5 rounds of NGS-ED iteration
	effective electronic model is modified as: kinetic energy t = 0.978624, t' = -0.288174
	                                           effective interaction Vq = [    -4.5125,  -0.601854, -0.0714802,  -0.601854,  -0.601854,  -0.067621,-0.00108343,  -0.067621, -0.0714802,-0.00108343, -0.0260779,-0.00108343,  -0.601854,  -0.067621,-0.00108343,  -0.067621]
	PARPACK diagonalization completed after 30 matrix-vector product operations.
	iteration results: : total energy is -32.898041 | electron energy -32.968616 + phonon energy 0.070575 | electron momentum kIdx = 0
The 5-th iteration is completed.	|| time cost : 0h 0m 0.766s
********************************************************************************************************************
Start the 6 rounds of NGS-ED iteration
	effective electronic model is modified as: kinetic energy t = 0.978612, t' = -0.288167
	                                           effective interaction Vq = [    -4.5125,  -0.602146, -0.0714785,  -0.602146,  -0.602146, -0.0676186,-0.00108339, -0.0676186, -0.0714785,-0.00108339,  -0.026075,-0.00108339,  -0.602146, -0.0676186,-0.00108339, -0.0676186]
	PARPACK diagonalization completed after 30 matrix-vector product operations.
	iteration results: : total energy is -32.898041 | electron energy -32.968702 + phonon energy 0.070661 | electron momentum kIdx = 0
The 6-th iteration is completed.	|| time cost : 0h 0m 0.77s
********************************************************************************************************************
Start the 7 rounds of NGS-ED iteration
	effective electronic model is modified as: kinetic energy t = 0.978609, t' = -0.288166
	                                           effective interaction Vq = [    -4.5125,  -0.602218, -0.0714781,  -0.602218,  -0.602218,  -0.067618,-0.00108338,  -0.067618, -0.0714781,-0.00108338, -0.0260743,-0.00108338,  -0.602218,  -0.067618,-0.00108338,  -0.067618]
	PARPACK diagonalization completed after 30 matrix-vector product operations.
	iteration results: : total energy is -32.898041 | electron energy -32.968723 + phonon energy 0.070682 | electron momentum kIdx = 0
The 7-th iteration is completed.	|| time cost : 0h 0m 0.748s
********************************************************************************************************************
Start the 8 rounds of NGS-ED iteration
	effective electronic model is modified as: kinetic energy t = 0.978609, t' = -0.288165
	                                           effective interaction Vq = [    -4.5125,  -0.602236,  -0.071478,  -0.602236,  -0.602236, -0.0676179,-0.00108337, -0.0676179,  -0.071478,-0.00108337, -0.0260741,-0.00108337,  -0.602236, -0.0676179,-0.00108337, -0.0676179]
	PARPACK diagonalization completed after 30 matrix-vector product operations.
	iteration results: : total energy is -32.898041 | electron energy -32.968728 + phonon energy 0.070687 | electron momentum kIdx = 0
The 8-th iteration is completed.	|| time cost : 0h 0m 0.76s
********************************************************************************************************************
Start the 9 rounds of NGS-ED iteration
	effective electronic model is modified as: kinetic energy t = 0.978609, t' = -0.288165
	                                           effective interaction Vq = [    -4.5125,   -0.60224,  -0.071478,   -0.60224,   -0.60224, -0.0676178,-0.00108337, -0.0676178,  -0.071478,-0.00108337, -0.0260741,-0.00108337,   -0.60224, -0.0676178,-0.00108337, -0.0676178]
	PARPACK diagonalization completed after 30 matrix-vector product operations.
	iteration results: : total energy is -32.898041 | electron energy -32.968730 + phonon energy 0.070688 | electron momentum kIdx = 0
The 9-th iteration is completed.	|| time cost : 0h 0m 0.764s
********************************************************************************************************************
Start the 10 rounds of NGS-ED iteration
	effective electronic model is modified as: kinetic energy t = 0.978608, t' = -0.288165
	                                           effective interaction Vq = [    -4.5125,  -0.602241,  -0.071478,  -0.602241,  -0.602241, -0.0676178,-0.00108337, -0.0676178,  -0.071478,-0.00108337, -0.0260741,-0.00108337,  -0.602241, -0.0676178,-0.00108337, -0.0676178]
	PARPACK diagonalization completed after 30 matrix-vector product operations.
	iteration results: : total energy is -32.898041 | electron energy -32.968730 + phonon energy 0.070689 | electron momentum kIdx = 0
The 10-th iteration is completed.	|| time cost : 0h 0m 0.768s
********************************************************************************************************************
Start the 11 rounds of NGS-ED iteration
	effective electronic model is modified as: kinetic energy t = 0.978608, t' = -0.288165
	                                           effective interaction Vq = [    -4.5125,  -0.602241,  -0.071478,  -0.602241,  -0.602241, -0.0676178,-0.00108337, -0.0676178,  -0.071478,-0.00108337, -0.0260741,-0.00108337,  -0.602241, -0.0676178,-0.00108337, -0.0676178]
	PARPACK diagonalization completed after 30 matrix-vector product operations.
	iteration results: : total energy is -32.898041 | electron energy -32.968730 + phonon energy 0.070689 | electron momentum kIdx = 0
The 11-th iteration is completed.	|| time cost : 0h 0m 0.7s
********************************************************************************************************************
Start the 12 rounds of NGS-ED iteration
	effective electronic model is modified as: kinetic energy t = 0.978608, t' = -0.288165
	                                           effective interaction Vq = [    -4.5125,  -0.602241,  -0.071478,  -0.602241,  -0.602241, -0.0676178,-0.00108337, -0.0676178,  -0.071478,-0.00108337, -0.0260741,-0.00108337,  -0.602241, -0.0676178,-0.00108337, -0.0676178]
	PARPACK diagonalization completed after 30 matrix-vector product operations.
	iteration results: : total energy is -32.898041 | electron energy -32.968730 + phonon energy 0.070689 | electron momentum kIdx = 0
	Nq(0) = 4,	Nq(1) = 0.220587,	Nq(2) = 0.252066,	Nq(3) = 0.220587,	Nq(4) = 0.220587,	Nq(5) = 0.264489,	
	Nq(6) = 0.343873,	Nq(7) = 0.264489,	Nq(8) = 0.252066,	Nq(9) = 0.343873,	Nq(10) = 0.444355,	
	Nq(11) = 0.343873,	Nq(12) = 0.220587,	Nq(13) = 0.264489,	Nq(14) = 0.343873,	Nq(15) = 0.264489;	
	Sq(0) = -1.26385e-18,	Sq(1) = 0.473764,	Sq(2) = 0.343717,	Sq(3) = 0.473764,	Sq(4) = 0.473764,	
	Sq(5) = 0.569054,	Sq(6) = 0.588574,	Sq(7) = 0.569054,	Sq(8) = 0.343717,	Sq(9) = 0.588574,	
	Sq(10) = 0.522712,	Sq(11) = 0.588574,	Sq(12) = 0.473764,	Sq(13) = 0.569054,	Sq(14) = 0.588574,	
	Sq(15) = 0.569054;	N(0) = 1.73879,	N(1) = 1.33239,	N(2) = 0.193707,	N(3) = 1.33239,	
	N(4) = 1.33239,	N(5) = 0.0963894,	N(6) = 0.0360244,	N(7) = 0.0963894,	N(8) = 0.193707,	
	N(9) = 0.0360244,	N(10) = 0.0145898,	N(11) = 0.0360244,	N(12) = 1.33239,	N(13) = 0.0963894,	
	N(14) = 0.0360244,	N(15) = 0.0963894;	Delta[s](0) = 0.0246197,	Delta[s](1) = 0.0137853,	Delta[s](2) = 0.00961096,	
	Delta[s](3) = 0.0137853,	Delta[s](4) = 0.0137853,	Delta[s](5) = 0.00711247,	Delta[s](6) = 0.00111565,	Delta[s](7) = 0.00711247,	
	Delta[s](8) = 0.00961096,	Delta[s](9) = 0.00111565,	Delta[s](10) = 0.000246734,	Delta[s](11) = 0.00111565,	Delta[s](12) = 0.0137853,	
	Delta[s](13) = 0.00711247,	Delta[s](14) = 0.00111565,	Delta[s](15) = 0.00711247;	Delta[d](0) = 0.206259,	Delta[d](1) = 0.0610954,	
	Delta[d](2) = 0.0832532,	Delta[d](3) = 0.0610954,	Delta[d](4) = 0.0610954,	Delta[d](5) = 0.056755,	Delta[d](6) = 0.0268103,	
	Delta[d](7) = 0.056755,	Delta[d](8) = 0.0832532,	Delta[d](9) = 0.0268103,	Delta[d](10) = 0.0114764,	Delta[d](11) = 0.0268103,	
	Delta[d](12) = 0.0610954,	Delta[d](13) = 0.056755,	Delta[d](14) = 0.0268103,	Delta[d](15) = 0.056755;	Delta[s+](0) = 0.356193,	
	Delta[s+](1) = 0.198022,	Delta[s+](2) = 0.0832532,	Delta[s+](3) = 0.198022,	Delta[s+](4) = 0.198022,	Delta[s+](5) = 0.0648613,	
	Delta[s+](6) = 0.00473843,	Delta[s+](7) = 0.0648613,	Delta[s+](8) = 0.0832532,	Delta[s+](9) = 0.00473843,	Delta[s+](10) = 0.000613492,	
	Delta[s+](11) = 0.00473843,	Delta[s+](12) = 0.198022,	Delta[s+](13) = 0.0648613,	Delta[s+](14) = 0.00473843,	Delta[s+](15) = 0.0648613
	
The 12-th iteration is completed.	|| time cost : 0h 0m 2.953s
********************************************************************************************************************
********************************************************************************************************************
Ground state is obtained after 13 iterations. The current ground-state energy is -32.898, in which electron energy is -32.9687 and phonon energy is 0.0706888
Final variational state is: 
	Gamma_x = [      1,1.77929,1.09109,1.77929,1.77929,1.09057,1.00182,1.09057,1.09109,1.00182,1.05827,1.00182,1.77929,1.09057,1.00182,1.09057]
	lambda_q = [      4.75,  0.502038,  0.105278,  0.502038,  0.502038, 0.0994211, 0.0110792, 0.0994211,  0.105278, 0.0110792,-0.0532838, 0.0110792,  0.502038, 0.0994211, 0.0110792, 0.0994211]
Effective e-e interactions mediated by phonons are:
	momentum-space Vq = [    -4.5125,  -0.602241,  -0.071478,  -0.602241,  -0.602241, -0.0676178,-0.00108337, -0.0676178,  -0.071478,-0.00108337, -0.0260741,-0.00108337,  -0.602241, -0.0676178,-0.00108337, -0.0676178]
	real-space Vr = [-0.460331,-0.355546,-0.275691,-0.355546,-0.355546,-0.274726,-0.205257,-0.274726,-0.275691,-0.205257,-0.158669,-0.205257,-0.355546,-0.274726,-0.205257,-0.274726]
********************************************************************************************************************
o___o  ----------------------------------------
| L |	Time since last clock: 0h 0m 0.019s
A===A	Time since the beginning: 0h 0m 19.073s
***********************************************


Non-Gaussina ED ground state calculation is completed. The final ground-state energy is -32.898
********************************************************************************************************************
o___o  ----------------------------------------
| L |	Time since last clock: 0h 0m 0.003s
A===A	Time since the beginning: 0h 0m 19.076s
***********************************************



********************************************************************************************************************
All non-Gaussian ED ground state calculations have been completed. Exit now.
