TACC:  Starting up job 4155307 
TACC:  Starting parallel tasks... 
SNEDics v3.4 Non-Gaussian ED ground state program		Start at Wed Aug 14 03:44:14 2019

parallized on 32 MPI threads  * 6 OpenMP threads = 192 total threads.
********************************************************************************************************************
********************************************************************************************************************

********************************************************************************************************************
System parameters and configurations
********************************************************************************************************************
Special program options are enabled: splitted diagonal Hamiltonian
********************************************************************************************************************
Read input file "model_params.in"
	Hubbard-Holstein model parameters : 	t = 1    g = 0.3162    W = 0.2    
********************************************************************************************************************
Read input file "hilbertspace_params.in"
	Requested 16-site 2D lattice, with 16 electrons (8, 8)
	Boundary : Periodic		Hilbert space representation : momentum-space (restricted to kIdx = 0)
	Conservation: particle number[U(1)]      spin[U(1)]     momentum
********************************************************************************************************************

Cluster Positions:				Cluster symmetry group : D4
 x ... x ... x ... x .....                       x ... x ... x ... x .....
 |           |           :                       |           |           :
 |           |           :                       |           |           :
12    13    14    15     x                       1     5     6     5     x
 |           |           :                       |           |           :
 |           |           :                       |           |           :
 8 --- 9 ---10 ---11 --- x                       2 --- 6 ---10 --- 6 --- x
 |           |           :                       |           |           :
 |           |           :                       |           |           :
 4     5     6     7     x                       1     5     6     5     x
 |           |           :                       |           |           :
 |           |           :                       |           |           :
 0 --- 1 --- 2 --- 3 --- x                       0 --- 1 --- 2 --- 1 --- x
orbital number : 1
********************************************************************************************************************
Read input file "obs_params.in"
	Observable Type : Nq[All],   Sq[All],   N[All]
********************************************************************************************************************
** WARNING ** the input observables have non-local factors which have been reinterpreted. The total observable number is 48
********************************************************************************************************************


********************************************************************************************************************
Start calculating the non-Gaussian ED ground state
Input file varState.txt exists. Start iterations from it.
open output files: NGSEDIterationObs.txt
Start the 0 rounds of NGS-ED iteration
	effective electronic model is modified as: kinetic energy t = 0.97452
	                                           effective interaction Vq = [ -0.499857,-0.0825939,-0.0487906,-0.0825939,-0.0825939,-0.0487906,-0.0531999,-0.0487906,-0.0487906,-0.0531999, -0.465805,-0.0531999,-0.0825939,-0.0487906,-0.0531999,-0.0487906]
	first Hamiltonian is constructed, non-zero numbers = 9473058108
	PARPACK diagonalization completed after 75 matrix-vector product operations.
	iteration results: : total energy is -33.060682 | electron energy -33.420571 + phonon energy 0.359889 | electron momentum kIdx = 0
	Nq(0) = 16,	Nq(1) = 0.301372,	Nq(2) = 0.348365,	Nq(3) = 0.301372,	Nq(4) = 0.301372,	Nq(5) = 0.348365,	Nq(6) = 0.542141,	Nq(7) = 0.348365,	Nq(8) = 0.348365,	Nq(9) = 0.542141,	Nq(10) = 4.55979,	Nq(11) = 0.542141,	Nq(12) = 0.301372,	Nq(13) = 0.348365,	Nq(14) = 0.542141,	Nq(15) = 0.348365,	Sq(0) = 5.29611e-18,	Sq(1) = 0.294963,	Sq(2) = 0.345475,	Sq(3) = 0.294963,	Sq(4) = 0.294963,	Sq(5) = 0.345475,	Sq(6) = 0.533331,	Sq(7) = 0.345475,	Sq(8) = 0.345475,	Sq(9) = 0.533331,	Sq(10) = 0.589949,	Sq(11) = 0.533331,	Sq(12) = 0.294963,	Sq(13) = 0.345475,	Sq(14) = 0.533331,	Sq(15) = 0.345475,	N(0) = 1.99359,	N(1) = 1.97713,	N(2) = 1,	N(3) = 1.97713,	N(4) = 1.97713,	N(5) = 1,	N(6) = 0.0228691,	N(7) = 1,	N(8) = 1,	N(9) = 0.0228691,	N(10) = 0.00640526,	N(11) = 0.0228691,	N(12) = 1.97713,	N(13) = 1,	N(14) = 0.0228691,	N(15) = 1
The 0-th iteration is completed.	|| time cost : 0h 4m 42.734s
********************************************************************************************************************
Start the 1 rounds of NGS-ED iteration
	effective electronic model is modified as: kinetic energy t = 0.97452
	                                           effective interaction Vq = [  -0.49986,-0.0825938,-0.0487905,-0.0825938,-0.0825938,-0.0487905,-0.0531999,-0.0487905,-0.0487905,-0.0531999, -0.465805,-0.0531999,-0.0825938,-0.0487905,-0.0531999,-0.0487905]
	PARPACK diagonalization completed after 30 matrix-vector product operations.
	iteration results: : total energy is -33.060717 | electron energy -33.420606 + phonon energy 0.359889 | electron momentum kIdx = 0
The 1-th iteration is completed.	|| time cost : 0h 0m 27.803s
********************************************************************************************************************
Start the 2 rounds of NGS-ED iteration
	effective electronic model is modified as: kinetic energy t = 0.97452
	                                           effective interaction Vq = [ -0.499862,-0.0825937,-0.0487905,-0.0825937,-0.0825937,-0.0487905,-0.0531998,-0.0487905,-0.0487905,-0.0531998, -0.465805,-0.0531998,-0.0825937,-0.0487905,-0.0531998,-0.0487905]
	PARPACK diagonalization completed after 30 matrix-vector product operations.
	iteration results: : total energy is -33.060750 | electron energy -33.420639 + phonon energy 0.359889 | electron momentum kIdx = 0
The 2-th iteration is completed.	|| time cost : 0h 0m 26.545s
********************************************************************************************************************
Start the 3 rounds of NGS-ED iteration
	effective electronic model is modified as: kinetic energy t = 0.97452
	                                           effective interaction Vq = [ -0.499864,-0.0825937,-0.0487905,-0.0825937,-0.0825937,-0.0487905,-0.0531998,-0.0487905,-0.0487905,-0.0531998, -0.465805,-0.0531998,-0.0825937,-0.0487905,-0.0531998,-0.0487905]
	PARPACK diagonalization completed after 30 matrix-vector product operations.
	iteration results: : total energy is -33.060782 | electron energy -33.420670 + phonon energy 0.359889 | electron momentum kIdx = 0
The 3-th iteration is completed.	|| time cost : 0h 0m 24.962s
********************************************************************************************************************
Start the 4 rounds of NGS-ED iteration
	effective electronic model is modified as: kinetic energy t = 0.97452
	                                           effective interaction Vq = [ -0.499866,-0.0825936,-0.0487905,-0.0825936,-0.0825936,-0.0487905,-0.0531997,-0.0487905,-0.0487905,-0.0531997, -0.465805,-0.0531997,-0.0825936,-0.0487905,-0.0531997,-0.0487905]
	PARPACK diagonalization completed after 30 matrix-vector product operations.
	iteration results: : total energy is -33.060812 | electron energy -33.420701 + phonon energy 0.359889 | electron momentum kIdx = 0
The 4-th iteration is completed.	|| time cost : 0h 0m 24.952s
********************************************************************************************************************
Start the 5 rounds of NGS-ED iteration
	effective electronic model is modified as: kinetic energy t = 0.97452
	                                           effective interaction Vq = [ -0.499867,-0.0825935,-0.0487905,-0.0825935,-0.0825935,-0.0487905,-0.0531997,-0.0487905,-0.0487905,-0.0531997, -0.465805,-0.0531997,-0.0825935,-0.0487905,-0.0531997,-0.0487905]
	PARPACK diagonalization completed after 30 matrix-vector product operations.
	iteration results: : total energy is -33.060841 | electron energy -33.420730 + phonon energy 0.359888 | electron momentum kIdx = 0
The 5-th iteration is completed.	|| time cost : 0h 0m 24.993s
********************************************************************************************************************
Start the 6 rounds of NGS-ED iteration
	effective electronic model is modified as: kinetic energy t = 0.97452
	                                           effective interaction Vq = [ -0.499869,-0.0825934,-0.0487905,-0.0825934,-0.0825934,-0.0487905,-0.0531997,-0.0487905,-0.0487905,-0.0531997, -0.465805,-0.0531997,-0.0825934,-0.0487905,-0.0531997,-0.0487905]
	PARPACK diagonalization completed after 30 matrix-vector product operations.
	iteration results: : total energy is -33.060869 | electron energy -33.420758 + phonon energy 0.359888 | electron momentum kIdx = 0
The 6-th iteration is completed.	|| time cost : 0h 0m 24.978s
********************************************************************************************************************
Start the 7 rounds of NGS-ED iteration
	effective electronic model is modified as: kinetic energy t = 0.97452
	                                           effective interaction Vq = [ -0.499871,-0.0825933,-0.0487905,-0.0825933,-0.0825933,-0.0487905,-0.0531996,-0.0487905,-0.0487905,-0.0531996, -0.465805,-0.0531996,-0.0825933,-0.0487905,-0.0531996,-0.0487905]
	PARPACK diagonalization completed after 30 matrix-vector product operations.
	iteration results: : total energy is -33.060897 | electron energy -33.420785 + phonon energy 0.359888 | electron momentum kIdx = 0
The 7-th iteration is completed.	|| time cost : 0h 0m 24.966s
********************************************************************************************************************
Start the 8 rounds of NGS-ED iteration
	effective electronic model is modified as: kinetic energy t = 0.97452
	                                           effective interaction Vq = [ -0.499872,-0.0825933,-0.0487905,-0.0825933,-0.0825933,-0.0487905,-0.0531996,-0.0487905,-0.0487905,-0.0531996, -0.465805,-0.0531996,-0.0825933,-0.0487905,-0.0531996,-0.0487905]
	PARPACK diagonalization completed after 30 matrix-vector product operations.
	iteration results: : total energy is -33.060923 | electron energy -33.420811 + phonon energy 0.359888 | electron momentum kIdx = 0
The 8-th iteration is completed.	|| time cost : 0h 0m 24.977s
********************************************************************************************************************
Start the 9 rounds of NGS-ED iteration
	effective electronic model is modified as: kinetic energy t = 0.97452
	                                           effective interaction Vq = [ -0.499874,-0.0825932,-0.0487905,-0.0825932,-0.0825932,-0.0487905,-0.0531996,-0.0487905,-0.0487905,-0.0531996, -0.465805,-0.0531996,-0.0825932,-0.0487905,-0.0531996,-0.0487905]
	PARPACK diagonalization completed after 30 matrix-vector product operations.
	iteration results: : total energy is -33.060947 | electron energy -33.420836 + phonon energy 0.359888 | electron momentum kIdx = 0
The 9-th iteration is completed.	|| time cost : 0h 0m 24.955s
********************************************************************************************************************
Start the 10 rounds of NGS-ED iteration
	effective electronic model is modified as: kinetic energy t = 0.97452
	                                           effective interaction Vq = [ -0.499875,-0.0825931,-0.0487905,-0.0825931,-0.0825931,-0.0487905,-0.0531995,-0.0487905,-0.0487905,-0.0531995, -0.465805,-0.0531995,-0.0825931,-0.0487905,-0.0531995,-0.0487905]
	PARPACK diagonalization completed after 30 matrix-vector product operations.
	iteration results: : total energy is -33.060971 | electron energy -33.420860 + phonon energy 0.359888 | electron momentum kIdx = 0
	Nq(0) = 16,	Nq(1) = 0.301372,	Nq(2) = 0.348365,	Nq(3) = 0.301372,	Nq(4) = 0.301372,	Nq(5) = 0.348365,	Nq(6) = 0.542141,	Nq(7) = 0.348365,	Nq(8) = 0.348365,	Nq(9) = 0.542141,	Nq(10) = 4.55979,	Nq(11) = 0.542141,	Nq(12) = 0.301372,	Nq(13) = 0.348365,	Nq(14) = 0.542141,	Nq(15) = 0.348365,	Sq(0) = 1.23868e-18,	Sq(1) = 0.294963,	Sq(2) = 0.345475,	Sq(3) = 0.294963,	Sq(4) = 0.294963,	Sq(5) = 0.345475,	Sq(6) = 0.533331,	Sq(7) = 0.345475,	Sq(8) = 0.345475,	Sq(9) = 0.533331,	Sq(10) = 0.589949,	Sq(11) = 0.533331,	Sq(12) = 0.294963,	Sq(13) = 0.345475,	Sq(14) = 0.533331,	Sq(15) = 0.345475,	N(0) = 1.99359,	N(1) = 1.97713,	N(2) = 1,	N(3) = 1.97713,	N(4) = 1.97713,	N(5) = 1,	N(6) = 0.0228692,	N(7) = 1,	N(8) = 1,	N(9) = 0.0228692,	N(10) = 0.00640527,	N(11) = 0.0228692,	N(12) = 1.97713,	N(13) = 1,	N(14) = 0.0228692,	N(15) = 1
The 10-th iteration is completed.	|| time cost : 0h 0m 58.292s
********************************************************************************************************************
Start the 11 rounds of NGS-ED iteration
	effective electronic model is modified as: kinetic energy t = 0.97452
	                                           effective interaction Vq = [ -0.499877,-0.0825931,-0.0487905,-0.0825931,-0.0825931,-0.0487905,-0.0531995,-0.0487905,-0.0487905,-0.0531995, -0.465805,-0.0531995,-0.0825931,-0.0487905,-0.0531995,-0.0487905]
	PARPACK diagonalization completed after 30 matrix-vector product operations.
	iteration results: : total energy is -33.060995 | electron energy -33.420882 + phonon energy 0.359888 | electron momentum kIdx = 0
The 11-th iteration is completed.	|| time cost : 0h 0m 24.93s
********************************************************************************************************************
Start the 12 rounds of NGS-ED iteration
	effective electronic model is modified as: kinetic energy t = 0.97452
	                                           effective interaction Vq = [ -0.499878, -0.082593,-0.0487905, -0.082593, -0.082593,-0.0487905,-0.0531995,-0.0487905,-0.0487905,-0.0531995, -0.465805,-0.0531995, -0.082593,-0.0487905,-0.0531995,-0.0487905]
	PARPACK diagonalization completed after 30 matrix-vector product operations.
	iteration results: : total energy is -33.061017 | electron energy -33.420905 + phonon energy 0.359888 | electron momentum kIdx = 0
The 12-th iteration is completed.	|| time cost : 0h 0m 28.402s
********************************************************************************************************************
Start the 13 rounds of NGS-ED iteration
	effective electronic model is modified as: kinetic energy t = 0.97452
	                                           effective interaction Vq = [  -0.49988,-0.0825929,-0.0487905,-0.0825929,-0.0825929,-0.0487905,-0.0531994,-0.0487905,-0.0487905,-0.0531994, -0.465805,-0.0531994,-0.0825929,-0.0487905,-0.0531994,-0.0487905]
	PARPACK diagonalization completed after 30 matrix-vector product operations.
	iteration results: : total energy is -33.061038 | electron energy -33.420926 + phonon energy 0.359888 | electron momentum kIdx = 0
The 13-th iteration is completed.	|| time cost : 0h 0m 24.93s
********************************************************************************************************************
Start the 14 rounds of NGS-ED iteration
	effective electronic model is modified as: kinetic energy t = 0.97452
	                                           effective interaction Vq = [ -0.499881,-0.0825929,-0.0487905,-0.0825929,-0.0825929,-0.0487905,-0.0531994,-0.0487905,-0.0487905,-0.0531994, -0.465805,-0.0531994,-0.0825929,-0.0487905,-0.0531994,-0.0487905]
	PARPACK diagonalization completed after 30 matrix-vector product operations.
	iteration results: : total energy is -33.061058 | electron energy -33.420946 + phonon energy 0.359888 | electron momentum kIdx = 0
The 14-th iteration is completed.	|| time cost : 0h 0m 24.93s
********************************************************************************************************************
Start the 15 rounds of NGS-ED iteration
	effective electronic model is modified as: kinetic energy t = 0.97452
	                                           effective interaction Vq = [ -0.499882,-0.0825928,-0.0487904,-0.0825928,-0.0825928,-0.0487904,-0.0531994,-0.0487904,-0.0487904,-0.0531994, -0.465805,-0.0531994,-0.0825928,-0.0487904,-0.0531994,-0.0487904]
	PARPACK diagonalization completed after 30 matrix-vector product operations.
	iteration results: : total energy is -33.061078 | electron energy -33.420966 + phonon energy 0.359888 | electron momentum kIdx = 0
The 15-th iteration is completed.	|| time cost : 0h 0m 24.932s
********************************************************************************************************************
Start the 16 rounds of NGS-ED iteration
	effective electronic model is modified as: kinetic energy t = 0.97452
	                                           effective interaction Vq = [ -0.499883,-0.0825928,-0.0487904,-0.0825928,-0.0825928,-0.0487904,-0.0531993,-0.0487904,-0.0487904,-0.0531993, -0.465805,-0.0531993,-0.0825928,-0.0487904,-0.0531993,-0.0487904]
	PARPACK diagonalization completed after 30 matrix-vector product operations.
	iteration results: : total energy is -33.061097 | electron energy -33.420985 + phonon energy 0.359888 | electron momentum kIdx = 0
The 16-th iteration is completed.	|| time cost : 0h 0m 24.929s
********************************************************************************************************************
Start the 17 rounds of NGS-ED iteration
	effective electronic model is modified as: kinetic energy t = 0.97452
	                                           effective interaction Vq = [ -0.499884,-0.0825927,-0.0487904,-0.0825927,-0.0825927,-0.0487904,-0.0531993,-0.0487904,-0.0487904,-0.0531993, -0.465805,-0.0531993,-0.0825927,-0.0487904,-0.0531993,-0.0487904]
	PARPACK diagonalization completed after 30 matrix-vector product operations.
	iteration results: : total energy is -33.061115 | electron energy -33.421003 + phonon energy 0.359888 | electron momentum kIdx = 0
The 17-th iteration is completed.	|| time cost : 0h 0m 24.988s
********************************************************************************************************************
Start the 18 rounds of NGS-ED iteration
	effective electronic model is modified as: kinetic energy t = 0.97452
	                                           effective interaction Vq = [ -0.499886,-0.0825927,-0.0487904,-0.0825927,-0.0825927,-0.0487904,-0.0531993,-0.0487904,-0.0487904,-0.0531993, -0.465805,-0.0531993,-0.0825927,-0.0487904,-0.0531993,-0.0487904]
	PARPACK diagonalization completed after 30 matrix-vector product operations.
	iteration results: : total energy is -33.061132 | electron energy -33.421020 + phonon energy 0.359888 | electron momentum kIdx = 0
The 18-th iteration is completed.	|| time cost : 0h 0m 24.927s
********************************************************************************************************************
Start the 19 rounds of NGS-ED iteration
	effective electronic model is modified as: kinetic energy t = 0.97452
	                                           effective interaction Vq = [ -0.499887,-0.0825926,-0.0487904,-0.0825926,-0.0825926,-0.0487904,-0.0531993,-0.0487904,-0.0487904,-0.0531993, -0.465805,-0.0531993,-0.0825926,-0.0487904,-0.0531993,-0.0487904]
	PARPACK diagonalization completed after 30 matrix-vector product operations.
	iteration results: : total energy is -33.061149 | electron energy -33.421037 + phonon energy 0.359887 | electron momentum kIdx = 0
The 19-th iteration is completed.	|| time cost : 0h 0m 24.924s
********************************************************************************************************************
Start the 20 rounds of NGS-ED iteration
	effective electronic model is modified as: kinetic energy t = 0.97452
	                                           effective interaction Vq = [ -0.499888,-0.0825926,-0.0487904,-0.0825926,-0.0825926,-0.0487904,-0.0531992,-0.0487904,-0.0487904,-0.0531992, -0.465805,-0.0531992,-0.0825926,-0.0487904,-0.0531992,-0.0487904]
	PARPACK diagonalization completed after 30 matrix-vector product operations.
	iteration results: : total energy is -33.061165 | electron energy -33.421053 + phonon energy 0.359887 | electron momentum kIdx = 0
	Nq(0) = 16,	Nq(1) = 0.301372,	Nq(2) = 0.348365,	Nq(3) = 0.301372,	Nq(4) = 0.301372,	Nq(5) = 0.348365,	Nq(6) = 0.542141,	Nq(7) = 0.348365,	Nq(8) = 0.348365,	Nq(9) = 0.542141,	Nq(10) = 4.55979,	Nq(11) = 0.542141,	Nq(12) = 0.301372,	Nq(13) = 0.348365,	Nq(14) = 0.542141,	Nq(15) = 0.348365,	Sq(0) = 5.91561e-18,	Sq(1) = 0.294963,	Sq(2) = 0.345475,	Sq(3) = 0.294963,	Sq(4) = 0.294963,	Sq(5) = 0.345475,	Sq(6) = 0.533331,	Sq(7) = 0.345475,	Sq(8) = 0.345475,	Sq(9) = 0.533331,	Sq(10) = 0.589949,	Sq(11) = 0.533331,	Sq(12) = 0.294963,	Sq(13) = 0.345475,	Sq(14) = 0.533331,	Sq(15) = 0.345475,	N(0) = 1.99359,	N(1) = 1.97713,	N(2) = 1,	N(3) = 1.97713,	N(4) = 1.97713,	N(5) = 1,	N(6) = 0.0228692,	N(7) = 1,	N(8) = 1,	N(9) = 0.0228692,	N(10) = 0.00640527,	N(11) = 0.0228692,	N(12) = 1.97713,	N(13) = 1,	N(14) = 0.0228692,	N(15) = 1
The 20-th iteration is completed.	|| time cost : 0h 0m 58.271s
********************************************************************************************************************
Start the 21 rounds of NGS-ED iteration
	effective electronic model is modified as: kinetic energy t = 0.97452
	                                           effective interaction Vq = [ -0.499889,-0.0825925,-0.0487904,-0.0825925,-0.0825925,-0.0487904,-0.0531992,-0.0487904,-0.0487904,-0.0531992, -0.465805,-0.0531992,-0.0825925,-0.0487904,-0.0531992,-0.0487904]
	PARPACK diagonalization completed after 30 matrix-vector product operations.
	iteration results: : total energy is -33.061181 | electron energy -33.421068 + phonon energy 0.359887 | electron momentum kIdx = 0
The 21-th iteration is completed.	|| time cost : 0h 0m 24.969s
********************************************************************************************************************
Start the 22 rounds of NGS-ED iteration
	effective electronic model is modified as: kinetic energy t = 0.97452
	                                           effective interaction Vq = [ -0.499889,-0.0825925,-0.0487904,-0.0825925,-0.0825925,-0.0487904,-0.0531992,-0.0487904,-0.0487904,-0.0531992, -0.465805,-0.0531992,-0.0825925,-0.0487904,-0.0531992,-0.0487904]
	PARPACK diagonalization completed after 30 matrix-vector product operations.
	iteration results: : total energy is -33.061196 | electron energy -33.421083 + phonon energy 0.359887 | electron momentum kIdx = 0
The 22-th iteration is completed.	|| time cost : 0h 0m 25.05s
********************************************************************************************************************
Start the 23 rounds of NGS-ED iteration
	effective electronic model is modified as: kinetic energy t = 0.97452
	                                           effective interaction Vq = [  -0.49989,-0.0825924,-0.0487904,-0.0825924,-0.0825924,-0.0487904,-0.0531992,-0.0487904,-0.0487904,-0.0531992, -0.465805,-0.0531992,-0.0825924,-0.0487904,-0.0531992,-0.0487904]
	PARPACK diagonalization completed after 30 matrix-vector product operations.
	iteration results: : total energy is -33.061210 | electron energy -33.421097 + phonon energy 0.359887 | electron momentum kIdx = 0
The 23-th iteration is completed.	|| time cost : 0h 0m 24.94s
********************************************************************************************************************
Start the 24 rounds of NGS-ED iteration
	effective electronic model is modified as: kinetic energy t = 0.97452
	                                           effective interaction Vq = [ -0.499891,-0.0825924,-0.0487904,-0.0825924,-0.0825924,-0.0487904,-0.0531992,-0.0487904,-0.0487904,-0.0531992, -0.465805,-0.0531992,-0.0825924,-0.0487904,-0.0531992,-0.0487904]
	PARPACK diagonalization completed after 30 matrix-vector product operations.
	iteration results: : total energy is -33.061223 | electron energy -33.421111 + phonon energy 0.359887 | electron momentum kIdx = 0
The 24-th iteration is completed.	|| time cost : 0h 0m 24.96s
********************************************************************************************************************
Start the 25 rounds of NGS-ED iteration
	effective electronic model is modified as: kinetic energy t = 0.97452
	                                           effective interaction Vq = [ -0.499892,-0.0825924,-0.0487904,-0.0825924,-0.0825924,-0.0487904,-0.0531991,-0.0487904,-0.0487904,-0.0531991, -0.465805,-0.0531991,-0.0825924,-0.0487904,-0.0531991,-0.0487904]
	PARPACK diagonalization completed after 30 matrix-vector product operations.
	iteration results: : total energy is -33.061237 | electron energy -33.421124 + phonon energy 0.359887 | electron momentum kIdx = 0
The 25-th iteration is completed.	|| time cost : 0h 0m 24.956s
********************************************************************************************************************
Start the 26 rounds of NGS-ED iteration
	effective electronic model is modified as: kinetic energy t = 0.97452
	                                           effective interaction Vq = [ -0.499893,-0.0825923,-0.0487904,-0.0825923,-0.0825923,-0.0487904,-0.0531991,-0.0487904,-0.0487904,-0.0531991, -0.465805,-0.0531991,-0.0825923,-0.0487904,-0.0531991,-0.0487904]
	PARPACK diagonalization completed after 30 matrix-vector product operations.
	iteration results: : total energy is -33.061249 | electron energy -33.421136 + phonon energy 0.359887 | electron momentum kIdx = 0
The 26-th iteration is completed.	|| time cost : 0h 0m 24.921s
********************************************************************************************************************
Start the 27 rounds of NGS-ED iteration
	effective electronic model is modified as: kinetic energy t = 0.97452
	                                           effective interaction Vq = [ -0.499894,-0.0825923,-0.0487904,-0.0825923,-0.0825923,-0.0487904,-0.0531991,-0.0487904,-0.0487904,-0.0531991, -0.465805,-0.0531991,-0.0825923,-0.0487904,-0.0531991,-0.0487904]
	PARPACK diagonalization completed after 30 matrix-vector product operations.
	iteration results: : total energy is -33.061261 | electron energy -33.421149 + phonon energy 0.359887 | electron momentum kIdx = 0
The 27-th iteration is completed.	|| time cost : 0h 0m 24.936s
********************************************************************************************************************
Start the 28 rounds of NGS-ED iteration
	effective electronic model is modified as: kinetic energy t = 0.97452
	                                           effective interaction Vq = [ -0.499894,-0.0825923,-0.0487904,-0.0825923,-0.0825923,-0.0487904,-0.0531991,-0.0487904,-0.0487904,-0.0531991, -0.465805,-0.0531991,-0.0825923,-0.0487904,-0.0531991,-0.0487904]
	PARPACK diagonalization completed after 30 matrix-vector product operations.
	iteration results: : total energy is -33.061273 | electron energy -33.421160 + phonon energy 0.359887 | electron momentum kIdx = 0
The 28-th iteration is completed.	|| time cost : 0h 0m 24.917s
********************************************************************************************************************
Start the 29 rounds of NGS-ED iteration
	effective electronic model is modified as: kinetic energy t = 0.97452
	                                           effective interaction Vq = [ -0.499895,-0.0825922,-0.0487904,-0.0825922,-0.0825922,-0.0487904,-0.0531991,-0.0487904,-0.0487904,-0.0531991, -0.465805,-0.0531991,-0.0825922,-0.0487904,-0.0531991,-0.0487904]
	PARPACK diagonalization completed after 30 matrix-vector product operations.
	iteration results: : total energy is -33.061284 | electron energy -33.421171 + phonon energy 0.359887 | electron momentum kIdx = 0
The 29-th iteration is completed.	|| time cost : 0h 0m 24.958s
********************************************************************************************************************
Start the 30 rounds of NGS-ED iteration
	effective electronic model is modified as: kinetic energy t = 0.97452
	                                           effective interaction Vq = [ -0.499896,-0.0825922,-0.0487904,-0.0825922,-0.0825922,-0.0487904,-0.0531991,-0.0487904,-0.0487904,-0.0531991, -0.465805,-0.0531991,-0.0825922,-0.0487904,-0.0531991,-0.0487904]
	PARPACK diagonalization completed after 30 matrix-vector product operations.
	iteration results: : total energy is -33.061295 | electron energy -33.421182 + phonon energy 0.359887 | electron momentum kIdx = 0
	Nq(0) = 16,	Nq(1) = 0.301372,	Nq(2) = 0.348365,	Nq(3) = 0.301372,	Nq(4) = 0.301372,	Nq(5) = 0.348365,	Nq(6) = 0.542141,	Nq(7) = 0.348365,	Nq(8) = 0.348365,	Nq(9) = 0.542141,	Nq(10) = 4.55979,	Nq(11) = 0.542141,	Nq(12) = 0.301372,	Nq(13) = 0.348365,	Nq(14) = 0.542141,	Nq(15) = 0.348365,	Sq(0) = 4.74674e-18,	Sq(1) = 0.294963,	Sq(2) = 0.345475,	Sq(3) = 0.294963,	Sq(4) = 0.294963,	Sq(5) = 0.345475,	Sq(6) = 0.533331,	Sq(7) = 0.345475,	Sq(8) = 0.345475,	Sq(9) = 0.533331,	Sq(10) = 0.589949,	Sq(11) = 0.533331,	Sq(12) = 0.294963,	Sq(13) = 0.345475,	Sq(14) = 0.533331,	Sq(15) = 0.345475,	N(0) = 1.99359,	N(1) = 1.97713,	N(2) = 1,	N(3) = 1.97713,	N(4) = 1.97713,	N(5) = 1,	N(6) = 0.0228692,	N(7) = 1,	N(8) = 1,	N(9) = 0.0228692,	N(10) = 0.00640527,	N(11) = 0.0228692,	N(12) = 1.97713,	N(13) = 1,	N(14) = 0.0228692,	N(15) = 1
The 30-th iteration is completed.	|| time cost : 0h 0m 58.28s
********************************************************************************************************************
Start the 31 rounds of NGS-ED iteration
	effective electronic model is modified as: kinetic energy t = 0.97452
	                                           effective interaction Vq = [ -0.499896,-0.0825922,-0.0487904,-0.0825922,-0.0825922,-0.0487904, -0.053199,-0.0487904,-0.0487904, -0.053199, -0.465805, -0.053199,-0.0825922,-0.0487904, -0.053199,-0.0487904]
	PARPACK diagonalization completed after 30 matrix-vector product operations.
	iteration results: : total energy is -33.061305 | electron energy -33.421192 + phonon energy 0.359887 | electron momentum kIdx = 0
The 31-th iteration is completed.	|| time cost : 0h 0m 24.959s
********************************************************************************************************************
Start the 32 rounds of NGS-ED iteration
	effective electronic model is modified as: kinetic energy t = 0.97452
	                                           effective interaction Vq = [ -0.499897,-0.0825921,-0.0487904,-0.0825921,-0.0825921,-0.0487904, -0.053199,-0.0487904,-0.0487904, -0.053199, -0.465805, -0.053199,-0.0825921,-0.0487904, -0.053199,-0.0487904]
	PARPACK diagonalization completed after 30 matrix-vector product operations.
	iteration results: : total energy is -33.061315 | electron energy -33.421202 + phonon energy 0.359887 | electron momentum kIdx = 0
The 32-th iteration is completed.	|| time cost : 0h 0m 24.913s
********************************************************************************************************************
Start the 33 rounds of NGS-ED iteration
	effective electronic model is modified as: kinetic energy t = 0.97452
	                                           effective interaction Vq = [ -0.499898,-0.0825921,-0.0487904,-0.0825921,-0.0825921,-0.0487904, -0.053199,-0.0487904,-0.0487904, -0.053199, -0.465805, -0.053199,-0.0825921,-0.0487904, -0.053199,-0.0487904]
	PARPACK diagonalization completed after 30 matrix-vector product operations.
	iteration results: : total energy is -33.061325 | electron energy -33.421212 + phonon energy 0.359887 | electron momentum kIdx = 0
The 33-th iteration is completed.	|| time cost : 0h 0m 24.979s
********************************************************************************************************************
Start the 34 rounds of NGS-ED iteration
	effective electronic model is modified as: kinetic energy t = 0.97452
	                                           effective interaction Vq = [ -0.499898,-0.0825921,-0.0487904,-0.0825921,-0.0825921,-0.0487904, -0.053199,-0.0487904,-0.0487904, -0.053199, -0.465805, -0.053199,-0.0825921,-0.0487904, -0.053199,-0.0487904]
	PARPACK diagonalization completed after 30 matrix-vector product operations.
	iteration results: : total energy is -33.061334 | electron energy -33.421221 + phonon energy 0.359887 | electron momentum kIdx = 0
The 34-th iteration is completed.	|| time cost : 0h 0m 24.972s
********************************************************************************************************************
Start the 35 rounds of NGS-ED iteration
	effective electronic model is modified as: kinetic energy t = 0.97452
	                                           effective interaction Vq = [ -0.499899, -0.082592,-0.0487904, -0.082592, -0.082592,-0.0487904, -0.053199,-0.0487904,-0.0487904, -0.053199, -0.465805, -0.053199, -0.082592,-0.0487904, -0.053199,-0.0487904]
	PARPACK diagonalization completed after 30 matrix-vector product operations.
	iteration results: : total energy is -33.061343 | electron energy -33.421230 + phonon energy 0.359887 | electron momentum kIdx = 0
The 35-th iteration is completed.	|| time cost : 0h 0m 24.902s
********************************************************************************************************************
Start the 36 rounds of NGS-ED iteration
	effective electronic model is modified as: kinetic energy t = 0.97452
	                                           effective interaction Vq = [ -0.499899, -0.082592,-0.0487904, -0.082592, -0.082592,-0.0487904, -0.053199,-0.0487904,-0.0487904, -0.053199, -0.465805, -0.053199, -0.082592,-0.0487904, -0.053199,-0.0487904]
	PARPACK diagonalization completed after 30 matrix-vector product operations.
	iteration results: : total energy is -33.061351 | electron energy -33.421238 + phonon energy 0.359887 | electron momentum kIdx = 0
The 36-th iteration is completed.	|| time cost : 0h 0m 24.911s
********************************************************************************************************************
Start the 37 rounds of NGS-ED iteration
	effective electronic model is modified as: kinetic energy t = 0.97452
	                                           effective interaction Vq = [   -0.4999, -0.082592,-0.0487904, -0.082592, -0.082592,-0.0487904,-0.0531989,-0.0487904,-0.0487904,-0.0531989, -0.465805,-0.0531989, -0.082592,-0.0487904,-0.0531989,-0.0487904]
	PARPACK diagonalization completed after 30 matrix-vector product operations.
	iteration results: : total energy is -33.061360 | electron energy -33.421246 + phonon energy 0.359887 | electron momentum kIdx = 0
The 37-th iteration is completed.	|| time cost : 0h 0m 24.924s
********************************************************************************************************************
Start the 38 rounds of NGS-ED iteration
	effective electronic model is modified as: kinetic energy t = 0.97452
	                                           effective interaction Vq = [   -0.4999, -0.082592,-0.0487904, -0.082592, -0.082592,-0.0487904,-0.0531989,-0.0487904,-0.0487904,-0.0531989, -0.465805,-0.0531989, -0.082592,-0.0487904,-0.0531989,-0.0487904]
	PARPACK diagonalization completed after 30 matrix-vector product operations.
	iteration results: : total energy is -33.061367 | electron energy -33.421254 + phonon energy 0.359887 | electron momentum kIdx = 0
The 38-th iteration is completed.	|| time cost : 0h 0m 24.922s
********************************************************************************************************************
Start the 39 rounds of NGS-ED iteration
	effective electronic model is modified as: kinetic energy t = 0.97452
	                                           effective interaction Vq = [ -0.499901,-0.0825919,-0.0487904,-0.0825919,-0.0825919,-0.0487904,-0.0531989,-0.0487904,-0.0487904,-0.0531989, -0.465805,-0.0531989,-0.0825919,-0.0487904,-0.0531989,-0.0487904]
	PARPACK diagonalization completed after 30 matrix-vector product operations.
	iteration results: : total energy is -33.061375 | electron energy -33.421262 + phonon energy 0.359887 | electron momentum kIdx = 0
The 39-th iteration is completed.	|| time cost : 0h 0m 24.96s
********************************************************************************************************************
Start the 40 rounds of NGS-ED iteration
	effective electronic model is modified as: kinetic energy t = 0.97452
	                                           effective interaction Vq = [ -0.499901,-0.0825919,-0.0487904,-0.0825919,-0.0825919,-0.0487904,-0.0531989,-0.0487904,-0.0487904,-0.0531989, -0.465805,-0.0531989,-0.0825919,-0.0487904,-0.0531989,-0.0487904]
	PARPACK diagonalization completed after 30 matrix-vector product operations.
	iteration results: : total energy is -33.061382 | electron energy -33.421269 + phonon energy 0.359887 | electron momentum kIdx = 0
	Nq(0) = 16,	Nq(1) = 0.301372,	Nq(2) = 0.348364,	Nq(3) = 0.301372,	Nq(4) = 0.301372,	Nq(5) = 0.348364,	Nq(6) = 0.542141,	Nq(7) = 0.348364,	Nq(8) = 0.348364,	Nq(9) = 0.542141,	Nq(10) = 4.55979,	Nq(11) = 0.542141,	Nq(12) = 0.301372,	Nq(13) = 0.348364,	Nq(14) = 0.542141,	Nq(15) = 0.348364,	Sq(0) = 4.58207e-18,	Sq(1) = 0.294963,	Sq(2) = 0.345475,	Sq(3) = 0.294963,	Sq(4) = 0.294963,	Sq(5) = 0.345475,	Sq(6) = 0.533331,	Sq(7) = 0.345475,	Sq(8) = 0.345475,	Sq(9) = 0.533331,	Sq(10) = 0.589949,	Sq(11) = 0.533331,	Sq(12) = 0.294963,	Sq(13) = 0.345475,	Sq(14) = 0.533331,	Sq(15) = 0.345475,	N(0) = 1.99359,	N(1) = 1.97713,	N(2) = 1,	N(3) = 1.97713,	N(4) = 1.97713,	N(5) = 1,	N(6) = 0.0228692,	N(7) = 1,	N(8) = 1,	N(9) = 0.0228692,	N(10) = 0.00640527,	N(11) = 0.0228692,	N(12) = 1.97713,	N(13) = 1,	N(14) = 0.0228692,	N(15) = 1
The 40-th iteration is completed.	|| time cost : 0h 0m 58.23s
********************************************************************************************************************
Start the 41 rounds of NGS-ED iteration
	effective electronic model is modified as: kinetic energy t = 0.97452
	                                           effective interaction Vq = [ -0.499902,-0.0825919,-0.0487904,-0.0825919,-0.0825919,-0.0487904,-0.0531989,-0.0487904,-0.0487904,-0.0531989, -0.465805,-0.0531989,-0.0825919,-0.0487904,-0.0531989,-0.0487904]
	PARPACK diagonalization completed after 30 matrix-vector product operations.
	iteration results: : total energy is -33.061389 | electron energy -33.421276 + phonon energy 0.359887 | electron momentum kIdx = 0
The 41-th iteration is completed.	|| time cost : 0h 0m 24.958s
********************************************************************************************************************
Start the 42 rounds of NGS-ED iteration
	effective electronic model is modified as: kinetic energy t = 0.97452
	                                           effective interaction Vq = [ -0.499902,-0.0825919,-0.0487903,-0.0825919,-0.0825919,-0.0487903,-0.0531989,-0.0487903,-0.0487903,-0.0531989, -0.465805,-0.0531989,-0.0825919,-0.0487903,-0.0531989,-0.0487903]
	PARPACK diagonalization completed after 30 matrix-vector product operations.
	iteration results: : total energy is -33.061396 | electron energy -33.421282 + phonon energy 0.359887 | electron momentum kIdx = 0
The 42-th iteration is completed.	|| time cost : 0h 0m 24.943s
********************************************************************************************************************
Start the 43 rounds of NGS-ED iteration
	effective electronic model is modified as: kinetic energy t = 0.97452
