TACC:  Starting up job 1758988 
TACC:  Starting parallel tasks... 
SNEDics v3.4 Non-Gaussian ED ground state program		Start at Wed Oct 14 05:00:53 2020

parallized on 16 MPI threads  * 7 OpenMP threads = 112 total threads.
********************************************************************************************************************
********************************************************************************************************************

********************************************************************************************************************
System parameters and configurations
********************************************************************************************************************
Special program options are enabled: splitted diagonal Hamiltonian
********************************************************************************************************************
Read input file "model_params.in"
	Hubbard-Holstein model parameters : 	t = 1    U = 8    g = 0.02    W = 0.2    
********************************************************************************************************************
Read input file "hilbertspace_params.in"
	Requested 16-site 2D lattice, with 12 electrons (6, 6)
	Boundary : Periodic		Hilbert space representation : momentum-space (restricted to kIdx = 0)
	Conservation: particle number[U(1)]      spin[U(1)]     momentum
********************************************************************************************************************

Cluster Positions:				Cluster symmetry group : D4
 x ... x ... x ... x .....                       x ... x ... x ... x .....
 |           |           :                       |           |           :
 |           |           :                       |           |           :
12    13    14    15     x                       1     5     6     5     x
 |           |           :                       |           |           :
 |           |           :                       |           |           :
 8 --- 9 ---10 ---11 --- x                       2 --- 6 ---10 --- 6 --- x
 |           |           :                       |           |           :
 |           |           :                       |           |           :
 4     5     6     7     x                       1     5     6     5     x
 |           |           :                       |           |           :
 |           |           :                       |           |           :
 0 --- 1 --- 2 --- 3 --- x                       0 --- 1 --- 2 --- 1 --- x
orbital number : 1
********************************************************************************************************************
Read input file "obs_params.in"
	Observable Type : Nq(All),   Sq(All),   N(All),   Delta[s](All),   Delta[d](All),   Delta[s+](All)
********************************************************************************************************************
** WARNING ** the input observables have non-local factors which have been reinterpreted. The total observable number is 96
********************************************************************************************************************


********************************************************************************************************************
Start calculating the non-Gaussian ED ground state
** WARNING ** Detected low phonon energy W < 10. The initial state will be prepared through a warm-up process.
********************************************************************************************************************
Start warm-up calculation for scaling factor 64
open output files: NGSEDWarmUpW12.8Obs.txt
********************************************************************************************************************
Start the 0 rounds of NGS-ED iteration
	effective electronic model is modified as: kinetic energy t = 1
	                                           effective interaction Vq = [0,0,0,0,0,0,0,0,0,0,0,0,0,0,0,0]
	first Hamiltonian is constructed, non-zero numbers = 969134044
	PARPACK diagonalization completed after 165 matrix-vector product operations.
	iteration results: : total energy is -14.925310 | electron energy -14.925310 + phonon energy 0.000000 | electron momentum kIdx = 0
	Nq(0) = 9,	Nq(1) = 0.191675,	Nq(2) = 0.266183,	Nq(3) = 0.191675,	Nq(4) = 0.191675,	Nq(5) = 0.245517,	Nq(6) = 0.314107,	Nq(7) = 0.245517,	Nq(8) = 0.266183,	Nq(9) = 0.314107,	Nq(10) = 0.369338,	Nq(11) = 0.314107,	Nq(12) = 0.191675,	Nq(13) = 0.245517,	Nq(14) = 0.314107,	Nq(15) = 0.245517,	Sq(0) = 2.48391e-18,	Sq(1) = 0.554662,	Sq(2) = 0.424361,	Sq(3) = 0.554662,	Sq(4) = 0.554662,	Sq(5) = 0.79749,	Sq(6) = 1.01287,	Sq(7) = 0.79749,	Sq(8) = 0.424361,	Sq(9) = 1.01287,	Sq(10) = 0.784303,	Sq(11) = 1.01287,	Sq(12) = 0.554662,	Sq(13) = 0.79749,	Sq(14) = 1.01287,	Sq(15) = 0.79749,	N(0) = 1.76735,	N(1) = 1.6264,	N(2) = 0.74365,	N(3) = 1.6264,	N(4) = 1.6264,	N(5) = 0.392302,	N(6) = 0.144321,	N(7) = 0.392302,	N(8) = 0.74365,	N(9) = 0.144321,	N(10) = 0.0932732,	N(11) = 0.144321,	N(12) = 1.6264,	N(13) = 0.392302,	N(14) = 0.144321,	N(15) = 0.392302,	Delta[s](0) = 0.0658403,	Delta[s](1) = 0.0454348,	Delta[s](2) = 0.0304101,	Delta[s](3) = 0.0454348,	Delta[s](4) = 0.0454348,	Delta[s](5) = 0.0270922,	Delta[s](6) = 0.00916881,	Delta[s](7) = 0.0270922,	Delta[s](8) = 0.0304101,	Delta[s](9) = 0.00916881,	Delta[s](10) = 6.30537e-06,	Delta[s](11) = 0.00916881,	Delta[s](12) = 0.0454348,	Delta[s](13) = 0.0270922,	Delta[s](14) = 0.00916881,	Delta[s](15) = 0.0270922,	Delta[d](0) = 0.229598,	Delta[d](1) = 0.180096,	Delta[d](2) = 0.222343,	Delta[d](3) = 0.180096,	Delta[d](4) = 0.180096,	Delta[d](5) = 0.122927,	Delta[d](6) = 0.150492,	Delta[d](7) = 0.122927,	Delta[d](8) = 0.222343,	Delta[d](9) = 0.150492,	Delta[d](10) = 0.0764961,	Delta[d](11) = 0.150492,	Delta[d](12) = 0.180096,	Delta[d](13) = 0.122927,	Delta[d](14) = 0.150492,	Delta[d](15) = 0.122927,	Delta[s+](0) = 0.530067,	Delta[s+](1) = 0.361454,	Delta[s+](2) = 0.222343,	Delta[s+](3) = 0.361454,	Delta[s+](4) = 0.361454,	Delta[s+](5) = 0.177163,	Delta[s+](6) = 0.0625331,	Delta[s+](7) = 0.177163,	Delta[s+](8) = 0.222343,	Delta[s+](9) = 0.0625331,	Delta[s+](10) = 0.0155952,	Delta[s+](11) = 0.0625331,	Delta[s+](12) = 0.361454,	Delta[s+](13) = 0.177163,	Delta[s+](14) = 0.0625331,	Delta[s+](15) = 0.177163
The 0-th iteration is completed.	|| time cost : 0h 2m 53.685s
********************************************************************************************************************
Start the 1 rounds of NGS-ED iteration
	effective electronic model is modified as: kinetic energy t = 0.999944
	                                           effective interaction Vq = [-0.00184539,-0.00174463,-0.00169876,-0.00174463,-0.00174463, -0.0016861,  -0.001658, -0.0016861,-0.00169876,  -0.001658,-0.00163251,  -0.001658,-0.00174463, -0.0016861,  -0.001658, -0.0016861]
	PARPACK diagonalization completed after 30 matrix-vector product operations.
	iteration results: : total energy is -14.947461 | electron energy -14.947461 + phonon energy 0.000000 | electron momentum kIdx = 0
The 1-th iteration is completed.	|| time cost : 0h 2m 18.603s
********************************************************************************************************************
Start the 2 rounds of NGS-ED iteration
	effective electronic model is modified as: kinetic energy t = 0.999923
	                                           effective interaction Vq = [-0.00198805, -0.0018985,-0.00184539, -0.0018985, -0.0018985,-0.00183009,-0.00179548,-0.00183009,-0.00184539,-0.00179548,-0.00176353,-0.00179548, -0.0018985,-0.00183009,-0.00179548,-0.00183009]
	PARPACK diagonalization completed after 30 matrix-vector product operations.
	iteration results: : total energy is -14.948916 | electron energy -14.948916 + phonon energy 0.000000 | electron momentum kIdx = 0
The 2-th iteration is completed.	|| time cost : 0h 0m 9.242s
********************************************************************************************************************
Start the 3 rounds of NGS-ED iteration
	effective electronic model is modified as: kinetic energy t = 0.999919
	                                           effective interaction Vq = [-0.00199908,-0.00192148,-0.00186662,-0.00192148,-0.00192148, -0.0018506, -0.0018142, -0.0018506,-0.00186662, -0.0018142,-0.00178053, -0.0018142,-0.00192148, -0.0018506, -0.0018142, -0.0018506]
	PARPACK diagonalization completed after 30 matrix-vector product operations.
	iteration results: : total energy is -14.949021 | electron energy -14.949021 + phonon energy 0.000000 | electron momentum kIdx = 0
The 3-th iteration is completed.	|| time cost : 0h 0m 9.233s
********************************************************************************************************************
Start the 4 rounds of NGS-ED iteration
	effective electronic model is modified as: kinetic energy t = 0.999918
	                                           effective interaction Vq = [-0.00199993,-0.00192584,-0.00187028,-0.00192584,-0.00192584,-0.00185402,-0.00181711,-0.00185402,-0.00187028,-0.00181711,  -0.001783,-0.00181711,-0.00192584,-0.00185402,-0.00181711,-0.00185402]
	PARPACK diagonalization completed after 30 matrix-vector product operations.
	iteration results: : total energy is -14.949029 | electron energy -14.949029 + phonon energy 0.000000 | electron momentum kIdx = 0
	Nq(0) = 9,	Nq(1) = 0.191703,	Nq(2) = 0.266212,	Nq(3) = 0.191703,	Nq(4) = 0.191703,	Nq(5) = 0.245544,	Nq(6) = 0.314151,	Nq(7) = 0.245544,	Nq(8) = 0.266212,	Nq(9) = 0.314151,	Nq(10) = 0.369403,	Nq(11) = 0.314151,	Nq(12) = 0.191703,	Nq(13) = 0.245544,	Nq(14) = 0.314151,	Nq(15) = 0.245544,	Sq(0) = -3.3967e-19,	Sq(1) = 0.554633,	Sq(2) = 0.424357,	Sq(3) = 0.554633,	Sq(4) = 0.554633,	Sq(5) = 0.797454,	Sq(6) = 1.0128,	Sq(7) = 0.797454,	Sq(8) = 0.424357,	Sq(9) = 1.0128,	Sq(10) = 0.784305,	Sq(11) = 1.0128,	Sq(12) = 0.554633,	Sq(13) = 0.797454,	Sq(14) = 1.0128,	Sq(15) = 0.797454,	N(0) = 1.76746,	N(1) = 1.62653,	N(2) = 0.743614,	N(3) = 1.62653,	N(4) = 1.62653,	N(5) = 0.39222,	N(6) = 0.144269,	N(7) = 0.39222,	N(8) = 0.743614,	N(9) = 0.144269,	N(10) = 0.0932361,	N(11) = 0.144269,	N(12) = 1.62653,	N(13) = 0.39222,	N(14) = 0.144269,	N(15) = 0.39222,	Delta[s](0) = 0.0658715,	Delta[s](1) = 0.0454575,	Delta[s](2) = 0.0304286,	Delta[s](3) = 0.0454575,	Delta[s](4) = 0.0454575,	Delta[s](5) = 0.0271088,	Delta[s](6) = 0.00917673,	Delta[s](7) = 0.0271088,	Delta[s](8) = 0.0304286,	Delta[s](9) = 0.00917673,	Delta[s](10) = 9.13661e-06,	Delta[s](11) = 0.00917673,	Delta[s](12) = 0.0454575,	Delta[s](13) = 0.0271088,	Delta[s](14) = 0.00917673,	Delta[s](15) = 0.0271088,	Delta[d](0) = 0.229601,	Delta[d](1) = 0.180097,	Delta[d](2) = 0.222351,	Delta[d](3) = 0.180097,	Delta[d](4) = 0.180097,	Delta[d](5) = 0.122928,	Delta[d](6) = 0.150493,	Delta[d](7) = 0.122928,	Delta[d](8) = 0.222351,	Delta[d](9) = 0.150493,	Delta[d](10) = 0.0764773,	Delta[d](11) = 0.150493,	Delta[d](12) = 0.180097,	Delta[d](13) = 0.122928,	Delta[d](14) = 0.150493,	Delta[d](15) = 0.122928,	Delta[s+](0) = 0.530092,	Delta[s+](1) = 0.361471,	Delta[s+](2) = 0.222351,	Delta[s+](3) = 0.361471,	Delta[s+](4) = 0.361471,	Delta[s+](5) = 0.177166,	Delta[s+](6) = 0.0625293,	Delta[s+](7) = 0.177166,	Delta[s+](8) = 0.222351,	Delta[s+](9) = 0.0625293,	Delta[s+](10) = 0.0155931,	Delta[s+](11) = 0.0625293,	Delta[s+](12) = 0.361471,	Delta[s+](13) = 0.177166,	Delta[s+](14) = 0.0625293,	Delta[s+](15) = 0.177166
The 4-th iteration is completed.	|| time cost : 0h 1m 42.868s
********************************************************************************************************************
********************************************************************************************************************
Ground state is obtained after 5 iterations. The current ground-state energy is -14.949, in which electron energy is -14.949 and phonon energy is 1.30354e-08
final variational state is: 
	Gamma_x = [      1,1.00001,1.00002,1.00001,1.00001,1.00002,1.00002,1.00002,1.00002,1.00002,1.00003,1.00002,1.00001,1.00002,1.00002,1.00002]
	lambda_q = [ 0.0124792, 0.0101073,0.00932452, 0.0101073, 0.0101073, 0.0091297,0.00872477, 0.0091297,0.00932452,0.00872477,  0.008386,0.00872477, 0.0101073, 0.0091297,0.00872477, 0.0091297]
The effective e-e interactions mediated by phonons are: [0.00199999,0.00192672,0.00187093,0.00192672,0.00192672,0.00185461,0.00181757,0.00185461,0.00187093,0.00181757,0.00178336,0.00181757,0.00192672,0.00185461,0.00181757,0.00185461]
********************************************************************************************************************
o___o  ----------------------------------------
| L |	Time since last clock: 0h 0m 0s
A===A	Time since the beginning: 0h 7m 13.633s
***********************************************

********************************************************************************************************************
Start warm-up calculation for scaling factor 32
open output files: NGSEDWarmUpW6.4Obs.txt
********************************************************************************************************************
Start the 0 rounds of NGS-ED iteration
	effective electronic model is modified as: kinetic energy t = 0.999918
	                                           effective interaction Vq = [-0.00182705,-0.00163321,-0.00155344,-0.00163321,-0.00163321,-0.00153237,-0.00148701,-0.00153237,-0.00155344,-0.00148701,-0.00144746,-0.00148701,-0.00163321,-0.00153237,-0.00148701,-0.00153237]
	PARPACK diagonalization completed after 30 matrix-vector product operations.
	iteration results: : total energy is -14.946223 | electron energy -14.946223 + phonon energy 0.000000 | electron momentum kIdx = 0
	Nq(0) = 9,	Nq(1) = 0.191698,	Nq(2) = 0.266206,	Nq(3) = 0.191698,	Nq(4) = 0.191698,	Nq(5) = 0.245538,	Nq(6) = 0.314141,	Nq(7) = 0.245538,	Nq(8) = 0.266206,	Nq(9) = 0.314141,	Nq(10) = 0.369388,	Nq(11) = 0.314141,	Nq(12) = 0.191698,	Nq(13) = 0.245538,	Nq(14) = 0.314141,	Nq(15) = 0.245538,	Sq(0) = -5.85357e-19,	Sq(1) = 0.554638,	Sq(2) = 0.424358,	Sq(3) = 0.554638,	Sq(4) = 0.554638,	Sq(5) = 0.797461,	Sq(6) = 1.01282,	Sq(7) = 0.797461,	Sq(8) = 0.424358,	Sq(9) = 1.01282,	Sq(10) = 0.784306,	Sq(11) = 1.01282,	Sq(12) = 0.554638,	Sq(13) = 0.797461,	Sq(14) = 1.01282,	Sq(15) = 0.797461,	N(0) = 1.76744,	N(1) = 1.6265,	N(2) = 0.743621,	N(3) = 1.6265,	N(4) = 1.6265,	N(5) = 0.392236,	N(6) = 0.14428,	N(7) = 0.392236,	N(8) = 0.743621,	N(9) = 0.14428,	N(10) = 0.0932445,	N(11) = 0.14428,	N(12) = 1.6265,	N(13) = 0.392236,	N(14) = 0.14428,	N(15) = 0.392236,	Delta[s](0) = 0.0658622,	Delta[s](1) = 0.0454515,	Delta[s](2) = 0.0304245,	Delta[s](3) = 0.0454515,	Delta[s](4) = 0.0454515,	Delta[s](5) = 0.0271054,	Delta[s](6) = 0.00917646,	Delta[s](7) = 0.0271054,	Delta[s](8) = 0.0304245,	Delta[s](9) = 0.00917646,	Delta[s](10) = 1.04922e-05,	Delta[s](11) = 0.00917646,	Delta[s](12) = 0.0454515,	Delta[s](13) = 0.0271054,	Delta[s](14) = 0.00917646,	Delta[s](15) = 0.0271054,	Delta[d](0) = 0.229604,	Delta[d](1) = 0.180102,	Delta[d](2) = 0.222354,	Delta[d](3) = 0.180102,	Delta[d](4) = 0.180102,	Delta[d](5) = 0.122932,	Delta[d](6) = 0.150497,	Delta[d](7) = 0.122932,	Delta[d](8) = 0.222354,	Delta[d](9) = 0.150497,	Delta[d](10) = 0.0764863,	Delta[d](11) = 0.150497,	Delta[d](12) = 0.180102,	Delta[d](13) = 0.122932,	Delta[d](14) = 0.150497,	Delta[d](15) = 0.122932,	Delta[s+](0) = 0.530095,	Delta[s+](1) = 0.361473,	Delta[s+](2) = 0.222354,	Delta[s+](3) = 0.361473,	Delta[s+](4) = 0.361473,	Delta[s+](5) = 0.17717,	Delta[s+](6) = 0.0625337,	Delta[s+](7) = 0.17717,	Delta[s+](8) = 0.222354,	Delta[s+](9) = 0.0625337,	Delta[s+](10) = 0.0155956,	Delta[s+](11) = 0.0625337,	Delta[s+](12) = 0.361473,	Delta[s+](13) = 0.17717,	Delta[s+](14) = 0.0625337,	Delta[s+](15) = 0.17717
The 0-th iteration is completed.	|| time cost : 0h 1m 41.839s
********************************************************************************************************************
Start the 1 rounds of NGS-ED iteration
	effective electronic model is modified as: kinetic energy t = 0.999906
	                                           effective interaction Vq = [-0.00195191,-0.00173684,-0.00163361,-0.00173684,-0.00173684,-0.00160578,-0.00154542,-0.00160578,-0.00163361,-0.00154542,-0.00149247,-0.00154542,-0.00173684,-0.00160578,-0.00154542,-0.00160578]
	PARPACK diagonalization completed after 30 matrix-vector product operations.
	iteration results: : total energy is -14.947396 | electron energy -14.947396 + phonon energy 0.000000 | electron momentum kIdx = 0
The 1-th iteration is completed.	|| time cost : 0h 0m 9.211s
********************************************************************************************************************
Start the 2 rounds of NGS-ED iteration
	effective electronic model is modified as: kinetic energy t = 0.999901
	                                           effective interaction Vq = [-0.00198663,-0.00177258,-0.00165915,-0.00177258,-0.00177258,-0.00162855,-0.00156243,-0.00162855,-0.00165915,-0.00156243, -0.0015048,-0.00156243,-0.00177258,-0.00162855,-0.00156243,-0.00162855]
	PARPACK diagonalization completed after 30 matrix-vector product operations.
	iteration results: : total energy is -14.947714 | electron energy -14.947714 + phonon energy 0.000000 | electron momentum kIdx = 0
The 2-th iteration is completed.	|| time cost : 0h 0m 9.218s
********************************************************************************************************************
Start the 3 rounds of NGS-ED iteration
	effective electronic model is modified as: kinetic energy t = 0.999899
	                                           effective interaction Vq = [-0.00199628,-0.00178581,-0.00166765,-0.00178581,-0.00178581, -0.0016359,-0.00156752, -0.0016359,-0.00166765,-0.00156752,-0.00150824,-0.00156752,-0.00178581, -0.0016359,-0.00156752, -0.0016359]
	PARPACK diagonalization completed after 30 matrix-vector product operations.
	iteration results: : total energy is -14.947802 | electron energy -14.947802 + phonon energy 0.000000 | electron momentum kIdx = 0
	Nq(0) = 9,	Nq(1) = 0.1917,	Nq(2) = 0.266206,	Nq(3) = 0.1917,	Nq(4) = 0.1917,	Nq(5) = 0.245539,	Nq(6) = 0.314141,	Nq(7) = 0.245539,	Nq(8) = 0.266206,	Nq(9) = 0.314141,	Nq(10) = 0.369387,	Nq(11) = 0.314141,	Nq(12) = 0.1917,	Nq(13) = 0.245539,	Nq(14) = 0.314141,	Nq(15) = 0.245539,	Sq(0) = -1.57314e-18,	Sq(1) = 0.554637,	Sq(2) = 0.424358,	Sq(3) = 0.554637,	Sq(4) = 0.554637,	Sq(5) = 0.79746,	Sq(6) = 1.01282,	Sq(7) = 0.79746,	Sq(8) = 0.424358,	Sq(9) = 1.01282,	Sq(10) = 0.784307,	Sq(11) = 1.01282,	Sq(12) = 0.554637,	Sq(13) = 0.79746,	Sq(14) = 1.01282,	Sq(15) = 0.79746,	N(0) = 1.76744,	N(1) = 1.62651,	N(2) = 0.74362,	N(3) = 1.62651,	N(4) = 1.62651,	N(5) = 0.392234,	N(6) = 0.144279,	N(7) = 0.392234,	N(8) = 0.74362,	N(9) = 0.144279,	N(10) = 0.0932446,	N(11) = 0.144279,	N(12) = 1.62651,	N(13) = 0.392234,	N(14) = 0.144279,	N(15) = 0.392234,	Delta[s](0) = 0.0658618,	Delta[s](1) = 0.0454515,	Delta[s](2) = 0.0304248,	Delta[s](3) = 0.0454515,	Delta[s](4) = 0.0454515,	Delta[s](5) = 0.0271057,	Delta[s](6) = 0.00917706,	Delta[s](7) = 0.0271057,	Delta[s](8) = 0.0304248,	Delta[s](9) = 0.00917706,	Delta[s](10) = 1.11741e-05,	Delta[s](11) = 0.00917706,	Delta[s](12) = 0.0454515,	Delta[s](13) = 0.0271057,	Delta[s](14) = 0.00917706,	Delta[s](15) = 0.0271057,	Delta[d](0) = 0.229609,	Delta[d](1) = 0.180106,	Delta[d](2) = 0.222359,	Delta[d](3) = 0.180106,	Delta[d](4) = 0.180106,	Delta[d](5) = 0.122935,	Delta[d](6) = 0.1505,	Delta[d](7) = 0.122935,	Delta[d](8) = 0.222359,	Delta[d](9) = 0.1505,	Delta[d](10) = 0.0764887,	Delta[d](11) = 0.1505,	Delta[d](12) = 0.180106,	Delta[d](13) = 0.122935,	Delta[d](14) = 0.1505,	Delta[d](15) = 0.122935,	Delta[s+](0) = 0.530107,	Delta[s+](1) = 0.361481,	Delta[s+](2) = 0.222359,	Delta[s+](3) = 0.361481,	Delta[s+](4) = 0.361481,	Delta[s+](5) = 0.177175,	Delta[s+](6) = 0.0625358,	Delta[s+](7) = 0.177175,	Delta[s+](8) = 0.222359,	Delta[s+](9) = 0.0625358,	Delta[s+](10) = 0.0155966,	Delta[s+](11) = 0.0625358,	Delta[s+](12) = 0.361481,	Delta[s+](13) = 0.177175,	Delta[s+](14) = 0.0625358,	Delta[s+](15) = 0.177175
The 3-th iteration is completed.	|| time cost : 0h 1m 41.873s
********************************************************************************************************************
********************************************************************************************************************
Ground state is obtained after 4 iterations. The current ground-state energy is -14.9478, in which electron energy is -14.9478 and phonon energy is 3.65466e-08
final variational state is: 
	Gamma_x = [      1,1.00003,1.00004,1.00003,1.00003,1.00004,1.00005,1.00004,1.00004,1.00005,1.00006,1.00005,1.00003,1.00004,1.00005,1.00004]
	lambda_q = [ 0.0172758, 0.0119611, 0.0105027, 0.0119611, 0.0119611, 0.0101599, 0.0094719, 0.0101599, 0.0105027, 0.0094719,0.00892062, 0.0094719, 0.0119611, 0.0101599, 0.0094719, 0.0101599]
The effective e-e interactions mediated by phonons are: [0.00199897,0.00179085,0.00167053,0.00179085,0.00179085,0.00163829,0.00156906,0.00163829,0.00167053,0.00156906,0.00150921,0.00156906,0.00179085,0.00163829,0.00156906,0.00163829]
********************************************************************************************************************
o___o  ----------------------------------------
| L |	Time since last clock: 0h 0m 0s
A===A	Time since the beginning: 0h 10m 55.777s
***********************************************

********************************************************************************************************************
Start warm-up calculation for scaling factor 16
open output files: NGSEDWarmUpW3.2Obs.txt
********************************************************************************************************************
Start the 0 rounds of NGS-ED iteration
	effective electronic model is modified as: kinetic energy t = 0.999899
	                                           effective interaction Vq = [-0.00180908,-0.00145596,-0.00132745,-0.00145596,-0.00145596,-0.00129527,-0.00122841,-0.00129527,-0.00132745,-0.00122841,-0.00117265,-0.00122841,-0.00145596,-0.00129527,-0.00122841,-0.00129527]
	PARPACK diagonalization completed after 30 matrix-vector product operations.
	iteration results: : total energy is -14.944789 | electron energy -14.944789 + phonon energy 0.000000 | electron momentum kIdx = 0
	Nq(0) = 9,	Nq(1) = 0.191694,	Nq(2) = 0.2662,	Nq(3) = 0.191694,	Nq(4) = 0.191694,	Nq(5) = 0.245533,	Nq(6) = 0.314131,	Nq(7) = 0.245533,	Nq(8) = 0.2662,	Nq(9) = 0.314131,	Nq(10) = 0.369372,	Nq(11) = 0.314131,	Nq(12) = 0.191694,	Nq(13) = 0.245533,	Nq(14) = 0.314131,	Nq(15) = 0.245533,	Sq(0) = 2.87855e-18,	Sq(1) = 0.554644,	Sq(2) = 0.424359,	Sq(3) = 0.554644,	Sq(4) = 0.554644,	Sq(5) = 0.797468,	Sq(6) = 1.01283,	Sq(7) = 0.797468,	Sq(8) = 0.424359,	Sq(9) = 1.01283,	Sq(10) = 0.784307,	Sq(11) = 1.01283,	Sq(12) = 0.554644,	Sq(13) = 0.797468,	Sq(14) = 1.01283,	Sq(15) = 0.797468,	N(0) = 1.76741,	N(1) = 1.62648,	N(2) = 0.743628,	N(3) = 1.62648,	N(4) = 1.62648,	N(5) = 0.392252,	N(6) = 0.144291,	N(7) = 0.392252,	N(8) = 0.743628,	N(9) = 0.144291,	N(10) = 0.0932532,	N(11) = 0.144291,	N(12) = 1.62648,	N(13) = 0.392252,	N(14) = 0.144291,	N(15) = 0.392252,	Delta[s](0) = 0.0658541,	Delta[s](1) = 0.0454461,	Delta[s](2) = 0.0304206,	Delta[s](3) = 0.0454461,	Delta[s](4) = 0.0454461,	Delta[s](5) = 0.027102,	Delta[s](6) = 0.0091757,	Delta[s](7) = 0.027102,	Delta[s](8) = 0.0304206,	Delta[s](9) = 0.0091757,	Delta[s](10) = 1.10193e-05,	Delta[s](11) = 0.0091757,	Delta[s](12) = 0.0454461,	Delta[s](13) = 0.027102,	Delta[s](14) = 0.0091757,	Delta[s](15) = 0.027102,	Delta[d](0) = 0.229616,	Delta[d](1) = 0.180112,	Delta[d](2) = 0.222364,	Delta[d](3) = 0.180112,	Delta[d](4) = 0.180112,	Delta[d](5) = 0.122939,	Delta[d](6) = 0.150505,	Delta[d](7) = 0.122939,	Delta[d](8) = 0.222364,	Delta[d](9) = 0.150505,	Delta[d](10) = 0.0764966,	Delta[d](11) = 0.150505,	Delta[d](12) = 0.180112,	Delta[d](13) = 0.122939,	Delta[d](14) = 0.150505,	Delta[d](15) = 0.122939,	Delta[s+](0) = 0.530116,	Delta[s+](1) = 0.361488,	Delta[s+](2) = 0.222364,	Delta[s+](3) = 0.361488,	Delta[s+](4) = 0.361488,	Delta[s+](5) = 0.17718,	Delta[s+](6) = 0.0625393,	Delta[s+](7) = 0.17718,	Delta[s+](8) = 0.222364,	Delta[s+](9) = 0.0625393,	Delta[s+](10) = 0.0155982,	Delta[s+](11) = 0.0625393,	Delta[s+](12) = 0.361488,	Delta[s+](13) = 0.17718,	Delta[s+](14) = 0.0625393,	Delta[s+](15) = 0.17718
The 0-th iteration is completed.	|| time cost : 0h 1m 41.826s
********************************************************************************************************************
Start the 1 rounds of NGS-ED iteration
	effective electronic model is modified as: kinetic energy t = 0.9999
	                                           effective interaction Vq = [-0.00189933,-0.00148989,-0.00133165,-0.00148989,-0.00148989,-0.00129206,-0.00121007,-0.00129206,-0.00133165,-0.00121007,-0.00114213,-0.00121007,-0.00148989,-0.00129206,-0.00121007,-0.00129206]
	PARPACK diagonalization completed after 30 matrix-vector product operations.
	iteration results: : total energy is -14.945605 | electron energy -14.945605 + phonon energy 0.000000 | electron momentum kIdx = 0
The 1-th iteration is completed.	|| time cost : 0h 0m 9.204s
********************************************************************************************************************
Start the 2 rounds of NGS-ED iteration
	effective electronic model is modified as: kinetic energy t = 0.9999
	                                           effective interaction Vq = [-0.00194692,-0.00150766,-0.00133362,-0.00150766,-0.00150766, -0.0012906,-0.00120236, -0.0012906,-0.00133362,-0.00120236,-0.00113016,-0.00120236,-0.00150766, -0.0012906,-0.00120236, -0.0012906]
	PARPACK diagonalization completed after 30 matrix-vector product operations.
	iteration results: : total energy is -14.946035 | electron energy -14.946035 + phonon energy 0.000000 | electron momentum kIdx = 0
The 2-th iteration is completed.	|| time cost : 0h 0m 9.198s
********************************************************************************************************************
Start the 3 rounds of NGS-ED iteration
	effective electronic model is modified as: kinetic energy t = 0.9999
	                                           effective interaction Vq = [-0.00197201,-0.00151706,-0.00133455,-0.00151706,-0.00151706,-0.00128995,-0.00119913,-0.00128995,-0.00133455,-0.00119913, -0.0011255,-0.00119913,-0.00151706,-0.00128995,-0.00119913,-0.00128995]
	PARPACK diagonalization completed after 30 matrix-vector product operations.
	iteration results: : total energy is -14.946261 | electron energy -14.946261 + phonon energy 0.000000 | electron momentum kIdx = 0
The 3-th iteration is completed.	|| time cost : 0h 0m 9.233s
********************************************************************************************************************
Start the 4 rounds of NGS-ED iteration
	effective electronic model is modified as: kinetic energy t = 0.9999
	                                           effective interaction Vq = [-0.00198524,-0.00152207,-0.00133499,-0.00152207,-0.00152207,-0.00128965,-0.00119778,-0.00128965,-0.00133499,-0.00119778,-0.00112369,-0.00119778,-0.00152207,-0.00128965,-0.00119778,-0.00128965]
	PARPACK diagonalization completed after 30 matrix-vector product operations.
	iteration results: : total energy is -14.946380 | electron energy -14.946380 + phonon energy 0.000000 | electron momentum kIdx = 0
	Nq(0) = 9,	Nq(1) = 0.191696,	Nq(2) = 0.2662,	Nq(3) = 0.191696,	Nq(4) = 0.191696,	Nq(5) = 0.245533,	Nq(6) = 0.31413,	Nq(7) = 0.245533,	Nq(8) = 0.2662,	Nq(9) = 0.31413,	Nq(10) = 0.36937,	Nq(11) = 0.31413,	Nq(12) = 0.191696,	Nq(13) = 0.245533,	Nq(14) = 0.31413,	Nq(15) = 0.245533,	Sq(0) = -1.26124e-18,	Sq(1) = 0.554643,	Sq(2) = 0.424359,	Sq(3) = 0.554643,	Sq(4) = 0.554643,	Sq(5) = 0.797468,	Sq(6) = 1.01283,	Sq(7) = 0.797468,	Sq(8) = 0.424359,	Sq(9) = 1.01283,	Sq(10) = 0.784309,	Sq(11) = 1.01283,	Sq(12) = 0.554643,	Sq(13) = 0.797468,	Sq(14) = 1.01283,	Sq(15) = 0.797468,	N(0) = 1.76741,	N(1) = 1.62648,	N(2) = 0.743627,	N(3) = 1.62648,	N(4) = 1.62648,	N(5) = 0.392251,	N(6) = 0.144291,	N(7) = 0.392251,	N(8) = 0.743627,	N(9) = 0.144291,	N(10) = 0.0932542,	N(11) = 0.144291,	N(12) = 1.62648,	N(13) = 0.392251,	N(14) = 0.144291,	N(15) = 0.392251,	Delta[s](0) = 0.0658541,	Delta[s](1) = 0.0454461,	Delta[s](2) = 0.0304206,	Delta[s](3) = 0.0454461,	Delta[s](4) = 0.0454461,	Delta[s](5) = 0.027102,	Delta[s](6) = 0.00917569,	Delta[s](7) = 0.027102,	Delta[s](8) = 0.0304206,	Delta[s](9) = 0.00917569,	Delta[s](10) = 1.09604e-05,	Delta[s](11) = 0.00917569,	Delta[s](12) = 0.0454461,	Delta[s](13) = 0.027102,	Delta[s](14) = 0.00917569,	Delta[s](15) = 0.027102,	Delta[d](0) = 0.229628,	Delta[d](1) = 0.180121,	Delta[d](2) = 0.222375,	Delta[d](3) = 0.180121,	Delta[d](4) = 0.180121,	Delta[d](5) = 0.122946,	Delta[d](6) = 0.150513,	Delta[d](7) = 0.122946,	Delta[d](8) = 0.222375,	Delta[d](9) = 0.150513,	Delta[d](10) = 0.0765005,	Delta[d](11) = 0.150513,	Delta[d](12) = 0.180121,	Delta[d](13) = 0.122946,	Delta[d](14) = 0.150513,	Delta[d](15) = 0.122946,	Delta[s+](0) = 0.530143,	Delta[s+](1) = 0.361506,	Delta[s+](2) = 0.222375,	Delta[s+](3) = 0.361506,	Delta[s+](4) = 0.361506,	Delta[s+](5) = 0.177189,	Delta[s+](6) = 0.0625427,	Delta[s+](7) = 0.177189,	Delta[s+](8) = 0.222375,	Delta[s+](9) = 0.0625427,	Delta[s+](10) = 0.0155991,	Delta[s+](11) = 0.0625427,	Delta[s+](12) = 0.361506,	Delta[s+](13) = 0.177189,	Delta[s+](14) = 0.0625427,	Delta[s+](15) = 0.177189
The 4-th iteration is completed.	|| time cost : 0h 1m 41.841s
********************************************************************************************************************
********************************************************************************************************************
Ground state is obtained after 5 iterations. The current ground-state energy is -14.9464, in which electron energy is -14.9464 and phonon energy is 6.90795e-08
final variational state is: 
	Gamma_x = [      1,1.00006,1.00008,1.00006,1.00006,1.00007,1.00009,1.00007,1.00008,1.00009, 1.0001,1.00009,1.00006,1.00007,1.00009,1.00007]
	lambda_q = [ 0.0234405, 0.0128134, 0.0105864, 0.0128134, 0.0128134, 0.0100995,0.00916116, 0.0100995, 0.0105864,0.00916116,0.00844505,0.00916116, 0.0128134, 0.0100995,0.00916116, 0.0100995]
The effective e-e interactions mediated by phonons are: [0.00199222,0.00152475,0.00133519,0.00152475,0.00152475,0.00128952,0.00119722,0.00128952,0.00133519,0.00119722,0.00112299,0.00119722,0.00152475,0.00128952,0.00119722,0.00128952]
********************************************************************************************************************
o___o  ----------------------------------------
| L |	Time since last clock: 0h 0m 0s
A===A	Time since the beginning: 0h 14m 47.081s
***********************************************

********************************************************************************************************************
Start warm-up calculation for scaling factor 8
open output files: NGSEDWarmUpW1.6Obs.txt
********************************************************************************************************************
Start the 0 rounds of NGS-ED iteration
	effective electronic model is modified as: kinetic energy t = 0.9999
	                                           effective interaction Vq = [ -0.00177286, -0.00118697,  -0.0010184, -0.00118697, -0.00118697,-0.000979426,-0.000902184,-0.000979426,  -0.0010184,-0.000902184,-0.000841338,-0.000902184, -0.00118697,-0.000979426,-0.000902184,-0.000979426]
	PARPACK diagonalization completed after 30 matrix-vector product operations.
	iteration results: : total energy is -14.943261 | electron energy -14.943262 + phonon energy 0.000000 | electron momentum kIdx = 0
	Nq(0) = 9,	Nq(1) = 0.19169,	Nq(2) = 0.266194,	Nq(3) = 0.19169,	Nq(4) = 0.19169,	Nq(5) = 0.245527,	Nq(6) = 0.314121,	Nq(7) = 0.245527,	Nq(8) = 0.266194,	Nq(9) = 0.314121,	Nq(10) = 0.369358,	Nq(11) = 0.314121,	Nq(12) = 0.19169,	Nq(13) = 0.245527,	Nq(14) = 0.314121,	Nq(15) = 0.245527,	Sq(0) = 1.58273e-18,	Sq(1) = 0.554649,	Sq(2) = 0.42436,	Sq(3) = 0.554649,	Sq(4) = 0.554649,	Sq(5) = 0.797475,	Sq(6) = 1.01284,	Sq(7) = 0.797475,	Sq(8) = 0.42436,	Sq(9) = 1.01284,	Sq(10) = 0.784309,	Sq(11) = 1.01284,	Sq(12) = 0.554649,	Sq(13) = 0.797475,	Sq(14) = 1.01284,	Sq(15) = 0.797475,	N(0) = 1.76739,	N(1) = 1.62645,	N(2) = 0.743634,	N(3) = 1.62645,	N(4) = 1.62645,	N(5) = 0.392268,	N(6) = 0.144302,	N(7) = 0.392268,	N(8) = 0.743634,	N(9) = 0.144302,	N(10) = 0.0932615,	N(11) = 0.144302,	N(12) = 1.62645,	N(13) = 0.392268,	N(14) = 0.144302,	N(15) = 0.392268,	Delta[s](0) = 0.0658485,	Delta[s](1) = 0.0454418,	Delta[s](2) = 0.0304169,	Delta[s](3) = 0.0454418,	Delta[s](4) = 0.0454418,	Delta[s](5) = 0.0270986,	Delta[s](6) = 0.00917373,	Delta[s](7) = 0.0270986,	Delta[s](8) = 0.0304169,	Delta[s](9) = 0.00917373,	Delta[s](10) = 9.77813e-06,	Delta[s](11) = 0.00917373,	Delta[s](12) = 0.0454418,	Delta[s](13) = 0.0270986,	Delta[s](14) = 0.00917373,	Delta[s](15) = 0.0270986,	Delta[d](0) = 0.229634,	Delta[d](1) = 0.180127,	Delta[d](2) = 0.222381,	Delta[d](3) = 0.180127,	Delta[d](4) = 0.180127,	Delta[d](5) = 0.122949,	Delta[d](6) = 0.150517,	Delta[d](7) = 0.122949,	Delta[d](8) = 0.222381,	Delta[d](9) = 0.150517,	Delta[d](10) = 0.0765065,	Delta[d](11) = 0.150517,	Delta[d](12) = 0.180127,	Delta[d](13) = 0.122949,	Delta[d](14) = 0.150517,	Delta[d](15) = 0.122949,	Delta[s+](0) = 0.530156,	Delta[s+](1) = 0.361515,	Delta[s+](2) = 0.222381,	Delta[s+](3) = 0.361515,	Delta[s+](4) = 0.361515,	Delta[s+](5) = 0.177194,	Delta[s+](6) = 0.062545,	Delta[s+](7) = 0.177194,	Delta[s+](8) = 0.222381,	Delta[s+](9) = 0.062545,	Delta[s+](10) = 0.0155997,	Delta[s+](11) = 0.062545,	Delta[s+](12) = 0.361515,	Delta[s+](13) = 0.177194,	Delta[s+](14) = 0.062545,	Delta[s+](15) = 0.177194
The 0-th iteration is completed.	|| time cost : 0h 1m 41.564s
********************************************************************************************************************
Start the 1 rounds of NGS-ED iteration
	effective electronic model is modified as: kinetic energy t = 0.99991
	                                           effective interaction Vq = [ -0.00183506,  -0.0011714,-0.000979327,  -0.0011714,  -0.0011714,-0.000935342,-0.000848767,-0.000935342,-0.000979327,-0.000848767,-0.000781226,-0.000848767,  -0.0011714,-0.000935342,-0.000848767,-0.000935342]
	PARPACK diagonalization completed after 30 matrix-vector product operations.
	iteration results: : total energy is -14.943845 | electron energy -14.943845 + phonon energy 0.000000 | electron momentum kIdx = 0
The 1-th iteration is completed.	|| time cost : 0h 0m 9.199s
********************************************************************************************************************
Start the 2 rounds of NGS-ED iteration
	effective electronic model is modified as: kinetic energy t = 0.999915
	                                           effective interaction Vq = [ -0.00188023, -0.00116152,-0.000957465, -0.00116152, -0.00116152,-0.000911538,-0.000822141,-0.000911538,-0.000957465,-0.000822141,-0.000753385,-0.000822141, -0.00116152,-0.000911538,-0.000822141,-0.000911538]
	PARPACK diagonalization completed after 30 matrix-vector product operations.
	iteration results: : total energy is -14.944257 | electron energy -14.944257 + phonon energy 0.000000 | electron momentum kIdx = 0
The 2-th iteration is completed.	|| time cost : 0h 0m 9.196s
********************************************************************************************************************
Start the 3 rounds of NGS-ED iteration
	effective electronic model is modified as: kinetic energy t = 0.999917
	                                           effective interaction Vq = [ -0.00191303, -0.00115527,-0.000945317, -0.00115527, -0.00115527,-0.000898783,-0.000808989,-0.000898783,-0.000945317,-0.000808989,-0.000740619,-0.000808989, -0.00115527,-0.000898783,-0.000808989,-0.000898783]
	PARPACK diagonalization completed after 30 matrix-vector product operations.
	iteration results: : total energy is -14.944554 | electron energy -14.944554 + phonon energy 0.000000 | electron momentum kIdx = 0
The 3-th iteration is completed.	|| time cost : 0h 0m 9.193s
********************************************************************************************************************
Start the 4 rounds of NGS-ED iteration
	effective electronic model is modified as: kinetic energy t = 0.999919
	                                           effective interaction Vq = [ -0.00193685, -0.00115133,-0.000938591, -0.00115133, -0.00115133,-0.000891976, -0.00080252,-0.000891976,-0.000938591, -0.00080252,-0.000734792, -0.00080252, -0.00115133,-0.000891976, -0.00080252,-0.000891976]
	PARPACK diagonalization completed after 30 matrix-vector product operations.
	iteration results: : total energy is -14.944769 | electron energy -14.944769 + phonon energy 0.000000 | electron momentum kIdx = 0
The 4-th iteration is completed.	|| time cost : 0h 0m 9.186s
********************************************************************************************************************
Start the 5 rounds of NGS-ED iteration
	effective electronic model is modified as: kinetic energy t = 0.999919
	                                           effective interaction Vq = [ -0.00195414, -0.00114884,-0.000934875, -0.00114884, -0.00114884, -0.00088835,-0.000799346, -0.00088835,-0.000934875,-0.000799346,-0.000732138,-0.000799346, -0.00114884, -0.00088835,-0.000799346, -0.00088835]
	PARPACK diagonalization completed after 30 matrix-vector product operations.
	iteration results: : total energy is -14.944924 | electron energy -14.944925 + phonon energy 0.000000 | electron momentum kIdx = 0
	Nq(0) = 9,	Nq(1) = 0.191691,	Nq(2) = 0.266194,	Nq(3) = 0.191691,	Nq(4) = 0.191691,	Nq(5) = 0.245527,	Nq(6) = 0.31412,	Nq(7) = 0.245527,	Nq(8) = 0.266194,	Nq(9) = 0.31412,	Nq(10) = 0.369356,	Nq(11) = 0.31412,	Nq(12) = 0.191691,	Nq(13) = 0.245527,	Nq(14) = 0.31412,	Nq(15) = 0.245527,	Sq(0) = 1.61952e-18,	Sq(1) = 0.554649,	Sq(2) = 0.42436,	Sq(3) = 0.554649,	Sq(4) = 0.554649,	Sq(5) = 0.797475,	Sq(6) = 1.01284,	Sq(7) = 0.797475,	Sq(8) = 0.42436,	Sq(9) = 1.01284,	Sq(10) = 0.78431,	Sq(11) = 1.01284,	Sq(12) = 0.554649,	Sq(13) = 0.797475,	Sq(14) = 1.01284,	Sq(15) = 0.797475,	N(0) = 1.76739,	N(1) = 1.62645,	N(2) = 0.743634,	N(3) = 1.62645,	N(4) = 1.62645,	N(5) = 0.392268,	N(6) = 0.144302,	N(7) = 0.392268,	N(8) = 0.743634,	N(9) = 0.144302,	N(10) = 0.0932624,	N(11) = 0.144302,	N(12) = 1.62645,	N(13) = 0.392268,	N(14) = 0.144302,	N(15) = 0.392268,	Delta[s](0) = 0.0658498,	Delta[s](1) = 0.0454424,	Delta[s](2) = 0.0304169,	Delta[s](3) = 0.0454424,	Delta[s](4) = 0.0454424,	Delta[s](5) = 0.0270985,	Delta[s](6) = 0.00917293,	Delta[s](7) = 0.0270985,	Delta[s](8) = 0.0304169,	Delta[s](9) = 0.00917293,	Delta[s](10) = 8.66061e-06,	Delta[s](11) = 0.00917293,	Delta[s](12) = 0.0454424,	Delta[s](13) = 0.0270985,	Delta[s](14) = 0.00917293,	Delta[s](15) = 0.0270985,	Delta[d](0) = 0.229654,	Delta[d](1) = 0.180142,	Delta[d](2) = 0.2224,	Delta[d](3) = 0.180142,	Delta[d](4) = 0.180142,	Delta[d](5) = 0.122959,	Delta[d](6) = 0.15053,	Delta[d](7) = 0.122959,	Delta[d](8) = 0.2224,	Delta[d](9) = 0.15053,	Delta[d](10) = 0.0765112,	Delta[d](11) = 0.15053,	Delta[d](12) = 0.180142,	Delta[d](13) = 0.122959,	Delta[d](14) = 0.15053,	Delta[d](15) = 0.122959,	Delta[s+](0) = 0.530202,	Delta[s+](1) = 0.361546,	Delta[s+](2) = 0.2224,	Delta[s+](3) = 0.361546,	Delta[s+](4) = 0.361546,	Delta[s+](5) = 0.177208,	Delta[s+](6) = 0.0625493,	Delta[s+](7) = 0.177208,	Delta[s+](8) = 0.2224,	Delta[s+](9) = 0.0625493,	Delta[s+](10) = 0.0156002,	Delta[s+](11) = 0.0625493,	Delta[s+](12) = 0.361546,	Delta[s+](13) = 0.177208,	Delta[s+](14) = 0.0625493,	Delta[s+](15) = 0.177208
The 5-th iteration is completed.	|| time cost : 0h 1m 42.081s
********************************************************************************************************************
