SNEDics v3.2 diagonalization test program		Start at Tue May  7 07:52:37 2019

parallized on 80 MPI threads  * 6 OpenMP threads = 480 total threads.
************************************************************************************
************************************************************************************

Input file "model_params.in"
Hubbard-Holstein model parameters : 	t = 1    U = 2.5    g = 4.4721    W = 5    
************************************************************************************
Input file "hilbertspace_params.in"

Cluster Positions:				Cluster symmetry group : D4
 x ... x ... x ... x .....                       x ... x ... x ... x .....
 |           |           :                       |           |           :
 |           |           :                       |           |           :
12    13    14    15     x                       1     5     6     5     x
 |           |           :                       |           |           :
 |           |           :                       |           |           :
 8 --- 9 ---10 ---11 --- x                       2 --- 6 ---10 --- 6 --- x
 |           |           :                       |           |           :
 |           |           :                       |           |           :
 4     5     6     7     x                       1     5     6     5     x
 |           |           :                       |           |           :
 |           |           :                       |           |           :
 0 --- 1 --- 2 --- 3 --- x                       0 --- 1 --- 2 --- 1 --- x
orbital number : 1
************************************************************************************
** NOTE ** Detected low phonon energy W < 10. The initial state will be prepared through a warm-up process.
starting warm-up calculation for scaling factor 2
0 rounds of non-Gaussian ED iteration : ground-state energy is -16.7032 | electron energy -16.7032 + phonon energy 0 | electron momentum kIdx = 10
Nq = 	16	0.229734	0.295957	0.229734	0.229734	0.295957	0.419486	0.295957	0.295957	0.419486	0.484097	0.419486	0.229734	0.295957	0.419486	0.295957
Sq = 	-5.52437e-18	0.354208	0.428491	0.354208	0.354208	0.428491	0.661822	0.428491	0.428491	0.661822	4.50821	0.661822	0.354208	0.428491	0.661822	0.428491
1 rounds of non-Gaussian ED iteration : ground-state energy is -96.7835 | electron energy -96.7957 + phonon energy 0.0122248 | electron momentum kIdx = 10
Nq = 	16	0.405938	0.539769	0.405938	0.405938	0.539769	0.736761	0.539769	0.539769	0.736761	4.40581	0.736761	0.405938	0.539769	0.736761	0.539769
Sq = 	-1.48153e-18	0.168454	0.237973	0.168454	0.168454	0.237973	0.32447	0.237973	0.237973	0.32447	0.385243	0.32447	0.168454	0.237973	0.32447	0.237973
2 rounds of non-Gaussian ED iteration : ground-state energy is -111.805 | electron energy -111.875 + phonon energy 0.0693826 | electron momentum kIdx = 10
Nq = 	16	0.162184	0.261596	0.162184	0.162184	0.261596	0.384258	0.261596	0.261596	0.384258	10.048	0.384258	0.162184	0.261596	0.384258	0.261596
Sq = 	4.42024e-19	0.0840879	0.140989	0.0840879	0.0840879	0.140989	0.193342	0.140989	0.140989	0.193342	0.240986	0.193342	0.0840879	0.140989	0.193342	0.140989
3 rounds of non-Gaussian ED iteration : ground-state energy is -114.032 | electron energy -114.108 + phonon energy 0.0761638 | electron momentum kIdx = 10
Nq = 	16	0.110471	0.191411	0.110471	0.110471	0.191411	0.279903	0.191411	0.191411	0.279903	11.3863	0.279903	0.110471	0.191411	0.279903	0.191411
Sq = 	6.10844e-19	0.0706825	0.122165	0.0706825	0.0706825	0.122165	0.168965	0.122165	0.122165	0.168965	0.212153	0.168965	0.0706825	0.122165	0.168965	0.122165
4 rounds of non-Gaussian ED iteration : ground-state energy is -114.365 | electron energy -114.435 + phonon energy 0.0696621 | electron momentum kIdx = 10
Nq = 	16	0.093459	0.165929	0.093459	0.093459	0.165929	0.242225	0.165929	0.165929	0.242225	11.8294	0.242225	0.093459	0.165929	0.242225	0.165929
Sq = 	4.50271e-19	0.0673162	0.117493	0.0673162	0.0673162	0.117493	0.163142	0.117493	0.117493	0.163142	0.205453	0.163142	0.0673162	0.117493	0.163142	0.117493
5 rounds of non-Gaussian ED iteration : ground-state energy is -114.428 | electron energy -114.492 + phonon energy 0.064011 | electron momentum kIdx = 10
Nq = 	16	0.0849381	0.152677	0.0849381	0.0849381	0.152677	0.222654	0.152677	0.152677	0.222654	12.0599	0.222654	0.0849381	0.152677	0.222654	0.152677
Sq = 	9.8027e-19	0.0654512	0.114943	0.0654512	0.0654512	0.114943	0.160049	0.114943	0.114943	0.160049	0.201992	0.160049	0.0654512	0.114943	0.160049	0.114943
6 rounds of non-Gaussian ED iteration : ground-state energy is -114.444 | electron energy -114.504 + phonon energy 0.0598474 | electron momentum kIdx = 10
Nq = 	16	0.0802642	0.145251	0.0802642	0.0802642	0.145251	0.211686	0.145251	0.145251	0.211686	12.193	0.211686	0.0802642	0.145251	0.211686	0.145251
Sq = 	-1.34838e-18	0.0642053	0.113223	0.0642053	0.0642053	0.113223	0.157961	0.113223	0.113223	0.157961	0.199661	0.157961	0.0642053	0.113223	0.157961	0.113223
7 rounds of non-Gaussian ED iteration : ground-state energy is -114.449 | electron energy -114.506 + phonon energy 0.0570603 | electron momentum kIdx = 10
Nq = 	16	0.0776538	0.14105	0.0776538	0.0776538	0.14105	0.205481	0.14105	0.14105	0.205481	12.2703	0.205481	0.0776538	0.14105	0.205481	0.14105
Sq = 	1.08408e-18	0.0634084	0.112111	0.0634084	0.0634084	0.112111	0.156605	0.112111	0.112111	0.156605	0.19814	0.156605	0.0634084	0.112111	0.156605	0.112111
8 rounds of non-Gaussian ED iteration : ground-state energy is -114.45 | electron energy -114.506 + phonon energy 0.0553234 | electron momentum kIdx = 10
Nq = 	16	0.076189	0.138674	0.076189	0.076189	0.138674	0.201971	0.138674	0.138674	0.201971	12.3148	0.201971	0.076189	0.138674	0.201971	0.138674
Sq = 	4.81282e-19	0.062924	0.111429	0.062924	0.062924	0.111429	0.155772	0.111429	0.111429	0.155772	0.197202	0.155772	0.062924	0.111429	0.155772	0.111429
Ground state is obtained after 9 iterations. The current ground-state energy is -114.451, in which electron energy is -114.505 and phonon energy is 0.0542876
final variational state is: 
Gamma_x =       1 1.01374  1.0258 1.01374 1.01374  1.0258   1.038  1.0258  1.0258   1.038 1.11319   1.038 1.01374  1.0258   1.038  1.0258
lambda_q = 0.632372 0.424006 0.412168 0.424006 0.424006 0.412168 0.409628 0.412168 0.412168 0.409628 0.625406 0.409628 0.424006 0.412168 0.409628 0.412168
o___o  -------------------------------------
| L |	Time since last clock: 0h 48m 32.127s
A===A	Time since the beginning: 0h 48m 32.127s
********************************************

************************************************************************************
Warm up completed
o___o  -------------------------------------
| L |	Time since last clock: 0h 0m 0.028s
A===A	Time since the beginning: 0h 48m 32.156s
********************************************

************************************************************************************
0 rounds of non-Gaussian ED iteration : ground-state energy is -103.26 | electron energy -103.287 + phonon energy 0.0271438 | electron momentum kIdx = 10
Nq = 	16	0.0688117	0.125754	0.0688117	0.0688117	0.125754	0.182045	0.125754	0.125754	0.182045	12.4673	0.182045	0.0688117	0.125754	0.182045	0.125754
Sq = 	4.13741e-19	0.0634148	0.113264	0.0634148	0.0634148	0.113264	0.159552	0.113264	0.113264	0.159552	0.203332	0.159552	0.0634148	0.113264	0.159552	0.113264
1 rounds of non-Gaussian ED iteration : ground-state energy is -109.656 | electron energy -109.737 + phonon energy 0.0811237 | electron momentum kIdx = 10
Nq = 	16	0.0510704	0.0958759	0.0510704	0.0510704	0.0958759	0.139288	0.0958759	0.0958759	0.139288	13.2609	0.139288	0.0510704	0.0958759	0.139288	0.0958759
Sq = 	-2.18492e-19	0.0485073	0.0893256	0.0485073	0.0485073	0.0893256	0.127249	0.0893256	0.0893256	0.127249	0.163412	0.127249	0.0485073	0.0893256	0.127249	0.0893256
2 rounds of non-Gaussian ED iteration : ground-state energy is -111.948 | electron energy -112.052 + phonon energy 0.103988 | electron momentum kIdx = 10
Nq = 	16	0.0446677	0.0845496	0.0446677	0.0446677	0.0845496	0.122983	0.0845496	0.0845496	0.122983	13.5596	0.122983	0.0446677	0.0845496	0.122983	0.0845496
Sq = 	4.54587e-19	0.0430959	0.0802946	0.0430959	0.0430959	0.0802946	0.115018	0.0802946	0.0802946	0.115018	0.148261	0.115018	0.0430959	0.0802946	0.115018	0.0802946
3 rounds of non-Gaussian ED iteration : ground-state energy is -112.73 | electron energy -112.843 + phonon energy 0.112542 | electron momentum kIdx = 10
Nq = 	16	0.041961	0.0796683	0.041961	0.041961	0.0796683	0.115924	0.0796683	0.0796683	0.115924	13.6885	0.115924	0.041961	0.0796683	0.115924	0.0796683
Sq = 	1.41588e-19	0.0407857	0.0763838	0.0407857	0.0407857	0.0763838	0.109712	0.0763838	0.0763838	0.109712	0.141687	0.109712	0.0407857	0.0763838	0.109712	0.0763838
4 rounds of non-Gaussian ED iteration : ground-state energy is -112.993 | electron energy -113.109 + phonon energy 0.116296 | electron momentum kIdx = 10
Nq = 	16	0.0407014	0.0773773	0.0407014	0.0407014	0.0773773	0.112601	0.0773773	0.0773773	0.112601	13.7491	0.112601	0.0407014	0.0773773	0.112601	0.0773773
Sq = 	3.63867e-19	0.0397021	0.0745378	0.0397021	0.0397021	0.0745378	0.107204	0.0745378	0.0745378	0.107204	0.138581	0.107204	0.0397021	0.0745378	0.107204	0.0745378
5 rounds of non-Gaussian ED iteration : ground-state energy is -113.081 | electron energy -113.199 + phonon energy 0.118162 | electron momentum kIdx = 10
Nq = 	16	0.0400864	0.0762538	0.0400864	0.0400864	0.0762538	0.110969	0.0762538	0.0762538	0.110969	13.7789	0.110969	0.0400864	0.0762538	0.110969	0.0762538
Sq = 	7.99095e-19	0.0391702	0.0736289	0.0391702	0.0391702	0.0736289	0.105969	0.0736289	0.0736289	0.105969	0.13705	0.105969	0.0391702	0.0736289	0.105969	0.0736289
6 rounds of non-Gaussian ED iteration : ground-state energy is -113.111 | electron energy -113.23 + phonon energy 0.11912 | electron momentum kIdx = 10
Nq = 	16	0.0397781	0.0756894	0.0397781	0.0397781	0.0756894	0.110147	0.0756894	0.0756894	0.110147	13.7939	0.110147	0.0397781	0.0756894	0.110147	0.0756894
Sq = 	9.04172e-19	0.0389028	0.0731714	0.0389028	0.0389028	0.0731714	0.105347	0.0731714	0.0731714	0.105347	0.13628	0.105347	0.0389028	0.0731714	0.105347	0.0731714
7 rounds of non-Gaussian ED iteration : ground-state energy is -113.122 | electron energy -113.241 + phonon energy 0.119607 | electron momentum kIdx = 10
Nq = 	16	0.0396212	0.0754018	0.0396212	0.0396212	0.0754018	0.109729	0.0754018	0.0754018	0.109729	13.8015	0.109729	0.0396212	0.0754018	0.109729	0.0754018
Sq = 	-2.69049e-20	0.0387664	0.0729378	0.0387664	0.0387664	0.0729378	0.10503	0.0729378	0.0729378	0.10503	0.135887	0.10503	0.0387664	0.0729378	0.10503	0.0729378
8 rounds of non-Gaussian ED iteration : ground-state energy is -113.125 | electron energy -113.245 + phonon energy 0.119851 | electron momentum kIdx = 10
Nq = 	16	0.0395405	0.0752539	0.0395405	0.0395405	0.0752539	0.109513	0.0752539	0.0752539	0.109513	13.8054	0.109513	0.0395405	0.0752539	0.109513	0.0752539
Sq = 	3.20428e-19	0.0386963	0.0728177	0.0386963	0.0386963	0.0728177	0.104867	0.0728177	0.0728177	0.104867	0.135684	0.104867	0.0386963	0.0728177	0.104867	0.0728177
9 rounds of non-Gaussian ED iteration : ground-state energy is -113.127 | electron energy -113.247 + phonon energy 0.119972 | electron momentum kIdx = 10
Nq = 	16	0.0394989	0.0751774	0.0394989	0.0394989	0.0751774	0.109401	0.0751774	0.0751774	0.109401	13.8075	0.109401	0.0394989	0.0751774	0.109401	0.0751774
Sq = 	1.5096e-19	0.03866	0.0727556	0.03866	0.03866	0.0727556	0.104782	0.0727556	0.0727556	0.104782	0.13558	0.104782	0.03866	0.0727556	0.104782	0.0727556
10 rounds of non-Gaussian ED iteration : ground-state energy is -113.127 | electron energy -113.247 + phonon energy 0.120031 | electron momentum kIdx = 10
Nq = 	16	0.0394773	0.0751377	0.0394773	0.0394773	0.0751377	0.109344	0.0751377	0.0751377	0.109344	13.8085	0.109344	0.0394773	0.0751377	0.109344	0.0751377
Sq = 	-6.88993e-19	0.0386412	0.0727233	0.0386412	0.0386412	0.0727233	0.104738	0.0727233	0.0727233	0.104738	0.135526	0.104738	0.0386412	0.0727233	0.104738	0.0727233
11 rounds of non-Gaussian ED iteration : ground-state energy is -113.127 | electron energy -113.247 + phonon energy 0.12006 | electron momentum kIdx = 10
Nq = 	16	0.039466	0.0751171	0.039466	0.039466	0.0751171	0.109313	0.0751171	0.0751171	0.109313	13.8091	0.109313	0.039466	0.0751171	0.109313	0.0751171
Sq = 	-3.485e-19	0.0386314	0.0727066	0.0386314	0.0386314	0.0727066	0.104716	0.0727066	0.0727066	0.104716	0.135497	0.104716	0.0386314	0.0727066	0.104716	0.0727066
12 rounds of non-Gaussian ED iteration : ground-state energy is -113.127 | electron energy -113.247 + phonon energy 0.120074 | electron momentum kIdx = 10
Nq = 	16	0.0394602	0.0751064	0.0394602	0.0394602	0.0751064	0.109298	0.0751064	0.0751064	0.109298	13.8093	0.109298	0.0394602	0.0751064	0.109298	0.0751064
Sq = 	2.6397e-19	0.0386264	0.0726979	0.0386264	0.0386264	0.0726979	0.104704	0.0726979	0.0726979	0.104704	0.135483	0.104704	0.0386264	0.0726979	0.104704	0.0726979
13 rounds of non-Gaussian ED iteration : ground-state energy is -113.127 | electron energy -113.248 + phonon energy 0.120081 | electron momentum kIdx = 10
Nq = 	16	0.0394572	0.0751008	0.0394572	0.0394572	0.0751008	0.10929	0.0751008	0.0751008	0.10929	13.8095	0.10929	0.0394572	0.0751008	0.10929	0.0751008
Sq = 	-2.06944e-19	0.0386237	0.0726934	0.0386237	0.0386237	0.0726934	0.104698	0.0726934	0.0726934	0.104698	0.135475	0.104698	0.0386237	0.0726934	0.104698	0.0726934
14 rounds of non-Gaussian ED iteration : ground-state energy is -113.127 | electron energy -113.248 + phonon energy 0.120084 | electron momentum kIdx = 10
Nq = 	16	0.0394556	0.0750979	0.0394556	0.0394556	0.0750979	0.109285	0.0750979	0.0750979	0.109285	13.8096	0.109285	0.0394556	0.0750979	0.109285	0.0750979
Sq = 	-3.61874e-19	0.0386223	0.072691	0.0386223	0.0386223	0.072691	0.104694	0.072691	0.072691	0.104694	0.135471	0.104694	0.0386223	0.072691	0.104694	0.072691
15 rounds of non-Gaussian ED iteration : ground-state energy is -113.127 | electron energy -113.248 + phonon energy 0.120086 | electron momentum kIdx = 10
Nq = 	16	0.0394548	0.0750964	0.0394548	0.0394548	0.0750964	0.109283	0.0750964	0.0750964	0.109283	13.8096	0.109283	0.0394548	0.0750964	0.109283	0.0750964
Sq = 	-1.64225e-19	0.0386216	0.0726898	0.0386216	0.0386216	0.0726898	0.104693	0.0726898	0.0726898	0.104693	0.135469	0.104693	0.0386216	0.0726898	0.104693	0.0726898
16 rounds of non-Gaussian ED iteration : ground-state energy is -113.127 | electron energy -113.248 + phonon energy 0.120086 | electron momentum kIdx = 10
Nq = 	16	0.0394543	0.0750956	0.0394543	0.0394543	0.0750956	0.109282	0.0750956	0.0750956	0.109282	13.8096	0.109282	0.0394543	0.0750956	0.109282	0.0750956
Sq = 	5.67249e-20	0.0386212	0.0726891	0.0386212	0.0386212	0.0726891	0.104692	0.0726891	0.0726891	0.104692	0.135468	0.104692	0.0386212	0.0726891	0.104692	0.0726891
Ground state is obtained after 17 iterations. The current ground-state energy is -113.127, in which electron energy is -113.248 and phonon energy is 0.120087
final variational state is: 
Gamma_x =       1 1.01514 1.02876 1.01514 1.01514 1.02876 1.04194 1.02876 1.02876 1.04194 1.33392 1.04194 1.01514 1.02876 1.04194 1.02876
lambda_q = 0.894367 0.349136 0.341463 0.349136 0.349136 0.341463 0.337763 0.341463 0.341463 0.337763  0.88243 0.337763 0.349136 0.341463 0.337763 0.341463
o___o  -------------------------------------
| L |	Time since last clock: 1h 26m 36.448s
A===A	Time since the beginning: 2h 15m 8.604s
********************************************

************************************************************************************
