SNEDics v3.22.2 Non-Gaussian ED ground state program		Start at Tue May 31 01:00:17 2022

Parallelization: 32 MPI threads  * 8 OpenMP threads = 256 total threads.
********************************************************************************************************************
********************************************************************************************************************

********************************************************************************************************************
System parameters and configurations
	special program options are enabled: splitted diagonal Hamiltonian | splitted Hamiltonian terms
********************************************************************************************************************
Read input file "model_params.in"
	Hubbard-Holstein model parameters : 	t = 1    t' = -0.3    U = 8    g = 0.5    W = 0.2    
********************************************************************************************************************
Read input file "hilbertspace_params.in"
	Requested 16-site 2D lattice, with 12 electrons (6, 6)
	Boundary : Periodic		Hilbert space representation : momentum-space (restricted to kIdx = 10)
	Conservation: particle number[U(1)]      spin[U(1)]     momentum
********************************************************************************************************************

Cluster Positions:				Cluster symmetry group : D4
 x ... x ... x ... x .....                       x ... x ... x ... x .....
 |           |           :                       |           |           :
 |           |           :                       |           |           :
12    13    14    15     x                       1     5     6     5     x
 |           |           :                       |           |           :
 |           |           :                       |           |           :
 8 --- 9 ---10 ---11 --- x                       2 --- 6 ---10 --- 6 --- x
 |           |           :                       |           |           :
 |           |           :                       |           |           :
 4     5     6     7     x                       1     5     6     5     x
 |           |           :                       |           |           :
 |           |           :                       |           |           :
 0 --- 1 --- 2 --- 3 --- x                       0 --- 1 --- 2 --- 1 --- x
orbital number : 1
********************************************************************************************************************
Read input file "obs_params.in"
	Observable Type : Nq(All),   Sq(All),   N(All-Orbital),   Delta[s](All),   Delta[d](All),   Delta[s+](All)
** WARNING ** the input observables have non-local factors which have been reinterpreted. The total observable number is 96
********************************************************************************************************************


********************************************************************************************************************
Start calculating the non-Gaussian ED ground state
Maximal iteration number is 1000; energy resolution is 1e-06. Phonon state relaxation time is 2000
W = 0.2 is relatively large. The non-Gaussian ED calculation starts directly.
open output files: NGSED_iteration_observables.txt
********************************************************************************************************************
Start the 0 rounds of NGS-ED iteration
	effective electronic model is modified as: kinetic energy t = 1, t' = -0.3
	                                           effective interaction Vq = [0,0,0,0,0,0,0,0,0,0,0,0,0,0,0,0]
	first Hamiltonian is constructed, size = 4008592 and non-zero numbers = 969952276
	PARPACK diagonalization completed after 120 matrix-vector product operations.
	iteration results: : total energy is -14.904199 | electron energy -14.904199 + phonon energy 0.000000 | electron momentum kIdx = 10
	Nq(0) = 9,	Nq(1) = 0.183693,	Nq(2) = 0.250775,	Nq(3) = 0.183693,	Nq(4) = 0.183693,	Nq(5) = 0.258947,	
	Nq(6) = 0.308855,	Nq(7) = 0.258947,	Nq(8) = 0.250775,	Nq(9) = 0.308855,	Nq(10) = 0.355902,	
	Nq(11) = 0.308855,	Nq(12) = 0.183693,	Nq(13) = 0.258947,	Nq(14) = 0.308855,	Nq(15) = 0.258947;	
	Sq(0) = 3.45099e-18,	Sq(1) = 0.504384,	Sq(2) = 0.469115,	Sq(3) = 0.504384,	Sq(4) = 0.504384,	
	Sq(5) = 0.735911,	Sq(6) = 0.943053,	Sq(7) = 0.735911,	Sq(8) = 0.469115,	Sq(9) = 0.943053,	
	Sq(10) = 1.46495,	Sq(11) = 0.943053,	Sq(12) = 0.504384,	Sq(13) = 0.735911,	Sq(14) = 0.943053,	
	Sq(15) = 0.735911;	N(0) = 1.70338,	N(1) = 1.58882,	N(2) = 1.04187,	N(3) = 1.58882,	
	N(4) = 1.58882,	N(5) = 0.289608,	N(6) = 0.157281,	N(7) = 0.289608,	N(8) = 1.04187,	
	N(9) = 0.157281,	N(10) = 0.0700575,	N(11) = 0.157281,	N(12) = 1.58882,	N(13) = 0.289608,	
	N(14) = 0.157281,	N(15) = 0.289608;	Delta[s](0) = 0.0596255,	Delta[s](1) = 0.0410787,	Delta[s](2) = 0.0323636,	
	Delta[s](3) = 0.0410787,	Delta[s](4) = 0.0410787,	Delta[s](5) = 0.0224872,	Delta[s](6) = 0.0126592,	Delta[s](7) = 0.0224872,	
	Delta[s](8) = 0.0323636,	Delta[s](9) = 0.0126592,	Delta[s](10) = 0.00246411,	Delta[s](11) = 0.0126592,	Delta[s](12) = 0.0410787,	
	Delta[s](13) = 0.0224872,	Delta[s](14) = 0.0126592,	Delta[s](15) = 0.0224872;	Delta[d](0) = 0.273098,	Delta[d](1) = 0.219944,	
	Delta[d](2) = 0.26172,	Delta[d](3) = 0.219944,	Delta[d](4) = 0.219944,	Delta[d](5) = 0.148412,	Delta[d](6) = 0.197151,	
	Delta[d](7) = 0.148412,	Delta[d](8) = 0.26172,	Delta[d](9) = 0.197151,	Delta[d](10) = 0.328536,	Delta[d](11) = 0.197151,	
	Delta[d](12) = 0.219944,	Delta[d](13) = 0.148412,	Delta[d](14) = 0.197151,	Delta[d](15) = 0.148412;	Delta[s+](0) = 0.499215,	
	Delta[s+](1) = 0.348633,	Delta[s+](2) = 0.26172,	Delta[s+](3) = 0.348633,	Delta[s+](4) = 0.348633,	Delta[s+](5) = 0.158219,	
	Delta[s+](6) = 0.0716856,	Delta[s+](7) = 0.158219,	Delta[s+](8) = 0.26172,	Delta[s+](9) = 0.0716856,	Delta[s+](10) = 0.023648,	
	Delta[s+](11) = 0.0716856,	Delta[s+](12) = 0.348633,	Delta[s+](13) = 0.158219,	Delta[s+](14) = 0.0716856,	Delta[s+](15) = 0.158219
	
The 0-th iteration is completed.	|| time cost : 0h 2m 2.779s
********************************************************************************************************************
Start the 1 rounds of NGS-ED iteration
	effective electronic model is modified as: kinetic energy t = 0.987711, t' = -0.295509
	                                           effective interaction Vq = [     -1.25, -0.165401, -0.116176, -0.165401, -0.165401,  -0.12345,-0.0999046,  -0.12345, -0.116176,-0.0999046,-0.0884829,-0.0999046, -0.165401,  -0.12345,-0.0999046,  -0.12345]
	PARPACK diagonalization completed after 45 matrix-vector product operations.
	iteration results: : total energy is -26.374460 | electron energy -26.391285 + phonon energy 0.016825 | electron momentum kIdx = 10
The 1-th iteration is completed.	|| time cost : 0h 1m 18.14s
********************************************************************************************************************
Start the 2 rounds of NGS-ED iteration
	effective electronic model is modified as: kinetic energy t = 0.987649, t' = -0.295475
	                                           effective interaction Vq = [     -1.25, -0.167112, -0.115937, -0.167112, -0.167112, -0.123914,-0.0998469, -0.123914, -0.115937,-0.0998469,-0.0883688,-0.0998469, -0.167112, -0.123914,-0.0998469, -0.123914]
	PARPACK diagonalization completed after 30 matrix-vector product operations.
	iteration results: : total energy is -26.374467 | electron energy -26.391651 + phonon energy 0.017184 | electron momentum kIdx = 10
The 2-th iteration is completed.	|| time cost : 0h 0m 9.552s
********************************************************************************************************************
Start the 3 rounds of NGS-ED iteration
	effective electronic model is modified as: kinetic energy t = 0.987649, t' = -0.295474
	                                           effective interaction Vq = [     -1.25, -0.167149, -0.115924, -0.167149, -0.167149, -0.123917,-0.0998406, -0.123917, -0.115924,-0.0998406,-0.0883632,-0.0998406, -0.167149, -0.123917,-0.0998406, -0.123917]
	PARPACK diagonalization completed after 30 matrix-vector product operations.
	iteration results: : total energy is -26.374467 | electron energy -26.391653 + phonon energy 0.017187 | electron momentum kIdx = 10
The 3-th iteration is completed.	|| time cost : 0h 0m 9.568s
********************************************************************************************************************
Start the 4 rounds of NGS-ED iteration
	effective electronic model is modified as: kinetic energy t = 0.987649, t' = -0.295474
	                                           effective interaction Vq = [     -1.25,  -0.16715, -0.115923,  -0.16715,  -0.16715, -0.123917,-0.0998405, -0.123917, -0.115923,-0.0998405,-0.0883631,-0.0998405,  -0.16715, -0.123917,-0.0998405, -0.123917]
	PARPACK diagonalization completed after 30 matrix-vector product operations.
	iteration results: : total energy is -26.374467 | electron energy -26.391653 + phonon energy 0.017187 | electron momentum kIdx = 10
The 4-th iteration is completed.	|| time cost : 0h 0m 9.495s
********************************************************************************************************************
Start the 5 rounds of NGS-ED iteration
	effective electronic model is modified as: kinetic energy t = 0.987649, t' = -0.295474
	                                           effective interaction Vq = [     -1.25,  -0.16715, -0.115923,  -0.16715,  -0.16715, -0.123917,-0.0998405, -0.123917, -0.115923,-0.0998405,-0.0883631,-0.0998405,  -0.16715, -0.123917,-0.0998405, -0.123917]
	PARPACK diagonalization completed after 30 matrix-vector product operations.
	iteration results: : total energy is -26.374467 | electron energy -26.391653 + phonon energy 0.017187 | electron momentum kIdx = 10
	Nq(0) = 9,	Nq(1) = 0.186142,	Nq(2) = 0.251414,	Nq(3) = 0.186142,	Nq(4) = 0.186142,	Nq(5) = 0.261019,	
	Nq(6) = 0.310294,	Nq(7) = 0.261019,	Nq(8) = 0.251414,	Nq(9) = 0.310294,	Nq(10) = 0.357515,	
	Nq(11) = 0.310294,	Nq(12) = 0.186142,	Nq(13) = 0.261019,	Nq(14) = 0.310294,	Nq(15) = 0.261019;	
	Sq(0) = 6.51176e-19,	Sq(1) = 0.502723,	Sq(2) = 0.46689,	Sq(3) = 0.502723,	Sq(4) = 0.502723,	
	Sq(5) = 0.73288,	Sq(6) = 0.941084,	Sq(7) = 0.73288,	Sq(8) = 0.46689,	Sq(9) = 0.941084,	
	Sq(10) = 1.4693,	Sq(11) = 0.941084,	Sq(12) = 0.502723,	Sq(13) = 0.73288,	Sq(14) = 0.941084,	
	Sq(15) = 0.73288;	N(0) = 1.71013,	N(1) = 1.59724,	N(2) = 1.04019,	N(3) = 1.59724,	
	N(4) = 1.59724,	N(5) = 0.283106,	N(6) = 0.154619,	N(7) = 0.283106,	N(8) = 1.04019,	
	N(9) = 0.154619,	N(10) = 0.0696303,	N(11) = 0.154619,	N(12) = 1.59724,	N(13) = 0.283106,	
	N(14) = 0.154619,	N(15) = 0.283106;	Delta[s](0) = 0.0613709,	Delta[s](1) = 0.0423152,	Delta[s](2) = 0.0334183,	
	Delta[s](3) = 0.0423152,	Delta[s](4) = 0.0423152,	Delta[s](5) = 0.0232406,	Delta[s](6) = 0.0130394,	Delta[s](7) = 0.0232406,	
	Delta[s](8) = 0.0334183,	Delta[s](9) = 0.0130394,	Delta[s](10) = 0.00249319,	Delta[s](11) = 0.0130394,	Delta[s](12) = 0.0423152,	
	Delta[s](13) = 0.0232406,	Delta[s](14) = 0.0130394,	Delta[s](15) = 0.0232406;	Delta[d](0) = 0.273182,	Delta[d](1) = 0.220441,	
	Delta[d](2) = 0.262584,	Delta[d](3) = 0.220441,	Delta[d](4) = 0.220441,	Delta[d](5) = 0.148062,	Delta[d](6) = 0.196899,	
	Delta[d](7) = 0.148062,	Delta[d](8) = 0.262584,	Delta[d](9) = 0.196899,	Delta[d](10) = 0.331078,	Delta[d](11) = 0.196899,	
	Delta[d](12) = 0.220441,	Delta[d](13) = 0.148062,	Delta[d](14) = 0.196899,	Delta[d](15) = 0.148062;	Delta[s+](0) = 0.502064,	
	Delta[s+](1) = 0.350346,	Delta[s+](2) = 0.262584,	Delta[s+](3) = 0.350346,	Delta[s+](4) = 0.350346,	Delta[s+](5) = 0.158432,	
	Delta[s+](6) = 0.0712574,	Delta[s+](7) = 0.158432,	Delta[s+](8) = 0.262584,	Delta[s+](9) = 0.0712574,	Delta[s+](10) = 0.0234108,	
	Delta[s+](11) = 0.0712574,	Delta[s+](12) = 0.350346,	Delta[s+](13) = 0.158432,	Delta[s+](14) = 0.0712574,	Delta[s+](15) = 0.158432
	
The 5-th iteration is completed.	|| time cost : 0h 1m 20.264s
********************************************************************************************************************
********************************************************************************************************************
Ground state is obtained after 6 iterations. The current ground-state energy is -26.3745, in which electron energy is -26.3917 and phonon energy is 0.0171867
Final variational state is: 
	Gamma_x = [      1,1.16117,1.15224,1.16117,1.16117,1.16983,1.16311,1.16983,1.15224,1.16311,1.16701,1.16311,1.16117,1.16983,1.16311,1.16983]
	lambda_q = [      2.5, 0.173146, 0.118743, 0.173146, 0.173146,  0.12715, 0.101918,  0.12715, 0.118743, 0.101918,0.0899824, 0.101918, 0.173146,  0.12715, 0.101918,  0.12715]
Effective e-e interactions mediated by phonons are:
	momentum-space Vq = [     -1.25,  -0.16715, -0.115923,  -0.16715,  -0.16715, -0.123917,-0.0998405, -0.123917, -0.115923,-0.0998405,-0.0883631,-0.0998405,  -0.16715, -0.123917,-0.0998405, -0.123917]
	real-space Vr = [ -0.195865, -0.081016,-0.0671589, -0.081016, -0.081016,-0.0691573,-0.0641887,-0.0691573,-0.0671589,-0.0641887,-0.0623698,-0.0641887, -0.081016,-0.0691573,-0.0641887,-0.0691573]
********************************************************************************************************************
o___o  ----------------------------------------
| L |	Time since last clock: 0h 0m 0.004s
A===A	Time since the beginning: 0h 5m 9.806s
***********************************************


Non-Gaussina ED ground state calculation is completed. The final ground-state energy is -26.3745
********************************************************************************************************************
o___o  ----------------------------------------
| L |	Time since last clock: 0h 0m 0.002s
A===A	Time since the beginning: 0h 5m 9.809s
***********************************************



********************************************************************************************************************
All non-Gaussian ED ground state calculations have been completed. Exit now.
