SNEDics v3.4 Non-Gaussian ED ground state program		Start at Thu Sep 26 23:53:35 2019

parallized on 16 MPI threads  * 8 OpenMP threads = 128 total threads.
********************************************************************************************************************
********************************************************************************************************************

********************************************************************************************************************
System parameters and configurations
********************************************************************************************************************
Special program options are enabled: splitted diagonal Hamiltonian
********************************************************************************************************************
Read input file "model_params.in"
	Hubbard-Holstein model parameters : 	t = 1    U = 5    g = 3.1623    W = 5    
********************************************************************************************************************
Read input file "hilbertspace_params.in"
	Requested 16-site 2D lattice, with 12 electrons (6, 6)
	Boundary : Periodic		Hilbert space representation : momentum-space (restricted to kIdx = 0)
	Conservation: particle number[U(1)]      spin[U(1)]     momentum
********************************************************************************************************************

Cluster Positions:				Cluster symmetry group : D4
 x ... x ... x ... x .....                       x ... x ... x ... x .....
 |           |           :                       |           |           :
 |           |           :                       |           |           :
12    13    14    15     x                       1     5     6     5     x
 |           |           :                       |           |           :
 |           |           :                       |           |           :
 8 --- 9 ---10 ---11 --- x                       2 --- 6 ---10 --- 6 --- x
 |           |           :                       |           |           :
 |           |           :                       |           |           :
 4     5     6     7     x                       1     5     6     5     x
 |           |           :                       |           |           :
 |           |           :                       |           |           :
 0 --- 1 --- 2 --- 3 --- x                       0 --- 1 --- 2 --- 1 --- x
orbital number : 1
********************************************************************************************************************
Read input file "obs_params.in"
	Observable Type : Nq(All),   Sq(All),   N(All),   Delta[s](All),   Delta[d](All),   Delta[s+](All)
********************************************************************************************************************
** WARNING ** the input observables have non-local factors which have been reinterpreted. The total observable number is 96
********************************************************************************************************************


********************************************************************************************************************
Start calculating the non-Gaussian ED ground state
** WARNING ** Detected low phonon energy W < 10. The initial state will be prepared through a warm-up process.
********************************************************************************************************************
Start warm-up calculation for scaling factor 2
open output files: NGSEDWarmUpW10Obs.txt
********************************************************************************************************************
Start the 0 rounds of NGS-ED iteration
	effective electronic model is modified as: kinetic energy t = 1
	                                           effective interaction Vq = [-0,-0,-0,-0,-0,-0,-0,-0,-0,-0,-0,-0,-0,-0,-0,-0]
	first Hamiltonian is constructed, non-zero numbers = 969134044
	PARPACK diagonalization completed after 135 matrix-vector product operations.
	iteration results: : total energy is -16.786858 | electron energy -16.786858 + phonon energy 0.000000 | electron momentum kIdx = 0
	Nq(0) = 9,	Nq(1) = 0.230803,	Nq(2) = 0.307425,	Nq(3) = 0.230803,	Nq(4) = 0.230803,	Nq(5) = 0.283842,	Nq(6) = 0.381314,	Nq(7) = 0.283842,	Nq(8) = 0.307425,	Nq(9) = 0.381314,	Nq(10) = 0.469772,	Nq(11) = 0.381314,	Nq(12) = 0.230803,	Nq(13) = 0.283842,	Nq(14) = 0.381314,	Nq(15) = 0.283842,	Sq(0) = 1.84838e-18,	Sq(1) = 0.515182,	Sq(2) = 0.417645,	Sq(3) = 0.515182,	Sq(4) = 0.515182,	Sq(5) = 0.74857,	Sq(6) = 0.918152,	Sq(7) = 0.74857,	Sq(8) = 0.417645,	Sq(9) = 0.918152,	Sq(10) = 0.768634,	Sq(11) = 0.918152,	Sq(12) = 0.515182,	Sq(13) = 0.74857,	Sq(14) = 0.918152,	Sq(15) = 0.74857,	N(0) = 1.88012,	N(1) = 1.78772,	N(2) = 0.704777,	N(3) = 1.78772,	N(4) = 1.78772,	N(5) = 0.294282,	N(6) = 0.083142,	N(7) = 0.294282,	N(8) = 0.704777,	N(9) = 0.083142,	N(10) = 0.0497679,	N(11) = 0.083142,	N(12) = 1.78772,	N(13) = 0.294282,	N(14) = 0.083142,	N(15) = 0.294282,	Delta[s](0) = 0.103496,	Delta[s](1) = 0.0742297,	Delta[s](2) = 0.0573464,	Delta[s](3) = 0.0742297,	Delta[s](4) = 0.0742297,	Delta[s](5) = 0.0517104,	Delta[s](6) = 0.0254834,	Delta[s](7) = 0.0517104,	Delta[s](8) = 0.0573464,	Delta[s](9) = 0.0254834,	Delta[s](10) = 0.0103471,	Delta[s](11) = 0.0254834,	Delta[s](12) = 0.0742297,	Delta[s](13) = 0.0517104,	Delta[s](14) = 0.0254834,	Delta[s](15) = 0.0517104,	Delta[d](0) = 0.227735,	Delta[d](1) = 0.176511,	Delta[d](2) = 0.224702,	Delta[d](3) = 0.176511,	Delta[d](4) = 0.176511,	Delta[d](5) = 0.124576,	Delta[d](6) = 0.147269,	Delta[d](7) = 0.124576,	Delta[d](8) = 0.224702,	Delta[d](9) = 0.147269,	Delta[d](10) = 0.0580856,	Delta[d](11) = 0.147269,	Delta[d](12) = 0.176511,	Delta[d](13) = 0.124576,	Delta[d](14) = 0.147269,	Delta[d](15) = 0.124576,	Delta[s+](0) = 0.536815,	Delta[s+](1) = 0.366382,	Delta[s+](2) = 0.224702,	Delta[s+](3) = 0.366382,	Delta[s+](4) = 0.366382,	Delta[s+](5) = 0.175216,	Delta[s+](6) = 0.0587762,	Delta[s+](7) = 0.175216,	Delta[s+](8) = 0.224702,	Delta[s+](9) = 0.0587762,	Delta[s+](10) = 0.0143686,	Delta[s+](11) = 0.0587762,	Delta[s+](12) = 0.366382,	Delta[s+](13) = 0.175216,	Delta[s+](14) = 0.0587762,	Delta[s+](15) = 0.175216
The 0-th iteration is completed.	|| time cost : 0h 2m 57.26s
********************************************************************************************************************
Start the 1 rounds of NGS-ED iteration
	effective electronic model is modified as: kinetic energy t = 0.945888
	                                           effective interaction Vq = [-1.72935,-1.62351,-1.57146,-1.62351,-1.62351,-1.55842,-1.53968,-1.55842,-1.57146,-1.53968,-1.52523,-1.53968,-1.62351,-1.55842,-1.53968,-1.55842]
	PARPACK diagonalization completed after 45 matrix-vector product operations.
	iteration results: : total energy is -39.461085 | electron energy -39.463920 + phonon energy 0.002835 | electron momentum kIdx = 0
The 1-th iteration is completed.	|| time cost : 0h 2m 34.18s
********************************************************************************************************************
Start the 2 rounds of NGS-ED iteration
	effective electronic model is modified as: kinetic energy t = 0.912498
	                                           effective interaction Vq = [ -1.9634,-1.87354,-1.81013,-1.87354,-1.87354,-1.79053,-1.78364,-1.79053,-1.81013,-1.78364,-1.78081,-1.78364,-1.87354,-1.79053,-1.78364,-1.79053]
	PARPACK diagonalization completed after 30 matrix-vector product operations.
	iteration results: : total energy is -42.285116 | electron energy -42.304587 + phonon energy 0.019471 | electron momentum kIdx = 0
The 2-th iteration is completed.	|| time cost : 0h 0m 9.007s
********************************************************************************************************************
Start the 3 rounds of NGS-ED iteration
	effective electronic model is modified as: kinetic energy t = 0.901121
	                                           effective interaction Vq = [-1.99507,-1.92677,-1.86406,-1.92677,-1.92677,-1.84212,-1.84047,-1.84212,-1.86406,-1.84047,-1.84248,-1.84047,-1.92677,-1.84212,-1.84047,-1.84212]
	PARPACK diagonalization completed after 30 matrix-vector product operations.
	iteration results: : total energy is -42.641918 | electron energy -42.674330 + phonon energy 0.032412 | electron momentum kIdx = 0
The 3-th iteration is completed.	|| time cost : 0h 0m 9.054s
********************************************************************************************************************
Start the 4 rounds of NGS-ED iteration
	effective electronic model is modified as: kinetic energy t = 0.897545
	                                           effective interaction Vq = [-1.99936,-1.94092,-1.87878,-1.94092,-1.94092,-1.85586,-1.85619,-1.85586,-1.87878,-1.85619,-1.86002,-1.85619,-1.94092,-1.85586,-1.85619,-1.85586]
	PARPACK diagonalization completed after 30 matrix-vector product operations.
	iteration results: : total energy is -42.687510 | electron energy -42.725362 + phonon energy 0.037852 | electron momentum kIdx = 0
The 4-th iteration is completed.	|| time cost : 0h 0m 9.137s
********************************************************************************************************************
Start the 5 rounds of NGS-ED iteration
	effective electronic model is modified as: kinetic energy t = 0.896441
	                                           effective interaction Vq = [-1.99994,-1.94515,-1.88312,-1.94515,-1.94515,-1.85976,-1.86084,-1.85976,-1.88312,-1.86084,-1.86537,-1.86084,-1.94515,-1.85976,-1.86084,-1.85976]
	PARPACK diagonalization completed after 30 matrix-vector product operations.
	iteration results: : total energy is -42.693411 | electron energy -42.733133 + phonon energy 0.039722 | electron momentum kIdx = 0
The 5-th iteration is completed.	|| time cost : 0h 0m 9.085s
********************************************************************************************************************
Start the 6 rounds of NGS-ED iteration
	effective electronic model is modified as: kinetic energy t = 0.896101
	                                           effective interaction Vq = [-2.00002,-1.94647,-1.88443,-1.94647,-1.94647,-1.86089,-1.86225,-1.86089,-1.88443,-1.86225,-1.86705,-1.86225,-1.94647,-1.86089,-1.86225,-1.86089]
	PARPACK diagonalization completed after 30 matrix-vector product operations.
	iteration results: : total energy is -42.694183 | electron energy -42.734505 + phonon energy 0.040322 | electron momentum kIdx = 0
The 6-th iteration is completed.	|| time cost : 0h 0m 9.124s
********************************************************************************************************************
Start the 7 rounds of NGS-ED iteration
	effective electronic model is modified as: kinetic energy t = 0.895996
	                                           effective interaction Vq = [-2.00003,-1.94689,-1.88484,-1.94689,-1.94689,-1.86123,-1.86268,-1.86123,-1.88484,-1.86268,-1.86757,-1.86268,-1.94689,-1.86123,-1.86268,-1.86123]
	PARPACK diagonalization completed after 30 matrix-vector product operations.
	iteration results: : total energy is -42.694285 | electron energy -42.734794 + phonon energy 0.040509 | electron momentum kIdx = 0
The 7-th iteration is completed.	|| time cost : 0h 0m 9.153s
********************************************************************************************************************
Start the 8 rounds of NGS-ED iteration
	effective electronic model is modified as: kinetic energy t = 0.895964
	                                           effective interaction Vq = [-2.00003,-1.94702,-1.88496,-1.94702,-1.94702,-1.86132,-1.86281,-1.86132,-1.88496,-1.86281,-1.86774,-1.86281,-1.94702,-1.86132,-1.86281,-1.86132]
	PARPACK diagonalization completed after 30 matrix-vector product operations.
	iteration results: : total energy is -42.694298 | electron energy -42.734866 + phonon energy 0.040567 | electron momentum kIdx = 0
	Nq(0) = 9,	Nq(1) = 0.335251,	Nq(2) = 0.408299,	Nq(3) = 0.335251,	Nq(4) = 0.335251,	Nq(5) = 0.36099,	Nq(6) = 0.538133,	Nq(7) = 0.36099,	Nq(8) = 0.408299,	Nq(9) = 0.538133,	Nq(10) = 0.725461,	Nq(11) = 0.538133,	Nq(12) = 0.335251,	Nq(13) = 0.36099,	Nq(14) = 0.538133,	Nq(15) = 0.36099,	Sq(0) = 3.7514e-21,	Sq(1) = 0.420529,	Sq(2) = 0.395012,	Sq(3) = 0.420529,	Sq(4) = 0.420529,	Sq(5) = 0.628899,	Sq(6) = 0.712936,	Sq(7) = 0.628899,	Sq(8) = 0.395012,	Sq(9) = 0.712936,	Sq(10) = 0.68096,	Sq(11) = 0.712936,	Sq(12) = 0.420529,	Sq(13) = 0.628899,	Sq(14) = 0.712936,	Sq(15) = 0.628899,	N(0) = 1.98785,	N(1) = 1.97966,	N(2) = 0.659885,	N(3) = 1.97966,	N(4) = 1.97966,	N(5) = 0.183087,	N(6) = 0.00913708,	N(7) = 0.183087,	N(8) = 0.659885,	N(9) = 0.00913708,	N(10) = 0.00485366,	N(11) = 0.00913708,	N(12) = 1.97966,	N(13) = 0.183087,	N(14) = 0.00913708,	N(15) = 0.183087,	Delta[s](0) = 0.194256,	Delta[s](1) = 0.137531,	Delta[s](2) = 0.12178,	Delta[s](3) = 0.137531,	Delta[s](4) = 0.137531,	Delta[s](5) = 0.109122,	Delta[s](6) = 0.0691919,	Delta[s](7) = 0.109122,	Delta[s](8) = 0.12178,	Delta[s](9) = 0.0691919,	Delta[s](10) = 0.0385835,	Delta[s](11) = 0.0691919,	Delta[s](12) = 0.137531,	Delta[s](13) = 0.109122,	Delta[s](14) = 0.0691919,	Delta[s](15) = 0.109122,	Delta[d](0) = 0.23748,	Delta[d](1) = 0.176491,	Delta[d](2) = 0.217356,	Delta[d](3) = 0.176491,	Delta[d](4) = 0.176491,	Delta[d](5) = 0.130813,	Delta[d](6) = 0.134153,	Delta[d](7) = 0.130813,	Delta[d](8) = 0.217356,	Delta[d](9) = 0.134153,	Delta[d](10) = 0.0353946,	Delta[d](11) = 0.134153,	Delta[d](12) = 0.176491,	Delta[d](13) = 0.130813,	Delta[d](14) = 0.134153,	Delta[d](15) = 0.130813,	Delta[s+](0) = 0.514414,	Delta[s+](1) = 0.353614,	Delta[s+](2) = 0.217356,	Delta[s+](3) = 0.353614,	Delta[s+](4) = 0.353614,	Delta[s+](5) = 0.163104,	Delta[s+](6) = 0.0503746,	Delta[s+](7) = 0.163104,	Delta[s+](8) = 0.217356,	Delta[s+](9) = 0.0503746,	Delta[s+](10) = 0.0114832,	Delta[s+](11) = 0.0503746,	Delta[s+](12) = 0.353614,	Delta[s+](13) = 0.163104,	Delta[s+](14) = 0.0503746,	Delta[s+](15) = 0.163104
The 8-th iteration is completed.	|| time cost : 0h 1m 27.694s
********************************************************************************************************************
********************************************************************************************************************
Ground state is obtained after 9 iterations. The current ground-state energy is -42.6943, in which electron energy is -42.7349 and phonon energy is 0.0405673
final variational state is: 
	Gamma_x = [      1,1.01843,1.03021,1.01843,1.01843, 1.0284,1.04247, 1.0284,1.03021,1.04247,1.05696,1.04247,1.01843, 1.0284,1.04247, 1.0284]
	lambda_q = [0.447162,0.374441,0.339965,0.374441,0.374441,0.329455,0.330092,0.329455,0.339965,0.330092,0.332223,0.330092,0.374441,0.329455,0.330092,0.329455]
********************************************************************************************************************
o___o  ----------------------------------------
| L |	Time since last clock: 0h 0m 0s
A===A	Time since the beginning: 0h 7m 53.698s
***********************************************


********************************************************************************************************************
Warm up runs have been completed. Start calculating W = 5 phonon.
open output files: NGSEDIterationObs.txt
********************************************************************************************************************
Start the 0 rounds of NGS-ED iteration
	effective electronic model is modified as: kinetic energy t = 0.895954
	                                           effective interaction Vq = [-1.82835,-1.66716,-1.57226,-1.66716,-1.66716,-1.54097, -1.5429,-1.54097,-1.57226, -1.5429,-1.54932, -1.5429,-1.66716,-1.54097, -1.5429,-1.54097]
	PARPACK diagonalization completed after 45 matrix-vector product operations.
	iteration results: : total energy is -39.221658 | electron energy -39.241951 + phonon energy 0.020293 | electron momentum kIdx = 0
	Nq(0) = 9,	Nq(1) = 0.314494,	Nq(2) = 0.384376,	Nq(3) = 0.314494,	Nq(4) = 0.314494,	Nq(5) = 0.344161,	Nq(6) = 0.499952,	Nq(7) = 0.344161,	Nq(8) = 0.384376,	Nq(9) = 0.499952,	Nq(10) = 0.660954,	Nq(11) = 0.499952,	Nq(12) = 0.314494,	Nq(13) = 0.344161,	Nq(14) = 0.499952,	Nq(15) = 0.344161,	Sq(0) = -1.13285e-17,	Sq(1) = 0.44185,	Sq(2) = 0.402104,	Sq(3) = 0.44185,	Sq(4) = 0.44185,	Sq(5) = 0.657866,	Sq(6) = 0.756783,	Sq(7) = 0.657866,	Sq(8) = 0.402104,	Sq(9) = 0.756783,	Sq(10) = 0.705663,	Sq(11) = 0.756783,	Sq(12) = 0.44185,	Sq(13) = 0.657866,	Sq(14) = 0.756783,	Sq(15) = 0.657866,	N(0) = 1.97392,	N(1) = 1.95531,	N(2) = 0.664988,	N(3) = 1.95531,	N(4) = 1.95531,	N(5) = 0.196435,	N(6) = 0.0196019,	N(7) = 0.196435,	N(8) = 0.664988,	N(9) = 0.0196019,	N(10) = 0.0106955,	N(11) = 0.0196019,	N(12) = 1.95531,	N(13) = 0.196435,	N(14) = 0.0196019,	N(15) = 0.196435,	Delta[s](0) = 0.165993,	Delta[s](1) = 0.121078,	Delta[s](2) = 0.105931,	Delta[s](3) = 0.121078,	Delta[s](4) = 0.121078,	Delta[s](5) = 0.0961668,	Delta[s](6) = 0.0620191,	Delta[s](7) = 0.0961668,	Delta[s](8) = 0.105931,	Delta[s](9) = 0.0620191,	Delta[s](10) = 0.0371544,	Delta[s](11) = 0.0620191,	Delta[s](12) = 0.121078,	Delta[s](13) = 0.0961668,	Delta[s](14) = 0.0620191,	Delta[s](15) = 0.0961668,	Delta[d](0) = 0.23906,	Delta[d](1) = 0.180695,	Delta[d](2) = 0.225449,	Delta[d](3) = 0.180695,	Delta[d](4) = 0.180695,	Delta[d](5) = 0.133991,	Delta[d](6) = 0.142701,	Delta[d](7) = 0.133991,	Delta[d](8) = 0.225449,	Delta[d](9) = 0.142701,	Delta[d](10) = 0.0450368,	Delta[d](11) = 0.142701,	Delta[d](12) = 0.180695,	Delta[d](13) = 0.133991,	Delta[d](14) = 0.142701,	Delta[d](15) = 0.133991,	Delta[s+](0) = 0.532756,	Delta[s+](1) = 0.365814,	Delta[s+](2) = 0.225449,	Delta[s+](3) = 0.365814,	Delta[s+](4) = 0.365814,	Delta[s+](5) = 0.171618,	Delta[s+](6) = 0.0560944,	Delta[s+](7) = 0.171618,	Delta[s+](8) = 0.225449,	Delta[s+](9) = 0.0560944,	Delta[s+](10) = 0.0142529,	Delta[s+](11) = 0.0560944,	Delta[s+](12) = 0.365814,	Delta[s+](13) = 0.171618,	Delta[s+](14) = 0.0560944,	Delta[s+](15) = 0.171618
The 0-th iteration is completed.	|| time cost : 0h 1m 26.23s
********************************************************************************************************************
Start the 1 rounds of NGS-ED iteration
	effective electronic model is modified as: kinetic energy t = 0.883903
	                                           effective interaction Vq = [-1.93687,-1.76114,-1.64363,-1.76114,-1.76114,-1.60584,-1.60418,-1.60584,-1.64363,-1.60418,-1.60996,-1.60418,-1.76114,-1.60584,-1.60418,-1.60584]
	PARPACK diagonalization completed after 30 matrix-vector product operations.
	iteration results: : total energy is -40.306840 | electron energy -40.364836 + phonon energy 0.057996 | electron momentum kIdx = 0
The 1-th iteration is completed.	|| time cost : 0h 0m 9.15s
********************************************************************************************************************
Start the 2 rounds of NGS-ED iteration
	effective electronic model is modified as: kinetic energy t = 0.877036
	                                           effective interaction Vq = [-1.97679,-1.80644,-1.67936,-1.80644,-1.80644,-1.63775,-1.63651,-1.63775,-1.67936,-1.63651, -1.6438,-1.63651,-1.80644,-1.63775,-1.63651,-1.63775]
	PARPACK diagonalization completed after 30 matrix-vector product operations.
	iteration results: : total energy is -40.697938 | electron energy -40.782275 + phonon energy 0.084337 | electron momentum kIdx = 0
The 2-th iteration is completed.	|| time cost : 0h 0m 9.151s
********************************************************************************************************************
Start the 3 rounds of NGS-ED iteration
	effective electronic model is modified as: kinetic energy t = 0.873239
	                                           effective interaction Vq = [-1.99148,-1.82935,-1.69771,-1.82935,-1.82935,-1.65379,-1.65362,-1.65379,-1.69771,-1.65362,-1.66241,-1.65362,-1.82935,-1.65379,-1.65362,-1.65379]
	PARPACK diagonalization completed after 30 matrix-vector product operations.
	iteration results: : total energy is -40.839419 | electron energy -40.939365 + phonon energy 0.099946 | electron momentum kIdx = 0
The 3-th iteration is completed.	|| time cost : 0h 0m 9.126s
********************************************************************************************************************
Start the 4 rounds of NGS-ED iteration
	effective electronic model is modified as: kinetic energy t = 0.871171
	                                           effective interaction Vq = [-1.99688, -1.8413, -1.7073, -1.8413, -1.8413,-1.66196, -1.6627,-1.66196, -1.7073, -1.6627,-1.67262, -1.6627, -1.8413,-1.66196, -1.6627,-1.66196]
	PARPACK diagonalization completed after 30 matrix-vector product operations.
	iteration results: : total energy is -40.890761 | electron energy -40.999473 + phonon energy 0.108711 | electron momentum kIdx = 0
The 4-th iteration is completed.	|| time cost : 0h 0m 9.052s
********************************************************************************************************************
Start the 5 rounds of NGS-ED iteration
	effective electronic model is modified as: kinetic energy t = 0.870053
	                                           effective interaction Vq = [-1.99887,-1.84765,-1.71235,-1.84765,-1.84765,-1.66615,-1.66754,-1.66615,-1.71235,-1.66754,-1.67823,-1.66754,-1.84765,-1.66615,-1.66754,-1.66615]
	PARPACK diagonalization completed after 30 matrix-vector product operations.
	iteration results: : total energy is -40.909442 | electron energy -41.022966 + phonon energy 0.113524 | electron momentum kIdx = 0
The 5-th iteration is completed.	|| time cost : 0h 0m 9.038s
********************************************************************************************************************
Start the 6 rounds of NGS-ED iteration
	effective electronic model is modified as: kinetic energy t = 0.869451
	                                           effective interaction Vq = [ -1.9996,-1.85108,-1.71503,-1.85108,-1.85108,-1.66831,-1.67012,-1.66831,-1.71503,-1.67012,-1.68132,-1.67012,-1.85108,-1.66831,-1.67012,-1.66831]
	PARPACK diagonalization completed after 30 matrix-vector product operations.
	iteration results: : total energy is -40.916254 | electron energy -41.032392 + phonon energy 0.116137 | electron momentum kIdx = 0
The 6-th iteration is completed.	|| time cost : 0h 0m 9.051s
********************************************************************************************************************
Start the 7 rounds of NGS-ED iteration
	effective electronic model is modified as: kinetic energy t = 0.869128
	                                           effective interaction Vq = [-1.99987,-1.85293,-1.71645,-1.85293,-1.85293,-1.66942, -1.6715,-1.66942,-1.71645, -1.6715,-1.68301, -1.6715,-1.85293,-1.66942, -1.6715,-1.66942]
	PARPACK diagonalization completed after 30 matrix-vector product operations.
	iteration results: : total energy is -40.918743 | electron energy -41.036292 + phonon energy 0.117549 | electron momentum kIdx = 0
The 7-th iteration is completed.	|| time cost : 0h 0m 9.056s
********************************************************************************************************************
Start the 8 rounds of NGS-ED iteration
	effective electronic model is modified as: kinetic energy t = 0.868954
	                                           effective interaction Vq = [-1.99997,-1.85394,-1.71721,-1.85394,-1.85394,   -1.67,-1.67224,   -1.67,-1.71721,-1.67224,-1.68395,-1.67224,-1.85394,   -1.67,-1.67224,   -1.67]
	PARPACK diagonalization completed after 30 matrix-vector product operations.
	iteration results: : total energy is -40.919653 | electron energy -41.037963 + phonon energy 0.118310 | electron momentum kIdx = 0
The 8-th iteration is completed.	|| time cost : 0h 0m 9.178s
********************************************************************************************************************
Start the 9 rounds of NGS-ED iteration
	effective electronic model is modified as: kinetic energy t = 0.86886
	                                           effective interaction Vq = [-2.00001,-1.85448,-1.71762,-1.85448,-1.85448,-1.67029,-1.67263,-1.67029,-1.71762,-1.67263,-1.68447,-1.67263,-1.85448,-1.67029,-1.67263,-1.67029]
	PARPACK diagonalization completed after 30 matrix-vector product operations.
	iteration results: : total energy is -40.919987 | electron energy -41.038706 + phonon energy 0.118719 | electron momentum kIdx = 0
The 9-th iteration is completed.	|| time cost : 0h 0m 9.022s
********************************************************************************************************************
Start the 10 rounds of NGS-ED iteration
	effective electronic model is modified as: kinetic energy t = 0.86881
	                                           effective interaction Vq = [-2.00002,-1.85478,-1.71783,-1.85478,-1.85478,-1.67045,-1.67284,-1.67045,-1.71783,-1.67284,-1.68475,-1.67284,-1.85478,-1.67045,-1.67284,-1.67045]
	PARPACK diagonalization completed after 30 matrix-vector product operations.
	iteration results: : total energy is -40.920109 | electron energy -41.039048 + phonon energy 0.118939 | electron momentum kIdx = 0
	Nq(0) = 9,	Nq(1) = 0.328843,	Nq(2) = 0.394079,	Nq(3) = 0.328843,	Nq(4) = 0.328843,	Nq(5) = 0.349144,	Nq(6) = 0.510941,	Nq(7) = 0.349144,	Nq(8) = 0.394079,	Nq(9) = 0.510941,	Nq(10) = 0.680886,	Nq(11) = 0.510941,	Nq(12) = 0.328843,	Nq(13) = 0.349144,	Nq(14) = 0.510941,	Nq(15) = 0.349144,	Sq(0) = -7.70849e-18,	Sq(1) = 0.432797,	Sq(2) = 0.399759,	Sq(3) = 0.432797,	Sq(4) = 0.432797,	Sq(5) = 0.646709,	Sq(6) = 0.739925,	Sq(7) = 0.646709,	Sq(8) = 0.399759,	Sq(9) = 0.739925,	Sq(10) = 0.697998,	Sq(11) = 0.739925,	Sq(12) = 0.432797,	Sq(13) = 0.646709,	Sq(14) = 0.739925,	Sq(15) = 0.646709,	N(0) = 1.97938,	N(1) = 1.96617,	N(2) = 0.657478,	N(3) = 1.96617,	N(4) = 1.96617,	N(5) = 0.192744,	N(6) = 0.0153819,	N(7) = 0.192744,	N(8) = 0.657478,	N(9) = 0.0153819,	N(10) = 0.00849644,	N(11) = 0.0153819,	N(12) = 1.96617,	N(13) = 0.192744,	N(14) = 0.0153819,	N(15) = 0.192744,	Delta[s](0) = 0.169895,	Delta[s](1) = 0.125251,	Delta[s](2) = 0.110739,	Delta[s](3) = 0.125251,	Delta[s](4) = 0.125251,	Delta[s](5) = 0.101147,	Delta[s](6) = 0.0680545,	Delta[s](7) = 0.101147,	Delta[s](8) = 0.110739,	Delta[s](9) = 0.0680545,	Delta[s](10) = 0.0431951,	Delta[s](11) = 0.0680545,	Delta[s](12) = 0.125251,	Delta[s](13) = 0.101147,	Delta[s](14) = 0.0680545,	Delta[s](15) = 0.101147,	Delta[d](0) = 0.24718,	Delta[d](1) = 0.187869,	Delta[d](2) = 0.231305,	Delta[d](3) = 0.187869,	Delta[d](4) = 0.187869,	Delta[d](5) = 0.1402,	Delta[d](6) = 0.147017,	Delta[d](7) = 0.1402,	Delta[d](8) = 0.231305,	Delta[d](9) = 0.147017,	Delta[d](10) = 0.0494445,	Delta[d](11) = 0.147017,	Delta[d](12) = 0.187869,	Delta[d](13) = 0.1402,	Delta[d](14) = 0.147017,	Delta[d](15) = 0.1402,	Delta[s+](0) = 0.544602,	Delta[s+](1) = 0.37474,	Delta[s+](2) = 0.231305,	Delta[s+](3) = 0.37474,	Delta[s+](4) = 0.37474,	Delta[s+](5) = 0.177176,	Delta[s+](6) = 0.0592712,	Delta[s+](7) = 0.177176,	Delta[s+](8) = 0.231305,	Delta[s+](9) = 0.0592712,	Delta[s+](10) = 0.0160932,	Delta[s+](11) = 0.0592712,	Delta[s+](12) = 0.37474,	Delta[s+](13) = 0.177176,	Delta[s+](14) = 0.0592712,	Delta[s+](15) = 0.177176
The 10-th iteration is completed.	|| time cost : 0h 1m 23.804s
********************************************************************************************************************
Start the 11 rounds of NGS-ED iteration
	effective electronic model is modified as: kinetic energy t = 0.868783
	                                           effective interaction Vq = [-2.00003,-1.85495,-1.71795,-1.85495,-1.85495,-1.67053,-1.67295,-1.67053,-1.71795,-1.67295,-1.68491,-1.67295,-1.85495,-1.67053,-1.67295,-1.67053]
	PARPACK diagonalization completed after 30 matrix-vector product operations.
	iteration results: : total energy is -40.920154 | electron energy -41.039211 + phonon energy 0.119058 | electron momentum kIdx = 0
The 11-th iteration is completed.	|| time cost : 0h 0m 9.129s
********************************************************************************************************************
Start the 12 rounds of NGS-ED iteration
	effective electronic model is modified as: kinetic energy t = 0.868769
	                                           effective interaction Vq = [-2.00003,-1.85504,-1.71801,-1.85504,-1.85504,-1.67057,-1.67301,-1.67057,-1.71801,-1.67301,-1.68499,-1.67301,-1.85504,-1.67057,-1.67301,-1.67057]
	PARPACK diagonalization completed after 30 matrix-vector product operations.
	iteration results: : total energy is -40.920170 | electron energy -41.039292 + phonon energy 0.119121 | electron momentum kIdx = 0
The 12-th iteration is completed.	|| time cost : 0h 0m 9.198s
********************************************************************************************************************
Start the 13 rounds of NGS-ED iteration
	effective electronic model is modified as: kinetic energy t = 0.868761
	                                           effective interaction Vq = [-2.00003,-1.85508,-1.71804,-1.85508,-1.85508,-1.67059,-1.67304,-1.67059,-1.71804,-1.67304,-1.68504,-1.67304,-1.85508,-1.67059,-1.67304,-1.67059]
	PARPACK diagonalization completed after 30 matrix-vector product operations.
	iteration results: : total energy is -40.920176 | electron energy -41.039332 + phonon energy 0.119156 | electron momentum kIdx = 0
The 13-th iteration is completed.	|| time cost : 0h 0m 9.046s
********************************************************************************************************************
Start the 14 rounds of NGS-ED iteration
	effective electronic model is modified as: kinetic energy t = 0.868757
	                                           effective interaction Vq = [-2.00003,-1.85511,-1.71806,-1.85511,-1.85511, -1.6706,-1.67306, -1.6706,-1.71806,-1.67306,-1.68507,-1.67306,-1.85511, -1.6706,-1.67306, -1.6706]
	PARPACK diagonalization completed after 30 matrix-vector product operations.
	iteration results: : total energy is -40.920178 | electron energy -41.039352 + phonon energy 0.119174 | electron momentum kIdx = 0
The 14-th iteration is completed.	|| time cost : 0h 0m 9.038s
********************************************************************************************************************
Start the 15 rounds of NGS-ED iteration
	effective electronic model is modified as: kinetic energy t = 0.868754
	                                           effective interaction Vq = [-2.00003,-1.85513,-1.71807,-1.85513,-1.85513, -1.6706,-1.67307, -1.6706,-1.71807,-1.67307,-1.68508,-1.67307,-1.85513, -1.6706,-1.67307, -1.6706]
	PARPACK diagonalization completed after 30 matrix-vector product operations.
	iteration results: : total energy is -40.920179 | electron energy -41.039363 + phonon energy 0.119184 | electron momentum kIdx = 0
The 15-th iteration is completed.	|| time cost : 0h 0m 9.037s
********************************************************************************************************************
Start the 16 rounds of NGS-ED iteration
	effective electronic model is modified as: kinetic energy t = 0.868753
	                                           effective interaction Vq = [-2.00003,-1.85513,-1.71807,-1.85513,-1.85513,-1.67061,-1.67307,-1.67061,-1.71807,-1.67307,-1.68509,-1.67307,-1.85513,-1.67061,-1.67307,-1.67061]
	PARPACK diagonalization completed after 30 matrix-vector product operations.
	iteration results: : total energy is -40.920180 | electron energy -41.039369 + phonon energy 0.119189 | electron momentum kIdx = 0
The 16-th iteration is completed.	|| time cost : 0h 0m 9.119s
********************************************************************************************************************
Start the 17 rounds of NGS-ED iteration
	effective electronic model is modified as: kinetic energy t = 0.868753
	                                           effective interaction Vq = [-2.00003,-1.85514,-1.71808,-1.85514,-1.85514,-1.67061,-1.67308,-1.67061,-1.71808,-1.67308, -1.6851,-1.67308,-1.85514,-1.67061,-1.67308,-1.67061]
	PARPACK diagonalization completed after 30 matrix-vector product operations.
	iteration results: : total energy is -40.920180 | electron energy -41.039372 + phonon energy 0.119192 | electron momentum kIdx = 0
The 17-th iteration is completed.	|| time cost : 0h 0m 9.107s
********************************************************************************************************************
Start the 18 rounds of NGS-ED iteration
	effective electronic model is modified as: kinetic energy t = 0.868752
	                                           effective interaction Vq = [-2.00003,-1.85514,-1.71808,-1.85514,-1.85514,-1.67061,-1.67308,-1.67061,-1.71808,-1.67308, -1.6851,-1.67308,-1.85514,-1.67061,-1.67308,-1.67061]
	PARPACK diagonalization completed after 30 matrix-vector product operations.
	iteration results: : total energy is -40.920180 | electron energy -41.039373 + phonon energy 0.119194 | electron momentum kIdx = 0
The 18-th iteration is completed.	|| time cost : 0h 0m 9.104s
********************************************************************************************************************
Start the 19 rounds of NGS-ED iteration
	effective electronic model is modified as: kinetic energy t = 0.868752
	                                           effective interaction Vq = [-2.00003,-1.85514,-1.71808,-1.85514,-1.85514,-1.67061,-1.67308,-1.67061,-1.71808,-1.67308, -1.6851,-1.67308,-1.85514,-1.67061,-1.67308,-1.67061]
	PARPACK diagonalization completed after 30 matrix-vector product operations.
	iteration results: : total energy is -40.920180 | electron energy -41.039374 + phonon energy 0.119195 | electron momentum kIdx = 0
The 19-th iteration is completed.	|| time cost : 0h 0m 9.122s
********************************************************************************************************************
Start the 20 rounds of NGS-ED iteration
	effective electronic model is modified as: kinetic energy t = 0.868752
	                                           effective interaction Vq = [-2.00003,-1.85514,-1.71808,-1.85514,-1.85514,-1.67061,-1.67308,-1.67061,-1.71808,-1.67308, -1.6851,-1.67308,-1.85514,-1.67061,-1.67308,-1.67061]
	PARPACK diagonalization completed after 30 matrix-vector product operations.
	iteration results: : total energy is -40.920180 | electron energy -41.039375 + phonon energy 0.119195 | electron momentum kIdx = 0
	Nq(0) = 9,	Nq(1) = 0.328872,	Nq(2) = 0.394097,	Nq(3) = 0.328872,	Nq(4) = 0.328872,	Nq(5) = 0.349147,	Nq(6) = 0.510961,	Nq(7) = 0.349147,	Nq(8) = 0.394097,	Nq(9) = 0.510961,	Nq(10) = 0.68095,	Nq(11) = 0.510961,	Nq(12) = 0.328872,	Nq(13) = 0.349147,	Nq(14) = 0.510961,	Nq(15) = 0.349147,	Sq(0) = 1.17282e-17,	Sq(1) = 0.432779,	Sq(2) = 0.399753,	Sq(3) = 0.432779,	Sq(4) = 0.432779,	Sq(5) = 0.646689,	Sq(6) = 0.739893,	Sq(7) = 0.646689,	Sq(8) = 0.399753,	Sq(9) = 0.739893,	Sq(10) = 0.697985,	Sq(11) = 0.739893,	Sq(12) = 0.432779,	Sq(13) = 0.646689,	Sq(14) = 0.739893,	Sq(15) = 0.646689,	N(0) = 1.97939,	N(1) = 1.96618,	N(2) = 0.657449,	N(3) = 1.96618,	N(4) = 1.96618,	N(5) = 0.192746,	N(6) = 0.0153743,	N(7) = 0.192746,	N(8) = 0.657449,	N(9) = 0.0153743,	N(10) = 0.00849246,	N(11) = 0.0153743,	N(12) = 1.96618,	N(13) = 0.192746,	N(14) = 0.0153743,	N(15) = 0.192746,	Delta[s](0) = 0.169901,	Delta[s](1) = 0.125259,	Delta[s](2) = 0.110748,	Delta[s](3) = 0.125259,	Delta[s](4) = 0.125259,	Delta[s](5) = 0.101156,	Delta[s](6) = 0.0680668,	Delta[s](7) = 0.101156,	Delta[s](8) = 0.110748,	Delta[s](9) = 0.0680668,	Delta[s](10) = 0.0432074,	Delta[s](11) = 0.0680668,	Delta[s](12) = 0.125259,	Delta[s](13) = 0.101156,	Delta[s](14) = 0.0680668,	Delta[s](15) = 0.101156,	Delta[d](0) = 0.247239,	Delta[d](1) = 0.187914,	Delta[d](2) = 0.231356,	Delta[d](3) = 0.187914,	Delta[d](4) = 0.187914,	Delta[d](5) = 0.140238,	Delta[d](6) = 0.14705,	Delta[d](7) = 0.140238,	Delta[d](8) = 0.231356,	Delta[d](9) = 0.14705,	Delta[d](10) = 0.0494628,	Delta[d](11) = 0.14705,	Delta[d](12) = 0.187914,	Delta[d](13) = 0.140238,	Delta[d](14) = 0.14705,	Delta[d](15) = 0.140238,	Delta[s+](0) = 0.544723,	Delta[s+](1) = 0.374825,	Delta[s+](2) = 0.231356,	Delta[s+](3) = 0.374825,	Delta[s+](4) = 0.374825,	Delta[s+](5) = 0.177219,	Delta[s+](6) = 0.0592883,	Delta[s+](7) = 0.177219,	Delta[s+](8) = 0.231356,	Delta[s+](9) = 0.0592883,	Delta[s+](10) = 0.0161,	Delta[s+](11) = 0.0592883,	Delta[s+](12) = 0.374825,	Delta[s+](13) = 0.177219,	Delta[s+](14) = 0.0592883,	Delta[s+](15) = 0.177219
The 20-th iteration is completed.	|| time cost : 0h 1m 24.459s
********************************************************************************************************************
Start the 21 rounds of NGS-ED iteration
	effective electronic model is modified as: kinetic energy t = 0.868752
	                                           effective interaction Vq = [-2.00003,-1.85514,-1.71808,-1.85514,-1.85514,-1.67061,-1.67308,-1.67061,-1.71808,-1.67308, -1.6851,-1.67308,-1.85514,-1.67061,-1.67308,-1.67061]
	PARPACK diagonalization completed after 30 matrix-vector product operations.
	iteration results: : total energy is -40.920180 | electron energy -41.039375 + phonon energy 0.119195 | electron momentum kIdx = 0
The 21-th iteration is completed.	|| time cost : 0h 0m 8.995s
********************************************************************************************************************
Start the 22 rounds of NGS-ED iteration
	effective electronic model is modified as: kinetic energy t = 0.868752
	                                           effective interaction Vq = [-2.00003,-1.85514,-1.71808,-1.85514,-1.85514,-1.67061,-1.67308,-1.67061,-1.71808,-1.67308, -1.6851,-1.67308,-1.85514,-1.67061,-1.67308,-1.67061]
	PARPACK diagonalization completed after 30 matrix-vector product operations.
	iteration results: : total energy is -40.920180 | electron energy -41.039375 + phonon energy 0.119195 | electron momentum kIdx = 0
The 22-th iteration is completed.	|| time cost : 0h 0m 8.998s
********************************************************************************************************************
Start the 23 rounds of NGS-ED iteration
	effective electronic model is modified as: kinetic energy t = 0.868752
	                                           effective interaction Vq = [-2.00003,-1.85514,-1.71808,-1.85514,-1.85514,-1.67061,-1.67308,-1.67061,-1.71808,-1.67308, -1.6851,-1.67308,-1.85514,-1.67061,-1.67308,-1.67061]
	PARPACK diagonalization completed after 30 matrix-vector product operations.
	iteration results: : total energy is -40.920180 | electron energy -41.039375 + phonon energy 0.119195 | electron momentum kIdx = 0
The 23-th iteration is completed.	|| time cost : 0h 0m 9.008s
********************************************************************************************************************
Start the 24 rounds of NGS-ED iteration
	effective electronic model is modified as: kinetic energy t = 0.868752
	                                           effective interaction Vq = [-2.00003,-1.85514,-1.71808,-1.85514,-1.85514,-1.67061,-1.67308,-1.67061,-1.71808,-1.67308, -1.6851,-1.67308,-1.85514,-1.67061,-1.67308,-1.67061]
	PARPACK diagonalization completed after 30 matrix-vector product operations.
	iteration results: : total energy is -40.920180 | electron energy -41.039375 + phonon energy 0.119195 | electron momentum kIdx = 0
