SNEDics v3.22.2 Non-Gaussian ED ground state program		Start at Tue Apr 19 06:25:57 2022

Parallelization: 32 MPI threads  * 8 OpenMP threads = 256 total threads.
********************************************************************************************************************
********************************************************************************************************************

********************************************************************************************************************
System parameters and configurations
	special program options are enabled: splitted diagonal Hamiltonian | splitted Hamiltonian terms
********************************************************************************************************************
Read input file "model_params.in"
	Hubbard-Holstein model parameters : 	t = 1    U = 8    g = 0.15    W = 0.2    g' = 0.15    
********************************************************************************************************************
Read input file "hilbertspace_params.in"
	Requested 16-site 2D lattice, with 8 electrons (4, 4)
	Boundary : Periodic		Hilbert space representation : momentum-space (restricted to kIdx = 10)
	Conservation: particle number[U(1)]      spin[U(1)]     momentum
********************************************************************************************************************

Cluster Positions:				Cluster symmetry group : D4
 x ... x ... x ... x .....                       x ... x ... x ... x .....
 |           |           :                       |           |           :
 |           |           :                       |           |           :
12    13    14    15     x                       1     5     6     5     x
 |           |           :                       |           |           :
 |           |           :                       |           |           :
 8 --- 9 ---10 ---11 --- x                       2 --- 6 ---10 --- 6 --- x
 |           |           :                       |           |           :
 |           |           :                       |           |           :
 4     5     6     7     x                       1     5     6     5     x
 |           |           :                       |           |           :
 |           |           :                       |           |           :
 0 --- 1 --- 2 --- 3 --- x                       0 --- 1 --- 2 --- 1 --- x
orbital number : 1
********************************************************************************************************************
Read input file "obs_params.in"
	Observable Type : Nq(All),   Sq(All),   N(All-Orbital),   Delta[s](All),   Delta[d](All),   Delta[s+](All)
** WARNING ** the input observables have non-local factors which have been reinterpreted. The total observable number is 96
********************************************************************************************************************


********************************************************************************************************************
Start calculating the non-Gaussian ED ground state
Maximal iteration number is 1000; energy resolution is 1e-06. Phonon state relaxation time is 2000
W = 0.2 is relatively large. The non-Gaussian ED calculation starts directly.
open output files: NGSED_iteration_observables.txt
********************************************************************************************************************
Start the 0 rounds of NGS-ED iteration
	effective electronic model is modified as: kinetic energy t = 1
	                                           effective interaction Vq = [0,0,0,0,0,0,0,0,0,0,0,0,0,0,0,0]
	first Hamiltonian is constructed, size = 207168 and non-zero numbers = 32194784
	PARPACK diagonalization completed after 225 matrix-vector product operations.
	iteration results: : total energy is -14.228491 | electron energy -14.228491 + phonon energy 0.000000 | electron momentum kIdx = 10
	Nq(0) = 4,	Nq(1) = 0.1929,	Nq(2) = 0.241361,	Nq(3) = 0.1929,	Nq(4) = 0.1929,	Nq(5) = 0.2635,	
	Nq(6) = 0.343209,	Nq(7) = 0.2635,	Nq(8) = 0.241361,	Nq(9) = 0.343209,	Nq(10) = 0.497356,	
	Nq(11) = 0.343209,	Nq(12) = 0.1929,	Nq(13) = 0.2635,	Nq(14) = 0.343209,	Nq(15) = 0.2635;	
	Sq(0) = 1.05048e-18,	Sq(1) = 0.540129,	Sq(2) = 0.425883,	Sq(3) = 0.540129,	Sq(4) = 0.540129,	
	Sq(5) = 0.44091,	Sq(6) = 0.633208,	Sq(7) = 0.44091,	Sq(8) = 0.425883,	Sq(9) = 0.633208,	
	Sq(10) = 0.512733,	Sq(11) = 0.633208,	Sq(12) = 0.540129,	Sq(13) = 0.44091,	Sq(14) = 0.633208,	
	Sq(15) = 0.44091;	N(0) = 1.39632,	N(1) = 1.19393,	N(2) = 0.182033,	N(3) = 1.19393,	
	N(4) = 1.19393,	N(5) = 0.343994,	N(6) = 0.0196952,	N(7) = 0.343994,	N(8) = 0.182033,	
	N(9) = 0.0196952,	N(10) = 0.00914957,	N(11) = 0.0196952,	N(12) = 1.19393,	N(13) = 0.343994,	
	N(14) = 0.0196952,	N(15) = 0.343994;	Delta[s](0) = 0.020219,	Delta[s](1) = 0.00996337,	Delta[s](2) = 0.00244789,	
	Delta[s](3) = 0.00996337,	Delta[s](4) = 0.00996337,	Delta[s](5) = 0.00581246,	Delta[s](6) = 0.00023063,	Delta[s](7) = 0.00581246,	
	Delta[s](8) = 0.00244789,	Delta[s](9) = 0.00023063,	Delta[s](10) = 0.000115124,	Delta[s](11) = 0.00023063,	Delta[s](12) = 0.00996337,	
	Delta[s](13) = 0.00581246,	Delta[s](14) = 0.00023063,	Delta[s](15) = 0.00581246;	Delta[d](0) = 0.0479501,	Delta[d](1) = 0.0385825,	
	Delta[d](2) = 0.0280503,	Delta[d](3) = 0.0385825,	Delta[d](4) = 0.0385825,	Delta[d](5) = 0.0664271,	Delta[d](6) = 0.0426983,	
	Delta[d](7) = 0.0664271,	Delta[d](8) = 0.0280503,	Delta[d](9) = 0.0426983,	Delta[d](10) = 0.00383332,	Delta[d](11) = 0.0426983,	
	Delta[d](12) = 0.0385825,	Delta[d](13) = 0.0664271,	Delta[d](14) = 0.0426983,	Delta[d](15) = 0.0664271;	Delta[s+](0) = 0.203997,	
	Delta[s+](1) = 0.129637,	Delta[s+](2) = 0.0280503,	Delta[s+](3) = 0.129637,	Delta[s+](4) = 0.129637,	Delta[s+](5) = 0.0694109,	
	Delta[s+](6) = 0.0119936,	Delta[s+](7) = 0.0694109,	Delta[s+](8) = 0.0280503,	Delta[s+](9) = 0.0119936,	Delta[s+](10) = 0.000958987,	
	Delta[s+](11) = 0.0119936,	Delta[s+](12) = 0.129637,	Delta[s+](13) = 0.0694109,	Delta[s+](14) = 0.0119936,	Delta[s+](15) = 0.0694109
	
The 0-th iteration is completed.	|| time cost : 0h 0m 5.257s
********************************************************************************************************************
Start the 1 rounds of NGS-ED iteration
	effective electronic model is modified as: kinetic energy t = 0.992537
	                                           effective interaction Vq = [   -2.8125, -0.171794,-0.0109925, -0.171794, -0.171794,-0.0119452,-0.0105066,-0.0119452,-0.0109925,-0.0105066, -0.134097,-0.0105066, -0.171794,-0.0119452,-0.0105066,-0.0119452]
	PARPACK diagonalization completed after 45 matrix-vector product operations.
	iteration results: : total energy is -25.590393 | electron energy -25.600526 + phonon energy 0.010132 | electron momentum kIdx = 10
The 1-th iteration is completed.	|| time cost : 0h 0m 3.383s
********************************************************************************************************************
Start the 2 rounds of NGS-ED iteration
	effective electronic model is modified as: kinetic energy t = 0.992233
	                                           effective interaction Vq = [   -2.8125, -0.175599,-0.0109195, -0.175599, -0.175599,-0.0118224,-0.0104207,-0.0118224,-0.0109195,-0.0104207, -0.139998,-0.0104207, -0.175599,-0.0118224,-0.0104207,-0.0118224]
	PARPACK diagonalization completed after 30 matrix-vector product operations.
	iteration results: : total energy is -25.590464 | electron energy -25.601713 + phonon energy 0.011248 | electron momentum kIdx = 10
The 2-th iteration is completed.	|| time cost : 0h 0m 0.688s
********************************************************************************************************************
Start the 3 rounds of NGS-ED iteration
	effective electronic model is modified as: kinetic energy t = 0.992221
	                                           effective interaction Vq = [   -2.8125, -0.175657,-0.0109167, -0.175657, -0.175657,-0.0118173,-0.0104177,-0.0118173,-0.0109167,-0.0104177, -0.140392,-0.0104177, -0.175657,-0.0118173,-0.0104177,-0.0118173]
	PARPACK diagonalization completed after 30 matrix-vector product operations.
	iteration results: : total energy is -25.590464 | electron energy -25.601768 + phonon energy 0.011304 | electron momentum kIdx = 10
The 3-th iteration is completed.	|| time cost : 0h 0m 0.667s
********************************************************************************************************************
Start the 4 rounds of NGS-ED iteration
	effective electronic model is modified as: kinetic energy t = 0.99222
	                                           effective interaction Vq = [   -2.8125, -0.175654,-0.0109165, -0.175654, -0.175654, -0.011817,-0.0104176, -0.011817,-0.0109165,-0.0104176, -0.140422,-0.0104176, -0.175654, -0.011817,-0.0104176, -0.011817]
	PARPACK diagonalization completed after 30 matrix-vector product operations.
	iteration results: : total energy is -25.590464 | electron energy -25.601772 + phonon energy 0.011307 | electron momentum kIdx = 10
The 4-th iteration is completed.	|| time cost : 0h 0m 0.686s
********************************************************************************************************************
Start the 5 rounds of NGS-ED iteration
	effective electronic model is modified as: kinetic energy t = 0.99222
	                                           effective interaction Vq = [   -2.8125, -0.175653,-0.0109165, -0.175653, -0.175653, -0.011817,-0.0104176, -0.011817,-0.0109165,-0.0104176, -0.140425,-0.0104176, -0.175653, -0.011817,-0.0104176, -0.011817]
	PARPACK diagonalization completed after 30 matrix-vector product operations.
	iteration results: : total energy is -25.590464 | electron energy -25.601772 + phonon energy 0.011307 | electron momentum kIdx = 10
The 5-th iteration is completed.	|| time cost : 0h 0m 0.675s
********************************************************************************************************************
Start the 6 rounds of NGS-ED iteration
	effective electronic model is modified as: kinetic energy t = 0.99222
	                                           effective interaction Vq = [   -2.8125, -0.175653,-0.0109165, -0.175653, -0.175653, -0.011817,-0.0104176, -0.011817,-0.0109165,-0.0104176, -0.140425,-0.0104176, -0.175653, -0.011817,-0.0104176, -0.011817]
	PARPACK diagonalization completed after 30 matrix-vector product operations.
	iteration results: : total energy is -25.590464 | electron energy -25.601772 + phonon energy 0.011307 | electron momentum kIdx = 10
The 6-th iteration is completed.	|| time cost : 0h 0m 0.675s
********************************************************************************************************************
Start the 7 rounds of NGS-ED iteration
	effective electronic model is modified as: kinetic energy t = 0.99222
	                                           effective interaction Vq = [   -2.8125, -0.175653,-0.0109165, -0.175653, -0.175653, -0.011817,-0.0104176, -0.011817,-0.0109165,-0.0104176, -0.140425,-0.0104176, -0.175653, -0.011817,-0.0104176, -0.011817]
	PARPACK diagonalization completed after 30 matrix-vector product operations.
	iteration results: : total energy is -25.590464 | electron energy -25.601772 + phonon energy 0.011307 | electron momentum kIdx = 10
	Nq(0) = 4,	Nq(1) = 0.196632,	Nq(2) = 0.23959,	Nq(3) = 0.196632,	Nq(4) = 0.196632,	Nq(5) = 0.260495,	
	Nq(6) = 0.340162,	Nq(7) = 0.260495,	Nq(8) = 0.23959,	Nq(9) = 0.340162,	Nq(10) = 0.511692,	
	Nq(11) = 0.340162,	Nq(12) = 0.196632,	Nq(13) = 0.260495,	Nq(14) = 0.340162,	Nq(15) = 0.260495;	
	Sq(0) = 6.40653e-19,	Sq(1) = 0.542351,	Sq(2) = 0.424539,	Sq(3) = 0.542351,	Sq(4) = 0.542351,	
	Sq(5) = 0.440802,	Sq(6) = 0.631206,	Sq(7) = 0.440802,	Sq(8) = 0.424539,	Sq(9) = 0.631206,	
	Sq(10) = 0.513459,	Sq(11) = 0.631206,	Sq(12) = 0.542351,	Sq(13) = 0.440802,	Sq(14) = 0.631206,	
	Sq(15) = 0.440802;	N(0) = 1.39755,	N(1) = 1.19387,	N(2) = 0.180203,	N(3) = 1.19387,	
	N(4) = 1.19387,	N(5) = 0.344629,	N(6) = 0.0196826,	N(7) = 0.344629,	N(8) = 0.180203,	
	N(9) = 0.0196826,	N(10) = 0.00931929,	N(11) = 0.0196826,	N(12) = 1.19387,	N(13) = 0.344629,	
	N(14) = 0.0196826,	N(15) = 0.344629;	Delta[s](0) = 0.0204327,	Delta[s](1) = 0.0100077,	Delta[s](2) = 0.00246506,	
	Delta[s](3) = 0.0100077,	Delta[s](4) = 0.0100077,	Delta[s](5) = 0.00588457,	Delta[s](6) = 0.000239523,	Delta[s](7) = 0.00588457,	
	Delta[s](8) = 0.00246506,	Delta[s](9) = 0.000239523,	Delta[s](10) = 0.000123341,	Delta[s](11) = 0.000239523,	Delta[s](12) = 0.0100077,	
	Delta[s](13) = 0.00588457,	Delta[s](14) = 0.000239523,	Delta[s](15) = 0.00588457;	Delta[d](0) = 0.0475814,	Delta[d](1) = 0.0385419,	
	Delta[d](2) = 0.0277592,	Delta[d](3) = 0.0385419,	Delta[d](4) = 0.0385419,	Delta[d](5) = 0.0661305,	Delta[d](6) = 0.0424557,	
	Delta[d](7) = 0.0661305,	Delta[d](8) = 0.0277592,	Delta[d](9) = 0.0424557,	Delta[d](10) = 0.00393193,	Delta[d](11) = 0.0424557,	
	Delta[d](12) = 0.0385419,	Delta[d](13) = 0.0661305,	Delta[d](14) = 0.0424557,	Delta[d](15) = 0.0661305;	Delta[s+](0) = 0.204699,	
	Delta[s+](1) = 0.129564,	Delta[s+](2) = 0.0277592,	Delta[s+](3) = 0.129564,	Delta[s+](4) = 0.129564,	Delta[s+](5) = 0.0693165,	
	Delta[s+](6) = 0.0119589,	Delta[s+](7) = 0.0693165,	Delta[s+](8) = 0.0277592,	Delta[s+](9) = 0.0119589,	Delta[s+](10) = 0.000964461,	
	Delta[s+](11) = 0.0119589,	Delta[s+](12) = 0.129564,	Delta[s+](13) = 0.0693165,	Delta[s+](14) = 0.0119589,	Delta[s+](15) = 0.0693165
	
The 7-th iteration is completed.	|| time cost : 0h 0m 2.878s
********************************************************************************************************************
********************************************************************************************************************
Ground state is obtained after 8 iterations. The current ground-state energy is -25.5905, in which electron energy is -25.6018 and phonon energy is 0.0113074
Final variational state is: 
	Gamma_x = [      1,1.17791,1.01283,1.17791,1.17791,1.01508,1.01744,1.01508,1.01283,1.01744,1.40399,1.01744,1.17791,1.01508,1.01744,1.01508]
	lambda_q = [      3.75,   0.20446, 0.0373168,   0.20446,   0.20446, 0.0404824,-0.0355686, 0.0404824, 0.0373168,-0.0355686, -0.161849,-0.0355686,   0.20446, 0.0404824,-0.0355686, 0.0404824]
Effective e-e interactions mediated by phonons are:
	momentum-space Vq = [   -2.8125, -0.175653,-0.0109165, -0.175653, -0.175653, -0.011817,-0.0104176, -0.011817,-0.0109165,-0.0104176, -0.140425,-0.0104176, -0.175653, -0.011817,-0.0104176, -0.011817]
	real-space Vr = [-0.235394,-0.187659,-0.182968,-0.187659,-0.187659,-0.183193, -0.14635,-0.183193,-0.182968, -0.14635,-0.142359, -0.14635,-0.187659,-0.183193, -0.14635,-0.183193]
********************************************************************************************************************
o___o  ----------------------------------------
| L |	Time since last clock: 0h 0m 0.008s
A===A	Time since the beginning: 0h 0m 14.923s
***********************************************


Non-Gaussina ED ground state calculation is completed. The final ground-state energy is -25.5905
********************************************************************************************************************
o___o  ----------------------------------------
| L |	Time since last clock: 0h 0m 0.003s
A===A	Time since the beginning: 0h 0m 14.926s
***********************************************



********************************************************************************************************************
All non-Gaussian ED ground state calculations have been completed. Exit now.
