SNEDics v3.22.2 Non-Gaussian ED ground state program		Start at Thu May 12 03:14:36 2022

Parallelization: 32 MPI threads  * 8 OpenMP threads = 256 total threads.
********************************************************************************************************************
********************************************************************************************************************

********************************************************************************************************************
System parameters and configurations
	special program options are enabled: splitted diagonal Hamiltonian | splitted Hamiltonian terms
********************************************************************************************************************
Read input file "model_params.in"
	Hubbard-Holstein model parameters : 	t = 1    U = 8    g = 0.3    W = 0.2    g' = 0.05    
********************************************************************************************************************
Read input file "hilbertspace_params.in"
	Requested 16-site 2D lattice, with 12 electrons (6, 6)
	Boundary : Periodic		Hilbert space representation : momentum-space (restricted to kIdx = 10)
	Conservation: particle number[U(1)]      spin[U(1)]     momentum
********************************************************************************************************************

Cluster Positions:				Cluster symmetry group : D4
 x ... x ... x ... x .....                       x ... x ... x ... x .....
 |           |           :                       |           |           :
 |           |           :                       |           |           :
12    13    14    15     x                       1     5     6     5     x
 |           |           :                       |           |           :
 |           |           :                       |           |           :
 8 --- 9 ---10 ---11 --- x                       2 --- 6 ---10 --- 6 --- x
 |           |           :                       |           |           :
 |           |           :                       |           |           :
 4     5     6     7     x                       1     5     6     5     x
 |           |           :                       |           |           :
 |           |           :                       |           |           :
 0 --- 1 --- 2 --- 3 --- x                       0 --- 1 --- 2 --- 1 --- x
orbital number : 1
********************************************************************************************************************
Read input file "obs_params.in"
	Observable Type : Nq(All),   Sq(All),   N(All-Orbital),   Delta[s](All),   Delta[d](All),   Delta[s+](All)
** WARNING ** the input observables have non-local factors which have been reinterpreted. The total observable number is 96
********************************************************************************************************************


********************************************************************************************************************
Start calculating the non-Gaussian ED ground state
Maximal iteration number is 1000; energy resolution is 1e-06. Phonon state relaxation time is 2000
W = 0.2 is relatively large. The non-Gaussian ED calculation starts directly.
open output files: NGSED_iteration_observables.txt
********************************************************************************************************************
Start the 0 rounds of NGS-ED iteration
	effective electronic model is modified as: kinetic energy t = 1
	                                           effective interaction Vq = [0,0,0,0,0,0,0,0,0,0,0,0,0,0,0,0]
	first Hamiltonian is constructed, size = 4008592 and non-zero numbers = 969134084
	PARPACK diagonalization completed after 150 matrix-vector product operations.
	iteration results: : total energy is -14.925310 | electron energy -14.925310 + phonon energy 0.000000 | electron momentum kIdx = 10
	Nq(0) = 9,	Nq(1) = 0.191675,	Nq(2) = 0.238629,	Nq(3) = 0.191675,	Nq(4) = 0.191675,	Nq(5) = 0.259295,	
	Nq(6) = 0.314107,	Nq(7) = 0.259295,	Nq(8) = 0.238629,	Nq(9) = 0.314107,	Nq(10) = 0.369338,	
	Nq(11) = 0.314107,	Nq(12) = 0.191675,	Nq(13) = 0.259295,	Nq(14) = 0.314107,	Nq(15) = 0.259295;	
	Sq(0) = -1.73566e-18,	Sq(1) = 0.554662,	Sq(2) = 0.921866,	Sq(3) = 0.554662,	Sq(4) = 0.554662,	
	Sq(5) = 0.548737,	Sq(6) = 1.01287,	Sq(7) = 0.548737,	Sq(8) = 0.921866,	Sq(9) = 1.01287,	
	Sq(10) = 0.784303,	Sq(11) = 1.01287,	Sq(12) = 0.554662,	Sq(13) = 0.548737,	Sq(14) = 1.01287,	
	Sq(15) = 0.548737;	N(0) = 1.76735,	N(1) = 1.6264,	N(2) = 0.275186,	N(3) = 1.6264,	
	N(4) = 1.6264,	N(5) = 0.626534,	N(6) = 0.144321,	N(7) = 0.626534,	N(8) = 0.275186,	
	N(9) = 0.144321,	N(10) = 0.0932732,	N(11) = 0.144321,	N(12) = 1.6264,	N(13) = 0.626534,	
	N(14) = 0.144321,	N(15) = 0.626534;	Delta[s](0) = 0.0652028,	Delta[s](1) = 0.0451638,	Delta[s](2) = 0.0260362,	
	Delta[s](3) = 0.0451638,	Delta[s](4) = 0.0451638,	Delta[s](5) = 0.0292694,	Delta[s](6) = 0.0095133,	Delta[s](7) = 0.0292694,	
	Delta[s](8) = 0.0260362,	Delta[s](9) = 0.0095133,	Delta[s](10) = 0.000388788,	Delta[s](11) = 0.0095133,	Delta[s](12) = 0.0451638,	
	Delta[s](13) = 0.0292694,	Delta[s](14) = 0.0095133,	Delta[s](15) = 0.0292694;	Delta[d](0) = 0.198765,	Delta[d](1) = 0.128461,	
	Delta[d](2) = 0.162099,	Delta[d](3) = 0.128461,	Delta[d](4) = 0.128461,	Delta[d](5) = 0.118381,	Delta[d](6) = 0.0878355,	
	Delta[d](7) = 0.118381,	Delta[d](8) = 0.162099,	Delta[d](9) = 0.0878355,	Delta[d](10) = 0.0386129,	Delta[d](11) = 0.0878355,	
	Delta[d](12) = 0.128461,	Delta[d](13) = 0.118381,	Delta[d](14) = 0.0878355,	Delta[d](15) = 0.118381;	Delta[s+](0) = 0.528084,	
	Delta[s+](1) = 0.360246,	Delta[s+](2) = 0.162099,	Delta[s+](3) = 0.360246,	Delta[s+](4) = 0.360246,	Delta[s+](5) = 0.20694,	
	Delta[s+](6) = 0.0630483,	Delta[s+](7) = 0.20694,	Delta[s+](8) = 0.162099,	Delta[s+](9) = 0.0630483,	Delta[s+](10) = 0.0160212,	
	Delta[s+](11) = 0.0630483,	Delta[s+](12) = 0.360246,	Delta[s+](13) = 0.20694,	Delta[s+](14) = 0.0630483,	Delta[s+](15) = 0.20694
	
The 0-th iteration is completed.	|| time cost : 0h 2m 3.849s
********************************************************************************************************************
Start the 1 rounds of NGS-ED iteration
	effective electronic model is modified as: kinetic energy t = 0.995852
	                                           effective interaction Vq = [      -1.25,  -0.105382, -0.0364399,  -0.105382,  -0.105382, -0.0396687, -0.0140396, -0.0396687, -0.0364399, -0.0140396,-0.00306754, -0.0140396,  -0.105382, -0.0396687, -0.0140396, -0.0396687]
	PARPACK diagonalization completed after 45 matrix-vector product operations.
	iteration results: : total energy is -26.254172 | electron energy -26.256847 + phonon energy 0.002675 | electron momentum kIdx = 10
The 1-th iteration is completed.	|| time cost : 0h 1m 17.854s
********************************************************************************************************************
Start the 2 rounds of NGS-ED iteration
	effective electronic model is modified as: kinetic energy t = 0.995816
	                                           effective interaction Vq = [      -1.25,  -0.106451, -0.0364374,  -0.106451,  -0.106451, -0.0396381,  -0.014001, -0.0396381, -0.0364374,  -0.014001,-0.00305797,  -0.014001,  -0.106451, -0.0396381,  -0.014001, -0.0396381]
	PARPACK diagonalization completed after 30 matrix-vector product operations.
	iteration results: : total energy is -26.254176 | electron energy -26.256930 + phonon energy 0.002754 | electron momentum kIdx = 10
The 2-th iteration is completed.	|| time cost : 0h 0m 9.334s
********************************************************************************************************************
Start the 3 rounds of NGS-ED iteration
	effective electronic model is modified as: kinetic energy t = 0.995816
	                                           effective interaction Vq = [      -1.25,  -0.106465, -0.0364368,  -0.106465,  -0.106465, -0.0396366, -0.0140006, -0.0396366, -0.0364368, -0.0140006,-0.00305792, -0.0140006,  -0.106465, -0.0396366, -0.0140006, -0.0396366]
	PARPACK diagonalization completed after 30 matrix-vector product operations.
	iteration results: : total energy is -26.254176 | electron energy -26.256931 + phonon energy 0.002755 | electron momentum kIdx = 10
The 3-th iteration is completed.	|| time cost : 0h 0m 9.344s
********************************************************************************************************************
Start the 4 rounds of NGS-ED iteration
	effective electronic model is modified as: kinetic energy t = 0.995816
	                                           effective interaction Vq = [      -1.25,  -0.106465, -0.0364368,  -0.106465,  -0.106465, -0.0396366, -0.0140006, -0.0396366, -0.0364368, -0.0140006,-0.00305792, -0.0140006,  -0.106465, -0.0396366, -0.0140006, -0.0396366]
	PARPACK diagonalization completed after 30 matrix-vector product operations.
	iteration results: : total energy is -26.254176 | electron energy -26.256931 + phonon energy 0.002755 | electron momentum kIdx = 10
	Nq(0) = 9,	Nq(1) = 0.193785,	Nq(2) = 0.238976,	Nq(3) = 0.193785,	Nq(4) = 0.193785,	Nq(5) = 0.259487,	
	Nq(6) = 0.313714,	Nq(7) = 0.259487,	Nq(8) = 0.238976,	Nq(9) = 0.313714,	Nq(10) = 0.368724,	
	Nq(11) = 0.313714,	Nq(12) = 0.193785,	Nq(13) = 0.259487,	Nq(14) = 0.313714,	Nq(15) = 0.259487;	
	Sq(0) = 1.67748e-18,	Sq(1) = 0.553584,	Sq(2) = 0.920513,	Sq(3) = 0.553584,	Sq(4) = 0.553584,	
	Sq(5) = 0.548547,	Sq(6) = 1.01236,	Sq(7) = 0.548547,	Sq(8) = 0.920513,	Sq(9) = 1.01236,	
	Sq(10) = 0.786395,	Sq(11) = 1.01236,	Sq(12) = 0.553584,	Sq(13) = 0.548547,	Sq(14) = 1.01236,	
	Sq(15) = 0.548547;	N(0) = 1.7689,	N(1) = 1.62916,	N(2) = 0.272529,	N(3) = 1.62916,	
	N(4) = 1.62916,	N(5) = 0.62508,	N(6) = 0.143854,	N(7) = 0.62508,	N(8) = 0.272529,	
	N(9) = 0.143854,	N(10) = 0.0936669,	N(11) = 0.143854,	N(12) = 1.62916,	N(13) = 0.62508,	
	N(14) = 0.143854,	N(15) = 0.62508;	Delta[s](0) = 0.0657396,	Delta[s](1) = 0.0455284,	Delta[s](2) = 0.0262692,	
	Delta[s](3) = 0.0455284,	Delta[s](4) = 0.0455284,	Delta[s](5) = 0.0295575,	Delta[s](6) = 0.0095731,	Delta[s](7) = 0.0295575,	
	Delta[s](8) = 0.0262692,	Delta[s](9) = 0.0095731,	Delta[s](10) = 0.000395133,	Delta[s](11) = 0.0095731,	Delta[s](12) = 0.0455284,	
	Delta[s](13) = 0.0295575,	Delta[s](14) = 0.0095731,	Delta[s](15) = 0.0295575;	Delta[d](0) = 0.199896,	Delta[d](1) = 0.128338,	
	Delta[d](2) = 0.162192,	Delta[d](3) = 0.128338,	Delta[d](4) = 0.128338,	Delta[d](5) = 0.118534,	Delta[d](6) = 0.0875317,	
	Delta[d](7) = 0.118534,	Delta[d](8) = 0.162192,	Delta[d](9) = 0.0875317,	Delta[d](10) = 0.0383794,	Delta[d](11) = 0.0875317,	
	Delta[d](12) = 0.128338,	Delta[d](13) = 0.118534,	Delta[d](14) = 0.0875317,	Delta[d](15) = 0.118534;	Delta[s+](0) = 0.529219,	
	Delta[s+](1) = 0.360934,	Delta[s+](2) = 0.162192,	Delta[s+](3) = 0.360934,	Delta[s+](4) = 0.360934,	Delta[s+](5) = 0.207219,	
	Delta[s+](6) = 0.0629753,	Delta[s+](7) = 0.207219,	Delta[s+](8) = 0.162192,	Delta[s+](9) = 0.0629753,	Delta[s+](10) = 0.0160334,	
	Delta[s+](11) = 0.0629753,	Delta[s+](12) = 0.360934,	Delta[s+](13) = 0.207219,	Delta[s+](14) = 0.0629753,	Delta[s+](15) = 0.207219
	
The 4-th iteration is completed.	|| time cost : 0h 1m 19.368s
********************************************************************************************************************
********************************************************************************************************************
Ground state is obtained after 5 iterations. The current ground-state energy is -26.2542, in which electron energy is -26.2569 and phonon energy is 0.00275477
Final variational state is: 
	Gamma_x = [      1,1.10441,1.04353,1.10441,1.10441, 1.0515,1.02179, 1.0515,1.04353,1.02179,1.00556,1.02179,1.10441, 1.0515,1.02179, 1.0515]
	lambda_q = [      2.5, 0.137831,0.0620097, 0.137831, 0.137831,0.0675835,0.0356364,0.0675835,0.0620097,0.0356364,0.0155308,0.0356364, 0.137831,0.0675835,0.0356364,0.0675835]
Effective e-e interactions mediated by phonons are:
	momentum-space Vq = [      -1.25,  -0.106465, -0.0364368,  -0.106465,  -0.106465, -0.0396366, -0.0140006, -0.0396366, -0.0364368, -0.0140006,-0.00305792, -0.0140006,  -0.106465, -0.0396366, -0.0140006, -0.0396366]
	real-space Vr = [ -0.122896, -0.089492,-0.0729616, -0.089492, -0.089492,-0.0737615,-0.0663758,-0.0737615,-0.0729616,-0.0663758,-0.0626634,-0.0663758, -0.089492,-0.0737615,-0.0663758,-0.0737615]
********************************************************************************************************************
o___o  ----------------------------------------
| L |	Time since last clock: 0h 0m 0.046s
A===A	Time since the beginning: 0h 4m 59.797s
***********************************************


Non-Gaussina ED ground state calculation is completed. The final ground-state energy is -26.2542
********************************************************************************************************************
o___o  ----------------------------------------
| L |	Time since last clock: 0h 0m 0.003s
A===A	Time since the beginning: 0h 4m 59.801s
***********************************************



********************************************************************************************************************
All non-Gaussian ED ground state calculations have been completed. Exit now.
