TACC:  Starting up job 4223614 
TACC:  Starting parallel tasks... 
SNEDics v3.4 Non-Gaussian ED ground state program		Start at Sat Aug 24 04:07:14 2019

parallized on 32 MPI threads  * 6 OpenMP threads = 192 total threads.
********************************************************************************************************************
********************************************************************************************************************

********************************************************************************************************************
System parameters and configurations
********************************************************************************************************************
Special program options are enabled: splitted diagonal Hamiltonian
********************************************************************************************************************
Read input file "model_params.in"
	Hubbard-Holstein model parameters : 	t = 1    U = 8    g = 2    W = 1    
********************************************************************************************************************
Read input file "hilbertspace_params.in"
	Requested 16-site 2D lattice, with 14 electrons (7, 7)
	Boundary : Periodic		Hilbert space representation : momentum-space (restricted to kIdx = 0)
	Conservation: particle number[U(1)]      spin[U(1)]     momentum
********************************************************************************************************************

Cluster Positions:				Cluster symmetry group : D4
 x ... x ... x ... x .....                       x ... x ... x ... x .....
 |           |           :                       |           |           :
 |           |           :                       |           |           :
12    13    14    15     x                       1     5     6     5     x
 |           |           :                       |           |           :
 |           |           :                       |           |           :
 8 --- 9 ---10 ---11 --- x                       2 --- 6 ---10 --- 6 --- x
 |           |           :                       |           |           :
 |           |           :                       |           |           :
 4     5     6     7     x                       1     5     6     5     x
 |           |           :                       |           |           :
 |           |           :                       |           |           :
 0 --- 1 --- 2 --- 3 --- x                       0 --- 1 --- 2 --- 1 --- x
orbital number : 1
********************************************************************************************************************
Read input file "obs_params.in"
	Observable Type : Nq[All],   Sq[All],   N[All]
********************************************************************************************************************
** WARNING ** the input observables have non-local factors which have been reinterpreted. The total observable number is 48
********************************************************************************************************************


********************************************************************************************************************
Start calculating the non-Gaussian ED ground state
** WARNING ** Detected low phonon energy W < 10. The initial state will be prepared through a warm-up process.
********************************************************************************************************************
Start warm-up calculation for scaling factor 16
open output files: NGSEDWarmUpW16Obs.txt
********************************************************************************************************************
Start the 0 rounds of NGS-ED iteration
	effective electronic model is modified as: kinetic energy t = 1
	                                           effective interaction Vq = [0,0,0,0,0,0,0,0,0,0,0,0,0,0,0,0]
	first Hamiltonian is constructed, non-zero numbers = 2178478298
	PARPACK diagonalization completed after 180 matrix-vector product operations.
	iteration results: : total energy is -11.868836 | electron energy -11.868836 + phonon energy 0.000000 | electron momentum kIdx = 0
	Nq(0) = 12.25,	Nq(1) = 0.154193,	Nq(2) = 0.185311,	Nq(3) = 0.154193,	Nq(4) = 0.154193,	Nq(5) = 0.203281,	Nq(6) = 0.235634,	Nq(7) = 0.203281,	Nq(8) = 0.185311,	Nq(9) = 0.235634,	Nq(10) = 0.275446,	Nq(11) = 0.235634,	Nq(12) = 0.154193,	Nq(13) = 0.203281,	Nq(14) = 0.235634,	Nq(15) = 0.203281,	Sq(0) = -1.43419e-18,	Sq(1) = 0.474292,	Sq(2) = 0.766364,	Sq(3) = 0.474292,	Sq(4) = 0.474292,	Sq(5) = 0.630724,	Sq(6) = 1.05279,	Sq(7) = 0.630724,	Sq(8) = 0.766364,	Sq(9) = 1.05279,	Sq(10) = 2.56755,	Sq(11) = 1.05279,	Sq(12) = 0.474292,	Sq(13) = 0.630724,	Sq(14) = 1.05279,	Sq(15) = 0.630724,	N(0) = 1.75464,	N(1) = 1.59086,	N(2) = 0.323321,	N(3) = 1.59086,	N(4) = 1.59086,	N(5) = 0.999881,	N(6) = 0.267546,	N(7) = 0.999881,	N(8) = 0.323321,	N(9) = 0.267546,	N(10) = 0.165565,	N(11) = 0.267546,	N(12) = 1.59086,	N(13) = 0.999881,	N(14) = 0.267546,	N(15) = 0.999881
The 0-th iteration is completed.	|| time cost : 0h 2m 18.992s
********************************************************************************************************************
Start the 1 rounds of NGS-ED iteration
	effective electronic model is modified as: kinetic energy t = 0.8975
	                                           effective interaction Vq = [-3.83695,-3.67028,-3.54934,-3.67028,-3.67028,-3.57696,-3.49487,-3.57696,-3.54934,-3.49487,-3.44454,-3.49487,-3.67028,-3.57696,-3.49487,-3.57696]
	PARPACK diagonalization completed after 45 matrix-vector product operations.
	iteration results: : total energy is -72.429180 | electron energy -72.436261 + phonon energy 0.007081 | electron momentum kIdx = 0
The 1-th iteration is completed.	|| time cost : 0h 2m 42.796s
********************************************************************************************************************
Start the 2 rounds of NGS-ED iteration
	effective electronic model is modified as: kinetic energy t = 0.852705
	                                           effective interaction Vq = [-3.99335,-3.92659,-3.83673,-3.92659,-3.92659,-3.87989,-3.83552,-3.87989,-3.83673,-3.83552,-3.78085,-3.83552,-3.92659,-3.87989,-3.83552,-3.87989]
	PARPACK diagonalization completed after 45 matrix-vector product operations.
	iteration results: : total energy is -75.339719 | electron energy -75.382030 + phonon energy 0.042311 | electron momentum kIdx = 0
The 2-th iteration is completed.	|| time cost : 0h 0m 21.046s
********************************************************************************************************************
Start the 3 rounds of NGS-ED iteration
	effective electronic model is modified as: kinetic energy t = 0.842433
	                                           effective interaction Vq = [-3.99973,-3.95781,-3.87452,-3.95781,-3.95781,-3.91956,-3.88764,-3.91956,-3.87452,-3.88764,-3.83068,-3.88764,-3.95781,-3.91956,-3.88764,-3.91956]
	PARPACK diagonalization completed after 30 matrix-vector product operations.
	iteration results: : total energy is -75.465223 | electron energy -75.519644 + phonon energy 0.054421 | electron momentum kIdx = 0
The 3-th iteration is completed.	|| time cost : 0h 0m 17.829s
********************************************************************************************************************
Start the 4 rounds of NGS-ED iteration
	effective electronic model is modified as: kinetic energy t = 0.840341
	                                           effective interaction Vq = [-3.99999,-3.96304,-3.88081,-3.96304,-3.96304, -3.9263,-3.89749, -3.9263,-3.88081,-3.89749,-3.83964,-3.89749,-3.96304, -3.9263,-3.89749, -3.9263]
	PARPACK diagonalization completed after 30 matrix-vector product operations.
	iteration results: : total energy is -75.470357 | electron energy -75.527468 + phonon energy 0.057112 | electron momentum kIdx = 0
The 4-th iteration is completed.	|| time cost : 0h 0m 17.734s
********************************************************************************************************************
Start the 5 rounds of NGS-ED iteration
	effective electronic model is modified as: kinetic energy t = 0.839925
	                                           effective interaction Vq = [      -4,-3.96403,-3.88192,-3.96403,-3.96403,-3.92754,-3.89949,-3.92754,-3.88192,-3.89949,-3.84134,-3.89949,-3.96403,-3.92754,-3.89949,-3.92754]
	PARPACK diagonalization completed after 30 matrix-vector product operations.
	iteration results: : total energy is -75.470564 | electron energy -75.528226 + phonon energy 0.057662 | electron momentum kIdx = 0
The 5-th iteration is completed.	|| time cost : 0h 0m 17.774s
********************************************************************************************************************
Start the 6 rounds of NGS-ED iteration
	effective electronic model is modified as: kinetic energy t = 0.839843
	                                           effective interaction Vq = [      -4,-3.96423,-3.88212,-3.96423,-3.96423,-3.92777,-3.89991,-3.92777,-3.88212,-3.89991,-3.84167,-3.89991,-3.96423,-3.92777,-3.89991,-3.92777]
	PARPACK diagonalization completed after 30 matrix-vector product operations.
	iteration results: : total energy is -75.470573 | electron energy -75.528345 + phonon energy 0.057773 | electron momentum kIdx = 0
	Nq(0) = 12.25,	Nq(1) = 0.371091,	Nq(2) = 0.369979,	Nq(3) = 0.371091,	Nq(4) = 0.371091,	Nq(5) = 0.492875,	Nq(6) = 0.60387,	Nq(7) = 0.492875,	Nq(8) = 0.369979,	Nq(9) = 0.60387,	Nq(10) = 0.604169,	Nq(11) = 0.60387,	Nq(12) = 0.371091,	Nq(13) = 0.492875,	Nq(14) = 0.60387,	Nq(15) = 0.492875,	Sq(0) = -1.00633e-18,	Sq(1) = 0.380525,	Sq(2) = 0.551639,	Sq(3) = 0.380525,	Sq(4) = 0.380525,	Sq(5) = 0.507251,	Sq(6) = 0.636798,	Sq(7) = 0.507251,	Sq(8) = 0.551639,	Sq(9) = 0.636798,	Sq(10) = 1.33296,	Sq(11) = 0.636798,	Sq(12) = 0.380525,	Sq(13) = 0.507251,	Sq(14) = 0.636798,	Sq(15) = 0.507251,	N(0) = 1.99969,	N(1) = 1.99949,	N(2) = 0.000355925,	N(3) = 1.99949,	N(4) = 1.99949,	N(5) = 0.999977,	N(6) = 0.000388677,	N(7) = 0.999977,	N(8) = 0.000355925,	N(9) = 0.000388677,	N(10) = 0.000189806,	N(11) = 0.000388677,	N(12) = 1.99949,	N(13) = 0.999977,	N(14) = 0.000388677,	N(15) = 0.999977
The 6-th iteration is completed.	|| time cost : 0h 0m 47.826s
********************************************************************************************************************
********************************************************************************************************************
Ground state is obtained after 7 iterations. The current ground-state energy is -75.4706, in which electron energy is -75.5283 and phonon energy is 0.0577727
final variational state is: 
	Gamma_x = [      1,  1.016,1.02665,  1.016,  1.016,1.02907,  1.041,1.02907,1.02665,  1.041,1.04929,  1.041,  1.016,1.02907,  1.041,1.02907]
	lambda_q = [0.499993, 0.45274,0.414178, 0.45274, 0.45274,0.432832,0.420941,0.432832,0.414178,0.420941,0.400543,0.420941, 0.45274,0.432832,0.420941,0.432832]
********************************************************************************************************************
o___o  ----------------------------------------
| L |	Time since last clock: 0h 0m 0s
A===A	Time since the beginning: 0h 7m 4s
***********************************************

********************************************************************************************************************
Start warm-up calculation for scaling factor 8
open output files: NGSEDWarmUpW8Obs.txt
********************************************************************************************************************
Start the 0 rounds of NGS-ED iteration
	effective electronic model is modified as: kinetic energy t = 0.839827
	                                           effective interaction Vq = [-3.65683,-3.48238,-3.31354,-3.48238,-3.48238,-3.39819,-3.34487,-3.39819,-3.31354,-3.34487,-3.24815,-3.34487,-3.48238,-3.39819,-3.34487,-3.39819]
	PARPACK diagonalization completed after 45 matrix-vector product operations.
	iteration results: : total energy is -67.688265 | electron energy -67.717162 + phonon energy 0.028897 | electron momentum kIdx = 0
	Nq(0) = 12.25,	Nq(1) = 0.310345,	Nq(2) = 0.340462,	Nq(3) = 0.310345,	Nq(4) = 0.310345,	Nq(5) = 0.43137,	Nq(6) = 0.507013,	Nq(7) = 0.43137,	Nq(8) = 0.340462,	Nq(9) = 0.507013,	Nq(10) = 0.538567,	Nq(11) = 0.507013,	Nq(12) = 0.310345,	Nq(13) = 0.43137,	Nq(14) = 0.507013,	Nq(15) = 0.43137,	Sq(0) = -1.96281e-17,	Sq(1) = 0.415715,	Sq(2) = 0.605869,	Sq(3) = 0.415715,	Sq(4) = 0.415715,	Sq(5) = 0.545462,	Sq(6) = 0.712464,	Sq(7) = 0.545462,	Sq(8) = 0.605869,	Sq(9) = 0.712464,	Sq(10) = 1.62929,	Sq(11) = 0.712464,	Sq(12) = 0.415715,	Sq(13) = 0.545462,	Sq(14) = 0.712464,	Sq(15) = 0.545462,	N(0) = 1.98651,	N(1) = 1.97597,	N(2) = 0.0177693,	N(3) = 1.97597,	N(4) = 1.97597,	N(5) = 0.998787,	N(6) = 0.0177132,	N(7) = 0.998787,	N(8) = 0.0177693,	N(9) = 0.0177132,	N(10) = 0.00807618,	N(11) = 0.0177132,	N(12) = 1.97597,	N(13) = 0.998787,	N(14) = 0.0177132,	N(15) = 0.998787
The 0-th iteration is completed.	|| time cost : 0h 0m 48.356s
********************************************************************************************************************
Start the 1 rounds of NGS-ED iteration
	effective electronic model is modified as: kinetic energy t = 0.802134
	                                           effective interaction Vq = [-3.93072,-3.74618,-3.55771,-3.74618,-3.74618,-3.65309,-3.57306,-3.65309,-3.55771,-3.57306, -3.4668,-3.57306,-3.74618,-3.65309,-3.57306,-3.65309]
	PARPACK diagonalization completed after 45 matrix-vector product operations.
	iteration results: : total energy is -71.628750 | electron energy -71.742568 + phonon energy 0.113819 | electron momentum kIdx = 0
The 1-th iteration is completed.	|| time cost : 0h 0m 18.638s
********************************************************************************************************************
Start the 2 rounds of NGS-ED iteration
	effective electronic model is modified as: kinetic energy t = 0.783643
	                                           effective interaction Vq = [-3.98601, -3.8379,-3.64703, -3.8379, -3.8379,-3.74722, -3.6676,-3.74722,-3.64703, -3.6676,-3.55617, -3.6676, -3.8379,-3.74722, -3.6676,-3.74722]
	PARPACK diagonalization completed after 45 matrix-vector product operations.
	iteration results: : total energy is -72.436338 | electron energy -72.602293 + phonon energy 0.165955 | electron momentum kIdx = 0
The 2-th iteration is completed.	|| time cost : 0h 0m 18.276s
********************************************************************************************************************
Start the 3 rounds of NGS-ED iteration
	effective electronic model is modified as: kinetic energy t = 0.775011
	                                           effective interaction Vq = [-3.99718,-3.87316,-3.68233,-3.87316,-3.87316, -3.7847,-3.70862, -3.7847,-3.68233,-3.70862,-3.59395,-3.70862,-3.87316, -3.7847,-3.70862, -3.7847]
	PARPACK diagonalization completed after 30 matrix-vector product operations.
	iteration results: : total energy is -72.600617 | electron energy -72.792360 + phonon energy 0.191743 | electron momentum kIdx = 0
The 3-th iteration is completed.	|| time cost : 0h 0m 15.394s
********************************************************************************************************************
Start the 4 rounds of NGS-ED iteration
	effective electronic model is modified as: kinetic energy t = 0.771068
	                                           effective interaction Vq = [-3.99943,-3.88768,-3.69688,-3.88768,-3.88768,-3.80036,-3.72701,-3.80036,-3.69688,-3.72701,-3.61033,-3.72701,-3.88768,-3.80036,-3.72701,-3.80036]
	PARPACK diagonalization completed after 30 matrix-vector product operations.
	iteration results: : total energy is -72.633898 | electron energy -72.837690 + phonon energy 0.203792 | electron momentum kIdx = 0
The 4-th iteration is completed.	|| time cost : 0h 0m 15.359s
********************************************************************************************************************
Start the 5 rounds of NGS-ED iteration
	effective electronic model is modified as: kinetic energy t = 0.769284
	                                           effective interaction Vq = [-3.99988,-3.89391,-3.70302,-3.89391,-3.89391,-3.80706,-3.73539,-3.80706,-3.70302,-3.73539,-3.61752,-3.73539,-3.89391,-3.80706,-3.73539,-3.80706]
	PARPACK diagonalization completed after 30 matrix-vector product operations.
	iteration results: : total energy is -72.640629 | electron energy -72.849938 + phonon energy 0.209309 | electron momentum kIdx = 0
The 5-th iteration is completed.	|| time cost : 0h 0m 15.39s
********************************************************************************************************************
Start the 6 rounds of NGS-ED iteration
	effective electronic model is modified as: kinetic energy t = 0.76848
	                                           effective interaction Vq = [-3.99998,-3.89664,-3.70563,-3.89664,-3.89664,-3.80997,-3.73925,-3.80997,-3.70563,-3.73925, -3.6207,-3.73925,-3.89664,-3.80997,-3.73925,-3.80997]
	PARPACK diagonalization completed after 30 matrix-vector product operations.
	iteration results: : total energy is -72.641989 | electron energy -72.853805 + phonon energy 0.211816 | electron momentum kIdx = 0
The 6-th iteration is completed.	|| time cost : 0h 0m 15.398s
********************************************************************************************************************
Start the 7 rounds of NGS-ED iteration
	effective electronic model is modified as: kinetic energy t = 0.768119
	                                           effective interaction Vq = [      -4,-3.89784,-3.70675,-3.89784,-3.89784,-3.81124,-3.74104,-3.81124,-3.70675,-3.74104,-3.62211,-3.74104,-3.89784,-3.81124,-3.74104,-3.81124]
	PARPACK diagonalization completed after 30 matrix-vector product operations.
	iteration results: : total energy is -72.642264 | electron energy -72.855215 + phonon energy 0.212952 | electron momentum kIdx = 0
The 7-th iteration is completed.	|| time cost : 0h 0m 15.429s
********************************************************************************************************************
Start the 8 rounds of NGS-ED iteration
	effective electronic model is modified as: kinetic energy t = 0.767956
	                                           effective interaction Vq = [      -4,-3.89838,-3.70724,-3.89838,-3.89838,-3.81179,-3.74186,-3.81179,-3.70724,-3.74186,-3.62274,-3.74186,-3.89838,-3.81179,-3.74186,-3.81179]
	PARPACK diagonalization completed after 30 matrix-vector product operations.
	iteration results: : total energy is -72.642319 | electron energy -72.855785 + phonon energy 0.213466 | electron momentum kIdx = 0
The 8-th iteration is completed.	|| time cost : 0h 0m 15.485s
********************************************************************************************************************
Start the 9 rounds of NGS-ED iteration
	effective electronic model is modified as: kinetic energy t = 0.767882
	                                           effective interaction Vq = [      -4,-3.89862,-3.70744,-3.89862,-3.89862,-3.81204,-3.74224,-3.81204,-3.70744,-3.74224,-3.62302,-3.74224,-3.89862,-3.81204,-3.74224,-3.81204]
	PARPACK diagonalization completed after 30 matrix-vector product operations.
	iteration results: : total energy is -72.642331 | electron energy -72.856029 + phonon energy 0.213698 | electron momentum kIdx = 0
	Nq(0) = 12.25,	Nq(1) = 0.361568,	Nq(2) = 0.360809,	Nq(3) = 0.361568,	Nq(4) = 0.361568,	Nq(5) = 0.478547,	Nq(6) = 0.568852,	Nq(7) = 0.478547,	Nq(8) = 0.360809,	Nq(9) = 0.568852,	Nq(10) = 0.574027,	Nq(11) = 0.568852,	Nq(12) = 0.361568,	Nq(13) = 0.478547,	Nq(14) = 0.568852,	Nq(15) = 0.478547,	Sq(0) = 4.99972e-18,	Sq(1) = 0.390285,	Sq(2) = 0.568779,	Sq(3) = 0.390285,	Sq(4) = 0.390285,	Sq(5) = 0.519499,	Sq(6) = 0.657998,	Sq(7) = 0.519499,	Sq(8) = 0.568779,	Sq(9) = 0.657998,	Sq(10) = 1.4098,	Sq(11) = 0.657998,	Sq(12) = 0.390285,	Sq(13) = 0.519499,	Sq(14) = 0.657998,	Sq(15) = 0.519499,	N(0) = 1.99769,	N(1) = 1.99617,	N(2) = 0.00270237,	N(3) = 1.99617,	N(4) = 1.99617,	N(5) = 0.999813,	N(6) = 0.00288405,	N(7) = 0.999813,	N(8) = 0.00270237,	N(9) = 0.00288405,	N(10) = 0.00142873,	N(11) = 0.00288405,	N(12) = 1.99617,	N(13) = 0.999813,	N(14) = 0.00288405,	N(15) = 0.999813
The 9-th iteration is completed.	|| time cost : 0h 0m 40.202s
********************************************************************************************************************
********************************************************************************************************************
Ground state is obtained after 10 iterations. The current ground-state energy is -72.6423, in which electron energy is -72.856 and phonon energy is 0.213698
final variational state is: 
	Gamma_x = [      1,1.04952, 1.0737,1.04952,1.04952, 1.0845,1.11347, 1.0845, 1.0737,1.11347,1.12952,1.11347,1.04952, 1.0845,1.11347, 1.0845]
	lambda_q = [0.707037,0.594592,0.515905,0.594592,0.594592,0.553867,0.527671,0.553867,0.515905,0.527671,0.490066,0.527671,0.594592,0.553867,0.527671,0.553867]
********************************************************************************************************************
o___o  ----------------------------------------
| L |	Time since last clock: 0h 0m 0s
A===A	Time since the beginning: 0h 10m 41.932s
***********************************************

********************************************************************************************************************
Start warm-up calculation for scaling factor 4
open output files: NGSEDWarmUpW4Obs.txt
********************************************************************************************************************
Start the 0 rounds of NGS-ED iteration
	effective electronic model is modified as: kinetic energy t = 0.767849
	                                           effective interaction Vq = [-3.65669,-3.34258,-3.06261,-3.34258,-3.34258,-3.20386,-3.10762,-3.20386,-3.06261,-3.10762,-2.95987,-3.10762,-3.34258,-3.20386,-3.10762,-3.20386]
	PARPACK diagonalization completed after 45 matrix-vector product operations.
	iteration results: : total energy is -64.660885 | electron energy -64.767787 + phonon energy 0.106902 | electron momentum kIdx = 0
	Nq(0) = 12.25,	Nq(1) = 0.287047,	Nq(2) = 0.320784,	Nq(3) = 0.287047,	Nq(4) = 0.287047,	Nq(5) = 0.399831,	Nq(6) = 0.460429,	Nq(7) = 0.399831,	Nq(8) = 0.320784,	Nq(9) = 0.460429,	Nq(10) = 0.495874,	Nq(11) = 0.460429,	Nq(12) = 0.287047,	Nq(13) = 0.399831,	Nq(14) = 0.460429,	Nq(15) = 0.399831,	Sq(0) = -2.52407e-18,	Sq(1) = 0.430335,	Sq(2) = 0.630721,	Sq(3) = 0.430335,	Sq(4) = 0.430335,	Sq(5) = 0.561501,	Sq(6) = 0.752216,	Sq(7) = 0.561501,	Sq(8) = 0.630721,	Sq(9) = 0.752216,	Sq(10) = 1.78568,	Sq(11) = 0.752216,	Sq(12) = 0.430335,	Sq(13) = 0.561501,	Sq(14) = 0.752216,	Sq(15) = 0.561501,	N(0) = 1.97184,	N(1) = 1.95052,	N(2) = 0.0360875,	N(3) = 1.95052,	N(4) = 1.95052,	N(5) = 0.99789,	N(6) = 0.0362756,	N(7) = 0.99789,	N(8) = 0.0360875,	N(9) = 0.0362756,	N(10) = 0.0172496,	N(11) = 0.0362756,	N(12) = 1.95052,	N(13) = 0.99789,	N(14) = 0.0362756,	N(15) = 0.99789
The 0-th iteration is completed.	|| time cost : 0h 0m 43.145s
********************************************************************************************************************
Start the 1 rounds of NGS-ED iteration
	effective electronic model is modified as: kinetic energy t = 0.757484
	                                           effective interaction Vq = [-3.84574,-3.47732,-3.15607,-3.47732,-3.47732, -3.3171,-3.17941, -3.3171,-3.15607,-3.17941,-3.01742,-3.17941,-3.47732, -3.3171,-3.17941, -3.3171]
	PARPACK diagonalization completed after 45 matrix-vector product operations.
	iteration results: : total energy is -67.158189 | electron energy -67.408405 + phonon energy 0.250216 | electron momentum kIdx = 0
The 1-th iteration is completed.	|| time cost : 0h 0m 18.306s
********************************************************************************************************************
Start the 2 rounds of NGS-ED iteration
	effective electronic model is modified as: kinetic energy t = 0.746788
	                                           effective interaction Vq = [-3.93069,-3.56346,  -3.223,-3.56346,-3.56346,-3.39671,-3.24231,-3.39671,  -3.223,-3.24231,-3.07478,-3.24231,-3.56346,-3.39671,-3.24231,-3.39671]
	PARPACK diagonalization completed after 45 matrix-vector product operations.
	iteration results: : total energy is -68.280201 | electron energy -68.630084 + phonon energy 0.349882 | electron momentum kIdx = 0
The 2-th iteration is completed.	|| time cost : 0h 0m 18.27s
********************************************************************************************************************
Start the 3 rounds of NGS-ED iteration
	effective electronic model is modified as: kinetic energy t = 0.738097
	                                           effective interaction Vq = [-3.96886,-3.61939,-3.26904,-3.61939,-3.61939,-3.45116,-3.29016,-3.45116,-3.26904,-3.29016,-3.11928,-3.29016,-3.61939,-3.45116,-3.29016,-3.45116]
	PARPACK diagonalization completed after 45 matrix-vector product operations.
	iteration results: : total energy is -68.786975 | electron energy -69.202558 + phonon energy 0.415584 | electron momentum kIdx = 0
The 3-th iteration is completed.	|| time cost : 0h 0m 18.385s
********************************************************************************************************************
Start the 4 rounds of NGS-ED iteration
	effective electronic model is modified as: kinetic energy t = 0.731591
	                                           effective interaction Vq = [-3.98601,-3.65621,-3.30024,-3.65621,-3.65621,-3.48809,-3.32487,-3.48809,-3.30024,-3.32487,-3.15135,-3.32487,-3.65621,-3.48809,-3.32487,-3.48809]
	PARPACK diagonalization completed after 45 matrix-vector product operations.
	iteration results: : total energy is -69.016162 | electron energy -69.475664 + phonon energy 0.459503 | electron momentum kIdx = 0
The 4-th iteration is completed.	|| time cost : 0h 0m 18.224s
********************************************************************************************************************
Start the 5 rounds of NGS-ED iteration
	effective electronic model is modified as: kinetic energy t = 0.726894
	                                           effective interaction Vq = [-3.99371,-3.68071, -3.3213,-3.68071,-3.68071, -3.5131,-3.34961, -3.5131, -3.3213,-3.34961,-3.17386,-3.34961,-3.68071, -3.5131,-3.34961, -3.5131]
	PARPACK diagonalization completed after 30 matrix-vector product operations.
	iteration results: : total energy is -69.119847 | electron energy -69.609233 + phonon energy 0.489386 | electron momentum kIdx = 0
The 5-th iteration is completed.	|| time cost : 0h 0m 15.385s
********************************************************************************************************************
Start the 6 rounds of NGS-ED iteration
	effective electronic model is modified as: kinetic energy t = 0.723564
	                                           effective interaction Vq = [-3.99717,-3.69716,-3.33551,-3.69716,-3.69716,-3.53006,-3.36713,-3.53006,-3.33551,-3.36713,-3.18951,-3.36713,-3.69716,-3.53006,-3.36713,-3.53006]
	PARPACK diagonalization completed after 30 matrix-vector product operations.
	iteration results: : total energy is -69.166765 | electron energy -69.676722 + phonon energy 0.509957 | electron momentum kIdx = 0
The 6-th iteration is completed.	|| time cost : 0h 0m 15.455s
********************************************************************************************************************
Start the 7 rounds of NGS-ED iteration
	effective electronic model is modified as: kinetic energy t = 0.721224
	                                           effective interaction Vq = [-3.99873,-3.70828, -3.3451,-3.70828,-3.70828,-3.54158,-3.37952,-3.54158, -3.3451,-3.37952,-3.20035,-3.37952,-3.70828,-3.54158,-3.37952,-3.54158]
	PARPACK diagonalization completed after 30 matrix-vector product operations.
	iteration results: : total energy is -69.187999 | electron energy -69.712206 + phonon energy 0.524207 | electron momentum kIdx = 0
The 7-th iteration is completed.	|| time cost : 0h 0m 15.391s
********************************************************************************************************************
Start the 8 rounds of NGS-ED iteration
	effective electronic model is modified as: kinetic energy t = 0.719589
	                                           effective interaction Vq = [-3.99943,-3.71584,-3.35159,-3.71584,-3.71584,-3.54943,-3.38827,-3.54943,-3.35159,-3.38827,-3.20785,-3.38827,-3.71584,-3.54943,-3.38827,-3.54943]
	PARPACK diagonalization completed after 30 matrix-vector product operations.
	iteration results: : total energy is -69.197613 | electron energy -69.731721 + phonon energy 0.534108 | electron momentum kIdx = 0
The 8-th iteration is completed.	|| time cost : 0h 0m 15.367s
********************************************************************************************************************
Start the 9 rounds of NGS-ED iteration
	effective electronic model is modified as: kinetic energy t = 0.71845
	                                           effective interaction Vq = [-3.99974,-3.72099,-3.35598,-3.72099,-3.72099,-3.55478,-3.39444,-3.55478,-3.35598,-3.39444,-3.21305,-3.39444,-3.72099,-3.55478,-3.39444,-3.55478]
	PARPACK diagonalization completed after 30 matrix-vector product operations.
	iteration results: : total energy is -69.201967 | electron energy -69.742964 + phonon energy 0.540997 | electron momentum kIdx = 0
The 9-th iteration is completed.	|| time cost : 0h 0m 15.4s
********************************************************************************************************************
Start the 10 rounds of NGS-ED iteration
	effective electronic model is modified as: kinetic energy t = 0.717657
	                                           effective interaction Vq = [-3.99988,-3.72451,-3.35896,-3.72451,-3.72451,-3.55843,-3.39881,-3.55843,-3.35896,-3.39881,-3.21664,-3.39881,-3.72451,-3.55843,-3.39881,-3.55843]
	PARPACK diagonalization completed after 30 matrix-vector product operations.
	iteration results: : total energy is -69.203940 | electron energy -69.749732 + phonon energy 0.545792 | electron momentum kIdx = 0
	Nq(0) = 12.25,	Nq(1) = 0.332065,	Nq(2) = 0.33906,	Nq(3) = 0.332065,	Nq(4) = 0.332065,	Nq(5) = 0.442105,	Nq(6) = 0.500253,	Nq(7) = 0.442105,	Nq(8) = 0.33906,	Nq(9) = 0.500253,	Nq(10) = 0.520357,	Nq(11) = 0.500253,	Nq(12) = 0.332065,	Nq(13) = 0.442105,	Nq(14) = 0.500253,	Nq(15) = 0.442105,	Sq(0) = -3.82801e-19,	Sq(1) = 0.411277,	Sq(2) = 0.604449,	Sq(3) = 0.411277,	Sq(4) = 0.411277,	Sq(5) = 0.54403,	Sq(6) = 0.706714,	Sq(7) = 0.54403,	Sq(8) = 0.604449,	Sq(9) = 0.706714,	Sq(10) = 1.59685,	Sq(11) = 0.706714,	Sq(12) = 0.411277,	Sq(13) = 0.54403,	Sq(14) = 0.706714,	Sq(15) = 0.54403,	N(0) = 1.98681,	N(1) = 1.97819,	N(2) = 0.0155471,	N(3) = 1.97819,	N(4) = 1.97819,	N(5) = 0.998929,	N(6) = 0.0163415,	N(7) = 0.998929,	N(8) = 0.0155471,	N(9) = 0.0163415,	N(10) = 0.00823725,	N(11) = 0.0163415,	N(12) = 1.97819,	N(13) = 0.998929,	N(14) = 0.0163415,	N(15) = 0.998929
The 10-th iteration is completed.	|| time cost : 0h 0m 40.485s
********************************************************************************************************************
Start the 11 rounds of NGS-ED iteration
	effective electronic model is modified as: kinetic energy t = 0.717106
	                                           effective interaction Vq = [-3.99995,-3.72693,-3.36098,-3.72693,-3.72693,-3.56093,-3.40189,-3.56093,-3.36098,-3.40189,-3.21914,-3.40189,-3.72693,-3.56093,-3.40189,-3.56093]
	PARPACK diagonalization completed after 30 matrix-vector product operations.
	iteration results: : total energy is -69.204834 | electron energy -69.753964 + phonon energy 0.549130 | electron momentum kIdx = 0
The 11-th iteration is completed.	|| time cost : 0h 0m 15.453s
********************************************************************************************************************
Start the 12 rounds of NGS-ED iteration
	effective electronic model is modified as: kinetic energy t = 0.716724
	                                           effective interaction Vq = [-3.99998,-3.72859,-3.36236,-3.72859,-3.72859,-3.56263,-3.40407,-3.56263,-3.36236,-3.40407,-3.22086,-3.40407,-3.72859,-3.56263,-3.40407,-3.56263]
	PARPACK diagonalization completed after 30 matrix-vector product operations.
	iteration results: : total energy is -69.205240 | electron energy -69.756694 + phonon energy 0.551454 | electron momentum kIdx = 0
The 12-th iteration is completed.	|| time cost : 0h 0m 17.493s
********************************************************************************************************************
Start the 13 rounds of NGS-ED iteration
	effective electronic model is modified as: kinetic energy t = 0.716458
	                                           effective interaction Vq = [-3.99999,-3.72972, -3.3633,-3.72972,-3.72972, -3.5638,-3.40561, -3.5638, -3.3633,-3.40561,-3.22206,-3.40561,-3.72972, -3.5638,-3.40561, -3.5638]
	PARPACK diagonalization completed after 30 matrix-vector product operations.
	iteration results: : total energy is -69.205424 | electron energy -69.758496 + phonon energy 0.553072 | electron momentum kIdx = 0
The 13-th iteration is completed.	|| time cost : 0h 0m 17.834s
********************************************************************************************************************
Start the 14 rounds of NGS-ED iteration
	effective electronic model is modified as: kinetic energy t = 0.716273
	                                           effective interaction Vq = [      -4,-3.73051,-3.36394,-3.73051,-3.73051, -3.5646,-3.40669, -3.5646,-3.36394,-3.40669,-3.22288,-3.40669,-3.73051, -3.5646,-3.40669, -3.5646]
	PARPACK diagonalization completed after 30 matrix-vector product operations.
	iteration results: : total energy is -69.205508 | electron energy -69.759707 + phonon energy 0.554199 | electron momentum kIdx = 0
The 14-th iteration is completed.	|| time cost : 0h 0m 16.546s
********************************************************************************************************************
Start the 15 rounds of NGS-ED iteration
	effective electronic model is modified as: kinetic energy t = 0.716145
	                                           effective interaction Vq = [      -4,-3.73105,-3.36438,-3.73105,-3.73105,-3.56515,-3.40746,-3.56515,-3.36438,-3.40746,-3.22346,-3.40746,-3.73105,-3.56515,-3.40746,-3.56515]
	PARPACK diagonalization completed after 30 matrix-vector product operations.
	iteration results: : total energy is -69.205546 | electron energy -69.760529 + phonon energy 0.554983 | electron momentum kIdx = 0
The 15-th iteration is completed.	|| time cost : 0h 0m 15.346s
********************************************************************************************************************
Start the 16 rounds of NGS-ED iteration
	effective electronic model is modified as: kinetic energy t = 0.716056
	                                           effective interaction Vq = [      -4,-3.73142,-3.36468,-3.73142,-3.73142,-3.56552,  -3.408,-3.56552,-3.36468,  -3.408,-3.22386,  -3.408,-3.73142,-3.56552,  -3.408,-3.56552]
	PARPACK diagonalization completed after 30 matrix-vector product operations.
	iteration results: : total energy is -69.205563 | electron energy -69.761092 + phonon energy 0.555529 | electron momentum kIdx = 0
	Nq(0) = 12.25,	Nq(1) = 0.333058,	Nq(2) = 0.339351,	Nq(3) = 0.333058,	Nq(4) = 0.333058,	Nq(5) = 0.442967,	Nq(6) = 0.50162,	Nq(7) = 0.442967,	Nq(8) = 0.339351,	Nq(9) = 0.50162,	Nq(10) = 0.521011,	Nq(11) = 0.50162,	Nq(12) = 0.333058,	Nq(13) = 0.442967,	Nq(14) = 0.50162,	Nq(15) = 0.442967,	Sq(0) = -4.54494e-19,	Sq(1) = 0.410794,	Sq(2) = 0.603764,	Sq(3) = 0.410794,	Sq(4) = 0.410794,	Sq(5) = 0.543541,	Sq(6) = 0.705623,	Sq(7) = 0.543541,	Sq(8) = 0.603764,	Sq(9) = 0.705623,	Sq(10) = 1.59235,	Sq(11) = 0.705623,	Sq(12) = 0.410794,	Sq(13) = 0.543541,	Sq(14) = 0.705623,	Sq(15) = 0.543541,	N(0) = 1.98711,	N(1) = 1.97873,	N(2) = 0.0151602,	N(3) = 1.97873,	N(4) = 1.97873,	N(5) = 0.998952,	N(6) = 0.0159505,	N(7) = 0.998952,	N(8) = 0.0151602,	N(9) = 0.0159505,	N(10) = 0.00804028,	N(11) = 0.0159505,	N(12) = 1.97873,	N(13) = 0.998952,	N(14) = 0.0159505,	N(15) = 0.998952
The 16-th iteration is completed.	|| time cost : 0h 0m 40.193s
********************************************************************************************************************
********************************************************************************************************************
Ground state is obtained after 17 iterations. The current ground-state energy is -69.2056, in which electron energy is -69.7611 and phonon energy is 0.555529
final variational state is: 
	Gamma_x = [      1, 1.1358,1.17573, 1.1358, 1.1358,1.21452,1.26499,1.21452,1.17573,1.26499,1.28909,1.26499, 1.1358,1.21452,1.26499,1.21452]
	lambda_q = [0.999674,0.740999,0.601528,0.740999,0.740999,0.670522,0.615417,0.670522,0.601528,0.615417,0.559583,0.615417,0.740999,0.670522,0.615417,0.670522]
********************************************************************************************************************
o___o  ----------------------------------------
| L |	Time since last clock: 0h 0m 0s
A===A	Time since the beginning: 0h 16m 38.619s
***********************************************

********************************************************************************************************************
Start warm-up calculation for scaling factor 2
open output files: NGSEDWarmUpW2Obs.txt
********************************************************************************************************************
Start the 0 rounds of NGS-ED iteration
	effective electronic model is modified as: kinetic energy t = 0.715994
	                                           effective interaction Vq = [-3.65631,-3.09357,-2.67908,-3.09357,-3.09357,-2.89385,-2.72385,-2.89385,-2.67908,-2.72385,-2.53921,-2.72385,-3.09357,-2.89385,-2.72385,-2.89385]
	PARPACK diagonalization completed after 45 matrix-vector product operations.
	iteration results: : total energy is -61.488841 | electron energy -61.766796 + phonon energy 0.277955 | electron momentum kIdx = 0
	Nq(0) = 12.25,	Nq(1) = 0.251272,	Nq(2) = 0.288219,	Nq(3) = 0.251272,	Nq(4) = 0.251272,	Nq(5) = 0.350452,	Nq(6) = 0.39564,	Nq(7) = 0.350452,	Nq(8) = 0.288219,	Nq(9) = 0.39564,	Nq(10) = 0.4358,	Nq(11) = 0.39564,	Nq(12) = 0.251272,	Nq(13) = 0.350452,	Nq(14) = 0.39564,	Nq(15) = 0.350452,	Sq(0) = -8.30802e-18,	Sq(1) = 0.44881,	Sq(2) = 0.664951,	Sq(3) = 0.44881,	Sq(4) = 0.44881,	Sq(5) = 0.581501,	Sq(6) = 0.816507,	Sq(7) = 0.581501,	Sq(8) = 0.664951,	Sq(9) = 0.816507,	Sq(10) = 2.03113,	Sq(11) = 0.816507,	Sq(12) = 0.44881,	Sq(13) = 0.581501,	Sq(14) = 0.816507,	Sq(15) = 0.581501,	N(0) = 1.9397,	N(1) = 1.89397,	N(2) = 0.0766862,	N(3) = 1.89397,	N(4) = 1.89397,	N(5) = 0.996743,	N(6) = 0.0764391,	N(7) = 0.996743,	N(8) = 0.0766862,	N(9) = 0.0764391,	N(10) = 0.0383171,	N(11) = 0.0764391,	N(12) = 1.89397,	N(13) = 0.996743,	N(14) = 0.0764391,	N(15) = 0.996743
The 0-th iteration is completed.	|| time cost : 0h 0m 43.053s
********************************************************************************************************************
Start the 1 rounds of NGS-ED iteration
	effective electronic model is modified as: kinetic energy t = 0.735696
	                                           effective interaction Vq = [-3.76962,-3.11016,-2.64404,-3.11016,-3.11016,-2.87909,-2.66307,-2.87909,-2.64404,-2.66307,-2.46632,-2.66307,-3.11016,-2.87909,-2.66307,-2.87909]
	PARPACK diagonalization completed after 45 matrix-vector product operations.
	iteration results: : total energy is -62.993153 | electron energy -63.439395 + phonon energy 0.446242 | electron momentum kIdx = 0
The 1-th iteration is completed.	|| time cost : 0h 0m 18.279s
