SNEDics v3.4 Non-Gaussian ED ground state program		Start at Tue Oct  1 21:56:07 2019

parallized on 16 MPI threads  * 8 OpenMP threads = 128 total threads.
********************************************************************************************************************
********************************************************************************************************************

********************************************************************************************************************
System parameters and configurations
********************************************************************************************************************
Special program options are enabled: splitted diagonal Hamiltonian
********************************************************************************************************************
Read input file "model_params.in"
	Hubbard-Holstein model parameters : 	t = 1    U = 3.9    g = 3.6056    W = 5    
********************************************************************************************************************
Read input file "hilbertspace_params.in"
	Requested 16-site 2D lattice, with 16 electrons (8, 8)
	Boundary : Periodic		Hilbert space representation : momentum-space (restricted to kIdx = 10)
	Conservation: particle number[U(1)]      spin[U(1)]     momentum
********************************************************************************************************************

Cluster Positions:				Cluster symmetry group : D4
 x ... x ... x ... x .....                       x ... x ... x ... x .....
 |           |           :                       |           |           :
 |           |           :                       |           |           :
12    13    14    15     x                       1     5     6     5     x
 |           |           :                       |           |           :
 |           |           :                       |           |           :
 8 --- 9 ---10 ---11 --- x                       2 --- 6 ---10 --- 6 --- x
 |           |           :                       |           |           :
 |           |           :                       |           |           :
 4     5     6     7     x                       1     5     6     5     x
 |           |           :                       |           |           :
 |           |           :                       |           |           :
 0 --- 1 --- 2 --- 3 --- x                       0 --- 1 --- 2 --- 1 --- x
orbital number : 1
********************************************************************************************************************
Read input file "obs_params.in"
	Observable Type : Nq(All),   Sq(All),   N(All),   Delta[s](All),   Delta[d](All),   Delta[s+](All)
********************************************************************************************************************
** WARNING ** the input observables have non-local factors which have been reinterpreted. The total observable number is 96
********************************************************************************************************************


********************************************************************************************************************
Start calculating the non-Gaussian ED ground state
** WARNING ** Detected low phonon energy W < 10. The initial state will be prepared through a warm-up process.
********************************************************************************************************************
Start warm-up calculation for scaling factor 2
open output files: NGSEDWarmUpW10Obs.txt
********************************************************************************************************************
Start the 0 rounds of NGS-ED iteration
	effective electronic model is modified as: kinetic energy t = 1
	                                           effective interaction Vq = [-0,-0,-0,-0,-0,-0,-0,-0,-0,-0,-0,-0,-0,-0,-0,-0]
	first Hamiltonian is constructed, non-zero numbers = 2845334624
	PARPACK diagonalization completed after 90 matrix-vector product operations.
	iteration results: : total energy is -13.666117 | electron energy -13.666117 + phonon energy 0.000000 | electron momentum kIdx = 10
	Nq(0) = 16,	Nq(1) = 0.168851,	Nq(2) = 0.240784,	Nq(3) = 0.168851,	Nq(4) = 0.168851,	Nq(5) = 0.240784,	Nq(6) = 0.329474,	Nq(7) = 0.240784,	Nq(8) = 0.240784,	Nq(9) = 0.329474,	Nq(10) = 0.393941,	Nq(11) = 0.329474,	Nq(12) = 0.168851,	Nq(13) = 0.240784,	Nq(14) = 0.329474,	Nq(15) = 0.240784,	Sq(0) = -5.08677e-19,	Sq(1) = 0.318882,	Sq(2) = 0.421548,	Sq(3) = 0.318882,	Sq(4) = 0.318882,	Sq(5) = 0.421548,	Sq(6) = 0.637828,	Sq(7) = 0.421548,	Sq(8) = 0.421548,	Sq(9) = 0.637828,	Sq(10) = 5.81193,	Sq(11) = 0.637828,	Sq(12) = 0.318882,	Sq(13) = 0.421548,	Sq(14) = 0.637828,	Sq(15) = 0.421548,	N(0) = 1.93512,	N(1) = 1.85359,	N(2) = 1,	N(3) = 1.85359,	N(4) = 1.85359,	N(5) = 1,	N(6) = 0.146408,	N(7) = 1,	N(8) = 1,	N(9) = 0.146408,	N(10) = 0.0648841,	N(11) = 0.146408,	N(12) = 1.85359,	N(13) = 1,	N(14) = 0.146408,	N(15) = 1,	Delta[s](0) = 0.178769,	Delta[s](1) = 0.154071,	Delta[s](2) = 0.120257,	Delta[s](3) = 0.154071,	Delta[s](4) = 0.154071,	Delta[s](5) = 0.120257,	Delta[s](6) = 0.0926977,	Delta[s](7) = 0.120257,	Delta[s](8) = 0.120257,	Delta[s](9) = 0.0926977,	Delta[s](10) = 0.0285865,	Delta[s](11) = 0.0926977,	Delta[s](12) = 0.154071,	Delta[s](13) = 0.120257,	Delta[s](14) = 0.0926977,	Delta[s](15) = 0.120257,	Delta[d](0) = 0.515541,	Delta[d](1) = 0.380884,	Delta[d](2) = 0.323342,	Delta[d](3) = 0.380884,	Delta[d](4) = 0.380884,	Delta[d](5) = 0.373885,	Delta[d](6) = 0.301345,	Delta[d](7) = 0.373885,	Delta[d](8) = 0.323342,	Delta[d](9) = 0.301345,	Delta[d](10) = 0.243927,	Delta[d](11) = 0.301345,	Delta[d](12) = 0.380884,	Delta[d](13) = 0.373885,	Delta[d](14) = 0.301345,	Delta[d](15) = 0.373885,	Delta[s+](0) = 0.582836,	Delta[s+](1) = 0.47795,	Delta[s+](2) = 0.323342,	Delta[s+](3) = 0.47795,	Delta[s+](4) = 0.47795,	Delta[s+](5) = 0.323342,	Delta[s+](6) = 0.174406,	Delta[s+](7) = 0.323342,	Delta[s+](8) = 0.323342,	Delta[s+](9) = 0.174406,	Delta[s+](10) = 0.0596984,	Delta[s+](11) = 0.174406,	Delta[s+](12) = 0.47795,	Delta[s+](13) = 0.323342,	Delta[s+](14) = 0.174406,	Delta[s+](15) = 0.323342
The 0-th iteration is completed.	|| time cost : 0h 8m 23.352s
********************************************************************************************************************
Start the 1 rounds of NGS-ED iteration
	effective electronic model is modified as: kinetic energy t = 0.934685
	                                           effective interaction Vq = [-2.24819,-2.06047,-1.98757,-2.06047,-2.06047,-1.98757,-1.96461,-1.98757,-1.98757,-1.96461,-1.93434,-1.96461,-2.06047,-1.98757,-1.96461,-1.98757]
	PARPACK diagonalization completed after 45 matrix-vector product operations.
	iteration results: : total energy is -58.735754 | electron energy -58.740029 + phonon energy 0.004275 | electron momentum kIdx = 10
The 1-th iteration is completed.	|| time cost : 0h 7m 34.805s
********************************************************************************************************************
Start the 2 rounds of NGS-ED iteration
	effective electronic model is modified as: kinetic energy t = 0.879452
	                                           effective interaction Vq = [-2.55245,-2.44916,-2.41892,-2.44916,-2.44916,-2.41892,-2.35805,-2.41892,-2.41892,-2.35805,-2.29377,-2.35805,-2.44916,-2.41892,-2.35805,-2.41892]
	PARPACK diagonalization completed after 30 matrix-vector product operations.
	iteration results: : total energy is -65.823994 | electron energy -65.858968 + phonon energy 0.034975 | electron momentum kIdx = 10
The 2-th iteration is completed.	|| time cost : 0h 0m 27.228s
********************************************************************************************************************
Start the 3 rounds of NGS-ED iteration
	effective electronic model is modified as: kinetic energy t = 0.857767
	                                           effective interaction Vq = [-2.59363,-2.52768,-2.51128,-2.52768,-2.52768,-2.51128,-2.45057,-2.51128,-2.51128,-2.45057,-2.38216,-2.45057,-2.52768,-2.51128,-2.45057,-2.51128]
	PARPACK diagonalization completed after 30 matrix-vector product operations.
	iteration results: : total energy is -66.764885 | electron energy -66.826852 + phonon energy 0.061967 | electron momentum kIdx = 10
The 3-th iteration is completed.	|| time cost : 0h 0m 27.271s
********************************************************************************************************************
Start the 4 rounds of NGS-ED iteration
	effective electronic model is modified as: kinetic energy t = 0.8501
	                                           effective interaction Vq = [ -2.5992,-2.54785,-2.53573,-2.54785,-2.54785,-2.53573,-2.47734,-2.53573,-2.53573,-2.47734,-2.40867,-2.47734,-2.54785,-2.53573,-2.47734,-2.53573]
	PARPACK diagonalization completed after 105 matrix-vector product operations.
	iteration results: : total energy is -67.240740 | electron energy -67.315247 + phonon energy 0.074508 | electron momentum kIdx = 10
The 4-th iteration is completed.	|| time cost : 0h 0m 51.125s
********************************************************************************************************************
Start the 5 rounds of NGS-ED iteration
	effective electronic model is modified as: kinetic energy t = 0.845116
	                                           effective interaction Vq = [-2.59995,-2.55035,-2.54946,-2.55035,-2.55035,-2.54946,-2.48023,-2.54946,-2.54946,-2.48023,-2.48604,-2.48023,-2.55035,-2.54946,-2.48023,-2.54946]
	PARPACK diagonalization completed after 45 matrix-vector product operations.
	iteration results: : total energy is -67.290016 | electron energy -67.371611 + phonon energy 0.081595 | electron momentum kIdx = 10
The 5-th iteration is completed.	|| time cost : 0h 0m 32.344s
********************************************************************************************************************
Start the 6 rounds of NGS-ED iteration
	effective electronic model is modified as: kinetic energy t = 0.842895
	                                           effective interaction Vq = [-2.60005,-2.55179,-2.55073,-2.55179,-2.55179,-2.55073, -2.4822,-2.55073,-2.55073, -2.4822,-2.52966, -2.4822,-2.55179,-2.55073, -2.4822,-2.55073]
	PARPACK diagonalization completed after 45 matrix-vector product operations.
	iteration results: : total energy is -67.340436 | electron energy -67.426188 + phonon energy 0.085752 | electron momentum kIdx = 10
The 6-th iteration is completed.	|| time cost : 0h 0m 32.313s
********************************************************************************************************************
Start the 7 rounds of NGS-ED iteration
	effective electronic model is modified as: kinetic energy t = 0.845949
	                                           effective interaction Vq = [-2.60007,-2.55088,-2.51434,-2.55088,-2.55088,-2.51434,-2.48113,-2.51434,-2.51434,-2.48113, -2.5758,-2.48113,-2.55088,-2.51434,-2.48113,-2.51434]
	PARPACK diagonalization completed after 45 matrix-vector product operations.
	iteration results: : total energy is -67.497404 | electron energy -67.584108 + phonon energy 0.086704 | electron momentum kIdx = 10
The 7-th iteration is completed.	|| time cost : 0h 0m 32.293s
********************************************************************************************************************
Start the 8 rounds of NGS-ED iteration
	effective electronic model is modified as: kinetic energy t = 0.850946
	                                           effective interaction Vq = [-2.60007,-2.54568,-2.46981,-2.54568,-2.54568,-2.46981,-2.47386,-2.46981,-2.46981,-2.47386,-2.58881,-2.47386,-2.54568,-2.46981,-2.47386,-2.46981]
	PARPACK diagonalization completed after 30 matrix-vector product operations.
	iteration results: : total energy is -67.545308 | electron energy -67.630521 + phonon energy 0.085212 | electron momentum kIdx = 10
The 8-th iteration is completed.	|| time cost : 0h 0m 27.276s
********************************************************************************************************************
Start the 9 rounds of NGS-ED iteration
	effective electronic model is modified as: kinetic energy t = 0.852891
	                                           effective interaction Vq = [-2.60007,-2.54231,-2.45196,-2.54231,-2.54231,-2.45196,-2.46935,-2.45196,-2.45196,-2.46935,-2.59224,-2.46935,-2.54231,-2.45196,-2.46935,-2.45196]
	PARPACK diagonalization completed after 30 matrix-vector product operations.
	iteration results: : total energy is -67.551538 | electron energy -67.635538 + phonon energy 0.084000 | electron momentum kIdx = 10
The 9-th iteration is completed.	|| time cost : 0h 0m 27.294s
********************************************************************************************************************
Start the 10 rounds of NGS-ED iteration
	effective electronic model is modified as: kinetic energy t = 0.853627
	                                           effective interaction Vq = [-2.60007,-2.54065,-2.44562,-2.54065,-2.54065,-2.44562,-2.46718,-2.44562,-2.44562,-2.46718,-2.59329,-2.46718,-2.54065,-2.44562,-2.46718,-2.44562]
	PARPACK diagonalization completed after 30 matrix-vector product operations.
	iteration results: : total energy is -67.552322 | electron energy -67.635752 + phonon energy 0.083430 | electron momentum kIdx = 10
	Nq(0) = 16,	Nq(1) = 0.34059,	Nq(2) = 0.370806,	Nq(3) = 0.34059,	Nq(4) = 0.34059,	Nq(5) = 0.370806,	Nq(6) = 0.605632,	Nq(7) = 0.370806,	Nq(8) = 0.370806,	Nq(9) = 0.605632,	Nq(10) = 4.36637,	Nq(11) = 0.605632,	Nq(12) = 0.34059,	Nq(13) = 0.370806,	Nq(14) = 0.605632,	Nq(15) = 0.370806,	Sq(0) = 7.06269e-18,	Sq(1) = 0.276816,	Sq(2) = 0.331441,	Sq(3) = 0.276816,	Sq(4) = 0.276816,	Sq(5) = 0.331441,	Sq(6) = 0.493894,	Sq(7) = 0.331441,	Sq(8) = 0.331441,	Sq(9) = 0.493894,	Sq(10) = 0.552415,	Sq(11) = 0.493894,	Sq(12) = 0.276816,	Sq(13) = 0.331441,	Sq(14) = 0.493894,	Sq(15) = 0.331441,	N(0) = 1.99035,	N(1) = 1.97396,	N(2) = 1,	N(3) = 1.97396,	N(4) = 1.97396,	N(5) = 1,	N(6) = 0.0260364,	N(7) = 1,	N(8) = 1,	N(9) = 0.0260364,	N(10) = 0.00964935,	N(11) = 0.0260364,	N(12) = 1.97396,	N(13) = 1,	N(14) = 0.0260364,	N(15) = 1,	Delta[s](0) = 0.477702,	Delta[s](1) = 0.346665,	Delta[s](2) = 0.333856,	Delta[s](3) = 0.346665,	Delta[s](4) = 0.346665,	Delta[s](5) = 0.333856,	Delta[s](6) = 0.269556,	Delta[s](7) = 0.333856,	Delta[s](8) = 0.333856,	Delta[s](9) = 0.269556,	Delta[s](10) = 0.242328,	Delta[s](11) = 0.269556,	Delta[s](12) = 0.346665,	Delta[s](13) = 0.333856,	Delta[s](14) = 0.269556,	Delta[s](15) = 0.333856,	Delta[d](0) = 0.231305,	Delta[d](1) = 0.229208,	Delta[d](2) = 0.224075,	Delta[d](3) = 0.229208,	Delta[d](4) = 0.229208,	Delta[d](5) = 0.141999,	Delta[d](6) = 0.184619,	Delta[d](7) = 0.141999,	Delta[d](8) = 0.224075,	Delta[d](9) = 0.184619,	Delta[d](10) = 0.0526456,	Delta[d](11) = 0.184619,	Delta[d](12) = 0.229208,	Delta[d](13) = 0.141999,	Delta[d](14) = 0.184619,	Delta[d](15) = 0.141999,	Delta[s+](0) = 0.435774,	Delta[s+](1) = 0.347856,	Delta[s+](2) = 0.224075,	Delta[s+](3) = 0.347856,	Delta[s+](4) = 0.347856,	Delta[s+](5) = 0.224075,	Delta[s+](6) = 0.0980127,	Delta[s+](7) = 0.224075,	Delta[s+](8) = 0.224075,	Delta[s+](9) = 0.0980127,	Delta[s+](10) = 0.0285449,	Delta[s+](11) = 0.0980127,	Delta[s+](12) = 0.347856,	Delta[s+](13) = 0.224075,	Delta[s+](14) = 0.0980127,	Delta[s+](15) = 0.224075
The 10-th iteration is completed.	|| time cost : 0h 4m 43.807s
********************************************************************************************************************
Start the 11 rounds of NGS-ED iteration
	effective electronic model is modified as: kinetic energy t = 0.853906
	                                           effective interaction Vq = [-2.60007, -2.5399,-2.44342, -2.5399, -2.5399,-2.44342,-2.46623,-2.44342,-2.44342,-2.46623,-2.59363,-2.46623, -2.5399,-2.44342,-2.46623,-2.44342]
	PARPACK diagonalization completed after 30 matrix-vector product operations.
	iteration results: : total energy is -67.552423 | electron energy -67.635607 + phonon energy 0.083185 | electron momentum kIdx = 10
The 11-th iteration is completed.	|| time cost : 0h 0m 27.597s
********************************************************************************************************************
Start the 12 rounds of NGS-ED iteration
	effective electronic model is modified as: kinetic energy t = 0.854012
	                                           effective interaction Vq = [-2.60007,-2.53959,-2.44266,-2.53959,-2.53959,-2.44266,-2.46582,-2.44266,-2.44266,-2.46582,-2.59375,-2.46582,-2.53959,-2.44266,-2.46582,-2.44266]
	PARPACK diagonalization completed after 30 matrix-vector product operations.
	iteration results: : total energy is -67.552436 | electron energy -67.635518 + phonon energy 0.083083 | electron momentum kIdx = 10
The 12-th iteration is completed.	|| time cost : 0h 0m 27.285s
********************************************************************************************************************
Start the 13 rounds of NGS-ED iteration
	effective electronic model is modified as: kinetic energy t = 0.854053
	                                           effective interaction Vq = [-2.60007,-2.53946, -2.4424,-2.53946,-2.53946, -2.4424,-2.46565, -2.4424, -2.4424,-2.46565,-2.59379,-2.46565,-2.53946, -2.4424,-2.46565, -2.4424]
	PARPACK diagonalization completed after 30 matrix-vector product operations.
	iteration results: : total energy is -67.552437 | electron energy -67.635479 + phonon energy 0.083041 | electron momentum kIdx = 10
	Nq(0) = 16,	Nq(1) = 0.340012,	Nq(2) = 0.370344,	Nq(3) = 0.340012,	Nq(4) = 0.340012,	Nq(5) = 0.370344,	Nq(6) = 0.604861,	Nq(7) = 0.370344,	Nq(8) = 0.370344,	Nq(9) = 0.604861,	Nq(10) = 4.37561,	Nq(11) = 0.604861,	Nq(12) = 0.340012,	Nq(13) = 0.370344,	Nq(14) = 0.604861,	Nq(15) = 0.370344,	Sq(0) = -6.94178e-18,	Sq(1) = 0.276671,	Sq(2) = 0.331387,	Sq(3) = 0.276671,	Sq(4) = 0.276671,	Sq(5) = 0.331387,	Sq(6) = 0.493831,	Sq(7) = 0.331387,	Sq(8) = 0.331387,	Sq(9) = 0.493831,	Sq(10) = 0.552496,	Sq(11) = 0.493831,	Sq(12) = 0.276671,	Sq(13) = 0.331387,	Sq(14) = 0.493831,	Sq(15) = 0.331387,	N(0) = 1.99032,	N(1) = 1.97386,	N(2) = 1,	N(3) = 1.97386,	N(4) = 1.97386,	N(5) = 1,	N(6) = 0.0261412,	N(7) = 1,	N(8) = 1,	N(9) = 0.0261412,	N(10) = 0.00967715,	N(11) = 0.0261412,	N(12) = 1.97386,	N(13) = 1,	N(14) = 0.0261412,	N(15) = 1,	Delta[s](0) = 0.477162,	Delta[s](1) = 0.346739,	Delta[s](2) = 0.333884,	Delta[s](3) = 0.346739,	Delta[s](4) = 0.346739,	Delta[s](5) = 0.333884,	Delta[s](6) = 0.269648,	Delta[s](7) = 0.333884,	Delta[s](8) = 0.333884,	Delta[s](9) = 0.269648,	Delta[s](10) = 0.242571,	Delta[s](11) = 0.269648,	Delta[s](12) = 0.346739,	Delta[s](13) = 0.333884,	Delta[s](14) = 0.269648,	Delta[s](15) = 0.333884,	Delta[d](0) = 0.231158,	Delta[d](1) = 0.229006,	Delta[d](2) = 0.223965,	Delta[d](3) = 0.229006,	Delta[d](4) = 0.229006,	Delta[d](5) = 0.141845,	Delta[d](6) = 0.184403,	Delta[d](7) = 0.141845,	Delta[d](8) = 0.223965,	Delta[d](9) = 0.184403,	Delta[d](10) = 0.0524837,	Delta[d](11) = 0.184403,	Delta[d](12) = 0.229006,	Delta[d](13) = 0.141845,	Delta[d](14) = 0.184403,	Delta[d](15) = 0.141845,	Delta[s+](0) = 0.435797,	Delta[s+](1) = 0.347778,	Delta[s+](2) = 0.223965,	Delta[s+](3) = 0.347778,	Delta[s+](4) = 0.347778,	Delta[s+](5) = 0.223965,	Delta[s+](6) = 0.0978726,	Delta[s+](7) = 0.223965,	Delta[s+](8) = 0.223965,	Delta[s+](9) = 0.0978726,	Delta[s+](10) = 0.0284617,	Delta[s+](11) = 0.0978726,	Delta[s+](12) = 0.347778,	Delta[s+](13) = 0.223965,	Delta[s+](14) = 0.0978726,	Delta[s+](15) = 0.223965
The 13-th iteration is completed.	|| time cost : 0h 4m 36.449s
********************************************************************************************************************
********************************************************************************************************************
Ground state is obtained after 14 iterations. The current ground-state energy is -67.5524, in which electron energy is -67.6355 and phonon energy is 0.0830413
final variational state is: 
	Gamma_x = [      1,1.02315, 1.0364,1.02315,1.02315, 1.0364, 1.0568, 1.0364, 1.0364, 1.0568,1.11174, 1.0568,1.02315, 1.0364, 1.0568, 1.0364]
	lambda_q = [0.509908,0.432022,0.384305,0.432022,0.432022,0.384305, 0.39394,0.384305,0.384305, 0.39394,0.484883, 0.39394,0.432022,0.384305, 0.39394,0.384305]
********************************************************************************************************************
o___o  ----------------------------------------
| L |	Time since last clock: 0h 0m 0s
A===A	Time since the beginning: 0h 30m 30.444s
***********************************************


********************************************************************************************************************
Warm up runs have been completed. Start calculating W = 5 phonon.
open output files: NGSEDIterationObs.txt
********************************************************************************************************************
Start the 0 rounds of NGS-ED iteration
	effective electronic model is modified as: kinetic energy t = 0.854068
	                                           effective interaction Vq = [-2.37702,-2.18218,-2.03285,-2.18218,-2.18218,-2.03285,-2.06484,-2.03285,-2.03285,-2.06484,-2.32103,-2.06484,-2.18218,-2.03285,-2.06484,-2.03285]
	PARPACK diagonalization completed after 45 matrix-vector product operations.
	iteration results: : total energy is -60.550962 | electron energy -60.592474 + phonon energy 0.041512 | electron momentum kIdx = 10
	Nq(0) = 16,	Nq(1) = 0.334999,	Nq(2) = 0.358087,	Nq(3) = 0.334999,	Nq(4) = 0.334999,	Nq(5) = 0.358087,	Nq(6) = 0.573127,	Nq(7) = 0.358087,	Nq(8) = 0.358087,	Nq(9) = 0.573127,	Nq(10) = 4.07891,	Nq(11) = 0.573127,	Nq(12) = 0.334999,	Nq(13) = 0.358087,	Nq(14) = 0.573127,	Nq(15) = 0.358087,	Sq(0) = 4.82399e-18,	Sq(1) = 0.30942,	Sq(2) = 0.351974,	Sq(3) = 0.30942,	Sq(4) = 0.30942,	Sq(5) = 0.351974,	Sq(6) = 0.548327,	Sq(7) = 0.351974,	Sq(8) = 0.351974,	Sq(9) = 0.548327,	Sq(10) = 0.597231,	Sq(11) = 0.548327,	Sq(12) = 0.30942,	Sq(13) = 0.351974,	Sq(14) = 0.548327,	Sq(15) = 0.351974,	N(0) = 1.99583,	N(1) = 1.98721,	N(2) = 1,	N(3) = 1.98721,	N(4) = 1.98721,	N(5) = 1,	N(6) = 0.0127914,	N(7) = 1,	N(8) = 1,	N(9) = 0.0127914,	N(10) = 0.00416578,	N(11) = 0.0127914,	N(12) = 1.98721,	N(13) = 1,	N(14) = 0.0127914,	N(15) = 1,	Delta[s](0) = 0.411662,	Delta[s](1) = 0.32693,	Delta[s](2) = 0.316946,	Delta[s](3) = 0.32693,	Delta[s](4) = 0.32693,	Delta[s](5) = 0.316946,	Delta[s](6) = 0.264332,	Delta[s](7) = 0.316946,	Delta[s](8) = 0.316946,	Delta[s](9) = 0.264332,	Delta[s](10) = 0.251586,	Delta[s](11) = 0.264332,	Delta[s](12) = 0.32693,	Delta[s](13) = 0.316946,	Delta[s](14) = 0.264332,	Delta[s](15) = 0.316946,	Delta[d](0) = 0.238011,	Delta[d](1) = 0.241393,	Delta[d](2) = 0.237584,	Delta[d](3) = 0.241393,	Delta[d](4) = 0.241393,	Delta[d](5) = 0.148851,	Delta[d](6) = 0.19568,	Delta[d](7) = 0.148851,	Delta[d](8) = 0.237584,	Delta[d](9) = 0.19568,	Delta[d](10) = 0.0596721,	Delta[d](11) = 0.19568,	Delta[d](12) = 0.241393,	Delta[d](13) = 0.148851,	Delta[d](14) = 0.19568,	Delta[d](15) = 0.148851,	Delta[s+](0) = 0.467827,	Delta[s+](1) = 0.368922,	Delta[s+](2) = 0.237584,	Delta[s+](3) = 0.368922,	Delta[s+](4) = 0.368922,	Delta[s+](5) = 0.237584,	Delta[s+](6) = 0.105306,	Delta[s+](7) = 0.237584,	Delta[s+](8) = 0.237584,	Delta[s+](9) = 0.105306,	Delta[s+](10) = 0.0323377,	Delta[s+](11) = 0.105306,	Delta[s+](12) = 0.368922,	Delta[s+](13) = 0.237584,	Delta[s+](14) = 0.105306,	Delta[s+](15) = 0.237584
The 0-th iteration is completed.	|| time cost : 0h 4m 40.464s
********************************************************************************************************************
Start the 1 rounds of NGS-ED iteration
	effective electronic model is modified as: kinetic energy t = 0.832887
	                                           effective interaction Vq = [-2.51801,-2.31304,-2.12599,-2.31304,-2.31304,-2.12599, -2.1656,-2.12599,-2.12599, -2.1656,-2.47758, -2.1656,-2.31304,-2.12599, -2.1656,-2.12599]
	PARPACK diagonalization completed after 30 matrix-vector product operations.
	iteration results: : total energy is -63.499416 | electron energy -63.628160 + phonon energy 0.128744 | electron momentum kIdx = 10
The 1-th iteration is completed.	|| time cost : 0h 0m 27.617s
********************************************************************************************************************
Start the 2 rounds of NGS-ED iteration
	effective electronic model is modified as: kinetic energy t = 0.821876
	                                           effective interaction Vq = [-2.56988,-2.36563, -2.1686,-2.36563,-2.36563, -2.1686,-2.20956, -2.1686, -2.1686,-2.20956,-2.54318,-2.20956,-2.36563, -2.1686,-2.20956, -2.1686]
	PARPACK diagonalization completed after 30 matrix-vector product operations.
	iteration results: : total energy is -64.575718 | electron energy -64.768327 + phonon energy 0.192609 | electron momentum kIdx = 10
The 2-th iteration is completed.	|| time cost : 0h 0m 27.6s
********************************************************************************************************************
Start the 3 rounds of NGS-ED iteration
	effective electronic model is modified as: kinetic energy t = 0.816442
	                                           effective interaction Vq = [-2.58897,-2.38732, -2.1882,-2.38732,-2.38732, -2.1882,-2.22861, -2.1882, -2.1882,-2.22861,-2.56978,-2.22861,-2.38732, -2.1882,-2.22861, -2.1882]
	PARPACK diagonalization completed after 30 matrix-vector product operations.
	iteration results: : total energy is -64.959009 | electron energy -65.189494 + phonon energy 0.230485 | electron momentum kIdx = 10
The 3-th iteration is completed.	|| time cost : 0h 0m 27.583s
********************************************************************************************************************
Start the 4 rounds of NGS-ED iteration
	effective electronic model is modified as: kinetic energy t = 0.813779
	                                           effective interaction Vq = [-2.59598,-2.39664,-2.19748,-2.39664,-2.39664,-2.19748, -2.2371,-2.19748,-2.19748, -2.2371,-2.58087, -2.2371,-2.39664,-2.19748, -2.2371,-2.19748]
	PARPACK diagonalization completed after 30 matrix-vector product operations.
	iteration results: : total energy is -65.094154 | electron energy -65.345480 + phonon energy 0.251326 | electron momentum kIdx = 10
The 4-th iteration is completed.	|| time cost : 0h 0m 27.595s
********************************************************************************************************************
Start the 5 rounds of NGS-ED iteration
	effective electronic model is modified as: kinetic energy t = 0.812465
	                                           effective interaction Vq = [-2.59857, -2.4008,-2.20199, -2.4008, -2.4008,-2.20199,-2.24102,-2.20199,-2.20199,-2.24102,-2.58575,-2.24102, -2.4008,-2.20199,-2.24102,-2.20199]
	PARPACK diagonalization completed after 30 matrix-vector product operations.
	iteration results: : total energy is -65.141852 | electron energy -65.404257 + phonon energy 0.262404 | electron momentum kIdx = 10
The 5-th iteration is completed.	|| time cost : 0h 0m 27.317s
********************************************************************************************************************
Start the 6 rounds of NGS-ED iteration
	effective electronic model is modified as: kinetic energy t = 0.811814
	                                           effective interaction Vq = [-2.59952, -2.4027,-2.20423, -2.4027, -2.4027,-2.20423,-2.24286,-2.20423,-2.20423,-2.24286,-2.58803,-2.24286, -2.4027,-2.20423,-2.24286,-2.20423]
	PARPACK diagonalization completed after 30 matrix-vector product operations.
	iteration results: : total energy is -65.158790 | electron energy -65.426968 + phonon energy 0.268178 | electron momentum kIdx = 10
The 6-th iteration is completed.	|| time cost : 0h 0m 27.632s
********************************************************************************************************************
Start the 7 rounds of NGS-ED iteration
	effective electronic model is modified as: kinetic energy t = 0.811491
	                                           effective interaction Vq = [-2.59987,-2.40356,-2.20535,-2.40356,-2.40356,-2.20535,-2.24372,-2.20535,-2.20535,-2.24372,-2.58913,-2.24372,-2.40356,-2.20535,-2.24372,-2.20535]
	PARPACK diagonalization completed after 30 matrix-vector product operations.
	iteration results: : total energy is -65.164848 | electron energy -65.435998 + phonon energy 0.271150 | electron momentum kIdx = 10
The 7-th iteration is completed.	|| time cost : 0h 0m 27.248s
********************************************************************************************************************
Start the 8 rounds of NGS-ED iteration
	effective electronic model is modified as: kinetic energy t = 0.811332
	                                           effective interaction Vq = [    -2.6,-2.40395, -2.2059,-2.40395,-2.40395, -2.2059,-2.24412, -2.2059, -2.2059,-2.24412,-2.58969,-2.24412,-2.40395, -2.2059,-2.24412, -2.2059]
	PARPACK diagonalization completed after 30 matrix-vector product operations.
	iteration results: : total energy is -65.167029 | electron energy -65.439696 + phonon energy 0.272667 | electron momentum kIdx = 10
The 8-th iteration is completed.	|| time cost : 0h 0m 27.316s
********************************************************************************************************************
Start the 9 rounds of NGS-ED iteration
	effective electronic model is modified as: kinetic energy t = 0.811254
	                                           effective interaction Vq = [-2.60004,-2.40412,-2.20618,-2.40412,-2.40412,-2.20618, -2.2443,-2.20618,-2.20618, -2.2443,-2.58997, -2.2443,-2.40412,-2.20618, -2.2443,-2.20618]
	PARPACK diagonalization completed after 30 matrix-vector product operations.
	iteration results: : total energy is -65.167819 | electron energy -65.441255 + phonon energy 0.273435 | electron momentum kIdx = 10
The 9-th iteration is completed.	|| time cost : 0h 0m 27.264s
********************************************************************************************************************
Start the 10 rounds of NGS-ED iteration
	effective electronic model is modified as: kinetic energy t = 0.811216
	                                           effective interaction Vq = [-2.60006,-2.40419,-2.20631,-2.40419,-2.40419,-2.20631,-2.24438,-2.20631,-2.20631,-2.24438,-2.59011,-2.24438,-2.40419,-2.20631,-2.24438,-2.20631]
	PARPACK diagonalization completed after 30 matrix-vector product operations.
	iteration results: : total energy is -65.168106 | electron energy -65.441929 + phonon energy 0.273823 | electron momentum kIdx = 10
	Nq(0) = 16,	Nq(1) = 0.292355,	Nq(2) = 0.339262,	Nq(3) = 0.292355,	Nq(4) = 0.292355,	Nq(5) = 0.339262,	Nq(6) = 0.528501,	Nq(7) = 0.339262,	Nq(8) = 0.339262,	Nq(9) = 0.528501,	Nq(10) = 5.26247,	Nq(11) = 0.528501,	Nq(12) = 0.292355,	Nq(13) = 0.339262,	Nq(14) = 0.528501,	Nq(15) = 0.339262,	Sq(0) = -1.01265e-18,	Sq(1) = 0.256621,	Sq(2) = 0.321899,	Sq(3) = 0.256621,	Sq(4) = 0.256621,	Sq(5) = 0.321899,	Sq(6) = 0.477946,	Sq(7) = 0.321899,	Sq(8) = 0.321899,	Sq(9) = 0.477946,	Sq(10) = 0.548875,	Sq(11) = 0.477946,	Sq(12) = 0.256621,	Sq(13) = 0.321899,	Sq(14) = 0.477946,	Sq(15) = 0.321899,	N(0) = 1.98543,	N(1) = 1.95551,	N(2) = 1,	N(3) = 1.95551,	N(4) = 1.95551,	N(5) = 1,	N(6) = 0.0444862,	N(7) = 1,	N(8) = 1,	N(9) = 0.0444862,	N(10) = 0.0145708,	N(11) = 0.0444862,	N(12) = 1.95551,	N(13) = 1,	N(14) = 0.0444862,	N(15) = 1,	Delta[s](0) = 0.426038,	Delta[s](1) = 0.350993,	Delta[s](2) = 0.335951,	Delta[s](3) = 0.350993,	Delta[s](4) = 0.350993,	Delta[s](5) = 0.335951,	Delta[s](6) = 0.292823,	Delta[s](7) = 0.335951,	Delta[s](8) = 0.335951,	Delta[s](9) = 0.292823,	Delta[s](10) = 0.273721,	Delta[s](11) = 0.292823,	Delta[s](12) = 0.350993,	Delta[s](13) = 0.335951,	Delta[s](14) = 0.292823,	Delta[s](15) = 0.335951,	Delta[d](0) = 0.225579,	Delta[d](1) = 0.21779,	Delta[d](2) = 0.223656,	Delta[d](3) = 0.21779,	Delta[d](4) = 0.21779,	Delta[d](5) = 0.143347,	Delta[d](6) = 0.174914,	Delta[d](7) = 0.143347,	Delta[d](8) = 0.223656,	Delta[d](9) = 0.174914,	Delta[d](10) = 0.0610461,	Delta[d](11) = 0.174914,	Delta[d](12) = 0.21779,	Delta[d](13) = 0.143347,	Delta[d](14) = 0.174914,	Delta[d](15) = 0.143347,	Delta[s+](0) = 0.446468,	Delta[s+](1) = 0.347991,	Delta[s+](2) = 0.223656,	Delta[s+](3) = 0.347991,	Delta[s+](4) = 0.347991,	Delta[s+](5) = 0.223656,	Delta[s+](6) = 0.0979303,	Delta[s+](7) = 0.223656,	Delta[s+](8) = 0.223656,	Delta[s+](9) = 0.0979303,	Delta[s+](10) = 0.0334833,	Delta[s+](11) = 0.0979303,	Delta[s+](12) = 0.347991,	Delta[s+](13) = 0.223656,	Delta[s+](14) = 0.0979303,	Delta[s+](15) = 0.223656
The 10-th iteration is completed.	|| time cost : 0h 4m 24.706s
********************************************************************************************************************
Start the 11 rounds of NGS-ED iteration
	effective electronic model is modified as: kinetic energy t = 0.811199
	                                           effective interaction Vq = [-2.60007,-2.40421,-2.20638,-2.40421,-2.40421,-2.20638, -2.2444,-2.20638,-2.20638, -2.2444,-2.59018, -2.2444,-2.40421,-2.20638, -2.2444,-2.20638]
	PARPACK diagonalization completed after 30 matrix-vector product operations.
	iteration results: : total energy is -65.168211 | electron energy -65.442228 + phonon energy 0.274017 | electron momentum kIdx = 10
The 11-th iteration is completed.	|| time cost : 0h 0m 27.6s
********************************************************************************************************************
Start the 12 rounds of NGS-ED iteration
	effective electronic model is modified as: kinetic energy t = 0.81119
	                                           effective interaction Vq = [-2.60007,-2.40422,-2.20641,-2.40422,-2.40422,-2.20641,-2.24441,-2.20641,-2.20641,-2.24441,-2.59022,-2.24441,-2.40422,-2.20641,-2.24441,-2.20641]
	PARPACK diagonalization completed after 30 matrix-vector product operations.
	iteration results: : total energy is -65.168249 | electron energy -65.442363 + phonon energy 0.274114 | electron momentum kIdx = 10
The 12-th iteration is completed.	|| time cost : 0h 0m 27.231s
********************************************************************************************************************
Start the 13 rounds of NGS-ED iteration
	effective electronic model is modified as: kinetic energy t = 0.811187
	                                           effective interaction Vq = [-2.60007,-2.40422,-2.20642,-2.40422,-2.40422,-2.20642,-2.24441,-2.20642,-2.20642,-2.24441,-2.59024,-2.24441,-2.40422,-2.20642,-2.24441,-2.20642]
	PARPACK diagonalization completed after 30 matrix-vector product operations.
	iteration results: : total energy is -65.168263 | electron energy -65.442425 + phonon energy 0.274161 | electron momentum kIdx = 10
The 13-th iteration is completed.	|| time cost : 0h 0m 27.559s
********************************************************************************************************************
Start the 14 rounds of NGS-ED iteration
	effective electronic model is modified as: kinetic energy t = 0.811185
	                                           effective interaction Vq = [-2.60007,-2.40421,-2.20643,-2.40421,-2.40421,-2.20643,-2.24441,-2.20643,-2.20643,-2.24441,-2.59025,-2.24441,-2.40421,-2.20643,-2.24441,-2.20643]
	PARPACK diagonalization completed after 30 matrix-vector product operations.
	iteration results: : total energy is -65.168268 | electron energy -65.442453 + phonon energy 0.274184 | electron momentum kIdx = 10
The 14-th iteration is completed.	|| time cost : 0h 0m 27.31s
********************************************************************************************************************
Start the 15 rounds of NGS-ED iteration
	effective electronic model is modified as: kinetic energy t = 0.811185
	                                           effective interaction Vq = [-2.60007,-2.40421,-2.20643,-2.40421,-2.40421,-2.20643,-2.24441,-2.20643,-2.20643,-2.24441,-2.59026,-2.24441,-2.40421,-2.20643,-2.24441,-2.20643]
	PARPACK diagonalization completed after 30 matrix-vector product operations.
	iteration results: : total energy is -65.168270 | electron energy -65.442466 + phonon energy 0.274195 | electron momentum kIdx = 10
The 15-th iteration is completed.	|| time cost : 0h 0m 27.595s
********************************************************************************************************************
Start the 16 rounds of NGS-ED iteration
	effective electronic model is modified as: kinetic energy t = 0.811185
	                                           effective interaction Vq = [-2.60007,-2.40421,-2.20643,-2.40421,-2.40421,-2.20643,-2.24441,-2.20643,-2.20643,-2.24441,-2.59026,-2.24441,-2.40421,-2.20643,-2.24441,-2.20643]
	PARPACK diagonalization completed after 30 matrix-vector product operations.
	iteration results: : total energy is -65.168271 | electron energy -65.442472 + phonon energy 0.274201 | electron momentum kIdx = 10
The 16-th iteration is completed.	|| time cost : 0h 0m 27.6s
********************************************************************************************************************
Start the 17 rounds of NGS-ED iteration
	effective electronic model is modified as: kinetic energy t = 0.811185
	                                           effective interaction Vq = [-2.60007, -2.4042,-2.20643, -2.4042, -2.4042,-2.20643, -2.2444,-2.20643,-2.20643, -2.2444,-2.59026, -2.2444, -2.4042,-2.20643, -2.2444,-2.20643]
	PARPACK diagonalization completed after 30 matrix-vector product operations.
	iteration results: : total energy is -65.168271 | electron energy -65.442474 + phonon energy 0.274203 | electron momentum kIdx = 10
The 17-th iteration is completed.	|| time cost : 0h 0m 27.589s
********************************************************************************************************************
Start the 18 rounds of NGS-ED iteration
	effective electronic model is modified as: kinetic energy t = 0.811185
	                                           effective interaction Vq = [-2.60007, -2.4042,-2.20643, -2.4042, -2.4042,-2.20643, -2.2444,-2.20643,-2.20643, -2.2444,-2.59026, -2.2444, -2.4042,-2.20643, -2.2444,-2.20643]
	PARPACK diagonalization completed after 30 matrix-vector product operations.
	iteration results: : total energy is -65.168271 | electron energy -65.442475 + phonon energy 0.274204 | electron momentum kIdx = 10
The 18-th iteration is completed.	|| time cost : 0h 0m 27.636s
********************************************************************************************************************
Start the 19 rounds of NGS-ED iteration
	effective electronic model is modified as: kinetic energy t = 0.811185
	                                           effective interaction Vq = [-2.60007, -2.4042,-2.20643, -2.4042, -2.4042,-2.20643, -2.2444,-2.20643,-2.20643, -2.2444,-2.59026, -2.2444, -2.4042,-2.20643, -2.2444,-2.20643]
	PARPACK diagonalization completed after 30 matrix-vector product operations.
	iteration results: : total energy is -65.168271 | electron energy -65.442476 + phonon energy 0.274204 | electron momentum kIdx = 10
The 19-th iteration is completed.	|| time cost : 0h 0m 27.557s
********************************************************************************************************************
Start the 20 rounds of NGS-ED iteration
	effective electronic model is modified as: kinetic energy t = 0.811185
	                                           effective interaction Vq = [-2.60007, -2.4042,-2.20643, -2.4042, -2.4042,-2.20643, -2.2444,-2.20643,-2.20643, -2.2444,-2.59026, -2.2444, -2.4042,-2.20643, -2.2444,-2.20643]
	PARPACK diagonalization completed after 30 matrix-vector product operations.
	iteration results: : total energy is -65.168271 | electron energy -65.442476 + phonon energy 0.274205 | electron momentum kIdx = 10
