SNEDics v3.4 Non-Gaussian ED ground state program		Start at Wed Sep 25 00:40:49 2019

parallized on 16 MPI threads  * 8 OpenMP threads = 128 total threads.
********************************************************************************************************************
********************************************************************************************************************

********************************************************************************************************************
System parameters and configurations
********************************************************************************************************************
Special program options are enabled: splitted diagonal Hamiltonian
********************************************************************************************************************
Read input file "model_params.in"
	Hubbard-Holstein model parameters : 	t = 1    U = 4.6    g = 3.873    W = 5    
********************************************************************************************************************
Read input file "hilbertspace_params.in"
	Requested 16-site 2D lattice, with 14 electrons (7, 7)
	Boundary : Periodic		Hilbert space representation : momentum-space (restricted to kIdx = 0)
	Conservation: particle number[U(1)]      spin[U(1)]     momentum
********************************************************************************************************************

Cluster Positions:				Cluster symmetry group : D4
 x ... x ... x ... x .....                       x ... x ... x ... x .....
 |           |           :                       |           |           :
 |           |           :                       |           |           :
12    13    14    15     x                       1     5     6     5     x
 |           |           :                       |           |           :
 |           |           :                       |           |           :
 8 --- 9 ---10 ---11 --- x                       2 --- 6 ---10 --- 6 --- x
 |           |           :                       |           |           :
 |           |           :                       |           |           :
 4     5     6     7     x                       1     5     6     5     x
 |           |           :                       |           |           :
 |           |           :                       |           |           :
 0 --- 1 --- 2 --- 3 --- x                       0 --- 1 --- 2 --- 1 --- x
orbital number : 1
********************************************************************************************************************
Read input file "obs_params.in"
	Observable Type : Nq(All),   Sq(All),   N(All),   Delta[s](All),   Delta[d](All),   Delta[s+](All)
********************************************************************************************************************
** WARNING ** the input observables have non-local factors which have been reinterpreted. The total observable number is 96
********************************************************************************************************************


********************************************************************************************************************
Start calculating the non-Gaussian ED ground state
** WARNING ** Detected low phonon energy W < 10. The initial state will be prepared through a warm-up process.
********************************************************************************************************************
Start warm-up calculation for scaling factor 2
open output files: NGSEDWarmUpW10Obs.txt
********************************************************************************************************************
Start the 0 rounds of NGS-ED iteration
	effective electronic model is modified as: kinetic energy t = 1
	                                           effective interaction Vq = [-0,-0,-0,-0,-0,-0,-0,-0,-0,-0,-0,-0,-0,-0,-0,-0]
	first Hamiltonian is constructed, non-zero numbers = 2178478298
	PARPACK diagonalization completed after 150 matrix-vector product operations.
	iteration results: : total energy is -14.946797 | electron energy -14.946797 + phonon energy 0.000000 | electron momentum kIdx = 0
	Nq(0) = 12.25,	Nq(1) = 0.201703,	Nq(2) = 0.255805,	Nq(3) = 0.201703,	Nq(4) = 0.201703,	Nq(5) = 0.292852,	Nq(6) = 0.341885,	Nq(7) = 0.292852,	Nq(8) = 0.255805,	Nq(9) = 0.341885,	Nq(10) = 0.395858,	Nq(11) = 0.341885,	Nq(12) = 0.201703,	Nq(13) = 0.292852,	Nq(14) = 0.341885,	Nq(15) = 0.292852,	Sq(0) = -8.16995e-18,	Sq(1) = 0.467282,	Sq(2) = 0.695438,	Sq(3) = 0.467282,	Sq(4) = 0.467282,	Sq(5) = 0.597882,	Sq(6) = 0.890531,	Sq(7) = 0.597882,	Sq(8) = 0.695438,	Sq(9) = 0.890531,	Sq(10) = 2.28312,	Sq(11) = 0.890531,	Sq(12) = 0.467282,	Sq(13) = 0.597882,	Sq(14) = 0.890531,	Sq(15) = 0.597882,	N(0) = 1.89575,	N(1) = 1.80647,	N(2) = 0.144213,	N(3) = 1.80647,	N(4) = 1.80647,	N(5) = 0.998102,	N(6) = 0.132466,	N(7) = 0.998102,	N(8) = 0.144213,	N(9) = 0.132466,	N(10) = 0.0676904,	N(11) = 0.132466,	N(12) = 1.80647,	N(13) = 0.998102,	N(14) = 0.132466,	N(15) = 0.998102,	Delta[s](0) = 0.129061,	Delta[s](1) = 0.103011,	Delta[s](2) = 0.0715291,	Delta[s](3) = 0.103011,	Delta[s](4) = 0.103011,	Delta[s](5) = 0.083507,	Delta[s](6) = 0.0529001,	Delta[s](7) = 0.083507,	Delta[s](8) = 0.0715291,	Delta[s](9) = 0.0529001,	Delta[s](10) = 0.0218241,	Delta[s](11) = 0.0529001,	Delta[s](12) = 0.103011,	Delta[s](13) = 0.083507,	Delta[s](14) = 0.0529001,	Delta[s](15) = 0.083507,	Delta[d](0) = 0.243543,	Delta[d](1) = 0.162223,	Delta[d](2) = 0.180542,	Delta[d](3) = 0.162223,	Delta[d](4) = 0.162223,	Delta[d](5) = 0.159462,	Delta[d](6) = 0.116115,	Delta[d](7) = 0.159462,	Delta[d](8) = 0.180542,	Delta[d](9) = 0.116115,	Delta[d](10) = 0.0400515,	Delta[d](11) = 0.116115,	Delta[d](12) = 0.162223,	Delta[d](13) = 0.159462,	Delta[d](14) = 0.116115,	Delta[d](15) = 0.159462,	Delta[s+](0) = 0.56113,	Delta[s+](1) = 0.417532,	Delta[s+](2) = 0.180542,	Delta[s+](3) = 0.417532,	Delta[s+](4) = 0.417532,	Delta[s+](5) = 0.287381,	Delta[s+](6) = 0.111848,	Delta[s+](7) = 0.287381,	Delta[s+](8) = 0.180542,	Delta[s+](9) = 0.111848,	Delta[s+](10) = 0.0293972,	Delta[s+](11) = 0.111848,	Delta[s+](12) = 0.417532,	Delta[s+](13) = 0.287381,	Delta[s+](14) = 0.111848,	Delta[s+](15) = 0.287381
The 0-th iteration is completed.	|| time cost : 0h 6m 26.35s
********************************************************************************************************************
Start the 1 rounds of NGS-ED iteration
	effective electronic model is modified as: kinetic energy t = 0.921804
	                                           effective interaction Vq = [-2.59402, -2.4183,-2.31948, -2.4183, -2.4183, -2.3541,-2.28841, -2.3541,-2.31948,-2.28841,-2.24495,-2.28841, -2.4183, -2.3541,-2.28841, -2.3541]
	PARPACK diagonalization completed after 60 matrix-vector product operations.
	iteration results: : total energy is -58.180583 | electron energy -58.186278 + phonon energy 0.005695 | electron momentum kIdx = 0
The 1-th iteration is completed.	|| time cost : 0h 5m 41.561s
********************************************************************************************************************
Start the 2 rounds of NGS-ED iteration
	effective electronic model is modified as: kinetic energy t = 0.861566
	                                           effective interaction Vq = [-2.94508,-2.83561,-2.83307,-2.83561,-2.83561,-2.77352, -2.7276,-2.77352,-2.83307, -2.7276,-2.65333, -2.7276,-2.83561,-2.77352, -2.7276,-2.77352]
	PARPACK diagonalization completed after 105 matrix-vector product operations.
	iteration results: : total energy is -65.116955 | electron energy -65.162817 + phonon energy 0.045861 | electron momentum kIdx = 0
The 2-th iteration is completed.	|| time cost : 0h 0m 38.619s
********************************************************************************************************************
Start the 3 rounds of NGS-ED iteration
	effective electronic model is modified as: kinetic energy t = 0.835056
	                                           effective interaction Vq = [-2.99259,-2.92243,-2.92277,-2.92243,-2.92243,-2.90334,-2.83585,-2.90334,-2.92277,-2.83585,-2.77915,-2.83585,-2.92243,-2.90334,-2.83585,-2.90334]
	PARPACK diagonalization completed after 60 matrix-vector product operations.
	iteration results: : total energy is -66.110240 | electron energy -66.190921 + phonon energy 0.080681 | electron momentum kIdx = 0
The 3-th iteration is completed.	|| time cost : 0h 0m 27.593s
********************************************************************************************************************
Start the 4 rounds of NGS-ED iteration
	effective electronic model is modified as: kinetic energy t = 0.824999
	                                           effective interaction Vq = [-2.99902,-2.94558,-2.94337,-2.94558,-2.94558,-2.93651,-2.86896,-2.93651,-2.94337,-2.86896,-2.83225,-2.86896,-2.94558,-2.93651,-2.86896,-2.93651]
	PARPACK diagonalization completed after 45 matrix-vector product operations.
	iteration results: : total energy is -66.244694 | electron energy -66.342462 + phonon energy 0.097767 | electron momentum kIdx = 0
The 4-th iteration is completed.	|| time cost : 0h 0m 23.989s
********************************************************************************************************************
Start the 5 rounds of NGS-ED iteration
	effective electronic model is modified as: kinetic energy t = 0.821074
	                                           effective interaction Vq = [-2.99989,-2.95303,-2.94833,-2.95303,-2.95303,-2.94573,-2.88066,-2.94573,-2.94833,-2.88066,-2.86276,-2.88066,-2.95303,-2.94573,-2.88066,-2.94573]
	PARPACK diagonalization completed after 45 matrix-vector product operations.
	iteration results: : total energy is -66.264807 | electron energy -66.369847 + phonon energy 0.105040 | electron momentum kIdx = 0
The 5-th iteration is completed.	|| time cost : 0h 0m 24.044s
********************************************************************************************************************
Start the 6 rounds of NGS-ED iteration
	effective electronic model is modified as: kinetic energy t = 0.81937
	                                           effective interaction Vq = [-3.00001,-2.95574, -2.9488,-2.95574,-2.95574,-2.94779,-2.88521,-2.94779, -2.9488,-2.88521,-2.88535,-2.88521,-2.95574,-2.94779,-2.88521,-2.94779]
	PARPACK diagonalization completed after 45 matrix-vector product operations.
	iteration results: : total energy is -66.270033 | electron energy -66.378344 + phonon energy 0.108311 | electron momentum kIdx = 0
The 6-th iteration is completed.	|| time cost : 0h 0m 23.983s
********************************************************************************************************************
Start the 7 rounds of NGS-ED iteration
	effective electronic model is modified as: kinetic energy t = 0.818489
	                                           effective interaction Vq = [-3.00002,-2.95681, -2.9476,-2.95681,-2.95681, -2.9472,-2.88713, -2.9472, -2.9476,-2.88713,-2.90505,-2.88713,-2.95681, -2.9472,-2.88713, -2.9472]
	PARPACK diagonalization completed after 45 matrix-vector product operations.
	iteration results: : total energy is -66.273864 | electron energy -66.383975 + phonon energy 0.110111 | electron momentum kIdx = 0
The 7-th iteration is completed.	|| time cost : 0h 0m 23.986s
********************************************************************************************************************
Start the 8 rounds of NGS-ED iteration
	effective electronic model is modified as: kinetic energy t = 0.817978
	                                           effective interaction Vq = [-3.00003,-2.95717,-2.94542,-2.95717,-2.95717,-2.94526,-2.88784,-2.94526,-2.94542,-2.88784,-2.92324,-2.88784,-2.95717,-2.94526,-2.88784,-2.94526]
	PARPACK diagonalization completed after 45 matrix-vector product operations.
	iteration results: : total energy is -66.278279 | electron energy -66.389662 + phonon energy 0.111382 | electron momentum kIdx = 0
The 8-th iteration is completed.	|| time cost : 0h 0m 24.022s
********************************************************************************************************************
Start the 9 rounds of NGS-ED iteration
	effective electronic model is modified as: kinetic energy t = 0.817748
	                                           effective interaction Vq = [-3.00003,-2.95706,-2.94241,-2.95706,-2.95706,-2.94234,-2.88774,-2.94234,-2.94241,-2.88774,-2.93922,-2.88774,-2.95706,-2.94234,-2.88774,-2.94234]
	PARPACK diagonalization completed after 45 matrix-vector product operations.
	iteration results: : total energy is -66.283024 | electron energy -66.395416 + phonon energy 0.112393 | electron momentum kIdx = 0
The 9-th iteration is completed.	|| time cost : 0h 0m 23.987s
********************************************************************************************************************
Start the 10 rounds of NGS-ED iteration
	effective electronic model is modified as: kinetic energy t = 0.817787
	                                           effective interaction Vq = [-3.00003,-2.95655,-2.93895,-2.95655,-2.95655,-2.93893,-2.88696,-2.93893,-2.93895,-2.88696,-2.95153,-2.88696,-2.95655,-2.93893,-2.88696,-2.93893]
	PARPACK diagonalization completed after 45 matrix-vector product operations.
	iteration results: : total energy is -66.286893 | electron energy -66.400031 + phonon energy 0.113138 | electron momentum kIdx = 0
	Nq(0) = 12.25,	Nq(1) = 0.421707,	Nq(2) = 0.658493,	Nq(3) = 0.421707,	Nq(4) = 0.421707,	Nq(5) = 0.658474,	Nq(6) = 0.694983,	Nq(7) = 0.658474,	Nq(8) = 0.658493,	Nq(9) = 0.694983,	Nq(10) = 1.73663,	Nq(11) = 0.694983,	Nq(12) = 0.421707,	Nq(13) = 0.658474,	Nq(14) = 0.694983,	Nq(15) = 0.658474,	Sq(0) = 8.06817e-18,	Sq(1) = 0.278495,	Sq(2) = 0.330427,	Sq(3) = 0.278495,	Sq(4) = 0.278495,	Sq(5) = 0.330428,	Sq(6) = 0.488904,	Sq(7) = 0.330428,	Sq(8) = 0.330427,	Sq(9) = 0.488904,	Sq(10) = 0.543569,	Sq(11) = 0.488904,	Sq(12) = 0.278495,	Sq(13) = 0.330428,	Sq(14) = 0.488904,	Sq(15) = 0.330428,	N(0) = 1.98867,	N(1) = 1.9705,	N(2) = 0.672684,	N(3) = 1.9705,	N(4) = 1.9705,	N(5) = 0.672682,	N(6) = 0.0210659,	N(7) = 0.672682,	N(8) = 0.672684,	N(9) = 0.0210659,	N(10) = 0.00896595,	N(11) = 0.0210659,	N(12) = 1.9705,	N(13) = 0.672682,	N(14) = 0.0210659,	N(15) = 0.672682,	Delta[s](0) = 0.680936,	Delta[s](1) = 0.273967,	Delta[s](2) = 0.242243,	Delta[s](3) = 0.273967,	Delta[s](4) = 0.273967,	Delta[s](5) = 0.242244,	Delta[s](6) = 0.205739,	Delta[s](7) = 0.242244,	Delta[s](8) = 0.242243,	Delta[s](9) = 0.205739,	Delta[s](10) = 0.148916,	Delta[s](11) = 0.205739,	Delta[s](12) = 0.273967,	Delta[s](13) = 0.242244,	Delta[s](14) = 0.205739,	Delta[s](15) = 0.242244,	Delta[d](0) = 0.239612,	Delta[d](1) = 0.194619,	Delta[d](2) = 0.196534,	Delta[d](3) = 0.194619,	Delta[d](4) = 0.194619,	Delta[d](5) = 0.156306,	Delta[d](6) = 0.153303,	Delta[d](7) = 0.156306,	Delta[d](8) = 0.196534,	Delta[d](9) = 0.153303,	Delta[d](10) = 0.073612,	Delta[d](11) = 0.153303,	Delta[d](12) = 0.194619,	Delta[d](13) = 0.156306,	Delta[d](14) = 0.153303,	Delta[d](15) = 0.156306,	Delta[s+](0) = 0.420667,	Delta[s+](1) = 0.321206,	Delta[s+](2) = 0.196534,	Delta[s+](3) = 0.321206,	Delta[s+](4) = 0.321206,	Delta[s+](5) = 0.196534,	Delta[s+](6) = 0.0836055,	Delta[s+](7) = 0.196534,	Delta[s+](8) = 0.196534,	Delta[s+](9) = 0.0836055,	Delta[s+](10) = 0.0306706,	Delta[s+](11) = 0.0836055,	Delta[s+](12) = 0.321206,	Delta[s+](13) = 0.196534,	Delta[s+](14) = 0.0836055,	Delta[s+](15) = 0.196534
The 10-th iteration is completed.	|| time cost : 0h 3m 23.529s
********************************************************************************************************************
Start the 11 rounds of NGS-ED iteration
	effective electronic model is modified as: kinetic energy t = 0.818
	                                           effective interaction Vq = [-3.00003,-2.95583,-2.93573,-2.95583,-2.95583,-2.93572,-2.88582,-2.93572,-2.93573,-2.88582,-2.95973,-2.88582,-2.95583,-2.93572,-2.88582,-2.93572]
	PARPACK diagonalization completed after 45 matrix-vector product operations.
	iteration results: : total energy is -66.289179 | electron energy -66.402770 + phonon energy 0.113591 | electron momentum kIdx = 0
The 11-th iteration is completed.	|| time cost : 0h 0m 24.013s
********************************************************************************************************************
Start the 12 rounds of NGS-ED iteration
	effective electronic model is modified as: kinetic energy t = 0.818249
	                                           effective interaction Vq = [-3.00003,-2.95514,-2.93325,-2.95514,-2.95514,-2.93325,-2.88471,-2.93325,-2.93325,-2.88471,-2.96464,-2.88471,-2.95514,-2.93325,-2.88471,-2.93325]
	PARPACK diagonalization completed after 45 matrix-vector product operations.
	iteration results: : total energy is -66.290216 | electron energy -66.404024 + phonon energy 0.113808 | electron momentum kIdx = 0
The 12-th iteration is completed.	|| time cost : 0h 0m 24.036s
********************************************************************************************************************
Start the 13 rounds of NGS-ED iteration
	effective electronic model is modified as: kinetic energy t = 0.818454
	                                           effective interaction Vq = [-3.00003,-2.95461,-2.93157,-2.95461,-2.95461,-2.93157,-2.88383,-2.93157,-2.93157,-2.88383,-2.96743,-2.88383,-2.95461,-2.93157,-2.88383,-2.93157]
	PARPACK diagonalization completed after 30 matrix-vector product operations.
	iteration results: : total energy is -66.290613 | electron energy -66.404499 + phonon energy 0.113886 | electron momentum kIdx = 0
The 13-th iteration is completed.	|| time cost : 0h 0m 20.6s
********************************************************************************************************************
Start the 14 rounds of NGS-ED iteration
	effective electronic model is modified as: kinetic energy t = 0.818598
	                                           effective interaction Vq = [-3.00003,-2.95424,-2.93053,-2.95424,-2.95424,-2.93053,-2.88323,-2.93053,-2.93053,-2.88323,-2.96897,-2.88323,-2.95424,-2.93053,-2.88323,-2.93053]
	PARPACK diagonalization completed after 30 matrix-vector product operations.
	iteration results: : total energy is -66.290751 | electron energy -66.404651 + phonon energy 0.113900 | electron momentum kIdx = 0
The 14-th iteration is completed.	|| time cost : 0h 0m 20.648s
********************************************************************************************************************
Start the 15 rounds of NGS-ED iteration
	effective electronic model is modified as: kinetic energy t = 0.81869
	                                           effective interaction Vq = [-3.00003,  -2.954,-2.92992,  -2.954,  -2.954,-2.92991,-2.88285,-2.92991,-2.92992,-2.88285,-2.96982,-2.88285,  -2.954,-2.92991,-2.88285,-2.92991]
	PARPACK diagonalization completed after 30 matrix-vector product operations.
	iteration results: : total energy is -66.290796 | electron energy -66.404689 + phonon energy 0.113893 | electron momentum kIdx = 0
The 15-th iteration is completed.	|| time cost : 0h 0m 20.397s
********************************************************************************************************************
Start the 16 rounds of NGS-ED iteration
	effective electronic model is modified as: kinetic energy t = 0.818746
	                                           effective interaction Vq = [-3.00003,-2.95386,-2.92956,-2.95386,-2.95386,-2.92956,-2.88261,-2.92956,-2.92956,-2.88261,-2.97028,-2.88261,-2.95386,-2.92956,-2.88261,-2.92956]
	PARPACK diagonalization completed after 30 matrix-vector product operations.
	iteration results: : total energy is -66.290810 | electron energy -66.404693 + phonon energy 0.113883 | electron momentum kIdx = 0
	Nq(0) = 12.25,	Nq(1) = 0.412849,	Nq(2) = 0.631214,	Nq(3) = 0.412849,	Nq(4) = 0.412849,	Nq(5) = 0.631214,	Nq(6) = 0.684823,	Nq(7) = 0.631214,	Nq(8) = 0.631214,	Nq(9) = 0.684823,	Nq(10) = 1.97178,	Nq(11) = 0.684823,	Nq(12) = 0.412849,	Nq(13) = 0.631214,	Nq(14) = 0.684823,	Nq(15) = 0.631214,	Sq(0) = -2.29925e-18,	Sq(1) = 0.278987,	Sq(2) = 0.330406,	Sq(3) = 0.278987,	Sq(4) = 0.278987,	Sq(5) = 0.330406,	Sq(6) = 0.489576,	Sq(7) = 0.330406,	Sq(8) = 0.330406,	Sq(9) = 0.489576,	Sq(10) = 0.54356,	Sq(11) = 0.489576,	Sq(12) = 0.278987,	Sq(13) = 0.330406,	Sq(14) = 0.489576,	Sq(15) = 0.330406,	N(0) = 1.98872,	N(1) = 1.97018,	N(2) = 0.672628,	N(3) = 1.97018,	N(4) = 1.97018,	N(5) = 0.672628,	N(6) = 0.0214523,	N(7) = 0.672628,	N(8) = 0.672628,	N(9) = 0.0214523,	N(10) = 0.00898873,	N(11) = 0.0214523,	N(12) = 1.97018,	N(13) = 0.672628,	N(14) = 0.0214523,	N(15) = 0.672628,	Delta[s](0) = 0.646369,	Delta[s](1) = 0.274711,	Delta[s](2) = 0.244706,	Delta[s](3) = 0.274711,	Delta[s](4) = 0.274711,	Delta[s](5) = 0.244706,	Delta[s](6) = 0.206531,	Delta[s](7) = 0.244706,	Delta[s](8) = 0.244706,	Delta[s](9) = 0.206531,	Delta[s](10) = 0.160307,	Delta[s](11) = 0.206531,	Delta[s](12) = 0.274711,	Delta[s](13) = 0.244706,	Delta[s](14) = 0.206531,	Delta[s](15) = 0.244706,	Delta[d](0) = 0.232823,	Delta[d](1) = 0.190612,	Delta[d](2) = 0.194289,	Delta[d](3) = 0.190612,	Delta[d](4) = 0.190612,	Delta[d](5) = 0.149537,	Delta[d](6) = 0.149278,	Delta[d](7) = 0.149537,	Delta[d](8) = 0.194289,	Delta[d](9) = 0.149278,	Delta[d](10) = 0.066803,	Delta[d](11) = 0.149278,	Delta[d](12) = 0.190612,	Delta[d](13) = 0.149537,	Delta[d](14) = 0.149278,	Delta[d](15) = 0.149537,	Delta[s+](0) = 0.419693,	Delta[s+](1) = 0.319189,	Delta[s+](2) = 0.194289,	Delta[s+](3) = 0.319189,	Delta[s+](4) = 0.319189,	Delta[s+](5) = 0.194289,	Delta[s+](6) = 0.0815863,	Delta[s+](7) = 0.194289,	Delta[s+](8) = 0.194289,	Delta[s+](9) = 0.0815863,	Delta[s+](10) = 0.0296418,	Delta[s+](11) = 0.0815863,	Delta[s+](12) = 0.319189,	Delta[s+](13) = 0.194289,	Delta[s+](14) = 0.0815863,	Delta[s+](15) = 0.194289
The 16-th iteration is completed.	|| time cost : 0h 3m 21.477s
********************************************************************************************************************
********************************************************************************************************************
Ground state is obtained after 17 iterations. The current ground-state energy is -66.2908, in which electron energy is -66.4047 and phonon energy is 0.113883
final variational state is: 
	Gamma_x = [      1,1.02732,1.05046,1.02732,1.02732,1.05046,1.06739,1.05046,1.05046,1.06739,1.11096,1.06739,1.02732,1.05046,1.06739,1.05046]
	lambda_q = [0.547725,0.479721,0.463661,0.479721,0.479721,0.463661,0.439305,0.463661,0.463661,0.439305, 0.49342,0.439305,0.479721,0.463661,0.439305,0.463661]
********************************************************************************************************************
o___o  ----------------------------------------
| L |	Time since last clock: 0h 0m 0s
A===A	Time since the beginning: 0h 24m 12.841s
***********************************************


********************************************************************************************************************
Warm up runs have been completed. Start calculating W = 5 phonon.
open output files: NGSEDIterationObs.txt
********************************************************************************************************************
Start the 0 rounds of NGS-ED iteration
	effective electronic model is modified as: kinetic energy t = 0.818778
	                                           effective interaction Vq = [-2.74266,-2.56526,-2.51661,-2.56526,-2.56526,-2.51661,-2.43791,-2.51661,-2.51661,-2.43791,-2.60472,-2.43791,-2.56526,-2.51661,-2.43791,-2.51661]
	PARPACK diagonalization completed after 45 matrix-vector product operations.
	iteration results: : total energy is -59.225546 | electron energy -59.282483 + phonon energy 0.056937 | electron momentum kIdx = 0
	Nq(0) = 12.25,	Nq(1) = 0.381872,	Nq(2) = 0.560258,	Nq(3) = 0.381872,	Nq(4) = 0.381872,	Nq(5) = 0.560258,	Nq(6) = 0.614111,	Nq(7) = 0.560258,	Nq(8) = 0.560258,	Nq(9) = 0.614111,	Nq(10) = 1.99424,	Nq(11) = 0.614111,	Nq(12) = 0.381872,	Nq(13) = 0.560258,	Nq(14) = 0.614111,	Nq(15) = 0.560258,	Sq(0) = 2.24847e-17,	Sq(1) = 0.337796,	Sq(2) = 0.361,	Sq(3) = 0.337796,	Sq(4) = 0.337796,	Sq(5) = 0.361,	Sq(6) = 0.573535,	Sq(7) = 0.361,	Sq(8) = 0.361,	Sq(9) = 0.573535,	Sq(10) = 0.598957,	Sq(11) = 0.573535,	Sq(12) = 0.337796,	Sq(13) = 0.361,	Sq(14) = 0.573535,	Sq(15) = 0.361,	N(0) = 1.99848,	N(1) = 1.99482,	N(2) = 0.667366,	N(3) = 1.99482,	N(4) = 1.99482,	N(5) = 0.667366,	N(6) = 0.00419704,	N(7) = 0.667366,	N(8) = 0.667366,	N(9) = 0.00419704,	N(10) = 0.00127379,	N(11) = 0.00419704,	N(12) = 1.99482,	N(13) = 0.667366,	N(14) = 0.00419704,	N(15) = 0.667366,	Delta[s](0) = 0.401789,	Delta[s](1) = 0.249853,	Delta[s](2) = 0.229849,	Delta[s](3) = 0.249853,	Delta[s](4) = 0.249853,	Delta[s](5) = 0.229849,	Delta[s](6) = 0.196994,	Delta[s](7) = 0.229849,	Delta[s](8) = 0.229849,	Delta[s](9) = 0.196994,	Delta[s](10) = 0.226588,	Delta[s](11) = 0.196994,	Delta[s](12) = 0.249853,	Delta[s](13) = 0.229849,	Delta[s](14) = 0.196994,	Delta[s](15) = 0.229849,	Delta[d](0) = 0.231206,	Delta[d](1) = 0.199479,	Delta[d](2) = 0.207718,	Delta[d](3) = 0.199479,	Delta[d](4) = 0.199479,	Delta[d](5) = 0.147932,	Delta[d](6) = 0.156974,	Delta[d](7) = 0.147932,	Delta[d](8) = 0.207718,	Delta[d](9) = 0.156974,	Delta[d](10) = 0.064715,	Delta[d](11) = 0.156974,	Delta[d](12) = 0.199479,	Delta[d](13) = 0.147932,	Delta[d](14) = 0.156974,	Delta[d](15) = 0.147932,	Delta[s+](0) = 0.45649,	Delta[s+](1) = 0.342612,	Delta[s+](2) = 0.207718,	Delta[s+](3) = 0.342612,	Delta[s+](4) = 0.342612,	Delta[s+](5) = 0.207718,	Delta[s+](6) = 0.0890408,	Delta[s+](7) = 0.207718,	Delta[s+](8) = 0.207718,	Delta[s+](9) = 0.0890408,	Delta[s+](10) = 0.0328658,	Delta[s+](11) = 0.0890408,	Delta[s+](12) = 0.342612,	Delta[s+](13) = 0.207718,	Delta[s+](14) = 0.0890408,	Delta[s+](15) = 0.207718
The 0-th iteration is completed.	|| time cost : 0h 3m 26.03s
********************************************************************************************************************
Start the 1 rounds of NGS-ED iteration
	effective electronic model is modified as: kinetic energy t = 0.791472
	                                           effective interaction Vq = [-2.90535,-2.71643,-2.65354,-2.71643,-2.71643,-2.65354,-2.55698,-2.65354,-2.65354,-2.55698,-2.78783,-2.55698,-2.71643,-2.65354,-2.55698,-2.65354]
	PARPACK diagonalization completed after 45 matrix-vector product operations.
	iteration results: : total energy is -61.826316 | electron energy -62.002539 + phonon energy 0.176224 | electron momentum kIdx = 0
The 1-th iteration is completed.	|| time cost : 0h 0m 24.262s
********************************************************************************************************************
Start the 2 rounds of NGS-ED iteration
	effective electronic model is modified as: kinetic energy t = 0.774182
	                                           effective interaction Vq = [ -2.9652,-2.78794,-2.72541,-2.78794,-2.78794,-2.72541,-2.62147,-2.72541,-2.72541,-2.62147,-2.87852,-2.62147,-2.78794,-2.72541,-2.62147,-2.72541]
	PARPACK diagonalization completed after 45 matrix-vector product operations.
	iteration results: : total energy is -62.789866 | electron energy -63.054632 + phonon energy 0.264766 | electron momentum kIdx = 0
The 2-th iteration is completed.	|| time cost : 0h 0m 24.076s
********************************************************************************************************************
Start the 3 rounds of NGS-ED iteration
	effective electronic model is modified as: kinetic energy t = 0.763789
	                                           effective interaction Vq = [-2.98721,-2.82344,-2.76399,-2.82344,-2.82344,-2.76399,-2.65661,-2.76399,-2.76399,-2.65661,-2.92196,-2.65661,-2.82344,-2.76399,-2.65661,-2.76399]
	PARPACK diagonalization completed after 45 matrix-vector product operations.
	iteration results: : total energy is -63.141094 | electron energy -63.461173 + phonon energy 0.320080 | electron momentum kIdx = 0
The 3-th iteration is completed.	|| time cost : 0h 0m 24.003s
********************************************************************************************************************
Start the 4 rounds of NGS-ED iteration
	effective electronic model is modified as: kinetic energy t = 0.757687
	                                           effective interaction Vq = [-2.99531,-2.84195,-2.78526,-2.84195,-2.84195,-2.78526,-2.67622,-2.78526,-2.78526,-2.67622,-2.94289,-2.67622,-2.84195,-2.78526,-2.67622,-2.78526]
	PARPACK diagonalization completed after 30 matrix-vector product operations.
	iteration results: : total energy is -63.267649 | electron energy -63.620458 + phonon energy 0.352809 | electron momentum kIdx = 0
The 4-th iteration is completed.	|| time cost : 0h 0m 20.455s
********************************************************************************************************************
Start the 5 rounds of NGS-ED iteration
	effective electronic model is modified as: kinetic energy t = 0.754136
	                                           effective interaction Vq = [-2.99829,-2.85198,-2.79725,-2.85198,-2.85198,-2.79725,-2.68744,-2.79725,-2.79725,-2.68744,-2.95323,-2.68744,-2.85198,-2.79725,-2.68744,-2.79725]
	PARPACK diagonalization completed after 30 matrix-vector product operations.
	iteration results: : total energy is -63.313024 | electron energy -63.684795 + phonon energy 0.371771 | electron momentum kIdx = 0
The 5-th iteration is completed.	|| time cost : 0h 0m 20.399s
********************************************************************************************************************
Start the 6 rounds of NGS-ED iteration
	effective electronic model is modified as: kinetic energy t = 0.752073
	                                           effective interaction Vq = [-2.99939,-2.85758,-2.80412,-2.85758,-2.85758,-2.80412,  -2.694,-2.80412,-2.80412,  -2.694,-2.95846,  -2.694,-2.85758,-2.80412,  -2.694,-2.80412]
	PARPACK diagonalization completed after 30 matrix-vector product operations.
	iteration results: : total energy is -63.329292 | electron energy -63.711953 + phonon energy 0.382661 | electron momentum kIdx = 0
The 6-th iteration is completed.	|| time cost : 0h 0m 20.42s
********************************************************************************************************************
Start the 7 rounds of NGS-ED iteration
	effective electronic model is modified as: kinetic energy t = 0.750871
	                                           effective interaction Vq = [-2.99979,-2.86077,-2.80811,-2.86077,-2.86077,-2.80811, -2.6979,-2.80811,-2.80811, -2.6979,-2.96115, -2.6979,-2.86077,-2.80811, -2.6979,-2.80811]
	PARPACK diagonalization completed after 30 matrix-vector product operations.
	iteration results: : total energy is -63.335139 | electron energy -63.724035 + phonon energy 0.388896 | electron momentum kIdx = 0
The 7-th iteration is completed.	|| time cost : 0h 0m 20.441s
********************************************************************************************************************
Start the 8 rounds of NGS-ED iteration
	effective electronic model is modified as: kinetic energy t = 0.750168
	                                           effective interaction Vq = [-2.99994,-2.86263,-2.81044,-2.86263,-2.86263,-2.81044,-2.70024,-2.81044,-2.81044,-2.70024,-2.96254,-2.70024,-2.86263,-2.81044,-2.70024,-2.81044]
	PARPACK diagonalization completed after 30 matrix-vector product operations.
	iteration results: : total energy is -63.337248 | electron energy -63.729717 + phonon energy 0.392469 | electron momentum kIdx = 0
The 8-th iteration is completed.	|| time cost : 0h 0m 20.415s
********************************************************************************************************************
Start the 9 rounds of NGS-ED iteration
	effective electronic model is modified as: kinetic energy t = 0.749755
	                                           effective interaction Vq = [-2.99999,-2.86371,-2.81182,-2.86371,-2.86371,-2.81182,-2.70167,-2.81182,-2.81182,-2.70167,-2.96327,-2.70167,-2.86371,-2.81182,-2.70167,-2.81182]
	PARPACK diagonalization completed after 30 matrix-vector product operations.
	iteration results: : total energy is -63.338011 | electron energy -63.732533 + phonon energy 0.394522 | electron momentum kIdx = 0
The 9-th iteration is completed.	|| time cost : 0h 0m 20.376s
********************************************************************************************************************
Start the 10 rounds of NGS-ED iteration
	effective electronic model is modified as: kinetic energy t = 0.74951
	                                           effective interaction Vq = [-3.00001,-2.86436,-2.81263,-2.86436,-2.86436,-2.81263,-2.70255,-2.81263,-2.81263,-2.70255,-2.96364,-2.70255,-2.86436,-2.81263,-2.70255,-2.81263]
	PARPACK diagonalization completed after 30 matrix-vector product operations.
	iteration results: : total energy is -63.338288 | electron energy -63.733994 + phonon energy 0.395706 | electron momentum kIdx = 0
	Nq(0) = 12.25,	Nq(1) = 0.378504,	Nq(2) = 0.580995,	Nq(3) = 0.378504,	Nq(4) = 0.378504,	Nq(5) = 0.580995,	Nq(6) = 0.613799,	Nq(7) = 0.580995,	Nq(8) = 0.580995,	Nq(9) = 0.613799,	Nq(10) = 2.6357,	Nq(11) = 0.613799,	Nq(12) = 0.378504,	Nq(13) = 0.580995,	Nq(14) = 0.613799,	Nq(15) = 0.580995,	Sq(0) = -2.74427e-18,	Sq(1) = 0.28371,	Sq(2) = 0.331757,	Sq(3) = 0.28371,	Sq(4) = 0.28371,	Sq(5) = 0.331757,	Sq(6) = 0.496884,	Sq(7) = 0.331757,	Sq(8) = 0.331757,	Sq(9) = 0.496884,	Sq(10) = 0.546196,	Sq(11) = 0.496884,	Sq(12) = 0.28371,	Sq(13) = 0.331757,	Sq(14) = 0.496884,	Sq(15) = 0.331757,	N(0) = 1.98929,	N(1) = 1.96741,	N(2) = 0.671538,	N(3) = 1.96741,	N(4) = 1.96741,	N(5) = 0.671538,	N(6) = 0.0257619,	N(7) = 0.671538,	N(8) = 0.671538,	N(9) = 0.0257619,	N(10) = 0.00880175,	N(11) = 0.0257619,	N(12) = 1.96741,	N(13) = 0.671538,	N(14) = 0.0257619,	N(15) = 0.671538,	Delta[s](0) = 0.433658,	Delta[s](1) = 0.272357,	Delta[s](2) = 0.251793,	Delta[s](3) = 0.272357,	Delta[s](4) = 0.272357,	Delta[s](5) = 0.251793,	Delta[s](6) = 0.225363,	Delta[s](7) = 0.251793,	Delta[s](8) = 0.251793,	Delta[s](9) = 0.225363,	Delta[s](10) = 0.235145,	Delta[s](11) = 0.225363,	Delta[s](12) = 0.272357,	Delta[s](13) = 0.251793,	Delta[s](14) = 0.225363,	Delta[s](15) = 0.251793,	Delta[d](0) = 0.224806,	Delta[d](1) = 0.189981,	Delta[d](2) = 0.200461,	Delta[d](3) = 0.189981,	Delta[d](4) = 0.189981,	Delta[d](5) = 0.150318,	Delta[d](6) = 0.151662,	Delta[d](7) = 0.150318,	Delta[d](8) = 0.200461,	Delta[d](9) = 0.151662,	Delta[d](10) = 0.0761574,	Delta[d](11) = 0.151662,	Delta[d](12) = 0.189981,	Delta[d](13) = 0.150318,	Delta[d](14) = 0.151662,	Delta[d](15) = 0.150318,	Delta[s+](0) = 0.431088,	Delta[s+](1) = 0.324156,	Delta[s+](2) = 0.200461,	Delta[s+](3) = 0.324156,	Delta[s+](4) = 0.324156,	Delta[s+](5) = 0.200461,	Delta[s+](6) = 0.090113,	Delta[s+](7) = 0.200461,	Delta[s+](8) = 0.200461,	Delta[s+](9) = 0.090113,	Delta[s+](10) = 0.0389332,	Delta[s+](11) = 0.090113,	Delta[s+](12) = 0.324156,	Delta[s+](13) = 0.200461,	Delta[s+](14) = 0.090113,	Delta[s+](15) = 0.200461
The 10-th iteration is completed.	|| time cost : 0h 3m 14.255s
********************************************************************************************************************
Start the 11 rounds of NGS-ED iteration
	effective electronic model is modified as: kinetic energy t = 0.749365
	                                           effective interaction Vq = [-3.00002,-2.86475,-2.81311,-2.86475,-2.86475,-2.81311,-2.70309,-2.81311,-2.81311,-2.70309,-2.96383,-2.70309,-2.86475,-2.81311,-2.70309,-2.81311]
	PARPACK diagonalization completed after 30 matrix-vector product operations.
	iteration results: : total energy is -63.338389 | electron energy -63.734782 + phonon energy 0.396393 | electron momentum kIdx = 0
The 11-th iteration is completed.	|| time cost : 0h 0m 20.405s
********************************************************************************************************************
Start the 12 rounds of NGS-ED iteration
	effective electronic model is modified as: kinetic energy t = 0.749278
	                                           effective interaction Vq = [-3.00002,-2.86498, -2.8134,-2.86498,-2.86498, -2.8134,-2.70343, -2.8134, -2.8134,-2.70343,-2.96392,-2.70343,-2.86498, -2.8134,-2.70343, -2.8134]
	PARPACK diagonalization completed after 30 matrix-vector product operations.
	iteration results: : total energy is -63.338426 | electron energy -63.735220 + phonon energy 0.396794 | electron momentum kIdx = 0
The 12-th iteration is completed.	|| time cost : 0h 0m 20.393s
********************************************************************************************************************
Start the 13 rounds of NGS-ED iteration
	effective electronic model is modified as: kinetic energy t = 0.749225
	                                           effective interaction Vq = [-3.00003,-2.86513,-2.81358,-2.86513,-2.86513,-2.81358,-2.70365,-2.81358,-2.81358,-2.70365,-2.96397,-2.70365,-2.86513,-2.81358,-2.70365,-2.81358]
	PARPACK diagonalization completed after 30 matrix-vector product operations.
	iteration results: : total energy is -63.338440 | electron energy -63.735469 + phonon energy 0.397029 | electron momentum kIdx = 0
The 13-th iteration is completed.	|| time cost : 0h 0m 20.411s
********************************************************************************************************************
Start the 14 rounds of NGS-ED iteration
	effective electronic model is modified as: kinetic energy t = 0.749193
	                                           effective interaction Vq = [-3.00003,-2.86521,-2.81368,-2.86521,-2.86521,-2.81368,-2.70378,-2.81368,-2.81368,-2.70378,-2.96399,-2.70378,-2.86521,-2.81368,-2.70378,-2.81368]
	PARPACK diagonalization completed after 30 matrix-vector product operations.
	iteration results: : total energy is -63.338445 | electron energy -63.735613 + phonon energy 0.397168 | electron momentum kIdx = 0
The 14-th iteration is completed.	|| time cost : 0h 0m 20.41s
********************************************************************************************************************
Start the 15 rounds of NGS-ED iteration
	effective electronic model is modified as: kinetic energy t = 0.749174
	                                           effective interaction Vq = [-3.00003,-2.86527,-2.81374,-2.86527,-2.86527,-2.81374,-2.70387,-2.81374,-2.81374,-2.70387,  -2.964,-2.70387,-2.86527,-2.81374,-2.70387,-2.81374]
	PARPACK diagonalization completed after 30 matrix-vector product operations.
	iteration results: : total energy is -63.338447 | electron energy -63.735697 + phonon energy 0.397250 | electron momentum kIdx = 0
The 15-th iteration is completed.	|| time cost : 0h 0m 20.416s
********************************************************************************************************************
Start the 16 rounds of NGS-ED iteration
	effective electronic model is modified as: kinetic energy t = 0.749162
	                                           effective interaction Vq = [-3.00003, -2.8653,-2.81378, -2.8653, -2.8653,-2.81378,-2.70392,-2.81378,-2.81378,-2.70392,  -2.964,-2.70392, -2.8653,-2.81378,-2.70392,-2.81378]
	PARPACK diagonalization completed after 30 matrix-vector product operations.
	iteration results: : total energy is -63.338447 | electron energy -63.735747 + phonon energy 0.397300 | electron momentum kIdx = 0
The 16-th iteration is completed.	|| time cost : 0h 0m 20.388s
********************************************************************************************************************
Start the 17 rounds of NGS-ED iteration
	effective electronic model is modified as: kinetic energy t = 0.749155
	                                           effective interaction Vq = [-3.00003,-2.86533, -2.8138,-2.86533,-2.86533, -2.8138,-2.70396, -2.8138, -2.8138,-2.70396,  -2.964,-2.70396,-2.86533, -2.8138,-2.70396, -2.8138]
	PARPACK diagonalization completed after 30 matrix-vector product operations.
