TACC:  Starting up job 1740064 
TACC:  Starting parallel tasks... 
SNEDics v3.4 Non-Gaussian ED ground state program		Start at Fri Oct  9 04:40:15 2020

parallized on 16 MPI threads  * 7 OpenMP threads = 112 total threads.
********************************************************************************************************************
********************************************************************************************************************

********************************************************************************************************************
System parameters and configurations
********************************************************************************************************************
Special program options are enabled: splitted diagonal Hamiltonian
********************************************************************************************************************
Read input file "model_params.in"
	Hubbard-Holstein model parameters : 	t = 1    U = 8    g = 0.3    W = 0.25    g' = 0.02    
********************************************************************************************************************
Read input file "hilbertspace_params.in"
	Requested 16-site 2D lattice, with 12 electrons (6, 6)
	Boundary : Periodic		Hilbert space representation : momentum-space (restricted to kIdx = 0)
	Conservation: particle number[U(1)]      spin[U(1)]     momentum
********************************************************************************************************************

Cluster Positions:				Cluster symmetry group : D4
 x ... x ... x ... x .....                       x ... x ... x ... x .....
 |           |           :                       |           |           :
 |           |           :                       |           |           :
12    13    14    15     x                       1     5     6     5     x
 |           |           :                       |           |           :
 |           |           :                       |           |           :
 8 --- 9 ---10 ---11 --- x                       2 --- 6 ---10 --- 6 --- x
 |           |           :                       |           |           :
 |           |           :                       |           |           :
 4     5     6     7     x                       1     5     6     5     x
 |           |           :                       |           |           :
 |           |           :                       |           |           :
 0 --- 1 --- 2 --- 3 --- x                       0 --- 1 --- 2 --- 1 --- x
orbital number : 1
********************************************************************************************************************
Read input file "obs_params.in"
	Observable Type : Nq(All),   Sq(All),   N(All),   Delta[s](All),   Delta[d](All),   Delta[s+](All)
********************************************************************************************************************
** WARNING ** the input observables have non-local factors which have been reinterpreted. The total observable number is 96
********************************************************************************************************************


********************************************************************************************************************
Start calculating the non-Gaussian ED ground state
** WARNING ** Detected low phonon energy W < 10. The initial state will be prepared through a warm-up process.
********************************************************************************************************************
Start warm-up calculation for scaling factor 64
open output files: NGSEDWarmUpW16Obs.txt
********************************************************************************************************************
Start the 0 rounds of NGS-ED iteration
	effective electronic model is modified as: kinetic energy t = 1
	                                           effective interaction Vq = [0,0,0,0,0,0,0,0,0,0,0,0,0,0,0,0]
	first Hamiltonian is constructed, non-zero numbers = 969134044
	PARPACK diagonalization completed after 165 matrix-vector product operations.
	iteration results: : total energy is -14.925310 | electron energy -14.925310 + phonon energy 0.000000 | electron momentum kIdx = 0
	Nq(0) = 9,	Nq(1) = 0.191675,	Nq(2) = 0.266183,	Nq(3) = 0.191675,	Nq(4) = 0.191675,	Nq(5) = 0.245517,	Nq(6) = 0.314107,	Nq(7) = 0.245517,	Nq(8) = 0.266183,	Nq(9) = 0.314107,	Nq(10) = 0.369338,	Nq(11) = 0.314107,	Nq(12) = 0.191675,	Nq(13) = 0.245517,	Nq(14) = 0.314107,	Nq(15) = 0.245517,	Sq(0) = 2.48391e-18,	Sq(1) = 0.554662,	Sq(2) = 0.424361,	Sq(3) = 0.554662,	Sq(4) = 0.554662,	Sq(5) = 0.79749,	Sq(6) = 1.01287,	Sq(7) = 0.79749,	Sq(8) = 0.424361,	Sq(9) = 1.01287,	Sq(10) = 0.784303,	Sq(11) = 1.01287,	Sq(12) = 0.554662,	Sq(13) = 0.79749,	Sq(14) = 1.01287,	Sq(15) = 0.79749,	N(0) = 1.76735,	N(1) = 1.6264,	N(2) = 0.74365,	N(3) = 1.6264,	N(4) = 1.6264,	N(5) = 0.392302,	N(6) = 0.144321,	N(7) = 0.392302,	N(8) = 0.74365,	N(9) = 0.144321,	N(10) = 0.0932732,	N(11) = 0.144321,	N(12) = 1.6264,	N(13) = 0.392302,	N(14) = 0.144321,	N(15) = 0.392302,	Delta[s](0) = 0.0644915,	Delta[s](1) = 0.0448297,	Delta[s](2) = 0.0303229,	Delta[s](3) = 0.0448297,	Delta[s](4) = 0.0448297,	Delta[s](5) = 0.0271424,	Delta[s](6) = 0.00986334,	Delta[s](7) = 0.0271424,	Delta[s](8) = 0.0303229,	Delta[s](9) = 0.00986334,	Delta[s](10) = 0.000970755,	Delta[s](11) = 0.00986334,	Delta[s](12) = 0.0448297,	Delta[s](13) = 0.0271424,	Delta[s](14) = 0.00986334,	Delta[s](15) = 0.0271424,	Delta[d](0) = 0.230384,	Delta[d](1) = 0.181335,	Delta[d](2) = 0.223419,	Delta[d](3) = 0.181335,	Delta[d](4) = 0.181335,	Delta[d](5) = 0.124415,	Delta[d](6) = 0.151687,	Delta[d](7) = 0.124415,	Delta[d](8) = 0.223419,	Delta[d](9) = 0.151687,	Delta[d](10) = 0.0786747,	Delta[d](11) = 0.151687,	Delta[d](12) = 0.181335,	Delta[d](13) = 0.124415,	Delta[d](14) = 0.151687,	Delta[d](15) = 0.124415,	Delta[s+](0) = 0.531056,	Delta[s+](1) = 0.362368,	Delta[s+](2) = 0.223419,	Delta[s+](3) = 0.362368,	Delta[s+](4) = 0.362368,	Delta[s+](5) = 0.17848,	Delta[s+](6) = 0.0639774,	Delta[s+](7) = 0.17848,	Delta[s+](8) = 0.223419,	Delta[s+](9) = 0.0639774,	Delta[s+](10) = 0.0165502,	Delta[s+](11) = 0.0639774,	Delta[s+](12) = 0.362368,	Delta[s+](13) = 0.17848,	Delta[s+](14) = 0.0639774,	Delta[s+](15) = 0.17848
The 0-th iteration is completed.	|| time cost : 0h 2m 55.166s
********************************************************************************************************************
Start the 1 rounds of NGS-ED iteration
	effective electronic model is modified as: kinetic energy t = 0.990948
	                                           effective interaction Vq = [-0.554056,-0.425147,-0.324101,-0.425147,-0.425147,-0.322162,-0.238718,-0.322162,-0.324101,-0.238718,-0.168769,-0.238718,-0.425147,-0.322162,-0.238718,-0.322162]
	PARPACK diagonalization completed after 45 matrix-vector product operations.
	iteration results: : total energy is -20.934496 | electron energy -20.934560 + phonon energy 0.000064 | electron momentum kIdx = 0
The 1-th iteration is completed.	|| time cost : 0h 2m 17.428s
********************************************************************************************************************
Start the 2 rounds of NGS-ED iteration
	effective electronic model is modified as: kinetic energy t = 0.988476
	                                           effective interaction Vq = [ -0.57664,-0.448418,-0.341719,-0.448418,-0.448418,-0.339659,-0.251402,-0.339659,-0.341719,-0.251402,-0.177497,-0.251402,-0.448418,-0.339659,-0.251402,-0.339659]
	PARPACK diagonalization completed after 45 matrix-vector product operations.
	iteration results: : total energy is -21.156155 | electron energy -21.156335 + phonon energy 0.000180 | electron momentum kIdx = 0
The 2-th iteration is completed.	|| time cost : 0h 0m 10.294s
********************************************************************************************************************
Start the 3 rounds of NGS-ED iteration
	effective electronic model is modified as: kinetic energy t = 0.988131
	                                           effective interaction Vq = [-0.577561,-0.450987,-0.343616,-0.450987,-0.450987,-0.341518,-0.252686,-0.341518,-0.343616,-0.252686,-0.178334,-0.252686,-0.450987,-0.341518,-0.252686,-0.341518]
	PARPACK diagonalization completed after 30 matrix-vector product operations.
	iteration results: : total energy is -21.164784 | electron energy -21.164992 + phonon energy 0.000208 | electron momentum kIdx = 0
The 3-th iteration is completed.	|| time cost : 0h 0m 9.204s
********************************************************************************************************************
Start the 4 rounds of NGS-ED iteration
	effective electronic model is modified as: kinetic energy t = 0.988085
	                                           effective interaction Vq = [-0.577598,-0.451355,-0.343861,-0.451355,-0.451355,-0.341751,-0.252834,-0.341751,-0.343861,-0.252834,-0.178424,-0.252834,-0.451355,-0.341751,-0.252834,-0.341751]
	PARPACK diagonalization completed after 30 matrix-vector product operations.
	iteration results: : total energy is -21.165129 | electron energy -21.165341 + phonon energy 0.000212 | electron momentum kIdx = 0
The 4-th iteration is completed.	|| time cost : 0h 0m 9.2s
********************************************************************************************************************
Start the 5 rounds of NGS-ED iteration
	effective electronic model is modified as: kinetic energy t = 0.988078
	                                           effective interaction Vq = [  -0.5776,-0.451411,-0.343893,-0.451411,-0.451411,-0.341781,-0.252852,-0.341781,-0.343893,-0.252852,-0.178434,-0.252852,-0.451411,-0.341781,-0.252852,-0.341781]
	PARPACK diagonalization completed after 30 matrix-vector product operations.
	iteration results: : total energy is -21.165143 | electron energy -21.165355 + phonon energy 0.000213 | electron momentum kIdx = 0
	Nq(0) = 9,	Nq(1) = 0.200242,	Nq(2) = 0.271845,	Nq(3) = 0.200242,	Nq(4) = 0.200242,	Nq(5) = 0.251251,	Nq(6) = 0.319976,	Nq(7) = 0.251251,	Nq(8) = 0.271845,	Nq(9) = 0.319976,	Nq(10) = 0.375288,	Nq(11) = 0.319976,	Nq(12) = 0.200242,	Nq(13) = 0.251251,	Nq(14) = 0.319976,	Nq(15) = 0.251251,	Sq(0) = -3.71895e-18,	Sq(1) = 0.54825,	Sq(2) = 0.424236,	Sq(3) = 0.54825,	Sq(4) = 0.54825,	Sq(5) = 0.789837,	Sq(6) = 1.00179,	Sq(7) = 0.789837,	Sq(8) = 0.424236,	Sq(9) = 1.00179,	Sq(10) = 0.787156,	Sq(11) = 1.00179,	Sq(12) = 0.54825,	Sq(13) = 0.789837,	Sq(14) = 1.00179,	Sq(15) = 0.789837,	N(0) = 1.78704,	N(1) = 1.65221,	N(2) = 0.73677,	N(3) = 1.65221,	N(4) = 1.65221,	N(5) = 0.375201,	N(6) = 0.135338,	N(7) = 0.375201,	N(8) = 0.73677,	N(9) = 0.135338,	N(10) = 0.0884265,	N(11) = 0.135338,	N(12) = 1.65221,	N(13) = 0.375201,	N(14) = 0.135338,	N(15) = 0.375201,	Delta[s](0) = 0.0705675,	Delta[s](1) = 0.049174,	Delta[s](2) = 0.0338823,	Delta[s](3) = 0.049174,	Delta[s](4) = 0.049174,	Delta[s](5) = 0.030269,	Delta[s](6) = 0.0112276,	Delta[s](7) = 0.030269,	Delta[s](8) = 0.0338823,	Delta[s](9) = 0.0112276,	Delta[s](10) = 0.00141287,	Delta[s](11) = 0.0112276,	Delta[s](12) = 0.049174,	Delta[s](13) = 0.030269,	Delta[s](14) = 0.0112276,	Delta[s](15) = 0.030269,	Delta[d](0) = 0.232703,	Delta[d](1) = 0.182705,	Delta[d](2) = 0.225807,	Delta[d](3) = 0.182705,	Delta[d](4) = 0.182705,	Delta[d](5) = 0.124874,	Delta[d](6) = 0.152265,	Delta[d](7) = 0.124874,	Delta[d](8) = 0.225807,	Delta[d](9) = 0.152265,	Delta[d](10) = 0.0742939,	Delta[d](11) = 0.152265,	Delta[d](12) = 0.182705,	Delta[d](13) = 0.124874,	Delta[d](14) = 0.152265,	Delta[d](15) = 0.124874,	Delta[s+](0) = 0.538254,	Delta[s+](1) = 0.367045,	Delta[s+](2) = 0.225807,	Delta[s+](3) = 0.367045,	Delta[s+](4) = 0.367045,	Delta[s+](5) = 0.179436,	Delta[s+](6) = 0.0632041,	Delta[s+](7) = 0.179436,	Delta[s+](8) = 0.225807,	Delta[s+](9) = 0.0632041,	Delta[s+](10) = 0.0161267,	Delta[s+](11) = 0.0632041,	Delta[s+](12) = 0.367045,	Delta[s+](13) = 0.179436,	Delta[s+](14) = 0.0632041,	Delta[s+](15) = 0.179436
The 5-th iteration is completed.	|| time cost : 0h 1m 42.286s
********************************************************************************************************************
********************************************************************************************************************
Ground state is obtained after 6 iterations. The current ground-state energy is -21.1651, in which electron energy is -21.1654 and phonon energy is 0.000212638
final variational state is: 
	Gamma_x = [      1,1.00151,1.00204,1.00151,1.00151,1.00197,1.00206,1.00197,1.00204,1.00206,1.00183,1.00206,1.00151,1.00197,1.00206,1.00197]
	lambda_q = [ 0.189987, 0.143803, 0.118276, 0.143803, 0.143803, 0.116259,0.0968846, 0.116259, 0.118276,0.0968846,0.0792135,0.0968846, 0.143803, 0.116259,0.0968846, 0.116259]
The effective e-e interactions mediated by phonons are: [  0.5776, 0.45142,0.343897, 0.45142, 0.45142,0.341785,0.252854,0.341785,0.343897,0.252854,0.178435,0.252854, 0.45142,0.341785,0.252854,0.341785]
The real-space interactions mediated by phonons are: [   -5.62806,  -0.610141, -0.0186583,-0.00924031,  -0.796296,  -0.224166, -0.0186583, -0.0912637, -0.0766914, -0.0912637, -0.0186583,  -0.224166,  -0.796296,-0.00924031, -0.0186583,  -0.610141]
********************************************************************************************************************
o___o  ----------------------------------------
| L |	Time since last clock: 0h 0m 0s
A===A	Time since the beginning: 0h 7m 23.582s
***********************************************

********************************************************************************************************************
Start warm-up calculation for scaling factor 32
open output files: NGSEDWarmUpW8Obs.txt
********************************************************************************************************************
Start the 0 rounds of NGS-ED iteration
	effective electronic model is modified as: kinetic energy t = 0.988077
	                                           effective interaction Vq = [-0.528034,-0.387727,-0.289528,-0.387727,-0.387727,-0.286467,-0.209899,-0.286467,-0.289528,-0.209899,-0.146965,-0.209899,-0.387727,-0.286467,-0.209899,-0.286467]
	PARPACK diagonalization completed after 45 matrix-vector product operations.
	iteration results: : total energy is -20.516702 | electron energy -20.516809 + phonon energy 0.000106 | electron momentum kIdx = 0
	Nq(0) = 9,	Nq(1) = 0.198864,	Nq(2) = 0.270701,	Nq(3) = 0.198864,	Nq(4) = 0.198864,	Nq(5) = 0.250099,	Nq(6) = 0.318604,	Nq(7) = 0.250099,	Nq(8) = 0.270701,	Nq(9) = 0.318604,	Nq(10) = 0.373784,	Nq(11) = 0.318604,	Nq(12) = 0.198864,	Nq(13) = 0.250099,	Nq(14) = 0.318604,	Nq(15) = 0.250099,	Sq(0) = -1.86299e-18,	Sq(1) = 0.549373,	Sq(2) = 0.424311,	Sq(3) = 0.549373,	Sq(4) = 0.549373,	Sq(5) = 0.791254,	Sq(6) = 1.00409,	Sq(7) = 0.791254,	Sq(8) = 0.424311,	Sq(9) = 1.00409,	Sq(10) = 0.787054,	Sq(11) = 1.00409,	Sq(12) = 0.549373,	Sq(13) = 0.791254,	Sq(14) = 1.00409,	Sq(15) = 0.791254,	N(0) = 1.78331,	N(1) = 1.64736,	N(2) = 0.737962,	N(3) = 1.64736,	N(4) = 1.64736,	N(5) = 0.378325,	N(6) = 0.137121,	N(7) = 0.378325,	N(8) = 0.737962,	N(9) = 0.137121,	N(10) = 0.0895442,	N(11) = 0.137121,	N(12) = 1.64736,	N(13) = 0.378325,	N(14) = 0.137121,	N(15) = 0.378325,	Delta[s](0) = 0.0688406,	Delta[s](1) = 0.0480849,	Delta[s](2) = 0.0331365,	Delta[s](3) = 0.0480849,	Delta[s](4) = 0.0480849,	Delta[s](5) = 0.0296669,	Delta[s](6) = 0.0112284,	Delta[s](7) = 0.0296669,	Delta[s](8) = 0.0331365,	Delta[s](9) = 0.0112284,	Delta[s](10) = 0.00169418,	Delta[s](11) = 0.0112284,	Delta[s](12) = 0.0480849,	Delta[s](13) = 0.0296669,	Delta[s](14) = 0.0112284,	Delta[s](15) = 0.0296669,	Delta[d](0) = 0.233673,	Delta[d](1) = 0.183818,	Delta[d](2) = 0.226809,	Delta[d](3) = 0.183818,	Delta[d](4) = 0.183818,	Delta[d](5) = 0.125944,	Delta[d](6) = 0.153315,	Delta[d](7) = 0.125944,	Delta[d](8) = 0.226809,	Delta[d](9) = 0.153315,	Delta[d](10) = 0.0763619,	Delta[d](11) = 0.153315,	Delta[d](12) = 0.183818,	Delta[d](13) = 0.125944,	Delta[d](14) = 0.153315,	Delta[d](15) = 0.125944,	Delta[s+](0) = 0.539745,	Delta[s+](1) = 0.368191,	Delta[s+](2) = 0.226809,	Delta[s+](3) = 0.368191,	Delta[s+](4) = 0.368191,	Delta[s+](5) = 0.180601,	Delta[s+](6) = 0.0642303,	Delta[s+](7) = 0.180601,	Delta[s+](8) = 0.226809,	Delta[s+](9) = 0.0642303,	Delta[s+](10) = 0.0166808,	Delta[s+](11) = 0.0642303,	Delta[s+](12) = 0.368191,	Delta[s+](13) = 0.180601,	Delta[s+](14) = 0.0642303,	Delta[s+](15) = 0.180601
The 0-th iteration is completed.	|| time cost : 0h 1m 43.108s
********************************************************************************************************************
Start the 1 rounds of NGS-ED iteration
	effective electronic model is modified as: kinetic energy t = 0.985243
	                                           effective interaction Vq = [-0.567593,-0.417339,-0.309142,-0.417339,-0.417339,-0.305055,-0.222047,-0.305055,-0.309142,-0.222047,-0.154459,-0.222047,-0.417339,-0.305055,-0.222047,-0.305055]
	PARPACK diagonalization completed after 45 matrix-vector product operations.
	iteration results: : total energy is -20.890026 | electron energy -20.890475 + phonon energy 0.000449 | electron momentum kIdx = 0
The 1-th iteration is completed.	|| time cost : 0h 0m 10.304s
********************************************************************************************************************
Start the 2 rounds of NGS-ED iteration
	effective electronic model is modified as: kinetic energy t = 0.984341
	                                           effective interaction Vq = [ -0.57558,-0.425744,-0.314383,-0.425744,-0.425744, -0.30993,-0.225059, -0.30993,-0.314383,-0.225059,-0.156212,-0.225059,-0.425744, -0.30993,-0.225059, -0.30993]
	PARPACK diagonalization completed after 30 matrix-vector product operations.
	iteration results: : total energy is -20.963605 | electron energy -20.964248 + phonon energy 0.000643 | electron momentum kIdx = 0
The 2-th iteration is completed.	|| time cost : 0h 0m 9.202s
********************************************************************************************************************
Start the 3 rounds of NGS-ED iteration
	effective electronic model is modified as: kinetic energy t = 0.984063
	                                           effective interaction Vq = [-0.577192,-0.428415,-0.315897,-0.428415,-0.428415,-0.311303,-0.225849,-0.311303,-0.315897,-0.225849,-0.156642,-0.225849,-0.428415,-0.311303,-0.225849,-0.311303]
	PARPACK diagonalization completed after 30 matrix-vector product operations.
	iteration results: : total energy is -20.978290 | electron energy -20.979009 + phonon energy 0.000719 | electron momentum kIdx = 0
The 3-th iteration is completed.	|| time cost : 0h 0m 9.204s
********************************************************************************************************************
Start the 4 rounds of NGS-ED iteration
	effective electronic model is modified as: kinetic energy t = 0.983978
	                                           effective interaction Vq = [-0.577518,-0.429303,-0.316346,-0.429303,-0.429303,-0.311698, -0.22606,-0.311698,-0.316346, -0.22606,-0.156749, -0.22606,-0.429303,-0.311698, -0.22606,-0.311698]
	PARPACK diagonalization completed after 30 matrix-vector product operations.
	iteration results: : total energy is -20.981239 | electron energy -20.981984 + phonon energy 0.000745 | electron momentum kIdx = 0
The 4-th iteration is completed.	|| time cost : 0h 0m 9.187s
********************************************************************************************************************
Start the 5 rounds of NGS-ED iteration
	effective electronic model is modified as: kinetic energy t = 0.983951
	                                           effective interaction Vq = [-0.577583,-0.429604,-0.316481,-0.429604,-0.429604,-0.311813,-0.226117,-0.311813,-0.316481,-0.226117,-0.156776,-0.226117,-0.429604,-0.311813,-0.226117,-0.311813]
	PARPACK diagonalization completed after 30 matrix-vector product operations.
	iteration results: : total energy is -20.981832 | electron energy -20.982586 + phonon energy 0.000753 | electron momentum kIdx = 0
The 5-th iteration is completed.	|| time cost : 0h 0m 9.206s
********************************************************************************************************************
Start the 6 rounds of NGS-ED iteration
	effective electronic model is modified as: kinetic energy t = 0.983943
	                                           effective interaction Vq = [-0.577597,-0.429706,-0.316521,-0.429706,-0.429706,-0.311847,-0.226132,-0.311847,-0.316521,-0.226132,-0.156782,-0.226132,-0.429706,-0.311847,-0.226132,-0.311847]
	PARPACK diagonalization completed after 30 matrix-vector product operations.
	iteration results: : total energy is -20.981952 | electron energy -20.982708 + phonon energy 0.000756 | electron momentum kIdx = 0
	Nq(0) = 9,	Nq(1) = 0.199536,	Nq(2) = 0.270898,	Nq(3) = 0.199536,	Nq(4) = 0.199536,	Nq(5) = 0.250288,	Nq(6) = 0.318526,	Nq(7) = 0.250288,	Nq(8) = 0.270898,	Nq(9) = 0.318526,	Nq(10) = 0.373472,	Nq(11) = 0.318526,	Nq(12) = 0.199536,	Nq(13) = 0.250288,	Nq(14) = 0.318526,	Nq(15) = 0.250288,	Sq(0) = 1.30162e-18,	Sq(1) = 0.549035,	Sq(2) = 0.424367,	Sq(3) = 0.549035,	Sq(4) = 0.549035,	Sq(5) = 0.790911,	Sq(6) = 1.00382,	Sq(7) = 0.790911,	Sq(8) = 0.424367,	Sq(9) = 1.00382,	Sq(10) = 0.787543,	Sq(11) = 1.00382,	Sq(12) = 0.549035,	Sq(13) = 0.790911,	Sq(14) = 1.00382,	Sq(15) = 0.790911,	N(0) = 1.78394,	N(1) = 1.64832,	N(2) = 0.737615,	N(3) = 1.64832,	N(4) = 1.64832,	N(5) = 0.377574,	N(6) = 0.136909,	N(7) = 0.377574,	N(8) = 0.737615,	N(9) = 0.136909,	N(10) = 0.0896055,	N(11) = 0.136909,	N(12) = 1.64832,	N(13) = 0.377574,	N(14) = 0.136909,	N(15) = 0.377574,	Delta[s](0) = 0.0688501,	Delta[s](1) = 0.0481434,	Delta[s](2) = 0.0332425,	Delta[s](3) = 0.0481434,	Delta[s](4) = 0.0481434,	Delta[s](5) = 0.0297768,	Delta[s](6) = 0.0113697,	Delta[s](7) = 0.0297768,	Delta[s](8) = 0.0332425,	Delta[s](9) = 0.0113697,	Delta[s](10) = 0.00183959,	Delta[s](11) = 0.0113697,	Delta[s](12) = 0.0481434,	Delta[s](13) = 0.0297768,	Delta[s](14) = 0.0113697,	Delta[s](15) = 0.0297768,	Delta[d](0) = 0.235027,	Delta[d](1) = 0.184974,	Delta[d](2) = 0.228112,	Delta[d](3) = 0.184974,	Delta[d](4) = 0.184974,	Delta[d](5) = 0.126771,	Delta[d](6) = 0.154226,	Delta[d](7) = 0.126771,	Delta[d](8) = 0.228112,	Delta[d](9) = 0.154226,	Delta[d](10) = 0.0768513,	Delta[d](11) = 0.154226,	Delta[d](12) = 0.184974,	Delta[d](13) = 0.126771,	Delta[d](14) = 0.154226,	Delta[d](15) = 0.126771,	Delta[s+](0) = 0.542694,	Delta[s+](1) = 0.370219,	Delta[s+](2) = 0.228112,	Delta[s+](3) = 0.370219,	Delta[s+](4) = 0.370219,	Delta[s+](5) = 0.181669,	Delta[s+](6) = 0.0647232,	Delta[s+](7) = 0.181669,	Delta[s+](8) = 0.228112,	Delta[s+](9) = 0.0647232,	Delta[s+](10) = 0.0169019,	Delta[s+](11) = 0.0647232,	Delta[s+](12) = 0.370219,	Delta[s+](13) = 0.181669,	Delta[s+](14) = 0.0647232,	Delta[s+](15) = 0.181669
The 6-th iteration is completed.	|| time cost : 0h 1m 41.881s
********************************************************************************************************************
********************************************************************************************************************
Ground state is obtained after 7 iterations. The current ground-state energy is -20.982, in which electron energy is -20.9827 and phonon energy is 0.000756178
final variational state is: 
	Gamma_x = [      1,1.00451,1.00554,1.00451,1.00451,1.00524, 1.0052,1.00524,1.00554, 1.0052,1.00445, 1.0052,1.00451,1.00524, 1.0052,1.00524]
	lambda_q = [  0.26841, 0.176523, 0.138421, 0.176523, 0.176523, 0.134557, 0.109464, 0.134557, 0.138421, 0.109464,0.0877255, 0.109464, 0.176523, 0.134557, 0.109464, 0.134557]
The effective e-e interactions mediated by phonons are: [0.577599,0.429741,0.316533,0.429741,0.429741,0.311857,0.226136,0.311857,0.316533,0.226136,0.156784,0.226136,0.429741,0.311857,0.226136,0.311857]
The real-space interactions mediated by phonons are: [  -5.23839, -0.640048,-0.0346503,-0.0379166, -0.828024, -0.258297,-0.0346503, -0.108004, -0.120023, -0.108004,-0.0346503, -0.258297, -0.828024,-0.0379166,-0.0346503, -0.640048]
********************************************************************************************************************
o___o  ----------------------------------------
| L |	Time since last clock: 0h 0m 0s
A===A	Time since the beginning: 0h 11m 35.679s
***********************************************

********************************************************************************************************************
Start warm-up calculation for scaling factor 16
open output files: NGSEDWarmUpW4Obs.txt
********************************************************************************************************************
Start the 0 rounds of NGS-ED iteration
	effective electronic model is modified as: kinetic energy t = 0.98394
	                                           effective interaction Vq = [ -0.52779,-0.355501,-0.255569,-0.355501,-0.355501,-0.250514,-0.179756,-0.250514,-0.255569,-0.179756,-0.123614,-0.179756,-0.355501,-0.250514,-0.179756,-0.250514]
	PARPACK diagonalization completed after 45 matrix-vector product operations.
	iteration results: : total energy is -20.309522 | electron energy -20.309900 + phonon energy 0.000379 | electron momentum kIdx = 0
	Nq(0) = 9,	Nq(1) = 0.197934,	Nq(2) = 0.269649,	Nq(3) = 0.197934,	Nq(4) = 0.197934,	Nq(5) = 0.249039,	Nq(6) = 0.317094,	Nq(7) = 0.249039,	Nq(8) = 0.269649,	Nq(9) = 0.317094,	Nq(10) = 0.371919,	Nq(11) = 0.317094,	Nq(12) = 0.197934,	Nq(13) = 0.249039,	Nq(14) = 0.317094,	Nq(15) = 0.249039,	Sq(0) = -2.1333e-18,	Sq(1) = 0.550306,	Sq(2) = 0.424437,	Sq(3) = 0.550306,	Sq(4) = 0.550306,	Sq(5) = 0.792485,	Sq(6) = 1.0063,	Sq(7) = 0.792485,	Sq(8) = 0.424437,	Sq(9) = 1.0063,	Sq(10) = 0.787293,	Sq(11) = 1.0063,	Sq(12) = 0.550306,	Sq(13) = 0.792485,	Sq(14) = 1.0063,	Sq(15) = 0.792485,	N(0) = 1.77979,	N(1) = 1.64294,	N(2) = 0.738982,	N(3) = 1.64294,	N(4) = 1.64294,	N(5) = 0.381063,	N(6) = 0.138861,	N(7) = 0.381063,	N(8) = 0.738982,	N(9) = 0.138861,	N(10) = 0.0907873,	N(11) = 0.138861,	N(12) = 1.64294,	N(13) = 0.381063,	N(14) = 0.138861,	N(15) = 0.381063,	Delta[s](0) = 0.0673433,	Delta[s](1) = 0.0471218,	Delta[s](2) = 0.0324572,	Delta[s](3) = 0.0471218,	Delta[s](4) = 0.0471218,	Delta[s](5) = 0.0291074,	Delta[s](6) = 0.0111748,	Delta[s](7) = 0.0291074,	Delta[s](8) = 0.0324572,	Delta[s](9) = 0.0111748,	Delta[s](10) = 0.00186794,	Delta[s](11) = 0.0111748,	Delta[s](12) = 0.0471218,	Delta[s](13) = 0.0291074,	Delta[s](14) = 0.0111748,	Delta[s](15) = 0.0291074,	Delta[d](0) = 0.236316,	Delta[d](1) = 0.186209,	Delta[d](2) = 0.229351,	Delta[d](3) = 0.186209,	Delta[d](4) = 0.186209,	Delta[d](5) = 0.127805,	Delta[d](6) = 0.155352,	Delta[d](7) = 0.127805,	Delta[d](8) = 0.229351,	Delta[d](9) = 0.155352,	Delta[d](10) = 0.0787245,	Delta[d](11) = 0.155352,	Delta[d](12) = 0.186209,	Delta[d](13) = 0.127805,	Delta[d](14) = 0.155352,	Delta[d](15) = 0.127805,	Delta[s+](0) = 0.545043,	Delta[s+](1) = 0.371908,	Delta[s+](2) = 0.229351,	Delta[s+](3) = 0.371908,	Delta[s+](4) = 0.371908,	Delta[s+](5) = 0.182938,	Delta[s+](6) = 0.0655977,	Delta[s+](7) = 0.182938,	Delta[s+](8) = 0.229351,	Delta[s+](9) = 0.0655977,	Delta[s+](10) = 0.0172918,	Delta[s+](11) = 0.0655977,	Delta[s+](12) = 0.371908,	Delta[s+](13) = 0.182938,	Delta[s+](14) = 0.0655977,	Delta[s+](15) = 0.182938
The 0-th iteration is completed.	|| time cost : 0h 1m 42.971s
********************************************************************************************************************
Start the 1 rounds of NGS-ED iteration
	effective electronic model is modified as: kinetic energy t = 0.983178
	                                           effective interaction Vq = [-0.555219,-0.368558,-0.260628,-0.368558,-0.368558,-0.254245,-0.180406,-0.254245,-0.260628,-0.180406,-0.122782,-0.180406,-0.368558,-0.254245,-0.180406,-0.254245]
	PARPACK diagonalization completed after 45 matrix-vector product operations.
	iteration results: : total energy is -20.558808 | electron energy -20.559750 + phonon energy 0.000942 | electron momentum kIdx = 0
The 1-th iteration is completed.	|| time cost : 0h 0m 10.295s
********************************************************************************************************************
Start the 2 rounds of NGS-ED iteration
	effective electronic model is modified as: kinetic energy t = 0.982788
	                                           effective interaction Vq = [-0.567544,-0.374957, -0.26294,-0.374957,-0.374957,-0.255935,-0.180748,-0.255935, -0.26294,-0.180748,-0.122533,-0.180748,-0.374957,-0.255935,-0.180748,-0.255935]
	PARPACK diagonalization completed after 30 matrix-vector product operations.
	iteration results: : total energy is -20.670354 | electron energy -20.671681 + phonon energy 0.001327 | electron momentum kIdx = 0
The 2-th iteration is completed.	|| time cost : 0h 0m 9.228s
********************************************************************************************************************
Start the 3 rounds of NGS-ED iteration
	effective electronic model is modified as: kinetic energy t = 0.982591
	                                           effective interaction Vq = [-0.573081,-0.378173,-0.264012,-0.378173,-0.378173, -0.25671,-0.180922, -0.25671,-0.264012,-0.180922,-0.122467,-0.180922,-0.378173, -0.25671,-0.180922, -0.25671]
	PARPACK diagonalization completed after 30 matrix-vector product operations.
	iteration results: : total energy is -20.720357 | electron energy -20.721907 + phonon energy 0.001551 | electron momentum kIdx = 0
The 3-th iteration is completed.	|| time cost : 0h 0m 9.19s
********************************************************************************************************************
Start the 4 rounds of NGS-ED iteration
	effective electronic model is modified as: kinetic energy t = 0.982491
	                                           effective interaction Vq = [ -0.57557,-0.379812,-0.264513,-0.379812,-0.379812,-0.257068, -0.18101,-0.257068,-0.264513, -0.18101,-0.122453, -0.18101,-0.379812,-0.257068, -0.18101,-0.257068]
	PARPACK diagonalization completed after 30 matrix-vector product operations.
	iteration results: : total energy is -20.742794 | electron energy -20.744466 + phonon energy 0.001672 | electron momentum kIdx = 0
The 4-th iteration is completed.	|| time cost : 0h 0m 9.202s
********************************************************************************************************************
Start the 5 rounds of NGS-ED iteration
	effective electronic model is modified as: kinetic energy t = 0.982441
	                                           effective interaction Vq = [-0.576688,-0.380654,-0.264748,-0.380654,-0.380654,-0.257235,-0.181053,-0.257235,-0.264748,-0.181053,-0.122453,-0.181053,-0.380654,-0.257235,-0.181053,-0.257235]
	PARPACK diagonalization completed after 30 matrix-vector product operations.
	iteration results: : total energy is -20.752868 | electron energy -20.754603 + phonon energy 0.001735 | electron momentum kIdx = 0
The 5-th iteration is completed.	|| time cost : 0h 0m 9.185s
********************************************************************************************************************
Start the 6 rounds of NGS-ED iteration
	effective electronic model is modified as: kinetic energy t = 0.982416
	                                           effective interaction Vq = [ -0.57719,-0.381089, -0.26486,-0.381089,-0.381089,-0.257313,-0.181074,-0.257313, -0.26486,-0.181074,-0.122455,-0.181074,-0.381089,-0.257313,-0.181074,-0.257313]
	PARPACK diagonalization completed after 30 matrix-vector product operations.
	iteration results: : total energy is -20.757393 | electron energy -20.759161 + phonon energy 0.001768 | electron momentum kIdx = 0
The 6-th iteration is completed.	|| time cost : 0h 0m 9.2s
********************************************************************************************************************
Start the 7 rounds of NGS-ED iteration
	effective electronic model is modified as: kinetic energy t = 0.982403
	                                           effective interaction Vq = [-0.577416,-0.381315,-0.264913,-0.381315,-0.381315, -0.25735,-0.181084, -0.25735,-0.264913,-0.181084,-0.122457,-0.181084,-0.381315, -0.25735,-0.181084, -0.25735]
	PARPACK diagonalization completed after 30 matrix-vector product operations.
	iteration results: : total energy is -20.759425 | electron energy -20.761210 + phonon energy 0.001785 | electron momentum kIdx = 0
The 7-th iteration is completed.	|| time cost : 0h 0m 9.188s
********************************************************************************************************************
Start the 8 rounds of NGS-ED iteration
	effective electronic model is modified as: kinetic energy t = 0.982396
	                                           effective interaction Vq = [-0.577517,-0.381432,-0.264938,-0.381432,-0.381432,-0.257367,-0.181089,-0.257367,-0.264938,-0.181089,-0.122458,-0.181089,-0.381432,-0.257367,-0.181089,-0.257367]
	PARPACK diagonalization completed after 30 matrix-vector product operations.
	iteration results: : total energy is -20.760338 | electron energy -20.762132 + phonon energy 0.001794 | electron momentum kIdx = 0
The 8-th iteration is completed.	|| time cost : 0h 0m 9.221s
********************************************************************************************************************
Start the 9 rounds of NGS-ED iteration
	effective electronic model is modified as: kinetic energy t = 0.982393
	                                           effective interaction Vq = [-0.577563,-0.381493, -0.26495,-0.381493,-0.381493,-0.257375,-0.181091,-0.257375, -0.26495,-0.181091,-0.122459,-0.181091,-0.381493,-0.257375,-0.181091,-0.257375]
	PARPACK diagonalization completed after 30 matrix-vector product operations.
	iteration results: : total energy is -20.760748 | electron energy -20.762546 + phonon energy 0.001798 | electron momentum kIdx = 0
The 9-th iteration is completed.	|| time cost : 0h 0m 9.18s
********************************************************************************************************************
Start the 10 rounds of NGS-ED iteration
	effective electronic model is modified as: kinetic energy t = 0.982391
	                                           effective interaction Vq = [-0.577583,-0.381524,-0.264955,-0.381524,-0.381524,-0.257379,-0.181092,-0.257379,-0.264955,-0.181092,-0.122459,-0.181092,-0.381524,-0.257379,-0.181092,-0.257379]
	PARPACK diagonalization completed after 30 matrix-vector product operations.
	iteration results: : total energy is -20.760933 | electron energy -20.762733 + phonon energy 0.001800 | electron momentum kIdx = 0
	Nq(0) = 9,	Nq(1) = 0.198476,	Nq(2) = 0.269656,	Nq(3) = 0.198476,	Nq(4) = 0.198476,	Nq(5) = 0.249026,	Nq(6) = 0.316863,	Nq(7) = 0.249026,	Nq(8) = 0.269656,	Nq(9) = 0.316863,	Nq(10) = 0.371582,	Nq(11) = 0.316863,	Nq(12) = 0.198476,	Nq(13) = 0.249026,	Nq(14) = 0.316863,	Nq(15) = 0.249026,	Sq(0) = 1.14816e-18,	Sq(1) = 0.550076,	Sq(2) = 0.42449,	Sq(3) = 0.550076,	Sq(4) = 0.550076,	Sq(5) = 0.792317,	Sq(6) = 1.00631,	Sq(7) = 0.792317,	Sq(8) = 0.42449,	Sq(9) = 1.00631,	Sq(10) = 0.787871,	Sq(11) = 1.00631,	Sq(12) = 0.550076,	Sq(13) = 0.792317,	Sq(14) = 1.00631,	Sq(15) = 0.792317,	N(0) = 1.77993,	N(1) = 1.64336,	N(2) = 0.738713,	N(3) = 1.64336,	N(4) = 1.64336,	N(5) = 0.380681,	N(6) = 0.138877,	N(7) = 0.380681,	N(8) = 0.738713,	N(9) = 0.138877,	N(10) = 0.0909905,	N(11) = 0.138877,	N(12) = 1.64336,	N(13) = 0.380681,	N(14) = 0.138877,	N(15) = 0.380681,	Delta[s](0) = 0.0672792,	Delta[s](1) = 0.04711,	Delta[s](2) = 0.0324815,	Delta[s](3) = 0.04711,	Delta[s](4) = 0.04711,	Delta[s](5) = 0.0291408,	Delta[s](6) = 0.011247,	Delta[s](7) = 0.0291408,	Delta[s](8) = 0.0324815,	Delta[s](9) = 0.011247,	Delta[s](10) = 0.00194231,	Delta[s](11) = 0.011247,	Delta[s](12) = 0.04711,	Delta[s](13) = 0.0291408,	Delta[s](14) = 0.011247,	Delta[s](15) = 0.0291408,	Delta[d](0) = 0.239778,	Delta[d](1) = 0.189024,	Delta[d](2) = 0.232689,	Delta[d](3) = 0.189024,	Delta[d](4) = 0.189024,	Delta[d](5) = 0.129757,	Delta[d](6) = 0.157637,	Delta[d](7) = 0.129757,	Delta[d](8) = 0.232689,	Delta[d](9) = 0.157637,	Delta[d](10) = 0.0799812,	Delta[d](11) = 0.157637,	Delta[d](12) = 0.189024,	Delta[d](13) = 0.129757,	Delta[d](14) = 0.157637,	Delta[d](15) = 0.129757,	Delta[s+](0) = 0.552866,	Delta[s+](1) = 0.377256,	Delta[s+](2) = 0.232689,	Delta[s+](3) = 0.377256,	Delta[s+](4) = 0.377256,	Delta[s+](5) = 0.185641,	Delta[s+](6) = 0.0666697,	Delta[s+](7) = 0.185641,	Delta[s+](8) = 0.232689,	Delta[s+](9) = 0.0666697,	Delta[s+](10) = 0.0176514,	Delta[s+](11) = 0.0666697,	Delta[s+](12) = 0.377256,	Delta[s+](13) = 0.185641,	Delta[s+](14) = 0.0666697,	Delta[s+](15) = 0.185641
The 10-th iteration is completed.	|| time cost : 0h 1m 42.175s
********************************************************************************************************************
Start the 11 rounds of NGS-ED iteration
	effective electronic model is modified as: kinetic energy t = 0.982391
	                                           effective interaction Vq = [-0.577592,-0.381541,-0.264958,-0.381541,-0.381541,-0.257381,-0.181093,-0.257381,-0.264958,-0.181093,-0.122459,-0.181093,-0.381541,-0.257381,-0.181093,-0.257381]
	PARPACK diagonalization completed after 30 matrix-vector product operations.
	iteration results: : total energy is -20.761015 | electron energy -20.762817 + phonon energy 0.001801 | electron momentum kIdx = 0
	Nq(0) = 9,	Nq(1) = 0.198476,	Nq(2) = 0.269656,	Nq(3) = 0.198476,	Nq(4) = 0.198476,	Nq(5) = 0.249026,	Nq(6) = 0.316863,	Nq(7) = 0.249026,	Nq(8) = 0.269656,	Nq(9) = 0.316863,	Nq(10) = 0.371582,	Nq(11) = 0.316863,	Nq(12) = 0.198476,	Nq(13) = 0.249026,	Nq(14) = 0.316863,	Nq(15) = 0.249026,	Sq(0) = 5.22074e-19,	Sq(1) = 0.550076,	Sq(2) = 0.42449,	Sq(3) = 0.550076,	Sq(4) = 0.550076,	Sq(5) = 0.792317,	Sq(6) = 1.00631,	Sq(7) = 0.792317,	Sq(8) = 0.42449,	Sq(9) = 1.00631,	Sq(10) = 0.787872,	Sq(11) = 1.00631,	Sq(12) = 0.550076,	Sq(13) = 0.792317,	Sq(14) = 1.00631,	Sq(15) = 0.792317,	N(0) = 1.77993,	N(1) = 1.64336,	N(2) = 0.738713,	N(3) = 1.64336,	N(4) = 1.64336,	N(5) = 0.380681,	N(6) = 0.138877,	N(7) = 0.380681,	N(8) = 0.738713,	N(9) = 0.138877,	N(10) = 0.0909906,	N(11) = 0.138877,	N(12) = 1.64336,	N(13) = 0.380681,	N(14) = 0.138877,	N(15) = 0.380681,	Delta[s](0) = 0.0672791,	Delta[s](1) = 0.04711,	Delta[s](2) = 0.0324815,	Delta[s](3) = 0.04711,	Delta[s](4) = 0.04711,	Delta[s](5) = 0.0291408,	Delta[s](6) = 0.0112471,	Delta[s](7) = 0.0291408,	Delta[s](8) = 0.0324815,	Delta[s](9) = 0.0112471,	Delta[s](10) = 0.00194234,	Delta[s](11) = 0.0112471,	Delta[s](12) = 0.04711,	Delta[s](13) = 0.0291408,	Delta[s](14) = 0.0112471,	Delta[s](15) = 0.0291408,	Delta[d](0) = 0.239798,	Delta[d](1) = 0.18904,	Delta[d](2) = 0.232709,	Delta[d](3) = 0.18904,	Delta[d](4) = 0.18904,	Delta[d](5) = 0.129768,	Delta[d](6) = 0.157651,	Delta[d](7) = 0.129768,	Delta[d](8) = 0.232709,	Delta[d](9) = 0.157651,	Delta[d](10) = 0.0799882,	Delta[d](11) = 0.157651,	Delta[d](12) = 0.18904,	Delta[d](13) = 0.129768,	Delta[d](14) = 0.157651,	Delta[d](15) = 0.129768,	Delta[s+](0) = 0.552914,	Delta[s+](1) = 0.377289,	Delta[s+](2) = 0.232709,	Delta[s+](3) = 0.377289,	Delta[s+](4) = 0.377289,	Delta[s+](5) = 0.185657,	Delta[s+](6) = 0.0666755,	Delta[s+](7) = 0.185657,	Delta[s+](8) = 0.232709,	Delta[s+](9) = 0.0666755,	Delta[s+](10) = 0.017653,	Delta[s+](11) = 0.0666755,	Delta[s+](12) = 0.377289,	Delta[s+](13) = 0.185657,	Delta[s+](14) = 0.0666755,	Delta[s+](15) = 0.185657
The 11-th iteration is completed.	|| time cost : 0h 1m 42.08s
********************************************************************************************************************
********************************************************************************************************************
