SNEDics v3.4 Non-Gaussian ED ground state program		Start at Tue Oct  1 14:54:23 2019

parallized on 16 MPI threads  * 8 OpenMP threads = 128 total threads.
********************************************************************************************************************
********************************************************************************************************************

********************************************************************************************************************
System parameters and configurations
********************************************************************************************************************
Special program options are enabled: splitted diagonal Hamiltonian
********************************************************************************************************************
Read input file "model_params.in"
	Hubbard-Holstein model parameters : 	t = 1    U = 8.04    g = 4.7434    W = 5    
********************************************************************************************************************
Read input file "hilbertspace_params.in"
	Requested 16-site 2D lattice, with 16 electrons (8, 8)
	Boundary : Periodic		Hilbert space representation : momentum-space (restricted to kIdx = 0)
	Conservation: particle number[U(1)]      spin[U(1)]     momentum
********************************************************************************************************************

Cluster Positions:				Cluster symmetry group : D4
 x ... x ... x ... x .....                       x ... x ... x ... x .....
 |           |           :                       |           |           :
 |           |           :                       |           |           :
12    13    14    15     x                       1     5     6     5     x
 |           |           :                       |           |           :
 |           |           :                       |           |           :
 8 --- 9 ---10 ---11 --- x                       2 --- 6 ---10 --- 6 --- x
 |           |           :                       |           |           :
 |           |           :                       |           |           :
 4     5     6     7     x                       1     5     6     5     x
 |           |           :                       |           |           :
 |           |           :                       |           |           :
 0 --- 1 --- 2 --- 3 --- x                       0 --- 1 --- 2 --- 1 --- x
orbital number : 1
********************************************************************************************************************
Read input file "obs_params.in"
	Observable Type : Nq(All),   Sq(All),   N(All),   Delta[s](All),   Delta[d](All),   Delta[s+](All)
********************************************************************************************************************
** WARNING ** the input observables have non-local factors which have been reinterpreted. The total observable number is 96
********************************************************************************************************************


********************************************************************************************************************
Start calculating the non-Gaussian ED ground state
** WARNING ** Detected low phonon energy W < 10. The initial state will be prepared through a warm-up process.
********************************************************************************************************************
Start warm-up calculation for scaling factor 2
open output files: NGSEDWarmUpW10Obs.txt
********************************************************************************************************************
Start the 0 rounds of NGS-ED iteration
	effective electronic model is modified as: kinetic energy t = 1
	                                           effective interaction Vq = [-0,-0,-0,-0,-0,-0,-0,-0,-0,-0,-0,-0,-0,-0,-0,-0]
	first Hamiltonian is constructed, non-zero numbers = 2845383612
	PARPACK diagonalization completed after 105 matrix-vector product operations.
	iteration results: : total energy is -8.434767 | electron energy -8.434767 + phonon energy 0.000000 | electron momentum kIdx = 0
	Nq(0) = 16,	Nq(1) = 0.0619728,	Nq(2) = 0.109095,	Nq(3) = 0.0619728,	Nq(4) = 0.0619728,	Nq(5) = 0.109095,	Nq(6) = 0.151367,	Nq(7) = 0.109095,	Nq(8) = 0.109095,	Nq(9) = 0.151367,	Nq(10) = 0.191198,	Nq(11) = 0.151367,	Nq(12) = 0.0619728,	Nq(13) = 0.109095,	Nq(14) = 0.151367,	Nq(15) = 0.109095,	Sq(0) = 1.48087e-18,	Sq(1) = 0.412635,	Sq(2) = 0.641438,	Sq(3) = 0.412635,	Sq(4) = 0.412635,	Sq(5) = 0.641438,	Sq(6) = 0.939944,	Sq(7) = 0.641438,	Sq(8) = 0.641438,	Sq(9) = 0.939944,	Sq(10) = 5.04193,	Sq(11) = 0.939944,	Sq(12) = 0.412635,	Sq(13) = 0.641438,	Sq(14) = 0.939944,	Sq(15) = 0.641438,	N(0) = 1.77371,	N(1) = 1.56723,	N(2) = 1,	N(3) = 1.56723,	N(4) = 1.56723,	N(5) = 1,	N(6) = 0.432773,	N(7) = 1,	N(8) = 1,	N(9) = 0.432773,	N(10) = 0.226295,	N(11) = 0.432773,	N(12) = 1.56723,	N(13) = 1,	N(14) = 0.432773,	N(15) = 1,	Delta[s](0) = 0.0823571,	Delta[s](1) = 0.0686387,	Delta[s](2) = 0.054086,	Delta[s](3) = 0.0686387,	Delta[s](4) = 0.0686387,	Delta[s](5) = 0.054086,	Delta[s](6) = 0.0378794,	Delta[s](7) = 0.054086,	Delta[s](8) = 0.054086,	Delta[s](9) = 0.0378794,	Delta[s](10) = 0.0166197,	Delta[s](11) = 0.0378794,	Delta[s](12) = 0.0686387,	Delta[s](13) = 0.054086,	Delta[s](14) = 0.0378794,	Delta[s](15) = 0.054086,	Delta[d](0) = 0.591203,	Delta[d](1) = 0.455356,	Delta[d](2) = 0.345017,	Delta[d](3) = 0.455356,	Delta[d](4) = 0.455356,	Delta[d](5) = 0.351185,	Delta[d](6) = 0.243982,	Delta[d](7) = 0.351185,	Delta[d](8) = 0.345017,	Delta[d](9) = 0.243982,	Delta[d](10) = 0.126281,	Delta[d](11) = 0.243982,	Delta[d](12) = 0.455356,	Delta[d](13) = 0.351185,	Delta[d](14) = 0.243982,	Delta[d](15) = 0.351185,	Delta[s+](0) = 0.615743,	Delta[s+](1) = 0.487516,	Delta[s+](2) = 0.345017,	Delta[s+](3) = 0.487516,	Delta[s+](4) = 0.487516,	Delta[s+](5) = 0.345017,	Delta[s+](6) = 0.204621,	Delta[s+](7) = 0.345017,	Delta[s+](8) = 0.345017,	Delta[s+](9) = 0.204621,	Delta[s+](10) = 0.0788177,	Delta[s+](11) = 0.204621,	Delta[s+](12) = 0.487516,	Delta[s+](13) = 0.345017,	Delta[s+](14) = 0.204621,	Delta[s+](15) = 0.345017
The 0-th iteration is completed.	|| time cost : 0h 8m 24.117s
********************************************************************************************************************
Start the 1 rounds of NGS-ED iteration
	effective electronic model is modified as: kinetic energy t = 0.91071
	                                           effective interaction Vq = [-3.89096,-3.27471,-3.19927,-3.27471,-3.27471,-3.19927,-3.15029,-3.19927,-3.19927,-3.15029,-3.11538,-3.15029,-3.27471,-3.19927,-3.15029,-3.19927]
	PARPACK diagonalization completed after 60 matrix-vector product operations.
	iteration results: : total energy is -79.073952 | electron energy -79.078373 + phonon energy 0.004421 | electron momentum kIdx = 0
The 1-th iteration is completed.	|| time cost : 0h 7m 46.736s
********************************************************************************************************************
Start the 2 rounds of NGS-ED iteration
	effective electronic model is modified as: kinetic energy t = 0.827428
	                                           effective interaction Vq = [-4.41755,-4.13392,-3.98437,-4.13392,-4.13392,-3.98437,-3.96712,-3.98437,-3.98437,-3.96712,-3.89888,-3.96712,-4.13392,-3.98437,-3.96712,-3.98437]
	PARPACK diagonalization completed after 60 matrix-vector product operations.
	iteration results: : total energy is -90.366342 | electron energy -90.428995 + phonon energy 0.062653 | electron momentum kIdx = 0
The 2-th iteration is completed.	|| time cost : 0h 0m 36.894s
********************************************************************************************************************
Start the 3 rounds of NGS-ED iteration
	effective electronic model is modified as: kinetic energy t = 0.787392
	                                           effective interaction Vq = [-4.48881, -4.3598,-4.19379, -4.3598, -4.3598,-4.19379, -4.2235,-4.19379,-4.19379, -4.2235,-4.12372, -4.2235, -4.3598,-4.19379, -4.2235,-4.19379]
	PARPACK diagonalization completed after 75 matrix-vector product operations.
	iteration results: : total energy is -92.496517 | electron energy -92.623505 + phonon energy 0.126988 | electron momentum kIdx = 0
The 3-th iteration is completed.	|| time cost : 0h 0m 41.648s
********************************************************************************************************************
Start the 4 rounds of NGS-ED iteration
	effective electronic model is modified as: kinetic energy t = 0.756729
	                                           effective interaction Vq = [-4.49846,-4.41964,-4.37129,-4.41964,-4.41964,-4.37129,-4.30738,-4.37129,-4.37129,-4.30738,-4.28761,-4.30738,-4.41964,-4.37129,-4.30738,-4.37129]
	PARPACK diagonalization completed after 60 matrix-vector product operations.
	iteration results: : total energy is -93.137423 | electron energy -93.308111 + phonon energy 0.170688 | electron momentum kIdx = 0
The 4-th iteration is completed.	|| time cost : 0h 0m 36.94s
********************************************************************************************************************
Start the 5 rounds of NGS-ED iteration
	effective electronic model is modified as: kinetic energy t = 0.745372
	                                           effective interaction Vq = [-4.49976,-4.43532,-4.41843,-4.43532,-4.43532,-4.41843,-4.33249,-4.41843,-4.41843,-4.33249,-4.34314,-4.33249,-4.43532,-4.41843,-4.33249,-4.41843]
	PARPACK diagonalization completed after 45 matrix-vector product operations.
	iteration results: : total energy is -93.228448 | electron energy -93.422350 + phonon energy 0.193902 | electron momentum kIdx = 0
The 5-th iteration is completed.	|| time cost : 0h 0m 32.342s
********************************************************************************************************************
Start the 6 rounds of NGS-ED iteration
	effective electronic model is modified as: kinetic energy t = 0.741202
	                                           effective interaction Vq = [-4.49994,-4.44006,-4.43283,-4.44006,-4.44006,-4.43283,-4.34089,-4.43283,-4.43283,-4.34089,-4.36458,-4.34089,-4.44006,-4.43283,-4.34089,-4.43283]
	PARPACK diagonalization completed after 45 matrix-vector product operations.
	iteration results: : total energy is -93.240905 | electron energy -93.444389 + phonon energy 0.203485 | electron momentum kIdx = 0
The 6-th iteration is completed.	|| time cost : 0h 0m 32.342s
********************************************************************************************************************
Start the 7 rounds of NGS-ED iteration
	effective electronic model is modified as: kinetic energy t = 0.739665
	                                           effective interaction Vq = [-4.49996, -4.4416,-4.43755, -4.4416, -4.4416,-4.43755,-4.34385,-4.43755,-4.43755,-4.34385,-4.37373,-4.34385, -4.4416,-4.43755,-4.34385,-4.43755]
	PARPACK diagonalization completed after 45 matrix-vector product operations.
	iteration results: : total energy is -93.242622 | electron energy -93.449831 + phonon energy 0.207209 | electron momentum kIdx = 0
The 7-th iteration is completed.	|| time cost : 0h 0m 32.172s
********************************************************************************************************************
Start the 8 rounds of NGS-ED iteration
	effective electronic model is modified as: kinetic energy t = 0.73909
	                                           effective interaction Vq = [-4.49997,-4.44211,-4.43913,-4.44211,-4.44211,-4.43913,-4.34493,-4.43913,-4.43913,-4.34493,-4.37799,-4.34493,-4.44211,-4.43913,-4.34493,-4.43913]
	PARPACK diagonalization completed after 45 matrix-vector product operations.
	iteration results: : total energy is -93.242873 | electron energy -93.451526 + phonon energy 0.208653 | electron momentum kIdx = 0
The 8-th iteration is completed.	|| time cost : 0h 0m 32.221s
********************************************************************************************************************
Start the 9 rounds of NGS-ED iteration
	effective electronic model is modified as: kinetic energy t = 0.738868
	                                           effective interaction Vq = [-4.49997,-4.44228,-4.43964,-4.44228,-4.44228,-4.43964,-4.34533,-4.43964,-4.43964,-4.34533,-4.38013,-4.34533,-4.44228,-4.43964,-4.34533,-4.43964]
	PARPACK diagonalization completed after 45 matrix-vector product operations.
	iteration results: : total energy is -93.242915 | electron energy -93.452144 + phonon energy 0.209229 | electron momentum kIdx = 0
The 9-th iteration is completed.	|| time cost : 0h 0m 32.233s
********************************************************************************************************************
Start the 10 rounds of NGS-ED iteration
	effective electronic model is modified as: kinetic energy t = 0.738779
	                                           effective interaction Vq = [-4.49997,-4.44234,-4.43979,-4.44234,-4.44234,-4.43979,-4.34548,-4.43979,-4.43979,-4.34548,-4.38128,-4.34548,-4.44234,-4.43979,-4.34548,-4.43979]
	PARPACK diagonalization completed after 30 matrix-vector product operations.
	iteration results: : total energy is -93.242924 | electron energy -93.452393 + phonon energy 0.209469 | electron momentum kIdx = 0
	Nq(0) = 16,	Nq(1) = 0.414367,	Nq(2) = 0.781423,	Nq(3) = 0.414367,	Nq(4) = 0.414367,	Nq(5) = 0.781423,	Nq(6) = 0.661876,	Nq(7) = 0.781423,	Nq(8) = 0.781423,	Nq(9) = 0.661876,	Nq(10) = 1.00602,	Nq(11) = 0.661876,	Nq(12) = 0.414367,	Nq(13) = 0.781423,	Nq(14) = 0.661876,	Nq(15) = 0.781423,	Sq(0) = -1.07616e-17,	Sq(1) = 0.307339,	Sq(2) = 0.34725,	Sq(3) = 0.307339,	Sq(4) = 0.307339,	Sq(5) = 0.34725,	Sq(6) = 0.528767,	Sq(7) = 0.34725,	Sq(8) = 0.34725,	Sq(9) = 0.528767,	Sq(10) = 0.572547,	Sq(11) = 0.528767,	Sq(12) = 0.307339,	Sq(13) = 0.34725,	Sq(14) = 0.528767,	Sq(15) = 0.34725,	N(0) = 1.99537,	N(1) = 1.98783,	N(2) = 1,	N(3) = 1.98783,	N(4) = 1.98783,	N(5) = 1,	N(6) = 0.0121662,	N(7) = 1,	N(8) = 1,	N(9) = 0.0121662,	N(10) = 0.00462948,	N(11) = 0.0121662,	N(12) = 1.98783,	N(13) = 1,	N(14) = 0.0121662,	N(15) = 1,	Delta[s](0) = 0.590093,	Delta[s](1) = 0.321102,	Delta[s](2) = 0.29282,	Delta[s](3) = 0.321102,	Delta[s](4) = 0.321102,	Delta[s](5) = 0.29282,	Delta[s](6) = 0.277057,	Delta[s](7) = 0.29282,	Delta[s](8) = 0.29282,	Delta[s](9) = 0.277057,	Delta[s](10) = 0.260113,	Delta[s](11) = 0.277057,	Delta[s](12) = 0.321102,	Delta[s](13) = 0.29282,	Delta[s](14) = 0.277057,	Delta[s](15) = 0.29282,	Delta[d](0) = 0.331081,	Delta[d](1) = 0.284343,	Delta[d](2) = 0.260921,	Delta[d](3) = 0.284343,	Delta[d](4) = 0.284343,	Delta[d](5) = 0.258837,	Delta[d](6) = 0.247251,	Delta[d](7) = 0.258837,	Delta[d](8) = 0.260921,	Delta[d](9) = 0.247251,	Delta[d](10) = 0.186941,	Delta[d](11) = 0.247251,	Delta[d](12) = 0.284343,	Delta[d](13) = 0.258837,	Delta[d](14) = 0.247251,	Delta[d](15) = 0.258837,	Delta[s+](0) = 0.448344,	Delta[s+](1) = 0.372447,	Delta[s+](2) = 0.260921,	Delta[s+](3) = 0.372447,	Delta[s+](4) = 0.372447,	Delta[s+](5) = 0.260921,	Delta[s+](6) = 0.144024,	Delta[s+](7) = 0.260921,	Delta[s+](8) = 0.260921,	Delta[s+](9) = 0.144024,	Delta[s+](10) = 0.0636876,	Delta[s+](11) = 0.144024,	Delta[s+](12) = 0.372447,	Delta[s+](13) = 0.260921,	Delta[s+](14) = 0.144024,	Delta[s+](15) = 0.260921
The 10-th iteration is completed.	|| time cost : 0h 4m 33.174s
********************************************************************************************************************
********************************************************************************************************************
Ground state is obtained after 11 iterations. The current ground-state energy is -93.2429, in which electron energy is -93.4524 and phonon energy is 0.209469
final variational state is: 
	Gamma_x = [      1,1.03811,1.07447,1.03811,1.03811,1.07447,1.09393,1.07447,1.07447,1.09393, 1.1302,1.09393,1.03811,1.07447,1.09393,1.07447]
	lambda_q = [0.670807,0.594922,0.593264,0.594922,0.594922,0.593264,0.546548,0.593264,0.593264,0.546548,0.562169,0.546548,0.594922,0.593264,0.546548,0.593264]
********************************************************************************************************************
o___o  ----------------------------------------
| L |	Time since last clock: 0h 0m 0s
A===A	Time since the beginning: 0h 25m 20.825s
***********************************************


********************************************************************************************************************
Warm up runs have been completed. Start calculating W = 5 phonon.
open output files: NGSEDIterationObs.txt
********************************************************************************************************************
Start the 0 rounds of NGS-ED iteration
	effective electronic model is modified as: kinetic energy t = 0.738741
	                                           effective interaction Vq = [ -4.1139,-3.87424,-3.86837,-3.87424,-3.87424,-3.86837,-3.69142,-3.86837,-3.86837,-3.69142,-3.75301,-3.69142,-3.87424,-3.86837,-3.69142,-3.86837]
	PARPACK diagonalization completed after 75 matrix-vector product operations.
	iteration results: : total energy is -81.977014 | electron energy -82.081802 + phonon energy 0.104788 | electron momentum kIdx = 0
	Nq(0) = 16,	Nq(1) = 0.339209,	Nq(2) = 0.36651,	Nq(3) = 0.339209,	Nq(4) = 0.339209,	Nq(5) = 0.36651,	Nq(6) = 0.540383,	Nq(7) = 0.36651,	Nq(8) = 0.36651,	Nq(9) = 0.540383,	Nq(10) = 0.586688,	Nq(11) = 0.540383,	Nq(12) = 0.339209,	Nq(13) = 0.36651,	Nq(14) = 0.540383,	Nq(15) = 0.36651,	Sq(0) = 1.57097e-18,	Sq(1) = 0.391946,	Sq(2) = 0.564505,	Sq(3) = 0.391946,	Sq(4) = 0.391946,	Sq(5) = 0.564505,	Sq(6) = 0.657189,	Sq(7) = 0.564505,	Sq(8) = 0.564505,	Sq(9) = 0.657189,	Sq(10) = 2.11231,	Sq(11) = 0.657189,	Sq(12) = 0.391946,	Sq(13) = 0.564505,	Sq(14) = 0.657189,	Sq(15) = 0.564505,	N(0) = 1.99796,	N(1) = 1.9949,	N(2) = 1,	N(3) = 1.9949,	N(4) = 1.9949,	N(5) = 1,	N(6) = 0.00509815,	N(7) = 1,	N(8) = 1,	N(9) = 0.00509815,	N(10) = 0.00203937,	N(11) = 0.00509815,	N(12) = 1.9949,	N(13) = 1,	N(14) = 0.00509815,	N(15) = 1,	Delta[s](0) = 0.226083,	Delta[s](1) = 0.219454,	Delta[s](2) = 0.192796,	Delta[s](3) = 0.219454,	Delta[s](4) = 0.219454,	Delta[s](5) = 0.192796,	Delta[s](6) = 0.186828,	Delta[s](7) = 0.192796,	Delta[s](8) = 0.192796,	Delta[s](9) = 0.186828,	Delta[s](10) = 0.144074,	Delta[s](11) = 0.186828,	Delta[s](12) = 0.219454,	Delta[s](13) = 0.192796,	Delta[s](14) = 0.186828,	Delta[s](15) = 0.192796,	Delta[d](0) = 0.534916,	Delta[d](1) = 0.349728,	Delta[d](2) = 0.303388,	Delta[d](3) = 0.349728,	Delta[d](4) = 0.349728,	Delta[d](5) = 0.344278,	Delta[d](6) = 0.26847,	Delta[d](7) = 0.344278,	Delta[d](8) = 0.303388,	Delta[d](9) = 0.26847,	Delta[d](10) = 0.158201,	Delta[d](11) = 0.26847,	Delta[d](12) = 0.349728,	Delta[d](13) = 0.344278,	Delta[d](14) = 0.26847,	Delta[d](15) = 0.344278,	Delta[s+](0) = 0.529956,	Delta[s+](1) = 0.437583,	Delta[s+](2) = 0.303388,	Delta[s+](3) = 0.437583,	Delta[s+](4) = 0.437583,	Delta[s+](5) = 0.303388,	Delta[s+](6) = 0.169834,	Delta[s+](7) = 0.303388,	Delta[s+](8) = 0.303388,	Delta[s+](9) = 0.169834,	Delta[s+](10) = 0.0688549,	Delta[s+](11) = 0.169834,	Delta[s+](12) = 0.437583,	Delta[s+](13) = 0.303388,	Delta[s+](14) = 0.169834,	Delta[s+](15) = 0.303388
The 0-th iteration is completed.	|| time cost : 0h 4m 37.793s
********************************************************************************************************************
Start the 1 rounds of NGS-ED iteration
	effective electronic model is modified as: kinetic energy t = 0.726639
	                                           effective interaction Vq = [-4.35794,-4.08505,-3.91441,-4.08505,-4.08505,-3.91441,-3.85137,-3.91441,-3.91441,-3.85137,-3.80138,-3.85137,-4.08505,-3.91441,-3.85137,-3.91441]
	PARPACK diagonalization completed after 60 matrix-vector product operations.
	iteration results: : total energy is -86.202013 | electron energy -86.489903 + phonon energy 0.287890 | electron momentum kIdx = 0
The 1-th iteration is completed.	|| time cost : 0h 0m 37.306s
********************************************************************************************************************
Start the 2 rounds of NGS-ED iteration
	effective electronic model is modified as: kinetic energy t = 0.712789
	                                           effective interaction Vq = [-4.44772,-4.20684,-3.95461,-4.20684,-4.20684,-3.95461,-3.96683,-3.95461,-3.95461,-3.96683,-3.85327,-3.96683,-4.20684,-3.95461,-3.96683,-3.95461]
	PARPACK diagonalization completed after 60 matrix-vector product operations.
	iteration results: : total energy is -87.789421 | electron energy -88.186843 + phonon energy 0.397422 | electron momentum kIdx = 0
The 2-th iteration is completed.	|| time cost : 0h 0m 37.114s
********************************************************************************************************************
Start the 3 rounds of NGS-ED iteration
	effective electronic model is modified as: kinetic energy t = 0.701442
	                                           effective interaction Vq = [-4.48075,-4.27921,-3.98369,-4.27921,-4.27921,-3.98369,-4.04614,-3.98369,-3.98369,-4.04614, -3.8913,-4.04614,-4.27921,-3.98369,-4.04614,-3.98369]
	PARPACK diagonalization completed after 60 matrix-vector product operations.
	iteration results: : total energy is -88.394885 | electron energy -88.855949 + phonon energy 0.461064 | electron momentum kIdx = 0
The 3-th iteration is completed.	|| time cost : 0h 0m 36.915s
********************************************************************************************************************
Start the 4 rounds of NGS-ED iteration
	effective electronic model is modified as: kinetic energy t = 0.692942
	                                           effective interaction Vq = [ -4.4929,-4.32329,-4.00426,-4.32329,-4.32329,-4.00426,-4.09989,-4.00426,-4.00426,-4.09989,-3.91663,-4.09989,-4.32329,-4.00426,-4.09989,-4.00426]
	PARPACK diagonalization completed after 60 matrix-vector product operations.
	iteration results: : total energy is -88.628401 | electron energy -89.128734 + phonon energy 0.500333 | electron momentum kIdx = 0
The 4-th iteration is completed.	|| time cost : 0h 0m 36.938s
********************************************************************************************************************
Start the 5 rounds of NGS-ED iteration
	effective electronic model is modified as: kinetic energy t = 0.686607
	                                           effective interaction Vq = [-4.49737,-4.35092,-4.02116,-4.35092,-4.35092,-4.02116,-4.13596,-4.02116,-4.02116,-4.13596,-3.93324,-4.13596,-4.35092,-4.02116,-4.13596,-4.02116]
	PARPACK diagonalization completed after 75 matrix-vector product operations.
	iteration results: : total energy is -88.720126 | electron energy -89.246005 + phonon energy 0.525879 | electron momentum kIdx = 0
The 5-th iteration is completed.	|| time cost : 0h 0m 41.568s
********************************************************************************************************************
Start the 6 rounds of NGS-ED iteration
	effective electronic model is modified as: kinetic energy t = 0.680544
	                                           effective interaction Vq = [-4.49901,-4.36922,-4.05134,-4.36922,-4.36922,-4.05134, -4.1586,-4.05134,-4.05134, -4.1586,-3.94548, -4.1586,-4.36922,-4.05134, -4.1586,-4.05134]
	PARPACK diagonalization completed after 75 matrix-vector product operations.
	iteration results: : total energy is -88.786764 | electron energy -89.330783 + phonon energy 0.544020 | electron momentum kIdx = 0
The 6-th iteration is completed.	|| time cost : 0h 0m 41.694s
********************************************************************************************************************
Start the 7 rounds of NGS-ED iteration
	effective electronic model is modified as: kinetic energy t = 0.660144
	                                           effective interaction Vq = [-4.49962,-4.37855,-4.20127,-4.37855,-4.37855,-4.20127,-4.17612,-4.20127,-4.20127,-4.17612,-4.05686,-4.17612,-4.37855,-4.20127,-4.17612,-4.20127]
	PARPACK diagonalization completed after 60 matrix-vector product operations.
	iteration results: : total energy is -89.065432 | electron energy -89.638406 + phonon energy 0.572973 | electron momentum kIdx = 0
The 7-th iteration is completed.	|| time cost : 0h 0m 36.893s
********************************************************************************************************************
Start the 8 rounds of NGS-ED iteration
	effective electronic model is modified as: kinetic energy t = 0.648121
	                                           effective interaction Vq = [-4.49984,-4.37991,-4.28143,-4.37991,-4.37991,-4.28143,-4.18289,-4.28143,-4.28143,-4.18289,-4.12775,-4.18289,-4.37991,-4.28143,-4.18289,-4.28143]
	PARPACK diagonalization completed after 60 matrix-vector product operations.
	iteration results: : total energy is -89.185077 | electron energy -89.792792 + phonon energy 0.607716 | electron momentum kIdx = 0
The 8-th iteration is completed.	|| time cost : 0h 0m 36.851s
********************************************************************************************************************
Start the 9 rounds of NGS-ED iteration
	effective electronic model is modified as: kinetic energy t = 0.641071
	                                           effective interaction Vq = [-4.49992,-4.37876,-4.32517,-4.37876,-4.37876,-4.32517,-4.18412,-4.32517,-4.32517,-4.18412,-4.17317,-4.18412,-4.37876,-4.32517,-4.18412,-4.32517]
	PARPACK diagonalization completed after 45 matrix-vector product operations.
	iteration results: : total energy is -89.234043 | electron energy -89.868743 + phonon energy 0.634700 | electron momentum kIdx = 0
The 9-th iteration is completed.	|| time cost : 0h 0m 32.351s
********************************************************************************************************************
Start the 10 rounds of NGS-ED iteration
	effective electronic model is modified as: kinetic energy t = 0.636906
	                                           effective interaction Vq = [-4.49995,-4.37692,-4.34977,-4.37692,-4.37692,-4.34977,-4.18305,-4.34977,-4.34977,-4.18305,-4.20297,-4.18305,-4.37692,-4.34977,-4.18305,-4.34977]
	PARPACK diagonalization completed after 45 matrix-vector product operations.
	iteration results: : total energy is -89.253645 | electron energy -89.906627 + phonon energy 0.652982 | electron momentum kIdx = 0
	Nq(0) = 16,	Nq(1) = 0.421202,	Nq(2) = 0.7916,	Nq(3) = 0.421202,	Nq(4) = 0.421202,	Nq(5) = 0.7916,	Nq(6) = 0.625753,	Nq(7) = 0.7916,	Nq(8) = 0.7916,	Nq(9) = 0.625753,	Nq(10) = 0.896281,	Nq(11) = 0.625753,	Nq(12) = 0.421202,	Nq(13) = 0.7916,	Nq(14) = 0.625753,	Nq(15) = 0.7916,	Sq(0) = 7.26708e-18,	Sq(1) = 0.319697,	Sq(2) = 0.354518,	Sq(3) = 0.319697,	Sq(4) = 0.319697,	Sq(5) = 0.354518,	Sq(6) = 0.544172,	Sq(7) = 0.354518,	Sq(8) = 0.354518,	Sq(9) = 0.544172,	Sq(10) = 0.58371,	Sq(11) = 0.544172,	Sq(12) = 0.319697,	Sq(13) = 0.354518,	Sq(14) = 0.544172,	Sq(15) = 0.354518,	N(0) = 1.99679,	N(1) = 1.99002,	N(2) = 1,	N(3) = 1.99002,	N(4) = 1.99002,	N(5) = 1,	N(6) = 0.00997932,	N(7) = 1,	N(8) = 1,	N(9) = 0.00997932,	N(10) = 0.00321449,	N(11) = 0.00997932,	N(12) = 1.99002,	N(13) = 1,	N(14) = 0.00997932,	N(15) = 1,	Delta[s](0) = 0.439202,	Delta[s](1) = 0.313486,	Delta[s](2) = 0.297865,	Delta[s](3) = 0.313486,	Delta[s](4) = 0.313486,	Delta[s](5) = 0.297865,	Delta[s](6) = 0.288381,	Delta[s](7) = 0.297865,	Delta[s](8) = 0.297865,	Delta[s](9) = 0.288381,	Delta[s](10) = 0.282995,	Delta[s](11) = 0.288381,	Delta[s](12) = 0.313486,	Delta[s](13) = 0.297865,	Delta[s](14) = 0.288381,	Delta[s](15) = 0.297865,	Delta[d](0) = 0.365289,	Delta[d](1) = 0.325411,	Delta[d](2) = 0.303491,	Delta[d](3) = 0.325411,	Delta[d](4) = 0.325411,	Delta[d](5) = 0.303028,	Delta[d](6) = 0.290733,	Delta[d](7) = 0.303028,	Delta[d](8) = 0.303491,	Delta[d](9) = 0.290733,	Delta[d](10) = 0.240661,	Delta[d](11) = 0.290733,	Delta[d](12) = 0.325411,	Delta[d](13) = 0.303028,	Delta[d](14) = 0.290733,	Delta[d](15) = 0.303028,	Delta[s+](0) = 0.494962,	Delta[s+](1) = 0.414261,	Delta[s+](2) = 0.303491,	Delta[s+](3) = 0.414261,	Delta[s+](4) = 0.414261,	Delta[s+](5) = 0.303491,	Delta[s+](6) = 0.188187,	Delta[s+](7) = 0.303491,	Delta[s+](8) = 0.303491,	Delta[s+](9) = 0.188187,	Delta[s+](10) = 0.103483,	Delta[s+](11) = 0.188187,	Delta[s+](12) = 0.414261,	Delta[s+](13) = 0.303491,	Delta[s+](14) = 0.188187,	Delta[s+](15) = 0.303491
The 10-th iteration is completed.	|| time cost : 0h 4m 27.384s
********************************************************************************************************************
Start the 11 rounds of NGS-ED iteration
	effective electronic model is modified as: kinetic energy t = 0.634449
	                                           effective interaction Vq = [-4.49996,-4.37509,-4.36392,-4.37509,-4.37509,-4.36392,-4.18122,-4.36392,-4.36392,-4.18122, -4.2228,-4.18122,-4.37509,-4.36392,-4.18122,-4.36392]
	PARPACK diagonalization completed after 45 matrix-vector product operations.
	iteration results: : total energy is -89.261401 | electron energy -89.926052 + phonon energy 0.664650 | electron momentum kIdx = 0
The 11-th iteration is completed.	|| time cost : 0h 0m 32.378s
********************************************************************************************************************
Start the 12 rounds of NGS-ED iteration
	effective electronic model is modified as: kinetic energy t = 0.633005
	                                           effective interaction Vq = [-4.49997,-4.37353,-4.37219,-4.37353,-4.37353,-4.37219,-4.17932,-4.37219,-4.37219,-4.17932,-4.23611,-4.17932,-4.37353,-4.37219,-4.17932,-4.37219]
	PARPACK diagonalization completed after 45 matrix-vector product operations.
	iteration results: : total energy is -89.264468 | electron energy -89.936352 + phonon energy 0.671884 | electron momentum kIdx = 0
The 12-th iteration is completed.	|| time cost : 0h 0m 32.192s
********************************************************************************************************************
Start the 13 rounds of NGS-ED iteration
	effective electronic model is modified as: kinetic energy t = 0.632161
	                                           effective interaction Vq = [-4.49997, -4.3723,-4.37709, -4.3723, -4.3723,-4.37709,-4.17763,-4.37709,-4.37709,-4.17763,-4.24511,-4.17763, -4.3723,-4.37709,-4.17763,-4.37709]
	PARPACK diagonalization completed after 45 matrix-vector product operations.
	iteration results: : total energy is -89.265689 | electron energy -89.941993 + phonon energy 0.676304 | electron momentum kIdx = 0
The 13-th iteration is completed.	|| time cost : 0h 0m 32.156s
********************************************************************************************************************
Start the 14 rounds of NGS-ED iteration
	effective electronic model is modified as: kinetic energy t = 0.631672
	                                           effective interaction Vq = [-4.49997,-4.37137,-4.38001,-4.37137,-4.37137,-4.38001,-4.17623,-4.38001,-4.38001,-4.17623,-4.25124,-4.17623,-4.37137,-4.38001,-4.17623,-4.38001]
	PARPACK diagonalization completed after 45 matrix-vector product operations.
	iteration results: : total energy is -89.266182 | electron energy -89.945166 + phonon energy 0.678983 | electron momentum kIdx = 0
The 14-th iteration is completed.	|| time cost : 0h 0m 32.176s
********************************************************************************************************************
Start the 15 rounds of NGS-ED iteration
	effective electronic model is modified as: kinetic energy t = 0.63139
	                                           effective interaction Vq = [-4.49997,-4.37068,-4.38176,-4.37068,-4.37068,-4.38176,-4.17513,-4.38176,-4.38176,-4.17513,-4.25542,-4.17513,-4.37068,-4.38176,-4.17513,-4.38176]
	PARPACK diagonalization completed after 45 matrix-vector product operations.
	iteration results: : total energy is -89.266385 | electron energy -89.946987 + phonon energy 0.680602 | electron momentum kIdx = 0
The 15-th iteration is completed.	|| time cost : 0h 0m 32.345s
********************************************************************************************************************
Start the 16 rounds of NGS-ED iteration
	effective electronic model is modified as: kinetic energy t = 0.631228
	                                           effective interaction Vq = [-4.49997,-4.37018,-4.38281,-4.37018,-4.37018,-4.38281,-4.17429,-4.38281,-4.38281,-4.17429,-4.25829,-4.17429,-4.37018,-4.38281,-4.17429,-4.38281]
	PARPACK diagonalization completed after 45 matrix-vector product operations.
	iteration results: : total energy is -89.266470 | electron energy -89.948049 + phonon energy 0.681579 | electron momentum kIdx = 0
The 16-th iteration is completed.	|| time cost : 0h 0m 32.122s
********************************************************************************************************************
Start the 17 rounds of NGS-ED iteration
	effective electronic model is modified as: kinetic energy t = 0.631137
	                                           effective interaction Vq = [-4.49997,-4.36982,-4.38345,-4.36982,-4.36982,-4.38345,-4.17366,-4.38345,-4.38345,-4.17366,-4.26027,-4.17366,-4.36982,-4.38345,-4.17366,-4.38345]
	PARPACK diagonalization completed after 30 matrix-vector product operations.
	iteration results: : total energy is -89.266506 | electron energy -89.948674 + phonon energy 0.682168 | electron momentum kIdx = 0
The 17-th iteration is completed.	|| time cost : 0h 0m 27.59s
********************************************************************************************************************
Start the 18 rounds of NGS-ED iteration
	effective electronic model is modified as: kinetic energy t = 0.631086
	                                           effective interaction Vq = [-4.49997,-4.36957,-4.38383,-4.36957,-4.36957,-4.38383,-4.17319,-4.38383,-4.38383,-4.17319,-4.26163,-4.17319,-4.36957,-4.38383,-4.17319,-4.38383]
	PARPACK diagonalization completed after 30 matrix-vector product operations.
	iteration results: : total energy is -89.266522 | electron energy -89.949045 + phonon energy 0.682523 | electron momentum kIdx = 0
The 18-th iteration is completed.	|| time cost : 0h 0m 27.449s
********************************************************************************************************************
Start the 19 rounds of NGS-ED iteration
	effective electronic model is modified as: kinetic energy t = 0.631058
	                                           effective interaction Vq = [-4.49997,-4.36939,-4.38407,-4.36939,-4.36939,-4.38407,-4.17285,-4.38407,-4.38407,-4.17285,-4.26257,-4.17285,-4.36939,-4.38407,-4.17285,-4.38407]
	PARPACK diagonalization completed after 30 matrix-vector product operations.
	iteration results: : total energy is -89.266529 | electron energy -89.949267 + phonon energy 0.682738 | electron momentum kIdx = 0
The 19-th iteration is completed.	|| time cost : 0h 0m 27.522s
********************************************************************************************************************
Start the 20 rounds of NGS-ED iteration
	effective electronic model is modified as: kinetic energy t = 0.631043
	                                           effective interaction Vq = [-4.49997,-4.36926,-4.38421,-4.36926,-4.36926,-4.38421, -4.1726,-4.38421,-4.38421, -4.1726,-4.26322, -4.1726,-4.36926,-4.38421, -4.1726,-4.38421]
	PARPACK diagonalization completed after 30 matrix-vector product operations.
	iteration results: : total energy is -89.266532 | electron energy -89.949400 + phonon energy 0.682868 | electron momentum kIdx = 0
	Nq(0) = 16,	Nq(1) = 0.410867,	Nq(2) = 0.808884,	Nq(3) = 0.410867,	Nq(4) = 0.410867,	Nq(5) = 0.808884,	Nq(6) = 0.613396,	Nq(7) = 0.808884,	Nq(8) = 0.808884,	Nq(9) = 0.613396,	Nq(10) = 0.940903,	Nq(11) = 0.613396,	Nq(12) = 0.410867,	Nq(13) = 0.808884,	Nq(14) = 0.613396,	Nq(15) = 0.808884,	Sq(0) = -8.11634e-18,	Sq(1) = 0.315735,	Sq(2) = 0.352101,	Sq(3) = 0.315735,	Sq(4) = 0.315735,	Sq(5) = 0.352101,	Sq(6) = 0.538698,	Sq(7) = 0.352101,	Sq(8) = 0.352101,	Sq(9) = 0.538698,	Sq(10) = 0.5784,	Sq(11) = 0.538698,	Sq(12) = 0.315735,	Sq(13) = 0.352101,	Sq(14) = 0.538698,	Sq(15) = 0.352101,	N(0) = 1.99591,	N(1) = 1.98818,	N(2) = 1,	N(3) = 1.98818,	N(4) = 1.98818,	N(5) = 1,	N(6) = 0.0118202,	N(7) = 1,	N(8) = 1,	N(9) = 0.0118202,	N(10) = 0.00409455,	N(11) = 0.0118202,	N(12) = 1.98818,	N(13) = 1,	N(14) = 0.0118202,	N(15) = 1,	Delta[s](0) = 0.437939,	Delta[s](1) = 0.315277,	Delta[s](2) = 0.299836,	Delta[s](3) = 0.315277,	Delta[s](4) = 0.315277,	Delta[s](5) = 0.299836,	Delta[s](6) = 0.290625,	Delta[s](7) = 0.299836,	Delta[s](8) = 0.299836,	Delta[s](9) = 0.290625,	Delta[s](10) = 0.285065,	Delta[s](11) = 0.290625,	Delta[s](12) = 0.315277,	Delta[s](13) = 0.299836,	Delta[s](14) = 0.290625,	Delta[s](15) = 0.299836,	Delta[d](0) = 0.362525,	Delta[d](1) = 0.323137,	Delta[d](2) = 0.301177,	Delta[d](3) = 0.323137,	Delta[d](4) = 0.323137,	Delta[d](5) = 0.301235,	Delta[d](6) = 0.288946,	Delta[d](7) = 0.301235,	Delta[d](8) = 0.301177,	Delta[d](9) = 0.288946,	Delta[d](10) = 0.24,	Delta[d](11) = 0.288946,	Delta[d](12) = 0.323137,	Delta[d](13) = 0.301235,	Delta[d](14) = 0.288946,	Delta[d](15) = 0.301235,	Delta[s+](0) = 0.489253,	Delta[s+](1) = 0.409695,	Delta[s+](2) = 0.301177,	Delta[s+](3) = 0.409695,	Delta[s+](4) = 0.409695,	Delta[s+](5) = 0.301177,	Delta[s+](6) = 0.187057,	Delta[s+](7) = 0.301177,	Delta[s+](8) = 0.301177,	Delta[s+](9) = 0.187057,	Delta[s+](10) = 0.103441,	Delta[s+](11) = 0.187057,	Delta[s+](12) = 0.409695,	Delta[s+](13) = 0.301177,	Delta[s+](14) = 0.187057,	Delta[s+](15) = 0.301177
The 20-th iteration is completed.	|| time cost : 0h 4m 21.702s
********************************************************************************************************************
Start the 21 rounds of NGS-ED iteration
	effective electronic model is modified as: kinetic energy t = 0.631035
	                                           effective interaction Vq = [-4.49997,-4.36918, -4.3843,-4.36918,-4.36918, -4.3843,-4.17243, -4.3843, -4.3843,-4.17243,-4.26367,-4.17243,-4.36918, -4.3843,-4.17243, -4.3843]
	PARPACK diagonalization completed after 30 matrix-vector product operations.
	iteration results: : total energy is -89.266534 | electron energy -89.949480 + phonon energy 0.682947 | electron momentum kIdx = 0
The 21-th iteration is completed.	|| time cost : 0h 0m 27.597s
********************************************************************************************************************
Start the 22 rounds of NGS-ED iteration
	effective electronic model is modified as: kinetic energy t = 0.631031
	                                           effective interaction Vq = [-4.49997,-4.36912,-4.38435,-4.36912,-4.36912,-4.38435, -4.1723,-4.38435,-4.38435, -4.1723,-4.26398, -4.1723,-4.36912,-4.38435, -4.1723,-4.38435]
	PARPACK diagonalization completed after 30 matrix-vector product operations.
	iteration results: : total energy is -89.266534 | electron energy -89.949529 + phonon energy 0.682995 | electron momentum kIdx = 0
The 22-th iteration is completed.	|| time cost : 0h 0m 27.487s
********************************************************************************************************************
Start the 23 rounds of NGS-ED iteration
	effective electronic model is modified as: kinetic energy t = 0.631029
	                                           effective interaction Vq = [-4.49997,-4.36908,-4.38438,-4.36908,-4.36908,-4.38438,-4.17221,-4.38438,-4.38438,-4.17221, -4.2642,-4.17221,-4.36908,-4.38438,-4.17221,-4.38438]
	PARPACK diagonalization completed after 30 matrix-vector product operations.
	iteration results: : total energy is -89.266535 | electron energy -89.949559 + phonon energy 0.683024 | electron momentum kIdx = 0
The 23-th iteration is completed.	|| time cost : 0h 0m 27.471s
