SNEDics v3.22.2 Non-Gaussian ED ground state program		Start at Tue May 31 01:00:17 2022

Parallelization: 32 MPI threads  * 8 OpenMP threads = 256 total threads.
********************************************************************************************************************
********************************************************************************************************************

********************************************************************************************************************
System parameters and configurations
	special program options are enabled: splitted diagonal Hamiltonian | splitted Hamiltonian terms
********************************************************************************************************************
Read input file "model_params.in"
	Hubbard-Holstein model parameters : 	t = 1    t' = -0.3    U = 8    g = 0.5    W = 0.2    
********************************************************************************************************************
Read input file "hilbertspace_params.in"
	Requested 16-site 2D lattice, with 8 electrons (4, 4)
	Boundary : Periodic		Hilbert space representation : momentum-space (restricted to kIdx = 10)
	Conservation: particle number[U(1)]      spin[U(1)]     momentum
********************************************************************************************************************

Cluster Positions:				Cluster symmetry group : D4
 x ... x ... x ... x .....                       x ... x ... x ... x .....
 |           |           :                       |           |           :
 |           |           :                       |           |           :
12    13    14    15     x                       1     5     6     5     x
 |           |           :                       |           |           :
 |           |           :                       |           |           :
 8 --- 9 ---10 ---11 --- x                       2 --- 6 ---10 --- 6 --- x
 |           |           :                       |           |           :
 |           |           :                       |           |           :
 4     5     6     7     x                       1     5     6     5     x
 |           |           :                       |           |           :
 |           |           :                       |           |           :
 0 --- 1 --- 2 --- 3 --- x                       0 --- 1 --- 2 --- 1 --- x
orbital number : 1
********************************************************************************************************************
Read input file "obs_params.in"
	Observable Type : Nq(All),   Sq(All),   N(All-Orbital),   Delta[s](All),   Delta[d](All),   Delta[s+](All)
** WARNING ** the input observables have non-local factors which have been reinterpreted. The total observable number is 96
********************************************************************************************************************


********************************************************************************************************************
Start calculating the non-Gaussian ED ground state
Maximal iteration number is 1000; energy resolution is 1e-06. Phonon state relaxation time is 2000
W = 0.2 is relatively large. The non-Gaussian ED calculation starts directly.
open output files: NGSED_iteration_observables.txt
********************************************************************************************************************
Start the 0 rounds of NGS-ED iteration
	effective electronic model is modified as: kinetic energy t = 1, t' = -0.3
	                                           effective interaction Vq = [0,0,0,0,0,0,0,0,0,0,0,0,0,0,0,0]
	first Hamiltonian is constructed, size = 207168 and non-zero numbers = 32240256
	PARPACK diagonalization completed after 105 matrix-vector product operations.
	iteration results: : total energy is -14.405877 | electron energy -14.405877 + phonon energy 0.000000 | electron momentum kIdx = 10
	Nq(0) = 4,	Nq(1) = 0.191255,	Nq(2) = 0.234333,	Nq(3) = 0.191255,	Nq(4) = 0.191255,	Nq(5) = 0.305984,	
	Nq(6) = 0.331756,	Nq(7) = 0.305984,	Nq(8) = 0.234333,	Nq(9) = 0.331756,	Nq(10) = 0.361611,	
	Nq(11) = 0.331756,	Nq(12) = 0.191255,	Nq(13) = 0.305984,	Nq(14) = 0.331756,	Nq(15) = 0.305984;	
	Sq(0) = -3.48352e-18,	Sq(1) = 0.388709,	Sq(2) = 0.400904,	Sq(3) = 0.388709,	Sq(4) = 0.388709,	
	Sq(5) = 0.66772,	Sq(6) = 0.571758,	Sq(7) = 0.66772,	Sq(8) = 0.400904,	Sq(9) = 0.571758,	
	Sq(10) = 0.539189,	Sq(11) = 0.571758,	Sq(12) = 0.388709,	Sq(13) = 0.66772,	Sq(14) = 0.571758,	
	Sq(15) = 0.66772;	N(0) = 1.74885,	N(1) = 0.991935,	N(2) = 0.972078,	N(3) = 0.991935,	
	N(4) = 0.991935,	N(5) = 0.0652548,	N(6) = 0.0181601,	N(7) = 0.0652548,	N(8) = 0.972078,	
	N(9) = 0.0181601,	N(10) = 0.00559157,	N(11) = 0.0181601,	N(12) = 0.991935,	N(13) = 0.0652548,	
	N(14) = 0.0181601,	N(15) = 0.0652548;	Delta[s](0) = 0.0128216,	Delta[s](1) = 0.00958999,	Delta[s](2) = 0.00851572,	
	Delta[s](3) = 0.00958999,	Delta[s](4) = 0.00958999,	Delta[s](5) = 0.000666886,	Delta[s](6) = 0.000487328,	Delta[s](7) = 0.000666886,	
	Delta[s](8) = 0.00851572,	Delta[s](9) = 0.000487328,	Delta[s](10) = 0.000297593,	Delta[s](11) = 0.000487328,	Delta[s](12) = 0.00958999,	
	Delta[s](13) = 0.000666886,	Delta[s](14) = 0.000487328,	Delta[s](15) = 0.000666886;	Delta[d](0) = 0.0192424,	Delta[d](1) = 0.062483,	
	Delta[d](2) = 0.126285,	Delta[d](3) = 0.062483,	Delta[d](4) = 0.062483,	Delta[d](5) = 0.0790986,	Delta[d](6) = 0.159745,	
	Delta[d](7) = 0.0790986,	Delta[d](8) = 0.126285,	Delta[d](9) = 0.159745,	Delta[d](10) = 0.278492,	Delta[d](11) = 0.159745,	
	Delta[d](12) = 0.062483,	Delta[d](13) = 0.0790986,	Delta[d](14) = 0.159745,	Delta[d](15) = 0.0790986;	Delta[s+](0) = 0.223972,	
	Delta[s+](1) = 0.153454,	Delta[s+](2) = 0.126285,	Delta[s+](3) = 0.153454,	Delta[s+](4) = 0.153454,	Delta[s+](5) = 0.00955832,	
	Delta[s+](6) = 0.0216618,	Delta[s+](7) = 0.00955832,	Delta[s+](8) = 0.126285,	Delta[s+](9) = 0.0216618,	Delta[s+](10) = 0.00367564,	
	Delta[s+](11) = 0.0216618,	Delta[s+](12) = 0.153454,	Delta[s+](13) = 0.00955832,	Delta[s+](14) = 0.0216618,	Delta[s+](15) = 0.00955832
	
The 0-th iteration is completed.	|| time cost : 0h 0m 4.906s
********************************************************************************************************************
Start the 1 rounds of NGS-ED iteration
	effective electronic model is modified as: kinetic energy t = 0.977544, t' = -0.292108
	                                           effective interaction Vq = [    -1.25,-0.217246,-0.134853,-0.217246,-0.217246, -0.19521,-0.138725, -0.19521,-0.134853,-0.138725,-0.113956,-0.138725,-0.217246, -0.19521,-0.138725, -0.19521]
	PARPACK diagonalization completed after 30 matrix-vector product operations.
	iteration results: : total energy is -19.724748 | electron energy -19.762738 + phonon energy 0.037989 | electron momentum kIdx = 10
The 1-th iteration is completed.	|| time cost : 0h 0m 3.439s
********************************************************************************************************************
Start the 2 rounds of NGS-ED iteration
	effective electronic model is modified as: kinetic energy t = 0.977464, t' = -0.292042
	                                           effective interaction Vq = [    -1.25,-0.219704,-0.134022,-0.219704,-0.219704,-0.196943,-0.137699,-0.196943,-0.134022,-0.137699, -0.11236,-0.137699,-0.219704,-0.196943,-0.137699,-0.196943]
	PARPACK diagonalization completed after 30 matrix-vector product operations.
	iteration results: : total energy is -19.724772 | electron energy -19.763229 + phonon energy 0.038457 | electron momentum kIdx = 10
The 2-th iteration is completed.	|| time cost : 0h 0m 0.756s
********************************************************************************************************************
Start the 3 rounds of NGS-ED iteration
	effective electronic model is modified as: kinetic energy t = 0.977461, t' = -0.29204
	                                           effective interaction Vq = [    -1.25,-0.219794,-0.133996,-0.219794,-0.219794,-0.197017,-0.137649,-0.197017,-0.133996,-0.137649,-0.112309,-0.137649,-0.219794,-0.197017,-0.137649,-0.197017]
	PARPACK diagonalization completed after 30 matrix-vector product operations.
	iteration results: : total energy is -19.724772 | electron energy -19.763245 + phonon energy 0.038473 | electron momentum kIdx = 10
The 3-th iteration is completed.	|| time cost : 0h 0m 0.792s
********************************************************************************************************************
Start the 4 rounds of NGS-ED iteration
	effective electronic model is modified as: kinetic energy t = 0.977461, t' = -0.29204
	                                           effective interaction Vq = [    -1.25,-0.219797,-0.133996,-0.219797,-0.219797, -0.19702,-0.137647, -0.19702,-0.133996,-0.137647,-0.112307,-0.137647,-0.219797, -0.19702,-0.137647, -0.19702]
	PARPACK diagonalization completed after 30 matrix-vector product operations.
	iteration results: : total energy is -19.724772 | electron energy -19.763246 + phonon energy 0.038474 | electron momentum kIdx = 10
The 4-th iteration is completed.	|| time cost : 0h 0m 0.762s
********************************************************************************************************************
Start the 5 rounds of NGS-ED iteration
	effective electronic model is modified as: kinetic energy t = 0.977461, t' = -0.29204
	                                           effective interaction Vq = [    -1.25,-0.219797,-0.133996,-0.219797,-0.219797, -0.19702,-0.137647, -0.19702,-0.133996,-0.137647,-0.112307,-0.137647,-0.219797, -0.19702,-0.137647, -0.19702]
	PARPACK diagonalization completed after 30 matrix-vector product operations.
	iteration results: : total energy is -19.724772 | electron energy -19.763246 + phonon energy 0.038474 | electron momentum kIdx = 10
The 5-th iteration is completed.	|| time cost : 0h 0m 0.791s
********************************************************************************************************************
Start the 6 rounds of NGS-ED iteration
	effective electronic model is modified as: kinetic energy t = 0.977461, t' = -0.29204
	                                           effective interaction Vq = [    -1.25,-0.219797,-0.133996,-0.219797,-0.219797, -0.19702,-0.137647, -0.19702,-0.133996,-0.137647,-0.112307,-0.137647,-0.219797, -0.19702,-0.137647, -0.19702]
	PARPACK diagonalization completed after 30 matrix-vector product operations.
	iteration results: : total energy is -19.724772 | electron energy -19.763246 + phonon energy 0.038474 | electron momentum kIdx = 10
	Nq(0) = 4,	Nq(1) = 0.193227,	Nq(2) = 0.2333,	Nq(3) = 0.193227,	Nq(4) = 0.193227,	Nq(5) = 0.308274,	
	Nq(6) = 0.330325,	Nq(7) = 0.308274,	Nq(8) = 0.2333,	Nq(9) = 0.330325,	Nq(10) = 0.358329,	
	Nq(11) = 0.330325,	Nq(12) = 0.193227,	Nq(13) = 0.308274,	Nq(14) = 0.330325,	Nq(15) = 0.308274;	
	Sq(0) = -5.48632e-18,	Sq(1) = 0.388868,	Sq(2) = 0.400421,	Sq(3) = 0.388868,	Sq(4) = 0.388868,	
	Sq(5) = 0.664431,	Sq(6) = 0.573064,	Sq(7) = 0.664431,	Sq(8) = 0.400421,	Sq(9) = 0.573064,	
	Sq(10) = 0.541476,	Sq(11) = 0.573064,	Sq(12) = 0.388868,	Sq(13) = 0.664431,	Sq(14) = 0.573064,	
	Sq(15) = 0.664431;	N(0) = 1.75698,	N(1) = 0.991827,	N(2) = 0.973126,	N(3) = 0.991827,	
	N(4) = 0.991827,	N(5) = 0.0627584,	N(6) = 0.0181353,	N(7) = 0.0627584,	N(8) = 0.973126,	
	N(9) = 0.0181353,	N(10) = 0.00588504,	N(11) = 0.0181353,	N(12) = 0.991827,	N(13) = 0.0627584,	
	N(14) = 0.0181353,	N(15) = 0.0627584;	Delta[s](0) = 0.013301,	Delta[s](1) = 0.0100019,	Delta[s](2) = 0.0088834,	
	Delta[s](3) = 0.0100019,	Delta[s](4) = 0.0100019,	Delta[s](5) = 0.000682633,	Delta[s](6) = 0.000500833,	Delta[s](7) = 0.000682633,	
	Delta[s](8) = 0.0088834,	Delta[s](9) = 0.000500833,	Delta[s](10) = 0.000305838,	Delta[s](11) = 0.000500833,	Delta[s](12) = 0.0100019,	
	Delta[s](13) = 0.000682633,	Delta[s](14) = 0.000500833,	Delta[s](15) = 0.000682633;	Delta[d](0) = 0.0188602,	Delta[d](1) = 0.0624879,	
	Delta[d](2) = 0.126857,	Delta[d](3) = 0.0624879,	Delta[d](4) = 0.0624879,	Delta[d](5) = 0.0791575,	Delta[d](6) = 0.160198,	
	Delta[d](7) = 0.0791575,	Delta[d](8) = 0.126857,	Delta[d](9) = 0.160198,	Delta[d](10) = 0.278843,	Delta[d](11) = 0.160198,	
	Delta[d](12) = 0.0624879,	Delta[d](13) = 0.0791575,	Delta[d](14) = 0.160198,	Delta[d](15) = 0.0791575;	Delta[s+](0) = 0.226171,	
	Delta[s+](1) = 0.155055,	Delta[s+](2) = 0.126857,	Delta[s+](3) = 0.155055,	Delta[s+](4) = 0.155055,	Delta[s+](5) = 0.00936603,	
	Delta[s+](6) = 0.0216202,	Delta[s+](7) = 0.00936603,	Delta[s+](8) = 0.126857,	Delta[s+](9) = 0.0216202,	Delta[s+](10) = 0.0036937,	
	Delta[s+](11) = 0.0216202,	Delta[s+](12) = 0.155055,	Delta[s+](13) = 0.00936603,	Delta[s+](14) = 0.0216202,	Delta[s+](15) = 0.00936603
	
The 6-th iteration is completed.	|| time cost : 0h 0m 2.995s
********************************************************************************************************************
********************************************************************************************************************
Ground state is obtained after 7 iterations. The current ground-state energy is -19.7248, in which electron energy is -19.7632 and phonon energy is 0.0384739
Final variational state is: 
	Gamma_x = [      1,1.22231,1.16334,1.22231,1.22231,1.33205,1.24478,1.33205,1.16334,1.24478, 1.2156,1.24478,1.22231,1.33205,1.24478,1.33205]
	lambda_q = [     2.5,0.230416,0.137793,0.230416,0.230416,0.205463, 0.14166,0.205463,0.137793, 0.14166, 0.11495, 0.14166,0.230416,0.205463, 0.14166,0.205463]
Effective e-e interactions mediated by phonons are:
	momentum-space Vq = [    -1.25,-0.219797,-0.133996,-0.219797,-0.219797, -0.19702,-0.137647, -0.19702,-0.133996,-0.137647,-0.112307,-0.137647,-0.219797, -0.19702,-0.137647, -0.19702]
	real-space Vr = [  -0.24051,-0.0813746,-0.0526386,-0.0813746,-0.0813746,-0.0683947, -0.060837,-0.0683947,-0.0526386, -0.060837,-0.0617876, -0.060837,-0.0813746,-0.0683947, -0.060837,-0.0683947]
********************************************************************************************************************
o___o  ----------------------------------------
| L |	Time since last clock: 0h 0m 0.006s
A===A	Time since the beginning: 0h 0m 14.45s
***********************************************


Non-Gaussina ED ground state calculation is completed. The final ground-state energy is -19.7248
********************************************************************************************************************
o___o  ----------------------------------------
| L |	Time since last clock: 0h 0m 0.003s
A===A	Time since the beginning: 0h 0m 14.453s
***********************************************



********************************************************************************************************************
All non-Gaussian ED ground state calculations have been completed. Exit now.
