SNEDics v3.4 Non-Gaussian ED ground state program		Start at Wed Sep 25 01:20:16 2019

parallized on 16 MPI threads  * 8 OpenMP threads = 128 total threads.
********************************************************************************************************************
********************************************************************************************************************

********************************************************************************************************************
System parameters and configurations
********************************************************************************************************************
Special program options are enabled: splitted diagonal Hamiltonian
********************************************************************************************************************
Read input file "model_params.in"
	Hubbard-Holstein model parameters : 	t = 1    U = 7.5    g = 4.7434    W = 5    
********************************************************************************************************************
Read input file "hilbertspace_params.in"
	Requested 16-site 2D lattice, with 14 electrons (7, 7)
	Boundary : Periodic		Hilbert space representation : momentum-space (restricted to kIdx = 0)
	Conservation: particle number[U(1)]      spin[U(1)]     momentum
********************************************************************************************************************

Cluster Positions:				Cluster symmetry group : D4
 x ... x ... x ... x .....                       x ... x ... x ... x .....
 |           |           :                       |           |           :
 |           |           :                       |           |           :
12    13    14    15     x                       1     5     6     5     x
 |           |           :                       |           |           :
 |           |           :                       |           |           :
 8 --- 9 ---10 ---11 --- x                       2 --- 6 ---10 --- 6 --- x
 |           |           :                       |           |           :
 |           |           :                       |           |           :
 4     5     6     7     x                       1     5     6     5     x
 |           |           :                       |           |           :
 |           |           :                       |           |           :
 0 --- 1 --- 2 --- 3 --- x                       0 --- 1 --- 2 --- 1 --- x
orbital number : 1
********************************************************************************************************************
Read input file "obs_params.in"
	Observable Type : Nq(All),   Sq(All),   N(All),   Delta[s](All),   Delta[d](All),   Delta[s+](All)
********************************************************************************************************************
** WARNING ** the input observables have non-local factors which have been reinterpreted. The total observable number is 96
********************************************************************************************************************


********************************************************************************************************************
Start calculating the non-Gaussian ED ground state
** WARNING ** Detected low phonon energy W < 10. The initial state will be prepared through a warm-up process.
********************************************************************************************************************
Start warm-up calculation for scaling factor 2
open output files: NGSEDWarmUpW10Obs.txt
********************************************************************************************************************
Start the 0 rounds of NGS-ED iteration
	effective electronic model is modified as: kinetic energy t = 1
	                                           effective interaction Vq = [-0,-0,-0,-0,-0,-0,-0,-0,-0,-0,-0,-0,-0,-0,-0,-0]
	first Hamiltonian is constructed, non-zero numbers = 2178478298
	PARPACK diagonalization completed after 165 matrix-vector product operations.
	iteration results: : total energy is -12.201635 | electron energy -12.201635 + phonon energy 0.000000 | electron momentum kIdx = 0
	Nq(0) = 12.25,	Nq(1) = 0.158535,	Nq(2) = 0.192961,	Nq(3) = 0.158535,	Nq(4) = 0.158535,	Nq(5) = 0.212563,	Nq(6) = 0.246836,	Nq(7) = 0.212563,	Nq(8) = 0.192961,	Nq(9) = 0.246836,	Nq(10) = 0.288785,	Nq(11) = 0.246836,	Nq(12) = 0.158535,	Nq(13) = 0.212563,	Nq(14) = 0.246836,	Nq(15) = 0.212563,	Sq(0) = -4.86762e-18,	Sq(1) = 0.474905,	Sq(2) = 0.75776,	Sq(3) = 0.474905,	Sq(4) = 0.474905,	Sq(5) = 0.625926,	Sq(6) = 1.03254,	Sq(7) = 0.625926,	Sq(8) = 0.75776,	Sq(9) = 1.03254,	Sq(10) = 2.55457,	Sq(11) = 1.03254,	Sq(12) = 0.474905,	Sq(13) = 0.625926,	Sq(14) = 1.03254,	Sq(15) = 0.625926,	N(0) = 1.77518,	N(1) = 1.61876,	N(2) = 0.297866,	N(3) = 1.61876,	N(4) = 1.61876,	N(5) = 0.999768,	N(6) = 0.250913,	N(7) = 0.999768,	N(8) = 0.297866,	N(9) = 0.250913,	N(10) = 0.151308,	N(11) = 0.250913,	N(12) = 1.61876,	N(13) = 0.999768,	N(14) = 0.250913,	N(15) = 0.999768,	Delta[s](0) = 0.0706611,	Delta[s](1) = 0.0570008,	Delta[s](2) = 0.0407808,	Delta[s](3) = 0.0570008,	Delta[s](4) = 0.0570008,	Delta[s](5) = 0.0455445,	Delta[s](6) = 0.0298761,	Delta[s](7) = 0.0455445,	Delta[s](8) = 0.0407808,	Delta[s](9) = 0.0298761,	Delta[s](10) = 0.0163135,	Delta[s](11) = 0.0298761,	Delta[s](12) = 0.0570008,	Delta[s](13) = 0.0455445,	Delta[s](14) = 0.0298761,	Delta[s](15) = 0.0455445,	Delta[d](0) = 0.272027,	Delta[d](1) = 0.202937,	Delta[d](2) = 0.208242,	Delta[d](3) = 0.202937,	Delta[d](4) = 0.202937,	Delta[d](5) = 0.18851,	Delta[d](6) = 0.143197,	Delta[d](7) = 0.18851,	Delta[d](8) = 0.208242,	Delta[d](9) = 0.143197,	Delta[d](10) = 0.0638211,	Delta[d](11) = 0.143197,	Delta[d](12) = 0.202937,	Delta[d](13) = 0.18851,	Delta[d](14) = 0.143197,	Delta[d](15) = 0.18851,	Delta[s+](0) = 0.556311,	Delta[s+](1) = 0.416325,	Delta[s+](2) = 0.208242,	Delta[s+](3) = 0.416325,	Delta[s+](4) = 0.416325,	Delta[s+](5) = 0.295552,	Delta[s+](6) = 0.136701,	Delta[s+](7) = 0.295552,	Delta[s+](8) = 0.208242,	Delta[s+](9) = 0.136701,	Delta[s+](10) = 0.0487477,	Delta[s+](11) = 0.136701,	Delta[s+](12) = 0.416325,	Delta[s+](13) = 0.295552,	Delta[s+](14) = 0.136701,	Delta[s+](15) = 0.295552
The 0-th iteration is completed.	|| time cost : 0h 6m 35.282s
********************************************************************************************************************
Start the 1 rounds of NGS-ED iteration
	effective electronic model is modified as: kinetic energy t = 0.889636
	                                           effective interaction Vq = [-3.89096,-3.61609,-3.44439,-3.61609,-3.61609,-3.48528,-3.37266,-3.48528,-3.44439,-3.37266,-3.30601,-3.37266,-3.61609,-3.48528,-3.37266,-3.48528]
	PARPACK diagonalization completed after 45 matrix-vector product operations.
	iteration results: : total energy is -73.477607 | electron energy -73.485523 + phonon energy 0.007916 | electron momentum kIdx = 0
The 1-th iteration is completed.	|| time cost : 0h 5m 41.858s
********************************************************************************************************************
Start the 2 rounds of NGS-ED iteration
	effective electronic model is modified as: kinetic energy t = 0.808171
	                                           effective interaction Vq = [-4.41755,-4.24991,-4.07146,-4.24991,-4.24991,  -4.154,-4.07329,  -4.154,-4.07146,-4.07329,-3.97637,-4.07329,-4.24991,  -4.154,-4.07329,  -4.154]
	PARPACK diagonalization completed after 60 matrix-vector product operations.
	iteration results: : total energy is -83.194519 | electron energy -83.276673 + phonon energy 0.082154 | electron momentum kIdx = 0
The 2-th iteration is completed.	|| time cost : 0h 0m 27.928s
********************************************************************************************************************
Start the 3 rounds of NGS-ED iteration
	effective electronic model is modified as: kinetic energy t = 0.767747
	                                           effective interaction Vq = [-4.48881,-4.39413,  -4.373,-4.39413,-4.39413,-4.32197, -4.2691,-4.32197,  -4.373, -4.2691, -4.1681, -4.2691,-4.39413,-4.32197, -4.2691,-4.32197]
	PARPACK diagonalization completed after 45 matrix-vector product operations.
	iteration results: : total energy is -84.919972 | electron energy -85.066741 + phonon energy 0.146770 | electron momentum kIdx = 0
The 3-th iteration is completed.	|| time cost : 0h 0m 24.223s
********************************************************************************************************************
Start the 4 rounds of NGS-ED iteration
	effective electronic model is modified as: kinetic energy t = 0.752036
	                                           effective interaction Vq = [-4.49846,-4.43023,-4.44328,-4.43023,-4.43023,-4.36941,-4.32823,-4.36941,-4.44328,-4.32823,-4.23319,-4.32823,-4.43023,-4.36941,-4.32823,-4.36941]
	PARPACK diagonalization completed after 90 matrix-vector product operations.
	iteration results: : total energy is -85.429640 | electron energy -85.606650 + phonon energy 0.177010 | electron momentum kIdx = 0
The 4-th iteration is completed.	|| time cost : 0h 0m 35.103s
********************************************************************************************************************
Start the 5 rounds of NGS-ED iteration
	effective electronic model is modified as: kinetic energy t = 0.742156
	                                           effective interaction Vq = [-4.49976, -4.4432,-4.44756, -4.4432, -4.4432,-4.41917,-4.35288,-4.41917,-4.44756,-4.35288,-4.29643,-4.35288, -4.4432,-4.41917,-4.35288,-4.41917]
	PARPACK diagonalization completed after 45 matrix-vector product operations.
	iteration results: : total energy is -85.503075 | electron energy -85.695652 + phonon energy 0.192577 | electron momentum kIdx = 0
The 5-th iteration is completed.	|| time cost : 0h 0m 24.271s
********************************************************************************************************************
Start the 6 rounds of NGS-ED iteration
	effective electronic model is modified as: kinetic energy t = 0.738096
	                                           effective interaction Vq = [-4.49994, -4.4478,-4.44631, -4.4478, -4.4478, -4.4348,-4.36248, -4.4348,-4.44631,-4.36248,-4.33236,-4.36248, -4.4478, -4.4348,-4.36248, -4.4348]
	PARPACK diagonalization completed after 45 matrix-vector product operations.
	iteration results: : total energy is -85.516592 | electron energy -85.716898 + phonon energy 0.200306 | electron momentum kIdx = 0
The 6-th iteration is completed.	|| time cost : 0h 0m 24.018s
********************************************************************************************************************
Start the 7 rounds of NGS-ED iteration
	effective electronic model is modified as: kinetic energy t = 0.736209
	                                           effective interaction Vq = [-4.49996, -4.4497, -4.4442, -4.4497, -4.4497,-4.43941,-4.36669,-4.43941, -4.4442,-4.36669,-4.35886,-4.36669, -4.4497,-4.43941,-4.36669,-4.43941]
	PARPACK diagonalization completed after 45 matrix-vector product operations.
	iteration results: : total energy is -85.521218 | electron energy -85.725388 + phonon energy 0.204170 | electron momentum kIdx = 0
The 7-th iteration is completed.	|| time cost : 0h 0m 23.991s
********************************************************************************************************************
Start the 8 rounds of NGS-ED iteration
	effective electronic model is modified as: kinetic energy t = 0.735144
	                                           effective interaction Vq = [-4.49997,-4.45059,-4.44188,-4.45059,-4.45059,-4.43987,-4.36875,-4.43987,-4.44188,-4.36875,-4.38242,-4.36875,-4.45059,-4.43987,-4.36875,-4.43987]
	PARPACK diagonalization completed after 45 matrix-vector product operations.
	iteration results: : total energy is -85.525327 | electron energy -85.731848 + phonon energy 0.206521 | electron momentum kIdx = 0
The 8-th iteration is completed.	|| time cost : 0h 0m 24.263s
********************************************************************************************************************
Start the 9 rounds of NGS-ED iteration
	effective electronic model is modified as: kinetic energy t = 0.734443
	                                           effective interaction Vq = [-4.49997,-4.45098,-4.43909,-4.45098,-4.45098,-4.43823,-4.36973,-4.43823,-4.43909,-4.36973,-4.40531,-4.36973,-4.45098,-4.43823,-4.36973,-4.43823]
	PARPACK diagonalization completed after 45 matrix-vector product operations.
	iteration results: : total energy is -85.530839 | electron energy -85.739191 + phonon energy 0.208352 | electron momentum kIdx = 0
The 9-th iteration is completed.	|| time cost : 0h 0m 24.055s
********************************************************************************************************************
Start the 10 rounds of NGS-ED iteration
	effective electronic model is modified as: kinetic energy t = 0.734054
	                                           effective interaction Vq = [-4.49997,-4.45085,-4.43536,-4.45085,-4.45085,-4.43499,-4.36974,-4.43499,-4.43536,-4.36974,-4.42707,-4.36974,-4.45085,-4.43499,-4.36974,-4.43499]
	PARPACK diagonalization completed after 45 matrix-vector product operations.
	iteration results: : total energy is -85.538111 | electron energy -85.748064 + phonon energy 0.209953 | electron momentum kIdx = 0
	Nq(0) = 12.25,	Nq(1) = 0.436509,	Nq(2) = 0.69306,	Nq(3) = 0.436509,	Nq(4) = 0.436509,	Nq(5) = 0.692732,	Nq(6) = 0.710206,	Nq(7) = 0.692732,	Nq(8) = 0.69306,	Nq(9) = 0.710206,	Nq(10) = 1.62309,	Nq(11) = 0.710206,	Nq(12) = 0.436509,	Nq(13) = 0.692732,	Nq(14) = 0.710206,	Nq(15) = 0.692732,	Sq(0) = 7.23161e-19,	Sq(1) = 0.264168,	Sq(2) = 0.321278,	Sq(3) = 0.264168,	Sq(4) = 0.264168,	Sq(5) = 0.321284,	Sq(6) = 0.467962,	Sq(7) = 0.321284,	Sq(8) = 0.321278,	Sq(9) = 0.467962,	Sq(10) = 0.526792,	Sq(11) = 0.467962,	Sq(12) = 0.264168,	Sq(13) = 0.321284,	Sq(14) = 0.467962,	Sq(15) = 0.321284,	N(0) = 1.98416,	N(1) = 1.95945,	N(2) = 0.675296,	N(3) = 1.95945,	N(4) = 1.95945,	N(5) = 0.675359,	N(6) = 0.0284263,	N(7) = 0.675359,	N(8) = 0.675296,	N(9) = 0.0284263,	N(10) = 0.0122864,	N(11) = 0.0284263,	N(12) = 1.95945,	N(13) = 0.675359,	N(14) = 0.0284263,	N(15) = 0.675359,	Delta[s](0) = 0.567992,	Delta[s](1) = 0.276619,	Delta[s](2) = 0.253649,	Delta[s](3) = 0.276619,	Delta[s](4) = 0.276619,	Delta[s](5) = 0.253658,	Delta[s](6) = 0.230045,	Delta[s](7) = 0.253658,	Delta[s](8) = 0.253649,	Delta[s](9) = 0.230045,	Delta[s](10) = 0.191919,	Delta[s](11) = 0.230045,	Delta[s](12) = 0.276619,	Delta[s](13) = 0.253658,	Delta[s](14) = 0.230045,	Delta[s](15) = 0.253658,	Delta[d](0) = 0.235712,	Delta[d](1) = 0.196783,	Delta[d](2) = 0.198064,	Delta[d](3) = 0.196783,	Delta[d](4) = 0.196783,	Delta[d](5) = 0.167571,	Delta[d](6) = 0.16236,	Delta[d](7) = 0.167571,	Delta[d](8) = 0.198064,	Delta[d](9) = 0.16236,	Delta[d](10) = 0.100166,	Delta[d](11) = 0.16236,	Delta[d](12) = 0.196783,	Delta[d](13) = 0.167571,	Delta[d](14) = 0.16236,	Delta[d](15) = 0.167571,	Delta[s+](0) = 0.399241,	Delta[s+](1) = 0.308711,	Delta[s+](2) = 0.198064,	Delta[s+](3) = 0.308711,	Delta[s+](4) = 0.308711,	Delta[s+](5) = 0.198074,	Delta[s+](6) = 0.0971548,	Delta[s+](7) = 0.198074,	Delta[s+](8) = 0.198064,	Delta[s+](9) = 0.0971548,	Delta[s+](10) = 0.0456086,	Delta[s+](11) = 0.0971548,	Delta[s+](12) = 0.308711,	Delta[s+](13) = 0.198074,	Delta[s+](14) = 0.0971548,	Delta[s+](15) = 0.198074
The 10-th iteration is completed.	|| time cost : 0h 3m 20.297s
********************************************************************************************************************
Start the 11 rounds of NGS-ED iteration
	effective electronic model is modified as: kinetic energy t = 0.734087
	                                           effective interaction Vq = [-4.49997,-4.45008,-4.43059,-4.45008,-4.45008,-4.43044,-4.36856,-4.43044,-4.43059,-4.36856,-4.44511,-4.36856,-4.45008,-4.43044,-4.36856,-4.43044]
	PARPACK diagonalization completed after 45 matrix-vector product operations.
	iteration results: : total energy is -85.545438 | electron energy -85.756648 + phonon energy 0.211210 | electron momentum kIdx = 0
The 11-th iteration is completed.	|| time cost : 0h 0m 24.063s
********************************************************************************************************************
Start the 12 rounds of NGS-ED iteration
	effective electronic model is modified as: kinetic energy t = 0.734498
	                                           effective interaction Vq = [-4.49997,-4.44876,-4.42562,-4.44876,-4.44876,-4.42555, -4.3664,-4.42555,-4.42562, -4.3664,-4.45746, -4.3664,-4.44876,-4.42555, -4.3664,-4.42555]
	PARPACK diagonalization completed after 45 matrix-vector product operations.
	iteration results: : total energy is -85.550431 | electron energy -85.762366 + phonon energy 0.211935 | electron momentum kIdx = 0
The 12-th iteration is completed.	|| time cost : 0h 0m 24.102s
********************************************************************************************************************
Start the 13 rounds of NGS-ED iteration
	effective electronic model is modified as: kinetic energy t = 0.735033
	                                           effective interaction Vq = [-4.49997,-4.44734,-4.42151,-4.44734,-4.44734,-4.42148,-4.36401,-4.42148,-4.42151,-4.36401,-4.46471,-4.36401,-4.44734,-4.42148,-4.36401,-4.42148]
	PARPACK diagonalization completed after 45 matrix-vector product operations.
	iteration results: : total energy is -85.552834 | electron energy -85.765013 + phonon energy 0.212178 | electron momentum kIdx = 0
The 13-th iteration is completed.	|| time cost : 0h 0m 24.006s
********************************************************************************************************************
Start the 14 rounds of NGS-ED iteration
	effective electronic model is modified as: kinetic energy t = 0.735493
	                                           effective interaction Vq = [-4.49997,-4.44618,-4.41867,-4.44618,-4.44618,-4.41866,-4.36202,-4.41866,-4.41867,-4.36202,-4.46865,-4.36202,-4.44618,-4.41866,-4.36202,-4.41866]
	PARPACK diagonalization completed after 45 matrix-vector product operations.
	iteration results: : total energy is -85.553759 | electron energy -85.765913 + phonon energy 0.212154 | electron momentum kIdx = 0
The 14-th iteration is completed.	|| time cost : 0h 0m 24.037s
********************************************************************************************************************
Start the 15 rounds of NGS-ED iteration
	effective electronic model is modified as: kinetic energy t = 0.735819
	                                           effective interaction Vq = [-4.49997,-4.44537, -4.4169,-4.44537,-4.44537, -4.4169,-4.36061, -4.4169, -4.4169,-4.36061,-4.47074,-4.36061,-4.44537, -4.4169,-4.36061, -4.4169]
	PARPACK diagonalization completed after 30 matrix-vector product operations.
	iteration results: : total energy is -85.554073 | electron energy -85.766116 + phonon energy 0.212043 | electron momentum kIdx = 0
The 15-th iteration is completed.	|| time cost : 0h 0m 20.445s
********************************************************************************************************************
Start the 16 rounds of NGS-ED iteration
	effective electronic model is modified as: kinetic energy t = 0.736027
	                                           effective interaction Vq = [-4.49997,-4.44485,-4.41586,-4.44485,-4.44485,-4.41586, -4.3597,-4.41586,-4.41586, -4.3597,-4.47183, -4.3597,-4.44485,-4.41586, -4.3597,-4.41586]
	PARPACK diagonalization completed after 30 matrix-vector product operations.
	iteration results: : total energy is -85.554174 | electron energy -85.766106 + phonon energy 0.211933 | electron momentum kIdx = 0
The 16-th iteration is completed.	|| time cost : 0h 0m 20.406s
********************************************************************************************************************
Start the 17 rounds of NGS-ED iteration
	effective electronic model is modified as: kinetic energy t = 0.736153
	                                           effective interaction Vq = [-4.49997,-4.44454,-4.41527,-4.44454,-4.44454,-4.41527,-4.35914,-4.41527,-4.41527,-4.35914,-4.47242,-4.35914,-4.44454,-4.41527,-4.35914,-4.41527]
	PARPACK diagonalization completed after 30 matrix-vector product operations.
	iteration results: : total energy is -85.554205 | electron energy -85.766055 + phonon energy 0.211850 | electron momentum kIdx = 0
The 17-th iteration is completed.	|| time cost : 0h 0m 20.413s
********************************************************************************************************************
Start the 18 rounds of NGS-ED iteration
	effective electronic model is modified as: kinetic energy t = 0.736227
	                                           effective interaction Vq = [-4.49997,-4.44436,-4.41494,-4.44436,-4.44436,-4.41494,-4.35881,-4.41494,-4.41494,-4.35881,-4.47273,-4.35881,-4.44436,-4.41494,-4.35881,-4.41494]
	PARPACK diagonalization completed after 30 matrix-vector product operations.
	iteration results: : total energy is -85.554215 | electron energy -85.766010 + phonon energy 0.211796 | electron momentum kIdx = 0
	Nq(0) = 12.25,	Nq(1) = 0.412719,	Nq(2) = 0.628276,	Nq(3) = 0.412719,	Nq(4) = 0.412719,	Nq(5) = 0.628276,	Nq(6) = 0.682748,	Nq(7) = 0.628276,	Nq(8) = 0.628276,	Nq(9) = 0.682748,	Nq(10) = 2.21651,	Nq(11) = 0.682748,	Nq(12) = 0.412719,	Nq(13) = 0.628276,	Nq(14) = 0.682748,	Nq(15) = 0.628276,	Sq(0) = -1.38486e-17,	Sq(1) = 0.264377,	Sq(2) = 0.320705,	Sq(3) = 0.264377,	Sq(4) = 0.264377,	Sq(5) = 0.320705,	Sq(6) = 0.468511,	Sq(7) = 0.320705,	Sq(8) = 0.320705,	Sq(9) = 0.468511,	Sq(10) = 0.526186,	Sq(11) = 0.468511,	Sq(12) = 0.264377,	Sq(13) = 0.320705,	Sq(14) = 0.468511,	Sq(15) = 0.320705,	N(0) = 1.98418,	N(1) = 1.95796,	N(2) = 0.675203,	N(3) = 1.95796,	N(4) = 1.95796,	N(5) = 0.675203,	N(6) = 0.0300683,	N(7) = 0.675203,	N(8) = 0.675203,	N(9) = 0.0300683,	N(10) = 0.0124783,	N(11) = 0.0300683,	N(12) = 1.95796,	N(13) = 0.675203,	N(14) = 0.0300683,	N(15) = 0.675203,	Delta[s](0) = 0.520141,	Delta[s](1) = 0.27807,	Delta[s](2) = 0.257367,	Delta[s](3) = 0.27807,	Delta[s](4) = 0.27807,	Delta[s](5) = 0.257367,	Delta[s](6) = 0.231621,	Delta[s](7) = 0.257367,	Delta[s](8) = 0.257367,	Delta[s](9) = 0.231621,	Delta[s](10) = 0.205911,	Delta[s](11) = 0.231621,	Delta[s](12) = 0.27807,	Delta[s](13) = 0.257367,	Delta[s](14) = 0.231621,	Delta[s](15) = 0.257367,	Delta[d](0) = 0.21997,	Delta[d](1) = 0.185775,	Delta[d](2) = 0.191257,	Delta[d](3) = 0.185775,	Delta[d](4) = 0.185775,	Delta[d](5) = 0.151944,	Delta[d](6) = 0.151344,	Delta[d](7) = 0.151944,	Delta[d](8) = 0.191257,	Delta[d](9) = 0.151344,	Delta[d](10) = 0.0845147,	Delta[d](11) = 0.151344,	Delta[d](12) = 0.185775,	Delta[d](13) = 0.151944,	Delta[d](14) = 0.151344,	Delta[d](15) = 0.151944,	Delta[s+](0) = 0.395677,	Delta[s+](1) = 0.302488,	Delta[s+](2) = 0.191257,	Delta[s+](3) = 0.302488,	Delta[s+](4) = 0.302488,	Delta[s+](5) = 0.191257,	Delta[s+](6) = 0.091035,	Delta[s+](7) = 0.191257,	Delta[s+](8) = 0.191257,	Delta[s+](9) = 0.091035,	Delta[s+](10) = 0.0420846,	Delta[s+](11) = 0.091035,	Delta[s+](12) = 0.302488,	Delta[s+](13) = 0.191257,	Delta[s+](14) = 0.091035,	Delta[s+](15) = 0.191257
The 18-th iteration is completed.	|| time cost : 0h 3m 26.978s
********************************************************************************************************************
********************************************************************************************************************
Ground state is obtained after 19 iterations. The current ground-state energy is -85.5542, in which electron energy is -85.766 and phonon energy is 0.211796
final variational state is: 
	Gamma_x = [      1,1.03743, 1.0694,1.03743,1.03743, 1.0694,1.09365, 1.0694, 1.0694,1.09365,1.15261,1.09365,1.03743, 1.0694,1.09365, 1.0694]
	lambda_q = [0.670818,0.596177,0.578509,0.596177,0.596177,0.578509,0.551926,0.578509,0.578509,0.551926,0.618786,0.551926,0.596177,0.578509,0.551926,0.578509]
********************************************************************************************************************
o___o  ----------------------------------------
| L |	Time since last clock: 0h 0m 0s
A===A	Time since the beginning: 0h 25m 9.748s
***********************************************


********************************************************************************************************************
Warm up runs have been completed. Start calculating W = 5 phonon.
open output files: NGSEDIterationObs.txt
********************************************************************************************************************
Start the 0 rounds of NGS-ED iteration
	effective electronic model is modified as: kinetic energy t = 0.736269
	                                           effective interaction Vq = [-4.11393,-3.87868,-3.81483,-3.87868,-3.87868,-3.81483, -3.7129,-3.81483,-3.81483, -3.7129,-3.95582, -3.7129,-3.87868,-3.81483, -3.7129,-3.81483]
	PARPACK diagonalization completed after 45 matrix-vector product operations.
	iteration results: : total energy is -75.209024 | electron energy -75.314905 + phonon energy 0.105881 | electron momentum kIdx = 0
	Nq(0) = 12.25,	Nq(1) = 0.37543,	Nq(2) = 0.545559,	Nq(3) = 0.37543,	Nq(4) = 0.37543,	Nq(5) = 0.545558,	Nq(6) = 0.587184,	Nq(7) = 0.545558,	Nq(8) = 0.545559,	Nq(9) = 0.587184,	Nq(10) = 2.00349,	Nq(11) = 0.587184,	Nq(12) = 0.37543,	Nq(13) = 0.545558,	Nq(14) = 0.587184,	Nq(15) = 0.545558,	Sq(0) = 5.63971e-18,	Sq(1) = 0.352507,	Sq(2) = 0.367946,	Sq(3) = 0.352507,	Sq(4) = 0.352507,	Sq(5) = 0.367946,	Sq(6) = 0.597753,	Sq(7) = 0.367946,	Sq(8) = 0.367946,	Sq(9) = 0.597753,	Sq(10) = 0.613989,	Sq(11) = 0.597753,	Sq(12) = 0.352507,	Sq(13) = 0.367946,	Sq(14) = 0.597753,	Sq(15) = 0.367946,	N(0) = 1.99908,	N(1) = 1.99647,	N(2) = 0.666948,	N(3) = 1.99647,	N(4) = 1.99647,	N(5) = 0.666946,	N(6) = 0.00312172,	N(7) = 0.666946,	N(8) = 0.666948,	N(9) = 0.00312172,	N(10) = 0.000859907,	N(11) = 0.00312172,	N(12) = 1.99647,	N(13) = 0.666946,	N(14) = 0.00312172,	N(15) = 0.666946,	Delta[s](0) = 0.312033,	Delta[s](1) = 0.238482,	Delta[s](2) = 0.22643,	Delta[s](3) = 0.238482,	Delta[s](4) = 0.238482,	Delta[s](5) = 0.22643,	Delta[s](6) = 0.207501,	Delta[s](7) = 0.22643,	Delta[s](8) = 0.22643,	Delta[s](9) = 0.207501,	Delta[s](10) = 0.234105,	Delta[s](11) = 0.207501,	Delta[s](12) = 0.238482,	Delta[s](13) = 0.22643,	Delta[s](14) = 0.207501,	Delta[s](15) = 0.22643,	Delta[d](0) = 0.228324,	Delta[d](1) = 0.203495,	Delta[d](2) = 0.214308,	Delta[d](3) = 0.203495,	Delta[d](4) = 0.203495,	Delta[d](5) = 0.159086,	Delta[d](6) = 0.16653,	Delta[d](7) = 0.159086,	Delta[d](8) = 0.214308,	Delta[d](9) = 0.16653,	Delta[d](10) = 0.0898756,	Delta[d](11) = 0.16653,	Delta[d](12) = 0.203495,	Delta[d](13) = 0.159086,	Delta[d](14) = 0.16653,	Delta[d](15) = 0.159086,	Delta[s+](0) = 0.453178,	Delta[s+](1) = 0.340567,	Delta[s+](2) = 0.214308,	Delta[s+](3) = 0.340567,	Delta[s+](4) = 0.340567,	Delta[s+](5) = 0.214308,	Delta[s+](6) = 0.104583,	Delta[s+](7) = 0.214308,	Delta[s+](8) = 0.214308,	Delta[s+](9) = 0.104583,	Delta[s+](10) = 0.0487678,	Delta[s+](11) = 0.104583,	Delta[s+](12) = 0.340567,	Delta[s+](13) = 0.214308,	Delta[s+](14) = 0.104583,	Delta[s+](15) = 0.214308
The 0-th iteration is completed.	|| time cost : 0h 3m 24.182s
********************************************************************************************************************
Start the 1 rounds of NGS-ED iteration
	effective electronic model is modified as: kinetic energy t = 0.699964
	                                           effective interaction Vq = [-4.35795,-4.11135,-4.03111,-4.11135,-4.11135,-4.03111,-3.90166,-4.03111,-4.03111,-3.90166,-4.22996,-3.90166,-4.11135,-4.03111,-3.90166,-4.03111]
	PARPACK diagonalization completed after 45 matrix-vector product operations.
	iteration results: : total energy is -79.241073 | electron energy -79.565810 + phonon energy 0.324737 | electron momentum kIdx = 0
The 1-th iteration is completed.	|| time cost : 0h 0m 24.057s
********************************************************************************************************************
Start the 2 rounds of NGS-ED iteration
	effective electronic model is modified as: kinetic energy t = 0.675056
	                                           effective interaction Vq = [-4.44772,-4.22143,-4.14874,-4.22143,-4.22143,-4.14874,-4.00779,-4.14874,-4.14874,-4.00779, -4.3666,-4.00779,-4.22143,-4.14874,-4.00779,-4.14874]
	PARPACK diagonalization completed after 45 matrix-vector product operations.
	iteration results: : total energy is -80.783698 | electron energy -81.258173 + phonon energy 0.474475 | electron momentum kIdx = 0
The 2-th iteration is completed.	|| time cost : 0h 0m 24.086s
********************************************************************************************************************
Start the 3 rounds of NGS-ED iteration
	effective electronic model is modified as: kinetic energy t = 0.659276
	                                           effective interaction Vq = [-4.48075,-4.27568,-4.21298,-4.27568,-4.27568,-4.21298, -4.0669,-4.21298,-4.21298, -4.0669,-4.42784, -4.0669,-4.27568,-4.21298, -4.0669,-4.21298]
	PARPACK diagonalization completed after 45 matrix-vector product operations.
	iteration results: : total energy is -81.354744 | electron energy -81.914038 + phonon energy 0.559295 | electron momentum kIdx = 0
The 3-th iteration is completed.	|| time cost : 0h 0m 24.208s
********************************************************************************************************************
Start the 4 rounds of NGS-ED iteration
	effective electronic model is modified as: kinetic energy t = 0.649594
	                                           effective interaction Vq = [ -4.4929,-4.30425,-4.24898,-4.30425,-4.30425,-4.24898,-4.10108,-4.24898,-4.24898,-4.10108,-4.45453,-4.10108,-4.30425,-4.24898,-4.10108,-4.24898]
	PARPACK diagonalization completed after 30 matrix-vector product operations.
	iteration results: : total energy is -81.560597 | electron energy -82.166190 + phonon energy 0.605593 | electron momentum kIdx = 0
The 4-th iteration is completed.	|| time cost : 0h 0m 20.433s
********************************************************************************************************************
Start the 5 rounds of NGS-ED iteration
	effective electronic model is modified as: kinetic energy t = 0.643698
	                                           effective interaction Vq = [-4.49737,-4.32029,-4.26977,-4.32029,-4.32029,-4.26977,-4.12182,-4.26977,-4.26977,-4.12182,-4.46642,-4.12182,-4.32029,-4.26977,-4.12182,-4.26977]
	PARPACK diagonalization completed after 30 matrix-vector product operations.
	iteration results: : total energy is -81.634141 | electron energy -82.265515 + phonon energy 0.631374 | electron momentum kIdx = 0
The 5-th iteration is completed.	|| time cost : 0h 0m 20.378s
********************************************************************************************************************
Start the 6 rounds of NGS-ED iteration
	effective electronic model is modified as: kinetic energy t = 0.640091
	                                           effective interaction Vq = [-4.49901,-4.32975,-4.28209,-4.32975,-4.32975,-4.28209,-4.13491,-4.28209,-4.28209,-4.13491,-4.47189,-4.13491,-4.32975,-4.28209,-4.13491,-4.28209]
	PARPACK diagonalization completed after 30 matrix-vector product operations.
	iteration results: : total energy is -81.660520 | electron energy -82.306708 + phonon energy 0.646189 | electron momentum kIdx = 0
The 6-th iteration is completed.	|| time cost : 0h 0m 20.604s
********************************************************************************************************************
Start the 7 rounds of NGS-ED iteration
	effective electronic model is modified as: kinetic energy t = 0.637861
	                                           effective interaction Vq = [-4.49962,-4.33555,-4.28955,-4.33555,-4.33555,-4.28955,-4.14343,-4.28955,-4.28955,-4.14343,-4.47447,-4.14343,-4.33555,-4.28955,-4.14343,-4.28955]
	PARPACK diagonalization completed after 30 matrix-vector product operations.
	iteration results: : total energy is -81.670078 | electron energy -82.325019 + phonon energy 0.654941 | electron momentum kIdx = 0
The 7-th iteration is completed.	|| time cost : 0h 0m 20.427s
********************************************************************************************************************
Start the 8 rounds of NGS-ED iteration
	effective electronic model is modified as: kinetic energy t = 0.636463
	                                           effective interaction Vq = [-4.49984,-4.33919,-4.29412,-4.33919,-4.33919,-4.29412,-4.14909,-4.29412,-4.29412,-4.14909,-4.47569,-4.14909,-4.33919,-4.29412,-4.14909,-4.29412]
	PARPACK diagonalization completed after 30 matrix-vector product operations.
	iteration results: : total energy is -81.673585 | electron energy -82.333819 + phonon energy 0.660234 | electron momentum kIdx = 0
The 8-th iteration is completed.	|| time cost : 0h 0m 20.405s
********************************************************************************************************************
Start the 9 rounds of NGS-ED iteration
	effective electronic model is modified as: kinetic energy t = 0.635576
	                                           effective interaction Vq = [-4.49992,-4.34154,-4.29696,-4.34154,-4.34154,-4.29696,-4.15291,-4.29696,-4.29696,-4.15291,-4.47626,-4.15291,-4.34154,-4.29696,-4.15291,-4.29696]
	PARPACK diagonalization completed after 30 matrix-vector product operations.
	iteration results: : total energy is -81.674889 | electron energy -82.338390 + phonon energy 0.663501 | electron momentum kIdx = 0
The 9-th iteration is completed.	|| time cost : 0h 0m 20.422s
********************************************************************************************************************
Start the 10 rounds of NGS-ED iteration
	effective electronic model is modified as: kinetic energy t = 0.635007
	                                           effective interaction Vq = [-4.49995,-4.34307,-4.29873,-4.34307,-4.34307,-4.29873,-4.15551,-4.29873,-4.29873,-4.15551,-4.47651,-4.15551,-4.34307,-4.29873,-4.15551,-4.29873]
	PARPACK diagonalization completed after 30 matrix-vector product operations.
	iteration results: : total energy is -81.675381 | electron energy -82.340936 + phonon energy 0.665555 | electron momentum kIdx = 0
	Nq(0) = 12.25,	Nq(1) = 0.363049,	Nq(2) = 0.577114,	Nq(3) = 0.363049,	Nq(4) = 0.363049,	Nq(5) = 0.577114,	Nq(6) = 0.58489,	Nq(7) = 0.577114,	Nq(8) = 0.577114,	Nq(9) = 0.58489,	Nq(10) = 3.22578,	Nq(11) = 0.58489,	Nq(12) = 0.363049,	Nq(13) = 0.577114,	Nq(14) = 0.58489,	Nq(15) = 0.577114,	Sq(0) = 6.59623e-18,	Sq(1) = 0.257875,	Sq(2) = 0.313501,	Sq(3) = 0.257875,	Sq(4) = 0.257875,	Sq(5) = 0.313501,	Sq(6) = 0.460557,	Sq(7) = 0.313501,	Sq(8) = 0.313501,	Sq(9) = 0.460557,	Sq(10) = 0.515051,	Sq(11) = 0.460557,	Sq(12) = 0.257875,	Sq(13) = 0.313501,	Sq(14) = 0.460557,	Sq(15) = 0.313501,	N(0) = 1.98051,	N(1) = 1.94002,	N(2) = 0.675084,	N(3) = 1.94002,	N(4) = 1.94002,	N(5) = 0.675084,	N(6) = 0.0482292,	N(7) = 0.675084,	N(8) = 0.675084,	N(9) = 0.0482292,	N(10) = 0.0159713,	N(11) = 0.0482292,	N(12) = 1.94002,	N(13) = 0.675084,	N(14) = 0.0482292,	N(15) = 0.675084,	Delta[s](0) = 0.360319,	Delta[s](1) = 0.279576,	Delta[s](2) = 0.267696,	Delta[s](3) = 0.279576,	Delta[s](4) = 0.279576,	Delta[s](5) = 0.267696,	Delta[s](6) = 0.254624,	Delta[s](7) = 0.267696,	Delta[s](8) = 0.267696,	Delta[s](9) = 0.254624,	Delta[s](10) = 0.261815,	Delta[s](11) = 0.254624,	Delta[s](12) = 0.279576,	Delta[s](13) = 0.267696,	Delta[s](14) = 0.254624,	Delta[s](15) = 0.267696,	Delta[d](0) = 0.210695,	Delta[d](1) = 0.183801,	Delta[d](2) = 0.196084,	Delta[d](3) = 0.183801,	Delta[d](4) = 0.183801,	Delta[d](5) = 0.155064,	Delta[d](6) = 0.153357,	Delta[d](7) = 0.155064,	Delta[d](8) = 0.196084,	Delta[d](9) = 0.153357,	Delta[d](10) = 0.0997685,	Delta[d](11) = 0.153357,	Delta[d](12) = 0.183801,	Delta[d](13) = 0.155064,	Delta[d](14) = 0.153357,	Delta[d](15) = 0.155064,	Delta[s+](0) = 0.399707,	Delta[s+](1) = 0.301852,	Delta[s+](2) = 0.196084,	Delta[s+](3) = 0.301852,	Delta[s+](4) = 0.301852,	Delta[s+](5) = 0.196084,	Delta[s+](6) = 0.102662,	Delta[s+](7) = 0.196084,	Delta[s+](8) = 0.196084,	Delta[s+](9) = 0.102662,	Delta[s+](10) = 0.0559096,	Delta[s+](11) = 0.102662,	Delta[s+](12) = 0.301852,	Delta[s+](13) = 0.196084,	Delta[s+](14) = 0.102662,	Delta[s+](15) = 0.196084
The 10-th iteration is completed.	|| time cost : 0h 3m 17.275s
********************************************************************************************************************
Start the 11 rounds of NGS-ED iteration
	effective electronic model is modified as: kinetic energy t = 0.634636
	                                           effective interaction Vq = [-4.49996,-4.34408,-4.29985,-4.34408,-4.34408,-4.29985,-4.15731,-4.29985,-4.29985,-4.15731,-4.47661,-4.15731,-4.34408,-4.29985,-4.15731,-4.29985]
	PARPACK diagonalization completed after 30 matrix-vector product operations.
	iteration results: : total energy is -81.675569 | electron energy -82.342436 + phonon energy 0.666867 | electron momentum kIdx = 0
The 11-th iteration is completed.	|| time cost : 0h 0m 20.641s
********************************************************************************************************************
Start the 12 rounds of NGS-ED iteration
	effective electronic model is modified as: kinetic energy t = 0.634393
	                                           effective interaction Vq = [-4.49997,-4.34476,-4.30056,-4.34476,-4.34476,-4.30056,-4.15855,-4.30056,-4.30056,-4.15855,-4.47664,-4.15855,-4.34476,-4.30056,-4.15855,-4.30056]
	PARPACK diagonalization completed after 30 matrix-vector product operations.
	iteration results: : total energy is -81.675642 | electron energy -82.343360 + phonon energy 0.667718 | electron momentum kIdx = 0
The 12-th iteration is completed.	|| time cost : 0h 0m 20.378s
********************************************************************************************************************
Start the 13 rounds of NGS-ED iteration
	effective electronic model is modified as: kinetic energy t = 0.634232
	                                           effective interaction Vq = [-4.49997,-4.34521,-4.30102,-4.34521,-4.34521,-4.30102,-4.15942,-4.30102,-4.30102,-4.15942,-4.47665,-4.15942,-4.34521,-4.30102,-4.15942,-4.30102]
	PARPACK diagonalization completed after 30 matrix-vector product operations.
	iteration results: : total energy is -81.675671 | electron energy -82.343946 + phonon energy 0.668276 | electron momentum kIdx = 0
The 13-th iteration is completed.	|| time cost : 0h 0m 20.638s
********************************************************************************************************************
Start the 14 rounds of NGS-ED iteration
	effective electronic model is modified as: kinetic energy t = 0.634125
	                                           effective interaction Vq = [-4.49997,-4.34552,-4.30131,-4.34552,-4.34552,-4.30131,-4.16002,-4.30131,-4.30131,-4.16002,-4.47664,-4.16002,-4.34552,-4.30131,-4.16002,-4.30131]
	PARPACK diagonalization completed after 30 matrix-vector product operations.
	iteration results: : total energy is -81.675682 | electron energy -82.344328 + phonon energy 0.668646 | electron momentum kIdx = 0
The 14-th iteration is completed.	|| time cost : 0h 0m 20.438s
********************************************************************************************************************
Start the 15 rounds of NGS-ED iteration
	effective electronic model is modified as: kinetic energy t = 0.634053
	                                           effective interaction Vq = [-4.49997,-4.34574, -4.3015,-4.34574,-4.34574, -4.3015,-4.16044, -4.3015, -4.3015,-4.16044,-4.47663,-4.16044,-4.34574, -4.3015,-4.16044, -4.3015]
	PARPACK diagonalization completed after 30 matrix-vector product operations.
