TACC:  Starting up job 4247385 
TACC:  Starting parallel tasks... 
SNEDics v3.4 Non-Gaussian ED ground state program		Start at Wed Aug 28 19:09:01 2019

parallized on 32 MPI threads  * 6 OpenMP threads = 192 total threads.
********************************************************************************************************************
********************************************************************************************************************

********************************************************************************************************************
System parameters and configurations
********************************************************************************************************************
Special program options are enabled: splitted diagonal Hamiltonian
********************************************************************************************************************
Read input file "model_params.in"
	Hubbard-Holstein model parameters : 	t = 1    U = 8    g = 2.7386    W = 1    
********************************************************************************************************************
Read input file "hilbertspace_params.in"
	Requested 16-site 2D lattice, with 14 electrons (7, 7)
	Boundary : Periodic		Hilbert space representation : momentum-space (restricted to kIdx = 0)
	Conservation: particle number[U(1)]      spin[U(1)]     momentum
********************************************************************************************************************

Cluster Positions:				Cluster symmetry group : D4
 x ... x ... x ... x .....                       x ... x ... x ... x .....
 |           |           :                       |           |           :
 |           |           :                       |           |           :
12    13    14    15     x                       1     5     6     5     x
 |           |           :                       |           |           :
 |           |           :                       |           |           :
 8 --- 9 ---10 ---11 --- x                       2 --- 6 ---10 --- 6 --- x
 |           |           :                       |           |           :
 |           |           :                       |           |           :
 4     5     6     7     x                       1     5     6     5     x
 |           |           :                       |           |           :
 |           |           :                       |           |           :
 0 --- 1 --- 2 --- 3 --- x                       0 --- 1 --- 2 --- 1 --- x
orbital number : 1
********************************************************************************************************************
Read input file "obs_params.in"
	Observable Type : Nq[All],   Sq[All],   N[All]
********************************************************************************************************************
** WARNING ** the input observables have non-local factors which have been reinterpreted. The total observable number is 48
********************************************************************************************************************


********************************************************************************************************************
Start calculating the non-Gaussian ED ground state
** WARNING ** Detected low phonon energy W < 10. The initial state will be prepared through a warm-up process.
********************************************************************************************************************
Start warm-up calculation for scaling factor 16
open output files: NGSEDWarmUpW16Obs.txt
********************************************************************************************************************
Start the 0 rounds of NGS-ED iteration
	effective electronic model is modified as: kinetic energy t = 1
	                                           effective interaction Vq = [0,0,0,0,0,0,0,0,0,0,0,0,0,0,0,0]
	first Hamiltonian is constructed, non-zero numbers = 2178478298
	PARPACK diagonalization completed after 180 matrix-vector product operations.
	iteration results: : total energy is -11.868836 | electron energy -11.868836 + phonon energy 0.000000 | electron momentum kIdx = 0
	Nq(0) = 12.25,	Nq(1) = 0.154193,	Nq(2) = 0.185311,	Nq(3) = 0.154193,	Nq(4) = 0.154193,	Nq(5) = 0.203281,	Nq(6) = 0.235634,	Nq(7) = 0.203281,	Nq(8) = 0.185311,	Nq(9) = 0.235634,	Nq(10) = 0.275446,	Nq(11) = 0.235634,	Nq(12) = 0.154193,	Nq(13) = 0.203281,	Nq(14) = 0.235634,	Nq(15) = 0.203281,	Sq(0) = -1.43419e-18,	Sq(1) = 0.474292,	Sq(2) = 0.766364,	Sq(3) = 0.474292,	Sq(4) = 0.474292,	Sq(5) = 0.630724,	Sq(6) = 1.05279,	Sq(7) = 0.630724,	Sq(8) = 0.766364,	Sq(9) = 1.05279,	Sq(10) = 2.56755,	Sq(11) = 1.05279,	Sq(12) = 0.474292,	Sq(13) = 0.630724,	Sq(14) = 1.05279,	Sq(15) = 0.630724,	N(0) = 1.75464,	N(1) = 1.59086,	N(2) = 0.323321,	N(3) = 1.59086,	N(4) = 1.59086,	N(5) = 0.999881,	N(6) = 0.267546,	N(7) = 0.999881,	N(8) = 0.323321,	N(9) = 0.267546,	N(10) = 0.165565,	N(11) = 0.267546,	N(12) = 1.59086,	N(13) = 0.999881,	N(14) = 0.267546,	N(15) = 0.999881
The 0-th iteration is completed.	|| time cost : 0h 2m 21.172s
********************************************************************************************************************
Start the 1 rounds of NGS-ED iteration
	effective electronic model is modified as: kinetic energy t = 0.812929
	                                           effective interaction Vq = [-7.19422,-6.90825,-6.70266,-6.90825,-6.90825,-6.75027,-6.61175,-6.75027,-6.70266,-6.61175,-6.52798,-6.61175,-6.90825,-6.75027,-6.61175,-6.75027]
	PARPACK diagonalization completed after 135 matrix-vector product operations.
	iteration results: : total energy is -145.499276 | electron energy -145.521079 + phonon energy 0.021803 | electron momentum kIdx = 0
The 1-th iteration is completed.	|| time cost : 0h 3m 2.439s
********************************************************************************************************************
Start the 2 rounds of NGS-ED iteration
	effective electronic model is modified as: kinetic energy t = 0.695355
	                                           effective interaction Vq = [-7.48747,-7.45786,  -7.424,-7.45786,-7.45786,-7.43119,-7.40296,-7.43119,  -7.424,-7.40296,-7.39562,-7.40296,-7.45786,-7.43119,-7.40296,-7.43119]
	PARPACK diagonalization completed after 60 matrix-vector product operations.
	iteration results: : total energy is -157.334463 | electron energy -157.406228 + phonon energy 0.071765 | electron momentum kIdx = 0
The 2-th iteration is completed.	|| time cost : 0h 0m 24.275s
********************************************************************************************************************
Start the 3 rounds of NGS-ED iteration
	effective electronic model is modified as: kinetic energy t = 0.663108
	                                           effective interaction Vq = [-7.49942,-7.48977,-7.48187,-7.48977,-7.48977,-7.48293,-7.47893,-7.48293,-7.48187,-7.47893, -7.4862,-7.47893,-7.48977,-7.48293,-7.47893,-7.48293]
	PARPACK diagonalization completed after 60 matrix-vector product operations.
	iteration results: : total energy is -158.028182 | electron energy -158.087506 + phonon energy 0.059324 | electron momentum kIdx = 0
The 3-th iteration is completed.	|| time cost : 0h 0m 24.387s
********************************************************************************************************************
Start the 4 rounds of NGS-ED iteration
	effective electronic model is modified as: kinetic energy t = 0.656571
	                                           effective interaction Vq = [-7.49991, -7.4926,-7.48782, -7.4926, -7.4926,-7.48803,-7.48774,-7.48803,-7.48782,-7.48774,-7.49615,-7.48774, -7.4926,-7.48803,-7.48774,-7.48803]
	PARPACK diagonalization completed after 60 matrix-vector product operations.
	iteration results: : total energy is -158.062304 | electron energy -158.118485 + phonon energy 0.056181 | electron momentum kIdx = 0
The 4-th iteration is completed.	|| time cost : 0h 0m 24.079s
********************************************************************************************************************
Start the 5 rounds of NGS-ED iteration
	effective electronic model is modified as: kinetic energy t = 0.655299
	                                           effective interaction Vq = [-7.49993,  -7.493,-7.48873,  -7.493,  -7.493,-7.48878,-7.48923,-7.48878,-7.48873,-7.48923,-7.49752,-7.48923,  -7.493,-7.48878,-7.48923,-7.48878]
	PARPACK diagonalization completed after 45 matrix-vector product operations.
	iteration results: : total energy is -158.063784 | electron energy -158.119361 + phonon energy 0.055577 | electron momentum kIdx = 0
The 5-th iteration is completed.	|| time cost : 0h 0m 20.628s
********************************************************************************************************************
Start the 6 rounds of NGS-ED iteration
	effective electronic model is modified as: kinetic energy t = 0.655041
	                                           effective interaction Vq = [-7.49993,-7.49308,-7.48891,-7.49308,-7.49308,-7.48892,-7.48953,-7.48892,-7.48891,-7.48953,-7.49776,-7.48953,-7.49308,-7.48892,-7.48953,-7.48892]
	PARPACK diagonalization completed after 45 matrix-vector product operations.
	iteration results: : total energy is -158.063845 | electron energy -158.119319 + phonon energy 0.055474 | electron momentum kIdx = 0
The 6-th iteration is completed.	|| time cost : 0h 0m 18.1s
********************************************************************************************************************
Start the 7 rounds of NGS-ED iteration
	effective electronic model is modified as: kinetic energy t = 0.654987
	                                           effective interaction Vq = [-7.49993,-7.49309,-7.48894,-7.49309,-7.49309,-7.48894, -7.4896,-7.48894,-7.48894, -7.4896, -7.4978, -7.4896,-7.49309,-7.48894, -7.4896,-7.48894]
	PARPACK diagonalization completed after 30 matrix-vector product operations.
	iteration results: : total energy is -158.063848 | electron energy -158.119302 + phonon energy 0.055455 | electron momentum kIdx = 0
	Nq(0) = 12.25,	Nq(1) = 0.493799,	Nq(2) = 0.763042,	Nq(3) = 0.493799,	Nq(4) = 0.493799,	Nq(5) = 0.763047,	Nq(6) = 1.16768,	Nq(7) = 0.763047,	Nq(8) = 0.763042,	Nq(9) = 1.16768,	Nq(10) = 3.45782,	Nq(11) = 1.16768,	Nq(12) = 0.493799,	Nq(13) = 0.763047,	Nq(14) = 1.16768,	Nq(15) = 0.763047,	Sq(0) = -5.37153e-19,	Sq(1) = 0.0369125,	Sq(2) = 0.068232,	Sq(3) = 0.0369125,	Sq(4) = 0.0369125,	Sq(5) = 0.068232,	Sq(6) = 0.0968112,	Sq(7) = 0.068232,	Sq(8) = 0.068232,	Sq(9) = 0.0968112,	Sq(10) = 0.123703,	Sq(11) = 0.0968112,	Sq(12) = 0.0369125,	Sq(13) = 0.068232,	Sq(14) = 0.0968112,	Sq(15) = 0.068232,	N(0) = 1.60554,	N(1) = 1.31483,	N(2) = 0.838078,	N(3) = 1.31483,	N(4) = 1.31483,	N(5) = 0.838078,	N(6) = 0.4584,	N(7) = 0.838078,	N(8) = 0.838078,	N(9) = 0.4584,	N(10) = 0.273082,	N(11) = 0.4584,	N(12) = 1.31483,	N(13) = 0.838078,	N(14) = 0.4584,	N(15) = 0.838078
The 7-th iteration is completed.	|| time cost : 0h 0m 40.076s
********************************************************************************************************************
********************************************************************************************************************
Ground state is obtained after 8 iterations. The current ground-state energy is -158.064, in which electron energy is -158.119 and phonon energy is 0.0554545
final variational state is: 
	Gamma_x = [      1,1.01365,1.02667,1.01365,1.01365,1.02667,1.03984,1.02667,1.02667,1.03984,1.05498,1.03984,1.01365,1.02667,1.03984,1.02667]
	lambda_q = [0.684648,0.663978,0.658453,0.663978,0.663978,0.658453,0.659263,0.658453,0.658453,0.659263,0.673143,0.659263,0.663978,0.658453,0.659263,0.658453]
********************************************************************************************************************
o___o  ----------------------------------------
| L |	Time since last clock: 0h 0m 0s
A===A	Time since the beginning: 0h 7m 55.159s
***********************************************

********************************************************************************************************************
Start warm-up calculation for scaling factor 8
open output files: NGSEDWarmUpW8Obs.txt
********************************************************************************************************************
Start the 0 rounds of NGS-ED iteration
	effective electronic model is modified as: kinetic energy t = 0.654976
	                                           effective interaction Vq = [-6.85653,-6.75932,-6.73218,-6.75932,-6.75932,-6.73218,-6.73619,-6.73218,-6.73218,-6.73619,-6.80327,-6.73619,-6.75932,-6.73218,-6.73619,-6.73218]
	PARPACK diagonalization completed after 60 matrix-vector product operations.
	iteration results: : total energy is -139.603237 | electron energy -139.630962 + phonon energy 0.027725 | electron momentum kIdx = 0
	Nq(0) = 12.25,	Nq(1) = 0.414169,	Nq(2) = 0.591317,	Nq(3) = 0.414169,	Nq(4) = 0.414169,	Nq(5) = 0.59132,	Nq(6) = 0.839573,	Nq(7) = 0.59132,	Nq(8) = 0.591317,	Nq(9) = 0.839573,	Nq(10) = 5.66528,	Nq(11) = 0.839573,	Nq(12) = 0.414169,	Nq(13) = 0.59132,	Nq(14) = 0.839573,	Nq(15) = 0.59132,	Sq(0) = 4.46621e-19,	Sq(1) = 0.0552103,	Sq(2) = 0.097693,	Sq(3) = 0.0552103,	Sq(4) = 0.0552103,	Sq(5) = 0.097693,	Sq(6) = 0.13591,	Sq(7) = 0.097693,	Sq(8) = 0.097693,	Sq(9) = 0.13591,	Sq(10) = 0.171203,	Sq(11) = 0.13591,	Sq(12) = 0.0552103,	Sq(13) = 0.097693,	Sq(14) = 0.13591,	Sq(15) = 0.097693,	N(0) = 1.70107,	N(1) = 1.41134,	N(2) = 0.819345,	N(3) = 1.41134,	N(4) = 1.41134,	N(5) = 0.819345,	N(6) = 0.382421,	N(7) = 0.819345,	N(8) = 0.819345,	N(9) = 0.382421,	N(10) = 0.207831,	N(11) = 0.382421,	N(12) = 1.41134,	N(13) = 0.819345,	N(14) = 0.382421,	N(15) = 0.819345
The 0-th iteration is completed.	|| time cost : 0h 0m 45.806s
********************************************************************************************************************
Start the 1 rounds of NGS-ED iteration
	effective electronic model is modified as: kinetic energy t = 0.55452
	                                           effective interaction Vq = [-7.37003,-7.27831, -7.2454,-7.27831,-7.27831, -7.2454,-7.24744, -7.2454, -7.2454,-7.24744,-7.36087,-7.24744,-7.27831, -7.2454,-7.24744, -7.2454]
	PARPACK diagonalization completed after 60 matrix-vector product operations.
	iteration results: : total energy is -152.414557 | electron energy -152.561380 + phonon energy 0.146823 | electron momentum kIdx = 0
The 1-th iteration is completed.	|| time cost : 0h 0m 20.981s
********************************************************************************************************************
Start the 2 rounds of NGS-ED iteration
	effective electronic model is modified as: kinetic energy t = 0.50706
	                                           effective interaction Vq = [ -7.4737,-7.41319,-7.37575,-7.41319,-7.41319,-7.37575,-7.36476,-7.37575,-7.37575,-7.36476,-7.47341,-7.36476,-7.41319,-7.37575,-7.36476,-7.37575]
	PARPACK diagonalization completed after 60 matrix-vector product operations.
	iteration results: : total energy is -155.028784 | electron energy -155.148523 + phonon energy 0.119739 | electron momentum kIdx = 0
The 2-th iteration is completed.	|| time cost : 0h 0m 20.966s
********************************************************************************************************************
Start the 3 rounds of NGS-ED iteration
	effective electronic model is modified as: kinetic energy t = 0.483793
	                                           effective interaction Vq = [-7.49463, -7.4565,-7.42365, -7.4565, -7.4565,-7.42365,-7.40869,-7.42365,-7.42365,-7.40869,-7.49411,-7.40869, -7.4565,-7.42365,-7.40869,-7.42365]
	PARPACK diagonalization completed after 60 matrix-vector product operations.
	iteration results: : total energy is -155.545333 | electron energy -155.645979 + phonon energy 0.100645 | electron momentum kIdx = 0
The 3-th iteration is completed.	|| time cost : 0h 0m 20.97s
********************************************************************************************************************
Start the 4 rounds of NGS-ED iteration
	effective electronic model is modified as: kinetic energy t = 0.470608
	                                           effective interaction Vq = [-7.49886,-7.47294,-7.44696,-7.47294,-7.47294,-7.44696,-7.43443,-7.44696,-7.44696,-7.43443,-7.49825,-7.43443,-7.47294,-7.44696,-7.43443,-7.44696]
	PARPACK diagonalization completed after 60 matrix-vector product operations.
	iteration results: : total energy is -155.661687 | electron energy -155.756218 + phonon energy 0.094531 | electron momentum kIdx = 0
The 4-th iteration is completed.	|| time cost : 0h 0m 21.319s
********************************************************************************************************************
Start the 5 rounds of NGS-ED iteration
	effective electronic model is modified as: kinetic energy t = 0.461637
	                                           effective interaction Vq = [-7.49971, -7.4806,-7.46116, -7.4806, -7.4806,-7.46116,-7.45288,-7.46116,-7.46116,-7.45288,-7.49919,-7.45288, -7.4806,-7.46116,-7.45288,-7.46116]
	PARPACK diagonalization completed after 60 matrix-vector product operations.
	iteration results: : total energy is -155.701109 | electron energy -155.794980 + phonon energy 0.093871 | electron momentum kIdx = 0
The 5-th iteration is completed.	|| time cost : 0h 0m 21.102s
********************************************************************************************************************
Start the 6 rounds of NGS-ED iteration
	effective electronic model is modified as: kinetic energy t = 0.454652
	                                           effective interaction Vq = [-7.49989,-7.48505,-7.47108,-7.48505,-7.48505,-7.47108,-7.46671,-7.47108,-7.47108,-7.46671,-7.49942,-7.46671,-7.48505,-7.47108,-7.46671,-7.47108]
	PARPACK diagonalization completed after 60 matrix-vector product operations.
	iteration results: : total energy is -155.724424 | electron energy -155.819518 + phonon energy 0.095093 | electron momentum kIdx = 0
The 6-th iteration is completed.	|| time cost : 0h 0m 21.027s
********************************************************************************************************************
Start the 7 rounds of NGS-ED iteration
	effective electronic model is modified as: kinetic energy t = 0.449059
	                                           effective interaction Vq = [-7.49992,-7.48803,-7.47813,-7.48803,-7.48803,-7.47813,-7.47652,-7.47813,-7.47813,-7.47652,-7.49942,-7.47652,-7.48803,-7.47813,-7.47652,-7.47813]
	PARPACK diagonalization completed after 60 matrix-vector product operations.
	iteration results: : total energy is -155.740893 | electron energy -155.837339 + phonon energy 0.096446 | electron momentum kIdx = 0
The 7-th iteration is completed.	|| time cost : 0h 0m 20.943s
********************************************************************************************************************
Start the 8 rounds of NGS-ED iteration
	effective electronic model is modified as: kinetic energy t = 0.444844
	                                           effective interaction Vq = [-7.49993,-7.49004,-7.48285,-7.49004,-7.49004,-7.48285,-7.48284,-7.48285,-7.48285,-7.48284,-7.49932,-7.48284,-7.49004,-7.48285,-7.48284,-7.48285]
	PARPACK diagonalization completed after 60 matrix-vector product operations.
	iteration results: : total energy is -155.750893 | electron energy -155.847955 + phonon energy 0.097061 | electron momentum kIdx = 0
The 8-th iteration is completed.	|| time cost : 0h 0m 20.96s
********************************************************************************************************************
Start the 9 rounds of NGS-ED iteration
	effective electronic model is modified as: kinetic energy t = 0.441926
	                                           effective interaction Vq = [-7.49993,-7.49133,-7.48578,-7.49133,-7.49133,-7.48578, -7.4866,-7.48578,-7.48578, -7.4866,-7.49917, -7.4866,-7.49133,-7.48578, -7.4866,-7.48578]
	PARPACK diagonalization completed after 60 matrix-vector product operations.
	iteration results: : total energy is -155.755831 | electron energy -155.852783 + phonon energy 0.096953 | electron momentum kIdx = 0
The 9-th iteration is completed.	|| time cost : 0h 0m 20.961s
********************************************************************************************************************
Start the 10 rounds of NGS-ED iteration
	effective electronic model is modified as: kinetic energy t = 0.440043
	                                           effective interaction Vq = [-7.49993,-7.49213,-7.48753,-7.49213,-7.49213,-7.48753,-7.48875,-7.48753,-7.48753,-7.48875,-7.49903,-7.48875,-7.49213,-7.48753,-7.48875,-7.48753]
	PARPACK diagonalization completed after 60 matrix-vector product operations.
	iteration results: : total energy is -155.757924 | electron energy -155.854462 + phonon energy 0.096538 | electron momentum kIdx = 0
	Nq(0) = 12.25,	Nq(1) = 0.463876,	Nq(2) = 0.726374,	Nq(3) = 0.463876,	Nq(4) = 0.463876,	Nq(5) = 0.726374,	Nq(6) = 1.15196,	Nq(7) = 0.726374,	Nq(8) = 0.726374,	Nq(9) = 1.15196,	Nq(10) = 4.39852,	Nq(11) = 1.15196,	Nq(12) = 0.463876,	Nq(13) = 0.726374,	Nq(14) = 1.15196,	Nq(15) = 0.726374,	Sq(0) = 4.40575e-21,	Sq(1) = 0.0173725,	Sq(2) = 0.033552,	Sq(3) = 0.0173725,	Sq(4) = 0.0173725,	Sq(5) = 0.033552,	Sq(6) = 0.048881,	Sq(7) = 0.033552,	Sq(8) = 0.033552,	Sq(9) = 0.048881,	Sq(10) = 0.0635791,	Sq(11) = 0.048881,	Sq(12) = 0.0173725,	Sq(13) = 0.033552,	Sq(14) = 0.048881,	Sq(15) = 0.033552,	N(0) = 1.42266,	N(1) = 1.16831,	N(2) = 0.858035,	N(3) = 1.16831,	N(4) = 1.16831,	N(5) = 0.858035,	N(6) = 0.5877,	N(7) = 0.858035,	N(8) = 0.858035,	N(9) = 0.5877,	N(10) = 0.405079,	N(11) = 0.5877,	N(12) = 1.16831,	N(13) = 0.858035,	N(14) = 0.5877,	N(15) = 0.858035
The 10-th iteration is completed.	|| time cost : 0h 0m 45.818s
********************************************************************************************************************
Start the 11 rounds of NGS-ED iteration
	effective electronic model is modified as: kinetic energy t = 0.438881
	                                           effective interaction Vq = [-7.49993,-7.49262,-7.48855,-7.49262,-7.49262,-7.48855,-7.48996,-7.48855,-7.48855,-7.48996,-7.49891,-7.48996,-7.49262,-7.48855,-7.48996,-7.48855]
	PARPACK diagonalization completed after 60 matrix-vector product operations.
	iteration results: : total energy is -155.758735 | electron energy -155.854852 + phonon energy 0.096118 | electron momentum kIdx = 0
The 11-th iteration is completed.	|| time cost : 0h 0m 21.006s
********************************************************************************************************************
Start the 12 rounds of NGS-ED iteration
	effective electronic model is modified as: kinetic energy t = 0.438182
	                                           effective interaction Vq = [-7.49993,-7.49291,-7.48915,-7.49291,-7.49291,-7.48915,-7.49065,-7.48915,-7.48915,-7.49065,-7.49882,-7.49065,-7.49291,-7.48915,-7.49065,-7.48915]
	PARPACK diagonalization completed after 60 matrix-vector product operations.
	iteration results: : total energy is -155.759033 | electron energy -155.854831 + phonon energy 0.095798 | electron momentum kIdx = 0
The 12-th iteration is completed.	|| time cost : 0h 0m 21.006s
********************************************************************************************************************
Start the 13 rounds of NGS-ED iteration
	effective electronic model is modified as: kinetic energy t = 0.437768
	                                           effective interaction Vq = [-7.49993,-7.49308, -7.4895,-7.49308,-7.49308, -7.4895,-7.49104, -7.4895, -7.4895,-7.49104,-7.49876,-7.49104,-7.49308, -7.4895,-7.49104, -7.4895]
	PARPACK diagonalization completed after 45 matrix-vector product operations.
	iteration results: : total energy is -155.759139 | electron energy -155.854723 + phonon energy 0.095584 | electron momentum kIdx = 0
The 13-th iteration is completed.	|| time cost : 0h 0m 18.127s
********************************************************************************************************************
Start the 14 rounds of NGS-ED iteration
	effective electronic model is modified as: kinetic energy t = 0.437524
	                                           effective interaction Vq = [-7.49993,-7.49318,-7.48971,-7.49318,-7.49318,-7.48971,-7.49127,-7.48971,-7.48971,-7.49127,-7.49872,-7.49127,-7.49318,-7.48971,-7.49127,-7.48971]
	PARPACK diagonalization completed after 45 matrix-vector product operations.
	iteration results: : total energy is -155.759177 | electron energy -155.854626 + phonon energy 0.095449 | electron momentum kIdx = 0
The 14-th iteration is completed.	|| time cost : 0h 0m 18.126s
********************************************************************************************************************
Start the 15 rounds of NGS-ED iteration
	effective electronic model is modified as: kinetic energy t = 0.437381
	                                           effective interaction Vq = [-7.49993,-7.49324,-7.48983,-7.49324,-7.49324,-7.48983, -7.4914,-7.48983,-7.48983, -7.4914,-7.49869, -7.4914,-7.49324,-7.48983, -7.4914,-7.48983]
	PARPACK diagonalization completed after 45 matrix-vector product operations.
	iteration results: : total energy is -155.759190 | electron energy -155.854557 + phonon energy 0.095367 | electron momentum kIdx = 0
	Nq(0) = 12.25,	Nq(1) = 0.471784,	Nq(2) = 0.745622,	Nq(3) = 0.471784,	Nq(4) = 0.471784,	Nq(5) = 0.745622,	Nq(6) = 1.19423,	Nq(7) = 0.745622,	Nq(8) = 0.745622,	Nq(9) = 1.19423,	Nq(10) = 4.0878,	Nq(11) = 1.19423,	Nq(12) = 0.471784,	Nq(13) = 0.745622,	Nq(14) = 1.19423,	Nq(15) = 0.745622,	Sq(0) = 9.83788e-19,	Sq(1) = 0.0171793,	Sq(2) = 0.0331976,	Sq(3) = 0.0171793,	Sq(4) = 0.0171793,	Sq(5) = 0.0331976,	Sq(6) = 0.048386,	Sq(7) = 0.0331976,	Sq(8) = 0.0331976,	Sq(9) = 0.048386,	Sq(10) = 0.062958,	Sq(11) = 0.048386,	Sq(12) = 0.0171793,	Sq(13) = 0.0331976,	Sq(14) = 0.048386,	Sq(15) = 0.0331976,	N(0) = 1.42042,	N(1) = 1.16691,	N(2) = 0.858199,	N(3) = 1.16691,	N(4) = 1.16691,	N(5) = 0.858199,	N(6) = 0.589005,	N(7) = 0.858199,	N(8) = 0.858199,	N(9) = 0.589005,	N(10) = 0.40675,	N(11) = 0.589005,	N(12) = 1.16691,	N(13) = 0.858199,	N(14) = 0.589005,	N(15) = 0.858199
The 15-th iteration is completed.	|| time cost : 0h 0m 42.875s
********************************************************************************************************************
********************************************************************************************************************
Ground state is obtained after 16 iterations. The current ground-state energy is -155.759, in which electron energy is -155.855 and phonon energy is 0.095367
final variational state is: 
	Gamma_x = [      1,1.02583,1.05033,1.02583,1.02583,1.05033,1.07506,1.05033,1.05033,1.07506,1.10304,1.07506,1.02583,1.05033,1.07506,1.05033]
	lambda_q = [0.968241,0.939406,0.932832,0.939406,0.939406,0.932832,0.935724,0.932832,0.932832,0.935724,0.955728,0.935724,0.939406,0.932832,0.935724,0.932832]
********************************************************************************************************************
o___o  ----------------------------------------
| L |	Time since last clock: 0h 0m 0s
A===A	Time since the beginning: 0h 14m 37.16s
***********************************************

********************************************************************************************************************
Start warm-up calculation for scaling factor 4
open output files: NGSEDWarmUpW4Obs.txt
********************************************************************************************************************
Start the 0 rounds of NGS-ED iteration
	effective electronic model is modified as: kinetic energy t = 0.437298
	                                           effective interaction Vq = [-6.85654,-6.76069,-6.73791,-6.76069,-6.76069,-6.73791,-6.74798,-6.73791,-6.73791,-6.74798,-6.81576,-6.74798,-6.76069,-6.73791,-6.74798,-6.73791]
	PARPACK diagonalization completed after 60 matrix-vector product operations.
	iteration results: : total energy is -137.105437 | electron energy -137.153096 + phonon energy 0.047659 | electron momentum kIdx = 0
	Nq(0) = 12.25,	Nq(1) = 0.311658,	Nq(2) = 0.401194,	Nq(3) = 0.311658,	Nq(4) = 0.311658,	Nq(5) = 0.401194,	Nq(6) = 0.536664,	Nq(7) = 0.401194,	Nq(8) = 0.401194,	Nq(9) = 0.536664,	Nq(10) = 9.23103,	Nq(11) = 0.536664,	Nq(12) = 0.311658,	Nq(13) = 0.401194,	Nq(14) = 0.536664,	Nq(15) = 0.401194,	Sq(0) = -5.09106e-19,	Sq(1) = 0.0241989,	Sq(2) = 0.0457752,	Sq(3) = 0.0241989,	Sq(4) = 0.0241989,	Sq(5) = 0.0457752,	Sq(6) = 0.0656817,	Sq(7) = 0.0457752,	Sq(8) = 0.0457752,	Sq(9) = 0.0656817,	Sq(10) = 0.0843484,	Sq(11) = 0.0656817,	Sq(12) = 0.0241989,	Sq(13) = 0.0457752,	Sq(14) = 0.0656817,	Sq(15) = 0.0457752,	N(0) = 1.48785,	N(1) = 1.20354,	N(2) = 0.852152,	N(3) = 1.20354,	N(4) = 1.20354,	N(5) = 0.852152,	N(6) = 0.556218,	N(7) = 0.852152,	N(8) = 0.852152,	N(9) = 0.556218,	N(10) = 0.360212,	N(11) = 0.556218,	N(12) = 1.20354,	N(13) = 0.852152,	N(14) = 0.556218,	N(15) = 0.852152
The 0-th iteration is completed.	|| time cost : 0h 0m 50.672s
********************************************************************************************************************
Start the 1 rounds of NGS-ED iteration
	effective electronic model is modified as: kinetic energy t = 0.37204
	                                           effective interaction Vq = [-7.21083,-7.10074,-7.05634,-7.10074,-7.10074,-7.05634,-7.05688,-7.05634,-7.05634,-7.05688,-7.21758,-7.05688,-7.10074,-7.05634,-7.05688,-7.05634]
	PARPACK diagonalization completed after 45 matrix-vector product operations.
	iteration results: : total energy is -146.569021 | electron energy -146.705774 + phonon energy 0.136753 | electron momentum kIdx = 0
The 1-th iteration is completed.	|| time cost : 0h 0m 18.133s
********************************************************************************************************************
Start the 2 rounds of NGS-ED iteration
	effective electronic model is modified as: kinetic energy t = 0.320702
	                                           effective interaction Vq = [-7.37003,-7.28394,-7.23021,-7.28394,-7.28394,-7.23021,-7.20543,-7.23021,-7.23021,-7.20543,-7.38709,-7.20543,-7.28394,-7.23021,-7.20543,-7.23021]
	PARPACK diagonalization completed after 45 matrix-vector product operations.
	iteration results: : total energy is -150.834563 | electron energy -150.959903 + phonon energy 0.125340 | electron momentum kIdx = 0
The 2-th iteration is completed.	|| time cost : 0h 0m 18.128s
********************************************************************************************************************
Start the 3 rounds of NGS-ED iteration
	effective electronic model is modified as: kinetic energy t = 0.281574
	                                           effective interaction Vq = [-7.44156,-7.38175,-7.33457,-7.38175,-7.38175,-7.33457, -7.3027,-7.33457,-7.33457, -7.3027,-7.45414, -7.3027,-7.38175,-7.33457, -7.3027,-7.33457]
	PARPACK diagonalization completed after 45 matrix-vector product operations.
	iteration results: : total energy is -152.710876 | electron energy -152.806117 + phonon energy 0.095240 | electron momentum kIdx = 0
The 3-th iteration is completed.	|| time cost : 0h 0m 18.119s
********************************************************************************************************************
Start the 4 rounds of NGS-ED iteration
	effective electronic model is modified as: kinetic energy t = 0.253291
	                                           effective interaction Vq = [ -7.4737,-7.43365,-7.39634,-7.43365,-7.43365,-7.39634,-7.36621,-7.39634,-7.39634,-7.36621,-7.48088,-7.36621,-7.43365,-7.39634,-7.36621,-7.39634]
	PARPACK diagonalization completed after 45 matrix-vector product operations.
	iteration results: : total energy is -153.542825 | electron energy -153.613293 + phonon energy 0.070469 | electron momentum kIdx = 0
The 4-th iteration is completed.	|| time cost : 0h 0m 18.128s
********************************************************************************************************************
Start the 5 rounds of NGS-ED iteration
	effective electronic model is modified as: kinetic energy t = 0.233194
	                                           effective interaction Vq = [-7.48815,-7.46146,-7.43297,-7.46146,-7.46146,-7.43297,-7.40728,-7.43297,-7.43297,-7.40728,-7.49178,-7.40728,-7.46146,-7.43297,-7.40728,-7.43297]
	PARPACK diagonalization completed after 60 matrix-vector product operations.
	iteration results: : total energy is -153.917646 | electron energy -153.971119 + phonon energy 0.053473 | electron momentum kIdx = 0
The 5-th iteration is completed.	|| time cost : 0h 0m 20.949s
********************************************************************************************************************
Start the 6 rounds of NGS-ED iteration
	effective electronic model is modified as: kinetic energy t = 0.218927
	                                           effective interaction Vq = [-7.49463,-7.47662,-7.45498,-7.47662,-7.47662,-7.45498,-7.43399,-7.45498,-7.45498,-7.43399,-7.49634,-7.43399,-7.47662,-7.45498,-7.43399,-7.45498]
	PARPACK diagonalization completed after 60 matrix-vector product operations.
	iteration results: : total energy is -154.089730 | electron energy -154.132170 + phonon energy 0.042440 | electron momentum kIdx = 0
The 6-th iteration is completed.	|| time cost : 0h 0m 21.002s
********************************************************************************************************************
Start the 7 rounds of NGS-ED iteration
	effective electronic model is modified as: kinetic energy t = 0.208721
	                                           effective interaction Vq = [-7.49755,-7.48508,-7.46851,-7.48508,-7.48508,-7.46851,-7.45167,-7.46851,-7.46851,-7.45167,-7.49829,-7.45167,-7.48508,-7.46851,-7.45167,-7.46851]
	PARPACK diagonalization completed after 60 matrix-vector product operations.
	iteration results: : total energy is -154.170634 | electron energy -154.206032 + phonon energy 0.035398 | electron momentum kIdx = 0
The 7-th iteration is completed.	|| time cost : 0h 0m 20.958s
********************************************************************************************************************
Start the 8 rounds of NGS-ED iteration
	effective electronic model is modified as: kinetic energy t = 0.201312
	                                           effective interaction Vq = [-7.49886,-7.48994,-7.47708,-7.48994,-7.48994,-7.47708,-7.46372,-7.47708,-7.47708,-7.46372,-7.49915,-7.46372,-7.48994,-7.47708,-7.46372,-7.47708]
	PARPACK diagonalization completed after 60 matrix-vector product operations.
	iteration results: : total energy is -154.210000 | electron energy -154.240923 + phonon energy 0.030924 | electron momentum kIdx = 0
The 8-th iteration is completed.	|| time cost : 0h 0m 20.978s
********************************************************************************************************************
Start the 9 rounds of NGS-ED iteration
	effective electronic model is modified as: kinetic energy t = 0.195815
	                                           effective interaction Vq = [-7.49945,-7.49283,-7.48271,-7.49283,-7.49283,-7.48271,-7.47221,-7.48271,-7.48271,-7.47221,-7.49954,-7.47221,-7.49283,-7.48271,-7.47221,-7.48271]
	PARPACK diagonalization completed after 60 matrix-vector product operations.
	iteration results: : total energy is -154.230210 | electron energy -154.258303 + phonon energy 0.028093 | electron momentum kIdx = 0
The 9-th iteration is completed.	|| time cost : 0h 0m 20.967s
********************************************************************************************************************
Start the 10 rounds of NGS-ED iteration
	effective electronic model is modified as: kinetic energy t = 0.191618
	                                           effective interaction Vq = [-7.49971,-7.49462,-7.48658,-7.49462,-7.49462,-7.48658,-7.47844,-7.48658,-7.48658,-7.47844,-7.49972,-7.47844,-7.49462,-7.48658,-7.47844,-7.48658]
	PARPACK diagonalization completed after 75 matrix-vector product operations.
	iteration results: : total energy is -154.241492 | electron energy -154.267818 + phonon energy 0.026325 | electron momentum kIdx = 0
	Nq(0) = 12.25,	Nq(1) = 0.290033,	Nq(2) = 0.343163,	Nq(3) = 0.290033,	Nq(4) = 0.290033,	Nq(5) = 0.343163,	Nq(6) = 0.404884,	Nq(7) = 0.343163,	Nq(8) = 0.343163,	Nq(9) = 0.404884,	Nq(10) = 10.8146,	Nq(11) = 0.404884,	Nq(12) = 0.290033,	Nq(13) = 0.343163,	Nq(14) = 0.404884,	Nq(15) = 0.343163,	Sq(0) = 1.69264e-19,	Sq(1) = 0.0030579,	Sq(2) = 0.00607135,	Sq(3) = 0.0030579,	Sq(4) = 0.0030579,	Sq(5) = 0.00607135,	Sq(6) = 0.00904268,	Sq(7) = 0.00607135,	Sq(8) = 0.00607135,	Sq(9) = 0.00904268,	Sq(10) = 0.011974,	Sq(11) = 0.00904268,	Sq(12) = 0.0030579,	Sq(13) = 0.00607135,	Sq(14) = 0.00904268,	Sq(15) = 0.00607135,	N(0) = 1.10354,	N(1) = 0.987242,	N(2) = 0.872228,	N(3) = 0.987242,	N(4) = 0.987242,	N(5) = 0.872228,	N(6) = 0.762931,	N(7) = 0.872228,	N(8) = 0.872228,	N(9) = 0.762931,	N(10) = 0.662398,	N(11) = 0.762931,	N(12) = 0.987242,	N(13) = 0.872228,	N(14) = 0.762931,	N(15) = 0.872228
The 10-th iteration is completed.	|| time cost : 0h 0m 48.556s
********************************************************************************************************************
Start the 11 rounds of NGS-ED iteration
	effective electronic model is modified as: kinetic energy t = 0.188298
	                                           effective interaction Vq = [-7.49983,-7.49578,-7.48936,-7.49578,-7.49578,-7.48936,-7.48319,-7.48936,-7.48936,-7.48319, -7.4998,-7.48319,-7.49578,-7.48936,-7.48319,-7.48936]
	PARPACK diagonalization completed after 75 matrix-vector product operations.
	iteration results: : total energy is -154.248606 | electron energy -154.273864 + phonon energy 0.025258 | electron momentum kIdx = 0
The 11-th iteration is completed.	|| time cost : 0h 0m 23.845s
********************************************************************************************************************
Start the 12 rounds of NGS-ED iteration
	effective electronic model is modified as: kinetic energy t = 0.185569
	                                           effective interaction Vq = [-7.49989,-7.49657,-7.49147,-7.49657,-7.49657,-7.49147,-7.48693,-7.49147,-7.49147,-7.48693,-7.49985,-7.48693,-7.49657,-7.49147,-7.48693,-7.49147]
	PARPACK diagonalization completed after 75 matrix-vector product operations.
	iteration results: : total energy is -154.253826 | electron energy -154.278494 + phonon energy 0.024668 | electron momentum kIdx = 0
The 12-th iteration is completed.	|| time cost : 0h 0m 23.78s
********************************************************************************************************************
Start the 13 rounds of NGS-ED iteration
	effective electronic model is modified as: kinetic energy t = 0.183238
	                                           effective interaction Vq = [-7.49991,-7.49715,-7.49314,-7.49715,-7.49715,-7.49314,-7.48994,-7.49314,-7.49314,-7.48994,-7.49987,-7.48994,-7.49715,-7.49314,-7.48994,-7.49314]
	PARPACK diagonalization completed after 90 matrix-vector product operations.
	iteration results: : total energy is -154.258271 | electron energy -154.282686 + phonon energy 0.024415 | electron momentum kIdx = 0
The 13-th iteration is completed.	|| time cost : 0h 0m 28.469s
********************************************************************************************************************
Start the 14 rounds of NGS-ED iteration
	effective electronic model is modified as: kinetic energy t = 0.181192
	                                           effective interaction Vq = [-7.49992,-7.49759,-7.49451,-7.49759,-7.49759,-7.49451,-7.49237,-7.49451,-7.49451,-7.49237,-7.49988,-7.49237,-7.49759,-7.49451,-7.49237,-7.49451]
	PARPACK diagonalization completed after 90 matrix-vector product operations.
