SNEDics v3.21.4 Non-Gaussian ED ground state program		Start at Mon Jul 26 13:47:11 2021

parallized on 32 MPI threads  * 8 OpenMP threads = 256 total threads.
********************************************************************************************************************
********************************************************************************************************************

********************************************************************************************************************
System parameters and configurations
	special program options are enabled: splitted diagonal Hamiltonian | splitted Hamiltonian terms
********************************************************************************************************************
Read input file "model_params.in"
	Hubbard-Holstein model parameters : 	t = 1    U = 8    g = 0.07    W = 0.2    g' = 0.02    
********************************************************************************************************************
Read input file "hilbertspace_params.in"
	Requested 16-site 2D lattice, with 14 electrons (7, 7)
	Boundary : Periodic		Hilbert space representation : momentum-space (restricted to kIdx = 0)
	Conservation: particle number[U(1)]      spin[U(1)]     momentum
********************************************************************************************************************

Cluster Positions:				Cluster symmetry group : D4
 x ... x ... x ... x .....                       x ... x ... x ... x .....
 |           |           :                       |           |           :
 |           |           :                       |           |           :
12    13    14    15     x                       1     5     6     5     x
 |           |           :                       |           |           :
 |           |           :                       |           |           :
 8 --- 9 ---10 ---11 --- x                       2 --- 6 ---10 --- 6 --- x
 |           |           :                       |           |           :
 |           |           :                       |           |           :
 4     5     6     7     x                       1     5     6     5     x
 |           |           :                       |           |           :
 |           |           :                       |           |           :
 0 --- 1 --- 2 --- 3 --- x                       0 --- 1 --- 2 --- 1 --- x
orbital number : 1
********************************************************************************************************************
Read input file "obs_params.in"
	Observable Type : Nq(All),   Sq(All),   N(All),   Delta[s](All),   Delta[d](All),   Delta[s+](All)
** WARNING ** the input observables have non-local factors which have been reinterpreted. The total observable number is 96
********************************************************************************************************************


********************************************************************************************************************
Start calculating the non-Gaussian ED ground state
Maximal iteration number is 1000; energy resolution is 1e-06. Phonon state relaxation time is 2000
W = 0.2 is relatively large. The non-Gaussian ED calculation starts directly.
open output files: NGSED_iteration_obserbles.txt
********************************************************************************************************************
Start the 0 rounds of NGS-ED iteration
	effective electronic model is modified as: kinetic energy t = 1
	                                           effective interaction Vq = [0,0,0,0,0,0,0,0,0,0,0,0,0,0,0,0]
	first Hamiltonian is constructed, size = 8179600 and non-zero numbers = 2178478298
	PARPACK diagonalization completed after 180 matrix-vector product operations.
	iteration results: : total energy is -11.868836 | electron energy -11.868836 + phonon energy 0.000000 | electron momentum kIdx = 0
	Nq(0) = 12.25,	Nq(1) = 0.154193,	Nq(2) = 0.185311,	Nq(3) = 0.154193,	Nq(4) = 0.154193,	Nq(5) = 0.203281,	
	Nq(6) = 0.235634,	Nq(7) = 0.203281,	Nq(8) = 0.185311,	Nq(9) = 0.235634,	Nq(10) = 0.275446,	
	Nq(11) = 0.235634,	Nq(12) = 0.154193,	Nq(13) = 0.203281,	Nq(14) = 0.235634,	Nq(15) = 0.203281;	
	Sq(0) = -1.83137e-18,	Sq(1) = 0.474292,	Sq(2) = 0.766364,	Sq(3) = 0.474292,	Sq(4) = 0.474292,	
	Sq(5) = 0.630724,	Sq(6) = 1.05279,	Sq(7) = 0.630724,	Sq(8) = 0.766364,	Sq(9) = 1.05279,	
	Sq(10) = 2.56755,	Sq(11) = 1.05279,	Sq(12) = 0.474292,	Sq(13) = 0.630724,	Sq(14) = 1.05279,	
	Sq(15) = 0.630724;	N(0) = 1.75464,	N(1) = 1.59086,	N(2) = 0.323321,	N(3) = 1.59086,	
	N(4) = 1.59086,	N(5) = 0.999881,	N(6) = 0.267546,	N(7) = 0.999881,	N(8) = 0.323321,	
	N(9) = 0.267546,	N(10) = 0.165565,	N(11) = 0.267546,	N(12) = 1.59086,	N(13) = 0.999881,	
	N(14) = 0.267546,	N(15) = 0.999881;	Delta[s](0) = 0.0793756,	Delta[s](1) = 0.0592788,	Delta[s](2) = 0.0353938,	
	Delta[s](3) = 0.0592788,	Delta[s](4) = 0.0592788,	Delta[s](5) = 0.0423061,	Delta[s](6) = 0.0194296,	Delta[s](7) = 0.0423061,	
	Delta[s](8) = 0.0353938,	Delta[s](9) = 0.0194296,	Delta[s](10) = 2.85871e-05,	Delta[s](11) = 0.0194296,	Delta[s](12) = 0.0592788,	
	Delta[s](13) = 0.0423061,	Delta[s](14) = 0.0194296,	Delta[s](15) = 0.0423061;	Delta[d](0) = 0.276047,	Delta[d](1) = 0.18961,	
	Delta[d](2) = 0.199472,	Delta[d](3) = 0.18961,	Delta[d](4) = 0.18961,	Delta[d](5) = 0.176382,	Delta[d](6) = 0.132282,	
	Delta[d](7) = 0.176382,	Delta[d](8) = 0.199472,	Delta[d](9) = 0.132282,	Delta[d](10) = 0.0533092,	Delta[d](11) = 0.132282,	
	Delta[d](12) = 0.18961,	Delta[d](13) = 0.176382,	Delta[d](14) = 0.132282,	Delta[d](15) = 0.176382;	Delta[s+](0) = 0.559774,	
	Delta[s+](1) = 0.416785,	Delta[s+](2) = 0.199472,	Delta[s+](3) = 0.416785,	Delta[s+](4) = 0.416785,	Delta[s+](5) = 0.291245,	
	Delta[s+](6) = 0.125951,	Delta[s+](7) = 0.291245,	Delta[s+](8) = 0.199472,	Delta[s+](9) = 0.125951,	Delta[s+](10) = 0.038096,	
	Delta[s+](11) = 0.125951,	Delta[s+](12) = 0.416785,	Delta[s+](13) = 0.291245,	Delta[s+](14) = 0.125951,	Delta[s+](15) = 0.291245
	
The 0-th iteration is completed.	|| time cost : 0h 4m 45.738s
********************************************************************************************************************
Start the 1 rounds of NGS-ED iteration
	effective electronic model is modified as: kinetic energy t = 0.999818
	                                           effective interaction Vq = [     -0.1125, -0.00650659, -0.00163156, -0.00650659, -0.00650659, -0.00178154,-0.000255712, -0.00178154, -0.00163156,-0.000255712,-2.50361e-05,-0.000255712, -0.00650659, -0.00178154,-0.000255712, -0.00178154]
	PARPACK diagonalization completed after 45 matrix-vector product operations.
	iteration results: : total energy is -13.250190 | electron energy -13.250196 + phonon energy 0.000006 | electron momentum kIdx = 0
The 1-th iteration is completed.	|| time cost : 0h 2m 56.256s
********************************************************************************************************************
Start the 2 rounds of NGS-ED iteration
	effective electronic model is modified as: kinetic energy t = 0.999818
	                                           effective interaction Vq = [     -0.1125, -0.00650894, -0.00163155, -0.00650894, -0.00650894,  -0.0017815,-0.000255694,  -0.0017815, -0.00163155,-0.000255694,-2.50347e-05,-0.000255694, -0.00650894,  -0.0017815,-0.000255694,  -0.0017815]
	PARPACK diagonalization completed after 30 matrix-vector product operations.
	iteration results: : total energy is -13.250190 | electron energy -13.250196 + phonon energy 0.000006 | electron momentum kIdx = 0
The 2-th iteration is completed.	|| time cost : 0h 0m 22.044s
********************************************************************************************************************
Start the 3 rounds of NGS-ED iteration
	effective electronic model is modified as: kinetic energy t = 0.999818
	                                           effective interaction Vq = [     -0.1125, -0.00650894, -0.00163155, -0.00650894, -0.00650894,  -0.0017815,-0.000255694,  -0.0017815, -0.00163155,-0.000255694,-2.50347e-05,-0.000255694, -0.00650894,  -0.0017815,-0.000255694,  -0.0017815]
	PARPACK diagonalization completed after 30 matrix-vector product operations.
	iteration results: : total energy is -13.250190 | electron energy -13.250196 + phonon energy 0.000006 | electron momentum kIdx = 0
	Nq(0) = 12.25,	Nq(1) = 0.154269,	Nq(2) = 0.18533,	Nq(3) = 0.154269,	Nq(4) = 0.154269,	Nq(5) = 0.203299,	
	Nq(6) = 0.235641,	Nq(7) = 0.203299,	Nq(8) = 0.18533,	Nq(9) = 0.235641,	Nq(10) = 0.275459,	
	Nq(11) = 0.235641,	Nq(12) = 0.154269,	Nq(13) = 0.203299,	Nq(14) = 0.235641,	Nq(15) = 0.203299;	
	Sq(0) = -4.83216e-18,	Sq(1) = 0.47423,	Sq(2) = 0.76632,	Sq(3) = 0.47423,	Sq(4) = 0.47423,	
	Sq(5) = 0.630692,	Sq(6) = 1.05281,	Sq(7) = 0.630692,	Sq(8) = 0.76632,	Sq(9) = 1.05281,	
	Sq(10) = 2.56749,	Sq(11) = 1.05281,	Sq(12) = 0.47423,	Sq(13) = 0.630692,	Sq(14) = 1.05281,	
	Sq(15) = 0.630692;	N(0) = 1.75472,	N(1) = 1.59098,	N(2) = 0.323238,	N(3) = 1.59098,	
	N(4) = 1.59098,	N(5) = 0.999858,	N(6) = 0.267479,	N(7) = 0.999858,	N(8) = 0.323238,	
	N(9) = 0.267479,	N(10) = 0.165549,	N(11) = 0.267479,	N(12) = 1.59098,	N(13) = 0.999858,	
	N(14) = 0.267479,	N(15) = 0.999858;	Delta[s](0) = 0.0794031,	Delta[s](1) = 0.0592998,	Delta[s](2) = 0.0354047,	
	Delta[s](3) = 0.0592998,	Delta[s](4) = 0.0592998,	Delta[s](5) = 0.042323,	Delta[s](6) = 0.0194366,	Delta[s](7) = 0.042323,	
	Delta[s](8) = 0.0354047,	Delta[s](9) = 0.0194366,	Delta[s](10) = 2.86144e-05,	Delta[s](11) = 0.0194366,	Delta[s](12) = 0.0592998,	
	Delta[s](13) = 0.042323,	Delta[s](14) = 0.0194366,	Delta[s](15) = 0.042323;	Delta[d](0) = 0.276186,	Delta[d](1) = 0.189607,	
	Delta[d](2) = 0.199468,	Delta[d](3) = 0.189607,	Delta[d](4) = 0.189607,	Delta[d](5) = 0.176377,	Delta[d](6) = 0.132266,	
	Delta[d](7) = 0.176377,	Delta[d](8) = 0.199468,	Delta[d](9) = 0.132266,	Delta[d](10) = 0.0533113,	Delta[d](11) = 0.132266,	
	Delta[d](12) = 0.189607,	Delta[d](13) = 0.176377,	Delta[d](14) = 0.132266,	Delta[d](15) = 0.176377;	Delta[s+](0) = 0.559809,	
	Delta[s+](1) = 0.416805,	Delta[s+](2) = 0.199468,	Delta[s+](3) = 0.416805,	Delta[s+](4) = 0.416805,	Delta[s+](5) = 0.291248,	
	Delta[s+](6) = 0.125941,	Delta[s+](7) = 0.291248,	Delta[s+](8) = 0.199468,	Delta[s+](9) = 0.125941,	Delta[s+](10) = 0.0380881,	
	Delta[s+](11) = 0.125941,	Delta[s+](12) = 0.416805,	Delta[s+](13) = 0.291248,	Delta[s+](14) = 0.125941,	Delta[s+](15) = 0.291248
	
The 3-th iteration is completed.	|| time cost : 0h 3m 9.004s
********************************************************************************************************************
********************************************************************************************************************
Ground state is obtained after 4 iterations. The current ground-state energy is -13.2502, in which electron energy is -13.2502 and phonon energy is 5.62838e-06
Final variational state is: 
	Gamma_x = [      1,1.00489,1.00149,1.00489,1.00489,1.00178, 1.0003,1.00178,1.00149, 1.0003,1.00003, 1.0003,1.00489,1.00178, 1.0003,1.00178]
	lambda_q = [       0.75,  0.0304278,  0.0118547,  0.0304278,  0.0304278,  0.0129652, 0.00432388,  0.0129652,  0.0118547, 0.00432388,-0.00126781, 0.00432388,  0.0304278,  0.0129652, 0.00432388,  0.0129652]
Effective e-e interactions mediated by phonons are:
	momentum-space Vq = [     -0.1125, -0.00650894, -0.00163155, -0.00650894, -0.00650894,  -0.0017815,-0.000255694,  -0.0017815, -0.00163155,-0.000255694,-2.50347e-05,-0.000255694, -0.00650894,  -0.0017815,-0.000255694,  -0.0017815]
	real-space Vr = [-0.00937329,-0.00781134,-0.00679138,-0.00781134,-0.00781134,-0.00682887,-0.00624803,-0.00682887,-0.00679138,-0.00624803,-0.00599098,-0.00624803,-0.00781134,-0.00682887,-0.00624803,-0.00682887]
********************************************************************************************************************
o___o  ----------------------------------------
| L |	Time since last clock: 0h 0m 0.009s
A===A	Time since the beginning: 0h 11m 13.054s
***********************************************


Non-Gaussina ED ground state calculation is completed. The final ground-state energy is -13.2502
********************************************************************************************************************
o___o  ----------------------------------------
| L |	Time since last clock: 0h 0m 0.004s
A===A	Time since the beginning: 0h 11m 13.059s
***********************************************



********************************************************************************************************************
All non-Gaussian ED ground state calculations have been completed. Exit now.
