TACC:  Starting up job 1744397 
TACC:  Starting parallel tasks... 
SNEDics v3.4 Non-Gaussian ED ground state program		Start at Sun Oct 11 00:49:02 2020

parallized on 16 MPI threads  * 7 OpenMP threads = 112 total threads.
********************************************************************************************************************
********************************************************************************************************************

********************************************************************************************************************
System parameters and configurations
********************************************************************************************************************
Special program options are enabled: splitted diagonal Hamiltonian
********************************************************************************************************************
Read input file "model_params.in"
	Hubbard-Holstein model parameters : 	t = 1    U = 8    g = 0.06    W = 0.2    g' = 0.07    
********************************************************************************************************************
Read input file "hilbertspace_params.in"
	Requested 16-site 2D lattice, with 14 electrons (7, 7)
	Boundary : Periodic		Hilbert space representation : momentum-space (restricted to kIdx = 0)
	Conservation: particle number[U(1)]      spin[U(1)]     momentum
********************************************************************************************************************

Cluster Positions:				Cluster symmetry group : D4
 x ... x ... x ... x .....                       x ... x ... x ... x .....
 |           |           :                       |           |           :
 |           |           :                       |           |           :
12    13    14    15     x                       1     5     6     5     x
 |           |           :                       |           |           :
 |           |           :                       |           |           :
 8 --- 9 ---10 ---11 --- x                       2 --- 6 ---10 --- 6 --- x
 |           |           :                       |           |           :
 |           |           :                       |           |           :
 4     5     6     7     x                       1     5     6     5     x
 |           |           :                       |           |           :
 |           |           :                       |           |           :
 0 --- 1 --- 2 --- 3 --- x                       0 --- 1 --- 2 --- 1 --- x
orbital number : 1
********************************************************************************************************************
Read input file "obs_params.in"
	Observable Type : Nq(All),   Sq(All),   N(All),   Delta[s](All),   Delta[d](All),   Delta[s+](All)
********************************************************************************************************************
** WARNING ** the input observables have non-local factors which have been reinterpreted. The total observable number is 96
********************************************************************************************************************


********************************************************************************************************************
Start calculating the non-Gaussian ED ground state
** WARNING ** Detected low phonon energy W < 10. The initial state will be prepared through a warm-up process.
********************************************************************************************************************
Start warm-up calculation for scaling factor 64
open output files: NGSEDWarmUpW12.8Obs.txt
********************************************************************************************************************
Start the 0 rounds of NGS-ED iteration
	effective electronic model is modified as: kinetic energy t = 1
	                                           effective interaction Vq = [0,0,0,0,0,0,0,0,0,0,0,0,0,0,0,0]
	first Hamiltonian is constructed, non-zero numbers = 2178478298
	PARPACK diagonalization completed after 165 matrix-vector product operations.
	iteration results: : total energy is -11.868836 | electron energy -11.868836 + phonon energy 0.000000 | electron momentum kIdx = 0
	Nq(0) = 12.25,	Nq(1) = 0.154193,	Nq(2) = 0.185311,	Nq(3) = 0.154193,	Nq(4) = 0.154193,	Nq(5) = 0.203281,	Nq(6) = 0.235634,	Nq(7) = 0.203281,	Nq(8) = 0.185311,	Nq(9) = 0.235634,	Nq(10) = 0.275446,	Nq(11) = 0.235634,	Nq(12) = 0.154193,	Nq(13) = 0.203281,	Nq(14) = 0.235634,	Nq(15) = 0.203281,	Sq(0) = 1.11096e-18,	Sq(1) = 0.474292,	Sq(2) = 0.766364,	Sq(3) = 0.474292,	Sq(4) = 0.474292,	Sq(5) = 0.630724,	Sq(6) = 1.05279,	Sq(7) = 0.630724,	Sq(8) = 0.766364,	Sq(9) = 1.05279,	Sq(10) = 2.56755,	Sq(11) = 1.05279,	Sq(12) = 0.474292,	Sq(13) = 0.630724,	Sq(14) = 1.05279,	Sq(15) = 0.630724,	N(0) = 1.75464,	N(1) = 1.59086,	N(2) = 0.323321,	N(3) = 1.59086,	N(4) = 1.59086,	N(5) = 0.999881,	N(6) = 0.267546,	N(7) = 0.999881,	N(8) = 0.323321,	N(9) = 0.267546,	N(10) = 0.165565,	N(11) = 0.267546,	N(12) = 1.59086,	N(13) = 0.999881,	N(14) = 0.267546,	N(15) = 0.999881,	Delta[s](0) = 0.0790924,	Delta[s](1) = 0.0591406,	Delta[s](2) = 0.0354209,	Delta[s](3) = 0.0591406,	Delta[s](4) = 0.0591406,	Delta[s](5) = 0.0422866,	Delta[s](6) = 0.0195747,	Delta[s](7) = 0.0422866,	Delta[s](8) = 0.0354209,	Delta[s](9) = 0.0195747,	Delta[s](10) = 0.000307846,	Delta[s](11) = 0.0195747,	Delta[s](12) = 0.0591406,	Delta[s](13) = 0.0422866,	Delta[s](14) = 0.0195747,	Delta[s](15) = 0.0422866,	Delta[d](0) = 0.27772,	Delta[d](1) = 0.191213,	Delta[d](2) = 0.200974,	Delta[d](3) = 0.191213,	Delta[d](4) = 0.191213,	Delta[d](5) = 0.177792,	Delta[d](6) = 0.133397,	Delta[d](7) = 0.177792,	Delta[d](8) = 0.200974,	Delta[d](9) = 0.133397,	Delta[d](10) = 0.0538123,	Delta[d](11) = 0.133397,	Delta[d](12) = 0.191213,	Delta[d](13) = 0.177792,	Delta[d](14) = 0.133397,	Delta[d](15) = 0.177792,	Delta[s+](0) = 0.563499,	Delta[s+](1) = 0.419598,	Delta[s+](2) = 0.200974,	Delta[s+](3) = 0.419598,	Delta[s+](4) = 0.419598,	Delta[s+](5) = 0.293276,	Delta[s+](6) = 0.126977,	Delta[s+](7) = 0.293276,	Delta[s+](8) = 0.200974,	Delta[s+](9) = 0.126977,	Delta[s+](10) = 0.0385152,	Delta[s+](11) = 0.126977,	Delta[s+](12) = 0.419598,	Delta[s+](13) = 0.293276,	Delta[s+](14) = 0.126977,	Delta[s+](15) = 0.293276
The 0-th iteration is completed.	|| time cost : 0h 6m 31.004s
********************************************************************************************************************
Start the 1 rounds of NGS-ED iteration
	effective electronic model is modified as: kinetic energy t = 0.998039
	                                           effective interaction Vq = [ -0.533318, -0.173081,-0.0148698, -0.173081, -0.173081,-0.0150262,-0.0258731,-0.0150262,-0.0148698,-0.0258731, -0.191815,-0.0258731, -0.173081,-0.0150262,-0.0258731,-0.0150262]
	PARPACK diagonalization completed after 60 matrix-vector product operations.
	iteration results: : total energy is -18.571823 | electron energy -18.571829 + phonon energy 0.000007 | electron momentum kIdx = 0
The 1-th iteration is completed.	|| time cost : 0h 5m 15.556s
********************************************************************************************************************
Start the 2 rounds of NGS-ED iteration
	effective electronic model is modified as: kinetic energy t = 0.997342
	                                           effective interaction Vq = [ -0.574546, -0.188432,-0.0160921, -0.188432, -0.188432,-0.0162857,-0.0279093,-0.0162857,-0.0160921,-0.0279093, -0.206675,-0.0279093, -0.188432,-0.0162857,-0.0279093,-0.0162857]
	PARPACK diagonalization completed after 45 matrix-vector product operations.
	iteration results: : total energy is -19.082190 | electron energy -19.082213 + phonon energy 0.000022 | electron momentum kIdx = 0
The 2-th iteration is completed.	|| time cost : 0h 0m 24.393s
********************************************************************************************************************
Start the 3 rounds of NGS-ED iteration
	effective electronic model is modified as: kinetic energy t = 0.997213
	                                           effective interaction Vq = [ -0.577733, -0.190729,-0.0162568, -0.190729, -0.190729,-0.0164604,-0.0281658,-0.0164604,-0.0162568,-0.0281658, -0.208475,-0.0281658, -0.190729,-0.0164604,-0.0281658,-0.0164604]
	PARPACK diagonalization completed after 45 matrix-vector product operations.
	iteration results: : total energy is -19.121415 | electron energy -19.121443 + phonon energy 0.000028 | electron momentum kIdx = 0
The 3-th iteration is completed.	|| time cost : 0h 0m 24.332s
********************************************************************************************************************
Start the 4 rounds of NGS-ED iteration
	effective electronic model is modified as: kinetic energy t = 0.99719
	                                           effective interaction Vq = [ -0.577979, -0.191157, -0.016282, -0.191157, -0.191157,-0.0164884,-0.0282016,-0.0164884, -0.016282,-0.0282016, -0.208714,-0.0282016, -0.191157,-0.0164884,-0.0282016,-0.0164884]
	PARPACK diagonalization completed after 45 matrix-vector product operations.
	iteration results: : total energy is -19.124440 | electron energy -19.124469 + phonon energy 0.000029 | electron momentum kIdx = 0
The 4-th iteration is completed.	|| time cost : 0h 0m 24.349s
********************************************************************************************************************
Start the 5 rounds of NGS-ED iteration
	effective electronic model is modified as: kinetic energy t = 0.997186
	                                           effective interaction Vq = [ -0.577998, -0.191241,-0.0162859, -0.191241, -0.191241, -0.016493,-0.0282067, -0.016493,-0.0162859,-0.0282067, -0.208747,-0.0282067, -0.191241, -0.016493,-0.0282067, -0.016493]
	PARPACK diagonalization completed after 30 matrix-vector product operations.
	iteration results: : total energy is -19.124674 | electron energy -19.124703 + phonon energy 0.000029 | electron momentum kIdx = 0
	Nq(0) = 12.25,	Nq(1) = 0.156908,	Nq(2) = 0.186,	Nq(3) = 0.156908,	Nq(4) = 0.156908,	Nq(5) = 0.203906,	Nq(6) = 0.237077,	Nq(7) = 0.203906,	Nq(8) = 0.186,	Nq(9) = 0.237077,	Nq(10) = 0.281144,	Nq(11) = 0.237077,	Nq(12) = 0.156908,	Nq(13) = 0.203906,	Nq(14) = 0.237077,	Nq(15) = 0.203906,	Sq(0) = -5.09009e-18,	Sq(1) = 0.472497,	Sq(2) = 0.764184,	Sq(3) = 0.472497,	Sq(4) = 0.472497,	Sq(5) = 0.629096,	Sq(6) = 1.05235,	Sq(7) = 0.629096,	Sq(8) = 0.764184,	Sq(9) = 1.05235,	Sq(10) = 2.56116,	Sq(11) = 1.05235,	Sq(12) = 0.472497,	Sq(13) = 0.629096,	Sq(14) = 1.05235,	Sq(15) = 0.629096,	N(0) = 1.75843,	N(1) = 1.59679,	N(2) = 0.320459,	N(3) = 1.59679,	N(4) = 1.59679,	N(5) = 0.999002,	N(6) = 0.263496,	N(7) = 0.999002,	N(8) = 0.320459,	N(9) = 0.263496,	N(10) = 0.163503,	N(11) = 0.263496,	N(12) = 1.59679,	N(13) = 0.999002,	N(14) = 0.263496,	N(15) = 0.999002,	Delta[s](0) = 0.080499,	Delta[s](1) = 0.0602601,	Delta[s](2) = 0.0361693,	Delta[s](3) = 0.0602601,	Delta[s](4) = 0.0602601,	Delta[s](5) = 0.0431763,	Delta[s](6) = 0.0200783,	Delta[s](7) = 0.0431763,	Delta[s](8) = 0.0361693,	Delta[s](9) = 0.0200783,	Delta[s](10) = 0.000455961,	Delta[s](11) = 0.0200783,	Delta[s](12) = 0.0602601,	Delta[s](13) = 0.0431763,	Delta[s](14) = 0.0200783,	Delta[s](15) = 0.0431763,	Delta[d](0) = 0.282938,	Delta[d](1) = 0.192309,	Delta[d](2) = 0.201937,	Delta[d](3) = 0.192309,	Delta[d](4) = 0.192309,	Delta[d](5) = 0.178766,	Delta[d](6) = 0.133688,	Delta[d](7) = 0.178766,	Delta[d](8) = 0.201937,	Delta[d](9) = 0.133688,	Delta[d](10) = 0.0541296,	Delta[d](11) = 0.133688,	Delta[d](12) = 0.192309,	Delta[d](13) = 0.178766,	Delta[d](14) = 0.133688,	Delta[d](15) = 0.178766,	Delta[s+](0) = 0.567411,	Delta[s+](1) = 0.422501,	Delta[s+](2) = 0.201937,	Delta[s+](3) = 0.422501,	Delta[s+](4) = 0.422501,	Delta[s+](5) = 0.295006,	Delta[s+](6) = 0.127366,	Delta[s+](7) = 0.295006,	Delta[s+](8) = 0.201937,	Delta[s+](9) = 0.127366,	Delta[s+](10) = 0.0384583,	Delta[s+](11) = 0.127366,	Delta[s+](12) = 0.422501,	Delta[s+](13) = 0.295006,	Delta[s+](14) = 0.127366,	Delta[s+](15) = 0.295006
The 5-th iteration is completed.	|| time cost : 0h 4m 0.299s
********************************************************************************************************************
********************************************************************************************************************
Ground state is obtained after 6 iterations. The current ground-state energy is -19.1247, in which electron energy is -19.1247 and phonon energy is 2.92216e-05
final variational state is: 
	Gamma_x = [      1,1.00081,1.00011,1.00081,1.00081,1.00012,1.00027,1.00012,1.00011,1.00027,1.00248,1.00027,1.00081,1.00012,1.00027,1.00012]
	lambda_q = [  0.212402, 0.0988653,   0.02593, 0.0988653, 0.0988653,  0.026652,-0.0327867,  0.026652,   0.02593,-0.0327867,-0.0865335,-0.0327867, 0.0988653,  0.026652,-0.0327867,  0.026652]
The effective e-e interactions mediated by phonons are: [    0.578, 0.191257,0.0162865, 0.191257, 0.191257,0.0164937,0.0282074,0.0164937,0.0162865,0.0282074, 0.208751,0.0282074, 0.191257,0.0164937,0.0282074,0.0164937]
The real-space interactions mediated by phonons are: [ -1.76316,-0.638655,-0.211772,-0.609564,-0.695349,-0.786048,-0.211772,-0.212585,-0.753349,-0.212585,-0.211772,-0.786048,-0.695349,-0.609564,-0.211772,-0.638655]
********************************************************************************************************************
o___o  ----------------------------------------
| L |	Time since last clock: 0h 0m 0s
A===A	Time since the beginning: 0h 16m 59.936s
***********************************************

********************************************************************************************************************
Start warm-up calculation for scaling factor 32
open output files: NGSEDWarmUpW6.4Obs.txt
********************************************************************************************************************
Start the 0 rounds of NGS-ED iteration
	effective electronic model is modified as: kinetic energy t = 0.997185
	                                           effective interaction Vq = [ -0.528305, -0.161151,-0.0132987, -0.161151, -0.161151,-0.0135459,-0.0227953,-0.0135459,-0.0132987,-0.0227953,  -0.16746,-0.0227953, -0.161151,-0.0135459,-0.0227953,-0.0135459]
	PARPACK diagonalization completed after 60 matrix-vector product operations.
	iteration results: : total energy is -18.476849 | electron energy -18.476863 + phonon energy 0.000015 | electron momentum kIdx = 0
	Nq(0) = 12.25,	Nq(1) = 0.156434,	Nq(2) = 0.185805,	Nq(3) = 0.156434,	Nq(4) = 0.156434,	Nq(5) = 0.203704,	Nq(6) = 0.236714,	Nq(7) = 0.203704,	Nq(8) = 0.185805,	Nq(9) = 0.236714,	Nq(10) = 0.279909,	Nq(11) = 0.236714,	Nq(12) = 0.156434,	Nq(13) = 0.203704,	Nq(14) = 0.236714,	Nq(15) = 0.203704,	Sq(0) = 1.46904e-18,	Sq(1) = 0.472756,	Sq(2) = 0.764639,	Sq(3) = 0.472756,	Sq(4) = 0.472756,	Sq(5) = 0.629418,	Sq(6) = 1.05267,	Sq(7) = 0.629418,	Sq(8) = 0.764639,	Sq(9) = 1.05267,	Sq(10) = 2.5624,	Sq(11) = 1.05267,	Sq(12) = 0.472756,	Sq(13) = 0.629418,	Sq(14) = 1.05267,	Sq(15) = 0.629418,	N(0) = 1.75758,	N(1) = 1.59551,	N(2) = 0.321178,	N(3) = 1.59551,	N(4) = 1.59551,	N(5) = 0.999144,	N(6) = 0.264357,	N(7) = 0.999144,	N(8) = 0.321178,	N(9) = 0.264357,	N(10) = 0.164016,	N(11) = 0.264357,	N(12) = 1.59551,	N(13) = 0.999144,	N(14) = 0.264357,	N(15) = 0.999144,	Delta[s](0) = 0.0801017,	Delta[s](1) = 0.0599715,	Delta[s](2) = 0.0360157,	Delta[s](3) = 0.0599715,	Delta[s](4) = 0.0599715,	Delta[s](5) = 0.0429711,	Delta[s](6) = 0.0200121,	Delta[s](7) = 0.0429711,	Delta[s](8) = 0.0360157,	Delta[s](9) = 0.0200121,	Delta[s](10) = 0.000511629,	Delta[s](11) = 0.0200121,	Delta[s](12) = 0.0599715,	Delta[s](13) = 0.0429711,	Delta[s](14) = 0.0200121,	Delta[s](15) = 0.0429711,	Delta[d](0) = 0.283966,	Delta[d](1) = 0.193633,	Delta[d](2) = 0.203239,	Delta[d](3) = 0.193633,	Delta[d](4) = 0.193633,	Delta[d](5) = 0.179944,	Delta[d](6) = 0.134674,	Delta[d](7) = 0.179944,	Delta[d](8) = 0.203239,	Delta[d](9) = 0.134674,	Delta[d](10) = 0.0545416,	Delta[d](11) = 0.134674,	Delta[d](12) = 0.193633,	Delta[d](13) = 0.179944,	Delta[d](14) = 0.134674,	Delta[d](15) = 0.179944,	Delta[s+](0) = 0.57053,	Delta[s+](1) = 0.424843,	Delta[s+](2) = 0.203239,	Delta[s+](3) = 0.424843,	Delta[s+](4) = 0.424843,	Delta[s+](5) = 0.296727,	Delta[s+](6) = 0.128262,	Delta[s+](7) = 0.296727,	Delta[s+](8) = 0.203239,	Delta[s+](9) = 0.128262,	Delta[s+](10) = 0.0388218,	Delta[s+](11) = 0.128262,	Delta[s+](12) = 0.424843,	Delta[s+](13) = 0.296727,	Delta[s+](14) = 0.128262,	Delta[s+](15) = 0.296727
The 0-th iteration is completed.	|| time cost : 0h 4m 4.406s
********************************************************************************************************************
Start the 1 rounds of NGS-ED iteration
	effective electronic model is modified as: kinetic energy t = 0.996807
	                                           effective interaction Vq = [ -0.564183, -0.170882,-0.0137969, -0.170882, -0.170882,-0.0141267, -0.023392,-0.0141267,-0.0137969, -0.023392, -0.170221, -0.023392, -0.170882,-0.0141267, -0.023392,-0.0141267]
	PARPACK diagonalization completed after 45 matrix-vector product operations.
	iteration results: : total energy is -18.917983 | electron energy -18.918032 + phonon energy 0.000048 | electron momentum kIdx = 0
The 1-th iteration is completed.	|| time cost : 0h 0m 24.344s
********************************************************************************************************************
Start the 2 rounds of NGS-ED iteration
	effective electronic model is modified as: kinetic energy t = 0.996667
	                                           effective interaction Vq = [ -0.574158, -0.174203,-0.0139403, -0.174203, -0.174203,-0.0143005,-0.0235504,-0.0143005,-0.0139403,-0.0235504, -0.170958,-0.0235504, -0.174203,-0.0143005,-0.0235504,-0.0143005]
	PARPACK diagonalization completed after 45 matrix-vector product operations.
	iteration results: : total energy is -19.040409 | electron energy -19.040475 + phonon energy 0.000066 | electron momentum kIdx = 0
The 2-th iteration is completed.	|| time cost : 0h 0m 24.405s
********************************************************************************************************************
Start the 3 rounds of NGS-ED iteration
	effective electronic model is modified as: kinetic energy t = 0.996616
	                                           effective interaction Vq = [ -0.576932, -0.175408,-0.0139827, -0.175408, -0.175408,-0.0143542,-0.0235933,-0.0143542,-0.0139827,-0.0235933, -0.171159,-0.0235933, -0.175408,-0.0143542,-0.0235933,-0.0143542]
	PARPACK diagonalization completed after 45 matrix-vector product operations.
	iteration results: : total energy is -19.074416 | electron energy -19.074490 + phonon energy 0.000074 | electron momentum kIdx = 0
The 3-th iteration is completed.	|| time cost : 0h 0m 24.374s
********************************************************************************************************************
Start the 4 rounds of NGS-ED iteration
	effective electronic model is modified as: kinetic energy t = 0.996597
	                                           effective interaction Vq = [ -0.577703, -0.175857,-0.0139953, -0.175857, -0.175857,-0.0143709,-0.0236049,-0.0143709,-0.0139953,-0.0236049, -0.171214,-0.0236049, -0.175857,-0.0143709,-0.0236049,-0.0143709]
	PARPACK diagonalization completed after 45 matrix-vector product operations.
	iteration results: : total energy is -19.083867 | electron energy -19.083944 + phonon energy 0.000077 | electron momentum kIdx = 0
The 4-th iteration is completed.	|| time cost : 0h 0m 24.393s
********************************************************************************************************************
Start the 5 rounds of NGS-ED iteration
	effective electronic model is modified as: kinetic energy t = 0.99659
	                                           effective interaction Vq = [ -0.577917, -0.176026,-0.0139991, -0.176026, -0.176026,-0.0143762,-0.0236081,-0.0143762,-0.0139991,-0.0236081,  -0.17123,-0.0236081, -0.176026,-0.0143762,-0.0236081,-0.0143762]
	PARPACK diagonalization completed after 30 matrix-vector product operations.
	iteration results: : total energy is -19.086495 | electron energy -19.086573 + phonon energy 0.000078 | electron momentum kIdx = 0
The 5-th iteration is completed.	|| time cost : 0h 0m 21.567s
********************************************************************************************************************
Start the 6 rounds of NGS-ED iteration
	effective electronic model is modified as: kinetic energy t = 0.996588
	                                           effective interaction Vq = [ -0.577977,  -0.17609,-0.0140002,  -0.17609,  -0.17609,-0.0143778, -0.023609,-0.0143778,-0.0140002, -0.023609, -0.171234, -0.023609,  -0.17609,-0.0143778, -0.023609,-0.0143778]
	PARPACK diagonalization completed after 30 matrix-vector product operations.
	iteration results: : total energy is -19.087225 | electron energy -19.087303 + phonon energy 0.000078 | electron momentum kIdx = 0
The 6-th iteration is completed.	|| time cost : 0h 0m 21.587s
********************************************************************************************************************
Start the 7 rounds of NGS-ED iteration
	effective electronic model is modified as: kinetic energy t = 0.996587
	                                           effective interaction Vq = [ -0.577994, -0.176115,-0.0140006, -0.176115, -0.176115,-0.0143783,-0.0236092,-0.0143783,-0.0140006,-0.0236092, -0.171236,-0.0236092, -0.176115,-0.0143783,-0.0236092,-0.0143783]
	PARPACK diagonalization completed after 30 matrix-vector product operations.
	iteration results: : total energy is -19.087428 | electron energy -19.087507 + phonon energy 0.000078 | electron momentum kIdx = 0
	Nq(0) = 12.25,	Nq(1) = 0.156609,	Nq(2) = 0.185775,	Nq(3) = 0.156609,	Nq(4) = 0.156609,	Nq(5) = 0.203649,	Nq(6) = 0.236684,	Nq(7) = 0.203649,	Nq(8) = 0.185775,	Nq(9) = 0.236684,	Nq(10) = 0.279957,	Nq(11) = 0.236684,	Nq(12) = 0.156609,	Nq(13) = 0.203649,	Nq(14) = 0.236684,	Nq(15) = 0.203649,	Sq(0) = -1.79992e-18,	Sq(1) = 0.47259,	Sq(2) = 0.764585,	Sq(3) = 0.47259,	Sq(4) = 0.47259,	Sq(5) = 0.629363,	Sq(6) = 1.05289,	Sq(7) = 0.629363,	Sq(8) = 0.764585,	Sq(9) = 1.05289,	Sq(10) = 2.56218,	Sq(11) = 1.05289,	Sq(12) = 0.47259,	Sq(13) = 0.629363,	Sq(14) = 1.05289,	Sq(15) = 0.629363,	N(0) = 1.75761,	N(1) = 1.59561,	N(2) = 0.321227,	N(3) = 1.59561,	N(4) = 1.59561,	N(5) = 0.999068,	N(6) = 0.26429,	N(7) = 0.999068,	N(8) = 0.321227,	N(9) = 0.26429,	N(10) = 0.164062,	N(11) = 0.26429,	N(12) = 1.59561,	N(13) = 0.999068,	N(14) = 0.26429,	N(15) = 0.999068,	Delta[s](0) = 0.0800887,	Delta[s](1) = 0.0599715,	Delta[s](2) = 0.0360287,	Delta[s](3) = 0.0599715,	Delta[s](4) = 0.0599715,	Delta[s](5) = 0.0429799,	Delta[s](6) = 0.0200346,	Delta[s](7) = 0.0429799,	Delta[s](8) = 0.0360287,	Delta[s](9) = 0.0200346,	Delta[s](10) = 0.000547078,	Delta[s](11) = 0.0200346,	Delta[s](12) = 0.0599715,	Delta[s](13) = 0.0429799,	Delta[s](14) = 0.0200346,	Delta[s](15) = 0.0429799,	Delta[d](0) = 0.286273,	Delta[d](1) = 0.1951,	Delta[d](2) = 0.2047,	Delta[d](3) = 0.1951,	Delta[d](4) = 0.1951,	Delta[d](5) = 0.181269,	Delta[d](6) = 0.135649,	Delta[d](7) = 0.181269,	Delta[d](8) = 0.2047,	Delta[d](9) = 0.135649,	Delta[d](10) = 0.0549872,	Delta[d](11) = 0.135649,	Delta[d](12) = 0.1951,	Delta[d](13) = 0.181269,	Delta[d](14) = 0.135649,	Delta[d](15) = 0.181269,	Delta[s+](0) = 0.574513,	Delta[s+](1) = 0.427813,	Delta[s+](2) = 0.2047,	Delta[s+](3) = 0.427813,	Delta[s+](4) = 0.427813,	Delta[s+](5) = 0.298798,	Delta[s+](6) = 0.129185,	Delta[s+](7) = 0.298798,	Delta[s+](8) = 0.2047,	Delta[s+](9) = 0.129185,	Delta[s+](10) = 0.0391242,	Delta[s+](11) = 0.129185,	Delta[s+](12) = 0.427813,	Delta[s+](13) = 0.298798,	Delta[s+](14) = 0.129185,	Delta[s+](15) = 0.298798
The 7-th iteration is completed.	|| time cost : 0h 3m 58.425s
********************************************************************************************************************
********************************************************************************************************************
Ground state is obtained after 8 iterations. The current ground-state energy is -19.0874, in which electron energy is -19.0875 and phonon energy is 7.84589e-05
final variational state is: 
	Gamma_x = [      1,1.00221,1.00026,1.00221,1.00221,1.00028,1.00059,1.00028,1.00026,1.00059,1.00527,1.00059,1.00221,1.00028,1.00059,1.00028]
	lambda_q = [  0.299994,  0.115698, 0.0280351,  0.115698,  0.115698, 0.0292452,-0.0345022, 0.0292452, 0.0280351,-0.0345022,-0.0893027,-0.0345022,  0.115698, 0.0292452,-0.0345022, 0.0292452]
The effective e-e interactions mediated by phonons are: [ 0.577998, 0.176124,0.0140007, 0.176124, 0.176124,0.0143785,0.0236093,0.0143785,0.0140007,0.0236093, 0.171236,0.0236093, 0.176124,0.0143785,0.0236093,0.0143785]
The real-space interactions mediated by phonons are: [ -1.63368,-0.652085,-0.239751,-0.592639,-0.711792, -0.75772,-0.239751,-0.253545,-0.719722,-0.253545,-0.239751, -0.75772,-0.711792,-0.592639,-0.239751,-0.652085]
********************************************************************************************************************
o___o  ----------------------------------------
| L |	Time since last clock: 0h 0m 0s
A===A	Time since the beginning: 0h 27m 23.44s
***********************************************

********************************************************************************************************************
Start warm-up calculation for scaling factor 16
open output files: NGSEDWarmUpW3.2Obs.txt
********************************************************************************************************************
Start the 0 rounds of NGS-ED iteration
	effective electronic model is modified as: kinetic energy t = 0.996587
	                                           effective interaction Vq = [ -0.527995, -0.142281,-0.0109418, -0.142281, -0.142281,-0.0113008,-0.0182721,-0.0113008,-0.0109418,-0.0182721, -0.131653,-0.0182721, -0.142281,-0.0113008,-0.0182721,-0.0113008]
	PARPACK diagonalization completed after 60 matrix-vector product operations.
	iteration results: : total energy is -18.434071 | electron energy -18.434110 + phonon energy 0.000039 | electron momentum kIdx = 0
	Nq(0) = 12.25,	Nq(1) = 0.156087,	Nq(2) = 0.18558,	Nq(3) = 0.156087,	Nq(4) = 0.156087,	Nq(5) = 0.203452,	Nq(6) = 0.236322,	Nq(7) = 0.203452,	Nq(8) = 0.18558,	Nq(9) = 0.236322,	Nq(10) = 0.278762,	Nq(11) = 0.236322,	Nq(12) = 0.156087,	Nq(13) = 0.203452,	Nq(14) = 0.236322,	Nq(15) = 0.203452,	Sq(0) = 2.58409e-18,	Sq(1) = 0.472893,	Sq(2) = 0.765057,	Sq(3) = 0.472893,	Sq(4) = 0.472893,	Sq(5) = 0.629701,	Sq(6) = 1.05318,	Sq(7) = 0.629701,	Sq(8) = 0.765057,	Sq(9) = 1.05318,	Sq(10) = 2.56344,	Sq(11) = 1.05318,	Sq(12) = 0.472893,	Sq(13) = 0.629701,	Sq(14) = 1.05318,	Sq(15) = 0.629701,	N(0) = 1.75674,	N(1) = 1.59429,	N(2) = 0.321968,	N(3) = 1.59429,	N(4) = 1.59429,	N(5) = 0.999228,	N(6) = 0.265172,	N(7) = 0.999228,	N(8) = 0.321968,	N(9) = 0.265172,	N(10) = 0.16457,	N(11) = 0.265172,	N(12) = 1.59429,	N(13) = 0.999228,	N(14) = 0.265172,	N(15) = 0.999228,	Delta[s](0) = 0.0797554,	Delta[s](1) = 0.0597121,	Delta[s](2) = 0.0358648,	Delta[s](3) = 0.0597121,	Delta[s](4) = 0.0597121,	Delta[s](5) = 0.0427752,	Delta[s](6) = 0.0199296,	Delta[s](7) = 0.0427752,	Delta[s](8) = 0.0358648,	Delta[s](9) = 0.0199296,	Delta[s](10) = 0.000531061,	Delta[s](11) = 0.0199296,	Delta[s](12) = 0.0597121,	Delta[s](13) = 0.0427752,	Delta[s](14) = 0.0199296,	Delta[s](15) = 0.0427752,	Delta[d](0) = 0.287365,	Delta[d](1) = 0.196407,	Delta[d](2) = 0.20604,	Delta[d](3) = 0.196407,	Delta[d](4) = 0.196407,	Delta[d](5) = 0.182458,	Delta[d](6) = 0.136637,	Delta[d](7) = 0.182458,	Delta[d](8) = 0.20604,	Delta[d](9) = 0.136637,	Delta[d](10) = 0.0553759,	Delta[d](11) = 0.136637,	Delta[d](12) = 0.196407,	Delta[d](13) = 0.182458,	Delta[d](14) = 0.136637,	Delta[d](15) = 0.182458,	Delta[s+](0) = 0.577861,	Delta[s+](1) = 0.430317,	Delta[s+](2) = 0.20604,	Delta[s+](3) = 0.430317,	Delta[s+](4) = 0.430317,	Delta[s+](5) = 0.300622,	Delta[s+](6) = 0.130091,	Delta[s+](7) = 0.300622,	Delta[s+](8) = 0.20604,	Delta[s+](9) = 0.130091,	Delta[s+](10) = 0.0394623,	Delta[s+](11) = 0.130091,	Delta[s+](12) = 0.430317,	Delta[s+](13) = 0.300622,	Delta[s+](14) = 0.130091,	Delta[s+](15) = 0.300622
The 0-th iteration is completed.	|| time cost : 0h 4m 3.327s
********************************************************************************************************************
Start the 1 rounds of NGS-ED iteration
	effective electronic model is modified as: kinetic energy t = 0.99666
	                                           effective interaction Vq = [ -0.551633, -0.144679,-0.0107485, -0.144679, -0.144679,-0.0111862,-0.0176765,-0.0111862,-0.0107485,-0.0176765, -0.125744,-0.0176765, -0.144679,-0.0111862,-0.0176765,-0.0111862]
	PARPACK diagonalization completed after 45 matrix-vector product operations.
	iteration results: : total energy is -18.723955 | electron energy -18.724037 + phonon energy 0.000082 | electron momentum kIdx = 0
The 1-th iteration is completed.	|| time cost : 0h 0m 24.387s
********************************************************************************************************************
Start the 2 rounds of NGS-ED iteration
	effective electronic model is modified as: kinetic energy t = 0.996668
	                                           effective interaction Vq = [ -0.564097, -0.145924,-0.0106686, -0.145924, -0.145924,-0.0111366, -0.017453,-0.0111366,-0.0106686, -0.017453, -0.123743, -0.017453, -0.145924,-0.0111366, -0.017453,-0.0111366]
	PARPACK diagonalization completed after 45 matrix-vector product operations.
	iteration results: : total energy is -18.876696 | electron energy -18.876805 + phonon energy 0.000108 | electron momentum kIdx = 0
The 2-th iteration is completed.	|| time cost : 0h 0m 24.375s
********************************************************************************************************************
Start the 3 rounds of NGS-ED iteration
	effective electronic model is modified as: kinetic energy t = 0.996663
	                                           effective interaction Vq = [ -0.570669, -0.146577,-0.0106358, -0.146577, -0.146577,-0.0111152,-0.0173699,-0.0111152,-0.0106358,-0.0173699, -0.123077,-0.0173699, -0.146577,-0.0111152,-0.0173699,-0.0111152]
	PARPACK diagonalization completed after 45 matrix-vector product operations.
	iteration results: : total energy is -18.957218 | electron energy -18.957341 + phonon energy 0.000123 | electron momentum kIdx = 0
The 3-th iteration is completed.	|| time cost : 0h 0m 24.381s
********************************************************************************************************************
Start the 4 rounds of NGS-ED iteration
	effective electronic model is modified as: kinetic energy t = 0.996657
	                                           effective interaction Vq = [ -0.574134, -0.146921,-0.0106223, -0.146921, -0.146921,-0.0111059,-0.0173392,-0.0111059,-0.0106223,-0.0173392, -0.122859,-0.0173392, -0.146921,-0.0111059,-0.0173392,-0.0111059]
	PARPACK diagonalization completed after 45 matrix-vector product operations.
	iteration results: : total energy is -18.999673 | electron energy -18.999805 + phonon energy 0.000132 | electron momentum kIdx = 0
The 4-th iteration is completed.	|| time cost : 0h 0m 24.414s
********************************************************************************************************************
Start the 5 rounds of NGS-ED iteration
	effective electronic model is modified as: kinetic energy t = 0.996653
	                                           effective interaction Vq = [ -0.575962, -0.147104,-0.0106168, -0.147104, -0.147104, -0.011102,-0.0173279, -0.011102,-0.0106168,-0.0173279, -0.122789,-0.0173279, -0.147104, -0.011102,-0.0173279, -0.011102]
	PARPACK diagonalization completed after 30 matrix-vector product operations.
	iteration results: : total energy is -19.022058 | electron energy -19.022195 + phonon energy 0.000137 | electron momentum kIdx = 0
The 5-th iteration is completed.	|| time cost : 0h 0m 21.532s
********************************************************************************************************************
Start the 6 rounds of NGS-ED iteration
	effective electronic model is modified as: kinetic energy t = 0.99665
	                                           effective interaction Vq = [ -0.576925, -0.147201,-0.0106146, -0.147201, -0.147201,-0.0111003,-0.0173238,-0.0111003,-0.0106146,-0.0173238, -0.122767,-0.0173238, -0.147201,-0.0111003,-0.0173238,-0.0111003]
	PARPACK diagonalization completed after 30 matrix-vector product operations.
	iteration results: : total energy is -19.033862 | electron energy -19.034001 + phonon energy 0.000140 | electron momentum kIdx = 0
The 6-th iteration is completed.	|| time cost : 0h 0m 21.564s
********************************************************************************************************************
Start the 7 rounds of NGS-ED iteration
	effective electronic model is modified as: kinetic energy t = 0.996649
	                                           effective interaction Vq = [ -0.577433, -0.147253,-0.0106137, -0.147253, -0.147253,-0.0110996,-0.0173223,-0.0110996,-0.0106137,-0.0173223, -0.122761,-0.0173223, -0.147253,-0.0110996,-0.0173223,-0.0110996]
	PARPACK diagonalization completed after 30 matrix-vector product operations.
	iteration results: : total energy is -19.040086 | electron energy -19.040227 + phonon energy 0.000141 | electron momentum kIdx = 0
The 7-th iteration is completed.	|| time cost : 0h 0m 21.584s
********************************************************************************************************************
Start the 8 rounds of NGS-ED iteration
	effective electronic model is modified as: kinetic energy t = 0.996648
	                                           effective interaction Vq = [ -0.577701,  -0.14728,-0.0106133,  -0.14728,  -0.14728,-0.0110993,-0.0173217,-0.0110993,-0.0106133,-0.0173217, -0.122759,-0.0173217,  -0.14728,-0.0110993,-0.0173217,-0.0110993]
	PARPACK diagonalization completed after 30 matrix-vector product operations.
	iteration results: : total energy is -19.043367 | electron energy -19.043509 + phonon energy 0.000142 | electron momentum kIdx = 0
The 8-th iteration is completed.	|| time cost : 0h 0m 21.602s
********************************************************************************************************************
Start the 9 rounds of NGS-ED iteration
	effective electronic model is modified as: kinetic energy t = 0.996647
	                                           effective interaction Vq = [ -0.577842, -0.147295,-0.0106131, -0.147295, -0.147295,-0.0110991,-0.0173215,-0.0110991,-0.0106131,-0.0173215, -0.122759,-0.0173215, -0.147295,-0.0110991,-0.0173215,-0.0110991]
	PARPACK diagonalization completed after 30 matrix-vector product operations.
	iteration results: : total energy is -19.045098 | electron energy -19.045240 + phonon energy 0.000142 | electron momentum kIdx = 0
The 9-th iteration is completed.	|| time cost : 0h 0m 21.593s
********************************************************************************************************************
Start the 10 rounds of NGS-ED iteration
	effective electronic model is modified as: kinetic energy t = 0.996647
	                                           effective interaction Vq = [ -0.577917, -0.147303,-0.0106131, -0.147303, -0.147303,-0.0110991,-0.0173214,-0.0110991,-0.0106131,-0.0173214, -0.122759,-0.0173214, -0.147303,-0.0110991,-0.0173214,-0.0110991]
	PARPACK diagonalization completed after 30 matrix-vector product operations.
	iteration results: : total energy is -19.046010 | electron energy -19.046153 + phonon energy 0.000143 | electron momentum kIdx = 0
The 10-th iteration is completed.	|| time cost : 0h 0m 21.617s
********************************************************************************************************************
Start the 11 rounds of NGS-ED iteration
	effective electronic model is modified as: kinetic energy t = 0.996647
	                                           effective interaction Vq = [ -0.577956, -0.147307,-0.0106131, -0.147307, -0.147307,-0.0110991,-0.0173214,-0.0110991,-0.0106131,-0.0173214, -0.122759,-0.0173214, -0.147307,-0.0110991,-0.0173214,-0.0110991]
	PARPACK diagonalization completed after 30 matrix-vector product operations.
	iteration results: : total energy is -19.046491 | electron energy -19.046634 + phonon energy 0.000143 | electron momentum kIdx = 0
The 11-th iteration is completed.	|| time cost : 0h 0m 21.592s
********************************************************************************************************************
Start the 12 rounds of NGS-ED iteration
	effective electronic model is modified as: kinetic energy t = 0.996647
	                                           effective interaction Vq = [ -0.577977, -0.147309,-0.0106131, -0.147309, -0.147309,-0.0110991,-0.0173214,-0.0110991,-0.0106131,-0.0173214, -0.122759,-0.0173214, -0.147309,-0.0110991,-0.0173214,-0.0110991]
	PARPACK diagonalization completed after 30 matrix-vector product operations.
	iteration results: : total energy is -19.046745 | electron energy -19.046888 + phonon energy 0.000143 | electron momentum kIdx = 0
The 12-th iteration is completed.	|| time cost : 0h 0m 21.604s
********************************************************************************************************************
Start the 13 rounds of NGS-ED iteration
	effective electronic model is modified as: kinetic energy t = 0.996647
	                                           effective interaction Vq = [ -0.577988,  -0.14731, -0.010613,  -0.14731,  -0.14731,-0.0110991,-0.0173214,-0.0110991, -0.010613,-0.0173214, -0.122759,-0.0173214,  -0.14731,-0.0110991,-0.0173214,-0.0110991]
	PARPACK diagonalization completed after 30 matrix-vector product operations.
	iteration results: : total energy is -19.046879 | electron energy -19.047022 + phonon energy 0.000143 | electron momentum kIdx = 0
