SNEDics v3.2 diagonalization test program		Start at Wed Apr 24 22:51:19 2019

parallized on 80 MPI threads  * 6 OpenMP threads = 480 total threads.
************************************************************************************
************************************************************************************

Input file "model_params.in"
Hubbard-Holstein model parameters : 	t = 1    U = 9    g = 2.7386    W = 5    
************************************************************************************
Input file "hilbertspace_params.in"

Cluster Positions:				Cluster symmetry group : D4
 x ... x ... x ... x .....                       x ... x ... x ... x .....
 |           |           :                       |           |           :
 |           |           :                       |           |           :
12    13    14    15     x                       1     5     6     5     x
 |           |           :                       |           |           :
 |           |           :                       |           |           :
 8 --- 9 ---10 ---11 --- x                       2 --- 6 ---10 --- 6 --- x
 |           |           :                       |           |           :
 |           |           :                       |           |           :
 4     5     6     7     x                       1     5     6     5     x
 |           |           :                       |           |           :
 |           |           :                       |           |           :
 0 --- 1 --- 2 --- 3 --- x                       0 --- 1 --- 2 --- 1 --- x
orbital number : 1
************************************************************************************
0 rounds of non-Gaussian ED iteration : ground-state energy is -7.68624 | electron energy -7.68624 + phonon energy 0 | electron momentum kIdx = 0
Nq = 	16	0.0508862	0.0916435	0.0508862	0.0508862	0.0916435	0.12837	0.0916435	0.0916435	0.12837	0.163095	0.12837	0.0508862	0.0916435	0.12837	0.0916435
Sq = 	-1.05549e-18	0.407061	0.644276	0.407061	0.407061	0.644276	0.965286	0.644276	0.644276	0.965286	5.21497	0.965286	0.407061	0.644276	0.965286	0.644276
1 rounds of non-Gaussian ED iteration : ground-state energy is -23.6459 | electron energy -23.6461 + phonon energy 0.000151037 | electron momentum kIdx = 0
Nq = 	16	0.0654376	0.114359	0.0654376	0.0654376	0.114359	0.158181	0.114359	0.114359	0.158181	0.199367	0.158181	0.0654376	0.114359	0.158181	0.114359
Sq = 	-1.48382e-18	0.414181	0.640696	0.414181	0.414181	0.640696	0.932762	0.640696	0.640696	0.932762	4.98805	0.932762	0.414181	0.640696	0.932762	0.640696
2 rounds of non-Gaussian ED iteration : ground-state energy is -29.3149 | electron energy -29.3165 + phonon energy 0.00157904 | electron momentum kIdx = 0
Nq = 	16	0.0690542	0.11977	0.0690542	0.0690542	0.11977	0.165169	0.11977	0.11977	0.165169	0.207728	0.165169	0.0690542	0.11977	0.165169	0.11977
Sq = 	-1.89271e-19	0.41568	0.639967	0.41568	0.41568	0.639967	0.925597	0.639967	0.639966	0.925597	4.93186	0.925597	0.41568	0.639967	0.925597	0.639967
3 rounds of non-Gaussian ED iteration : ground-state energy is -31.3792 | electron energy -31.3828 + phonon energy 0.00364095 | electron momentum kIdx = 0
Nq = 	16	0.070152	0.121386	0.070152	0.070152	0.121386	0.167238	0.121386	0.121386	0.167238	0.210182	0.167238	0.070152	0.121386	0.167238	0.121386
Sq = 	-4.13958e-19	0.416119	0.639762	0.416119	0.416119	0.639762	0.923493	0.639762	0.639762	0.923493	4.91493	0.923493	0.416119	0.639762	0.923493	0.639762
4 rounds of non-Gaussian ED iteration : ground-state energy is -32.1361 | electron energy -32.1412 + phonon energy 0.00515104 | electron momentum kIdx = 0
Nq = 	16	0.0705284	0.121935	0.0705284	0.0705284	0.121935	0.167938	0.121935	0.121935	0.167938	0.21101	0.167938	0.0705284	0.121935	0.167938	0.121935
Sq = 	5.47048e-19	0.416268	0.639694	0.416268	0.416268	0.639694	0.92278	0.639694	0.639694	0.92278	4.90915	0.92278	0.416268	0.639694	0.92278	0.639694
5 rounds of non-Gaussian ED iteration : ground-state energy is -32.4142 | electron energy -32.4202 + phonon energy 0.00598466 | electron momentum kIdx = 0
Nq = 	16	0.0706658	0.122135	0.0706658	0.0706658	0.122135	0.168192	0.122135	0.122135	0.168192	0.211311	0.168192	0.0706658	0.122135	0.168192	0.122135
Sq = 	1.01739e-18	0.416322	0.63967	0.416322	0.416322	0.63967	0.922521	0.63967	0.63967	0.922521	4.90705	0.922521	0.416322	0.63967	0.922521	0.63967
6 rounds of non-Gaussian ED iteration : ground-state energy is -32.5164 | electron energy -32.5228 + phonon energy 0.00638786 | electron momentum kIdx = 0
Nq = 	16	0.0707178	0.12221	0.0707178	0.0707178	0.12221	0.168288	0.12221	0.12221	0.168288	0.211424	0.168288	0.0707178	0.12221	0.168288	0.12221
Sq = 	-2.63583e-19	0.416343	0.639661	0.416343	0.416343	0.639661	0.922424	0.639661	0.639661	0.922424	4.90626	0.922424	0.416343	0.639661	0.922424	0.639661
7 rounds of non-Gaussian ED iteration : ground-state energy is -32.554 | electron energy -32.5606 + phonon energy 0.00657032 | electron momentum kIdx = 0
Nq = 	16	0.0707379	0.12224	0.0707379	0.0707379	0.12224	0.168325	0.12224	0.12224	0.168325	0.211468	0.168325	0.0707379	0.12224	0.168325	0.12224
Sq = 	5.55688e-19	0.416351	0.639657	0.416351	0.416351	0.639657	0.922386	0.639657	0.639657	0.922386	4.90595	0.922386	0.416351	0.639657	0.922386	0.639657
8 rounds of non-Gaussian ED iteration : ground-state energy is -32.5679 | electron energy -32.5745 + phonon energy 0.00665001 | electron momentum kIdx = 0
Nq = 	16	0.0707458	0.122251	0.0707458	0.0707458	0.122251	0.16834	0.122251	0.122251	0.16834	0.211486	0.16834	0.0707458	0.122251	0.16834	0.122251
Sq = 	-6.39297e-19	0.416354	0.639656	0.416354	0.416354	0.639656	0.922371	0.639656	0.639656	0.922371	4.90583	0.922371	0.416354	0.639656	0.922371	0.639656
9 rounds of non-Gaussian ED iteration : ground-state energy is -32.573 | electron energy -32.5796 + phonon energy 0.00668412 | electron momentum kIdx = 0
Nq = 	16	0.0707489	0.122256	0.0707489	0.0707489	0.122256	0.168346	0.122256	0.122256	0.168346	0.211493	0.168346	0.0707489	0.122256	0.168346	0.122256
Sq = 	-3.36659e-19	0.416355	0.639655	0.416355	0.416355	0.639655	0.922365	0.639655	0.639655	0.922365	4.90578	0.922365	0.416355	0.639655	0.922365	0.639655
10 rounds of non-Gaussian ED iteration : ground-state energy is -32.5748 | electron energy -32.5815 + phonon energy 0.00669855 | electron momentum kIdx = 0
Nq = 	16	0.0707502	0.122257	0.0707502	0.0707502	0.122257	0.168348	0.122257	0.122257	0.168348	0.211496	0.168348	0.0707502	0.122257	0.168348	0.122257
Sq = 	2.64091e-18	0.416356	0.639655	0.416356	0.416356	0.639655	0.922363	0.639655	0.639655	0.922363	4.90576	0.922363	0.416356	0.639655	0.922363	0.639655
11 rounds of non-Gaussian ED iteration : ground-state energy is -32.5755 | electron energy -32.5822 + phonon energy 0.00670462 | electron momentum kIdx = 0
Nq = 	16	0.0707507	0.122258	0.0707507	0.0707507	0.122258	0.168349	0.122258	0.122258	0.168349	0.211497	0.168349	0.0707507	0.122258	0.168349	0.122258
Sq = 	-7.07473e-19	0.416356	0.639655	0.416356	0.416356	0.639655	0.922362	0.639655	0.639655	0.922362	4.90575	0.922362	0.416356	0.639655	0.922362	0.639655
12 rounds of non-Gaussian ED iteration : ground-state energy is -32.5758 | electron energy -32.5825 + phonon energy 0.00670715 | electron momentum kIdx = 0
Nq = 	16	0.0707509	0.122258	0.0707509	0.0707509	0.122258	0.168349	0.122258	0.122258	0.168349	0.211497	0.168349	0.0707509	0.122258	0.168349	0.122258
Sq = 	-2.04099e-18	0.416356	0.639655	0.416356	0.416356	0.639655	0.922362	0.639655	0.639655	0.922362	4.90575	0.922362	0.416356	0.639655	0.922362	0.639655
13 rounds of non-Gaussian ED iteration : ground-state energy is -32.5759 | electron energy -32.5826 + phonon energy 0.0067082 | electron momentum kIdx = 0
Nq = 	16	0.070751	0.122259	0.070751	0.070751	0.122259	0.16835	0.122259	0.122259	0.16835	0.211498	0.16835	0.070751	0.122259	0.16835	0.122259
Sq = 	-2.8908e-18	0.416356	0.639655	0.416356	0.416356	0.639655	0.922361	0.639655	0.639655	0.922361	4.90575	0.922361	0.416356	0.639655	0.922361	0.639655
14 rounds of non-Gaussian ED iteration : ground-state energy is -32.5759 | electron energy -32.5826 + phonon energy 0.00670864 | electron momentum kIdx = 0
Nq = 	16	0.070751	0.122259	0.070751	0.070751	0.122259	0.16835	0.122259	0.122259	0.16835	0.211498	0.16835	0.070751	0.122259	0.16835	0.122259
Sq = 	-6.25854e-19	0.416356	0.639655	0.416356	0.416356	0.639655	0.922361	0.639655	0.639655	0.922361	4.90575	0.922361	0.416356	0.639655	0.922361	0.639655
15 rounds of non-Gaussian ED iteration : ground-state energy is -32.5759 | electron energy -32.5826 + phonon energy 0.00670882 | electron momentum kIdx = 0
Nq = 	16	0.070751	0.122259	0.070751	0.070751	0.122259	0.16835	0.122259	0.122259	0.16835	0.211498	0.16835	0.070751	0.122259	0.16835	0.122259
Sq = 	-1.20892e-18	0.416356	0.639655	0.416356	0.416356	0.639655	0.922361	0.639655	0.639655	0.922361	4.90575	0.922361	0.416356	0.639655	0.922361	0.639655
16 rounds of non-Gaussian ED iteration : ground-state energy is -32.5759 | electron energy -32.5826 + phonon energy 0.0067089 | electron momentum kIdx = 0
Nq = 	16	0.070751	0.122259	0.070751	0.070751	0.122259	0.16835	0.122259	0.122259	0.16835	0.211498	0.16835	0.070751	0.122259	0.16835	0.122259
Sq = 	2.51357e-18	0.416356	0.639655	0.416356	0.416356	0.639655	0.922361	0.639655	0.639655	0.922361	4.90575	0.922361	0.416356	0.639655	0.922361	0.639655
17 rounds of non-Gaussian ED iteration : ground-state energy is -32.5759 | electron energy -32.5826 + phonon energy 0.00670893 | electron momentum kIdx = 0
Nq = 	16	0.070751	0.122259	0.070751	0.070751	0.122259	0.16835	0.122259	0.122259	0.16835	0.211498	0.16835	0.070751	0.122259	0.16835	0.122259
Sq = 	-1.04596e-18	0.416356	0.639655	0.416356	0.416356	0.639655	0.922361	0.639655	0.639655	0.922361	4.90575	0.922361	0.416356	0.639655	0.922361	0.639655
Ground state is obtained after 18 iterations. The current ground-state energy is -32.5759, in which electron energy is -32.5826 and phonon energy is 0.00670894
o___o  -------------------------------------
| L |	Time since last clock: 1h 33m 12.051s
A===A	Time since the beginning: 1h 33m 12.051s
********************************************

************************************************************************************
