SNEDics v3.2 diagonalization test program		Start at Fri May  3 19:50:04 2019

parallized on 80 MPI threads  * 6 OpenMP threads = 480 total threads.
************************************************************************************
************************************************************************************

Input file "model_params.in"
Hubbard-Holstein model parameters : 	t = 1    U = 4    g = 1.2247    W = 1    
************************************************************************************
Input file "hilbertspace_params.in"

Cluster Positions:				Cluster symmetry group : D4
 x ... x ... x ... x .....                       x ... x ... x ... x .....
 |           |           :                       |           |           :
 |           |           :                       |           |           :
12    13    14    15     x                       1     5     6     5     x
 |           |           :                       |           |           :
 |           |           :                       |           |           :
 8 --- 9 ---10 ---11 --- x                       2 --- 6 ---10 --- 6 --- x
 |           |           :                       |           |           :
 |           |           :                       |           |           :
 4     5     6     7     x                       1     5     6     5     x
 |           |           :                       |           |           :
 |           |           :                       |           |           :
 0 --- 1 --- 2 --- 3 --- x                       0 --- 1 --- 2 --- 1 --- x
orbital number : 1
************************************************************************************
** NOTE ** Detected low phonon energy W < 10. The initial state will be prepared through a warm-up process.
starting warm-up calculation for scaling factor 16
0 rounds of non-Gaussian ED iteration : ground-state energy is -13.6219 | electron energy -13.6219 + phonon energy 0 | electron momentum kIdx = 0
Nq = 	16	0.157533	0.233127	0.157533	0.157533	0.233127	0.317451	0.233127	0.233127	0.317451	0.385325	0.317451	0.157533	0.233127	0.317451	0.233127
Sq = 	5.23095e-19	0.426995	0.623805	0.426995	0.426995	0.623805	0.804409	0.623805	0.623805	0.804409	3.64753	0.804409	0.426995	0.623805	0.804409	0.623805
1 rounds of non-Gaussian ED iteration : ground-state energy is -41.867 | electron energy -41.8687 + phonon energy 0.00171948 | electron momentum kIdx = 0
Nq = 	16	0.280255	0.332717	0.280255	0.280255	0.332717	0.491801	0.332717	0.332717	0.491801	0.548102	0.491801	0.280255	0.332717	0.491801	0.332717
Sq = 	-1.0725e-18	0.404702	0.585701	0.404702	0.404702	0.585701	0.696193	0.585701	0.585701	0.696193	2.44959	0.696193	0.404702	0.585701	0.696193	0.585701
2 rounds of non-Gaussian ED iteration : ground-state energy is -43.0291 | electron energy -43.0356 + phonon energy 0.00652066 | electron momentum kIdx = 0
Nq = 	16	0.292352	0.339123	0.292352	0.292352	0.339123	0.508703	0.339123	0.339123	0.508703	0.559645	0.508703	0.292352	0.339123	0.508703	0.339123
Sq = 	-1.04763e-17	0.401321	0.580758	0.401321	0.401321	0.580758	0.686852	0.580758	0.580758	0.686852	2.36415	0.686852	0.401321	0.580758	0.686852	0.580758
3 rounds of non-Gaussian ED iteration : ground-state energy is -43.0739 | electron energy -43.082 + phonon energy 0.00803124 | electron momentum kIdx = 0
Nq = 	16	0.293787	0.339848	0.293787	0.293787	0.339848	0.510849	0.339848	0.339848	0.510849	0.560996	0.510849	0.293787	0.339848	0.510849	0.339848
Sq = 	6.15511e-21	0.400891	0.580139	0.400891	0.400891	0.580139	0.685725	0.580139	0.580139	0.685725	2.35407	0.685725	0.400891	0.580139	0.685725	0.580139
4 rounds of non-Gaussian ED iteration : ground-state energy is -43.0757 | electron energy -43.084 + phonon energy 0.00831336 | electron momentum kIdx = 0
Nq = 	16	0.294011	0.339954	0.294011	0.294011	0.339954	0.511183	0.339954	0.339954	0.511183	0.561191	0.511183	0.294011	0.339954	0.511183	0.339954
Sq = 	-1.36153e-19	0.400824	0.580045	0.400824	0.400824	0.580045	0.685553	0.580045	0.580045	0.685553	2.35253	0.685553	0.400824	0.580045	0.685553	0.580045
Ground state is obtained after 5 iterations. The current ground-state energy is -43.0757, in which electron energy is -43.0841 and phonon energy is 0.00836021
final variational state is: 
Gamma_x =       1 1.00618 1.01034 1.00618 1.00618 1.01034 1.01552 1.01034 1.01034 1.01552 1.01901 1.01552 1.00618 1.01034 1.01552 1.01034
lambda_q = 0.306072 0.266799 0.244163 0.266799 0.266799 0.244163 0.244529 0.244163 0.244163 0.244529 0.234607 0.244529 0.266799 0.244163 0.244529 0.244163
o___o  -------------------------------------
| L |	Time since last clock: 0h 28m 38.092s
A===A	Time since the beginning: 0h 28m 38.092s
********************************************

************************************************************************************
starting warm-up calculation for scaling factor 8
0 rounds of non-Gaussian ED iteration : ground-state energy is -39.7848 | electron energy -39.789 + phonon energy 0.00418011 | electron momentum kIdx = 0
Nq = 	16	0.267752	0.323912	0.267752	0.267752	0.323912	0.473411	0.323912	0.323912	0.473411	0.532455	0.473411	0.267752	0.323912	0.473411	0.323912
Sq = 	-9.05576e-18	0.408165	0.591267	0.408165	0.408165	0.591267	0.707084	0.591267	0.591267	0.707084	2.55082	0.707084	0.408165	0.591267	0.707084	0.591267
1 rounds of non-Gaussian ED iteration : ground-state energy is -41.5536 | electron energy -41.5706 + phonon energy 0.0170232 | electron momentum kIdx = 0
Nq = 	16	0.277699	0.329384	0.277699	0.277699	0.329384	0.485195	0.329384	0.329384	0.485195	0.540633	0.485195	0.277699	0.329384	0.485195	0.329384
Sq = 	8.28846e-18	0.405841	0.58787	0.405841	0.405841	0.58787	0.699919	0.58787	0.58787	0.699919	2.48123	0.699919	0.405841	0.58787	0.699919	0.58787
2 rounds of non-Gaussian ED iteration : ground-state energy is -41.9036 | electron energy -41.9281 + phonon energy 0.0245006 | electron momentum kIdx = 0
Nq = 	16	0.281008	0.331073	0.281008	0.281008	0.331073	0.489169	0.331073	0.331073	0.489169	0.543217	0.489169	0.281008	0.331073	0.489169	0.331073
Sq = 	8.20598e-18	0.405039	0.586722	0.405039	0.405039	0.586722	0.697576	0.586722	0.586722	0.697576	2.45884	0.697576	0.405039	0.586722	0.697576	0.586722
3 rounds of non-Gaussian ED iteration : ground-state energy is -41.9732 | electron energy -42.0009 + phonon energy 0.0277516 | electron momentum kIdx = 0
Nq = 	16	0.282195	0.331644	0.282195	0.282195	0.331644	0.490595	0.331644	0.331644	0.490595	0.5441	0.490595	0.282195	0.331644	0.490595	0.331644
Sq = 	-2.54768e-18	0.404749	0.586315	0.404749	0.404749	0.586315	0.696752	0.586315	0.586315	0.696752	2.45099	0.696752	0.404749	0.586315	0.696752	0.586315
4 rounds of non-Gaussian ED iteration : ground-state energy is -41.9871 | electron energy -42.0161 + phonon energy 0.0290361 | electron momentum kIdx = 0
Nq = 	16	0.282639	0.331844	0.282639	0.282639	0.331844	0.491121	0.331844	0.331844	0.491121	0.544413	0.491121	0.282639	0.331844	0.491121	0.331844
Sq = 	-4.81513e-18	0.404641	0.586167	0.404641	0.404641	0.586167	0.696451	0.586167	0.586167	0.696452	2.44811	0.696452	0.404641	0.586167	0.696451	0.586167
5 rounds of non-Gaussian ED iteration : ground-state energy is -41.9899 | electron energy -42.0194 + phonon energy 0.0295247 | electron momentum kIdx = 0
Nq = 	16	0.282808	0.331916	0.282808	0.282808	0.331916	0.491318	0.331916	0.331916	0.491318	0.544525	0.491318	0.282808	0.331916	0.491318	0.331916
Sq = 	7.40467e-18	0.4046	0.586112	0.4046	0.4046	0.586112	0.69634	0.586112	0.586112	0.69634	2.44704	0.69634	0.4046	0.586112	0.69634	0.586112
Ground state is obtained after 6 iterations. The current ground-state energy is -41.9904, in which electron energy is -42.0202 and phonon energy is 0.0297078
final variational state is: 
Gamma_x =       1 1.01874 1.02794 1.01874 1.01874 1.02794 1.04161 1.02794 1.02794 1.04161  1.0488 1.04161 1.01874 1.02794 1.04161 1.02794
lambda_q = 0.431952 0.334368 0.289214 0.334368 0.334368 0.289214 0.289193 0.289214 0.289214 0.289193 0.271661 0.289193 0.334368 0.289214 0.289193 0.289214
o___o  -------------------------------------
| L |	Time since last clock: 0h 33m 50.04s
A===A	Time since the beginning: 1h 2m 28.133s
********************************************

************************************************************************************
starting warm-up calculation for scaling factor 4
0 rounds of non-Gaussian ED iteration : ground-state energy is -38.5775 | electron energy -38.5924 + phonon energy 0.0148539 | electron momentum kIdx = 0
Nq = 	16	0.25252	0.312656	0.25252	0.252519	0.312656	0.449531	0.312656	0.312656	0.449531	0.511518	0.449531	0.252519	0.312656	0.449531	0.312656
Sq = 	3.42273e-18	0.412323	0.597884	0.412323	0.412323	0.597884	0.720827	0.597884	0.597884	0.720827	2.68443	0.720827	0.412323	0.597884	0.720827	0.597884
1 rounds of non-Gaussian ED iteration : ground-state energy is -39.7467 | electron energy -39.7824 + phonon energy 0.0356483 | electron momentum kIdx = 0
Nq = 	16	0.255852	0.314189	0.255852	0.255852	0.314189	0.452045	0.314189	0.314189	0.452045	0.512821	0.452045	0.255852	0.314189	0.452045	0.314189
Sq = 	8.57273e-20	0.411815	0.597232	0.411815	0.411815	0.597232	0.718967	0.597232	0.597232	0.718967	2.66393	0.718967	0.411815	0.597232	0.718967	0.597232
2 rounds of non-Gaussian ED iteration : ground-state energy is -40.2691 | electron energy -40.3184 + phonon energy 0.0492827 | electron momentum kIdx = 0
Nq = 	16	0.25783	0.315095	0.25783	0.25783	0.315095	0.453747	0.315095	0.315095	0.453747	0.513901	0.453747	0.25783	0.315095	0.453747	0.315095
Sq = 	-1.75216e-19	0.411478	0.59679	0.411478	0.411478	0.59679	0.717803	0.59679	0.59679	0.717803	2.65136	0.717803	0.411478	0.59679	0.717803	0.59679
3 rounds of non-Gaussian ED iteration : ground-state energy is -40.503 | electron energy -40.5603 + phonon energy 0.0572562 | electron momentum kIdx = 0
Nq = 	16	0.259	0.315624	0.259	0.259	0.315624	0.454828	0.315624	0.315624	0.454828	0.514635	0.454828	0.259	0.315624	0.454828	0.315624
Sq = 	-1.03266e-17	0.411265	0.59651	0.411265	0.411265	0.59651	0.717096	0.59651	0.59651	0.717096	2.6438	0.717096	0.411265	0.59651	0.717096	0.59651
4 rounds of non-Gaussian ED iteration : ground-state energy is -40.6078 | electron energy -40.6697 + phonon energy 0.0618169 | electron momentum kIdx = 0
Nq = 	16	0.259694	0.315932	0.259694	0.259694	0.315932	0.455493	0.315932	0.315932	0.455493	0.515096	0.455493	0.259694	0.315932	0.455493	0.315932
Sq = 	-3.08536e-19	0.411135	0.596339	0.411135	0.411135	0.596339	0.716672	0.596339	0.596339	0.716672	2.6393	0.716672	0.411135	0.596339	0.716672	0.596339
5 rounds of non-Gaussian ED iteration : ground-state energy is -40.6549 | electron energy -40.7193 + phonon energy 0.0644258 | electron momentum kIdx = 0
Nq = 	16	0.260104	0.316111	0.260104	0.260104	0.316111	0.455895	0.316111	0.316111	0.455895	0.515377	0.455895	0.260104	0.316111	0.455895	0.316111
Sq = 	-5.71924e-18	0.411056	0.596237	0.411056	0.411056	0.596237	0.71642	0.596237	0.596237	0.71642	2.63663	0.71642	0.411056	0.596237	0.71642	0.596237
6 rounds of non-Gaussian ED iteration : ground-state energy is -40.676 | electron energy -40.7419 + phonon energy 0.0659257 | electron momentum kIdx = 0
Nq = 	16	0.260347	0.316215	0.260347	0.260347	0.316215	0.456136	0.316215	0.316215	0.456136	0.515544	0.456136	0.260347	0.316215	0.456136	0.316215
Sq = 	-2.29083e-18	0.411009	0.596176	0.411009	0.411009	0.596176	0.716272	0.596176	0.596176	0.716272	2.63505	0.716272	0.411009	0.596176	0.716272	0.596176
7 rounds of non-Gaussian ED iteration : ground-state energy is -40.6855 | electron energy -40.7522 + phonon energy 0.0667925 | electron momentum kIdx = 0
Nq = 	16	0.260491	0.316276	0.260491	0.260491	0.316276	0.456279	0.316276	0.316276	0.456279	0.515643	0.456279	0.260491	0.316276	0.456279	0.316276
Sq = 	3.29029e-18	0.410981	0.59614	0.410981	0.410981	0.59614	0.716184	0.59614	0.59614	0.716184	2.63412	0.716184	0.410981	0.59614	0.716184	0.59614
8 rounds of non-Gaussian ED iteration : ground-state energy is -40.6897 | electron energy -40.757 + phonon energy 0.0672956 | electron momentum kIdx = 0
Nq = 	16	0.260577	0.316311	0.260577	0.260577	0.316311	0.456365	0.316311	0.316311	0.456365	0.515701	0.456365	0.260577	0.316311	0.456365	0.316311
Sq = 	-4.36427e-18	0.410965	0.596119	0.410965	0.410965	0.596119	0.716132	0.596119	0.596119	0.716132	2.63357	0.716132	0.410965	0.596119	0.716132	0.596119
9 rounds of non-Gaussian ED iteration : ground-state energy is -40.6916 | electron energy -40.7592 + phonon energy 0.0675884 | electron momentum kIdx = 0
Nq = 	16	0.260627	0.316331	0.260627	0.260627	0.316331	0.456415	0.316331	0.316331	0.456415	0.515736	0.456415	0.260627	0.316331	0.456415	0.316331
Sq = 	1.95945e-18	0.410955	0.596106	0.410955	0.410955	0.596106	0.716102	0.596106	0.596106	0.716102	2.63325	0.716102	0.410955	0.596106	0.716102	0.596106
Ground state is obtained after 10 iterations. The current ground-state energy is -40.6925, in which electron energy is -40.7602 and phonon energy is 0.0677593
final variational state is: 
Gamma_x =       1 1.04687 1.06098 1.04687 1.04687 1.06098 1.08908 1.06098 1.06098 1.08908 1.10058 1.08908 1.04687 1.06098 1.08908 1.06098
lambda_q = 0.609046 0.380557 0.307818 0.380557 0.380557 0.307818 0.305856 0.307818 0.307818 0.305856 0.282203 0.305856 0.380557 0.307818 0.305856 0.307818
o___o  -------------------------------------
| L |	Time since last clock: 0h 54m 0.299s
A===A	Time since the beginning: 1h 56m 28.432s
********************************************

************************************************************************************
starting warm-up calculation for scaling factor 2
0 rounds of non-Gaussian ED iteration : ground-state energy is -37.338 | electron energy -37.3718 + phonon energy 0.0338796 | electron momentum kIdx = 0
Nq = 	16	0.230161	0.295642	0.230161	0.230161	0.295642	0.416612	0.295642	0.295642	0.416612	0.48214	0.416612	0.230161	0.295642	0.416612	0.295642
Sq = 	4.61542e-18	0.417527	0.60614	0.417527	0.417527	0.60614	0.740394	0.60614	0.60614	0.740394	2.8884	0.740394	0.417527	0.60614	0.740394	0.60614
1 rounds of non-Gaussian ED iteration : ground-state energy is -38.0633 | electron energy -38.1189 + phonon energy 0.0556506 | electron momentum kIdx = 0
Nq = 	16	0.228999	0.29434	0.228999	0.228998	0.29434	0.413776	0.29434	0.29434	0.413776	0.479204	0.413776	0.228998	0.29434	0.413776	0.29434
Sq = 	1.7357e-18	0.417923	0.606825	0.417923	0.417923	0.606825	0.74188	0.606825	0.606825	0.74188	2.9035	0.74188	0.417923	0.606825	0.74188	0.606825
2 rounds of non-Gaussian ED iteration : ground-state energy is -38.5373 | electron energy -38.6065 + phonon energy 0.0691853 | electron momentum kIdx = 0
Nq = 	16	0.22837	0.29366	0.22837	0.22837	0.29366	0.412388	0.29366	0.29366	0.412388	0.477919	0.412388	0.22837	0.29366	0.412388	0.29366
Sq = 	-2.53456e-18	0.418115	0.607152	0.418115	0.418115	0.607152	0.742627	0.607152	0.607152	0.742626	2.91122	0.742626	0.418115	0.607152	0.742627	0.607152
3 rounds of non-Gaussian ED iteration : ground-state energy is -38.8521 | electron energy -38.9292 + phonon energy 0.0771113 | electron momentum kIdx = 0
Nq = 	16	0.228057	0.293326	0.228057	0.228057	0.293326	0.411745	0.293326	0.293326	0.411745	0.477394	0.411745	0.228057	0.293326	0.411745	0.293326
Sq = 	-4.7896e-18	0.418203	0.6073	0.418203	0.418203	0.6073	0.74298	0.6073	0.6073	0.74298	2.91491	0.74298	0.418203	0.6073	0.74298	0.6073
4 rounds of non-Gaussian ED iteration : ground-state energy is -39.0624 | electron energy -39.1442 + phonon energy 0.0817276 | electron momentum kIdx = 0
Nq = 	16	0.227915	0.293173	0.227915	0.227915	0.293173	0.411465	0.293173	0.293173	0.411465	0.477203	0.411465	0.227915	0.293173	0.411465	0.293173
Sq = 	2.68825e-18	0.418241	0.607363	0.418241	0.418241	0.607363	0.743136	0.607363	0.607363	0.743136	2.91655	0.743136	0.418241	0.607363	0.743136	0.607363
5 rounds of non-Gaussian ED iteration : ground-state energy is -39.2032 | electron energy -39.2877 + phonon energy 0.0844622 | electron momentum kIdx = 0
Nq = 	16	0.227861	0.293109	0.227861	0.227861	0.293109	0.411356	0.293109	0.293109	0.411356	0.477152	0.411356	0.227861	0.293109	0.411356	0.293109
Sq = 	2.36893e-18	0.418255	0.607386	0.418255	0.418255	0.607386	0.743198	0.607386	0.607386	0.743198	2.9172	0.743198	0.418255	0.607386	0.743198	0.607386
6 rounds of non-Gaussian ED iteration : ground-state energy is -39.2975 | electron energy -39.3836 + phonon energy 0.0861275 | electron momentum kIdx = 0
Nq = 	16	0.227849	0.293088	0.227849	0.227849	0.293088	0.411324	0.293088	0.293088	0.411324	0.477155	0.411324	0.227849	0.293088	0.411324	0.293088
Sq = 	-6.09405e-19	0.418259	0.607393	0.418259	0.418259	0.607393	0.743215	0.607393	0.607393	0.743215	2.91738	0.743215	0.418259	0.607393	0.743215	0.607393
7 rounds of non-Gaussian ED iteration : ground-state energy is -39.3607 | electron energy -39.4479 + phonon energy 0.0871744 | electron momentum kIdx = 0
Nq = 	16	0.227856	0.293085	0.227856	0.227856	0.293085	0.411324	0.293085	0.293085	0.411324	0.477177	0.411324	0.227856	0.293085	0.411324	0.293085
Sq = 	1.08269e-17	0.418258	0.607392	0.418258	0.418258	0.607392	0.743213	0.607392	0.607392	0.743213	2.91735	0.743213	0.418258	0.607392	0.743213	0.607392
8 rounds of non-Gaussian ED iteration : ground-state energy is -39.4031 | electron energy -39.4909 + phonon energy 0.0878539 | electron momentum kIdx = 0
Nq = 	16	0.22787	0.29309	0.22787	0.22787	0.29309	0.411337	0.29309	0.29309	0.411337	0.477202	0.411337	0.22787	0.29309	0.411337	0.29309
Sq = 	-9.43881e-18	0.418256	0.607389	0.418256	0.418256	0.607389	0.743205	0.607389	0.607389	0.743205	2.91725	0.743205	0.418256	0.607389	0.743205	0.607389
9 rounds of non-Gaussian ED iteration : ground-state energy is -39.4315 | electron energy -39.5198 + phonon energy 0.0883083 | electron momentum kIdx = 0
Nq = 	16	0.227885	0.293098	0.227885	0.227885	0.293098	0.411353	0.293098	0.293098	0.411353	0.477225	0.411353	0.227885	0.293098	0.411353	0.293098
Sq = 	-5.0337e-18	0.418253	0.607385	0.418253	0.418253	0.607385	0.743194	0.607385	0.607385	0.743194	2.91714	0.743194	0.418253	0.607385	0.743194	0.607385
10 rounds of non-Gaussian ED iteration : ground-state energy is -39.4505 | electron energy -39.5391 + phonon energy 0.08862 | electron momentum kIdx = 0
Nq = 	16	0.2279	0.293105	0.2279	0.2279	0.293105	0.411368	0.293105	0.293105	0.411368	0.477244	0.411368	0.2279	0.293105	0.411368	0.293105
Sq = 	5.16978e-18	0.418251	0.607381	0.418251	0.418251	0.607381	0.743184	0.607381	0.607381	0.743184	2.91702	0.743184	0.418251	0.607381	0.743184	0.607381
11 rounds of non-Gaussian ED iteration : ground-state energy is -39.4633 | electron energy -39.5521 + phonon energy 0.0888384 | electron momentum kIdx = 0
Nq = 	16	0.227912	0.293112	0.227912	0.227912	0.293112	0.411381	0.293112	0.293112	0.411381	0.47726	0.411381	0.227912	0.293112	0.411381	0.293112
Sq = 	-2.83181e-19	0.418249	0.607378	0.418249	0.418249	0.607378	0.743176	0.607378	0.607378	0.743176	2.91693	0.743176	0.418249	0.607378	0.743176	0.607378
12 rounds of non-Gaussian ED iteration : ground-state energy is -39.4718 | electron energy -39.5608 + phonon energy 0.088994 | electron momentum kIdx = 0
Nq = 	16	0.227922	0.293117	0.227922	0.227922	0.293117	0.411392	0.293117	0.293117	0.411392	0.477272	0.411392	0.227922	0.293117	0.411392	0.293117
Sq = 	-4.08965e-18	0.418247	0.607376	0.418247	0.418247	0.607376	0.743169	0.607376	0.607376	0.743169	2.91685	0.743169	0.418247	0.607376	0.743169	0.607376
13 rounds of non-Gaussian ED iteration : ground-state energy is -39.4775 | electron energy -39.5667 + phonon energy 0.0891062 | electron momentum kIdx = 0
Nq = 	16	0.22793	0.293121	0.22793	0.22793	0.293121	0.4114	0.293121	0.293121	0.4114	0.477281	0.4114	0.22793	0.293121	0.4114	0.293121
Sq = 	2.8713e-18	0.418246	0.607374	0.418246	0.418246	0.607374	0.743164	0.607374	0.607374	0.743164	2.91679	0.743164	0.418246	0.607374	0.743164	0.607374
14 rounds of non-Gaussian ED iteration : ground-state energy is -39.4814 | electron energy -39.5706 + phonon energy 0.0891881 | electron momentum kIdx = 0
Nq = 	16	0.227936	0.293125	0.227936	0.227936	0.293125	0.411406	0.293125	0.293125	0.411406	0.477288	0.411406	0.227936	0.293125	0.411406	0.293125
Sq = 	3.30465e-18	0.418245	0.607373	0.418245	0.418245	0.607373	0.74316	0.607373	0.607373	0.74316	2.91674	0.74316	0.418245	0.607373	0.74316	0.607373
15 rounds of non-Gaussian ED iteration : ground-state energy is -39.484 | electron energy -39.5732 + phonon energy 0.0892481 | electron momentum kIdx = 0
Nq = 	16	0.227941	0.293127	0.227941	0.227941	0.293127	0.411411	0.293127	0.293127	0.411411	0.477293	0.411411	0.227941	0.293127	0.411411	0.293127
Sq = 	-3.29994e-20	0.418244	0.607371	0.418244	0.418244	0.607371	0.743157	0.607371	0.607371	0.743157	2.9167	0.743157	0.418244	0.607371	0.743157	0.607371
16 rounds of non-Gaussian ED iteration : ground-state energy is -39.4857 | electron energy -39.575 + phonon energy 0.0892924 | electron momentum kIdx = 0
Nq = 	16	0.227944	0.293129	0.227944	0.227944	0.293129	0.411415	0.293129	0.293129	0.411415	0.477298	0.411415	0.227944	0.293129	0.411415	0.293129
Sq = 	-6.56842e-18	0.418243	0.607371	0.418243	0.418243	0.607371	0.743154	0.607371	0.607371	0.743154	2.91668	0.743154	0.418243	0.607371	0.743154	0.607371
17 rounds of non-Gaussian ED iteration : ground-state energy is -39.4869 | electron energy -39.5762 + phonon energy 0.0893253 | electron momentum kIdx = 0
Nq = 	16	0.227947	0.293131	0.227947	0.227947	0.293131	0.411418	0.293131	0.293131	0.411418	0.477301	0.411418	0.227947	0.293131	0.411418	0.293131
Sq = 	-1.21615e-17	0.418243	0.60737	0.418243	0.418243	0.60737	0.743152	0.60737	0.60737	0.743152	2.91665	0.743152	0.418243	0.60737	0.743152	0.60737
Ground state is obtained after 18 iterations. The current ground-state energy is -39.4876, in which electron energy is -39.577 and phonon energy is 0.0893496
final variational state is: 
Gamma_x =       1  1.0872 1.10169  1.0872  1.0872 1.10169  1.1438 1.10169 1.10169  1.1438 1.16009  1.1438  1.0872 1.10169  1.1438 1.10169
lambda_q = 0.858973  0.37159 0.284686  0.37159  0.37159 0.284686 0.279179 0.284686 0.284686 0.279179 0.256072 0.279179  0.37159 0.284686 0.279179 0.284686
o___o  -------------------------------------
| L |	Time since last clock: 1h 34m 1.549s
A===A	Time since the beginning: 3h 30m 29.982s
********************************************

************************************************************************************
Warm up completed
o___o  -------------------------------------
| L |	Time since last clock: 0h 0m 0.029s
A===A	Time since the beginning: 3h 30m 30.01s
********************************************

************************************************************************************
0 rounds of non-Gaussian ED iteration : ground-state energy is -36.4177 | electron energy -36.4623 + phonon energy 0.0446748 | electron momentum kIdx = 0
Nq = 	16	0.204459	0.275255	0.204459	0.204459	0.275255	0.381164	0.275255	0.275255	0.381164	0.449372	0.381164	0.204459	0.275255	0.381164	0.275255
Sq = 	-7.40845e-19	0.4222	0.613714	0.4222	0.4222	0.613714	0.76235	0.613714	0.613714	0.76235	3.13612	0.76235	0.4222	0.613714	0.76235	0.613714
1 rounds of non-Gaussian ED iteration : ground-state energy is -36.8596 | electron energy -36.9178 + phonon energy 0.0582279 | electron momentum kIdx = 0
Nq = 	16	0.202072	0.2731	0.202072	0.202072	0.2731	0.377396	0.2731	0.2731	0.377396	0.445584	0.377396	0.202072	0.2731	0.377396	0.2731
Sq = 	-3.12228e-18	0.422631	0.614466	0.422631	0.422631	0.614466	0.764619	0.614466	0.614466	0.764619	3.16215	0.764619	0.422631	0.614466	0.764619	0.614466
2 rounds of non-Gaussian ED iteration : ground-state energy is -37.1944 | electron energy -37.2604 + phonon energy 0.0659842 | electron momentum kIdx = 0
Nq = 	16	0.200469	0.27173	0.200469	0.200469	0.27173	0.375119	0.27173	0.27173	0.375119	0.443438	0.375119	0.200469	0.27173	0.375119	0.27173
Sq = 	2.49384e-18	0.422882	0.614896	0.422882	0.422882	0.614896	0.766039	0.614896	0.614896	0.766039	3.17877	0.766039	0.422882	0.614896	0.766039	0.614896
3 rounds of non-Gaussian ED iteration : ground-state energy is -37.4601 | electron energy -37.5303 + phonon energy 0.0701469 | electron momentum kIdx = 0
Nq = 	16	0.199429	0.270889	0.199429	0.199429	0.270889	0.373773	0.270889	0.270889	0.373773	0.442236	0.373773	0.199429	0.270889	0.373773	0.270889
Sq = 	7.36483e-18	0.423026	0.615139	0.423026	0.423026	0.615139	0.766903	0.615139	0.615139	0.766903	3.18907	0.766903	0.423026	0.615139	0.766903	0.615139
4 rounds of non-Gaussian ED iteration : ground-state energy is -37.6749 | electron energy -37.7472 + phonon energy 0.0722354 | electron momentum kIdx = 0
Nq = 	16	0.198761	0.270378	0.198761	0.198762	0.270378	0.372978	0.270378	0.270378	0.372978	0.441557	0.372978	0.198762	0.270378	0.372978	0.270378
Sq = 	2.62837e-18	0.42311	0.615275	0.42311	0.42311	0.615275	0.767428	0.615275	0.615275	0.767428	3.19542	0.767428	0.42311	0.615275	0.767428	0.615275
5 rounds of non-Gaussian ED iteration : ground-state energy is -37.8499 | electron energy -37.9231 + phonon energy 0.0731682 | electron momentum kIdx = 0
Nq = 	16	0.198331	0.270066	0.198331	0.198331	0.270066	0.372503	0.270066	0.270066	0.372503	0.441164	0.372503	0.198331	0.270066	0.372503	0.270066
Sq = 	4.92522e-19	0.423159	0.615353	0.423159	0.423159	0.615353	0.767749	0.615353	0.615353	0.767749	3.19935	0.767749	0.423159	0.615353	0.767749	0.615353
6 rounds of non-Gaussian ED iteration : ground-state energy is -37.9929 | electron energy -38.0664 + phonon energy 0.0734754 | electron momentum kIdx = 0
Nq = 	16	0.198051	0.269874	0.198051	0.198051	0.269874	0.372212	0.269874	0.269874	0.372212	0.44093	0.372212	0.198051	0.269874	0.372212	0.269874
Sq = 	-1.55604e-18	0.423189	0.615399	0.423189	0.423189	0.615399	0.767948	0.615399	0.615399	0.767948	3.20183	0.767948	0.423189	0.615399	0.767948	0.615399
7 rounds of non-Gaussian ED iteration : ground-state energy is -38.1098 | electron energy -38.1833 + phonon energy 0.0734562 | electron momentum kIdx = 0
Nq = 	16	0.197867	0.269753	0.197867	0.197867	0.269753	0.372029	0.269753	0.269753	0.372029	0.440785	0.372029	0.197867	0.269753	0.372029	0.269753
Sq = 	-1.28305e-17	0.423207	0.615427	0.423207	0.423207	0.615427	0.768075	0.615427	0.615427	0.768075	3.20342	0.768075	0.423207	0.615427	0.768075	0.615427
8 rounds of non-Gaussian ED iteration : ground-state energy is -38.2055 | electron energy -38.2788 + phonon energy 0.0732772 | electron momentum kIdx = 0
Nq = 	16	0.197742	0.269676	0.197742	0.197742	0.269676	0.37191	0.269676	0.269676	0.37191	0.440691	0.37191	0.197742	0.269676	0.37191	0.269676
Sq = 	-8.98782e-19	0.42322	0.615444	0.42322	0.42322	0.615444	0.768158	0.615444	0.615444	0.768158	3.20447	0.768158	0.42322	0.615444	0.768158	0.615444
9 rounds of non-Gaussian ED iteration : ground-state energy is -38.2839 | electron energy -38.3569 + phonon energy 0.0730296 | electron momentum kIdx = 0
Nq = 	16	0.197657	0.269624	0.197657	0.197657	0.269624	0.37183	0.269624	0.269624	0.37183	0.440628	0.37183	0.197657	0.269624	0.37183	0.269624
Sq = 	6.21944e-19	0.423228	0.615456	0.423228	0.423228	0.615456	0.768214	0.615456	0.615456	0.768214	3.20518	0.768214	0.423228	0.615456	0.768214	0.615456
10 rounds of non-Gaussian ED iteration : ground-state energy is -38.348 | electron energy -38.4208 + phonon energy 0.0727627 | electron momentum kIdx = 0
Nq = 	16	0.197597	0.269588	0.197597	0.197597	0.269588	0.371773	0.269588	0.269588	0.371773	0.440584	0.371773	0.197597	0.269588	0.371773	0.269588
Sq = 	-1.98785e-18	0.423234	0.615464	0.423234	0.423234	0.615464	0.768253	0.615464	0.615464	0.768253	3.20568	0.768253	0.423234	0.615464	0.768253	0.615464
11 rounds of non-Gaussian ED iteration : ground-state energy is -38.4005 | electron energy -38.473 + phonon energy 0.0725019 | electron momentum kIdx = 0
Nq = 	16	0.197554	0.269563	0.197554	0.197554	0.269563	0.371732	0.269563	0.269563	0.371732	0.440551	0.371732	0.197554	0.269563	0.371732	0.269563
Sq = 	7.51455e-18	0.423238	0.615469	0.423238	0.423238	0.615469	0.768281	0.615469	0.615469	0.768281	3.20603	0.768281	0.423238	0.615469	0.768281	0.615469
12 rounds of non-Gaussian ED iteration : ground-state energy is -38.4435 | electron energy -38.5158 + phonon energy 0.0722596 | electron momentum kIdx = 0
Nq = 	16	0.197522	0.269545	0.197522	0.197522	0.269545	0.3717	0.269545	0.269545	0.3717	0.440526	0.3717	0.197522	0.269545	0.3717	0.269545
Sq = 	-7.29063e-18	0.423242	0.615474	0.423242	0.423242	0.615474	0.768302	0.615474	0.615474	0.768302	3.2063	0.768302	0.423242	0.615474	0.768302	0.615474
13 rounds of non-Gaussian ED iteration : ground-state energy is -38.4787 | electron energy -38.5508 + phonon energy 0.0720407 | electron momentum kIdx = 0
Nq = 	16	0.197497	0.269531	0.197497	0.197497	0.269531	0.371676	0.269531	0.269531	0.371676	0.440507	0.371676	0.197497	0.269531	0.371676	0.269531
Sq = 	5.94435e-18	0.423244	0.615477	0.423244	0.423244	0.615477	0.768318	0.615477	0.615477	0.768318	3.2065	0.768318	0.423244	0.615477	0.768318	0.615477
14 rounds of non-Gaussian ED iteration : ground-state energy is -38.5075 | electron energy -38.5794 + phonon energy 0.0718466 | electron momentum kIdx = 0
Nq = 	16	0.197479	0.26952	0.197479	0.197479	0.26952	0.371656	0.26952	0.26952	0.371656	0.440492	0.371656	0.197479	0.26952	0.371656	0.26952
Sq = 	-6.7016e-18	0.423247	0.61548	0.423247	0.423247	0.61548	0.768331	0.61548	0.61548	0.768331	3.20666	0.768331	0.423247	0.61548	0.768331	0.61548
15 rounds of non-Gaussian ED iteration : ground-state energy is -38.5311 | electron energy -38.6028 + phonon energy 0.0716763 | electron momentum kIdx = 0
Nq = 	16	0.197464	0.269511	0.197464	0.197464	0.269511	0.371641	0.269511	0.269511	0.371641	0.440479	0.371641	0.197464	0.269511	0.371641	0.269511
Sq = 	-9.22133e-18	0.423248	0.615482	0.423248	0.423248	0.615482	0.768341	0.615482	0.615482	0.768341	3.20679	0.768341	0.423248	0.615482	0.768341	0.615482
16 rounds of non-Gaussian ED iteration : ground-state energy is -38.5504 | electron energy -38.622 + phonon energy 0.071528 | electron momentum kIdx = 0
Nq = 	16	0.197452	0.269504	0.197452	0.197452	0.269504	0.371628	0.269504	0.269504	0.371628	0.440469	0.371628	0.197452	0.269504	0.371628	0.269504
Sq = 	-6.91024e-21	0.42325	0.615484	0.42325	0.42325	0.615484	0.768349	0.615484	0.615484	0.768349	3.20689	0.768349	0.42325	0.615484	0.768349	0.615484
17 rounds of non-Gaussian ED iteration : ground-state energy is -38.5663 | electron energy -38.6377 + phonon energy 0.0713995 | electron momentum kIdx = 0
Nq = 	16	0.197443	0.269498	0.197443	0.197443	0.269498	0.371617	0.269498	0.269498	0.371617	0.44046	0.371617	0.197443	0.269498	0.371617	0.269498
Sq = 	4.19385e-18	0.423251	0.615486	0.423251	0.423251	0.615486	0.768355	0.615486	0.615486	0.768355	3.20697	0.768355	0.423251	0.615486	0.768355	0.615486
18 rounds of non-Gaussian ED iteration : ground-state energy is -38.5792 | electron energy -38.6505 + phonon energy 0.0712885 | electron momentum kIdx = 0
Nq = 	16	0.197435	0.269493	0.197435	0.197435	0.269493	0.371608	0.269493	0.269493	0.371608	0.440453	0.371608	0.197435	0.269493	0.371608	0.269493
Sq = 	-1.95939e-18	0.423252	0.615487	0.423252	0.423252	0.615487	0.768361	0.615487	0.615487	0.768361	3.20704	0.768361	0.423252	0.615487	0.768361	0.615487
19 rounds of non-Gaussian ED iteration : ground-state energy is -38.5898 | electron energy -38.661 + phonon energy 0.0711929 | electron momentum kIdx = 0
Nq = 	16	0.197428	0.269489	0.197428	0.197428	0.269489	0.3716	0.269489	0.269489	0.3716	0.440447	0.3716	0.197428	0.269489	0.3716	0.269489
Sq = 	-1.9185e-18	0.423253	0.615488	0.423253	0.423253	0.615488	0.768366	0.615488	0.615488	0.768366	3.2071	0.768366	0.423253	0.615488	0.768366	0.615488
20 rounds of non-Gaussian ED iteration : ground-state energy is -38.5985 | electron energy -38.6696 + phonon energy 0.0711107 | electron momentum kIdx = 0
Nq = 	16	0.197423	0.269486	0.197423	0.197422	0.269486	0.371593	0.269486	0.269486	0.371593	0.440442	0.371593	0.197422	0.269486	0.371593	0.269486
Sq = 	5.99799e-18	0.423253	0.615489	0.423253	0.423253	0.615489	0.76837	0.615489	0.615489	0.76837	3.20715	0.76837	0.423253	0.615489	0.76837	0.615489
21 rounds of non-Gaussian ED iteration : ground-state energy is -38.6056 | electron energy -38.6766 + phonon energy 0.0710401 | electron momentum kIdx = 0
Nq = 	16	0.197418	0.269483	0.197418	0.197418	0.269483	0.371588	0.269483	0.269483	0.371588	0.440437	0.371588	0.197418	0.269483	0.371588	0.269483
Sq = 	-5.6495e-18	0.423254	0.61549	0.423254	0.423254	0.61549	0.768373	0.61549	0.61549	0.768373	3.20719	0.768373	0.423254	0.61549	0.768373	0.61549
22 rounds of non-Gaussian ED iteration : ground-state energy is -38.6114 | electron energy -38.6824 + phonon energy 0.0709794 | electron momentum kIdx = 0
Nq = 	16	0.197414	0.269481	0.197414	0.197414	0.269481	0.371583	0.269481	0.269481	0.371583	0.440434	0.371583	0.197414	0.269481	0.371583	0.269481
Sq = 	-4.02541e-19	0.423255	0.615491	0.423255	0.423255	0.615491	0.768376	0.615491	0.615491	0.768376	3.20723	0.768376	0.423255	0.615491	0.768376	0.615491
23 rounds of non-Gaussian ED iteration : ground-state energy is -38.6162 | electron energy -38.6871 + phonon energy 0.0709274 | electron momentum kIdx = 0
Nq = 	16	0.197411	0.269478	0.197411	0.197411	0.269478	0.371579	0.269478	0.269478	0.371579	0.44043	0.371579	0.197411	0.269478	0.371579	0.269478
Sq = 	-8.63798e-18	0.423255	0.615491	0.423255	0.423255	0.615491	0.768378	0.615491	0.615491	0.768378	3.20726	0.768378	0.423255	0.615491	0.768378	0.615491
24 rounds of non-Gaussian ED iteration : ground-state energy is -38.6201 | electron energy -38.691 + phonon energy 0.0708828 | electron momentum kIdx = 0
Nq = 	16	0.197408	0.269477	0.197408	0.197408	0.269477	0.371576	0.269477	0.269477	0.371576	0.440428	0.371576	0.197408	0.269477	0.371576	0.269477
Sq = 	-4.83077e-18	0.423255	0.615492	0.423255	0.423255	0.615492	0.76838	0.615492	0.615492	0.76838	3.20728	0.76838	0.423255	0.615492	0.76838	0.615492
25 rounds of non-Gaussian ED iteration : ground-state energy is -38.6233 | electron energy -38.6941 + phonon energy 0.0708446 | electron momentum kIdx = 0
Nq = 	16	0.197405	0.269475	0.197405	0.197405	0.269475	0.371573	0.269475	0.269475	0.371573	0.440425	0.371573	0.197405	0.269475	0.371573	0.269475
Sq = 	6.10278e-18	0.423256	0.615492	0.423256	0.423256	0.615492	0.768382	0.615492	0.615492	0.768382	3.20731	0.768382	0.423256	0.615492	0.768382	0.615492
26 rounds of non-Gaussian ED iteration : ground-state energy is -38.6259 | electron energy -38.6967 + phonon energy 0.0708118 | electron momentum kIdx = 0
Nq = 	16	0.197403	0.269474	0.197403	0.197403	0.269474	0.37157	0.269474	0.269474	0.37157	0.440423	0.37157	0.197403	0.269474	0.37157	0.269474
Sq = 	3.09645e-19	0.423256	0.615493	0.423256	0.423256	0.615493	0.768384	0.615493	0.615493	0.768384	3.20732	0.768384	0.423256	0.615493	0.768384	0.615493
27 rounds of non-Gaussian ED iteration : ground-state energy is -38.628 | electron energy -38.6988 + phonon energy 0.0707837 | electron momentum kIdx = 0
Nq = 	16	0.197402	0.269473	0.197402	0.197402	0.269473	0.371568	0.269473	0.269473	0.371568	0.440422	0.371568	0.197402	0.269473	0.371568	0.269473
Sq = 	-4.10513e-18	0.423256	0.615493	0.423256	0.423256	0.615493	0.768385	0.615493	0.615493	0.768385	3.20734	0.768385	0.423256	0.615493	0.768385	0.615493
28 rounds of non-Gaussian ED iteration : ground-state energy is -38.6298 | electron energy -38.7005 + phonon energy 0.0707596 | electron momentum kIdx = 0
Nq = 	16	0.1974	0.269472	0.1974	0.1974	0.269472	0.371566	0.269472	0.269472	0.371566	0.44042	0.371566	0.1974	0.269472	0.371566	0.269472
Sq = 	4.55106e-18	0.423257	0.615493	0.423257	0.423257	0.615493	0.768386	0.615493	0.615493	0.768386	3.20735	0.768386	0.423257	0.615493	0.768386	0.615493
29 rounds of non-Gaussian ED iteration : ground-state energy is -38.6312 | electron energy -38.7019 + phonon energy 0.070739 | electron momentum kIdx = 0
Nq = 	16	0.197399	0.269471	0.197399	0.197399	0.269471	0.371565	0.269471	0.269471	0.371565	0.440419	0.371565	0.197399	0.269471	0.371565	0.269471
Sq = 	-7.86838e-18	0.423257	0.615494	0.423257	0.423257	0.615494	0.768387	0.615494	0.615494	0.768387	3.20737	0.768387	0.423257	0.615494	0.768387	0.615494
30 rounds of non-Gaussian ED iteration : ground-state energy is -38.6324 | electron energy -38.7031 + phonon energy 0.0707213 | electron momentum kIdx = 0
Nq = 	16	0.197398	0.26947	0.197398	0.197398	0.26947	0.371563	0.26947	0.26947	0.371563	0.440418	0.371563	0.197398	0.26947	0.371563	0.26947
Sq = 	2.71287e-19	0.423257	0.615494	0.423257	0.423257	0.615494	0.768388	0.615494	0.615494	0.768388	3.20738	0.768388	0.423257	0.615494	0.768388	0.615494
31 rounds of non-Gaussian ED iteration : ground-state energy is -38.6333 | electron energy -38.704 + phonon energy 0.0707062 | electron momentum kIdx = 0
Nq = 	16	0.197397	0.26947	0.197397	0.197397	0.26947	0.371562	0.26947	0.26947	0.371562	0.440417	0.371562	0.197397	0.26947	0.371562	0.26947
Sq = 	-1.05207e-17	0.423257	0.615494	0.423257	0.423257	0.615494	0.768388	0.615494	0.615494	0.768388	3.20738	0.768388	0.423257	0.615494	0.768388	0.615494
32 rounds of non-Gaussian ED iteration : ground-state energy is -38.6341 | electron energy -38.7048 + phonon energy 0.0706932 | electron momentum kIdx = 0
Nq = 	16	0.197396	0.269469	0.197396	0.197396	0.269469	0.371561	0.269469	0.269469	0.371561	0.440416	0.371561	0.197396	0.269469	0.371561	0.269469
Sq = 	-2.53084e-18	0.423257	0.615494	0.423257	0.423257	0.615494	0.768389	0.615494	0.615494	0.768389	3.20739	0.768389	0.423257	0.615494	0.768389	0.615494
33 rounds of non-Gaussian ED iteration : ground-state energy is -38.6348 | electron energy -38.7055 + phonon energy 0.0706821 | electron momentum kIdx = 0
Nq = 	16	0.197395	0.269469	0.197395	0.197395	0.269469	0.37156	0.269469	0.269469	0.37156	0.440415	0.37156	0.197395	0.269469	0.37156	0.269469
Sq = 	-5.80945e-18	0.423257	0.615494	0.423257	0.423257	0.615494	0.768389	0.615494	0.615494	0.768389	3.2074	0.768389	0.423257	0.615494	0.768389	0.615494
34 rounds of non-Gaussian ED iteration : ground-state energy is -38.6353 | electron energy -38.706 + phonon energy 0.0706726 | electron momentum kIdx = 0
Nq = 	16	0.197395	0.269468	0.197395	0.197395	0.269468	0.371559	0.269468	0.269468	0.371559	0.440415	0.371559	0.197395	0.269468	0.371559	0.269468
Sq = 	4.15846e-19	0.423257	0.615494	0.423257	0.423257	0.615494	0.76839	0.615494	0.615494	0.76839	3.2074	0.76839	0.423257	0.615494	0.76839	0.615494
35 rounds of non-Gaussian ED iteration : ground-state energy is -38.6357 | electron energy -38.7064 + phonon energy 0.0706644 | electron momentum kIdx = 0
Nq = 	16	0.197394	0.269468	0.197394	0.197394	0.269468	0.371559	0.269468	0.269468	0.371559	0.440414	0.371559	0.197394	0.269468	0.371559	0.269468
Sq = 	6.47116e-18	0.423257	0.615494	0.423257	0.423257	0.615495	0.76839	0.615494	0.615495	0.76839	3.20741	0.76839	0.423257	0.615494	0.76839	0.615495
36 rounds of non-Gaussian ED iteration : ground-state energy is -38.6361 | electron energy -38.7067 + phonon energy 0.0706574 | electron momentum kIdx = 0
Nq = 	16	0.197394	0.269468	0.197394	0.197394	0.269468	0.371558	0.269468	0.269468	0.371558	0.440414	0.371558	0.197394	0.269468	0.371558	0.269468
Sq = 	4.39632e-18	0.423257	0.615495	0.423257	0.423257	0.615495	0.768391	0.615495	0.615495	0.768391	3.20741	0.768391	0.423257	0.615495	0.768391	0.615495
37 rounds of non-Gaussian ED iteration : ground-state energy is -38.6364 | electron energy -38.707 + phonon energy 0.0706514 | electron momentum kIdx = 0
Nq = 	16	0.197393	0.269468	0.197393	0.197393	0.269468	0.371558	0.269468	0.269468	0.371558	0.440413	0.371558	0.197393	0.269468	0.371558	0.269468
Sq = 	-6.98258e-18	0.423257	0.615495	0.423257	0.423257	0.615495	0.768391	0.615495	0.615495	0.768391	3.20741	0.768391	0.423257	0.615495	0.768391	0.615495
38 rounds of non-Gaussian ED iteration : ground-state energy is -38.6366 | electron energy -38.7073 + phonon energy 0.0706463 | electron momentum kIdx = 0
Nq = 	16	0.197393	0.269467	0.197393	0.197393	0.269467	0.371557	0.269467	0.269467	0.371557	0.440413	0.371557	0.197393	0.269467	0.371557	0.269467
