SNEDics v3.4 Non-Gaussian ED ground state program		Start at Mon Sep 23 19:30:08 2019

parallized on 16 MPI threads  * 8 OpenMP threads = 128 total threads.
********************************************************************************************************************
********************************************************************************************************************

********************************************************************************************************************
System parameters and configurations
********************************************************************************************************************
Special program options are enabled: splitted diagonal Hamiltonian
********************************************************************************************************************
Read input file "model_params.in"
	Hubbard-Holstein model parameters : 	t = 1    U = 5    g = 1.5811    W = 5    
********************************************************************************************************************
Read input file "hilbertspace_params.in"
	Requested 16-site 2D lattice, with 14 electrons (7, 7)
	Boundary : Periodic		Hilbert space representation : momentum-space (restricted to kIdx = 0)
	Conservation: particle number[U(1)]      spin[U(1)]     momentum
********************************************************************************************************************

Cluster Positions:				Cluster symmetry group : D4
 x ... x ... x ... x .....                       x ... x ... x ... x .....
 |           |           :                       |           |           :
 |           |           :                       |           |           :
12    13    14    15     x                       1     5     6     5     x
 |           |           :                       |           |           :
 |           |           :                       |           |           :
 8 --- 9 ---10 ---11 --- x                       2 --- 6 ---10 --- 6 --- x
 |           |           :                       |           |           :
 |           |           :                       |           |           :
 4     5     6     7     x                       1     5     6     5     x
 |           |           :                       |           |           :
 |           |           :                       |           |           :
 0 --- 1 --- 2 --- 3 --- x                       0 --- 1 --- 2 --- 1 --- x
orbital number : 1
********************************************************************************************************************
Read input file "obs_params.in"
	Observable Type : Nq(All),   Sq(All),   N(All),   Delta[s](All),   Delta[d](All),   Delta[s+](All)
********************************************************************************************************************
** WARNING ** the input observables have non-local factors which have been reinterpreted. The total observable number is 96
********************************************************************************************************************


********************************************************************************************************************
Start calculating the non-Gaussian ED ground state
** WARNING ** Detected low phonon energy W < 10. The initial state will be prepared through a warm-up process.
********************************************************************************************************************
Start warm-up calculation for scaling factor 2
open output files: NGSEDWarmUpW10Obs.txt
********************************************************************************************************************
Start the 0 rounds of NGS-ED iteration
	effective electronic model is modified as: kinetic energy t = 1
	                                           effective interaction Vq = [-0,-0,-0,-0,-0,-0,-0,-0,-0,-0,-0,-0,-0,-0,-0,-0]
	first Hamiltonian is constructed, non-zero numbers = 2178478298
	PARPACK diagonalization completed after 150 matrix-vector product operations.
	iteration results: : total energy is -14.465815 | electron energy -14.465815 + phonon energy 0.000000 | electron momentum kIdx = 0
	Nq(0) = 12.25,	Nq(1) = 0.193419,	Nq(2) = 0.245302,	Nq(3) = 0.193419,	Nq(4) = 0.193419,	Nq(5) = 0.278802,	Nq(6) = 0.325354,	Nq(7) = 0.278802,	Nq(8) = 0.245302,	Nq(9) = 0.325354,	Nq(10) = 0.378006,	Nq(11) = 0.325354,	Nq(12) = 0.193419,	Nq(13) = 0.278802,	Nq(14) = 0.325354,	Nq(15) = 0.278802,	Sq(0) = 5.74404e-18,	Sq(1) = 0.470049,	Sq(2) = 0.7051,	Sq(3) = 0.470049,	Sq(4) = 0.470049,	Sq(5) = 0.602219,	Sq(6) = 0.912215,	Sq(7) = 0.602219,	Sq(8) = 0.7051,	Sq(9) = 0.912215,	Sq(10) = 2.34296,	Sq(11) = 0.912215,	Sq(12) = 0.470049,	Sq(13) = 0.602219,	Sq(14) = 0.912215,	Sq(15) = 0.602219,	N(0) = 1.8799,	N(1) = 1.77932,	N(2) = 0.165036,	N(3) = 1.77932,	N(4) = 1.77932,	N(5) = 0.998332,	N(6) = 0.15021,	N(7) = 0.998332,	N(8) = 0.165036,	N(9) = 0.15021,	N(10) = 0.0785896,	N(11) = 0.15021,	N(12) = 1.77932,	N(13) = 0.998332,	N(14) = 0.15021,	N(15) = 0.998332,	Delta[s](0) = 0.134499,	Delta[s](1) = 0.102651,	Delta[s](2) = 0.0642409,	Delta[s](3) = 0.102651,	Delta[s](4) = 0.102651,	Delta[s](5) = 0.0784499,	Delta[s](6) = 0.0408304,	Delta[s](7) = 0.0784499,	Delta[s](8) = 0.0642409,	Delta[s](9) = 0.0408304,	Delta[s](10) = 0.00374763,	Delta[s](11) = 0.0408304,	Delta[s](12) = 0.102651,	Delta[s](13) = 0.0784499,	Delta[s](14) = 0.0408304,	Delta[s](15) = 0.0784499,	Delta[d](0) = 0.251161,	Delta[d](1) = 0.156892,	Delta[d](2) = 0.177807,	Delta[d](3) = 0.156892,	Delta[d](4) = 0.156892,	Delta[d](5) = 0.153549,	Delta[d](6) = 0.109844,	Delta[d](7) = 0.153549,	Delta[d](8) = 0.177807,	Delta[d](9) = 0.109844,	Delta[d](10) = 0.0327482,	Delta[d](11) = 0.109844,	Delta[d](12) = 0.156892,	Delta[d](13) = 0.153549,	Delta[d](14) = 0.109844,	Delta[d](15) = 0.153549,	Delta[s+](0) = 0.569893,	Delta[s+](1) = 0.422802,	Delta[s+](2) = 0.177807,	Delta[s+](3) = 0.422802,	Delta[s+](4) = 0.422802,	Delta[s+](5) = 0.287806,	Delta[s+](6) = 0.106554,	Delta[s+](7) = 0.287806,	Delta[s+](8) = 0.177807,	Delta[s+](9) = 0.106554,	Delta[s+](10) = 0.0232217,	Delta[s+](11) = 0.106554,	Delta[s+](12) = 0.422802,	Delta[s+](13) = 0.287806,	Delta[s+](14) = 0.106554,	Delta[s+](15) = 0.287806
The 0-th iteration is completed.	|| time cost : 0h 8m 26.688s
********************************************************************************************************************
Start the 1 rounds of NGS-ED iteration
	effective electronic model is modified as: kinetic energy t = 0.986807
	                                           effective interaction Vq = [-0.432311, -0.40073,-0.382868, -0.40073, -0.40073,-0.388701,-0.376641,-0.388701,-0.382868,-0.376641,-0.368803,-0.376641, -0.40073,-0.388701,-0.376641,-0.388701]
	PARPACK diagonalization completed after 45 matrix-vector product operations.
	iteration results: : total energy is -21.116559 | electron energy -21.116721 + phonon energy 0.000162 | electron momentum kIdx = 0
The 1-th iteration is completed.	|| time cost : 0h 7m 1.201s
********************************************************************************************************************
Start the 2 rounds of NGS-ED iteration
	effective electronic model is modified as: kinetic energy t = 0.97986
	                                           effective interaction Vq = [-0.490818,-0.457289, -0.43418,-0.457289,-0.457289,-0.442519,-0.426778,-0.442519, -0.43418,-0.426778,-0.415897,-0.426778,-0.457289,-0.442519,-0.426778,-0.442519]
	PARPACK diagonalization completed after 45 matrix-vector product operations.
	iteration results: : total energy is -21.917519 | electron energy -21.918430 + phonon energy 0.000911 | electron momentum kIdx = 0
The 2-th iteration is completed.	|| time cost : 0h 0m 32.574s
********************************************************************************************************************
Start the 3 rounds of NGS-ED iteration
	effective electronic model is modified as: kinetic energy t = 0.977967
	                                           effective interaction Vq = [-0.498736,-0.468825, -0.44419,-0.468825,-0.468825,-0.453325,-0.436424,-0.453325, -0.44419,-0.436424,-0.424569,-0.436424,-0.468825,-0.453325,-0.436424,-0.453325]
	PARPACK diagonalization completed after 45 matrix-vector product operations.
	iteration results: : total energy is -22.019814 | electron energy -22.021211 + phonon energy 0.001397 | electron momentum kIdx = 0
The 3-th iteration is completed.	|| time cost : 0h 0m 32.365s
********************************************************************************************************************
Start the 4 rounds of NGS-ED iteration
	effective electronic model is modified as: kinetic energy t = 0.977492
	                                           effective interaction Vq = [-0.499808,  -0.4717,-0.446445,  -0.4717,  -0.4717,-0.455872, -0.43854,-0.455872,-0.446445, -0.43854,-0.426366, -0.43854,  -0.4717,-0.455872, -0.43854,-0.455872]
	PARPACK diagonalization completed after 30 matrix-vector product operations.
	iteration results: : total energy is -22.033282 | electron energy -22.034847 + phonon energy 0.001565 | electron momentum kIdx = 0
The 4-th iteration is completed.	|| time cost : 0h 0m 26.91s
********************************************************************************************************************
Start the 5 rounds of NGS-ED iteration
	effective electronic model is modified as: kinetic energy t = 0.977374
	                                           effective interaction Vq = [-0.499953,-0.472471,-0.446975,-0.472471,-0.472471,-0.456503,-0.439022,-0.456503,-0.446975,-0.439022,-0.426751,-0.439022,-0.472471,-0.456503,-0.439022,-0.456503]
	PARPACK diagonalization completed after 30 matrix-vector product operations.
	iteration results: : total energy is -22.035081 | electron energy -22.036693 + phonon energy 0.001612 | electron momentum kIdx = 0
The 5-th iteration is completed.	|| time cost : 0h 0m 27.002s
********************************************************************************************************************
Start the 6 rounds of NGS-ED iteration
	effective electronic model is modified as: kinetic energy t = 0.977345
	                                           effective interaction Vq = [-0.499972,-0.472682,-0.447101,-0.472682,-0.472682,-0.456661,-0.439132,-0.456661,-0.447101,-0.439132,-0.426834,-0.439132,-0.472682,-0.456661,-0.439132,-0.456661]
	PARPACK diagonalization completed after 30 matrix-vector product operations.
	iteration results: : total energy is -22.035323 | electron energy -22.036948 + phonon energy 0.001624 | electron momentum kIdx = 0
The 6-th iteration is completed.	|| time cost : 0h 0m 27.069s
********************************************************************************************************************
Start the 7 rounds of NGS-ED iteration
	effective electronic model is modified as: kinetic energy t = 0.977337
	                                           effective interaction Vq = [-0.499975,-0.472741,-0.447131,-0.472741,-0.472741,-0.456701,-0.439158,-0.456701,-0.447131,-0.439158,-0.426852,-0.439158,-0.472741,-0.456701,-0.439158,-0.456701]
	PARPACK diagonalization completed after 30 matrix-vector product operations.
	iteration results: : total energy is -22.035356 | electron energy -22.036983 + phonon energy 0.001627 | electron momentum kIdx = 0
	Nq(0) = 12.25,	Nq(1) = 0.211656,	Nq(2) = 0.266881,	Nq(3) = 0.211656,	Nq(4) = 0.211656,	Nq(5) = 0.308282,	Nq(6) = 0.359232,	Nq(7) = 0.308282,	Nq(8) = 0.266881,	Nq(9) = 0.359232,	Nq(10) = 0.413558,	Nq(11) = 0.359232,	Nq(12) = 0.211656,	Nq(13) = 0.308282,	Nq(14) = 0.359232,	Nq(15) = 0.308282,	Sq(0) = -5.23522e-19,	Sq(1) = 0.463503,	Sq(2) = 0.685501,	Sq(3) = 0.463503,	Sq(4) = 0.463503,	Sq(5) = 0.59319,	Sq(6) = 0.868208,	Sq(7) = 0.59319,	Sq(8) = 0.685501,	Sq(9) = 0.868208,	Sq(10) = 2.2154,	Sq(11) = 0.868208,	Sq(12) = 0.463503,	Sq(13) = 0.59319,	Sq(14) = 0.868208,	Sq(15) = 0.59319,	N(0) = 1.911,	N(1) = 1.83372,	N(2) = 0.123426,	N(3) = 1.83372,	N(4) = 1.83372,	N(5) = 0.997858,	N(6) = 0.114616,	N(7) = 0.997858,	N(8) = 0.123426,	N(9) = 0.114616,	N(10) = 0.0573677,	N(11) = 0.114616,	N(12) = 1.83372,	N(13) = 0.997858,	N(14) = 0.114616,	N(15) = 0.997858,	Delta[s](0) = 0.153551,	Delta[s](1) = 0.118208,	Delta[s](2) = 0.0750854,	Delta[s](3) = 0.118208,	Delta[s](4) = 0.118208,	Delta[s](5) = 0.0923142,	Delta[s](6) = 0.0509231,	Delta[s](7) = 0.0923142,	Delta[s](8) = 0.0750854,	Delta[s](9) = 0.0509231,	Delta[s](10) = 0.00749645,	Delta[s](11) = 0.0509231,	Delta[s](12) = 0.118208,	Delta[s](13) = 0.0923142,	Delta[s](14) = 0.0509231,	Delta[s](15) = 0.0923142,	Delta[d](0) = 0.248079,	Delta[d](1) = 0.150331,	Delta[d](2) = 0.171853,	Delta[d](3) = 0.150331,	Delta[d](4) = 0.150331,	Delta[d](5) = 0.149081,	Delta[d](6) = 0.104273,	Delta[d](7) = 0.149081,	Delta[d](8) = 0.171853,	Delta[d](9) = 0.104273,	Delta[d](10) = 0.0280013,	Delta[d](11) = 0.104273,	Delta[d](12) = 0.150331,	Delta[d](13) = 0.149081,	Delta[d](14) = 0.104273,	Delta[d](15) = 0.149081,	Delta[s+](0) = 0.570432,	Delta[s+](1) = 0.423398,	Delta[s+](2) = 0.171853,	Delta[s+](3) = 0.423398,	Delta[s+](4) = 0.423398,	Delta[s+](5) = 0.286376,	Delta[s+](6) = 0.101292,	Delta[s+](7) = 0.286376,	Delta[s+](8) = 0.171853,	Delta[s+](9) = 0.101292,	Delta[s+](10) = 0.0197712,	Delta[s+](11) = 0.101292,	Delta[s+](12) = 0.423398,	Delta[s+](13) = 0.286376,	Delta[s+](14) = 0.101292,	Delta[s+](15) = 0.286376
The 7-th iteration is completed.	|| time cost : 0h 4m 9.38s
********************************************************************************************************************
********************************************************************************************************************
Ground state is obtained after 8 iterations. The current ground-state energy is -22.0354, in which electron energy is -22.037 and phonon energy is 0.00162745
final variational state is: 
	Gamma_x = [      1,1.00379,1.00587,1.00379,1.00379,1.00642,1.00819,1.00642,1.00587,1.00819,1.00981,1.00819,1.00379,1.00642,1.00819,1.00642]
	lambda_q = [0.223526, 0.17143,0.150912, 0.17143, 0.17143,0.157826, 0.14562,0.157826,0.150912, 0.14562,0.138092, 0.14562, 0.17143,0.157826, 0.14562,0.157826]
********************************************************************************************************************
o___o  ----------------------------------------
| L |	Time since last clock: 0h 0m 0s
A===A	Time since the beginning: 0h 22m 3.192s
***********************************************


********************************************************************************************************************
Warm up runs have been completed. Start calculating W = 5 phonon.
open output files: NGSEDIterationObs.txt
********************************************************************************************************************
Start the 0 rounds of NGS-ED iteration
	effective electronic model is modified as: kinetic energy t = 0.977336
	                                           effective interaction Vq = [-0.457015,-0.395154,-0.363342,-0.395154,-0.395154,-0.374532,-0.354453,-0.374532,-0.363342,-0.354453,-0.341327,-0.354453,-0.395154,-0.374532,-0.354453,-0.374532]
	PARPACK diagonalization completed after 45 matrix-vector product operations.
	iteration results: : total energy is -21.144780 | electron energy -21.145594 + phonon energy 0.000814 | electron momentum kIdx = 0
	Nq(0) = 12.25,	Nq(1) = 0.207759,	Nq(2) = 0.262176,	Nq(3) = 0.207759,	Nq(4) = 0.207759,	Nq(5) = 0.301802,	Nq(6) = 0.351524,	Nq(7) = 0.301802,	Nq(8) = 0.262176,	Nq(9) = 0.351524,	Nq(10) = 0.40545,	Nq(11) = 0.351524,	Nq(12) = 0.207759,	Nq(13) = 0.301802,	Nq(14) = 0.351524,	Nq(15) = 0.301802,	Sq(0) = -2.25288e-18,	Sq(1) = 0.465048,	Sq(2) = 0.689785,	Sq(3) = 0.465048,	Sq(4) = 0.465048,	Sq(5) = 0.595223,	Sq(6) = 0.877665,	Sq(7) = 0.595223,	Sq(8) = 0.689785,	Sq(9) = 0.877665,	Sq(10) = 2.24454,	Sq(11) = 0.877665,	Sq(12) = 0.465048,	Sq(13) = 0.595223,	Sq(14) = 0.877665,	Sq(15) = 0.595223,	N(0) = 1.90461,	N(1) = 1.82251,	N(2) = 0.131856,	N(3) = 1.82251,	N(4) = 1.82251,	N(5) = 0.997905,	N(6) = 0.122068,	N(7) = 0.997905,	N(8) = 0.131856,	N(9) = 0.122068,	N(10) = 0.0617342,	N(11) = 0.122068,	N(12) = 1.82251,	N(13) = 0.997905,	N(14) = 0.122068,	N(15) = 0.997905,	Delta[s](0) = 0.148296,	Delta[s](1) = 0.114266,	Delta[s](2) = 0.0728824,	Delta[s](3) = 0.114266,	Delta[s](4) = 0.114266,	Delta[s](5) = 0.089113,	Delta[s](6) = 0.049162,	Delta[s](7) = 0.089113,	Delta[s](8) = 0.0728824,	Delta[s](9) = 0.049162,	Delta[s](10) = 0.00784717,	Delta[s](11) = 0.049162,	Delta[s](12) = 0.114266,	Delta[s](13) = 0.089113,	Delta[s](14) = 0.049162,	Delta[s](15) = 0.089113,	Delta[d](0) = 0.250007,	Delta[d](1) = 0.153432,	Delta[d](2) = 0.174843,	Delta[d](3) = 0.153432,	Delta[d](4) = 0.153432,	Delta[d](5) = 0.151705,	Delta[d](6) = 0.106933,	Delta[d](7) = 0.151705,	Delta[d](8) = 0.174843,	Delta[d](9) = 0.106933,	Delta[d](10) = 0.0299552,	Delta[d](11) = 0.106933,	Delta[d](12) = 0.153432,	Delta[d](13) = 0.151705,	Delta[d](14) = 0.106933,	Delta[d](15) = 0.151705,	Delta[s+](0) = 0.574078,	Delta[s+](1) = 0.426092,	Delta[s+](2) = 0.174843,	Delta[s+](3) = 0.426092,	Delta[s+](4) = 0.426092,	Delta[s+](5) = 0.288842,	Delta[s+](6) = 0.103735,	Delta[s+](7) = 0.288842,	Delta[s+](8) = 0.174843,	Delta[s+](9) = 0.103735,	Delta[s+](10) = 0.0212138,	Delta[s+](11) = 0.103735,	Delta[s+](12) = 0.426092,	Delta[s+](13) = 0.288842,	Delta[s+](14) = 0.103735,	Delta[s+](15) = 0.288842
The 0-th iteration is completed.	|| time cost : 0h 4m 11.906s
********************************************************************************************************************
Start the 1 rounds of NGS-ED iteration
	effective electronic model is modified as: kinetic energy t = 0.975444
	                                           effective interaction Vq = [-0.484171,-0.414056,-0.373318,-0.414056,-0.414056,-0.387601,-0.361531,-0.387601,-0.373318,-0.361531,-0.344658,-0.361531,-0.414056,-0.387601,-0.361531,-0.387601]
	PARPACK diagonalization completed after 45 matrix-vector product operations.
	iteration results: : total energy is -21.484335 | electron energy -21.486631 + phonon energy 0.002296 | electron momentum kIdx = 0
The 1-th iteration is completed.	|| time cost : 0h 0m 32.598s
********************************************************************************************************************
Start the 2 rounds of NGS-ED iteration
	effective electronic model is modified as: kinetic energy t = 0.974604
	                                           effective interaction Vq = [-0.494161,-0.422125,-0.377275,-0.422125,-0.422125,-0.392951,-0.364393,-0.392951,-0.377275,-0.364393,-0.346166,-0.364393,-0.422125,-0.392951,-0.364393,-0.392951]
	PARPACK diagonalization completed after 30 matrix-vector product operations.
	iteration results: : total energy is -21.608074 | electron energy -21.611292 + phonon energy 0.003219 | electron momentum kIdx = 0
The 2-th iteration is completed.	|| time cost : 0h 0m 27.056s
********************************************************************************************************************
Start the 3 rounds of NGS-ED iteration
	effective electronic model is modified as: kinetic energy t = 0.974235
	                                           effective interaction Vq = [-0.497837,-0.425709,-0.378879,-0.425709,-0.425709,-0.395199,-0.365566,-0.395199,-0.378879,-0.365566,-0.346831,-0.365566,-0.425709,-0.395199,-0.365566,-0.395199]
	PARPACK diagonalization completed after 30 matrix-vector product operations.
	iteration results: : total energy is -21.653366 | electron energy -21.657053 + phonon energy 0.003687 | electron momentum kIdx = 0
The 3-th iteration is completed.	|| time cost : 0h 0m 26.937s
********************************************************************************************************************
Start the 4 rounds of NGS-ED iteration
	effective electronic model is modified as: kinetic energy t = 0.974074
	                                           effective interaction Vq = [-0.499189,-0.427333,-0.379538,-0.427333,-0.427333,-0.396157,-0.366051,-0.396157,-0.379538,-0.366051,-0.347118,-0.366051,-0.427333,-0.396157,-0.366051,-0.396157]
	PARPACK diagonalization completed after 30 matrix-vector product operations.
	iteration results: : total energy is -21.669982 | electron energy -21.673890 + phonon energy 0.003908 | electron momentum kIdx = 0
The 4-th iteration is completed.	|| time cost : 0h 0m 26.984s
********************************************************************************************************************
Start the 5 rounds of NGS-ED iteration
	effective electronic model is modified as: kinetic energy t = 0.974003
	                                           effective interaction Vq = [-0.499686,-0.428076, -0.37981,-0.428076,-0.428076,-0.396568,-0.366253,-0.396568, -0.37981,-0.366253,-0.347241,-0.366253,-0.428076,-0.396568,-0.366253,-0.396568]
	PARPACK diagonalization completed after 30 matrix-vector product operations.
	iteration results: : total energy is -21.676086 | electron energy -21.680095 + phonon energy 0.004008 | electron momentum kIdx = 0
The 5-th iteration is completed.	|| time cost : 0h 0m 27.123s
********************************************************************************************************************
Start the 6 rounds of NGS-ED iteration
	effective electronic model is modified as: kinetic energy t = 0.973972
	                                           effective interaction Vq = [-0.499869,-0.428419,-0.379923,-0.428419,-0.428419,-0.396745,-0.366337,-0.396745,-0.379923,-0.366337,-0.347293,-0.366337,-0.428419,-0.396745,-0.366337,-0.396745]
	PARPACK diagonalization completed after 30 matrix-vector product operations.
	iteration results: : total energy is -21.678330 | electron energy -21.682384 + phonon energy 0.004053 | electron momentum kIdx = 0
The 6-th iteration is completed.	|| time cost : 0h 0m 27.014s
********************************************************************************************************************
Start the 7 rounds of NGS-ED iteration
	effective electronic model is modified as: kinetic energy t = 0.973959
	                                           effective interaction Vq = [-0.499936,-0.428577,-0.379971,-0.428577,-0.428577,-0.396821,-0.366372,-0.396821,-0.379971,-0.366372,-0.347315,-0.366372,-0.428577,-0.396821,-0.366372,-0.396821]
	PARPACK diagonalization completed after 30 matrix-vector product operations.
	iteration results: : total energy is -21.679155 | electron energy -21.683229 + phonon energy 0.004073 | electron momentum kIdx = 0
The 7-th iteration is completed.	|| time cost : 0h 0m 27.073s
********************************************************************************************************************
Start the 8 rounds of NGS-ED iteration
	effective electronic model is modified as: kinetic energy t = 0.973953
	                                           effective interaction Vq = [-0.499961, -0.42865, -0.37999, -0.42865, -0.42865,-0.396854,-0.366387,-0.396854, -0.37999,-0.366387,-0.347324,-0.366387, -0.42865,-0.396854,-0.366387,-0.396854]
	PARPACK diagonalization completed after 30 matrix-vector product operations.
	iteration results: : total energy is -21.679459 | electron energy -21.683541 + phonon energy 0.004082 | electron momentum kIdx = 0
The 8-th iteration is completed.	|| time cost : 0h 0m 27.126s
********************************************************************************************************************
Start the 9 rounds of NGS-ED iteration
	effective electronic model is modified as: kinetic energy t = 0.97395
	                                           effective interaction Vq = [ -0.49997,-0.428683,-0.379999,-0.428683,-0.428683,-0.396869,-0.366393,-0.396869,-0.379999,-0.366393,-0.347328,-0.366393,-0.428683,-0.396869,-0.366393,-0.396869]
	PARPACK diagonalization completed after 30 matrix-vector product operations.
	iteration results: : total energy is -21.679570 | electron energy -21.683657 + phonon energy 0.004086 | electron momentum kIdx = 0
The 9-th iteration is completed.	|| time cost : 0h 0m 27.055s
********************************************************************************************************************
Start the 10 rounds of NGS-ED iteration
	effective electronic model is modified as: kinetic energy t = 0.973949
	                                           effective interaction Vq = [-0.499973,-0.428699,-0.380002,-0.428699,-0.428699,-0.396875,-0.366396,-0.396875,-0.380002,-0.366396, -0.34733,-0.366396,-0.428699,-0.396875,-0.366396,-0.396875]
	PARPACK diagonalization completed after 30 matrix-vector product operations.
	iteration results: : total energy is -21.679611 | electron energy -21.683699 + phonon energy 0.004088 | electron momentum kIdx = 0
	Nq(0) = 12.25,	Nq(1) = 0.208721,	Nq(2) = 0.262804,	Nq(3) = 0.208721,	Nq(4) = 0.208721,	Nq(5) = 0.302798,	Nq(6) = 0.352218,	Nq(7) = 0.302798,	Nq(8) = 0.262804,	Nq(9) = 0.352218,	Nq(10) = 0.405883,	Nq(11) = 0.352218,	Nq(12) = 0.208721,	Nq(13) = 0.302798,	Nq(14) = 0.352218,	Nq(15) = 0.302798,	Sq(0) = 5.40066e-18,	Sq(1) = 0.464702,	Sq(2) = 0.689296,	Sq(3) = 0.464702,	Sq(4) = 0.464702,	Sq(5) = 0.594975,	Sq(6) = 0.876433,	Sq(7) = 0.594975,	Sq(8) = 0.689296,	Sq(9) = 0.876433,	Sq(10) = 2.24053,	Sq(11) = 0.876433,	Sq(12) = 0.464702,	Sq(13) = 0.594975,	Sq(14) = 0.876433,	Sq(15) = 0.594975,	N(0) = 1.9054,	N(1) = 1.82419,	N(2) = 0.130497,	N(3) = 1.82419,	N(4) = 1.82419,	N(5) = 0.997848,	N(6) = 0.121048,	N(7) = 0.997848,	N(8) = 0.130497,	N(9) = 0.121048,	N(10) = 0.0612549,	N(11) = 0.121048,	N(12) = 1.82419,	N(13) = 0.997848,	N(14) = 0.121048,	N(15) = 0.997848,	Delta[s](0) = 0.148522,	Delta[s](1) = 0.114576,	Delta[s](2) = 0.0732534,	Delta[s](3) = 0.114576,	Delta[s](4) = 0.114576,	Delta[s](5) = 0.0894914,	Delta[s](6) = 0.0496392,	Delta[s](7) = 0.0894914,	Delta[s](8) = 0.0732534,	Delta[s](9) = 0.0496392,	Delta[s](10) = 0.00836434,	Delta[s](11) = 0.0496392,	Delta[s](12) = 0.114576,	Delta[s](13) = 0.0894914,	Delta[s](14) = 0.0496392,	Delta[s](15) = 0.0894914,	Delta[d](0) = 0.252405,	Delta[d](1) = 0.154961,	Delta[d](2) = 0.176466,	Delta[d](3) = 0.154961,	Delta[d](4) = 0.154961,	Delta[d](5) = 0.153236,	Delta[d](6) = 0.108015,	Delta[d](7) = 0.153236,	Delta[d](8) = 0.176466,	Delta[d](9) = 0.108015,	Delta[d](10) = 0.0303818,	Delta[d](11) = 0.108015,	Delta[d](12) = 0.154961,	Delta[d](13) = 0.153236,	Delta[d](14) = 0.108015,	Delta[d](15) = 0.153236,	Delta[s+](0) = 0.579296,	Delta[s+](1) = 0.429971,	Delta[s+](2) = 0.176466,	Delta[s+](3) = 0.429971,	Delta[s+](4) = 0.429971,	Delta[s+](5) = 0.291483,	Delta[s+](6) = 0.104727,	Delta[s+](7) = 0.291483,	Delta[s+](8) = 0.176466,	Delta[s+](9) = 0.104727,	Delta[s+](10) = 0.0215141,	Delta[s+](11) = 0.104727,	Delta[s+](12) = 0.429971,	Delta[s+](13) = 0.291483,	Delta[s+](14) = 0.104727,	Delta[s+](15) = 0.291483
The 10-th iteration is completed.	|| time cost : 0h 4m 6.899s
********************************************************************************************************************
Start the 11 rounds of NGS-ED iteration
	effective electronic model is modified as: kinetic energy t = 0.973948
	                                           effective interaction Vq = [-0.499975,-0.428706,-0.380004,-0.428706,-0.428706,-0.396878,-0.366397,-0.396878,-0.380004,-0.366397,-0.347331,-0.366397,-0.428706,-0.396878,-0.366397,-0.396878]
	PARPACK diagonalization completed after 30 matrix-vector product operations.
	iteration results: : total energy is -21.679626 | electron energy -21.683715 + phonon energy 0.004089 | electron momentum kIdx = 0
The 11-th iteration is completed.	|| time cost : 0h 0m 27.608s
********************************************************************************************************************
Start the 12 rounds of NGS-ED iteration
	effective electronic model is modified as: kinetic energy t = 0.973948
	                                           effective interaction Vq = [-0.499975, -0.42871,-0.380004, -0.42871, -0.42871,-0.396879,-0.366397,-0.396879,-0.380004,-0.366397,-0.347331,-0.366397, -0.42871,-0.396879,-0.366397,-0.396879]
	PARPACK diagonalization completed after 30 matrix-vector product operations.
	iteration results: : total energy is -21.679632 | electron energy -21.683721 + phonon energy 0.004089 | electron momentum kIdx = 0
The 12-th iteration is completed.	|| time cost : 0h 0m 27.34s
********************************************************************************************************************
Start the 13 rounds of NGS-ED iteration
	effective electronic model is modified as: kinetic energy t = 0.973948
	                                           effective interaction Vq = [-0.499975,-0.428711,-0.380005,-0.428711,-0.428711,-0.396879,-0.366397,-0.396879,-0.380005,-0.366397,-0.347331,-0.366397,-0.428711,-0.396879,-0.366397,-0.396879]
	PARPACK diagonalization completed after 30 matrix-vector product operations.
	iteration results: : total energy is -21.679634 | electron energy -21.683723 + phonon energy 0.004089 | electron momentum kIdx = 0
The 13-th iteration is completed.	|| time cost : 0h 0m 27.022s
********************************************************************************************************************
Start the 14 rounds of NGS-ED iteration
	effective electronic model is modified as: kinetic energy t = 0.973948
	                                           effective interaction Vq = [-0.499975,-0.428712,-0.380005,-0.428712,-0.428712, -0.39688,-0.366397, -0.39688,-0.380005,-0.366397,-0.347331,-0.366397,-0.428712, -0.39688,-0.366397, -0.39688]
	PARPACK diagonalization completed after 30 matrix-vector product operations.
	iteration results: : total energy is -21.679635 | electron energy -21.683724 + phonon energy 0.004089 | electron momentum kIdx = 0
The 14-th iteration is completed.	|| time cost : 0h 0m 27.232s
********************************************************************************************************************
Start the 15 rounds of NGS-ED iteration
	effective electronic model is modified as: kinetic energy t = 0.973948
	                                           effective interaction Vq = [-0.499975,-0.428712,-0.380005,-0.428712,-0.428712, -0.39688,-0.366397, -0.39688,-0.380005,-0.366397,-0.347331,-0.366397,-0.428712, -0.39688,-0.366397, -0.39688]
	PARPACK diagonalization completed after 30 matrix-vector product operations.
	iteration results: : total energy is -21.679635 | electron energy -21.683724 + phonon energy 0.004089 | electron momentum kIdx = 0
The 15-th iteration is completed.	|| time cost : 0h 0m 27.255s
********************************************************************************************************************
Start the 16 rounds of NGS-ED iteration
	effective electronic model is modified as: kinetic energy t = 0.973948
	                                           effective interaction Vq = [-0.499975,-0.428712,-0.380005,-0.428712,-0.428712, -0.39688,-0.366397, -0.39688,-0.380005,-0.366397,-0.347331,-0.366397,-0.428712, -0.39688,-0.366397, -0.39688]
	PARPACK diagonalization completed after 30 matrix-vector product operations.
	iteration results: : total energy is -21.679635 | electron energy -21.683725 + phonon energy 0.004089 | electron momentum kIdx = 0
The 16-th iteration is completed.	|| time cost : 0h 0m 27.209s
********************************************************************************************************************
Start the 17 rounds of NGS-ED iteration
	effective electronic model is modified as: kinetic energy t = 0.973948
	                                           effective interaction Vq = [-0.499975,-0.428712,-0.380005,-0.428712,-0.428712, -0.39688,-0.366397, -0.39688,-0.380005,-0.366397,-0.347331,-0.366397,-0.428712, -0.39688,-0.366397, -0.39688]
	PARPACK diagonalization completed after 30 matrix-vector product operations.
	iteration results: : total energy is -21.679635 | electron energy -21.683725 + phonon energy 0.004089 | electron momentum kIdx = 0
The 17-th iteration is completed.	|| time cost : 0h 0m 31.641s
********************************************************************************************************************
Start the 18 rounds of NGS-ED iteration
	effective electronic model is modified as: kinetic energy t = 0.973948
	                                           effective interaction Vq = [-0.499975,-0.428712,-0.380005,-0.428712,-0.428712, -0.39688,-0.366397, -0.39688,-0.380005,-0.366397,-0.347331,-0.366397,-0.428712, -0.39688,-0.366397, -0.39688]
	PARPACK diagonalization completed after 30 matrix-vector product operations.
	iteration results: : total energy is -21.679635 | electron energy -21.683725 + phonon energy 0.004089 | electron momentum kIdx = 0
The 18-th iteration is completed.	|| time cost : 0h 0m 27.115s
********************************************************************************************************************
Start the 19 rounds of NGS-ED iteration
	effective electronic model is modified as: kinetic energy t = 0.973948
	                                           effective interaction Vq = [-0.499975,-0.428712,-0.380005,-0.428712,-0.428712, -0.39688,-0.366397, -0.39688,-0.380005,-0.366397,-0.347331,-0.366397,-0.428712, -0.39688,-0.366397, -0.39688]
	PARPACK diagonalization completed after 30 matrix-vector product operations.
	iteration results: : total energy is -21.679635 | electron energy -21.683725 + phonon energy 0.004089 | electron momentum kIdx = 0
The 19-th iteration is completed.	|| time cost : 0h 0m 27.131s
********************************************************************************************************************
Start the 20 rounds of NGS-ED iteration
	effective electronic model is modified as: kinetic energy t = 0.973948
	                                           effective interaction Vq = [-0.499975,-0.428712,-0.380005,-0.428712,-0.428712, -0.39688,-0.366397, -0.39688,-0.380005,-0.366397,-0.347331,-0.366397,-0.428712, -0.39688,-0.366397, -0.39688]
	PARPACK diagonalization completed after 30 matrix-vector product operations.
	iteration results: : total energy is -21.679635 | electron energy -21.683725 + phonon energy 0.004089 | electron momentum kIdx = 0
	Nq(0) = 12.25,	Nq(1) = 0.208722,	Nq(2) = 0.262804,	Nq(3) = 0.208722,	Nq(4) = 0.208722,	Nq(5) = 0.302798,	Nq(6) = 0.352218,	Nq(7) = 0.302798,	Nq(8) = 0.262804,	Nq(9) = 0.352218,	Nq(10) = 0.405883,	Nq(11) = 0.352218,	Nq(12) = 0.208722,	Nq(13) = 0.302798,	Nq(14) = 0.352218,	Nq(15) = 0.302798,	Sq(0) = 8.37608e-19,	Sq(1) = 0.464702,	Sq(2) = 0.689296,	Sq(3) = 0.464702,	Sq(4) = 0.464702,	Sq(5) = 0.594975,	Sq(6) = 0.876433,	Sq(7) = 0.594975,	Sq(8) = 0.689296,	Sq(9) = 0.876433,	Sq(10) = 2.24053,	Sq(11) = 0.876433,	Sq(12) = 0.464702,	Sq(13) = 0.594975,	Sq(14) = 0.876433,	Sq(15) = 0.594975,	N(0) = 1.9054,	N(1) = 1.82419,	N(2) = 0.130497,	N(3) = 1.82419,	N(4) = 1.82419,	N(5) = 0.997848,	N(6) = 0.121048,	N(7) = 0.997848,	N(8) = 0.130497,	N(9) = 0.121048,	N(10) = 0.0612549,	N(11) = 0.121048,	N(12) = 1.82419,	N(13) = 0.997848,	N(14) = 0.121048,	N(15) = 0.997848,	Delta[s](0) = 0.148522,	Delta[s](1) = 0.114576,	Delta[s](2) = 0.0732535,	Delta[s](3) = 0.114576,	Delta[s](4) = 0.114576,	Delta[s](5) = 0.0894915,	Delta[s](6) = 0.0496393,	Delta[s](7) = 0.0894915,	Delta[s](8) = 0.0732535,	Delta[s](9) = 0.0496393,	Delta[s](10) = 0.00836449,	Delta[s](11) = 0.0496393,	Delta[s](12) = 0.114576,	Delta[s](13) = 0.0894915,	Delta[s](14) = 0.0496393,	Delta[s](15) = 0.0894915,	Delta[d](0) = 0.25242,	Delta[d](1) = 0.154971,	Delta[d](2) = 0.176477,	Delta[d](3) = 0.154971,	Delta[d](4) = 0.154971,	Delta[d](5) = 0.153246,	Delta[d](6) = 0.108022,	Delta[d](7) = 0.153246,	Delta[d](8) = 0.176477,	Delta[d](9) = 0.108022,	Delta[d](10) = 0.0303837,	Delta[d](11) = 0.108022,	Delta[d](12) = 0.154971,	Delta[d](13) = 0.153246,	Delta[d](14) = 0.108022,	Delta[d](15) = 0.153246,	Delta[s+](0) = 0.579331,	Delta[s+](1) = 0.429996,	Delta[s+](2) = 0.176477,	Delta[s+](3) = 0.429996,	Delta[s+](4) = 0.429996,	Delta[s+](5) = 0.291501,	Delta[s+](6) = 0.104734,	Delta[s+](7) = 0.291501,	Delta[s+](8) = 0.176477,	Delta[s+](9) = 0.104734,	Delta[s+](10) = 0.0215154,	Delta[s+](11) = 0.104734,	Delta[s+](12) = 0.429996,	Delta[s+](13) = 0.291501,	Delta[s+](14) = 0.104734,	Delta[s+](15) = 0.291501
The 20-th iteration is completed.	|| time cost : 0h 4m 17.884s
********************************************************************************************************************
Start the 21 rounds of NGS-ED iteration
	effective electronic model is modified as: kinetic energy t = 0.973948
	                                           effective interaction Vq = [-0.499975,-0.428712,-0.380005,-0.428712,-0.428712, -0.39688,-0.366397, -0.39688,-0.380005,-0.366397,-0.347331,-0.366397,-0.428712, -0.39688,-0.366397, -0.39688]
	PARPACK diagonalization completed after 30 matrix-vector product operations.
	iteration results: : total energy is -21.679635 | electron energy -21.683725 + phonon energy 0.004089 | electron momentum kIdx = 0
The 21-th iteration is completed.	|| time cost : 0h 0m 27.054s
********************************************************************************************************************
Start the 22 rounds of NGS-ED iteration
	effective electronic model is modified as: kinetic energy t = 0.973948
	                                           effective interaction Vq = [-0.499975,-0.428712,-0.380005,-0.428712,-0.428712, -0.39688,-0.366397, -0.39688,-0.380005,-0.366397,-0.347331,-0.366397,-0.428712, -0.39688,-0.366397, -0.39688]
	PARPACK diagonalization completed after 30 matrix-vector product operations.
	iteration results: : total energy is -21.679635 | electron energy -21.683725 + phonon energy 0.004089 | electron momentum kIdx = 0
The 22-th iteration is completed.	|| time cost : 0h 0m 27.092s
********************************************************************************************************************
Start the 23 rounds of NGS-ED iteration
	effective electronic model is modified as: kinetic energy t = 0.973948
	                                           effective interaction Vq = [-0.499975,-0.428712,-0.380005,-0.428712,-0.428712, -0.39688,-0.366397, -0.39688,-0.380005,-0.366397,-0.347331,-0.366397,-0.428712, -0.39688,-0.366397, -0.39688]
	PARPACK diagonalization completed after 30 matrix-vector product operations.
	iteration results: : total energy is -21.679635 | electron energy -21.683725 + phonon energy 0.004089 | electron momentum kIdx = 0
