SNEDics v3.22.2 Non-Gaussian ED ground state program		Start at Tue Jun 28 02:17:08 2022

Parallelization: 32 MPI threads  * 8 OpenMP threads = 256 total threads.
********************************************************************************************************************
********************************************************************************************************************

********************************************************************************************************************
System parameters and configurations
	special program options are enabled: splitted diagonal Hamiltonian | splitted Hamiltonian terms
********************************************************************************************************************
Read input file "model_params.in"
	Hubbard-Holstein model parameters : 	t = 1    U = 8    g = 0.95    W = 0.2    g' = 0.05    
********************************************************************************************************************
Read input file "hilbertspace_params.in"
	Requested 16-site 2D lattice, with 12 electrons (6, 6)
	Boundary : Periodic		Hilbert space representation : momentum-space (restricted to kIdx = 0)
	Conservation: particle number[U(1)]      spin[U(1)]     momentum
********************************************************************************************************************

Cluster Positions:				Cluster symmetry group : D4
 x ... x ... x ... x .....                       x ... x ... x ... x .....
 |           |           :                       |           |           :
 |           |           :                       |           |           :
12    13    14    15     x                       1     5     6     5     x
 |           |           :                       |           |           :
 |           |           :                       |           |           :
 8 --- 9 ---10 ---11 --- x                       2 --- 6 ---10 --- 6 --- x
 |           |           :                       |           |           :
 |           |           :                       |           |           :
 4     5     6     7     x                       1     5     6     5     x
 |           |           :                       |           |           :
 |           |           :                       |           |           :
 0 --- 1 --- 2 --- 3 --- x                       0 --- 1 --- 2 --- 1 --- x
orbital number : 1
********************************************************************************************************************
Read input file "obs_params.in"
	Observable Type : Nq(All),   Sq(All),   N(All-Orbital),   Delta[s](All),   Delta[d](All),   Delta[s+](All)
** WARNING ** the input observables have non-local factors which have been reinterpreted. The total observable number is 96
********************************************************************************************************************


********************************************************************************************************************
Start calculating the non-Gaussian ED ground state
Maximal iteration number is 1000; energy resolution is 1e-06. Phonon state relaxation time is 2000
W = 0.2 is relatively large. The non-Gaussian ED calculation starts directly.
open output files: NGSED_iteration_observables.txt
********************************************************************************************************************
Start the 0 rounds of NGS-ED iteration
	effective electronic model is modified as: kinetic energy t = 1
	                                           effective interaction Vq = [0,0,0,0,0,0,0,0,0,0,0,0,0,0,0,0]
	first Hamiltonian is constructed, size = 4008592 and non-zero numbers = 969134044
	PARPACK diagonalization completed after 150 matrix-vector product operations.
	iteration results: : total energy is -14.925310 | electron energy -14.925310 + phonon energy 0.000000 | electron momentum kIdx = 0
	Nq(0) = 9,	Nq(1) = 0.191675,	Nq(2) = 0.266183,	Nq(3) = 0.191675,	Nq(4) = 0.191675,	Nq(5) = 0.245517,	
	Nq(6) = 0.314107,	Nq(7) = 0.245517,	Nq(8) = 0.266183,	Nq(9) = 0.314107,	Nq(10) = 0.369338,	
	Nq(11) = 0.314107,	Nq(12) = 0.191675,	Nq(13) = 0.245517,	Nq(14) = 0.314107,	Nq(15) = 0.245517;	
	Sq(0) = 3.02743e-18,	Sq(1) = 0.554662,	Sq(2) = 0.424361,	Sq(3) = 0.554662,	Sq(4) = 0.554662,	
	Sq(5) = 0.79749,	Sq(6) = 1.01287,	Sq(7) = 0.79749,	Sq(8) = 0.424361,	Sq(9) = 1.01287,	
	Sq(10) = 0.784303,	Sq(11) = 1.01287,	Sq(12) = 0.554662,	Sq(13) = 0.79749,	Sq(14) = 1.01287,	
	Sq(15) = 0.79749;	N(0) = 1.76735,	N(1) = 1.6264,	N(2) = 0.74365,	N(3) = 1.6264,	
	N(4) = 1.6264,	N(5) = 0.392302,	N(6) = 0.144321,	N(7) = 0.392302,	N(8) = 0.74365,	
	N(9) = 0.144321,	N(10) = 0.0932732,	N(11) = 0.144321,	N(12) = 1.6264,	N(13) = 0.392302,	
	N(14) = 0.144321,	N(15) = 0.392302;	Delta[s](0) = 0.0521446,	Delta[s](1) = 0.0393997,	Delta[s](2) = 0.0293875,	
	Delta[s](3) = 0.0393997,	Delta[s](4) = 0.0393997,	Delta[s](5) = 0.0275561,	Delta[s](6) = 0.0163634,	Delta[s](7) = 0.0275561,	
	Delta[s](8) = 0.0293875,	Delta[s](9) = 0.0163634,	Delta[s](10) = 0.00925357,	Delta[s](11) = 0.0163634,	Delta[s](12) = 0.0393997,	
	Delta[s](13) = 0.0275561,	Delta[s](14) = 0.0163634,	Delta[s](15) = 0.0275561;	Delta[d](0) = 0.217003,	Delta[d](1) = 0.177834,	
	Delta[d](2) = 0.212409,	Delta[d](3) = 0.177834,	Delta[d](4) = 0.177834,	Delta[d](5) = 0.129315,	Delta[d](6) = 0.148572,	
	Delta[d](7) = 0.129315,	Delta[d](8) = 0.212409,	Delta[d](9) = 0.148572,	Delta[d](10) = 0.097638,	Delta[d](11) = 0.148572,	
	Delta[d](12) = 0.177834,	Delta[d](13) = 0.129315,	Delta[d](14) = 0.148572,	Delta[d](15) = 0.129315;	Delta[s+](0) = 0.48461,	
	Delta[s+](1) = 0.333961,	Delta[s+](2) = 0.212409,	Delta[s+](3) = 0.333961,	Delta[s+](4) = 0.333961,	Delta[s+](5) = 0.174584,	
	Delta[s+](6) = 0.0744625,	Delta[s+](7) = 0.174584,	Delta[s+](8) = 0.212409,	Delta[s+](9) = 0.0744625,	Delta[s+](10) = 0.0264159,	
	Delta[s+](11) = 0.0744625,	Delta[s+](12) = 0.333961,	Delta[s+](13) = 0.174584,	Delta[s+](14) = 0.0744625,	Delta[s+](15) = 0.174584
	
The 0-th iteration is completed.	|| time cost : 0h 2m 5.449s
********************************************************************************************************************
Start the 1 rounds of NGS-ED iteration
	effective electronic model is modified as: kinetic energy t = 0.895409
	                                           effective interaction Vq = [  -6.6125, -2.20684, -1.19637, -2.20684, -2.20684,-0.900782, -0.54621,-0.900782, -1.19637, -0.54621,-0.312798, -0.54621, -2.20684,-0.900782, -0.54621,-0.900782]
	PARPACK diagonalization completed after 45 matrix-vector product operations.
	iteration results: : total energy is -75.827107 | electron energy -76.733430 + phonon energy 0.906323 | electron momentum kIdx = 0
The 1-th iteration is completed.	|| time cost : 0h 1m 18.195s
********************************************************************************************************************
Start the 2 rounds of NGS-ED iteration
	effective electronic model is modified as: kinetic energy t = 0.856933
	                                           effective interaction Vq = [  -6.6125, -3.57404, -1.42799, -3.57404, -3.57404,-0.995603,-0.536319,-0.995603, -1.42799,-0.536319,-0.298211,-0.536319, -3.57404,-0.995603,-0.536319,-0.995603]
	PARPACK diagonalization completed after 45 matrix-vector product operations.
	iteration results: : total energy is -76.308585 | electron energy -77.893414 + phonon energy 1.584829 | electron momentum kIdx = 0
The 2-th iteration is completed.	|| time cost : 0h 0m 11.49s
********************************************************************************************************************
Start the 3 rounds of NGS-ED iteration
	effective electronic model is modified as: kinetic energy t = 0.819721
	                                           effective interaction Vq = [  -6.6125, -4.73836, -1.36029, -4.73836, -4.73836,-0.988028,-0.502515,-0.988028, -1.36029,-0.502515,-0.286643,-0.502515, -4.73836,-0.988028,-0.502515,-0.988028]
	PARPACK diagonalization completed after 90 matrix-vector product operations.
	iteration results: : total energy is -78.224137 | electron energy -80.447562 + phonon energy 2.223425 | electron momentum kIdx = 0
The 3-th iteration is completed.	|| time cost : 0h 0m 17.329s
********************************************************************************************************************
Start the 4 rounds of NGS-ED iteration
	effective electronic model is modified as: kinetic energy t = 0.695651
	                                           effective interaction Vq = [  -6.6125, -5.48984, -1.16411, -5.48984, -5.48984, -1.54023,-0.466421, -1.54023, -1.16411,-0.466421,-0.273704,-0.466421, -5.48984, -1.54023,-0.466421, -1.54023]
	PARPACK diagonalization completed after 60 matrix-vector product operations.
	iteration results: : total energy is -84.210053 | electron energy -86.621158 + phonon energy 2.411105 | electron momentum kIdx = 0
The 4-th iteration is completed.	|| time cost : 0h 0m 13.322s
********************************************************************************************************************
Start the 5 rounds of NGS-ED iteration
	effective electronic model is modified as: kinetic energy t = 0.490601
	                                           effective interaction Vq = [  -6.6125, -5.50721,-0.679397, -5.50721, -5.50721, -3.40472, -0.46449, -3.40472,-0.679397, -0.46449,-0.287003, -0.46449, -5.50721, -3.40472, -0.46449, -3.40472]
	PARPACK diagonalization completed after 45 matrix-vector product operations.
	iteration results: : total energy is -85.283551 | electron energy -87.242054 + phonon energy 1.958503 | electron momentum kIdx = 0
The 5-th iteration is completed.	|| time cost : 0h 0m 10.993s
********************************************************************************************************************
Start the 6 rounds of NGS-ED iteration
	effective electronic model is modified as: kinetic energy t = 1.33079e-09
	                                           effective interaction Vq = [-6.6125,-5.5125,-4.5125,-5.5125,-5.5125,-4.5125,-3.6125,-4.5125,-4.5125,-3.6125,-2.8125,-3.6125,-5.5125,-4.5125,-3.6125,-4.5125]
	PARPACK diagonalization completed after 45 matrix-vector product operations.
	iteration results: : total energy is -89.300000 | electron energy -89.300000 + phonon energy 0.000000 | electron momentum kIdx = 0
The 6-th iteration is completed.	|| time cost : 0h 0m 12.144s
********************************************************************************************************************
Start the 7 rounds of NGS-ED iteration
	effective electronic model is modified as: kinetic energy t = 7.71572e-09
	                                           effective interaction Vq = [  -6.6125,  -5.5125,  -4.5125,  -5.5125,  -5.5125,  -4.5125,  -3.6125,  -4.5125,  -4.5125,  -3.6125,-0.075223,  -3.6125,  -5.5125,  -4.5125,  -3.6125,  -4.5125]
	PARPACK diagonalization completed after 30 matrix-vector product operations.
	iteration results: : total energy is -89.300000 | electron energy -89.300000 + phonon energy 0.000000 | electron momentum kIdx = 0
The 7-th iteration is completed.	|| time cost : 0h 0m 9.282s
********************************************************************************************************************
Start the 8 rounds of NGS-ED iteration
	effective electronic model is modified as: kinetic energy t = 7.67477e-09
	                                           effective interaction Vq = [  -6.6125,  -5.5125,  -4.5125,  -5.5125,  -5.5125,  -4.5125,  -3.6125,  -4.5125,  -4.5125,  -3.6125,-0.309611,  -3.6125,  -5.5125,  -4.5125,  -3.6125,  -4.5125]
	PARPACK diagonalization completed after 30 matrix-vector product operations.
	iteration results: : total energy is -89.300000 | electron energy -89.300000 + phonon energy 0.000000 | electron momentum kIdx = 0
The 8-th iteration is completed.	|| time cost : 0h 0m 9.303s
********************************************************************************************************************
Start the 9 rounds of NGS-ED iteration
	effective electronic model is modified as: kinetic energy t = 7.6735e-09
	                                           effective interaction Vq = [  -6.6125,  -5.5125,  -4.5125,  -5.5125,  -5.5125,  -4.5125,  -3.6125,  -4.5125,  -4.5125,  -3.6125,-0.313965,  -3.6125,  -5.5125,  -4.5125,  -3.6125,  -4.5125]
	PARPACK diagonalization completed after 30 matrix-vector product operations.
	iteration results: : total energy is -89.300000 | electron energy -89.300000 + phonon energy 0.000000 | electron momentum kIdx = 0
The 9-th iteration is completed.	|| time cost : 0h 0m 9.267s
********************************************************************************************************************
Start the 10 rounds of NGS-ED iteration
	effective electronic model is modified as: kinetic energy t = 7.67353e-09
	                                           effective interaction Vq = [  -6.6125,  -5.5125,  -4.5125,  -5.5125,  -5.5125,  -4.5125,  -3.6125,  -4.5125,  -4.5125,  -3.6125,-0.313865,  -3.6125,  -5.5125,  -4.5125,  -3.6125,  -4.5125]
	PARPACK diagonalization completed after 30 matrix-vector product operations.
	iteration results: : total energy is -89.300000 | electron energy -89.300000 + phonon energy 0.000000 | electron momentum kIdx = 0
The 10-th iteration is completed.	|| time cost : 0h 0m 9.289s
********************************************************************************************************************
Start the 11 rounds of NGS-ED iteration
	effective electronic model is modified as: kinetic energy t = 7.67349e-09
	                                           effective interaction Vq = [-6.6125,-5.5125,-4.5125,-5.5125,-5.5125,-4.5125,-3.6125,-4.5125,-4.5125,-3.6125, -0.314,-3.6125,-5.5125,-4.5125,-3.6125,-4.5125]
	PARPACK diagonalization completed after 30 matrix-vector product operations.
	iteration results: : total energy is -89.300000 | electron energy -89.300000 + phonon energy 0.000000 | electron momentum kIdx = 0
The 11-th iteration is completed.	|| time cost : 0h 0m 9.259s
********************************************************************************************************************
Start the 12 rounds of NGS-ED iteration
	effective electronic model is modified as: kinetic energy t = 7.67359e-09
	                                           effective interaction Vq = [  -6.6125,  -5.5125,  -4.5125,  -5.5125,  -5.5125,  -4.5125,  -3.6125,  -4.5125,  -4.5125,  -3.6125,-0.313681,  -3.6125,  -5.5125,  -4.5125,  -3.6125,  -4.5125]
	PARPACK diagonalization completed after 30 matrix-vector product operations.
	iteration results: : total energy is -89.300000 | electron energy -89.300000 + phonon energy 0.000000 | electron momentum kIdx = 0
The 12-th iteration is completed.	|| time cost : 0h 0m 9.244s
********************************************************************************************************************
Start the 13 rounds of NGS-ED iteration
	effective electronic model is modified as: kinetic energy t = 7.67346e-09
	                                           effective interaction Vq = [  -6.6125,  -5.5125,  -4.5125,  -5.5125,  -5.5125,  -4.5125,  -3.6125,  -4.5125,  -4.5125,  -3.6125,-0.314127,  -3.6125,  -5.5125,  -4.5125,  -3.6125,  -4.5125]
	PARPACK diagonalization completed after 30 matrix-vector product operations.
	iteration results: : total energy is -89.300000 | electron energy -89.300000 + phonon energy 0.000000 | electron momentum kIdx = 0
The 13-th iteration is completed.	|| time cost : 0h 0m 9.291s
********************************************************************************************************************
Start the 14 rounds of NGS-ED iteration
	effective electronic model is modified as: kinetic energy t = 7.67346e-09
	                                           effective interaction Vq = [  -6.6125,  -5.5125,  -4.5125,  -5.5125,  -5.5125,  -4.5125,  -3.6125,  -4.5125,  -4.5125,  -3.6125,-0.314097,  -3.6125,  -5.5125,  -4.5125,  -3.6125,  -4.5125]
	PARPACK diagonalization completed after 30 matrix-vector product operations.
	iteration results: : total energy is -89.300000 | electron energy -89.300000 + phonon energy 0.000000 | electron momentum kIdx = 0
The 14-th iteration is completed.	|| time cost : 0h 0m 9.273s
********************************************************************************************************************
Start the 15 rounds of NGS-ED iteration
	effective electronic model is modified as: kinetic energy t = 7.67348e-09
	                                           effective interaction Vq = [  -6.6125,  -5.5125,  -4.5125,  -5.5125,  -5.5125,  -4.5125,  -3.6125,  -4.5125,  -4.5125,  -3.6125,-0.314051,  -3.6125,  -5.5125,  -4.5125,  -3.6125,  -4.5125]
	PARPACK diagonalization completed after 30 matrix-vector product operations.
	iteration results: : total energy is -89.300000 | electron energy -89.300000 + phonon energy 0.000000 | electron momentum kIdx = 0
The 15-th iteration is completed.	|| time cost : 0h 0m 9.28s
********************************************************************************************************************
Start the 16 rounds of NGS-ED iteration
	effective electronic model is modified as: kinetic energy t = 7.6734e-09
	                                           effective interaction Vq = [  -6.6125,  -5.5125,  -4.5125,  -5.5125,  -5.5125,  -4.5125,  -3.6125,  -4.5125,  -4.5125,  -3.6125,-0.314302,  -3.6125,  -5.5125,  -4.5125,  -3.6125,  -4.5125]
	PARPACK diagonalization completed after 30 matrix-vector product operations.
	iteration results: : total energy is -89.300000 | electron energy -89.300000 + phonon energy 0.000000 | electron momentum kIdx = 0
The 16-th iteration is completed.	|| time cost : 0h 0m 9.288s
********************************************************************************************************************
Start the 17 rounds of NGS-ED iteration
	effective electronic model is modified as: kinetic energy t = 7.67347e-09
	                                           effective interaction Vq = [  -6.6125,  -5.5125,  -4.5125,  -5.5125,  -5.5125,  -4.5125,  -3.6125,  -4.5125,  -4.5125,  -3.6125,-0.314081,  -3.6125,  -5.5125,  -4.5125,  -3.6125,  -4.5125]
	PARPACK diagonalization completed after 30 matrix-vector product operations.
	iteration results: : total energy is -89.300000 | electron energy -89.300000 + phonon energy 0.000000 | electron momentum kIdx = 0
The 17-th iteration is completed.	|| time cost : 0h 0m 9.25s
********************************************************************************************************************
Start the 18 rounds of NGS-ED iteration
	effective electronic model is modified as: kinetic energy t = 7.6735e-09
	                                           effective interaction Vq = [  -6.6125,  -5.5125,  -4.5125,  -5.5125,  -5.5125,  -4.5125,  -3.6125,  -4.5125,  -4.5125,  -3.6125,-0.313961,  -3.6125,  -5.5125,  -4.5125,  -3.6125,  -4.5125]
	PARPACK diagonalization completed after 30 matrix-vector product operations.
	iteration results: : total energy is -89.300000 | electron energy -89.300000 + phonon energy 0.000000 | electron momentum kIdx = 0
The 18-th iteration is completed.	|| time cost : 0h 0m 9.23s
********************************************************************************************************************
Start the 19 rounds of NGS-ED iteration
	effective electronic model is modified as: kinetic energy t = 7.67345e-09
	                                           effective interaction Vq = [  -6.6125,  -5.5125,  -4.5125,  -5.5125,  -5.5125,  -4.5125,  -3.6125,  -4.5125,  -4.5125,  -3.6125,-0.314151,  -3.6125,  -5.5125,  -4.5125,  -3.6125,  -4.5125]
	PARPACK diagonalization completed after 30 matrix-vector product operations.
	iteration results: : total energy is -89.300000 | electron energy -89.300000 + phonon energy 0.000000 | electron momentum kIdx = 0
The 19-th iteration is completed.	|| time cost : 0h 0m 9.264s
********************************************************************************************************************
Start the 20 rounds of NGS-ED iteration
	effective electronic model is modified as: kinetic energy t = 7.67341e-09
	                                           effective interaction Vq = [  -6.6125,  -5.5125,  -4.5125,  -5.5125,  -5.5125,  -4.5125,  -3.6125,  -4.5125,  -4.5125,  -3.6125,-0.314284,  -3.6125,  -5.5125,  -4.5125,  -3.6125,  -4.5125]
	PARPACK diagonalization completed after 30 matrix-vector product operations.
	iteration results: : total energy is -89.300000 | electron energy -89.300000 + phonon energy 0.000000 | electron momentum kIdx = 0
The 20-th iteration is completed.	|| time cost : 0h 0m 9.279s
********************************************************************************************************************
Start the 21 rounds of NGS-ED iteration
	effective electronic model is modified as: kinetic energy t = 7.67347e-09
	                                           effective interaction Vq = [  -6.6125,  -5.5125,  -4.5125,  -5.5125,  -5.5125,  -4.5125,  -3.6125,  -4.5125,  -4.5125,  -3.6125,-0.314077,  -3.6125,  -5.5125,  -4.5125,  -3.6125,  -4.5125]
	PARPACK diagonalization completed after 30 matrix-vector product operations.
	iteration results: : total energy is -89.300000 | electron energy -89.300000 + phonon energy 0.000000 | electron momentum kIdx = 0
The 21-th iteration is completed.	|| time cost : 0h 0m 9.281s
********************************************************************************************************************
Start the 22 rounds of NGS-ED iteration
	effective electronic model is modified as: kinetic energy t = 7.67348e-09
	                                           effective interaction Vq = [  -6.6125,  -5.5125,  -4.5125,  -5.5125,  -5.5125,  -4.5125,  -3.6125,  -4.5125,  -4.5125,  -3.6125,-0.314032,  -3.6125,  -5.5125,  -4.5125,  -3.6125,  -4.5125]
	PARPACK diagonalization completed after 30 matrix-vector product operations.
	iteration results: : total energy is -89.300000 | electron energy -89.300000 + phonon energy 0.000000 | electron momentum kIdx = 0
The 22-th iteration is completed.	|| time cost : 0h 0m 9.228s
********************************************************************************************************************
Start the 23 rounds of NGS-ED iteration
	effective electronic model is modified as: kinetic energy t = 7.6735e-09
	                                           effective interaction Vq = [ -6.6125, -5.5125, -4.5125, -5.5125, -5.5125, -4.5125, -3.6125, -4.5125, -4.5125, -3.6125,-0.31397, -3.6125, -5.5125, -4.5125, -3.6125, -4.5125]
	PARPACK diagonalization completed after 30 matrix-vector product operations.
	iteration results: : total energy is -89.300000 | electron energy -89.300000 + phonon energy 0.000000 | electron momentum kIdx = 0
The 23-th iteration is completed.	|| time cost : 0h 0m 9.291s
********************************************************************************************************************
Start the 24 rounds of NGS-ED iteration
	effective electronic model is modified as: kinetic energy t = 7.67351e-09
	                                           effective interaction Vq = [  -6.6125,  -5.5125,  -4.5125,  -5.5125,  -5.5125,  -4.5125,  -3.6125,  -4.5125,  -4.5125,  -3.6125,-0.313928,  -3.6125,  -5.5125,  -4.5125,  -3.6125,  -4.5125]
	PARPACK diagonalization completed after 30 matrix-vector product operations.
	iteration results: : total energy is -89.300000 | electron energy -89.300000 + phonon energy 0.000000 | electron momentum kIdx = 0
The 24-th iteration is completed.	|| time cost : 0h 0m 9.276s
********************************************************************************************************************
Start the 25 rounds of NGS-ED iteration
	effective electronic model is modified as: kinetic energy t = 7.67346e-09
	                                           effective interaction Vq = [  -6.6125,  -5.5125,  -4.5125,  -5.5125,  -5.5125,  -4.5125,  -3.6125,  -4.5125,  -4.5125,  -3.6125,-0.314102,  -3.6125,  -5.5125,  -4.5125,  -3.6125,  -4.5125]
	PARPACK diagonalization completed after 30 matrix-vector product operations.
	iteration results: : total energy is -89.300000 | electron energy -89.300000 + phonon energy 0.000000 | electron momentum kIdx = 0
The 25-th iteration is completed.	|| time cost : 0h 0m 9.271s
********************************************************************************************************************
Start the 26 rounds of NGS-ED iteration
	effective electronic model is modified as: kinetic energy t = 7.67339e-09
	                                           effective interaction Vq = [  -6.6125,  -5.5125,  -4.5125,  -5.5125,  -5.5125,  -4.5125,  -3.6125,  -4.5125,  -4.5125,  -3.6125,-0.314342,  -3.6125,  -5.5125,  -4.5125,  -3.6125,  -4.5125]
	PARPACK diagonalization completed after 30 matrix-vector product operations.
	iteration results: : total energy is -89.300000 | electron energy -89.300000 + phonon energy 0.000000 | electron momentum kIdx = 0
The 26-th iteration is completed.	|| time cost : 0h 0m 9.28s
********************************************************************************************************************
Start the 27 rounds of NGS-ED iteration
	effective electronic model is modified as: kinetic energy t = 7.67349e-09
	                                           effective interaction Vq = [  -6.6125,  -5.5125,  -4.5125,  -5.5125,  -5.5125,  -4.5125,  -3.6125,  -4.5125,  -4.5125,  -3.6125,-0.313997,  -3.6125,  -5.5125,  -4.5125,  -3.6125,  -4.5125]
	PARPACK diagonalization completed after 30 matrix-vector product operations.
	iteration results: : total energy is -89.300000 | electron energy -89.300000 + phonon energy 0.000000 | electron momentum kIdx = 0
The 27-th iteration is completed.	|| time cost : 0h 0m 9.268s
********************************************************************************************************************
Start the 28 rounds of NGS-ED iteration
	effective electronic model is modified as: kinetic energy t = 7.67344e-09
	                                           effective interaction Vq = [  -6.6125,  -5.5125,  -4.5125,  -5.5125,  -5.5125,  -4.5125,  -3.6125,  -4.5125,  -4.5125,  -3.6125,-0.314185,  -3.6125,  -5.5125,  -4.5125,  -3.6125,  -4.5125]
	PARPACK diagonalization completed after 30 matrix-vector product operations.
	iteration results: : total energy is -89.300000 | electron energy -89.300000 + phonon energy 0.000000 | electron momentum kIdx = 0
The 28-th iteration is completed.	|| time cost : 0h 0m 9.271s
********************************************************************************************************************
Start the 29 rounds of NGS-ED iteration
	effective electronic model is modified as: kinetic energy t = 7.67343e-09
	                                           effective interaction Vq = [  -6.6125,  -5.5125,  -4.5125,  -5.5125,  -5.5125,  -4.5125,  -3.6125,  -4.5125,  -4.5125,  -3.6125,-0.314203,  -3.6125,  -5.5125,  -4.5125,  -3.6125,  -4.5125]
	PARPACK diagonalization completed after 30 matrix-vector product operations.
	iteration results: : total energy is -89.300000 | electron energy -89.300000 + phonon energy 0.000000 | electron momentum kIdx = 0
The 29-th iteration is completed.	|| time cost : 0h 0m 9.276s
********************************************************************************************************************
Start the 30 rounds of NGS-ED iteration
	effective electronic model is modified as: kinetic energy t = 7.6734e-09
	                                           effective interaction Vq = [  -6.6125,  -5.5125,  -4.5125,  -5.5125,  -5.5125,  -4.5125,  -3.6125,  -4.5125,  -4.5125,  -3.6125,-0.314326,  -3.6125,  -5.5125,  -4.5125,  -3.6125,  -4.5125]
	PARPACK diagonalization completed after 30 matrix-vector product operations.
	iteration results: : total energy is -89.300000 | electron energy -89.300000 + phonon energy 0.000000 | electron momentum kIdx = 0
The 30-th iteration is completed.	|| time cost : 0h 0m 9.273s
********************************************************************************************************************
Start the 31 rounds of NGS-ED iteration
	effective electronic model is modified as: kinetic energy t = 7.67346e-09
	                                           effective interaction Vq = [  -6.6125,  -5.5125,  -4.5125,  -5.5125,  -5.5125,  -4.5125,  -3.6125,  -4.5125,  -4.5125,  -3.6125,-0.314109,  -3.6125,  -5.5125,  -4.5125,  -3.6125,  -4.5125]
	PARPACK diagonalization completed after 30 matrix-vector product operations.
	iteration results: : total energy is -89.300000 | electron energy -89.300000 + phonon energy 0.000000 | electron momentum kIdx = 0
The 31-th iteration is completed.	|| time cost : 0h 0m 9.28s
********************************************************************************************************************
Start the 32 rounds of NGS-ED iteration
	effective electronic model is modified as: kinetic energy t = 7.6735e-09
	                                           effective interaction Vq = [  -6.6125,  -5.5125,  -4.5125,  -5.5125,  -5.5125,  -4.5125,  -3.6125,  -4.5125,  -4.5125,  -3.6125,-0.313969,  -3.6125,  -5.5125,  -4.5125,  -3.6125,  -4.5125]
	PARPACK diagonalization completed after 30 matrix-vector product operations.
	iteration results: : total energy is -89.300000 | electron energy -89.300000 + phonon energy 0.000000 | electron momentum kIdx = 0
The 32-th iteration is completed.	|| time cost : 0h 0m 9.274s
********************************************************************************************************************
Start the 33 rounds of NGS-ED iteration
	effective electronic model is modified as: kinetic energy t = 7.67343e-09
	                                           effective interaction Vq = [ -6.6125, -5.5125, -4.5125, -5.5125, -5.5125, -4.5125, -3.6125, -4.5125, -4.5125, -3.6125,-0.31423, -3.6125, -5.5125, -4.5125, -3.6125, -4.5125]
	PARPACK diagonalization completed after 30 matrix-vector product operations.
	iteration results: : total energy is -89.300000 | electron energy -89.300000 + phonon energy 0.000000 | electron momentum kIdx = 0
The 33-th iteration is completed.	|| time cost : 0h 0m 9.264s
********************************************************************************************************************
Start the 34 rounds of NGS-ED iteration
	effective electronic model is modified as: kinetic energy t = 7.67352e-09
	                                           effective interaction Vq = [  -6.6125,  -5.5125,  -4.5125,  -5.5125,  -5.5125,  -4.5125,  -3.6125,  -4.5125,  -4.5125,  -3.6125,-0.313915,  -3.6125,  -5.5125,  -4.5125,  -3.6125,  -4.5125]
	PARPACK diagonalization completed after 30 matrix-vector product operations.
	iteration results: : total energy is -89.300000 | electron energy -89.300000 + phonon energy 0.000000 | electron momentum kIdx = 0
The 34-th iteration is completed.	|| time cost : 0h 0m 9.251s
********************************************************************************************************************
Start the 35 rounds of NGS-ED iteration
	effective electronic model is modified as: kinetic energy t = 7.6734e-09
	                                           effective interaction Vq = [  -6.6125,  -5.5125,  -4.5125,  -5.5125,  -5.5125,  -4.5125,  -3.6125,  -4.5125,  -4.5125,  -3.6125,-0.314325,  -3.6125,  -5.5125,  -4.5125,  -3.6125,  -4.5125]
	PARPACK diagonalization completed after 30 matrix-vector product operations.
	iteration results: : total energy is -89.300000 | electron energy -89.300000 + phonon energy 0.000000 | electron momentum kIdx = 0
The 35-th iteration is completed.	|| time cost : 0h 0m 9.273s
********************************************************************************************************************
Start the 36 rounds of NGS-ED iteration
	effective electronic model is modified as: kinetic energy t = 7.67339e-09
	                                           effective interaction Vq = [  -6.6125,  -5.5125,  -4.5125,  -5.5125,  -5.5125,  -4.5125,  -3.6125,  -4.5125,  -4.5125,  -3.6125,-0.314343,  -3.6125,  -5.5125,  -4.5125,  -3.6125,  -4.5125]
	PARPACK diagonalization completed after 30 matrix-vector product operations.
	iteration results: : total energy is -89.300000 | electron energy -89.300000 + phonon energy 0.000000 | electron momentum kIdx = 0
The 36-th iteration is completed.	|| time cost : 0h 0m 9.279s
********************************************************************************************************************
Start the 37 rounds of NGS-ED iteration
	effective electronic model is modified as: kinetic energy t = 7.67345e-09
	                                           effective interaction Vq = [  -6.6125,  -5.5125,  -4.5125,  -5.5125,  -5.5125,  -4.5125,  -3.6125,  -4.5125,  -4.5125,  -3.6125,-0.314146,  -3.6125,  -5.5125,  -4.5125,  -3.6125,  -4.5125]
	PARPACK diagonalization completed after 30 matrix-vector product operations.
	iteration results: : total energy is -89.300000 | electron energy -89.300000 + phonon energy 0.000000 | electron momentum kIdx = 0
The 37-th iteration is completed.	|| time cost : 0h 0m 9.267s
********************************************************************************************************************
Start the 38 rounds of NGS-ED iteration
	effective electronic model is modified as: kinetic energy t = 7.67348e-09
	                                           effective interaction Vq = [ -6.6125, -5.5125, -4.5125, -5.5125, -5.5125, -4.5125, -3.6125, -4.5125, -4.5125, -3.6125,-0.31405, -3.6125, -5.5125, -4.5125, -3.6125, -4.5125]
	PARPACK diagonalization completed after 30 matrix-vector product operations.
	iteration results: : total energy is -89.300000 | electron energy -89.300000 + phonon energy 0.000000 | electron momentum kIdx = 0
The 38-th iteration is completed.	|| time cost : 0h 0m 9.278s
********************************************************************************************************************
Start the 39 rounds of NGS-ED iteration
	effective electronic model is modified as: kinetic energy t = 7.67349e-09
	                                           effective interaction Vq = [  -6.6125,  -5.5125,  -4.5125,  -5.5125,  -5.5125,  -4.5125,  -3.6125,  -4.5125,  -4.5125,  -3.6125,-0.314019,  -3.6125,  -5.5125,  -4.5125,  -3.6125,  -4.5125]
	PARPACK diagonalization completed after 30 matrix-vector product operations.
	iteration results: : total energy is -89.300000 | electron energy -89.300000 + phonon energy 0.000000 | electron momentum kIdx = 0
The 39-th iteration is completed.	|| time cost : 0h 0m 9.294s
********************************************************************************************************************
Start the 40 rounds of NGS-ED iteration
	effective electronic model is modified as: kinetic energy t = 7.67344e-09
	                                           effective interaction Vq = [  -6.6125,  -5.5125,  -4.5125,  -5.5125,  -5.5125,  -4.5125,  -3.6125,  -4.5125,  -4.5125,  -3.6125,-0.314166,  -3.6125,  -5.5125,  -4.5125,  -3.6125,  -4.5125]
	PARPACK diagonalization completed after 30 matrix-vector product operations.
	iteration results: : total energy is -89.300000 | electron energy -89.300000 + phonon energy 0.000000 | electron momentum kIdx = 0
The 40-th iteration is completed.	|| time cost : 0h 0m 9.27s
********************************************************************************************************************
Start the 41 rounds of NGS-ED iteration
	effective electronic model is modified as: kinetic energy t = 7.67344e-09
	                                           effective interaction Vq = [  -6.6125,  -5.5125,  -4.5125,  -5.5125,  -5.5125,  -4.5125,  -3.6125,  -4.5125,  -4.5125,  -3.6125,-0.314189,  -3.6125,  -5.5125,  -4.5125,  -3.6125,  -4.5125]
	PARPACK diagonalization completed after 30 matrix-vector product operations.
	iteration results: : total energy is -89.300000 | electron energy -89.300000 + phonon energy 0.000000 | electron momentum kIdx = 0
The 41-th iteration is completed.	|| time cost : 0h 0m 9.265s
********************************************************************************************************************
Start the 42 rounds of NGS-ED iteration
	effective electronic model is modified as: kinetic energy t = 7.67342e-09
	                                           effective interaction Vq = [  -6.6125,  -5.5125,  -4.5125,  -5.5125,  -5.5125,  -4.5125,  -3.6125,  -4.5125,  -4.5125,  -3.6125,-0.314237,  -3.6125,  -5.5125,  -4.5125,  -3.6125,  -4.5125]
	PARPACK diagonalization completed after 30 matrix-vector product operations.
	iteration results: : total energy is -89.300000 | electron energy -89.300000 + phonon energy 0.000000 | electron momentum kIdx = 0
The 42-th iteration is completed.	|| time cost : 0h 0m 9.27s
********************************************************************************************************************
Start the 43 rounds of NGS-ED iteration
	effective electronic model is modified as: kinetic energy t = 7.67352e-09
	                                           effective interaction Vq = [  -6.6125,  -5.5125,  -4.5125,  -5.5125,  -5.5125,  -4.5125,  -3.6125,  -4.5125,  -4.5125,  -3.6125,-0.313904,  -3.6125,  -5.5125,  -4.5125,  -3.6125,  -4.5125]
	PARPACK diagonalization completed after 30 matrix-vector product operations.
	iteration results: : total energy is -89.300000 | electron energy -89.300000 + phonon energy 0.000000 | electron momentum kIdx = 0
The 43-th iteration is completed.	|| time cost : 0h 0m 9.281s
********************************************************************************************************************
Start the 44 rounds of NGS-ED iteration
	effective electronic model is modified as: kinetic energy t = 7.67349e-09
	                                           effective interaction Vq = [  -6.6125,  -5.5125,  -4.5125,  -5.5125,  -5.5125,  -4.5125,  -3.6125,  -4.5125,  -4.5125,  -3.6125,-0.313998,  -3.6125,  -5.5125,  -4.5125,  -3.6125,  -4.5125]
	PARPACK diagonalization completed after 30 matrix-vector product operations.
	iteration results: : total energy is -89.300000 | electron energy -89.300000 + phonon energy 0.000000 | electron momentum kIdx = 0
The 44-th iteration is completed.	|| time cost : 0h 0m 9.278s
********************************************************************************************************************
Start the 45 rounds of NGS-ED iteration
	effective electronic model is modified as: kinetic energy t = 7.67345e-09
	                                           effective interaction Vq = [  -6.6125,  -5.5125,  -4.5125,  -5.5125,  -5.5125,  -4.5125,  -3.6125,  -4.5125,  -4.5125,  -3.6125,-0.314155,  -3.6125,  -5.5125,  -4.5125,  -3.6125,  -4.5125]
	PARPACK diagonalization completed after 30 matrix-vector product operations.
	iteration results: : total energy is -89.300000 | electron energy -89.300000 + phonon energy 0.000000 | electron momentum kIdx = 0
The 45-th iteration is completed.	|| time cost : 0h 0m 9.28s
********************************************************************************************************************
Start the 46 rounds of NGS-ED iteration
	effective electronic model is modified as: kinetic energy t = 7.67345e-09
	                                           effective interaction Vq = [ -6.6125, -5.5125, -4.5125, -5.5125, -5.5125, -4.5125, -3.6125, -4.5125, -4.5125, -3.6125,-0.31415, -3.6125, -5.5125, -4.5125, -3.6125, -4.5125]
	PARPACK diagonalization completed after 30 matrix-vector product operations.
	iteration results: : total energy is -89.300000 | electron energy -89.300000 + phonon energy 0.000000 | electron momentum kIdx = 0
The 46-th iteration is completed.	|| time cost : 0h 0m 9.265s
********************************************************************************************************************
Start the 47 rounds of NGS-ED iteration
