SNEDics v3.4 Non-Gaussian ED ground state program		Start at Sat Oct  5 18:25:37 2019

parallized on 16 MPI threads  * 8 OpenMP threads = 128 total threads.
********************************************************************************************************************
********************************************************************************************************************

********************************************************************************************************************
System parameters and configurations
********************************************************************************************************************
Special program options are enabled: splitted diagonal Hamiltonian
********************************************************************************************************************
Read input file "model_params.in"
	Hubbard-Holstein model parameters : 	t = 1    U = 7    g = 0.2449    W = 0.2    t' = -0.3    
********************************************************************************************************************
Read input file "hilbertspace_params.in"
	Requested 16-site 2D lattice, with 14 electrons (7, 7)
	Boundary : Periodic		Hilbert space representation : momentum-space (restricted to kIdx = 0)
	Conservation: particle number[U(1)]      spin[U(1)]     momentum
********************************************************************************************************************

Cluster Positions:				Cluster symmetry group : D4
 x ... x ... x ... x .....                       x ... x ... x ... x .....
 |           |           :                       |           |           :
 |           |           :                       |           |           :
12    13    14    15     x                       1     5     6     5     x
 |           |           :                       |           |           :
 |           |           :                       |           |           :
 8 --- 9 ---10 ---11 --- x                       2 --- 6 ---10 --- 6 --- x
 |           |           :                       |           |           :
 |           |           :                       |           |           :
 4     5     6     7     x                       1     5     6     5     x
 |           |           :                       |           |           :
 |           |           :                       |           |           :
 0 --- 1 --- 2 --- 3 --- x                       0 --- 1 --- 2 --- 1 --- x
orbital number : 1
********************************************************************************************************************
Read input file "obs_params.in"
	Observable Type : Nq(All),   Sq(All),   N(All),   Delta[s](All),   Delta[d](All),   Delta[s+](All)
********************************************************************************************************************
** WARNING ** the input observables have non-local factors which have been reinterpreted. The total observable number is 96
********************************************************************************************************************


********************************************************************************************************************
Start calculating the non-Gaussian ED ground state
** WARNING ** Detected low phonon energy W < 10. The initial state will be prepared through a warm-up process.
********************************************************************************************************************
Start warm-up calculation for scaling factor 64
open output files: NGSEDWarmUpW12Obs.txt
********************************************************************************************************************
Start the 0 rounds of NGS-ED iteration
	effective electronic model is modified as: kinetic energy t = 1, t' = -0.3
	                                           effective interaction Vq = [-0,-0,-0,-0,-0,-0,-0,-0,-0,-0,-0,-0,-0,-0,-0,-0]
	first Hamiltonian is constructed, non-zero numbers = 2180116564
	PARPACK diagonalization completed after 105 matrix-vector product operations.
	iteration results: : total energy is -13.293103 | electron energy -13.293103 + phonon energy 0.000000 | electron momentum kIdx = 0
	Nq(0) = 12.25,	Nq(1) = 0.17423,	Nq(2) = 0.232586,	Nq(3) = 0.17423,	Nq(4) = 0.17423,	Nq(5) = 0.232921,	Nq(6) = 0.276948,	Nq(7) = 0.232921,	Nq(8) = 0.232586,	Nq(9) = 0.276948,	Nq(10) = 0.31214,	Nq(11) = 0.276948,	Nq(12) = 0.17423,	Nq(13) = 0.232921,	Nq(14) = 0.276948,	Nq(15) = 0.232921,	Sq(0) = 4.26885e-18,	Sq(1) = 0.471352,	Sq(2) = 0.422776,	Sq(3) = 0.471352,	Sq(4) = 0.471352,	Sq(5) = 1.14584,	Sq(6) = 0.996864,	Sq(7) = 1.14584,	Sq(8) = 0.422776,	Sq(9) = 0.996864,	Sq(10) = 0.934532,	Sq(11) = 0.996864,	Sq(12) = 0.471352,	Sq(13) = 1.14584,	Sq(14) = 0.996864,	Sq(15) = 1.14584,	N(0) = 1.707,	N(1) = 1.6749,	N(2) = 1.50745,	N(3) = 1.6749,	N(4) = 1.6749,	N(5) = 0.396217,	N(6) = 0.221587,	N(7) = 0.396217,	N(8) = 1.50745,	N(9) = 0.221587,	N(10) = 0.107288,	N(11) = 0.221587,	N(12) = 1.6749,	N(13) = 0.396217,	N(14) = 0.221587,	N(15) = 0.396217,	Delta[s](0) = 0.102947,	Delta[s](1) = 0.0771073,	Delta[s](2) = 0.0602388,	Delta[s](3) = 0.0771073,	Delta[s](4) = 0.0771073,	Delta[s](5) = 0.0492641,	Delta[s](6) = 0.0345348,	Delta[s](7) = 0.0492641,	Delta[s](8) = 0.0602388,	Delta[s](9) = 0.0345348,	Delta[s](10) = 0.0148048,	Delta[s](11) = 0.0345348,	Delta[s](12) = 0.0771073,	Delta[s](13) = 0.0492641,	Delta[s](14) = 0.0345348,	Delta[s](15) = 0.0492641,	Delta[d](0) = 0.47447,	Delta[d](1) = 0.289705,	Delta[d](2) = 0.331343,	Delta[d](3) = 0.289705,	Delta[d](4) = 0.289705,	Delta[d](5) = 0.194897,	Delta[d](6) = 0.272065,	Delta[d](7) = 0.194897,	Delta[d](8) = 0.331343,	Delta[d](9) = 0.272065,	Delta[d](10) = 0.324577,	Delta[d](11) = 0.272065,	Delta[d](12) = 0.289705,	Delta[d](13) = 0.194897,	Delta[d](14) = 0.272065,	Delta[d](15) = 0.194897,	Delta[s+](0) = 0.532228,	Delta[s+](1) = 0.396959,	Delta[s+](2) = 0.331343,	Delta[s+](3) = 0.396959,	Delta[s+](4) = 0.396959,	Delta[s+](5) = 0.197177,	Delta[s+](6) = 0.107472,	Delta[s+](7) = 0.197177,	Delta[s+](8) = 0.331343,	Delta[s+](9) = 0.107472,	Delta[s+](10) = 0.0306052,	Delta[s+](11) = 0.107472,	Delta[s+](12) = 0.396959,	Delta[s+](13) = 0.197177,	Delta[s+](14) = 0.107472,	Delta[s+](15) = 0.197177
The 0-th iteration is completed.	|| time cost : 0h 6m 36.803s
********************************************************************************************************************
Start the 1 rounds of NGS-ED iteration
	effective electronic model is modified as: kinetic energy t = 0.988228, t' = -0.296501
	                                           effective interaction Vq = [-0.276698,-0.274243, -0.27301,-0.274243,-0.274243,-0.274883,-0.275192,-0.274883, -0.27301,-0.275192,-0.276751,-0.275192,-0.274243,-0.274883,-0.275192,-0.274883]
	PARPACK diagonalization completed after 45 matrix-vector product operations.
	iteration results: : total energy is -17.441745 | electron energy -17.441862 + phonon energy 0.000117 | electron momentum kIdx = 0
The 1-th iteration is completed.	|| time cost : 0h 5m 48.03s
********************************************************************************************************************
Start the 2 rounds of NGS-ED iteration
	effective electronic model is modified as: kinetic energy t = 0.98117, t' = -0.294428
	                                           effective interaction Vq = [-0.298088,-0.296566,-0.295667,-0.296566,-0.296566,-0.297004,-0.297199,-0.297004,-0.295667,-0.297199,-0.298113,-0.297199,-0.296566,-0.297004,-0.297199,-0.297004]
	PARPACK diagonalization completed after 30 matrix-vector product operations.
	iteration results: : total energy is -17.643495 | electron energy -17.644137 + phonon energy 0.000643 | electron momentum kIdx = 0
The 2-th iteration is completed.	|| time cost : 0h 0m 22.82s
********************************************************************************************************************
Start the 3 rounds of NGS-ED iteration
	effective electronic model is modified as: kinetic energy t = 0.979017, t' = -0.293803
	                                           effective interaction Vq = [-0.299742,-0.298954, -0.29833,-0.298954,-0.298954,-0.299221, -0.29933,-0.299221, -0.29833, -0.29933,-0.299746, -0.29933,-0.298954,-0.299221, -0.29933,-0.299221]
	PARPACK diagonalization completed after 45 matrix-vector product operations.
	iteration results: : total energy is -17.628471 | electron energy -17.629442 + phonon energy 0.000970 | electron momentum kIdx = 0
The 3-th iteration is completed.	|| time cost : 0h 0m 26.311s
********************************************************************************************************************
Start the 4 rounds of NGS-ED iteration
	effective electronic model is modified as: kinetic energy t = 0.978424, t' = -0.293633
	                                           effective interaction Vq = [-0.299869,-0.299339,-0.298805,-0.299339,-0.299339,-0.299549,-0.299628,-0.299549,-0.298805,-0.299628, -0.29987,-0.299628,-0.299339,-0.299549,-0.299628,-0.299549]
	PARPACK diagonalization completed after 30 matrix-vector product operations.
	iteration results: : total energy is -17.619251 | electron energy -17.620333 + phonon energy 0.001082 | electron momentum kIdx = 0
The 4-th iteration is completed.	|| time cost : 0h 0m 22.799s
********************************************************************************************************************
Start the 5 rounds of NGS-ED iteration
	effective electronic model is modified as: kinetic energy t = 0.978264, t' = -0.293587
	                                           effective interaction Vq = [-0.299879,-0.299423,-0.298913,-0.299423,-0.299423,-0.299617,-0.299689,-0.299617,-0.298913,-0.299689,-0.299879,-0.299689,-0.299423,-0.299617,-0.299689,-0.299617]
	PARPACK diagonalization completed after 30 matrix-vector product operations.
	iteration results: : total energy is -17.616394 | electron energy -17.617509 + phonon energy 0.001115 | electron momentum kIdx = 0
The 5-th iteration is completed.	|| time cost : 0h 0m 22.96s
********************************************************************************************************************
Start the 6 rounds of NGS-ED iteration
	effective electronic model is modified as: kinetic energy t = 0.978221, t' = -0.293575
	                                           effective interaction Vq = [ -0.29988,-0.299444, -0.29894,-0.299444,-0.299444,-0.299634,-0.299704,-0.299634, -0.29894,-0.299704, -0.29988,-0.299704,-0.299444,-0.299634,-0.299704,-0.299634]
	PARPACK diagonalization completed after 30 matrix-vector product operations.
	iteration results: : total energy is -17.615601 | electron energy -17.616725 + phonon energy 0.001124 | electron momentum kIdx = 0
	Nq(0) = 12.25,	Nq(1) = 0.183136,	Nq(2) = 0.243318,	Nq(3) = 0.183136,	Nq(4) = 0.183136,	Nq(5) = 0.246558,	Nq(6) = 0.292561,	Nq(7) = 0.246558,	Nq(8) = 0.243318,	Nq(9) = 0.292561,	Nq(10) = 0.329221,	Nq(11) = 0.292561,	Nq(12) = 0.183136,	Nq(13) = 0.246558,	Nq(14) = 0.292561,	Nq(15) = 0.246558,	Sq(0) = 8.34797e-18,	Sq(1) = 0.469354,	Sq(2) = 0.421048,	Sq(3) = 0.469354,	Sq(4) = 0.469354,	Sq(5) = 1.12427,	Sq(6) = 0.977746,	Sq(7) = 1.12427,	Sq(8) = 0.421048,	Sq(9) = 0.977746,	Sq(10) = 0.917532,	Sq(11) = 0.977746,	Sq(12) = 0.469354,	Sq(13) = 1.12427,	Sq(14) = 0.977746,	Sq(15) = 1.12427,	N(0) = 1.73254,	N(1) = 1.70662,	N(2) = 1.54221,	N(3) = 1.70662,	N(4) = 1.70662,	N(5) = 0.365557,	N(6) = 0.19985,	N(7) = 0.365557,	N(8) = 1.54221,	N(9) = 0.19985,	N(10) = 0.0949252,	N(11) = 0.19985,	N(12) = 1.70662,	N(13) = 0.365557,	N(14) = 0.19985,	N(15) = 0.365557,	Delta[s](0) = 0.111308,	Delta[s](1) = 0.0840728,	Delta[s](2) = 0.0668933,	Delta[s](3) = 0.0840728,	Delta[s](4) = 0.0840728,	Delta[s](5) = 0.0545066,	Delta[s](6) = 0.0397179,	Delta[s](7) = 0.0545066,	Delta[s](8) = 0.0668933,	Delta[s](9) = 0.0397179,	Delta[s](10) = 0.0191557,	Delta[s](11) = 0.0397179,	Delta[s](12) = 0.0840728,	Delta[s](13) = 0.0545066,	Delta[s](14) = 0.0397179,	Delta[s](15) = 0.0545066,	Delta[d](0) = 0.486455,	Delta[d](1) = 0.291113,	Delta[d](2) = 0.33486,	Delta[d](3) = 0.291113,	Delta[d](4) = 0.291113,	Delta[d](5) = 0.191445,	Delta[d](6) = 0.2753,	Delta[d](7) = 0.191445,	Delta[d](8) = 0.33486,	Delta[d](9) = 0.2753,	Delta[d](10) = 0.33368,	Delta[d](11) = 0.2753,	Delta[d](12) = 0.291113,	Delta[d](13) = 0.191445,	Delta[d](14) = 0.2753,	Delta[d](15) = 0.191445,	Delta[s+](0) = 0.535229,	Delta[s+](1) = 0.398537,	Delta[s+](2) = 0.33486,	Delta[s+](3) = 0.398537,	Delta[s+](4) = 0.398537,	Delta[s+](5) = 0.194024,	Delta[s+](6) = 0.105099,	Delta[s+](7) = 0.194024,	Delta[s+](8) = 0.33486,	Delta[s+](9) = 0.105099,	Delta[s+](10) = 0.028719,	Delta[s+](11) = 0.105099,	Delta[s+](12) = 0.398537,	Delta[s+](13) = 0.194024,	Delta[s+](14) = 0.105099,	Delta[s+](15) = 0.194024
The 6-th iteration is completed.	|| time cost : 0h 3m 21.006s
********************************************************************************************************************
********************************************************************************************************************
Ground state is obtained after 7 iterations. The current ground-state energy is -17.6156, in which electron energy is -17.6167 and phonon energy is 0.00112375
final variational state is: 
	Gamma_x = [      1,1.00224, 1.0043,1.00224,1.00224,1.00424,1.00625,1.00424, 1.0043,1.00625,1.00829,1.00625,1.00224,1.00424,1.00625,1.00424]
	lambda_q = [0.153043,0.147266,0.144526,0.147266,0.147266,0.148719, 0.14939,0.148719,0.144526, 0.14939,0.153044, 0.14939,0.147266,0.148719, 0.14939,0.148719]
********************************************************************************************************************
o___o  ----------------------------------------
| L |	Time since last clock: 0h 0m 0s
A===A	Time since the beginning: 0h 17m 20.732s
***********************************************

********************************************************************************************************************
Start warm-up calculation for scaling factor 32
open output files: NGSEDWarmUpW6Obs.txt
********************************************************************************************************************
Start the 0 rounds of NGS-ED iteration
	effective electronic model is modified as: kinetic energy t = 0.97821, t' = -0.293572
	                                           effective interaction Vq = [-0.274138,-0.269235, -0.26676,-0.269235,-0.269235,-0.270509,-0.271088,-0.270509, -0.26676,-0.271088,-0.274139,-0.271088,-0.269235,-0.270509,-0.271088,-0.270509]
	PARPACK diagonalization completed after 45 matrix-vector product operations.
	iteration results: : total energy is -17.192506 | electron energy -17.193069 + phonon energy 0.000563 | electron momentum kIdx = 0
	Nq(0) = 12.25,	Nq(1) = 0.181894,	Nq(2) = 0.241809,	Nq(3) = 0.181894,	Nq(4) = 0.181894,	Nq(5) = 0.244686,	Nq(6) = 0.29045,	Nq(7) = 0.244686,	Nq(8) = 0.241809,	Nq(9) = 0.29045,	Nq(10) = 0.327018,	Nq(11) = 0.29045,	Nq(12) = 0.181894,	Nq(13) = 0.244686,	Nq(14) = 0.29045,	Nq(15) = 0.244686,	Sq(0) = -6.63088e-18,	Sq(1) = 0.469627,	Sq(2) = 0.421282,	Sq(3) = 0.469627,	Sq(4) = 0.469627,	Sq(5) = 1.12722,	Sq(6) = 0.980358,	Sq(7) = 1.12722,	Sq(8) = 0.421282,	Sq(9) = 0.980358,	Sq(10) = 0.91986,	Sq(11) = 0.980358,	Sq(12) = 0.469627,	Sq(13) = 1.12722,	Sq(14) = 0.980358,	Sq(15) = 1.12722,	N(0) = 1.72917,	N(1) = 1.70241,	N(2) = 1.53749,	N(3) = 1.70241,	N(4) = 1.70241,	N(5) = 0.369689,	N(6) = 0.202725,	N(7) = 0.369689,	N(8) = 1.53749,	N(9) = 0.202725,	N(10) = 0.0965452,	N(11) = 0.202725,	N(12) = 1.70241,	N(13) = 0.369689,	N(14) = 0.202725,	N(15) = 0.369689,	Delta[s](0) = 0.108188,	Delta[s](1) = 0.0822182,	Delta[s](2) = 0.0657563,	Delta[s](3) = 0.0822182,	Delta[s](4) = 0.0822182,	Delta[s](5) = 0.0540501,	Delta[s](6) = 0.0398499,	Delta[s](7) = 0.0540501,	Delta[s](8) = 0.0657563,	Delta[s](9) = 0.0398499,	Delta[s](10) = 0.0202035,	Delta[s](11) = 0.0398499,	Delta[s](12) = 0.0822182,	Delta[s](13) = 0.0540501,	Delta[s](14) = 0.0398499,	Delta[s](15) = 0.0540501,	Delta[d](0) = 0.481164,	Delta[d](1) = 0.290218,	Delta[d](2) = 0.332988,	Delta[d](3) = 0.290218,	Delta[d](4) = 0.290218,	Delta[d](5) = 0.192459,	Delta[d](6) = 0.274072,	Delta[d](7) = 0.192459,	Delta[d](8) = 0.332988,	Delta[d](9) = 0.274072,	Delta[d](10) = 0.330961,	Delta[d](11) = 0.274072,	Delta[d](12) = 0.290218,	Delta[d](13) = 0.192459,	Delta[d](14) = 0.274072,	Delta[d](15) = 0.192459,	Delta[s+](0) = 0.532327,	Delta[s+](1) = 0.396585,	Delta[s+](2) = 0.332988,	Delta[s+](3) = 0.396585,	Delta[s+](4) = 0.396585,	Delta[s+](5) = 0.194647,	Delta[s+](6) = 0.106304,	Delta[s+](7) = 0.194647,	Delta[s+](8) = 0.332988,	Delta[s+](9) = 0.106304,	Delta[s+](10) = 0.0301555,	Delta[s+](11) = 0.106304,	Delta[s+](12) = 0.396585,	Delta[s+](13) = 0.194647,	Delta[s+](14) = 0.106304,	Delta[s+](15) = 0.194647
The 0-th iteration is completed.	|| time cost : 0h 3m 27.46s
********************************************************************************************************************
Start the 1 rounds of NGS-ED iteration
	effective electronic model is modified as: kinetic energy t = 0.969638, t' = -0.291088
	                                           effective interaction Vq = [-0.292723,-0.288344,-0.285944,-0.288344,-0.288344, -0.28958,-0.290149, -0.28958,-0.285944,-0.290149,-0.292842,-0.290149,-0.288344, -0.28958,-0.290149, -0.28958]
	PARPACK diagonalization completed after 45 matrix-vector product operations.
	iteration results: : total energy is -17.317207 | electron energy -17.319639 + phonon energy 0.002432 | electron momentum kIdx = 0
The 1-th iteration is completed.	|| time cost : 0h 0m 26.278s
********************************************************************************************************************
Start the 2 rounds of NGS-ED iteration
	effective electronic model is modified as: kinetic energy t = 0.9648, t' = -0.2897
	                                           effective interaction Vq = [ -0.29789,-0.294495,-0.292379,-0.294495,-0.294495,-0.295534,-0.295996,-0.295534,-0.292379,-0.295996,-0.297975,-0.295996,-0.294495,-0.295534,-0.295996,-0.295534]
	PARPACK diagonalization completed after 45 matrix-vector product operations.
	iteration results: : total energy is -17.304034 | electron energy -17.308383 + phonon energy 0.004348 | electron momentum kIdx = 0
The 2-th iteration is completed.	|| time cost : 0h 0m 26.345s
********************************************************************************************************************
Start the 3 rounds of NGS-ED iteration
	effective electronic model is modified as: kinetic energy t = 0.962231, t' = -0.28897
	                                           effective interaction Vq = [-0.299327,-0.296712,-0.294815,-0.296712,-0.296712,-0.297588, -0.29796,-0.297588,-0.294815, -0.29796,-0.299367, -0.29796,-0.296712,-0.297588, -0.29796,-0.297588]
	PARPACK diagonalization completed after 45 matrix-vector product operations.
	iteration results: : total energy is -17.276687 | electron energy -17.282413 + phonon energy 0.005726 | electron momentum kIdx = 0
The 3-th iteration is completed.	|| time cost : 0h 0m 26.29s
********************************************************************************************************************
Start the 4 rounds of NGS-ED iteration
	effective electronic model is modified as: kinetic energy t = 0.960903, t' = -0.288596
	                                           effective interaction Vq = [-0.299726,-0.297605,-0.295835,-0.297605,-0.297605,-0.298379,-0.298695,-0.298379,-0.295835,-0.298695,-0.299743,-0.298695,-0.297605,-0.298379,-0.298695,-0.298379]
	PARPACK diagonalization completed after 30 matrix-vector product operations.
	iteration results: : total energy is -17.257242 | electron energy -17.263807 + phonon energy 0.006565 | electron momentum kIdx = 0
The 4-th iteration is completed.	|| time cost : 0h 0m 22.862s
********************************************************************************************************************
Start the 5 rounds of NGS-ED iteration
	effective electronic model is modified as: kinetic energy t = 0.960224, t' = -0.288407
	                                           effective interaction Vq = [-0.299837,-0.297998,-0.296294,-0.297998,-0.297998,-0.298716,   -0.299,-0.298716,-0.296294,   -0.299,-0.299843,   -0.299,-0.297998,-0.298716,   -0.299,-0.298716]
	PARPACK diagonalization completed after 30 matrix-vector product operations.
	iteration results: : total energy is -17.245884 | electron energy -17.252919 + phonon energy 0.007035 | electron momentum kIdx = 0
The 5-th iteration is completed.	|| time cost : 0h 0m 22.641s
********************************************************************************************************************
Start the 6 rounds of NGS-ED iteration
	effective electronic model is modified as: kinetic energy t = 0.959879, t' = -0.288311
	                                           effective interaction Vq = [-0.299868,-0.298181,-0.296509,-0.298181,-0.298181, -0.29887,-0.299137, -0.29887,-0.296509,-0.299137, -0.29987,-0.299137,-0.298181, -0.29887,-0.299137, -0.29887]
	PARPACK diagonalization completed after 30 matrix-vector product operations.
	iteration results: : total energy is -17.239726 | electron energy -17.247012 + phonon energy 0.007286 | electron momentum kIdx = 0
The 6-th iteration is completed.	|| time cost : 0h 0m 22.92s
********************************************************************************************************************
Start the 7 rounds of NGS-ED iteration
	effective electronic model is modified as: kinetic energy t = 0.959704, t' = -0.288263
	                                           effective interaction Vq = [-0.299877,-0.298269,-0.296612,-0.298269,-0.298269,-0.298944,-0.299202,-0.298944,-0.296612,-0.299202,-0.299877,-0.299202,-0.298269,-0.298944,-0.299202,-0.298944]
	PARPACK diagonalization completed after 30 matrix-vector product operations.
	iteration results: : total energy is -17.236499 | electron energy -17.243916 + phonon energy 0.007417 | electron momentum kIdx = 0
The 7-th iteration is completed.	|| time cost : 0h 0m 22.657s
********************************************************************************************************************
Start the 8 rounds of NGS-ED iteration
	effective electronic model is modified as: kinetic energy t = 0.959616, t' = -0.288239
	                                           effective interaction Vq = [-0.299879,-0.298312,-0.296662,-0.298312,-0.298312, -0.29898,-0.299234, -0.29898,-0.296662,-0.299234,-0.299879,-0.299234,-0.298312, -0.29898,-0.299234, -0.29898]
	PARPACK diagonalization completed after 30 matrix-vector product operations.
	iteration results: : total energy is -17.234836 | electron energy -17.242320 + phonon energy 0.007484 | electron momentum kIdx = 0
The 8-th iteration is completed.	|| time cost : 0h 0m 22.804s
********************************************************************************************************************
Start the 9 rounds of NGS-ED iteration
	effective electronic model is modified as: kinetic energy t = 0.959571, t' = -0.288227
	                                           effective interaction Vq = [ -0.29988,-0.298334,-0.296686,-0.298334,-0.298334,-0.298998, -0.29925,-0.298998,-0.296686, -0.29925, -0.29988, -0.29925,-0.298334,-0.298998, -0.29925,-0.298998]
	PARPACK diagonalization completed after 30 matrix-vector product operations.
	iteration results: : total energy is -17.233987 | electron energy -17.241506 + phonon energy 0.007519 | electron momentum kIdx = 0
	Nq(0) = 12.25,	Nq(1) = 0.180524,	Nq(2) = 0.240197,	Nq(3) = 0.180524,	Nq(4) = 0.180524,	Nq(5) = 0.242583,	Nq(6) = 0.288033,	Nq(7) = 0.242583,	Nq(8) = 0.240197,	Nq(9) = 0.288033,	Nq(10) = 0.324304,	Nq(11) = 0.288033,	Nq(12) = 0.180524,	Nq(13) = 0.242583,	Nq(14) = 0.288033,	Nq(15) = 0.242583,	Sq(0) = 2.84621e-19,	Sq(1) = 0.469939,	Sq(2) = 0.421546,	Sq(3) = 0.469939,	Sq(4) = 0.469939,	Sq(5) = 1.13055,	Sq(6) = 0.983305,	Sq(7) = 1.13055,	Sq(8) = 0.421546,	Sq(9) = 0.983305,	Sq(10) = 0.922489,	Sq(11) = 0.983305,	Sq(12) = 0.469939,	Sq(13) = 1.13055,	Sq(14) = 0.983305,	Sq(15) = 1.13055,	N(0) = 1.72523,	N(1) = 1.6976,	N(2) = 1.53232,	N(3) = 1.6976,	N(4) = 1.6976,	N(5) = 0.37431,	N(6) = 0.206024,	N(7) = 0.37431,	N(8) = 1.53232,	N(9) = 0.206024,	N(10) = 0.0983878,	N(11) = 0.206024,	N(12) = 1.6976,	N(13) = 0.37431,	N(14) = 0.206024,	N(15) = 0.37431,	Delta[s](0) = 0.104687,	Delta[s](1) = 0.080129,	Delta[s](2) = 0.0644811,	Delta[s](3) = 0.080129,	Delta[s](4) = 0.080129,	Delta[s](5) = 0.0535203,	Delta[s](6) = 0.0399974,	Delta[s](7) = 0.0535203,	Delta[s](8) = 0.0644811,	Delta[s](9) = 0.0399974,	Delta[s](10) = 0.021392,	Delta[s](11) = 0.0399974,	Delta[s](12) = 0.080129,	Delta[s](13) = 0.0535203,	Delta[s](14) = 0.0399974,	Delta[s](15) = 0.0535203,	Delta[d](0) = 0.475254,	Delta[d](1) = 0.28922,	Delta[d](2) = 0.330868,	Delta[d](3) = 0.28922,	Delta[d](4) = 0.28922,	Delta[d](5) = 0.193601,	Delta[d](6) = 0.272705,	Delta[d](7) = 0.193601,	Delta[d](8) = 0.330868,	Delta[d](9) = 0.272705,	Delta[d](10) = 0.327962,	Delta[d](11) = 0.272705,	Delta[d](12) = 0.28922,	Delta[d](13) = 0.193601,	Delta[d](14) = 0.272705,	Delta[d](15) = 0.193601,	Delta[s+](0) = 0.529013,	Delta[s+](1) = 0.394369,	Delta[s+](2) = 0.330868,	Delta[s+](3) = 0.394369,	Delta[s+](4) = 0.394369,	Delta[s+](5) = 0.195354,	Delta[s+](6) = 0.107669,	Delta[s+](7) = 0.195354,	Delta[s+](8) = 0.330868,	Delta[s+](9) = 0.107669,	Delta[s+](10) = 0.0317824,	Delta[s+](11) = 0.107669,	Delta[s+](12) = 0.394369,	Delta[s+](13) = 0.195354,	Delta[s+](14) = 0.107669,	Delta[s+](15) = 0.195354
The 9-th iteration is completed.	|| time cost : 0h 3m 22.628s
********************************************************************************************************************
********************************************************************************************************************
Ground state is obtained after 10 iterations. The current ground-state energy is -17.234, in which electron energy is -17.2415 and phonon energy is 0.00751894
final variational state is: 
	Gamma_x = [      1,1.00807,1.01502,1.00807,1.00807,1.01553,1.02304,1.01553,1.01502,1.02304,1.03183,1.02304,1.00807,1.01553,1.02304,1.01553]
	lambda_q = [0.216358,0.200974,0.194164,0.200974,0.200974,0.204784,  0.2066,0.204784,0.194164,  0.2066,0.216375,  0.2066,0.200974,0.204784,  0.2066,0.204784]
********************************************************************************************************************
o___o  ----------------------------------------
| L |	Time since last clock: 0h 0m 0s
A===A	Time since the beginning: 0h 27m 23.622s
***********************************************

********************************************************************************************************************
Start warm-up calculation for scaling factor 16
open output files: NGSEDWarmUpW3Obs.txt
********************************************************************************************************************
Start the 0 rounds of NGS-ED iteration
	effective electronic model is modified as: kinetic energy t = 0.959548, t' = -0.28822
	                                           effective interaction Vq = [-0.274094,-0.264499,-0.259767,-0.264499,-0.264499,-0.267016,-0.268183,-0.267016,-0.259767,-0.268183,-0.274104,-0.268183,-0.264499,-0.267016,-0.268183,-0.267016]
	PARPACK diagonalization completed after 45 matrix-vector product operations.
	iteration results: : total energy is -16.804518 | electron energy -16.808286 + phonon energy 0.003768 | electron momentum kIdx = 0
	Nq(0) = 12.25,	Nq(1) = 0.179171,	Nq(2) = 0.238505,	Nq(3) = 0.179171,	Nq(4) = 0.179171,	Nq(5) = 0.240554,	Nq(6) = 0.285742,	Nq(7) = 0.240554,	Nq(8) = 0.238505,	Nq(9) = 0.285742,	Nq(10) = 0.321966,	Nq(11) = 0.285742,	Nq(12) = 0.179171,	Nq(13) = 0.240554,	Nq(14) = 0.285742,	Nq(15) = 0.240554,	Sq(0) = -2.04475e-17,	Sq(1) = 0.470237,	Sq(2) = 0.421809,	Sq(3) = 0.470237,	Sq(4) = 0.470237,	Sq(5) = 1.13374,	Sq(6) = 0.986158,	Sq(7) = 1.13374,	Sq(8) = 0.421809,	Sq(9) = 0.986158,	Sq(10) = 0.925006,	Sq(11) = 0.986158,	Sq(12) = 0.470237,	Sq(13) = 1.13374,	Sq(14) = 0.986158,	Sq(15) = 1.13374,	N(0) = 1.72149,	N(1) = 1.69293,	N(2) = 1.52714,	N(3) = 1.69293,	N(4) = 1.69293,	N(5) = 0.378865,	N(6) = 0.209213,	N(7) = 0.378865,	N(8) = 1.52714,	N(9) = 0.209213,	N(10) = 0.100206,	N(11) = 0.209213,	N(12) = 1.69293,	N(13) = 0.378865,	N(14) = 0.209213,	N(15) = 0.378865,	Delta[s](0) = 0.101693,	Delta[s](1) = 0.0782898,	Delta[s](2) = 0.0633008,	Delta[s](3) = 0.0782898,	Delta[s](4) = 0.0782898,	Delta[s](5) = 0.0529596,	Delta[s](6) = 0.0399784,	Delta[s](7) = 0.0529596,	Delta[s](8) = 0.0633008,	Delta[s](9) = 0.0399784,	Delta[s](10) = 0.0222146,	Delta[s](11) = 0.0399784,	Delta[s](12) = 0.0782898,	Delta[s](13) = 0.0529596,	Delta[s](14) = 0.0399784,	Delta[s](15) = 0.0529596,	Delta[d](0) = 0.470168,	Delta[d](1) = 0.288391,	Delta[d](2) = 0.329042,	Delta[d](3) = 0.288391,	Delta[d](4) = 0.288391,	Delta[d](5) = 0.194612,	Delta[d](6) = 0.271493,	Delta[d](7) = 0.194612,	Delta[d](8) = 0.329042,	Delta[d](9) = 0.271493,	Delta[d](10) = 0.325252,	Delta[d](11) = 0.271493,	Delta[d](12) = 0.288391,	Delta[d](13) = 0.194612,	Delta[d](14) = 0.271493,	Delta[d](15) = 0.194612,	Delta[s+](0) = 0.526179,	Delta[s+](1) = 0.392492,	Delta[s+](2) = 0.329042,	Delta[s+](3) = 0.392492,	Delta[s+](4) = 0.392492,	Delta[s+](5) = 0.196007,	Delta[s+](6) = 0.108861,	Delta[s+](7) = 0.196007,	Delta[s+](8) = 0.329042,	Delta[s+](9) = 0.108861,	Delta[s+](10) = 0.0331889,	Delta[s+](11) = 0.108861,	Delta[s+](12) = 0.392492,	Delta[s+](13) = 0.196007,	Delta[s+](14) = 0.108861,	Delta[s+](15) = 0.196007
The 0-th iteration is completed.	|| time cost : 0h 3m 23.949s
********************************************************************************************************************
Start the 1 rounds of NGS-ED iteration
	effective electronic model is modified as: kinetic energy t = 0.951307, t' = -0.285885
	                                           effective interaction Vq = [-0.286283,-0.276736,-0.271773,-0.276736,-0.276736,-0.279447,-0.280736,-0.279447,-0.271773,-0.280736,-0.286646,-0.280736,-0.276736,-0.279447,-0.280736,-0.279447]
	PARPACK diagonalization completed after 45 matrix-vector product operations.
	iteration results: : total energy is -16.830390 | electron energy -16.839770 + phonon energy 0.009380 | electron momentum kIdx = 0
The 1-th iteration is completed.	|| time cost : 0h 0m 26.282s
********************************************************************************************************************
Start the 2 rounds of NGS-ED iteration
	effective electronic model is modified as: kinetic energy t = 0.945179, t' = -0.284161
	                                           effective interaction Vq = [-0.292711,-0.283728,-0.278764,-0.283728,-0.283728,-0.286442,-0.287729,-0.286442,-0.278764,-0.287729,-0.293161,-0.287729,-0.283728,-0.286442,-0.287729,-0.286442]
	PARPACK diagonalization completed after 45 matrix-vector product operations.
	iteration results: : total energy is -16.807265 | electron energy -16.822953 + phonon energy 0.015688 | electron momentum kIdx = 0
The 2-th iteration is completed.	|| time cost : 0h 0m 26.404s
********************************************************************************************************************
Start the 3 rounds of NGS-ED iteration
	effective electronic model is modified as: kinetic energy t = 0.940739, t' = -0.28292
	                                           effective interaction Vq = [  -0.2961,-0.287852,-0.282968,-0.287852,-0.287852,-0.290484,-0.291712,-0.290484,-0.282968,-0.291712,  -0.2965,-0.291712,-0.287852,-0.290484,-0.291712,-0.290484]
	PARPACK diagonalization completed after 45 matrix-vector product operations.
	iteration results: : total energy is -16.769994 | electron energy -16.791675 + phonon energy 0.021681 | electron momentum kIdx = 0
The 3-th iteration is completed.	|| time cost : 0h 0m 26.291s
********************************************************************************************************************
Start the 4 rounds of NGS-ED iteration
	effective electronic model is modified as: kinetic energy t = 0.937574, t' = -0.28204
	                                           effective interaction Vq = [-0.297887, -0.29036,-0.285571, -0.29036, -0.29036,-0.292886,-0.294039,-0.292886,-0.285571,-0.294039,-0.298192,-0.294039, -0.29036,-0.292886,-0.294039,-0.292886]
	PARPACK diagonalization completed after 45 matrix-vector product operations.
	iteration results: : total energy is -16.733162 | electron energy -16.760002 + phonon energy 0.026840 | electron momentum kIdx = 0
The 4-th iteration is completed.	|| time cost : 0h 0m 26.475s
********************************************************************************************************************
Start the 5 rounds of NGS-ED iteration
	effective electronic model is modified as: kinetic energy t = 0.935338, t' = -0.281421
	                                           effective interaction Vq = [-0.298829, -0.29193,-0.287222, -0.29193, -0.29193,-0.294357,-0.295438,-0.294357,-0.287222,-0.295438,-0.299042,-0.295438, -0.29193,-0.294357,-0.295438,-0.294357]
	PARPACK diagonalization completed after 45 matrix-vector product operations.
	iteration results: : total energy is -16.701935 | electron energy -16.732941 + phonon energy 0.031006 | electron momentum kIdx = 0
The 5-th iteration is completed.	|| time cost : 0h 0m 26.301s
********************************************************************************************************************
Start the 6 rounds of NGS-ED iteration
	effective electronic model is modified as: kinetic energy t = 0.93377, t' = -0.280989
	                                           effective interaction Vq = [-0.299326,-0.292937, -0.28829,-0.292937,-0.292937,-0.295281,-0.296301,-0.295281, -0.28829,-0.296301,-0.299465,-0.296301,-0.292937,-0.295281,-0.296301,-0.295281]
	PARPACK diagonalization completed after 45 matrix-vector product operations.
	iteration results: : total energy is -16.677338 | electron energy -16.711565 + phonon energy 0.034226 | electron momentum kIdx = 0
The 6-th iteration is completed.	|| time cost : 0h 0m 26.361s
********************************************************************************************************************
Start the 7 rounds of NGS-ED iteration
	effective electronic model is modified as: kinetic energy t = 0.932673, t' = -0.280688
	                                           effective interaction Vq = [-0.299588,-0.293595,-0.288992,-0.293595,-0.293595,-0.295875,-0.296848,-0.295875,-0.288992,-0.296848,-0.299676,-0.296848,-0.293595,-0.295875,-0.296848,-0.295875]
	PARPACK diagonalization completed after 45 matrix-vector product operations.
	iteration results: : total energy is -16.658757 | electron energy -16.695398 + phonon energy 0.036641 | electron momentum kIdx = 0
The 7-th iteration is completed.	|| time cost : 0h 0m 26.395s
********************************************************************************************************************
Start the 8 rounds of NGS-ED iteration
	effective electronic model is modified as: kinetic energy t = 0.931908, t' = -0.280478
	                                           effective interaction Vq = [-0.299726,-0.294033,-0.289457,-0.294033,-0.294033,-0.296265,-0.297203,-0.296265,-0.289457,-0.297203,-0.299779,-0.297203,-0.294033,-0.296265,-0.297203,-0.296265]
	PARPACK diagonalization completed after 30 matrix-vector product operations.
	iteration results: : total energy is -16.645080 | electron energy -16.683495 + phonon energy 0.038415 | electron momentum kIdx = 0
The 8-th iteration is completed.	|| time cost : 0h 0m 22.877s
********************************************************************************************************************
Start the 9 rounds of NGS-ED iteration
	effective electronic model is modified as: kinetic energy t = 0.931376, t' = -0.280333
	                                           effective interaction Vq = [-0.299799,-0.294327,-0.289768,-0.294327,-0.294327,-0.296525,-0.297436,-0.296525,-0.289768,-0.297436,-0.299831,-0.297436,-0.294327,-0.296525,-0.297436,-0.296525]
	PARPACK diagonalization completed after 30 matrix-vector product operations.
	iteration results: : total energy is -16.635184 | electron energy -16.674881 + phonon energy 0.039697 | electron momentum kIdx = 0
The 9-th iteration is completed.	|| time cost : 0h 0m 22.801s
********************************************************************************************************************
Start the 10 rounds of NGS-ED iteration
	effective electronic model is modified as: kinetic energy t = 0.931006, t' = -0.280233
	                                           effective interaction Vq = [-0.299837,-0.294527,-0.289978,-0.294527,-0.294527,  -0.2967,-0.297593,  -0.2967,-0.289978,-0.297593,-0.299856,-0.297593,-0.294527,  -0.2967,-0.297593,  -0.2967]
	PARPACK diagonalization completed after 30 matrix-vector product operations.
	iteration results: : total energy is -16.628106 | electron energy -16.668720 + phonon energy 0.040614 | electron momentum kIdx = 0
The 10-th iteration is completed.	|| time cost : 0h 0m 22.898s
********************************************************************************************************************
Start the 11 rounds of NGS-ED iteration
	effective electronic model is modified as: kinetic energy t = 0.930748, t' = -0.280163
	                                           effective interaction Vq = [-0.299857,-0.294663,-0.290119,-0.294663,-0.294663, -0.29682,-0.297698, -0.29682,-0.290119,-0.297698,-0.299868,-0.297698,-0.294663, -0.29682,-0.297698, -0.29682]
	PARPACK diagonalization completed after 30 matrix-vector product operations.
	iteration results: : total energy is -16.623085 | electron energy -16.664349 + phonon energy 0.041264 | electron momentum kIdx = 0
The 11-th iteration is completed.	|| time cost : 0h 0m 22.765s
********************************************************************************************************************
Start the 12 rounds of NGS-ED iteration
	effective electronic model is modified as: kinetic energy t = 0.930569, t' = -0.280115
	                                           effective interaction Vq = [-0.299868,-0.294756,-0.290215,-0.294756,-0.294756,-0.296901, -0.29777,-0.296901,-0.290215, -0.29777,-0.299874, -0.29777,-0.294756,-0.296901, -0.29777,-0.296901]
	PARPACK diagonalization completed after 30 matrix-vector product operations.
	iteration results: : total energy is -16.619543 | electron energy -16.661266 + phonon energy 0.041723 | electron momentum kIdx = 0
The 12-th iteration is completed.	|| time cost : 0h 0m 22.658s
********************************************************************************************************************
Start the 13 rounds of NGS-ED iteration
	effective electronic model is modified as: kinetic energy t = 0.930445, t' = -0.280081
	                                           effective interaction Vq = [-0.299874,-0.294821, -0.29028,-0.294821,-0.294821,-0.296957,-0.297819,-0.296957, -0.29028,-0.297819,-0.299877,-0.297819,-0.294821,-0.296957,-0.297819,-0.296957]
	PARPACK diagonalization completed after 30 matrix-vector product operations.
	iteration results: : total energy is -16.617055 | electron energy -16.659101 + phonon energy 0.042046 | electron momentum kIdx = 0
The 13-th iteration is completed.	|| time cost : 0h 0m 22.807s
********************************************************************************************************************
Start the 14 rounds of NGS-ED iteration
	effective electronic model is modified as: kinetic energy t = 0.930359, t' = -0.280058
	                                           effective interaction Vq = [-0.299877,-0.294865,-0.290324,-0.294865,-0.294865,-0.296996,-0.297853,-0.296996,-0.290324,-0.297853,-0.299879,-0.297853,-0.294865,-0.296996,-0.297853,-0.296996]
	PARPACK diagonalization completed after 30 matrix-vector product operations.
