SNEDics v3.22.2 Non-Gaussian ED ground state program		Start at Fri Feb 18 10:39:24 2022

Parallelization: 32 MPI threads  * 8 OpenMP threads = 256 total threads.
********************************************************************************************************************
********************************************************************************************************************

********************************************************************************************************************
System parameters and configurations
	special program options are enabled: splitted diagonal Hamiltonian | splitted Hamiltonian terms
********************************************************************************************************************
Read input file "model_params.in"
	Hubbard-Holstein model parameters : 	t = 1    t' = -0.1    U = 8    g = 0.25    W = 0.2    g' = 0.1    
********************************************************************************************************************
Read input file "hilbertspace_params.in"
	Requested 16-site 2D lattice, with 14 electrons (7, 7)
	Boundary : Periodic		Hilbert space representation : momentum-space (restricted to kIdx = 0)
	Conservation: particle number[U(1)]      spin[U(1)]     momentum
********************************************************************************************************************

Cluster Positions:				Cluster symmetry group : D4
 x ... x ... x ... x .....                       x ... x ... x ... x .....
 |           |           :                       |           |           :
 |           |           :                       |           |           :
12    13    14    15     x                       1     5     6     5     x
 |           |           :                       |           |           :
 |           |           :                       |           |           :
 8 --- 9 ---10 ---11 --- x                       2 --- 6 ---10 --- 6 --- x
 |           |           :                       |           |           :
 |           |           :                       |           |           :
 4     5     6     7     x                       1     5     6     5     x
 |           |           :                       |           |           :
 |           |           :                       |           |           :
 0 --- 1 --- 2 --- 3 --- x                       0 --- 1 --- 2 --- 1 --- x
orbital number : 1
********************************************************************************************************************
Read input file "obs_params.in"
	Observable Type : Nq(All),   Sq(All),   N(All-Orbital),   Delta[s](All),   Delta[d](All),   Delta[s+](All)
** WARNING ** the input observables have non-local factors which have been reinterpreted. The total observable number is 96
********************************************************************************************************************


********************************************************************************************************************
Start calculating the non-Gaussian ED ground state
Maximal iteration number is 1000; energy resolution is 1e-06. Phonon state relaxation time is 2000
W = 0.2 is relatively large. The non-Gaussian ED calculation starts directly.
open output files: NGSED_iteration_observables.txt
********************************************************************************************************************
Start the 0 rounds of NGS-ED iteration
	effective electronic model is modified as: kinetic energy t = 1, t' = -0.1
	                                           effective interaction Vq = [0,0,0,0,0,0,0,0,0,0,0,0,0,0,0,0]
	first Hamiltonian is constructed, size = 8179600 and non-zero numbers = 2180116564
	PARPACK diagonalization completed after 180 matrix-vector product operations.
	iteration results: : total energy is -11.770076 | electron energy -11.770076 + phonon energy 0.000000 | electron momentum kIdx = 0
	Nq(0) = 12.25,	Nq(1) = 0.152259,	Nq(2) = 0.205835,	Nq(3) = 0.152259,	Nq(4) = 0.152259,	Nq(5) = 0.195847,	
	Nq(6) = 0.239568,	Nq(7) = 0.195847,	Nq(8) = 0.205835,	Nq(9) = 0.239568,	Nq(10) = 0.273649,	
	Nq(11) = 0.239568,	Nq(12) = 0.152259,	Nq(13) = 0.195847,	Nq(14) = 0.239568,	Nq(15) = 0.195847;	
	Sq(0) = -5.50034e-19,	Sq(1) = 0.468754,	Sq(2) = 0.431271,	Sq(3) = 0.468754,	Sq(4) = 0.468754,	
	Sq(5) = 1.1979,	Sq(6) = 1.05103,	Sq(7) = 1.1979,	Sq(8) = 0.431271,	Sq(9) = 1.05103,	
	Sq(10) = 0.980736,	Sq(11) = 1.05103,	Sq(12) = 0.468754,	Sq(13) = 1.1979,	Sq(14) = 1.05103,	
	Sq(15) = 1.1979;	N(0) = 1.69011,	N(1) = 1.58939,	N(2) = 1.2807,	N(3) = 1.58939,	
	N(4) = 1.58939,	N(5) = 0.531627,	N(6) = 0.276405,	N(7) = 0.531627,	N(8) = 1.2807,	
	N(9) = 0.276405,	N(10) = 0.158797,	N(11) = 0.276405,	N(12) = 1.58939,	N(13) = 0.531627,	
	N(14) = 0.276405,	N(15) = 0.531627;	Delta[s](0) = 0.0783744,	Delta[s](1) = 0.0594225,	Delta[s](2) = 0.044603,	
	Delta[s](3) = 0.0594225,	Delta[s](4) = 0.0594225,	Delta[s](5) = 0.0376091,	Delta[s](6) = 0.0214288,	Delta[s](7) = 0.0376091,	
	Delta[s](8) = 0.044603,	Delta[s](9) = 0.0214288,	Delta[s](10) = 0.00158538,	Delta[s](11) = 0.0214288,	Delta[s](12) = 0.0594225,	
	Delta[s](13) = 0.0376091,	Delta[s](14) = 0.0214288,	Delta[s](15) = 0.0376091;	Delta[d](0) = 0.395264,	Delta[d](1) = 0.272196,	
	Delta[d](2) = 0.305874,	Delta[d](3) = 0.272196,	Delta[d](4) = 0.272196,	Delta[d](5) = 0.204612,	Delta[d](6) = 0.246726,	
	Delta[d](7) = 0.204612,	Delta[d](8) = 0.305874,	Delta[d](9) = 0.246726,	Delta[d](10) = 0.249564,	Delta[d](11) = 0.246726,	
	Delta[d](12) = 0.272196,	Delta[d](13) = 0.204612,	Delta[d](14) = 0.246726,	Delta[d](15) = 0.204612;	Delta[s+](0) = 0.52443,	
	Delta[s+](1) = 0.391218,	Delta[s+](2) = 0.305874,	Delta[s+](3) = 0.391218,	Delta[s+](4) = 0.391218,	Delta[s+](5) = 0.214334,	
	Delta[s+](6) = 0.118766,	Delta[s+](7) = 0.214334,	Delta[s+](8) = 0.305874,	Delta[s+](9) = 0.118766,	Delta[s+](10) = 0.0427995,	
	Delta[s+](11) = 0.118766,	Delta[s+](12) = 0.391218,	Delta[s+](13) = 0.214334,	Delta[s+](14) = 0.118766,	Delta[s+](15) = 0.214334
	
The 0-th iteration is completed.	|| time cost : 0h 4m 43.536s
********************************************************************************************************************
Start the 1 rounds of NGS-ED iteration
	effective electronic model is modified as: kinetic energy t = 0.99718, t' = -0.0994998
	                                           effective interaction Vq = [     -2.1125,   -0.114479,  -0.0231967,   -0.114479,   -0.114479,  -0.0224442,-0.000728973,  -0.0224442,  -0.0231967,-0.000728973,  -0.0057565,-0.000728973,   -0.114479,  -0.0224442,-0.000728973,  -0.0224442]
	PARPACK diagonalization completed after 60 matrix-vector product operations.
	iteration results: : total energy is -37.697726 | electron energy -37.699304 + phonon energy 0.001578 | electron momentum kIdx = 0
The 1-th iteration is completed.	|| time cost : 0h 2m 59.311s
********************************************************************************************************************
Start the 2 rounds of NGS-ED iteration
	effective electronic model is modified as: kinetic energy t = 0.997152, t' = -0.0994942
	                                           effective interaction Vq = [     -2.1125,   -0.115357,  -0.0231883,   -0.115357,   -0.115357,  -0.0224405,-0.000728174,  -0.0224405,  -0.0231883,-0.000728174, -0.00575516,-0.000728174,   -0.115357,  -0.0224405,-0.000728174,  -0.0224405]
	PARPACK diagonalization completed after 30 matrix-vector product operations.
	iteration results: : total energy is -37.697728 | electron energy -37.699354 + phonon energy 0.001626 | electron momentum kIdx = 0
The 2-th iteration is completed.	|| time cost : 0h 0m 21.445s
********************************************************************************************************************
Start the 3 rounds of NGS-ED iteration
	effective electronic model is modified as: kinetic energy t = 0.997152, t' = -0.0994941
	                                           effective interaction Vq = [     -2.1125,   -0.115364,  -0.0231879,   -0.115364,   -0.115364,  -0.0224402,-0.000728166,  -0.0224402,  -0.0231879,-0.000728166, -0.00575512,-0.000728166,   -0.115364,  -0.0224402,-0.000728166,  -0.0224402]
	PARPACK diagonalization completed after 30 matrix-vector product operations.
	iteration results: : total energy is -37.697728 | electron energy -37.699355 + phonon energy 0.001626 | electron momentum kIdx = 0
The 3-th iteration is completed.	|| time cost : 0h 0m 21.486s
********************************************************************************************************************
Start the 4 rounds of NGS-ED iteration
	effective electronic model is modified as: kinetic energy t = 0.997152, t' = -0.0994941
	                                           effective interaction Vq = [     -2.1125,   -0.115364,  -0.0231879,   -0.115364,   -0.115364,  -0.0224402,-0.000728166,  -0.0224402,  -0.0231879,-0.000728166, -0.00575512,-0.000728166,   -0.115364,  -0.0224402,-0.000728166,  -0.0224402]
	PARPACK diagonalization completed after 30 matrix-vector product operations.
	iteration results: : total energy is -37.697728 | electron energy -37.699355 + phonon energy 0.001626 | electron momentum kIdx = 0
	Nq(0) = 12.25,	Nq(1) = 0.153662,	Nq(2) = 0.206188,	Nq(3) = 0.153662,	Nq(4) = 0.153662,	Nq(5) = 0.196224,	
	Nq(6) = 0.239805,	Nq(7) = 0.196224,	Nq(8) = 0.206188,	Nq(9) = 0.239805,	Nq(10) = 0.274167,	
	Nq(11) = 0.239805,	Nq(12) = 0.153662,	Nq(13) = 0.196224,	Nq(14) = 0.239805,	Nq(15) = 0.196224;	
	Sq(0) = -2.759e-18,	Sq(1) = 0.468253,	Sq(2) = 0.431329,	Sq(3) = 0.468253,	Sq(4) = 0.468253,	
	Sq(5) = 1.1967,	Sq(6) = 1.05043,	Sq(7) = 1.1967,	Sq(8) = 0.431329,	Sq(9) = 1.05043,	
	Sq(10) = 0.980502,	Sq(11) = 1.05043,	Sq(12) = 0.468253,	Sq(13) = 1.1967,	Sq(14) = 1.05043,	
	Sq(15) = 1.1967;	N(0) = 1.6912,	N(1) = 1.59191,	N(2) = 1.28187,	N(3) = 1.59191,	
	N(4) = 1.59191,	N(5) = 0.529667,	N(6) = 0.275053,	N(7) = 0.529667,	N(8) = 1.28187,	
	N(9) = 0.275053,	N(10) = 0.158551,	N(11) = 0.275053,	N(12) = 1.59191,	N(13) = 0.529667,	
	N(14) = 0.275053,	N(15) = 0.529667;	Delta[s](0) = 0.078882,	Delta[s](1) = 0.0598401,	Delta[s](2) = 0.0449583,	
	Delta[s](3) = 0.0598401,	Delta[s](4) = 0.0598401,	Delta[s](5) = 0.03786,	Delta[s](6) = 0.0216119,	Delta[s](7) = 0.03786,	
	Delta[s](8) = 0.0449583,	Delta[s](9) = 0.0216119,	Delta[s](10) = 0.00160812,	Delta[s](11) = 0.0216119,	Delta[s](12) = 0.0598401,	
	Delta[s](13) = 0.03786,	Delta[s](14) = 0.0216119,	Delta[s](15) = 0.03786;	Delta[d](0) = 0.396503,	Delta[d](1) = 0.272306,	
	Delta[d](2) = 0.306211,	Delta[d](3) = 0.272306,	Delta[d](4) = 0.272306,	Delta[d](5) = 0.204454,	Delta[d](6) = 0.246941,	
	Delta[d](7) = 0.204454,	Delta[d](8) = 0.306211,	Delta[d](9) = 0.246941,	Delta[d](10) = 0.249639,	Delta[d](11) = 0.246941,	
	Delta[d](12) = 0.272306,	Delta[d](13) = 0.204454,	Delta[d](14) = 0.246941,	Delta[d](15) = 0.204454;	Delta[s+](0) = 0.525298,	
	Delta[s+](1) = 0.391749,	Delta[s+](2) = 0.306211,	Delta[s+](3) = 0.391749,	Delta[s+](4) = 0.391749,	Delta[s+](5) = 0.214285,	
	Delta[s+](6) = 0.118544,	Delta[s+](7) = 0.214285,	Delta[s+](8) = 0.306211,	Delta[s+](9) = 0.118544,	Delta[s+](10) = 0.0425972,	
	Delta[s+](11) = 0.118544,	Delta[s+](12) = 0.391749,	Delta[s+](13) = 0.214285,	Delta[s+](14) = 0.118544,	Delta[s+](15) = 0.214285
	
The 4-th iteration is completed.	|| time cost : 0h 3m 7.611s
********************************************************************************************************************
********************************************************************************************************************
Ground state is obtained after 5 iterations. The current ground-state energy is -37.6977, in which electron energy is -37.6994 and phonon energy is 0.00162646
Final variational state is: 
	Gamma_x = [      1,1.08964,1.02372,1.08964,1.08964,1.02184,1.00086,1.02184,1.02372,1.00086,1.00782,1.00086,1.08964,1.02184,1.00086,1.02184]
	lambda_q = [      3.25,  0.132058, 0.0472695,  0.132058,  0.132058, 0.0457164,0.00739091, 0.0457164, 0.0472695,0.00739091,-0.0194356,0.00739091,  0.132058, 0.0457164,0.00739091, 0.0457164]
Effective e-e interactions mediated by phonons are:
	momentum-space Vq = [     -2.1125,   -0.115364,  -0.0231879,   -0.115364,   -0.115364,  -0.0224402,-0.000728166,  -0.0224402,  -0.0231879,-0.000728166, -0.00575512,-0.000728166,   -0.115364,  -0.0224402,-0.000728166,  -0.0224402]
	real-space Vr = [-0.169923,-0.146001,-0.129679,-0.146001,-0.146001,-0.129492,-0.117342,-0.129492,-0.129679,-0.117342,-0.111876,-0.117342,-0.146001,-0.129492,-0.117342,-0.129492]
********************************************************************************************************************
o___o  ----------------------------------------
| L |	Time since last clock: 0h 0m 0.006s
A===A	Time since the beginning: 0h 11m 33.396s
***********************************************


Non-Gaussina ED ground state calculation is completed. The final ground-state energy is -37.6977
********************************************************************************************************************
o___o  ----------------------------------------
| L |	Time since last clock: 0h 0m 0.009s
A===A	Time since the beginning: 0h 11m 33.406s
***********************************************



********************************************************************************************************************
All non-Gaussian ED ground state calculations have been completed. Exit now.
