SNEDics v3.2 diagonalization test program		Start at Wed Apr 24 21:46:39 2019

parallized on 80 MPI threads  * 6 OpenMP threads = 480 total threads.
************************************************************************************
************************************************************************************

Input file "model_params.in"
Hubbard-Holstein model parameters : 	t = 1    g = 3.5355    W = 5    
************************************************************************************
Input file "hilbertspace_params.in"

Cluster Positions:				Cluster symmetry group : D4
 x ... x ... x ... x .....                       x ... x ... x ... x .....
 |           |           :                       |           |           :
 |           |           :                       |           |           :
12    13    14    15     x                       1     5     6     5     x
 |           |           :                       |           |           :
 |           |           :                       |           |           :
 8 --- 9 ---10 ---11 --- x                       2 --- 6 ---10 --- 6 --- x
 |           |           :                       |           |           :
 |           |           :                       |           |           :
 4     5     6     7     x                       1     5     6     5     x
 |           |           :                       |           |           :
 |           |           :                       |           |           :
 0 --- 1 --- 2 --- 3 --- x                       0 --- 1 --- 2 --- 1 --- x
orbital number : 1
************************************************************************************
0 rounds of non-Gaussian ED iteration : ground-state energy is -24 | electron energy -24 + phonon energy 0 | electron momentum kIdx = 0
Nq = 	16	0.35572	0.465227	0.35572	0.39428	0.487103	0.60572	0.507462	0.542672	0.64428	0.917633	0.64428	0.39428	0.507462	0.60572	0.487103
Sq = 	8.34467e-18	0.35572	0.425474	0.35572	0.39428	0.540027	0.60572	0.536794	0.565364	0.64428	0.940857	0.64428	0.39428	0.536794	0.60572	0.540027
1 rounds of non-Gaussian ED iteration : ground-state energy is -62.8422 | electron energy -62.8449 + phonon energy 0.00272502 | electron momentum kIdx = 0
Nq = 	16	0.448452	0.649344	0.448452	0.450386	0.651102	0.770477	0.654914	0.658577	0.775656	2.81733	0.775656	0.450386	0.654914	0.770477	0.651102
Sq = 	6.18943e-19	0.196614	0.271795	0.196614	0.197082	0.272128	0.375941	0.272168	0.27247	0.376571	0.447499	0.376571	0.197082	0.272168	0.375941	0.272128
2 rounds of non-Gaussian ED iteration : ground-state energy is -77.5704 | electron energy -77.6053 + phonon energy 0.034903 | electron momentum kIdx = 0
Nq = 	16	0.259408	0.363814	0.259408	0.260204	0.364177	0.533263	0.364658	0.36521	0.534748	7.45526	0.534748	0.260204	0.364658	0.533263	0.364177
Sq = 	4.93988e-19	0.131179	0.202641	0.131179	0.131336	0.202736	0.275761	0.202741	0.202829	0.275887	0.338049	0.275887	0.131336	0.202741	0.275761	0.202736
3 rounds of non-Gaussian ED iteration : ground-state energy is -83.4362 | electron energy -83.52 + phonon energy 0.083721 | electron momentum kIdx = 0
Nq = 	16	0.141259	0.229693	0.141259	0.141457	0.229805	0.337558	0.229863	0.229995	0.337839	10.2272	0.337839	0.141457	0.229863	0.337558	0.229805
Sq = 	-1.75764e-18	0.0961125	0.158552	0.0961125	0.0961664	0.158585	0.217621	0.158586	0.158617	0.217656	0.270939	0.217656	0.0961664	0.158586	0.217621	0.158585
4 rounds of non-Gaussian ED iteration : ground-state energy is -85.7206 | electron energy -85.8272 + phonon energy 0.106642 | electron momentum kIdx = 0
Nq = 	16	0.105146	0.181648	0.105146	0.105213	0.181693	0.264934	0.181707	0.181757	0.26502	11.2494	0.26502	0.105213	0.181707	0.264934	0.181693
Sq = 	4.2588e-19	0.0819232	0.139532	0.0819232	0.081948	0.139549	0.193082	0.139549	0.139564	0.193098	0.242403	0.193098	0.081948	0.139549	0.193082	0.139549
5 rounds of non-Gaussian ED iteration : ground-state energy is -86.577 | electron energy -86.6872 + phonon energy 0.110201 | electron momentum kIdx = 0
Nq = 	16	0.0909829	0.160886	0.0909829	0.0910104	0.160906	0.233946	0.160911	0.160932	0.23398	11.6857	0.23398	0.0910104	0.160911	0.233946	0.160906
Sq = 	-3.37169e-19	0.0757776	0.131083	0.0757776	0.0757901	0.131091	0.182339	0.131091	0.131099	0.182347	0.229975	0.182347	0.0757901	0.131091	0.182339	0.131091
6 rounds of non-Gaussian ED iteration : ground-state energy is -86.886 | electron energy -86.9941 + phonon energy 0.108029 | electron momentum kIdx = 0
Nq = 	16	0.0841847	0.150465	0.0841847	0.084197	0.150474	0.218436	0.150476	0.150486	0.21845	11.9057	0.21845	0.084197	0.150476	0.218436	0.150474
Sq = 	5.12753e-19	0.0725962	0.126656	0.0725962	0.0726024	0.12666	0.176758	0.12666	0.126664	0.176762	0.223555	0.176762	0.0726024	0.12666	0.176758	0.12666
7 rounds of non-Gaussian ED iteration : ground-state energy is -86.9949 | electron energy -87.1002 + phonon energy 0.105295 | electron momentum kIdx = 0
Nq = 	16	0.0805705	0.144794	0.0805705	0.0805761	0.144799	0.210001	0.144799	0.144804	0.210007	12.0268	0.210007	0.0805761	0.144799	0.210001	0.144799
Sq = 	6.88216e-19	0.0707937	0.124123	0.0707937	0.0707967	0.124126	0.173573	0.124126	0.124128	0.173575	0.219895	0.173575	0.0707967	0.124126	0.173573	0.124126
8 rounds of non-Gaussian ED iteration : ground-state energy is -87.0329 | electron energy -87.136 + phonon energy 0.103146 | electron momentum kIdx = 0
Nq = 	16	0.0785594	0.141598	0.0785594	0.078562	0.1416	0.205247	0.141601	0.141603	0.20525	12.0958	0.20525	0.078562	0.141601	0.205247	0.1416
Sq = 	4.74973e-19	0.0697448	0.12264	0.0697448	0.0697463	0.122641	0.171706	0.122641	0.122642	0.171707	0.217748	0.171707	0.0697463	0.122641	0.171706	0.122641
9 rounds of non-Gaussian ED iteration : ground-state energy is -87.0461 | electron energy -87.1477 + phonon energy 0.101634 | electron momentum kIdx = 0
Nq = 	16	0.0774173	0.13977	0.0774173	0.0774185	0.139771	0.202526	0.139771	0.139772	0.202528	12.1355	0.202528	0.0774185	0.139771	0.202526	0.139771
Sq = 	-3.71232e-20	0.0691321	0.121769	0.0691321	0.0691328	0.121769	0.17061	0.121769	0.12177	0.17061	0.216486	0.17061	0.0691328	0.121769	0.17061	0.121769
10 rounds of non-Gaussian ED iteration : ground-state energy is -87.0507 | electron energy -87.1513 + phonon energy 0.100619 | electron momentum kIdx = 0
Nq = 	16	0.0767625	0.138717	0.0767625	0.0767631	0.138717	0.200959	0.138717	0.138718	0.20096	12.1585	0.20096	0.0767631	0.138717	0.200959	0.138717
Sq = 	2.20731e-19	0.0687749	0.12126	0.0687749	0.0687752	0.12126	0.169968	0.12126	0.12126	0.169969	0.215748	0.169969	0.0687752	0.12126	0.169968	0.12126
11 rounds of non-Gaussian ED iteration : ground-state energy is -87.0523 | electron energy -87.1522 + phonon energy 0.0999547 | electron momentum kIdx = 0
Nq = 	16	0.0763853	0.138109	0.0763853	0.0763856	0.138109	0.200054	0.138109	0.138109	0.200054	12.1718	0.200054	0.0763856	0.138109	0.200054	0.138109
Sq = 	5.78792e-19	0.0685672	0.120963	0.0685672	0.0685673	0.120963	0.169595	0.120963	0.120963	0.169595	0.215317	0.169595	0.0685673	0.120963	0.169595	0.120963
12 rounds of non-Gaussian ED iteration : ground-state energy is -87.0529 | electron energy -87.1524 + phonon energy 0.09953 | electron momentum kIdx = 0
Nq = 	16	0.0761676	0.137757	0.0761676	0.0761677	0.137757	0.19953	0.137757	0.137757	0.199531	12.1795	0.199531	0.0761677	0.137757	0.19953	0.137757
Sq = 	5.99116e-19	0.0684467	0.120791	0.0684467	0.0684467	0.120791	0.169378	0.120791	0.120791	0.169378	0.215068	0.169378	0.0684467	0.120791	0.169378	0.120791
13 rounds of non-Gaussian ED iteration : ground-state energy is -87.0531 | electron energy -87.1523 + phonon energy 0.099263 | electron momentum kIdx = 0
Nq = 	16	0.0760417	0.137553	0.0760417	0.0760417	0.137553	0.199227	0.137553	0.137554	0.199227	12.184	0.199227	0.0760417	0.137553	0.199227	0.137553
Sq = 	-3.15783e-19	0.0683768	0.120691	0.0683768	0.0683769	0.120691	0.169253	0.120691	0.120691	0.169253	0.214923	0.169253	0.0683769	0.120691	0.169253	0.120691
14 rounds of non-Gaussian ED iteration : ground-state energy is -87.0531 | electron energy -87.1522 + phonon energy 0.0990974 | electron momentum kIdx = 0
Nq = 	16	0.0759689	0.137436	0.0759689	0.0759689	0.137436	0.199052	0.137436	0.137436	0.199052	12.1866	0.199052	0.0759689	0.137436	0.199052	0.137436
Sq = 	-6.98112e-20	0.0683364	0.120634	0.0683364	0.0683364	0.120634	0.16918	0.120634	0.120634	0.16918	0.21484	0.16918	0.0683364	0.120634	0.16918	0.120634
15 rounds of non-Gaussian ED iteration : ground-state energy is -87.0532 | electron energy -87.1522 + phonon energy 0.0989959 | electron momentum kIdx = 0
Nq = 	16	0.0759268	0.137367	0.0759268	0.0759268	0.137368	0.19895	0.137368	0.137368	0.19895	12.1881	0.19895	0.0759268	0.137368	0.19895	0.137368
Sq = 	2.16147e-21	0.0683131	0.1206	0.0683131	0.0683131	0.1206	0.169138	0.1206	0.1206	0.169138	0.214791	0.169138	0.0683131	0.1206	0.169138	0.1206
16 rounds of non-Gaussian ED iteration : ground-state energy is -87.0532 | electron energy -87.1521 + phonon energy 0.0989342 | electron momentum kIdx = 0
Nq = 	16	0.0759024	0.137328	0.0759024	0.0759024	0.137328	0.198891	0.137328	0.137328	0.198891	12.189	0.198891	0.0759024	0.137328	0.198891	0.137328
Sq = 	-4.72889e-19	0.0682996	0.120581	0.0682996	0.0682996	0.120581	0.169114	0.120581	0.120581	0.169114	0.214764	0.169114	0.0682996	0.120581	0.169114	0.120581
17 rounds of non-Gaussian ED iteration : ground-state energy is -87.0532 | electron energy -87.1521 + phonon energy 0.098897 | electron momentum kIdx = 0
Nq = 	16	0.0758883	0.137305	0.0758883	0.0758883	0.137305	0.198857	0.137305	0.137305	0.198857	12.1895	0.198857	0.0758883	0.137305	0.198857	0.137305
Sq = 	-4.01445e-19	0.0682918	0.12057	0.0682918	0.0682918	0.12057	0.1691	0.12057	0.12057	0.1691	0.214747	0.1691	0.0682918	0.12057	0.1691	0.12057
18 rounds of non-Gaussian ED iteration : ground-state energy is -87.0532 | electron energy -87.1521 + phonon energy 0.0988747 | electron momentum kIdx = 0
Nq = 	16	0.0758802	0.137292	0.0758802	0.0758802	0.137292	0.198838	0.137292	0.137292	0.198838	12.1897	0.198838	0.0758802	0.137292	0.198838	0.137292
Sq = 	1.38982e-18	0.0682873	0.120563	0.0682873	0.0682873	0.120563	0.169092	0.120563	0.120563	0.169092	0.214738	0.169092	0.0682873	0.120563	0.169092	0.120563
Ground state is obtained after 19 iterations. The current ground-state energy is -87.0532, in which electron energy is -87.152 and phonon energy is 0.0988614
o___o  -------------------------------------
| L |	Time since last clock: 1h 26m 39.274s
A===A	Time since the beginning: 1h 26m 39.274s
********************************************

************************************************************************************
