SNEDics v3.22.2 Non-Gaussian ED ground state program		Start at Mon Apr 25 00:18:56 2022

Parallelization: 32 MPI threads  * 8 OpenMP threads = 256 total threads.
********************************************************************************************************************
********************************************************************************************************************

********************************************************************************************************************
System parameters and configurations
	special program options are enabled: splitted diagonal Hamiltonian | splitted Hamiltonian terms
********************************************************************************************************************
Read input file "model_params.in"
	Hubbard-Holstein model parameters : 	t = 1    U = 8    g = 0.2    W = 0.2    g' = 0.35    
********************************************************************************************************************
Read input file "hilbertspace_params.in"
	Requested 16-site 2D lattice, with 8 electrons (4, 4)
	Boundary : Periodic		Hilbert space representation : momentum-space (restricted to kIdx = 10)
	Conservation: particle number[U(1)]      spin[U(1)]     momentum
********************************************************************************************************************

Cluster Positions:				Cluster symmetry group : D4
 x ... x ... x ... x .....                       x ... x ... x ... x .....
 |           |           :                       |           |           :
 |           |           :                       |           |           :
12    13    14    15     x                       1     5     6     5     x
 |           |           :                       |           |           :
 |           |           :                       |           |           :
 8 --- 9 ---10 ---11 --- x                       2 --- 6 ---10 --- 6 --- x
 |           |           :                       |           |           :
 |           |           :                       |           |           :
 4     5     6     7     x                       1     5     6     5     x
 |           |           :                       |           |           :
 |           |           :                       |           |           :
 0 --- 1 --- 2 --- 3 --- x                       0 --- 1 --- 2 --- 1 --- x
orbital number : 1
********************************************************************************************************************
Read input file "obs_params.in"
	Observable Type : Nq(All),   Sq(All),   N(All-Orbital),   Delta[s](All),   Delta[d](All),   Delta[s+](All)
** WARNING ** the input observables have non-local factors which have been reinterpreted. The total observable number is 96
********************************************************************************************************************


********************************************************************************************************************
Start calculating the non-Gaussian ED ground state
Maximal iteration number is 1000; energy resolution is 1e-06. Phonon state relaxation time is 2000
W = 0.2 is relatively large. The non-Gaussian ED calculation starts directly.
open output files: NGSED_iteration_observables.txt
********************************************************************************************************************
Start the 0 rounds of NGS-ED iteration
	effective electronic model is modified as: kinetic energy t = 1
	                                           effective interaction Vq = [0,0,0,0,0,0,0,0,0,0,0,0,0,0,0,0]
	first Hamiltonian is constructed, size = 207168 and non-zero numbers = 32194784
	PARPACK diagonalization completed after 225 matrix-vector product operations.
	iteration results: : total energy is -14.228491 | electron energy -14.228491 + phonon energy 0.000000 | electron momentum kIdx = 10
	Nq(0) = 4,	Nq(1) = 0.1929,	Nq(2) = 0.241361,	Nq(3) = 0.1929,	Nq(4) = 0.1929,	Nq(5) = 0.2635,	
	Nq(6) = 0.343209,	Nq(7) = 0.2635,	Nq(8) = 0.241361,	Nq(9) = 0.343209,	Nq(10) = 0.497356,	
	Nq(11) = 0.343209,	Nq(12) = 0.1929,	Nq(13) = 0.2635,	Nq(14) = 0.343209,	Nq(15) = 0.2635;	
	Sq(0) = 1.05048e-18,	Sq(1) = 0.540129,	Sq(2) = 0.425883,	Sq(3) = 0.540129,	Sq(4) = 0.540129,	
	Sq(5) = 0.44091,	Sq(6) = 0.633208,	Sq(7) = 0.44091,	Sq(8) = 0.425883,	Sq(9) = 0.633208,	
	Sq(10) = 0.512733,	Sq(11) = 0.633208,	Sq(12) = 0.540129,	Sq(13) = 0.44091,	Sq(14) = 0.633208,	
	Sq(15) = 0.44091;	N(0) = 1.39632,	N(1) = 1.19393,	N(2) = 0.182033,	N(3) = 1.19393,	
	N(4) = 1.19393,	N(5) = 0.343994,	N(6) = 0.0196952,	N(7) = 0.343994,	N(8) = 0.182033,	
	N(9) = 0.0196952,	N(10) = 0.00914957,	N(11) = 0.0196952,	N(12) = 1.19393,	N(13) = 0.343994,	
	N(14) = 0.0196952,	N(15) = 0.343994;	Delta[s](0) = 0.0153261,	Delta[s](1) = 0.008475,	Delta[s](2) = 0.00318946,	
	Delta[s](3) = 0.008475,	Delta[s](4) = 0.008475,	Delta[s](5) = 0.00565804,	Delta[s](6) = 0.0021598,	Delta[s](7) = 0.00565804,	
	Delta[s](8) = 0.00318946,	Delta[s](9) = 0.0021598,	Delta[s](10) = 0.00237933,	Delta[s](11) = 0.0021598,	Delta[s](12) = 0.008475,	
	Delta[s](13) = 0.00565804,	Delta[s](14) = 0.0021598,	Delta[s](15) = 0.00565804;	Delta[d](0) = 0.0416643,	Delta[d](1) = 0.039705,	
	Delta[d](2) = 0.0331439,	Delta[d](3) = 0.039705,	Delta[d](4) = 0.039705,	Delta[d](5) = 0.0636663,	Delta[d](6) = 0.0458266,	
	Delta[d](7) = 0.0636663,	Delta[d](8) = 0.0331439,	Delta[d](9) = 0.0458266,	Delta[d](10) = 0.014579,	Delta[d](11) = 0.0458266,	
	Delta[d](12) = 0.039705,	Delta[d](13) = 0.0636663,	Delta[d](14) = 0.0458266,	Delta[d](15) = 0.0636663;	Delta[s+](0) = 0.189176,	
	Delta[s+](1) = 0.123071,	Delta[s+](2) = 0.0331439,	Delta[s+](3) = 0.123071,	Delta[s+](4) = 0.123071,	Delta[s+](5) = 0.0697145,	
	Delta[s+](6) = 0.0161204,	Delta[s+](7) = 0.0697145,	Delta[s+](8) = 0.0331439,	Delta[s+](9) = 0.0161204,	Delta[s+](10) = 0.00445653,	
	Delta[s+](11) = 0.0161204,	Delta[s+](12) = 0.123071,	Delta[s+](13) = 0.0697145,	Delta[s+](14) = 0.0161204,	Delta[s+](15) = 0.0697145
	
The 0-th iteration is completed.	|| time cost : 0h 0m 5.461s
********************************************************************************************************************
Start the 1 rounds of NGS-ED iteration
	effective electronic model is modified as: kinetic energy t = 0.889959
	                                           effective interaction Vq = [     -12.8,   -1.5697,-0.0218618,   -1.5697,   -1.5697,-0.0237874, -0.161778,-0.0237874,-0.0218618, -0.161778,  -5.52522, -0.161778,   -1.5697,-0.0237874, -0.161778,-0.0237874]
	PARPACK diagonalization completed after 30 matrix-vector product operations.
	iteration results: : total energy is -74.992094 | electron energy -76.071531 + phonon energy 1.079437 | electron momentum kIdx = 10
The 1-th iteration is completed.	|| time cost : 0h 0m 3.669s
********************************************************************************************************************
Start the 2 rounds of NGS-ED iteration
	effective electronic model is modified as: kinetic energy t = 0.815163
	                                           effective interaction Vq = [      -12.8,  -0.212984,-0.00953228,  -0.212984,  -0.212984, -0.0094963, -0.0571604, -0.0094963,-0.00953228, -0.0571604,   -7.18694, -0.0571604,  -0.212984, -0.0094963, -0.0571604, -0.0094963]
	PARPACK diagonalization completed after 30 matrix-vector product operations.
	iteration results: : total energy is -80.726864 | electron energy -81.654720 + phonon energy 0.927856 | electron momentum kIdx = 10
The 2-th iteration is completed.	|| time cost : 0h 0m 1.272s
********************************************************************************************************************
Start the 3 rounds of NGS-ED iteration
	effective electronic model is modified as: kinetic energy t = 0.774166
	                                           effective interaction Vq = [      -12.8,  -0.142473,-0.00677515,  -0.142473,  -0.142473,-0.00673939, -0.0410522,-0.00673939,-0.00677515, -0.0410522,   -7.19286, -0.0410522,  -0.142473,-0.00673939, -0.0410522,-0.00673939]
	PARPACK diagonalization completed after 135 matrix-vector product operations.
	iteration results: : total energy is -80.808395 | electron energy -81.540938 + phonon energy 0.732543 | electron momentum kIdx = 10
The 3-th iteration is completed.	|| time cost : 0h 0m 1.733s
********************************************************************************************************************
Start the 4 rounds of NGS-ED iteration
	effective electronic model is modified as: kinetic energy t = 0.772771
	                                           effective interaction Vq = [      -12.8,  -0.139849, -0.0066195,  -0.139849,  -0.139849,-0.00658073, -0.0398966, -0.0066201, -0.0066195, -0.0398966,   -7.19301, -0.0398966,  -0.139849, -0.0066201, -0.0398966,-0.00658073]
	PARPACK diagonalization completed after 45 matrix-vector product operations.
	iteration results: : total energy is -80.808442 | electron energy -81.535511 + phonon energy 0.727069 | electron momentum kIdx = 10
The 4-th iteration is completed.	|| time cost : 0h 0m 1.362s
********************************************************************************************************************
Start the 5 rounds of NGS-ED iteration
	effective electronic model is modified as: kinetic energy t = 0.772526
	                                           effective interaction Vq = [      -12.8,  -0.139573,-0.00660705,  -0.139573,  -0.139573,-0.00656896, -0.0398299,-0.00660888,-0.00660705, -0.0398299,   -7.19303, -0.0398299,  -0.139573,-0.00660888, -0.0398299,-0.00656896]
	PARPACK diagonalization completed after 30 matrix-vector product operations.
	iteration results: : total energy is -80.808444 | electron energy -81.534554 + phonon energy 0.726111 | electron momentum kIdx = 10
The 5-th iteration is completed.	|| time cost : 0h 0m 1.293s
********************************************************************************************************************
Start the 6 rounds of NGS-ED iteration
	effective electronic model is modified as: kinetic energy t = 0.772484
	                                           effective interaction Vq = [      -12.8,  -0.139527,-0.00660505,  -0.139527,  -0.139527,-0.00656699, -0.0398186,-0.00660688,-0.00660505, -0.0398186,   -7.19303, -0.0398186,  -0.139527,-0.00660688, -0.0398186,-0.00656699]
	PARPACK diagonalization completed after 30 matrix-vector product operations.
	iteration results: : total energy is -80.808444 | electron energy -81.534393 + phonon energy 0.725949 | electron momentum kIdx = 10
The 6-th iteration is completed.	|| time cost : 0h 0m 1.304s
********************************************************************************************************************
Start the 7 rounds of NGS-ED iteration
	effective electronic model is modified as: kinetic energy t = 0.772477
	                                           effective interaction Vq = [      -12.8,  -0.139519,-0.00660471,  -0.139519,  -0.139519,-0.00656665, -0.0398167,-0.00660654,-0.00660471, -0.0398167,   -7.19304, -0.0398167,  -0.139519,-0.00660654, -0.0398167,-0.00656665]
	PARPACK diagonalization completed after 30 matrix-vector product operations.
	iteration results: : total energy is -80.808444 | electron energy -81.534365 + phonon energy 0.725921 | electron momentum kIdx = 10
The 7-th iteration is completed.	|| time cost : 0h 0m 1.297s
********************************************************************************************************************
Start the 8 rounds of NGS-ED iteration
	effective electronic model is modified as: kinetic energy t = 0.772476
	                                           effective interaction Vq = [      -12.8,  -0.139517,-0.00660465,  -0.139517,  -0.139517,-0.00656659, -0.0398164,-0.00660648,-0.00660465, -0.0398164,   -7.19304, -0.0398164,  -0.139517,-0.00660648, -0.0398164,-0.00656659]
	PARPACK diagonalization completed after 30 matrix-vector product operations.
	iteration results: : total energy is -80.808444 | electron energy -81.534360 + phonon energy 0.725917 | electron momentum kIdx = 10
The 8-th iteration is completed.	|| time cost : 0h 0m 1.293s
********************************************************************************************************************
Start the 9 rounds of NGS-ED iteration
	effective electronic model is modified as: kinetic energy t = 0.772476
	                                           effective interaction Vq = [      -12.8,  -0.139517,-0.00660464,  -0.139517,  -0.139517,-0.00656658, -0.0398163,-0.00660647,-0.00660464, -0.0398163,   -7.19304, -0.0398163,  -0.139517,-0.00660647, -0.0398163,-0.00656658]
	PARPACK diagonalization completed after 30 matrix-vector product operations.
	iteration results: : total energy is -80.808444 | electron energy -81.534360 + phonon energy 0.725916 | electron momentum kIdx = 10
The 9-th iteration is completed.	|| time cost : 0h 0m 1.302s
********************************************************************************************************************
Start the 10 rounds of NGS-ED iteration
	effective electronic model is modified as: kinetic energy t = 0.772476
	                                           effective interaction Vq = [      -12.8,  -0.139517,-0.00660464,  -0.139517,  -0.139517,-0.00656658, -0.0398163,-0.00660647,-0.00660464, -0.0398163,   -7.19304, -0.0398163,  -0.139517,-0.00660647, -0.0398163,-0.00656658]
	PARPACK diagonalization completed after 30 matrix-vector product operations.
	iteration results: : total energy is -80.808444 | electron energy -81.534360 + phonon energy 0.725916 | electron momentum kIdx = 10
The 10-th iteration is completed.	|| time cost : 0h 0m 1.298s
********************************************************************************************************************
Start the 11 rounds of NGS-ED iteration
	effective electronic model is modified as: kinetic energy t = 0.772476
	                                           effective interaction Vq = [      -12.8,  -0.139517,-0.00660464,  -0.139517,  -0.139517,-0.00656658, -0.0398163,-0.00660647,-0.00660464, -0.0398163,   -7.19304, -0.0398163,  -0.139517,-0.00660647, -0.0398163,-0.00656658]
	PARPACK diagonalization completed after 30 matrix-vector product operations.
	iteration results: : total energy is -80.808444 | electron energy -81.534360 + phonon energy 0.725916 | electron momentum kIdx = 10
	Nq(0) = 4,	Nq(1) = 0.00877088,	Nq(2) = 0.0168902,	Nq(3) = 0.00877088,	Nq(4) = 0.00877088,	Nq(5) = 0.0167905,	
	Nq(6) = 0.024312,	Nq(7) = 0.016895,	Nq(8) = 0.0168902,	Nq(9) = 0.024312,	Nq(10) = 3.77854,	
	Nq(11) = 0.024312,	Nq(12) = 0.00877088,	Nq(13) = 0.016895,	Nq(14) = 0.024312,	Nq(15) = 0.0167905;	
	Sq(0) = 1.3966e-19,	Sq(1) = 0.335263,	Sq(2) = 1.00876,	Sq(3) = 0.335263,	Sq(4) = 0.335263,	
	Sq(5) = 0.663023,	Sq(6) = 0.341516,	Sq(7) = 0.953052,	Sq(8) = 1.00876,	Sq(9) = 0.341516,	
	Sq(10) = 0.0311928,	Sq(11) = 0.341516,	Sq(12) = 0.335263,	Sq(13) = 0.953052,	Sq(14) = 0.341516,	
	Sq(15) = 0.663023;	N(0) = 0.848436,	N(1) = 0.623565,	N(2) = 0.467199,	N(3) = 0.623565,	
	N(4) = 0.623565,	N(5) = 0.484124,	N(6) = 0.376438,	N(7) = 0.469926,	N(8) = 0.467199,	
	N(9) = 0.376438,	N(10) = 0.309053,	N(11) = 0.376438,	N(12) = 0.623565,	N(13) = 0.469926,	
	N(14) = 0.376438,	N(15) = 0.484124;	Delta[s](0) = 0.000879956,	Delta[s](1) = 0.000446647,	Delta[s](2) = 0.000223643,	
	Delta[s](3) = 0.000446647,	Delta[s](4) = 0.000446647,	Delta[s](5) = 0.000299887,	Delta[s](6) = 0.000305372,	Delta[s](7) = 0.000241609,	
	Delta[s](8) = 0.000223643,	Delta[s](9) = 0.000305372,	Delta[s](10) = 0.000594411,	Delta[s](11) = 0.000305372,	Delta[s](12) = 0.000446647,	
	Delta[s](13) = 0.000241609,	Delta[s](14) = 0.000305372,	Delta[s](15) = 0.000299887;	Delta[d](0) = 0.00556444,	Delta[d](1) = 0.00403964,	
	Delta[d](2) = 0.00437529,	Delta[d](3) = 0.00403964,	Delta[d](4) = 0.00403964,	Delta[d](5) = 0.00145125,	Delta[d](6) = 0.00106102,	
	Delta[d](7) = 0.00159208,	Delta[d](8) = 0.00437529,	Delta[d](9) = 0.00106102,	Delta[d](10) = 1.16208e-05,	Delta[d](11) = 0.00106102,	
	Delta[d](12) = 0.00403964,	Delta[d](13) = 0.00159208,	Delta[d](14) = 0.00106102,	Delta[d](15) = 0.00145125;	Delta[s+](0) = 0.0216306,	
	Delta[s+](1) = 0.0115394,	Delta[s+](2) = 0.00437529,	Delta[s+](3) = 0.0115394,	Delta[s+](4) = 0.0115394,	Delta[s+](5) = 0.00523692,	
	Delta[s+](6) = 0.00116388,	Delta[s+](7) = 0.00500828,	Delta[s+](8) = 0.00437529,	Delta[s+](9) = 0.00116388,	Delta[s+](10) = 1.00382e-05,	
	Delta[s+](11) = 0.00116388,	Delta[s+](12) = 0.0115394,	Delta[s+](13) = 0.00500828,	Delta[s+](14) = 0.00116388,	Delta[s+](15) = 0.00523692
	
The 11-th iteration is completed.	|| time cost : 0h 0m 3.5s
********************************************************************************************************************
********************************************************************************************************************
Ground state is obtained after 12 iterations. The current ground-state energy is -80.8084, in which electron energy is -81.5344 and phonon energy is 0.725916
Final variational state is: 
	Gamma_x = [      1,1.00608,1.00055,1.00608,1.00608,1.00055,1.00481,1.00055,1.00055,1.00481,16.4573,1.00481,1.00608,1.00055,1.00481,1.00055]
	lambda_q = [         8, 0.0781888, 0.0166502, 0.0781888, 0.0781888, 0.0165535,-0.0401385, 0.0166549, 0.0166502,-0.0401385,  -5.81339,-0.0401385, 0.0781888, 0.0166549,-0.0401385, 0.0165535]
Effective e-e interactions mediated by phonons are:
	momentum-space Vq = [      -12.8,  -0.139517,-0.00660464,  -0.139517,  -0.139517,-0.00656658, -0.0398163,-0.00660647,-0.00660464, -0.0398163,   -7.19304, -0.0398163,  -0.139517,-0.00660647, -0.0398163,-0.00656658]
	real-space Vr = [ -1.29687,-0.362898, -1.24874,-0.362898,-0.362898, -1.24874,-0.337973, -1.24873, -1.24874,-0.337973,  -1.2072,-0.337973,-0.362898, -1.24873,-0.337973, -1.24874]
********************************************************************************************************************
o___o  ----------------------------------------
| L |	Time since last clock: 0h 0m 0.006s
A===A	Time since the beginning: 0h 0m 24.797s
***********************************************


Non-Gaussina ED ground state calculation is completed. The final ground-state energy is -80.8084
********************************************************************************************************************
o___o  ----------------------------------------
| L |	Time since last clock: 0h 0m 0.003s
A===A	Time since the beginning: 0h 0m 24.8s
***********************************************



********************************************************************************************************************
All non-Gaussian ED ground state calculations have been completed. Exit now.
