SNEDics v3.2 diagonalization test program		Start at Tue Apr 30 13:51:03 2019

parallized on 80 MPI threads  * 6 OpenMP threads = 480 total threads.
************************************************************************************
************************************************************************************

Input file "model_params.in"
Hubbard-Holstein model parameters : 	t = 1    U = 2    g = 2    W = 1    
************************************************************************************
Input file "hilbertspace_params.in"

Cluster Positions:				Cluster symmetry group : D4
 x ... x ... x ... x .....                       x ... x ... x ... x .....
 |           |           :                       |           |           :
 |           |           :                       |           |           :
12    13    14    15     x                       1     5     6     5     x
 |           |           :                       |           |           :
 |           |           :                       |           |           :
 8 --- 9 ---10 ---11 --- x                       2 --- 6 ---10 --- 6 --- x
 |           |           :                       |           |           :
 |           |           :                       |           |           :
 4     5     6     7     x                       1     5     6     5     x
 |           |           :                       |           |           :
 |           |           :                       |           |           :
 0 --- 1 --- 2 --- 3 --- x                       0 --- 1 --- 2 --- 1 --- x
orbital number : 1
************************************************************************************
** NOTE ** Detected low phonon energy W < 10. The initial state will be prepared through a warm-up process.
starting warm-up calculation for scaling factor 16
0 rounds of non-Gaussian ED iteration : ground-state energy is -18.0176 | electron energy -18.0176 + phonon energy 0 | electron momentum kIdx = 0
Nq = 	16	0.245211	0.311045	0.245211	0.245211	0.311045	0.446617	0.311045	0.311045	0.446617	0.513491	0.446617	0.245211	0.311045	0.446617	0.311045
Sq = 	1.62176e-18	0.413058	0.598296	0.413058	0.413058	0.598296	0.72336	0.598296	0.598296	0.72336	2.71747	0.72336	0.413058	0.598296	0.72336	0.598296
1 rounds of non-Gaussian ED iteration : ground-state energy is -112.667 | electron energy -112.682 + phonon energy 0.0152017 | electron momentum kIdx = 0
Nq = 	16	0.571577	0.78553	0.571577	0.571577	0.78553	1.01915	0.78553	0.78553	1.01915	2.32687	1.01915	0.571577	0.78553	1.01915	0.78553
Sq = 	-1.4123e-18	0.102736	0.166829	0.102736	0.102736	0.166829	0.226232	0.166829	0.166829	0.226232	0.280206	0.226232	0.102736	0.166829	0.226232	0.166829
2 rounds of non-Gaussian ED iteration : ground-state energy is -118.756 | electron energy -118.791 + phonon energy 0.0351828 | electron momentum kIdx = 0
Nq = 	16	0.382933	0.577023	0.382933	0.382933	0.577023	0.822376	0.577023	0.577023	0.822376	5.71672	0.822376	0.382933	0.577023	0.822376	0.577023
Sq = 	1.23626e-18	0.0749187	0.128549	0.0749187	0.0749187	0.128549	0.17676	0.128549	0.128549	0.17676	0.2219	0.17676	0.0749187	0.128549	0.17676	0.128549
3 rounds of non-Gaussian ED iteration : ground-state energy is -119.046 | electron energy -119.083 + phonon energy 0.0365144 | electron momentum kIdx = 0
Nq = 	16	0.322771	0.495152	0.322771	0.322771	0.495152	0.718719	0.495152	0.495152	0.718719	6.93712	0.718719	0.322771	0.495152	0.718719	0.495152
Sq = 	1.5373e-18	0.071711	0.123767	0.071711	0.071711	0.123767	0.17055	0.123767	0.123767	0.17055	0.214361	0.17055	0.071711	0.123767	0.17055	0.123767
4 rounds of non-Gaussian ED iteration : ground-state energy is -119.061 | electron energy -119.097 + phonon energy 0.0360965 | electron momentum kIdx = 0
Nq = 	16	0.301548	0.46435	0.301548	0.301549	0.46435	0.676718	0.46435	0.46435	0.676718	7.37932	0.676718	0.301549	0.46435	0.676718	0.46435
Sq = 	1.27456e-18	0.0715361	0.123474	0.0715361	0.0715361	0.123474	0.170167	0.123474	0.123474	0.170167	0.213858	0.170167	0.0715361	0.123474	0.170167	0.123474
5 rounds of non-Gaussian ED iteration : ground-state energy is -119.063 | electron energy -119.099 + phonon energy 0.0356872 | electron momentum kIdx = 0
Nq = 	16	0.287247	0.443428	0.287247	0.287247	0.443428	0.647442	0.443428	0.443428	0.647442	7.67782	0.647442	0.287247	0.443428	0.647442	0.443428
Sq = 	-1.23403e-18	0.0716113	0.123559	0.0716113	0.0716113	0.123559	0.170276	0.123559	0.123559	0.170276	0.213956	0.170276	0.0716113	0.123559	0.170276	0.123559
6 rounds of non-Gaussian ED iteration : ground-state energy is -119.065 | electron energy -119.1 + phonon energy 0.0353081 | electron momentum kIdx = 0
Nq = 	16	0.276125	0.427221	0.276125	0.276125	0.427221	0.624549	0.427221	0.427221	0.624549	7.90967	0.624549	0.276125	0.427221	0.624549	0.427221
Sq = 	-5.26491e-19	0.0716888	0.123651	0.0716888	0.0716888	0.123651	0.170395	0.123651	0.123651	0.170395	0.21407	0.170395	0.0716888	0.123651	0.170395	0.123651
Ground state is obtained after 7 iterations. The current ground-state energy is -119.065, in which electron energy is -119.1 and phonon energy is 0.034975
final variational state is: 
Gamma_x =       1 1.01073 1.02039 1.01073 1.01073 1.02039 1.03033 1.02039 1.02039 1.03033 1.04883 1.03033 1.01073 1.02039 1.03033 1.02039
lambda_q = 0.499993 0.458257 0.447728 0.458257 0.458257 0.447728 0.446952 0.447728 0.447728 0.446952  0.49384 0.446952 0.458257 0.447728 0.446952 0.447728
o___o  -------------------------------------
| L |	Time since last clock: 0h 38m 25.502s
A===A	Time since the beginning: 0h 38m 25.502s
********************************************

************************************************************************************
starting warm-up calculation for scaling factor 8
0 rounds of non-Gaussian ED iteration : ground-state energy is -108 | electron energy -108.017 + phonon energy 0.0174875 | electron momentum kIdx = 0
Nq = 	16	0.136296	0.226403	0.136296	0.136296	0.226403	0.332696	0.226403	0.226403	0.332696	10.6286	0.332696	0.136296	0.226403	0.332696	0.226403
Sq = 	8.15573e-19	0.0810184	0.137135	0.0810184	0.0810184	0.137135	0.188593	0.137135	0.137135	0.188593	0.235762	0.188593	0.0810184	0.137135	0.188593	0.137135
1 rounds of non-Gaussian ED iteration : ground-state energy is -115.606 | electron energy -115.679 + phonon energy 0.072124 | electron momentum kIdx = 0
Nq = 	16	0.0758721	0.13855	0.0758721	0.0758721	0.13855	0.202402	0.13855	0.13855	0.202402	12.4615	0.202402	0.0758721	0.13855	0.202402	0.13855
Sq = 	9.57802e-19	0.0572845	0.102146	0.0572845	0.0572845	0.102146	0.142837	0.102146	0.102146	0.142837	0.180784	0.142837	0.0572845	0.102146	0.142837	0.102146
2 rounds of non-Gaussian ED iteration : ground-state energy is -117.203 | electron energy -117.277 + phonon energy 0.0745044 | electron momentum kIdx = 0
Nq = 	16	0.0607255	0.113336	0.0607255	0.0607256	0.113336	0.165578	0.113336	0.113336	0.165578	12.9603	0.165578	0.0607256	0.113336	0.165578	0.113336
Sq = 	-6.06316e-19	0.0513144	0.0930144	0.0513144	0.0513144	0.0930144	0.131069	0.0930144	0.0930144	0.131069	0.166804	0.131069	0.0513144	0.0930144	0.131069	0.0930144
3 rounds of non-Gaussian ED iteration : ground-state energy is -117.537 | electron energy -117.606 + phonon energy 0.0685479 | electron momentum kIdx = 0
Nq = 	16	0.0548009	0.103027	0.0548009	0.0548009	0.103027	0.150448	0.103027	0.103027	0.150448	13.1682	0.150448	0.0548009	0.103027	0.150448	0.103027
Sq = 	1.64209e-18	0.048669	0.0889465	0.048669	0.048669	0.0889465	0.125893	0.0889465	0.0889465	0.125893	0.160747	0.125893	0.048669	0.0889465	0.125893	0.0889465
4 rounds of non-Gaussian ED iteration : ground-state energy is -117.607 | electron energy -117.671 + phonon energy 0.0639183 | electron momentum kIdx = 0
Nq = 	16	0.0520405	0.0981312	0.0520405	0.0520405	0.0981312	0.143238	0.0981312	0.0981312	0.143238	13.2711	0.143238	0.0520405	0.0981312	0.143238	0.0981312
Sq = 	-1.30131e-18	0.047245	0.0867282	0.047245	0.047245	0.0867282	0.123059	0.0867282	0.0867282	0.123059	0.157426	0.123059	0.047245	0.0867282	0.123059	0.0867282
5 rounds of non-Gaussian ED iteration : ground-state energy is -117.622 | electron energy -117.683 + phonon energy 0.061091 | electron momentum kIdx = 0
Nq = 	16	0.0506942	0.0957222	0.0506942	0.0506942	0.0957222	0.139686	0.0957222	0.0957222	0.139686	13.3232	0.139686	0.0506942	0.0957222	0.139686	0.0957222
Sq = 	6.40004e-19	0.04649	0.0855402	0.04649	0.04649	0.0855402	0.121534	0.0855402	0.0855402	0.121534	0.155631	0.121534	0.04649	0.0855402	0.121534	0.0855402
6 rounds of non-Gaussian ED iteration : ground-state energy is -117.625 | electron energy -117.685 + phonon energy 0.059497 | electron momentum kIdx = 0
Nq = 	16	0.0500308	0.0945302	0.0500308	0.0500308	0.0945302	0.137927	0.0945302	0.0945302	0.137927	13.3493	0.137927	0.0500308	0.0945302	0.137927	0.0945302
Sq = 	2.47024e-19	0.0461021	0.0849265	0.0461021	0.0461021	0.0849265	0.120744	0.0849265	0.0849265	0.120744	0.154699	0.120744	0.0461021	0.0849265	0.120744	0.0849265
Ground state is obtained after 7 iterations. The current ground-state energy is -117.626, in which electron energy is -117.684 and phonon energy is 0.0586366
final variational state is: 
Gamma_x =       1 1.01268 1.02416 1.01268 1.01268 1.02416 1.03548 1.02416 1.02416 1.03548  1.1534 1.03548 1.01268 1.02416 1.03548 1.02416
lambda_q = 0.706341 0.386351  0.37826 0.386351 0.386351  0.37826 0.375336  0.37826  0.37826 0.375336 0.699051 0.375336 0.386351  0.37826 0.375336  0.37826
o___o  -------------------------------------
| L |	Time since last clock: 0h 37m 47.301s
A===A	Time since the beginning: 1h 16m 12.804s
********************************************

************************************************************************************
starting warm-up calculation for scaling factor 4
0 rounds of non-Gaussian ED iteration : ground-state energy is -106.422 | electron energy -106.451 + phonon energy 0.0293183 | electron momentum kIdx = 0
Nq = 	16	0.0488414	0.0918869	0.0488414	0.0488414	0.0918869	0.13342	0.0918869	0.0918869	0.13342	13.3549	0.13342	0.0488414	0.0918869	0.13342	0.0918869
Sq = 	2.55317e-19	0.0469576	0.0868555	0.0469576	0.0469576	0.0868555	0.124042	0.0868555	0.0868555	0.124042	0.159602	0.124042	0.0469576	0.0868555	0.124042	0.0868555
1 rounds of non-Gaussian ED iteration : ground-state energy is -112.266 | electron energy -112.345 + phonon energy 0.0785527 | electron momentum kIdx = 0
Nq = 	16	0.038435	0.0733386	0.038435	0.038435	0.0733386	0.106883	0.0733386	0.0733386	0.106883	13.8659	0.106883	0.038435	0.0733386	0.106883	0.0733386
Sq = 	-1.1468e-19	0.0374971	0.0706602	0.0374971	0.0374971	0.0706602	0.101786	0.0706602	0.0706602	0.101786	0.131686	0.101786	0.0374971	0.0706602	0.101786	0.0706602
2 rounds of non-Gaussian ED iteration : ground-state energy is -114.793 | electron energy -114.901 + phonon energy 0.107684 | electron momentum kIdx = 0
Nq = 	16	0.0341398	0.0654789	0.0341398	0.0341398	0.0654789	0.0955767	0.0654789	0.0654789	0.0955767	14.0834	0.0955767	0.0341398	0.0654789	0.0955767	0.0654789
Sq = 	-2.83044e-19	0.0335498	0.0637211	0.0335498	0.0335498	0.0637211	0.0921792	0.0637211	0.0637211	0.0921792	0.11959	0.0921792	0.0335498	0.0637211	0.0921792	0.0637211
3 rounds of non-Gaussian ED iteration : ground-state energy is -115.834 | electron energy -115.958 + phonon energy 0.123986 | electron momentum kIdx = 0
Nq = 	16	0.0322249	0.0619368	0.0322249	0.0322249	0.0619368	0.0904654	0.0619368	0.0619368	0.0904654	14.1819	0.0904654	0.0322249	0.0619368	0.0904654	0.0619368
Sq = 	-5.98529e-20	0.0317757	0.0605668	0.0317757	0.0317757	0.0605668	0.0877947	0.0605668	0.0605668	0.0877947	0.114059	0.0877947	0.0317757	0.0605668	0.0877947	0.0605668
4 rounds of non-Gaussian ED iteration : ground-state energy is -116.257 | electron energy -116.39 + phonon energy 0.133722 | electron momentum kIdx = 0
Nq = 	16	0.0313293	0.0602721	0.0313293	0.0313293	0.0602721	0.0880588	0.0602721	0.0602721	0.0880588	14.2283	0.0880588	0.0313293	0.0602721	0.0880588	0.0602721
Sq = 	-2.21011e-20	0.0309421	0.0590772	0.0309421	0.0309421	0.0590772	0.0857201	0.0590772	0.0590772	0.0857201	0.11144	0.0857201	0.0309421	0.0590772	0.0857201	0.0590772
5 rounds of non-Gaussian ED iteration : ground-state energy is -116.429 | electron energy -116.569 + phonon energy 0.139724 | electron momentum kIdx = 0
Nq = 	16	0.0308969	0.0594666	0.0308969	0.0308969	0.0594666	0.0868927	0.0594666	0.0594666	0.0868927	14.2507	0.0868927	0.0308969	0.0594666	0.0868927	0.0594666
Sq = 	2.69063e-19	0.0305387	0.0583544	0.0305387	0.0305387	0.0583544	0.0847126	0.0583544	0.0583544	0.0847126	0.110167	0.0847126	0.0305387	0.0583544	0.0847126	0.0583544
6 rounds of non-Gaussian ED iteration : ground-state energy is -116.501 | electron energy -116.644 + phonon energy 0.14341 | electron momentum kIdx = 0
Nq = 	16	0.0306825	0.0590666	0.0306825	0.0306825	0.0590666	0.0863131	0.0590666	0.0590666	0.0863131	14.2619	0.0863131	0.0306825	0.0590666	0.0863131	0.0590666
Sq = 	2.24026e-19	0.0303382	0.0579948	0.0303382	0.0303382	0.0579948	0.0842112	0.0579948	0.0579948	0.0842112	0.109533	0.0842112	0.0303382	0.0579948	0.0842112	0.0579948
7 rounds of non-Gaussian ED iteration : ground-state energy is -116.531 | electron energy -116.677 + phonon energy 0.145638 | electron momentum kIdx = 0
Nq = 	16	0.0305735	0.0588631	0.0305735	0.0305735	0.0588631	0.0860181	0.0588631	0.0588631	0.0860181	14.2676	0.0860181	0.0305735	0.0588631	0.0860181	0.0588631
Sq = 	6.03589e-19	0.0302361	0.0578117	0.0302361	0.0302361	0.0578117	0.0839557	0.0578117	0.0578117	0.0839557	0.10921	0.0839557	0.0302361	0.0578117	0.0839557	0.0578117
8 rounds of non-Gaussian ED iteration : ground-state energy is -116.544 | electron energy -116.691 + phonon energy 0.146961 | electron momentum kIdx = 0
Nq = 	16	0.0305169	0.0587575	0.0305169	0.0305169	0.0587575	0.0858648	0.0587575	0.0587575	0.0858648	14.2706	0.0858648	0.0305169	0.0587575	0.0858648	0.0587575
Sq = 	4.052e-19	0.030183	0.0577164	0.030183	0.030183	0.0577164	0.0838228	0.0577164	0.0577164	0.0838228	0.109042	0.0838228	0.030183	0.0577164	0.0838228	0.0577164
9 rounds of non-Gaussian ED iteration : ground-state energy is -116.549 | electron energy -116.697 + phonon energy 0.147736 | electron momentum kIdx = 0
Nq = 	16	0.030487	0.0587016	0.030487	0.030487	0.0587016	0.0857837	0.0587016	0.0587016	0.0857837	14.2721	0.0857837	0.030487	0.0587016	0.0857837	0.0587016
Sq = 	-1.18667e-19	0.030155	0.0576659	0.030155	0.030155	0.0576659	0.0837524	0.0576659	0.0576659	0.0837524	0.108954	0.0837524	0.030155	0.0576659	0.0837524	0.0576659
10 rounds of non-Gaussian ED iteration : ground-state energy is -116.552 | electron energy -116.7 + phonon energy 0.148186 | electron momentum kIdx = 0
Nq = 	16	0.030471	0.0586717	0.030471	0.030471	0.0586717	0.0857404	0.0586717	0.0586717	0.0857404	14.273	0.0857404	0.030471	0.0586717	0.0857404	0.0586717
Sq = 	1.76024e-19	0.0301399	0.0576389	0.0301399	0.0301399	0.0576389	0.0837147	0.0576389	0.0576389	0.0837147	0.108906	0.0837147	0.0301399	0.0576389	0.0837147	0.0576389
11 rounds of non-Gaussian ED iteration : ground-state energy is -116.553 | electron energy -116.701 + phonon energy 0.148444 | electron momentum kIdx = 0
Nq = 	16	0.0304623	0.0586556	0.0304623	0.0304623	0.0586556	0.0857169	0.0586556	0.0586556	0.0857169	14.2734	0.0857169	0.0304623	0.0586556	0.0857169	0.0586556
Sq = 	-5.08234e-20	0.0301318	0.0576243	0.0301318	0.0301318	0.0576243	0.0836942	0.0576243	0.0576243	0.0836942	0.10888	0.0836942	0.0301318	0.0576243	0.0836942	0.0576243
Ground state is obtained after 12 iterations. The current ground-state energy is -116.553, in which electron energy is -116.702 and phonon energy is 0.148592
final variational state is: 
Gamma_x =       1 1.01299  1.0249 1.01299 1.01299  1.0249 1.03637  1.0249  1.0249 1.03637 1.44912 1.03637 1.01299  1.0249 1.03637  1.0249
lambda_q = 0.997583 0.303768 0.298242 0.303768 0.303768 0.298242 0.295121 0.298242 0.298242 0.295121 0.986156 0.295121 0.303768 0.298242 0.295121 0.298242
o___o  -------------------------------------
| L |	Time since last clock: 1h 2m 10.141s
A===A	Time since the beginning: 2h 18m 22.945s
********************************************

************************************************************************************
starting warm-up calculation for scaling factor 2
0 rounds of non-Gaussian ED iteration : ground-state energy is -105.439 | electron energy -105.513 + phonon energy 0.0742961 | electron momentum kIdx = 0
Nq = 	16	0.0332061	0.0635179	0.0332061	0.0332061	0.0635179	0.0924621	0.0635179	0.0635179	0.0924621	14.1222	0.0924621	0.0332061	0.0635179	0.0924621	0.0635179
Sq = 	-2.04003e-19	0.0330253	0.0629502	0.0330253	0.0330253	0.0629502	0.0913528	0.0629502	0.0629502	0.0913528	0.118856	0.0913528	0.0330253	0.0629502	0.0913528	0.0629502
1 rounds of non-Gaussian ED iteration : ground-state energy is -109.469 | electron energy -109.612 + phonon energy 0.143281 | electron momentum kIdx = 0
Nq = 	16	0.0285512	0.0549646	0.0285512	0.0285512	0.0549646	0.0802377	0.0549646	0.0549646	0.0802377	14.3704	0.0802377	0.0285512	0.0549646	0.0802377	0.0549646
Sq = 	-2.07198e-19	0.0284612	0.0546807	0.0284612	0.0284612	0.0546807	0.0796855	0.0546807	0.0546807	0.0796855	0.103945	0.0796855	0.0284612	0.0546807	0.0796855	0.0546807
2 rounds of non-Gaussian ED iteration : ground-state energy is -112 | electron energy -112.199 + phonon energy 0.198312 | electron momentum kIdx = 0
Nq = 	16	0.0259965	0.0502217	0.0259965	0.0259965	0.0502217	0.0734425	0.0502217	0.0502217	0.0734425	14.5088	0.0734425	0.0259965	0.0502217	0.0734425	0.0502217
Sq = 	-1.52845e-19	0.0259446	0.0500564	0.0259446	0.0259446	0.0500564	0.0731206	0.0500564	0.0500564	0.0731206	0.0955236	0.0731206	0.0259446	0.0500564	0.0731206	0.0500564
3 rounds of non-Gaussian ED iteration : ground-state energy is -113.514 | electron energy -113.753 + phonon energy 0.239206 | electron momentum kIdx = 0
Nq = 	16	0.0246222	0.0476557	0.0246222	0.0246222	0.0476557	0.0697592	0.0476557	0.0476557	0.0697592	14.5838	0.0697592	0.0246222	0.0476557	0.0697592	0.0476557
Sq = 	-2.40348e-19	0.0245874	0.047544	0.0245874	0.0245874	0.047544	0.0695412	0.047544	0.047544	0.0695412	0.0909232	0.0695412	0.0245874	0.047544	0.0695412	0.047544
4 rounds of non-Gaussian ED iteration : ground-state energy is -114.405 | electron energy -114.674 + phonon energy 0.268931 | electron momentum kIdx = 0
Nq = 	16	0.023887	0.0462787	0.023887	0.023887	0.0462787	0.0677801	0.0462787	0.0462787	0.0677801	14.6242	0.0677801	0.023887	0.0462787	0.0677801	0.0462787
Sq = 	3.40933e-19	0.0238602	0.0461927	0.0238602	0.0238602	0.0461927	0.0676125	0.0461927	0.0461927	0.0676125	0.0884417	0.0676125	0.0238602	0.0461927	0.0676125	0.0461927
5 rounds of non-Gaussian ED iteration : ground-state energy is -114.933 | electron energy -115.223 + phonon energy 0.290267 | electron momentum kIdx = 0
Nq = 	16	0.0234921	0.0455378	0.0234921	0.0234921	0.0455378	0.0667143	0.0455378	0.0455378	0.0667143	14.6459	0.0667143	0.0234921	0.0455378	0.0667143	0.0455378
Sq = 	-2.83475e-19	0.0234693	0.0454648	0.0234693	0.0234693	0.0454648	0.0665725	0.0454648	0.0454648	0.0665725	0.0871029	0.0665725	0.0234693	0.0454648	0.0665725	0.0454648
6 rounds of non-Gaussian ED iteration : ground-state energy is -115.252 | electron energy -115.557 + phonon energy 0.305373 | electron momentum kIdx = 0
Nq = 	16	0.0232773	0.0451344	0.0232773	0.0232773	0.0451344	0.0661337	0.0451344	0.0451344	0.0661337	14.6577	0.0661337	0.0232773	0.0451344	0.0661337	0.0451344
Sq = 	3.90397e-19	0.0232566	0.0450682	0.0232566	0.0232566	0.0450682	0.0660057	0.0450682	0.0450682	0.0660057	0.0863729	0.0660057	0.0232566	0.0450682	0.0660057	0.0450682
7 rounds of non-Gaussian ED iteration : ground-state energy is -115.449 | electron energy -115.765 + phonon energy 0.315905 | electron momentum kIdx = 0
Nq = 	16	0.0231581	0.0449105	0.0231581	0.0231581	0.0449105	0.0658112	0.0449105	0.0449105	0.0658112	14.6643	0.0658112	0.0231581	0.0449105	0.0658112	0.0449105
Sq = 	-6.16975e-19	0.0231385	0.044848	0.0231385	0.0231385	0.044848	0.0656908	0.044848	0.044848	0.0656908	0.0859674	0.0656908	0.0231385	0.044848	0.0656908	0.044848
8 rounds of non-Gaussian ED iteration : ground-state energy is -115.574 | electron energy -115.897 + phonon energy 0.323133 | electron momentum kIdx = 0
Nq = 	16	0.0230903	0.0447831	0.0230903	0.0230903	0.0447831	0.0656276	0.0447831	0.0447831	0.0656276	14.668	0.0656276	0.0230903	0.0447831	0.0656276	0.0447831
Sq = 	1.77565e-19	0.0230713	0.0447227	0.0230713	0.0230713	0.0447227	0.0655116	0.0447227	0.0447227	0.0655116	0.0857367	0.0655116	0.0230713	0.0447227	0.0655116	0.0447227
9 rounds of non-Gaussian ED iteration : ground-state energy is -115.654 | electron energy -115.982 + phonon energy 0.328024 | electron momentum kIdx = 0
Nq = 	16	0.0230507	0.0447087	0.0230507	0.0230507	0.0447087	0.0655203	0.0447087	0.0447087	0.0655203	14.6702	0.0655203	0.0230507	0.0447087	0.0655203	0.0447087
Sq = 	-6.20513e-19	0.0230321	0.0446495	0.0230321	0.0230321	0.0446495	0.0654069	0.0446495	0.0446495	0.0654069	0.0856019	0.0654069	0.0230321	0.0446495	0.0654069	0.0446495
10 rounds of non-Gaussian ED iteration : ground-state energy is -115.707 | electron energy -116.038 + phonon energy 0.331293 | electron momentum kIdx = 0
Nq = 	16	0.023027	0.0446641	0.023027	0.023027	0.0446641	0.065456	0.0446641	0.0446641	0.065456	14.6715	0.065456	0.023027	0.0446641	0.065456	0.0446641
Sq = 	5.5253e-19	0.0230086	0.0446056	0.0230086	0.0230086	0.0446056	0.0653442	0.0446056	0.0446056	0.0653442	0.0855211	0.0653442	0.0230086	0.0446056	0.0653442	0.0446056
11 rounds of non-Gaussian ED iteration : ground-state energy is -115.741 | electron energy -116.075 + phonon energy 0.333457 | electron momentum kIdx = 0
Nq = 	16	0.0230125	0.0446367	0.0230125	0.0230125	0.0446367	0.0654165	0.0446367	0.0446367	0.0654165	14.6723	0.0654165	0.0230125	0.0446367	0.0654165	0.0446367
Sq = 	-1.35521e-19	0.0229942	0.0445787	0.0229942	0.0229942	0.0445787	0.0653058	0.0445787	0.0445787	0.0653058	0.0854716	0.0653058	0.0229942	0.0445787	0.0653058	0.0445787
12 rounds of non-Gaussian ED iteration : ground-state energy is -115.764 | electron energy -116.099 + phonon energy 0.334878 | electron momentum kIdx = 0
Nq = 	16	0.0230034	0.0446196	0.0230034	0.0230034	0.0446196	0.0653918	0.0446196	0.0446196	0.0653918	14.6728	0.0653918	0.0230034	0.0446196	0.0653918	0.0446196
Sq = 	1.2214e-19	0.0229852	0.044562	0.0229852	0.0229852	0.044562	0.0652818	0.044562	0.044562	0.0652818	0.0854407	0.0652818	0.0229852	0.044562	0.0652818	0.044562
13 rounds of non-Gaussian ED iteration : ground-state energy is -115.779 | electron energy -116.115 + phonon energy 0.335805 | electron momentum kIdx = 0
Nq = 	16	0.0229977	0.0446088	0.0229977	0.0229977	0.0446088	0.0653762	0.0446088	0.0446088	0.0653762	14.6731	0.0653762	0.0229977	0.0446088	0.0653762	0.0446088
Sq = 	-1.10502e-19	0.0229795	0.0445513	0.0229795	0.0229795	0.0445513	0.0652665	0.0445513	0.0445513	0.0652665	0.0854211	0.0652665	0.0229795	0.0445513	0.0652665	0.0445513
14 rounds of non-Gaussian ED iteration : ground-state energy is -115.789 | electron energy -116.126 + phonon energy 0.336407 | electron momentum kIdx = 0
Nq = 	16	0.022994	0.0446019	0.022994	0.022994	0.0446019	0.0653661	0.0446019	0.0446019	0.0653661	14.6733	0.0653661	0.022994	0.0446019	0.0653661	0.0446019
Sq = 	4.76464e-19	0.0229758	0.0445445	0.0229758	0.0229758	0.0445445	0.0652568	0.0445445	0.0445445	0.0652568	0.0854086	0.0652568	0.0229758	0.0445445	0.0652568	0.0445445
15 rounds of non-Gaussian ED iteration : ground-state energy is -115.796 | electron energy -116.133 + phonon energy 0.336797 | electron momentum kIdx = 0
Nq = 	16	0.0229916	0.0445974	0.0229916	0.0229916	0.0445974	0.0653596	0.0445974	0.0445974	0.0653596	14.6735	0.0653596	0.0229916	0.0445974	0.0653596	0.0445974
Sq = 	6.859e-20	0.0229735	0.0445401	0.0229735	0.0229735	0.0445401	0.0652505	0.0445401	0.0445401	0.0652505	0.0854005	0.0652505	0.0229735	0.0445401	0.0652505	0.0445401
16 rounds of non-Gaussian ED iteration : ground-state energy is -115.801 | electron energy -116.138 + phonon energy 0.337048 | electron momentum kIdx = 0
Nq = 	16	0.02299	0.0445944	0.02299	0.02299	0.0445944	0.0653554	0.0445944	0.0445944	0.0653554	14.6736	0.0653554	0.02299	0.0445944	0.0653554	0.0445944
Sq = 	1.56914e-19	0.0229719	0.0445372	0.0229719	0.0229719	0.0445372	0.0652464	0.0445372	0.0445372	0.0652464	0.0853952	0.0652464	0.0229719	0.0445372	0.0652464	0.0445372
17 rounds of non-Gaussian ED iteration : ground-state energy is -115.804 | electron energy -116.141 + phonon energy 0.33721 | electron momentum kIdx = 0
Nq = 	16	0.022989	0.0445925	0.022989	0.022989	0.0445925	0.0653526	0.0445925	0.0445925	0.0653526	14.6736	0.0653526	0.022989	0.0445925	0.0653526	0.0445925
Sq = 	3.81088e-19	0.0229709	0.0445353	0.0229709	0.0229709	0.0445353	0.0652437	0.0445353	0.0445353	0.0652437	0.0853918	0.0652437	0.0229709	0.0445353	0.0652437	0.0445353
18 rounds of non-Gaussian ED iteration : ground-state energy is -115.806 | electron energy -116.143 + phonon energy 0.337314 | electron momentum kIdx = 0
Nq = 	16	0.0229884	0.0445913	0.0229884	0.0229884	0.0445913	0.0653508	0.0445913	0.0445913	0.0653508	14.6737	0.0653508	0.0229884	0.0445913	0.0653508	0.0445913
Sq = 	-2.89054e-19	0.0229702	0.0445341	0.0229702	0.0229702	0.0445341	0.0652419	0.0445341	0.0445341	0.0652419	0.0853895	0.0652419	0.0229702	0.0445341	0.0652419	0.0445341
19 rounds of non-Gaussian ED iteration : ground-state energy is -115.807 | electron energy -116.145 + phonon energy 0.33738 | electron momentum kIdx = 0
Nq = 	16	0.0229879	0.0445904	0.0229879	0.0229879	0.0445904	0.0653496	0.0445904	0.0445904	0.0653496	14.6737	0.0653496	0.0229879	0.0445904	0.0653496	0.0445904
Sq = 	-2.50569e-19	0.0229698	0.0445333	0.0229698	0.0229698	0.0445333	0.0652408	0.0445333	0.0445333	0.0652408	0.085388	0.0652408	0.0229698	0.0445333	0.0652408	0.0445333
Ground state is obtained after 20 iterations. The current ground-state energy is -115.808, in which electron energy is -116.146 and phonon energy is 0.337423
final variational state is: 
Gamma_x =       1 1.01219 1.02346 1.01219 1.01219 1.02346 1.03425 1.02346 1.02346 1.03425 2.21503 1.03425 1.01219 1.02346 1.03425 1.02346
lambda_q =  1.40658  0.22057 0.216961  0.22057  0.22057 0.216961 0.214632 0.216961 0.216961 0.214632  1.39254 0.214632  0.22057 0.216961 0.214632 0.216961
o___o  -------------------------------------
| L |	Time since last clock: 1h 41m 12.077s
A===A	Time since the beginning: 3h 59m 35.023s
********************************************

************************************************************************************
Warm up completed
o___o  -------------------------------------
| L |	Time since last clock: 0h 0m 0.027s
A===A	Time since the beginning: 3h 59m 35.051s
********************************************

************************************************************************************
0 rounds of non-Gaussian ED iteration : ground-state energy is -104.772 | electron energy -104.94 + phonon energy 0.168712 | electron momentum kIdx = 0
Nq = 	16	0.0266399	0.0513318	0.0266399	0.0266399	0.0513318	0.0749334	0.0513318	0.0513318	0.0749334	14.4715	0.0749334	0.0266399	0.0513318	0.0749334	0.0513318
Sq = 	-5.37243e-19	0.0266672	0.0514364	0.0266672	0.0266672	0.0514364	0.0751597	0.0514364	0.0514364	0.0751597	0.0982409	0.0751597	0.0266672	0.0514364	0.0751597	0.0514364
1 rounds of non-Gaussian ED iteration : ground-state energy is -107.658 | electron energy -107.916 + phonon energy 0.25765 | electron momentum kIdx = 0
Nq = 	16	0.0240885	0.0465886	0.0240885	0.0240885	0.0465886	0.068144	0.0465886	0.0465886	0.068144	14.6116	0.068144	0.0240885	0.0465886	0.068144	0.0465886
Sq = 	4.98381e-20	0.0241209	0.0467134	0.0241209	0.0241209	0.0467134	0.0684137	0.0467134	0.0467134	0.0684137	0.0895482	0.0684137	0.0241209	0.0467134	0.0684137	0.0467134
2 rounds of non-Gaussian ED iteration : ground-state energy is -109.79 | electron energy -110.121 + phonon energy 0.331308 | electron momentum kIdx = 0
Nq = 	16	0.0224152	0.0434604	0.0224152	0.0224152	0.0434604	0.0636597	0.0434604	0.0434604	0.0636597	14.7042	0.0636597	0.0224152	0.0434604	0.0636597	0.0434604
Sq = 	-4.59557e-19	0.0224476	0.0435847	0.0224476	0.0224476	0.0435847	0.0639269	0.0435847	0.0435847	0.0639269	0.0837524	0.0639269	0.0224476	0.0435847	0.0639269	0.0435847
3 rounds of non-Gaussian ED iteration : ground-state energy is -111.281 | electron energy -111.671 + phonon energy 0.389315 | electron momentum kIdx = 0
Nq = 	16	0.021383	0.041523	0.021383	0.021383	0.041523	0.0608778	0.041523	0.041523	0.0608778	14.7616	0.0608778	0.021383	0.041523	0.0608778	0.041523
Sq = 	-4.5608e-19	0.0214147	0.0416438	0.0214147	0.0214147	0.0416438	0.0611368	0.0416438	0.0416438	0.0611368	0.0801435	0.0611368	0.0214147	0.0416438	0.0611368	0.0416438
4 rounds of non-Gaussian ED iteration : ground-state energy is -112.304 | electron energy -112.737 + phonon energy 0.433858 | electron momentum kIdx = 0
Nq = 	16	0.0207678	0.0403655	0.0207678	0.0207678	0.0403655	0.0592138	0.0403655	0.0403655	0.0592138	14.7959	0.0592138	0.0207678	0.0403655	0.0592138	0.0403655
Sq = 	-6.42982e-19	0.0207988	0.0404835	0.0207988	0.0207988	0.0404835	0.0594664	0.0404835	0.0404835	0.0594664	0.0779813	0.0594664	0.0207988	0.0404835	0.0594664	0.0404835
5 rounds of non-Gaussian ED iteration : ground-state energy is -113.011 | electron energy -113.478 + phonon energy 0.46751 | electron momentum kIdx = 0
Nq = 	16	0.0204085	0.0396882	0.0204085	0.0204085	0.0396882	0.0582394	0.0396882	0.0396882	0.0582394	14.816	0.0582394	0.0204085	0.0396882	0.0582394	0.0396882
Sq = 	1.51716e-19	0.020439	0.0398044	0.020439	0.020439	0.0398044	0.0584881	0.0398044	0.0398044	0.0584881	0.0767143	0.0584881	0.020439	0.0398044	0.0584881	0.0398044
6 rounds of non-Gaussian ED iteration : ground-state energy is -113.514 | electron energy -114.007 + phonon energy 0.492576 | electron momentum kIdx = 0
Nq = 	16	0.0202005	0.0392958	0.0202005	0.0202005	0.0392958	0.0576746	0.0392958	0.0392958	0.0576746	14.8277	0.0576746	0.0202005	0.0392958	0.0576746	0.0392958
Sq = 	-1.45631e-19	0.0202308	0.039411	0.0202308	0.0202308	0.039411	0.057921	0.039411	0.039411	0.057921	0.0759797	0.057921	0.0202308	0.039411	0.057921	0.039411
7 rounds of non-Gaussian ED iteration : ground-state energy is -113.885 | electron energy -114.396 + phonon energy 0.510988 | electron momentum kIdx = 0
Nq = 	16	0.0200801	0.0390686	0.0200801	0.0200801	0.0390686	0.0573474	0.0390686	0.0390686	0.0573474	14.8344	0.0573474	0.0200801	0.0390686	0.0573474	0.0390686
Sq = 	2.53003e-20	0.0201102	0.0391832	0.0201102	0.0201102	0.0391832	0.0575924	0.0391832	0.0391832	0.0575924	0.0755541	0.0575924	0.0201102	0.0391832	0.0575924	0.0391832
8 rounds of non-Gaussian ED iteration : ground-state energy is -114.168 | electron energy -114.692 + phonon energy 0.524329 | electron momentum kIdx = 0
Nq = 	16	0.0200098	0.0389359	0.0200098	0.0200098	0.0389359	0.0571563	0.0389359	0.0389359	0.0571563	14.8384	0.0571563	0.0200098	0.0389359	0.0571563	0.0389359
Sq = 	-2.97608e-19	0.0200399	0.0390502	0.0200399	0.0200399	0.0390502	0.0574007	0.0390502	0.0390502	0.0574007	0.0753057	0.0574007	0.0200399	0.0390502	0.0574007	0.0390502
9 rounds of non-Gaussian ED iteration : ground-state energy is -114.389 | electron energy -114.923 + phonon energy 0.533872 | electron momentum kIdx = 0
Nq = 	16	0.0199682	0.0388574	0.0199682	0.0199682	0.0388574	0.0570431	0.0388574	0.0388574	0.0570431	14.8407	0.0570431	0.0199682	0.0388574	0.0570431	0.0388574
Sq = 	6.91437e-21	0.0199982	0.0389714	0.0199982	0.0199982	0.0389714	0.0572871	0.0389714	0.0389714	0.0572871	0.0751586	0.0572871	0.0199982	0.0389714	0.0572871	0.0389714
10 rounds of non-Gaussian ED iteration : ground-state energy is -114.565 | electron energy -115.105 + phonon energy 0.54062 | electron momentum kIdx = 0
Nq = 	16	0.0199431	0.0388099	0.0199431	0.0199431	0.0388099	0.0569747	0.0388099	0.0388099	0.0569747	14.8421	0.0569747	0.0199431	0.0388099	0.0569747	0.0388099
Sq = 	-3.25037e-19	0.0199731	0.0389238	0.0199731	0.0199731	0.0389238	0.0572186	0.0389238	0.0389238	0.0572186	0.0750698	0.0572186	0.0199731	0.0389238	0.0572186	0.0389238
11 rounds of non-Gaussian ED iteration : ground-state energy is -114.706 | electron energy -115.252 + phonon energy 0.545343 | electron momentum kIdx = 0
Nq = 	16	0.0199276	0.0387806	0.0199276	0.0199276	0.0387806	0.0569324	0.0387806	0.0387806	0.0569324	14.843	0.0569324	0.0199276	0.0387806	0.0569324	0.0387806
Sq = 	6.53385e-20	0.0199576	0.0388945	0.0199576	0.0199576	0.0388945	0.0571763	0.0388945	0.0388945	0.0571763	0.075015	0.0571763	0.0199576	0.0388945	0.0571763	0.0388945
12 rounds of non-Gaussian ED iteration : ground-state energy is -114.821 | electron energy -115.37 + phonon energy 0.548622 | electron momentum kIdx = 0
Nq = 	16	0.0199178	0.0387621	0.0199178	0.0199178	0.0387621	0.0569057	0.0387621	0.0387621	0.0569057	14.8435	0.0569057	0.0199178	0.0387621	0.0569057	0.0387621
Sq = 	-1.32606e-19	0.0199478	0.038876	0.0199478	0.0199478	0.038876	0.0571495	0.038876	0.038876	0.0571495	0.0749804	0.0571495	0.0199478	0.038876	0.0571495	0.038876
13 rounds of non-Gaussian ED iteration : ground-state energy is -114.914 | electron energy -115.465 + phonon energy 0.550881 | electron momentum kIdx = 0
Nq = 	16	0.0199115	0.0387502	0.0199115	0.0199115	0.0387502	0.0568885	0.0387502	0.0387502	0.0568885	14.8439	0.0568885	0.0199115	0.0387502	0.0568885	0.0387502
Sq = 	1.61891e-19	0.0199414	0.038864	0.0199414	0.0199414	0.038864	0.0571323	0.038864	0.038864	0.0571323	0.0749581	0.0571323	0.0199414	0.038864	0.0571323	0.038864
14 rounds of non-Gaussian ED iteration : ground-state energy is -114.991 | electron energy -115.543 + phonon energy 0.552429 | electron momentum kIdx = 0
Nq = 	16	0.0199073	0.0387423	0.0199073	0.0199073	0.0387423	0.0568771	0.0387423	0.0387423	0.0568771	14.8441	0.0568771	0.0199073	0.0387423	0.0568771	0.0387423
Sq = 	3.62314e-19	0.0199372	0.0388561	0.0199372	0.0199372	0.0388561	0.0571209	0.0388561	0.0388561	0.0571209	0.0749434	0.0571209	0.0199372	0.0388561	0.0571209	0.0388561
15 rounds of non-Gaussian ED iteration : ground-state energy is -115.053 | electron energy -115.606 + phonon energy 0.553485 | electron momentum kIdx = 0
Nq = 	16	0.0199045	0.038737	0.0199045	0.0199045	0.038737	0.0568694	0.038737	0.038737	0.0568694	14.8443	0.0568694	0.0199045	0.038737	0.0568694	0.038737
Sq = 	2.8562e-19	0.0199344	0.0388508	0.0199344	0.0199344	0.0388508	0.0571133	0.0388508	0.0388508	0.0571133	0.0749335	0.0571133	0.0199344	0.0388508	0.0571133	0.0388508
16 rounds of non-Gaussian ED iteration : ground-state energy is -115.104 | electron energy -115.658 + phonon energy 0.554201 | electron momentum kIdx = 0
Nq = 	16	0.0199026	0.0387333	0.0199026	0.0199026	0.0387333	0.0568641	0.0387333	0.0387333	0.0568641	14.8444	0.0568641	0.0199026	0.0387333	0.0568641	0.0387333
Sq = 	1.20481e-19	0.0199325	0.0388472	0.0199325	0.0199325	0.0388472	0.057108	0.0388472	0.0388472	0.057108	0.0749267	0.057108	0.0199325	0.0388472	0.057108	0.0388472
17 rounds of non-Gaussian ED iteration : ground-state energy is -115.145 | electron energy -115.7 + phonon energy 0.554685 | electron momentum kIdx = 0
Nq = 	16	0.0199013	0.0387308	0.0199013	0.0199013	0.0387308	0.0568605	0.0387308	0.0387308	0.0568605	14.8444	0.0568605	0.0199013	0.0387308	0.0568605	0.0387308
Sq = 	-1.70398e-19	0.0199312	0.0388447	0.0199312	0.0199312	0.0388447	0.0571044	0.0388447	0.0388447	0.0571044	0.074922	0.0571044	0.0199312	0.0388447	0.0571044	0.0388447
18 rounds of non-Gaussian ED iteration : ground-state energy is -115.179 | electron energy -115.734 + phonon energy 0.555011 | electron momentum kIdx = 0
Nq = 	16	0.0199003	0.038729	0.0199003	0.0199003	0.038729	0.0568578	0.038729	0.038729	0.0568578	14.8445	0.0568578	0.0199003	0.038729	0.0568578	0.038729
Sq = 	-3.31049e-19	0.0199302	0.0388429	0.0199302	0.0199302	0.0388429	0.0571018	0.0388429	0.0388429	0.0571018	0.0749186	0.0571018	0.0199302	0.0388429	0.0571018	0.0388429
19 rounds of non-Gaussian ED iteration : ground-state energy is -115.207 | electron energy -115.763 + phonon energy 0.55523 | electron momentum kIdx = 0
Nq = 	16	0.0198997	0.0387277	0.0198997	0.0198997	0.0387277	0.056856	0.0387277	0.0387277	0.056856	14.8445	0.056856	0.0198997	0.0387277	0.056856	0.0387277
Sq = 	-9.58275e-20	0.0199295	0.0388416	0.0199295	0.0199295	0.0388416	0.0571	0.0388416	0.0388416	0.0571	0.0749163	0.0571	0.0199295	0.0388416	0.0571	0.0388416
20 rounds of non-Gaussian ED iteration : ground-state energy is -115.23 | electron energy -115.786 + phonon energy 0.555376 | electron momentum kIdx = 0
Nq = 	16	0.0198992	0.0387268	0.0198992	0.0198992	0.0387268	0.0568546	0.0387268	0.0387268	0.0568546	14.8446	0.0568546	0.0198992	0.0387268	0.0568546	0.0387268
Sq = 	-2.84084e-20	0.0199291	0.0388407	0.0199291	0.0199291	0.0388407	0.0570987	0.0388407	0.0388407	0.0570987	0.0749145	0.0570987	0.0199291	0.0388407	0.0570987	0.0388407
21 rounds of non-Gaussian ED iteration : ground-state energy is -115.249 | electron energy -115.804 + phonon energy 0.555473 | electron momentum kIdx = 0
Nq = 	16	0.0198988	0.0387261	0.0198988	0.0198988	0.0387261	0.0568536	0.0387261	0.0387261	0.0568536	14.8446	0.0568536	0.0198988	0.0387261	0.0568536	0.0387261
Sq = 	3.46239e-19	0.0199287	0.03884	0.0199287	0.0199287	0.03884	0.0570977	0.03884	0.03884	0.0570977	0.0749133	0.0570977	0.0199287	0.03884	0.0570977	0.03884
22 rounds of non-Gaussian ED iteration : ground-state energy is -115.264 | electron energy -115.82 + phonon energy 0.555538 | electron momentum kIdx = 0
Nq = 	16	0.0198985	0.0387256	0.0198985	0.0198985	0.0387256	0.0568529	0.0387256	0.0387256	0.0568529	14.8446	0.0568529	0.0198985	0.0387256	0.0568529	0.0387256
Sq = 	4.27926e-19	0.0199284	0.0388395	0.0199284	0.0199284	0.0388395	0.0570969	0.0388395	0.0388395	0.0570969	0.0749123	0.0570969	0.0199284	0.0388395	0.0570969	0.0388395
23 rounds of non-Gaussian ED iteration : ground-state energy is -115.277 | electron energy -115.832 + phonon energy 0.55558 | electron momentum kIdx = 0
Nq = 	16	0.0198983	0.0387252	0.0198983	0.0198983	0.0387252	0.0568523	0.0387252	0.0387252	0.0568523	14.8446	0.0568523	0.0198983	0.0387252	0.0568523	0.0387252
Sq = 	3.07875e-19	0.0199282	0.0388391	0.0199282	0.0199282	0.0388391	0.0570964	0.0388391	0.0388391	0.0570964	0.0749116	0.0570964	0.0199282	0.0388391	0.0570964	0.0388391
24 rounds of non-Gaussian ED iteration : ground-state energy is -115.287 | electron energy -115.843 + phonon energy 0.555607 | electron momentum kIdx = 0
Nq = 	16	0.0198982	0.0387249	0.0198982	0.0198982	0.0387249	0.0568519	0.0387249	0.0387249	0.0568519	14.8446	0.0568519	0.0198982	0.0387249	0.0568519	0.0387249
Sq = 	-3.37496e-19	0.0199281	0.0388388	0.0199281	0.0199281	0.0388388	0.057096	0.0388388	0.0388388	0.057096	0.0749111	0.057096	0.0199281	0.0388388	0.057096	0.0388388
25 rounds of non-Gaussian ED iteration : ground-state energy is -115.295 | electron energy -115.851 + phonon energy 0.555625 | electron momentum kIdx = 0
Nq = 	16	0.0198981	0.0387247	0.0198981	0.0198981	0.0387247	0.0568515	0.0387247	0.0387247	0.0568515	14.8446	0.0568515	0.0198981	0.0387247	0.0568515	0.0387247
Sq = 	2.54709e-20	0.0199279	0.0388386	0.0199279	0.0199279	0.0388386	0.0570957	0.0388386	0.0388386	0.0570957	0.0749107	0.0570957	0.0199279	0.0388386	0.0570957	0.0388386
26 rounds of non-Gaussian ED iteration : ground-state energy is -115.302 | electron energy -115.858 + phonon energy 0.555636 | electron momentum kIdx = 0
Nq = 	16	0.019898	0.0387245	0.019898	0.019898	0.0387245	0.0568513	0.0387245	0.0387245	0.0568513	14.8446	0.0568513	0.019898	0.0387245	0.0568513	0.0387245
Sq = 	-1.86284e-19	0.0199279	0.0388384	0.0199279	0.0199279	0.0388384	0.0570954	0.0388384	0.0388384	0.0570954	0.0749103	0.0570954	0.0199279	0.0388384	0.0570954	0.0388384
27 rounds of non-Gaussian ED iteration : ground-state energy is -115.308 | electron energy -115.864 + phonon energy 0.555643 | electron momentum kIdx = 0
Nq = 	16	0.0198979	0.0387244	0.0198979	0.0198979	0.0387244	0.0568511	0.0387244	0.0387244	0.0568511	14.8446	0.0568511	0.0198979	0.0387244	0.0568511	0.0387244
