SNEDics v3.4 Non-Gaussian ED ground state program		Start at Thu Oct  3 13:00:04 2019

parallized on 16 MPI threads  * 8 OpenMP threads = 128 total threads.
********************************************************************************************************************
********************************************************************************************************************

********************************************************************************************************************
System parameters and configurations
********************************************************************************************************************
Special program options are enabled: splitted diagonal Hamiltonian
********************************************************************************************************************
Read input file "model_params.in"
	Hubbard-Holstein model parameters : 	t = 1    U = 3.1    g = 3.2404    W = 5    
********************************************************************************************************************
Read input file "hilbertspace_params.in"
	Requested 16-site 2D lattice, with 16 electrons (8, 8)
	Boundary : Periodic		Hilbert space representation : momentum-space (restricted to kIdx = 10)
	Conservation: particle number[U(1)]      spin[U(1)]     momentum
********************************************************************************************************************

Cluster Positions:				Cluster symmetry group : D4
 x ... x ... x ... x .....                       x ... x ... x ... x .....
 |           |           :                       |           |           :
 |           |           :                       |           |           :
12    13    14    15     x                       1     5     6     5     x
 |           |           :                       |           |           :
 |           |           :                       |           |           :
 8 --- 9 ---10 ---11 --- x                       2 --- 6 ---10 --- 6 --- x
 |           |           :                       |           |           :
 |           |           :                       |           |           :
 4     5     6     7     x                       1     5     6     5     x
 |           |           :                       |           |           :
 |           |           :                       |           |           :
 0 --- 1 --- 2 --- 3 --- x                       0 --- 1 --- 2 --- 1 --- x
orbital number : 1
********************************************************************************************************************
Read input file "obs_params.in"
	Observable Type : Nq(All),   Sq(All),   N(All),   Delta[s](All),   Delta[d](All),   Delta[s+](All)
********************************************************************************************************************
** WARNING ** the input observables have non-local factors which have been reinterpreted. The total observable number is 96
********************************************************************************************************************


********************************************************************************************************************
Start calculating the non-Gaussian ED ground state
** WARNING ** Detected low phonon energy W < 10. The initial state will be prepared through a warm-up process.
********************************************************************************************************************
Start warm-up calculation for scaling factor 2
open output files: NGSEDWarmUpW10Obs.txt
********************************************************************************************************************
Start the 0 rounds of NGS-ED iteration
	effective electronic model is modified as: kinetic energy t = 1
	                                           effective interaction Vq = [-0,-0,-0,-0,-0,-0,-0,-0,-0,-0,-0,-0,-0,-0,-0,-0]
	first Hamiltonian is constructed, non-zero numbers = 2845334624
	PARPACK diagonalization completed after 105 matrix-vector product operations.
	iteration results: : total energy is -15.313546 | electron energy -15.313546 + phonon energy 0.000000 | electron momentum kIdx = 10
	Nq(0) = 16,	Nq(1) = 0.202352,	Nq(2) = 0.272816,	Nq(3) = 0.202352,	Nq(4) = 0.202352,	Nq(5) = 0.272816,	Nq(6) = 0.37943,	Nq(7) = 0.272816,	Nq(8) = 0.272816,	Nq(9) = 0.37943,	Nq(10) = 0.44549,	Nq(11) = 0.37943,	Nq(12) = 0.202352,	Nq(13) = 0.272816,	Nq(14) = 0.37943,	Nq(15) = 0.272816,	Sq(0) = -1.50373e-18,	Sq(1) = 0.340236,	Sq(2) = 0.426885,	Sq(3) = 0.340236,	Sq(4) = 0.340236,	Sq(5) = 0.426885,	Sq(6) = 0.654659,	Sq(7) = 0.426885,	Sq(8) = 0.426885,	Sq(9) = 0.654659,	Sq(10) = 5.0496,	Sq(11) = 0.654659,	Sq(12) = 0.340236,	Sq(13) = 0.426885,	Sq(14) = 0.654659,	Sq(15) = 0.426885,	N(0) = 1.95841,	N(1) = 1.90506,	N(2) = 1,	N(3) = 1.90506,	N(4) = 1.90506,	N(5) = 1,	N(6) = 0.0949365,	N(7) = 1,	N(8) = 1,	N(9) = 0.0949365,	N(10) = 0.0415906,	N(11) = 0.0949365,	N(12) = 1.90506,	N(13) = 1,	N(14) = 0.0949365,	N(15) = 1,	Delta[s](0) = 0.205702,	Delta[s](1) = 0.179204,	Delta[s](2) = 0.136731,	Delta[s](3) = 0.179204,	Delta[s](4) = 0.179204,	Delta[s](5) = 0.136731,	Delta[s](6) = 0.108446,	Delta[s](7) = 0.136731,	Delta[s](8) = 0.136731,	Delta[s](9) = 0.108446,	Delta[s](10) = 0.0280677,	Delta[s](11) = 0.108446,	Delta[s](12) = 0.179204,	Delta[s](13) = 0.136731,	Delta[s](14) = 0.108446,	Delta[s](15) = 0.136731,	Delta[d](0) = 0.511132,	Delta[d](1) = 0.357773,	Delta[d](2) = 0.306595,	Delta[d](3) = 0.357773,	Delta[d](4) = 0.357773,	Delta[d](5) = 0.367668,	Delta[d](6) = 0.286504,	Delta[d](7) = 0.367668,	Delta[d](8) = 0.306595,	Delta[d](9) = 0.286504,	Delta[d](10) = 0.232498,	Delta[d](11) = 0.286504,	Delta[d](12) = 0.357773,	Delta[d](13) = 0.367668,	Delta[d](14) = 0.286504,	Delta[d](15) = 0.367668,	Delta[s+](0) = 0.570319,	Delta[s+](1) = 0.46605,	Delta[s+](2) = 0.306595,	Delta[s+](3) = 0.46605,	Delta[s+](4) = 0.46605,	Delta[s+](5) = 0.306595,	Delta[s+](6) = 0.15364,	Delta[s+](7) = 0.306595,	Delta[s+](8) = 0.306595,	Delta[s+](9) = 0.15364,	Delta[s+](10) = 0.0407877,	Delta[s+](11) = 0.15364,	Delta[s+](12) = 0.46605,	Delta[s+](13) = 0.306595,	Delta[s+](14) = 0.15364,	Delta[s+](15) = 0.306595
The 0-th iteration is completed.	|| time cost : 0h 8m 38.392s
********************************************************************************************************************
Start the 1 rounds of NGS-ED iteration
	effective electronic model is modified as: kinetic energy t = 0.945217
	                                           effective interaction Vq = [-1.81583,-1.68201,-1.61904,-1.68201,-1.68201,-1.61904,-1.60494,-1.61904,-1.61904,-1.60494,-1.57799,-1.60494,-1.68201,-1.61904,-1.60494,-1.61904]
	PARPACK diagonalization completed after 45 matrix-vector product operations.
	iteration results: : total energy is -52.352397 | electron energy -52.355688 + phonon energy 0.003292 | electron momentum kIdx = 10
The 1-th iteration is completed.	|| time cost : 0h 7m 41.867s
********************************************************************************************************************
Start the 2 rounds of NGS-ED iteration
	effective electronic model is modified as: kinetic energy t = 0.900917
	                                           effective interaction Vq = [-2.06157,-1.97933,-1.95395,-1.97933,-1.97933,-1.95395,-1.90474,-1.95395,-1.95395,-1.90474,-1.85081,-1.90474,-1.97933,-1.95395,-1.90474,-1.95395]
	PARPACK diagonalization completed after 30 matrix-vector product operations.
	iteration results: : total energy is -57.941097 | electron energy -57.965530 + phonon energy 0.024433 | electron momentum kIdx = 10
The 2-th iteration is completed.	|| time cost : 0h 0m 27.387s
********************************************************************************************************************
Start the 3 rounds of NGS-ED iteration
	effective electronic model is modified as: kinetic energy t = 0.884105
	                                           effective interaction Vq = [-2.09483, -2.0392,-2.02461, -2.0392, -2.0392,-2.02461,-1.97343,-2.02461,-2.02461,-1.97343,-1.91544,-1.97343, -2.0392,-2.02461,-1.97343,-2.02461]
	PARPACK diagonalization completed after 30 matrix-vector product operations.
	iteration results: : total energy is -58.667798 | electron energy -58.710578 + phonon energy 0.042780 | electron momentum kIdx = 10
The 3-th iteration is completed.	|| time cost : 0h 0m 27.656s
********************************************************************************************************************
Start the 4 rounds of NGS-ED iteration
	effective electronic model is modified as: kinetic energy t = 0.878357
	                                           effective interaction Vq = [-2.09933,-2.05462,-2.04324,-2.05462,-2.05462,-2.04324,-1.99282,-2.04324,-2.04324,-1.99282,-1.93404,-1.99282,-2.05462,-2.04324,-1.99282,-2.04324]
	PARPACK diagonalization completed after 120 matrix-vector product operations.
	iteration results: : total energy is -59.064553 | electron energy -59.115746 + phonon energy 0.051194 | electron momentum kIdx = 10
The 4-th iteration is completed.	|| time cost : 0h 0m 55.478s
********************************************************************************************************************
Start the 5 rounds of NGS-ED iteration
	effective electronic model is modified as: kinetic energy t = 0.874337
	                                           effective interaction Vq = [-2.09994,-2.05652,-2.05475,-2.05652,-2.05652,-2.05475,-1.99459,-2.05475,-2.05475,-1.99459,-1.99689,-1.99459,-2.05652,-2.05475,-1.99459,-2.05475]
	PARPACK diagonalization completed after 45 matrix-vector product operations.
	iteration results: : total energy is -59.100167 | electron energy -59.156149 + phonon energy 0.055982 | electron momentum kIdx = 10
The 5-th iteration is completed.	|| time cost : 0h 0m 32.436s
********************************************************************************************************************
Start the 6 rounds of NGS-ED iteration
	effective electronic model is modified as: kinetic energy t = 0.872687
	                                           effective interaction Vq = [-2.10003,-2.05744,-2.05694,-2.05744,-2.05744,-2.05694,-1.99564,-2.05694,-2.05694,-1.99564,-2.02663,-1.99564,-2.05744,-2.05694,-1.99564,-2.05694]
	PARPACK diagonalization completed after 45 matrix-vector product operations.
	iteration results: : total energy is -59.116420 | electron energy -59.175139 + phonon energy 0.058720 | electron momentum kIdx = 10
The 6-th iteration is completed.	|| time cost : 0h 0m 32.475s
********************************************************************************************************************
Start the 7 rounds of NGS-ED iteration
	effective electronic model is modified as: kinetic energy t = 0.872393
	                                           effective interaction Vq = [-2.10004,-2.05811, -2.0465,-2.05811,-2.05811, -2.0465, -1.9967, -2.0465, -2.0465, -1.9967,-2.06466, -1.9967,-2.05811, -2.0465, -1.9967, -2.0465]
	PARPACK diagonalization completed after 45 matrix-vector product operations.
	iteration results: : total energy is -59.205824 | electron energy -59.266317 + phonon energy 0.060493 | electron momentum kIdx = 10
The 7-th iteration is completed.	|| time cost : 0h 0m 32.483s
********************************************************************************************************************
Start the 8 rounds of NGS-ED iteration
	effective electronic model is modified as: kinetic energy t = 0.877664
	                                           effective interaction Vq = [-2.10004,-2.05522,-1.99862,-2.05522,-2.05522,-1.99862,-1.99261,-1.99862,-1.99862,-1.99261,-2.08582,-1.99261,-2.05522,-1.99862,-1.99261,-1.99862]
	PARPACK diagonalization completed after 30 matrix-vector product operations.
	iteration results: : total energy is -59.288509 | electron energy -59.348092 + phonon energy 0.059583 | electron momentum kIdx = 10
The 8-th iteration is completed.	|| time cost : 0h 0m 27.847s
********************************************************************************************************************
Start the 9 rounds of NGS-ED iteration
	effective electronic model is modified as: kinetic energy t = 0.87981
	                                           effective interaction Vq = [-2.10004,-2.05257,-1.97682,-2.05257,-2.05257,-1.97682,-1.98903,-1.97682,-1.97682,-1.98903,-2.09118,-1.98903,-2.05257,-1.97682,-1.98903,-1.97682]
	PARPACK diagonalization completed after 30 matrix-vector product operations.
	iteration results: : total energy is -59.299746 | electron energy -59.358433 + phonon energy 0.058687 | electron momentum kIdx = 10
The 9-th iteration is completed.	|| time cost : 0h 0m 27.395s
********************************************************************************************************************
Start the 10 rounds of NGS-ED iteration
	effective electronic model is modified as: kinetic energy t = 0.880556
	                                           effective interaction Vq = [-2.10004,-2.05122,-1.96933,-2.05122,-2.05122,-1.96933,-1.98728,-1.96933,-1.96933,-1.98728,-2.09275,-1.98728,-2.05122,-1.96933,-1.98728,-1.96933]
	PARPACK diagonalization completed after 30 matrix-vector product operations.
	iteration results: : total energy is -59.301053 | electron energy -59.359353 + phonon energy 0.058300 | electron momentum kIdx = 10
	Nq(0) = 16,	Nq(1) = 0.351697,	Nq(2) = 0.374235,	Nq(3) = 0.351697,	Nq(4) = 0.351697,	Nq(5) = 0.374235,	Nq(6) = 0.615318,	Nq(7) = 0.374235,	Nq(8) = 0.374235,	Nq(9) = 0.615318,	Nq(10) = 4.02957,	Nq(11) = 0.615318,	Nq(12) = 0.351697,	Nq(13) = 0.374235,	Nq(14) = 0.615318,	Nq(15) = 0.374235,	Sq(0) = -2.73831e-18,	Sq(1) = 0.293805,	Sq(2) = 0.341056,	Sq(3) = 0.293805,	Sq(4) = 0.293805,	Sq(5) = 0.341056,	Sq(6) = 0.516746,	Sq(7) = 0.341056,	Sq(8) = 0.341056,	Sq(9) = 0.516746,	Sq(10) = 0.568414,	Sq(11) = 0.516746,	Sq(12) = 0.293805,	Sq(13) = 0.341056,	Sq(14) = 0.516746,	Sq(15) = 0.341056,	N(0) = 1.99369,	N(1) = 1.98295,	N(2) = 1,	N(3) = 1.98295,	N(4) = 1.98295,	N(5) = 1,	N(6) = 0.0170466,	N(7) = 1,	N(8) = 1,	N(9) = 0.0170466,	N(10) = 0.00630776,	N(11) = 0.0170466,	N(12) = 1.98295,	N(13) = 1,	N(14) = 0.0170466,	N(15) = 1,	Delta[s](0) = 0.485481,	Delta[s](1) = 0.340332,	Delta[s](2) = 0.329247,	Delta[s](3) = 0.340332,	Delta[s](4) = 0.340332,	Delta[s](5) = 0.329247,	Delta[s](6) = 0.255191,	Delta[s](7) = 0.329247,	Delta[s](8) = 0.329247,	Delta[s](9) = 0.255191,	Delta[s](10) = 0.228469,	Delta[s](11) = 0.255191,	Delta[s](12) = 0.340332,	Delta[s](13) = 0.329247,	Delta[s](14) = 0.255191,	Delta[s](15) = 0.329247,	Delta[d](0) = 0.237028,	Delta[d](1) = 0.239229,	Delta[d](2) = 0.22995,	Delta[d](3) = 0.239229,	Delta[d](4) = 0.239229,	Delta[d](5) = 0.140909,	Delta[d](6) = 0.191406,	Delta[d](7) = 0.140909,	Delta[d](8) = 0.22995,	Delta[d](9) = 0.191406,	Delta[d](10) = 0.0447427,	Delta[d](11) = 0.191406,	Delta[d](12) = 0.239229,	Delta[d](13) = 0.140909,	Delta[d](14) = 0.191406,	Delta[d](15) = 0.140909,	Delta[s+](0) = 0.449534,	Delta[s+](1) = 0.359835,	Delta[s+](2) = 0.22995,	Delta[s+](3) = 0.359835,	Delta[s+](4) = 0.359835,	Delta[s+](5) = 0.22995,	Delta[s+](6) = 0.0977117,	Delta[s+](7) = 0.22995,	Delta[s+](8) = 0.22995,	Delta[s+](9) = 0.0977117,	Delta[s+](10) = 0.0238547,	Delta[s+](11) = 0.0977117,	Delta[s+](12) = 0.359835,	Delta[s+](13) = 0.22995,	Delta[s+](14) = 0.0977117,	Delta[s+](15) = 0.22995
The 10-th iteration is completed.	|| time cost : 0h 4m 37.969s
********************************************************************************************************************
Start the 11 rounds of NGS-ED iteration
	effective electronic model is modified as: kinetic energy t = 0.880818
	                                           effective interaction Vq = [-2.10004,-2.05062,-1.96687,-2.05062,-2.05062,-1.96687,-1.98653,-1.96687,-1.96687,-1.98653,-2.09325,-1.98653,-2.05062,-1.96687,-1.98653,-1.96687]
	PARPACK diagonalization completed after 30 matrix-vector product operations.
	iteration results: : total energy is -59.301205 | electron energy -59.359355 + phonon energy 0.058151 | electron momentum kIdx = 10
The 11-th iteration is completed.	|| time cost : 0h 0m 27.637s
********************************************************************************************************************
Start the 12 rounds of NGS-ED iteration
	effective electronic model is modified as: kinetic energy t = 0.88091
	                                           effective interaction Vq = [-2.10004,-2.05037,-1.96606,-2.05037,-2.05037,-1.96606,-1.98622,-1.96606,-1.96606,-1.98622,-2.09342,-1.98622,-2.05037,-1.96606,-1.98622,-1.96606]
	PARPACK diagonalization completed after 30 matrix-vector product operations.
	iteration results: : total energy is -59.301223 | electron energy -59.359316 + phonon energy 0.058093 | electron momentum kIdx = 10
The 12-th iteration is completed.	|| time cost : 0h 0m 27.698s
********************************************************************************************************************
Start the 13 rounds of NGS-ED iteration
	effective electronic model is modified as: kinetic energy t = 0.880942
	                                           effective interaction Vq = [-2.10004,-2.05027, -1.9658,-2.05027,-2.05027, -1.9658, -1.9861, -1.9658, -1.9658, -1.9861,-2.09348, -1.9861,-2.05027, -1.9658, -1.9861, -1.9658]
	PARPACK diagonalization completed after 30 matrix-vector product operations.
	iteration results: : total energy is -59.301225 | electron energy -59.359297 + phonon energy 0.058072 | electron momentum kIdx = 10
	Nq(0) = 16,	Nq(1) = 0.351164,	Nq(2) = 0.373763,	Nq(3) = 0.351164,	Nq(4) = 0.351164,	Nq(5) = 0.373763,	Nq(6) = 0.614667,	Nq(7) = 0.373763,	Nq(8) = 0.373763,	Nq(9) = 0.614667,	Nq(10) = 4.03829,	Nq(11) = 0.614667,	Nq(12) = 0.351164,	Nq(13) = 0.373763,	Nq(14) = 0.614667,	Nq(15) = 0.373763,	Sq(0) = -3.03717e-18,	Sq(1) = 0.293648,	Sq(2) = 0.341001,	Sq(3) = 0.293648,	Sq(4) = 0.293648,	Sq(5) = 0.341001,	Sq(6) = 0.516673,	Sq(7) = 0.341001,	Sq(8) = 0.341001,	Sq(9) = 0.516673,	Sq(10) = 0.568512,	Sq(11) = 0.516673,	Sq(12) = 0.293648,	Sq(13) = 0.341001,	Sq(14) = 0.516673,	Sq(15) = 0.341001,	N(0) = 1.99366,	N(1) = 1.98287,	N(2) = 1,	N(3) = 1.98287,	N(4) = 1.98287,	N(5) = 1,	N(6) = 0.0171285,	N(7) = 1,	N(8) = 1,	N(9) = 0.0171285,	N(10) = 0.00633511,	N(11) = 0.0171285,	N(12) = 1.98287,	N(13) = 1,	N(14) = 0.0171285,	N(15) = 1,	Delta[s](0) = 0.484821,	Delta[s](1) = 0.340411,	Delta[s](2) = 0.329278,	Delta[s](3) = 0.340411,	Delta[s](4) = 0.340411,	Delta[s](5) = 0.329278,	Delta[s](6) = 0.25529,	Delta[s](7) = 0.329278,	Delta[s](8) = 0.329278,	Delta[s](9) = 0.25529,	Delta[s](10) = 0.228802,	Delta[s](11) = 0.25529,	Delta[s](12) = 0.340411,	Delta[s](13) = 0.329278,	Delta[s](14) = 0.25529,	Delta[s](15) = 0.329278,	Delta[d](0) = 0.236891,	Delta[d](1) = 0.239027,	Delta[d](2) = 0.229838,	Delta[d](3) = 0.239027,	Delta[d](4) = 0.239027,	Delta[d](5) = 0.140767,	Delta[d](6) = 0.191192,	Delta[d](7) = 0.140767,	Delta[d](8) = 0.229838,	Delta[d](9) = 0.191192,	Delta[d](10) = 0.0445954,	Delta[d](11) = 0.191192,	Delta[d](12) = 0.239027,	Delta[d](13) = 0.140767,	Delta[d](14) = 0.191192,	Delta[d](15) = 0.140767,	Delta[s+](0) = 0.449555,	Delta[s+](1) = 0.359753,	Delta[s+](2) = 0.229838,	Delta[s+](3) = 0.359753,	Delta[s+](4) = 0.359753,	Delta[s+](5) = 0.229838,	Delta[s+](6) = 0.0975764,	Delta[s+](7) = 0.229838,	Delta[s+](8) = 0.229838,	Delta[s+](9) = 0.0975764,	Delta[s+](10) = 0.0237816,	Delta[s+](11) = 0.0975764,	Delta[s+](12) = 0.359753,	Delta[s+](13) = 0.229838,	Delta[s+](14) = 0.0975764,	Delta[s+](15) = 0.229838
The 13-th iteration is completed.	|| time cost : 0h 4m 42.595s
********************************************************************************************************************
********************************************************************************************************************
Ground state is obtained after 14 iterations. The current ground-state energy is -59.3012, in which electron energy is -59.3593 and phonon energy is 0.0580717
final variational state is: 
	Gamma_x = [      1,1.01941,1.03011,1.01941,1.01941,1.03011, 1.0472,1.03011,1.03011, 1.0472,1.09326, 1.0472,1.01941,1.03011, 1.0472,1.03011]
	lambda_q = [0.458261,0.387689,0.342365,0.387689,0.387689,0.342365,0.351497,0.342365,0.342365,0.351497,0.432691,0.351497,0.387689,0.342365,0.351497,0.342365]
********************************************************************************************************************
o___o  ----------------------------------------
| L |	Time since last clock: 0h 0m 0s
A===A	Time since the beginning: 0h 30m 59.324s
***********************************************


********************************************************************************************************************
Warm up runs have been completed. Start calculating W = 5 phonon.
open output files: NGSEDIterationObs.txt
********************************************************************************************************************
Start the 0 rounds of NGS-ED iteration
	effective electronic model is modified as: kinetic energy t = 0.880954
	                                           effective interaction Vq = [-1.91988,-1.76102,-1.63273,-1.76102,-1.76102,-1.63273,-1.66023,-1.63273,-1.63273,-1.66023,-1.86808,-1.66023,-1.76102,-1.63273,-1.66023,-1.63273]
	PARPACK diagonalization completed after 45 matrix-vector product operations.
	iteration results: : total energy is -53.641192 | electron energy -53.670224 + phonon energy 0.029032 | electron momentum kIdx = 10
	Nq(0) = 16,	Nq(1) = 0.34661,	Nq(2) = 0.36332,	Nq(3) = 0.34661,	Nq(4) = 0.34661,	Nq(5) = 0.36332,	Nq(6) = 0.587469,	Nq(7) = 0.36332,	Nq(8) = 0.36332,	Nq(9) = 0.587469,	Nq(10) = 3.79939,	Nq(11) = 0.587469,	Nq(12) = 0.34661,	Nq(13) = 0.36332,	Nq(14) = 0.587469,	Nq(15) = 0.36332,	Sq(0) = 1.79355e-18,	Sq(1) = 0.321774,	Sq(2) = 0.357203,	Sq(3) = 0.321774,	Sq(4) = 0.321774,	Sq(5) = 0.357203,	Sq(6) = 0.562603,	Sq(7) = 0.357203,	Sq(8) = 0.357203,	Sq(9) = 0.562603,	Sq(10) = 0.603652,	Sq(11) = 0.562603,	Sq(12) = 0.321774,	Sq(13) = 0.357203,	Sq(14) = 0.562603,	Sq(15) = 0.357203,	N(0) = 1.99737,	N(1) = 1.992,	N(2) = 1,	N(3) = 1.992,	N(4) = 1.992,	N(5) = 1,	N(6) = 0.0079973,	N(7) = 1,	N(8) = 1,	N(9) = 0.0079973,	N(10) = 0.00262749,	N(11) = 0.0079973,	N(12) = 1.992,	N(13) = 1,	N(14) = 0.0079973,	N(15) = 1,	Delta[s](0) = 0.424916,	Delta[s](1) = 0.324048,	Delta[s](2) = 0.314903,	Delta[s](3) = 0.324048,	Delta[s](4) = 0.324048,	Delta[s](5) = 0.314903,	Delta[s](6) = 0.251895,	Delta[s](7) = 0.314903,	Delta[s](8) = 0.314903,	Delta[s](9) = 0.251895,	Delta[s](10) = 0.239705,	Delta[s](11) = 0.251895,	Delta[s](12) = 0.324048,	Delta[s](13) = 0.314903,	Delta[s](14) = 0.251895,	Delta[s](15) = 0.314903,	Delta[d](0) = 0.241806,	Delta[d](1) = 0.249077,	Delta[d](2) = 0.240767,	Delta[d](3) = 0.249077,	Delta[d](4) = 0.249077,	Delta[d](5) = 0.146254,	Delta[d](6) = 0.200524,	Delta[d](7) = 0.146254,	Delta[d](8) = 0.240767,	Delta[d](9) = 0.200524,	Delta[d](10) = 0.0506851,	Delta[d](11) = 0.200524,	Delta[d](12) = 0.249077,	Delta[d](13) = 0.146254,	Delta[d](14) = 0.200524,	Delta[d](15) = 0.146254,	Delta[s+](0) = 0.474985,	Delta[s+](1) = 0.376652,	Delta[s+](2) = 0.240767,	Delta[s+](3) = 0.376652,	Delta[s+](4) = 0.376652,	Delta[s+](5) = 0.240767,	Delta[s+](6) = 0.103708,	Delta[s+](7) = 0.240767,	Delta[s+](8) = 0.240767,	Delta[s+](9) = 0.103708,	Delta[s+](10) = 0.026994,	Delta[s+](11) = 0.103708,	Delta[s+](12) = 0.376652,	Delta[s+](13) = 0.240767,	Delta[s+](14) = 0.103708,	Delta[s+](15) = 0.240767
The 0-th iteration is completed.	|| time cost : 0h 4m 28.056s
********************************************************************************************************************
Start the 1 rounds of NGS-ED iteration
	effective electronic model is modified as: kinetic energy t = 0.863087
	                                           effective interaction Vq = [-2.03376,-1.86618,-1.70572,-1.86618,-1.86618,-1.70572,-1.73997,-1.70572,-1.70572,-1.73997,-1.99268,-1.73997,-1.86618,-1.70572,-1.73997,-1.70572]
	PARPACK diagonalization completed after 30 matrix-vector product operations.
	iteration results: : total energy is -55.962622 | electron energy -56.052902 + phonon energy 0.090280 | electron momentum kIdx = 10
The 1-th iteration is completed.	|| time cost : 0h 0m 27.634s
********************************************************************************************************************
Start the 2 rounds of NGS-ED iteration
	effective electronic model is modified as: kinetic energy t = 0.853628
	                                           effective interaction Vq = [-2.07566, -1.9105,-1.73949, -1.9105, -1.9105,-1.73949,-1.77591,-1.73949,-1.73949,-1.77591,-2.04601,-1.77591, -1.9105,-1.73949,-1.77591,-1.73949]
	PARPACK diagonalization completed after 30 matrix-vector product operations.
	iteration results: : total energy is -56.805660 | electron energy -56.942859 + phonon energy 0.137198 | electron momentum kIdx = 10
The 2-th iteration is completed.	|| time cost : 0h 0m 27.39s
********************************************************************************************************************
Start the 3 rounds of NGS-ED iteration
	effective electronic model is modified as: kinetic energy t = 0.848788
	                                           effective interaction Vq = [-2.09107,-1.93014,-1.75549,-1.93014,-1.93014,-1.75549,-1.79243,-1.75549,-1.75549,-1.79243,-2.06867,-1.79243,-1.93014,-1.75549,-1.79243,-1.75549]
	PARPACK diagonalization completed after 30 matrix-vector product operations.
	iteration results: : total energy is -57.107199 | electron energy -57.273592 + phonon energy 0.166394 | electron momentum kIdx = 10
The 3-th iteration is completed.	|| time cost : 0h 0m 27.335s
********************************************************************************************************************
Start the 4 rounds of NGS-ED iteration
	effective electronic model is modified as: kinetic energy t = 0.846325
	                                           effective interaction Vq = [-2.09674,-1.93927,-1.76327,-1.93927,-1.93927,-1.76327,-1.80027,-1.76327,-1.76327,-1.80027,-2.07865,-1.80027,-1.93927,-1.76327,-1.80027,-1.76327]
	PARPACK diagonalization completed after 30 matrix-vector product operations.
	iteration results: : total energy is -57.214404 | electron energy -57.397531 + phonon energy 0.183127 | electron momentum kIdx = 10
The 4-th iteration is completed.	|| time cost : 0h 0m 27.364s
********************************************************************************************************************
Start the 5 rounds of NGS-ED iteration
	effective electronic model is modified as: kinetic energy t = 0.845068
	                                           effective interaction Vq = [-2.09882,-1.94367,-1.76713,-1.94367,-1.94367,-1.76713,-1.80408,-1.76713,-1.76713,-1.80408,-2.08328,-1.80408,-1.94367,-1.76713,-1.80408,-1.76713]
	PARPACK diagonalization completed after 30 matrix-vector product operations.
	iteration results: : total energy is -57.252550 | electron energy -57.444877 + phonon energy 0.192327 | electron momentum kIdx = 10
The 5-th iteration is completed.	|| time cost : 0h 0m 27.415s
********************************************************************************************************************
Start the 6 rounds of NGS-ED iteration
	effective electronic model is modified as: kinetic energy t = 0.844425
	                                           effective interaction Vq = [-2.09959,-1.94582,-1.76907,-1.94582,-1.94582,-1.76907,-1.80597,-1.76907,-1.76907,-1.80597,-2.08553,-1.80597,-1.94582,-1.76907,-1.80597,-1.76907]
	PARPACK diagonalization completed after 30 matrix-vector product operations.
	iteration results: : total energy is -57.266180 | electron energy -57.463446 + phonon energy 0.197266 | electron momentum kIdx = 10
The 6-th iteration is completed.	|| time cost : 0h 0m 27.75s
********************************************************************************************************************
Start the 7 rounds of NGS-ED iteration
	effective electronic model is modified as: kinetic energy t = 0.844096
	                                           effective interaction Vq = [-2.09987,-1.94689,-1.77005,-1.94689,-1.94689,-1.77005,-1.80691,-1.77005,-1.77005,-1.80691,-2.08666,-1.80691,-1.94689,-1.77005,-1.80691,-1.77005]
	PARPACK diagonalization completed after 30 matrix-vector product operations.
	iteration results: : total energy is -57.271075 | electron energy -57.470956 + phonon energy 0.199880 | electron momentum kIdx = 10
The 7-th iteration is completed.	|| time cost : 0h 0m 27.349s
********************************************************************************************************************
Start the 8 rounds of NGS-ED iteration
	effective electronic model is modified as: kinetic energy t = 0.843928
	                                           effective interaction Vq = [-2.09998,-1.94742,-1.77054,-1.94742,-1.94742,-1.77054,-1.80737,-1.77054,-1.77054,-1.80737,-2.08724,-1.80737,-1.94742,-1.77054,-1.80737,-1.77054]
	PARPACK diagonalization completed after 30 matrix-vector product operations.
	iteration results: : total energy is -57.272843 | electron energy -57.474095 + phonon energy 0.201252 | electron momentum kIdx = 10
The 8-th iteration is completed.	|| time cost : 0h 0m 27.737s
********************************************************************************************************************
Start the 9 rounds of NGS-ED iteration
	effective electronic model is modified as: kinetic energy t = 0.843843
	                                           effective interaction Vq = [-2.10002,-1.94768,-1.77079,-1.94768,-1.94768,-1.77079, -1.8076,-1.77079,-1.77079, -1.8076,-2.08754, -1.8076,-1.94768,-1.77079, -1.8076,-1.77079]
	PARPACK diagonalization completed after 30 matrix-vector product operations.
	iteration results: : total energy is -57.273483 | electron energy -57.475451 + phonon energy 0.201968 | electron momentum kIdx = 10
The 9-th iteration is completed.	|| time cost : 0h 0m 27.347s
********************************************************************************************************************
Start the 10 rounds of NGS-ED iteration
	effective electronic model is modified as: kinetic energy t = 0.843799
	                                           effective interaction Vq = [-2.10003, -1.9478,-1.77092, -1.9478, -1.9478,-1.77092,-1.80771,-1.77092,-1.77092,-1.80771,-2.08769,-1.80771, -1.9478,-1.77092,-1.80771,-1.77092]
	PARPACK diagonalization completed after 30 matrix-vector product operations.
	iteration results: : total energy is -57.273716 | electron energy -57.476056 + phonon energy 0.202340 | electron momentum kIdx = 10
	Nq(0) = 16,	Nq(1) = 0.319542,	Nq(2) = 0.352803,	Nq(3) = 0.319542,	Nq(4) = 0.319542,	Nq(5) = 0.352803,	Nq(6) = 0.560367,	Nq(7) = 0.352803,	Nq(8) = 0.352803,	Nq(9) = 0.560367,	Nq(10) = 4.60226,	Nq(11) = 0.560367,	Nq(12) = 0.319542,	Nq(13) = 0.352803,	Nq(14) = 0.560367,	Nq(15) = 0.352803,	Sq(0) = -7.06867e-18,	Sq(1) = 0.281744,	Sq(2) = 0.337016,	Sq(3) = 0.281744,	Sq(4) = 0.281744,	Sq(5) = 0.337016,	Sq(6) = 0.510151,	Sq(7) = 0.337016,	Sq(8) = 0.337016,	Sq(9) = 0.510151,	Sq(10) = 0.571607,	Sq(11) = 0.510151,	Sq(12) = 0.281744,	Sq(13) = 0.337016,	Sq(14) = 0.510151,	Sq(15) = 0.337016,	N(0) = 1.9915,	N(1) = 1.97433,	N(2) = 1,	N(3) = 1.97433,	N(4) = 1.97433,	N(5) = 1,	N(6) = 0.0256726,	N(7) = 1,	N(8) = 1,	N(9) = 0.0256726,	N(10) = 0.00849952,	N(11) = 0.0256726,	N(12) = 1.97433,	N(13) = 1,	N(14) = 0.0256726,	N(15) = 1,	Delta[s](0) = 0.43512,	Delta[s](1) = 0.341801,	Delta[s](2) = 0.327998,	Delta[s](3) = 0.341801,	Delta[s](4) = 0.341801,	Delta[s](5) = 0.327998,	Delta[s](6) = 0.273557,	Delta[s](7) = 0.327998,	Delta[s](8) = 0.327998,	Delta[s](9) = 0.273557,	Delta[s](10) = 0.254823,	Delta[s](11) = 0.273557,	Delta[s](12) = 0.341801,	Delta[s](13) = 0.327998,	Delta[s](14) = 0.273557,	Delta[s](15) = 0.327998,	Delta[d](0) = 0.236143,	Delta[d](1) = 0.233173,	Delta[d](2) = 0.23276,	Delta[d](3) = 0.233173,	Delta[d](4) = 0.233173,	Delta[d](5) = 0.145405,	Delta[d](6) = 0.186674,	Delta[d](7) = 0.145405,	Delta[d](8) = 0.23276,	Delta[d](9) = 0.186674,	Delta[d](10) = 0.054611,	Delta[d](11) = 0.186674,	Delta[d](12) = 0.233173,	Delta[d](13) = 0.145405,	Delta[d](14) = 0.186674,	Delta[d](15) = 0.145405,	Delta[s+](0) = 0.462807,	Delta[s+](1) = 0.363875,	Delta[s+](2) = 0.23276,	Delta[s+](3) = 0.363875,	Delta[s+](4) = 0.363875,	Delta[s+](5) = 0.23276,	Delta[s+](6) = 0.0995605,	Delta[s+](7) = 0.23276,	Delta[s+](8) = 0.23276,	Delta[s+](9) = 0.0995605,	Delta[s+](10) = 0.0291125,	Delta[s+](11) = 0.0995605,	Delta[s+](12) = 0.363875,	Delta[s+](13) = 0.23276,	Delta[s+](14) = 0.0995605,	Delta[s+](15) = 0.23276
The 10-th iteration is completed.	|| time cost : 0h 4m 21.75s
********************************************************************************************************************
Start the 11 rounds of NGS-ED iteration
	effective electronic model is modified as: kinetic energy t = 0.843778
	                                           effective interaction Vq = [-2.10004,-1.94787,-1.77098,-1.94787,-1.94787,-1.77098,-1.80776,-1.77098,-1.77098,-1.80776,-2.08778,-1.80776,-1.94787,-1.77098,-1.80776,-1.77098]
	PARPACK diagonalization completed after 30 matrix-vector product operations.
	iteration results: : total energy is -57.273801 | electron energy -57.476334 + phonon energy 0.202533 | electron momentum kIdx = 10
The 11-th iteration is completed.	|| time cost : 0h 0m 27.727s
********************************************************************************************************************
Start the 12 rounds of NGS-ED iteration
	effective electronic model is modified as: kinetic energy t = 0.843767
	                                           effective interaction Vq = [-2.10004,-1.94789,-1.77101,-1.94789,-1.94789,-1.77101,-1.80778,-1.77101,-1.77101,-1.80778,-2.08782,-1.80778,-1.94789,-1.77101,-1.80778,-1.77101]
	PARPACK diagonalization completed after 30 matrix-vector product operations.
	iteration results: : total energy is -57.273832 | electron energy -57.476465 + phonon energy 0.202632 | electron momentum kIdx = 10
The 12-th iteration is completed.	|| time cost : 0h 0m 27.357s
********************************************************************************************************************
Start the 13 rounds of NGS-ED iteration
	effective electronic model is modified as: kinetic energy t = 0.843761
	                                           effective interaction Vq = [-2.10004,-1.94791,-1.77102,-1.94791,-1.94791,-1.77102,-1.80779,-1.77102,-1.77102,-1.80779,-2.08784,-1.80779,-1.94791,-1.77102,-1.80779,-1.77102]
	PARPACK diagonalization completed after 30 matrix-vector product operations.
	iteration results: : total energy is -57.273844 | electron energy -57.476527 + phonon energy 0.202684 | electron momentum kIdx = 10
The 13-th iteration is completed.	|| time cost : 0h 0m 27.374s
********************************************************************************************************************
Start the 14 rounds of NGS-ED iteration
	effective electronic model is modified as: kinetic energy t = 0.843759
	                                           effective interaction Vq = [-2.10004,-1.94791,-1.77103,-1.94791,-1.94791,-1.77103, -1.8078,-1.77103,-1.77103, -1.8078,-2.08786, -1.8078,-1.94791,-1.77103, -1.8078,-1.77103]
	PARPACK diagonalization completed after 30 matrix-vector product operations.
	iteration results: : total energy is -57.273848 | electron energy -57.476558 + phonon energy 0.202710 | electron momentum kIdx = 10
The 14-th iteration is completed.	|| time cost : 0h 0m 27.353s
********************************************************************************************************************
Start the 15 rounds of NGS-ED iteration
	effective electronic model is modified as: kinetic energy t = 0.843757
	                                           effective interaction Vq = [-2.10004,-1.94791,-1.77104,-1.94791,-1.94791,-1.77104, -1.8078,-1.77104,-1.77104, -1.8078,-2.08786, -1.8078,-1.94791,-1.77104, -1.8078,-1.77104]
	PARPACK diagonalization completed after 30 matrix-vector product operations.
	iteration results: : total energy is -57.273849 | electron energy -57.476573 + phonon energy 0.202724 | electron momentum kIdx = 10
The 15-th iteration is completed.	|| time cost : 0h 0m 27.656s
********************************************************************************************************************
Start the 16 rounds of NGS-ED iteration
	effective electronic model is modified as: kinetic energy t = 0.843757
	                                           effective interaction Vq = [-2.10004,-1.94792,-1.77104,-1.94792,-1.94792,-1.77104, -1.8078,-1.77104,-1.77104, -1.8078,-2.08787, -1.8078,-1.94792,-1.77104, -1.8078,-1.77104]
	PARPACK diagonalization completed after 30 matrix-vector product operations.
	iteration results: : total energy is -57.273850 | electron energy -57.476580 + phonon energy 0.202731 | electron momentum kIdx = 10
The 16-th iteration is completed.	|| time cost : 0h 0m 27.747s
********************************************************************************************************************
Start the 17 rounds of NGS-ED iteration
	effective electronic model is modified as: kinetic energy t = 0.843757
	                                           effective interaction Vq = [-2.10004,-1.94792,-1.77104,-1.94792,-1.94792,-1.77104, -1.8078,-1.77104,-1.77104, -1.8078,-2.08787, -1.8078,-1.94792,-1.77104, -1.8078,-1.77104]
	PARPACK diagonalization completed after 30 matrix-vector product operations.
	iteration results: : total energy is -57.273850 | electron energy -57.476584 + phonon energy 0.202734 | electron momentum kIdx = 10
The 17-th iteration is completed.	|| time cost : 0h 0m 27.399s
********************************************************************************************************************
Start the 18 rounds of NGS-ED iteration
	effective electronic model is modified as: kinetic energy t = 0.843756
	                                           effective interaction Vq = [-2.10004,-1.94792,-1.77104,-1.94792,-1.94792,-1.77104, -1.8078,-1.77104,-1.77104, -1.8078,-2.08787, -1.8078,-1.94792,-1.77104, -1.8078,-1.77104]
	PARPACK diagonalization completed after 30 matrix-vector product operations.
	iteration results: : total energy is -57.273850 | electron energy -57.476586 + phonon energy 0.202736 | electron momentum kIdx = 10
The 18-th iteration is completed.	|| time cost : 0h 0m 27.693s
********************************************************************************************************************
Start the 19 rounds of NGS-ED iteration
	effective electronic model is modified as: kinetic energy t = 0.843756
	                                           effective interaction Vq = [-2.10004,-1.94792,-1.77104,-1.94792,-1.94792,-1.77104, -1.8078,-1.77104,-1.77104, -1.8078,-2.08787, -1.8078,-1.94792,-1.77104, -1.8078,-1.77104]
	PARPACK diagonalization completed after 30 matrix-vector product operations.
	iteration results: : total energy is -57.273850 | electron energy -57.476587 + phonon energy 0.202737 | electron momentum kIdx = 10
The 19-th iteration is completed.	|| time cost : 0h 0m 27.72s
********************************************************************************************************************
Start the 20 rounds of NGS-ED iteration
	effective electronic model is modified as: kinetic energy t = 0.843756
	                                           effective interaction Vq = [-2.10004,-1.94792,-1.77104,-1.94792,-1.94792,-1.77104, -1.8078,-1.77104,-1.77104, -1.8078,-2.08787, -1.8078,-1.94792,-1.77104, -1.8078,-1.77104]
	PARPACK diagonalization completed after 30 matrix-vector product operations.
	iteration results: : total energy is -57.273850 | electron energy -57.476587 + phonon energy 0.202737 | electron momentum kIdx = 10
