SNEDics v3.4 Non-Gaussian ED ground state program		Start at Thu Sep 26 23:32:54 2019

parallized on 16 MPI threads  * 8 OpenMP threads = 128 total threads.
********************************************************************************************************************
********************************************************************************************************************

********************************************************************************************************************
System parameters and configurations
********************************************************************************************************************
Special program options are enabled: splitted diagonal Hamiltonian
********************************************************************************************************************
Read input file "model_params.in"
	Hubbard-Holstein model parameters : 	t = 1    U = 3    g = 4.7434    W = 5    
********************************************************************************************************************
Read input file "hilbertspace_params.in"
	Requested 16-site 2D lattice, with 12 electrons (6, 6)
	Boundary : Periodic		Hilbert space representation : momentum-space (restricted to kIdx = 0)
	Conservation: particle number[U(1)]      spin[U(1)]     momentum
********************************************************************************************************************

Cluster Positions:				Cluster symmetry group : D4
 x ... x ... x ... x .....                       x ... x ... x ... x .....
 |           |           :                       |           |           :
 |           |           :                       |           |           :
12    13    14    15     x                       1     5     6     5     x
 |           |           :                       |           |           :
 |           |           :                       |           |           :
 8 --- 9 ---10 ---11 --- x                       2 --- 6 ---10 --- 6 --- x
 |           |           :                       |           |           :
 |           |           :                       |           |           :
 4     5     6     7     x                       1     5     6     5     x
 |           |           :                       |           |           :
 |           |           :                       |           |           :
 0 --- 1 --- 2 --- 3 --- x                       0 --- 1 --- 2 --- 1 --- x
orbital number : 1
********************************************************************************************************************
Read input file "obs_params.in"
	Observable Type : Nq(All),   Sq(All),   N(All),   Delta[s](All),   Delta[d](All),   Delta[s+](All)
********************************************************************************************************************
** WARNING ** the input observables have non-local factors which have been reinterpreted. The total observable number is 96
********************************************************************************************************************


********************************************************************************************************************
Start calculating the non-Gaussian ED ground state
** WARNING ** Detected low phonon energy W < 10. The initial state will be prepared through a warm-up process.
********************************************************************************************************************
Start warm-up calculation for scaling factor 2
open output files: NGSEDWarmUpW10Obs.txt
********************************************************************************************************************
Start the 0 rounds of NGS-ED iteration
	effective electronic model is modified as: kinetic energy t = 1
	                                           effective interaction Vq = [-0,-0,-0,-0,-0,-0,-0,-0,-0,-0,-0,-0,-0,-0,-0,-0]
	first Hamiltonian is constructed, non-zero numbers = 969134044
	PARPACK diagonalization completed after 105 matrix-vector product operations.
	iteration results: : total energy is -18.884783 | electron energy -18.884783 + phonon energy 0.000000 | electron momentum kIdx = 0
	Nq(0) = 9,	Nq(1) = 0.271565,	Nq(2) = 0.31423,	Nq(3) = 0.271565,	Nq(4) = 0.271565,	Nq(5) = 0.381142,	Nq(6) = 0.451821,	Nq(7) = 0.381142,	Nq(8) = 0.31423,	Nq(9) = 0.451821,	Nq(10) = 0.501534,	Nq(11) = 0.451821,	Nq(12) = 0.271565,	Nq(13) = 0.381142,	Nq(14) = 0.451821,	Nq(15) = 0.381142,	Sq(0) = 8.28239e-18,	Sq(1) = 0.459939,	Sq(2) = 0.411439,	Sq(3) = 0.459939,	Sq(4) = 0.459939,	Sq(5) = 0.596091,	Sq(6) = 0.807754,	Sq(7) = 0.596091,	Sq(8) = 0.411439,	Sq(9) = 0.807754,	Sq(10) = 1.17388,	Sq(11) = 0.807754,	Sq(12) = 0.459939,	Sq(13) = 0.596091,	Sq(14) = 0.807754,	Sq(15) = 0.596091,	N(0) = 1.95428,	N(1) = 1.91189,	N(2) = 0.988178,	N(3) = 1.91189,	N(4) = 1.91189,	N(5) = 0.0602933,	N(6) = 0.0396553,	N(7) = 0.0602933,	N(8) = 0.988178,	N(9) = 0.0396553,	N(10) = 0.0220121,	N(11) = 0.0396553,	N(12) = 1.91189,	N(13) = 0.0602933,	N(14) = 0.0396553,	N(15) = 0.0602933,	Delta[s](0) = 0.137331,	Delta[s](1) = 0.101031,	Delta[s](2) = 0.0930453,	Delta[s](3) = 0.101031,	Delta[s](4) = 0.101031,	Delta[s](5) = 0.0778906,	Delta[s](6) = 0.0507031,	Delta[s](7) = 0.0778906,	Delta[s](8) = 0.0930453,	Delta[s](9) = 0.0507031,	Delta[s](10) = 0.0321322,	Delta[s](11) = 0.0507031,	Delta[s](12) = 0.101031,	Delta[s](13) = 0.0778906,	Delta[s](14) = 0.0507031,	Delta[s](15) = 0.0778906,	Delta[d](0) = 0.59328,	Delta[d](1) = 0.238307,	Delta[d](2) = 0.261211,	Delta[d](3) = 0.238307,	Delta[d](4) = 0.238307,	Delta[d](5) = 0.138801,	Delta[d](6) = 0.156713,	Delta[d](7) = 0.138801,	Delta[d](8) = 0.261211,	Delta[d](9) = 0.156713,	Delta[d](10) = 0.0574003,	Delta[d](11) = 0.156713,	Delta[d](12) = 0.238307,	Delta[d](13) = 0.138801,	Delta[d](14) = 0.156713,	Delta[d](15) = 0.138801,	Delta[s+](0) = 0.523018,	Delta[s+](1) = 0.359186,	Delta[s+](2) = 0.261211,	Delta[s+](3) = 0.359186,	Delta[s+](4) = 0.359186,	Delta[s+](5) = 0.154101,	Delta[s+](6) = 0.0601339,	Delta[s+](7) = 0.154101,	Delta[s+](8) = 0.261211,	Delta[s+](9) = 0.0601339,	Delta[s+](10) = 0.0159383,	Delta[s+](11) = 0.0601339,	Delta[s+](12) = 0.359186,	Delta[s+](13) = 0.154101,	Delta[s+](14) = 0.0601339,	Delta[s+](15) = 0.154101
The 0-th iteration is completed.	|| time cost : 0h 2m 55.522s
********************************************************************************************************************
Start the 1 rounds of NGS-ED iteration
	effective electronic model is modified as: kinetic energy t = 0.878186
	                                           effective interaction Vq = [-3.89096,-3.68536,-3.53861,-3.68536,-3.68536,-3.60148,-3.52825,-3.60148,-3.53861,-3.52825,-3.45913,-3.52825,-3.68536,-3.60148,-3.52825,-3.60148]
	PARPACK diagonalization completed after 105 matrix-vector product operations.
	iteration results: : total energy is -80.967573 | electron energy -80.983483 + phonon energy 0.015909 | electron momentum kIdx = 0
The 1-th iteration is completed.	|| time cost : 0h 2m 36.06s
********************************************************************************************************************
Start the 2 rounds of NGS-ED iteration
	effective electronic model is modified as: kinetic energy t = 0.772794
	                                           effective interaction Vq = [-4.41755,-4.33312,-4.26178,-4.33312,-4.33312,-4.27983, -4.2582,-4.27983,-4.26178, -4.2582, -4.2514, -4.2582,-4.33312,-4.27983, -4.2582,-4.27983]
	PARPACK diagonalization completed after 60 matrix-vector product operations.
	iteration results: : total energy is -92.492269 | electron energy -92.571856 + phonon energy 0.079587 | electron momentum kIdx = 0
The 2-th iteration is completed.	|| time cost : 0h 0m 12.041s
********************************************************************************************************************
Start the 3 rounds of NGS-ED iteration
	effective electronic model is modified as: kinetic energy t = 0.721799
	                                           effective interaction Vq = [-4.48881,-4.45248,-4.42142,-4.45248,-4.45248,-4.42664, -4.4232,-4.42664,-4.42142, -4.4232,-4.43172, -4.4232,-4.45248,-4.42664, -4.4232,-4.42664]
	PARPACK diagonalization completed after 45 matrix-vector product operations.
	iteration results: : total energy is -94.389230 | electron energy -94.483480 + phonon energy 0.094250 | electron momentum kIdx = 0
The 3-th iteration is completed.	|| time cost : 0h 0m 10.555s
********************************************************************************************************************
Start the 4 rounds of NGS-ED iteration
	effective electronic model is modified as: kinetic energy t = 0.700923
	                                           effective interaction Vq = [-4.49846,-4.47785,-4.46071,-4.47785,-4.47785,-4.46235,-4.46321,-4.46235,-4.46071,-4.46321,-4.47318,-4.46321,-4.47785,-4.46235,-4.46321,-4.46235]
	PARPACK diagonalization completed after 45 matrix-vector product operations.
	iteration results: : total energy is -94.672321 | electron energy -94.768231 + phonon energy 0.095910 | electron momentum kIdx = 0
The 4-th iteration is completed.	|| time cost : 0h 0m 10.538s
********************************************************************************************************************
Start the 5 rounds of NGS-ED iteration
	effective electronic model is modified as: kinetic energy t = 0.692806
	                                           effective interaction Vq = [-4.49976,-4.48472, -4.4724,-4.48472,-4.48472,-4.47297,-4.47477,-4.47297, -4.4724,-4.47477,-4.48395,-4.47477,-4.48472,-4.47297,-4.47477,-4.47297]
	PARPACK diagonalization completed after 45 matrix-vector product operations.
	iteration results: : total energy is -94.713016 | electron energy -94.809059 + phonon energy 0.096044 | electron momentum kIdx = 0
The 5-th iteration is completed.	|| time cost : 0h 0m 10.554s
********************************************************************************************************************
Start the 6 rounds of NGS-ED iteration
	effective electronic model is modified as: kinetic energy t = 0.689694
	                                           effective interaction Vq = [-4.49994,-4.48693,-4.47642,-4.48693,-4.48693,-4.47664,-4.47865,-4.47664,-4.47642,-4.47865,-4.48717,-4.47865,-4.48693,-4.47664,-4.47865,-4.47664]
	PARPACK diagonalization completed after 45 matrix-vector product operations.
	iteration results: : total energy is -94.718804 | electron energy -94.814856 + phonon energy 0.096053 | electron momentum kIdx = 0
The 6-th iteration is completed.	|| time cost : 0h 0m 10.549s
********************************************************************************************************************
Start the 7 rounds of NGS-ED iteration
	effective electronic model is modified as: kinetic energy t = 0.688504
	                                           effective interaction Vq = [-4.49996,-4.48771,-4.47792,-4.48771,-4.48771,  -4.478,-4.48005,  -4.478,-4.47792,-4.48005,-4.48821,-4.48005,-4.48771,  -4.478,-4.48005,  -4.478]
	PARPACK diagonalization completed after 30 matrix-vector product operations.
	iteration results: : total energy is -94.719627 | electron energy -94.815679 + phonon energy 0.096053 | electron momentum kIdx = 0
The 7-th iteration is completed.	|| time cost : 0h 0m 9.024s
********************************************************************************************************************
Start the 8 rounds of NGS-ED iteration
	effective electronic model is modified as: kinetic energy t = 0.688049
	                                           effective interaction Vq = [-4.49997,-4.48799,-4.47849,-4.48799,-4.48799,-4.47852,-4.48058,-4.47852,-4.47849,-4.48058,-4.48857,-4.48058,-4.48799,-4.47852,-4.48058,-4.47852]
	PARPACK diagonalization completed after 30 matrix-vector product operations.
	iteration results: : total energy is -94.719744 | electron energy -94.815795 + phonon energy 0.096051 | electron momentum kIdx = 0
The 8-th iteration is completed.	|| time cost : 0h 0m 9.024s
********************************************************************************************************************
Start the 9 rounds of NGS-ED iteration
	effective electronic model is modified as: kinetic energy t = 0.687874
	                                           effective interaction Vq = [-4.49997, -4.4881,-4.47872, -4.4881, -4.4881,-4.47873,-4.48078,-4.47873,-4.47872,-4.48078,-4.48868,-4.48078, -4.4881,-4.47873,-4.48078,-4.47873]
	PARPACK diagonalization completed after 30 matrix-vector product operations.
	iteration results: : total energy is -94.719761 | electron energy -94.815811 + phonon energy 0.096050 | electron momentum kIdx = 0
	Nq(0) = 9,	Nq(1) = 0.532995,	Nq(2) = 0.766645,	Nq(3) = 0.532995,	Nq(4) = 0.532995,	Nq(5) = 0.766668,	Nq(6) = 1.18918,	Nq(7) = 0.766668,	Nq(8) = 0.766645,	Nq(9) = 1.18918,	Nq(10) = 2.05329,	Nq(11) = 1.18918,	Nq(12) = 0.532995,	Nq(13) = 0.766668,	Nq(14) = 1.18918,	Nq(15) = 0.766668,	Sq(0) = 9.35206e-19,	Sq(1) = 0.0531591,	Sq(2) = 0.0936272,	Sq(3) = 0.0531591,	Sq(4) = 0.0531591,	Sq(5) = 0.0936272,	Sq(6) = 0.130116,	Sq(7) = 0.0936272,	Sq(8) = 0.0936272,	Sq(9) = 0.130116,	Sq(10) = 0.163179,	Sq(11) = 0.130116,	Sq(12) = 0.0531591,	Sq(13) = 0.0936272,	Sq(14) = 0.130116,	Sq(15) = 0.0936272,	N(0) = 1.63857,	N(1) = 1.27934,	N(2) = 0.645691,	N(3) = 1.27934,	N(4) = 1.27934,	N(5) = 0.645689,	N(6) = 0.299607,	N(7) = 0.645689,	N(8) = 0.645691,	N(9) = 0.299607,	N(10) = 0.171495,	N(11) = 0.299607,	N(12) = 1.27934,	N(13) = 0.645689,	N(14) = 0.299607,	N(15) = 0.645689,	Delta[s](0) = 0.890362,	Delta[s](1) = 0.322478,	Delta[s](2) = 0.293208,	Delta[s](3) = 0.322478,	Delta[s](4) = 0.322478,	Delta[s](5) = 0.293208,	Delta[s](6) = 0.269039,	Delta[s](7) = 0.293208,	Delta[s](8) = 0.293208,	Delta[s](9) = 0.269039,	Delta[s](10) = 0.2553,	Delta[s](11) = 0.269039,	Delta[s](12) = 0.322478,	Delta[s](13) = 0.293208,	Delta[s](14) = 0.269039,	Delta[s](15) = 0.293208,	Delta[d](0) = 0.104679,	Delta[d](1) = 0.0974419,	Delta[d](2) = 0.102216,	Delta[d](3) = 0.0974419,	Delta[d](4) = 0.0974419,	Delta[d](5) = 0.0898839,	Delta[d](6) = 0.0873734,	Delta[d](7) = 0.0898839,	Delta[d](8) = 0.102216,	Delta[d](9) = 0.0873734,	Delta[d](10) = 0.0758705,	Delta[d](11) = 0.0873734,	Delta[d](12) = 0.0974419,	Delta[d](13) = 0.0898839,	Delta[d](14) = 0.0873734,	Delta[d](15) = 0.0898839,	Delta[s+](0) = 0.18373,	Delta[s+](1) = 0.138003,	Delta[s+](2) = 0.102216,	Delta[s+](3) = 0.138003,	Delta[s+](4) = 0.138003,	Delta[s+](5) = 0.102216,	Delta[s+](6) = 0.0733253,	Delta[s+](7) = 0.102216,	Delta[s+](8) = 0.102216,	Delta[s+](9) = 0.0733253,	Delta[s+](10) = 0.0579294,	Delta[s+](11) = 0.0733253,	Delta[s+](12) = 0.138003,	Delta[s+](13) = 0.102216,	Delta[s+](14) = 0.0733253,	Delta[s+](15) = 0.102216
The 9-th iteration is completed.	|| time cost : 0h 1m 27.308s
********************************************************************************************************************
********************************************************************************************************************
Ground state is obtained after 10 iterations. The current ground-state energy is -94.7198, in which electron energy is -94.8158 and phonon energy is 0.0960496
final variational state is: 
	Gamma_x = [      1,1.02359,1.04499,1.02359,1.02359,1.04499,1.06725,1.04499,1.04499,1.06725,1.09153,1.06725,1.02359,1.04499,1.06725,1.04499]
	lambda_q = [0.670788, 0.63642,0.624814, 0.63642, 0.63642, 0.62482,0.627102, 0.62482,0.624814,0.627102,0.637282,0.627102, 0.63642, 0.62482,0.627102, 0.62482]
********************************************************************************************************************
o___o  ----------------------------------------
| L |	Time since last clock: 0h 0m 0s
A===A	Time since the beginning: 0h 8m 11.181s
***********************************************


********************************************************************************************************************
Warm up runs have been completed. Start calculating W = 5 phonon.
open output files: NGSEDIterationObs.txt
********************************************************************************************************************
Start the 0 rounds of NGS-ED iteration
	effective electronic model is modified as: kinetic energy t = 0.687807
	                                           effective interaction Vq = [-4.11385,-4.01244,-3.97552,-4.01244,-4.01244,-3.97554,-3.98291,-3.97554,-3.97552,-3.98291,-4.01512,-3.98291,-4.01244,-3.97554,-3.98291,-3.97554]
	PARPACK diagonalization completed after 45 matrix-vector product operations.
	iteration results: : total energy is -84.737288 | electron energy -84.785313 + phonon energy 0.048024 | electron momentum kIdx = 0
	Nq(0) = 9,	Nq(1) = 0.54777,	Nq(2) = 0.715499,	Nq(3) = 0.54777,	Nq(4) = 0.54777,	Nq(5) = 0.715523,	Nq(6) = 1.11304,	Nq(7) = 0.715523,	Nq(8) = 0.715499,	Nq(9) = 1.11304,	Nq(10) = 2.12291,	Nq(11) = 1.11304,	Nq(12) = 0.54777,	Nq(13) = 0.715523,	Nq(14) = 1.11304,	Nq(15) = 0.715523,	Sq(0) = -2.10583e-19,	Sq(1) = 0.0746616,	Sq(2) = 0.124707,	Sq(3) = 0.0746616,	Sq(4) = 0.0746616,	Sq(5) = 0.124707,	Sq(6) = 0.170703,	Sq(7) = 0.124707,	Sq(8) = 0.124707,	Sq(9) = 0.170703,	Sq(10) = 0.21104,	Sq(11) = 0.170703,	Sq(12) = 0.0746616,	Sq(13) = 0.124707,	Sq(14) = 0.170703,	Sq(15) = 0.124707,	N(0) = 1.72622,	N(1) = 1.39287,	N(2) = 0.602144,	N(3) = 1.39287,	N(4) = 1.39287,	N(5) = 0.602141,	N(6) = 0.239561,	N(7) = 0.602141,	N(8) = 0.602144,	N(9) = 0.239561,	N(10) = 0.1312,	N(11) = 0.239561,	N(12) = 1.39287,	N(13) = 0.602141,	N(14) = 0.239561,	N(15) = 0.602141,	Delta[s](0) = 0.65919,	Delta[s](1) = 0.310778,	Delta[s](2) = 0.293288,	Delta[s](3) = 0.310778,	Delta[s](4) = 0.310778,	Delta[s](5) = 0.293287,	Delta[s](6) = 0.275434,	Delta[s](7) = 0.293287,	Delta[s](8) = 0.293288,	Delta[s](9) = 0.275434,	Delta[s](10) = 0.265865,	Delta[s](11) = 0.275434,	Delta[s](12) = 0.310778,	Delta[s](13) = 0.293287,	Delta[s](14) = 0.275434,	Delta[s](15) = 0.293287,	Delta[d](0) = 0.114529,	Delta[d](1) = 0.103877,	Delta[d](2) = 0.108953,	Delta[d](3) = 0.103877,	Delta[d](4) = 0.103877,	Delta[d](5) = 0.0959169,	Delta[d](6) = 0.0920559,	Delta[d](7) = 0.0959169,	Delta[d](8) = 0.108953,	Delta[d](9) = 0.0920559,	Delta[d](10) = 0.0785631,	Delta[d](11) = 0.0920559,	Delta[d](12) = 0.103877,	Delta[d](13) = 0.0959169,	Delta[d](14) = 0.0920559,	Delta[d](15) = 0.0959169,	Delta[s+](0) = 0.203106,	Delta[s+](1) = 0.15225,	Delta[s+](2) = 0.108953,	Delta[s+](3) = 0.15225,	Delta[s+](4) = 0.15225,	Delta[s+](5) = 0.108953,	Delta[s+](6) = 0.0742846,	Delta[s+](7) = 0.108953,	Delta[s+](8) = 0.108953,	Delta[s+](9) = 0.0742846,	Delta[s+](10) = 0.0560897,	Delta[s+](11) = 0.0742846,	Delta[s+](12) = 0.15225,	Delta[s+](13) = 0.108953,	Delta[s+](14) = 0.0742846,	Delta[s+](15) = 0.108953
The 0-th iteration is completed.	|| time cost : 0h 1m 27.706s
********************************************************************************************************************
Start the 1 rounds of NGS-ED iteration
	effective electronic model is modified as: kinetic energy t = 0.626454
	                                           effective interaction Vq = [-4.35792,-4.26394,-4.22107,-4.26394,-4.26394,-4.22108, -4.2358,-4.22108,-4.22107, -4.2358,-4.28449, -4.2358,-4.26394,-4.22108, -4.2358,-4.22108]
	PARPACK diagonalization completed after 60 matrix-vector product operations.
	iteration results: : total energy is -89.284690 | electron energy -89.463624 + phonon energy 0.178935 | electron momentum kIdx = 0
The 1-th iteration is completed.	|| time cost : 0h 0m 12.06s
********************************************************************************************************************
Start the 2 rounds of NGS-ED iteration
	effective electronic model is modified as: kinetic energy t = 0.581162
	                                           effective interaction Vq = [-4.44771,-4.37791,-4.34164,-4.37791,-4.37791,-4.34165,-4.35747,-4.34165,-4.34164,-4.35747,-4.40744,-4.35747,-4.37791,-4.34165,-4.35747,-4.34165]
	PARPACK diagonalization completed after 60 matrix-vector product operations.
	iteration results: : total energy is -91.106358 | electron energy -91.337454 + phonon energy 0.231096 | electron momentum kIdx = 0
The 2-th iteration is completed.	|| time cost : 0h 0m 12.058s
********************************************************************************************************************
Start the 3 rounds of NGS-ED iteration
	effective electronic model is modified as: kinetic energy t = 0.550583
	                                           effective interaction Vq = [-4.48074,-4.43057,-4.40134,-4.43057,-4.43057,-4.40135,-4.41498,-4.40135,-4.40134,-4.41498,-4.45779,-4.41498,-4.43057,-4.40135,-4.41498,-4.40135]
	PARPACK diagonalization completed after 60 matrix-vector product operations.
	iteration results: : total energy is -91.807606 | electron energy -92.045955 + phonon energy 0.238350 | electron momentum kIdx = 0
The 3-th iteration is completed.	|| time cost : 0h 0m 12.052s
********************************************************************************************************************
Start the 4 rounds of NGS-ED iteration
	effective electronic model is modified as: kinetic energy t = 0.530539
	                                           effective interaction Vq = [ -4.4929,-4.45612,-4.43278,-4.45612,-4.45612,-4.43278,-4.44372,-4.43278,-4.43278,-4.44372,-4.47784,-4.44372,-4.45612,-4.43278,-4.44372,-4.43278]
	PARPACK diagonalization completed after 60 matrix-vector product operations.
	iteration results: : total energy is -92.075485 | electron energy -92.308022 + phonon energy 0.232537 | electron momentum kIdx = 0
The 4-th iteration is completed.	|| time cost : 0h 0m 12.06s
********************************************************************************************************************
Start the 5 rounds of NGS-ED iteration
	effective electronic model is modified as: kinetic energy t = 0.517493
	                                           effective interaction Vq = [-4.49737,-4.46921,-4.45041,-4.46921,-4.46921,-4.45041, -4.4591,-4.45041,-4.45041, -4.4591,  -4.486, -4.4591,-4.46921,-4.45041, -4.4591,-4.45041]
	PARPACK diagonalization completed after 60 matrix-vector product operations.
	iteration results: : total energy is -92.179312 | electron energy -92.404518 + phonon energy 0.225206 | electron momentum kIdx = 0
The 5-th iteration is completed.	|| time cost : 0h 0m 12.031s
********************************************************************************************************************
Start the 6 rounds of NGS-ED iteration
	effective electronic model is modified as: kinetic energy t = 0.50901
	                                           effective interaction Vq = [-4.49901,-4.47628,-4.46077,-4.47628,-4.47628,-4.46077, -4.4678,-4.46077,-4.46077, -4.4678,-4.48945, -4.4678,-4.47628,-4.46077, -4.4678,-4.46077]
	PARPACK diagonalization completed after 60 matrix-vector product operations.
	iteration results: : total energy is -92.220370 | electron energy -92.439487 + phonon energy 0.219117 | electron momentum kIdx = 0
The 6-th iteration is completed.	|| time cost : 0h 0m 12.042s
********************************************************************************************************************
Start the 7 rounds of NGS-ED iteration
	effective electronic model is modified as: kinetic energy t = 0.503495
	                                           effective interaction Vq = [-4.49962,-4.48027,-4.46707,-4.48027,-4.48027,-4.46707,-4.47292,-4.46707,-4.46707,-4.47292,-4.49092,-4.47292,-4.48027,-4.46707,-4.47292,-4.46707]
	PARPACK diagonalization completed after 60 matrix-vector product operations.
	iteration results: : total energy is -92.236896 | electron energy -92.451467 + phonon energy 0.214571 | electron momentum kIdx = 0
The 7-th iteration is completed.	|| time cost : 0h 0m 12.031s
********************************************************************************************************************
Start the 8 rounds of NGS-ED iteration
	effective electronic model is modified as: kinetic energy t = 0.499909
	                                           effective interaction Vq = [-4.49984, -4.4826,-4.47099, -4.4826, -4.4826,-4.47099,-4.47603,-4.47099,-4.47099,-4.47603,-4.49153,-4.47603, -4.4826,-4.47099,-4.47603,-4.47099]
	PARPACK diagonalization completed after 45 matrix-vector product operations.
	iteration results: : total energy is -92.243643 | electron energy -92.454974 + phonon energy 0.211331 | electron momentum kIdx = 0
The 8-th iteration is completed.	|| time cost : 0h 0m 10.556s
********************************************************************************************************************
Start the 9 rounds of NGS-ED iteration
	effective electronic model is modified as: kinetic energy t = 0.497579
	                                           effective interaction Vq = [-4.49992,  -4.484,-4.47348,  -4.484,  -4.484,-4.47348,-4.47796,-4.47348,-4.47348,-4.47796,-4.49174,-4.47796,  -4.484,-4.47348,-4.47796,-4.47348]
	PARPACK diagonalization completed after 45 matrix-vector product operations.
	iteration results: : total energy is -92.246431 | electron energy -92.455514 + phonon energy 0.209082 | electron momentum kIdx = 0
The 9-th iteration is completed.	|| time cost : 0h 0m 10.511s
********************************************************************************************************************
Start the 10 rounds of NGS-ED iteration
	effective electronic model is modified as: kinetic energy t = 0.496063
	                                           effective interaction Vq = [-4.49995,-4.48486,-4.47508,-4.48486,-4.48486,-4.47508,-4.47918,-4.47508,-4.47508,-4.47918,-4.49177,-4.47918,-4.48486,-4.47508,-4.47918,-4.47508]
	PARPACK diagonalization completed after 45 matrix-vector product operations.
	iteration results: : total energy is -92.247596 | electron energy -92.455146 + phonon energy 0.207550 | electron momentum kIdx = 0
	Nq(0) = 9,	Nq(1) = 0.529,	Nq(2) = 0.782159,	Nq(3) = 0.529,	Nq(4) = 0.529,	Nq(5) = 0.782159,	Nq(6) = 1.23019,	Nq(7) = 0.782159,	Nq(8) = 0.782159,	Nq(9) = 1.23019,	Nq(10) = 2.4338,	Nq(11) = 1.23019,	Nq(12) = 0.529,	Nq(13) = 0.782159,	Nq(14) = 1.23019,	Nq(15) = 0.782159,	Sq(0) = 2.37642e-20,	Sq(1) = 0.0284863,	Sq(2) = 0.0533657,	Sq(3) = 0.0284863,	Sq(4) = 0.0284863,	Sq(5) = 0.0533657,	Sq(6) = 0.0762011,	Sq(7) = 0.0533657,	Sq(8) = 0.0533657,	Sq(9) = 0.0762011,	Sq(10) = 0.0975216,	Sq(11) = 0.0762011,	Sq(12) = 0.0284863,	Sq(13) = 0.0533657,	Sq(14) = 0.0762011,	Sq(15) = 0.0533657,	N(0) = 1.46307,	N(1) = 1.12188,	N(2) = 0.695033,	N(3) = 1.12188,	N(4) = 1.12188,	N(5) = 0.695033,	N(6) = 0.405691,	N(7) = 0.695033,	N(8) = 0.695033,	N(9) = 0.405691,	N(10) = 0.256438,	N(11) = 0.405691,	N(12) = 1.12188,	N(13) = 0.695033,	N(14) = 0.405691,	N(15) = 0.695033,	Delta[s](0) = 0.506982,	Delta[s](1) = 0.348397,	Delta[s](2) = 0.338253,	Delta[s](3) = 0.348397,	Delta[s](4) = 0.348397,	Delta[s](5) = 0.338253,	Delta[s](6) = 0.331076,	Delta[s](7) = 0.338253,	Delta[s](8) = 0.338253,	Delta[s](9) = 0.331076,	Delta[s](10) = 0.327373,	Delta[s](11) = 0.331076,	Delta[s](12) = 0.348397,	Delta[s](13) = 0.338253,	Delta[s](14) = 0.331076,	Delta[s](15) = 0.338253,	Delta[d](0) = 0.0935032,	Delta[d](1) = 0.0920541,	Delta[d](2) = 0.0951381,	Delta[d](3) = 0.0920541,	Delta[d](4) = 0.0920541,	Delta[d](5) = 0.087977,	Delta[d](6) = 0.0874104,	Delta[d](7) = 0.087977,	Delta[d](8) = 0.0951381,	Delta[d](9) = 0.0874104,	Delta[d](10) = 0.0825275,	Delta[d](11) = 0.0874104,	Delta[d](12) = 0.0920541,	Delta[d](13) = 0.087977,	Delta[d](14) = 0.0874104,	Delta[d](15) = 0.087977,	Delta[s+](0) = 0.1347,	Delta[s+](1) = 0.111681,	Delta[s+](2) = 0.0951381,	Delta[s+](3) = 0.111681,	Delta[s+](4) = 0.111681,	Delta[s+](5) = 0.0951381,	Delta[s+](6) = 0.0820249,	Delta[s+](7) = 0.0951381,	Delta[s+](8) = 0.0951381,	Delta[s+](9) = 0.0820249,	Delta[s+](10) = 0.0738781,	Delta[s+](11) = 0.0820249,	Delta[s+](12) = 0.111681,	Delta[s+](13) = 0.0951381,	Delta[s+](14) = 0.0820249,	Delta[s+](15) = 0.0951381
The 10-th iteration is completed.	|| time cost : 0h 1m 25.709s
********************************************************************************************************************
Start the 11 rounds of NGS-ED iteration
	effective electronic model is modified as: kinetic energy t = 0.495077
	                                           effective interaction Vq = [-4.49996,-4.48539,-4.47613,-4.48539,-4.48539,-4.47613,-4.47995,-4.47613,-4.47613,-4.47995,-4.49172,-4.47995,-4.48539,-4.47613,-4.47995,-4.47613]
	PARPACK diagonalization completed after 45 matrix-vector product operations.
	iteration results: : total energy is -92.248088 | electron energy -92.454608 + phonon energy 0.206520 | electron momentum kIdx = 0
The 11-th iteration is completed.	|| time cost : 0h 0m 10.502s
********************************************************************************************************************
Start the 12 rounds of NGS-ED iteration
	effective electronic model is modified as: kinetic energy t = 0.494434
	                                           effective interaction Vq = [-4.49997,-4.48573,-4.47681,-4.48573,-4.48573,-4.47681,-4.48046,-4.47681,-4.47681,-4.48046,-4.49165,-4.48046,-4.48573,-4.47681,-4.48046,-4.47681]
	PARPACK diagonalization completed after 45 matrix-vector product operations.
	iteration results: : total energy is -92.248297 | electron energy -92.454130 + phonon energy 0.205833 | electron momentum kIdx = 0
The 12-th iteration is completed.	|| time cost : 0h 0m 10.498s
********************************************************************************************************************
Start the 13 rounds of NGS-ED iteration
	effective electronic model is modified as: kinetic energy t = 0.494015
	                                           effective interaction Vq = [-4.49997,-4.48594,-4.47726,-4.48594,-4.48594,-4.47726,-4.48079,-4.47726,-4.47726,-4.48079,-4.49158,-4.48079,-4.48594,-4.47726,-4.48079,-4.47726]
	PARPACK diagonalization completed after 45 matrix-vector product operations.
	iteration results: : total energy is -92.248387 | electron energy -92.453765 + phonon energy 0.205378 | electron momentum kIdx = 0
The 13-th iteration is completed.	|| time cost : 0h 0m 10.557s
********************************************************************************************************************
Start the 14 rounds of NGS-ED iteration
	effective electronic model is modified as: kinetic energy t = 0.493741
	                                           effective interaction Vq = [-4.49997,-4.48607,-4.47756,-4.48607,-4.48607,-4.47756,  -4.481,-4.47756,-4.47756,  -4.481,-4.49152,  -4.481,-4.48607,-4.47756,  -4.481,-4.47756]
	PARPACK diagonalization completed after 45 matrix-vector product operations.
	iteration results: : total energy is -92.248426 | electron energy -92.453503 + phonon energy 0.205077 | electron momentum kIdx = 0
The 14-th iteration is completed.	|| time cost : 0h 0m 10.518s
********************************************************************************************************************
Start the 15 rounds of NGS-ED iteration
	effective electronic model is modified as: kinetic energy t = 0.493561
	                                           effective interaction Vq = [-4.49997,-4.48616,-4.47776,-4.48616,-4.48616,-4.47776,-4.48114,-4.47776,-4.47776,-4.48114,-4.49147,-4.48114,-4.48616,-4.47776,-4.48114,-4.47776]
	PARPACK diagonalization completed after 45 matrix-vector product operations.
	iteration results: : total energy is -92.248444 | electron energy -92.453322 + phonon energy 0.204878 | electron momentum kIdx = 0
The 15-th iteration is completed.	|| time cost : 0h 0m 10.517s
********************************************************************************************************************
Start the 16 rounds of NGS-ED iteration
	effective electronic model is modified as: kinetic energy t = 0.493444
	                                           effective interaction Vq = [-4.49997,-4.48621, -4.4779,-4.48621,-4.48621, -4.4779,-4.48123, -4.4779, -4.4779,-4.48123,-4.49143,-4.48123,-4.48621, -4.4779,-4.48123, -4.4779]
	PARPACK diagonalization completed after 30 matrix-vector product operations.
	iteration results: : total energy is -92.248451 | electron energy -92.453199 + phonon energy 0.204748 | electron momentum kIdx = 0
The 16-th iteration is completed.	|| time cost : 0h 0m 8.943s
********************************************************************************************************************
Start the 17 rounds of NGS-ED iteration
	effective electronic model is modified as: kinetic energy t = 0.493366
	                                           effective interaction Vq = [-4.49997,-4.48625,-4.47798,-4.48625,-4.48625,-4.47798, -4.4813,-4.47798,-4.47798, -4.4813, -4.4914, -4.4813,-4.48625,-4.47798, -4.4813,-4.47798]
	PARPACK diagonalization completed after 30 matrix-vector product operations.
	iteration results: : total energy is -92.248455 | electron energy -92.453116 + phonon energy 0.204662 | electron momentum kIdx = 0
The 17-th iteration is completed.	|| time cost : 0h 0m 8.977s
********************************************************************************************************************
Start the 18 rounds of NGS-ED iteration
	effective electronic model is modified as: kinetic energy t = 0.493315
	                                           effective interaction Vq = [-4.49997,-4.48627,-4.47804,-4.48627,-4.48627,-4.47804,-4.48134,-4.47804,-4.47804,-4.48134,-4.49138,-4.48134,-4.48627,-4.47804,-4.48134,-4.47804]
	PARPACK diagonalization completed after 30 matrix-vector product operations.
	iteration results: : total energy is -92.248456 | electron energy -92.453061 + phonon energy 0.204605 | electron momentum kIdx = 0
The 18-th iteration is completed.	|| time cost : 0h 0m 8.999s
********************************************************************************************************************
Start the 19 rounds of NGS-ED iteration
	effective electronic model is modified as: kinetic energy t = 0.493281
	                                           effective interaction Vq = [-4.49997,-4.48629,-4.47808,-4.48629,-4.48629,-4.47808,-4.48137,-4.47808,-4.47808,-4.48137,-4.49136,-4.48137,-4.48629,-4.47808,-4.48137,-4.47808]
	PARPACK diagonalization completed after 30 matrix-vector product operations.
	iteration results: : total energy is -92.248457 | electron energy -92.453024 + phonon energy 0.204568 | electron momentum kIdx = 0
The 19-th iteration is completed.	|| time cost : 0h 0m 8.969s
********************************************************************************************************************
Start the 20 rounds of NGS-ED iteration
	effective electronic model is modified as: kinetic energy t = 0.493259
	                                           effective interaction Vq = [-4.49997, -4.4863,-4.47811, -4.4863, -4.4863,-4.47811,-4.48138,-4.47811,-4.47811,-4.48138,-4.49135,-4.48138, -4.4863,-4.47811,-4.48138,-4.47811]
	PARPACK diagonalization completed after 30 matrix-vector product operations.
	iteration results: : total energy is -92.248457 | electron energy -92.453000 + phonon energy 0.204543 | electron momentum kIdx = 0
	Nq(0) = 9,	Nq(1) = 0.528575,	Nq(2) = 0.789391,	Nq(3) = 0.528575,	Nq(4) = 0.528575,	Nq(5) = 0.789391,	Nq(6) = 1.23864,	Nq(7) = 0.789391,	Nq(8) = 0.789391,	Nq(9) = 1.23864,	Nq(10) = 2.36722,	Nq(11) = 1.23864,	Nq(12) = 0.528575,	Nq(13) = 0.789391,	Nq(14) = 1.23864,	Nq(15) = 0.789391,	Sq(0) = -8.15637e-19,	Sq(1) = 0.0281541,	Sq(2) = 0.0527902,	Sq(3) = 0.0281541,	Sq(4) = 0.0281541,	Sq(5) = 0.0527902,	Sq(6) = 0.0754181,	Sq(7) = 0.0527902,	Sq(8) = 0.0527902,	Sq(9) = 0.0754181,	Sq(10) = 0.0965568,	Sq(11) = 0.0754181,	Sq(12) = 0.0281541,	Sq(13) = 0.0527902,	Sq(14) = 0.0754181,	Sq(15) = 0.0527902,	N(0) = 1.45983,	N(1) = 1.11957,	N(2) = 0.695707,	N(3) = 1.11957,	N(4) = 1.11957,	N(5) = 0.695707,	N(6) = 0.4074,	N(7) = 0.695707,	N(8) = 0.695707,	N(9) = 0.4074,	N(10) = 0.258059,	N(11) = 0.4074,	N(12) = 1.11957,	N(13) = 0.695707,	N(14) = 0.4074,	N(15) = 0.695707,	Delta[s](0) = 0.505831,	Delta[s](1) = 0.348681,	Delta[s](2) = 0.33862,	Delta[s](3) = 0.348681,	Delta[s](4) = 0.348681,	Delta[s](5) = 0.33862,	Delta[s](6) = 0.33155,	Delta[s](7) = 0.33862,	Delta[s](8) = 0.33862,	Delta[s](9) = 0.33155,	Delta[s](10) = 0.32773,	Delta[s](11) = 0.33155,	Delta[s](12) = 0.348681,	Delta[s](13) = 0.33862,	Delta[s](14) = 0.33155,	Delta[s](15) = 0.33862,	Delta[d](0) = 0.0943056,	Delta[d](1) = 0.0928778,	Delta[d](2) = 0.0958949,	Delta[d](3) = 0.0928778,	Delta[d](4) = 0.0928778,	Delta[d](5) = 0.0888569,	Delta[d](6) = 0.0882879,	Delta[d](7) = 0.0888569,	Delta[d](8) = 0.0958949,	Delta[d](9) = 0.0882879,	Delta[d](10) = 0.0834778,	Delta[d](11) = 0.0882879,	Delta[d](12) = 0.0928778,	Delta[d](13) = 0.0888569,	Delta[d](14) = 0.0882879,	Delta[d](15) = 0.0888569,	Delta[s+](0) = 0.134821,	Delta[s+](1) = 0.112198,	Delta[s+](2) = 0.0958949,	Delta[s+](3) = 0.112198,	Delta[s+](4) = 0.112198,	Delta[s+](5) = 0.0958949,	Delta[s+](6) = 0.0829445,	Delta[s+](7) = 0.0958949,	Delta[s+](8) = 0.0958949,	Delta[s+](9) = 0.0829445,	Delta[s+](10) = 0.0748624,	Delta[s+](11) = 0.0829445,	Delta[s+](12) = 0.112198,	Delta[s+](13) = 0.0958949,	Delta[s+](14) = 0.0829445,	Delta[s+](15) = 0.0958949
The 20-th iteration is completed.	|| time cost : 0h 1m 25.276s
********************************************************************************************************************
Start the 21 rounds of NGS-ED iteration
	effective electronic model is modified as: kinetic energy t = 0.493244
	                                           effective interaction Vq = [-4.49997, -4.4863,-4.47813, -4.4863, -4.4863,-4.47813, -4.4814,-4.47813,-4.47813, -4.4814,-4.49134, -4.4814, -4.4863,-4.47813, -4.4814,-4.47813]
	PARPACK diagonalization completed after 30 matrix-vector product operations.
	iteration results: : total energy is -92.248457 | electron energy -92.452984 + phonon energy 0.204526 | electron momentum kIdx = 0
The 21-th iteration is completed.	|| time cost : 0h 0m 8.982s
********************************************************************************************************************
Start the 22 rounds of NGS-ED iteration
	effective electronic model is modified as: kinetic energy t = 0.493234
	                                           effective interaction Vq = [-4.49997,-4.48631,-4.47814,-4.48631,-4.48631,-4.47814, -4.4814,-4.47814,-4.47814, -4.4814,-4.49134, -4.4814,-4.48631,-4.47814, -4.4814,-4.47814]
	PARPACK diagonalization completed after 30 matrix-vector product operations.
	iteration results: : total energy is -92.248457 | electron energy -92.452973 + phonon energy 0.204516 | electron momentum kIdx = 0
The 22-th iteration is completed.	|| time cost : 0h 0m 8.993s
********************************************************************************************************************
Start the 23 rounds of NGS-ED iteration
	effective electronic model is modified as: kinetic energy t = 0.493228
	                                           effective interaction Vq = [-4.49997,-4.48631,-4.47815,-4.48631,-4.48631,-4.47815,-4.48141,-4.47815,-4.47815,-4.48141,-4.49133,-4.48141,-4.48631,-4.47815,-4.48141,-4.47815]
	PARPACK diagonalization completed after 30 matrix-vector product operations.
	iteration results: : total energy is -92.248457 | electron energy -92.452966 + phonon energy 0.204508 | electron momentum kIdx = 0
The 23-th iteration is completed.	|| time cost : 0h 0m 9.004s
********************************************************************************************************************
Start the 24 rounds of NGS-ED iteration
	effective electronic model is modified as: kinetic energy t = 0.493223
	                                           effective interaction Vq = [-4.49997,-4.48631,-4.47815,-4.48631,-4.48631,-4.47815,-4.48141,-4.47815,-4.47815,-4.48141,-4.49133,-4.48141,-4.48631,-4.47815,-4.48141,-4.47815]
