SNEDics v3.22.2 Non-Gaussian ED ground state program		Start at Tue Apr 26 09:29:54 2022

Parallelization: 32 MPI threads  * 8 OpenMP threads = 256 total threads.
********************************************************************************************************************
********************************************************************************************************************

********************************************************************************************************************
System parameters and configurations
	special program options are enabled: splitted diagonal Hamiltonian | splitted Hamiltonian terms
********************************************************************************************************************
Read input file "model_params.in"
	Hubbard-Holstein model parameters : 	t = 1    U = 8    g = 0.25    W = 0.2    
********************************************************************************************************************
Read input file "hilbertspace_params.in"
	Requested 16-site 2D lattice, with 8 electrons (4, 4)
	Boundary : Periodic		Hilbert space representation : momentum-space (restricted to kIdx = 0)
	Conservation: particle number[U(1)]      spin[U(1)]     momentum
********************************************************************************************************************

Cluster Positions:				Cluster symmetry group : D4
 x ... x ... x ... x .....                       x ... x ... x ... x .....
 |           |           :                       |           |           :
 |           |           :                       |           |           :
12    13    14    15     x                       1     5     6     5     x
 |           |           :                       |           |           :
 |           |           :                       |           |           :
 8 --- 9 ---10 ---11 --- x                       2 --- 6 ---10 --- 6 --- x
 |           |           :                       |           |           :
 |           |           :                       |           |           :
 4     5     6     7     x                       1     5     6     5     x
 |           |           :                       |           |           :
 |           |           :                       |           |           :
 0 --- 1 --- 2 --- 3 --- x                       0 --- 1 --- 2 --- 1 --- x
orbital number : 1
********************************************************************************************************************
Read input file "obs_params.in"
	Observable Type : Nq(All),   Sq(All),   N(All-Orbital),   Delta[s](All),   Delta[d](All),   Delta[s+](All)
** WARNING ** the input observables have non-local factors which have been reinterpreted. The total observable number is 96
********************************************************************************************************************


********************************************************************************************************************
Start calculating the non-Gaussian ED ground state
Maximal iteration number is 1000; energy resolution is 1e-06. Phonon state relaxation time is 2000
W = 0.2 is relatively large. The non-Gaussian ED calculation starts directly.
open output files: NGSED_iteration_observables.txt
********************************************************************************************************************
Start the 0 rounds of NGS-ED iteration
	effective electronic model is modified as: kinetic energy t = 1
	                                           effective interaction Vq = [0,0,0,0,0,0,0,0,0,0,0,0,0,0,0,0]
	first Hamiltonian is constructed, size = 207184 and non-zero numbers = 32207050
	PARPACK diagonalization completed after 75 matrix-vector product operations.
	iteration results: : total energy is -16.460627 | electron energy -16.460627 + phonon energy 0.000000 | electron momentum kIdx = 0
	Nq(0) = 4,	Nq(1) = 0.217892,	Nq(2) = 0.275693,	Nq(3) = 0.217892,	Nq(4) = 0.217892,	Nq(5) = 0.260941,	
	Nq(6) = 0.370592,	Nq(7) = 0.260941,	Nq(8) = 0.275693,	Nq(9) = 0.370592,	Nq(10) = 0.4202,	
	Nq(11) = 0.370592,	Nq(12) = 0.217892,	Nq(13) = 0.260941,	Nq(14) = 0.370592,	Nq(15) = 0.260941;	
	Sq(0) = 2.57535e-18,	Sq(1) = 0.41044,	Sq(2) = 0.343979,	Sq(3) = 0.41044,	Sq(4) = 0.41044,	
	Sq(5) = 0.572101,	Sq(6) = 0.615629,	Sq(7) = 0.572101,	Sq(8) = 0.343979,	Sq(9) = 0.615629,	
	Sq(10) = 0.550078,	Sq(11) = 0.615629,	Sq(12) = 0.41044,	Sq(13) = 0.572101,	Sq(14) = 0.615629,	
	Sq(15) = 0.572101;	N(0) = 1.82882,	N(1) = 1.37933,	N(2) = 0.0780726,	N(3) = 1.37933,	
	N(4) = 1.37933,	N(5) = 0.0780398,	N(6) = 0.0412646,	N(7) = 0.0780398,	N(8) = 0.0780726,	
	N(9) = 0.0412646,	N(10) = 0.0205069,	N(11) = 0.0412646,	N(12) = 1.37933,	N(13) = 0.0780398,	
	N(14) = 0.0412646,	N(15) = 0.0780398;	Delta[s](0) = 0.0393855,	Delta[s](1) = 0.0210949,	Delta[s](2) = 0.00982193,	
	Delta[s](3) = 0.0210949,	Delta[s](4) = 0.0210949,	Delta[s](5) = 0.00999892,	Delta[s](6) = 0.000275996,	Delta[s](7) = 0.00999892,	
	Delta[s](8) = 0.00982193,	Delta[s](9) = 0.000275996,	Delta[s](10) = 0.000133498,	Delta[s](11) = 0.000275996,	Delta[s](12) = 0.0210949,	
	Delta[s](13) = 0.00999892,	Delta[s](14) = 0.000275996,	Delta[s](15) = 0.00999892;	Delta[d](0) = 0.278231,	Delta[d](1) = 0.0572957,	
	Delta[d](2) = 0.0791857,	Delta[d](3) = 0.0572957,	Delta[d](4) = 0.0572957,	Delta[d](5) = 0.0568733,	Delta[d](6) = 0.0113546,	
	Delta[d](7) = 0.0568733,	Delta[d](8) = 0.0791857,	Delta[d](9) = 0.0113546,	Delta[d](10) = 0.00793245,	Delta[d](11) = 0.0113546,	
	Delta[d](12) = 0.0572957,	Delta[d](13) = 0.0568733,	Delta[d](14) = 0.0113546,	Delta[d](15) = 0.0568733;	Delta[s+](0) = 0.403712,	
	Delta[s+](1) = 0.228434,	Delta[s+](2) = 0.0791857,	Delta[s+](3) = 0.228434,	Delta[s+](4) = 0.228434,	Delta[s+](5) = 0.074461,	
	Delta[s+](6) = 0.00313078,	Delta[s+](7) = 0.074461,	Delta[s+](8) = 0.0791857,	Delta[s+](9) = 0.00313078,	Delta[s+](10) = 0.000811645,	
	Delta[s+](11) = 0.00313078,	Delta[s+](12) = 0.228434,	Delta[s+](13) = 0.074461,	Delta[s+](14) = 0.00313078,	Delta[s+](15) = 0.074461
	
The 0-th iteration is completed.	|| time cost : 0h 0m 4.875s
********************************************************************************************************************
Start the 1 rounds of NGS-ED iteration
	effective electronic model is modified as: kinetic energy t = 0.996321
	                                           effective interaction Vq = [   -0.3125,-0.0454881, -0.029797,-0.0454881,-0.0454881,-0.0282044,-0.0271346,-0.0282044, -0.029797,-0.0271346,-0.0232796,-0.0271346,-0.0454881,-0.0282044,-0.0271346,-0.0282044]
	PARPACK diagonalization completed after 30 matrix-vector product operations.
	iteration results: : total energy is -17.778723 | electron energy -17.780192 + phonon energy 0.001469 | electron momentum kIdx = 0
The 1-th iteration is completed.	|| time cost : 0h 0m 3.433s
********************************************************************************************************************
Start the 2 rounds of NGS-ED iteration
	effective electronic model is modified as: kinetic energy t = 0.996318
	                                           effective interaction Vq = [   -0.3125,-0.0456197,-0.0297977,-0.0456197,-0.0456197, -0.028194,-0.0271119, -0.028194,-0.0297977,-0.0271119,-0.0232309,-0.0271119,-0.0456197, -0.028194,-0.0271119, -0.028194]
	PARPACK diagonalization completed after 30 matrix-vector product operations.
	iteration results: : total energy is -17.778723 | electron energy -17.780196 + phonon energy 0.001473 | electron momentum kIdx = 0
The 2-th iteration is completed.	|| time cost : 0h 0m 0.776s
********************************************************************************************************************
Start the 3 rounds of NGS-ED iteration
	effective electronic model is modified as: kinetic energy t = 0.996318
	                                           effective interaction Vq = [   -0.3125,-0.0456207,-0.0297976,-0.0456207,-0.0456207,-0.0281939,-0.0271117,-0.0281939,-0.0297976,-0.0271117,-0.0232306,-0.0271117,-0.0456207,-0.0281939,-0.0271117,-0.0281939]
	PARPACK diagonalization completed after 30 matrix-vector product operations.
	iteration results: : total energy is -17.778723 | electron energy -17.780196 + phonon energy 0.001473 | electron momentum kIdx = 0
The 3-th iteration is completed.	|| time cost : 0h 0m 0.781s
********************************************************************************************************************
Start the 4 rounds of NGS-ED iteration
	effective electronic model is modified as: kinetic energy t = 0.996318
	                                           effective interaction Vq = [   -0.3125,-0.0456207,-0.0297976,-0.0456207,-0.0456207,-0.0281939,-0.0271117,-0.0281939,-0.0297976,-0.0271117,-0.0232306,-0.0271117,-0.0456207,-0.0281939,-0.0271117,-0.0281939]
	PARPACK diagonalization completed after 30 matrix-vector product operations.
	iteration results: : total energy is -17.778723 | electron energy -17.780196 + phonon energy 0.001473 | electron momentum kIdx = 0
	Nq(0) = 4,	Nq(1) = 0.218646,	Nq(2) = 0.275825,	Nq(3) = 0.218646,	Nq(4) = 0.218646,	Nq(5) = 0.260964,	
	Nq(6) = 0.370453,	Nq(7) = 0.260964,	Nq(8) = 0.275825,	Nq(9) = 0.370453,	Nq(10) = 0.419534,	
	Nq(11) = 0.370453,	Nq(12) = 0.218646,	Nq(13) = 0.260964,	Nq(14) = 0.370453,	Nq(15) = 0.260964;	
	Sq(0) = 1.14513e-17,	Sq(1) = 0.410073,	Sq(2) = 0.343995,	Sq(3) = 0.410073,	Sq(4) = 0.410073,	
	Sq(5) = 0.572031,	Sq(6) = 0.615424,	Sq(7) = 0.572031,	Sq(8) = 0.343995,	Sq(9) = 0.615424,	
	Sq(10) = 0.55046,	Sq(11) = 0.615424,	Sq(12) = 0.410073,	Sq(13) = 0.572031,	Sq(14) = 0.615424,	
	Sq(15) = 0.572031;	N(0) = 1.82976,	N(1) = 1.37993,	N(2) = 0.0775047,	N(3) = 1.37993,	
	N(4) = 1.37993,	N(5) = 0.0774948,	N(6) = 0.0412447,	N(7) = 0.0774948,	N(8) = 0.0775047,	
	N(9) = 0.0412447,	N(10) = 0.0205487,	N(11) = 0.0412447,	N(12) = 1.37993,	N(13) = 0.0774948,	
	N(14) = 0.0412447,	N(15) = 0.0774948;	Delta[s](0) = 0.0396136,	Delta[s](1) = 0.021215,	Delta[s](2) = 0.00987463,	
	Delta[s](3) = 0.021215,	Delta[s](4) = 0.021215,	Delta[s](5) = 0.0100636,	Delta[s](6) = 0.000276998,	Delta[s](7) = 0.0100636,	
	Delta[s](8) = 0.00987463,	Delta[s](9) = 0.000276998,	Delta[s](10) = 0.000134067,	Delta[s](11) = 0.000276998,	Delta[s](12) = 0.021215,	
	Delta[s](13) = 0.0100636,	Delta[s](14) = 0.000276998,	Delta[s](15) = 0.0100636;	Delta[d](0) = 0.278911,	Delta[d](1) = 0.0572205,	
	Delta[d](2) = 0.0791804,	Delta[d](3) = 0.0572205,	Delta[d](4) = 0.0572205,	Delta[d](5) = 0.0569962,	Delta[d](6) = 0.0112986,	
	Delta[d](7) = 0.0569962,	Delta[d](8) = 0.0791804,	Delta[d](9) = 0.0112986,	Delta[d](10) = 0.00793711,	Delta[d](11) = 0.0112986,	
	Delta[d](12) = 0.0572205,	Delta[d](13) = 0.0569962,	Delta[d](14) = 0.0112986,	Delta[d](15) = 0.0569962;	Delta[s+](0) = 0.404064,	
	Delta[s+](1) = 0.22866,	Delta[s+](2) = 0.0791804,	Delta[s+](3) = 0.22866,	Delta[s+](4) = 0.22866,	Delta[s+](5) = 0.0745004,	
	Delta[s+](6) = 0.0031333,	Delta[s+](7) = 0.0745004,	Delta[s+](8) = 0.0791804,	Delta[s+](9) = 0.0031333,	Delta[s+](10) = 0.000816418,	
	Delta[s+](11) = 0.0031333,	Delta[s+](12) = 0.22866,	Delta[s+](13) = 0.0745004,	Delta[s+](14) = 0.0031333,	Delta[s+](15) = 0.0745004
	
The 4-th iteration is completed.	|| time cost : 0h 0m 2.954s
********************************************************************************************************************
********************************************************************************************************************
Ground state is obtained after 5 iterations. The current ground-state energy is -17.7787, in which electron energy is -17.7802 and phonon energy is 0.00147275
Final variational state is: 
	Gamma_x = [      1,1.04905,1.04087,1.04905,1.04905,1.03656,1.05028,1.03656,1.04087,1.05028,1.04893,1.05028,1.04905,1.03656,1.05028,1.03656]
	lambda_q = [     1.25,0.0948393, 0.061088,0.0948393,0.0948393,0.0577205,0.0554533,0.0577205, 0.061088,0.0554533,0.0473583,0.0554533,0.0948393,0.0577205,0.0554533,0.0577205]
Effective e-e interactions mediated by phonons are:
	momentum-space Vq = [   -0.3125,-0.0456207,-0.0297976,-0.0456207,-0.0456207,-0.0281939,-0.0271117,-0.0281939,-0.0297976,-0.0271117,-0.0232306,-0.0271117,-0.0456207,-0.0281939,-0.0271117,-0.0281939]
	real-space Vr = [-0.0499395, -0.020393,-0.0176594, -0.020393, -0.020393,-0.0172585,-0.0157657,-0.0172585,-0.0176594,-0.0157657,-0.0135732,-0.0157657, -0.020393,-0.0172585,-0.0157657,-0.0172585]
********************************************************************************************************************
o___o  ----------------------------------------
| L |	Time since last clock: 0h 0m 0.013s
A===A	Time since the beginning: 0h 0m 12.834s
***********************************************


Non-Gaussina ED ground state calculation is completed. The final ground-state energy is -17.7787
********************************************************************************************************************
o___o  ----------------------------------------
| L |	Time since last clock: 0h 0m 0.003s
A===A	Time since the beginning: 0h 0m 12.837s
***********************************************



********************************************************************************************************************
All non-Gaussian ED ground state calculations have been completed. Exit now.
