SNEDics v3.22.2 Non-Gaussian ED ground state program		Start at Sat Jul  2 18:02:08 2022

Parallelization: 32 MPI threads  * 8 OpenMP threads = 256 total threads.
********************************************************************************************************************
********************************************************************************************************************

********************************************************************************************************************
System parameters and configurations
	special program options are enabled: splitted diagonal Hamiltonian | splitted Hamiltonian terms
********************************************************************************************************************
Read input file "model_params.in"
	Hubbard-Holstein model parameters : 	t = 1    U = 8    g = 1    W = 0.2    
********************************************************************************************************************
Read input file "hilbertspace_params.in"
	Requested 16-site 2D lattice, with 8 electrons (4, 4)
	Boundary : Periodic		Hilbert space representation : momentum-space (restricted to kIdx = 10)
	Conservation: particle number[U(1)]      spin[U(1)]     momentum
********************************************************************************************************************

Cluster Positions:				Cluster symmetry group : D4
 x ... x ... x ... x .....                       x ... x ... x ... x .....
 |           |           :                       |           |           :
 |           |           :                       |           |           :
12    13    14    15     x                       1     5     6     5     x
 |           |           :                       |           |           :
 |           |           :                       |           |           :
 8 --- 9 ---10 ---11 --- x                       2 --- 6 ---10 --- 6 --- x
 |           |           :                       |           |           :
 |           |           :                       |           |           :
 4     5     6     7     x                       1     5     6     5     x
 |           |           :                       |           |           :
 |           |           :                       |           |           :
 0 --- 1 --- 2 --- 3 --- x                       0 --- 1 --- 2 --- 1 --- x
orbital number : 1
********************************************************************************************************************
Read input file "obs_params.in"
	Observable Type : Nq(All),   Sq(All),   N(All-Orbital),   Delta[s](All),   Delta[d](All),   Delta[s+](All)
** WARNING ** the input observables have non-local factors which have been reinterpreted. The total observable number is 96
********************************************************************************************************************


********************************************************************************************************************
Start calculating the non-Gaussian ED ground state
Maximal iteration number is 1000; energy resolution is 1e-06. Phonon state relaxation time is 2000
W = 0.2 is relatively large. The non-Gaussian ED calculation starts directly.
open output files: NGSED_iteration_observables.txt
********************************************************************************************************************
Start the 0 rounds of NGS-ED iteration
	effective electronic model is modified as: kinetic energy t = 1
	                                           effective interaction Vq = [0,0,0,0,0,0,0,0,0,0,0,0,0,0,0,0]
	first Hamiltonian is constructed, size = 207168 and non-zero numbers = 32194784
	PARPACK diagonalization completed after 225 matrix-vector product operations.
	iteration results: : total energy is -14.228491 | electron energy -14.228491 + phonon energy 0.000000 | electron momentum kIdx = 10
	Nq(0) = 4,	Nq(1) = 0.1929,	Nq(2) = 0.241361,	Nq(3) = 0.1929,	Nq(4) = 0.1929,	Nq(5) = 0.2635,	
	Nq(6) = 0.343209,	Nq(7) = 0.2635,	Nq(8) = 0.241361,	Nq(9) = 0.343209,	Nq(10) = 0.497356,	
	Nq(11) = 0.343209,	Nq(12) = 0.1929,	Nq(13) = 0.2635,	Nq(14) = 0.343209,	Nq(15) = 0.2635;	
	Sq(0) = 1.05048e-18,	Sq(1) = 0.540129,	Sq(2) = 0.425883,	Sq(3) = 0.540129,	Sq(4) = 0.540129,	
	Sq(5) = 0.44091,	Sq(6) = 0.633208,	Sq(7) = 0.44091,	Sq(8) = 0.425883,	Sq(9) = 0.633208,	
	Sq(10) = 0.512733,	Sq(11) = 0.633208,	Sq(12) = 0.540129,	Sq(13) = 0.44091,	Sq(14) = 0.633208,	
	Sq(15) = 0.44091;	N(0) = 1.39632,	N(1) = 1.19393,	N(2) = 0.182033,	N(3) = 1.19393,	
	N(4) = 1.19393,	N(5) = 0.343994,	N(6) = 0.0196952,	N(7) = 0.343994,	N(8) = 0.182033,	
	N(9) = 0.0196952,	N(10) = 0.00914957,	N(11) = 0.0196952,	N(12) = 1.19393,	N(13) = 0.343994,	
	N(14) = 0.0196952,	N(15) = 0.343994;	Delta[s](0) = 0.00657586,	Delta[s](1) = 0.00591074,	Delta[s](2) = 0.00537748,	
	Delta[s](3) = 0.00591074,	Delta[s](4) = 0.00591074,	Delta[s](5) = 0.00558648,	Delta[s](6) = 0.00520229,	Delta[s](7) = 0.00558648,	
	Delta[s](8) = 0.00537748,	Delta[s](9) = 0.00520229,	Delta[s](10) = 0.00512695,	Delta[s](11) = 0.00520229,	Delta[s](12) = 0.00591074,	
	Delta[s](13) = 0.00558648,	Delta[s](14) = 0.00520229,	Delta[s](15) = 0.00558648;	Delta[d](0) = 0.0339047,	Delta[d](1) = 0.0442021,	
	Delta[d](2) = 0.0510681,	Delta[d](3) = 0.0442021,	Delta[d](4) = 0.0442021,	Delta[d](5) = 0.058576,	Delta[d](6) = 0.059403,	
	Delta[d](7) = 0.058576,	Delta[d](8) = 0.0510681,	Delta[d](9) = 0.059403,	Delta[d](10) = 0.0535732,	Delta[d](11) = 0.059403,	
	Delta[d](12) = 0.0442021,	Delta[d](13) = 0.058576,	Delta[d](14) = 0.059403,	Delta[d](15) = 0.058576;	Delta[s+](0) = 0.116848,	
	Delta[s+](1) = 0.0883222,	Delta[s+](2) = 0.0510681,	Delta[s+](3) = 0.0883222,	Delta[s+](4) = 0.0883222,	Delta[s+](5) = 0.0664028,	
	Delta[s+](6) = 0.0424018,	Delta[s+](7) = 0.0664028,	Delta[s+](8) = 0.0510681,	Delta[s+](9) = 0.0424018,	Delta[s+](10) = 0.0331981,	
	Delta[s+](11) = 0.0424018,	Delta[s+](12) = 0.0883222,	Delta[s+](13) = 0.0664028,	Delta[s+](14) = 0.0424018,	Delta[s+](15) = 0.0664028
	
The 0-th iteration is completed.	|| time cost : 0h 0m 5.268s
********************************************************************************************************************
Start the 1 rounds of NGS-ED iteration
	effective electronic model is modified as: kinetic energy t = 0.514895
	                                           effective interaction Vq = [      -5,-3.45025,-2.99812,-3.45025,-3.45025,-3.30876,-3.48977,-3.30876,-2.99812,-3.48977,-4.03441,-3.48977,-3.45025,-3.30876,-3.48977,-3.30876]
	PARPACK diagonalization completed after 45 matrix-vector product operations.
	iteration results: : total energy is -37.855499 | electron energy -41.693305 + phonon energy 3.837806 | electron momentum kIdx = 10
The 1-th iteration is completed.	|| time cost : 0h 0m 3.697s
********************************************************************************************************************
Start the 2 rounds of NGS-ED iteration
	effective electronic model is modified as: kinetic energy t = 0.514499
	                                           effective interaction Vq = [      -5, -3.5087,-2.58682, -3.5087, -3.5087,  -3.051,-3.64884,  -3.051,-2.58682,-3.64884,-4.65947,-3.64884, -3.5087,  -3.051,-3.64884,  -3.051]
	PARPACK diagonalization completed after 195 matrix-vector product operations.
	iteration results: : total energy is -38.466974 | electron energy -42.510792 + phonon energy 4.043818 | electron momentum kIdx = 10
The 2-th iteration is completed.	|| time cost : 0h 0m 1.744s
********************************************************************************************************************
Start the 3 rounds of NGS-ED iteration
	effective electronic model is modified as: kinetic energy t = 0.706045
	                                           effective interaction Vq = [      -5,-2.26532,-1.34231,-2.26532,-2.26532,-1.19079, -2.2661,-1.19079,-1.34231, -2.2661,-4.91335, -2.2661,-2.26532,-1.19079, -2.2661,-1.19079]
	PARPACK diagonalization completed after 45 matrix-vector product operations.
	iteration results: : total energy is -40.333476 | electron energy -42.713338 + phonon energy 2.379862 | electron momentum kIdx = 10
The 3-th iteration is completed.	|| time cost : 0h 0m 1.046s
********************************************************************************************************************
Start the 4 rounds of NGS-ED iteration
	effective electronic model is modified as: kinetic energy t = 0.854117
	                                           effective interaction Vq = [       -5,-0.394594, -0.35567,-0.394594,-0.394594,-0.347049,-0.348748,-0.347049, -0.35567,-0.348748, -4.97417,-0.348748,-0.394594,-0.347049,-0.348748,-0.347049]
	PARPACK diagonalization completed after 30 matrix-vector product operations.
	iteration results: : total energy is -41.913910 | electron energy -42.843585 + phonon energy 0.929676 | electron momentum kIdx = 10
The 4-th iteration is completed.	|| time cost : 0h 0m 1.004s
********************************************************************************************************************
Start the 5 rounds of NGS-ED iteration
	effective electronic model is modified as: kinetic energy t = 0.845799
	                                           effective interaction Vq = [       -5,-0.281246,-0.268464,-0.281246,-0.281246,-0.267627,-0.256563,-0.267627,-0.268464,-0.256563, -4.98373,-0.256563,-0.281246,-0.267627,-0.256563,-0.267627]
	PARPACK diagonalization completed after 165 matrix-vector product operations.
	iteration results: : total energy is -41.988085 | electron energy -42.803520 + phonon energy 0.815436 | electron momentum kIdx = 10
The 5-th iteration is completed.	|| time cost : 0h 0m 1.567s
********************************************************************************************************************
Start the 6 rounds of NGS-ED iteration
	effective electronic model is modified as: kinetic energy t = 0.845661
	                                           effective interaction Vq = [       -5,-0.272069,-0.261543,-0.272069,-0.272069,-0.261389,-0.249775,-0.261389,-0.261543,-0.249775, -4.98411,-0.249775,-0.272069,-0.261389,-0.249775,-0.261389]
	PARPACK diagonalization completed after 30 matrix-vector product operations.
	iteration results: : total energy is -41.988183 | electron energy -42.799328 + phonon energy 0.811145 | electron momentum kIdx = 10
The 6-th iteration is completed.	|| time cost : 0h 0m 1.007s
********************************************************************************************************************
Start the 7 rounds of NGS-ED iteration
	effective electronic model is modified as: kinetic energy t = 0.845563
	                                           effective interaction Vq = [       -5,-0.271487, -0.26101,-0.271487,-0.271487,-0.260864,-0.249303,-0.260864, -0.26101,-0.249303, -4.98416,-0.249303,-0.271487,-0.260864,-0.249303,-0.260864]
	PARPACK diagonalization completed after 30 matrix-vector product operations.
	iteration results: : total energy is -41.988185 | electron energy -42.798495 + phonon energy 0.810310 | electron momentum kIdx = 10
The 7-th iteration is completed.	|| time cost : 0h 0m 1.01s
********************************************************************************************************************
Start the 8 rounds of NGS-ED iteration
	effective electronic model is modified as: kinetic energy t = 0.84555
	                                           effective interaction Vq = [       -5,-0.271411,-0.260939,-0.271411,-0.271411,-0.260793, -0.24924,-0.260793,-0.260939, -0.24924, -4.98417, -0.24924,-0.271411,-0.260793, -0.24924,-0.260793]
	PARPACK diagonalization completed after 30 matrix-vector product operations.
	iteration results: : total energy is -41.988185 | electron energy -42.798383 + phonon energy 0.810198 | electron momentum kIdx = 10
The 8-th iteration is completed.	|| time cost : 0h 0m 1.013s
********************************************************************************************************************
Start the 9 rounds of NGS-ED iteration
	effective electronic model is modified as: kinetic energy t = 0.845549
	                                           effective interaction Vq = [       -5,  -0.2714,-0.260929,  -0.2714,  -0.2714,-0.260784,-0.249232,-0.260784,-0.260929,-0.249232, -4.98417,-0.249232,  -0.2714,-0.260784,-0.249232,-0.260784]
	PARPACK diagonalization completed after 30 matrix-vector product operations.
	iteration results: : total energy is -41.988185 | electron energy -42.798368 + phonon energy 0.810183 | electron momentum kIdx = 10
The 9-th iteration is completed.	|| time cost : 0h 0m 1.008s
********************************************************************************************************************
Start the 10 rounds of NGS-ED iteration
	effective electronic model is modified as: kinetic energy t = 0.845548
	                                           effective interaction Vq = [       -5,-0.271399,-0.260928,-0.271399,-0.271399,-0.260783,-0.249231,-0.260783,-0.260928,-0.249231, -4.98417,-0.249231,-0.271399,-0.260783,-0.249231,-0.260783]
	PARPACK diagonalization completed after 30 matrix-vector product operations.
	iteration results: : total energy is -41.988185 | electron energy -42.798366 + phonon energy 0.810181 | electron momentum kIdx = 10
The 10-th iteration is completed.	|| time cost : 0h 0m 1.01s
********************************************************************************************************************
Start the 11 rounds of NGS-ED iteration
	effective electronic model is modified as: kinetic energy t = 0.845548
	                                           effective interaction Vq = [       -5,-0.271399,-0.260928,-0.271399,-0.271399,-0.260782,-0.249231,-0.260782,-0.260928,-0.249231, -4.98417,-0.249231,-0.271399,-0.260782,-0.249231,-0.260782]
	PARPACK diagonalization completed after 30 matrix-vector product operations.
	iteration results: : total energy is -41.988185 | electron energy -42.798366 + phonon energy 0.810181 | electron momentum kIdx = 10
The 11-th iteration is completed.	|| time cost : 0h 0m 0.989s
********************************************************************************************************************
Start the 12 rounds of NGS-ED iteration
	effective electronic model is modified as: kinetic energy t = 0.845548
	                                           effective interaction Vq = [       -5,-0.271399,-0.260928,-0.271399,-0.271399,-0.260782,-0.249231,-0.260782,-0.260928,-0.249231, -4.98417,-0.249231,-0.271399,-0.260782,-0.249231,-0.260782]
	PARPACK diagonalization completed after 30 matrix-vector product operations.
	iteration results: : total energy is -41.988185 | electron energy -42.798366 + phonon energy 0.810181 | electron momentum kIdx = 10
	Nq(0) = 4,	Nq(1) = 0.0250756,	Nq(2) = 0.0468665,	Nq(3) = 0.0250756,	Nq(4) = 0.0250756,	Nq(5) = 0.0468423,	
	Nq(6) = 0.0656703,	Nq(7) = 0.0468423,	Nq(8) = 0.0468665,	Nq(9) = 0.0656703,	Nq(10) = 3.39764,	
	Nq(11) = 0.0656703,	Nq(12) = 0.0250756,	Nq(13) = 0.0468423,	Nq(14) = 0.0656703,	Nq(15) = 0.0468423;	
	Sq(0) = -1.08382e-19,	Sq(1) = 0.337346,	Sq(2) = 0.648734,	Sq(3) = 0.337346,	Sq(4) = 0.337346,	
	Sq(5) = 0.950004,	Sq(6) = 0.356966,	Sq(7) = 0.950004,	Sq(8) = 0.648734,	Sq(9) = 0.356966,	
	Sq(10) = 0.0835416,	Sq(11) = 0.356966,	Sq(12) = 0.337346,	Sq(13) = 0.950004,	Sq(14) = 0.356966,	
	Sq(15) = 0.950004;	N(0) = 1.1173,	N(1) = 0.704266,	N(2) = 0.46831,	N(3) = 0.704266,	
	N(4) = 0.704266,	N(5) = 0.436418,	N(6) = 0.295776,	N(7) = 0.436418,	N(8) = 0.46831,	
	N(9) = 0.295776,	N(10) = 0.200245,	N(11) = 0.295776,	N(12) = 0.704266,	N(13) = 0.436418,	
	N(14) = 0.295776,	N(15) = 0.436418;	Delta[s](0) = 0.00330176,	Delta[s](1) = 0.0017548,	Delta[s](2) = 0.00110346,	
	Delta[s](3) = 0.0017548,	Delta[s](4) = 0.0017548,	Delta[s](5) = 0.000849256,	Delta[s](6) = 0.000852865,	Delta[s](7) = 0.000849256,	
	Delta[s](8) = 0.00110346,	Delta[s](9) = 0.000852865,	Delta[s](10) = 0.0015259,	Delta[s](11) = 0.000852865,	Delta[s](12) = 0.0017548,	
	Delta[s](13) = 0.000849256,	Delta[s](14) = 0.000852865,	Delta[s](15) = 0.000849256;	Delta[d](0) = 0.020424,	Delta[d](1) = 0.0140639,	
	Delta[d](2) = 0.0155618,	Delta[d](3) = 0.0140639,	Delta[d](4) = 0.0140639,	Delta[d](5) = 0.00404849,	Delta[d](6) = 0.00300219,	
	Delta[d](7) = 0.00404849,	Delta[d](8) = 0.0155618,	Delta[d](9) = 0.00300219,	Delta[d](10) = 0.000247712,	Delta[d](11) = 0.00300219,	
	Delta[d](12) = 0.0140639,	Delta[d](13) = 0.00404849,	Delta[d](14) = 0.00300219,	Delta[d](15) = 0.00404849;	Delta[s+](0) = 0.0595671,	
	Delta[s+](1) = 0.0316594,	Delta[s+](2) = 0.0155618,	Delta[s+](3) = 0.0316594,	Delta[s+](4) = 0.0316594,	Delta[s+](5) = 0.0122417,	
	Delta[s+](6) = 0.00315996,	Delta[s+](7) = 0.0122417,	Delta[s+](8) = 0.0155618,	Delta[s+](9) = 0.00315996,	Delta[s+](10) = 0.000213659,	
	Delta[s+](11) = 0.00315996,	Delta[s+](12) = 0.0316594,	Delta[s+](13) = 0.0122417,	Delta[s+](14) = 0.00315996,	Delta[s+](15) = 0.0122417
	
The 12-th iteration is completed.	|| time cost : 0h 0m 3.218s
********************************************************************************************************************
********************************************************************************************************************
Ground state is obtained after 13 iterations. The current ground-state energy is -41.9882, in which electron energy is -42.7984 and phonon energy is 0.810181
Final variational state is: 
	Gamma_x = [      1,1.03412,1.06214,1.03412,1.03412,1.06207,1.08405,1.06207,1.06214,1.08405, 18.096,1.08405,1.03412,1.06207,1.08405,1.06207]
	lambda_q = [       5,0.137593,0.132212,0.137593,0.137593,0.132137,0.126208,0.132137,0.132212,0.126208, 4.71868,0.126208,0.137593,0.132137,0.126208,0.132137]
Effective e-e interactions mediated by phonons are:
	momentum-space Vq = [       -5,-0.271399,-0.260928,-0.271399,-0.271399,-0.260782,-0.249231,-0.260782,-0.260928,-0.249231, -4.98417,-0.249231,-0.271399,-0.260782,-0.249231,-0.260782]
	real-space Vr = [   -0.85198,-0.00376027,  -0.591431,-0.00376027,-0.00376027,  -0.591395, 0.00178179,  -0.591395,  -0.591431, 0.00178179,  -0.591665, 0.00178179,-0.00376027,  -0.591395, 0.00178179,  -0.591395]
********************************************************************************************************************
o___o  ----------------------------------------
| L |	Time since last clock: 0h 0m 0.007s
A===A	Time since the beginning: 0h 0m 23.593s
***********************************************


Non-Gaussina ED ground state calculation is completed. The final ground-state energy is -41.9882
********************************************************************************************************************
o___o  ----------------------------------------
| L |	Time since last clock: 0h 0m 0.002s
A===A	Time since the beginning: 0h 0m 23.596s
***********************************************



********************************************************************************************************************
All non-Gaussian ED ground state calculations have been completed. Exit now.
