SNEDics v3.2 diagonalization test program		Start at Wed May  1 12:53:14 2019

parallized on 80 MPI threads  * 6 OpenMP threads = 480 total threads.
************************************************************************************
************************************************************************************

Input file "model_params.in"
Hubbard-Holstein model parameters : 	t = 1    U = 2    g = 1.4142    W = 1    
************************************************************************************
Input file "hilbertspace_params.in"

Cluster Positions:				Cluster symmetry group : D4
 x ... x ... x ... x .....                       x ... x ... x ... x .....
 |           |           :                       |           |           :
 |           |           :                       |           |           :
12    13    14    15     x                       1     5     6     5     x
 |           |           :                       |           |           :
 |           |           :                       |           |           :
 8 --- 9 ---10 ---11 --- x                       2 --- 6 ---10 --- 6 --- x
 |           |           :                       |           |           :
 |           |           :                       |           |           :
 4     5     6     7     x                       1     5     6     5     x
 |           |           :                       |           |           :
 |           |           :                       |           |           :
 0 --- 1 --- 2 --- 3 --- x                       0 --- 1 --- 2 --- 1 --- x
orbital number : 1
************************************************************************************
** NOTE ** Detected low phonon energy W < 10. The initial state will be prepared through a warm-up process.
starting warm-up calculation for scaling factor 16
0 rounds of non-Gaussian ED iteration : ground-state energy is -18.0176 | electron energy -18.0176 + phonon energy 0 | electron momentum kIdx = 0
Nq = 	16	0.245211	0.311045	0.245211	0.245211	0.311045	0.446617	0.311045	0.311045	0.446617	0.513491	0.446617	0.245211	0.311045	0.446617	0.311045
Sq = 	1.62176e-18	0.413058	0.598296	0.413058	0.413058	0.598296	0.72336	0.598296	0.598296	0.72336	2.71747	0.72336	0.413058	0.598296	0.72336	0.598296
1 rounds of non-Gaussian ED iteration : ground-state energy is -61.243 | electron energy -61.2471 + phonon energy 0.00414197 | electron momentum kIdx = 0
Nq = 	16	0.440105	0.717102	0.440105	0.440105	0.717102	0.732159	0.717102	0.717102	0.732159	1.58595	0.732159	0.440105	0.717102	0.732159	0.717102
Sq = 	5.38819e-19	0.264587	0.32366	0.264587	0.264587	0.32366	0.472052	0.32366	0.32366	0.472052	0.533862	0.472052	0.264587	0.32366	0.472052	0.32366
2 rounds of non-Gaussian ED iteration : ground-state energy is -63.5196 | electron energy -63.5346 + phonon energy 0.0149942 | electron momentum kIdx = 0
Nq = 	16	0.410574	0.580487	0.410574	0.410574	0.580487	0.713147	0.580487	0.580487	0.713147	2.95168	0.713147	0.410574	0.580487	0.713147	0.580487
Sq = 	-6.72953e-18	0.240124	0.307515	0.240124	0.240124	0.307515	0.439399	0.307515	0.307515	0.439399	0.507326	0.439399	0.240124	0.307515	0.439399	0.307515
3 rounds of non-Gaussian ED iteration : ground-state energy is -63.6292 | electron energy -63.6479 + phonon energy 0.0187192 | electron momentum kIdx = 0
Nq = 	16	0.386231	0.498858	0.386231	0.386231	0.498858	0.686168	0.498858	0.498858	0.686168	3.68695	0.686168	0.386231	0.498858	0.686168	0.498858
Sq = 	4.32995e-18	0.237588	0.305427	0.237588	0.237588	0.305427	0.435861	0.305427	0.305427	0.435861	0.503946	0.435861	0.237588	0.305427	0.435861	0.305427
4 rounds of non-Gaussian ED iteration : ground-state energy is -63.6384 | electron energy -63.6576 + phonon energy 0.0192338 | electron momentum kIdx = 0
Nq = 	16	0.376298	0.468703	0.376298	0.376298	0.468703	0.674283	0.468703	0.468703	0.674283	3.95369	0.674283	0.376298	0.468703	0.674283	0.468703
Sq = 	7.93864e-18	0.237818	0.305392	0.237818	0.237818	0.305392	0.436064	0.305392	0.305392	0.436064	0.503892	0.436064	0.237818	0.305392	0.436064	0.305392
5 rounds of non-Gaussian ED iteration : ground-state energy is -63.6398 | electron energy -63.6589 + phonon energy 0.019153 | electron momentum kIdx = 0
Nq = 	16	0.371898	0.456014	0.371898	0.371898	0.456014	0.668891	0.456014	0.456014	0.668891	4.06527	0.668891	0.371898	0.456014	0.668891	0.456014
Sq = 	2.83568e-18	0.238133	0.305515	0.238133	0.238133	0.305515	0.43644	0.305515	0.305515	0.43644	0.504107	0.43644	0.238133	0.305515	0.43644	0.305515
Ground state is obtained after 6 iterations. The current ground-state energy is -63.6401, in which electron energy is -63.6591 and phonon energy is 0.0190522
final variational state is: 
Gamma_x =       1  1.0083 1.01473  1.0083  1.0083 1.01473 1.02186 1.01473 1.01473 1.02186 1.03721 1.02186  1.0083 1.01473 1.02186 1.01473
lambda_q = 0.353526 0.318807 0.300619 0.318807 0.318807 0.300619  0.29973 0.300619 0.300619  0.29973 0.340177  0.29973 0.318807 0.300619  0.29973 0.300619
o___o  -------------------------------------
| L |	Time since last clock: 0h 33m 30.781s
A===A	Time since the beginning: 0h 33m 30.781s
********************************************

************************************************************************************
starting warm-up calculation for scaling factor 8
0 rounds of non-Gaussian ED iteration : ground-state energy is -58.3182 | electron energy -58.3277 + phonon energy 0.00952609 | electron momentum kIdx = 0
Nq = 	16	0.339083	0.378325	0.339083	0.339083	0.378325	0.611614	0.378325	0.378325	0.611614	4.50683	0.611614	0.339083	0.378325	0.611614	0.378325
Sq = 	-2.76827e-18	0.263376	0.322783	0.263376	0.263376	0.322783	0.47368	0.322783	0.322783	0.47368	0.53551	0.47368	0.263376	0.322783	0.47368	0.322783
1 rounds of non-Gaussian ED iteration : ground-state energy is -61.3174 | electron energy -61.3607 + phonon energy 0.0432389 | electron momentum kIdx = 0
Nq = 	16	0.31882	0.367612	0.31882	0.31882	0.367612	0.590732	0.367612	0.367612	0.590732	5.06258	0.590732	0.31882	0.367612	0.590732	0.367612
Sq = 	4.19264e-18	0.241056	0.307546	0.241056	0.241056	0.307546	0.443285	0.307546	0.307546	0.443285	0.510902	0.443285	0.241056	0.307546	0.443285	0.307546
2 rounds of non-Gaussian ED iteration : ground-state energy is -61.9052 | electron energy -61.9689 + phonon energy 0.0637451 | electron momentum kIdx = 0
Nq = 	16	0.314063	0.365369	0.314063	0.314063	0.365369	0.586147	0.365369	0.365369	0.586147	5.20243	0.586147	0.314063	0.365369	0.586147	0.365369
Sq = 	1.47222e-18	0.235247	0.30323	0.235247	0.235247	0.30323	0.435097	0.30323	0.30323	0.435097	0.503761	0.435097	0.235247	0.30323	0.435097	0.30323
3 rounds of non-Gaussian ED iteration : ground-state energy is -62.0189 | electron energy -62.092 + phonon energy 0.0730842 | electron momentum kIdx = 0
Nq = 	16	0.313356	0.365202	0.313356	0.313356	0.365202	0.58577	0.365202	0.365202	0.58577	5.23279	0.58577	0.313356	0.365202	0.58577	0.365202
Sq = 	2.37907e-18	0.233666	0.302013	0.233666	0.233666	0.302013	0.432774	0.302013	0.302013	0.432774	0.501659	0.432774	0.233666	0.302013	0.432774	0.302013
4 rounds of non-Gaussian ED iteration : ground-state energy is -62.041 | electron energy -62.118 + phonon energy 0.0770184 | electron momentum kIdx = 0
Nq = 	16	0.313338	0.365303	0.313338	0.313338	0.365303	0.58595	0.365303	0.365303	0.58595	5.23951	0.58595	0.313338	0.365303	0.58595	0.365303
Sq = 	-1.95447e-18	0.233174	0.301626	0.233174	0.233174	0.301626	0.432026	0.301626	0.301626	0.432026	0.500964	0.432026	0.233174	0.301626	0.432026	0.301626
5 rounds of non-Gaussian ED iteration : ground-state energy is -62.0452 | electron energy -62.1239 + phonon energy 0.0786285 | electron momentum kIdx = 0
Nq = 	16	0.313384	0.365379	0.313384	0.313384	0.365379	0.586092	0.365379	0.365379	0.586092	5.24114	0.586092	0.313384	0.365379	0.586092	0.365379
Sq = 	4.61728e-18	0.233002	0.301489	0.233002	0.233002	0.301489	0.431757	0.301489	0.301489	0.431757	0.500711	0.431757	0.233002	0.301489	0.431757	0.301489
Ground state is obtained after 6 iterations. The current ground-state energy is -62.0461, in which electron energy is -62.1254 and phonon energy is 0.0792799
final variational state is: 
Gamma_x =       1 1.02485 1.03835 1.02485 1.02485 1.03835 1.05979 1.03835 1.03835 1.05979  1.1313 1.05979 1.02485 1.03835 1.05979 1.03835
lambda_q =  0.49879 0.402162 0.354317 0.402162 0.402162 0.354317  0.36316 0.354317 0.354317  0.36316 0.474431  0.36316 0.402162 0.354317  0.36316 0.354317
o___o  -------------------------------------
| L |	Time since last clock: 0h 33m 18.937s
A===A	Time since the beginning: 1h 6m 49.718s
********************************************

************************************************************************************
starting warm-up calculation for scaling factor 4
0 rounds of non-Gaussian ED iteration : ground-state energy is -56.405 | electron energy -56.4446 + phonon energy 0.03964 | electron momentum kIdx = 0
Nq = 	16	0.301382	0.350765	0.301382	0.301382	0.350765	0.554777	0.350765	0.350765	0.554777	5.16851	0.554777	0.301382	0.350765	0.554777	0.350765
Sq = 	-1.32625e-18	0.251875	0.316952	0.251875	0.251875	0.316952	0.464881	0.316952	0.316952	0.464881	0.533528	0.464881	0.251875	0.316952	0.464881	0.316952
1 rounds of non-Gaussian ED iteration : ground-state energy is -58.4618 | electron energy -58.5683 + phonon energy 0.10645 | electron momentum kIdx = 0
Nq = 	16	0.276359	0.335991	0.276359	0.276359	0.335991	0.522594	0.335991	0.335991	0.522594	5.79057	0.522594	0.276359	0.335991	0.522594	0.335991
Sq = 	-2.06618e-18	0.230943	0.302232	0.230943	0.230943	0.302232	0.437337	0.302232	0.302232	0.437337	0.511161	0.437337	0.230943	0.302232	0.437337	0.302232
2 rounds of non-Gaussian ED iteration : ground-state energy is -59.3826 | electron energy -59.5404 + phonon energy 0.157827 | electron momentum kIdx = 0
Nq = 	16	0.261934	0.326858	0.261934	0.261934	0.326858	0.503557	0.326858	0.326858	0.503557	6.14629	0.503557	0.261934	0.326858	0.503557	0.326858
Sq = 	5.30567e-18	0.219893	0.293783	0.219893	0.219893	0.293783	0.422512	0.293783	0.293783	0.422512	0.498275	0.422512	0.219893	0.293783	0.422512	0.293783
3 rounds of non-Gaussian ED iteration : ground-state energy is -59.7853 | electron energy -59.9761 + phonon energy 0.190827 | electron momentum kIdx = 0
Nq = 	16	0.254293	0.321838	0.254293	0.254293	0.321838	0.493223	0.321838	0.321838	0.493223	6.33354	0.493223	0.254293	0.321838	0.493223	0.321838
Sq = 	1.74606e-18	0.214349	0.289378	0.214349	0.214349	0.289378	0.415033	0.289378	0.289378	0.415033	0.491581	0.415033	0.214349	0.289378	0.415033	0.289378
4 rounds of non-Gaussian ED iteration : ground-state energy is -59.9593 | electron energy -60.1698 + phonon energy 0.210522 | electron momentum kIdx = 0
Nq = 	16	0.250208	0.319116	0.250208	0.250208	0.319116	0.487591	0.319116	0.319116	0.487591	6.43205	0.487591	0.250208	0.319116	0.487591	0.319116
Sq = 	4.82364e-18	0.21154	0.287112	0.21154	0.21154	0.287112	0.411263	0.287112	0.287112	0.411263	0.488175	0.411263	0.21154	0.287112	0.411263	0.287112
5 rounds of non-Gaussian ED iteration : ground-state energy is -60.0343 | electron energy -60.2562 + phonon energy 0.22181 | electron momentum kIdx = 0
Nq = 	16	0.247915	0.317586	0.247915	0.247915	0.317586	0.48438	0.317586	0.317586	0.48438	6.48604	0.48438	0.247915	0.317586	0.48438	0.317586
Sq = 	-1.28819e-18	0.210054	0.285911	0.210054	0.210054	0.285911	0.409295	0.285911	0.285911	0.409295	0.486397	0.409295	0.210054	0.285911	0.409295	0.285911
6 rounds of non-Gaussian ED iteration : ground-state energy is -60.0668 | electron energy -60.2949 + phonon energy 0.228086 | electron momentum kIdx = 0
Nq = 	16	0.246557	0.316683	0.246557	0.246557	0.316683	0.482453	0.316683	0.316683	0.482453	6.51719	0.482453	0.246557	0.316683	0.482453	0.316683
Sq = 	-5.28035e-18	0.209227	0.285245	0.209227	0.209227	0.285245	0.408217	0.285245	0.285245	0.408217	0.485429	0.408217	0.209227	0.285245	0.408217	0.285245
7 rounds of non-Gaussian ED iteration : ground-state energy is -60.0809 | electron energy -60.3124 + phonon energy 0.231479 | electron momentum kIdx = 0
Nq = 	16	0.245717	0.316126	0.245717	0.245717	0.316126	0.481246	0.316126	0.316126	0.481246	6.53598	0.481246	0.245717	0.316126	0.481246	0.316126
Sq = 	-5.32018e-18	0.208745	0.284858	0.208745	0.208745	0.284858	0.407601	0.284858	0.284858	0.407601	0.484881	0.407601	0.208745	0.284858	0.407601	0.284858
8 rounds of non-Gaussian ED iteration : ground-state energy is -60.0871 | electron energy -60.3204 + phonon energy 0.233258 | electron momentum kIdx = 0
Nq = 	16	0.245181	0.315773	0.245181	0.245181	0.315773	0.48047	0.315773	0.315773	0.48047	6.54768	0.48047	0.245181	0.315773	0.48047	0.315773
Sq = 	2.04033e-18	0.208454	0.284627	0.208454	0.208454	0.284627	0.407237	0.284627	0.284627	0.407237	0.48456	0.407237	0.208454	0.284627	0.407237	0.284627
9 rounds of non-Gaussian ED iteration : ground-state energy is -60.0898 | electron energy -60.324 + phonon energy 0.234157 | electron momentum kIdx = 0
Nq = 	16	0.244833	0.315544	0.244833	0.244833	0.315544	0.47996	0.315544	0.315544	0.47996	6.55513	0.47996	0.244833	0.315544	0.47996	0.315544
Sq = 	-3.89573e-18	0.208274	0.284485	0.208274	0.208274	0.284485	0.407016	0.284485	0.284485	0.407016	0.484367	0.407016	0.208274	0.284485	0.407016	0.284485
10 rounds of non-Gaussian ED iteration : ground-state energy is -60.0911 | electron energy -60.3256 + phonon energy 0.234588 | electron momentum kIdx = 0
Nq = 	16	0.244604	0.315394	0.244604	0.244604	0.315394	0.479623	0.315394	0.315394	0.479623	6.55994	0.479623	0.244604	0.315394	0.479623	0.315394
Sq = 	-3.99782e-18	0.20816	0.284396	0.20816	0.20816	0.284396	0.406879	0.284396	0.284396	0.406879	0.48425	0.406879	0.20816	0.284396	0.406879	0.284396
Ground state is obtained after 11 iterations. The current ground-state energy is -60.0916, in which electron energy is -60.3264 and phonon energy is 0.234776
final variational state is: 
Gamma_x =       1 1.05832 1.08162 1.05832 1.05832 1.08162 1.12605 1.08162 1.08162 1.12605 1.42849 1.12605 1.05832 1.08162 1.12605 1.08162
lambda_q = 0.704543 0.450785 0.379357 0.450785 0.450785 0.379357 0.388899 0.379357 0.379357 0.388899 0.664686 0.388899 0.450785 0.379357 0.388899 0.379357
o___o  -------------------------------------
| L |	Time since last clock: 0h 57m 48.37s
A===A	Time since the beginning: 2h 4m 38.088s
********************************************

************************************************************************************
starting warm-up calculation for scaling factor 2
0 rounds of non-Gaussian ED iteration : ground-state energy is -54.393 | electron energy -54.5104 + phonon energy 0.117388 | electron momentum kIdx = 0
Nq = 	16	0.244615	0.312001	0.244615	0.244615	0.312001	0.469116	0.312001	0.312001	0.469116	6.30385	0.469116	0.244615	0.312001	0.469116	0.312001
Sq = 	7.50711e-19	0.224934	0.299921	0.224934	0.224934	0.299921	0.438101	0.299921	0.299921	0.438101	0.517551	0.438101	0.224934	0.299921	0.438101	0.299921
1 rounds of non-Gaussian ED iteration : ground-state energy is -55.7711 | electron energy -55.9841 + phonon energy 0.213027 | electron momentum kIdx = 0
Nq = 	16	0.220358	0.293302	0.220358	0.220358	0.293302	0.434559	0.293302	0.293302	0.434559	6.96433	0.434559	0.220358	0.293302	0.434559	0.293302
Sq = 	2.42565e-18	0.204746	0.283671	0.204746	0.204746	0.283671	0.410544	0.283671	0.283671	0.410544	0.493003	0.410544	0.204746	0.283671	0.410544	0.283671
2 rounds of non-Gaussian ED iteration : ground-state energy is -56.6969 | electron energy -56.9867 + phonon energy 0.289789 | electron momentum kIdx = 0
Nq = 	16	0.202912	0.278937	0.202912	0.202912	0.278937	0.409302	0.278937	0.278937	0.409302	7.45549	0.409302	0.202912	0.278937	0.409302	0.278937
Sq = 	-1.7072e-18	0.190403	0.271069	0.190403	0.190403	0.271069	0.390125	0.271069	0.271069	0.390125	0.473504	0.390125	0.190403	0.271069	0.390125	0.271069
3 rounds of non-Gaussian ED iteration : ground-state energy is -57.2987 | electron energy -57.6442 + phonon energy 0.345444 | electron momentum kIdx = 0
Nq = 	16	0.191334	0.268915	0.191334	0.191334	0.268915	0.392168	0.268915	0.268915	0.392168	7.78951	0.392168	0.191334	0.268915	0.392168	0.268915
Sq = 	1.09261e-18	0.180977	0.262312	0.180977	0.180977	0.262312	0.376351	0.262312	0.262312	0.376351	0.459809	0.376351	0.180977	0.262312	0.376351	0.262312
4 rounds of non-Gaussian ED iteration : ground-state energy is -57.681 | electron energy -58.0646 + phonon energy 0.383551 | electron momentum kIdx = 0
Nq = 	16	0.183854	0.262231	0.183854	0.183854	0.262231	0.380896	0.262231	0.262231	0.380896	8.00797	0.380896	0.183854	0.262231	0.380896	0.262231
Sq = 	-2.94071e-18	0.17497	0.256538	0.17497	0.17497	0.256538	0.367446	0.256538	0.256538	0.367446	0.45075	0.367446	0.17497	0.256538	0.367446	0.256538
5 rounds of non-Gaussian ED iteration : ground-state energy is -57.9219 | electron energy -58.3305 + phonon energy 0.408588 | electron momentum kIdx = 0
Nq = 	16	0.179006	0.257817	0.179006	0.179006	0.257817	0.373487	0.257817	0.257817	0.373487	8.15006	0.373487	0.179006	0.257817	0.373487	0.257817
Sq = 	2.29619e-18	0.171142	0.252782	0.171142	0.171142	0.252782	0.361736	0.252782	0.252782	0.361736	0.444865	0.361736	0.171142	0.252782	0.361736	0.252782
6 rounds of non-Gaussian ED iteration : ground-state energy is -58.0741 | electron energy -58.4985 + phonon energy 0.424419 | electron momentum kIdx = 0
Nq = 	16	0.175803	0.25487	0.175803	0.175803	0.25487	0.368538	0.25487	0.25487	0.368538	8.24375	0.368538	0.175803	0.25487	0.368538	0.25487
Sq = 	1.09761e-18	0.168659	0.250318	0.168659	0.168659	0.250318	0.358028	0.250318	0.250318	0.358028	0.441017	0.358028	0.168659	0.250318	0.358028	0.250318
7 rounds of non-Gaussian ED iteration : ground-state energy is -58.1711 | electron energy -58.6051 + phonon energy 0.433998 | electron momentum kIdx = 0
Nq = 	16	0.173632	0.252862	0.173632	0.173632	0.252862	0.365151	0.252862	0.252862	0.365151	8.30695	0.365151	0.173632	0.252862	0.365151	0.252862
Sq = 	2.92294e-20	0.167007	0.248667	0.167007	0.167007	0.248667	0.355566	0.248667	0.248667	0.355566	0.43845	0.355566	0.167007	0.248667	0.355566	0.248667
8 rounds of non-Gaussian ED iteration : ground-state energy is -58.2336 | electron energy -58.673 + phonon energy 0.439463 | electron momentum kIdx = 0
Nq = 	16	0.172124	0.251462	0.172124	0.172124	0.251462	0.362777	0.251462	0.251462	0.362777	8.35065	0.362777	0.172124	0.251462	0.362777	0.251462
Sq = 	-4.20369e-18	0.165878	0.247534	0.165878	0.165878	0.247534	0.353889	0.247534	0.247534	0.353889	0.436698	0.353889	0.165878	0.247534	0.353889	0.247534
9 rounds of non-Gaussian ED iteration : ground-state energy is -58.2743 | electron energy -58.7166 + phonon energy 0.442309 | electron momentum kIdx = 0
Nq = 	16	0.171053	0.250466	0.171053	0.171053	0.250466	0.361076	0.250466	0.250466	0.361076	8.38156	0.361076	0.171053	0.250466	0.361076	0.250466
Sq = 	-2.43019e-19	0.165086	0.246739	0.165086	0.165086	0.246739	0.352719	0.246739	0.246739	0.352719	0.435474	0.352719	0.165086	0.246739	0.352719	0.246739
10 rounds of non-Gaussian ED iteration : ground-state energy is -58.301 | electron energy -58.7445 + phonon energy 0.443546 | electron momentum kIdx = 0
Nq = 	16	0.170278	0.249744	0.170278	0.170278	0.249744	0.359834	0.249744	0.249744	0.359834	8.40384	0.359834	0.170278	0.249744	0.359834	0.249744
Sq = 	-6.37165e-18	0.16452	0.24617	0.16452	0.16452	0.24617	0.351886	0.24617	0.24617	0.351886	0.434602	0.351886	0.16452	0.24617	0.351886	0.24617
11 rounds of non-Gaussian ED iteration : ground-state energy is -58.3186 | electron energy -58.7625 + phonon energy 0.443842 | electron momentum kIdx = 0
Nq = 	16	0.169709	0.249214	0.169709	0.169709	0.249214	0.358915	0.249214	0.249214	0.358915	8.42014	0.358915	0.169709	0.249214	0.358915	0.249214
Sq = 	-7.9011e-19	0.164109	0.245756	0.164109	0.164109	0.245756	0.351283	0.245756	0.245756	0.351283	0.433971	0.351283	0.164109	0.245756	0.351283	0.245756
12 rounds of non-Gaussian ED iteration : ground-state energy is -58.3303 | electron energy -58.7739 + phonon energy 0.443622 | electron momentum kIdx = 0
Nq = 	16	0.169287	0.248819	0.169287	0.169287	0.248819	0.358228	0.248819	0.248819	0.358228	8.43222	0.358228	0.169287	0.248819	0.358228	0.248819
Sq = 	-2.05846e-18	0.163806	0.245451	0.163806	0.163806	0.245451	0.350841	0.245451	0.245451	0.350841	0.433508	0.350841	0.163806	0.245451	0.350841	0.245451
13 rounds of non-Gaussian ED iteration : ground-state energy is -58.3381 | electron energy -58.7813 + phonon energy 0.443148 | electron momentum kIdx = 0
Nq = 	16	0.168971	0.248524	0.168971	0.168971	0.248524	0.357708	0.248524	0.248524	0.357708	8.44125	0.357708	0.168971	0.248524	0.357708	0.248524
Sq = 	-5.18601e-18	0.16358	0.245225	0.16358	0.16358	0.245225	0.350513	0.245225	0.245225	0.350513	0.433166	0.350513	0.16358	0.245225	0.350513	0.245225
14 rounds of non-Gaussian ED iteration : ground-state energy is -58.3433 | electron energy -58.7859 + phonon energy 0.442579 | electron momentum kIdx = 0
Nq = 	16	0.168733	0.2483	0.168733	0.168733	0.2483	0.357314	0.2483	0.2483	0.357314	8.44805	0.357314	0.168733	0.2483	0.357314	0.2483
Sq = 	8.58368e-19	0.163411	0.245055	0.163411	0.163411	0.245055	0.350269	0.245055	0.245055	0.350269	0.43291	0.350269	0.163411	0.245055	0.350269	0.245055
15 rounds of non-Gaussian ED iteration : ground-state energy is -58.3468 | electron energy -58.7888 + phonon energy 0.442003 | electron momentum kIdx = 0
Nq = 	16	0.168552	0.248131	0.168552	0.168552	0.248131	0.357013	0.248131	0.248131	0.357013	8.45321	0.357013	0.168552	0.248131	0.357013	0.248131
Sq = 	2.22381e-18	0.163283	0.244927	0.163283	0.163283	0.244927	0.350084	0.244927	0.244927	0.350084	0.432717	0.350084	0.163283	0.244927	0.350084	0.244927
16 rounds of non-Gaussian ED iteration : ground-state energy is -58.3491 | electron energy -58.7906 + phonon energy 0.441466 | electron momentum kIdx = 0
Nq = 	16	0.168414	0.248001	0.168414	0.168414	0.248001	0.356782	0.248001	0.248001	0.356782	8.45714	0.356782	0.168414	0.248001	0.356782	0.248001
Sq = 	2.95332e-18	0.163186	0.24483	0.163186	0.163186	0.24483	0.349945	0.24483	0.24483	0.349945	0.432572	0.349945	0.163186	0.24483	0.349945	0.24483
17 rounds of non-Gaussian ED iteration : ground-state energy is -58.3506 | electron energy -58.7916 + phonon energy 0.44099 | electron momentum kIdx = 0
Nq = 	16	0.168308	0.247902	0.168308	0.168308	0.247902	0.356604	0.247902	0.247902	0.356604	8.46014	0.356604	0.168308	0.247902	0.356604	0.247902
Sq = 	-6.41451e-19	0.163112	0.244756	0.163112	0.163112	0.244756	0.349839	0.244756	0.244756	0.349839	0.432461	0.349839	0.163112	0.244756	0.349839	0.244756
18 rounds of non-Gaussian ED iteration : ground-state energy is -58.3517 | electron energy -58.7923 + phonon energy 0.440581 | electron momentum kIdx = 0
Nq = 	16	0.168227	0.247826	0.168227	0.168227	0.247826	0.356466	0.247826	0.247826	0.356466	8.46244	0.356466	0.168227	0.247826	0.356466	0.247826
Sq = 	1.64792e-18	0.163055	0.244699	0.163055	0.163055	0.244699	0.349758	0.244699	0.244699	0.349758	0.432377	0.349758	0.163055	0.244699	0.349758	0.244699
Ground state is obtained after 19 iterations. The current ground-state energy is -58.3524, in which electron energy is -58.7926 and phonon energy is 0.440237
final variational state is: 
Gamma_x =       1  1.0844 1.11642  1.0844  1.0844 1.11642 1.17197 1.11642 1.11642 1.17197 2.23248 1.17197  1.0844 1.11642 1.17197 1.11642
lambda_q = 0.993381 0.395304 0.331229 0.395304 0.395304 0.331229 0.332776 0.331229 0.331229 0.332776 0.943933 0.332776 0.395304 0.331229 0.332776 0.331229
o___o  -------------------------------------
| L |	Time since last clock: 1h 36m 58.529s
A===A	Time since the beginning: 3h 41m 36.618s
********************************************

************************************************************************************
Warm up completed
o___o  -------------------------------------
| L |	Time since last clock: 0h 0m 0.028s
A===A	Time since the beginning: 3h 41m 36.646s
********************************************

************************************************************************************
0 rounds of non-Gaussian ED iteration : ground-state energy is -52.9385 | electron energy -53.1587 + phonon energy 0.220118 | electron momentum kIdx = 0
Nq = 	16	0.183269	0.260746	0.183269	0.183269	0.260746	0.374865	0.260746	0.260746	0.374865	7.8476	0.374865	0.183269	0.260746	0.374865	0.260746
Sq = 	-1.64945e-18	0.184093	0.266425	0.184093	0.184093	0.266425	0.386854	0.266425	0.266425	0.386854	0.473051	0.386854	0.184093	0.266425	0.386854	0.266425
1 rounds of non-Gaussian ED iteration : ground-state energy is -53.9514 | electron energy -54.2726 + phonon energy 0.321251 | electron momentum kIdx = 0
Nq = 	16	0.166424	0.244138	0.166424	0.166424	0.244138	0.348679	0.244138	0.244138	0.348679	8.41444	0.348679	0.166424	0.244138	0.348679	0.244138
Sq = 	3.10474e-18	0.167439	0.250072	0.167439	0.167439	0.250072	0.360941	0.250072	0.250072	0.360941	0.446368	0.360941	0.167439	0.250072	0.360941	0.250072
2 rounds of non-Gaussian ED iteration : ground-state energy is -54.7465 | electron energy -55.1509 + phonon energy 0.404462 | electron momentum kIdx = 0
Nq = 	16	0.153705	0.231012	0.153705	0.153705	0.231012	0.328611	0.231012	0.231012	0.328611	8.85631	0.328611	0.153705	0.231012	0.328611	0.231012
Sq = 	1.05168e-18	0.15493	0.236924	0.15493	0.15493	0.236924	0.340643	0.236924	0.236924	0.340643	0.424521	0.340643	0.15493	0.236924	0.340643	0.236924
3 rounds of non-Gaussian ED iteration : ground-state energy is -55.3451 | electron energy -55.8148 + phonon energy 0.469674 | electron momentum kIdx = 0
Nq = 	16	0.144902	0.221584	0.144902	0.144902	0.221584	0.314463	0.221584	0.221584	0.314463	9.16955	0.314463	0.144902	0.221584	0.314463	0.221584
Sq = 	3.44139e-18	0.146319	0.227432	0.146319	0.146319	0.227432	0.326255	0.227432	0.227432	0.326255	0.408593	0.326255	0.146319	0.227432	0.326255	0.227432
4 rounds of non-Gaussian ED iteration : ground-state energy is -55.7846 | electron energy -56.3038 + phonon energy 0.519171 | electron momentum kIdx = 0
Nq = 	16	0.139074	0.21518	0.139074	0.139074	0.21518	0.304954	0.21518	0.21518	0.304954	9.38013	0.304954	0.139074	0.21518	0.304954	0.21518
Sq = 	7.91643e-18	0.140655	0.220987	0.140655	0.140655	0.220987	0.316604	0.220987	0.220987	0.316604	0.397724	0.316604	0.140655	0.220987	0.316604	0.220987
5 rounds of non-Gaussian ED iteration : ground-state energy is -56.1063 | electron energy -56.6621 + phonon energy 0.555781 | electron momentum kIdx = 0
Nq = 	16	0.135282	0.210948	0.135282	0.135282	0.210948	0.298701	0.210948	0.210948	0.298701	9.5182	0.298701	0.135282	0.210948	0.298701	0.210948
Sq = 	-1.02767e-19	0.136999	0.216741	0.136999	0.136999	0.216741	0.310299	0.216741	0.216741	0.310299	0.390546	0.310299	0.136999	0.216741	0.310299	0.216741
6 rounds of non-Gaussian ED iteration : ground-state energy is -56.3449 | electron energy -56.9271 + phonon energy 0.582203 | electron momentum kIdx = 0
Nq = 	16	0.132817	0.208169	0.132817	0.132817	0.208169	0.294605	0.208169	0.208169	0.294605	9.60825	0.294605	0.132817	0.208169	0.294605	0.208169
Sq = 	3.45021e-18	0.134641	0.213968	0.134641	0.134641	0.213968	0.306205	0.213968	0.213968	0.306205	0.385855	0.306205	0.134641	0.213968	0.306205	0.213968
7 rounds of non-Gaussian ED iteration : ground-state energy is -56.5257 | electron energy -57.1265 + phonon energy 0.600791 | electron momentum kIdx = 0
Nq = 	16	0.131195	0.206333	0.131195	0.131195	0.206333	0.291895	0.206333	0.206333	0.291895	9.66747	0.291895	0.131195	0.206333	0.291895	0.206333
Sq = 	-1.34486e-18	0.133105	0.212146	0.133105	0.133105	0.212146	0.303527	0.212146	0.212146	0.303527	0.382773	0.303527	0.133105	0.212146	0.303527	0.212146
8 rounds of non-Gaussian ED iteration : ground-state energy is -56.6657 | electron energy -57.2793 + phonon energy 0.613512 | electron momentum kIdx = 0
Nq = 	16	0.130108	0.205098	0.130108	0.130108	0.205098	0.290069	0.205098	0.205098	0.290069	9.70709	0.290069	0.130108	0.205098	0.290069	0.205098
Sq = 	-9.12511e-19	0.132084	0.21093	0.132084	0.132084	0.21093	0.301745	0.21093	0.21093	0.301745	0.380717	0.301745	0.132084	0.21093	0.301745	0.21093
9 rounds of non-Gaussian ED iteration : ground-state energy is -56.7763 | electron energy -57.3982 + phonon energy 0.621947 | electron momentum kIdx = 0
Nq = 	16	0.129363	0.20425	0.129363	0.129363	0.20425	0.288808	0.20425	0.20425	0.288808	9.73421	0.288808	0.129363	0.20425	0.288808	0.20425
Sq = 	-3.57963e-18	0.131389	0.2101	0.131389	0.131389	0.2101	0.300533	0.2101	0.2101	0.300533	0.379317	0.300533	0.131389	0.2101	0.300533	0.2101
10 rounds of non-Gaussian ED iteration : ground-state energy is -56.8646 | electron energy -57.492 + phonon energy 0.627331 | electron momentum kIdx = 0
Nq = 	16	0.128839	0.203653	0.128839	0.128839	0.203653	0.287916	0.203653	0.203653	0.287916	9.75324	0.287916	0.128839	0.203653	0.287916	0.203653
Sq = 	5.13544e-19	0.130904	0.209519	0.130904	0.130904	0.209519	0.299689	0.209519	0.209519	0.299689	0.37834	0.299689	0.130904	0.209519	0.299689	0.209519
11 rounds of non-Gaussian ED iteration : ground-state energy is -56.9359 | electron energy -57.5665 + phonon energy 0.630595 | electron momentum kIdx = 0
Nq = 	16	0.128462	0.203222	0.128462	0.128462	0.203222	0.287267	0.203222	0.203222	0.287267	9.76692	0.287267	0.128462	0.203222	0.287267	0.203222
Sq = 	-1.82917e-18	0.130556	0.209103	0.130556	0.130556	0.209103	0.299085	0.209103	0.209103	0.299085	0.377642	0.299085	0.130556	0.209103	0.299085	0.209103
12 rounds of non-Gaussian ED iteration : ground-state energy is -56.9938 | electron energy -57.6262 + phonon energy 0.632423 | electron momentum kIdx = 0
Nq = 	16	0.128184	0.202904	0.128184	0.128184	0.202904	0.286785	0.202904	0.202904	0.286785	9.777	0.286785	0.128184	0.202904	0.286785	0.202904
Sq = 	-1.54614e-18	0.130302	0.208798	0.130302	0.130302	0.208798	0.298644	0.208798	0.208798	0.298644	0.377132	0.298644	0.130302	0.208798	0.298644	0.208798
13 rounds of non-Gaussian ED iteration : ground-state energy is -57.0409 | electron energy -57.6742 + phonon energy 0.633302 | electron momentum kIdx = 0
Nq = 	16	0.127975	0.202664	0.127975	0.127975	0.202664	0.286417	0.202664	0.202664	0.286417	9.78458	0.286417	0.127975	0.202664	0.286417	0.202664
Sq = 	-3.73415e-19	0.130111	0.20857	0.130111	0.130111	0.20857	0.298314	0.20857	0.20857	0.298314	0.376751	0.298314	0.130111	0.20857	0.298314	0.20857
14 rounds of non-Gaussian ED iteration : ground-state energy is -57.0793 | electron energy -57.7129 + phonon energy 0.633575 | electron momentum kIdx = 0
Nq = 	16	0.127814	0.202479	0.127814	0.127814	0.202479	0.286133	0.202479	0.202479	0.286133	9.7904	0.286133	0.127814	0.202479	0.286133	0.202479
Sq = 	-2.17502e-18	0.129964	0.208395	0.129964	0.129964	0.208395	0.298063	0.208395	0.208395	0.298063	0.37646	0.298063	0.129964	0.208395	0.298063	0.208395
15 rounds of non-Gaussian ED iteration : ground-state energy is -57.1108 | electron energy -57.7442 + phonon energy 0.633474 | electron momentum kIdx = 0
Nq = 	16	0.127689	0.202334	0.127689	0.127689	0.202334	0.285908	0.202334	0.202334	0.285908	9.79495	0.285908	0.127689	0.202334	0.285908	0.202334
Sq = 	1.41923e-18	0.12985	0.208259	0.12985	0.12985	0.208259	0.297868	0.208259	0.208259	0.297868	0.376234	0.297868	0.12985	0.208259	0.297868	0.208259
16 rounds of non-Gaussian ED iteration : ground-state energy is -57.1364 | electron energy -57.7696 + phonon energy 0.633157 | electron momentum kIdx = 0
Nq = 	16	0.127589	0.202219	0.127589	0.127589	0.202219	0.285728	0.202219	0.202219	0.285728	9.79856	0.285728	0.127589	0.202219	0.285728	0.202219
Sq = 	-1.20343e-18	0.12976	0.208151	0.12976	0.12976	0.208151	0.297714	0.208151	0.208151	0.297714	0.376057	0.297714	0.12976	0.208151	0.297714	0.208151
17 rounds of non-Gaussian ED iteration : ground-state energy is -57.1574 | electron energy -57.7902 + phonon energy 0.632728 | electron momentum kIdx = 0
Nq = 	16	0.127509	0.202126	0.127509	0.127509	0.202126	0.285582	0.202126	0.202126	0.285582	9.80146	0.285582	0.127509	0.202126	0.285582	0.202126
Sq = 	2.25298e-18	0.129688	0.208065	0.129688	0.129688	0.208065	0.297591	0.208065	0.208065	0.297591	0.375915	0.297591	0.129688	0.208065	0.297591	0.208065
18 rounds of non-Gaussian ED iteration : ground-state energy is -57.1746 | electron energy -57.8069 + phonon energy 0.632251 | electron momentum kIdx = 0
Nq = 	16	0.127444	0.20205	0.127444	0.127444	0.20205	0.285463	0.20205	0.20205	0.285463	9.80382	0.285463	0.127444	0.20205	0.285463	0.20205
Sq = 	2.93756e-18	0.129629	0.207995	0.129629	0.129629	0.207995	0.297491	0.207995	0.207995	0.297491	0.3758	0.297491	0.129629	0.207995	0.297491	0.207995
19 rounds of non-Gaussian ED iteration : ground-state energy is -57.1887 | electron energy -57.8205 + phonon energy 0.631768 | electron momentum kIdx = 0
Nq = 	16	0.127391	0.201988	0.127391	0.127391	0.201988	0.285364	0.201988	0.201988	0.285364	9.80576	0.285364	0.127391	0.201988	0.285364	0.201988
Sq = 	2.3556e-19	0.129581	0.207938	0.129581	0.129581	0.207938	0.29741	0.207938	0.207938	0.29741	0.375706	0.29741	0.129581	0.207938	0.29741	0.207938
20 rounds of non-Gaussian ED iteration : ground-state energy is -57.2002 | electron energy -57.8315 + phonon energy 0.631304 | electron momentum kIdx = 0
Nq = 	16	0.127347	0.201936	0.127347	0.127347	0.201936	0.285282	0.201936	0.201936	0.285282	9.80736	0.285282	0.127347	0.201936	0.285282	0.201936
Sq = 	2.15996e-18	0.129542	0.207891	0.129542	0.129542	0.207891	0.297343	0.207891	0.207891	0.297343	0.375629	0.297343	0.129542	0.207891	0.297343	0.207891
21 rounds of non-Gaussian ED iteration : ground-state energy is -57.2096 | electron energy -57.8405 + phonon energy 0.630872 | electron momentum kIdx = 0
Nq = 	16	0.12731	0.201894	0.12731	0.12731	0.201894	0.285213	0.201894	0.201894	0.285213	9.80869	0.285213	0.12731	0.201894	0.285213	0.201894
Sq = 	-2.62085e-19	0.129509	0.207851	0.129509	0.129509	0.207851	0.297287	0.207851	0.207851	0.297287	0.375565	0.297287	0.129509	0.207851	0.297287	0.207851
22 rounds of non-Gaussian ED iteration : ground-state energy is -57.2174 | electron energy -57.8478 + phonon energy 0.630478 | electron momentum kIdx = 0
Nq = 	16	0.127279	0.201858	0.127279	0.127279	0.201858	0.285155	0.201858	0.201858	0.285155	9.80981	0.285155	0.127279	0.201858	0.285155	0.201858
Sq = 	6.00104e-19	0.129481	0.207818	0.129481	0.129481	0.207818	0.297241	0.207818	0.207818	0.297241	0.375511	0.297241	0.129481	0.207818	0.297241	0.207818
23 rounds of non-Gaussian ED iteration : ground-state energy is -57.2237 | electron energy -57.8538 + phonon energy 0.630124 | electron momentum kIdx = 0
Nq = 	16	0.127254	0.201827	0.127254	0.127254	0.201827	0.285106	0.201827	0.201827	0.285106	9.81075	0.285106	0.127254	0.201827	0.285106	0.201827
Sq = 	1.51472e-18	0.129458	0.207791	0.129458	0.129458	0.207791	0.297202	0.207791	0.207791	0.297202	0.375466	0.297202	0.129458	0.207791	0.297202	0.207791
24 rounds of non-Gaussian ED iteration : ground-state energy is -57.2288 | electron energy -57.8587 + phonon energy 0.62981 | electron momentum kIdx = 0
Nq = 	16	0.127232	0.201802	0.127232	0.127232	0.201802	0.285064	0.201802	0.201802	0.285064	9.81154	0.285064	0.127232	0.201802	0.285064	0.201802
Sq = 	1.76432e-18	0.129438	0.207768	0.129438	0.129438	0.207768	0.297169	0.207768	0.207768	0.297169	0.375428	0.297169	0.129438	0.207768	0.297169	0.207768
25 rounds of non-Gaussian ED iteration : ground-state energy is -57.2331 | electron energy -57.8626 + phonon energy 0.629533 | electron momentum kIdx = 0
Nq = 	16	0.127213	0.20178	0.127213	0.127213	0.20178	0.285029	0.20178	0.20178	0.285029	9.81222	0.285029	0.127213	0.20178	0.285029	0.20178
Sq = 	1.92879e-21	0.129421	0.207748	0.129421	0.129421	0.207748	0.297141	0.207748	0.207748	0.297141	0.375396	0.297141	0.129421	0.207748	0.297141	0.207748
26 rounds of non-Gaussian ED iteration : ground-state energy is -57.2365 | electron energy -57.8658 + phonon energy 0.629291 | electron momentum kIdx = 0
Nq = 	16	0.127198	0.201762	0.127198	0.127198	0.201762	0.284999	0.201762	0.201762	0.284999	9.81279	0.284999	0.127198	0.201762	0.284999	0.201762
Sq = 	-2.68146e-18	0.129407	0.207731	0.129407	0.129407	0.207731	0.297117	0.207731	0.207731	0.297117	0.375369	0.297117	0.129407	0.207731	0.297117	0.207731
27 rounds of non-Gaussian ED iteration : ground-state energy is -57.2394 | electron energy -57.8685 + phonon energy 0.62908 | electron momentum kIdx = 0
Nq = 	16	0.127185	0.201746	0.127185	0.127185	0.201746	0.284973	0.201746	0.201746	0.284973	9.81327	0.284973	0.127185	0.201746	0.284973	0.201746
Sq = 	-2.39311e-18	0.129395	0.207717	0.129395	0.129395	0.207717	0.297097	0.207717	0.207717	0.297097	0.375346	0.297097	0.129395	0.207717	0.297097	0.207717
28 rounds of non-Gaussian ED iteration : ground-state energy is -57.2417 | electron energy -57.8706 + phonon energy 0.628897 | electron momentum kIdx = 0
Nq = 	16	0.127173	0.201733	0.127173	0.127173	0.201733	0.284952	0.201733	0.201733	0.284952	9.81369	0.284952	0.127173	0.201733	0.284952	0.201733
Sq = 	5.19505e-18	0.129385	0.207705	0.129385	0.129385	0.207705	0.29708	0.207705	0.207705	0.29708	0.375327	0.29708	0.129385	0.207705	0.29708	0.207705
29 rounds of non-Gaussian ED iteration : ground-state energy is -57.2436 | electron energy -57.8723 + phonon energy 0.628738 | electron momentum kIdx = 0
Nq = 	16	0.127164	0.201721	0.127164	0.127164	0.201721	0.284933	0.201721	0.201721	0.284933	9.81404	0.284933	0.127164	0.201721	0.284933	0.201721
Sq = 	-2.75021e-18	0.129376	0.207694	0.129376	0.129376	0.207694	0.297066	0.207694	0.207694	0.297066	0.37531	0.297066	0.129376	0.207694	0.297066	0.207694
30 rounds of non-Gaussian ED iteration : ground-state energy is -57.2452 | electron energy -57.8738 + phonon energy 0.628601 | electron momentum kIdx = 0
Nq = 	16	0.127155	0.201712	0.127155	0.127155	0.201712	0.284917	0.201712	0.201712	0.284917	9.81434	0.284917	0.127155	0.201712	0.284917	0.201712
Sq = 	-1.52076e-18	0.129369	0.207686	0.129369	0.129369	0.207686	0.297053	0.207686	0.207686	0.297053	0.375296	0.297053	0.129369	0.207686	0.297053	0.207686
31 rounds of non-Gaussian ED iteration : ground-state energy is -57.2464 | electron energy -57.8749 + phonon energy 0.628483 | electron momentum kIdx = 0
Nq = 	16	0.127148	0.201703	0.127148	0.127148	0.201703	0.284903	0.201703	0.201703	0.284903	9.8146	0.284903	0.127148	0.201703	0.284903	0.201703
Sq = 	-1.10531e-18	0.129363	0.207678	0.129363	0.129363	0.207678	0.297043	0.207678	0.207678	0.297043	0.375283	0.297043	0.129363	0.207678	0.297043	0.207678
32 rounds of non-Gaussian ED iteration : ground-state energy is -57.2475 | electron energy -57.8759 + phonon energy 0.628381 | electron momentum kIdx = 0
Nq = 	16	0.127142	0.201696	0.127142	0.127142	0.201696	0.284891	0.201696	0.201696	0.284891	9.81482	0.284891	0.127142	0.201696	0.284891	0.201696
Sq = 	4.50071e-18	0.129357	0.207672	0.129357	0.129357	0.207672	0.297034	0.207672	0.207672	0.297034	0.375273	0.297034	0.129357	0.207672	0.297034	0.207672
33 rounds of non-Gaussian ED iteration : ground-state energy is -57.2483 | electron energy -57.8766 + phonon energy 0.628293 | electron momentum kIdx = 0
Nq = 	16	0.127137	0.20169	0.127137	0.127137	0.20169	0.284881	0.20169	0.20169	0.284881	9.81501	0.284881	0.127137	0.20169	0.284881	0.20169
Sq = 	1.21035e-19	0.129353	0.207666	0.129353	0.129353	0.207666	0.297026	0.207666	0.207666	0.297026	0.375264	0.297026	0.129353	0.207666	0.297026	0.207666
34 rounds of non-Gaussian ED iteration : ground-state energy is -57.249 | electron energy -57.8772 + phonon energy 0.628217 | electron momentum kIdx = 0
Nq = 	16	0.127133	0.201685	0.127133	0.127133	0.201685	0.284873	0.201685	0.201685	0.284873	9.81517	0.284873	0.127133	0.201685	0.284873	0.201685
Sq = 	-2.45353e-19	0.129349	0.207661	0.129349	0.129349	0.207661	0.297019	0.207661	0.207661	0.297019	0.375256	0.297019	0.129349	0.207661	0.297019	0.207661
35 rounds of non-Gaussian ED iteration : ground-state energy is -57.2496 | electron energy -57.8778 + phonon energy 0.628152 | electron momentum kIdx = 0
Nq = 	16	0.127129	0.20168	0.127129	0.127129	0.20168	0.284865	0.20168	0.20168	0.284865	9.81531	0.284865	0.127129	0.20168	0.284865	0.20168
