SNEDics v3.4 Non-Gaussian ED ground state program		Start at Sat Mar  7 18:31:20 2020

parallized on 32 MPI threads  * 4 OpenMP threads = 128 total threads.
********************************************************************************************************************
********************************************************************************************************************

********************************************************************************************************************
System parameters and configurations
********************************************************************************************************************
Special program options are enabled: splitted diagonal Hamiltonian
********************************************************************************************************************
Read input file "model_params.in"
	Hubbard-Holstein model parameters : 	t = 1    U = 8    g = 2    W = 1    
********************************************************************************************************************
Read input file "hilbertspace_params.in"
	Requested 16-site 2D lattice, with 16 electrons (8, 8)
	Boundary : Periodic		Hilbert space representation : momentum-space (restricted to kIdx = 10)
	Conservation: particle number[U(1)]      spin[U(1)]     momentum
********************************************************************************************************************

Cluster Positions:				Cluster symmetry group : D4
 x ... x ... x ... x .....                       x ... x ... x ... x .....
 |           |           :                       |           |           :
 |           |           :                       |           |           :
12    13    14    15     x                       1     5     6     5     x
 |           |           :                       |           |           :
 |           |           :                       |           |           :
 8 --- 9 ---10 ---11 --- x                       2 --- 6 ---10 --- 6 --- x
 |           |           :                       |           |           :
 |           |           :                       |           |           :
 4     5     6     7     x                       1     5     6     5     x
 |           |           :                       |           |           :
 |           |           :                       |           |           :
 0 --- 1 --- 2 --- 3 --- x                       0 --- 1 --- 2 --- 1 --- x
orbital number : 1
********************************************************************************************************************
Read input file "obs_params.in"
	Observable Type : Nq(All),   Sq(All),   N(All),   Delta[s](All),   Delta[d](All),   Delta[s+](All)
********************************************************************************************************************
** WARNING ** the input observables have non-local factors which have been reinterpreted. The total observable number is 96
********************************************************************************************************************


********************************************************************************************************************
Start calculating the non-Gaussian ED ground state
** WARNING ** Detected low phonon energy W < 10. The initial state will be prepared through a warm-up process.
********************************************************************************************************************
Start warm-up calculation for scaling factor 16
open output files: NGSEDWarmUpW16Obs.txt
********************************************************************************************************************
Start the 0 rounds of NGS-ED iteration
	effective electronic model is modified as: kinetic energy t = 1
	                                           effective interaction Vq = [0,0,0,0,0,0,0,0,0,0,0,0,0,0,0,0]
	first Hamiltonian is constructed, non-zero numbers = 2845334624
	PARPACK diagonalization completed after 120 matrix-vector product operations.
	iteration results: : total energy is -8.284915 | electron energy -8.284915 + phonon energy 0.000000 | electron momentum kIdx = 10
	Nq(0) = 16,	Nq(1) = 0.0623747,	Nq(2) = 0.108897,	Nq(3) = 0.0623747,	Nq(4) = 0.0623747,	Nq(5) = 0.108897,	Nq(6) = 0.15084,	Nq(7) = 0.108897,	Nq(8) = 0.108897,	Nq(9) = 0.15084,	Nq(10) = 0.189673,	Nq(11) = 0.15084,	Nq(12) = 0.0623747,	Nq(13) = 0.108897,	Nq(14) = 0.15084,	Nq(15) = 0.108897,	Sq(0) = 2.79643e-19,	Sq(1) = 0.234593,	Sq(2) = 0.384437,	Sq(3) = 0.234593,	Sq(4) = 0.234593,	Sq(5) = 0.384437,	Sq(6) = 0.569544,	Sq(7) = 0.384437,	Sq(8) = 0.384437,	Sq(9) = 0.569544,	Sq(10) = 8.78091,	Sq(11) = 0.569544,	Sq(12) = 0.234593,	Sq(13) = 0.384437,	Sq(14) = 0.569544,	Sq(15) = 0.384437,	N(0) = 1.77141,	N(1) = 1.55608,	N(2) = 1,	N(3) = 1.55608,	N(4) = 1.55608,	N(5) = 1,	N(6) = 0.443921,	N(7) = 1,	N(8) = 1,	N(9) = 0.443921,	N(10) = 0.228587,	N(11) = 0.443921,	N(12) = 1.55608,	N(13) = 1,	N(14) = 0.443921,	N(15) = 1,	Delta[s](0) = 0.0822367,	Delta[s](1) = 0.0686591,	Delta[s](2) = 0.0540026,	Delta[s](3) = 0.0686591,	Delta[s](4) = 0.0686591,	Delta[s](5) = 0.0540026,	Delta[s](6) = 0.0377589,	Delta[s](7) = 0.0540026,	Delta[s](8) = 0.0540026,	Delta[s](9) = 0.0377589,	Delta[s](10) = 0.0160325,	Delta[s](11) = 0.0377589,	Delta[s](12) = 0.0686591,	Delta[s](13) = 0.0540026,	Delta[s](14) = 0.0377589,	Delta[s](15) = 0.0540026,	Delta[d](0) = 0.561968,	Delta[d](1) = 0.469055,	Delta[d](2) = 0.387793,	Delta[d](3) = 0.469055,	Delta[d](4) = 0.469055,	Delta[d](5) = 0.411195,	Delta[d](6) = 0.341479,	Delta[d](7) = 0.411195,	Delta[d](8) = 0.387793,	Delta[d](9) = 0.341479,	Delta[d](10) = 0.276801,	Delta[d](11) = 0.341479,	Delta[d](12) = 0.469055,	Delta[d](13) = 0.411195,	Delta[d](14) = 0.341479,	Delta[d](15) = 0.411195,	Delta[s+](0) = 0.601924,	Delta[s+](1) = 0.505661,	Delta[s+](2) = 0.387793,	Delta[s+](3) = 0.505661,	Delta[s+](4) = 0.505661,	Delta[s+](5) = 0.387793,	Delta[s+](6) = 0.268255,	Delta[s+](7) = 0.387793,	Delta[s+](8) = 0.387793,	Delta[s+](9) = 0.268255,	Delta[s+](10) = 0.159171,	Delta[s+](11) = 0.268255,	Delta[s+](12) = 0.505661,	Delta[s+](13) = 0.387793,	Delta[s+](14) = 0.268255,	Delta[s+](15) = 0.387793
The 0-th iteration is completed.	|| time cost : 0h 7m 9.34s
********************************************************************************************************************
Start the 1 rounds of NGS-ED iteration
	effective electronic model is modified as: kinetic energy t = 0.914144
	                                           effective interaction Vq = [-3.83695, -3.4404,-3.38058, -3.4404, -3.4404,-3.38058,-3.34237,-3.38058,-3.38058,-3.34237,-3.31281,-3.34237, -3.4404,-3.38058,-3.34237,-3.38058]
	PARPACK diagonalization completed after 45 matrix-vector product operations.
	iteration results: : total energy is -79.382079 | electron energy -79.386332 + phonon energy 0.004254 | electron momentum kIdx = 10
The 1-th iteration is completed.	|| time cost : 0h 3m 29.074s
********************************************************************************************************************
Start the 2 rounds of NGS-ED iteration
	effective electronic model is modified as: kinetic energy t = 0.860275
	                                           effective interaction Vq = [-3.99335,-3.89711,-3.81134,-3.89711,-3.89711,-3.81134,-3.80847,-3.81134,-3.81134,-3.80847,-3.76114,-3.80847,-3.89711,-3.81134,-3.80847,-3.81134]
	PARPACK diagonalization completed after 30 matrix-vector product operations.
	iteration results: : total energy is -83.325884 | electron energy -83.362900 + phonon energy 0.037016 | electron momentum kIdx = 10
The 2-th iteration is completed.	|| time cost : 0h 0m 29.539s
********************************************************************************************************************
Start the 3 rounds of NGS-ED iteration
	effective electronic model is modified as: kinetic energy t = 0.846871
	                                           effective interaction Vq = [-3.99973,-3.95226,-3.86855,-3.95226,-3.95226,-3.86855,-3.88132,-3.86855,-3.86855,-3.88132,-3.82697,-3.88132,-3.95226,-3.86855,-3.88132,-3.86855]
	PARPACK diagonalization completed after 30 matrix-vector product operations.
	iteration results: : total energy is -83.508824 | electron energy -83.560368 + phonon energy 0.051544 | electron momentum kIdx = 10
The 3-th iteration is completed.	|| time cost : 0h 0m 29.487s
********************************************************************************************************************
Start the 4 rounds of NGS-ED iteration
	effective electronic model is modified as: kinetic energy t = 0.844042
	                                           effective interaction Vq = [-3.99999,-3.96127, -3.8782,-3.96127,-3.96127, -3.8782,-3.89523, -3.8782, -3.8782,-3.89523,-3.83864,-3.89523,-3.96127, -3.8782,-3.89523, -3.8782]
	PARPACK diagonalization completed after 30 matrix-vector product operations.
	iteration results: : total energy is -83.516609 | electron energy -83.571619 + phonon energy 0.055010 | electron momentum kIdx = 10
The 4-th iteration is completed.	|| time cost : 0h 0m 29.474s
********************************************************************************************************************
Start the 5 rounds of NGS-ED iteration
	effective electronic model is modified as: kinetic energy t = 0.843466
	                                           effective interaction Vq = [      -4,  -3.963,-3.87996,  -3.963,  -3.963,-3.87996,-3.89812,-3.87996,-3.87996,-3.89812,-3.84085,-3.89812,  -3.963,-3.87996,-3.89812,-3.87996]
	PARPACK diagonalization completed after 30 matrix-vector product operations.
	iteration results: : total energy is -83.516932 | electron energy -83.572677 + phonon energy 0.055744 | electron momentum kIdx = 10
The 5-th iteration is completed.	|| time cost : 0h 0m 29.523s
********************************************************************************************************************
Start the 6 rounds of NGS-ED iteration
	effective electronic model is modified as: kinetic energy t = 0.843349
	                                           effective interaction Vq = [      -4,-3.96334,-3.88029,-3.96334,-3.96334,-3.88029,-3.89873,-3.88029,-3.88029,-3.89873,-3.84128,-3.89873,-3.96334,-3.88029,-3.89873,-3.88029]
	PARPACK diagonalization completed after 30 matrix-vector product operations.
	iteration results: : total energy is -83.516946 | electron energy -83.572841 + phonon energy 0.055895 | electron momentum kIdx = 10
	Nq(0) = 16,	Nq(1) = 0.36782,	Nq(2) = 0.368095,	Nq(3) = 0.36782,	Nq(4) = 0.36782,	Nq(5) = 0.368095,	Nq(6) = 0.602262,	Nq(7) = 0.368095,	Nq(8) = 0.368095,	Nq(9) = 0.602262,	Nq(10) = 0.605673,	Nq(11) = 0.602262,	Nq(12) = 0.36782,	Nq(13) = 0.368095,	Nq(14) = 0.602262,	Nq(15) = 0.368095,	Sq(0) = 2.39169e-18,	Sq(1) = 0.376068,	Sq(2) = 0.412667,	Sq(3) = 0.376068,	Sq(4) = 0.376068,	Sq(5) = 0.412667,	Sq(6) = 0.633459,	Sq(7) = 0.412667,	Sq(8) = 0.412667,	Sq(9) = 0.633459,	Sq(10) = 2.79131,	Sq(11) = 0.633459,	Sq(12) = 0.376068,	Sq(13) = 0.412667,	Sq(14) = 0.633459,	Sq(15) = 0.412667,	N(0) = 1.99967,	N(1) = 1.99949,	N(2) = 1,	N(3) = 1.99949,	N(4) = 1.99949,	N(5) = 1,	N(6) = 0.000508479,	N(7) = 1,	N(8) = 1,	N(9) = 0.000508479,	N(10) = 0.000333194,	N(11) = 0.000508479,	N(12) = 1.99949,	N(13) = 1,	N(14) = 0.000508479,	N(15) = 1,	Delta[s](0) = 0.259242,	Delta[s](1) = 0.255618,	Delta[s](2) = 0.197377,	Delta[s](3) = 0.255618,	Delta[s](4) = 0.255618,	Delta[s](5) = 0.197377,	Delta[s](6) = 0.194101,	Delta[s](7) = 0.197377,	Delta[s](8) = 0.197377,	Delta[s](9) = 0.194101,	Delta[s](10) = 0.104903,	Delta[s](11) = 0.194101,	Delta[s](12) = 0.255618,	Delta[s](13) = 0.197377,	Delta[s](14) = 0.194101,	Delta[s](15) = 0.197377,	Delta[d](0) = 0.483046,	Delta[d](1) = 0.301826,	Delta[d](2) = 0.270507,	Delta[d](3) = 0.301826,	Delta[d](4) = 0.301826,	Delta[d](5) = 0.356794,	Delta[d](6) = 0.249893,	Delta[d](7) = 0.356794,	Delta[d](8) = 0.270507,	Delta[d](9) = 0.249893,	Delta[d](10) = 0.231146,	Delta[d](11) = 0.249893,	Delta[d](12) = 0.301826,	Delta[d](13) = 0.356794,	Delta[d](14) = 0.249893,	Delta[d](15) = 0.356794,	Delta[s+](0) = 0.493032,	Delta[s+](1) = 0.40638,	Delta[s+](2) = 0.270507,	Delta[s+](3) = 0.40638,	Delta[s+](4) = 0.40638,	Delta[s+](5) = 0.270507,	Delta[s+](6) = 0.13226,	Delta[s+](7) = 0.270507,	Delta[s+](8) = 0.270507,	Delta[s+](9) = 0.13226,	Delta[s+](10) = 0.0372427,	Delta[s+](11) = 0.13226,	Delta[s+](12) = 0.40638,	Delta[s+](13) = 0.270507,	Delta[s+](14) = 0.13226,	Delta[s+](15) = 0.270507
The 6-th iteration is completed.	|| time cost : 0h 5m 29.784s
********************************************************************************************************************
********************************************************************************************************************
Ground state is obtained after 7 iterations. The current ground-state energy is -83.5169, in which electron energy is -83.5728 and phonon energy is 0.0558952
final variational state is: 
	Gamma_x = [      1,1.01603,1.02667,1.01603,1.01603,1.02667,1.04107,1.02667,1.02667,1.04107,1.04946,1.04107,1.01603,1.02667,1.04107,1.02667]
	lambda_q = [0.499993, 0.45218,0.413523, 0.45218, 0.45218,0.413523,0.420492,0.413523,0.413523,0.420492,0.400427,0.420492, 0.45218,0.413523,0.420492,0.413523]
********************************************************************************************************************
o___o  ----------------------------------------
| L |	Time since last clock: 0h 0m 0s
A===A	Time since the beginning: 0h 18m 6.224s
***********************************************

********************************************************************************************************************
Start warm-up calculation for scaling factor 8
open output files: NGSEDWarmUpW8Obs.txt
********************************************************************************************************************
Start the 0 rounds of NGS-ED iteration
	effective electronic model is modified as: kinetic energy t = 0.843326
	                                           effective interaction Vq = [-3.65683, -3.4801,-3.31047, -3.4801, -3.4801,-3.31047,-3.34282,-3.31047,-3.31047,-3.34282,-3.24758,-3.34282, -3.4801,-3.31047,-3.34282,-3.31047]
	PARPACK diagonalization completed after 30 matrix-vector product operations.
	iteration results: : total energy is -74.678223 | electron energy -74.706186 + phonon energy 0.027963 | electron momentum kIdx = 10
	Nq(0) = 16,	Nq(1) = 0.288768,	Nq(2) = 0.32914,	Nq(3) = 0.288768,	Nq(4) = 0.288768,	Nq(5) = 0.32914,	Nq(6) = 0.490187,	Nq(7) = 0.32914,	Nq(8) = 0.32914,	Nq(9) = 0.490187,	Nq(10) = 0.534152,	Nq(11) = 0.490187,	Nq(12) = 0.288768,	Nq(13) = 0.32914,	Nq(14) = 0.490187,	Nq(15) = 0.32914,	Sq(0) = 1.15595e-18,	Sq(1) = 0.371181,	Sq(2) = 0.427343,	Sq(3) = 0.371181,	Sq(4) = 0.371181,	Sq(5) = 0.427343,	Sq(6) = 0.663194,	Sq(7) = 0.427343,	Sq(8) = 0.427343,	Sq(9) = 0.663194,	Sq(10) = 3.67364,	Sq(11) = 0.663194,	Sq(12) = 0.371181,	Sq(13) = 0.427343,	Sq(14) = 0.663194,	Sq(15) = 0.427343,	N(0) = 1.98872,	N(1) = 1.97672,	N(2) = 1,	N(3) = 1.97672,	N(4) = 1.97672,	N(5) = 1,	N(6) = 0.0232789,	N(7) = 1,	N(8) = 1,	N(9) = 0.0232789,	N(10) = 0.0112819,	N(11) = 0.0232789,	N(12) = 1.97672,	N(13) = 1,	N(14) = 0.0232789,	N(15) = 1,	Delta[s](0) = 0.217405,	Delta[s](1) = 0.205572,	Delta[s](2) = 0.171656,	Delta[s](3) = 0.205572,	Delta[s](4) = 0.205572,	Delta[s](5) = 0.171656,	Delta[s](6) = 0.160238,	Delta[s](7) = 0.171656,	Delta[s](8) = 0.171656,	Delta[s](9) = 0.160238,	Delta[s](10) = 0.101822,	Delta[s](11) = 0.160238,	Delta[s](12) = 0.205572,	Delta[s](13) = 0.171656,	Delta[s](14) = 0.160238,	Delta[s](15) = 0.171656,	Delta[d](0) = 0.494699,	Delta[d](1) = 0.341956,	Delta[d](2) = 0.303499,	Delta[d](3) = 0.341956,	Delta[d](4) = 0.341956,	Delta[d](5) = 0.371707,	Delta[d](6) = 0.285511,	Delta[d](7) = 0.371707,	Delta[d](8) = 0.303499,	Delta[d](9) = 0.285511,	Delta[d](10) = 0.250977,	Delta[d](11) = 0.285511,	Delta[d](12) = 0.341956,	Delta[d](13) = 0.371707,	Delta[d](14) = 0.285511,	Delta[d](15) = 0.371707,	Delta[s+](0) = 0.543051,	Delta[s+](1) = 0.447291,	Delta[s+](2) = 0.303499,	Delta[s+](3) = 0.447291,	Delta[s+](4) = 0.447291,	Delta[s+](5) = 0.303499,	Delta[s+](6) = 0.160278,	Delta[s+](7) = 0.303499,	Delta[s+](8) = 0.303499,	Delta[s+](9) = 0.160278,	Delta[s+](10) = 0.0539239,	Delta[s+](11) = 0.160278,	Delta[s+](12) = 0.447291,	Delta[s+](13) = 0.303499,	Delta[s+](14) = 0.160278,	Delta[s+](15) = 0.303499
The 0-th iteration is completed.	|| time cost : 0h 5m 30.277s
********************************************************************************************************************
Start the 1 rounds of NGS-ED iteration
	effective electronic model is modified as: kinetic energy t = 0.80957
	                                           effective interaction Vq = [-3.93072,-3.73139,-3.54268,-3.73139,-3.73139,-3.54268,-3.55843,-3.54268,-3.54268,-3.55843,-3.46051,-3.55843,-3.73139,-3.54268,-3.55843,-3.54268]
	PARPACK diagonalization completed after 30 matrix-vector product operations.
	iteration results: : total energy is -79.513583 | electron energy -79.621538 + phonon energy 0.107955 | electron momentum kIdx = 10
The 1-th iteration is completed.	|| time cost : 0h 0m 29.549s
********************************************************************************************************************
Start the 2 rounds of NGS-ED iteration
	effective electronic model is modified as: kinetic energy t = 0.792363
	                                           effective interaction Vq = [-3.98601,-3.82489,-3.63215,-3.82489,-3.82489,-3.63215,-3.65363,-3.63215,-3.63215,-3.65363,-3.55072,-3.65363,-3.82489,-3.63215,-3.65363,-3.63215]
	PARPACK diagonalization completed after 30 matrix-vector product operations.
	iteration results: : total energy is -80.506507 | electron energy -80.662549 + phonon energy 0.156042 | electron momentum kIdx = 10
The 2-th iteration is completed.	|| time cost : 0h 0m 29.519s
********************************************************************************************************************
Start the 3 rounds of NGS-ED iteration
	effective electronic model is modified as: kinetic energy t = 0.7841
	                                           effective interaction Vq = [-3.99718,-3.86253,-3.66873,-3.86253,-3.86253,-3.66873,-3.69662,-3.66873,-3.66873,-3.69662,-3.58955,-3.69662,-3.86253,-3.66873,-3.69662,-3.66873]
	PARPACK diagonalization completed after 30 matrix-vector product operations.
	iteration results: : total energy is -80.709550 | electron energy -80.889640 + phonon energy 0.180090 | electron momentum kIdx = 10
The 3-th iteration is completed.	|| time cost : 0h 0m 29.558s
********************************************************************************************************************
Start the 4 rounds of NGS-ED iteration
	effective electronic model is modified as: kinetic energy t = 0.78023
	                                           effective interaction Vq = [-3.99943, -3.8786,-3.68423, -3.8786, -3.8786,-3.68423, -3.7165,-3.68423,-3.68423, -3.7165,-3.60658, -3.7165, -3.8786,-3.68423, -3.7165,-3.68423]
	PARPACK diagonalization completed after 30 matrix-vector product operations.
	iteration results: : total energy is -80.750971 | electron energy -80.942548 + phonon energy 0.191577 | electron momentum kIdx = 10
The 4-th iteration is completed.	|| time cost : 0h 0m 29.545s
********************************************************************************************************************
Start the 5 rounds of NGS-ED iteration
	effective electronic model is modified as: kinetic energy t = 0.778436
	                                           effective interaction Vq = [-3.99988,-3.88572,-3.69092,-3.88572,-3.88572,-3.69092,-3.72581,-3.69092,-3.69092,-3.72581,-3.61416,-3.72581,-3.88572,-3.69092,-3.72581,-3.69092]
	PARPACK diagonalization completed after 30 matrix-vector product operations.
	iteration results: : total energy is -80.759413 | electron energy -80.956382 + phonon energy 0.196970 | electron momentum kIdx = 10
The 5-th iteration is completed.	|| time cost : 0h 0m 29.526s
********************************************************************************************************************
Start the 6 rounds of NGS-ED iteration
	effective electronic model is modified as: kinetic energy t = 0.777608
	                                           effective interaction Vq = [-3.99998,-3.88894,-3.69385,-3.88894,-3.88894,-3.69385,-3.73021,-3.69385,-3.69385,-3.73021,-3.61755,-3.73021,-3.88894,-3.69385,-3.73021,-3.69385]
	PARPACK diagonalization completed after 30 matrix-vector product operations.
	iteration results: : total energy is -80.761133 | electron energy -80.960615 + phonon energy 0.199482 | electron momentum kIdx = 10
The 6-th iteration is completed.	|| time cost : 0h 0m 29.547s
********************************************************************************************************************
Start the 7 rounds of NGS-ED iteration
	effective electronic model is modified as: kinetic energy t = 0.777225
	                                           effective interaction Vq = [      -4,-3.89041,-3.69514,-3.89041,-3.89041,-3.69514,-3.73229,-3.69514,-3.69514,-3.73229,-3.61907,-3.73229,-3.89041,-3.69514,-3.73229,-3.69514]
	PARPACK diagonalization completed after 30 matrix-vector product operations.
	iteration results: : total energy is -80.761484 | electron energy -80.962134 + phonon energy 0.200650 | electron momentum kIdx = 10
The 7-th iteration is completed.	|| time cost : 0h 0m 29.511s
********************************************************************************************************************
Start the 8 rounds of NGS-ED iteration
	effective electronic model is modified as: kinetic energy t = 0.777049
	                                           effective interaction Vq = [      -4,-3.89108,-3.69571,-3.89108,-3.89108,-3.69571,-3.73328,-3.69571,-3.69571,-3.73328,-3.61976,-3.73328,-3.89108,-3.69571,-3.73328,-3.69571]
	PARPACK diagonalization completed after 30 matrix-vector product operations.
	iteration results: : total energy is -80.761555 | electron energy -80.962747 + phonon energy 0.201192 | electron momentum kIdx = 10
The 8-th iteration is completed.	|| time cost : 0h 0m 29.585s
********************************************************************************************************************
Start the 9 rounds of NGS-ED iteration
	effective electronic model is modified as: kinetic energy t = 0.776968
	                                           effective interaction Vq = [      -4,-3.89139,-3.69596,-3.89139,-3.89139,-3.69596,-3.73374,-3.69596,-3.69596,-3.73374,-3.62007,-3.73374,-3.89139,-3.69596,-3.73374,-3.69596]
	PARPACK diagonalization completed after 30 matrix-vector product operations.
	iteration results: : total energy is -80.761570 | electron energy -80.963013 + phonon energy 0.201443 | electron momentum kIdx = 10
	Nq(0) = 16,	Nq(1) = 0.351019,	Nq(2) = 0.355414,	Nq(3) = 0.351019,	Nq(4) = 0.351019,	Nq(5) = 0.355414,	Nq(6) = 0.562902,	Nq(7) = 0.355414,	Nq(8) = 0.355414,	Nq(9) = 0.562902,	Nq(10) = 0.576743,	Nq(11) = 0.562902,	Nq(12) = 0.351019,	Nq(13) = 0.355414,	Nq(14) = 0.562902,	Nq(15) = 0.355414,	Sq(0) = -8.56401e-19,	Sq(1) = 0.376751,	Sq(2) = 0.419439,	Sq(3) = 0.376751,	Sq(4) = 0.376751,	Sq(5) = 0.419439,	Sq(6) = 0.647183,	Sq(7) = 0.419439,	Sq(8) = 0.419439,	Sq(9) = 0.647183,	Sq(10) = 3.02272,	Sq(11) = 0.647183,	Sq(12) = 0.376751,	Sq(13) = 0.419439,	Sq(14) = 0.647183,	Sq(15) = 0.419439,	N(0) = 1.9975,	N(1) = 1.99605,	N(2) = 1,	N(3) = 1.99605,	N(4) = 1.99605,	N(5) = 1,	N(6) = 0.00395385,	N(7) = 1,	N(8) = 1,	N(9) = 0.00395385,	N(10) = 0.0025033,	N(11) = 0.00395385,	N(12) = 1.99605,	N(13) = 1,	N(14) = 0.00395385,	N(15) = 1,	Delta[s](0) = 0.235236,	Delta[s](1) = 0.229021,	Delta[s](2) = 0.19254,	Delta[s](3) = 0.229021,	Delta[s](4) = 0.229021,	Delta[s](5) = 0.19254,	Delta[s](6) = 0.186739,	Delta[s](7) = 0.19254,	Delta[s](8) = 0.19254,	Delta[s](9) = 0.186739,	Delta[s](10) = 0.12894,	Delta[s](11) = 0.186739,	Delta[s](12) = 0.229021,	Delta[s](13) = 0.19254,	Delta[s](14) = 0.186739,	Delta[s](15) = 0.19254,	Delta[d](0) = 0.495417,	Delta[d](1) = 0.33593,	Delta[d](2) = 0.301278,	Delta[d](3) = 0.33593,	Delta[d](4) = 0.33593,	Delta[d](5) = 0.376579,	Delta[d](6) = 0.283315,	Delta[d](7) = 0.376579,	Delta[d](8) = 0.301278,	Delta[d](9) = 0.283315,	Delta[d](10) = 0.259149,	Delta[d](11) = 0.283315,	Delta[d](12) = 0.33593,	Delta[d](13) = 0.376579,	Delta[d](14) = 0.283315,	Delta[d](15) = 0.376579,	Delta[s+](0) = 0.529454,	Delta[s+](1) = 0.438449,	Delta[s+](2) = 0.301278,	Delta[s+](3) = 0.438449,	Delta[s+](4) = 0.438449,	Delta[s+](5) = 0.301278,	Delta[s+](6) = 0.161513,	Delta[s+](7) = 0.301278,	Delta[s+](8) = 0.301278,	Delta[s+](9) = 0.161513,	Delta[s+](10) = 0.0593545,	Delta[s+](11) = 0.161513,	Delta[s+](12) = 0.438449,	Delta[s+](13) = 0.301278,	Delta[s+](14) = 0.161513,	Delta[s+](15) = 0.301278
The 9-th iteration is completed.	|| time cost : 0h 5m 27.134s
********************************************************************************************************************
********************************************************************************************************************
Ground state is obtained after 10 iterations. The current ground-state energy is -80.7616, in which electron energy is -80.963 and phonon energy is 0.201443
final variational state is: 
	Gamma_x = [      1,1.04942,1.07346,1.04942,1.04942,1.07346,1.11347,1.07346,1.07346,1.11347,1.13046,1.11347,1.04942,1.07346,1.11347,1.07346]
	lambda_q = [0.707037,0.590664,0.512193,0.590664,0.590664,0.512193,0.524749,0.512193,0.512193,0.524749,0.489222,0.524749,0.590664,0.512193,0.524749,0.512193]
********************************************************************************************************************
o___o  ----------------------------------------
| L |	Time since last clock: 0h 0m 0s
A===A	Time since the beginning: 0h 32m 59.979s
***********************************************

********************************************************************************************************************
Start warm-up calculation for scaling factor 4
open output files: NGSEDWarmUpW4Obs.txt
********************************************************************************************************************
Start the 0 rounds of NGS-ED iteration
	effective electronic model is modified as: kinetic energy t = 0.77693
	                                           effective interaction Vq = [-3.65669,-3.32978,-3.04818,-3.32978,-3.32978,-3.04818,-3.09655,-3.04818,-3.04818,-3.09655,-2.95642,-3.09655,-3.32978,-3.04818,-3.09655,-3.04818]
	PARPACK diagonalization completed after 45 matrix-vector product operations.
	iteration results: : total energy is -71.789443 | electron energy -71.890223 + phonon energy 0.100780 | electron momentum kIdx = 10
	Nq(0) = 16,	Nq(1) = 0.253946,	Nq(2) = 0.302958,	Nq(3) = 0.253946,	Nq(4) = 0.253946,	Nq(5) = 0.302958,	Nq(6) = 0.43602,	Nq(7) = 0.302958,	Nq(8) = 0.302958,	Nq(9) = 0.43602,	Nq(10) = 0.486271,	Nq(11) = 0.43602,	Nq(12) = 0.253946,	Nq(13) = 0.302958,	Nq(14) = 0.43602,	Nq(15) = 0.302958,	Sq(0) = -7.07712e-18,	Sq(1) = 0.360633,	Sq(2) = 0.430819,	Sq(3) = 0.360633,	Sq(4) = 0.360633,	Sq(5) = 0.430819,	Sq(6) = 0.668602,	Sq(7) = 0.430819,	Sq(8) = 0.430819,	Sq(9) = 0.668602,	Sq(10) = 4.23426,	Sq(11) = 0.668602,	Sq(12) = 0.360633,	Sq(13) = 0.430819,	Sq(14) = 0.668602,	Sq(15) = 0.430819,	N(0) = 1.97529,	N(1) = 1.95049,	N(2) = 1,	N(3) = 1.95049,	N(4) = 1.95049,	N(5) = 1,	N(6) = 0.049508,	N(7) = 1,	N(8) = 1,	N(9) = 0.049508,	N(10) = 0.024712,	N(11) = 0.049508,	N(12) = 1.95049,	N(13) = 1,	N(14) = 0.049508,	N(15) = 1,	Delta[s](0) = 0.191076,	Delta[s](1) = 0.179595,	Delta[s](2) = 0.156571,	Delta[s](3) = 0.179595,	Delta[s](4) = 0.179595,	Delta[s](5) = 0.156571,	Delta[s](6) = 0.144825,	Delta[s](7) = 0.156571,	Delta[s](8) = 0.156571,	Delta[s](9) = 0.144825,	Delta[s](10) = 0.10376,	Delta[s](11) = 0.144825,	Delta[s](12) = 0.179595,	Delta[s](13) = 0.156571,	Delta[s](14) = 0.144825,	Delta[s](15) = 0.156571,	Delta[d](0) = 0.532489,	Delta[d](1) = 0.393429,	Delta[d](2) = 0.347838,	Delta[d](3) = 0.393429,	Delta[d](4) = 0.393429,	Delta[d](5) = 0.406779,	Delta[d](6) = 0.328347,	Delta[d](7) = 0.406779,	Delta[d](8) = 0.347838,	Delta[d](9) = 0.328347,	Delta[d](10) = 0.28534,	Delta[d](11) = 0.328347,	Delta[d](12) = 0.393429,	Delta[d](13) = 0.406779,	Delta[d](14) = 0.328347,	Delta[d](15) = 0.406779,	Delta[s+](0) = 0.606408,	Delta[s+](1) = 0.500342,	Delta[s+](2) = 0.347838,	Delta[s+](3) = 0.500342,	Delta[s+](4) = 0.500342,	Delta[s+](5) = 0.347838,	Delta[s+](6) = 0.196294,	Delta[s+](7) = 0.347838,	Delta[s+](8) = 0.347838,	Delta[s+](9) = 0.196294,	Delta[s+](10) = 0.0781944,	Delta[s+](11) = 0.196294,	Delta[s+](12) = 0.500342,	Delta[s+](13) = 0.347838,	Delta[s+](14) = 0.196294,	Delta[s+](15) = 0.347838
The 0-th iteration is completed.	|| time cost : 0h 5m 34.913s
********************************************************************************************************************
Start the 1 rounds of NGS-ED iteration
	effective electronic model is modified as: kinetic energy t = 0.772873
	                                           effective interaction Vq = [-3.84574,-3.43392, -3.1164,-3.43392,-3.43392, -3.1164,-3.14168, -3.1164, -3.1164,-3.14168, -2.9982,-3.14168,-3.43392, -3.1164,-3.14168, -3.1164]
	PARPACK diagonalization completed after 30 matrix-vector product operations.
	iteration results: : total energy is -74.924965 | electron energy -75.154971 + phonon energy 0.230006 | electron momentum kIdx = 10
The 1-th iteration is completed.	|| time cost : 0h 0m 29.596s
********************************************************************************************************************
Start the 2 rounds of NGS-ED iteration
	effective electronic model is modified as: kinetic energy t = 0.765856
	                                           effective interaction Vq = [-3.93069,-3.50548,-3.17043,-3.50548,-3.50548,-3.17043, -3.1911,-3.17043,-3.17043, -3.1911,-3.04791, -3.1911,-3.50548,-3.17043, -3.1911,-3.17043]
	PARPACK diagonalization completed after 30 matrix-vector product operations.
	iteration results: : total energy is -76.329632 | electron energy -76.643289 + phonon energy 0.313656 | electron momentum kIdx = 10
The 2-th iteration is completed.	|| time cost : 0h 0m 29.717s
********************************************************************************************************************
Start the 3 rounds of NGS-ED iteration
	effective electronic model is modified as: kinetic energy t = 0.75938
	                                           effective interaction Vq = [-3.96886,-3.55505,-3.20997,-3.55505,-3.55505,-3.20997,-3.23226,-3.20997,-3.20997,-3.23226,-3.08888,-3.23226,-3.55505,-3.20997,-3.23226,-3.20997]
	PARPACK diagonalization completed after 30 matrix-vector product operations.
	iteration results: : total energy is -76.962833 | electron energy -77.329140 + phonon energy 0.366307 | electron momentum kIdx = 10
The 3-th iteration is completed.	|| time cost : 0h 0m 29.465s
********************************************************************************************************************
Start the 4 rounds of NGS-ED iteration
	effective electronic model is modified as: kinetic energy t = 0.754214
	                                           effective interaction Vq = [-3.98601, -3.5896,-3.23802, -3.5896, -3.5896,-3.23802,-3.26383,-3.23802,-3.23802,-3.26383,-3.11951,-3.26383, -3.5896,-3.23802,-3.26383,-3.23802]
	PARPACK diagonalization completed after 30 matrix-vector product operations.
	iteration results: : total energy is -77.248870 | electron energy -77.649814 + phonon energy 0.400944 | electron momentum kIdx = 10
The 4-th iteration is completed.	|| time cost : 0h 0m 29.585s
********************************************************************************************************************
Start the 5 rounds of NGS-ED iteration
	effective electronic model is modified as: kinetic energy t = 0.750315
	                                           effective interaction Vq = [-3.99371,-3.61381,-3.25768,-3.61381,-3.61381,-3.25768,-3.28732,-3.25768,-3.25768,-3.28732,-3.14167,-3.28732,-3.61381,-3.25768,-3.28732,-3.25768]
	PARPACK diagonalization completed after 30 matrix-vector product operations.
	iteration results: : total energy is -77.378226 | electron energy -77.802899 + phonon energy 0.424673 | electron momentum kIdx = 10
The 5-th iteration is completed.	|| time cost : 0h 0m 29.469s
********************************************************************************************************************
Start the 6 rounds of NGS-ED iteration
	effective electronic model is modified as: kinetic energy t = 0.747446
	                                           effective interaction Vq = [-3.99717,-3.63085,-3.27141,-3.63085,-3.63085,-3.27141,-3.30459,-3.27141,-3.27141,-3.30459,-3.15751,-3.30459,-3.63085,-3.27141,-3.30459,-3.27141]
	PARPACK diagonalization completed after 30 matrix-vector product operations.
	iteration results: : total energy is -77.436781 | electron energy -77.878126 + phonon energy 0.441345 | electron momentum kIdx = 10
The 6-th iteration is completed.	|| time cost : 0h 0m 29.539s
********************************************************************************************************************
Start the 7 rounds of NGS-ED iteration
	effective electronic model is modified as: kinetic energy t = 0.74536
	                                           effective interaction Vq = [-3.99873,-3.64289,-3.28098,-3.64289,-3.64289,-3.28098,-3.31721,-3.28098,-3.28098,-3.31721,-3.16879,-3.31721,-3.64289,-3.28098,-3.31721,-3.28098]
	PARPACK diagonalization completed after 30 matrix-vector product operations.
	iteration results: : total energy is -77.463313 | electron energy -77.916531 + phonon energy 0.453218 | electron momentum kIdx = 10
The 7-th iteration is completed.	|| time cost : 0h 0m 29.677s
********************************************************************************************************************
Start the 8 rounds of NGS-ED iteration
	effective electronic model is modified as: kinetic energy t = 0.743853
	                                           effective interaction Vq = [-3.99943,-3.65142,-3.28768,-3.65142,-3.65142,-3.28768,-3.32642,-3.28768,-3.28768,-3.32642,-3.17681,-3.32642,-3.65142,-3.28768,-3.32642,-3.28768]
	PARPACK diagonalization completed after 30 matrix-vector product operations.
	iteration results: : total energy is -77.475349 | electron energy -77.937077 + phonon energy 0.461728 | electron momentum kIdx = 10
The 8-th iteration is completed.	|| time cost : 0h 0m 29.468s
********************************************************************************************************************
Start the 9 rounds of NGS-ED iteration
	effective electronic model is modified as: kinetic energy t = 0.742767
	                                           effective interaction Vq = [-3.99974,-3.65749,-3.29236,-3.65749,-3.65749,-3.29236,-3.33313,-3.29236,-3.29236,-3.33313,-3.18253,-3.33313,-3.65749,-3.29236,-3.33313,-3.29236]
	PARPACK diagonalization completed after 30 matrix-vector product operations.
	iteration results: : total energy is -77.480816 | electron energy -77.948662 + phonon energy 0.467846 | electron momentum kIdx = 10
The 9-th iteration is completed.	|| time cost : 0h 0m 29.554s
********************************************************************************************************************
Start the 10 rounds of NGS-ED iteration
	effective electronic model is modified as: kinetic energy t = 0.741986
	                                           effective interaction Vq = [-3.99988,-3.66181,-3.29565,-3.66181,-3.66181,-3.29565,-3.33801,-3.29565,-3.29565,-3.33801,-3.18659,-3.33801,-3.66181,-3.29565,-3.33801,-3.29565]
	PARPACK diagonalization completed after 30 matrix-vector product operations.
	iteration results: : total energy is -77.483303 | electron energy -77.955552 + phonon energy 0.472249 | electron momentum kIdx = 10
	Nq(0) = 16,	Nq(1) = 0.298097,	Nq(2) = 0.323524,	Nq(3) = 0.298097,	Nq(4) = 0.298097,	Nq(5) = 0.323524,	Nq(6) = 0.478105,	Nq(7) = 0.323524,	Nq(8) = 0.323524,	Nq(9) = 0.478105,	Nq(10) = 0.517601,	Nq(11) = 0.478105,	Nq(12) = 0.298097,	Nq(13) = 0.323524,	Nq(14) = 0.478105,	Nq(15) = 0.323524,	Sq(0) = 2.76632e-18,	Sq(1) = 0.370852,	Sq(2) = 0.429996,	Sq(3) = 0.370852,	Sq(4) = 0.370852,	Sq(5) = 0.429996,	Sq(6) = 0.668876,	Sq(7) = 0.429996,	Sq(8) = 0.429996,	Sq(9) = 0.668876,	Sq(10) = 3.69756,	Sq(11) = 0.668876,	Sq(12) = 0.370852,	Sq(13) = 0.429996,	Sq(14) = 0.668876,	Sq(15) = 0.429996,	N(0) = 1.98525,	N(1) = 1.97429,	N(2) = 1,	N(3) = 1.97429,	N(4) = 1.97429,	N(5) = 1,	N(6) = 0.0257054,	N(7) = 1,	N(8) = 1,	N(9) = 0.0257054,	N(10) = 0.0147547,	N(11) = 0.0257054,	N(12) = 1.97429,	N(13) = 1,	N(14) = 0.0257054,	N(15) = 1,	Delta[s](0) = 0.202894,	Delta[s](1) = 0.193982,	Delta[s](2) = 0.171418,	Delta[s](3) = 0.193982,	Delta[s](4) = 0.193982,	Delta[s](5) = 0.171418,	Delta[s](6) = 0.162555,	Delta[s](7) = 0.171418,	Delta[s](8) = 0.171418,	Delta[s](9) = 0.162555,	Delta[s](10) = 0.124227,	Delta[s](11) = 0.162555,	Delta[s](12) = 0.193982,	Delta[s](13) = 0.171418,	Delta[s](14) = 0.162555,	Delta[s](15) = 0.171418,	Delta[d](0) = 0.572478,	Delta[d](1) = 0.42007,	Delta[d](2) = 0.374868,	Delta[d](3) = 0.42007,	Delta[d](4) = 0.42007,	Delta[d](5) = 0.44215,	Delta[d](6) = 0.35484,	Delta[d](7) = 0.44215,	Delta[d](8) = 0.374868,	Delta[d](9) = 0.35484,	Delta[d](10) = 0.315283,	Delta[d](11) = 0.35484,	Delta[d](12) = 0.42007,	Delta[d](13) = 0.44215,	Delta[d](14) = 0.35484,	Delta[d](15) = 0.44215,	Delta[s+](0) = 0.646264,	Delta[s+](1) = 0.534865,	Delta[s+](2) = 0.374868,	Delta[s+](3) = 0.534865,	Delta[s+](4) = 0.534865,	Delta[s+](5) = 0.374868,	Delta[s+](6) = 0.213726,	Delta[s+](7) = 0.374868,	Delta[s+](8) = 0.374868,	Delta[s+](9) = 0.213726,	Delta[s+](10) = 0.0891921,	Delta[s+](11) = 0.213726,	Delta[s+](12) = 0.534865,	Delta[s+](13) = 0.374868,	Delta[s+](14) = 0.213726,	Delta[s+](15) = 0.374868
The 10-th iteration is completed.	|| time cost : 0h 5m 26.138s
********************************************************************************************************************
Start the 11 rounds of NGS-ED iteration
	effective electronic model is modified as: kinetic energy t = 0.741425
	                                           effective interaction Vq = [-3.99995,-3.66489,-3.29795,-3.66489,-3.66489,-3.29795,-3.34156,-3.29795,-3.29795,-3.34156,-3.18949,-3.34156,-3.66489,-3.29795,-3.34156,-3.29795]
	PARPACK diagonalization completed after 30 matrix-vector product operations.
	iteration results: : total energy is -77.484436 | electron energy -77.959854 + phonon energy 0.475419 | electron momentum kIdx = 10
The 11-th iteration is completed.	|| time cost : 0h 0m 29.679s
********************************************************************************************************************
Start the 12 rounds of NGS-ED iteration
	effective electronic model is modified as: kinetic energy t = 0.741022
	                                           effective interaction Vq = [-3.99998,-3.66709,-3.29958,-3.66709,-3.66709,-3.29958,-3.34415,-3.29958,-3.29958,-3.34415,-3.19156,-3.34415,-3.66709,-3.29958,-3.34415,-3.29958]
	PARPACK diagonalization completed after 30 matrix-vector product operations.
	iteration results: : total energy is -77.484953 | electron energy -77.962654 + phonon energy 0.477701 | electron momentum kIdx = 10
The 12-th iteration is completed.	|| time cost : 0h 0m 29.662s
********************************************************************************************************************
Start the 13 rounds of NGS-ED iteration
	effective electronic model is modified as: kinetic energy t = 0.740733
	                                           effective interaction Vq = [-3.99999,-3.66866,-3.30073,-3.66866,-3.66866,-3.30073,-3.34602,-3.30073,-3.30073,-3.34602,-3.19304,-3.34602,-3.66866,-3.30073,-3.34602,-3.30073]
