TACC:  Starting up job 1741871 
TACC:  Starting parallel tasks... 
SNEDics v3.4 Non-Gaussian ED ground state program		Start at Fri Oct  9 18:17:03 2020

parallized on 16 MPI threads  * 7 OpenMP threads = 112 total threads.
********************************************************************************************************************
********************************************************************************************************************

********************************************************************************************************************
System parameters and configurations
********************************************************************************************************************
Special program options are enabled: splitted diagonal Hamiltonian
********************************************************************************************************************
Read input file "model_params.in"
	Hubbard-Holstein model parameters : 	t = 1    U = 8    g = 0.3    W = 0.2    g' = 0.03    
********************************************************************************************************************
Read input file "hilbertspace_params.in"
	Requested 16-site 2D lattice, with 12 electrons (6, 6)
	Boundary : Periodic		Hilbert space representation : momentum-space (restricted to kIdx = 0)
	Conservation: particle number[U(1)]      spin[U(1)]     momentum
********************************************************************************************************************

Cluster Positions:				Cluster symmetry group : D4
 x ... x ... x ... x .....                       x ... x ... x ... x .....
 |           |           :                       |           |           :
 |           |           :                       |           |           :
12    13    14    15     x                       1     5     6     5     x
 |           |           :                       |           |           :
 |           |           :                       |           |           :
 8 --- 9 ---10 ---11 --- x                       2 --- 6 ---10 --- 6 --- x
 |           |           :                       |           |           :
 |           |           :                       |           |           :
 4     5     6     7     x                       1     5     6     5     x
 |           |           :                       |           |           :
 |           |           :                       |           |           :
 0 --- 1 --- 2 --- 3 --- x                       0 --- 1 --- 2 --- 1 --- x
orbital number : 1
********************************************************************************************************************
Read input file "obs_params.in"
	Observable Type : Nq(All),   Sq(All),   N(All),   Delta[s](All),   Delta[d](All),   Delta[s+](All)
********************************************************************************************************************
** WARNING ** the input observables have non-local factors which have been reinterpreted. The total observable number is 96
********************************************************************************************************************


********************************************************************************************************************
Start calculating the non-Gaussian ED ground state
** WARNING ** Detected low phonon energy W < 10. The initial state will be prepared through a warm-up process.
********************************************************************************************************************
Start warm-up calculation for scaling factor 64
open output files: NGSEDWarmUpW12.8Obs.txt
********************************************************************************************************************
Start the 0 rounds of NGS-ED iteration
	effective electronic model is modified as: kinetic energy t = 1
	                                           effective interaction Vq = [0,0,0,0,0,0,0,0,0,0,0,0,0,0,0,0]
	first Hamiltonian is constructed, non-zero numbers = 969134044
	PARPACK diagonalization completed after 165 matrix-vector product operations.
	iteration results: : total energy is -14.925310 | electron energy -14.925310 + phonon energy 0.000000 | electron momentum kIdx = 0
	Nq(0) = 9,	Nq(1) = 0.191675,	Nq(2) = 0.266183,	Nq(3) = 0.191675,	Nq(4) = 0.191675,	Nq(5) = 0.245517,	Nq(6) = 0.314107,	Nq(7) = 0.245517,	Nq(8) = 0.266183,	Nq(9) = 0.314107,	Nq(10) = 0.369338,	Nq(11) = 0.314107,	Nq(12) = 0.191675,	Nq(13) = 0.245517,	Nq(14) = 0.314107,	Nq(15) = 0.245517,	Sq(0) = 2.48391e-18,	Sq(1) = 0.554662,	Sq(2) = 0.424361,	Sq(3) = 0.554662,	Sq(4) = 0.554662,	Sq(5) = 0.79749,	Sq(6) = 1.01287,	Sq(7) = 0.79749,	Sq(8) = 0.424361,	Sq(9) = 1.01287,	Sq(10) = 0.784303,	Sq(11) = 1.01287,	Sq(12) = 0.554662,	Sq(13) = 0.79749,	Sq(14) = 1.01287,	Sq(15) = 0.79749,	N(0) = 1.76735,	N(1) = 1.6264,	N(2) = 0.74365,	N(3) = 1.6264,	N(4) = 1.6264,	N(5) = 0.392302,	N(6) = 0.144321,	N(7) = 0.392302,	N(8) = 0.74365,	N(9) = 0.144321,	N(10) = 0.0932732,	N(11) = 0.144321,	N(12) = 1.6264,	N(13) = 0.392302,	N(14) = 0.144321,	N(15) = 0.392302,	Delta[s](0) = 0.0642188,	Delta[s](1) = 0.0447121,	Delta[s](2) = 0.0302985,	Delta[s](3) = 0.0447121,	Delta[s](4) = 0.0447121,	Delta[s](5) = 0.027155,	Delta[s](6) = 0.0100069,	Delta[s](7) = 0.027155,	Delta[s](8) = 0.0302985,	Delta[s](9) = 0.0100069,	Delta[s](10) = 0.00113804,	Delta[s](11) = 0.0100069,	Delta[s](12) = 0.0447121,	Delta[s](13) = 0.027155,	Delta[s](14) = 0.0100069,	Delta[s](15) = 0.027155,	Delta[d](0) = 0.231515,	Delta[d](1) = 0.182408,	Delta[d](2) = 0.224615,	Delta[d](3) = 0.182408,	Delta[d](4) = 0.182408,	Delta[d](5) = 0.125332,	Delta[d](6) = 0.152606,	Delta[d](7) = 0.125332,	Delta[d](8) = 0.224615,	Delta[d](9) = 0.152606,	Delta[d](10) = 0.0796631,	Delta[d](11) = 0.152606,	Delta[d](12) = 0.182408,	Delta[d](13) = 0.125332,	Delta[d](14) = 0.152606,	Delta[d](15) = 0.125332,	Delta[s+](0) = 0.533492,	Delta[s+](1) = 0.36409,	Delta[s+](2) = 0.224615,	Delta[s+](3) = 0.36409,	Delta[s+](4) = 0.36409,	Delta[s+](5) = 0.179557,	Delta[s+](6) = 0.0646205,	Delta[s+](7) = 0.179557,	Delta[s+](8) = 0.224615,	Delta[s+](9) = 0.0646205,	Delta[s+](10) = 0.0168519,	Delta[s+](11) = 0.0646205,	Delta[s+](12) = 0.36409,	Delta[s+](13) = 0.179557,	Delta[s+](14) = 0.0646205,	Delta[s+](15) = 0.179557
The 0-th iteration is completed.	|| time cost : 0h 2m 51.298s
********************************************************************************************************************
Start the 1 rounds of NGS-ED iteration
	effective electronic model is modified as: kinetic energy t = 0.989157
	                                           effective interaction Vq = [-0.813817,-0.565597,-0.382563,-0.565597,-0.565597,-0.379737,-0.239016,-0.379737,-0.382563,-0.239016,-0.132391,-0.239016,-0.565597,-0.379737,-0.239016,-0.379737]
	PARPACK diagonalization completed after 45 matrix-vector product operations.
	iteration results: : total energy is -23.428161 | electron energy -23.428250 + phonon energy 0.000088 | electron momentum kIdx = 0
The 1-th iteration is completed.	|| time cost : 0h 2m 16.631s
********************************************************************************************************************
Start the 2 rounds of NGS-ED iteration
	effective electronic model is modified as: kinetic energy t = 0.984925
	                                           effective interaction Vq = [-0.876729,-0.616868,-0.415923,-0.616868,-0.616868,-0.412665,-0.258906,-0.412665,-0.415923,-0.258906,-0.142946,-0.258906,-0.616868,-0.412665,-0.258906,-0.412665]
	PARPACK diagonalization completed after 45 matrix-vector product operations.
	iteration results: : total energy is -24.036339 | electron energy -24.036687 + phonon energy 0.000349 | electron momentum kIdx = 0
The 2-th iteration is completed.	|| time cost : 0h 0m 10.324s
********************************************************************************************************************
Start the 3 rounds of NGS-ED iteration
	effective electronic model is modified as: kinetic energy t = 0.984071
	                                           effective interaction Vq = [-0.881593,-0.624635,-0.420835,-0.624635,-0.624635,-0.417458,-0.261651,-0.417458,-0.420835,-0.261651,-0.144318,-0.261651,-0.624635,-0.417458,-0.261651,-0.417458]
	PARPACK diagonalization completed after 30 matrix-vector product operations.
	iteration results: : total energy is -24.081672 | electron energy -24.082128 + phonon energy 0.000456 | electron momentum kIdx = 0
The 3-th iteration is completed.	|| time cost : 0h 0m 9.196s
********************************************************************************************************************
Start the 4 rounds of NGS-ED iteration
	effective electronic model is modified as: kinetic energy t = 0.983909
	                                           effective interaction Vq = [-0.881969,-0.626143,-0.421699,-0.626143,-0.626143,-0.418281,-0.262086,-0.418281,-0.421699,-0.262086,-0.144518,-0.262086,-0.626143,-0.418281,-0.262086,-0.418281]
	PARPACK diagonalization completed after 30 matrix-vector product operations.
	iteration results: : total energy is -24.085116 | electron energy -24.085597 + phonon energy 0.000481 | electron momentum kIdx = 0
The 4-th iteration is completed.	|| time cost : 0h 0m 9.202s
********************************************************************************************************************
Start the 5 rounds of NGS-ED iteration
	effective electronic model is modified as: kinetic energy t = 0.983878
	                                           effective interaction Vq = [-0.881998,-0.626457,-0.421858,-0.626457,-0.626457,-0.418427,-0.262156,-0.418427,-0.421858,-0.262156,-0.144548,-0.262156,-0.626457,-0.418427,-0.262156,-0.418427]
	PARPACK diagonalization completed after 30 matrix-vector product operations.
	iteration results: : total energy is -24.085380 | electron energy -24.085866 + phonon energy 0.000486 | electron momentum kIdx = 0
The 5-th iteration is completed.	|| time cost : 0h 0m 9.187s
********************************************************************************************************************
Start the 6 rounds of NGS-ED iteration
	effective electronic model is modified as: kinetic energy t = 0.983872
	                                           effective interaction Vq = [   -0.882,-0.626523,-0.421887,-0.626523,-0.626523,-0.418454,-0.262168,-0.418454,-0.421887,-0.262168,-0.144552,-0.262168,-0.626523,-0.418454,-0.262168,-0.418454]
	PARPACK diagonalization completed after 30 matrix-vector product operations.
	iteration results: : total energy is -24.085401 | electron energy -24.085888 + phonon energy 0.000487 | electron momentum kIdx = 0
	Nq(0) = 9,	Nq(1) = 0.204445,	Nq(2) = 0.272863,	Nq(3) = 0.204445,	Nq(4) = 0.204445,	Nq(5) = 0.252525,	Nq(6) = 0.31918,	Nq(7) = 0.252525,	Nq(8) = 0.272863,	Nq(9) = 0.31918,	Nq(10) = 0.3728,	Nq(11) = 0.31918,	Nq(12) = 0.204445,	Nq(13) = 0.252525,	Nq(14) = 0.31918,	Nq(15) = 0.252525,	Sq(0) = -2.59959e-18,	Sq(1) = 0.546268,	Sq(2) = 0.42468,	Sq(3) = 0.546268,	Sq(4) = 0.546268,	Sq(5) = 0.78776,	Sq(6) = 1.00033,	Sq(7) = 0.78776,	Sq(8) = 0.42468,	Sq(9) = 1.00033,	Sq(10) = 0.790089,	Sq(11) = 1.00033,	Sq(12) = 0.546268,	Sq(13) = 0.78776,	Sq(14) = 1.00033,	Sq(15) = 0.78776,	N(0) = 1.79058,	N(1) = 1.65758,	N(2) = 0.735015,	N(3) = 1.65758,	N(4) = 1.65758,	N(5) = 0.370756,	N(6) = 0.134252,	N(7) = 0.370756,	N(8) = 0.735015,	N(9) = 0.134252,	N(10) = 0.0890278,	N(11) = 0.134252,	N(12) = 1.65758,	N(13) = 0.370756,	N(14) = 0.134252,	N(15) = 0.370756,	Delta[s](0) = 0.0711061,	Delta[s](1) = 0.0497173,	Delta[s](2) = 0.0345374,	Delta[s](3) = 0.0497173,	Delta[s](4) = 0.0497173,	Delta[s](5) = 0.0308835,	Delta[s](6) = 0.0117686,	Delta[s](7) = 0.0308835,	Delta[s](8) = 0.0345374,	Delta[s](9) = 0.0117686,	Delta[s](10) = 0.00190676,	Delta[s](11) = 0.0117686,	Delta[s](12) = 0.0497173,	Delta[s](13) = 0.0308835,	Delta[s](14) = 0.0117686,	Delta[s](15) = 0.0308835,	Delta[d](0) = 0.236523,	Delta[d](1) = 0.185986,	Delta[d](2) = 0.229219,	Delta[d](3) = 0.185986,	Delta[d](4) = 0.185986,	Delta[d](5) = 0.127022,	Delta[d](6) = 0.15462,	Delta[d](7) = 0.127022,	Delta[d](8) = 0.229219,	Delta[d](9) = 0.15462,	Delta[d](10) = 0.0748653,	Delta[d](11) = 0.15462,	Delta[d](12) = 0.185986,	Delta[d](13) = 0.127022,	Delta[d](14) = 0.15462,	Delta[d](15) = 0.127022,	Delta[s+](0) = 0.546061,	Delta[s+](1) = 0.372354,	Delta[s+](2) = 0.229219,	Delta[s+](3) = 0.372354,	Delta[s+](4) = 0.372354,	Delta[s+](5) = 0.182117,	Delta[s+](6) = 0.0644407,	Delta[s+](7) = 0.182117,	Delta[s+](8) = 0.229219,	Delta[s+](9) = 0.0644407,	Delta[s+](10) = 0.0167747,	Delta[s+](11) = 0.0644407,	Delta[s+](12) = 0.372354,	Delta[s+](13) = 0.182117,	Delta[s+](14) = 0.0644407,	Delta[s+](15) = 0.182117
The 6-th iteration is completed.	|| time cost : 0h 1m 41.391s
********************************************************************************************************************
********************************************************************************************************************
Ground state is obtained after 7 iterations. The current ground-state energy is -24.0854, in which electron energy is -24.0859 and phonon energy is 0.000487062
final variational state is: 
	Gamma_x = [      1,1.00309, 1.0036,1.00309,1.00309,1.00346,1.00302,1.00346, 1.0036,1.00302,1.00208,1.00302,1.00309,1.00346,1.00302,1.00346]
	lambda_q = [ 0.262466, 0.184051, 0.140639, 0.184051, 0.184051, 0.137859, 0.105078, 0.137859, 0.140639, 0.105078,0.0755802, 0.105078, 0.184051, 0.137859, 0.105078, 0.137859]
The effective e-e interactions mediated by phonons are: [   0.882,0.626537,0.421892,0.626537,0.626537,0.418458, 0.26217,0.418458,0.421892, 0.26217,0.144553, 0.26217,0.626537,0.418458, 0.26217,0.418458]
The real-space interactions mediated by phonons are: [    -7.099,  -1.13229,-0.0508178,-0.0668052,  -1.46618, -0.461194,-0.0508178, -0.180147, -0.196504, -0.180147,-0.0508178, -0.461194,  -1.46618,-0.0668052,-0.0508178,  -1.13229]
********************************************************************************************************************
o___o  ----------------------------------------
| L |	Time since last clock: 0h 0m 0s
A===A	Time since the beginning: 0h 7m 27.232s
***********************************************

********************************************************************************************************************
Start warm-up calculation for scaling factor 32
open output files: NGSEDWarmUpW6.4Obs.txt
********************************************************************************************************************
Start the 0 rounds of NGS-ED iteration
	effective electronic model is modified as: kinetic energy t = 0.983871
	                                           effective interaction Vq = [-0.806289, -0.53283,-0.350757, -0.53283, -0.53283,-0.346277,-0.214652,-0.346277,-0.350757,-0.214652,-0.117358,-0.214652, -0.53283,-0.346277,-0.214652,-0.346277]
	PARPACK diagonalization completed after 45 matrix-vector product operations.
	iteration results: : total energy is -23.145990 | electron energy -23.146234 + phonon energy 0.000244 | electron momentum kIdx = 0
	Nq(0) = 9,	Nq(1) = 0.202227,	Nq(2) = 0.271357,	Nq(3) = 0.202227,	Nq(4) = 0.202227,	Nq(5) = 0.250981,	Nq(6) = 0.317728,	Nq(7) = 0.250981,	Nq(8) = 0.271357,	Nq(9) = 0.317728,	Nq(10) = 0.371525,	Nq(11) = 0.317728,	Nq(12) = 0.202227,	Nq(13) = 0.250981,	Nq(14) = 0.317728,	Nq(15) = 0.250981,	Sq(0) = -1.50896e-18,	Sq(1) = 0.547828,	Sq(2) = 0.424702,	Sq(3) = 0.547828,	Sq(4) = 0.547828,	Sq(5) = 0.789692,	Sq(6) = 1.00322,	Sq(7) = 0.789692,	Sq(8) = 0.424702,	Sq(9) = 1.00322,	Sq(10) = 0.789652,	Sq(11) = 1.00322,	Sq(12) = 0.547828,	Sq(13) = 0.789692,	Sq(14) = 1.00322,	Sq(15) = 0.789692,	N(0) = 1.7858,	N(1) = 1.65129,	N(2) = 0.736604,	N(3) = 1.65129,	N(4) = 1.65129,	N(5) = 0.37496,	N(6) = 0.136444,	N(7) = 0.37496,	N(8) = 0.736604,	N(9) = 0.136444,	N(10) = 0.0902345,	N(11) = 0.136444,	N(12) = 1.65129,	N(13) = 0.37496,	N(14) = 0.136444,	N(15) = 0.37496,	Delta[s](0) = 0.0690182,	Delta[s](1) = 0.0483771,	Delta[s](2) = 0.0335689,	Delta[s](3) = 0.0483771,	Delta[s](4) = 0.0483771,	Delta[s](5) = 0.0300958,	Delta[s](6) = 0.0116983,	Delta[s](7) = 0.0300958,	Delta[s](8) = 0.0335689,	Delta[s](9) = 0.0116983,	Delta[s](10) = 0.002149,	Delta[s](11) = 0.0116983,	Delta[s](12) = 0.0483771,	Delta[s](13) = 0.0300958,	Delta[s](14) = 0.0116983,	Delta[s](15) = 0.0300958,	Delta[d](0) = 0.238237,	Delta[d](1) = 0.18774,	Delta[d](2) = 0.231021,	Delta[d](3) = 0.18774,	Delta[d](4) = 0.18774,	Delta[d](5) = 0.128631,	Delta[d](6) = 0.156265,	Delta[d](7) = 0.128631,	Delta[d](8) = 0.231021,	Delta[d](9) = 0.156265,	Delta[d](10) = 0.0777264,	Delta[d](11) = 0.156265,	Delta[d](12) = 0.18774,	Delta[d](13) = 0.128631,	Delta[d](14) = 0.156265,	Delta[d](15) = 0.128631,	Delta[s+](0) = 0.549275,	Delta[s+](1) = 0.374712,	Delta[s+](2) = 0.231021,	Delta[s+](3) = 0.374712,	Delta[s+](4) = 0.374712,	Delta[s+](5) = 0.184008,	Delta[s+](6) = 0.0658358,	Delta[s+](7) = 0.184008,	Delta[s+](8) = 0.231021,	Delta[s+](9) = 0.0658358,	Delta[s+](10) = 0.0174489,	Delta[s+](11) = 0.0658358,	Delta[s+](12) = 0.374712,	Delta[s+](13) = 0.184008,	Delta[s+](14) = 0.0658358,	Delta[s+](15) = 0.184008
The 0-th iteration is completed.	|| time cost : 0h 1m 43.564s
********************************************************************************************************************
Start the 1 rounds of NGS-ED iteration
	effective electronic model is modified as: kinetic energy t = 0.981075
	                                           effective interaction Vq = [ -0.86095,-0.567218,-0.369379,-0.567218,-0.567218,-0.363444,-0.223417,-0.363444,-0.369379,-0.223417,-0.121169,-0.223417,-0.567218,-0.363444,-0.223417,-0.363444]
	PARPACK diagonalization completed after 45 matrix-vector product operations.
	iteration results: : total energy is -23.652213 | electron energy -23.653077 + phonon energy 0.000865 | electron momentum kIdx = 0
The 1-th iteration is completed.	|| time cost : 0h 0m 10.339s
********************************************************************************************************************
Start the 2 rounds of NGS-ED iteration
	effective electronic model is modified as: kinetic energy t = 0.980008
	                                           effective interaction Vq = [-0.876147,-0.579471,-0.375532,-0.579471,-0.579471,-0.369011,-0.226076,-0.369011,-0.375532,-0.226076,-0.122248,-0.226076,-0.579471,-0.369011,-0.226076,-0.369011]
	PARPACK diagonalization completed after 45 matrix-vector product operations.
	iteration results: : total energy is -23.791083 | electron energy -23.792345 + phonon energy 0.001262 | electron momentum kIdx = 0
The 2-th iteration is completed.	|| time cost : 0h 0m 10.33s
********************************************************************************************************************
Start the 3 rounds of NGS-ED iteration
	effective electronic model is modified as: kinetic energy t = 0.979609
	                                           effective interaction Vq = [-0.880373,-0.584171,-0.377667,-0.584171,-0.584171,-0.370899,-0.226911,-0.370899,-0.377667,-0.226911,-0.122563,-0.226911,-0.584171,-0.370899,-0.226911,-0.370899]
	PARPACK diagonalization completed after 30 matrix-vector product operations.
	iteration results: : total energy is -23.829429 | electron energy -23.830880 + phonon energy 0.001451 | electron momentum kIdx = 0
The 3-th iteration is completed.	|| time cost : 0h 0m 9.229s
********************************************************************************************************************
Start the 4 rounds of NGS-ED iteration
	effective electronic model is modified as: kinetic energy t = 0.97946
	                                           effective interaction Vq = [-0.881548,-0.586036,-0.378423,-0.586036,-0.586036,-0.371551,-0.227178,-0.371551,-0.378423,-0.227178,-0.122655,-0.227178,-0.586036,-0.371551,-0.227178,-0.371551]
	PARPACK diagonalization completed after 30 matrix-vector product operations.
	iteration results: : total energy is -23.840051 | electron energy -23.841583 + phonon energy 0.001532 | electron momentum kIdx = 0
The 4-th iteration is completed.	|| time cost : 0h 0m 9.217s
********************************************************************************************************************
Start the 5 rounds of NGS-ED iteration
	effective electronic model is modified as: kinetic energy t = 0.979404
	                                           effective interaction Vq = [-0.881874,-0.586789,-0.378693,-0.586789,-0.586789,-0.371778,-0.227263,-0.371778,-0.378693,-0.227263,-0.122683,-0.227263,-0.586789,-0.371778,-0.227263,-0.371778]
	PARPACK diagonalization completed after 30 matrix-vector product operations.
	iteration results: : total energy is -23.842999 | electron energy -23.844563 + phonon energy 0.001565 | electron momentum kIdx = 0
The 5-th iteration is completed.	|| time cost : 0h 0m 9.213s
********************************************************************************************************************
Start the 6 rounds of NGS-ED iteration
	effective electronic model is modified as: kinetic energy t = 0.979382
	                                           effective interaction Vq = [-0.881965,-0.587094, -0.37879,-0.587094,-0.587094,-0.371857,-0.227291,-0.371857, -0.37879,-0.227291,-0.122691,-0.227291,-0.587094,-0.371857,-0.227291,-0.371857]
	PARPACK diagonalization completed after 30 matrix-vector product operations.
	iteration results: : total energy is -23.843817 | electron energy -23.845395 + phonon energy 0.001577 | electron momentum kIdx = 0
The 6-th iteration is completed.	|| time cost : 0h 0m 9.226s
********************************************************************************************************************
Start the 7 rounds of NGS-ED iteration
	effective electronic model is modified as: kinetic energy t = 0.979374
	                                           effective interaction Vq = [ -0.88199,-0.587219,-0.378824,-0.587219,-0.587219,-0.371885,-0.227299,-0.371885,-0.378824,-0.227299,-0.122694,-0.227299,-0.587219,-0.371885,-0.227299,-0.371885]
	PARPACK diagonalization completed after 30 matrix-vector product operations.
	iteration results: : total energy is -23.844045 | electron energy -23.845627 + phonon energy 0.001582 | electron momentum kIdx = 0
The 7-th iteration is completed.	|| time cost : 0h 0m 9.212s
********************************************************************************************************************
Start the 8 rounds of NGS-ED iteration
	effective electronic model is modified as: kinetic energy t = 0.979371
	                                           effective interaction Vq = [-0.881997,-0.587269,-0.378837,-0.587269,-0.587269,-0.371894,-0.227302,-0.371894,-0.378837,-0.227302,-0.122695,-0.227302,-0.587269,-0.371894,-0.227302,-0.371894]
	PARPACK diagonalization completed after 30 matrix-vector product operations.
	iteration results: : total energy is -23.844108 | electron energy -23.845692 + phonon energy 0.001584 | electron momentum kIdx = 0
	Nq(0) = 9,	Nq(1) = 0.20328,	Nq(2) = 0.271496,	Nq(3) = 0.20328,	Nq(4) = 0.20328,	Nq(5) = 0.251133,	Nq(6) = 0.31743,	Nq(7) = 0.251133,	Nq(8) = 0.271496,	Nq(9) = 0.31743,	Nq(10) = 0.370927,	Nq(11) = 0.31743,	Nq(12) = 0.20328,	Nq(13) = 0.251133,	Nq(14) = 0.31743,	Nq(15) = 0.251133,	Sq(0) = 2.76167e-18,	Sq(1) = 0.547353,	Sq(2) = 0.424804,	Sq(3) = 0.547353,	Sq(4) = 0.547353,	Sq(5) = 0.789263,	Sq(6) = 1.00302,	Sq(7) = 0.789263,	Sq(8) = 0.424804,	Sq(9) = 1.00302,	Sq(10) = 0.790557,	Sq(11) = 1.00302,	Sq(12) = 0.547353,	Sq(13) = 0.789263,	Sq(14) = 1.00302,	Sq(15) = 0.789263,	N(0) = 1.7864,	N(1) = 1.65237,	N(2) = 0.736112,	N(3) = 1.65237,	N(4) = 1.65237,	N(5) = 0.374032,	N(6) = 0.136316,	N(7) = 0.374032,	N(8) = 0.736112,	N(9) = 0.136316,	N(10) = 0.0904879,	N(11) = 0.136316,	N(12) = 1.65237,	N(13) = 0.374032,	N(14) = 0.136316,	N(15) = 0.374032,	Delta[s](0) = 0.0689659,	Delta[s](1) = 0.0484114,	Delta[s](2) = 0.0336748,	Delta[s](3) = 0.0484114,	Delta[s](4) = 0.0484114,	Delta[s](5) = 0.0302125,	Delta[s](6) = 0.0118754,	Delta[s](7) = 0.0302125,	Delta[s](8) = 0.0336748,	Delta[s](9) = 0.0118754,	Delta[s](10) = 0.00233433,	Delta[s](11) = 0.0118754,	Delta[s](12) = 0.0484114,	Delta[s](13) = 0.0302125,	Delta[s](14) = 0.0118754,	Delta[s](15) = 0.0302125,	Delta[d](0) = 0.241229,	Delta[d](1) = 0.190248,	Delta[d](2) = 0.233884,	Delta[d](3) = 0.190248,	Delta[d](4) = 0.190248,	Delta[d](5) = 0.130392,	Delta[d](6) = 0.158254,	Delta[d](7) = 0.130392,	Delta[d](8) = 0.233884,	Delta[d](9) = 0.158254,	Delta[d](10) = 0.0788201,	Delta[d](11) = 0.158254,	Delta[d](12) = 0.190248,	Delta[d](13) = 0.130392,	Delta[d](14) = 0.158254,	Delta[d](15) = 0.130392,	Delta[s+](0) = 0.555861,	Delta[s+](1) = 0.379226,	Delta[s+](2) = 0.233884,	Delta[s+](3) = 0.379226,	Delta[s+](4) = 0.379226,	Delta[s+](5) = 0.186348,	Delta[s+](6) = 0.0668554,	Delta[s+](7) = 0.186348,	Delta[s+](8) = 0.233884,	Delta[s+](9) = 0.0668554,	Delta[s+](10) = 0.0178621,	Delta[s+](11) = 0.0668554,	Delta[s+](12) = 0.379226,	Delta[s+](13) = 0.186348,	Delta[s+](14) = 0.0668554,	Delta[s+](15) = 0.186348
The 8-th iteration is completed.	|| time cost : 0h 1m 41.44s
********************************************************************************************************************
********************************************************************************************************************
Ground state is obtained after 9 iterations. The current ground-state energy is -23.8441, in which electron energy is -23.8457 and phonon energy is 0.00158438
final variational state is: 
	Gamma_x = [      1,1.00878,1.00919,1.00878,1.00878,1.00862,1.00712,1.00862,1.00919,1.00712, 1.0047,1.00712,1.00878,1.00862,1.00712,1.00862]
	lambda_q = [ 0.370888, 0.220802,  0.15972, 0.220802, 0.220802, 0.154696, 0.114747, 0.154696,  0.15972, 0.114747,0.0807317, 0.114747, 0.220802, 0.154696, 0.114747, 0.154696]
The effective e-e interactions mediated by phonons are: [0.881999, 0.58729,0.378841, 0.58729, 0.58729,0.371898,0.227303,0.371898,0.378841,0.227303,0.122695,0.227303, 0.58729,0.371898,0.227303,0.371898]
The real-space interactions mediated by phonons are: [  -6.50834,  -1.15463,-0.0862601, -0.127212,  -1.47928, -0.516859,-0.0862601, -0.213936, -0.274785, -0.213936,-0.0862601, -0.516859,  -1.47928, -0.127212,-0.0862601,  -1.15463]
********************************************************************************************************************
o___o  ----------------------------------------
| L |	Time since last clock: 0h 0m 0s
A===A	Time since the beginning: 0h 11m 59.006s
***********************************************

********************************************************************************************************************
Start warm-up calculation for scaling factor 16
open output files: NGSEDWarmUpW3.2Obs.txt
********************************************************************************************************************
Start the 0 rounds of NGS-ED iteration
	effective electronic model is modified as: kinetic energy t = 0.97937
	                                           effective interaction Vq = [ -0.805999, -0.479899, -0.301695, -0.479899, -0.479899, -0.294691,  -0.17818, -0.294691, -0.301695,  -0.17818,-0.0953973,  -0.17818, -0.479899, -0.294691,  -0.17818, -0.294691]
	PARPACK diagonalization completed after 45 matrix-vector product operations.
	iteration results: : total energy is -22.882720 | electron energy -22.883513 + phonon energy 0.000793 | electron momentum kIdx = 0
	Nq(0) = 9,	Nq(1) = 0.200756,	Nq(2) = 0.269933,	Nq(3) = 0.200756,	Nq(4) = 0.200756,	Nq(5) = 0.249534,	Nq(6) = 0.316008,	Nq(7) = 0.249534,	Nq(8) = 0.269933,	Nq(9) = 0.316008,	Nq(10) = 0.369686,	Nq(11) = 0.316008,	Nq(12) = 0.200756,	Nq(13) = 0.249534,	Nq(14) = 0.316008,	Nq(15) = 0.249534,	Sq(0) = -6.89935e-19,	Sq(1) = 0.549089,	Sq(2) = 0.424808,	Sq(3) = 0.549089,	Sq(4) = 0.549089,	Sq(5) = 0.791351,	Sq(6) = 1.00602,	Sq(7) = 0.791351,	Sq(8) = 0.424808,	Sq(9) = 1.00602,	Sq(10) = 0.789813,	Sq(11) = 1.00602,	Sq(12) = 0.549089,	Sq(13) = 0.791351,	Sq(14) = 1.00602,	Sq(15) = 0.791351,	N(0) = 1.78126,	N(1) = 1.64556,	N(2) = 0.737918,	N(3) = 1.64556,	N(4) = 1.64556,	N(5) = 0.378612,	N(6) = 0.138631,	N(7) = 0.378612,	N(8) = 0.737918,	N(9) = 0.138631,	N(10) = 0.0916836,	N(11) = 0.138631,	N(12) = 1.64556,	N(13) = 0.378612,	N(14) = 0.138631,	N(15) = 0.378612,	Delta[s](0) = 0.0672115,	Delta[s](1) = 0.0471927,	Delta[s](2) = 0.0326918,	Delta[s](3) = 0.0471927,	Delta[s](4) = 0.0471927,	Delta[s](5) = 0.0293671,	Delta[s](6) = 0.0115675,	Delta[s](7) = 0.0293671,	Delta[s](8) = 0.0326918,	Delta[s](9) = 0.0115675,	Delta[s](10) = 0.00226854,	Delta[s](11) = 0.0115675,	Delta[s](12) = 0.0471927,	Delta[s](13) = 0.0293671,	Delta[s](14) = 0.0115675,	Delta[s](15) = 0.0293671,	Delta[d](0) = 0.243175,	Delta[d](1) = 0.191997,	Delta[d](2) = 0.23582,	Delta[d](3) = 0.191997,	Delta[d](4) = 0.191997,	Delta[d](5) = 0.131838,	Delta[d](6) = 0.159875,	Delta[d](7) = 0.131838,	Delta[d](8) = 0.23582,	Delta[d](9) = 0.159875,	Delta[d](10) = 0.0812969,	Delta[d](11) = 0.159875,	Delta[d](12) = 0.191997,	Delta[d](13) = 0.131838,	Delta[d](14) = 0.159875,	Delta[d](15) = 0.131838,	Delta[s+](0) = 0.559795,	Delta[s+](1) = 0.382018,	Delta[s+](2) = 0.23582,	Delta[s+](3) = 0.382018,	Delta[s+](4) = 0.382018,	Delta[s+](5) = 0.188222,	Delta[s+](6) = 0.0679768,	Delta[s+](7) = 0.188222,	Delta[s+](8) = 0.23582,	Delta[s+](9) = 0.0679768,	Delta[s+](10) = 0.0182937,	Delta[s+](11) = 0.0679768,	Delta[s+](12) = 0.382018,	Delta[s+](13) = 0.188222,	Delta[s+](14) = 0.0679768,	Delta[s+](15) = 0.188222
The 0-th iteration is completed.	|| time cost : 0h 1m 42.797s
********************************************************************************************************************
Start the 1 rounds of NGS-ED iteration
	effective electronic model is modified as: kinetic energy t = 0.979178
	                                           effective interaction Vq = [ -0.841925, -0.491607, -0.303216, -0.491607, -0.491607,  -0.29459, -0.175875,  -0.29459, -0.303216, -0.175875,-0.0930789, -0.175875, -0.491607,  -0.29459, -0.175875,  -0.29459]
	PARPACK diagonalization completed after 45 matrix-vector product operations.
	iteration results: : total energy is -23.207883 | electron energy -23.209608 + phonon energy 0.001724 | electron momentum kIdx = 0
The 1-th iteration is completed.	|| time cost : 0h 0m 10.337s
********************************************************************************************************************
Start the 2 rounds of NGS-ED iteration
	effective electronic model is modified as: kinetic energy t = 0.979006
	                                           effective interaction Vq = [ -0.860869,  -0.49816,  -0.30414,  -0.49816,  -0.49816, -0.294738, -0.174991, -0.294738,  -0.30414, -0.174991,-0.0921978, -0.174991,  -0.49816, -0.294738, -0.174991, -0.294738]
	PARPACK diagonalization completed after 45 matrix-vector product operations.
	iteration results: : total energy is -23.378940 | electron energy -23.381332 + phonon energy 0.002391 | electron momentum kIdx = 0
The 2-th iteration is completed.	|| time cost : 0h 0m 10.312s
********************************************************************************************************************
Start the 3 rounds of NGS-ED iteration
	effective electronic model is modified as: kinetic energy t = 0.978882
	                                           effective interaction Vq = [ -0.870858, -0.501879, -0.304691, -0.501879, -0.501879, -0.294909, -0.174664, -0.294909, -0.304691, -0.174664,-0.0918691, -0.174664, -0.501879, -0.294909, -0.174664, -0.294909]
	PARPACK diagonalization completed after 30 matrix-vector product operations.
	iteration results: : total energy is -23.469022 | electron energy -23.471834 + phonon energy 0.002812 | electron momentum kIdx = 0
The 3-th iteration is completed.	|| time cost : 0h 0m 9.211s
********************************************************************************************************************
Start the 4 rounds of NGS-ED iteration
	effective electronic model is modified as: kinetic energy t = 0.978801
	                                           effective interaction Vq = [ -0.876125, -0.504009, -0.305013, -0.504009, -0.504009, -0.295044, -0.174551, -0.295044, -0.305013, -0.174551,-0.0917489, -0.174551, -0.504009, -0.295044, -0.174551, -0.295044]
	PARPACK diagonalization completed after 30 matrix-vector product operations.
	iteration results: : total energy is -23.516485 | electron energy -23.519551 + phonon energy 0.003066 | electron momentum kIdx = 0
The 4-th iteration is completed.	|| time cost : 0h 0m 9.215s
********************************************************************************************************************
Start the 5 rounds of NGS-ED iteration
	effective electronic model is modified as: kinetic energy t = 0.978751
	                                           effective interaction Vq = [-0.878902,-0.505235,  -0.3052,-0.505235,-0.505235,-0.295136,-0.174515,-0.295136,  -0.3052,-0.174515,-0.091706,-0.174515,-0.505235,-0.295136,-0.174515,-0.295136]
	PARPACK diagonalization completed after 30 matrix-vector product operations.
	iteration results: : total energy is -23.541501 | electron energy -23.544716 + phonon energy 0.003215 | electron momentum kIdx = 0
The 5-th iteration is completed.	|| time cost : 0h 0m 9.204s
********************************************************************************************************************
Start the 6 rounds of NGS-ED iteration
	effective electronic model is modified as: kinetic energy t = 0.97872
	                                           effective interaction Vq = [ -0.880366, -0.505945, -0.305307, -0.505945, -0.505945, -0.295195, -0.174507, -0.295195, -0.305307, -0.174507,-0.0916914, -0.174507, -0.505945, -0.295195, -0.174507, -0.295195]
	PARPACK diagonalization completed after 30 matrix-vector product operations.
	iteration results: : total energy is -23.554687 | electron energy -23.557990 + phonon energy 0.003302 | electron momentum kIdx = 0
The 6-th iteration is completed.	|| time cost : 0h 0m 9.203s
********************************************************************************************************************
Start the 7 rounds of NGS-ED iteration
	effective electronic model is modified as: kinetic energy t = 0.978702
	                                           effective interaction Vq = [ -0.881139, -0.506357, -0.305367, -0.506357, -0.506357,  -0.29523, -0.174507,  -0.29523, -0.305367, -0.174507,-0.0916867, -0.174507, -0.506357,  -0.29523, -0.174507,  -0.29523]
	PARPACK diagonalization completed after 30 matrix-vector product operations.
	iteration results: : total energy is -23.561639 | electron energy -23.564992 + phonon energy 0.003353 | electron momentum kIdx = 0
The 7-th iteration is completed.	|| time cost : 0h 0m 9.203s
********************************************************************************************************************
Start the 8 rounds of NGS-ED iteration
	effective electronic model is modified as: kinetic energy t = 0.978691
	                                           effective interaction Vq = [ -0.881546, -0.506596, -0.305402, -0.506596, -0.506596, -0.295252, -0.174508, -0.295252, -0.305402, -0.174508,-0.0916855, -0.174508, -0.506596, -0.295252, -0.174508, -0.295252]
	PARPACK diagonalization completed after 30 matrix-vector product operations.
	iteration results: : total energy is -23.565304 | electron energy -23.568687 + phonon energy 0.003382 | electron momentum kIdx = 0
The 8-th iteration is completed.	|| time cost : 0h 0m 9.211s
********************************************************************************************************************
Start the 9 rounds of NGS-ED iteration
	effective electronic model is modified as: kinetic energy t = 0.978684
	                                           effective interaction Vq = [ -0.881761, -0.506736, -0.305421, -0.506736, -0.506736, -0.295264,  -0.17451, -0.295264, -0.305421,  -0.17451,-0.0916853,  -0.17451, -0.506736, -0.295264,  -0.17451, -0.295264]
	PARPACK diagonalization completed after 30 matrix-vector product operations.
	iteration results: : total energy is -23.567237 | electron energy -23.570636 + phonon energy 0.003399 | electron momentum kIdx = 0
The 9-th iteration is completed.	|| time cost : 0h 0m 9.224s
********************************************************************************************************************
Start the 10 rounds of NGS-ED iteration
	effective electronic model is modified as: kinetic energy t = 0.978681
	                                           effective interaction Vq = [ -0.881874, -0.506817, -0.305432, -0.506817, -0.506817, -0.295271, -0.174511, -0.295271, -0.305432, -0.174511,-0.0916854, -0.174511, -0.506817, -0.295271, -0.174511, -0.295271]
	PARPACK diagonalization completed after 30 matrix-vector product operations.
	iteration results: : total energy is -23.568256 | electron energy -23.571665 + phonon energy 0.003409 | electron momentum kIdx = 0
	Nq(0) = 9,	Nq(1) = 0.201456,	Nq(2) = 0.269842,	Nq(3) = 0.201456,	Nq(4) = 0.201456,	Nq(5) = 0.249435,	Nq(6) = 0.315714,	Nq(7) = 0.249435,	Nq(8) = 0.269842,	Nq(9) = 0.315714,	Nq(10) = 0.369401,	Nq(11) = 0.315714,	Nq(12) = 0.201456,	Nq(13) = 0.249435,	Nq(14) = 0.315714,	Nq(15) = 0.249435,	Sq(0) = 4.39202e-18,	Sq(1) = 0.548794,	Sq(2) = 0.424868,	Sq(3) = 0.548794,	Sq(4) = 0.548794,	Sq(5) = 0.791169,	Sq(6) = 1.00607,	Sq(7) = 0.791169,	Sq(8) = 0.424868,	Sq(9) = 1.00607,	Sq(10) = 0.790636,	Sq(11) = 1.00607,	Sq(12) = 0.548794,	Sq(13) = 0.791169,	Sq(14) = 1.00607,	Sq(15) = 0.791169,	N(0) = 1.78132,	N(1) = 1.64601,	N(2) = 0.737549,	N(3) = 1.64601,	N(4) = 1.64601,	N(5) = 0.378187,	N(6) = 0.138706,	N(7) = 0.378187,	N(8) = 0.737549,	N(9) = 0.138706,	N(10) = 0.0919641,	N(11) = 0.138706,	N(12) = 1.64601,	N(13) = 0.378187,	N(14) = 0.138706,	N(15) = 0.378187,	Delta[s](0) = 0.0671799,	Delta[s](1) = 0.0471947,	Delta[s](2) = 0.0327142,	Delta[s](3) = 0.0471947,	Delta[s](4) = 0.0471947,	Delta[s](5) = 0.0293965,	Delta[s](6) = 0.0116182,	Delta[s](7) = 0.0293965,	Delta[s](8) = 0.0327142,	Delta[s](9) = 0.0116182,	Delta[s](10) = 0.00230635,	Delta[s](11) = 0.0116182,	Delta[s](12) = 0.0471947,	Delta[s](13) = 0.0293965,	Delta[s](14) = 0.0116182,	Delta[s](15) = 0.0293965,	Delta[d](0) = 0.250026,	Delta[d](1) = 0.197496,	Delta[d](2) = 0.242428,	Delta[d](3) = 0.197496,	Delta[d](4) = 0.197496,	Delta[d](5) = 0.135609,	Delta[d](6) = 0.164359,	Delta[d](7) = 0.135609,	Delta[d](8) = 0.242428,	Delta[d](9) = 0.164359,	Delta[d](10) = 0.0836445,	Delta[d](11) = 0.164359,	Delta[d](12) = 0.197496,	Delta[d](13) = 0.135609,	Delta[d](14) = 0.164359,	Delta[d](15) = 0.135609,	Delta[s+](0) = 0.57543,	Delta[s+](1) = 0.392689,	Delta[s+](2) = 0.242428,	Delta[s+](3) = 0.392689,	Delta[s+](4) = 0.392689,	Delta[s+](5) = 0.193534,	Delta[s+](6) = 0.0699816,	Delta[s+](7) = 0.193534,	Delta[s+](8) = 0.242428,	Delta[s+](9) = 0.0699816,	Delta[s+](10) = 0.0189037,	Delta[s+](11) = 0.0699816,	Delta[s+](12) = 0.392689,	Delta[s+](13) = 0.193534,	Delta[s+](14) = 0.0699816,	Delta[s+](15) = 0.193534
The 10-th iteration is completed.	|| time cost : 0h 1m 41.714s
********************************************************************************************************************
Start the 11 rounds of NGS-ED iteration
	effective electronic model is modified as: kinetic energy t = 0.978678
	                                           effective interaction Vq = [ -0.881933, -0.506865, -0.305438, -0.506865, -0.506865, -0.295275, -0.174512, -0.295275, -0.305438, -0.174512,-0.0916856, -0.174512, -0.506865, -0.295275, -0.174512, -0.295275]
	PARPACK diagonalization completed after 30 matrix-vector product operations.
	iteration results: : total energy is -23.568793 | electron energy -23.572208 + phonon energy 0.003414 | electron momentum kIdx = 0
The 11-th iteration is completed.	|| time cost : 0h 0m 9.236s
