SNEDics v3.22.2 Non-Gaussian ED ground state program		Start at Wed Apr 13 04:20:50 2022

Parallelization: 32 MPI threads  * 8 OpenMP threads = 256 total threads.
********************************************************************************************************************
********************************************************************************************************************

********************************************************************************************************************
System parameters and configurations
	special program options are enabled: splitted diagonal Hamiltonian | splitted Hamiltonian terms
********************************************************************************************************************
Read input file "model_params.in"
	Hubbard-Holstein model parameters : 	t = 1    U = 8    g = 0.1    W = 0.2    g' = 0.15    
********************************************************************************************************************
Read input file "hilbertspace_params.in"
	Requested 16-site 2D lattice, with 8 electrons (4, 4)
	Boundary : Periodic		Hilbert space representation : momentum-space (restricted to kIdx = 10)
	Conservation: particle number[U(1)]      spin[U(1)]     momentum
********************************************************************************************************************

Cluster Positions:				Cluster symmetry group : D4
 x ... x ... x ... x .....                       x ... x ... x ... x .....
 |           |           :                       |           |           :
 |           |           :                       |           |           :
12    13    14    15     x                       1     5     6     5     x
 |           |           :                       |           |           :
 |           |           :                       |           |           :
 8 --- 9 ---10 ---11 --- x                       2 --- 6 ---10 --- 6 --- x
 |           |           :                       |           |           :
 |           |           :                       |           |           :
 4     5     6     7     x                       1     5     6     5     x
 |           |           :                       |           |           :
 |           |           :                       |           |           :
 0 --- 1 --- 2 --- 3 --- x                       0 --- 1 --- 2 --- 1 --- x
orbital number : 1
********************************************************************************************************************
Read input file "obs_params.in"
	Observable Type : Nq(All),   Sq(All),   N(All-Orbital),   Delta[s](All),   Delta[d](All),   Delta[s+](All)
** WARNING ** the input observables have non-local factors which have been reinterpreted. The total observable number is 96
********************************************************************************************************************


********************************************************************************************************************
Start calculating the non-Gaussian ED ground state
Maximal iteration number is 1000; energy resolution is 1e-06. Phonon state relaxation time is 2000
W = 0.2 is relatively large. The non-Gaussian ED calculation starts directly.
open output files: NGSED_iteration_observables.txt
********************************************************************************************************************
Start the 0 rounds of NGS-ED iteration
	effective electronic model is modified as: kinetic energy t = 1
	                                           effective interaction Vq = [0,0,0,0,0,0,0,0,0,0,0,0,0,0,0,0]
	first Hamiltonian is constructed, size = 207168 and non-zero numbers = 32194784
	PARPACK diagonalization completed after 225 matrix-vector product operations.
	iteration results: : total energy is -14.228491 | electron energy -14.228491 + phonon energy 0.000000 | electron momentum kIdx = 10
	Nq(0) = 4,	Nq(1) = 0.1929,	Nq(2) = 0.241361,	Nq(3) = 0.1929,	Nq(4) = 0.1929,	Nq(5) = 0.2635,	
	Nq(6) = 0.343209,	Nq(7) = 0.2635,	Nq(8) = 0.241361,	Nq(9) = 0.343209,	Nq(10) = 0.497356,	
	Nq(11) = 0.343209,	Nq(12) = 0.1929,	Nq(13) = 0.2635,	Nq(14) = 0.343209,	Nq(15) = 0.2635;	
	Sq(0) = 1.05048e-18,	Sq(1) = 0.540129,	Sq(2) = 0.425883,	Sq(3) = 0.540129,	Sq(4) = 0.540129,	
	Sq(5) = 0.44091,	Sq(6) = 0.633208,	Sq(7) = 0.44091,	Sq(8) = 0.425883,	Sq(9) = 0.633208,	
	Sq(10) = 0.512733,	Sq(11) = 0.633208,	Sq(12) = 0.540129,	Sq(13) = 0.44091,	Sq(14) = 0.633208,	
	Sq(15) = 0.44091;	N(0) = 1.39632,	N(1) = 1.19393,	N(2) = 0.182033,	N(3) = 1.19393,	
	N(4) = 1.19393,	N(5) = 0.343994,	N(6) = 0.0196952,	N(7) = 0.343994,	N(8) = 0.182033,	
	N(9) = 0.0196952,	N(10) = 0.00914957,	N(11) = 0.0196952,	N(12) = 1.19393,	N(13) = 0.343994,	
	N(14) = 0.0196952,	N(15) = 0.343994;	Delta[s](0) = 0.0202703,	Delta[s](1) = 0.00995947,	Delta[s](2) = 0.00242328,	
	Delta[s](3) = 0.00995947,	Delta[s](4) = 0.00995947,	Delta[s](5) = 0.00581702,	Delta[s](6) = 0.000221045,	Delta[s](7) = 0.00581702,	
	Delta[s](8) = 0.00242327,	Delta[s](9) = 0.000221045,	Delta[s](10) = 0.000148793,	Delta[s](11) = 0.000221045,	Delta[s](12) = 0.00995947,	
	Delta[s](13) = 0.00581702,	Delta[s](14) = 0.000221045,	Delta[s](15) = 0.00581702;	Delta[d](0) = 0.0481626,	Delta[d](1) = 0.0385453,	
	Delta[d](2) = 0.0278833,	Delta[d](3) = 0.0385453,	Delta[d](4) = 0.0385453,	Delta[d](5) = 0.0665259,	Delta[d](6) = 0.0426029,	
	Delta[d](7) = 0.0665259,	Delta[d](8) = 0.0278833,	Delta[d](9) = 0.0426029,	Delta[d](10) = 0.00348823,	Delta[d](11) = 0.0426029,	
	Delta[d](12) = 0.0385453,	Delta[d](13) = 0.0665259,	Delta[d](14) = 0.0426029,	Delta[d](15) = 0.0665259;	Delta[s+](0) = 0.204439,	
	Delta[s+](1) = 0.129829,	Delta[s+](2) = 0.0278833,	Delta[s+](3) = 0.129829,	Delta[s+](4) = 0.129829,	Delta[s+](5) = 0.0693992,	
	Delta[s+](6) = 0.0118766,	Delta[s+](7) = 0.0693992,	Delta[s+](8) = 0.0278833,	Delta[s+](9) = 0.0118766,	Delta[s+](10) = 0.000879111,	
	Delta[s+](11) = 0.0118766,	Delta[s+](12) = 0.129829,	Delta[s+](13) = 0.0693992,	Delta[s+](14) = 0.0118766,	Delta[s+](15) = 0.0693992
	
The 0-th iteration is completed.	|| time cost : 0h 0m 5.076s
********************************************************************************************************************
Start the 1 rounds of NGS-ED iteration
	effective electronic model is modified as: kinetic energy t = 0.992719
	                                           effective interaction Vq = [      -2.45,  -0.131466,-0.00485218,  -0.131466,  -0.131466,-0.00526653, -0.0189207,-0.00526653,-0.00485218, -0.0189207,  -0.181901, -0.0189207,  -0.131466,-0.00526653, -0.0189207,-0.00526653]
	PARPACK diagonalization completed after 45 matrix-vector product operations.
	iteration results: : total energy is -24.135758 | electron energy -24.147928 + phonon energy 0.012170 | electron momentum kIdx = 10
The 1-th iteration is completed.	|| time cost : 0h 0m 3.404s
********************************************************************************************************************
Start the 2 rounds of NGS-ED iteration
	effective electronic model is modified as: kinetic energy t = 0.99225
	                                           effective interaction Vq = [      -2.45,  -0.132807,-0.00481063,  -0.132807,  -0.132807,-0.00519635, -0.0187909,-0.00519635,-0.00481063, -0.0187909,  -0.199561, -0.0187909,  -0.132807,-0.00519635, -0.0187909,-0.00519635]
	PARPACK diagonalization completed after 45 matrix-vector product operations.
	iteration results: : total energy is -24.136000 | electron energy -24.150941 + phonon energy 0.014941 | electron momentum kIdx = 10
The 2-th iteration is completed.	|| time cost : 0h 0m 0.76s
********************************************************************************************************************
Start the 3 rounds of NGS-ED iteration
	effective electronic model is modified as: kinetic energy t = 0.992196
	                                           effective interaction Vq = [      -2.45,  -0.132682,-0.00480783,  -0.132682,  -0.132682,-0.00519104, -0.0187799,-0.00519104,-0.00480783, -0.0187799,    -0.2021, -0.0187799,  -0.132682,-0.00519104, -0.0187799,-0.00519104]
	PARPACK diagonalization completed after 45 matrix-vector product operations.
	iteration results: : total energy is -24.136005 | electron energy -24.151344 + phonon energy 0.015339 | electron momentum kIdx = 10
The 3-th iteration is completed.	|| time cost : 0h 0m 0.759s
********************************************************************************************************************
Start the 4 rounds of NGS-ED iteration
	effective electronic model is modified as: kinetic energy t = 0.992188
	                                           effective interaction Vq = [      -2.45,  -0.132657,-0.00480745,  -0.132657,  -0.132657,-0.00519031, -0.0187785,-0.00519031,-0.00480745, -0.0187785,  -0.202485, -0.0187785,  -0.132657,-0.00519031, -0.0187785,-0.00519031]
	PARPACK diagonalization completed after 30 matrix-vector product operations.
	iteration results: : total energy is -24.136005 | electron energy -24.151404 + phonon energy 0.015399 | electron momentum kIdx = 10
The 4-th iteration is completed.	|| time cost : 0h 0m 0.692s
********************************************************************************************************************
Start the 5 rounds of NGS-ED iteration
	effective electronic model is modified as: kinetic energy t = 0.992187
	                                           effective interaction Vq = [     -2.45, -0.132653,-0.0048074, -0.132653, -0.132653,-0.0051902,-0.0187783,-0.0051902,-0.0048074,-0.0187783, -0.202543,-0.0187783, -0.132653,-0.0051902,-0.0187783,-0.0051902]
	PARPACK diagonalization completed after 30 matrix-vector product operations.
	iteration results: : total energy is -24.136005 | electron energy -24.151413 + phonon energy 0.015408 | electron momentum kIdx = 10
The 5-th iteration is completed.	|| time cost : 0h 0m 0.7s
********************************************************************************************************************
Start the 6 rounds of NGS-ED iteration
	effective electronic model is modified as: kinetic energy t = 0.992187
	                                           effective interaction Vq = [      -2.45,  -0.132652,-0.00480739,  -0.132652,  -0.132652,-0.00519018, -0.0187783,-0.00519018,-0.00480739, -0.0187783,  -0.202552, -0.0187783,  -0.132652,-0.00519018, -0.0187783,-0.00519018]
	PARPACK diagonalization completed after 30 matrix-vector product operations.
	iteration results: : total energy is -24.136005 | electron energy -24.151415 + phonon energy 0.015409 | electron momentum kIdx = 10
The 6-th iteration is completed.	|| time cost : 0h 0m 0.681s
********************************************************************************************************************
Start the 7 rounds of NGS-ED iteration
	effective electronic model is modified as: kinetic energy t = 0.992187
	                                           effective interaction Vq = [      -2.45,  -0.132652,-0.00480739,  -0.132652,  -0.132652,-0.00519018, -0.0187783,-0.00519018,-0.00480739, -0.0187783,  -0.202553, -0.0187783,  -0.132652,-0.00519018, -0.0187783,-0.00519018]
	PARPACK diagonalization completed after 30 matrix-vector product operations.
	iteration results: : total energy is -24.136005 | electron energy -24.151415 + phonon energy 0.015410 | electron momentum kIdx = 10
The 7-th iteration is completed.	|| time cost : 0h 0m 0.698s
********************************************************************************************************************
Start the 8 rounds of NGS-ED iteration
	effective electronic model is modified as: kinetic energy t = 0.992187
	                                           effective interaction Vq = [      -2.45,  -0.132652,-0.00480739,  -0.132652,  -0.132652,-0.00519018, -0.0187783,-0.00519018,-0.00480739, -0.0187783,  -0.202554, -0.0187783,  -0.132652,-0.00519018, -0.0187783,-0.00519018]
	PARPACK diagonalization completed after 30 matrix-vector product operations.
	iteration results: : total energy is -24.136005 | electron energy -24.151415 + phonon energy 0.015410 | electron momentum kIdx = 10
The 8-th iteration is completed.	|| time cost : 0h 0m 0.697s
********************************************************************************************************************
Start the 9 rounds of NGS-ED iteration
	effective electronic model is modified as: kinetic energy t = 0.992187
	                                           effective interaction Vq = [      -2.45,  -0.132652,-0.00480739,  -0.132652,  -0.132652,-0.00519018, -0.0187783,-0.00519018,-0.00480739, -0.0187783,  -0.202554, -0.0187783,  -0.132652,-0.00519018, -0.0187783,-0.00519018]
	PARPACK diagonalization completed after 30 matrix-vector product operations.
	iteration results: : total energy is -24.136005 | electron energy -24.151415 + phonon energy 0.015410 | electron momentum kIdx = 10
	Nq(0) = 4,	Nq(1) = 0.194399,	Nq(2) = 0.238844,	Nq(3) = 0.194399,	Nq(4) = 0.194399,	Nq(5) = 0.259253,	
	Nq(6) = 0.340394,	Nq(7) = 0.259253,	Nq(8) = 0.238844,	Nq(9) = 0.340394,	Nq(10) = 0.525253,	
	Nq(11) = 0.340394,	Nq(12) = 0.194399,	Nq(13) = 0.259253,	Nq(14) = 0.340394,	Nq(15) = 0.259253;	
	Sq(0) = -3.01453e-19,	Sq(1) = 0.543889,	Sq(2) = 0.423152,	Sq(3) = 0.543889,	Sq(4) = 0.543889,	
	Sq(5) = 0.4396,	Sq(6) = 0.632564,	Sq(7) = 0.4396,	Sq(8) = 0.423152,	Sq(9) = 0.632564,	
	Sq(10) = 0.510357,	Sq(11) = 0.632564,	Sq(12) = 0.543889,	Sq(13) = 0.4396,	Sq(14) = 0.632564,	
	Sq(15) = 0.4396;	N(0) = 1.39623,	N(1) = 1.19357,	N(2) = 0.180002,	N(3) = 1.19357,	
	N(4) = 1.19357,	N(5) = 0.345676,	N(6) = 0.0194325,	N(7) = 0.345676,	N(8) = 0.180002,	
	N(9) = 0.0194325,	N(10) = 0.00904263,	N(11) = 0.0194325,	N(12) = 1.19357,	N(13) = 0.345676,	
	N(14) = 0.0194325,	N(15) = 0.345676;	Delta[s](0) = 0.0204048,	Delta[s](1) = 0.00994086,	Delta[s](2) = 0.00244012,	
	Delta[s](3) = 0.00994086,	Delta[s](4) = 0.00994086,	Delta[s](5) = 0.00585383,	Delta[s](6) = 0.000231712,	Delta[s](7) = 0.00585383,	
	Delta[s](8) = 0.00244012,	Delta[s](9) = 0.000231712,	Delta[s](10) = 0.000170979,	Delta[s](11) = 0.000231712,	Delta[s](12) = 0.00994086,	
	Delta[s](13) = 0.00585383,	Delta[s](14) = 0.000231712,	Delta[s](15) = 0.00585383;	Delta[d](0) = 0.047269,	Delta[d](1) = 0.0384134,	
	Delta[d](2) = 0.0274662,	Delta[d](3) = 0.0384134,	Delta[d](4) = 0.0384134,	Delta[d](5) = 0.0656437,	Delta[d](6) = 0.0418385,	
	Delta[d](7) = 0.0656437,	Delta[d](8) = 0.0274662,	Delta[d](9) = 0.0418385,	Delta[d](10) = 0.00346345,	Delta[d](11) = 0.0418385,	
	Delta[d](12) = 0.0384134,	Delta[d](13) = 0.0656437,	Delta[d](14) = 0.0418385,	Delta[d](15) = 0.0656437;	Delta[s+](0) = 0.204507,	
	Delta[s+](1) = 0.129154,	Delta[s+](2) = 0.0274662,	Delta[s+](3) = 0.129154,	Delta[s+](4) = 0.129154,	Delta[s+](5) = 0.0690711,	
	Delta[s+](6) = 0.0117297,	Delta[s+](7) = 0.0690711,	Delta[s+](8) = 0.0274662,	Delta[s+](9) = 0.0117297,	Delta[s+](10) = 0.000858365,	
	Delta[s+](11) = 0.0117297,	Delta[s+](12) = 0.129154,	Delta[s+](13) = 0.0690711,	Delta[s+](14) = 0.0117297,	Delta[s+](15) = 0.0690711
	
The 9-th iteration is completed.	|| time cost : 0h 0m 2.888s
********************************************************************************************************************
********************************************************************************************************************
Ground state is obtained after 10 iterations. The current ground-state energy is -24.136, in which electron energy is -24.1514 and phonon energy is 0.0154096
Final variational state is: 
	Gamma_x = [      1,1.13064,1.00561,1.13064,1.13064,1.00656,1.03166,1.00656,1.00561,1.03166,1.63031,1.03166,1.13064,1.00656,1.03166,1.00656]
	lambda_q = [       3.5,  0.173325, 0.0246443,  0.173325,  0.173325, 0.0266617,-0.0481026, 0.0266617, 0.0246443,-0.0481026,   -0.2115,-0.0481026,  0.173325, 0.0266617,-0.0481026, 0.0266617]
Effective e-e interactions mediated by phonons are:
	momentum-space Vq = [      -2.45,  -0.132652,-0.00480739,  -0.132652,  -0.132652,-0.00519018, -0.0187783,-0.00519018,-0.00480739, -0.0187783,  -0.202554, -0.0187783,  -0.132652,-0.00519018, -0.0187783,-0.00519018]
	real-space Vr = [-0.205541,  -0.1547,-0.165088,  -0.1547,  -0.1547,-0.165184,-0.126231,-0.165184,-0.165088,-0.126231,-0.129826,-0.126231,  -0.1547,-0.165184,-0.126231,-0.165184]
********************************************************************************************************************
o___o  ----------------------------------------
| L |	Time since last clock: 0h 0m 0.008s
A===A	Time since the beginning: 0h 0m 16.368s
***********************************************


Non-Gaussina ED ground state calculation is completed. The final ground-state energy is -24.136
********************************************************************************************************************
o___o  ----------------------------------------
| L |	Time since last clock: 0h 0m 0.003s
A===A	Time since the beginning: 0h 0m 16.372s
***********************************************



********************************************************************************************************************
All non-Gaussian ED ground state calculations have been completed. Exit now.
