TACC:  Starting up job 4187712 
TACC:  Starting parallel tasks... 
SNEDics v3.4 Non-Gaussian ED ground state program		Start at Sun Aug 18 16:01:27 2019

parallized on 32 MPI threads  * 6 OpenMP threads = 192 total threads.
********************************************************************************************************************
********************************************************************************************************************

********************************************************************************************************************
System parameters and configurations
********************************************************************************************************************
Special program options are enabled: splitted diagonal Hamiltonian
********************************************************************************************************************
Read input file "model_params.in"
	Hubbard-Holstein model parameters : 	t = 1    g = 3.1623    W = 5    
********************************************************************************************************************
Read input file "hilbertspace_params.in"
	Requested 16-site 2D lattice, with 16 electrons (8, 8)
	Boundary : Periodic		Hilbert space representation : momentum-space (restricted to kIdx = 10)
	Conservation: particle number[U(1)]      spin[U(1)]     momentum
********************************************************************************************************************

Cluster Positions:				Cluster symmetry group : D4
 x ... x ... x ... x .....                       x ... x ... x ... x .....
 |           |           :                       |           |           :
 |           |           :                       |           |           :
12    13    14    15     x                       1     5     6     5     x
 |           |           :                       |           |           :
 |           |           :                       |           |           :
 8 --- 9 ---10 ---11 --- x                       2 --- 6 ---10 --- 6 --- x
 |           |           :                       |           |           :
 |           |           :                       |           |           :
 4     5     6     7     x                       1     5     6     5     x
 |           |           :                       |           |           :
 |           |           :                       |           |           :
 0 --- 1 --- 2 --- 3 --- x                       0 --- 1 --- 2 --- 1 --- x
orbital number : 1
********************************************************************************************************************
Read input file "obs_params.in"
	Observable Type : Nq[All],   Sq[All],   N[All]
********************************************************************************************************************
** WARNING ** the input observables have non-local factors which have been reinterpreted. The total observable number is 48
********************************************************************************************************************


********************************************************************************************************************
Start calculating the non-Gaussian ED ground state
** WARNING ** Detected low phonon energy W < 10. The initial state will be prepared through a warm-up process.
********************************************************************************************************************
Start warm-up calculation for scaling factor 2
open output files: NGSEDWarmUpW10Obs.txt
********************************************************************************************************************
Start the 0 rounds of NGS-ED iteration
	effective electronic model is modified as: kinetic energy t = 1
	                                           effective interaction Vq = [0,0,0,0,0,0,0,0,0,0,0,0,0,0,0,0]
	first Hamiltonian is constructed, non-zero numbers = 7586336
	PARPACK diagonalization completed after 30 matrix-vector product operations.
	iteration results: : total energy is -24.000000 | electron energy -24.000000 + phonon energy 0.000000 | electron momentum kIdx = 10
	Nq(0) = 16,	Nq(1) = 0.356224,	Nq(2) = 0.473798,	Nq(3) = 0.356224,	Nq(4) = 0.393776,	Nq(5) = 0.520922,	Nq(6) = 0.606224,	Nq(7) = 0.525156,	Nq(8) = 0.535144,	Nq(9) = 0.643776,	Nq(10) = 0.973613,	Nq(11) = 0.643776,	Nq(12) = 0.393776,	Nq(13) = 0.525156,	Nq(14) = 0.606224,	Nq(15) = 0.520922,	Sq(0) = 3.68344e-18,	Sq(1) = 0.356224,	Sq(2) = 0.504292,	Sq(3) = 0.356224,	Sq(4) = 0.393776,	Sq(5) = 0.506111,	Sq(6) = 0.606224,	Sq(7) = 0.497359,	Sq(8) = 0.4885,	Sq(9) = 0.643776,	Sq(10) = 0.925556,	Sq(11) = 0.643776,	Sq(12) = 0.393776,	Sq(13) = 0.497359,	Sq(14) = 0.606224,	Sq(15) = 0.506111,	N(0) = 2,	N(1) = 2,	N(2) = 1.16654,	N(3) = 2,	N(4) = 2,	N(5) = 0.371096,	N(6) = 8.91442e-26,	N(7) = 1.03009,	N(8) = 0.866122,	N(9) = 8.87487e-26,	N(10) = 2.98486e-26,	N(11) = 8.71449e-26,	N(12) = 2,	N(13) = 0.838912,	N(14) = 8.91856e-26,	N(15) = 1.72724
The 0-th iteration is completed.	|| time cost : 0h 2m 21.334s
********************************************************************************************************************
Start the 1 rounds of NGS-ED iteration
	effective electronic model is modified as: kinetic energy (tx,ty)=(0.939404, 0.939326)
	                                           effective interaction Vq = [-1.72935,-1.65537, -1.6187,-1.65537,-1.65548,-1.62359,-1.59597,-1.62445,-1.62132,-1.59965,-1.61824,-1.59965,-1.65548,-1.62445,-1.59597,-1.62359]
	PARPACK diagonalization completed after 90 matrix-vector product operations.
	iteration results: : total energy is -67.255416 | electron energy -67.259952 + phonon energy 0.004536 | electron momentum kIdx = 10
The 1-th iteration is completed.	|| time cost : 0h 3m 44.669s
********************************************************************************************************************
Start the 2 rounds of NGS-ED iteration
	effective electronic model is modified as: kinetic energy (tx,ty)=(0.899007, 0.898958)
	                                           effective interaction Vq = [ -1.9634,-1.89125,-1.84373,-1.89125, -1.8914,-1.84486,-1.84165,-1.84506,-1.84445,-1.84269,-1.93772,-1.84269, -1.8914,-1.84506,-1.84165,-1.84486]
	PARPACK diagonalization completed after 45 matrix-vector product operations.
	iteration results: : total energy is -73.515678 | electron energy -73.539065 + phonon energy 0.023386 | electron momentum kIdx = 10
The 2-th iteration is completed.	|| time cost : 0h 0m 22.316s
********************************************************************************************************************
Start the 3 rounds of NGS-ED iteration
	effective electronic model is modified as: kinetic energy (tx,ty)=(0.888954, 0.888934)
	                                           effective interaction Vq = [-1.99507,-1.92282,-1.87302,-1.92282,-1.92289,-1.87334,-1.87664,-1.87339,-1.87324,-1.87697,-1.98781,-1.87697,-1.92289,-1.87339,-1.87664,-1.87334]
	PARPACK diagonalization completed after 45 matrix-vector product operations.
	iteration results: : total energy is -74.345911 | electron energy -74.379916 + phonon energy 0.034004 | electron momentum kIdx = 10
The 3-th iteration is completed.	|| time cost : 0h 0m 22.309s
********************************************************************************************************************
Start the 4 rounds of NGS-ED iteration
	effective electronic model is modified as: kinetic energy (tx,ty)=(0.886799, 0.886792)
	                                           effective interaction Vq = [-1.99936,-1.92707,-1.87671,-1.92707,-1.92711, -1.8768,-1.88136,-1.87682,-1.87678,-1.88148,-1.99625,-1.88148,-1.92711,-1.87682,-1.88136, -1.8768]
	PARPACK diagonalization completed after 30 matrix-vector product operations.
	iteration results: : total energy is -74.453431 | electron energy -74.491102 + phonon energy 0.037670 | electron momentum kIdx = 10
The 4-th iteration is completed.	|| time cost : 0h 0m 19.171s
********************************************************************************************************************
Start the 5 rounds of NGS-ED iteration
	effective electronic model is modified as: kinetic energy (tx,ty)=(0.886344, 0.886342)
	                                           effective interaction Vq = [-1.99994,-1.92735, -1.8768,-1.92735,-1.92737,-1.87683,-1.88165,-1.87683,-1.87682,-1.88169,-1.99804,-1.88169,-1.92737,-1.87683,-1.88165,-1.87683]
	PARPACK diagonalization completed after 30 matrix-vector product operations.
	iteration results: : total energy is -74.467264 | electron energy -74.506108 + phonon energy 0.038844 | electron momentum kIdx = 10
The 5-th iteration is completed.	|| time cost : 0h 0m 19.218s
********************************************************************************************************************
Start the 6 rounds of NGS-ED iteration
	effective electronic model is modified as: kinetic energy t = 0.886273
	                                           effective interaction Vq = [-2.00002,-1.92711,-1.87649,-1.92711,-1.92712, -1.8765,-1.88137, -1.8765, -1.8765,-1.88138,-1.99852,-1.88138,-1.92712, -1.8765,-1.88137, -1.8765]
	PARPACK diagonalization completed after 30 matrix-vector product operations.
	iteration results: : total energy is -74.469058 | electron energy -74.508255 + phonon energy 0.039198 | electron momentum kIdx = 10
The 6-th iteration is completed.	|| time cost : 0h 0m 19.089s
********************************************************************************************************************
Start the 7 rounds of NGS-ED iteration
	effective electronic model is modified as: kinetic energy t = 0.886283
	                                           effective interaction Vq = [-2.00003,-1.92689,-1.87624,-1.92689, -1.9269,-1.87625,-1.88112,-1.87625,-1.87625,-1.88112,-1.99866,-1.88112, -1.9269,-1.87625,-1.88112,-1.87625]
	PARPACK diagonalization completed after 30 matrix-vector product operations.
	iteration results: : total energy is -74.469284 | electron energy -74.508578 + phonon energy 0.039293 | electron momentum kIdx = 10
The 7-th iteration is completed.	|| time cost : 0h 0m 19.068s
********************************************************************************************************************
Start the 8 rounds of NGS-ED iteration
	effective electronic model is modified as: kinetic energy t = 0.886302
	                                           effective interaction Vq = [-2.00003,-1.92676,-1.87609,-1.92676,-1.92676, -1.8761,-1.88096, -1.8761, -1.8761,-1.88096,-1.99871,-1.88096,-1.92676, -1.8761,-1.88096, -1.8761]
	PARPACK diagonalization completed after 30 matrix-vector product operations.
	iteration results: : total energy is -74.469313 | electron energy -74.508627 + phonon energy 0.039314 | electron momentum kIdx = 10
	Nq(0) = 16,	Nq(1) = 0.22993,	Nq(2) = 0.325225,	Nq(3) = 0.22993,	Nq(4) = 0.229931,	Nq(5) = 0.325225,	Nq(6) = 0.494882,	Nq(7) = 0.325225,	Nq(8) = 0.325225,	Nq(9) = 0.494883,	Nq(10) = 7.84013,	Nq(11) = 0.494883,	Nq(12) = 0.229931,	Nq(13) = 0.325225,	Nq(14) = 0.494882,	Nq(15) = 0.325225,	Sq(0) = 4.19799e-19,	Sq(1) = 0.138585,	Sq(2) = 0.209991,	Sq(3) = 0.138585,	Sq(4) = 0.138585,	Sq(5) = 0.209991,	Sq(6) = 0.286459,	Sq(7) = 0.209991,	Sq(8) = 0.209991,	Sq(9) = 0.286459,	Sq(10) = 0.349141,	Sq(11) = 0.286459,	Sq(12) = 0.138585,	Sq(13) = 0.209991,	Sq(14) = 0.286459,	Sq(15) = 0.209991,	N(0) = 1.91188,	N(1) = 1.79093,	N(2) = 1,	N(3) = 1.79093,	N(4) = 1.79093,	N(5) = 1,	N(6) = 0.209073,	N(7) = 1,	N(8) = 0.999999,	N(9) = 0.209073,	N(10) = 0.0881238,	N(11) = 0.209073,	N(12) = 1.79093,	N(13) = 1,	N(14) = 0.209073,	N(15) = 1
The 8-th iteration is completed.	|| time cost : 0h 0m 52.433s
********************************************************************************************************************
********************************************************************************************************************
Ground state is obtained after 9 iterations. The current ground-state energy is -74.4693, in which electron energy is -74.5086 and phonon energy is 0.0393136
final variational state is: 
	Gamma_x = [      1,1.01435,1.02463,1.01435,1.01435,1.02463, 1.0372,1.02463,1.02463, 1.0372,1.08069, 1.0372,1.01435,1.02463, 1.0372,1.02463]
	lambda_q = [0.447162,0.361576,0.335854,0.361576,0.361576,0.335854,0.338059,0.335854,0.335854, 0.33806,0.435812, 0.33806,0.361576,0.335854,0.338059,0.335854]
********************************************************************************************************************
o___o  ----------------------------------------
| L |	Time since last clock: 0h 0m 0s
A===A	Time since the beginning: 0h 8m 59.61s
***********************************************


********************************************************************************************************************
Warm up runs have been completed. Start calculating W = 5 phonon.
open output files: NGSEDIterationObs.txt
Start the 0 rounds of NGS-ED iteration
	effective electronic model is modified as: kinetic energy t = 0.886316
	                                           effective interaction Vq = [-1.82835,-1.63314,-1.56015,-1.63314,-1.63314,-1.56015,-1.56667,-1.56015,-1.56015,-1.56667,-1.80668,-1.56667,-1.63314,-1.56015,-1.56667,-1.56015]
	PARPACK diagonalization completed after 30 matrix-vector product operations.
	iteration results: : total energy is -68.778113 | electron energy -68.797770 + phonon energy 0.019657 | electron momentum kIdx = 10
	Nq(0) = 16,	Nq(1) = 0.200636,	Nq(2) = 0.291116,	Nq(3) = 0.200636,	Nq(4) = 0.200636,	Nq(5) = 0.291116,	Nq(6) = 0.43888,	Nq(7) = 0.291116,	Nq(8) = 0.291116,	Nq(9) = 0.43888,	Nq(10) = 8.24933,	Nq(11) = 0.43888,	Nq(12) = 0.200636,	Nq(13) = 0.291116,	Nq(14) = 0.43888,	Nq(15) = 0.291116,	Sq(0) = 2.74893e-18,	Sq(1) = 0.144108,	Sq(2) = 0.217818,	Sq(3) = 0.144108,	Sq(4) = 0.144108,	Sq(5) = 0.217818,	Sq(6) = 0.29926,	Sq(7) = 0.217818,	Sq(8) = 0.217818,	Sq(9) = 0.29926,	Sq(10) = 0.36553,	Sq(11) = 0.29926,	Sq(12) = 0.144108,	Sq(13) = 0.217818,	Sq(14) = 0.29926,	Sq(15) = 0.217818,	N(0) = 1.92103,	N(1) = 1.7985,	N(2) = 1,	N(3) = 1.7985,	N(4) = 1.7985,	N(5) = 1,	N(6) = 0.2015,	N(7) = 1,	N(8) = 1,	N(9) = 0.2015,	N(10) = 0.0789657,	N(11) = 0.2015,	N(12) = 1.7985,	N(13) = 1,	N(14) = 0.2015,	N(15) = 1
The 0-th iteration is completed.	|| time cost : 0h 0m 52.438s
********************************************************************************************************************
Start the 1 rounds of NGS-ED iteration
	effective electronic model is modified as: kinetic energy t = 0.872722
	                                           effective interaction Vq = [-1.93687,-1.70211,-1.60976,-1.70211,-1.70211,-1.60976,-1.61824,-1.60976,-1.60976,-1.61824,-1.92541,-1.61824,-1.70211,-1.60976,-1.61824,-1.60976]
	PARPACK diagonalization completed after 30 matrix-vector product operations.
	iteration results: : total energy is -71.455623 | electron energy -71.516663 + phonon energy 0.061040 | electron momentum kIdx = 10
The 1-th iteration is completed.	|| time cost : 0h 0m 20.72s
********************************************************************************************************************
Start the 2 rounds of NGS-ED iteration
	effective electronic model is modified as: kinetic energy t = 0.869183
	                                           effective interaction Vq = [-1.97679,-1.70853,-1.61382,-1.70853,-1.70853,-1.61382,-1.62024,-1.61382,-1.61382,-1.62024,-1.97035,-1.62024,-1.70853,-1.61382,-1.62024,-1.61382]
	PARPACK diagonalization completed after 30 matrix-vector product operations.
	iteration results: : total energy is -72.434911 | electron energy -72.521786 + phonon energy 0.086875 | electron momentum kIdx = 10
The 2-th iteration is completed.	|| time cost : 0h 0m 19.091s
********************************************************************************************************************
Start the 3 rounds of NGS-ED iteration
	effective electronic model is modified as: kinetic energy t = 0.869251
	                                           effective interaction Vq = [-1.99148,-1.69759, -1.6049,-1.69759,-1.69759, -1.6049,-1.60886, -1.6049, -1.6049,-1.60886,-1.98696,-1.60886,-1.69759, -1.6049,-1.60886, -1.6049]
	PARPACK diagonalization completed after 30 matrix-vector product operations.
	iteration results: : total energy is -72.783730 | electron energy -72.883448 + phonon energy 0.099718 | electron momentum kIdx = 10
The 3-th iteration is completed.	|| time cost : 0h 0m 19.124s
********************************************************************************************************************
Start the 4 rounds of NGS-ED iteration
	effective electronic model is modified as: kinetic energy t = 0.870224
	                                           effective interaction Vq = [-1.99688,-1.68474,-1.59469,-1.68474,-1.68474,-1.59469,-1.59668,-1.59469,-1.59469,-1.59668, -1.9933,-1.59668,-1.68474,-1.59469,-1.59668,-1.59469]
	PARPACK diagonalization completed after 30 matrix-vector product operations.
	iteration results: : total energy is -72.906507 | electron energy -73.012163 + phonon energy 0.105656 | electron momentum kIdx = 10
The 4-th iteration is completed.	|| time cost : 0h 0m 19.109s
********************************************************************************************************************
Start the 5 rounds of NGS-ED iteration
	effective electronic model is modified as: kinetic energy t = 0.871224
	                                           effective interaction Vq = [-1.99887,-1.67425, -1.5864,-1.67425,-1.67425, -1.5864,-1.58695, -1.5864, -1.5864,-1.58695,-1.99589,-1.58695,-1.67425, -1.5864,-1.58695, -1.5864]
	PARPACK diagonalization completed after 30 matrix-vector product operations.
	iteration results: : total energy is -72.949664 | electron energy -73.057900 + phonon energy 0.108236 | electron momentum kIdx = 10
The 5-th iteration is completed.	|| time cost : 0h 0m 19.081s
********************************************************************************************************************
Start the 6 rounds of NGS-ED iteration
	effective electronic model is modified as: kinetic energy t = 0.872026
	                                           effective interaction Vq = [ -1.9996,-1.66663,-1.58038,-1.66663,-1.66663,-1.58038,-1.57992,-1.58038,-1.58038,-1.57992,-1.99703,-1.57992,-1.66663,-1.58038,-1.57992,-1.58038]
	PARPACK diagonalization completed after 30 matrix-vector product operations.
	iteration results: : total energy is -72.964905 | electron energy -73.074138 + phonon energy 0.109233 | electron momentum kIdx = 10
The 6-th iteration is completed.	|| time cost : 0h 0m 19.106s
********************************************************************************************************************
Start the 7 rounds of NGS-ED iteration
	effective electronic model is modified as: kinetic energy t = 0.872614
	                                           effective interaction Vq = [-1.99987,-1.66139,-1.57623,-1.66139,-1.66139,-1.57623,-1.57508,-1.57623,-1.57623,-1.57508,-1.99757,-1.57508,-1.66139,-1.57623,-1.57508,-1.57623]
	PARPACK diagonalization completed after 30 matrix-vector product operations.
	iteration results: : total energy is -72.970325 | electron energy -73.079845 + phonon energy 0.109520 | electron momentum kIdx = 10
The 7-th iteration is completed.	|| time cost : 0h 0m 19.077s
********************************************************************************************************************
Start the 8 rounds of NGS-ED iteration
	effective electronic model is modified as: kinetic energy t = 0.873026
	                                           effective interaction Vq = [-1.99997,-1.65788,-1.57343,-1.65788,-1.65788,-1.57343,-1.57182,-1.57343,-1.57343,-1.57182,-1.99784,-1.57182,-1.65788,-1.57343,-1.57182,-1.57343]
	PARPACK diagonalization completed after 30 matrix-vector product operations.
	iteration results: : total energy is -72.972268 | electron energy -73.081782 + phonon energy 0.109514 | electron momentum kIdx = 10
The 8-th iteration is completed.	|| time cost : 0h 0m 19.115s
********************************************************************************************************************
Start the 9 rounds of NGS-ED iteration
	effective electronic model is modified as: kinetic energy t = 0.873306
	                                           effective interaction Vq = [-2.00001,-1.65557,-1.57158,-1.65557,-1.65557,-1.57158,-1.56967,-1.57158,-1.57158,-1.56967,-1.99798,-1.56967,-1.65557,-1.57158,-1.56967,-1.57158]
	PARPACK diagonalization completed after 30 matrix-vector product operations.
	iteration results: : total energy is -72.972969 | electron energy -73.082379 + phonon energy 0.109410 | electron momentum kIdx = 10
The 9-th iteration is completed.	|| time cost : 0h 0m 19.082s
********************************************************************************************************************
Start the 10 rounds of NGS-ED iteration
	effective electronic model is modified as: kinetic energy t = 0.873495
	                                           effective interaction Vq = [-2.00002,-1.65406,-1.57037,-1.65406,-1.65406,-1.57037,-1.56825,-1.57037,-1.57037,-1.56825,-1.99805,-1.56825,-1.65406,-1.57037,-1.56825,-1.57037]
	PARPACK diagonalization completed after 30 matrix-vector product operations.
	iteration results: : total energy is -72.973224 | electron energy -73.082514 + phonon energy 0.109290 | electron momentum kIdx = 10
	Nq(0) = 16,	Nq(1) = 0.136794,	Nq(2) = 0.221882,	Nq(3) = 0.136794,	Nq(4) = 0.136794,	Nq(5) = 0.221882,	Nq(6) = 0.32444,	Nq(7) = 0.221882,	Nq(8) = 0.221882,	Nq(9) = 0.32444,	Nq(10) = 9.99924,	Nq(11) = 0.32444,	Nq(12) = 0.136794,	Nq(13) = 0.221882,	Nq(14) = 0.32444,	Nq(15) = 0.221882,	Sq(0) = 9.81457e-19,	Sq(1) = 0.111139,	Sq(2) = 0.179768,	Sq(3) = 0.111139,	Sq(4) = 0.111139,	Sq(5) = 0.179768,	Sq(6) = 0.24812,	Sq(7) = 0.179768,	Sq(8) = 0.179768,	Sq(9) = 0.24812,	Sq(10) = 0.308887,	Sq(11) = 0.24812,	Sq(12) = 0.111139,	Sq(13) = 0.179768,	Sq(14) = 0.24812,	Sq(15) = 0.179768,	N(0) = 1.88357,	N(1) = 1.70821,	N(2) = 1,	N(3) = 1.70821,	N(4) = 1.70821,	N(5) = 1,	N(6) = 0.291789,	N(7) = 1,	N(8) = 1,	N(9) = 0.291789,	N(10) = 0.116428,	N(11) = 0.291789,	N(12) = 1.70821,	N(13) = 1,	N(14) = 0.291789,	N(15) = 1
The 10-th iteration is completed.	|| time cost : 0h 0m 52.404s
********************************************************************************************************************
Start the 11 rounds of NGS-ED iteration
	effective electronic model is modified as: kinetic energy t = 0.873619
	                                           effective interaction Vq = [-2.00003,-1.65308,-1.56958,-1.65308,-1.65308,-1.56958,-1.56733,-1.56958,-1.56958,-1.56733,-1.99809,-1.56733,-1.65308,-1.56958,-1.56733,-1.56958]
	PARPACK diagonalization completed after 30 matrix-vector product operations.
	iteration results: : total energy is -72.973317 | electron energy -73.082503 + phonon energy 0.109186 | electron momentum kIdx = 10
The 11-th iteration is completed.	|| time cost : 0h 0m 19.127s
********************************************************************************************************************
Start the 12 rounds of NGS-ED iteration
	effective electronic model is modified as: kinetic energy t = 0.873701
	                                           effective interaction Vq = [-2.00003,-1.65245,-1.56907,-1.65245,-1.65245,-1.56907,-1.56674,-1.56907,-1.56907,-1.56674,-1.99811,-1.56674,-1.65245,-1.56907,-1.56674,-1.56907]
	PARPACK diagonalization completed after 30 matrix-vector product operations.
	iteration results: : total energy is -72.973351 | electron energy -73.082455 + phonon energy 0.109104 | electron momentum kIdx = 10
The 12-th iteration is completed.	|| time cost : 0h 0m 19.099s
********************************************************************************************************************
Start the 13 rounds of NGS-ED iteration
	effective electronic model is modified as: kinetic energy t = 0.873755
	                                           effective interaction Vq = [-2.00003,-1.65205,-1.56874,-1.65205,-1.65205,-1.56874,-1.56635,-1.56874,-1.56874,-1.56635,-1.99813,-1.56635,-1.65205,-1.56874,-1.56635,-1.56874]
	PARPACK diagonalization completed after 30 matrix-vector product operations.
	iteration results: : total energy is -72.973364 | electron energy -73.082408 + phonon energy 0.109044 | electron momentum kIdx = 10
The 13-th iteration is completed.	|| time cost : 0h 0m 19.106s
********************************************************************************************************************
Start the 14 rounds of NGS-ED iteration
	effective electronic model is modified as: kinetic energy t = 0.873789
	                                           effective interaction Vq = [-2.00003,-1.65178,-1.56853,-1.65178,-1.65178,-1.56853, -1.5661,-1.56853,-1.56853, -1.5661,-1.99813, -1.5661,-1.65178,-1.56853, -1.5661,-1.56853]
	PARPACK diagonalization completed after 30 matrix-vector product operations.
	iteration results: : total energy is -72.973368 | electron energy -73.082370 + phonon energy 0.109002 | electron momentum kIdx = 10
The 14-th iteration is completed.	|| time cost : 0h 0m 19.117s
********************************************************************************************************************
Start the 15 rounds of NGS-ED iteration
	effective electronic model is modified as: kinetic energy t = 0.873812
	                                           effective interaction Vq = [-2.00003,-1.65162, -1.5684,-1.65162,-1.65162, -1.5684,-1.56595, -1.5684, -1.5684,-1.56595,-1.99814,-1.56595,-1.65162, -1.5684,-1.56595, -1.5684]
	PARPACK diagonalization completed after 30 matrix-vector product operations.
	iteration results: : total energy is -72.973370 | electron energy -73.082343 + phonon energy 0.108973 | electron momentum kIdx = 10
The 15-th iteration is completed.	|| time cost : 0h 0m 21.041s
********************************************************************************************************************
Start the 16 rounds of NGS-ED iteration
	effective electronic model is modified as: kinetic energy t = 0.873826
	                                           effective interaction Vq = [-2.00003,-1.65151,-1.56831,-1.65151,-1.65151,-1.56831,-1.56585,-1.56831,-1.56831,-1.56585,-1.99814,-1.56585,-1.65151,-1.56831,-1.56585,-1.56831]
	PARPACK diagonalization completed after 30 matrix-vector product operations.
	iteration results: : total energy is -72.973371 | electron energy -73.082324 + phonon energy 0.108954 | electron momentum kIdx = 10
The 16-th iteration is completed.	|| time cost : 0h 0m 19.121s
********************************************************************************************************************
Start the 17 rounds of NGS-ED iteration
	effective electronic model is modified as: kinetic energy t = 0.873836
	                                           effective interaction Vq = [-2.00003,-1.65144,-1.56825,-1.65144,-1.65144,-1.56825,-1.56578,-1.56825,-1.56825,-1.56578,-1.99814,-1.56578,-1.65144,-1.56825,-1.56578,-1.56825]
	PARPACK diagonalization completed after 30 matrix-vector product operations.
	iteration results: : total energy is -72.973371 | electron energy -73.082312 + phonon energy 0.108941 | electron momentum kIdx = 10
The 17-th iteration is completed.	|| time cost : 0h 0m 19.382s
********************************************************************************************************************
Start the 18 rounds of NGS-ED iteration
	effective electronic model is modified as: kinetic energy t = 0.873841
	                                           effective interaction Vq = [-2.00003, -1.6514,-1.56822, -1.6514, -1.6514,-1.56822,-1.56574,-1.56822,-1.56822,-1.56574,-1.99814,-1.56574, -1.6514,-1.56822,-1.56574,-1.56822]
	PARPACK diagonalization completed after 30 matrix-vector product operations.
	iteration results: : total energy is -72.973371 | electron energy -73.082303 + phonon energy 0.108932 | electron momentum kIdx = 10
The 18-th iteration is completed.	|| time cost : 0h 0m 19.105s
********************************************************************************************************************
Start the 19 rounds of NGS-ED iteration
	effective electronic model is modified as: kinetic energy t = 0.873845
	                                           effective interaction Vq = [-2.00003,-1.65137, -1.5682,-1.65137,-1.65137, -1.5682,-1.56571, -1.5682, -1.5682,-1.56571,-1.99814,-1.56571,-1.65137, -1.5682,-1.56571, -1.5682]
	PARPACK diagonalization completed after 30 matrix-vector product operations.
	iteration results: : total energy is -72.973371 | electron energy -73.082297 + phonon energy 0.108926 | electron momentum kIdx = 10
The 19-th iteration is completed.	|| time cost : 0h 0m 19.12s
********************************************************************************************************************
Start the 20 rounds of NGS-ED iteration
	effective electronic model is modified as: kinetic energy t = 0.873848
	                                           effective interaction Vq = [-2.00003,-1.65136,-1.56818,-1.65136,-1.65136,-1.56818, -1.5657,-1.56818,-1.56818, -1.5657,-1.99814, -1.5657,-1.65136,-1.56818, -1.5657,-1.56818]
	PARPACK diagonalization completed after 30 matrix-vector product operations.
	iteration results: : total energy is -72.973371 | electron energy -73.082294 + phonon energy 0.108923 | electron momentum kIdx = 10
	Nq(0) = 16,	Nq(1) = 0.136447,	Nq(2) = 0.221455,	Nq(3) = 0.136447,	Nq(4) = 0.136447,	Nq(5) = 0.221455,	Nq(6) = 0.323747,	Nq(7) = 0.221455,	Nq(8) = 0.221455,	Nq(9) = 0.323747,	Nq(10) = 10.0083,	Nq(11) = 0.323747,	Nq(12) = 0.136447,	Nq(13) = 0.221455,	Nq(14) = 0.323747,	Nq(15) = 0.221455,	Sq(0) = -6.76973e-19,	Sq(1) = 0.111009,	Sq(2) = 0.179618,	Sq(3) = 0.111009,	Sq(4) = 0.111009,	Sq(5) = 0.179618,	Sq(6) = 0.247937,	Sq(7) = 0.179618,	Sq(8) = 0.179618,	Sq(9) = 0.247937,	Sq(10) = 0.308693,	Sq(11) = 0.247937,	Sq(12) = 0.111009,	Sq(13) = 0.179618,	Sq(14) = 0.247937,	Sq(15) = 0.179618,	N(0) = 1.8834,	N(1) = 1.70776,	N(2) = 1,	N(3) = 1.70776,	N(4) = 1.70776,	N(5) = 1,	N(6) = 0.292237,	N(7) = 1,	N(8) = 1,	N(9) = 0.292237,	N(10) = 0.116598,	N(11) = 0.292237,	N(12) = 1.70776,	N(13) = 1,	N(14) = 0.292237,	N(15) = 1
The 20-th iteration is completed.	|| time cost : 0h 0m 52.412s
********************************************************************************************************************
Start the 21 rounds of NGS-ED iteration
	effective electronic model is modified as: kinetic energy t = 0.873849
	                                           effective interaction Vq = [-2.00003,-1.65135,-1.56817,-1.65135,-1.65135,-1.56817,-1.56569,-1.56817,-1.56817,-1.56569,-1.99814,-1.56569,-1.65135,-1.56817,-1.56569,-1.56817]
	PARPACK diagonalization completed after 30 matrix-vector product operations.
	iteration results: : total energy is -72.973371 | electron energy -73.082291 + phonon energy 0.108920 | electron momentum kIdx = 10
The 21-th iteration is completed.	|| time cost : 0h 0m 19.137s
********************************************************************************************************************
Start the 22 rounds of NGS-ED iteration
	effective electronic model is modified as: kinetic energy t = 0.87385
	                                           effective interaction Vq = [-2.00003,-1.65134,-1.56817,-1.65134,-1.65134,-1.56817,-1.56568,-1.56817,-1.56817,-1.56568,-1.99814,-1.56568,-1.65134,-1.56817,-1.56568,-1.56817]
	PARPACK diagonalization completed after 30 matrix-vector product operations.
	iteration results: : total energy is -72.973371 | electron energy -73.082290 + phonon energy 0.108919 | electron momentum kIdx = 10
The 22-th iteration is completed.	|| time cost : 0h 0m 19.107s
********************************************************************************************************************
Start the 23 rounds of NGS-ED iteration
	effective electronic model is modified as: kinetic energy t = 0.873851
	                                           effective interaction Vq = [-2.00003,-1.65133,-1.56816,-1.65133,-1.65133,-1.56816,-1.56567,-1.56816,-1.56816,-1.56567,-1.99814,-1.56567,-1.65133,-1.56816,-1.56567,-1.56816]
	PARPACK diagonalization completed after 30 matrix-vector product operations.
	iteration results: : total energy is -72.973371 | electron energy -73.082289 + phonon energy 0.108918 | electron momentum kIdx = 10
The 23-th iteration is completed.	|| time cost : 0h 0m 19.104s
********************************************************************************************************************
Start the 24 rounds of NGS-ED iteration
	effective electronic model is modified as: kinetic energy t = 0.873851
	                                           effective interaction Vq = [-2.00003,-1.65133,-1.56816,-1.65133,-1.65133,-1.56816,-1.56567,-1.56816,-1.56816,-1.56567,-1.99814,-1.56567,-1.65133,-1.56816,-1.56567,-1.56816]
	PARPACK diagonalization completed after 30 matrix-vector product operations.
	iteration results: : total energy is -72.973371 | electron energy -73.082288 + phonon energy 0.108917 | electron momentum kIdx = 10
The 24-th iteration is completed.	|| time cost : 0h 0m 19.096s
********************************************************************************************************************
Start the 25 rounds of NGS-ED iteration
	effective electronic model is modified as: kinetic energy t = 0.873851
	                                           effective interaction Vq = [-2.00003,-1.65133,-1.56816,-1.65133,-1.65133,-1.56816,-1.56567,-1.56816,-1.56816,-1.56567,-1.99814,-1.56567,-1.65133,-1.56816,-1.56567,-1.56816]
	PARPACK diagonalization completed after 30 matrix-vector product operations.
	iteration results: : total energy is -72.973371 | electron energy -73.082288 + phonon energy 0.108917 | electron momentum kIdx = 10
The 25-th iteration is completed.	|| time cost : 0h 0m 19.105s
********************************************************************************************************************
Start the 26 rounds of NGS-ED iteration
	effective electronic model is modified as: kinetic energy t = 0.873852
	                                           effective interaction Vq = [-2.00003,-1.65133,-1.56816,-1.65133,-1.65133,-1.56816,-1.56567,-1.56816,-1.56816,-1.56567,-1.99814,-1.56567,-1.65133,-1.56816,-1.56567,-1.56816]
	PARPACK diagonalization completed after 30 matrix-vector product operations.
	iteration results: : total energy is -72.973371 | electron energy -73.082288 + phonon energy 0.108916 | electron momentum kIdx = 10
The 26-th iteration is completed.	|| time cost : 0h 0m 19.076s
********************************************************************************************************************
Start the 27 rounds of NGS-ED iteration
	effective electronic model is modified as: kinetic energy t = 0.873852
	                                           effective interaction Vq = [-2.00003,-1.65133,-1.56816,-1.65133,-1.65133,-1.56816,-1.56567,-1.56816,-1.56816,-1.56567,-1.99814,-1.56567,-1.65133,-1.56816,-1.56567,-1.56816]
	PARPACK diagonalization completed after 30 matrix-vector product operations.
	iteration results: : total energy is -72.973371 | electron energy -73.082287 + phonon energy 0.108916 | electron momentum kIdx = 10
	Nq(0) = 16,	Nq(1) = 0.136443,	Nq(2) = 0.221451,	Nq(3) = 0.136443,	Nq(4) = 0.136443,	Nq(5) = 0.221451,	Nq(6) = 0.32374,	Nq(7) = 0.221451,	Nq(8) = 0.221451,	Nq(9) = 0.32374,	Nq(10) = 10.0084,	Nq(11) = 0.32374,	Nq(12) = 0.136443,	Nq(13) = 0.221451,	Nq(14) = 0.32374,	Nq(15) = 0.221451,	Sq(0) = 6.74008e-19,	Sq(1) = 0.111007,	Sq(2) = 0.179617,	Sq(3) = 0.111007,	Sq(4) = 0.111007,	Sq(5) = 0.179617,	Sq(6) = 0.247935,	Sq(7) = 0.179617,	Sq(8) = 0.179617,	Sq(9) = 0.247935,	Sq(10) = 0.308692,	Sq(11) = 0.247935,	Sq(12) = 0.111007,	Sq(13) = 0.179617,	Sq(14) = 0.247935,	Sq(15) = 0.179617,	N(0) = 1.8834,	N(1) = 1.70776,	N(2) = 1,	N(3) = 1.70776,	N(4) = 1.70776,	N(5) = 1,	N(6) = 0.292242,	N(7) = 1,	N(8) = 1,	N(9) = 0.292242,	N(10) = 0.1166,	N(11) = 0.292242,	N(12) = 1.70776,	N(13) = 1,	N(14) = 0.292242,	N(15) = 1
The 27-th iteration is completed.	|| time cost : 0h 0m 54.107s
********************************************************************************************************************
********************************************************************************************************************
Ground state is obtained after 28 iterations. The current ground-state energy is -72.9734, in which electron energy is -73.0823 and phonon energy is 0.108916
final variational state is: 
	Gamma_x = [      1, 1.0269,1.04504, 1.0269, 1.0269,1.04504,1.06652,1.04504,1.04504,1.06652,1.26648,1.06652, 1.0269,1.04504,1.06652,1.04504]
	lambda_q = [ 0.63246,0.368376,0.338565,0.368376,0.368376,0.338565,0.337719,0.338565,0.338565,0.337719,0.613028,0.337719,0.368376,0.338565,0.337719,0.338565]
********************************************************************************************************************
o___o  ----------------------------------------
| L |	Time since last clock: 0h 0m 0s
A===A	Time since the beginning: 0h 20m 13.333s
***********************************************


Non-Gaussina ED ground state calculation is completed. The final ground-state energy is -72.9734
********************************************************************************************************************
o___o  ----------------------------------------
| L |	Time since last clock: 0h 0m 0.001s
A===A	Time since the beginning: 0h 20m 13.335s
***********************************************



********************************************************************************************************************
All non-Gaussian ED ground state calculations have been completed. Exit now.
TACC:  Shutdown complete. Exiting. 
