SNEDics v3.22.2 Non-Gaussian ED ground state program		Start at Thu Jun  9 05:44:47 2022

Parallelization: 32 MPI threads  * 8 OpenMP threads = 256 total threads.
********************************************************************************************************************
********************************************************************************************************************

********************************************************************************************************************
System parameters and configurations
	special program options are enabled: splitted diagonal Hamiltonian | splitted Hamiltonian terms
********************************************************************************************************************
Read input file "model_params.in"
	Hubbard-Holstein model parameters : 	t = 1    t' = -0.3    U = 8    g = 0.65    W = 0.2    g' = 0.6    
********************************************************************************************************************
Read input file "hilbertspace_params.in"
	Requested 16-site 2D lattice, with 8 electrons (4, 4)
	Boundary : Periodic		Hilbert space representation : momentum-space (restricted to kIdx = 2)
	Conservation: particle number[U(1)]      spin[U(1)]     momentum
********************************************************************************************************************

Cluster Positions:				Cluster symmetry group : D4
 x ... x ... x ... x .....                       x ... x ... x ... x .....
 |           |           :                       |           |           :
 |           |           :                       |           |           :
12    13    14    15     x                       1     5     6     5     x
 |           |           :                       |           |           :
 |           |           :                       |           |           :
 8 --- 9 ---10 ---11 --- x                       2 --- 6 ---10 --- 6 --- x
 |           |           :                       |           |           :
 |           |           :                       |           |           :
 4     5     6     7     x                       1     5     6     5     x
 |           |           :                       |           |           :
 |           |           :                       |           |           :
 0 --- 1 --- 2 --- 3 --- x                       0 --- 1 --- 2 --- 1 --- x
orbital number : 1
********************************************************************************************************************
Read input file "obs_params.in"
	Observable Type : Nq(All),   Sq(All),   N(All-Orbital),   Delta[s](All),   Delta[d](All),   Delta[s+](All)
** WARNING ** the input observables have non-local factors which have been reinterpreted. The total observable number is 96
********************************************************************************************************************


********************************************************************************************************************
Start calculating the non-Gaussian ED ground state
Maximal iteration number is 1000; energy resolution is 1e-06. Phonon state relaxation time is 2000
W = 0.2 is relatively large. The non-Gaussian ED calculation starts directly.
open output files: NGSED_iteration_observables.txt
********************************************************************************************************************
Start the 0 rounds of NGS-ED iteration
	effective electronic model is modified as: kinetic energy t = 1, t' = -0.3
	                                           effective interaction Vq = [0,0,0,0,0,0,0,0,0,0,0,0,0,0,0,0]
	first Hamiltonian is constructed, size = 207168 and non-zero numbers = 32240272
	PARPACK diagonalization completed after 105 matrix-vector product operations.
	iteration results: : total energy is -14.589859 | electron energy -14.589859 + phonon energy 0.000000 | electron momentum kIdx = 2
	Nq(0) = 4,	Nq(1) = 0.210989,	Nq(2) = 0.27716,	Nq(3) = 0.210989,	Nq(4) = 0.183815,	Nq(5) = 0.269769,	
	Nq(6) = 0.352301,	Nq(7) = 0.269769,	Nq(8) = 0.21969,	Nq(9) = 0.36765,	Nq(10) = 0.448498,	
	Nq(11) = 0.36765,	Nq(12) = 0.183815,	Nq(13) = 0.269769,	Nq(14) = 0.352301,	Nq(15) = 0.269769;	
	Sq(0) = -1.31941e-18,	Sq(1) = 0.578692,	Sq(2) = 0.918331,	Sq(3) = 0.578692,	Sq(4) = 0.332581,	
	Sq(5) = 0.45046,	Sq(6) = 0.571755,	Sq(7) = 0.45046,	Sq(8) = 0.294095,	Sq(9) = 0.623631,	
	Sq(10) = 0.51848,	Sq(11) = 0.623631,	Sq(12) = 0.332581,	Sq(13) = 0.45046,	Sq(14) = 0.571755,	
	Sq(15) = 0.45046;	N(0) = 1.69474,	N(1) = 0.981264,	N(2) = 0.249236,	N(3) = 0.981264,	
	N(4) = 1.71528,	N(5) = 0.0941986,	N(6) = 0.0463095,	N(7) = 0.0941986,	N(8) = 0.121871,	
	N(9) = 0.029174,	N(10) = 0.0133117,	N(11) = 0.029174,	N(12) = 1.71528,	N(13) = 0.0941986,	
	N(14) = 0.0463095,	N(15) = 0.0941986;	Delta[s](0) = 0.00941563,	Delta[s](1) = 0.00796838,	Delta[s](2) = 0.00706394,	
	Delta[s](3) = 0.00796838,	Delta[s](4) = 0.00918953,	Delta[s](5) = 0.00782221,	Delta[s](6) = 0.00698734,	Delta[s](7) = 0.00782221,	
	Delta[s](8) = 0.00890884,	Delta[s](9) = 0.00758449,	Delta[s](10) = 0.00683156,	Delta[s](11) = 0.00758449,	Delta[s](12) = 0.00918953,	
	Delta[s](13) = 0.00782221,	Delta[s](14) = 0.00698734,	Delta[s](15) = 0.00782221;	Delta[d](0) = 0.0708205,	Delta[d](1) = 0.0358365,	
	Delta[d](2) = 0.032501,	Delta[d](3) = 0.0358365,	Delta[d](4) = 0.0953659,	Delta[d](5) = 0.051755,	Delta[d](6) = 0.0402921,	
	Delta[d](7) = 0.051755,	Delta[d](8) = 0.113813,	Delta[d](9) = 0.0592562,	Delta[d](10) = 0.0392345,	Delta[d](11) = 0.0592562,	
	Delta[d](12) = 0.0953659,	Delta[d](13) = 0.051755,	Delta[d](14) = 0.0402921,	Delta[d](15) = 0.051755;	Delta[s+](0) = 0.193899,	
	Delta[s+](1) = 0.0929441,	Delta[s+](2) = 0.032501,	Delta[s+](3) = 0.0929441,	Delta[s+](4) = 0.160089,	Delta[s+](5) = 0.0708366,	
	Delta[s+](6) = 0.0241838,	Delta[s+](7) = 0.0708366,	Delta[s+](8) = 0.113813,	Delta[s+](9) = 0.0433682,	Delta[s+](10) = 0.0144856,	
	Delta[s+](11) = 0.0433682,	Delta[s+](12) = 0.160089,	Delta[s+](13) = 0.0708366,	Delta[s+](14) = 0.0241838,	Delta[s+](15) = 0.0708366
	
The 0-th iteration is completed.	|| time cost : 0h 0m 5.625s
********************************************************************************************************************
Start the 1 rounds of NGS-ED iteration
	effective electronic model is modified as: kinetic energy (tx,ty)=(0.57682, 0.519848), t' = -0.132067
	                                           effective interaction Vq = [ -46.5125, -15.3865,-0.598107, -15.3865, -15.6625,-0.657178,-0.331848,-0.657178, -0.66238,-0.430203, -13.8377,-0.430203, -15.6625,-0.657178,-0.331848,-0.657178]
	PARPACK diagonalization completed after 60 matrix-vector product operations.
	iteration results: : total energy is -277.090434 | electron energy -281.188729 + phonon energy 4.098294 | electron momentum kIdx = 2
The 1-th iteration is completed.	|| time cost : 0h 0m 3.141s
********************************************************************************************************************
Start the 2 rounds of NGS-ED iteration
	effective electronic model is modified as: kinetic energy t = 1.76565e-12, t' = -1.18191e-13
	                                           effective interaction Vq = [-46.5125,-17.1125, -2.1125,-17.1125,-17.1125, -2.1125, -1.5125, -2.1125, -2.1125, -1.5125,-15.3125, -1.5125,-17.1125, -2.1125, -1.5125, -2.1125]
	PARPACK diagonalization completed after 30 matrix-vector product operations.
	iteration results: : total energy is -299.400000 | electron energy -299.400000 + phonon energy 0.000000 | electron momentum kIdx = 2
The 2-th iteration is completed.	|| time cost : 0h 0m 0.375s
********************************************************************************************************************
Start the 3 rounds of NGS-ED iteration
	effective electronic model is modified as: kinetic energy (tx,ty)=(1.76293e-12, 1.7608e-12), t' = -1.18031e-13
	                                           effective interaction Vq = [-46.5125,-17.1125, -2.1125,-17.1125,-17.1125, -2.1125, -1.5125, -2.1125, -2.1125, -1.5125,-15.3125, -1.5125,-17.1125, -2.1125, -1.5125, -2.1125]
	PARPACK diagonalization completed after 30 matrix-vector product operations.
	iteration results: : total energy is -299.400000 | electron energy -299.400000 + phonon energy 0.000000 | electron momentum kIdx = 2
The 3-th iteration is completed.	|| time cost : 0h 0m 0.348s
********************************************************************************************************************
Start the 4 rounds of NGS-ED iteration
	effective electronic model is modified as: kinetic energy (tx,ty)=(1.76253e-12, 1.73751e-12), t' = -1.16434e-13
	                                           effective interaction Vq = [-46.5125,-17.1125, -2.1125,-17.1125,-17.1125, -2.1125, -1.5125, -2.1125,-2.11244, -1.5125,-15.3125, -1.5125,-17.1125, -2.1125, -1.5125, -2.1125]
	PARPACK diagonalization completed after 30 matrix-vector product operations.
	iteration results: : total energy is -299.400000 | electron energy -299.400000 + phonon energy 0.000000 | electron momentum kIdx = 2
The 4-th iteration is completed.	|| time cost : 0h 0m 0.355s
********************************************************************************************************************
Start the 5 rounds of NGS-ED iteration
	effective electronic model is modified as: kinetic energy t = 1.7832e-12, t' = -1.18197e-13
	                                           effective interaction Vq = [-46.5125,-17.1125, -2.1125,-17.1125,-17.1125, -2.1125, -1.5125, -2.1125, -2.1125, -1.5125,-15.3125, -1.5125,-17.1125, -2.1125, -1.5125, -2.1125]
	PARPACK diagonalization completed after 30 matrix-vector product operations.
	iteration results: : total energy is -299.400000 | electron energy -299.400000 + phonon energy 0.000000 | electron momentum kIdx = 2
The 5-th iteration is completed.	|| time cost : 0h 0m 0.351s
********************************************************************************************************************
Start the 6 rounds of NGS-ED iteration
	effective electronic model is modified as: kinetic energy t = 1.76234e-12, t' = -1.18178e-13
	                                           effective interaction Vq = [-46.5125,-17.1125, -2.1125,-17.1125,-17.1125, -2.1125, -1.5125, -2.1125, -2.1125, -1.5125,-15.3125, -1.5125,-17.1125, -2.1125, -1.5125, -2.1125]
	PARPACK diagonalization completed after 30 matrix-vector product operations.
	iteration results: : total energy is -299.400000 | electron energy -299.400000 + phonon energy 0.000000 | electron momentum kIdx = 2
The 6-th iteration is completed.	|| time cost : 0h 0m 0.348s
********************************************************************************************************************
Start the 7 rounds of NGS-ED iteration
	effective electronic model is modified as: kinetic energy t = 1.7671e-12, t' = -1.18149e-13
	                                           effective interaction Vq = [-46.5125,-17.1125, -2.1125,-17.1125,-17.1125, -2.1125, -1.5125, -2.1125, -2.1125, -1.5125,-15.3125, -1.5125,-17.1125, -2.1125, -1.5125, -2.1125]
	PARPACK diagonalization completed after 30 matrix-vector product operations.
	iteration results: : total energy is -299.400000 | electron energy -299.400000 + phonon energy 0.000000 | electron momentum kIdx = 2
The 7-th iteration is completed.	|| time cost : 0h 0m 0.347s
********************************************************************************************************************
Start the 8 rounds of NGS-ED iteration
	effective electronic model is modified as: kinetic energy (tx,ty)=(1.786e-12, 1.78128e-12), t' = -1.17907e-13
	                                           effective interaction Vq = [-46.5125,-17.1125, -2.1125,-17.1125,-17.1125, -2.1125, -1.5125, -2.1125, -2.1125, -1.5125,-15.3125, -1.5125,-17.1125, -2.1125, -1.5125, -2.1125]
	PARPACK diagonalization completed after 30 matrix-vector product operations.
	iteration results: : total energy is -299.400000 | electron energy -299.400000 + phonon energy 0.000000 | electron momentum kIdx = 2
The 8-th iteration is completed.	|| time cost : 0h 0m 0.356s
********************************************************************************************************************
Start the 9 rounds of NGS-ED iteration
	effective electronic model is modified as: kinetic energy t = 1.75909e-12, t' = -1.18173e-13
	                                           effective interaction Vq = [-46.5125,-17.1125, -2.1125,-17.1125,-17.1125, -2.1125, -1.5125, -2.1125, -2.1125, -1.5125,-15.3125, -1.5125,-17.1125, -2.1125, -1.5125, -2.1125]
	PARPACK diagonalization completed after 30 matrix-vector product operations.
	iteration results: : total energy is -299.400000 | electron energy -299.400000 + phonon energy 0.000000 | electron momentum kIdx = 2
The 9-th iteration is completed.	|| time cost : 0h 0m 0.348s
********************************************************************************************************************
Start the 10 rounds of NGS-ED iteration
	effective electronic model is modified as: kinetic energy t = 1.79101e-12, t' = -1.18131e-13
	                                           effective interaction Vq = [-46.5125,-17.1125, -2.1125,-17.1125,-17.1125, -2.1125, -1.5125, -2.1125, -2.1125, -1.5125,-15.3125, -1.5125,-17.1125, -2.1125, -1.5125, -2.1125]
	PARPACK diagonalization completed after 30 matrix-vector product operations.
	iteration results: : total energy is -299.400000 | electron energy -299.400000 + phonon energy 0.000000 | electron momentum kIdx = 2
The 10-th iteration is completed.	|| time cost : 0h 0m 0.35s
********************************************************************************************************************
Start the 11 rounds of NGS-ED iteration
	effective electronic model is modified as: kinetic energy (tx,ty)=(1.7659e-12, 1.76363e-12), t' = -1.18094e-13
	                                           effective interaction Vq = [-46.5125,-17.1125, -2.1125,-17.1125,-17.1125, -2.1125, -1.5125, -2.1125, -2.1125, -1.5125,-15.3125, -1.5125,-17.1125, -2.1125, -1.5125, -2.1125]
	PARPACK diagonalization completed after 30 matrix-vector product operations.
	iteration results: : total energy is -299.400000 | electron energy -299.400000 + phonon energy 0.000000 | electron momentum kIdx = 2
The 11-th iteration is completed.	|| time cost : 0h 0m 0.358s
********************************************************************************************************************
Start the 12 rounds of NGS-ED iteration
	effective electronic model is modified as: kinetic energy t = 1.76301e-12, t' = -1.1825e-13
	                                           effective interaction Vq = [-46.5125,-17.1125, -2.1125,-17.1125,-17.1125, -2.1125, -1.5125, -2.1125, -2.1125, -1.5125,-15.3125, -1.5125,-17.1125, -2.1125, -1.5125, -2.1125]
	PARPACK diagonalization completed after 30 matrix-vector product operations.
	iteration results: : total energy is -299.400000 | electron energy -299.400000 + phonon energy 0.000000 | electron momentum kIdx = 2
The 12-th iteration is completed.	|| time cost : 0h 0m 0.346s
********************************************************************************************************************
Start the 13 rounds of NGS-ED iteration
	effective electronic model is modified as: kinetic energy t = 1.76384e-12, t' = -1.18216e-13
	                                           effective interaction Vq = [-46.5125,-17.1125, -2.1125,-17.1125,-17.1125, -2.1125, -1.5125, -2.1125, -2.1125, -1.5125,-15.3125, -1.5125,-17.1125, -2.1125, -1.5125, -2.1125]
	PARPACK diagonalization completed after 30 matrix-vector product operations.
	iteration results: : total energy is -299.400000 | electron energy -299.400000 + phonon energy 0.000000 | electron momentum kIdx = 2
The 13-th iteration is completed.	|| time cost : 0h 0m 0.347s
********************************************************************************************************************
Start the 14 rounds of NGS-ED iteration
	effective electronic model is modified as: kinetic energy t = 1.76294e-12, t' = -1.18145e-13
	                                           effective interaction Vq = [-46.5125,-17.1125, -2.1125,-17.1125,-17.1125, -2.1125, -1.5125, -2.1125, -2.1125, -1.5125,-15.3125, -1.5125,-17.1125, -2.1125, -1.5125, -2.1125]
	PARPACK diagonalization completed after 30 matrix-vector product operations.
	iteration results: : total energy is -299.400000 | electron energy -299.400000 + phonon energy 0.000000 | electron momentum kIdx = 2
The 14-th iteration is completed.	|| time cost : 0h 0m 0.353s
********************************************************************************************************************
Start the 15 rounds of NGS-ED iteration
	effective electronic model is modified as: kinetic energy t = 1.76119e-12, t' = -1.18147e-13
	                                           effective interaction Vq = [-46.5125,-17.1125, -2.1125,-17.1125,-17.1125, -2.1125, -1.5125, -2.1125, -2.1125, -1.5125,-15.3125, -1.5125,-17.1125, -2.1125, -1.5125, -2.1125]
	PARPACK diagonalization completed after 30 matrix-vector product operations.
	iteration results: : total energy is -299.400000 | electron energy -299.400000 + phonon energy 0.000000 | electron momentum kIdx = 2
The 15-th iteration is completed.	|| time cost : 0h 0m 0.348s
********************************************************************************************************************
Start the 16 rounds of NGS-ED iteration
	effective electronic model is modified as: kinetic energy t = 1.76778e-12, t' = -1.18227e-13
	                                           effective interaction Vq = [-46.5125,-17.1125, -2.1125,-17.1125,-17.1125, -2.1125, -1.5125, -2.1125, -2.1125, -1.5125,-15.3125, -1.5125,-17.1125, -2.1125, -1.5125, -2.1125]
	PARPACK diagonalization completed after 30 matrix-vector product operations.
	iteration results: : total energy is -299.400000 | electron energy -299.400000 + phonon energy 0.000000 | electron momentum kIdx = 2
The 16-th iteration is completed.	|| time cost : 0h 0m 0.35s
********************************************************************************************************************
Start the 17 rounds of NGS-ED iteration
	effective electronic model is modified as: kinetic energy t = 1.76205e-12, t' = -1.18217e-13
	                                           effective interaction Vq = [-46.5125,-17.1125, -2.1125,-17.1125,-17.1125, -2.1125, -1.5125, -2.1125, -2.1125, -1.5125,-15.3125, -1.5125,-17.1125, -2.1125, -1.5125, -2.1125]
	PARPACK diagonalization completed after 30 matrix-vector product operations.
	iteration results: : total energy is -299.400000 | electron energy -299.400000 + phonon energy 0.000000 | electron momentum kIdx = 2
The 17-th iteration is completed.	|| time cost : 0h 0m 0.348s
********************************************************************************************************************
Start the 18 rounds of NGS-ED iteration
	effective electronic model is modified as: kinetic energy t = 1.75953e-12, t' = -1.18169e-13
	                                           effective interaction Vq = [-46.5125,-17.1125, -2.1125,-17.1125,-17.1125, -2.1125, -1.5125, -2.1125, -2.1125, -1.5125,-15.3125, -1.5125,-17.1125, -2.1125, -1.5125, -2.1125]
	PARPACK diagonalization completed after 30 matrix-vector product operations.
	iteration results: : total energy is -299.400000 | electron energy -299.400000 + phonon energy 0.000000 | electron momentum kIdx = 2
The 18-th iteration is completed.	|| time cost : 0h 0m 0.349s
********************************************************************************************************************
Start the 19 rounds of NGS-ED iteration
	effective electronic model is modified as: kinetic energy (tx,ty)=(1.75633e-12, 1.76016e-12), t' = -1.17928e-13
	                                           effective interaction Vq = [-46.5125,-17.1125, -2.1125,-17.1125,-17.1125, -2.1125, -1.5125, -2.1125, -2.1125, -1.5125,-15.3125, -1.5125,-17.1125, -2.1125, -1.5125, -2.1125]
	PARPACK diagonalization completed after 30 matrix-vector product operations.
	iteration results: : total energy is -299.400000 | electron energy -299.400000 + phonon energy 0.000000 | electron momentum kIdx = 2
The 19-th iteration is completed.	|| time cost : 0h 0m 0.355s
********************************************************************************************************************
Start the 20 rounds of NGS-ED iteration
	effective electronic model is modified as: kinetic energy t = 1.7828e-12, t' = -1.18186e-13
	                                           effective interaction Vq = [-46.5125,-17.1125, -2.1125,-17.1125,-17.1125, -2.1125, -1.5125, -2.1125, -2.1125, -1.5125,-15.3125, -1.5125,-17.1125, -2.1125, -1.5125, -2.1125]
	PARPACK diagonalization completed after 30 matrix-vector product operations.
	iteration results: : total energy is -299.400000 | electron energy -299.400000 + phonon energy 0.000000 | electron momentum kIdx = 2
The 20-th iteration is completed.	|| time cost : 0h 0m 0.349s
********************************************************************************************************************
Start the 21 rounds of NGS-ED iteration
	effective electronic model is modified as: kinetic energy t = 1.76798e-12, t' = -1.18172e-13
	                                           effective interaction Vq = [-46.5125,-17.1125, -2.1125,-17.1125,-17.1125, -2.1125, -1.5125, -2.1125, -2.1125, -1.5125,-15.3125, -1.5125,-17.1125, -2.1125, -1.5125, -2.1125]
	PARPACK diagonalization completed after 30 matrix-vector product operations.
	iteration results: : total energy is -299.400000 | electron energy -299.400000 + phonon energy 0.000000 | electron momentum kIdx = 2
The 21-th iteration is completed.	|| time cost : 0h 0m 0.35s
********************************************************************************************************************
Start the 22 rounds of NGS-ED iteration
	effective electronic model is modified as: kinetic energy (tx,ty)=(1.76565e-12, 1.76375e-12), t' = -1.18045e-13
	                                           effective interaction Vq = [-46.5125,-17.1125, -2.1125,-17.1125,-17.1125, -2.1125, -1.5125, -2.1125, -2.1125, -1.5125,-15.3125, -1.5125,-17.1125, -2.1125, -1.5125, -2.1125]
	PARPACK diagonalization completed after 30 matrix-vector product operations.
	iteration results: : total energy is -299.400000 | electron energy -299.400000 + phonon energy 0.000000 | electron momentum kIdx = 2
The 22-th iteration is completed.	|| time cost : 0h 0m 0.356s
********************************************************************************************************************
Start the 23 rounds of NGS-ED iteration
	effective electronic model is modified as: kinetic energy (tx,ty)=(1.73923e-12, 1.75136e-12), t' = -1.17388e-13
	                                           effective interaction Vq = [-46.5125,-17.1125, -2.1125,-17.1125,-17.1125, -2.1125,-1.51248, -2.1125, -2.1125, -1.5125,-15.3125, -1.5125,-17.1125, -2.1125,-1.51248, -2.1125]
	PARPACK diagonalization completed after 30 matrix-vector product operations.
	iteration results: : total energy is -299.400000 | electron energy -299.400000 + phonon energy 0.000000 | electron momentum kIdx = 2
The 23-th iteration is completed.	|| time cost : 0h 0m 0.354s
********************************************************************************************************************
Start the 24 rounds of NGS-ED iteration
	effective electronic model is modified as: kinetic energy t = 1.76871e-12, t' = -1.182e-13
	                                           effective interaction Vq = [-46.5125,-17.1125, -2.1125,-17.1125,-17.1125, -2.1125, -1.5125, -2.1125, -2.1125, -1.5125,-15.3125, -1.5125,-17.1125, -2.1125, -1.5125, -2.1125]
	PARPACK diagonalization completed after 30 matrix-vector product operations.
	iteration results: : total energy is -299.400000 | electron energy -299.400000 + phonon energy 0.000000 | electron momentum kIdx = 2
The 24-th iteration is completed.	|| time cost : 0h 0m 0.351s
********************************************************************************************************************
Start the 25 rounds of NGS-ED iteration
	effective electronic model is modified as: kinetic energy t = 1.76755e-12, t' = -1.18143e-13
	                                           effective interaction Vq = [-46.5125,-17.1125, -2.1125,-17.1125,-17.1125, -2.1125, -1.5125, -2.1125, -2.1125, -1.5125,-15.3125, -1.5125,-17.1125, -2.1125, -1.5125, -2.1125]
	PARPACK diagonalization completed after 30 matrix-vector product operations.
	iteration results: : total energy is -299.400000 | electron energy -299.400000 + phonon energy 0.000000 | electron momentum kIdx = 2
The 25-th iteration is completed.	|| time cost : 0h 0m 0.357s
********************************************************************************************************************
Start the 26 rounds of NGS-ED iteration
	effective electronic model is modified as: kinetic energy t = 1.68317e-12, t' = -1.18197e-13
	                                           effective interaction Vq = [-46.5125,-17.1125, -2.1125,-17.1125,-17.1125, -2.1125, -1.5125, -2.1125, -2.1125, -1.5125,-15.3124, -1.5125,-17.1125, -2.1125, -1.5125, -2.1125]
	PARPACK diagonalization completed after 30 matrix-vector product operations.
	iteration results: : total energy is -299.400000 | electron energy -299.400000 + phonon energy 0.000000 | electron momentum kIdx = 2
The 26-th iteration is completed.	|| time cost : 0h 0m 0.35s
********************************************************************************************************************
Start the 27 rounds of NGS-ED iteration
	effective electronic model is modified as: kinetic energy t = 1.76805e-12, t' = -1.18142e-13
	                                           effective interaction Vq = [-46.5125,-17.1125, -2.1125,-17.1125,-17.1125, -2.1125, -1.5125, -2.1125, -2.1125, -1.5125,-15.3125, -1.5125,-17.1125, -2.1125, -1.5125, -2.1125]
	PARPACK diagonalization completed after 30 matrix-vector product operations.
	iteration results: : total energy is -299.400000 | electron energy -299.400000 + phonon energy 0.000000 | electron momentum kIdx = 2
The 27-th iteration is completed.	|| time cost : 0h 0m 0.348s
********************************************************************************************************************
Start the 28 rounds of NGS-ED iteration
	effective electronic model is modified as: kinetic energy (tx,ty)=(1.76005e-12, 1.75741e-12), t' = -1.17993e-13
	                                           effective interaction Vq = [-46.5125,-17.1125, -2.1125,-17.1125,-17.1125, -2.1125, -1.5125, -2.1125, -2.1125, -1.5125,-15.3125, -1.5125,-17.1125, -2.1125, -1.5125, -2.1125]
	PARPACK diagonalization completed after 30 matrix-vector product operations.
	iteration results: : total energy is -299.400000 | electron energy -299.400000 + phonon energy 0.000000 | electron momentum kIdx = 2
The 28-th iteration is completed.	|| time cost : 0h 0m 0.357s
********************************************************************************************************************
Start the 29 rounds of NGS-ED iteration
	effective electronic model is modified as: kinetic energy t = 1.76032e-12, t' = -1.18175e-13
	                                           effective interaction Vq = [-46.5125,-17.1125, -2.1125,-17.1125,-17.1125, -2.1125, -1.5125, -2.1125, -2.1125, -1.5125,-15.3125, -1.5125,-17.1125, -2.1125, -1.5125, -2.1125]
	PARPACK diagonalization completed after 30 matrix-vector product operations.
	iteration results: : total energy is -299.400000 | electron energy -299.400000 + phonon energy 0.000000 | electron momentum kIdx = 2
The 29-th iteration is completed.	|| time cost : 0h 0m 0.348s
********************************************************************************************************************
Start the 30 rounds of NGS-ED iteration
	effective electronic model is modified as: kinetic energy t = 1.76252e-12, t' = -1.18215e-13
	                                           effective interaction Vq = [-46.5125,-17.1125, -2.1125,-17.1125,-17.1125, -2.1125, -1.5125, -2.1125, -2.1125, -1.5125,-15.3125, -1.5125,-17.1125, -2.1125, -1.5125, -2.1125]
	PARPACK diagonalization completed after 30 matrix-vector product operations.
	iteration results: : total energy is -299.400000 | electron energy -299.400000 + phonon energy 0.000000 | electron momentum kIdx = 2
The 30-th iteration is completed.	|| time cost : 0h 0m 0.348s
********************************************************************************************************************
Start the 31 rounds of NGS-ED iteration
	effective electronic model is modified as: kinetic energy t = 1.76082e-12, t' = -1.18206e-13
	                                           effective interaction Vq = [-46.5125,-17.1125, -2.1125,-17.1125,-17.1125, -2.1125, -1.5125, -2.1125, -2.1125, -1.5125,-15.3125, -1.5125,-17.1125, -2.1125, -1.5125, -2.1125]
	PARPACK diagonalization completed after 30 matrix-vector product operations.
	iteration results: : total energy is -299.400000 | electron energy -299.400000 + phonon energy 0.000000 | electron momentum kIdx = 2
The 31-th iteration is completed.	|| time cost : 0h 0m 0.352s
********************************************************************************************************************
Start the 32 rounds of NGS-ED iteration
	effective electronic model is modified as: kinetic energy t = 1.76363e-12, t' = -1.18201e-13
	                                           effective interaction Vq = [-46.5125,-17.1125, -2.1125,-17.1125,-17.1125, -2.1125, -1.5125, -2.1125, -2.1125, -1.5125,-15.3125, -1.5125,-17.1125, -2.1125, -1.5125, -2.1125]
	PARPACK diagonalization completed after 30 matrix-vector product operations.
	iteration results: : total energy is -299.400000 | electron energy -299.400000 + phonon energy 0.000000 | electron momentum kIdx = 2
The 32-th iteration is completed.	|| time cost : 0h 0m 0.351s
********************************************************************************************************************
Start the 33 rounds of NGS-ED iteration
	effective electronic model is modified as: kinetic energy t = 1.77123e-12, t' = -1.18194e-13
	                                           effective interaction Vq = [-46.5125,-17.1125, -2.1125,-17.1125,-17.1125, -2.1125, -1.5125, -2.1125, -2.1125, -1.5125,-15.3125, -1.5125,-17.1125, -2.1125, -1.5125, -2.1125]
	PARPACK diagonalization completed after 30 matrix-vector product operations.
	iteration results: : total energy is -299.400000 | electron energy -299.400000 + phonon energy 0.000000 | electron momentum kIdx = 2
The 33-th iteration is completed.	|| time cost : 0h 0m 0.349s
********************************************************************************************************************
Start the 34 rounds of NGS-ED iteration
	effective electronic model is modified as: kinetic energy (tx,ty)=(1.77008e-12, 1.7645e-12), t' = -1.18493e-13
	                                           effective interaction Vq = [-46.5125,-17.1125, -2.1125,-17.1125,-17.1125, -2.1125, -1.5125, -2.1125, -2.1125, -1.5125,-15.3125, -1.5125,-17.1125, -2.1125, -1.5125, -2.1125]
	PARPACK diagonalization completed after 30 matrix-vector product operations.
	iteration results: : total energy is -299.400000 | electron energy -299.400000 + phonon energy 0.000000 | electron momentum kIdx = 2
The 34-th iteration is completed.	|| time cost : 0h 0m 0.355s
********************************************************************************************************************
Start the 35 rounds of NGS-ED iteration
	effective electronic model is modified as: kinetic energy (tx,ty)=(1.75676e-12, 1.75392e-12), t' = -1.18114e-13
	                                           effective interaction Vq = [-46.5125,-17.1125, -2.1125,-17.1125,-17.1125, -2.1125, -1.5125, -2.1125, -2.1125, -1.5125,-15.3125, -1.5125,-17.1125, -2.1125, -1.5125, -2.1125]
	PARPACK diagonalization completed after 30 matrix-vector product operations.
	iteration results: : total energy is -299.400000 | electron energy -299.400000 + phonon energy 0.000000 | electron momentum kIdx = 2
The 35-th iteration is completed.	|| time cost : 0h 0m 0.354s
********************************************************************************************************************
Start the 36 rounds of NGS-ED iteration
	effective electronic model is modified as: kinetic energy (tx,ty)=(1.76952e-12, 1.77318e-12), t' = -1.18517e-13
	                                           effective interaction Vq = [-46.5125,-17.1125, -2.1125,-17.1125,-17.1125, -2.1125, -1.5125, -2.1125, -2.1125, -1.5125,-15.3125, -1.5125,-17.1125, -2.1125, -1.5125, -2.1125]
	PARPACK diagonalization completed after 30 matrix-vector product operations.
	iteration results: : total energy is -299.400000 | electron energy -299.400000 + phonon energy 0.000000 | electron momentum kIdx = 2
The 36-th iteration is completed.	|| time cost : 0h 0m 0.354s
********************************************************************************************************************
Start the 37 rounds of NGS-ED iteration
	effective electronic model is modified as: kinetic energy t = 1.76333e-12, t' = -1.18226e-13
	                                           effective interaction Vq = [-46.5125,-17.1125, -2.1125,-17.1125,-17.1125, -2.1125, -1.5125, -2.1125, -2.1125, -1.5125,-15.3125, -1.5125,-17.1125, -2.1125, -1.5125, -2.1125]
	PARPACK diagonalization completed after 30 matrix-vector product operations.
	iteration results: : total energy is -299.400000 | electron energy -299.400000 + phonon energy 0.000000 | electron momentum kIdx = 2
The 37-th iteration is completed.	|| time cost : 0h 0m 0.351s
********************************************************************************************************************
Start the 38 rounds of NGS-ED iteration
	effective electronic model is modified as: kinetic energy t = 1.77421e-12, t' = -1.18264e-13
	                                           effective interaction Vq = [-46.5125,-17.1125, -2.1125,-17.1125,-17.1125, -2.1125, -1.5125, -2.1125, -2.1125, -1.5125,-15.3125, -1.5125,-17.1125, -2.1125, -1.5125, -2.1125]
	PARPACK diagonalization completed after 30 matrix-vector product operations.
	iteration results: : total energy is -299.400000 | electron energy -299.400000 + phonon energy 0.000000 | electron momentum kIdx = 2
The 38-th iteration is completed.	|| time cost : 0h 0m 0.347s
********************************************************************************************************************
Start the 39 rounds of NGS-ED iteration
	effective electronic model is modified as: kinetic energy t = 1.76783e-12, t' = -1.18213e-13
	                                           effective interaction Vq = [-46.5125,-17.1125, -2.1125,-17.1125,-17.1125, -2.1125, -1.5125, -2.1125, -2.1125, -1.5125,-15.3125, -1.5125,-17.1125, -2.1125, -1.5125, -2.1125]
	PARPACK diagonalization completed after 30 matrix-vector product operations.
	iteration results: : total energy is -299.400000 | electron energy -299.400000 + phonon energy 0.000000 | electron momentum kIdx = 2
The 39-th iteration is completed.	|| time cost : 0h 0m 0.352s
********************************************************************************************************************
Start the 40 rounds of NGS-ED iteration
	effective electronic model is modified as: kinetic energy t = 1.77154e-12, t' = -1.18268e-13
	                                           effective interaction Vq = [-46.5125,-17.1125, -2.1125,-17.1125,-17.1125, -2.1125, -1.5125, -2.1125, -2.1125, -1.5125,-15.3125, -1.5125,-17.1125, -2.1125, -1.5125, -2.1125]
	PARPACK diagonalization completed after 30 matrix-vector product operations.
	iteration results: : total energy is -299.400000 | electron energy -299.400000 + phonon energy 0.000000 | electron momentum kIdx = 2
The 40-th iteration is completed.	|| time cost : 0h 0m 0.354s
********************************************************************************************************************
Start the 41 rounds of NGS-ED iteration
	effective electronic model is modified as: kinetic energy (tx,ty)=(1.7458e-12, 1.74782e-12), t' = -1.18369e-13
	                                           effective interaction Vq = [-46.5125,-17.1125, -2.1125,-17.1125,-17.1125, -2.1125, -1.5125, -2.1125, -2.1125, -1.5125,-15.3125, -1.5125,-17.1125, -2.1125, -1.5125, -2.1125]
	PARPACK diagonalization completed after 30 matrix-vector product operations.
	iteration results: : total energy is -299.400000 | electron energy -299.400000 + phonon energy 0.000000 | electron momentum kIdx = 2
The 41-th iteration is completed.	|| time cost : 0h 0m 0.354s
********************************************************************************************************************
Start the 42 rounds of NGS-ED iteration
	effective electronic model is modified as: kinetic energy t = 1.75968e-12, t' = -1.18171e-13
	                                           effective interaction Vq = [-46.5125,-17.1125, -2.1125,-17.1125,-17.1125, -2.1125, -1.5125, -2.1125, -2.1125, -1.5125,-15.3125, -1.5125,-17.1125, -2.1125, -1.5125, -2.1125]
	PARPACK diagonalization completed after 30 matrix-vector product operations.
	iteration results: : total energy is -299.400000 | electron energy -299.400000 + phonon energy 0.000000 | electron momentum kIdx = 2
The 42-th iteration is completed.	|| time cost : 0h 0m 0.353s
********************************************************************************************************************
Start the 43 rounds of NGS-ED iteration
	effective electronic model is modified as: kinetic energy t = 1.76773e-12, t' = -1.18154e-13
	                                           effective interaction Vq = [-46.5125,-17.1125, -2.1125,-17.1125,-17.1125, -2.1125, -1.5125, -2.1125, -2.1125, -1.5125,-15.3125, -1.5125,-17.1125, -2.1125, -1.5125, -2.1125]
	PARPACK diagonalization completed after 30 matrix-vector product operations.
	iteration results: : total energy is -299.400000 | electron energy -299.400000 + phonon energy 0.000000 | electron momentum kIdx = 2
The 43-th iteration is completed.	|| time cost : 0h 0m 0.35s
********************************************************************************************************************
Start the 44 rounds of NGS-ED iteration
	effective electronic model is modified as: kinetic energy t = 1.77372e-12, t' = -1.18142e-13
	                                           effective interaction Vq = [-46.5125,-17.1125, -2.1125,-17.1125,-17.1125, -2.1125, -1.5125, -2.1125, -2.1125, -1.5125,-15.3125, -1.5125,-17.1125, -2.1125, -1.5125, -2.1125]
	PARPACK diagonalization completed after 30 matrix-vector product operations.
	iteration results: : total energy is -299.400000 | electron energy -299.400000 + phonon energy 0.000000 | electron momentum kIdx = 2
The 44-th iteration is completed.	|| time cost : 0h 0m 0.349s
********************************************************************************************************************
Start the 45 rounds of NGS-ED iteration
	effective electronic model is modified as: kinetic energy t = 1.76855e-12, t' = -1.18243e-13
	                                           effective interaction Vq = [-46.5125,-17.1125, -2.1125,-17.1125,-17.1125, -2.1125, -1.5125, -2.1125, -2.1125, -1.5125,-15.3125, -1.5125,-17.1125, -2.1125, -1.5125, -2.1125]
	PARPACK diagonalization completed after 30 matrix-vector product operations.
	iteration results: : total energy is -299.400000 | electron energy -299.400000 + phonon energy 0.000000 | electron momentum kIdx = 2
The 45-th iteration is completed.	|| time cost : 0h 0m 0.353s
********************************************************************************************************************
Start the 46 rounds of NGS-ED iteration
