SNEDics v3.22.2 Non-Gaussian ED ground state program		Start at Mon Jun 20 03:07:35 2022

Parallelization: 32 MPI threads  * 8 OpenMP threads = 256 total threads.
********************************************************************************************************************
********************************************************************************************************************

********************************************************************************************************************
System parameters and configurations
	special program options are enabled: splitted diagonal Hamiltonian | splitted Hamiltonian terms
********************************************************************************************************************
Read input file "model_params.in"
	Hubbard-Holstein model parameters : 	t = 1    U = 8    g = 0.85    W = 0.2    g' = 0.5    
********************************************************************************************************************
Read input file "hilbertspace_params.in"
	Requested 16-site 2D lattice, with 12 electrons (6, 6)
	Boundary : Periodic		Hilbert space representation : momentum-space (restricted to kIdx = 10)
	Conservation: particle number[U(1)]      spin[U(1)]     momentum
********************************************************************************************************************

Cluster Positions:				Cluster symmetry group : D4
 x ... x ... x ... x .....                       x ... x ... x ... x .....
 |           |           :                       |           |           :
 |           |           :                       |           |           :
12    13    14    15     x                       1     5     6     5     x
 |           |           :                       |           |           :
 |           |           :                       |           |           :
 8 --- 9 ---10 ---11 --- x                       2 --- 6 ---10 --- 6 --- x
 |           |           :                       |           |           :
 |           |           :                       |           |           :
 4     5     6     7     x                       1     5     6     5     x
 |           |           :                       |           |           :
 |           |           :                       |           |           :
 0 --- 1 --- 2 --- 3 --- x                       0 --- 1 --- 2 --- 1 --- x
orbital number : 1
********************************************************************************************************************
Read input file "obs_params.in"
	Observable Type : Nq(All),   Sq(All),   N(All-Orbital),   Delta[s](All),   Delta[d](All),   Delta[s+](All)
** WARNING ** the input observables have non-local factors which have been reinterpreted. The total observable number is 96
********************************************************************************************************************


********************************************************************************************************************
Start calculating the non-Gaussian ED ground state
Maximal iteration number is 1000; energy resolution is 1e-06. Phonon state relaxation time is 2000
W = 0.2 is relatively large. The non-Gaussian ED calculation starts directly.
open output files: NGSED_iteration_observables.txt
********************************************************************************************************************
Start the 0 rounds of NGS-ED iteration
	effective electronic model is modified as: kinetic energy t = 1
	                                           effective interaction Vq = [0,0,0,0,0,0,0,0,0,0,0,0,0,0,0,0]
	first Hamiltonian is constructed, size = 4008592 and non-zero numbers = 969134084
	PARPACK diagonalization completed after 150 matrix-vector product operations.
	iteration results: : total energy is -14.925310 | electron energy -14.925310 + phonon energy 0.000000 | electron momentum kIdx = 10
	Nq(0) = 9,	Nq(1) = 0.191675,	Nq(2) = 0.238629,	Nq(3) = 0.191675,	Nq(4) = 0.191675,	Nq(5) = 0.259295,	
	Nq(6) = 0.314107,	Nq(7) = 0.259295,	Nq(8) = 0.238629,	Nq(9) = 0.314107,	Nq(10) = 0.369338,	
	Nq(11) = 0.314107,	Nq(12) = 0.191675,	Nq(13) = 0.259295,	Nq(14) = 0.314107,	Nq(15) = 0.259295;	
	Sq(0) = -1.73566e-18,	Sq(1) = 0.554662,	Sq(2) = 0.921866,	Sq(3) = 0.554662,	Sq(4) = 0.554662,	
	Sq(5) = 0.548737,	Sq(6) = 1.01287,	Sq(7) = 0.548737,	Sq(8) = 0.921866,	Sq(9) = 1.01287,	
	Sq(10) = 0.784303,	Sq(11) = 1.01287,	Sq(12) = 0.554662,	Sq(13) = 0.548737,	Sq(14) = 1.01287,	
	Sq(15) = 0.548737;	N(0) = 1.76735,	N(1) = 1.6264,	N(2) = 0.275186,	N(3) = 1.6264,	
	N(4) = 1.6264,	N(5) = 0.626534,	N(6) = 0.144321,	N(7) = 0.626534,	N(8) = 0.275186,	
	N(9) = 0.144321,	N(10) = 0.0932732,	N(11) = 0.144321,	N(12) = 1.6264,	N(13) = 0.626534,	
	N(14) = 0.144321,	N(15) = 0.626534;	Delta[s](0) = 0.0382905,	Delta[s](1) = 0.0331371,	Delta[s](2) = 0.027956,	
	Delta[s](3) = 0.0331371,	Delta[s](4) = 0.0331371,	Delta[s](5) = 0.0283558,	Delta[s](6) = 0.0234963,	Delta[s](7) = 0.0283558,	
	Delta[s](8) = 0.027956,	Delta[s](9) = 0.0234963,	Delta[s](10) = 0.0192907,	Delta[s](11) = 0.0234963,	Delta[s](12) = 0.0331371,	
	Delta[s](13) = 0.0283558,	Delta[s](14) = 0.0234963,	Delta[s](15) = 0.0283558;	Delta[d](0) = 0.160229,	Delta[d](1) = 0.150817,	
	Delta[d](2) = 0.162068,	Delta[d](3) = 0.150817,	Delta[d](4) = 0.150817,	Delta[d](5) = 0.130608,	Delta[d](6) = 0.116463,	
	Delta[d](7) = 0.130608,	Delta[d](8) = 0.162068,	Delta[d](9) = 0.116463,	Delta[d](10) = 0.0767617,	Delta[d](11) = 0.116463,	
	Delta[d](12) = 0.150817,	Delta[d](13) = 0.130608,	Delta[d](14) = 0.116463,	Delta[d](15) = 0.130608;	Delta[s+](0) = 0.402882,	
	Delta[s+](1) = 0.285361,	Delta[s+](2) = 0.162068,	Delta[s+](3) = 0.285361,	Delta[s+](4) = 0.285361,	Delta[s+](5) = 0.186113,	
	Delta[s+](6) = 0.0941596,	Delta[s+](7) = 0.186113,	Delta[s+](8) = 0.162068,	Delta[s+](9) = 0.0941596,	Delta[s+](10) = 0.0457506,	
	Delta[s+](11) = 0.0941596,	Delta[s+](12) = 0.285361,	Delta[s+](13) = 0.186113,	Delta[s+](14) = 0.0941596,	Delta[s+](15) = 0.186113
	
The 0-th iteration is completed.	|| time cost : 0h 2m 4.489s
********************************************************************************************************************
Start the 1 rounds of NGS-ED iteration
	effective electronic model is modified as: kinetic energy t = 0.725212
	                                           effective interaction Vq = [ -40.6125, -14.2627,  -0.7364, -14.2627, -14.2627,-0.937821,-0.010579,-0.937821,  -0.7364,-0.010579, -3.55696,-0.010579, -14.2627,-0.937821,-0.010579,-0.937821]
	PARPACK diagonalization completed after 90 matrix-vector product operations.
	iteration results: : total energy is -475.972784 | electron energy -479.469854 + phonon energy 3.497070 | electron momentum kIdx = 10
The 1-th iteration is completed.	|| time cost : 0h 1m 23.462s
********************************************************************************************************************
Start the 2 rounds of NGS-ED iteration
	effective electronic model is modified as: kinetic energy t = 3.36474e-10
	                                           effective interaction Vq = [-40.6125,-17.1125, -3.6125,-17.1125,-17.1125, -3.6125, -0.1125, -3.6125, -3.6125, -0.1125, -6.6125, -0.1125,-17.1125, -3.6125, -0.1125, -3.6125]
	PARPACK diagonalization completed after 45 matrix-vector product operations.
	iteration results: : total energy is -516.700000 | electron energy -516.700000 + phonon energy 0.000000 | electron momentum kIdx = 10
The 2-th iteration is completed.	|| time cost : 0h 0m 15.571s
********************************************************************************************************************
Start the 3 rounds of NGS-ED iteration
	effective electronic model is modified as: kinetic energy t = 2.09793e-08
	                                           effective interaction Vq = [  -40.6125,  -17.1125,   -3.6125,  -17.1125,  -17.1125,   -3.6125,   -0.1125,   -3.6125,   -3.6125,   -0.1125,-0.0420795,   -0.1125,  -17.1125,   -3.6125,   -0.1125,   -3.6125]
	PARPACK diagonalization completed after 30 matrix-vector product operations.
	iteration results: : total energy is -516.700000 | electron energy -516.700000 + phonon energy 0.000000 | electron momentum kIdx = 10
The 3-th iteration is completed.	|| time cost : 0h 0m 9.78s
********************************************************************************************************************
Start the 4 rounds of NGS-ED iteration
	effective electronic model is modified as: kinetic energy t = 2.09558e-08
	                                           effective interaction Vq = [ -40.6125, -17.1125,  -3.6125, -17.1125, -17.1125,  -3.6125,  -0.1125,  -3.6125,  -3.6125,  -0.1125,-0.220139,  -0.1125, -17.1125,  -3.6125,  -0.1125,  -3.6125]
	PARPACK diagonalization completed after 30 matrix-vector product operations.
	iteration results: : total energy is -516.700000 | electron energy -516.700000 + phonon energy 0.000000 | electron momentum kIdx = 10
The 4-th iteration is completed.	|| time cost : 0h 0m 9.775s
********************************************************************************************************************
Start the 5 rounds of NGS-ED iteration
	effective electronic model is modified as: kinetic energy t = 2.09556e-08
	                                           effective interaction Vq = [ -40.6125, -17.1125,  -3.6125, -17.1125, -17.1125,  -3.6125,  -0.1125,  -3.6125,  -3.6125,  -0.1125,-0.220892,  -0.1125, -17.1125,  -3.6125,  -0.1125,  -3.6125]
	PARPACK diagonalization completed after 30 matrix-vector product operations.
	iteration results: : total energy is -516.700000 | electron energy -516.700000 + phonon energy 0.000000 | electron momentum kIdx = 10
The 5-th iteration is completed.	|| time cost : 0h 0m 9.776s
********************************************************************************************************************
Start the 6 rounds of NGS-ED iteration
	effective electronic model is modified as: kinetic energy t = 2.09557e-08
	                                           effective interaction Vq = [ -40.6125, -17.1125,  -3.6125, -17.1125, -17.1125,  -3.6125,  -0.1125,  -3.6125,  -3.6125,  -0.1125,-0.220633,  -0.1125, -17.1125,  -3.6125,  -0.1125,  -3.6125]
	PARPACK diagonalization completed after 30 matrix-vector product operations.
	iteration results: : total energy is -516.700000 | electron energy -516.700000 + phonon energy 0.000000 | electron momentum kIdx = 10
The 6-th iteration is completed.	|| time cost : 0h 0m 9.769s
********************************************************************************************************************
Start the 7 rounds of NGS-ED iteration
	effective electronic model is modified as: kinetic energy t = 2.09559e-08
	                                           effective interaction Vq = [ -40.6125, -17.1125,  -3.6125, -17.1125, -17.1125,  -3.6125,  -0.1125,  -3.6125,  -3.6125,  -0.1125,-0.219748,  -0.1125, -17.1125,  -3.6125,  -0.1125,  -3.6125]
	PARPACK diagonalization completed after 30 matrix-vector product operations.
	iteration results: : total energy is -516.700000 | electron energy -516.700000 + phonon energy 0.000000 | electron momentum kIdx = 10
The 7-th iteration is completed.	|| time cost : 0h 0m 9.786s
********************************************************************************************************************
Start the 8 rounds of NGS-ED iteration
	effective electronic model is modified as: kinetic energy t = 2.09554e-08
	                                           effective interaction Vq = [ -40.6125, -17.1125,  -3.6125, -17.1125, -17.1125,  -3.6125,  -0.1125,  -3.6125,  -3.6125,  -0.1125,-0.221624,  -0.1125, -17.1125,  -3.6125,  -0.1125,  -3.6125]
	PARPACK diagonalization completed after 30 matrix-vector product operations.
	iteration results: : total energy is -516.700000 | electron energy -516.700000 + phonon energy 0.000000 | electron momentum kIdx = 10
The 8-th iteration is completed.	|| time cost : 0h 0m 9.768s
********************************************************************************************************************
Start the 9 rounds of NGS-ED iteration
	effective electronic model is modified as: kinetic energy t = 2.09556e-08
	                                           effective interaction Vq = [ -40.6125, -17.1125,  -3.6125, -17.1125, -17.1125,  -3.6125,  -0.1125,  -3.6125,  -3.6125,  -0.1125,-0.220924,  -0.1125, -17.1125,  -3.6125,  -0.1125,  -3.6125]
	PARPACK diagonalization completed after 30 matrix-vector product operations.
	iteration results: : total energy is -516.700000 | electron energy -516.700000 + phonon energy 0.000000 | electron momentum kIdx = 10
The 9-th iteration is completed.	|| time cost : 0h 0m 9.773s
********************************************************************************************************************
Start the 10 rounds of NGS-ED iteration
	effective electronic model is modified as: kinetic energy t = 2.09555e-08
	                                           effective interaction Vq = [ -40.6125, -17.1125,  -3.6125, -17.1125, -17.1125,  -3.6125,  -0.1125,  -3.6125,  -3.6125,  -0.1125,-0.221339,  -0.1125, -17.1125,  -3.6125,  -0.1125,  -3.6125]
	PARPACK diagonalization completed after 30 matrix-vector product operations.
	iteration results: : total energy is -516.700000 | electron energy -516.700000 + phonon energy 0.000000 | electron momentum kIdx = 10
The 10-th iteration is completed.	|| time cost : 0h 0m 9.825s
********************************************************************************************************************
Start the 11 rounds of NGS-ED iteration
	effective electronic model is modified as: kinetic energy t = 2.09557e-08
	                                           effective interaction Vq = [-40.6125,-17.1125, -3.6125,-17.1125,-17.1125, -3.6125, -0.1125, -3.6125, -3.6125, -0.1125,-0.22051, -0.1125,-17.1125, -3.6125, -0.1125, -3.6125]
	PARPACK diagonalization completed after 30 matrix-vector product operations.
	iteration results: : total energy is -516.700000 | electron energy -516.700000 + phonon energy 0.000000 | electron momentum kIdx = 10
The 11-th iteration is completed.	|| time cost : 0h 0m 9.765s
********************************************************************************************************************
Start the 12 rounds of NGS-ED iteration
	effective electronic model is modified as: kinetic energy t = 2.09556e-08
	                                           effective interaction Vq = [ -40.6125, -17.1125,  -3.6125, -17.1125, -17.1125,  -3.6125,  -0.1125,  -3.6125,  -3.6125,  -0.1125,-0.221085,  -0.1125, -17.1125,  -3.6125,  -0.1125,  -3.6125]
	PARPACK diagonalization completed after 30 matrix-vector product operations.
	iteration results: : total energy is -516.700000 | electron energy -516.700000 + phonon energy 0.000000 | electron momentum kIdx = 10
The 12-th iteration is completed.	|| time cost : 0h 0m 9.768s
********************************************************************************************************************
Start the 13 rounds of NGS-ED iteration
	effective electronic model is modified as: kinetic energy t = 2.09556e-08
	                                           effective interaction Vq = [ -40.6125, -17.1125,  -3.6125, -17.1125, -17.1125,  -3.6125,  -0.1125,  -3.6125,  -3.6125,  -0.1125,-0.220945,  -0.1125, -17.1125,  -3.6125,  -0.1125,  -3.6125]
	PARPACK diagonalization completed after 30 matrix-vector product operations.
	iteration results: : total energy is -516.700000 | electron energy -516.700000 + phonon energy 0.000000 | electron momentum kIdx = 10
The 13-th iteration is completed.	|| time cost : 0h 0m 9.78s
********************************************************************************************************************
Start the 14 rounds of NGS-ED iteration
	effective electronic model is modified as: kinetic energy t = 2.09556e-08
	                                           effective interaction Vq = [ -40.6125, -17.1125,  -3.6125, -17.1125, -17.1125,  -3.6125,  -0.1125,  -3.6125,  -3.6125,  -0.1125,-0.220859,  -0.1125, -17.1125,  -3.6125,  -0.1125,  -3.6125]
	PARPACK diagonalization completed after 30 matrix-vector product operations.
	iteration results: : total energy is -516.700000 | electron energy -516.700000 + phonon energy 0.000000 | electron momentum kIdx = 10
The 14-th iteration is completed.	|| time cost : 0h 0m 9.78s
********************************************************************************************************************
Start the 15 rounds of NGS-ED iteration
	effective electronic model is modified as: kinetic energy t = 2.09557e-08
	                                           effective interaction Vq = [ -40.6125, -17.1125,  -3.6125, -17.1125, -17.1125,  -3.6125,  -0.1125,  -3.6125,  -3.6125,  -0.1125,-0.220539,  -0.1125, -17.1125,  -3.6125,  -0.1125,  -3.6125]
	PARPACK diagonalization completed after 30 matrix-vector product operations.
	iteration results: : total energy is -516.700000 | electron energy -516.700000 + phonon energy 0.000000 | electron momentum kIdx = 10
The 15-th iteration is completed.	|| time cost : 0h 0m 9.79s
********************************************************************************************************************
Start the 16 rounds of NGS-ED iteration
	effective electronic model is modified as: kinetic energy t = 2.09556e-08
	                                           effective interaction Vq = [ -40.6125, -17.1125,  -3.6125, -17.1125, -17.1125,  -3.6125,  -0.1125,  -3.6125,  -3.6125,  -0.1125,-0.220813,  -0.1125, -17.1125,  -3.6125,  -0.1125,  -3.6125]
	PARPACK diagonalization completed after 30 matrix-vector product operations.
	iteration results: : total energy is -516.700000 | electron energy -516.700000 + phonon energy 0.000000 | electron momentum kIdx = 10
The 16-th iteration is completed.	|| time cost : 0h 0m 9.79s
********************************************************************************************************************
Start the 17 rounds of NGS-ED iteration
	effective electronic model is modified as: kinetic energy t = 2.09555e-08
	                                           effective interaction Vq = [ -40.6125, -17.1125,  -3.6125, -17.1125, -17.1125,  -3.6125,  -0.1125,  -3.6125,  -3.6125,  -0.1125,-0.221301,  -0.1125, -17.1125,  -3.6125,  -0.1125,  -3.6125]
	PARPACK diagonalization completed after 30 matrix-vector product operations.
	iteration results: : total energy is -516.700000 | electron energy -516.700000 + phonon energy 0.000000 | electron momentum kIdx = 10
The 17-th iteration is completed.	|| time cost : 0h 0m 9.781s
********************************************************************************************************************
Start the 18 rounds of NGS-ED iteration
	effective electronic model is modified as: kinetic energy t = 2.09555e-08
	                                           effective interaction Vq = [ -40.6125, -17.1125,  -3.6125, -17.1125, -17.1125,  -3.6125,  -0.1125,  -3.6125,  -3.6125,  -0.1125,-0.221318,  -0.1125, -17.1125,  -3.6125,  -0.1125,  -3.6125]
	PARPACK diagonalization completed after 30 matrix-vector product operations.
	iteration results: : total energy is -516.700000 | electron energy -516.700000 + phonon energy 0.000000 | electron momentum kIdx = 10
The 18-th iteration is completed.	|| time cost : 0h 0m 9.772s
********************************************************************************************************************
Start the 19 rounds of NGS-ED iteration
	effective electronic model is modified as: kinetic energy t = 2.09556e-08
	                                           effective interaction Vq = [ -40.6125, -17.1125,  -3.6125, -17.1125, -17.1125,  -3.6125,  -0.1125,  -3.6125,  -3.6125,  -0.1125,-0.220844,  -0.1125, -17.1125,  -3.6125,  -0.1125,  -3.6125]
	PARPACK diagonalization completed after 30 matrix-vector product operations.
	iteration results: : total energy is -516.700000 | electron energy -516.700000 + phonon energy 0.000000 | electron momentum kIdx = 10
The 19-th iteration is completed.	|| time cost : 0h 0m 9.785s
********************************************************************************************************************
Start the 20 rounds of NGS-ED iteration
	effective electronic model is modified as: kinetic energy t = 2.09558e-08
	                                           effective interaction Vq = [ -40.6125, -17.1125,  -3.6125, -17.1125, -17.1125,  -3.6125,  -0.1125,  -3.6125,  -3.6125,  -0.1125,-0.220093,  -0.1125, -17.1125,  -3.6125,  -0.1125,  -3.6125]
	PARPACK diagonalization completed after 30 matrix-vector product operations.
	iteration results: : total energy is -516.700000 | electron energy -516.700000 + phonon energy 0.000000 | electron momentum kIdx = 10
The 20-th iteration is completed.	|| time cost : 0h 0m 9.791s
********************************************************************************************************************
Start the 21 rounds of NGS-ED iteration
	effective electronic model is modified as: kinetic energy t = 2.09558e-08
	                                           effective interaction Vq = [ -40.6125, -17.1125,  -3.6125, -17.1125, -17.1125,  -3.6125,  -0.1125,  -3.6125,  -3.6125,  -0.1125,-0.220171,  -0.1125, -17.1125,  -3.6125,  -0.1125,  -3.6125]
	PARPACK diagonalization completed after 30 matrix-vector product operations.
	iteration results: : total energy is -516.700000 | electron energy -516.700000 + phonon energy 0.000000 | electron momentum kIdx = 10
The 21-th iteration is completed.	|| time cost : 0h 0m 9.78s
********************************************************************************************************************
Start the 22 rounds of NGS-ED iteration
	effective electronic model is modified as: kinetic energy t = 2.09556e-08
	                                           effective interaction Vq = [ -40.6125, -17.1125,  -3.6125, -17.1125, -17.1125,  -3.6125,  -0.1125,  -3.6125,  -3.6125,  -0.1125,-0.220767,  -0.1125, -17.1125,  -3.6125,  -0.1125,  -3.6125]
	PARPACK diagonalization completed after 30 matrix-vector product operations.
	iteration results: : total energy is -516.700000 | electron energy -516.700000 + phonon energy 0.000000 | electron momentum kIdx = 10
The 22-th iteration is completed.	|| time cost : 0h 0m 9.798s
********************************************************************************************************************
Start the 23 rounds of NGS-ED iteration
	effective electronic model is modified as: kinetic energy t = 2.09556e-08
	                                           effective interaction Vq = [ -40.6125, -17.1125,  -3.6125, -17.1125, -17.1125,  -3.6125,  -0.1125,  -3.6125,  -3.6125,  -0.1125,-0.220994,  -0.1125, -17.1125,  -3.6125,  -0.1125,  -3.6125]
	PARPACK diagonalization completed after 30 matrix-vector product operations.
	iteration results: : total energy is -516.700000 | electron energy -516.700000 + phonon energy 0.000000 | electron momentum kIdx = 10
The 23-th iteration is completed.	|| time cost : 0h 0m 9.769s
********************************************************************************************************************
Start the 24 rounds of NGS-ED iteration
	effective electronic model is modified as: kinetic energy t = 2.09555e-08
	                                           effective interaction Vq = [ -40.6125, -17.1125,  -3.6125, -17.1125, -17.1125,  -3.6125,  -0.1125,  -3.6125,  -3.6125,  -0.1125,-0.221299,  -0.1125, -17.1125,  -3.6125,  -0.1125,  -3.6125]
	PARPACK diagonalization completed after 30 matrix-vector product operations.
	iteration results: : total energy is -516.700000 | electron energy -516.700000 + phonon energy 0.000000 | electron momentum kIdx = 10
The 24-th iteration is completed.	|| time cost : 0h 0m 9.789s
********************************************************************************************************************
Start the 25 rounds of NGS-ED iteration
	effective electronic model is modified as: kinetic energy t = 2.09557e-08
	                                           effective interaction Vq = [ -40.6125, -17.1125,  -3.6125, -17.1125, -17.1125,  -3.6125,  -0.1125,  -3.6125,  -3.6125,  -0.1125,-0.220495,  -0.1125, -17.1125,  -3.6125,  -0.1125,  -3.6125]
	PARPACK diagonalization completed after 30 matrix-vector product operations.
	iteration results: : total energy is -516.700000 | electron energy -516.700000 + phonon energy 0.000000 | electron momentum kIdx = 10
The 25-th iteration is completed.	|| time cost : 0h 0m 9.815s
********************************************************************************************************************
Start the 26 rounds of NGS-ED iteration
	effective electronic model is modified as: kinetic energy t = 2.09556e-08
	                                           effective interaction Vq = [ -40.6125, -17.1125,  -3.6125, -17.1125, -17.1125,  -3.6125,  -0.1125,  -3.6125,  -3.6125,  -0.1125,-0.220756,  -0.1125, -17.1125,  -3.6125,  -0.1125,  -3.6125]
	PARPACK diagonalization completed after 30 matrix-vector product operations.
	iteration results: : total energy is -516.700000 | electron energy -516.700000 + phonon energy 0.000000 | electron momentum kIdx = 10
The 26-th iteration is completed.	|| time cost : 0h 0m 9.777s
********************************************************************************************************************
Start the 27 rounds of NGS-ED iteration
	effective electronic model is modified as: kinetic energy t = 2.09556e-08
	                                           effective interaction Vq = [ -40.6125, -17.1125,  -3.6125, -17.1125, -17.1125,  -3.6125,  -0.1125,  -3.6125,  -3.6125,  -0.1125,-0.220744,  -0.1125, -17.1125,  -3.6125,  -0.1125,  -3.6125]
	PARPACK diagonalization completed after 30 matrix-vector product operations.
	iteration results: : total energy is -516.700000 | electron energy -516.700000 + phonon energy 0.000000 | electron momentum kIdx = 10
The 27-th iteration is completed.	|| time cost : 0h 0m 9.79s
********************************************************************************************************************
Start the 28 rounds of NGS-ED iteration
	effective electronic model is modified as: kinetic energy t = 2.09556e-08
	                                           effective interaction Vq = [ -40.6125, -17.1125,  -3.6125, -17.1125, -17.1125,  -3.6125,  -0.1125,  -3.6125,  -3.6125,  -0.1125,-0.220791,  -0.1125, -17.1125,  -3.6125,  -0.1125,  -3.6125]
	PARPACK diagonalization completed after 30 matrix-vector product operations.
	iteration results: : total energy is -516.700000 | electron energy -516.700000 + phonon energy 0.000000 | electron momentum kIdx = 10
The 28-th iteration is completed.	|| time cost : 0h 0m 9.773s
********************************************************************************************************************
Start the 29 rounds of NGS-ED iteration
	effective electronic model is modified as: kinetic energy t = 2.09557e-08
	                                           effective interaction Vq = [ -40.6125, -17.1125,  -3.6125, -17.1125, -17.1125,  -3.6125,  -0.1125,  -3.6125,  -3.6125,  -0.1125,-0.220522,  -0.1125, -17.1125,  -3.6125,  -0.1125,  -3.6125]
	PARPACK diagonalization completed after 30 matrix-vector product operations.
	iteration results: : total energy is -516.700000 | electron energy -516.700000 + phonon energy 0.000000 | electron momentum kIdx = 10
The 29-th iteration is completed.	|| time cost : 0h 0m 9.768s
********************************************************************************************************************
Start the 30 rounds of NGS-ED iteration
	effective electronic model is modified as: kinetic energy t = 2.09556e-08
	                                           effective interaction Vq = [ -40.6125, -17.1125,  -3.6125, -17.1125, -17.1125,  -3.6125,  -0.1125,  -3.6125,  -3.6125,  -0.1125,-0.220794,  -0.1125, -17.1125,  -3.6125,  -0.1125,  -3.6125]
	PARPACK diagonalization completed after 30 matrix-vector product operations.
	iteration results: : total energy is -516.700000 | electron energy -516.700000 + phonon energy 0.000000 | electron momentum kIdx = 10
The 30-th iteration is completed.	|| time cost : 0h 0m 9.79s
********************************************************************************************************************
Start the 31 rounds of NGS-ED iteration
	effective electronic model is modified as: kinetic energy t = 2.09557e-08
	                                           effective interaction Vq = [-40.6125,-17.1125, -3.6125,-17.1125,-17.1125, -3.6125, -0.1125, -3.6125, -3.6125, -0.1125,-0.22036, -0.1125,-17.1125, -3.6125, -0.1125, -3.6125]
	PARPACK diagonalization completed after 30 matrix-vector product operations.
	iteration results: : total energy is -516.700000 | electron energy -516.700000 + phonon energy 0.000000 | electron momentum kIdx = 10
The 31-th iteration is completed.	|| time cost : 0h 0m 9.793s
********************************************************************************************************************
Start the 32 rounds of NGS-ED iteration
	effective electronic model is modified as: kinetic energy t = 2.09557e-08
	                                           effective interaction Vq = [ -40.6125, -17.1125,  -3.6125, -17.1125, -17.1125,  -3.6125,  -0.1125,  -3.6125,  -3.6125,  -0.1125,-0.220311,  -0.1125, -17.1125,  -3.6125,  -0.1125,  -3.6125]
	PARPACK diagonalization completed after 30 matrix-vector product operations.
	iteration results: : total energy is -516.700000 | electron energy -516.700000 + phonon energy 0.000000 | electron momentum kIdx = 10
The 32-th iteration is completed.	|| time cost : 0h 0m 9.775s
********************************************************************************************************************
Start the 33 rounds of NGS-ED iteration
	effective electronic model is modified as: kinetic energy t = 2.09557e-08
	                                           effective interaction Vq = [ -40.6125, -17.1125,  -3.6125, -17.1125, -17.1125,  -3.6125,  -0.1125,  -3.6125,  -3.6125,  -0.1125,-0.220493,  -0.1125, -17.1125,  -3.6125,  -0.1125,  -3.6125]
	PARPACK diagonalization completed after 30 matrix-vector product operations.
	iteration results: : total energy is -516.700000 | electron energy -516.700000 + phonon energy 0.000000 | electron momentum kIdx = 10
The 33-th iteration is completed.	|| time cost : 0h 0m 9.817s
********************************************************************************************************************
Start the 34 rounds of NGS-ED iteration
	effective electronic model is modified as: kinetic energy t = 2.09555e-08
	                                           effective interaction Vq = [ -40.6125, -17.1125,  -3.6125, -17.1125, -17.1125,  -3.6125,  -0.1125,  -3.6125,  -3.6125,  -0.1125,-0.221157,  -0.1125, -17.1125,  -3.6125,  -0.1125,  -3.6125]
	PARPACK diagonalization completed after 30 matrix-vector product operations.
	iteration results: : total energy is -516.700000 | electron energy -516.700000 + phonon energy 0.000000 | electron momentum kIdx = 10
The 34-th iteration is completed.	|| time cost : 0h 0m 9.768s
********************************************************************************************************************
Start the 35 rounds of NGS-ED iteration
	effective electronic model is modified as: kinetic energy t = 2.09556e-08
	                                           effective interaction Vq = [ -40.6125, -17.1125,  -3.6125, -17.1125, -17.1125,  -3.6125,  -0.1125,  -3.6125,  -3.6125,  -0.1125,-0.220932,  -0.1125, -17.1125,  -3.6125,  -0.1125,  -3.6125]
	PARPACK diagonalization completed after 30 matrix-vector product operations.
	iteration results: : total energy is -516.700000 | electron energy -516.700000 + phonon energy 0.000000 | electron momentum kIdx = 10
The 35-th iteration is completed.	|| time cost : 0h 0m 9.78s
********************************************************************************************************************
Start the 36 rounds of NGS-ED iteration
	effective electronic model is modified as: kinetic energy t = 2.09558e-08
	                                           effective interaction Vq = [ -40.6125, -17.1125,  -3.6125, -17.1125, -17.1125,  -3.6125,  -0.1125,  -3.6125,  -3.6125,  -0.1125,-0.220166,  -0.1125, -17.1125,  -3.6125,  -0.1125,  -3.6125]
	PARPACK diagonalization completed after 30 matrix-vector product operations.
	iteration results: : total energy is -516.700000 | electron energy -516.700000 + phonon energy 0.000000 | electron momentum kIdx = 10
The 36-th iteration is completed.	|| time cost : 0h 0m 9.777s
********************************************************************************************************************
Start the 37 rounds of NGS-ED iteration
	effective electronic model is modified as: kinetic energy t = 2.09558e-08
	                                           effective interaction Vq = [ -40.6125, -17.1125,  -3.6125, -17.1125, -17.1125,  -3.6125,  -0.1125,  -3.6125,  -3.6125,  -0.1125,-0.220094,  -0.1125, -17.1125,  -3.6125,  -0.1125,  -3.6125]
	PARPACK diagonalization completed after 30 matrix-vector product operations.
	iteration results: : total energy is -516.700000 | electron energy -516.700000 + phonon energy 0.000000 | electron momentum kIdx = 10
The 37-th iteration is completed.	|| time cost : 0h 0m 9.788s
********************************************************************************************************************
Start the 38 rounds of NGS-ED iteration
	effective electronic model is modified as: kinetic energy t = 2.09557e-08
	                                           effective interaction Vq = [ -40.6125, -17.1125,  -3.6125, -17.1125, -17.1125,  -3.6125,  -0.1125,  -3.6125,  -3.6125,  -0.1125,-0.220429,  -0.1125, -17.1125,  -3.6125,  -0.1125,  -3.6125]
	PARPACK diagonalization completed after 30 matrix-vector product operations.
	iteration results: : total energy is -516.700000 | electron energy -516.700000 + phonon energy 0.000000 | electron momentum kIdx = 10
The 38-th iteration is completed.	|| time cost : 0h 0m 9.796s
********************************************************************************************************************
Start the 39 rounds of NGS-ED iteration
	effective electronic model is modified as: kinetic energy t = 2.09558e-08
	                                           effective interaction Vq = [ -40.6125, -17.1125,  -3.6125, -17.1125, -17.1125,  -3.6125,  -0.1125,  -3.6125,  -3.6125,  -0.1125,-0.220173,  -0.1125, -17.1125,  -3.6125,  -0.1125,  -3.6125]
	PARPACK diagonalization completed after 30 matrix-vector product operations.
	iteration results: : total energy is -516.700000 | electron energy -516.700000 + phonon energy 0.000000 | electron momentum kIdx = 10
The 39-th iteration is completed.	|| time cost : 0h 0m 9.773s
********************************************************************************************************************
Start the 40 rounds of NGS-ED iteration
	effective electronic model is modified as: kinetic energy t = 2.09556e-08
	                                           effective interaction Vq = [ -40.6125, -17.1125,  -3.6125, -17.1125, -17.1125,  -3.6125,  -0.1125,  -3.6125,  -3.6125,  -0.1125,-0.220745,  -0.1125, -17.1125,  -3.6125,  -0.1125,  -3.6125]
	PARPACK diagonalization completed after 30 matrix-vector product operations.
	iteration results: : total energy is -516.700000 | electron energy -516.700000 + phonon energy 0.000000 | electron momentum kIdx = 10
The 40-th iteration is completed.	|| time cost : 0h 0m 9.775s
********************************************************************************************************************
Start the 41 rounds of NGS-ED iteration
	effective electronic model is modified as: kinetic energy t = 2.09556e-08
	                                           effective interaction Vq = [ -40.6125, -17.1125,  -3.6125, -17.1125, -17.1125,  -3.6125,  -0.1125,  -3.6125,  -3.6125,  -0.1125,-0.221031,  -0.1125, -17.1125,  -3.6125,  -0.1125,  -3.6125]
	PARPACK diagonalization completed after 30 matrix-vector product operations.
	iteration results: : total energy is -516.700000 | electron energy -516.700000 + phonon energy 0.000000 | electron momentum kIdx = 10
The 41-th iteration is completed.	|| time cost : 0h 0m 9.788s
********************************************************************************************************************
Start the 42 rounds of NGS-ED iteration
	effective electronic model is modified as: kinetic energy t = 2.09556e-08
	                                           effective interaction Vq = [ -40.6125, -17.1125,  -3.6125, -17.1125, -17.1125,  -3.6125,  -0.1125,  -3.6125,  -3.6125,  -0.1125,-0.220837,  -0.1125, -17.1125,  -3.6125,  -0.1125,  -3.6125]
	PARPACK diagonalization completed after 30 matrix-vector product operations.
	iteration results: : total energy is -516.700000 | electron energy -516.700000 + phonon energy 0.000000 | electron momentum kIdx = 10
The 42-th iteration is completed.	|| time cost : 0h 0m 9.789s
********************************************************************************************************************
Start the 43 rounds of NGS-ED iteration
	effective electronic model is modified as: kinetic energy t = 2.09557e-08
	                                           effective interaction Vq = [ -40.6125, -17.1125,  -3.6125, -17.1125, -17.1125,  -3.6125,  -0.1125,  -3.6125,  -3.6125,  -0.1125,-0.220353,  -0.1125, -17.1125,  -3.6125,  -0.1125,  -3.6125]
	PARPACK diagonalization completed after 30 matrix-vector product operations.
	iteration results: : total energy is -516.700000 | electron energy -516.700000 + phonon energy 0.000000 | electron momentum kIdx = 10
The 43-th iteration is completed.	|| time cost : 0h 0m 9.775s
********************************************************************************************************************
Start the 44 rounds of NGS-ED iteration
	effective electronic model is modified as: kinetic energy t = 2.09558e-08
	                                           effective interaction Vq = [ -40.6125, -17.1125,  -3.6125, -17.1125, -17.1125,  -3.6125,  -0.1125,  -3.6125,  -3.6125,  -0.1125,-0.220038,  -0.1125, -17.1125,  -3.6125,  -0.1125,  -3.6125]
	PARPACK diagonalization completed after 30 matrix-vector product operations.
	iteration results: : total energy is -516.700000 | electron energy -516.700000 + phonon energy 0.000000 | electron momentum kIdx = 10
The 44-th iteration is completed.	|| time cost : 0h 0m 9.806s
********************************************************************************************************************
Start the 45 rounds of NGS-ED iteration
	effective electronic model is modified as: kinetic energy t = 2.09556e-08
	                                           effective interaction Vq = [ -40.6125, -17.1125,  -3.6125, -17.1125, -17.1125,  -3.6125,  -0.1125,  -3.6125,  -3.6125,  -0.1125,-0.220841,  -0.1125, -17.1125,  -3.6125,  -0.1125,  -3.6125]
	PARPACK diagonalization completed after 30 matrix-vector product operations.
	iteration results: : total energy is -516.700000 | electron energy -516.700000 + phonon energy 0.000000 | electron momentum kIdx = 10
The 45-th iteration is completed.	|| time cost : 0h 0m 9.794s
********************************************************************************************************************
Start the 46 rounds of NGS-ED iteration
	effective electronic model is modified as: kinetic energy t = 2.09556e-08
	                                           effective interaction Vq = [ -40.6125, -17.1125,  -3.6125, -17.1125, -17.1125,  -3.6125,  -0.1125,  -3.6125,  -3.6125,  -0.1125,-0.220853,  -0.1125, -17.1125,  -3.6125,  -0.1125,  -3.6125]
	PARPACK diagonalization completed after 30 matrix-vector product operations.
