SNEDics v3.21.4 Non-Gaussian ED ground state program		Start at Wed Jul 28 00:54:37 2021

parallized on 32 MPI threads  * 8 OpenMP threads = 256 total threads.
********************************************************************************************************************
********************************************************************************************************************

********************************************************************************************************************
System parameters and configurations
	special program options are enabled: splitted diagonal Hamiltonian | splitted Hamiltonian terms
********************************************************************************************************************
Read input file "model_params.in"
	Hubbard-Holstein model parameters : 	t = 1    U = 8    g = 0.14    W = 0.2    g' = 0.12    
********************************************************************************************************************
Read input file "hilbertspace_params.in"
	Requested 16-site 2D lattice, with 14 electrons (7, 7)
	Boundary : Periodic		Hilbert space representation : momentum-space (restricted to kIdx = 0)
	Conservation: particle number[U(1)]      spin[U(1)]     momentum
********************************************************************************************************************

Cluster Positions:				Cluster symmetry group : D4
 x ... x ... x ... x .....                       x ... x ... x ... x .....
 |           |           :                       |           |           :
 |           |           :                       |           |           :
12    13    14    15     x                       1     5     6     5     x
 |           |           :                       |           |           :
 |           |           :                       |           |           :
 8 --- 9 ---10 ---11 --- x                       2 --- 6 ---10 --- 6 --- x
 |           |           :                       |           |           :
 |           |           :                       |           |           :
 4     5     6     7     x                       1     5     6     5     x
 |           |           :                       |           |           :
 |           |           :                       |           |           :
 0 --- 1 --- 2 --- 3 --- x                       0 --- 1 --- 2 --- 1 --- x
orbital number : 1
********************************************************************************************************************
Read input file "obs_params.in"
	Observable Type : Nq(All),   Sq(All),   N(All),   Delta[s](All),   Delta[d](All),   Delta[s+](All)
** WARNING ** the input observables have non-local factors which have been reinterpreted. The total observable number is 96
********************************************************************************************************************


********************************************************************************************************************
Start calculating the non-Gaussian ED ground state
Maximal iteration number is 1000; energy resolution is 1e-06. Phonon state relaxation time is 2000
W = 0.2 is relatively large. The non-Gaussian ED calculation starts directly.
open output files: NGSED_iteration_obserbles.txt
********************************************************************************************************************
Start the 0 rounds of NGS-ED iteration
	effective electronic model is modified as: kinetic energy t = 1
	                                           effective interaction Vq = [0,0,0,0,0,0,0,0,0,0,0,0,0,0,0,0]
	first Hamiltonian is constructed, size = 8179600 and non-zero numbers = 2178478298
	PARPACK diagonalization completed after 180 matrix-vector product operations.
	iteration results: : total energy is -11.868836 | electron energy -11.868836 + phonon energy 0.000000 | electron momentum kIdx = 0
	Nq(0) = 12.25,	Nq(1) = 0.154193,	Nq(2) = 0.185311,	Nq(3) = 0.154193,	Nq(4) = 0.154193,	Nq(5) = 0.203281,	
	Nq(6) = 0.235634,	Nq(7) = 0.203281,	Nq(8) = 0.185311,	Nq(9) = 0.235634,	Nq(10) = 0.275446,	
	Nq(11) = 0.235634,	Nq(12) = 0.154193,	Nq(13) = 0.203281,	Nq(14) = 0.235634,	Nq(15) = 0.203281;	
	Sq(0) = -1.83137e-18,	Sq(1) = 0.474292,	Sq(2) = 0.766364,	Sq(3) = 0.474292,	Sq(4) = 0.474292,	
	Sq(5) = 0.630724,	Sq(6) = 1.05279,	Sq(7) = 0.630724,	Sq(8) = 0.766364,	Sq(9) = 1.05279,	
	Sq(10) = 2.56755,	Sq(11) = 1.05279,	Sq(12) = 0.474292,	Sq(13) = 0.630724,	Sq(14) = 1.05279,	
	Sq(15) = 0.630724;	N(0) = 1.75464,	N(1) = 1.59086,	N(2) = 0.323321,	N(3) = 1.59086,	
	N(4) = 1.59086,	N(5) = 0.999881,	N(6) = 0.267546,	N(7) = 0.999881,	N(8) = 0.323321,	
	N(9) = 0.267546,	N(10) = 0.165565,	N(11) = 0.267546,	N(12) = 1.59086,	N(13) = 0.999881,	
	N(14) = 0.267546,	N(15) = 0.999881;	Delta[s](0) = 0.0790843,	Delta[s](1) = 0.0591394,	Delta[s](2) = 0.035441,	
	Delta[s](3) = 0.0591394,	Delta[s](4) = 0.0591394,	Delta[s](5) = 0.0422719,	Delta[s](6) = 0.0195813,	Delta[s](7) = 0.0422719,	
	Delta[s](8) = 0.035441,	Delta[s](9) = 0.0195813,	Delta[s](10) = 0.000313323,	Delta[s](11) = 0.0195813,	Delta[s](12) = 0.0591394,	
	Delta[s](13) = 0.0422719,	Delta[s](14) = 0.0195813,	Delta[s](15) = 0.0422719;	Delta[d](0) = 0.275391,	Delta[d](1) = 0.190029,	
	Delta[d](2) = 0.199569,	Delta[d](3) = 0.190029,	Delta[d](4) = 0.190029,	Delta[d](5) = 0.176614,	Delta[d](6) = 0.132557,	
	Delta[d](7) = 0.176614,	Delta[d](8) = 0.199569,	Delta[d](9) = 0.132557,	Delta[d](10) = 0.0534924,	Delta[d](11) = 0.132557,	
	Delta[d](12) = 0.190029,	Delta[d](13) = 0.176614,	Delta[d](14) = 0.132557,	Delta[d](15) = 0.176614;	Delta[s+](0) = 0.559221,	
	Delta[s+](1) = 0.416438,	Delta[s+](2) = 0.199569,	Delta[s+](3) = 0.416438,	Delta[s+](4) = 0.416438,	Delta[s+](5) = 0.29111,	
	Delta[s+](6) = 0.126137,	Delta[s+](7) = 0.29111,	Delta[s+](8) = 0.199569,	Delta[s+](9) = 0.126137,	Delta[s+](10) = 0.0383272,	
	Delta[s+](11) = 0.126137,	Delta[s+](12) = 0.416438,	Delta[s+](13) = 0.29111,	Delta[s+](14) = 0.126137,	Delta[s+](15) = 0.29111
	
The 0-th iteration is completed.	|| time cost : 0h 4m 45.314s
********************************************************************************************************************
Start the 1 rounds of NGS-ED iteration
	effective electronic model is modified as: kinetic energy t = 0.997993
	                                           effective interaction Vq = [     -1.922, -0.0818952,-0.00656552, -0.0818952, -0.0818952,-0.00717481,-0.00285445,-0.00717481,-0.00656552,-0.00285445, -0.0301562,-0.00285445, -0.0818952,-0.00717481,-0.00285445,-0.00717481]
	PARPACK diagonalization completed after 60 matrix-vector product operations.
	iteration results: : total energy is -35.448410 | electron energy -35.449259 + phonon energy 0.000849 | electron momentum kIdx = 0
The 1-th iteration is completed.	|| time cost : 0h 2m 59.905s
********************************************************************************************************************
Start the 2 rounds of NGS-ED iteration
	effective electronic model is modified as: kinetic energy t = 0.997977
	                                           effective interaction Vq = [     -1.922, -0.0823622, -0.0065594, -0.0823622, -0.0823622,-0.00716521,-0.00285202,-0.00716521, -0.0065594,-0.00285202, -0.0302053,-0.00285202, -0.0823622,-0.00716521,-0.00285202,-0.00716521]
	PARPACK diagonalization completed after 30 matrix-vector product operations.
	iteration results: : total energy is -35.448410 | electron energy -35.449279 + phonon energy 0.000868 | electron momentum kIdx = 0
The 2-th iteration is completed.	|| time cost : 0h 0m 22.282s
********************************************************************************************************************
Start the 3 rounds of NGS-ED iteration
	effective electronic model is modified as: kinetic energy t = 0.997977
	                                           effective interaction Vq = [     -1.922, -0.0823652,-0.00655935, -0.0823652, -0.0823652,-0.00716512,  -0.002852,-0.00716512,-0.00655935,  -0.002852, -0.0302052,  -0.002852, -0.0823652,-0.00716512,  -0.002852,-0.00716512]
	PARPACK diagonalization completed after 30 matrix-vector product operations.
	iteration results: : total energy is -35.448410 | electron energy -35.449279 + phonon energy 0.000868 | electron momentum kIdx = 0
The 3-th iteration is completed.	|| time cost : 0h 0m 21.898s
********************************************************************************************************************
Start the 4 rounds of NGS-ED iteration
	effective electronic model is modified as: kinetic energy t = 0.997977
	                                           effective interaction Vq = [     -1.922, -0.0823652,-0.00655935, -0.0823652, -0.0823652,-0.00716512,  -0.002852,-0.00716512,-0.00655935,  -0.002852, -0.0302052,  -0.002852, -0.0823652,-0.00716512,  -0.002852,-0.00716512]
	PARPACK diagonalization completed after 30 matrix-vector product operations.
	iteration results: : total energy is -35.448410 | electron energy -35.449279 + phonon energy 0.000868 | electron momentum kIdx = 0
	Nq(0) = 12.25,	Nq(1) = 0.15522,	Nq(2) = 0.185336,	Nq(3) = 0.15522,	Nq(4) = 0.15522,	Nq(5) = 0.203221,	
	Nq(6) = 0.235688,	Nq(7) = 0.203221,	Nq(8) = 0.185336,	Nq(9) = 0.235688,	Nq(10) = 0.276173,	
	Nq(11) = 0.235688,	Nq(12) = 0.15522,	Nq(13) = 0.203221,	Nq(14) = 0.235688,	Nq(15) = 0.203221;	
	Sq(0) = 2.92861e-18,	Sq(1) = 0.473408,	Sq(2) = 0.765861,	Sq(3) = 0.473408,	Sq(4) = 0.473408,	
	Sq(5) = 0.630303,	Sq(6) = 1.0535,	Sq(7) = 0.630303,	Sq(8) = 0.765861,	Sq(9) = 1.0535,	
	Sq(10) = 2.56606,	Sq(11) = 1.0535,	Sq(12) = 0.473408,	Sq(13) = 0.630303,	Sq(14) = 1.0535,	
	Sq(15) = 0.630303;	N(0) = 1.7553,	N(1) = 1.59209,	N(2) = 0.322945,	N(3) = 1.59209,	
	N(4) = 1.59209,	N(5) = 0.999508,	N(6) = 0.26674,	N(7) = 0.999508,	N(8) = 0.322945,	
	N(9) = 0.26674,	N(10) = 0.165469,	N(11) = 0.26674,	N(12) = 1.59209,	N(13) = 0.999508,	
	N(14) = 0.26674,	N(15) = 0.999508;	Delta[s](0) = 0.0793781,	Delta[s](1) = 0.0593636,	Delta[s](2) = 0.0355626,	
	Delta[s](3) = 0.0593636,	Delta[s](4) = 0.0593636,	Delta[s](5) = 0.0424462,	Delta[s](6) = 0.0196547,	Delta[s](7) = 0.0424462,	
	Delta[s](8) = 0.0355626,	Delta[s](9) = 0.0196547,	Delta[s](10) = 0.00031775,	Delta[s](11) = 0.0196547,	Delta[s](12) = 0.0593636,	
	Delta[s](13) = 0.0424462,	Delta[s](14) = 0.0196547,	Delta[s](15) = 0.0424462;	Delta[d](0) = 0.277348,	Delta[d](1) = 0.190135,	
	Delta[d](2) = 0.199567,	Delta[d](3) = 0.190135,	Delta[d](4) = 0.190135,	Delta[d](5) = 0.176651,	Delta[d](6) = 0.132413,	
	Delta[d](7) = 0.176651,	Delta[d](8) = 0.199567,	Delta[d](9) = 0.132413,	Delta[d](10) = 0.0536015,	Delta[d](11) = 0.132413,	
	Delta[d](12) = 0.190135,	Delta[d](13) = 0.176651,	Delta[d](14) = 0.132413,	Delta[d](15) = 0.176651;	Delta[s+](0) = 0.559467,	
	Delta[s+](1) = 0.41659,	Delta[s+](2) = 0.199567,	Delta[s+](3) = 0.41659,	Delta[s+](4) = 0.41659,	Delta[s+](5) = 0.291096,	
	Delta[s+](6) = 0.126042,	Delta[s+](7) = 0.291096,	Delta[s+](8) = 0.199567,	Delta[s+](9) = 0.126042,	Delta[s+](10) = 0.0382612,	
	Delta[s+](11) = 0.126042,	Delta[s+](12) = 0.41659,	Delta[s+](13) = 0.291096,	Delta[s+](14) = 0.126042,	Delta[s+](15) = 0.291096
	
The 4-th iteration is completed.	|| time cost : 0h 3m 8.443s
********************************************************************************************************************
********************************************************************************************************************
Ground state is obtained after 5 iterations. The current ground-state energy is -35.4484, in which electron energy is -35.4493 and phonon energy is 0.00086837
Final variational state is: 
	Gamma_x = [      1,1.06391,1.00599,1.06391,1.06391,1.00717,1.00332,1.00717,1.00599,1.00332,  1.042,1.00332,1.06391,1.00717,1.00332,1.00717]
	lambda_q = [       3.1,  0.111656, 0.0238319,  0.111656,  0.111656, 0.0260754,-0.0144694, 0.0260754, 0.0238319,-0.0144694,-0.0450154,-0.0144694,  0.111656, 0.0260754,-0.0144694, 0.0260754]
Effective e-e interactions mediated by phonons are:
	momentum-space Vq = [     -1.922, -0.0823652,-0.00655935, -0.0823652, -0.0823652,-0.00716512,  -0.002852,-0.00716512,-0.00655935,  -0.002852, -0.0302052,  -0.002852, -0.0823652,-0.00716512,  -0.002852,-0.00716512]
	real-space Vr = [-0.145928,-0.128176,-0.121041,-0.128176,-0.128176,-0.121193,-0.108298,-0.121193,-0.121041,-0.108298, -0.10332,-0.108298,-0.128176,-0.121193,-0.108298,-0.121193]
********************************************************************************************************************
o___o  ----------------------------------------
| L |	Time since last clock: 0h 0m 0.01s
A===A	Time since the beginning: 0h 11m 37.855s
***********************************************


Non-Gaussina ED ground state calculation is completed. The final ground-state energy is -35.4484
********************************************************************************************************************
o___o  ----------------------------------------
| L |	Time since last clock: 0h 0m 0.007s
A===A	Time since the beginning: 0h 11m 37.862s
***********************************************



********************************************************************************************************************
All non-Gaussian ED ground state calculations have been completed. Exit now.
