SNEDics v3.4 Non-Gaussian ED ground state program		Start at Sat Oct  5 18:20:55 2019

parallized on 16 MPI threads  * 8 OpenMP threads = 128 total threads.
********************************************************************************************************************
********************************************************************************************************************

********************************************************************************************************************
System parameters and configurations
********************************************************************************************************************
Special program options are enabled: splitted diagonal Hamiltonian
********************************************************************************************************************
Read input file "model_params.in"
	Hubbard-Holstein model parameters : 	t = 1    U = 7    g = 0.1414    W = 0.2    t' = -0.3    
********************************************************************************************************************
Read input file "hilbertspace_params.in"
	Requested 16-site 2D lattice, with 14 electrons (7, 7)
	Boundary : Periodic		Hilbert space representation : momentum-space (restricted to kIdx = 0)
	Conservation: particle number[U(1)]      spin[U(1)]     momentum
********************************************************************************************************************

Cluster Positions:				Cluster symmetry group : D4
 x ... x ... x ... x .....                       x ... x ... x ... x .....
 |           |           :                       |           |           :
 |           |           :                       |           |           :
12    13    14    15     x                       1     5     6     5     x
 |           |           :                       |           |           :
 |           |           :                       |           |           :
 8 --- 9 ---10 ---11 --- x                       2 --- 6 ---10 --- 6 --- x
 |           |           :                       |           |           :
 |           |           :                       |           |           :
 4     5     6     7     x                       1     5     6     5     x
 |           |           :                       |           |           :
 |           |           :                       |           |           :
 0 --- 1 --- 2 --- 3 --- x                       0 --- 1 --- 2 --- 1 --- x
orbital number : 1
********************************************************************************************************************
Read input file "obs_params.in"
	Observable Type : Nq(All),   Sq(All),   N(All),   Delta[s](All),   Delta[d](All),   Delta[s+](All)
********************************************************************************************************************
** WARNING ** the input observables have non-local factors which have been reinterpreted. The total observable number is 96
********************************************************************************************************************


********************************************************************************************************************
Start calculating the non-Gaussian ED ground state
** WARNING ** Detected low phonon energy W < 10. The initial state will be prepared through a warm-up process.
********************************************************************************************************************
Start warm-up calculation for scaling factor 64
open output files: NGSEDWarmUpW12Obs.txt
********************************************************************************************************************
Start the 0 rounds of NGS-ED iteration
	effective electronic model is modified as: kinetic energy t = 1, t' = -0.3
	                                           effective interaction Vq = [-0,-0,-0,-0,-0,-0,-0,-0,-0,-0,-0,-0,-0,-0,-0,-0]
	first Hamiltonian is constructed, non-zero numbers = 2180116564
	PARPACK diagonalization completed after 105 matrix-vector product operations.
	iteration results: : total energy is -13.293103 | electron energy -13.293103 + phonon energy 0.000000 | electron momentum kIdx = 0
	Nq(0) = 12.25,	Nq(1) = 0.17423,	Nq(2) = 0.232586,	Nq(3) = 0.17423,	Nq(4) = 0.17423,	Nq(5) = 0.232921,	Nq(6) = 0.276948,	Nq(7) = 0.232921,	Nq(8) = 0.232586,	Nq(9) = 0.276948,	Nq(10) = 0.31214,	Nq(11) = 0.276948,	Nq(12) = 0.17423,	Nq(13) = 0.232921,	Nq(14) = 0.276948,	Nq(15) = 0.232921,	Sq(0) = 4.26885e-18,	Sq(1) = 0.471352,	Sq(2) = 0.422776,	Sq(3) = 0.471352,	Sq(4) = 0.471352,	Sq(5) = 1.14584,	Sq(6) = 0.996864,	Sq(7) = 1.14584,	Sq(8) = 0.422776,	Sq(9) = 0.996864,	Sq(10) = 0.934532,	Sq(11) = 0.996864,	Sq(12) = 0.471352,	Sq(13) = 1.14584,	Sq(14) = 0.996864,	Sq(15) = 1.14584,	N(0) = 1.707,	N(1) = 1.6749,	N(2) = 1.50745,	N(3) = 1.6749,	N(4) = 1.6749,	N(5) = 0.396217,	N(6) = 0.221587,	N(7) = 0.396217,	N(8) = 1.50745,	N(9) = 0.221587,	N(10) = 0.107288,	N(11) = 0.221587,	N(12) = 1.6749,	N(13) = 0.396217,	N(14) = 0.221587,	N(15) = 0.396217,	Delta[s](0) = 0.104481,	Delta[s](1) = 0.0778126,	Delta[s](2) = 0.0604026,	Delta[s](3) = 0.0778126,	Delta[s](4) = 0.0778126,	Delta[s](5) = 0.0490767,	Delta[s](6) = 0.0338746,	Delta[s](7) = 0.0490767,	Delta[s](8) = 0.0604026,	Delta[s](9) = 0.0338746,	Delta[s](10) = 0.013512,	Delta[s](11) = 0.0338746,	Delta[s](12) = 0.0778126,	Delta[s](13) = 0.0490767,	Delta[s](14) = 0.0338746,	Delta[s](15) = 0.0490767,	Delta[d](0) = 0.477175,	Delta[d](1) = 0.290196,	Delta[d](2) = 0.33239,	Delta[d](3) = 0.290196,	Delta[d](4) = 0.290196,	Delta[d](5) = 0.194485,	Delta[d](6) = 0.272659,	Delta[d](7) = 0.194485,	Delta[d](8) = 0.33239,	Delta[d](9) = 0.272659,	Delta[d](10) = 0.325672,	Delta[d](11) = 0.272659,	Delta[d](12) = 0.290196,	Delta[d](13) = 0.194485,	Delta[d](14) = 0.272659,	Delta[d](15) = 0.194485,	Delta[s+](0) = 0.53414,	Delta[s+](1) = 0.398295,	Delta[s+](2) = 0.33239,	Delta[s+](3) = 0.398295,	Delta[s+](4) = 0.398295,	Delta[s+](5) = 0.197028,	Delta[s+](6) = 0.106766,	Delta[s+](7) = 0.197028,	Delta[s+](8) = 0.33239,	Delta[s+](9) = 0.106766,	Delta[s+](10) = 0.0296571,	Delta[s+](11) = 0.106766,	Delta[s+](12) = 0.398295,	Delta[s+](13) = 0.197028,	Delta[s+](14) = 0.106766,	Delta[s+](15) = 0.197028
The 0-th iteration is completed.	|| time cost : 0h 6m 37.561s
********************************************************************************************************************
Start the 1 rounds of NGS-ED iteration
	effective electronic model is modified as: kinetic energy t = 0.996058, t' = -0.298828
	                                           effective interaction Vq = [-0.0922417,-0.0914152,-0.0909984,-0.0914152,-0.0914152, -0.091627,-0.0917273, -0.091627,-0.0909984,-0.0917273,-0.0922475,-0.0917273,-0.0914152, -0.091627,-0.0917273, -0.091627]
	PARPACK diagonalization completed after 45 matrix-vector product operations.
	iteration results: : total energy is -14.670622 | electron energy -14.670635 + phonon energy 0.000013 | electron momentum kIdx = 0
The 1-th iteration is completed.	|| time cost : 0h 5m 46.978s
********************************************************************************************************************
Start the 2 rounds of NGS-ED iteration
	effective electronic model is modified as: kinetic energy t = 0.993674, t' = -0.298129
	                                           effective interaction Vq = [-0.0993724,-0.0988552,-0.0985504,-0.0988552,-0.0988552,    -0.099,-0.0990652,    -0.099,-0.0985504,-0.0990652,-0.0993751,-0.0990652,-0.0988552,    -0.099,-0.0990652,    -0.099]
	PARPACK diagonalization completed after 30 matrix-vector product operations.
	iteration results: : total energy is -14.737450 | electron energy -14.737520 + phonon energy 0.000070 | electron momentum kIdx = 0
The 2-th iteration is completed.	|| time cost : 0h 0m 22.598s
********************************************************************************************************************
Start the 3 rounds of NGS-ED iteration
	effective electronic model is modified as: kinetic energy t = 0.992942, t' = -0.297917
	                                           effective interaction Vq = [-0.0999236,-0.0996541,-0.0994415,-0.0996541,-0.0996541,-0.0997437,-0.0997809,-0.0997437,-0.0994415,-0.0997809,-0.0999241,-0.0997809,-0.0996541,-0.0997437,-0.0997809,-0.0997437]
	PARPACK diagonalization completed after 30 matrix-vector product operations.
	iteration results: : total energy is -14.732471 | electron energy -14.732577 + phonon energy 0.000106 | electron momentum kIdx = 0
The 3-th iteration is completed.	|| time cost : 0h 0m 22.838s
********************************************************************************************************************
Start the 4 rounds of NGS-ED iteration
	effective electronic model is modified as: kinetic energy t = 0.992739, t' = -0.297859
	                                           effective interaction Vq = [-0.0999662,-0.0997836,-0.0996011,-0.0997836,-0.0997836,-0.0998546,-0.0998823,-0.0998546,-0.0996011,-0.0998823,-0.0999663,-0.0998823,-0.0997836,-0.0998546,-0.0998823,-0.0998546]
	PARPACK diagonalization completed after 30 matrix-vector product operations.
	iteration results: : total energy is -14.729406 | electron energy -14.729526 + phonon energy 0.000119 | electron momentum kIdx = 0
The 4-th iteration is completed.	|| time cost : 0h 0m 22.611s
********************************************************************************************************************
Start the 5 rounds of NGS-ED iteration
	effective electronic model is modified as: kinetic energy t = 0.992684, t' = -0.297844
	                                           effective interaction Vq = [-0.0999695,-0.0998122,-0.0996375,-0.0998122,-0.0998122, -0.099878, -0.099903, -0.099878,-0.0996375, -0.099903,-0.0999695, -0.099903,-0.0998122, -0.099878, -0.099903, -0.099878]
	PARPACK diagonalization completed after 30 matrix-vector product operations.
	iteration results: : total energy is -14.728454 | electron energy -14.728577 + phonon energy 0.000123 | electron momentum kIdx = 0
The 5-th iteration is completed.	|| time cost : 0h 0m 22.866s
********************************************************************************************************************
Start the 6 rounds of NGS-ED iteration
	effective electronic model is modified as: kinetic energy t = 0.992669, t' = -0.29784
	                                           effective interaction Vq = [-0.0999698,-0.0998193,-0.0996466,-0.0998193,-0.0998193,-0.0998838,-0.0999081,-0.0998838,-0.0996466,-0.0999081,-0.0999698,-0.0999081,-0.0998193,-0.0998838,-0.0999081,-0.0998838]
	PARPACK diagonalization completed after 30 matrix-vector product operations.
	iteration results: : total energy is -14.728189 | electron energy -14.728313 + phonon energy 0.000124 | electron momentum kIdx = 0
	Nq(0) = 12.25,	Nq(1) = 0.177024,	Nq(2) = 0.23602,	Nq(3) = 0.177024,	Nq(4) = 0.177024,	Nq(5) = 0.237213,	Nq(6) = 0.281895,	Nq(7) = 0.237213,	Nq(8) = 0.23602,	Nq(9) = 0.281895,	Nq(10) = 0.317582,	Nq(11) = 0.281895,	Nq(12) = 0.177024,	Nq(13) = 0.237213,	Nq(14) = 0.281895,	Nq(15) = 0.237213,	Sq(0) = -3.87065e-18,	Sq(1) = 0.470717,	Sq(2) = 0.422215,	Sq(3) = 0.470717,	Sq(4) = 0.470717,	Sq(5) = 1.13904,	Sq(6) = 0.990804,	Sq(7) = 1.13904,	Sq(8) = 0.422215,	Sq(9) = 0.990804,	Sq(10) = 0.929181,	Sq(11) = 0.990804,	Sq(12) = 0.470717,	Sq(13) = 1.13904,	Sq(14) = 0.990804,	Sq(15) = 1.13904,	N(0) = 1.71528,	N(1) = 1.68517,	N(2) = 1.5185,	N(3) = 1.68517,	N(4) = 1.68517,	N(5) = 0.386404,	N(6) = 0.214545,	N(7) = 0.386404,	N(8) = 1.5185,	N(9) = 0.214545,	N(10) = 0.103238,	N(11) = 0.214545,	N(12) = 1.68517,	N(13) = 0.386404,	N(14) = 0.214545,	N(15) = 0.386404,	Delta[s](0) = 0.107139,	Delta[s](1) = 0.0800266,	Delta[s](2) = 0.062509,	Delta[s](3) = 0.0800266,	Delta[s](4) = 0.0800266,	Delta[s](5) = 0.0507352,	Delta[s](6) = 0.0355032,	Delta[s](7) = 0.0507352,	Delta[s](8) = 0.062509,	Delta[s](9) = 0.0355032,	Delta[s](10) = 0.0148572,	Delta[s](11) = 0.0355032,	Delta[s](12) = 0.0800266,	Delta[s](13) = 0.0507352,	Delta[s](14) = 0.0355032,	Delta[s](15) = 0.0507352,	Delta[d](0) = 0.480985,	Delta[d](1) = 0.290616,	Delta[d](2) = 0.333529,	Delta[d](3) = 0.290616,	Delta[d](4) = 0.290616,	Delta[d](5) = 0.193375,	Delta[d](6) = 0.2737,	Delta[d](7) = 0.193375,	Delta[d](8) = 0.333529,	Delta[d](9) = 0.2737,	Delta[d](10) = 0.328561,	Delta[d](11) = 0.2737,	Delta[d](12) = 0.290616,	Delta[d](13) = 0.193375,	Delta[d](14) = 0.2737,	Delta[d](15) = 0.193375,	Delta[s+](0) = 0.53516,	Delta[s+](1) = 0.398837,	Delta[s+](2) = 0.333529,	Delta[s+](3) = 0.398837,	Delta[s+](4) = 0.398837,	Delta[s+](5) = 0.196029,	Delta[s+](6) = 0.105999,	Delta[s+](7) = 0.196029,	Delta[s+](8) = 0.333529,	Delta[s+](9) = 0.105999,	Delta[s+](10) = 0.0290452,	Delta[s+](11) = 0.105999,	Delta[s+](12) = 0.398837,	Delta[s+](13) = 0.196029,	Delta[s+](14) = 0.105999,	Delta[s+](15) = 0.196029
The 6-th iteration is completed.	|| time cost : 0h 3m 32.091s
********************************************************************************************************************
********************************************************************************************************************
Ground state is obtained after 7 iterations. The current ground-state energy is -14.7282, in which electron energy is -14.7283 and phonon energy is 0.00012377
final variational state is: 
	Gamma_x = [      1,1.00074,1.00142,1.00074,1.00074, 1.0014,1.00207, 1.0014,1.00142,1.00207,1.00275,1.00207,1.00074, 1.0014,1.00207, 1.0014]
	lambda_q = [0.0883636,0.0849674,0.0833681,0.0849674,0.0849674, 0.085806, 0.086203, 0.085806,0.0833681, 0.086203,0.0883639, 0.086203,0.0849674, 0.085806, 0.086203, 0.085806]
********************************************************************************************************************
o___o  ----------------------------------------
| L |	Time since last clock: 0h 0m 0s
A===A	Time since the beginning: 0h 17m 27.546s
***********************************************

********************************************************************************************************************
Start warm-up calculation for scaling factor 32
open output files: NGSEDWarmUpW6Obs.txt
********************************************************************************************************************
Start the 0 rounds of NGS-ED iteration
	effective electronic model is modified as: kinetic energy t = 0.992665, t' = -0.297839
	                                           effective interaction Vq = [-0.0913884,-0.0897228,-0.0888873,-0.0897228,-0.0897228,-0.0901478,-0.0903458,-0.0901478,-0.0888873,-0.0903458,-0.0913885,-0.0903458,-0.0897228,-0.0901478,-0.0903458,-0.0901478]
	PARPACK diagonalization completed after 45 matrix-vector product operations.
	iteration results: : total energy is -14.588118 | electron energy -14.588180 + phonon energy 0.000062 | electron momentum kIdx = 0
	Nq(0) = 12.25,	Nq(1) = 0.176645,	Nq(2) = 0.235543,	Nq(3) = 0.176645,	Nq(4) = 0.176645,	Nq(5) = 0.236639,	Nq(6) = 0.28124,	Nq(7) = 0.236639,	Nq(8) = 0.235543,	Nq(9) = 0.28124,	Nq(10) = 0.316891,	Nq(11) = 0.28124,	Nq(12) = 0.176645,	Nq(13) = 0.236639,	Nq(14) = 0.28124,	Nq(15) = 0.236639,	Sq(0) = -3.91016e-18,	Sq(1) = 0.470802,	Sq(2) = 0.422291,	Sq(3) = 0.470802,	Sq(4) = 0.470802,	Sq(5) = 1.13995,	Sq(6) = 0.991615,	Sq(7) = 1.13995,	Sq(8) = 0.422291,	Sq(9) = 0.991615,	Sq(10) = 0.929895,	Sq(11) = 0.991615,	Sq(12) = 0.470802,	Sq(13) = 1.13995,	Sq(14) = 0.991615,	Sq(15) = 1.13995,	N(0) = 1.71419,	N(1) = 1.68381,	N(2) = 1.51703,	N(3) = 1.68381,	N(4) = 1.68381,	N(5) = 0.38771,	N(6) = 0.215475,	N(7) = 0.38771,	N(8) = 1.51703,	N(9) = 0.215475,	N(10) = 0.103773,	N(11) = 0.215475,	N(12) = 1.68381,	N(13) = 0.38771,	N(14) = 0.215475,	N(15) = 0.38771,	Delta[s](0) = 0.106107,	Delta[s](1) = 0.0794202,	Delta[s](2) = 0.0621537,	Delta[s](3) = 0.0794202,	Delta[s](4) = 0.0794202,	Delta[s](5) = 0.050598,	Delta[s](6) = 0.0355759,	Delta[s](7) = 0.050598,	Delta[s](8) = 0.0621537,	Delta[s](9) = 0.0355759,	Delta[s](10) = 0.0152459,	Delta[s](11) = 0.0355759,	Delta[s](12) = 0.0794202,	Delta[s](13) = 0.050598,	Delta[s](14) = 0.0355759,	Delta[s](15) = 0.050598,	Delta[d](0) = 0.479261,	Delta[d](1) = 0.290324,	Delta[d](2) = 0.3329,	Delta[d](3) = 0.290324,	Delta[d](4) = 0.290324,	Delta[d](5) = 0.193693,	Delta[d](6) = 0.27329,	Delta[d](7) = 0.193693,	Delta[d](8) = 0.3329,	Delta[d](9) = 0.27329,	Delta[d](10) = 0.327684,	Delta[d](11) = 0.27329,	Delta[d](12) = 0.290324,	Delta[d](13) = 0.193693,	Delta[d](14) = 0.27329,	Delta[d](15) = 0.193693,	Delta[s+](0) = 0.534163,	Delta[s+](1) = 0.398163,	Delta[s+](2) = 0.3329,	Delta[s+](3) = 0.398163,	Delta[s+](4) = 0.398163,	Delta[s+](5) = 0.196216,	Delta[s+](6) = 0.106395,	Delta[s+](7) = 0.196216,	Delta[s+](8) = 0.3329,	Delta[s+](9) = 0.106395,	Delta[s+](10) = 0.0295251,	Delta[s+](11) = 0.106395,	Delta[s+](12) = 0.398163,	Delta[s+](13) = 0.196216,	Delta[s+](14) = 0.106395,	Delta[s+](15) = 0.196216
The 0-th iteration is completed.	|| time cost : 0h 3m 24.898s
********************************************************************************************************************
Start the 1 rounds of NGS-ED iteration
	effective electronic model is modified as: kinetic energy t = 0.98973, t' = -0.296991
	                                           effective interaction Vq = [-0.0975839,-0.0960819,-0.0952574,-0.0960819,-0.0960819,-0.0964897,-0.0966775,-0.0964897,-0.0952574,-0.0966775,-0.0975972,-0.0966775,-0.0960819,-0.0964897,-0.0966775,-0.0964897]
	PARPACK diagonalization completed after 45 matrix-vector product operations.
	iteration results: : total energy is -14.628891 | electron energy -14.629162 + phonon energy 0.000272 | electron momentum kIdx = 0
The 1-th iteration is completed.	|| time cost : 0h 0m 26.263s
********************************************************************************************************************
Start the 2 rounds of NGS-ED iteration
	effective electronic model is modified as: kinetic energy t = 0.988057, t' = -0.296514
	                                           effective interaction Vq = [-0.0993064,-0.0981331,-0.0973968,-0.0981331,-0.0981331,-0.0984783,-0.0986319,-0.0984783,-0.0973968,-0.0986319, -0.099316,-0.0986319,-0.0981331,-0.0984783,-0.0986319,-0.0984783]
	PARPACK diagonalization completed after 45 matrix-vector product operations.
	iteration results: : total energy is -14.624109 | electron energy -14.624601 + phonon energy 0.000492 | electron momentum kIdx = 0
The 2-th iteration is completed.	|| time cost : 0h 0m 26.206s
********************************************************************************************************************
Start the 3 rounds of NGS-ED iteration
	effective electronic model is modified as: kinetic energy t = 0.98716, t' = -0.296262
	                                           effective interaction Vq = [-0.0997854,-0.0988753,-0.0982092,-0.0988753,-0.0988753,-0.0991698,-0.0992955,-0.0991698,-0.0982092,-0.0992955,  -0.09979,-0.0992955,-0.0988753,-0.0991698,-0.0992955,-0.0991698]
	PARPACK diagonalization completed after 30 matrix-vector product operations.
	iteration results: : total energy is -14.614759 | electron energy -14.615414 + phonon energy 0.000654 | electron momentum kIdx = 0
The 3-th iteration is completed.	|| time cost : 0h 0m 22.558s
********************************************************************************************************************
Start the 4 rounds of NGS-ED iteration
	effective electronic model is modified as: kinetic energy t = 0.986693, t' = -0.296132
	                                           effective interaction Vq = [-0.0999185,-0.0991755,-0.0985505,-0.0991755,-0.0991755,-0.0994388, -0.099547,-0.0994388,-0.0985505, -0.099547,-0.0999204, -0.099547,-0.0991755,-0.0994388, -0.099547,-0.0994388]
	PARPACK diagonalization completed after 30 matrix-vector product operations.
	iteration results: : total energy is -14.608128 | electron energy -14.608883 + phonon energy 0.000755 | electron momentum kIdx = 0
The 4-th iteration is completed.	|| time cost : 0h 0m 22.845s
********************************************************************************************************************
Start the 5 rounds of NGS-ED iteration
	effective electronic model is modified as: kinetic energy t = 0.986453, t' = -0.296066
	                                           effective interaction Vq = [-0.0999555,-0.0993079, -0.098704,-0.0993079,-0.0993079,-0.0995542,-0.0996527,-0.0995542, -0.098704,-0.0996527,-0.0999562,-0.0996527,-0.0993079,-0.0995542,-0.0996527,-0.0995542]
	PARPACK diagonalization completed after 30 matrix-vector product operations.
	iteration results: : total energy is -14.604246 | electron energy -14.605058 + phonon energy 0.000812 | electron momentum kIdx = 0
The 5-th iteration is completed.	|| time cost : 0h 0m 22.655s
********************************************************************************************************************
Start the 6 rounds of NGS-ED iteration
	effective electronic model is modified as: kinetic energy t = 0.98633, t' = -0.296033
	                                           effective interaction Vq = [-0.0999658,-0.0993697,-0.0987758,-0.0993697,-0.0993697,-0.0996072,-0.0997006,-0.0996072,-0.0987758,-0.0997006,-0.0999661,-0.0997006,-0.0993697,-0.0996072,-0.0997006,-0.0996072]
	PARPACK diagonalization completed after 30 matrix-vector product operations.
	iteration results: : total energy is -14.602133 | electron energy -14.602977 + phonon energy 0.000843 | electron momentum kIdx = 0
The 6-th iteration is completed.	|| time cost : 0h 0m 22.711s
********************************************************************************************************************
Start the 7 rounds of NGS-ED iteration
	effective electronic model is modified as: kinetic energy t = 0.986268, t' = -0.296016
	                                           effective interaction Vq = [-0.0999687,-0.0993995,-0.0988102,-0.0993995,-0.0993995,-0.0996328,-0.0997235,-0.0996328,-0.0988102,-0.0997235,-0.0999688,-0.0997235,-0.0993995,-0.0996328,-0.0997235,-0.0996328]
	PARPACK diagonalization completed after 30 matrix-vector product operations.
	iteration results: : total energy is -14.601022 | electron energy -14.601881 + phonon energy 0.000860 | electron momentum kIdx = 0
The 7-th iteration is completed.	|| time cost : 0h 0m 22.868s
********************************************************************************************************************
Start the 8 rounds of NGS-ED iteration
	effective electronic model is modified as: kinetic energy t = 0.986236, t' = -0.296008
	                                           effective interaction Vq = [-0.0999695,-0.0994142,-0.0988268,-0.0994142,-0.0994142,-0.0996453,-0.0997348,-0.0996453,-0.0988268,-0.0997348,-0.0999695,-0.0997348,-0.0994142,-0.0996453,-0.0997348,-0.0996453]
	PARPACK diagonalization completed after 30 matrix-vector product operations.
	iteration results: : total energy is -14.600446 | electron energy -14.601314 + phonon energy 0.000868 | electron momentum kIdx = 0
	Nq(0) = 12.25,	Nq(1) = 0.17617,	Nq(2) = 0.234965,	Nq(3) = 0.17617,	Nq(4) = 0.17617,	Nq(5) = 0.235907,	Nq(6) = 0.28039,	Nq(7) = 0.235907,	Nq(8) = 0.234965,	Nq(9) = 0.28039,	Nq(10) = 0.315932,	Nq(11) = 0.28039,	Nq(12) = 0.17617,	Nq(13) = 0.235907,	Nq(14) = 0.28039,	Nq(15) = 0.235907,	Sq(0) = 3.14772e-18,	Sq(1) = 0.470912,	Sq(2) = 0.422388,	Sq(3) = 0.470912,	Sq(4) = 0.470912,	Sq(5) = 1.14111,	Sq(6) = 0.992654,	Sq(7) = 1.14111,	Sq(8) = 0.422388,	Sq(9) = 0.992654,	Sq(10) = 0.93081,	Sq(11) = 0.992654,	Sq(12) = 0.470912,	Sq(13) = 1.14111,	Sq(14) = 0.992654,	Sq(15) = 1.14111,	N(0) = 1.71275,	N(1) = 1.68206,	N(2) = 1.5152,	N(3) = 1.68206,	N(4) = 1.68206,	N(5) = 0.389362,	N(6) = 0.216678,	N(7) = 0.389362,	N(8) = 1.5152,	N(9) = 0.216678,	N(10) = 0.104457,	N(11) = 0.216678,	N(12) = 1.68206,	N(13) = 0.389362,	N(14) = 0.216678,	N(15) = 0.389362,	Delta[s](0) = 0.104848,	Delta[s](1) = 0.0786704,	Delta[s](2) = 0.0617061,	Delta[s](3) = 0.0786704,	Delta[s](4) = 0.0786704,	Delta[s](5) = 0.0504115,	Delta[s](6) = 0.0356445,	Delta[s](7) = 0.0504115,	Delta[s](8) = 0.0617061,	Delta[s](9) = 0.0356445,	Delta[s](10) = 0.0156984,	Delta[s](11) = 0.0356445,	Delta[s](12) = 0.0786704,	Delta[s](13) = 0.0504115,	Delta[s](14) = 0.0356445,	Delta[s](15) = 0.0504115,	Delta[d](0) = 0.477169,	Delta[d](1) = 0.289958,	Delta[d](2) = 0.332126,	Delta[d](3) = 0.289958,	Delta[d](4) = 0.289958,	Delta[d](5) = 0.194072,	Delta[d](6) = 0.272788,	Delta[d](7) = 0.194072,	Delta[d](8) = 0.332126,	Delta[d](9) = 0.272788,	Delta[d](10) = 0.326622,	Delta[d](11) = 0.272788,	Delta[d](12) = 0.289958,	Delta[d](13) = 0.194072,	Delta[d](14) = 0.272788,	Delta[d](15) = 0.194072,	Delta[s+](0) = 0.532943,	Delta[s+](1) = 0.397342,	Delta[s+](2) = 0.332126,	Delta[s+](3) = 0.397342,	Delta[s+](4) = 0.397342,	Delta[s+](5) = 0.19644,	Delta[s+](6) = 0.106864,	Delta[s+](7) = 0.19644,	Delta[s+](8) = 0.332126,	Delta[s+](9) = 0.106864,	Delta[s+](10) = 0.0300917,	Delta[s+](11) = 0.106864,	Delta[s+](12) = 0.397342,	Delta[s+](13) = 0.19644,	Delta[s+](14) = 0.106864,	Delta[s+](15) = 0.19644
The 8-th iteration is completed.	|| time cost : 0h 3m 23.39s
********************************************************************************************************************
********************************************************************************************************************
Ground state is obtained after 9 iterations. The current ground-state energy is -14.6004, in which electron energy is -14.6013 and phonon energy is 0.000868282
final variational state is: 
	Gamma_x = [      1,1.00271,1.00504,1.00271,1.00271,1.00523,1.00778,1.00523,1.00504,1.00778,1.01083,1.00778,1.00271,1.00523,1.00778,1.00523]
	lambda_q = [0.124866,0.115725,0.111665,0.115725,0.115725, 0.11793,0.118995, 0.11793,0.111665,0.118995,0.124872,0.118995,0.115725, 0.11793,0.118995, 0.11793]
********************************************************************************************************************
o___o  ----------------------------------------
| L |	Time since last clock: 0h 0m 0s
A===A	Time since the beginning: 0h 27m 1.946s
***********************************************

********************************************************************************************************************
Start warm-up calculation for scaling factor 16
open output files: NGSEDWarmUpW3Obs.txt
********************************************************************************************************************
Start the 0 rounds of NGS-ED iteration
	effective electronic model is modified as: kinetic energy t = 0.98622, t' = -0.296003
	                                           effective interaction Vq = [-0.0913555,-0.0880529,-0.0864142,-0.0880529,-0.0880529,-0.0888985,-0.0892956,-0.0888985,-0.0864142,-0.0892956,-0.0913574,-0.0892956,-0.0880529,-0.0888985,-0.0892956,-0.0888985]
	PARPACK diagonalization completed after 45 matrix-vector product operations.
	iteration results: : total energy is -14.456680 | electron energy -14.457116 + phonon energy 0.000436 | electron momentum kIdx = 0
	Nq(0) = 12.25,	Nq(1) = 0.175751,	Nq(2) = 0.234427,	Nq(3) = 0.175751,	Nq(4) = 0.175751,	Nq(5) = 0.235275,	Nq(6) = 0.27967,	Nq(7) = 0.235275,	Nq(8) = 0.234427,	Nq(9) = 0.27967,	Nq(10) = 0.315193,	Nq(11) = 0.27967,	Nq(12) = 0.175751,	Nq(13) = 0.235275,	Nq(14) = 0.27967,	Nq(15) = 0.235275,	Sq(0) = 2.92902e-18,	Sq(1) = 0.471007,	Sq(2) = 0.422473,	Sq(3) = 0.471007,	Sq(4) = 0.471007,	Sq(5) = 1.1421,	Sq(6) = 0.99355,	Sq(7) = 1.1421,	Sq(8) = 0.422473,	Sq(9) = 0.99355,	Sq(10) = 0.931593,	Sq(11) = 0.99355,	Sq(12) = 0.471007,	Sq(13) = 1.1421,	Sq(14) = 0.99355,	Sq(15) = 1.1421,	N(0) = 1.71154,	N(1) = 1.68055,	N(2) = 1.51357,	N(3) = 1.68055,	N(4) = 1.68055,	N(5) = 0.390811,	N(6) = 0.217708,	N(7) = 0.390811,	N(8) = 1.51357,	N(9) = 0.217708,	N(10) = 0.105053,	N(11) = 0.217708,	N(12) = 1.68055,	N(13) = 0.390811,	N(14) = 0.217708,	N(15) = 0.390811,	Delta[s](0) = 0.103796,	Delta[s](1) = 0.0780411,	Delta[s](2) = 0.0613255,	Delta[s](3) = 0.0780411,	Delta[s](4) = 0.0780411,	Delta[s](5) = 0.0502479,	Delta[s](6) = 0.0356889,	Delta[s](7) = 0.0502479,	Delta[s](8) = 0.0613255,	Delta[s](9) = 0.0356889,	Delta[s](10) = 0.0160563,	Delta[s](11) = 0.0356889,	Delta[s](12) = 0.0780411,	Delta[s](13) = 0.0502479,	Delta[s](14) = 0.0356889,	Delta[s](15) = 0.0502479,	Delta[d](0) = 0.475402,	Delta[d](1) = 0.289651,	Delta[d](2) = 0.331471,	Delta[d](3) = 0.289651,	Delta[d](4) = 0.289651,	Delta[d](5) = 0.194392,	Delta[d](6) = 0.272358,	Delta[d](7) = 0.194392,	Delta[d](8) = 0.331471,	Delta[d](9) = 0.272358,	Delta[d](10) = 0.325703,	Delta[d](11) = 0.272358,	Delta[d](12) = 0.289651,	Delta[d](13) = 0.194392,	Delta[d](14) = 0.272358,	Delta[d](15) = 0.194392,	Delta[s+](0) = 0.531909,	Delta[s+](1) = 0.396648,	Delta[s+](2) = 0.331471,	Delta[s+](3) = 0.396648,	Delta[s+](4) = 0.396648,	Delta[s+](5) = 0.19663,	Delta[s+](6) = 0.10726,	Delta[s+](7) = 0.19663,	Delta[s+](8) = 0.331471,	Delta[s+](9) = 0.10726,	Delta[s+](10) = 0.0305709,	Delta[s+](11) = 0.10726,	Delta[s+](12) = 0.396648,	Delta[s+](13) = 0.19663,	Delta[s+](14) = 0.10726,	Delta[s+](15) = 0.19663
The 0-th iteration is completed.	|| time cost : 0h 3m 23.693s
********************************************************************************************************************
Start the 1 rounds of NGS-ED iteration
	effective electronic model is modified as: kinetic energy t = 0.983301, t' = -0.295185
	                                           effective interaction Vq = [-0.0954275,-0.0921043,-0.0903526,-0.0921043,-0.0921043,-0.0929996,-0.0934192,-0.0929996,-0.0903526,-0.0934192,-0.0954696,-0.0934192,-0.0921043,-0.0929996,-0.0934192,-0.0929996]
	PARPACK diagonalization completed after 45 matrix-vector product operations.
	iteration results: : total energy is -14.463504 | electron energy -14.464604 + phonon energy 0.001101 | electron momentum kIdx = 0
The 1-th iteration is completed.	|| time cost : 0h 0m 26.18s
********************************************************************************************************************
Start the 2 rounds of NGS-ED iteration
	effective electronic model is modified as: kinetic energy t = 0.981101, t' = -0.294577
	                                           effective interaction Vq = [-0.0975747,-0.0944166,-0.0926346,-0.0944166,-0.0944166,-0.0953109, -0.095725,-0.0953109,-0.0926346, -0.095725,-0.0976274, -0.095725,-0.0944166,-0.0953109, -0.095725,-0.0953109]
	PARPACK diagonalization completed after 45 matrix-vector product operations.
	iteration results: : total energy is -14.454382 | electron energy -14.456253 + phonon energy 0.001871 | electron momentum kIdx = 0
The 2-th iteration is completed.	|| time cost : 0h 0m 26.323s
********************************************************************************************************************
Start the 3 rounds of NGS-ED iteration
	effective electronic model is modified as: kinetic energy t = 0.979488, t' = -0.294136
	                                           effective interaction Vq = [-0.0987069,-0.0957813, -0.094003,-0.0957813,-0.0957813, -0.096653,-0.0970497, -0.096653, -0.094003,-0.0970497,-0.0987545,-0.0970497,-0.0957813, -0.096653,-0.0970497, -0.096653]
	PARPACK diagonalization completed after 45 matrix-vector product operations.
	iteration results: : total energy is -14.440853 | electron energy -14.443478 + phonon energy 0.002625 | electron momentum kIdx = 0
The 3-th iteration is completed.	|| time cost : 0h 0m 26.184s
********************************************************************************************************************
Start the 4 rounds of NGS-ED iteration
	effective electronic model is modified as: kinetic energy t = 0.978323, t' = -0.293821
	                                           effective interaction Vq = [-0.0993039,-0.0966127,-0.0948485,-0.0966127,-0.0966127,-0.0974568,-0.0978333,-0.0974568,-0.0948485,-0.0978333,-0.0993409,-0.0978333,-0.0966127,-0.0974568,-0.0978333,-0.0974568]
	PARPACK diagonalization completed after 45 matrix-vector product operations.
	iteration results: : total energy is -14.427703 | electron energy -14.430997 + phonon energy 0.003294 | electron momentum kIdx = 0
The 4-th iteration is completed.	|| time cost : 0h 0m 26.213s
********************************************************************************************************************
Start the 5 rounds of NGS-ED iteration
	effective electronic model is modified as: kinetic energy t = 0.977491, t' = -0.293599
	                                           effective interaction Vq = [-0.0996187,-0.0971339,-0.0953835,-0.0971339,-0.0971339,-0.0979526,-0.0983108,-0.0979526,-0.0953835,-0.0983108, -0.099645,-0.0983108,-0.0971339,-0.0979526,-0.0983108,-0.0979526]
	PARPACK diagonalization completed after 30 matrix-vector product operations.
	iteration results: : total energy is -14.416600 | electron energy -14.420449 + phonon energy 0.003849 | electron momentum kIdx = 0
The 5-th iteration is completed.	|| time cost : 0h 0m 22.586s
********************************************************************************************************************
Start the 6 rounds of NGS-ED iteration
	effective electronic model is modified as: kinetic energy t = 0.976901, t' = -0.293443
	                                           effective interaction Vq = [-0.0997846,-0.0974685,-0.0957285,-0.0974685,-0.0974685,-0.0982668,-0.0986098,-0.0982668,-0.0957285,-0.0986098,-0.0998024,-0.0986098,-0.0974685,-0.0982668,-0.0986098,-0.0982668]
	PARPACK diagonalization completed after 45 matrix-vector product operations.
	iteration results: : total energy is -14.407847 | electron energy -14.412136 + phonon energy 0.004289 | electron momentum kIdx = 0
The 6-th iteration is completed.	|| time cost : 0h 0m 26.219s
********************************************************************************************************************
Start the 7 rounds of NGS-ED iteration
	effective electronic model is modified as: kinetic energy t = 0.976484, t' = -0.293334
	                                           effective interaction Vq = [-0.0998722,-0.0976876,-0.0959542,-0.0976876,-0.0976876,-0.0984705,-0.0988019,-0.0984705,-0.0959542,-0.0988019,-0.0998836,-0.0988019,-0.0976876,-0.0984705,-0.0988019,-0.0984705]
	PARPACK diagonalization completed after 30 matrix-vector product operations.
	iteration results: : total energy is -14.401213 | electron energy -14.405840 + phonon energy 0.004627 | electron momentum kIdx = 0
The 7-th iteration is completed.	|| time cost : 0h 0m 22.635s
********************************************************************************************************************
Start the 8 rounds of NGS-ED iteration
	effective electronic model is modified as: kinetic energy t = 0.976191, t' = -0.293258
	                                           effective interaction Vq = [-0.0999183,-0.0978332,-0.0961032,-0.0978332,-0.0978332,-0.0986051,-0.0989279,-0.0986051,-0.0961032,-0.0989279,-0.0999254,-0.0989279,-0.0978332,-0.0986051,-0.0989279,-0.0986051]
	PARPACK diagonalization completed after 30 matrix-vector product operations.
	iteration results: : total energy is -14.396306 | electron energy -14.401185 + phonon energy 0.004880 | electron momentum kIdx = 0
The 8-th iteration is completed.	|| time cost : 0h 0m 22.606s
********************************************************************************************************************
Start the 9 rounds of NGS-ED iteration
	effective electronic model is modified as: kinetic energy t = 0.975984, t' = -0.293205
	                                           effective interaction Vq = [-0.0999427, -0.097931,-0.0962024, -0.097931, -0.097931,-0.0986953,-0.0990118,-0.0986953,-0.0962024,-0.0990118, -0.099947,-0.0990118, -0.097931,-0.0986953,-0.0990118,-0.0986953]
	PARPACK diagonalization completed after 30 matrix-vector product operations.
	iteration results: : total energy is -14.392733 | electron energy -14.397799 + phonon energy 0.005066 | electron momentum kIdx = 0
The 9-th iteration is completed.	|| time cost : 0h 0m 22.527s
********************************************************************************************************************
Start the 10 rounds of NGS-ED iteration
	effective electronic model is modified as: kinetic energy t = 0.975839, t' = -0.293168
	                                           effective interaction Vq = [-0.0999555,-0.0979972,-0.0962688,-0.0979972,-0.0979972,-0.0987565,-0.0990686,-0.0987565,-0.0962688,-0.0990686,-0.0999581,-0.0990686,-0.0979972,-0.0987565,-0.0990686,-0.0987565]
	PARPACK diagonalization completed after 30 matrix-vector product operations.
	iteration results: : total energy is -14.390161 | electron energy -14.395363 + phonon energy 0.005202 | electron momentum kIdx = 0
The 10-th iteration is completed.	|| time cost : 0h 0m 22.646s
********************************************************************************************************************
Start the 11 rounds of NGS-ED iteration
	effective electronic model is modified as: kinetic energy t = 0.975737, t' = -0.293143
	                                           effective interaction Vq = [-0.0999623,-0.0980424,-0.0963133,-0.0980424,-0.0980424,-0.0987983,-0.0991073,-0.0987983,-0.0963133,-0.0991073,-0.0999638,-0.0991073,-0.0980424,-0.0987983,-0.0991073,-0.0987983]
	PARPACK diagonalization completed after 30 matrix-vector product operations.
	iteration results: : total energy is -14.388322 | electron energy -14.393622 + phonon energy 0.005300 | electron momentum kIdx = 0
The 11-th iteration is completed.	|| time cost : 0h 0m 22.608s
********************************************************************************************************************
Start the 12 rounds of NGS-ED iteration
	effective electronic model is modified as: kinetic energy t = 0.975666, t' = -0.293125
	                                           effective interaction Vq = [-0.0999658,-0.0980733,-0.0963433,-0.0980733,-0.0980733, -0.098827,-0.0991339, -0.098827,-0.0963433,-0.0991339,-0.0999667,-0.0991339,-0.0980733, -0.098827,-0.0991339, -0.098827]
	PARPACK diagonalization completed after 30 matrix-vector product operations.
	iteration results: : total energy is -14.387015 | electron energy -14.392385 + phonon energy 0.005370 | electron momentum kIdx = 0
The 12-th iteration is completed.	|| time cost : 0h 0m 22.592s
********************************************************************************************************************
Start the 13 rounds of NGS-ED iteration
	effective electronic model is modified as: kinetic energy t = 0.975616, t' = -0.293112
	                                           effective interaction Vq = [-0.0999677,-0.0980945,-0.0963635,-0.0980945,-0.0980945,-0.0988468,-0.0991523,-0.0988468,-0.0963635,-0.0991523,-0.0999682,-0.0991523,-0.0980945,-0.0988468,-0.0991523,-0.0988468]
	PARPACK diagonalization completed after 30 matrix-vector product operations.
	iteration results: : total energy is -14.386089 | electron energy -14.391509 + phonon energy 0.005420 | electron momentum kIdx = 0
