SNEDics v3.2 diagonalization test program		Start at Sat May 11 19:01:58 2019

parallized on 60 MPI threads  * 4 OpenMP threads = 240 total threads.
************************************************************************************
************************************************************************************

Input file "model_params.in"
Hubbard-Holstein model parameters : 	t = 1    U = 3    g = 3.1623    W = 5    
************************************************************************************
Input file "hilbertspace_params.in"

Cluster Positions:				Cluster symmetry group : D4
 x ... x ... x ... x .....                       x ... x ... x ... x .....
 |           |           :                       |           |           :
 |           |           :                       |           |           :
12    13    14    15     x                       1     5     6     5     x
 |           |           :                       |           |           :
 |           |           :                       |           |           :
 8 --- 9 ---10 ---11 --- x                       2 --- 6 ---10 --- 6 --- x
 |           |           :                       |           |           :
 |           |           :                       |           |           :
 4     5     6     7     x                       1     5     6     5     x
 |           |           :                       |           |           :
 |           |           :                       |           |           :
 0 --- 1 --- 2 --- 3 --- x                       0 --- 1 --- 2 --- 1 --- x
orbital number : 1
************************************************************************************
** NOTE ** Detected low phonon energy W < 10. The initial state will be prepared through a warm-up process.
starting warm-up calculation for scaling factor 2
0 rounds of non-Gaussian ED iteration : ground-state energy is -15.6367 | electron energy -15.6367 + phonon energy 0 | electron momentum kIdx = 0
Nq = 	16	0.197474	0.272632	0.197474	0.197474	0.272632	0.377802	0.272632	0.272632	0.377802	0.449031	0.377802	0.197474	0.272632	0.377802	0.272632
Sq = 	4.02703e-18	0.422553	0.613841	0.422553	0.422553	0.613841	0.765373	0.613841	0.613841	0.765373	3.17932	0.765373	0.422553	0.613841	0.765373	0.613841
1 rounds of non-Gaussian ED iteration : ground-state energy is -50.809 | electron energy -50.812 + phonon energy 0.00300594 | electron momentum kIdx = 0
Nq = 	16	0.387365	0.71239	0.387365	0.387365	0.712391	0.627507	0.712391	0.712392	0.627507	0.864825	0.627507	0.387365	0.712391	0.627507	0.712391
Sq = 	1.71852e-18	0.368914	0.373576	0.368914	0.368914	0.373576	0.615503	0.373576	0.373576	0.615503	0.62221	0.615503	0.368914	0.373576	0.615503	0.373576
2 rounds of non-Gaussian ED iteration : ground-state energy is -56.3958 | electron energy -56.419 + phonon energy 0.0232122 | electron momentum kIdx = 0
Nq = 	16	0.405542	0.758779	0.405542	0.405542	0.758779	0.660327	0.758779	0.758779	0.660327	0.961167	0.660327	0.405542	0.758779	0.660327	0.758779
Sq = 	1.96966e-18	0.323706	0.355163	0.323706	0.323706	0.355163	0.552257	0.355163	0.355163	0.552257	0.587853	0.552257	0.323706	0.355163	0.552257	0.355163
3 rounds of non-Gaussian ED iteration : ground-state energy is -57.1214 | electron energy -57.1631 + phonon energy 0.0416592 | electron momentum kIdx = 0
Nq = 	16	0.409726	0.763165	0.409726	0.409727	0.763165	0.670038	0.763165	0.763165	0.670038	1.01999	0.670038	0.409727	0.763165	0.670038	0.763165
Sq = 	-3.18371e-18	0.313057	0.350057	0.313057	0.313057	0.350057	0.537665	0.350057	0.350057	0.537665	0.57873	0.537665	0.313057	0.350057	0.537665	0.350057
4 rounds of non-Gaussian ED iteration : ground-state energy is -57.2154 | electron energy -57.2658 + phonon energy 0.050429 | electron momentum kIdx = 0
Nq = 	16	0.410993	0.759383	0.410993	0.410993	0.759383	0.67336	0.759383	0.759383	0.67336	1.06919	0.67336	0.410993	0.759383	0.67336	0.759383
Sq = 	1.05259e-17	0.309586	0.348391	0.309586	0.309586	0.348391	0.533109	0.348391	0.348391	0.533109	0.575978	0.533109	0.309586	0.348391	0.533109	0.348391
5 rounds of non-Gaussian ED iteration : ground-state energy is -57.2279 | electron energy -57.2817 + phonon energy 0.0538668 | electron momentum kIdx = 0
Nq = 	16	0.411395	0.752839	0.411395	0.411395	0.752839	0.674497	0.752839	0.752839	0.674497	1.12103	0.674497	0.411395	0.752839	0.674497	0.752839
Sq = 	-8.47426e-18	0.308046	0.347706	0.308046	0.308046	0.347706	0.531236	0.347706	0.347706	0.531236	0.575005	0.531236	0.308046	0.347706	0.531236	0.347706
6 rounds of non-Gaussian ED iteration : ground-state energy is -57.2299 | electron energy -57.2851 + phonon energy 0.0552051 | electron momentum kIdx = 0
Nq = 	16	0.411395	0.742599	0.411395	0.411395	0.742599	0.674775	0.742599	0.742599	0.674775	1.19331	0.674775	0.411395	0.742599	0.674775	0.742599
Sq = 	8.03584e-19	0.306966	0.347289	0.306966	0.306967	0.347289	0.530061	0.347289	0.347289	0.530061	0.574564	0.530061	0.306967	0.347289	0.530061	0.347289
7 rounds of non-Gaussian ED iteration : ground-state energy is -57.231 | electron energy -57.2868 + phonon energy 0.0558295 | electron momentum kIdx = 0
Nq = 	16	0.41071	0.72102	0.41071	0.41071	0.72102	0.674237	0.72102	0.72102	0.674237	1.34151	0.674237	0.41071	0.72102	0.674237	0.72102
Sq = 	-3.6565e-18	0.305614	0.346836	0.305614	0.305614	0.346836	0.528719	0.346836	0.346836	0.528719	0.574231	0.528719	0.305614	0.346836	0.528719	0.346836
8 rounds of non-Gaussian ED iteration : ground-state energy is -57.2348 | electron energy -57.2912 + phonon energy 0.0563032 | electron momentum kIdx = 0
Nq = 	16	0.40494	0.638596	0.40494	0.40494	0.638596	0.668612	0.638596	0.638596	0.668612	1.90846	0.668612	0.40494	0.638596	0.668612	0.638596
Sq = 	-3.6853e-18	0.30285	0.345993	0.30285	0.30285	0.345993	0.526173	0.345993	0.345993	0.526173	0.573711	0.526173	0.30285	0.345993	0.526173	0.345993
9 rounds of non-Gaussian ED iteration : ground-state energy is -57.2702 | electron energy -57.327 + phonon energy 0.0568423 | electron momentum kIdx = 0
Nq = 	16	0.373918	0.41696	0.373918	0.373918	0.41696	0.637013	0.41696	0.41696	0.637013	3.49233	0.637013	0.373918	0.41696	0.637013	0.41696
Sq = 	3.60758e-18	0.302367	0.345671	0.302367	0.302367	0.345671	0.526386	0.345671	0.345671	0.526386	0.573153	0.526386	0.302367	0.345671	0.526386	0.345671
10 rounds of non-Gaussian ED iteration : ground-state energy is -57.34 | electron energy -57.3957 + phonon energy 0.0556499 | electron momentum kIdx = 0
Nq = 	16	0.359842	0.380383	0.359842	0.359842	0.380383	0.62219	0.380383	0.380383	0.62219	3.82753	0.62219	0.359842	0.380383	0.62219	0.380383
Sq = 	2.68209e-18	0.302003	0.345333	0.302003	0.302003	0.345333	0.526961	0.345333	0.345333	0.526961	0.574193	0.526961	0.302003	0.345333	0.526961	0.345333
11 rounds of non-Gaussian ED iteration : ground-state energy is -57.3535 | electron energy -57.4079 + phonon energy 0.0543965 | electron momentum kIdx = 0
Nq = 	16	0.356508	0.376136	0.356508	0.356508	0.376136	0.61852	0.376136	0.376136	0.61852	3.88494	0.61852	0.356508	0.376136	0.61852	0.376136
Sq = 	-1.7036e-18	0.3013	0.345087	0.3013	0.3013	0.345087	0.526841	0.345087	0.345087	0.526841	0.575045	0.526841	0.3013	0.345087	0.526841	0.345087
12 rounds of non-Gaussian ED iteration : ground-state energy is -57.3551 | electron energy -57.4089 + phonon energy 0.0537826 | electron momentum kIdx = 0
Nq = 	16	0.355408	0.374929	0.355408	0.355408	0.374929	0.617249	0.374929	0.374929	0.617249	3.90316	0.617249	0.355408	0.374929	0.617249	0.374929
Sq = 	2.8303e-18	0.301033	0.345002	0.301033	0.301033	0.345002	0.526787	0.345002	0.345002	0.526787	0.575352	0.526787	0.301033	0.345002	0.526787	0.345002
Ground state is obtained after 13 iterations. The current ground-state energy is -57.3553, in which electron energy is -57.4088 and phonon energy is 0.053548
final variational state is: 
Gamma_x =       1 1.01871 1.02903 1.01871 1.01871 1.02903 1.04534 1.02903 1.02903 1.04534 1.08893 1.04534 1.01871 1.02903 1.04534 1.02903
lambda_q = 0.447216 0.378719 0.333994 0.378719 0.378719 0.333994 0.342679 0.333994 0.333994 0.342679 0.420724 0.342679 0.378719 0.333994 0.342679 0.333994
o___o  -------------------------------------
| L |	Time since last clock: 1h 21m 20.216s
A===A	Time since the beginning: 1h 21m 20.216s
********************************************

************************************************************************************
Warm up completed
o___o  -------------------------------------
| L |	Time since last clock: 0h 0m 0.044s
A===A	Time since the beginning: 1h 21m 20.261s
********************************************

************************************************************************************
0 rounds of non-Gaussian ED iteration : ground-state energy is -51.9724 | electron energy -51.9992 + phonon energy 0.026774 | electron momentum kIdx = 0
Nq = 	16	0.350717	0.36439	0.350717	0.350717	0.36439	0.590547	0.36439	0.36439	0.590547	3.67389	0.590547	0.350717	0.36439	0.590547	0.36439
Sq = 	5.42798e-18	0.328989	0.360332	0.328989	0.328989	0.360332	0.572037	0.360332	0.360332	0.572037	0.608618	0.572037	0.328989	0.360332	0.572037	0.360332
1 rounds of non-Gaussian ED iteration : ground-state energy is -54.1648 | electron energy -54.2479 + phonon energy 0.0831191 | electron momentum kIdx = 0
Nq = 	16	0.338661	0.359975	0.338661	0.338661	0.359975	0.578538	0.359975	0.359975	0.578538	4.05801	0.578538	0.338661	0.359975	0.578538	0.359975
Sq = 	-2.9569e-18	0.308107	0.350993	0.308107	0.308107	0.350993	0.545174	0.350993	0.350993	0.545174	0.594262	0.545174	0.308107	0.350993	0.545174	0.350993
2 rounds of non-Gaussian ED iteration : ground-state energy is -54.9605 | electron energy -55.0871 + phonon energy 0.126645 | electron momentum kIdx = 0
Nq = 	16	0.332232	0.357531	0.332232	0.332232	0.357531	0.572264	0.357531	0.357531	0.572264	4.24549	0.572264	0.332232	0.357531	0.572264	0.357531
Sq = 	-6.37026e-18	0.298722	0.34632	0.298722	0.298722	0.34632	0.532912	0.34632	0.34632	0.532912	0.586879	0.532912	0.298722	0.34632	0.532912	0.34632
3 rounds of non-Gaussian ED iteration : ground-state energy is -55.2454 | electron energy -55.3994 + phonon energy 0.153976 | electron momentum kIdx = 0
Nq = 	16	0.329371	0.356439	0.329371	0.329371	0.356439	0.569515	0.356439	0.356439	0.569515	4.32913	0.569515	0.329371	0.356439	0.569515	0.356439
Sq = 	-3.18705e-18	0.294612	0.344167	0.294612	0.294612	0.344167	0.527461	0.344167	0.344167	0.527461	0.583399	0.527461	0.294612	0.344167	0.527461	0.344167
4 rounds of non-Gaussian ED iteration : ground-state energy is -55.3469 | electron energy -55.5167 + phonon energy 0.169761 | electron momentum kIdx = 0
Nq = 	16	0.328127	0.355971	0.328127	0.328127	0.355971	0.568342	0.355971	0.355971	0.568342	4.36648	0.568342	0.328127	0.355971	0.568342	0.355971
Sq = 	-3.01066e-18	0.292767	0.343176	0.292767	0.292767	0.343176	0.524982	0.343176	0.343176	0.524982	0.581766	0.524982	0.292767	0.343176	0.524982	0.343176
5 rounds of non-Gaussian ED iteration : ground-state energy is -55.3831 | electron energy -55.5616 + phonon energy 0.178495 | electron momentum kIdx = 0
Nq = 	16	0.327557	0.35576	0.327557	0.327557	0.35576	0.567812	0.35576	0.35576	0.567812	4.38394	0.567812	0.327557	0.35576	0.567812	0.35576
Sq = 	4.68321e-19	0.291898	0.342704	0.291898	0.291898	0.342704	0.523807	0.342704	0.342704	0.523807	0.580978	0.523807	0.291898	0.342704	0.523807	0.342704
6 rounds of non-Gaussian ED iteration : ground-state energy is -55.3961 | electron energy -55.5793 + phonon energy 0.183209 | electron momentum kIdx = 0
Nq = 	16	0.327277	0.355658	0.327277	0.327277	0.355658	0.567552	0.355658	0.355658	0.567552	4.39255	0.567552	0.327277	0.355658	0.567552	0.355658
Sq = 	-1.52865e-17	0.291469	0.34247	0.291469	0.291469	0.34247	0.523225	0.34247	0.34247	0.523225	0.580586	0.523225	0.291469	0.34247	0.523225	0.34247
7 rounds of non-Gaussian ED iteration : ground-state energy is -55.4007 | electron energy -55.5865 + phonon energy 0.185716 | electron momentum kIdx = 0
Nq = 	16	0.327131	0.355605	0.327131	0.327131	0.355605	0.567414	0.355605	0.355605	0.567414	4.39698	0.567414	0.327131	0.355605	0.567414	0.355605
Sq = 	1.6965e-18	0.291251	0.34235	0.291251	0.291251	0.34235	0.522929	0.34235	0.34235	0.522929	0.580387	0.522929	0.291251	0.34235	0.522929	0.34235
8 rounds of non-Gaussian ED iteration : ground-state energy is -55.4024 | electron energy -55.5895 + phonon energy 0.187038 | electron momentum kIdx = 0
Nq = 	16	0.327051	0.355576	0.327051	0.327051	0.355576	0.567337	0.355576	0.355576	0.567337	4.39933	0.567337	0.327051	0.355576	0.567337	0.355576
Sq = 	9.18914e-18	0.291136	0.342288	0.291136	0.291136	0.342288	0.522776	0.342288	0.342288	0.522776	0.580283	0.522776	0.291136	0.342288	0.522776	0.342288
9 rounds of non-Gaussian ED iteration : ground-state energy is -55.403 | electron energy -55.5908 + phonon energy 0.187731 | electron momentum kIdx = 0
Nq = 	16	0.327007	0.35556	0.327007	0.327007	0.35556	0.567293	0.35556	0.35556	0.567293	4.4006	0.567293	0.327007	0.35556	0.567293	0.35556
Sq = 	-9.38187e-18	0.291076	0.342255	0.291076	0.291076	0.342255	0.522695	0.342255	0.342255	0.522695	0.580229	0.522695	0.291076	0.342255	0.522695	0.342255
10 rounds of non-Gaussian ED iteration : ground-state energy is -55.4033 | electron energy -55.5913 + phonon energy 0.188093 | electron momentum kIdx = 0
Nq = 	16	0.326982	0.35555	0.326982	0.326982	0.35555	0.567267	0.35555	0.35555	0.567267	4.40129	0.567267	0.326982	0.35555	0.567267	0.35555
Sq = 	8.41899e-18	0.291044	0.342238	0.291044	0.291044	0.342238	0.522652	0.342238	0.342238	0.522652	0.580201	0.522652	0.291044	0.342238	0.522652	0.342238
11 rounds of non-Gaussian ED iteration : ground-state energy is -55.4033 | electron energy -55.5916 + phonon energy 0.188281 | electron momentum kIdx = 0
Nq = 	16	0.326967	0.355545	0.326967	0.326967	0.355545	0.567252	0.355545	0.355545	0.567252	4.40167	0.567252	0.326967	0.355545	0.567252	0.355545
Sq = 	1.69425e-18	0.291027	0.342229	0.291027	0.291027	0.342229	0.52263	0.342229	0.342229	0.52263	0.580186	0.52263	0.291027	0.342229	0.52263	0.342229
12 rounds of non-Gaussian ED iteration : ground-state energy is -55.4034 | electron energy -55.5917 + phonon energy 0.188379 | electron momentum kIdx = 0
Nq = 	16	0.326959	0.355542	0.326959	0.326959	0.355542	0.567243	0.355542	0.355542	0.567243	4.40188	0.567243	0.326959	0.355542	0.567243	0.355542
Sq = 	1.16148e-17	0.291017	0.342224	0.291017	0.291017	0.342224	0.522618	0.342224	0.342224	0.522618	0.580178	0.522618	0.291017	0.342224	0.522618	0.342224
13 rounds of non-Gaussian ED iteration : ground-state energy is -55.4034 | electron energy -55.5918 + phonon energy 0.18843 | electron momentum kIdx = 0
Nq = 	16	0.326954	0.35554	0.326954	0.326954	0.35554	0.567237	0.35554	0.35554	0.567237	4.402	0.567237	0.326954	0.35554	0.567237	0.35554
Sq = 	-5.851e-18	0.291012	0.342221	0.291012	0.291012	0.342221	0.522611	0.342221	0.342221	0.522611	0.580174	0.522611	0.291012	0.342221	0.522611	0.342221
14 rounds of non-Gaussian ED iteration : ground-state energy is -55.4034 | electron energy -55.5918 + phonon energy 0.188456 | electron momentum kIdx = 0
Nq = 	16	0.326951	0.355539	0.326951	0.326951	0.355539	0.567234	0.355539	0.355539	0.567234	4.40206	0.567234	0.326951	0.355539	0.567234	0.355539
Sq = 	2.52623e-18	0.291009	0.34222	0.291009	0.291009	0.34222	0.522608	0.34222	0.34222	0.522608	0.580172	0.522608	0.291009	0.34222	0.522608	0.34222
15 rounds of non-Gaussian ED iteration : ground-state energy is -55.4034 | electron energy -55.5919 + phonon energy 0.18847 | electron momentum kIdx = 0
Nq = 	16	0.326949	0.355539	0.326949	0.326949	0.355539	0.567232	0.355539	0.355539	0.567232	4.4021	0.567232	0.326949	0.355539	0.567232	0.355539
Sq = 	-1.85846e-18	0.291008	0.342219	0.291008	0.291008	0.342219	0.522606	0.342219	0.342219	0.522606	0.580171	0.522606	0.291008	0.342219	0.522606	0.342219
Ground state is obtained after 16 iterations. The current ground-state energy is -55.4034, in which electron energy is -55.5919 and phonon energy is 0.188476
final variational state is: 
Gamma_x =       1 1.05254 1.07044 1.05254 1.05254 1.07044 1.11186 1.07044 1.07044 1.11186 1.29565 1.11186 1.05254 1.07044 1.11186 1.07044
lambda_q = 0.632398 0.463394 0.381048 0.463394 0.463394 0.381048 0.395976 0.381048 0.381048 0.395976 0.581271 0.395976 0.463394 0.381048 0.395976 0.381048
o___o  -------------------------------------
| L |	Time since last clock: 1h 36m 54.441s
A===A	Time since the beginning: 2h 58m 14.703s
********************************************

************************************************************************************
