SNEDics v3.4 Non-Gaussian ED ground state program		Start at Sat Sep 28 12:28:44 2019

parallized on 16 MPI threads  * 8 OpenMP threads = 128 total threads.
********************************************************************************************************************
********************************************************************************************************************

********************************************************************************************************************
System parameters and configurations
********************************************************************************************************************
Special program options are enabled: splitted diagonal Hamiltonian
********************************************************************************************************************
Read input file "model_params.in"
	Hubbard-Holstein model parameters : 	t = 1    U = 6    g = 3.1623    W = 5    
********************************************************************************************************************
Read input file "hilbertspace_params.in"
	Requested 16-site 2D lattice, with 10 electrons (5, 5)
	Boundary : Periodic		Hilbert space representation : momentum-space (restricted to kIdx = 0)
	Conservation: particle number[U(1)]      spin[U(1)]     momentum
********************************************************************************************************************

Cluster Positions:				Cluster symmetry group : D4
 x ... x ... x ... x .....                       x ... x ... x ... x .....
 |           |           :                       |           |           :
 |           |           :                       |           |           :
12    13    14    15     x                       1     5     6     5     x
 |           |           :                       |           |           :
 |           |           :                       |           |           :
 8 --- 9 ---10 ---11 --- x                       2 --- 6 ---10 --- 6 --- x
 |           |           :                       |           |           :
 |           |           :                       |           |           :
 4     5     6     7     x                       1     5     6     5     x
 |           |           :                       |           |           :
 |           |           :                       |           |           :
 0 --- 1 --- 2 --- 3 --- x                       0 --- 1 --- 2 --- 1 --- x
orbital number : 1
********************************************************************************************************************
Read input file "obs_params.in"
	Observable Type : Nq(All),   Sq(All),   N(All),   Delta[s](All),   Delta[d](All),   Delta[s+](All)
********************************************************************************************************************
** WARNING ** the input observables have non-local factors which have been reinterpreted. The total observable number is 96
********************************************************************************************************************


********************************************************************************************************************
Start calculating the non-Gaussian ED ground state
** WARNING ** Detected low phonon energy W < 10. The initial state will be prepared through a warm-up process.
********************************************************************************************************************
Start warm-up calculation for scaling factor 2
open output files: NGSEDWarmUpW10Obs.txt
********************************************************************************************************************
Start the 0 rounds of NGS-ED iteration
	effective electronic model is modified as: kinetic energy t = 1
	                                           effective interaction Vq = [-0,-0,-0,-0,-0,-0,-0,-0,-0,-0,-0,-0,-0,-0,-0,-0]
	first Hamiltonian is constructed, non-zero numbers = 242521378
	PARPACK diagonalization completed after 60 matrix-vector product operations.
	iteration results: : total energy is -18.358365 | electron energy -18.358365 + phonon energy 0.000000 | electron momentum kIdx = 0
	Nq(0) = 6.25,	Nq(1) = 0.235052,	Nq(2) = 0.294071,	Nq(3) = 0.235052,	Nq(4) = 0.235052,	Nq(5) = 0.294071,	Nq(6) = 0.395925,	Nq(7) = 0.294071,	Nq(8) = 0.294071,	Nq(9) = 0.395925,	Nq(10) = 0.469567,	Nq(11) = 0.395925,	Nq(12) = 0.235052,	Nq(13) = 0.294071,	Nq(14) = 0.395925,	Nq(15) = 0.294071,	Sq(0) = 6.42618e-20,	Sq(1) = 0.500855,	Sq(2) = 0.439219,	Sq(3) = 0.500855,	Sq(4) = 0.500855,	Sq(5) = 0.439219,	Sq(6) = 0.9013,	Sq(7) = 0.439219,	Sq(8) = 0.439219,	Sq(9) = 0.9013,	Sq(10) = 0.748164,	Sq(11) = 0.9013,	Sq(12) = 0.500855,	Sq(13) = 0.439219,	Sq(14) = 0.9013,	Sq(15) = 0.439219,	N(0) = 1.88862,	N(1) = 1.79427,	N(2) = 0.119607,	N(3) = 1.79427,	N(4) = 1.79427,	N(5) = 0.119607,	N(6) = 0.0425139,	N(7) = 0.119607,	N(8) = 0.119607,	N(9) = 0.0425139,	N(10) = 0.0466098,	N(11) = 0.0425139,	N(12) = 1.79427,	N(13) = 0.119607,	N(14) = 0.0425139,	N(15) = 0.119607,	Delta[s](0) = 0.0774962,	Delta[s](1) = 0.0472185,	Delta[s](2) = 0.0339028,	Delta[s](3) = 0.0472185,	Delta[s](4) = 0.0472185,	Delta[s](5) = 0.0339028,	Delta[s](6) = 0.00700048,	Delta[s](7) = 0.0339028,	Delta[s](8) = 0.0339028,	Delta[s](9) = 0.00700048,	Delta[s](10) = 0.00616022,	Delta[s](11) = 0.00700048,	Delta[s](12) = 0.0472185,	Delta[s](13) = 0.0339028,	Delta[s](14) = 0.00700048,	Delta[s](15) = 0.0339028,	Delta[d](0) = 0.205181,	Delta[d](1) = 0.08787,	Delta[d](2) = 0.149803,	Delta[d](3) = 0.08787,	Delta[d](4) = 0.08787,	Delta[d](5) = 0.10336,	Delta[d](6) = 0.0320564,	Delta[d](7) = 0.10336,	Delta[d](8) = 0.149803,	Delta[d](9) = 0.0320564,	Delta[d](10) = 0.0185697,	Delta[d](11) = 0.0320564,	Delta[d](12) = 0.08787,	Delta[d](13) = 0.10336,	Delta[d](14) = 0.0320564,	Delta[d](15) = 0.10336,	Delta[s+](0) = 0.546963,	Delta[s+](1) = 0.334296,	Delta[s+](2) = 0.149803,	Delta[s+](3) = 0.334296,	Delta[s+](4) = 0.334296,	Delta[s+](5) = 0.149803,	Delta[s+](6) = 0.01401,	Delta[s+](7) = 0.149803,	Delta[s+](8) = 0.149803,	Delta[s+](9) = 0.01401,	Delta[s+](10) = 0.00446626,	Delta[s+](11) = 0.01401,	Delta[s+](12) = 0.334296,	Delta[s+](13) = 0.149803,	Delta[s+](14) = 0.01401,	Delta[s+](15) = 0.149803
The 0-th iteration is completed.	|| time cost : 0h 0m 45.509s
********************************************************************************************************************
Start the 1 rounds of NGS-ED iteration
	effective electronic model is modified as: kinetic energy t = 0.945894
	                                           effective interaction Vq = [-1.72935,-1.62334,-1.56105,-1.62334,-1.62334,-1.56105,-1.54301,-1.56105,-1.56105,-1.54301,-1.52114,-1.54301,-1.62334,-1.56105,-1.54301,-1.56105]
	PARPACK diagonalization completed after 30 matrix-vector product operations.
	iteration results: : total energy is -35.928912 | electron energy -35.931864 + phonon energy 0.002952 | electron momentum kIdx = 0
The 1-th iteration is completed.	|| time cost : 0h 0m 39.086s
********************************************************************************************************************
Start the 2 rounds of NGS-ED iteration
	effective electronic model is modified as: kinetic energy t = 0.915356
	                                           effective interaction Vq = [ -1.9634,-1.86711,-1.78159,-1.86711,-1.86711,-1.78159,-1.77384,-1.78159,-1.78159,-1.77384,-1.73365,-1.77384,-1.86711,-1.78159,-1.77384,-1.78159]
	PARPACK diagonalization completed after 30 matrix-vector product operations.
	iteration results: : total energy is -37.946408 | electron energy -37.964398 + phonon energy 0.017990 | electron momentum kIdx = 0
The 2-th iteration is completed.	|| time cost : 0h 0m 2.344s
********************************************************************************************************************
Start the 3 rounds of NGS-ED iteration
	effective electronic model is modified as: kinetic energy t = 0.905744
	                                           effective interaction Vq = [-1.99507,-1.91889,-1.82907,-1.91889,-1.91889,-1.82907,-1.82591,-1.82907,-1.82907,-1.82591,-1.77947,-1.82591,-1.91889,-1.82907,-1.82591,-1.82907]
	PARPACK diagonalization completed after 30 matrix-vector product operations.
	iteration results: : total energy is -38.193159 | electron energy -38.221840 + phonon energy 0.028681 | electron momentum kIdx = 0
The 3-th iteration is completed.	|| time cost : 0h 0m 2.291s
********************************************************************************************************************
Start the 4 rounds of NGS-ED iteration
	effective electronic model is modified as: kinetic energy t = 0.902908
	                                           effective interaction Vq = [-1.99936,-1.93262, -1.8413,-1.93262,-1.93262, -1.8413,-1.83983, -1.8413, -1.8413,-1.83983, -1.7911,-1.83983,-1.93262, -1.8413,-1.83983, -1.8413]
	PARPACK diagonalization completed after 30 matrix-vector product operations.
	iteration results: : total energy is -38.224269 | electron energy -38.257115 + phonon energy 0.032846 | electron momentum kIdx = 0
The 4-th iteration is completed.	|| time cost : 0h 0m 2.29s
********************************************************************************************************************
Start the 5 rounds of NGS-ED iteration
	effective electronic model is modified as: kinetic energy t = 0.902079
	                                           effective interaction Vq = [-1.99994,-1.93666,-1.84465,-1.93666,-1.93666,-1.84465,-1.84379,-1.84465,-1.84465,-1.84379,-1.79421,-1.84379,-1.93666,-1.84465,-1.84379,-1.84465]
	PARPACK diagonalization completed after 30 matrix-vector product operations.
	iteration results: : total energy is -38.228279 | electron energy -38.262464 + phonon energy 0.034185 | electron momentum kIdx = 0
The 5-th iteration is completed.	|| time cost : 0h 0m 2.302s
********************************************************************************************************************
Start the 6 rounds of NGS-ED iteration
	effective electronic model is modified as: kinetic energy t = 0.901837
	                                           effective interaction Vq = [-2.00002,-1.93791,-1.84558,-1.93791,-1.93791,-1.84558,-1.84493,-1.84558,-1.84558,-1.84493,-1.79505,-1.84493,-1.93791,-1.84558,-1.84493,-1.84558]
	PARPACK diagonalization completed after 30 matrix-vector product operations.
	iteration results: : total energy is -38.228804 | electron energy -38.263392 + phonon energy 0.034588 | electron momentum kIdx = 0
The 6-th iteration is completed.	|| time cost : 0h 0m 2.305s
********************************************************************************************************************
Start the 7 rounds of NGS-ED iteration
	effective electronic model is modified as: kinetic energy t = 0.901766
	                                           effective interaction Vq = [-2.00003,-1.93829,-1.84584,-1.93829,-1.93829,-1.84584,-1.84527,-1.84584,-1.84584,-1.84527,-1.79528,-1.84527,-1.93829,-1.84584,-1.84527,-1.84584]
	PARPACK diagonalization completed after 30 matrix-vector product operations.
	iteration results: : total energy is -38.228874 | electron energy -38.263580 + phonon energy 0.034706 | electron momentum kIdx = 0
	Nq(0) = 6.25,	Nq(1) = 0.303374,	Nq(2) = 0.332956,	Nq(3) = 0.303374,	Nq(4) = 0.303374,	Nq(5) = 0.332956,	Nq(6) = 0.491889,	Nq(7) = 0.332956,	Nq(8) = 0.332956,	Nq(9) = 0.491889,	Nq(10) = 0.533336,	Nq(11) = 0.491889,	Nq(12) = 0.303374,	Nq(13) = 0.332956,	Nq(14) = 0.491889,	Nq(15) = 0.332956,	Sq(0) = -1.31421e-17,	Sq(1) = 0.445814,	Sq(2) = 0.411114,	Sq(3) = 0.445814,	Sq(4) = 0.445814,	Sq(5) = 0.411114,	Sq(6) = 0.769133,	Sq(7) = 0.411114,	Sq(8) = 0.411114,	Sq(9) = 0.769133,	Sq(10) = 0.711403,	Sq(11) = 0.769133,	Sq(12) = 0.445814,	Sq(13) = 0.411114,	Sq(14) = 0.769133,	Sq(15) = 0.411114,	N(0) = 1.9745,	N(1) = 1.94418,	N(2) = 0.031878,	N(3) = 1.94418,	N(4) = 1.94418,	N(5) = 0.031878,	N(6) = 0.0113254,	N(7) = 0.031878,	N(8) = 0.031878,	N(9) = 0.0113254,	N(10) = 0.0122021,	N(11) = 0.0113254,	N(12) = 1.94418,	N(13) = 0.031878,	N(14) = 0.0113254,	N(15) = 0.031878,	Delta[s](0) = 0.137621,	Delta[s](1) = 0.0802466,	Delta[s](2) = 0.0693861,	Delta[s](3) = 0.0802466,	Delta[s](4) = 0.0802466,	Delta[s](5) = 0.0693861,	Delta[s](6) = 0.0215266,	Delta[s](7) = 0.0693861,	Delta[s](8) = 0.0693861,	Delta[s](9) = 0.0215266,	Delta[s](10) = 0.0200315,	Delta[s](11) = 0.0215266,	Delta[s](12) = 0.0802466,	Delta[s](13) = 0.0693861,	Delta[s](14) = 0.0215266,	Delta[s](15) = 0.0693861,	Delta[d](0) = 0.220251,	Delta[d](1) = 0.0800422,	Delta[d](2) = 0.144259,	Delta[d](3) = 0.0800422,	Delta[d](4) = 0.0800422,	Delta[d](5) = 0.116343,	Delta[d](6) = 0.0249923,	Delta[d](7) = 0.116343,	Delta[d](8) = 0.144259,	Delta[d](9) = 0.0249923,	Delta[d](10) = 0.017186,	Delta[d](11) = 0.0249923,	Delta[d](12) = 0.0800422,	Delta[d](13) = 0.116343,	Delta[d](14) = 0.0249923,	Delta[d](15) = 0.116343,	Delta[s+](0) = 0.529122,	Delta[s+](1) = 0.328314,	Delta[s+](2) = 0.144259,	Delta[s+](3) = 0.328314,	Delta[s+](4) = 0.328314,	Delta[s+](5) = 0.144259,	Delta[s+](6) = 0.0141155,	Delta[s+](7) = 0.144259,	Delta[s+](8) = 0.144259,	Delta[s+](9) = 0.0141155,	Delta[s+](10) = 0.00425329,	Delta[s+](11) = 0.0141155,	Delta[s+](12) = 0.328314,	Delta[s+](13) = 0.144259,	Delta[s+](14) = 0.0141155,	Delta[s+](15) = 0.144259
The 7-th iteration is completed.	|| time cost : 0h 0m 21.758s
********************************************************************************************************************
********************************************************************************************************************
Ground state is obtained after 8 iterations. The current ground-state energy is -38.2289, in which electron energy is -38.2636 and phonon energy is 0.0347063
final variational state is: 
	Gamma_x = [      1, 1.0177,1.02706, 1.0177, 1.0177,1.02706,1.04027,1.02706,1.02706,1.04027,1.04748,1.04027, 1.0177,1.02706,1.04027,1.02706]
	lambda_q = [0.447067,0.368723,0.323076,0.368723,0.368723,0.323076,0.322853,0.323076,0.323076,0.322853,0.304149,0.322853,0.368723,0.323076,0.322853,0.323076]
********************************************************************************************************************
o___o  ----------------------------------------
| L |	Time since last clock: 0h 0m 0s
A===A	Time since the beginning: 0h 1m 57.888s
***********************************************


********************************************************************************************************************
Warm up runs have been completed. Start calculating W = 5 phonon.
open output files: NGSEDIterationObs.txt
********************************************************************************************************************
Start the 0 rounds of NGS-ED iteration
	effective electronic model is modified as: kinetic energy t = 0.901745
	                                           effective interaction Vq = [-1.82817,-1.65224,-1.52143,-1.65224,-1.65224,-1.52143,-1.52075,-1.52143,-1.52143,-1.52075,-1.46109,-1.52075,-1.65224,-1.52143,-1.52075,-1.52143]
	PARPACK diagonalization completed after 30 matrix-vector product operations.
	iteration results: : total energy is -35.399753 | electron energy -35.417124 + phonon energy 0.017370 | electron momentum kIdx = 0
	Nq(0) = 6.25,	Nq(1) = 0.288258,	Nq(2) = 0.322731,	Nq(3) = 0.288258,	Nq(4) = 0.288258,	Nq(5) = 0.322731,	Nq(6) = 0.465043,	Nq(7) = 0.322731,	Nq(8) = 0.322731,	Nq(9) = 0.465043,	Nq(10) = 0.51421,	Nq(11) = 0.465043,	Nq(12) = 0.288258,	Nq(13) = 0.322731,	Nq(14) = 0.465043,	Nq(15) = 0.322731,	Sq(0) = -2.52326e-17,	Sq(1) = 0.459747,	Sq(2) = 0.418689,	Sq(3) = 0.459747,	Sq(4) = 0.459747,	Sq(5) = 0.418689,	Sq(6) = 0.801883,	Sq(7) = 0.418689,	Sq(8) = 0.418689,	Sq(9) = 0.801883,	Sq(10) = 0.727547,	Sq(11) = 0.801883,	Sq(12) = 0.459747,	Sq(13) = 0.418689,	Sq(14) = 0.801883,	Sq(15) = 0.418689,	N(0) = 1.95988,	N(1) = 1.91644,	N(2) = 0.0476717,	N(3) = 1.91644,	N(4) = 1.91644,	N(5) = 0.0476717,	N(6) = 0.0173742,	N(7) = 0.0476717,	N(8) = 0.0476717,	N(9) = 0.0173742,	N(10) = 0.0188338,	N(11) = 0.0173742,	N(12) = 1.91644,	N(13) = 0.0476717,	N(14) = 0.0173742,	N(15) = 0.0476717,	Delta[s](0) = 0.115778,	Delta[s](1) = 0.0707933,	Delta[s](2) = 0.0593834,	Delta[s](3) = 0.0707933,	Delta[s](4) = 0.0707933,	Delta[s](5) = 0.0593834,	Delta[s](6) = 0.0206854,	Delta[s](7) = 0.0593834,	Delta[s](8) = 0.0593834,	Delta[s](9) = 0.0206854,	Delta[s](10) = 0.0189068,	Delta[s](11) = 0.0206854,	Delta[s](12) = 0.0707933,	Delta[s](13) = 0.0593834,	Delta[s](14) = 0.0206854,	Delta[s](15) = 0.0593834,	Delta[d](0) = 0.21854,	Delta[d](1) = 0.0860326,	Delta[d](2) = 0.150365,	Delta[d](3) = 0.0860326,	Delta[d](4) = 0.0860326,	Delta[d](5) = 0.115931,	Delta[d](6) = 0.0309042,	Delta[d](7) = 0.115931,	Delta[d](8) = 0.150365,	Delta[d](9) = 0.0309042,	Delta[d](10) = 0.0203987,	Delta[d](11) = 0.0309042,	Delta[d](12) = 0.0860326,	Delta[d](13) = 0.115931,	Delta[d](14) = 0.0309042,	Delta[d](15) = 0.115931,	Delta[s+](0) = 0.543941,	Delta[s+](1) = 0.337111,	Delta[s+](2) = 0.150365,	Delta[s+](3) = 0.337111,	Delta[s+](4) = 0.337111,	Delta[s+](5) = 0.150365,	Delta[s+](6) = 0.0170597,	Delta[s+](7) = 0.150365,	Delta[s+](8) = 0.150365,	Delta[s+](9) = 0.0170597,	Delta[s+](10) = 0.00519542,	Delta[s+](11) = 0.0170597,	Delta[s+](12) = 0.337111,	Delta[s+](13) = 0.150365,	Delta[s+](14) = 0.0170597,	Delta[s+](15) = 0.150365
The 0-th iteration is completed.	|| time cost : 0h 0m 20.997s
********************************************************************************************************************
Start the 1 rounds of NGS-ED iteration
	effective electronic model is modified as: kinetic energy t = 0.891051
	                                           effective interaction Vq = [-1.93681,-1.74436,-1.58439,-1.74436,-1.74436,-1.58439,-1.57912,-1.58439,-1.58439,-1.57912,-1.50805,-1.57912,-1.74436,-1.58439,-1.57912,-1.58439]
	PARPACK diagonalization completed after 30 matrix-vector product operations.
	iteration results: : total energy is -36.163188 | electron energy -36.212553 + phonon energy 0.049365 | electron momentum kIdx = 0
The 1-th iteration is completed.	|| time cost : 0h 0m 2.321s
********************************************************************************************************************
Start the 2 rounds of NGS-ED iteration
	effective electronic model is modified as: kinetic energy t = 0.885261
	                                           effective interaction Vq = [-1.97677,-1.78815, -1.6143,-1.78815,-1.78815, -1.6143,-1.60885, -1.6143, -1.6143,-1.60885,-1.53239,-1.60885,-1.78815, -1.6143,-1.60885, -1.6143]
	PARPACK diagonalization completed after 30 matrix-vector product operations.
	iteration results: : total energy is -36.435867 | electron energy -36.506983 + phonon energy 0.071116 | electron momentum kIdx = 0
The 2-th iteration is completed.	|| time cost : 0h 0m 2.3s
********************************************************************************************************************
Start the 3 rounds of NGS-ED iteration
	effective electronic model is modified as: kinetic energy t = 0.882202
	                                           effective interaction Vq = [-1.99147,-1.80996,-1.62886,-1.80996,-1.80996,-1.62886,-1.62407,-1.62886,-1.62886,-1.62407,-1.54475,-1.62407,-1.80996,-1.62886,-1.62407,-1.62886]
	PARPACK diagonalization completed after 30 matrix-vector product operations.
	iteration results: : total energy is -36.533980 | electron energy -36.617516 + phonon energy 0.083535 | electron momentum kIdx = 0
The 3-th iteration is completed.	|| time cost : 0h 0m 2.297s
********************************************************************************************************************
Start the 4 rounds of NGS-ED iteration
	effective electronic model is modified as: kinetic energy t = 0.880606
	                                           effective interaction Vq = [-1.99688,-1.82117,-1.63605,-1.82117,-1.82117,-1.63605,-1.63188,-1.63605,-1.63605,-1.63188,-1.55098,-1.63188,-1.82117,-1.63605,-1.63188,-1.63605]
	PARPACK diagonalization completed after 30 matrix-vector product operations.
	iteration results: : total energy is -36.569480 | electron energy -36.659704 + phonon energy 0.090224 | electron momentum kIdx = 0
The 4-th iteration is completed.	|| time cost : 0h 0m 2.341s
********************************************************************************************************************
Start the 5 rounds of NGS-ED iteration
	effective electronic model is modified as: kinetic energy t = 0.879777
	                                           effective interaction Vq = [-1.99887,-1.82702,-1.63961,-1.82702,-1.82702,-1.63961, -1.6359,-1.63961,-1.63961, -1.6359, -1.5541, -1.6359,-1.82702,-1.63961, -1.6359,-1.63961]
	PARPACK diagonalization completed after 30 matrix-vector product operations.
	iteration results: : total energy is -36.582378 | electron energy -36.676117 + phonon energy 0.093739 | electron momentum kIdx = 0
The 5-th iteration is completed.	|| time cost : 0h 0m 2.33s
********************************************************************************************************************
Start the 6 rounds of NGS-ED iteration
	effective electronic model is modified as: kinetic energy t = 0.879349
	                                           effective interaction Vq = [ -1.9996,-1.83011,-1.64139,-1.83011,-1.83011,-1.64139,-1.63797,-1.64139,-1.64139,-1.63797,-1.55565,-1.63797,-1.83011,-1.64139,-1.63797,-1.64139]
	PARPACK diagonalization completed after 30 matrix-vector product operations.
	iteration results: : total energy is -36.587080 | electron energy -36.682645 + phonon energy 0.095565 | electron momentum kIdx = 0
The 6-th iteration is completed.	|| time cost : 0h 0m 2.327s
********************************************************************************************************************
Start the 7 rounds of NGS-ED iteration
	effective electronic model is modified as: kinetic energy t = 0.879127
	                                           effective interaction Vq = [-1.99987,-1.83175,-1.64228,-1.83175,-1.83175,-1.64228,-1.63903,-1.64228,-1.64228,-1.63903,-1.55642,-1.63903,-1.83175,-1.64228,-1.63903,-1.64228]
	PARPACK diagonalization completed after 30 matrix-vector product operations.
	iteration results: : total energy is -36.588798 | electron energy -36.685306 + phonon energy 0.096509 | electron momentum kIdx = 0
The 7-th iteration is completed.	|| time cost : 0h 0m 2.33s
********************************************************************************************************************
Start the 8 rounds of NGS-ED iteration
	effective electronic model is modified as: kinetic energy t = 0.879012
	                                           effective interaction Vq = [-1.99997,-1.83263,-1.64272,-1.83263,-1.83263,-1.64272,-1.63958,-1.64272,-1.64272,-1.63958,-1.55681,-1.63958,-1.83263,-1.64272,-1.63958,-1.64272]
	PARPACK diagonalization completed after 30 matrix-vector product operations.
	iteration results: : total energy is -36.589426 | electron energy -36.686421 + phonon energy 0.096995 | electron momentum kIdx = 0
The 8-th iteration is completed.	|| time cost : 0h 0m 2.333s
********************************************************************************************************************
Start the 9 rounds of NGS-ED iteration
	effective electronic model is modified as: kinetic energy t = 0.878953
	                                           effective interaction Vq = [-2.00001, -1.8331,-1.64294, -1.8331, -1.8331,-1.64294,-1.63987,-1.64294,-1.64294,-1.63987,  -1.557,-1.63987, -1.8331,-1.64294,-1.63987,-1.64294]
	PARPACK diagonalization completed after 30 matrix-vector product operations.
	iteration results: : total energy is -36.589657 | electron energy -36.686902 + phonon energy 0.097245 | electron momentum kIdx = 0
The 9-th iteration is completed.	|| time cost : 0h 0m 2.293s
********************************************************************************************************************
Start the 10 rounds of NGS-ED iteration
	effective electronic model is modified as: kinetic energy t = 0.878922
	                                           effective interaction Vq = [-2.00002,-1.83335,-1.64305,-1.83335,-1.83335,-1.64305,-1.64001,-1.64305,-1.64305,-1.64001,-1.55709,-1.64001,-1.83335,-1.64305,-1.64001,-1.64305]
	PARPACK diagonalization completed after 30 matrix-vector product operations.
	iteration results: : total energy is -36.589741 | electron energy -36.687116 + phonon energy 0.097374 | electron momentum kIdx = 0
	Nq(0) = 6.25,	Nq(1) = 0.297732,	Nq(2) = 0.325294,	Nq(3) = 0.297732,	Nq(4) = 0.297732,	Nq(5) = 0.325294,	Nq(6) = 0.47083,	Nq(7) = 0.325294,	Nq(8) = 0.325294,	Nq(9) = 0.47083,	Nq(10) = 0.514872,	Nq(11) = 0.47083,	Nq(12) = 0.297732,	Nq(13) = 0.325294,	Nq(14) = 0.47083,	Nq(15) = 0.325294,	Sq(0) = -2.55575e-17,	Sq(1) = 0.454753,	Sq(2) = 0.417088,	Sq(3) = 0.454753,	Sq(4) = 0.454753,	Sq(5) = 0.417088,	Sq(6) = 0.790262,	Sq(7) = 0.417088,	Sq(8) = 0.417088,	Sq(9) = 0.790262,	Sq(10) = 0.72653,	Sq(11) = 0.790262,	Sq(12) = 0.454753,	Sq(13) = 0.417088,	Sq(14) = 0.790262,	Sq(15) = 0.417088,	N(0) = 1.96418,	N(1) = 1.92651,	N(2) = 0.0414611,	N(3) = 1.92651,	N(4) = 1.92651,	N(5) = 0.0414611,	N(6) = 0.0159724,	N(7) = 0.0414611,	N(8) = 0.0414611,	N(9) = 0.0159724,	N(10) = 0.0171096,	N(11) = 0.0159724,	N(12) = 1.92651,	N(13) = 0.0414611,	N(14) = 0.0159724,	N(15) = 0.0414611,	Delta[s](0) = 0.117549,	Delta[s](1) = 0.0727352,	Delta[s](2) = 0.0618146,	Delta[s](3) = 0.0727352,	Delta[s](4) = 0.0727352,	Delta[s](5) = 0.0618146,	Delta[s](6) = 0.0236802,	Delta[s](7) = 0.0618146,	Delta[s](8) = 0.0618146,	Delta[s](9) = 0.0236802,	Delta[s](10) = 0.0213432,	Delta[s](11) = 0.0236802,	Delta[s](12) = 0.0727352,	Delta[s](13) = 0.0618146,	Delta[s](14) = 0.0236802,	Delta[s](15) = 0.0618146,	Delta[d](0) = 0.225097,	Delta[d](1) = 0.0901132,	Delta[d](2) = 0.155464,	Delta[d](3) = 0.0901132,	Delta[d](4) = 0.0901132,	Delta[d](5) = 0.120697,	Delta[d](6) = 0.034113,	Delta[d](7) = 0.120697,	Delta[d](8) = 0.155464,	Delta[d](9) = 0.034113,	Delta[d](10) = 0.0225566,	Delta[d](11) = 0.034113,	Delta[d](12) = 0.0901132,	Delta[d](13) = 0.120697,	Delta[d](14) = 0.034113,	Delta[d](15) = 0.120697,	Delta[s+](0) = 0.558895,	Delta[s+](1) = 0.347346,	Delta[s+](2) = 0.155464,	Delta[s+](3) = 0.347346,	Delta[s+](4) = 0.347346,	Delta[s+](5) = 0.155464,	Delta[s+](6) = 0.0191939,	Delta[s+](7) = 0.155464,	Delta[s+](8) = 0.155464,	Delta[s+](9) = 0.0191939,	Delta[s+](10) = 0.00580181,	Delta[s+](11) = 0.0191939,	Delta[s+](12) = 0.347346,	Delta[s+](13) = 0.155464,	Delta[s+](14) = 0.0191939,	Delta[s+](15) = 0.155464
The 10-th iteration is completed.	|| time cost : 0h 0m 20.752s
********************************************************************************************************************
Start the 11 rounds of NGS-ED iteration
	effective electronic model is modified as: kinetic energy t = 0.878906
	                                           effective interaction Vq = [-2.00003,-1.83348,-1.64311,-1.83348,-1.83348,-1.64311,-1.64009,-1.64311,-1.64311,-1.64009,-1.55713,-1.64009,-1.83348,-1.64311,-1.64009,-1.64311]
	PARPACK diagonalization completed after 30 matrix-vector product operations.
	iteration results: : total energy is -36.589772 | electron energy -36.687213 + phonon energy 0.097441 | electron momentum kIdx = 0
The 11-th iteration is completed.	|| time cost : 0h 0m 2.321s
********************************************************************************************************************
Start the 12 rounds of NGS-ED iteration
	effective electronic model is modified as: kinetic energy t = 0.878898
	                                           effective interaction Vq = [-2.00003,-1.83355,-1.64314,-1.83355,-1.83355,-1.64314,-1.64013,-1.64314,-1.64314,-1.64013,-1.55716,-1.64013,-1.83355,-1.64314,-1.64013,-1.64314]
	PARPACK diagonalization completed after 30 matrix-vector product operations.
	iteration results: : total energy is -36.589784 | electron energy -36.687259 + phonon energy 0.097475 | electron momentum kIdx = 0
The 12-th iteration is completed.	|| time cost : 0h 0m 2.332s
********************************************************************************************************************
Start the 13 rounds of NGS-ED iteration
	effective electronic model is modified as: kinetic energy t = 0.878894
	                                           effective interaction Vq = [-2.00003,-1.83359,-1.64315,-1.83359,-1.83359,-1.64315,-1.64015,-1.64315,-1.64315,-1.64015,-1.55717,-1.64015,-1.83359,-1.64315,-1.64015,-1.64315]
	PARPACK diagonalization completed after 30 matrix-vector product operations.
	iteration results: : total energy is -36.589788 | electron energy -36.687280 + phonon energy 0.097492 | electron momentum kIdx = 0
The 13-th iteration is completed.	|| time cost : 0h 0m 2.304s
********************************************************************************************************************
Start the 14 rounds of NGS-ED iteration
	effective electronic model is modified as: kinetic energy t = 0.878892
	                                           effective interaction Vq = [-2.00003,-1.83361,-1.64316,-1.83361,-1.83361,-1.64316,-1.64016,-1.64316,-1.64316,-1.64016,-1.55717,-1.64016,-1.83361,-1.64316,-1.64016,-1.64316]
	PARPACK diagonalization completed after 30 matrix-vector product operations.
	iteration results: : total energy is -36.589790 | electron energy -36.687291 + phonon energy 0.097501 | electron momentum kIdx = 0
The 14-th iteration is completed.	|| time cost : 0h 0m 2.301s
********************************************************************************************************************
Start the 15 rounds of NGS-ED iteration
	effective electronic model is modified as: kinetic energy t = 0.878891
	                                           effective interaction Vq = [-2.00003,-1.83362,-1.64316,-1.83362,-1.83362,-1.64316,-1.64016,-1.64316,-1.64316,-1.64016,-1.55718,-1.64016,-1.83362,-1.64316,-1.64016,-1.64316]
	PARPACK diagonalization completed after 30 matrix-vector product operations.
	iteration results: : total energy is -36.589790 | electron energy -36.687296 + phonon energy 0.097506 | electron momentum kIdx = 0
The 15-th iteration is completed.	|| time cost : 0h 0m 2.33s
********************************************************************************************************************
Start the 16 rounds of NGS-ED iteration
	effective electronic model is modified as: kinetic energy t = 0.87889
	                                           effective interaction Vq = [-2.00003,-1.83363,-1.64316,-1.83363,-1.83363,-1.64316,-1.64016,-1.64316,-1.64316,-1.64016,-1.55718,-1.64016,-1.83363,-1.64316,-1.64016,-1.64316]
	PARPACK diagonalization completed after 30 matrix-vector product operations.
	iteration results: : total energy is -36.589790 | electron energy -36.687299 + phonon energy 0.097509 | electron momentum kIdx = 0
The 16-th iteration is completed.	|| time cost : 0h 0m 2.329s
********************************************************************************************************************
Start the 17 rounds of NGS-ED iteration
	effective electronic model is modified as: kinetic energy t = 0.87889
	                                           effective interaction Vq = [-2.00003,-1.83363,-1.64317,-1.83363,-1.83363,-1.64317,-1.64016,-1.64317,-1.64317,-1.64016,-1.55718,-1.64016,-1.83363,-1.64317,-1.64016,-1.64317]
	PARPACK diagonalization completed after 30 matrix-vector product operations.
	iteration results: : total energy is -36.589790 | electron energy -36.687300 + phonon energy 0.097510 | electron momentum kIdx = 0
The 17-th iteration is completed.	|| time cost : 0h 0m 2.298s
********************************************************************************************************************
Start the 18 rounds of NGS-ED iteration
	effective electronic model is modified as: kinetic energy t = 0.878889
	                                           effective interaction Vq = [-2.00003,-1.83363,-1.64317,-1.83363,-1.83363,-1.64317,-1.64017,-1.64317,-1.64317,-1.64017,-1.55718,-1.64017,-1.83363,-1.64317,-1.64017,-1.64317]
	PARPACK diagonalization completed after 30 matrix-vector product operations.
	iteration results: : total energy is -36.589790 | electron energy -36.687301 + phonon energy 0.097510 | electron momentum kIdx = 0
The 18-th iteration is completed.	|| time cost : 0h 0m 2.307s
********************************************************************************************************************
Start the 19 rounds of NGS-ED iteration
	effective electronic model is modified as: kinetic energy t = 0.878889
	                                           effective interaction Vq = [-2.00003,-1.83363,-1.64317,-1.83363,-1.83363,-1.64317,-1.64017,-1.64317,-1.64317,-1.64017,-1.55718,-1.64017,-1.83363,-1.64317,-1.64017,-1.64317]
	PARPACK diagonalization completed after 30 matrix-vector product operations.
	iteration results: : total energy is -36.589790 | electron energy -36.687301 + phonon energy 0.097511 | electron momentum kIdx = 0
The 19-th iteration is completed.	|| time cost : 0h 0m 2.296s
********************************************************************************************************************
Start the 20 rounds of NGS-ED iteration
	effective electronic model is modified as: kinetic energy t = 0.878889
	                                           effective interaction Vq = [-2.00003,-1.83363,-1.64317,-1.83363,-1.83363,-1.64317,-1.64017,-1.64317,-1.64317,-1.64017,-1.55718,-1.64017,-1.83363,-1.64317,-1.64017,-1.64317]
	PARPACK diagonalization completed after 30 matrix-vector product operations.
	iteration results: : total energy is -36.589790 | electron energy -36.687301 + phonon energy 0.097511 | electron momentum kIdx = 0
	Nq(0) = 6.25,	Nq(1) = 0.297749,	Nq(2) = 0.325295,	Nq(3) = 0.297749,	Nq(4) = 0.297749,	Nq(5) = 0.325295,	Nq(6) = 0.470838,	Nq(7) = 0.325295,	Nq(8) = 0.325295,	Nq(9) = 0.470838,	Nq(10) = 0.514869,	Nq(11) = 0.470838,	Nq(12) = 0.297749,	Nq(13) = 0.325295,	Nq(14) = 0.470838,	Nq(15) = 0.325295,	Sq(0) = 2.56606e-17,	Sq(1) = 0.454745,	Sq(2) = 0.417086,	Sq(3) = 0.454745,	Sq(4) = 0.454745,	Sq(5) = 0.417086,	Sq(6) = 0.790246,	Sq(7) = 0.417086,	Sq(8) = 0.417086,	Sq(9) = 0.790246,	Sq(10) = 0.726534,	Sq(11) = 0.790246,	Sq(12) = 0.454745,	Sq(13) = 0.417086,	Sq(14) = 0.790246,	Sq(15) = 0.417086,	N(0) = 1.96418,	N(1) = 1.92653,	N(2) = 0.0414521,	N(3) = 1.92653,	N(4) = 1.92653,	N(5) = 0.0414521,	N(6) = 0.0159715,	N(7) = 0.0414521,	N(8) = 0.0414521,	N(9) = 0.0159715,	N(10) = 0.0171076,	N(11) = 0.0159715,	N(12) = 1.92653,	N(13) = 0.0414521,	N(14) = 0.0159715,	N(15) = 0.0414521,	Delta[s](0) = 0.11755,	Delta[s](1) = 0.0727378,	Delta[s](2) = 0.0618176,	Delta[s](3) = 0.0727378,	Delta[s](4) = 0.0727378,	Delta[s](5) = 0.0618176,	Delta[s](6) = 0.0236847,	Delta[s](7) = 0.0618176,	Delta[s](8) = 0.0618176,	Delta[s](9) = 0.0236847,	Delta[s](10) = 0.0213463,	Delta[s](11) = 0.0236847,	Delta[s](12) = 0.0727378,	Delta[s](13) = 0.0618176,	Delta[s](14) = 0.0236847,	Delta[s](15) = 0.0618176,	Delta[d](0) = 0.225151,	Delta[d](1) = 0.0901381,	Delta[d](2) = 0.155503,	Delta[d](3) = 0.0901381,	Delta[d](4) = 0.0901381,	Delta[d](5) = 0.120728,	Delta[d](6) = 0.0341255,	Delta[d](7) = 0.120728,	Delta[d](8) = 0.155503,	Delta[d](9) = 0.0341255,	Delta[d](10) = 0.0225642,	Delta[d](11) = 0.0341255,	Delta[d](12) = 0.0901381,	Delta[d](13) = 0.120728,	Delta[d](14) = 0.0341255,	Delta[d](15) = 0.120728,	Delta[s+](0) = 0.55903,	Delta[s+](1) = 0.347431,	Delta[s+](2) = 0.155503,	Delta[s+](3) = 0.347431,	Delta[s+](4) = 0.347431,	Delta[s+](5) = 0.155503,	Delta[s+](6) = 0.0192012,	Delta[s+](7) = 0.155503,	Delta[s+](8) = 0.155503,	Delta[s+](9) = 0.0192012,	Delta[s+](10) = 0.00580391,	Delta[s+](11) = 0.0192012,	Delta[s+](12) = 0.347431,	Delta[s+](13) = 0.155503,	Delta[s+](14) = 0.0192012,	Delta[s+](15) = 0.155503
The 20-th iteration is completed.	|| time cost : 0h 0m 20.761s
********************************************************************************************************************
Start the 21 rounds of NGS-ED iteration
	effective electronic model is modified as: kinetic energy t = 0.878889
	                                           effective interaction Vq = [-2.00003,-1.83363,-1.64317,-1.83363,-1.83363,-1.64317,-1.64017,-1.64317,-1.64317,-1.64017,-1.55718,-1.64017,-1.83363,-1.64317,-1.64017,-1.64317]
	PARPACK diagonalization completed after 30 matrix-vector product operations.
	iteration results: : total energy is -36.589790 | electron energy -36.687301 + phonon energy 0.097511 | electron momentum kIdx = 0
The 21-th iteration is completed.	|| time cost : 0h 0m 2.324s
********************************************************************************************************************
Start the 22 rounds of NGS-ED iteration
	effective electronic model is modified as: kinetic energy t = 0.878889
	                                           effective interaction Vq = [-2.00003,-1.83363,-1.64317,-1.83363,-1.83363,-1.64317,-1.64017,-1.64317,-1.64317,-1.64017,-1.55718,-1.64017,-1.83363,-1.64317,-1.64017,-1.64317]
	PARPACK diagonalization completed after 30 matrix-vector product operations.
	iteration results: : total energy is -36.589790 | electron energy -36.687301 + phonon energy 0.097511 | electron momentum kIdx = 0
The 22-th iteration is completed.	|| time cost : 0h 0m 2.293s
********************************************************************************************************************
Start the 23 rounds of NGS-ED iteration
	effective electronic model is modified as: kinetic energy t = 0.878889
	                                           effective interaction Vq = [-2.00003,-1.83363,-1.64317,-1.83363,-1.83363,-1.64317,-1.64017,-1.64317,-1.64317,-1.64017,-1.55718,-1.64017,-1.83363,-1.64317,-1.64017,-1.64317]
	PARPACK diagonalization completed after 30 matrix-vector product operations.
	iteration results: : total energy is -36.589790 | electron energy -36.687301 + phonon energy 0.097511 | electron momentum kIdx = 0
The 23-th iteration is completed.	|| time cost : 0h 0m 2.339s
********************************************************************************************************************
Start the 24 rounds of NGS-ED iteration
	effective electronic model is modified as: kinetic energy t = 0.878889
	                                           effective interaction Vq = [-2.00003,-1.83363,-1.64317,-1.83363,-1.83363,-1.64317,-1.64017,-1.64317,-1.64317,-1.64017,-1.55718,-1.64017,-1.83363,-1.64317,-1.64017,-1.64317]
	PARPACK diagonalization completed after 30 matrix-vector product operations.
	iteration results: : total energy is -36.589790 | electron energy -36.687301 + phonon energy 0.097511 | electron momentum kIdx = 0
