SNEDics v3.22.2 Non-Gaussian ED ground state program		Start at Tue Apr 12 01:11:31 2022

Parallelization: 32 MPI threads  * 8 OpenMP threads = 256 total threads.
********************************************************************************************************************
********************************************************************************************************************

********************************************************************************************************************
System parameters and configurations
	special program options are enabled: splitted diagonal Hamiltonian | splitted Hamiltonian terms
********************************************************************************************************************
Read input file "model_params.in"
	Hubbard-Holstein model parameters : 	t = 1    t' = -0.3    U = 8    g = 0.05    W = 0.2    g' = 0.35    
********************************************************************************************************************
Read input file "hilbertspace_params.in"
	Requested 16-site 2D lattice, with 12 electrons (6, 6)
	Boundary : Periodic		Hilbert space representation : momentum-space (restricted to kIdx = 10)
	Conservation: particle number[U(1)]      spin[U(1)]     momentum
********************************************************************************************************************

Cluster Positions:				Cluster symmetry group : D4
 x ... x ... x ... x .....                       x ... x ... x ... x .....
 |           |           :                       |           |           :
 |           |           :                       |           |           :
12    13    14    15     x                       1     5     6     5     x
 |           |           :                       |           |           :
 |           |           :                       |           |           :
 8 --- 9 ---10 ---11 --- x                       2 --- 6 ---10 --- 6 --- x
 |           |           :                       |           |           :
 |           |           :                       |           |           :
 4     5     6     7     x                       1     5     6     5     x
 |           |           :                       |           |           :
 |           |           :                       |           |           :
 0 --- 1 --- 2 --- 3 --- x                       0 --- 1 --- 2 --- 1 --- x
orbital number : 1
********************************************************************************************************************
Read input file "obs_params.in"
	Observable Type : Nq(All),   Sq(All),   N(All-Orbital),   Delta[s](All),   Delta[d](All),   Delta[s+](All)
** WARNING ** the input observables have non-local factors which have been reinterpreted. The total observable number is 96
********************************************************************************************************************


********************************************************************************************************************
Start calculating the non-Gaussian ED ground state
Maximal iteration number is 1000; energy resolution is 1e-06. Phonon state relaxation time is 2000
W = 0.2 is relatively large. The non-Gaussian ED calculation starts directly.
open output files: NGSED_iteration_observables.txt
********************************************************************************************************************
Start the 0 rounds of NGS-ED iteration
	effective electronic model is modified as: kinetic energy t = 1, t' = -0.3
	                                           effective interaction Vq = [0,0,0,0,0,0,0,0,0,0,0,0,0,0,0,0]
	first Hamiltonian is constructed, size = 4008592 and non-zero numbers = 969952276
	PARPACK diagonalization completed after 120 matrix-vector product operations.
	iteration results: : total energy is -14.904199 | electron energy -14.904199 + phonon energy 0.000000 | electron momentum kIdx = 10
	Nq(0) = 9,	Nq(1) = 0.183693,	Nq(2) = 0.250775,	Nq(3) = 0.183693,	Nq(4) = 0.183693,	Nq(5) = 0.258947,	
	Nq(6) = 0.308855,	Nq(7) = 0.258947,	Nq(8) = 0.250775,	Nq(9) = 0.308855,	Nq(10) = 0.355902,	
	Nq(11) = 0.308855,	Nq(12) = 0.183693,	Nq(13) = 0.258947,	Nq(14) = 0.308855,	Nq(15) = 0.258947;	
	Sq(0) = 3.45099e-18,	Sq(1) = 0.504384,	Sq(2) = 0.469115,	Sq(3) = 0.504384,	Sq(4) = 0.504384,	
	Sq(5) = 0.735911,	Sq(6) = 0.943053,	Sq(7) = 0.735911,	Sq(8) = 0.469115,	Sq(9) = 0.943053,	
	Sq(10) = 1.46495,	Sq(11) = 0.943053,	Sq(12) = 0.504384,	Sq(13) = 0.735911,	Sq(14) = 0.943053,	
	Sq(15) = 0.735911;	N(0) = 1.70338,	N(1) = 1.58882,	N(2) = 1.04187,	N(3) = 1.58882,	
	N(4) = 1.58882,	N(5) = 0.289608,	N(6) = 0.157281,	N(7) = 0.289608,	N(8) = 1.04187,	
	N(9) = 0.157281,	N(10) = 0.0700575,	N(11) = 0.157281,	N(12) = 1.58882,	N(13) = 0.289608,	
	N(14) = 0.157281,	N(15) = 0.289608;	Delta[s](0) = 0.0546318,	Delta[s](1) = 0.0386863,	Delta[s](2) = 0.0321667,	
	Delta[s](3) = 0.0386863,	Delta[s](4) = 0.0386863,	Delta[s](5) = 0.0226336,	Delta[s](6) = 0.0150782,	Delta[s](7) = 0.0226336,	
	Delta[s](8) = 0.0321667,	Delta[s](9) = 0.0150782,	Delta[s](10) = 0.00715911,	Delta[s](11) = 0.0150782,	Delta[s](12) = 0.0386863,	
	Delta[s](13) = 0.0226336,	Delta[s](14) = 0.0150782,	Delta[s](15) = 0.0226336;	Delta[d](0) = 0.272377,	Delta[d](1) = 0.219229,	
	Delta[d](2) = 0.260819,	Delta[d](3) = 0.219229,	Delta[d](4) = 0.219229,	Delta[d](5) = 0.148538,	Delta[d](6) = 0.197703,	
	Delta[d](7) = 0.148538,	Delta[d](8) = 0.260819,	Delta[d](9) = 0.197703,	Delta[d](10) = 0.325022,	Delta[d](11) = 0.197703,	
	Delta[d](12) = 0.219229,	Delta[d](13) = 0.148538,	Delta[d](14) = 0.197703,	Delta[d](15) = 0.148538;	Delta[s+](0) = 0.496736,	
	Delta[s+](1) = 0.347327,	Delta[s+](2) = 0.260819,	Delta[s+](3) = 0.347327,	Delta[s+](4) = 0.347327,	Delta[s+](5) = 0.15814,	
	Delta[s+](6) = 0.0724668,	Delta[s+](7) = 0.15814,	Delta[s+](8) = 0.260819,	Delta[s+](9) = 0.0724668,	Delta[s+](10) = 0.0244027,	
	Delta[s+](11) = 0.0724668,	Delta[s+](12) = 0.347327,	Delta[s+](13) = 0.15814,	Delta[s+](14) = 0.0724668,	Delta[s+](15) = 0.15814
	
The 0-th iteration is completed.	|| time cost : 0h 2m 1.563s
********************************************************************************************************************
Start the 1 rounds of NGS-ED iteration
	effective electronic model is modified as: kinetic energy t = 0.942927, t' = -0.292809
	                                           effective interaction Vq = [   -10.5125,  -0.492238,-0.00106285,  -0.492238,  -0.492238,-0.00111671,  -0.202728,-0.00111671,-0.00106285,  -0.202728,   -4.94903,  -0.202728,  -0.492238,-0.00111671,  -0.202728,-0.00111671]
	PARPACK diagonalization completed after 135 matrix-vector product operations.
	iteration results: : total energy is -114.316188 | electron energy -114.987272 + phonon energy 0.671084 | electron momentum kIdx = 10
The 1-th iteration is completed.	|| time cost : 0h 1m 30.296s
********************************************************************************************************************
Start the 2 rounds of NGS-ED iteration
	effective electronic model is modified as: kinetic energy t = 0.835505, t' = -0.284475
	                                           effective interaction Vq = [    -10.5125,   -0.834399,-0.000797851,   -0.834399,   -0.834399, -0.00134437,   -0.224399, -0.00134437,-0.000797851,   -0.224399,    -9.10169,   -0.224399,   -0.834399, -0.00134437,   -0.224399, -0.00134437]
	PARPACK diagonalization completed after 60 matrix-vector product operations.
	iteration results: : total energy is -146.260005 | electron energy -148.072479 + phonon energy 1.812474 | electron momentum kIdx = 10
The 2-th iteration is completed.	|| time cost : 0h 0m 13.279s
********************************************************************************************************************
Start the 3 rounds of NGS-ED iteration
	effective electronic model is modified as: kinetic energy t = 0.560673, t' = -0.228606
	                                           effective interaction Vq = [   -10.5125,   -1.81618,-0.00294568,   -1.81618,   -1.81618,-0.00202633,   -0.72689,-0.00202633,-0.00294568,  -0.726891,   -9.11175,  -0.726891,   -1.81618,-0.00202633,   -0.72689,-0.00202633]
	PARPACK diagonalization completed after 150 matrix-vector product operations.
	iteration results: : total energy is -147.706187 | electron energy -148.600692 + phonon energy 0.894504 | electron momentum kIdx = 10
The 3-th iteration is completed.	|| time cost : 0h 0m 24.567s
********************************************************************************************************************
Start the 4 rounds of NGS-ED iteration
	effective electronic model is modified as: kinetic energy t = 1.37458e-05, t' = -0.000802756
	                                           effective interaction Vq = [  -10.5125,  -2.81241,-0.0124793,  -2.81241,  -2.81241, -0.012485,  -2.11243, -0.012485,-0.0124793,  -2.11243,   -9.1125,  -2.11243,  -2.81241, -0.012485,  -2.11243, -0.012485]
	PARPACK diagonalization completed after 30 matrix-vector product operations.
	iteration results: : total energy is -149.549447 | electron energy -149.549848 + phonon energy 0.000402 | electron momentum kIdx = 10
The 4-th iteration is completed.	|| time cost : 0h 0m 9.281s
********************************************************************************************************************
Start the 5 rounds of NGS-ED iteration
	effective electronic model is modified as: kinetic energy t = 1.10465e-05, t' = -0.00063652
	                                           effective interaction Vq = [   -10.5125,    -2.8125,-0.00188864,    -2.8125,    -2.8125, -0.0018886,    -2.1125, -0.0018886,-0.00188864,    -2.1125,    -9.1125,    -2.1125,    -2.8125, -0.0018886,    -2.1125, -0.0018886]
	PARPACK diagonalization completed after 30 matrix-vector product operations.
	iteration results: : total energy is -149.550006 | electron energy -149.550006 + phonon energy 0.000000 | electron momentum kIdx = 10
The 5-th iteration is completed.	|| time cost : 0h 0m 9.281s
********************************************************************************************************************
Start the 6 rounds of NGS-ED iteration
	effective electronic model is modified as: kinetic energy t = 1.10452e-05, t' = -0.00063644
	                                           effective interaction Vq = [   -10.5125,    -2.8125,-0.00152863,    -2.8125,    -2.8125,-0.00152859,    -2.1125,-0.00152859,-0.00152863,    -2.1125,    -9.1125,    -2.1125,    -2.8125,-0.00152859,    -2.1125,-0.00152859]
	PARPACK diagonalization completed after 30 matrix-vector product operations.
	iteration results: : total energy is -149.550006 | electron energy -149.550006 + phonon energy 0.000000 | electron momentum kIdx = 10
The 6-th iteration is completed.	|| time cost : 0h 0m 9.294s
********************************************************************************************************************
Start the 7 rounds of NGS-ED iteration
	effective electronic model is modified as: kinetic energy t = 1.10452e-05, t' = -0.00063644
	                                           effective interaction Vq = [   -10.5125,    -2.8125,-0.00152825,    -2.8125,    -2.8125,-0.00152822,    -2.1125,-0.00152822,-0.00152825,    -2.1125,    -9.1125,    -2.1125,    -2.8125,-0.00152822,    -2.1125,-0.00152822]
	PARPACK diagonalization completed after 30 matrix-vector product operations.
	iteration results: : total energy is -149.550006 | electron energy -149.550006 + phonon energy 0.000000 | electron momentum kIdx = 10
The 7-th iteration is completed.	|| time cost : 0h 0m 9.285s
********************************************************************************************************************
Start the 8 rounds of NGS-ED iteration
	effective electronic model is modified as: kinetic energy t = 1.10452e-05, t' = -0.00063644
	                                           effective interaction Vq = [   -10.5125,    -2.8125,-0.00152825,    -2.8125,    -2.8125,-0.00152822,    -2.1125,-0.00152822,-0.00152825,    -2.1125,    -9.1125,    -2.1125,    -2.8125,-0.00152822,    -2.1125,-0.00152822]
	PARPACK diagonalization completed after 30 matrix-vector product operations.
	iteration results: : total energy is -149.550006 | electron energy -149.550006 + phonon energy 0.000000 | electron momentum kIdx = 10
	Nq(0) = 9,	Nq(1) = 0.25,	Nq(2) = 4.80586e-07,	Nq(3) = 0.25,	Nq(4) = 0.25,	Nq(5) = 2.40294e-07,	
	Nq(6) = 0.25,	Nq(7) = 2.40294e-07,	Nq(8) = 4.80586e-07,	Nq(9) = 0.25,	Nq(10) = 9,	
	Nq(11) = 0.25,	Nq(12) = 0.25,	Nq(13) = 2.40294e-07,	Nq(14) = 0.25,	Nq(15) = 2.40294e-07;	
	Sq(0) = -1.33296e-19,	Sq(1) = 0.25,	Sq(2) = 0.666666,	Sq(3) = 0.25,	Sq(4) = 0.25,	
	Sq(5) = 0.166667,	Sq(6) = 0.25,	Sq(7) = 0.166667,	Sq(8) = 0.666666,	Sq(9) = 0.25,	
	Sq(10) = 4.51764e-12,	Sq(11) = 0.25,	Sq(12) = 0.25,	Sq(13) = 0.166667,	Sq(14) = 0.25,	
	Sq(15) = 0.166667;	N(0) = 0.498882,	N(1) = 1,	N(2) = 0.501121,	N(3) = 1,	
	N(4) = 1,	N(5) = 0.5,	N(6) = 0.999997,	N(7) = 0.5,	N(8) = 0.501121,	
	N(9) = 0.999997,	N(10) = 0.498877,	N(11) = 0.999997,	N(12) = 1,	N(13) = 0.5,	
	N(14) = 0.999997,	N(15) = 0.5;	Delta[s](0) = 0.25,	Delta[s](1) = 0.25,	Delta[s](2) = 0.25,	
	Delta[s](3) = 0.25,	Delta[s](4) = 0.25,	Delta[s](5) = 0.25,	Delta[s](6) = 0.25,	Delta[s](7) = 0.25,	
	Delta[s](8) = 0.25,	Delta[s](9) = 0.25,	Delta[s](10) = 0.25,	Delta[s](11) = 0.25,	Delta[s](12) = 0.25,	
	Delta[s](13) = 0.25,	Delta[s](14) = 0.25,	Delta[s](15) = 0.25;	Delta[d](0) = 1.11039e-12,	Delta[d](1) = 9.88677e-13,	
	Delta[d](2) = 8.67555e-13,	Delta[d](3) = 9.88677e-13,	Delta[d](4) = 9.88677e-13,	Delta[d](5) = 8.66309e-13,	Delta[d](6) = 7.44535e-13,	
	Delta[d](7) = 8.66309e-13,	Delta[d](8) = 8.67555e-13,	Delta[d](9) = 7.44534e-13,	Delta[d](10) = 6.22106e-13,	Delta[d](11) = 7.44534e-13,	
	Delta[d](12) = 9.88677e-13,	Delta[d](13) = 8.66309e-13,	Delta[d](14) = 7.44534e-13,	Delta[d](15) = 8.66309e-13;	Delta[s+](0) = 1.11703e-12,	
	Delta[s+](1) = 9.91995e-13,	Delta[s+](2) = 8.67556e-13,	Delta[s+](3) = 9.91995e-13,	Delta[s+](4) = 9.91995e-13,	Delta[s+](5) = 8.67616e-13,	
	Delta[s+](6) = 7.4383e-13,	Delta[s+](7) = 8.67616e-13,	Delta[s+](8) = 8.67556e-13,	Delta[s+](9) = 7.4383e-13,	Delta[s+](10) = 6.207e-13,	
	Delta[s+](11) = 7.4383e-13,	Delta[s+](12) = 9.91996e-13,	Delta[s+](13) = 8.67616e-13,	Delta[s+](14) = 7.4383e-13,	Delta[s+](15) = 8.67616e-13
	
The 8-th iteration is completed.	|| time cost : 0h 1m 19.321s
********************************************************************************************************************
********************************************************************************************************************
Ground state is obtained after 9 iterations. The current ground-state energy is -149.55, in which electron energy is -149.55 and phonon energy is 3.14698e-09
Final variational state is: 
	Gamma_x = [      1, 1.0001,      1, 1.0001, 1.0001,      1,1.00008,      1,      1,1.00008,      1,1.00008, 1.0001,      1,1.00008,      1]
	lambda_q = [     7.25,  3.74995,0.0157806,  3.74995,  3.74995,0.0157802, -3.24995,0.0157802,0.0157806, -3.24995,    -6.75, -3.24995,  3.74995,0.0157802, -3.24995,0.0157802]
Effective e-e interactions mediated by phonons are:
	momentum-space Vq = [   -10.5125,    -2.8125,-0.00152825,    -2.8125,    -2.8125,-0.00152822,    -2.1125,-0.00152822,-0.00152825,    -2.1125,    -9.1125,    -2.1125,    -2.8125,-0.00152822,    -2.1125,-0.00152822]
	real-space Vr = [    -2.45839,      -0.175,    -1.22637,      -0.175,      -0.175,    -1.22637,-1.77928e-11,    -1.22637,    -1.22637,-1.77928e-11,  0.00411441,-1.77845e-11,      -0.175,    -1.22637,-1.77845e-11,    -1.22637]
********************************************************************************************************************
o___o  ----------------------------------------
| L |	Time since last clock: 0h 0m 0.008s
A===A	Time since the beginning: 0h 6m 6.18s
***********************************************


Non-Gaussina ED ground state calculation is completed. The final ground-state energy is -149.55
********************************************************************************************************************
o___o  ----------------------------------------
| L |	Time since last clock: 0h 0m 0.002s
A===A	Time since the beginning: 0h 6m 6.183s
***********************************************



********************************************************************************************************************
All non-Gaussian ED ground state calculations have been completed. Exit now.
