TACC:  Starting up job 1741580 
TACC:  Starting parallel tasks... 
SNEDics v3.4 Non-Gaussian ED ground state program		Start at Fri Oct  9 16:55:45 2020

parallized on 16 MPI threads  * 7 OpenMP threads = 112 total threads.
********************************************************************************************************************
********************************************************************************************************************

********************************************************************************************************************
System parameters and configurations
********************************************************************************************************************
Special program options are enabled: splitted diagonal Hamiltonian
********************************************************************************************************************
Read input file "model_params.in"
	Hubbard-Holstein model parameters : 	t = 1    U = 8    g = 0.2    W = 0.2    g' = 0.08    
********************************************************************************************************************
Read input file "hilbertspace_params.in"
	Requested 16-site 2D lattice, with 14 electrons (7, 7)
	Boundary : Periodic		Hilbert space representation : momentum-space (restricted to kIdx = 0)
	Conservation: particle number[U(1)]      spin[U(1)]     momentum
********************************************************************************************************************

Cluster Positions:				Cluster symmetry group : D4
 x ... x ... x ... x .....                       x ... x ... x ... x .....
 |           |           :                       |           |           :
 |           |           :                       |           |           :
12    13    14    15     x                       1     5     6     5     x
 |           |           :                       |           |           :
 |           |           :                       |           |           :
 8 --- 9 ---10 ---11 --- x                       2 --- 6 ---10 --- 6 --- x
 |           |           :                       |           |           :
 |           |           :                       |           |           :
 4     5     6     7     x                       1     5     6     5     x
 |           |           :                       |           |           :
 |           |           :                       |           |           :
 0 --- 1 --- 2 --- 3 --- x                       0 --- 1 --- 2 --- 1 --- x
orbital number : 1
********************************************************************************************************************
Read input file "obs_params.in"
	Observable Type : Nq(All),   Sq(All),   N(All),   Delta[s](All),   Delta[d](All),   Delta[s+](All)
********************************************************************************************************************
** WARNING ** the input observables have non-local factors which have been reinterpreted. The total observable number is 96
********************************************************************************************************************


********************************************************************************************************************
Start calculating the non-Gaussian ED ground state
** WARNING ** Detected low phonon energy W < 10. The initial state will be prepared through a warm-up process.
********************************************************************************************************************
Start warm-up calculation for scaling factor 64
open output files: NGSEDWarmUpW12.8Obs.txt
********************************************************************************************************************
Start the 0 rounds of NGS-ED iteration
	effective electronic model is modified as: kinetic energy t = 1
	                                           effective interaction Vq = [0,0,0,0,0,0,0,0,0,0,0,0,0,0,0,0]
	first Hamiltonian is constructed, non-zero numbers = 2178478298
	PARPACK diagonalization completed after 165 matrix-vector product operations.
	iteration results: : total energy is -11.868836 | electron energy -11.868836 + phonon energy 0.000000 | electron momentum kIdx = 0
	Nq(0) = 12.25,	Nq(1) = 0.154193,	Nq(2) = 0.185311,	Nq(3) = 0.154193,	Nq(4) = 0.154193,	Nq(5) = 0.203281,	Nq(6) = 0.235634,	Nq(7) = 0.203281,	Nq(8) = 0.185311,	Nq(9) = 0.235634,	Nq(10) = 0.275446,	Nq(11) = 0.235634,	Nq(12) = 0.154193,	Nq(13) = 0.203281,	Nq(14) = 0.235634,	Nq(15) = 0.203281,	Sq(0) = 1.11096e-18,	Sq(1) = 0.474292,	Sq(2) = 0.766364,	Sq(3) = 0.474292,	Sq(4) = 0.474292,	Sq(5) = 0.630724,	Sq(6) = 1.05279,	Sq(7) = 0.630724,	Sq(8) = 0.766364,	Sq(9) = 1.05279,	Sq(10) = 2.56755,	Sq(11) = 1.05279,	Sq(12) = 0.474292,	Sq(13) = 0.630724,	Sq(14) = 1.05279,	Sq(15) = 0.630724,	N(0) = 1.75464,	N(1) = 1.59086,	N(2) = 0.323321,	N(3) = 1.59086,	N(4) = 1.59086,	N(5) = 0.999881,	N(6) = 0.267546,	N(7) = 0.999881,	N(8) = 0.323321,	N(9) = 0.267546,	N(10) = 0.165565,	N(11) = 0.267546,	N(12) = 1.59086,	N(13) = 0.999881,	N(14) = 0.267546,	N(15) = 0.999881,	Delta[s](0) = 0.0786379,	Delta[s](1) = 0.0589196,	Delta[s](2) = 0.0355174,	Delta[s](3) = 0.0589196,	Delta[s](4) = 0.0589196,	Delta[s](5) = 0.0422243,	Delta[s](6) = 0.0198108,	Delta[s](7) = 0.0422243,	Delta[s](8) = 0.0355174,	Delta[s](9) = 0.0198108,	Delta[s](10) = 0.000758485,	Delta[s](11) = 0.0198108,	Delta[s](12) = 0.0589196,	Delta[s](13) = 0.0422243,	Delta[s](14) = 0.0198108,	Delta[s](15) = 0.0422243,	Delta[d](0) = 0.281248,	Delta[d](1) = 0.195061,	Delta[d](2) = 0.204486,	Delta[d](3) = 0.195061,	Delta[d](4) = 0.195061,	Delta[d](5) = 0.181197,	Delta[d](6) = 0.136078,	Delta[d](7) = 0.181197,	Delta[d](8) = 0.204486,	Delta[d](9) = 0.136078,	Delta[d](10) = 0.0551635,	Delta[d](11) = 0.136078,	Delta[d](12) = 0.195061,	Delta[d](13) = 0.181197,	Delta[d](14) = 0.136078,	Delta[d](15) = 0.181197,	Delta[s+](0) = 0.571544,	Delta[s+](1) = 0.425692,	Delta[s+](2) = 0.204486,	Delta[s+](3) = 0.425692,	Delta[s+](4) = 0.425692,	Delta[s+](5) = 0.29779,	Delta[s+](6) = 0.129447,	Delta[s+](7) = 0.29779,	Delta[s+](8) = 0.204486,	Delta[s+](9) = 0.129447,	Delta[s+](10) = 0.0396271,	Delta[s+](11) = 0.129447,	Delta[s+](12) = 0.425692,	Delta[s+](13) = 0.29779,	Delta[s+](14) = 0.129447,	Delta[s+](15) = 0.29779
The 0-th iteration is completed.	|| time cost : 0h 6m 32.666s
********************************************************************************************************************
Start the 1 rounds of NGS-ED iteration
	effective electronic model is modified as: kinetic energy t = 0.995152
	                                           effective interaction Vq = [   -1.24748,   -0.56091,  -0.165274,   -0.56091,   -0.56091,  -0.167008,-0.00647012,  -0.167008,  -0.165274,-0.00647012,   -0.05708,-0.00647012,   -0.56091,  -0.167008,-0.00647012,  -0.167008]
	PARPACK diagonalization completed after 60 matrix-vector product operations.
	iteration results: : total energy is -27.643076 | electron energy -27.643097 + phonon energy 0.000021 | electron momentum kIdx = 0
The 1-th iteration is completed.	|| time cost : 0h 5m 21.527s
********************************************************************************************************************
Start the 2 rounds of NGS-ED iteration
	effective electronic model is modified as: kinetic energy t = 0.993216
	                                           effective interaction Vq = [  -1.34392, -0.611639, -0.179047, -0.611639, -0.611639,  -0.18116,-0.0069763,  -0.18116, -0.179047,-0.0069763,-0.0613923,-0.0069763, -0.611639,  -0.18116,-0.0069763,  -0.18116]
	PARPACK diagonalization completed after 60 matrix-vector product operations.
	iteration results: : total energy is -28.842592 | electron energy -28.842680 + phonon energy 0.000088 | electron momentum kIdx = 0
The 2-th iteration is completed.	|| time cost : 0h 0m 27.151s
********************************************************************************************************************
Start the 3 rounds of NGS-ED iteration
	effective electronic model is modified as: kinetic energy t = 0.992819
	                                           effective interaction Vq = [   -1.35138,  -0.619318,  -0.180928,  -0.619318,  -0.619318,  -0.183143,-0.00703985,  -0.183143,  -0.180928,-0.00703985, -0.0619035,-0.00703985,  -0.619318,  -0.183143,-0.00703985,  -0.183143]
	PARPACK diagonalization completed after 45 matrix-vector product operations.
	iteration results: : total energy is -28.934603 | electron energy -28.934720 + phonon energy 0.000117 | electron momentum kIdx = 0
The 3-th iteration is completed.	|| time cost : 0h 0m 24.39s
********************************************************************************************************************
Start the 4 rounds of NGS-ED iteration
	effective electronic model is modified as: kinetic energy t = 0.992742
	                                           effective interaction Vq = [   -1.35195,  -0.620771,  -0.181221,  -0.620771,  -0.620771,  -0.183463,-0.00704869,  -0.183463,  -0.181221,-0.00704869, -0.0619697,-0.00704869,  -0.620771,  -0.183463,-0.00704869,  -0.183463]
	PARPACK diagonalization completed after 45 matrix-vector product operations.
	iteration results: : total energy is -28.941690 | electron energy -28.941814 + phonon energy 0.000124 | electron momentum kIdx = 0
The 4-th iteration is completed.	|| time cost : 0h 0m 24.385s
********************************************************************************************************************
Start the 5 rounds of NGS-ED iteration
	effective electronic model is modified as: kinetic energy t = 0.992728
	                                           effective interaction Vq = [     -1.352,  -0.621062,  -0.181268,  -0.621062,  -0.621062,  -0.183517,-0.00704994,  -0.183517,  -0.181268,-0.00704994, -0.0619784,-0.00704994,  -0.621062,  -0.183517,-0.00704994,  -0.183517]
	PARPACK diagonalization completed after 30 matrix-vector product operations.
	iteration results: : total energy is -28.942237 | electron energy -28.942362 + phonon energy 0.000125 | electron momentum kIdx = 0
The 5-th iteration is completed.	|| time cost : 0h 0m 21.572s
********************************************************************************************************************
Start the 6 rounds of NGS-ED iteration
	effective electronic model is modified as: kinetic energy t = 0.992725
	                                           effective interaction Vq = [     -1.352,  -0.621121,  -0.181275,  -0.621121,  -0.621121,  -0.183526,-0.00705012,  -0.183526,  -0.181275,-0.00705012, -0.0619796,-0.00705012,  -0.621121,  -0.183526,-0.00705012,  -0.183526]
	PARPACK diagonalization completed after 30 matrix-vector product operations.
	iteration results: : total energy is -28.942279 | electron energy -28.942404 + phonon energy 0.000126 | electron momentum kIdx = 0
	Nq(0) = 12.25,	Nq(1) = 0.162791,	Nq(2) = 0.189083,	Nq(3) = 0.162791,	Nq(4) = 0.162791,	Nq(5) = 0.207085,	Nq(6) = 0.23812,	Nq(7) = 0.207085,	Nq(8) = 0.189083,	Nq(9) = 0.23812,	Nq(10) = 0.280324,	Nq(11) = 0.23812,	Nq(12) = 0.162791,	Nq(13) = 0.207085,	Nq(14) = 0.23812,	Nq(15) = 0.207085,	Sq(0) = -5.7042e-18,	Sq(1) = 0.468584,	Sq(2) = 0.760021,	Sq(3) = 0.468584,	Sq(4) = 0.468584,	Sq(5) = 0.626816,	Sq(6) = 1.04959,	Sq(7) = 0.626816,	Sq(8) = 0.760021,	Sq(9) = 1.04959,	Sq(10) = 2.55952,	Sq(11) = 1.04959,	Sq(12) = 0.468584,	Sq(13) = 0.626816,	Sq(14) = 1.04959,	Sq(15) = 0.626816,	N(0) = 1.76566,	N(1) = 1.60791,	N(2) = 0.310414,	N(3) = 1.60791,	N(4) = 1.60791,	N(5) = 0.997378,	N(6) = 0.257735,	N(7) = 0.997378,	N(8) = 0.310414,	N(9) = 0.257735,	N(10) = 0.161404,	N(11) = 0.257735,	N(12) = 1.60791,	N(13) = 0.997378,	N(14) = 0.257735,	N(15) = 0.997378,	Delta[s](0) = 0.0823963,	Delta[s](1) = 0.061951,	Delta[s](2) = 0.0374383,	Delta[s](3) = 0.061951,	Delta[s](4) = 0.061951,	Delta[s](5) = 0.0447623,	Delta[s](6) = 0.0212161,	Delta[s](7) = 0.0447623,	Delta[s](8) = 0.0374383,	Delta[s](9) = 0.0212161,	Delta[s](10) = 0.00124576,	Delta[s](11) = 0.0212161,	Delta[s](12) = 0.061951,	Delta[s](13) = 0.0447623,	Delta[s](14) = 0.0212161,	Delta[s](15) = 0.0447623,	Delta[d](0) = 0.298627,	Delta[d](1) = 0.197843,	Delta[d](2) = 0.20747,	Delta[d](3) = 0.197843,	Delta[d](4) = 0.197843,	Delta[d](5) = 0.183719,	Delta[d](6) = 0.136766,	Delta[d](7) = 0.183719,	Delta[d](8) = 0.20747,	Delta[d](9) = 0.136766,	Delta[d](10) = 0.0560911,	Delta[d](11) = 0.136766,	Delta[d](12) = 0.197843,	Delta[d](13) = 0.183719,	Delta[d](14) = 0.136766,	Delta[d](15) = 0.183719,	Delta[s+](0) = 0.585361,	Delta[s+](1) = 0.435485,	Delta[s+](2) = 0.20747,	Delta[s+](3) = 0.435485,	Delta[s+](4) = 0.435485,	Delta[s+](5) = 0.303422,	Delta[s+](6) = 0.130536,	Delta[s+](7) = 0.303422,	Delta[s+](8) = 0.20747,	Delta[s+](9) = 0.130536,	Delta[s+](10) = 0.0394912,	Delta[s+](11) = 0.130536,	Delta[s+](12) = 0.435485,	Delta[s+](13) = 0.303422,	Delta[s+](14) = 0.130536,	Delta[s+](15) = 0.303422
The 6-th iteration is completed.	|| time cost : 0h 3m 58.632s
********************************************************************************************************************
********************************************************************************************************************
Ground state is obtained after 7 iterations. The current ground-state energy is -28.9423, in which electron energy is -28.9424 and phonon energy is 0.000125677
final variational state is: 
	Gamma_x = [      1,1.00268,1.00126,1.00268,1.00268,1.00133,1.00007,1.00133,1.00126,1.00007,1.00074,1.00007,1.00268,1.00133,1.00007,1.00133]
	lambda_q = [  0.324958,  0.179185, 0.0867538,  0.179185,  0.179185,  0.089126, 0.0163856,  0.089126, 0.0867538, 0.0163856,-0.0470209, 0.0163856,  0.179185,  0.089126, 0.0163856,  0.089126]
The effective e-e interactions mediated by phonons are: [     1.352,  0.621133,  0.181277,  0.621133,  0.621133,  0.183527,0.00705015,  0.183527,  0.181277,0.00705015, 0.0619797,0.00705015,  0.621133,  0.183527,0.00705015,  0.183527]
The real-space interactions mediated by phonons are: [ -5.02337, -2.05742,-0.291011,-0.754029, -2.51819, -1.41871,-0.291011,-0.452741, -1.04242,-0.452741,-0.291011, -1.41871, -2.51819,-0.754029,-0.291011, -2.05742]
********************************************************************************************************************
o___o  ----------------------------------------
| L |	Time since last clock: 0h 0m 0s
A===A	Time since the beginning: 0h 17m 30.327s
***********************************************

********************************************************************************************************************
Start warm-up calculation for scaling factor 32
open output files: NGSEDWarmUpW6.4Obs.txt
********************************************************************************************************************
Start the 0 rounds of NGS-ED iteration
	effective electronic model is modified as: kinetic energy t = 0.992724
	                                           effective interaction Vq = [   -1.23594,  -0.524323,  -0.148134,  -0.524323,  -0.524323,  -0.150831,-0.00569696,  -0.150831,  -0.148134,-0.00569696, -0.0496875,-0.00569696,  -0.524323,  -0.150831,-0.00569696,  -0.150831]
	PARPACK diagonalization completed after 60 matrix-vector product operations.
	iteration results: : total energy is -27.413672 | electron energy -27.413735 + phonon energy 0.000063 | electron momentum kIdx = 0
	Nq(0) = 12.25,	Nq(1) = 0.161277,	Nq(2) = 0.188193,	Nq(3) = 0.161277,	Nq(4) = 0.161277,	Nq(5) = 0.206161,	Nq(6) = 0.237442,	Nq(7) = 0.206161,	Nq(8) = 0.188193,	Nq(9) = 0.237442,	Nq(10) = 0.279176,	Nq(11) = 0.237442,	Nq(12) = 0.161277,	Nq(13) = 0.206161,	Nq(14) = 0.237442,	Nq(15) = 0.206161,	Sq(0) = 4.0422e-18,	Sq(1) = 0.469404,	Sq(2) = 0.76128,	Sq(3) = 0.469404,	Sq(4) = 0.469404,	Sq(5) = 0.627542,	Sq(6) = 1.05086,	Sq(7) = 0.627542,	Sq(8) = 0.76128,	Sq(9) = 1.05086,	Sq(10) = 2.56114,	Sq(11) = 1.05086,	Sq(12) = 0.469404,	Sq(13) = 0.627542,	Sq(14) = 1.05086,	Sq(15) = 0.627542,	N(0) = 1.76336,	N(1) = 1.6044,	N(2) = 0.313223,	N(3) = 1.6044,	N(4) = 1.6044,	N(5) = 0.997796,	N(6) = 0.25974,	N(7) = 0.997796,	N(8) = 0.313223,	N(9) = 0.25974,	N(10) = 0.162448,	N(11) = 0.25974,	N(12) = 1.6044,	N(13) = 0.997796,	N(14) = 0.25974,	N(15) = 0.997796,	Delta[s](0) = 0.0813156,	Delta[s](1) = 0.0611691,	Delta[s](2) = 0.0370724,	Delta[s](3) = 0.0611691,	Delta[s](4) = 0.0611691,	Delta[s](5) = 0.0441855,	Delta[s](6) = 0.0210592,	Delta[s](7) = 0.0441855,	Delta[s](8) = 0.0370724,	Delta[s](9) = 0.0210592,	Delta[s](10) = 0.00142541,	Delta[s](11) = 0.0210592,	Delta[s](12) = 0.0611691,	Delta[s](13) = 0.0441855,	Delta[s](14) = 0.0210592,	Delta[s](15) = 0.0441855,	Delta[d](0) = 0.300662,	Delta[d](1) = 0.201559,	Delta[d](2) = 0.210927,	Delta[d](3) = 0.201559,	Delta[d](4) = 0.201559,	Delta[d](5) = 0.186985,	Delta[d](6) = 0.139507,	Delta[d](7) = 0.186985,	Delta[d](8) = 0.210927,	Delta[d](9) = 0.139507,	Delta[d](10) = 0.0572636,	Delta[d](11) = 0.139507,	Delta[d](12) = 0.201559,	Delta[d](13) = 0.186985,	Delta[d](14) = 0.139507,	Delta[d](15) = 0.186985,	Delta[s+](0) = 0.592936,	Delta[s+](1) = 0.441283,	Delta[s+](2) = 0.210927,	Delta[s+](3) = 0.441283,	Delta[s+](4) = 0.441283,	Delta[s+](5) = 0.307819,	Delta[s+](6) = 0.132997,	Delta[s+](7) = 0.307819,	Delta[s+](8) = 0.210927,	Delta[s+](9) = 0.132997,	Delta[s+](10) = 0.0405419,	Delta[s+](11) = 0.132997,	Delta[s+](12) = 0.441283,	Delta[s+](13) = 0.307819,	Delta[s+](14) = 0.132997,	Delta[s+](15) = 0.307819
The 0-th iteration is completed.	|| time cost : 0h 4m 4.965s
********************************************************************************************************************
Start the 1 rounds of NGS-ED iteration
	effective electronic model is modified as: kinetic energy t = 0.991428
	                                           effective interaction Vq = [   -1.31973,  -0.556343,  -0.153785,  -0.556343,  -0.556343,  -0.157391,-0.00584724,  -0.157391,  -0.153785,-0.00584724, -0.0504915,-0.00584724,  -0.556343,  -0.157391,-0.00584724,  -0.157391]
	PARPACK diagonalization completed after 45 matrix-vector product operations.
	iteration results: : total energy is -28.446244 | electron energy -28.446473 + phonon energy 0.000229 | electron momentum kIdx = 0
The 1-th iteration is completed.	|| time cost : 0h 0m 24.468s
********************************************************************************************************************
Start the 2 rounds of NGS-ED iteration
	effective electronic model is modified as: kinetic energy t = 0.990928
	                                           effective interaction Vq = [   -1.34303,  -0.567505,  -0.155453,  -0.567505,  -0.567505,  -0.159391,-0.00588719,  -0.159391,  -0.155453,-0.00588719,  -0.050697,-0.00588719,  -0.567505,  -0.159391,-0.00588719,  -0.159391]
	PARPACK diagonalization completed after 45 matrix-vector product operations.
	iteration results: : total energy is -28.732514 | electron energy -28.732855 + phonon energy 0.000342 | electron momentum kIdx = 0
The 2-th iteration is completed.	|| time cost : 0h 0m 24.413s
********************************************************************************************************************
Start the 3 rounds of NGS-ED iteration
	effective electronic model is modified as: kinetic energy t = 0.990739
	                                           effective interaction Vq = [   -1.34951,  -0.571654,  -0.155961,  -0.571654,  -0.571654,  -0.160022,-0.00589802,  -0.160022,  -0.155961,-0.00589802, -0.0507508,-0.00589802,  -0.571654,  -0.160022,-0.00589802,  -0.160022]
	PARPACK diagonalization completed after 45 matrix-vector product operations.
	iteration results: : total energy is -28.811990 | electron energy -28.812389 + phonon energy 0.000398 | electron momentum kIdx = 0
The 3-th iteration is completed.	|| time cost : 0h 0m 24.436s
********************************************************************************************************************
Start the 4 rounds of NGS-ED iteration
	effective electronic model is modified as: kinetic energy t = 0.990669
	                                           effective interaction Vq = [   -1.35131,   -0.57324,  -0.156118,   -0.57324,   -0.57324,  -0.160224,-0.00590098,  -0.160224,  -0.156118,-0.00590098, -0.0507652,-0.00590098,   -0.57324,  -0.160224,-0.00590098,  -0.160224]
	PARPACK diagonalization completed after 45 matrix-vector product operations.
	iteration results: : total energy is -28.834071 | electron energy -28.834494 + phonon energy 0.000423 | electron momentum kIdx = 0
The 4-th iteration is completed.	|| time cost : 0h 0m 24.397s
********************************************************************************************************************
Start the 5 rounds of NGS-ED iteration
	effective electronic model is modified as: kinetic energy t = 0.990642
	                                           effective interaction Vq = [  -1.35181, -0.573854, -0.156166, -0.573854, -0.573854, -0.160289,-0.0059018, -0.160289, -0.156166,-0.0059018,-0.0507691,-0.0059018, -0.573854, -0.160289,-0.0059018, -0.160289]
	PARPACK diagonalization completed after 30 matrix-vector product operations.
	iteration results: : total energy is -28.840208 | electron energy -28.840641 + phonon energy 0.000433 | electron momentum kIdx = 0
The 5-th iteration is completed.	|| time cost : 0h 0m 21.643s
********************************************************************************************************************
Start the 6 rounds of NGS-ED iteration
	effective electronic model is modified as: kinetic energy t = 0.990632
	                                           effective interaction Vq = [   -1.35195,  -0.574093,  -0.156181,  -0.574093,  -0.574093,   -0.16031,-0.00590203,   -0.16031,  -0.156181,-0.00590203, -0.0507703,-0.00590203,  -0.574093,   -0.16031,-0.00590203,   -0.16031]
	PARPACK diagonalization completed after 30 matrix-vector product operations.
	iteration results: : total energy is -28.841914 | electron energy -28.842351 + phonon energy 0.000437 | electron momentum kIdx = 0
The 6-th iteration is completed.	|| time cost : 0h 0m 21.608s
********************************************************************************************************************
Start the 7 rounds of NGS-ED iteration
	effective electronic model is modified as: kinetic energy t = 0.990628
	                                           effective interaction Vq = [   -1.35199,  -0.574186,  -0.156186,  -0.574186,  -0.574186,  -0.160317,-0.00590209,  -0.160317,  -0.156186,-0.00590209, -0.0507706,-0.00590209,  -0.574186,  -0.160317,-0.00590209,  -0.160317]
	PARPACK diagonalization completed after 30 matrix-vector product operations.
	iteration results: : total energy is -28.842388 | electron energy -28.842827 + phonon energy 0.000439 | electron momentum kIdx = 0
The 7-th iteration is completed.	|| time cost : 0h 0m 21.664s
********************************************************************************************************************
Start the 8 rounds of NGS-ED iteration
	effective electronic model is modified as: kinetic energy t = 0.990627
	                                           effective interaction Vq = [     -1.352,  -0.574222,  -0.156187,  -0.574222,  -0.574222,  -0.160319,-0.00590211,  -0.160319,  -0.156187,-0.00590211, -0.0507707,-0.00590211,  -0.574222,  -0.160319,-0.00590211,  -0.160319]
	PARPACK diagonalization completed after 30 matrix-vector product operations.
	iteration results: : total energy is -28.842520 | electron energy -28.842959 + phonon energy 0.000440 | electron momentum kIdx = 0
	Nq(0) = 12.25,	Nq(1) = 0.161894,	Nq(2) = 0.188196,	Nq(3) = 0.161894,	Nq(4) = 0.161894,	Nq(5) = 0.206106,	Nq(6) = 0.237303,	Nq(7) = 0.206106,	Nq(8) = 0.188196,	Nq(9) = 0.237303,	Nq(10) = 0.279092,	Nq(11) = 0.237303,	Nq(12) = 0.161894,	Nq(13) = 0.206106,	Nq(14) = 0.237303,	Nq(15) = 0.206106,	Sq(0) = 1.39626e-19,	Sq(1) = 0.468864,	Sq(2) = 0.761044,	Sq(3) = 0.468864,	Sq(4) = 0.468864,	Sq(5) = 0.627376,	Sq(6) = 1.05137,	Sq(7) = 0.627376,	Sq(8) = 0.761044,	Sq(9) = 1.05137,	Sq(10) = 2.56079,	Sq(11) = 1.05137,	Sq(12) = 0.468864,	Sq(13) = 0.627376,	Sq(14) = 1.05137,	Sq(15) = 0.627376,	N(0) = 1.76352,	N(1) = 1.60483,	N(2) = 0.313149,	N(3) = 1.60483,	N(4) = 1.60483,	N(5) = 0.997537,	N(6) = 0.259524,	N(7) = 0.997537,	N(8) = 0.313149,	N(9) = 0.259524,	N(10) = 0.16261,	N(11) = 0.259524,	N(12) = 1.60483,	N(13) = 0.997537,	N(14) = 0.259524,	N(15) = 0.997537,	Delta[s](0) = 0.0812788,	Delta[s](1) = 0.0611803,	Delta[s](2) = 0.0371286,	Delta[s](3) = 0.0611803,	Delta[s](4) = 0.0611803,	Delta[s](5) = 0.044231,	Delta[s](6) = 0.0211509,	Delta[s](7) = 0.044231,	Delta[s](8) = 0.0371286,	Delta[s](9) = 0.0211509,	Delta[s](10) = 0.00156202,	Delta[s](11) = 0.0211509,	Delta[s](12) = 0.0611803,	Delta[s](13) = 0.044231,	Delta[s](14) = 0.0211509,	Delta[s](15) = 0.044231,	Delta[d](0) = 0.306973,	Delta[d](1) = 0.205434,	Delta[d](2) = 0.214731,	Delta[d](3) = 0.205434,	Delta[d](4) = 0.205434,	Delta[d](5) = 0.190456,	Delta[d](6) = 0.142048,	Delta[d](7) = 0.190456,	Delta[d](8) = 0.214731,	Delta[d](9) = 0.142048,	Delta[d](10) = 0.0584833,	Delta[d](11) = 0.142048,	Delta[d](12) = 0.205434,	Delta[d](13) = 0.190456,	Delta[d](14) = 0.142048,	Delta[d](15) = 0.190456,	Delta[s+](0) = 0.603266,	Delta[s+](1) = 0.448971,	Delta[s+](2) = 0.214731,	Delta[s+](3) = 0.448971,	Delta[s+](4) = 0.448971,	Delta[s+](5) = 0.313163,	Delta[s+](6) = 0.135404,	Delta[s+](7) = 0.313163,	Delta[s+](8) = 0.214731,	Delta[s+](9) = 0.135404,	Delta[s+](10) = 0.0413668,	Delta[s+](11) = 0.135404,	Delta[s+](12) = 0.448971,	Delta[s+](13) = 0.313163,	Delta[s+](14) = 0.135404,	Delta[s+](15) = 0.313163
The 8-th iteration is completed.	|| time cost : 0h 4m 2.761s
********************************************************************************************************************
********************************************************************************************************************
Ground state is obtained after 9 iterations. The current ground-state energy is -28.8425, in which electron energy is -28.843 and phonon energy is 0.000439608
final variational state is: 
	Gamma_x = [      1,1.00735,1.00293,1.00735,1.00735,1.00319,1.00015,1.00319,1.00293,1.00015,1.00156,1.00015,1.00735,1.00319,1.00015,1.00319]
	lambda_q = [  0.459195,  0.210841, 0.0940383,  0.210841,  0.210841,  0.098036, 0.0172502,  0.098036, 0.0940383, 0.0172502,-0.0484719, 0.0172502,  0.210841,  0.098036, 0.0172502,  0.098036]
The effective e-e interactions mediated by phonons are: [     1.352,  0.574236,  0.156188,  0.574236,  0.574236,  0.160319,0.00590211,  0.160319,  0.156188,0.00590211, 0.0507707,0.00590211,  0.574236,  0.160319,0.00590211,  0.160319]
The real-space interactions mediated by phonons are: [ -4.67698, -2.01292,-0.359714,-0.813689,  -2.4379, -1.42885,-0.359714,-0.527788, -1.07387,-0.527788,-0.359714, -1.42885,  -2.4379,-0.813689,-0.359714, -2.01292]
********************************************************************************************************************
o___o  ----------------------------------------
| L |	Time since last clock: 0h 0m 0s
A===A	Time since the beginning: 0h 28m 20.686s
***********************************************

********************************************************************************************************************
Start warm-up calculation for scaling factor 16
open output files: NGSEDWarmUpW3.2Obs.txt
********************************************************************************************************************
Start the 0 rounds of NGS-ED iteration
	effective electronic model is modified as: kinetic energy t = 0.990626
	                                           effective interaction Vq = [    -1.2355,  -0.464969,  -0.122163,  -0.464969,  -0.464969,  -0.126102,-0.00456785,  -0.126102,  -0.122163,-0.00456785, -0.0390146,-0.00456785,  -0.464969,  -0.126102,-0.00456785,  -0.126102]
	PARPACK diagonalization completed after 60 matrix-vector product operations.
	iteration results: : total energy is -27.299805 | electron energy -27.300025 + phonon energy 0.000220 | electron momentum kIdx = 0
	Nq(0) = 12.25,	Nq(1) = 0.160219,	Nq(2) = 0.187286,	Nq(3) = 0.160219,	Nq(4) = 0.160219,	Nq(5) = 0.205163,	Nq(6) = 0.236595,	Nq(7) = 0.205163,	Nq(8) = 0.187286,	Nq(9) = 0.236595,	Nq(10) = 0.277902,	Nq(11) = 0.236595,	Nq(12) = 0.160219,	Nq(13) = 0.205163,	Nq(14) = 0.236595,	Nq(15) = 0.205163,	Sq(0) = 2.96744e-18,	Sq(1) = 0.469823,	Sq(2) = 0.762404,	Sq(3) = 0.469823,	Sq(4) = 0.469823,	Sq(5) = 0.628179,	Sq(6) = 1.05258,	Sq(7) = 0.628179,	Sq(8) = 0.762404,	Sq(9) = 1.05258,	Sq(10) = 2.56249,	Sq(11) = 1.05258,	Sq(12) = 0.469823,	Sq(13) = 0.628179,	Sq(14) = 1.05258,	Sq(15) = 0.628179,	N(0) = 1.76105,	N(1) = 1.60107,	N(2) = 0.316111,	N(3) = 1.60107,	N(4) = 1.60107,	N(5) = 0.998015,	N(6) = 0.261669,	N(7) = 0.998015,	N(8) = 0.316111,	N(9) = 0.261669,	N(10) = 0.163701,	N(11) = 0.261669,	N(12) = 1.60107,	N(13) = 0.998015,	N(14) = 0.261669,	N(15) = 0.998015,	Delta[s](0) = 0.0803355,	Delta[s](1) = 0.0604502,	Delta[s](2) = 0.0367058,	Delta[s](3) = 0.0604502,	Delta[s](4) = 0.0604502,	Delta[s](5) = 0.0436447,	Delta[s](6) = 0.0208795,	Delta[s](7) = 0.0436447,	Delta[s](8) = 0.0367058,	Delta[s](9) = 0.0208795,	Delta[s](10) = 0.00154733,	Delta[s](11) = 0.0208795,	Delta[s](12) = 0.0604502,	Delta[s](13) = 0.0436447,	Delta[s](14) = 0.0208795,	Delta[s](15) = 0.0436447,	Delta[d](0) = 0.308843,	Delta[d](1) = 0.20879,	Delta[d](2) = 0.217998,	Delta[d](3) = 0.20879,	Delta[d](4) = 0.20879,	Delta[d](5) = 0.193463,	Delta[d](6) = 0.144577,	Delta[d](7) = 0.193463,	Delta[d](8) = 0.217998,	Delta[d](9) = 0.144577,	Delta[d](10) = 0.059477,	Delta[d](11) = 0.144577,	Delta[d](12) = 0.20879,	Delta[d](13) = 0.193463,	Delta[d](14) = 0.144577,	Delta[d](15) = 0.193463,	Delta[s+](0) = 0.61076,	Delta[s+](1) = 0.454684,	Delta[s+](2) = 0.217998,	Delta[s+](3) = 0.454684,	Delta[s+](4) = 0.454684,	Delta[s+](5) = 0.317452,	Delta[s+](6) = 0.137687,	Delta[s+](7) = 0.317452,	Delta[s+](8) = 0.217998,	Delta[s+](9) = 0.137687,	Delta[s+](10) = 0.0422612,	Delta[s+](11) = 0.137687,	Delta[s+](12) = 0.454684,	Delta[s+](13) = 0.317452,	Delta[s+](14) = 0.137687,	Delta[s+](15) = 0.317452
The 0-th iteration is completed.	|| time cost : 0h 4m 4.608s
********************************************************************************************************************
Start the 1 rounds of NGS-ED iteration
	effective electronic model is modified as: kinetic energy t = 0.990504
	                                           effective interaction Vq = [   -1.29057,  -0.473393,  -0.120114,  -0.473393,  -0.473393,   -0.12493,-0.00442013,   -0.12493,  -0.120114,-0.00442013, -0.0372505,-0.00442013,  -0.473393,   -0.12493,-0.00442013,   -0.12493]
	PARPACK diagonalization completed after 45 matrix-vector product operations.
	iteration results: : total energy is -27.975110 | electron energy -27.975597 + phonon energy 0.000486 | electron momentum kIdx = 0
The 1-th iteration is completed.	|| time cost : 0h 0m 24.591s
********************************************************************************************************************
Start the 2 rounds of NGS-ED iteration
	effective electronic model is modified as: kinetic energy t = 0.990409
	                                           effective interaction Vq = [   -1.31961,  -0.477988,  -0.119288,  -0.477988,  -0.477988,  -0.124446,-0.00436459,  -0.124446,  -0.119288,-0.00436459, -0.0366468,-0.00436459,  -0.477988,  -0.124446,-0.00436459,  -0.124446]
	PARPACK diagonalization completed after 45 matrix-vector product operations.
	iteration results: : total energy is -28.331028 | electron energy -28.331715 + phonon energy 0.000687 | electron momentum kIdx = 0
The 2-th iteration is completed.	|| time cost : 0h 0m 24.53s
********************************************************************************************************************
Start the 3 rounds of NGS-ED iteration
	effective electronic model is modified as: kinetic energy t = 0.990346
	                                           effective interaction Vq = [   -1.33492,   -0.48052,  -0.118959,   -0.48052,   -0.48052,  -0.124251,-0.00434392,  -0.124251,  -0.118959,-0.00434392, -0.0364433,-0.00434392,   -0.48052,  -0.124251,-0.00434392,  -0.124251]
	PARPACK diagonalization completed after 45 matrix-vector product operations.
	iteration results: : total energy is -28.518657 | electron energy -28.519475 + phonon energy 0.000818 | electron momentum kIdx = 0
The 3-th iteration is completed.	|| time cost : 0h 0m 24.573s
********************************************************************************************************************
Start the 4 rounds of NGS-ED iteration
	effective electronic model is modified as: kinetic energy t = 0.990307
	                                           effective interaction Vq = [   -1.34299,  -0.481926,   -0.11883,  -0.481926,  -0.481926,  -0.124173,-0.00433627,  -0.124173,   -0.11883,-0.00433627, -0.0363752,-0.00433627,  -0.481926,  -0.124173,-0.00433627,  -0.124173]
	PARPACK diagonalization completed after 45 matrix-vector product operations.
	iteration results: : total energy is -28.617579 | electron energy -28.618478 + phonon energy 0.000899 | electron momentum kIdx = 0
The 4-th iteration is completed.	|| time cost : 0h 0m 24.519s
********************************************************************************************************************
Start the 5 rounds of NGS-ED iteration
	effective electronic model is modified as: kinetic energy t = 0.990284
	                                           effective interaction Vq = [   -1.34725,   -0.48271,   -0.11878,   -0.48271,   -0.48271,  -0.124144,-0.00433345,  -0.124144,   -0.11878,-0.00433345, -0.0363527,-0.00433345,   -0.48271,  -0.124144,-0.00433345,  -0.124144]
	PARPACK diagonalization completed after 45 matrix-vector product operations.
	iteration results: : total energy is -28.669737 | electron energy -28.670684 + phonon energy 0.000947 | electron momentum kIdx = 0
The 5-th iteration is completed.	|| time cost : 0h 0m 24.579s
********************************************************************************************************************
Start the 6 rounds of NGS-ED iteration
	effective electronic model is modified as: kinetic energy t = 0.990271
	                                           effective interaction Vq = [    -1.3495,  -0.483149,  -0.118762,  -0.483149,  -0.483149,  -0.124133,-0.00433241,  -0.124133,  -0.118762,-0.00433241, -0.0363454,-0.00433241,  -0.483149,  -0.124133,-0.00433241,  -0.124133]
	PARPACK diagonalization completed after 30 matrix-vector product operations.
	iteration results: : total energy is -28.697237 | electron energy -28.698213 + phonon energy 0.000976 | electron momentum kIdx = 0
The 6-th iteration is completed.	|| time cost : 0h 0m 21.688s
********************************************************************************************************************
Start the 7 rounds of NGS-ED iteration
	effective electronic model is modified as: kinetic energy t = 0.990263
	                                           effective interaction Vq = [   -1.35068,  -0.483396,  -0.118755,  -0.483396,  -0.483396,  -0.124129,-0.00433203,  -0.124129,  -0.118755,-0.00433203, -0.0363431,-0.00433203,  -0.483396,  -0.124129,-0.00433203,  -0.124129]
	PARPACK diagonalization completed after 30 matrix-vector product operations.
	iteration results: : total energy is -28.711738 | electron energy -28.712730 + phonon energy 0.000992 | electron momentum kIdx = 0
The 7-th iteration is completed.	|| time cost : 0h 0m 21.695s
********************************************************************************************************************
Start the 8 rounds of NGS-ED iteration
	effective electronic model is modified as: kinetic energy t = 0.990258
	                                           effective interaction Vq = [   -1.3513, -0.483534, -0.118753, -0.483534, -0.483534, -0.124128,-0.0043319, -0.124128, -0.118753,-0.0043319,-0.0363424,-0.0043319, -0.483534, -0.124128,-0.0043319, -0.124128]
	PARPACK diagonalization completed after 30 matrix-vector product operations.
	iteration results: : total energy is -28.719384 | electron energy -28.720386 + phonon energy 0.001002 | electron momentum kIdx = 0
The 8-th iteration is completed.	|| time cost : 0h 0m 21.682s
********************************************************************************************************************
Start the 9 rounds of NGS-ED iteration
	effective electronic model is modified as: kinetic energy t = 0.990256
	                                           effective interaction Vq = [   -1.35163,  -0.483613,  -0.118752,  -0.483613,  -0.483613,  -0.124128,-0.00433185,  -0.124128,  -0.118752,-0.00433185, -0.0363422,-0.00433185,  -0.483613,  -0.124128,-0.00433185,  -0.124128]
	PARPACK diagonalization completed after 30 matrix-vector product operations.
	iteration results: : total energy is -28.723415 | electron energy -28.724423 + phonon energy 0.001007 | electron momentum kIdx = 0
The 9-th iteration is completed.	|| time cost : 0h 0m 21.705s
********************************************************************************************************************
Start the 10 rounds of NGS-ED iteration
	effective electronic model is modified as: kinetic energy t = 0.990254
	                                           effective interaction Vq = [   -1.35181,  -0.483657,  -0.118752,  -0.483657,  -0.483657,  -0.124128,-0.00433183,  -0.124128,  -0.118752,-0.00433183, -0.0363421,-0.00433183,  -0.483657,  -0.124128,-0.00433183,  -0.124128]
	PARPACK diagonalization completed after 30 matrix-vector product operations.
	iteration results: : total energy is -28.725541 | electron energy -28.726552 + phonon energy 0.001010 | electron momentum kIdx = 0
	Nq(0) = 12.25,	Nq(1) = 0.160466,	Nq(2) = 0.187197,	Nq(3) = 0.160466,	Nq(4) = 0.160466,	Nq(5) = 0.205041,	Nq(6) = 0.23653,	Nq(7) = 0.205041,	Nq(8) = 0.187197,	Nq(9) = 0.23653,	Nq(10) = 0.277804,	Nq(11) = 0.23653,	Nq(12) = 0.160466,	Nq(13) = 0.205041,	Nq(14) = 0.23653,	Nq(15) = 0.205041,	Sq(0) = 1.53418e-19,	Sq(1) = 0.469578,	Sq(2) = 0.762368,	Sq(3) = 0.469578,	Sq(4) = 0.469578,	Sq(5) = 0.628122,	Sq(6) = 1.05296,	Sq(7) = 0.628122,	Sq(8) = 0.762368,	Sq(9) = 1.05296,	Sq(10) = 2.56228,	Sq(11) = 1.05296,	Sq(12) = 0.469578,	Sq(13) = 0.628122,	Sq(14) = 1.05296,	Sq(15) = 0.628122,	N(0) = 1.76099,	N(1) = 1.6011,	N(2) = 0.316284,	N(3) = 1.6011,	N(4) = 1.6011,	N(5) = 0.997889,	N(6) = 0.261669,	N(7) = 0.997889,	N(8) = 0.316284,	N(9) = 0.261669,	N(10) = 0.163824,	N(11) = 0.261669,	N(12) = 1.6011,	N(13) = 0.997889,	N(14) = 0.261669,	N(15) = 0.997889,	Delta[s](0) = 0.0802949,	Delta[s](1) = 0.060431,	Delta[s](2) = 0.0367089,	Delta[s](3) = 0.060431,	Delta[s](4) = 0.060431,	Delta[s](5) = 0.0436385,	Delta[s](6) = 0.0208983,	Delta[s](7) = 0.0436385,	Delta[s](8) = 0.0367089,	Delta[s](9) = 0.0208983,	Delta[s](10) = 0.00158834,	Delta[s](11) = 0.0208983,	Delta[s](12) = 0.060431,	Delta[s](13) = 0.0436385,	Delta[s](14) = 0.0208983,	Delta[s](15) = 0.0436385,	Delta[d](0) = 0.321871,	Delta[d](1) = 0.217484,	Delta[d](2) = 0.226919,	Delta[d](3) = 0.217484,	Delta[d](4) = 0.217484,	Delta[d](5) = 0.201436,	Delta[d](6) = 0.150517,	Delta[d](7) = 0.201436,	Delta[d](8) = 0.226919,	Delta[d](9) = 0.150517,	Delta[d](10) = 0.0620011,	Delta[d](11) = 0.150517,	Delta[d](12) = 0.217484,	Delta[d](13) = 0.201436,	Delta[d](14) = 0.150517,	Delta[d](15) = 0.201436,	Delta[s+](0) = 0.635509,	Delta[s+](1) = 0.473116,	Delta[s+](2) = 0.226919,	Delta[s+](3) = 0.473116,	Delta[s+](4) = 0.473116,	Delta[s+](5) = 0.330316,	Delta[s+](6) = 0.143326,	Delta[s+](7) = 0.330316,	Delta[s+](8) = 0.226919,	Delta[s+](9) = 0.143326,	Delta[s+](10) = 0.0440355,	Delta[s+](11) = 0.143326,	Delta[s+](12) = 0.473116,	Delta[s+](13) = 0.330316,	Delta[s+](14) = 0.143326,	Delta[s+](15) = 0.330316
The 10-th iteration is completed.	|| time cost : 0h 3m 58.285s
