SNEDics v3.4 Non-Gaussian ED ground state program		Start at Sun Sep 22 02:58:50 2019

parallized on 16 MPI threads  * 8 OpenMP threads = 128 total threads.
********************************************************************************************************************
********************************************************************************************************************

********************************************************************************************************************
System parameters and configurations
********************************************************************************************************************
Special program options are enabled: splitted diagonal Hamiltonian
********************************************************************************************************************
Read input file "model_params.in"
	Hubbard-Holstein model parameters : 	t = 1    U = 5.9    g = 4.1833    W = 5    
********************************************************************************************************************
Read input file "hilbertspace_params.in"
	Requested 16-site 2D lattice, with 16 electrons (8, 8)
	Boundary : Periodic		Hilbert space representation : momentum-space (restricted to kIdx = 10)
	Conservation: particle number[U(1)]      spin[U(1)]     momentum
********************************************************************************************************************

Cluster Positions:				Cluster symmetry group : D4
 x ... x ... x ... x .....                       x ... x ... x ... x .....
 |           |           :                       |           |           :
 |           |           :                       |           |           :
12    13    14    15     x                       1     5     6     5     x
 |           |           :                       |           |           :
 |           |           :                       |           |           :
 8 --- 9 ---10 ---11 --- x                       2 --- 6 ---10 --- 6 --- x
 |           |           :                       |           |           :
 |           |           :                       |           |           :
 4     5     6     7     x                       1     5     6     5     x
 |           |           :                       |           |           :
 |           |           :                       |           |           :
 0 --- 1 --- 2 --- 3 --- x                       0 --- 1 --- 2 --- 1 --- x
orbital number : 1
********************************************************************************************************************
Read input file "obs_params.in"
	Observable Type : Nq(All),   Sq(All),   N(All),   Delta[s](All),   Delta[d](All),   Delta[s+](All)
********************************************************************************************************************
** WARNING ** the input observables have non-local factors which have been reinterpreted. The total observable number is 96
********************************************************************************************************************


********************************************************************************************************************
Start calculating the non-Gaussian ED ground state
** WARNING ** Detected low phonon energy W < 10. The initial state will be prepared through a warm-up process.
********************************************************************************************************************
Start warm-up calculation for scaling factor 2
open output files: NGSEDWarmUpW10Obs.txt
********************************************************************************************************************
Start the 0 rounds of NGS-ED iteration
	effective electronic model is modified as: kinetic energy t = 1
	                                           effective interaction Vq = [-0,-0,-0,-0,-0,-0,-0,-0,-0,-0,-0,-0,-0,-0,-0,-0]
	first Hamiltonian is constructed, non-zero numbers = 2845334624
	PARPACK diagonalization completed after 90 matrix-vector product operations.
	iteration results: : total energy is -10.490434 | electron energy -10.490434 + phonon energy 0.000000 | electron momentum kIdx = 10
	Nq(0) = 16,	Nq(1) = 0.102877,	Nq(2) = 0.165213,	Nq(3) = 0.102877,	Nq(4) = 0.102877,	Nq(5) = 0.165213,	Nq(6) = 0.224671,	Nq(7) = 0.165213,	Nq(8) = 0.165213,	Nq(9) = 0.224671,	Nq(10) = 0.277016,	Nq(11) = 0.224671,	Nq(12) = 0.102877,	Nq(13) = 0.165213,	Nq(14) = 0.224671,	Nq(15) = 0.165213,	Sq(0) = -8.69971e-20,	Sq(1) = 0.267845,	Sq(2) = 0.400871,	Sq(3) = 0.267845,	Sq(4) = 0.267845,	Sq(5) = 0.400871,	Sq(6) = 0.590044,	Sq(7) = 0.400871,	Sq(8) = 0.400871,	Sq(9) = 0.590044,	Sq(10) = 7.58473,	Sq(11) = 0.590044,	Sq(12) = 0.267845,	Sq(13) = 0.400871,	Sq(14) = 0.590044,	Sq(15) = 0.400871,	N(0) = 1.86034,	N(1) = 1.70089,	N(2) = 1,	N(3) = 1.70089,	N(4) = 1.70089,	N(5) = 1,	N(6) = 0.299107,	N(7) = 1,	N(8) = 1,	N(9) = 0.299107,	N(10) = 0.139664,	N(11) = 0.299107,	N(12) = 1.70089,	N(13) = 1,	N(14) = 0.299107,	N(15) = 1,	Delta[s](0) = 0.122285,	Delta[s](1) = 0.103421,	Delta[s](2) = 0.0820262,	Delta[s](3) = 0.103421,	Delta[s](4) = 0.103421,	Delta[s](5) = 0.0820262,	Delta[s](6) = 0.0595903,	Delta[s](7) = 0.0820262,	Delta[s](8) = 0.0820262,	Delta[s](9) = 0.0595903,	Delta[s](10) = 0.0227546,	Delta[s](11) = 0.0595903,	Delta[s](12) = 0.103421,	Delta[s](13) = 0.0820262,	Delta[s](14) = 0.0595903,	Delta[s](15) = 0.0820262,	Delta[d](0) = 0.539437,	Delta[d](1) = 0.433872,	Delta[d](2) = 0.361356,	Delta[d](3) = 0.433872,	Delta[d](4) = 0.433872,	Delta[d](5) = 0.394359,	Delta[d](6) = 0.32818,	Delta[d](7) = 0.394359,	Delta[d](8) = 0.361356,	Delta[d](9) = 0.32818,	Delta[d](10) = 0.266372,	Delta[d](11) = 0.32818,	Delta[d](12) = 0.433872,	Delta[d](13) = 0.394359,	Delta[d](14) = 0.32818,	Delta[d](15) = 0.394359,	Delta[s+](0) = 0.59984,	Delta[s+](1) = 0.497887,	Delta[s+](2) = 0.361356,	Delta[s+](3) = 0.497887,	Delta[s+](4) = 0.497887,	Delta[s+](5) = 0.361356,	Delta[s+](6) = 0.226465,	Delta[s+](7) = 0.361356,	Delta[s+](8) = 0.361356,	Delta[s+](9) = 0.226465,	Delta[s+](10) = 0.112366,	Delta[s+](11) = 0.226465,	Delta[s+](12) = 0.497887,	Delta[s+](13) = 0.361356,	Delta[s+](14) = 0.226465,	Delta[s+](15) = 0.361356
The 0-th iteration is completed.	|| time cost : 0h 10m 57.457s
********************************************************************************************************************
Start the 1 rounds of NGS-ED iteration
	effective electronic model is modified as: kinetic energy t = 0.920879
	                                           effective interaction Vq = [-3.02633,-2.67685,-2.59634,-2.67685,-2.67685,-2.59634,-2.55625,-2.59634,-2.59634,-2.55625,-2.52211,-2.55625,-2.67685,-2.59634,-2.55625,-2.59634]
	PARPACK diagonalization completed after 45 matrix-vector product operations.
	iteration results: : total energy is -68.178344 | electron energy -68.183049 + phonon energy 0.004705 | electron momentum kIdx = 10
The 1-th iteration is completed.	|| time cost : 0h 9m 21.688s
********************************************************************************************************************
Start the 2 rounds of NGS-ED iteration
	effective electronic model is modified as: kinetic energy t = 0.855171
	                                           effective interaction Vq = [ -3.4359,-3.26556, -3.1312,-3.26556,-3.26556, -3.1312,-3.13686, -3.1312, -3.1312,-3.13686,-3.06542,-3.13686,-3.26556, -3.1312,-3.13686, -3.1312]
	PARPACK diagonalization completed after 45 matrix-vector product operations.
	iteration results: : total energy is -77.181647 | electron energy -77.230695 + phonon energy 0.049048 | electron momentum kIdx = 10
The 2-th iteration is completed.	|| time cost : 0h 0m 42.94s
********************************************************************************************************************
Start the 3 rounds of NGS-ED iteration
	effective electronic model is modified as: kinetic energy t = 0.818819
	                                           effective interaction Vq = [-3.49132,-3.39963,-3.35273,-3.39963,-3.39963,-3.35273,-3.29511,-3.35273,-3.35273,-3.29511,-3.20993,-3.29511,-3.39963,-3.35273,-3.29511,-3.35273]
	PARPACK diagonalization completed after 30 matrix-vector product operations.
	iteration results: : total energy is -78.765273 | electron energy -78.859668 + phonon energy 0.094395 | electron momentum kIdx = 10
The 3-th iteration is completed.	|| time cost : 0h 0m 36.435s
********************************************************************************************************************
Start the 4 rounds of NGS-ED iteration
	effective electronic model is modified as: kinetic energy t = 0.805328
	                                           effective interaction Vq = [-3.49883,-3.43262,-3.40935,-3.43262,-3.43262,-3.40935,-3.34043,-3.40935,-3.40935,-3.34043,-3.25385,-3.34043,-3.43262,-3.40935,-3.34043,-3.40935]
	PARPACK diagonalization completed after 30 matrix-vector product operations.
	iteration results: : total energy is -78.978641 | electron energy -79.097093 + phonon energy 0.118452 | electron momentum kIdx = 10
The 4-th iteration is completed.	|| time cost : 0h 0m 36.093s
********************************************************************************************************************
Start the 5 rounds of NGS-ED iteration
	effective electronic model is modified as: kinetic energy t = 0.800501
	                                           effective interaction Vq = [-3.49984,-3.44234, -3.4263,-3.44234,-3.44234, -3.4263, -3.3552, -3.4263, -3.4263, -3.3552,-3.26868, -3.3552,-3.44234, -3.4263, -3.3552, -3.4263]
	PARPACK diagonalization completed after 30 matrix-vector product operations.
	iteration results: : total energy is -79.006716 | electron energy -79.134915 + phonon energy 0.128199 | electron momentum kIdx = 10
The 5-th iteration is completed.	|| time cost : 0h 0m 36.083s
********************************************************************************************************************
Start the 6 rounds of NGS-ED iteration
	effective electronic model is modified as: kinetic energy t = 0.798796
	                                           effective interaction Vq = [-3.49998,-3.44546,-3.43185,-3.44546,-3.44546,-3.43185, -3.3603,-3.43185,-3.43185, -3.3603,-3.27391, -3.3603,-3.44546,-3.43185, -3.3603,-3.43185]
	PARPACK diagonalization completed after 30 matrix-vector product operations.
	iteration results: : total energy is -79.010381 | electron energy -79.142197 + phonon energy 0.131816 | electron momentum kIdx = 10
The 6-th iteration is completed.	|| time cost : 0h 0m 36.093s
********************************************************************************************************************
Start the 7 rounds of NGS-ED iteration
	effective electronic model is modified as: kinetic energy t = 0.798196
	                                           effective interaction Vq = [    -3.5,-3.44651,-3.43373,-3.44651,-3.44651,-3.43373,-3.36211,-3.43373,-3.43373,-3.36211,-3.27578,-3.36211,-3.44651,-3.43373,-3.36211,-3.43373]
	PARPACK diagonalization completed after 105 matrix-vector product operations.
	iteration results: : total energy is -79.291500 | electron energy -79.424617 + phonon energy 0.133118 | electron momentum kIdx = 10
The 7-th iteration is completed.	|| time cost : 0h 1m 11.172s
********************************************************************************************************************
Start the 8 rounds of NGS-ED iteration
	effective electronic model is modified as: kinetic energy t = 0.795184
	                                           effective interaction Vq = [    -3.5,-3.44302,-3.44251,-3.44302,-3.44302,-3.44251,-3.35645,-3.44251,-3.44251,-3.35645,-3.35438,-3.35645,-3.44302,-3.44251,-3.35645,-3.44251]
	PARPACK diagonalization completed after 45 matrix-vector product operations.
	iteration results: : total energy is -79.314896 | electron energy -79.451786 + phonon energy 0.136889 | electron momentum kIdx = 10
The 8-th iteration is completed.	|| time cost : 0h 0m 43.118s
********************************************************************************************************************
Start the 9 rounds of NGS-ED iteration
	effective electronic model is modified as: kinetic energy t = 0.793913
	                                           effective interaction Vq = [    -3.5,-3.44193,-3.44495,-3.44193,-3.44193,-3.44495,-3.35453,-3.44495,-3.44495,-3.35453,-3.38616,-3.35453,-3.44193,-3.44495,-3.35453,-3.44495]
	PARPACK diagonalization completed after 45 matrix-vector product operations.
	iteration results: : total energy is -79.320961 | electron energy -79.460765 + phonon energy 0.139803 | electron momentum kIdx = 10
The 9-th iteration is completed.	|| time cost : 0h 0m 43.157s
********************************************************************************************************************
Start the 10 rounds of NGS-ED iteration
	effective electronic model is modified as: kinetic energy t = 0.793145
	                                           effective interaction Vq = [    -3.5, -3.4419,-3.44443, -3.4419, -3.4419,-3.44443,-3.35441,-3.44443,-3.44443,-3.35441,-3.40837,-3.35441, -3.4419,-3.44443,-3.35441,-3.44443]
	PARPACK diagonalization completed after 45 matrix-vector product operations.
	iteration results: : total energy is -79.328443 | electron energy -79.470117 + phonon energy 0.141674 | electron momentum kIdx = 10
	Nq(0) = 16,	Nq(1) = 0.388678,	Nq(2) = 0.684054,	Nq(3) = 0.388678,	Nq(4) = 0.388678,	Nq(5) = 0.684054,	Nq(6) = 0.644286,	Nq(7) = 0.684054,	Nq(8) = 0.684054,	Nq(9) = 0.644286,	Nq(10) = 1.7435,	Nq(11) = 0.644286,	Nq(12) = 0.388678,	Nq(13) = 0.684054,	Nq(14) = 0.644286,	Nq(15) = 0.684054,	Sq(0) = 2.62071e-19,	Sq(1) = 0.311607,	Sq(2) = 0.34708,	Sq(3) = 0.311607,	Sq(4) = 0.311607,	Sq(5) = 0.34708,	Sq(6) = 0.531066,	Sq(7) = 0.34708,	Sq(8) = 0.34708,	Sq(9) = 0.531066,	Sq(10) = 0.567148,	Sq(11) = 0.531066,	Sq(12) = 0.311607,	Sq(13) = 0.34708,	Sq(14) = 0.531066,	Sq(15) = 0.34708,	N(0) = 1.99493,	N(1) = 1.98671,	N(2) = 1,	N(3) = 1.98671,	N(4) = 1.98671,	N(5) = 1,	N(6) = 0.0132872,	N(7) = 1,	N(8) = 1,	N(9) = 0.0132872,	N(10) = 0.00507197,	N(11) = 0.0132872,	N(12) = 1.98671,	N(13) = 1,	N(14) = 0.0132872,	N(15) = 1,	Delta[s](0) = 0.506147,	Delta[s](1) = 0.324929,	Delta[s](2) = 0.295502,	Delta[s](3) = 0.324929,	Delta[s](4) = 0.324929,	Delta[s](5) = 0.295502,	Delta[s](6) = 0.267813,	Delta[s](7) = 0.295502,	Delta[s](8) = 0.295502,	Delta[s](9) = 0.267813,	Delta[s](10) = 0.339712,	Delta[s](11) = 0.267813,	Delta[s](12) = 0.324929,	Delta[s](13) = 0.295502,	Delta[s](14) = 0.267813,	Delta[s](15) = 0.295502,	Delta[d](0) = 0.308255,	Delta[d](1) = 0.270538,	Delta[d](2) = 0.248871,	Delta[d](3) = 0.270538,	Delta[d](4) = 0.270538,	Delta[d](5) = 0.227457,	Delta[d](6) = 0.230164,	Delta[d](7) = 0.227457,	Delta[d](8) = 0.248871,	Delta[d](9) = 0.230164,	Delta[d](10) = 0.146967,	Delta[d](11) = 0.230164,	Delta[d](12) = 0.270538,	Delta[d](13) = 0.227457,	Delta[d](14) = 0.230164,	Delta[d](15) = 0.227457,	Delta[s+](0) = 0.444921,	Delta[s+](1) = 0.365782,	Delta[s+](2) = 0.248871,	Delta[s+](3) = 0.365782,	Delta[s+](4) = 0.365782,	Delta[s+](5) = 0.248871,	Delta[s+](6) = 0.127094,	Delta[s+](7) = 0.248871,	Delta[s+](8) = 0.248871,	Delta[s+](9) = 0.127094,	Delta[s+](10) = 0.0477229,	Delta[s+](11) = 0.127094,	Delta[s+](12) = 0.365782,	Delta[s+](13) = 0.248871,	Delta[s+](14) = 0.127094,	Delta[s+](15) = 0.248871
The 10-th iteration is completed.	|| time cost : 0h 5m 51.013s
********************************************************************************************************************
Start the 11 rounds of NGS-ED iteration
	effective electronic model is modified as: kinetic energy t = 0.792689
	                                           effective interaction Vq = [    -3.5, -3.4424,-3.43564, -3.4424, -3.4424,-3.43564,-3.35541,-3.43564,-3.43564,-3.35541,-3.44654,-3.35541, -3.4424,-3.43564,-3.35541,-3.43564]
	PARPACK diagonalization completed after 45 matrix-vector product operations.
	iteration results: : total energy is -79.412498 | electron energy -79.556254 + phonon energy 0.143755 | electron momentum kIdx = 10
The 11-th iteration is completed.	|| time cost : 0h 0m 43.276s
********************************************************************************************************************
Start the 12 rounds of NGS-ED iteration
	effective electronic model is modified as: kinetic energy t = 0.80101
	                                           effective interaction Vq = [    -3.5,-3.43754,-3.36386,-3.43754,-3.43754,-3.36386,-3.34868,-3.36386,-3.36386,-3.34868,-3.48083,-3.34868,-3.43754,-3.36386,-3.34868,-3.36386]
	PARPACK diagonalization completed after 30 matrix-vector product operations.
	iteration results: : total energy is -79.562198 | electron energy -79.703162 + phonon energy 0.140964 | electron momentum kIdx = 10
The 12-th iteration is completed.	|| time cost : 0h 0m 36.048s
********************************************************************************************************************
Start the 13 rounds of NGS-ED iteration
	effective electronic model is modified as: kinetic energy t = 0.805166
	                                           effective interaction Vq = [    -3.5,-3.43158,-3.32564,-3.43158,-3.43158,-3.32564,-3.34055,-3.32564,-3.32564,-3.34055,-3.48915,-3.34055,-3.43158,-3.32564,-3.34055,-3.32564]
	PARPACK diagonalization completed after 30 matrix-vector product operations.
	iteration results: : total energy is -79.585735 | electron energy -79.723759 + phonon energy 0.138024 | electron momentum kIdx = 10
The 13-th iteration is completed.	|| time cost : 0h 0m 36.042s
********************************************************************************************************************
Start the 14 rounds of NGS-ED iteration
	effective electronic model is modified as: kinetic energy t = 0.806824
	                                           effective interaction Vq = [    -3.5,-3.42816,-3.31105,-3.42816,-3.42816,-3.31105,-3.33599,-3.31105,-3.31105,-3.33599,-3.49149,-3.33599,-3.42816,-3.31105,-3.33599,-3.31105]
	PARPACK diagonalization completed after 30 matrix-vector product operations.
	iteration results: : total energy is -79.588830 | electron energy -79.725281 + phonon energy 0.136451 | electron momentum kIdx = 10
The 14-th iteration is completed.	|| time cost : 0h 0m 36.129s
********************************************************************************************************************
Start the 15 rounds of NGS-ED iteration
	effective electronic model is modified as: kinetic energy t = 0.807486
	                                           effective interaction Vq = [    -3.5, -3.4265,-3.30574, -3.4265, -3.4265,-3.30574,-3.33379,-3.30574,-3.30574,-3.33379,-3.49224,-3.33379, -3.4265,-3.30574,-3.33379,-3.30574]
	PARPACK diagonalization completed after 30 matrix-vector product operations.
	iteration results: : total energy is -79.589245 | electron energy -79.724966 + phonon energy 0.135721 | electron momentum kIdx = 10
The 15-th iteration is completed.	|| time cost : 0h 0m 36.103s
********************************************************************************************************************
Start the 16 rounds of NGS-ED iteration
	effective electronic model is modified as: kinetic energy t = 0.807751
	                                           effective interaction Vq = [    -3.5,-3.42576,-3.30382,-3.42576,-3.42576,-3.30382,-3.33279,-3.30382,-3.30382,-3.33279,-3.49249,-3.33279,-3.42576,-3.30382,-3.33279,-3.30382]
	PARPACK diagonalization completed after 30 matrix-vector product operations.
	iteration results: : total energy is -79.589302 | electron energy -79.724700 + phonon energy 0.135398 | electron momentum kIdx = 10
The 16-th iteration is completed.	|| time cost : 0h 0m 36.038s
********************************************************************************************************************
Start the 17 rounds of NGS-ED iteration
	effective electronic model is modified as: kinetic energy t = 0.807856
	                                           effective interaction Vq = [    -3.5,-3.42543,-3.30312,-3.42543,-3.42543,-3.30312,-3.33235,-3.30312,-3.30312,-3.33235,-3.49258,-3.33235,-3.42543,-3.30312,-3.33235,-3.30312]
	PARPACK diagonalization completed after 30 matrix-vector product operations.
	iteration results: : total energy is -79.589311 | electron energy -79.724569 + phonon energy 0.135258 | electron momentum kIdx = 10
	Nq(0) = 16,	Nq(1) = 0.337684,	Nq(2) = 0.365224,	Nq(3) = 0.337684,	Nq(4) = 0.337684,	Nq(5) = 0.365224,	Nq(6) = 0.59318,	Nq(7) = 0.365224,	Nq(8) = 0.365224,	Nq(9) = 0.59318,	Nq(10) = 4.33388,	Nq(11) = 0.59318,	Nq(12) = 0.337684,	Nq(13) = 0.365224,	Nq(14) = 0.59318,	Nq(15) = 0.365224,	Sq(0) = -4.18633e-18,	Sq(1) = 0.284313,	Sq(2) = 0.336746,	Sq(3) = 0.284313,	Sq(4) = 0.284313,	Sq(5) = 0.336746,	Sq(6) = 0.507242,	Sq(7) = 0.336746,	Sq(8) = 0.336746,	Sq(9) = 0.507242,	Sq(10) = 0.564628,	Sq(11) = 0.507242,	Sq(12) = 0.284313,	Sq(13) = 0.336746,	Sq(14) = 0.507242,	Sq(15) = 0.336746,	N(0) = 1.9921,	N(1) = 1.97775,	N(2) = 1,	N(3) = 1.97775,	N(4) = 1.97775,	N(5) = 1,	N(6) = 0.0222491,	N(7) = 1,	N(8) = 1,	N(9) = 0.0222491,	N(10) = 0.00789935,	N(11) = 0.0222491,	N(12) = 1.97775,	N(13) = 1,	N(14) = 0.0222491,	N(15) = 1,	Delta[s](0) = 0.431015,	Delta[s](1) = 0.338113,	Delta[s](2) = 0.327999,	Delta[s](3) = 0.338113,	Delta[s](4) = 0.338113,	Delta[s](5) = 0.327999,	Delta[s](6) = 0.278168,	Delta[s](7) = 0.327999,	Delta[s](8) = 0.327999,	Delta[s](9) = 0.278168,	Delta[s](10) = 0.260205,	Delta[s](11) = 0.278168,	Delta[s](12) = 0.338113,	Delta[s](13) = 0.327999,	Delta[s](14) = 0.278168,	Delta[s](15) = 0.327999,	Delta[d](0) = 0.230217,	Delta[d](1) = 0.229542,	Delta[d](2) = 0.226788,	Delta[d](3) = 0.229542,	Delta[d](4) = 0.229542,	Delta[d](5) = 0.148395,	Delta[d](6) = 0.188086,	Delta[d](7) = 0.148395,	Delta[d](8) = 0.226788,	Delta[d](9) = 0.188086,	Delta[d](10) = 0.0665142,	Delta[d](11) = 0.188086,	Delta[d](12) = 0.229542,	Delta[d](13) = 0.148395,	Delta[d](14) = 0.188086,	Delta[d](15) = 0.148395,	Delta[s+](0) = 0.437942,	Delta[s+](1) = 0.347721,	Delta[s+](2) = 0.226788,	Delta[s+](3) = 0.347721,	Delta[s+](4) = 0.347721,	Delta[s+](5) = 0.226788,	Delta[s+](6) = 0.105058,	Delta[s+](7) = 0.226788,	Delta[s+](8) = 0.226788,	Delta[s+](9) = 0.105058,	Delta[s+](10) = 0.0370078,	Delta[s+](11) = 0.105058,	Delta[s+](12) = 0.347721,	Delta[s+](13) = 0.226788,	Delta[s+](14) = 0.105058,	Delta[s+](15) = 0.226788
The 17-th iteration is completed.	|| time cost : 0h 5m 44.875s
********************************************************************************************************************
********************************************************************************************************************
Ground state is obtained after 18 iterations. The current ground-state energy is -79.5893, in which electron energy is -79.7246 and phonon energy is 0.135258
final variational state is: 
	Gamma_x = [      1,1.02994,1.04737,1.02994,1.02994,1.04737,1.07356,1.04737,1.04737,1.07356,1.14167,1.07356,1.02994,1.04737,1.07356,1.04737]
	lambda_q = [0.591608,0.505176,0.451205,0.505176,0.505176,0.451205,0.462055,0.451205,0.451205,0.462055,0.564417,0.462055,0.505176,0.451205,0.462055,0.451205]
********************************************************************************************************************
o___o  ----------------------------------------
| L |	Time since last clock: 0h 0m 0s
A===A	Time since the beginning: 0h 41m 23.769s
***********************************************


********************************************************************************************************************
Warm up runs have been completed. Start calculating W = 5 phonon.
open output files: NGSEDIterationObs.txt
********************************************************************************************************************
Start the 0 rounds of NGS-ED iteration
	effective electronic model is modified as: kinetic energy t = 0.807899
	                                           effective interaction Vq = [-3.19975,-2.95059,-2.75712,-2.95059,-2.95059,-2.75712,-2.79835,-2.75712,-2.75712,-2.79835,-3.12942,-2.79835,-2.95059,-2.75712,-2.79835,-2.75712]
	PARPACK diagonalization completed after 45 matrix-vector product operations.
	iteration results: : total energy is -70.333962 | electron energy -70.401562 + phonon energy 0.067600 | electron momentum kIdx = 10
	Nq(0) = 16,	Nq(1) = 0.335562,	Nq(2) = 0.350687,	Nq(3) = 0.335562,	Nq(4) = 0.335562,	Nq(5) = 0.350687,	Nq(6) = 0.554774,	Nq(7) = 0.350687,	Nq(8) = 0.350687,	Nq(9) = 0.554774,	Nq(10) = 3.8121,	Nq(11) = 0.554774,	Nq(12) = 0.335562,	Nq(13) = 0.350687,	Nq(14) = 0.554774,	Nq(15) = 0.350687,	Sq(0) = 4.68349e-18,	Sq(1) = 0.335164,	Sq(2) = 0.365315,	Sq(3) = 0.335164,	Sq(4) = 0.335164,	Sq(5) = 0.365315,	Sq(6) = 0.590723,	Sq(7) = 0.365315,	Sq(8) = 0.365315,	Sq(9) = 0.590723,	Sq(10) = 0.626995,	Sq(11) = 0.590723,	Sq(12) = 0.335164,	Sq(13) = 0.365315,	Sq(14) = 0.590723,	Sq(15) = 0.365315,	N(0) = 1.99674,	N(1) = 1.99185,	N(2) = 1,	N(3) = 1.99185,	N(4) = 1.99185,	N(5) = 1,	N(6) = 0.00814525,	N(7) = 1,	N(8) = 1,	N(9) = 0.00814525,	N(10) = 0.0032603,	N(11) = 0.00814525,	N(12) = 1.99185,	N(13) = 1,	N(14) = 0.00814525,	N(15) = 1,	Delta[s](0) = 0.366146,	Delta[s](1) = 0.309952,	Delta[s](2) = 0.302785,	Delta[s](3) = 0.309952,	Delta[s](4) = 0.309952,	Delta[s](5) = 0.302785,	Delta[s](6) = 0.264672,	Delta[s](7) = 0.302785,	Delta[s](8) = 0.302785,	Delta[s](9) = 0.264672,	Delta[s](10) = 0.257431,	Delta[s](11) = 0.264672,	Delta[s](12) = 0.309952,	Delta[s](13) = 0.302785,	Delta[s](14) = 0.264672,	Delta[s](15) = 0.302785,	Delta[d](0) = 0.242823,	Delta[d](1) = 0.249797,	Delta[d](2) = 0.247566,	Delta[d](3) = 0.249797,	Delta[d](4) = 0.249797,	Delta[d](5) = 0.161146,	Delta[d](6) = 0.206663,	Delta[d](7) = 0.161146,	Delta[d](8) = 0.247566,	Delta[d](9) = 0.206663,	Delta[d](10) = 0.0794973,	Delta[d](11) = 0.206663,	Delta[d](12) = 0.249797,	Delta[d](13) = 0.161146,	Delta[d](14) = 0.206663,	Delta[d](15) = 0.161146,	Delta[s+](0) = 0.482646,	Delta[s+](1) = 0.378566,	Delta[s+](2) = 0.247566,	Delta[s+](3) = 0.378566,	Delta[s+](4) = 0.378566,	Delta[s+](5) = 0.247566,	Delta[s+](6) = 0.117784,	Delta[s+](7) = 0.247566,	Delta[s+](8) = 0.247566,	Delta[s+](9) = 0.117784,	Delta[s+](10) = 0.04418,	Delta[s+](11) = 0.117784,	Delta[s+](12) = 0.378566,	Delta[s+](13) = 0.247566,	Delta[s+](14) = 0.117784,	Delta[s+](15) = 0.247566
The 0-th iteration is completed.	|| time cost : 0h 5m 43.046s
********************************************************************************************************************
Start the 1 rounds of NGS-ED iteration
	effective electronic model is modified as: kinetic energy t = 0.781263
	                                           effective interaction Vq = [-3.38954,-3.13325,-2.89041,-3.13325,-3.13325,-2.89041,-2.94076,-2.89041,-2.89041,-2.94076,-3.34271,-2.94076,-3.13325,-2.89041,-2.94076,-2.89041]
	PARPACK diagonalization completed after 30 matrix-vector product operations.
	iteration results: : total energy is -74.324313 | electron energy -74.530947 + phonon energy 0.206634 | electron momentum kIdx = 10
The 1-th iteration is completed.	|| time cost : 0h 0m 36.087s
********************************************************************************************************************
Start the 2 rounds of NGS-ED iteration
	effective electronic model is modified as: kinetic energy t = 0.767128
	                                           effective interaction Vq = [-3.45937,-3.20512,-2.95296,-3.20512,-3.20512,-2.95296,-3.00394,-2.95296,-2.95296,-3.00394, -3.4319,-3.00394,-3.20512,-2.95296,-3.00394,-2.95296]
	PARPACK diagonalization completed after 30 matrix-vector product operations.
	iteration results: : total energy is -75.796461 | electron energy -76.100041 + phonon energy 0.303580 | electron momentum kIdx = 10
The 2-th iteration is completed.	|| time cost : 0h 0m 36.072s
********************************************************************************************************************
Start the 3 rounds of NGS-ED iteration
	effective electronic model is modified as: kinetic energy t = 0.760243
	                                           effective interaction Vq = [-3.48505,-3.23296,-2.98173,-3.23296,-3.23296,-2.98173,-3.03071,-2.98173,-2.98173,-3.03071,-3.46654,-3.03071,-3.23296,-2.98173,-3.03071,-2.98173]
	PARPACK diagonalization completed after 30 matrix-vector product operations.
	iteration results: : total energy is -76.318917 | electron energy -76.676680 + phonon energy 0.357764 | electron momentum kIdx = 10
The 3-th iteration is completed.	|| time cost : 0h 0m 36.284s
********************************************************************************************************************
Start the 4 rounds of NGS-ED iteration
	effective electronic model is modified as: kinetic energy t = 0.756936
	                                           effective interaction Vq = [ -3.4945,-3.24408,-2.99536,-3.24408,-3.24408,-2.99536,-3.04234,-2.99536,-2.99536,-3.04234,-3.48015,-3.04234,-3.24408,-2.99536,-3.04234,-2.99536]
	PARPACK diagonalization completed after 30 matrix-vector product operations.
	iteration results: : total energy is -76.501492 | electron energy -76.887572 + phonon energy 0.386080 | electron momentum kIdx = 10
The 4-th iteration is completed.	|| time cost : 0h 0m 36.15s
********************************************************************************************************************
Start the 5 rounds of NGS-ED iteration
	effective electronic model is modified as: kinetic energy t = 0.75533
	                                           effective interaction Vq = [-3.49798,-3.24871,-3.00208,-3.24871,-3.24871,-3.00208,-3.04764,-3.00208,-3.00208,-3.04764,-3.48581,-3.04764,-3.24871,-3.00208,-3.04764,-3.00208]
	PARPACK diagonalization completed after 30 matrix-vector product operations.
	iteration results: : total energy is -76.565419 | electron energy -76.965974 + phonon energy 0.400555 | electron momentum kIdx = 10
The 5-th iteration is completed.	|| time cost : 0h 0m 35.935s
********************************************************************************************************************
Start the 6 rounds of NGS-ED iteration
	effective electronic model is modified as: kinetic energy t = 0.75454
	                                           effective interaction Vq = [-3.49926, -3.2507, -3.0055, -3.2507, -3.2507, -3.0055,-3.05015, -3.0055, -3.0055,-3.05015,-3.48832,-3.05015, -3.2507, -3.0055,-3.05015, -3.0055]
	PARPACK diagonalization completed after 30 matrix-vector product operations.
	iteration results: : total energy is -76.588008 | electron energy -76.995884 + phonon energy 0.407876 | electron momentum kIdx = 10
The 6-th iteration is completed.	|| time cost : 0h 0m 36.602s
********************************************************************************************************************
Start the 7 rounds of NGS-ED iteration
	effective electronic model is modified as: kinetic energy t = 0.754147
	                                           effective interaction Vq = [-3.49973,-3.25157,-3.00726,-3.25157,-3.25157,-3.00726,-3.05136,-3.00726,-3.00726,-3.05136, -3.4895,-3.05136,-3.25157,-3.00726,-3.05136,-3.00726]
	PARPACK diagonalization completed after 30 matrix-vector product operations.
	iteration results: : total energy is -76.596071 | electron energy -77.007625 + phonon energy 0.411554 | electron momentum kIdx = 10
The 7-th iteration is completed.	|| time cost : 0h 0m 36.031s
********************************************************************************************************************
Start the 8 rounds of NGS-ED iteration
	effective electronic model is modified as: kinetic energy t = 0.753951
	                                           effective interaction Vq = [ -3.4999,-3.25194,-3.00819,-3.25194,-3.25194,-3.00819,-3.05196,-3.00819,-3.00819,-3.05196,-3.49006,-3.05196,-3.25194,-3.00819,-3.05196,-3.00819]
	PARPACK diagonalization completed after 30 matrix-vector product operations.
	iteration results: : total energy is -76.598974 | electron energy -77.012368 + phonon energy 0.413394 | electron momentum kIdx = 10
The 8-th iteration is completed.	|| time cost : 0h 0m 35.915s
********************************************************************************************************************
Start the 9 rounds of NGS-ED iteration
	effective electronic model is modified as: kinetic energy t = 0.753853
	                                           effective interaction Vq = [-3.49996,-3.25209,-3.00868,-3.25209,-3.25209,-3.00868,-3.05225,-3.00868,-3.00868,-3.05225,-3.49033,-3.05225,-3.25209,-3.00868,-3.05225,-3.00868]
	PARPACK diagonalization completed after 30 matrix-vector product operations.
	iteration results: : total energy is -76.600026 | electron energy -77.014339 + phonon energy 0.414313 | electron momentum kIdx = 10
The 9-th iteration is completed.	|| time cost : 0h 0m 36.009s
********************************************************************************************************************
Start the 10 rounds of NGS-ED iteration
	effective electronic model is modified as: kinetic energy t = 0.753804
	                                           effective interaction Vq = [-3.49999,-3.25215,-3.00893,-3.25215,-3.25215,-3.00893,-3.05239,-3.00893,-3.00893,-3.05239,-3.49047,-3.05239,-3.25215,-3.00893,-3.05239,-3.00893]
	PARPACK diagonalization completed after 30 matrix-vector product operations.
	iteration results: : total energy is -76.600409 | electron energy -77.015180 + phonon energy 0.414771 | electron momentum kIdx = 10
	Nq(0) = 16,	Nq(1) = 0.277863,	Nq(2) = 0.326311,	Nq(3) = 0.277863,	Nq(4) = 0.277863,	Nq(5) = 0.326311,	Nq(6) = 0.499264,	Nq(7) = 0.326311,	Nq(8) = 0.326311,	Nq(9) = 0.499264,	Nq(10) = 5.49504,	Nq(11) = 0.499264,	Nq(12) = 0.277863,	Nq(13) = 0.326311,	Nq(14) = 0.499264,	Nq(15) = 0.326311,	Sq(0) = -1.22396e-18,	Sq(1) = 0.254897,	Sq(2) = 0.322283,	Sq(3) = 0.254897,	Sq(4) = 0.254897,	Sq(5) = 0.322283,	Sq(6) = 0.482116,	Sq(7) = 0.322283,	Sq(8) = 0.322283,	Sq(9) = 0.482116,	Sq(10) = 0.55684,	Sq(11) = 0.482116,	Sq(12) = 0.254897,	Sq(13) = 0.322283,	Sq(14) = 0.482116,	Sq(15) = 0.322283,	N(0) = 1.98368,	N(1) = 1.95,	N(2) = 1,	N(3) = 1.95,	N(4) = 1.95,	N(5) = 1,	N(6) = 0.0499998,	N(7) = 1,	N(8) = 1,	N(9) = 0.0499998,	N(10) = 0.0163232,	N(11) = 0.0499998,	N(12) = 1.95,	N(13) = 1,	N(14) = 0.0499998,	N(15) = 1,	Delta[s](0) = 0.392314,	Delta[s](1) = 0.345004,	Delta[s](2) = 0.333386,	Delta[s](3) = 0.345004,	Delta[s](4) = 0.345004,	Delta[s](5) = 0.333386,	Delta[s](6) = 0.30427,	Delta[s](7) = 0.333386,	Delta[s](8) = 0.333386,	Delta[s](9) = 0.30427,	Delta[s](10) = 0.290976,	Delta[s](11) = 0.30427,	Delta[s](12) = 0.345004,	Delta[s](13) = 0.333386,	Delta[s](14) = 0.30427,	Delta[s](15) = 0.333386,	Delta[d](0) = 0.22381,	Delta[d](1) = 0.216445,	Delta[d](2) = 0.226375,	Delta[d](3) = 0.216445,	Delta[d](4) = 0.216445,	Delta[d](5) = 0.1505,	Delta[d](6) = 0.176928,	Delta[d](7) = 0.1505,	Delta[d](8) = 0.226375,	Delta[d](9) = 0.176928,	Delta[d](10) = 0.0771683,	Delta[d](11) = 0.176928,	Delta[d](12) = 0.216445,	Delta[d](13) = 0.1505,	Delta[d](14) = 0.176928,	Delta[d](15) = 0.1505,	Delta[s+](0) = 0.450509,	Delta[s+](1) = 0.347698,	Delta[s+](2) = 0.226375,	Delta[s+](3) = 0.347698,	Delta[s+](4) = 0.347698,	Delta[s+](5) = 0.226375,	Delta[s+](6) = 0.105842,	Delta[s+](7) = 0.226375,	Delta[s+](8) = 0.226375,	Delta[s+](9) = 0.105842,	Delta[s+](10) = 0.0437901,	Delta[s+](11) = 0.105842,	Delta[s+](12) = 0.347698,	Delta[s+](13) = 0.226375,	Delta[s+](14) = 0.105842,	Delta[s+](15) = 0.226375
The 10-th iteration is completed.	|| time cost : 0h 5m 36.946s
********************************************************************************************************************
Start the 11 rounds of NGS-ED iteration
	effective electronic model is modified as: kinetic energy t = 0.75378
	                                           effective interaction Vq = [-3.49999,-3.25217,-3.00907,-3.25217,-3.25217,-3.00907,-3.05246,-3.00907,-3.00907,-3.05246,-3.49053,-3.05246,-3.25217,-3.00907,-3.05246,-3.00907]
	PARPACK diagonalization completed after 30 matrix-vector product operations.
	iteration results: : total energy is -76.600549 | electron energy -77.015548 + phonon energy 0.414999 | electron momentum kIdx = 10
The 11-th iteration is completed.	|| time cost : 0h 0m 36.156s
********************************************************************************************************************
Start the 12 rounds of NGS-ED iteration
	effective electronic model is modified as: kinetic energy t = 0.753768
	                                           effective interaction Vq = [    -3.5,-3.25218,-3.00914,-3.25218,-3.25218,-3.00914,-3.05249,-3.00914,-3.00914,-3.05249,-3.49057,-3.05249,-3.25218,-3.00914,-3.05249,-3.00914]
	PARPACK diagonalization completed after 30 matrix-vector product operations.
	iteration results: : total energy is -76.600600 | electron energy -77.015713 + phonon energy 0.415113 | electron momentum kIdx = 10
The 12-th iteration is completed.	|| time cost : 0h 0m 36.145s
********************************************************************************************************************
Start the 13 rounds of NGS-ED iteration
	effective electronic model is modified as: kinetic energy t = 0.753762
	                                           effective interaction Vq = [    -3.5,-3.25218,-3.00918,-3.25218,-3.25218,-3.00918,-3.05251,-3.00918,-3.00918,-3.05251,-3.49058,-3.05251,-3.25218,-3.00918,-3.05251,-3.00918]
	PARPACK diagonalization completed after 30 matrix-vector product operations.
	iteration results: : total energy is -76.600619 | electron energy -77.015789 + phonon energy 0.415170 | electron momentum kIdx = 10
The 13-th iteration is completed.	|| time cost : 0h 0m 36.364s
********************************************************************************************************************
Start the 14 rounds of NGS-ED iteration
	effective electronic model is modified as: kinetic energy t = 0.753759
	                                           effective interaction Vq = [    -3.5,-3.25218, -3.0092,-3.25218,-3.25218, -3.0092,-3.05251, -3.0092, -3.0092,-3.05251,-3.49059,-3.05251,-3.25218, -3.0092,-3.05251, -3.0092]
	PARPACK diagonalization completed after 30 matrix-vector product operations.
	iteration results: : total energy is -76.600626 | electron energy -77.015824 + phonon energy 0.415198 | electron momentum kIdx = 10
The 14-th iteration is completed.	|| time cost : 0h 0m 35.953s
********************************************************************************************************************
Start the 15 rounds of NGS-ED iteration
	effective electronic model is modified as: kinetic energy t = 0.753758
	                                           effective interaction Vq = [    -3.5,-3.25217,-3.00921,-3.25217,-3.25217,-3.00921,-3.05252,-3.00921,-3.00921,-3.05252, -3.4906,-3.05252,-3.25217,-3.00921,-3.05252,-3.00921]
	PARPACK diagonalization completed after 30 matrix-vector product operations.
	iteration results: : total energy is -76.600628 | electron energy -77.015840 + phonon energy 0.415212 | electron momentum kIdx = 10
The 15-th iteration is completed.	|| time cost : 0h 0m 36.259s
********************************************************************************************************************
Start the 16 rounds of NGS-ED iteration
	effective electronic model is modified as: kinetic energy t = 0.753757
	                                           effective interaction Vq = [    -3.5,-3.25217,-3.00921,-3.25217,-3.25217,-3.00921,-3.05252,-3.00921,-3.00921,-3.05252, -3.4906,-3.05252,-3.25217,-3.00921,-3.05252,-3.00921]
	PARPACK diagonalization completed after 30 matrix-vector product operations.
	iteration results: : total energy is -76.600629 | electron energy -77.015848 + phonon energy 0.415218 | electron momentum kIdx = 10
The 16-th iteration is completed.	|| time cost : 0h 0m 36.083s
