SNEDics v3.4 Non-Gaussian ED ground state program		Start at Sat Sep 28 12:19:54 2019

parallized on 16 MPI threads  * 8 OpenMP threads = 128 total threads.
********************************************************************************************************************
********************************************************************************************************************

********************************************************************************************************************
System parameters and configurations
********************************************************************************************************************
Special program options are enabled: splitted diagonal Hamiltonian
********************************************************************************************************************
Read input file "model_params.in"
	Hubbard-Holstein model parameters : 	t = 1    U = 2    g = 4.1833    W = 5    
********************************************************************************************************************
Read input file "hilbertspace_params.in"
	Requested 16-site 2D lattice, with 10 electrons (5, 5)
	Boundary : Periodic		Hilbert space representation : momentum-space (restricted to kIdx = 0)
	Conservation: particle number[U(1)]      spin[U(1)]     momentum
********************************************************************************************************************

Cluster Positions:				Cluster symmetry group : D4
 x ... x ... x ... x .....                       x ... x ... x ... x .....
 |           |           :                       |           |           :
 |           |           :                       |           |           :
12    13    14    15     x                       1     5     6     5     x
 |           |           :                       |           |           :
 |           |           :                       |           |           :
 8 --- 9 ---10 ---11 --- x                       2 --- 6 ---10 --- 6 --- x
 |           |           :                       |           |           :
 |           |           :                       |           |           :
 4     5     6     7     x                       1     5     6     5     x
 |           |           :                       |           |           :
 |           |           :                       |           |           :
 0 --- 1 --- 2 --- 3 --- x                       0 --- 1 --- 2 --- 1 --- x
orbital number : 1
********************************************************************************************************************
Read input file "obs_params.in"
	Observable Type : Nq(All),   Sq(All),   N(All),   Delta[s](All),   Delta[d](All),   Delta[s+](All)
********************************************************************************************************************
** WARNING ** the input observables have non-local factors which have been reinterpreted. The total observable number is 96
********************************************************************************************************************


********************************************************************************************************************
Start calculating the non-Gaussian ED ground state
** WARNING ** Detected low phonon energy W < 10. The initial state will be prepared through a warm-up process.
********************************************************************************************************************
Start warm-up calculation for scaling factor 2
open output files: NGSEDWarmUpW10Obs.txt
********************************************************************************************************************
Start the 0 rounds of NGS-ED iteration
	effective electronic model is modified as: kinetic energy t = 1
	                                           effective interaction Vq = [-0,-0,-0,-0,-0,-0,-0,-0,-0,-0,-0,-0,-0,-0,-0,-0]
	first Hamiltonian is constructed, non-zero numbers = 242521378
	PARPACK diagonalization completed after 45 matrix-vector product operations.
	iteration results: : total energy is -21.376951 | electron energy -21.376951 + phonon energy 0.000000 | electron momentum kIdx = 0
	Nq(0) = 6.25,	Nq(1) = 0.310983,	Nq(2) = 0.341405,	Nq(3) = 0.310983,	Nq(4) = 0.310983,	Nq(5) = 0.341405,	Nq(6) = 0.51667,	Nq(7) = 0.341405,	Nq(8) = 0.341405,	Nq(9) = 0.51667,	Nq(10) = 0.555747,	Nq(11) = 0.51667,	Nq(12) = 0.310983,	Nq(13) = 0.341405,	Nq(14) = 0.51667,	Nq(15) = 0.341405,	Sq(0) = -1.31967e-17,	Sq(1) = 0.434858,	Sq(2) = 0.404169,	Sq(3) = 0.434858,	Sq(4) = 0.434858,	Sq(5) = 0.404169,	Sq(6) = 0.744107,	Sq(7) = 0.404169,	Sq(8) = 0.404169,	Sq(9) = 0.744107,	Sq(10) = 0.694334,	Sq(11) = 0.744107,	Sq(12) = 0.434858,	Sq(13) = 0.404169,	Sq(14) = 0.744107,	Sq(15) = 0.404169,	N(0) = 1.98393,	N(1) = 1.96167,	N(2) = 0.0222324,	N(3) = 1.96167,	N(4) = 1.96167,	N(5) = 0.0222324,	N(6) = 0.00707194,	N(7) = 0.0222324,	N(8) = 0.0222324,	N(9) = 0.00707194,	N(10) = 0.00769724,	N(11) = 0.00707194,	N(12) = 1.96167,	N(13) = 0.0222324,	N(14) = 0.00707194,	N(15) = 0.0222324,	Delta[s](0) = 0.154297,	Delta[s](1) = 0.0871874,	Delta[s](2) = 0.077494,	Delta[s](3) = 0.0871874,	Delta[s](4) = 0.0871874,	Delta[s](5) = 0.077494,	Delta[s](6) = 0.0230609,	Delta[s](7) = 0.077494,	Delta[s](8) = 0.077494,	Delta[s](9) = 0.0230609,	Delta[s](10) = 0.0221401,	Delta[s](11) = 0.0230609,	Delta[s](12) = 0.0871874,	Delta[s](13) = 0.077494,	Delta[s](14) = 0.0230609,	Delta[s](15) = 0.077494,	Delta[d](0) = 0.21714,	Delta[d](1) = 0.07542,	Delta[d](2) = 0.138034,	Delta[d](3) = 0.07542,	Delta[d](4) = 0.07542,	Delta[d](5) = 0.11479,	Delta[d](6) = 0.0214759,	Delta[d](7) = 0.11479,	Delta[d](8) = 0.138034,	Delta[d](9) = 0.0214759,	Delta[d](10) = 0.0156881,	Delta[d](11) = 0.0214759,	Delta[d](12) = 0.07542,	Delta[d](13) = 0.11479,	Delta[d](14) = 0.0214759,	Delta[d](15) = 0.11479,	Delta[s+](0) = 0.509481,	Delta[s+](1) = 0.316849,	Delta[s+](2) = 0.138034,	Delta[s+](3) = 0.316849,	Delta[s+](4) = 0.316849,	Delta[s+](5) = 0.138034,	Delta[s+](6) = 0.0126299,	Delta[s+](7) = 0.138034,	Delta[s+](8) = 0.138034,	Delta[s+](9) = 0.0126299,	Delta[s+](10) = 0.00383873,	Delta[s+](11) = 0.0126299,	Delta[s+](12) = 0.316849,	Delta[s+](13) = 0.138034,	Delta[s+](14) = 0.0126299,	Delta[s+](15) = 0.138034
The 0-th iteration is completed.	|| time cost : 0h 0m 44.897s
********************************************************************************************************************
Start the 1 rounds of NGS-ED iteration
	effective electronic model is modified as: kinetic energy t = 0.90353
	                                           effective interaction Vq = [-3.02633,-2.87833,-2.75841,-2.87833,-2.87833,-2.75841,  -2.764,-2.75841,-2.75841,  -2.764,-2.70343,  -2.764,-2.87833,-2.75841,  -2.764,-2.75841]
	PARPACK diagonalization completed after 45 matrix-vector product operations.
	iteration results: : total energy is -58.763999 | electron energy -58.774965 + phonon energy 0.010966 | electron momentum kIdx = 0
The 1-th iteration is completed.	|| time cost : 0h 0m 39.743s
********************************************************************************************************************
Start the 2 rounds of NGS-ED iteration
	effective electronic model is modified as: kinetic energy t = 0.827934
	                                           effective interaction Vq = [ -3.4359,-3.35891,-3.24742,-3.35891,-3.35891,-3.24742,-3.29573,-3.24742,-3.24742,-3.29573,-3.24165,-3.29573,-3.35891,-3.24742,-3.29573,-3.24742]
	PARPACK diagonalization completed after 45 matrix-vector product operations.
	iteration results: : total energy is -64.907782 | electron energy -64.964449 + phonon energy 0.056667 | electron momentum kIdx = 0
The 2-th iteration is completed.	|| time cost : 0h 0m 2.689s
********************************************************************************************************************
Start the 3 rounds of NGS-ED iteration
	effective electronic model is modified as: kinetic energy t = 0.790352
	                                           effective interaction Vq = [-3.49132, -3.4522,-3.38477, -3.4522, -3.4522,-3.38477,-3.42323,-3.38477,-3.38477,-3.42323,-3.39241,-3.42323, -3.4522,-3.38477,-3.42323,-3.38477]
	PARPACK diagonalization completed after 45 matrix-vector product operations.
	iteration results: : total energy is -65.954182 | electron energy -66.031753 + phonon energy 0.077571 | electron momentum kIdx = 0
The 3-th iteration is completed.	|| time cost : 0h 0m 2.703s
********************************************************************************************************************
Start the 4 rounds of NGS-ED iteration
	effective electronic model is modified as: kinetic energy t = 0.773675
	                                           effective interaction Vq = [-3.49883,-3.47421,-3.42986,-3.47421,-3.47421,-3.42986, -3.4574,-3.42986,-3.42986, -3.4574,-3.43719, -3.4574,-3.47421,-3.42986, -3.4574,-3.42986]
	PARPACK diagonalization completed after 45 matrix-vector product operations.
	iteration results: : total energy is -66.125174 | electron energy -66.208745 + phonon energy 0.083571 | electron momentum kIdx = 0
The 4-th iteration is completed.	|| time cost : 0h 0m 2.687s
********************************************************************************************************************
Start the 5 rounds of NGS-ED iteration
	effective electronic model is modified as: kinetic energy t = 0.766671
	                                           effective interaction Vq = [-3.49984,-3.48066,-3.44648,-3.48066,-3.48066,-3.44648,-3.46793,-3.44648,-3.44648,-3.46793,-3.45202,-3.46793,-3.48066,-3.44648,-3.46793,-3.44648]
	PARPACK diagonalization completed after 45 matrix-vector product operations.
	iteration results: : total energy is -66.152577 | electron energy -66.238018 + phonon energy 0.085441 | electron momentum kIdx = 0
The 5-th iteration is completed.	|| time cost : 0h 0m 2.683s
********************************************************************************************************************
Start the 6 rounds of NGS-ED iteration
	effective electronic model is modified as: kinetic energy t = 0.763788
	                                           effective interaction Vq = [-3.49998,-3.48284,-3.45311,-3.48284,-3.48284,-3.45311,-3.47152,-3.45311,-3.45311,-3.47152,-3.45741,-3.47152,-3.48284,-3.45311,-3.47152,-3.45311]
	PARPACK diagonalization completed after 30 matrix-vector product operations.
	iteration results: : total energy is -66.156981 | electron energy -66.243067 + phonon energy 0.086086 | electron momentum kIdx = 0
The 6-th iteration is completed.	|| time cost : 0h 0m 2.3s
********************************************************************************************************************
Start the 7 rounds of NGS-ED iteration
	effective electronic model is modified as: kinetic energy t = 0.762608
	                                           effective interaction Vq = [    -3.5,-3.48364,-3.45588,-3.48364,-3.48364,-3.45588,-3.47282,-3.45588,-3.45588,-3.47282,-3.45947,-3.47282,-3.48364,-3.45588,-3.47282,-3.45588]
	PARPACK diagonalization completed after 30 matrix-vector product operations.
	iteration results: : total energy is -66.157698 | electron energy -66.244014 + phonon energy 0.086316 | electron momentum kIdx = 0
The 7-th iteration is completed.	|| time cost : 0h 0m 2.301s
********************************************************************************************************************
Start the 8 rounds of NGS-ED iteration
	effective electronic model is modified as: kinetic energy t = 0.762125
	                                           effective interaction Vq = [    -3.5,-3.48394,-3.45706,-3.48394,-3.48394,-3.45706,-3.47329,-3.45706,-3.45706,-3.47329,-3.46027,-3.47329,-3.48394,-3.45706,-3.47329,-3.45706]
	PARPACK diagonalization completed after 30 matrix-vector product operations.
	iteration results: : total energy is -66.157817 | electron energy -66.244215 + phonon energy 0.086398 | electron momentum kIdx = 0
The 8-th iteration is completed.	|| time cost : 0h 0m 2.292s
********************************************************************************************************************
Start the 9 rounds of NGS-ED iteration
	effective electronic model is modified as: kinetic energy t = 0.761927
	                                           effective interaction Vq = [    -3.5,-3.48405,-3.45757,-3.48405,-3.48405,-3.45757,-3.47347,-3.45757,-3.45757,-3.47347,-3.46058,-3.47347,-3.48405,-3.45757,-3.47347,-3.45757]
	PARPACK diagonalization completed after 30 matrix-vector product operations.
	iteration results: : total energy is -66.157836 | electron energy -66.244264 + phonon energy 0.086427 | electron momentum kIdx = 0
The 9-th iteration is completed.	|| time cost : 0h 0m 2.303s
********************************************************************************************************************
Start the 10 rounds of NGS-ED iteration
	effective electronic model is modified as: kinetic energy t = 0.761845
	                                           effective interaction Vq = [    -3.5, -3.4841,-3.45778, -3.4841, -3.4841,-3.45778,-3.47354,-3.45778,-3.45778,-3.47354,-3.46071,-3.47354, -3.4841,-3.45778,-3.47354,-3.45778]
	PARPACK diagonalization completed after 30 matrix-vector product operations.
	iteration results: : total energy is -66.157840 | electron energy -66.244277 + phonon energy 0.086437 | electron momentum kIdx = 0
	Nq(0) = 6.25,	Nq(1) = 0.521649,	Nq(2) = 0.600773,	Nq(3) = 0.521649,	Nq(4) = 0.521649,	Nq(5) = 0.600773,	Nq(6) = 1.14044,	Nq(7) = 0.600773,	Nq(8) = 0.600773,	Nq(9) = 1.14044,	Nq(10) = 1.20259,	Nq(11) = 1.14044,	Nq(12) = 0.521649,	Nq(13) = 0.600773,	Nq(14) = 1.14044,	Nq(15) = 0.600773,	Sq(0) = 2.07468e-18,	Sq(1) = 0.0947569,	Sq(2) = 0.147196,	Sq(3) = 0.0947569,	Sq(4) = 0.0947569,	Sq(5) = 0.147196,	Sq(6) = 0.198472,	Sq(7) = 0.147196,	Sq(8) = 0.147196,	Sq(9) = 0.198472,	Sq(10) = 0.238327,	Sq(11) = 0.198472,	Sq(12) = 0.0947569,	Sq(13) = 0.147196,	Sq(14) = 0.198472,	Sq(15) = 0.147196,	N(0) = 1.73718,	N(1) = 1.3466,	N(2) = 0.366294,	N(3) = 1.3466,	N(4) = 1.3466,	N(5) = 0.366294,	N(6) = 0.147799,	N(7) = 0.366294,	N(8) = 0.366294,	N(9) = 0.147799,	N(10) = 0.0874787,	N(11) = 0.147799,	N(12) = 1.3466,	N(13) = 0.366294,	N(14) = 0.147799,	N(15) = 0.366294,	Delta[s](0) = 0.84809,	Delta[s](1) = 0.231601,	Delta[s](2) = 0.210551,	Delta[s](3) = 0.231601,	Delta[s](4) = 0.231601,	Delta[s](5) = 0.210551,	Delta[s](6) = 0.164459,	Delta[s](7) = 0.210551,	Delta[s](8) = 0.210551,	Delta[s](9) = 0.164459,	Delta[s](10) = 0.157155,	Delta[s](11) = 0.164459,	Delta[s](12) = 0.231601,	Delta[s](13) = 0.210551,	Delta[s](14) = 0.164459,	Delta[s](15) = 0.210551,	Delta[d](0) = 0.090806,	Delta[d](1) = 0.0668643,	Delta[d](2) = 0.0754276,	Delta[d](3) = 0.0668643,	Delta[d](4) = 0.0668643,	Delta[d](5) = 0.063328,	Delta[d](6) = 0.0505711,	Delta[d](7) = 0.063328,	Delta[d](8) = 0.0754276,	Delta[d](9) = 0.0505711,	Delta[d](10) = 0.0392215,	Delta[d](11) = 0.0505711,	Delta[d](12) = 0.0668643,	Delta[d](13) = 0.063328,	Delta[d](14) = 0.0505711,	Delta[d](15) = 0.063328,	Delta[s+](0) = 0.229029,	Delta[s+](1) = 0.13633,	Delta[s+](2) = 0.0754276,	Delta[s+](3) = 0.13633,	Delta[s+](4) = 0.13633,	Delta[s+](5) = 0.0754276,	Delta[s+](6) = 0.0359253,	Delta[s+](7) = 0.0754276,	Delta[s+](8) = 0.0754276,	Delta[s+](9) = 0.0359253,	Delta[s+](10) = 0.0234672,	Delta[s+](11) = 0.0359253,	Delta[s+](12) = 0.13633,	Delta[s+](13) = 0.0754276,	Delta[s+](14) = 0.0359253,	Delta[s+](15) = 0.0754276
The 10-th iteration is completed.	|| time cost : 0h 0m 22.125s
********************************************************************************************************************
********************************************************************************************************************
Ground state is obtained after 11 iterations. The current ground-state energy is -66.1578, in which electron energy is -66.2443 and phonon energy is 0.0864374
final variational state is: 
	Gamma_x = [      1, 1.0232,1.04189, 1.0232, 1.0232,1.04189,1.06534,1.04189,1.04189,1.06534,1.08284,1.06534, 1.0232,1.04189,1.06534,1.04189]
	lambda_q = [0.591598,0.551754,0.526708,0.551754,0.551754,0.526708,0.540188,0.526708,0.526708,0.540188,0.528966,0.540188,0.551754,0.526708,0.540188,0.526708]
********************************************************************************************************************
o___o  ----------------------------------------
| L |	Time since last clock: 0h 0m 0s
A===A	Time since the beginning: 0h 2m 6.727s
***********************************************


********************************************************************************************************************
Warm up runs have been completed. Start calculating W = 5 phonon.
open output files: NGSEDIterationObs.txt
********************************************************************************************************************
Start the 0 rounds of NGS-ED iteration
	effective electronic model is modified as: kinetic energy t = 0.761811
	                                           effective interaction Vq = [-3.19972,-3.09414,-3.01965,-3.09414,-3.09414,-3.01965,-3.06052,-3.01965,-3.01965,-3.06052,-3.02662,-3.06052,-3.09414,-3.01965,-3.06052,-3.01965]
	PARPACK diagonalization completed after 45 matrix-vector product operations.
	iteration results: : total energy is -59.691284 | electron energy -59.734505 + phonon energy 0.043220 | electron momentum kIdx = 0
	Nq(0) = 6.25,	Nq(1) = 0.533875,	Nq(2) = 0.514947,	Nq(3) = 0.533875,	Nq(4) = 0.533875,	Nq(5) = 0.514947,	Nq(6) = 1.08678,	Nq(7) = 0.514947,	Nq(8) = 0.514947,	Nq(9) = 1.08678,	Nq(10) = 1.08225,	Nq(11) = 1.08678,	Nq(12) = 0.533875,	Nq(13) = 0.514947,	Nq(14) = 1.08678,	Nq(15) = 0.514947,	Sq(0) = 6.94063e-18,	Sq(1) = 0.138502,	Sq(2) = 0.196622,	Sq(3) = 0.138502,	Sq(4) = 0.138502,	Sq(5) = 0.196622,	Sq(6) = 0.263451,	Sq(7) = 0.196622,	Sq(8) = 0.196622,	Sq(9) = 0.263451,	Sq(10) = 0.307877,	Sq(11) = 0.263451,	Sq(12) = 0.138502,	Sq(13) = 0.196622,	Sq(14) = 0.263451,	Sq(15) = 0.196622,	N(0) = 1.82395,	N(1) = 1.53691,	N(2) = 0.261014,	N(3) = 1.53691,	N(4) = 1.53691,	N(5) = 0.261014,	N(6) = 0.0997038,	N(7) = 0.261014,	N(8) = 0.261014,	N(9) = 0.0997038,	N(10) = 0.0635324,	N(11) = 0.0997038,	N(12) = 1.53691,	N(13) = 0.261014,	N(14) = 0.0997038,	N(15) = 0.261014,	Delta[s](0) = 0.566268,	Delta[s](1) = 0.213302,	Delta[s](2) = 0.205938,	Delta[s](3) = 0.213302,	Delta[s](4) = 0.213302,	Delta[s](5) = 0.205938,	Delta[s](6) = 0.160698,	Delta[s](7) = 0.205938,	Delta[s](8) = 0.205938,	Delta[s](9) = 0.160698,	Delta[s](10) = 0.154393,	Delta[s](11) = 0.160698,	Delta[s](12) = 0.213302,	Delta[s](13) = 0.205938,	Delta[s](14) = 0.160698,	Delta[s](15) = 0.205938,	Delta[d](0) = 0.113952,	Delta[d](1) = 0.0728166,	Delta[d](2) = 0.084065,	Delta[d](3) = 0.0728166,	Delta[d](4) = 0.0728166,	Delta[d](5) = 0.0750456,	Delta[d](6) = 0.0529654,	Delta[d](7) = 0.0750456,	Delta[d](8) = 0.084065,	Delta[d](9) = 0.0529654,	Delta[d](10) = 0.0414765,	Delta[d](11) = 0.0529654,	Delta[d](12) = 0.0728166,	Delta[d](13) = 0.0750456,	Delta[d](14) = 0.0529654,	Delta[d](15) = 0.0750456,	Delta[s+](0) = 0.251496,	Delta[s+](1) = 0.1598,	Delta[s+](2) = 0.084065,	Delta[s+](3) = 0.1598,	Delta[s+](4) = 0.1598,	Delta[s+](5) = 0.084065,	Delta[s+](6) = 0.0347305,	Delta[s+](7) = 0.084065,	Delta[s+](8) = 0.084065,	Delta[s+](9) = 0.0347305,	Delta[s+](10) = 0.0201713,	Delta[s+](11) = 0.0347305,	Delta[s+](12) = 0.1598,	Delta[s+](13) = 0.084065,	Delta[s+](14) = 0.0347305,	Delta[s+](15) = 0.084065
The 0-th iteration is completed.	|| time cost : 0h 0m 21.266s
********************************************************************************************************************
Start the 1 rounds of NGS-ED iteration
	effective electronic model is modified as: kinetic energy t = 0.720795
	                                           effective interaction Vq = [-3.38953,-3.28576,-3.17754,-3.28576,-3.28576,-3.17754,-3.24993,-3.17754,-3.17754,-3.24993,-3.20421,-3.24993,-3.28576,-3.17754,-3.24993,-3.17754]
	PARPACK diagonalization completed after 45 matrix-vector product operations.
	iteration results: : total energy is -61.996508 | electron energy -62.158770 + phonon energy 0.162262 | electron momentum kIdx = 0
The 1-th iteration is completed.	|| time cost : 0h 0m 2.682s
********************************************************************************************************************
Start the 2 rounds of NGS-ED iteration
	effective electronic model is modified as: kinetic energy t = 0.687786
	                                           effective interaction Vq = [-3.45936,-3.37638,-3.27762,-3.37638,-3.37638,-3.27762,-3.35021,-3.27762,-3.27762,-3.35021, -3.3121,-3.35021,-3.37638,-3.27762,-3.35021,-3.27762]
	PARPACK diagonalization completed after 45 matrix-vector product operations.
	iteration results: : total energy is -62.961817 | electron energy -63.188966 + phonon energy 0.227149 | electron momentum kIdx = 0
The 2-th iteration is completed.	|| time cost : 0h 0m 2.688s
********************************************************************************************************************
Start the 3 rounds of NGS-ED iteration
	effective electronic model is modified as: kinetic energy t = 0.663629
	                                           effective interaction Vq = [-3.48505,-3.42075, -3.3394,-3.42075,-3.42075, -3.3394,-3.40206, -3.3394, -3.3394,-3.40206,-3.37268,-3.40206,-3.42075, -3.3394,-3.40206, -3.3394]
	PARPACK diagonalization completed after 45 matrix-vector product operations.
	iteration results: : total energy is -63.361892 | electron energy -63.614319 + phonon energy 0.252427 | electron momentum kIdx = 0
The 3-th iteration is completed.	|| time cost : 0h 0m 2.687s
********************************************************************************************************************
Start the 4 rounds of NGS-ED iteration
	effective electronic model is modified as: kinetic energy t = 0.646822
	                                           effective interaction Vq = [ -3.4945, -3.4436,-3.37768, -3.4436, -3.4436,-3.37768,-3.42917,-3.37768,-3.37768,-3.42917,-3.40625,-3.42917, -3.4436,-3.37768,-3.42917,-3.37768]
	PARPACK diagonalization completed after 45 matrix-vector product operations.
	iteration results: : total energy is -63.526517 | electron energy -63.786619 + phonon energy 0.260103 | electron momentum kIdx = 0
The 4-th iteration is completed.	|| time cost : 0h 0m 2.689s
********************************************************************************************************************
Start the 5 rounds of NGS-ED iteration
	effective electronic model is modified as: kinetic energy t = 0.635435
	                                           effective interaction Vq = [-3.49798,-3.45598,-3.40175,-3.45598,-3.45598,-3.40175,-3.44375,-3.40175,-3.40175,-3.44375,-3.42514,-3.44375,-3.45598,-3.40175,-3.44375,-3.40175]
	PARPACK diagonalization completed after 45 matrix-vector product operations.
	iteration results: : total energy is -63.594359 | electron energy -63.855546 + phonon energy 0.261188 | electron momentum kIdx = 0
The 5-th iteration is completed.	|| time cost : 0h 0m 2.692s
********************************************************************************************************************
Start the 6 rounds of NGS-ED iteration
	effective electronic model is modified as: kinetic energy t = 0.627828
	                                           effective interaction Vq = [-3.49926,  -3.463,-3.41716,  -3.463,  -3.463,-3.41716,-3.45182,-3.41716,-3.41716,-3.45182,-3.43604,-3.45182,  -3.463,-3.41716,-3.45182,-3.41716]
	PARPACK diagonalization completed after 45 matrix-vector product operations.
	iteration results: : total energy is -63.622529 | electron energy -63.882712 + phonon energy 0.260182 | electron momentum kIdx = 0
The 6-th iteration is completed.	|| time cost : 0h 0m 2.699s
********************************************************************************************************************
Start the 7 rounds of NGS-ED iteration
	effective electronic model is modified as: kinetic energy t = 0.622782
	                                           effective interaction Vq = [-3.49973,-3.46713,-3.42718,-3.46713,-3.46713,-3.42718,-3.45639,-3.42718,-3.42718,-3.45639,-3.44248,-3.45639,-3.46713,-3.42718,-3.45639,-3.42718]
	PARPACK diagonalization completed after 45 matrix-vector product operations.
	iteration results: : total energy is -63.634352 | electron energy -63.893111 + phonon energy 0.258759 | electron momentum kIdx = 0
The 7-th iteration is completed.	|| time cost : 0h 0m 2.691s
********************************************************************************************************************
Start the 8 rounds of NGS-ED iteration
	effective electronic model is modified as: kinetic energy t = 0.619449
	                                           effective interaction Vq = [ -3.4999,-3.46963,-3.43378,-3.46963,-3.46963,-3.43378,-3.45902,-3.43378,-3.43378,-3.45902,-3.44637,-3.45902,-3.46963,-3.43378,-3.45902,-3.43378]
	PARPACK diagonalization completed after 45 matrix-vector product operations.
	iteration results: : total energy is -63.639371 | electron energy -63.896842 + phonon energy 0.257471 | electron momentum kIdx = 0
The 8-th iteration is completed.	|| time cost : 0h 0m 2.695s
********************************************************************************************************************
Start the 9 rounds of NGS-ED iteration
	effective electronic model is modified as: kinetic energy t = 0.61725
	                                           effective interaction Vq = [-3.49996,-3.47117,-3.43818,-3.47117,-3.47117,-3.43818,-3.46056,-3.43818,-3.43818,-3.46056,-3.44875,-3.46056,-3.47117,-3.43818,-3.46056,-3.43818]
	PARPACK diagonalization completed after 45 matrix-vector product operations.
	iteration results: : total energy is -63.641527 | electron energy -63.897979 + phonon energy 0.256453 | electron momentum kIdx = 0
The 9-th iteration is completed.	|| time cost : 0h 0m 2.687s
********************************************************************************************************************
Start the 10 rounds of NGS-ED iteration
	effective electronic model is modified as: kinetic energy t = 0.6158
	                                           effective interaction Vq = [-3.49999,-3.47214,-3.44113,-3.47214,-3.47214,-3.44113,-3.46145,-3.44113,-3.44113,-3.46145,-3.45022,-3.46145,-3.47214,-3.44113,-3.46145,-3.44113]
	PARPACK diagonalization completed after 30 matrix-vector product operations.
	iteration results: : total energy is -63.642464 | electron energy -63.898159 + phonon energy 0.255695 | electron momentum kIdx = 0
	Nq(0) = 6.25,	Nq(1) = 0.523288,	Nq(2) = 0.668639,	Nq(3) = 0.523288,	Nq(4) = 0.523288,	Nq(5) = 0.668639,	Nq(6) = 1.1792,	Nq(7) = 0.668639,	Nq(8) = 0.668639,	Nq(9) = 1.1792,	Nq(10) = 1.31968,	Nq(11) = 1.1792,	Nq(12) = 0.523288,	Nq(13) = 0.668639,	Nq(14) = 1.1792,	Nq(15) = 0.668639,	Sq(0) = 2.22184e-18,	Sq(1) = 0.0611785,	Sq(2) = 0.103598,	Sq(3) = 0.0611785,	Sq(4) = 0.0611785,	Sq(5) = 0.103598,	Sq(6) = 0.141901,	Sq(7) = 0.103598,	Sq(8) = 0.103598,	Sq(9) = 0.141901,	Sq(10) = 0.174639,	Sq(11) = 0.141901,	Sq(12) = 0.0611785,	Sq(13) = 0.103598,	Sq(14) = 0.141901,	Sq(15) = 0.103598,	N(0) = 1.62081,	N(1) = 1.17441,	N(2) = 0.45573,	N(3) = 1.17441,	N(4) = 1.17441,	N(5) = 0.45573,	N(6) = 0.206366,	N(7) = 0.45573,	N(8) = 0.45573,	N(9) = 0.206366,	N(10) = 0.121685,	N(11) = 0.206366,	N(12) = 1.17441,	N(13) = 0.45573,	N(14) = 0.206366,	N(15) = 0.45573,	Delta[s](0) = 0.566103,	Delta[s](1) = 0.259729,	Delta[s](2) = 0.24347,	Delta[s](3) = 0.259729,	Delta[s](4) = 0.259729,	Delta[s](5) = 0.24347,	Delta[s](6) = 0.227074,	Delta[s](7) = 0.24347,	Delta[s](8) = 0.24347,	Delta[s](9) = 0.227074,	Delta[s](10) = 0.221596,	Delta[s](11) = 0.227074,	Delta[s](12) = 0.259729,	Delta[s](13) = 0.24347,	Delta[s](14) = 0.227074,	Delta[s](15) = 0.24347,	Delta[d](0) = 0.0740582,	Delta[d](1) = 0.0673722,	Delta[d](2) = 0.0738806,	Delta[d](3) = 0.0673722,	Delta[d](4) = 0.0673722,	Delta[d](5) = 0.0613038,	Delta[d](6) = 0.0579015,	Delta[d](7) = 0.0613038,	Delta[d](8) = 0.0738806,	Delta[d](9) = 0.0579015,	Delta[d](10) = 0.0496782,	Delta[d](11) = 0.0579015,	Delta[d](12) = 0.0673722,	Delta[d](13) = 0.0613038,	Delta[d](14) = 0.0579015,	Delta[d](15) = 0.0613038,	Delta[s+](0) = 0.175889,	Delta[s+](1) = 0.111521,	Delta[s+](2) = 0.0738806,	Delta[s+](3) = 0.111521,	Delta[s+](4) = 0.111521,	Delta[s+](5) = 0.0738806,	Delta[s+](6) = 0.0485556,	Delta[s+](7) = 0.0738806,	Delta[s+](8) = 0.0738806,	Delta[s+](9) = 0.0485556,	Delta[s+](10) = 0.037421,	Delta[s+](11) = 0.0485556,	Delta[s+](12) = 0.111521,	Delta[s+](13) = 0.0738806,	Delta[s+](14) = 0.0485556,	Delta[s+](15) = 0.0738806
The 10-th iteration is completed.	|| time cost : 0h 0m 20.936s
********************************************************************************************************************
Start the 11 rounds of NGS-ED iteration
	effective electronic model is modified as: kinetic energy t = 0.614843
	                                           effective interaction Vq = [-3.49999,-3.47275,-3.44312,-3.47275,-3.47275,-3.44312,-3.46197,-3.44312,-3.44312,-3.46197,-3.45115,-3.46197,-3.47275,-3.44312,-3.46197,-3.44312]
	PARPACK diagonalization completed after 30 matrix-vector product operations.
	iteration results: : total energy is -63.642875 | electron energy -63.898025 + phonon energy 0.255149 | electron momentum kIdx = 0
The 11-th iteration is completed.	|| time cost : 0h 0m 2.293s
********************************************************************************************************************
Start the 12 rounds of NGS-ED iteration
	effective electronic model is modified as: kinetic energy t = 0.61421
	                                           effective interaction Vq = [    -3.5,-3.47314,-3.44447,-3.47314,-3.47314,-3.44447,-3.46227,-3.44447,-3.44447,-3.46227,-3.45172,-3.46227,-3.47314,-3.44447,-3.46227,-3.44447]
	PARPACK diagonalization completed after 30 matrix-vector product operations.
	iteration results: : total energy is -63.643058 | electron energy -63.897821 + phonon energy 0.254763 | electron momentum kIdx = 0
The 12-th iteration is completed.	|| time cost : 0h 0m 2.294s
********************************************************************************************************************
Start the 13 rounds of NGS-ED iteration
	effective electronic model is modified as: kinetic energy t = 0.613792
	                                           effective interaction Vq = [    -3.5,-3.47339,-3.44539,-3.47339,-3.47339,-3.44539,-3.46244,-3.44539,-3.44539,-3.46244,-3.45209,-3.46244,-3.47339,-3.44539,-3.46244,-3.44539]
	PARPACK diagonalization completed after 30 matrix-vector product operations.
	iteration results: : total energy is -63.643140 | electron energy -63.897632 + phonon energy 0.254492 | electron momentum kIdx = 0
The 13-th iteration is completed.	|| time cost : 0h 0m 2.297s
********************************************************************************************************************
Start the 14 rounds of NGS-ED iteration
	effective electronic model is modified as: kinetic energy t = 0.613515
	                                           effective interaction Vq = [    -3.5,-3.47356,-3.44602,-3.47356,-3.47356,-3.44602,-3.46254,-3.44602,-3.44602,-3.46254,-3.45232,-3.46254,-3.47356,-3.44602,-3.46254,-3.44602]
	PARPACK diagonalization completed after 30 matrix-vector product operations.
	iteration results: : total energy is -63.643177 | electron energy -63.897480 + phonon energy 0.254303 | electron momentum kIdx = 0
The 14-th iteration is completed.	|| time cost : 0h 0m 2.299s
********************************************************************************************************************
Start the 15 rounds of NGS-ED iteration
	effective electronic model is modified as: kinetic energy t = 0.61333
	                                           effective interaction Vq = [    -3.5,-3.47366,-3.44645,-3.47366,-3.47366,-3.44645,-3.46259,-3.44645,-3.44645,-3.46259,-3.45247,-3.46259,-3.47366,-3.44645,-3.46259,-3.44645]
	PARPACK diagonalization completed after 30 matrix-vector product operations.
	iteration results: : total energy is -63.643194 | electron energy -63.897366 + phonon energy 0.254172 | electron momentum kIdx = 0
The 15-th iteration is completed.	|| time cost : 0h 0m 2.296s
********************************************************************************************************************
Start the 16 rounds of NGS-ED iteration
	effective electronic model is modified as: kinetic energy t = 0.613208
	                                           effective interaction Vq = [    -3.5,-3.47373,-3.44674,-3.47373,-3.47373,-3.44674,-3.46262,-3.44674,-3.44674,-3.46262,-3.45257,-3.46262,-3.47373,-3.44674,-3.46262,-3.44674]
	PARPACK diagonalization completed after 30 matrix-vector product operations.
	iteration results: : total energy is -63.643202 | electron energy -63.897283 + phonon energy 0.254082 | electron momentum kIdx = 0
The 16-th iteration is completed.	|| time cost : 0h 0m 2.293s
********************************************************************************************************************
Start the 17 rounds of NGS-ED iteration
	effective electronic model is modified as: kinetic energy t = 0.613126
	                                           effective interaction Vq = [    -3.5,-3.47378,-3.44694,-3.47378,-3.47378,-3.44694,-3.46263,-3.44694,-3.44694,-3.46263,-3.45263,-3.46263,-3.47378,-3.44694,-3.46263,-3.44694]
	PARPACK diagonalization completed after 30 matrix-vector product operations.
	iteration results: : total energy is -63.643205 | electron energy -63.897224 + phonon energy 0.254019 | electron momentum kIdx = 0
The 17-th iteration is completed.	|| time cost : 0h 0m 2.297s
********************************************************************************************************************
Start the 18 rounds of NGS-ED iteration
	effective electronic model is modified as: kinetic energy t = 0.613071
	                                           effective interaction Vq = [    -3.5,-3.47381,-3.44708,-3.47381,-3.47381,-3.44708,-3.46264,-3.44708,-3.44708,-3.46264,-3.45267,-3.46264,-3.47381,-3.44708,-3.46264,-3.44708]
	PARPACK diagonalization completed after 30 matrix-vector product operations.
	iteration results: : total energy is -63.643207 | electron energy -63.897183 + phonon energy 0.253976 | electron momentum kIdx = 0
The 18-th iteration is completed.	|| time cost : 0h 0m 2.291s
********************************************************************************************************************
Start the 19 rounds of NGS-ED iteration
	effective electronic model is modified as: kinetic energy t = 0.613035
	                                           effective interaction Vq = [    -3.5,-3.47383,-3.44717,-3.47383,-3.47383,-3.44717,-3.46264,-3.44717,-3.44717,-3.46264,-3.45269,-3.46264,-3.47383,-3.44717,-3.46264,-3.44717]
	PARPACK diagonalization completed after 30 matrix-vector product operations.
	iteration results: : total energy is -63.643208 | electron energy -63.897153 + phonon energy 0.253946 | electron momentum kIdx = 0
The 19-th iteration is completed.	|| time cost : 0h 0m 2.292s
********************************************************************************************************************
Start the 20 rounds of NGS-ED iteration
	effective electronic model is modified as: kinetic energy t = 0.61301
	                                           effective interaction Vq = [    -3.5,-3.47384,-3.44724,-3.47384,-3.47384,-3.44724,-3.46264,-3.44724,-3.44724,-3.46264,-3.45271,-3.46264,-3.47384,-3.44724,-3.46264,-3.44724]
	PARPACK diagonalization completed after 30 matrix-vector product operations.
	iteration results: : total energy is -63.643208 | electron energy -63.897133 + phonon energy 0.253925 | electron momentum kIdx = 0
	Nq(0) = 6.25,	Nq(1) = 0.522687,	Nq(2) = 0.676755,	Nq(3) = 0.522687,	Nq(4) = 0.522687,	Nq(5) = 0.676755,	Nq(6) = 1.17211,	Nq(7) = 0.676755,	Nq(8) = 0.676755,	Nq(9) = 1.17211,	Nq(10) = 1.31944,	Nq(11) = 1.17211,	Nq(12) = 0.522687,	Nq(13) = 0.676755,	Nq(14) = 1.17211,	Nq(15) = 0.676755,	Sq(0) = -1.20239e-18,	Sq(1) = 0.0603508,	Sq(2) = 0.102454,	Sq(3) = 0.0603508,	Sq(4) = 0.0603508,	Sq(5) = 0.102454,	Sq(6) = 0.140436,	Sq(7) = 0.102454,	Sq(8) = 0.102454,	Sq(9) = 0.140436,	Sq(10) = 0.172961,	Sq(11) = 0.140436,	Sq(12) = 0.0603508,	Sq(13) = 0.102454,	Sq(14) = 0.140436,	Sq(15) = 0.102454,	N(0) = 1.6174,	N(1) = 1.16943,	N(2) = 0.458418,	N(3) = 1.16943,	N(4) = 1.16943,	N(5) = 0.458418,	N(6) = 0.207972,	N(7) = 0.458418,	N(8) = 0.458418,	N(9) = 0.207972,	N(10) = 0.122477,	N(11) = 0.207972,	N(12) = 1.16943,	N(13) = 0.458418,	N(14) = 0.207972,	N(15) = 0.458418,	Delta[s](0) = 0.565394,	Delta[s](1) = 0.260293,	Delta[s](2) = 0.243961,	Delta[s](3) = 0.260293,	Delta[s](4) = 0.260293,	Delta[s](5) = 0.243961,	Delta[s](6) = 0.227943,	Delta[s](7) = 0.243961,	Delta[s](8) = 0.243961,	Delta[s](9) = 0.227943,	Delta[s](10) = 0.222478,	Delta[s](11) = 0.227943,	Delta[s](12) = 0.260293,	Delta[s](13) = 0.243961,	Delta[s](14) = 0.227943,	Delta[s](15) = 0.243961,	Delta[d](0) = 0.0740112,	Delta[d](1) = 0.0675964,	Delta[d](2) = 0.074052,	Delta[d](3) = 0.0675964,	Delta[d](4) = 0.0675964,	Delta[d](5) = 0.0615113,	Delta[d](6) = 0.0582358,	Delta[d](7) = 0.0615113,	Delta[d](8) = 0.074052,	Delta[d](9) = 0.0582358,	Delta[d](10) = 0.0500778,	Delta[d](11) = 0.0582358,	Delta[d](12) = 0.0675964,	Delta[d](13) = 0.0615113,	Delta[d](14) = 0.0582358,	Delta[d](15) = 0.0615113,	Delta[s+](0) = 0.175102,	Delta[s+](1) = 0.111207,	Delta[s+](2) = 0.074052,	Delta[s+](3) = 0.111207,	Delta[s+](4) = 0.111207,	Delta[s+](5) = 0.074052,	Delta[s+](6) = 0.0490036,	Delta[s+](7) = 0.074052,	Delta[s+](8) = 0.074052,	Delta[s+](9) = 0.0490036,	Delta[s+](10) = 0.0379124,	Delta[s+](11) = 0.0490036,	Delta[s+](12) = 0.111207,	Delta[s+](13) = 0.074052,	Delta[s+](14) = 0.0490036,	Delta[s+](15) = 0.074052
The 20-th iteration is completed.	|| time cost : 0h 0m 20.703s
********************************************************************************************************************
Start the 21 rounds of NGS-ED iteration
	effective electronic model is modified as: kinetic energy t = 0.612994
	                                           effective interaction Vq = [    -3.5,-3.47385,-3.44728,-3.47385,-3.47385,-3.44728,-3.46264,-3.44728,-3.44728,-3.46264,-3.45272,-3.46264,-3.47385,-3.44728,-3.46264,-3.44728]
	PARPACK diagonalization completed after 30 matrix-vector product operations.
	iteration results: : total energy is -63.643208 | electron energy -63.897119 + phonon energy 0.253911 | electron momentum kIdx = 0
The 21-th iteration is completed.	|| time cost : 0h 0m 2.295s
********************************************************************************************************************
Start the 22 rounds of NGS-ED iteration
	effective electronic model is modified as: kinetic energy t = 0.612982
	                                           effective interaction Vq = [    -3.5,-3.47386,-3.44732,-3.47386,-3.47386,-3.44732,-3.46264,-3.44732,-3.44732,-3.46264,-3.45273,-3.46264,-3.47386,-3.44732,-3.46264,-3.44732]
	PARPACK diagonalization completed after 30 matrix-vector product operations.
	iteration results: : total energy is -63.643208 | electron energy -63.897109 + phonon energy 0.253901 | electron momentum kIdx = 0
The 22-th iteration is completed.	|| time cost : 0h 0m 2.298s
********************************************************************************************************************
Start the 23 rounds of NGS-ED iteration
	effective electronic model is modified as: kinetic energy t = 0.612975
	                                           effective interaction Vq = [    -3.5,-3.47386,-3.44734,-3.47386,-3.47386,-3.44734,-3.46264,-3.44734,-3.44734,-3.46264,-3.45273,-3.46264,-3.47386,-3.44734,-3.46264,-3.44734]
	PARPACK diagonalization completed after 30 matrix-vector product operations.
