SNEDics v3.22.2 Non-Gaussian ED ground state program		Start at Sat Apr 16 07:03:32 2022

Parallelization: 32 MPI threads  * 8 OpenMP threads = 256 total threads.
********************************************************************************************************************
********************************************************************************************************************

********************************************************************************************************************
System parameters and configurations
	special program options are enabled: splitted diagonal Hamiltonian | splitted Hamiltonian terms
********************************************************************************************************************
Read input file "model_params.in"
	Hubbard-Holstein model parameters : 	t = 1    U = 8    g = 0.1    W = 0.2    
********************************************************************************************************************
Read input file "hilbertspace_params.in"
	Requested 16-site 2D lattice, with 12 electrons (6, 6)
	Boundary : Periodic		Hilbert space representation : momentum-space (restricted to kIdx = 0)
	Conservation: particle number[U(1)]      spin[U(1)]     momentum
********************************************************************************************************************

Cluster Positions:				Cluster symmetry group : D4
 x ... x ... x ... x .....                       x ... x ... x ... x .....
 |           |           :                       |           |           :
 |           |           :                       |           |           :
12    13    14    15     x                       1     5     6     5     x
 |           |           :                       |           |           :
 |           |           :                       |           |           :
 8 --- 9 ---10 ---11 --- x                       2 --- 6 ---10 --- 6 --- x
 |           |           :                       |           |           :
 |           |           :                       |           |           :
 4     5     6     7     x                       1     5     6     5     x
 |           |           :                       |           |           :
 |           |           :                       |           |           :
 0 --- 1 --- 2 --- 3 --- x                       0 --- 1 --- 2 --- 1 --- x
orbital number : 1
********************************************************************************************************************
Read input file "obs_params.in"
	Observable Type : Nq(All),   Sq(All),   N(All-Orbital),   Delta[s](All),   Delta[d](All),   Delta[s+](All)
** WARNING ** the input observables have non-local factors which have been reinterpreted. The total observable number is 96
********************************************************************************************************************


********************************************************************************************************************
Start calculating the non-Gaussian ED ground state
Maximal iteration number is 1000; energy resolution is 1e-06. Phonon state relaxation time is 2000
W = 0.2 is relatively large. The non-Gaussian ED calculation starts directly.
open output files: NGSED_iteration_observables.txt
********************************************************************************************************************
Start the 0 rounds of NGS-ED iteration
	effective electronic model is modified as: kinetic energy t = 1
	                                           effective interaction Vq = [0,0,0,0,0,0,0,0,0,0,0,0,0,0,0,0]
	first Hamiltonian is constructed, size = 4008592 and non-zero numbers = 969134044
	PARPACK diagonalization completed after 150 matrix-vector product operations.
	iteration results: : total energy is -14.925310 | electron energy -14.925310 + phonon energy 0.000000 | electron momentum kIdx = 0
	Nq(0) = 9,	Nq(1) = 0.191675,	Nq(2) = 0.266183,	Nq(3) = 0.191675,	Nq(4) = 0.191675,	Nq(5) = 0.245517,	
	Nq(6) = 0.314107,	Nq(7) = 0.245517,	Nq(8) = 0.266183,	Nq(9) = 0.314107,	Nq(10) = 0.369338,	
	Nq(11) = 0.314107,	Nq(12) = 0.191675,	Nq(13) = 0.245517,	Nq(14) = 0.314107,	Nq(15) = 0.245517;	
	Sq(0) = 3.02743e-18,	Sq(1) = 0.554662,	Sq(2) = 0.424361,	Sq(3) = 0.554662,	Sq(4) = 0.554662,	
	Sq(5) = 0.79749,	Sq(6) = 1.01287,	Sq(7) = 0.79749,	Sq(8) = 0.424361,	Sq(9) = 1.01287,	
	Sq(10) = 0.784303,	Sq(11) = 1.01287,	Sq(12) = 0.554662,	Sq(13) = 0.79749,	Sq(14) = 1.01287,	
	Sq(15) = 0.79749;	N(0) = 1.76735,	N(1) = 1.6264,	N(2) = 0.74365,	N(3) = 1.6264,	
	N(4) = 1.6264,	N(5) = 0.392302,	N(6) = 0.144321,	N(7) = 0.392302,	N(8) = 0.74365,	
	N(9) = 0.144321,	N(10) = 0.0932732,	N(11) = 0.144321,	N(12) = 1.6264,	N(13) = 0.392302,	
	N(14) = 0.144321,	N(15) = 0.392302;	Delta[s](0) = 0.0657832,	Delta[s](1) = 0.0454096,	Delta[s](2) = 0.0304059,	
	Delta[s](3) = 0.0454096,	Delta[s](4) = 0.0454096,	Delta[s](5) = 0.027094,	Delta[s](6) = 0.00919882,	Delta[s](7) = 0.027094,	
	Delta[s](8) = 0.0304059,	Delta[s](9) = 0.00919882,	Delta[s](10) = 4.52627e-05,	Delta[s](11) = 0.00919882,	Delta[s](12) = 0.0454096,	
	Delta[s](13) = 0.027094,	Delta[s](14) = 0.00919882,	Delta[s](15) = 0.027094;	Delta[d](0) = 0.229546,	Delta[d](1) = 0.180084,	
	Delta[d](2) = 0.222306,	Delta[d](3) = 0.180084,	Delta[d](4) = 0.180084,	Delta[d](5) = 0.122946,	Delta[d](6) = 0.150486,	
	Delta[d](7) = 0.122946,	Delta[d](8) = 0.222306,	Delta[d](9) = 0.150486,	Delta[d](10) = 0.0765714,	Delta[d](11) = 0.150486,	
	Delta[d](12) = 0.180084,	Delta[d](13) = 0.122946,	Delta[d](14) = 0.150486,	Delta[d](15) = 0.122946;	Delta[s+](0) = 0.529911,	
	Delta[s+](1) = 0.361358,	Delta[s+](2) = 0.222306,	Delta[s+](3) = 0.361358,	Delta[s+](4) = 0.361358,	Delta[s+](5) = 0.177153,	
	Delta[s+](6) = 0.0625725,	Delta[s+](7) = 0.177153,	Delta[s+](8) = 0.222306,	Delta[s+](9) = 0.0625725,	Delta[s+](10) = 0.0156303,	
	Delta[s+](11) = 0.0625725,	Delta[s+](12) = 0.361358,	Delta[s+](13) = 0.177153,	Delta[s+](14) = 0.0625725,	Delta[s+](15) = 0.177153
	
The 0-th iteration is completed.	|| time cost : 0h 2m 4.783s
********************************************************************************************************************
Start the 1 rounds of NGS-ED iteration
	effective electronic model is modified as: kinetic energy t = 0.99957
	                                           effective interaction Vq = [      -0.05,-0.00604262,-0.00431757,-0.00604262,-0.00604262,-0.00399974,-0.00344383,-0.00399974,-0.00431757,-0.00344383, -0.0030566,-0.00344383,-0.00604262,-0.00399974,-0.00344383,-0.00399974]
	PARPACK diagonalization completed after 45 matrix-vector product operations.
	iteration results: : total energy is -15.383635 | electron energy -15.383656 + phonon energy 0.000021 | electron momentum kIdx = 0
The 1-th iteration is completed.	|| time cost : 0h 1m 18.079s
********************************************************************************************************************
Start the 2 rounds of NGS-ED iteration
	effective electronic model is modified as: kinetic energy t = 0.99957
	                                           effective interaction Vq = [      -0.05,-0.00604422, -0.0043175,-0.00604422,-0.00604422,-0.00399964,-0.00344371,-0.00399964, -0.0043175,-0.00344371,-0.00305656,-0.00344371,-0.00604422,-0.00399964,-0.00344371,-0.00399964]
	PARPACK diagonalization completed after 30 matrix-vector product operations.
	iteration results: : total energy is -15.383635 | electron energy -15.383656 + phonon energy 0.000021 | electron momentum kIdx = 0
The 2-th iteration is completed.	|| time cost : 0h 0m 9.469s
********************************************************************************************************************
Start the 3 rounds of NGS-ED iteration
	effective electronic model is modified as: kinetic energy t = 0.99957
	                                           effective interaction Vq = [      -0.05,-0.00604422, -0.0043175,-0.00604422,-0.00604422,-0.00399964,-0.00344371,-0.00399964, -0.0043175,-0.00344371,-0.00305656,-0.00344371,-0.00604422,-0.00399964,-0.00344371,-0.00399964]
	PARPACK diagonalization completed after 30 matrix-vector product operations.
	iteration results: : total energy is -15.383635 | electron energy -15.383656 + phonon energy 0.000021 | electron momentum kIdx = 0
	Nq(0) = 9,	Nq(1) = 0.191764,	Nq(2) = 0.266225,	Nq(3) = 0.191764,	Nq(4) = 0.191764,	Nq(5) = 0.245554,	
	Nq(6) = 0.31415,	Nq(7) = 0.245554,	Nq(8) = 0.266225,	Nq(9) = 0.31415,	Nq(10) = 0.369398,	
	Nq(11) = 0.31415,	Nq(12) = 0.191764,	Nq(13) = 0.245554,	Nq(14) = 0.31415,	Nq(15) = 0.245554;	
	Sq(0) = 6.17337e-18,	Sq(1) = 0.554598,	Sq(2) = 0.42436,	Sq(3) = 0.554598,	Sq(4) = 0.554598,	
	Sq(5) = 0.797422,	Sq(6) = 1.01278,	Sq(7) = 0.797422,	Sq(8) = 0.42436,	Sq(9) = 1.01278,	
	Sq(10) = 0.784361,	Sq(11) = 1.01278,	Sq(12) = 0.554598,	Sq(13) = 0.797422,	Sq(14) = 1.01278,	
	Sq(15) = 0.797422;	N(0) = 1.76752,	N(1) = 1.62663,	N(2) = 0.743572,	N(3) = 1.62663,	
	N(4) = 1.62663,	N(5) = 0.392146,	N(6) = 0.144247,	N(7) = 0.392146,	N(8) = 0.743572,	
	N(9) = 0.144247,	N(10) = 0.0932388,	N(11) = 0.144247,	N(12) = 1.62663,	N(13) = 0.392146,	
	N(14) = 0.144247,	N(15) = 0.392146;	Delta[s](0) = 0.0658394,	Delta[s](1) = 0.0454484,	Delta[s](2) = 0.0304363,	
	Delta[s](3) = 0.0454484,	Delta[s](4) = 0.0454484,	Delta[s](5) = 0.0271204,	Delta[s](6) = 0.00920728,	Delta[s](7) = 0.0271204,	
	Delta[s](8) = 0.0304363,	Delta[s](9) = 0.00920728,	Delta[s](10) = 4.53079e-05,	Delta[s](11) = 0.00920728,	Delta[s](12) = 0.0454484,	
	Delta[s](13) = 0.0271204,	Delta[s](14) = 0.00920728,	Delta[s](15) = 0.0271204;	Delta[d](0) = 0.229561,	Delta[d](1) = 0.180091,	
	Delta[d](2) = 0.222321,	Delta[d](3) = 0.180091,	Delta[d](4) = 0.180091,	Delta[d](5) = 0.122943,	Delta[d](6) = 0.150485,	
	Delta[d](7) = 0.122943,	Delta[d](8) = 0.222321,	Delta[d](9) = 0.150485,	Delta[d](10) = 0.07652,	Delta[d](11) = 0.150485,	
	Delta[d](12) = 0.180091,	Delta[d](13) = 0.122943,	Delta[d](14) = 0.150485,	Delta[d](15) = 0.122943;	Delta[s+](0) = 0.529969,	
	Delta[s+](1) = 0.361395,	Delta[s+](2) = 0.222321,	Delta[s+](3) = 0.361395,	Delta[s+](4) = 0.361395,	Delta[s+](5) = 0.177157,	
	Delta[s+](6) = 0.0625613,	Delta[s+](7) = 0.177157,	Delta[s+](8) = 0.222321,	Delta[s+](9) = 0.0625613,	Delta[s+](10) = 0.0156247,	
	Delta[s+](11) = 0.0625613,	Delta[s+](12) = 0.361395,	Delta[s+](13) = 0.177157,	Delta[s+](14) = 0.0625613,	Delta[s+](15) = 0.177157
	
The 3-th iteration is completed.	|| time cost : 0h 1m 21.688s
********************************************************************************************************************
********************************************************************************************************************
Ground state is obtained after 4 iterations. The current ground-state energy is -15.3836, in which electron energy is -15.3837 and phonon energy is 2.12596e-05
Final variational state is: 
	Gamma_x = [      1,1.00562,1.00563,1.00562,1.00562,1.00482,1.00533,1.00482,1.00563,1.00533,1.00557,1.00533,1.00562,1.00482,1.00533,1.00482]
	lambda_q = [      0.5,0.0311942,0.0220748,0.0311942,0.0311942, 0.020415,0.0175257, 0.020415,0.0220748,0.0175257,0.0155238,0.0175257,0.0311942, 0.020415,0.0175257, 0.020415]
Effective e-e interactions mediated by phonons are:
	momentum-space Vq = [      -0.05,-0.00604422, -0.0043175,-0.00604422,-0.00604422,-0.00399964,-0.00344371,-0.00399964, -0.0043175,-0.00344371,-0.00305656,-0.00344371,-0.00604422,-0.00399964,-0.00344371,-0.00399964]
	real-space Vr = [-0.00722762,-0.00325903,-0.00285581,-0.00325903,-0.00325903,-0.00277635, -0.0026089,-0.00277635,-0.00285581, -0.0026089,-0.00248365, -0.0026089,-0.00325903,-0.00277635, -0.0026089,-0.00277635]
********************************************************************************************************************
o___o  ----------------------------------------
| L |	Time since last clock: 0h 0m 0.01s
A===A	Time since the beginning: 0h 4m 54.031s
***********************************************


Non-Gaussina ED ground state calculation is completed. The final ground-state energy is -15.3836
********************************************************************************************************************
o___o  ----------------------------------------
| L |	Time since last clock: 0h 0m 0.032s
A===A	Time since the beginning: 0h 4m 54.064s
***********************************************



********************************************************************************************************************
All non-Gaussian ED ground state calculations have been completed. Exit now.
