SNEDics v3.4 Non-Gaussian ED ground state program		Start at Wed Oct  2 02:03:21 2019

parallized on 16 MPI threads  * 8 OpenMP threads = 128 total threads.
********************************************************************************************************************
********************************************************************************************************************

********************************************************************************************************************
System parameters and configurations
********************************************************************************************************************
Special program options are enabled: splitted diagonal Hamiltonian
********************************************************************************************************************
Read input file "model_params.in"
	Hubbard-Holstein model parameters : 	t = 1    U = 6.21    g = 4.1833    W = 5    
********************************************************************************************************************
Read input file "hilbertspace_params.in"
	Requested 16-site 2D lattice, with 16 electrons (8, 8)
	Boundary : Periodic		Hilbert space representation : momentum-space (restricted to kIdx = 10)
	Conservation: particle number[U(1)]      spin[U(1)]     momentum
********************************************************************************************************************

Cluster Positions:				Cluster symmetry group : D4
 x ... x ... x ... x .....                       x ... x ... x ... x .....
 |           |           :                       |           |           :
 |           |           :                       |           |           :
12    13    14    15     x                       1     5     6     5     x
 |           |           :                       |           |           :
 |           |           :                       |           |           :
 8 --- 9 ---10 ---11 --- x                       2 --- 6 ---10 --- 6 --- x
 |           |           :                       |           |           :
 |           |           :                       |           |           :
 4     5     6     7     x                       1     5     6     5     x
 |           |           :                       |           |           :
 |           |           :                       |           |           :
 0 --- 1 --- 2 --- 3 --- x                       0 --- 1 --- 2 --- 1 --- x
orbital number : 1
********************************************************************************************************************
Read input file "obs_params.in"
	Observable Type : Nq(All),   Sq(All),   N(All),   Delta[s](All),   Delta[d](All),   Delta[s+](All)
********************************************************************************************************************
** WARNING ** the input observables have non-local factors which have been reinterpreted. The total observable number is 96
********************************************************************************************************************


********************************************************************************************************************
Start calculating the non-Gaussian ED ground state
** WARNING ** Detected low phonon energy W < 10. The initial state will be prepared through a warm-up process.
********************************************************************************************************************
Start warm-up calculation for scaling factor 2
open output files: NGSEDWarmUpW10Obs.txt
********************************************************************************************************************
Start the 0 rounds of NGS-ED iteration
	effective electronic model is modified as: kinetic energy t = 1
	                                           effective interaction Vq = [-0,-0,-0,-0,-0,-0,-0,-0,-0,-0,-0,-0,-0,-0,-0,-0]
	first Hamiltonian is constructed, non-zero numbers = 2845334624
	PARPACK diagonalization completed after 90 matrix-vector product operations.
	iteration results: : total energy is -10.103222 | electron energy -10.103222 + phonon energy 0.000000 | electron momentum kIdx = 10
	Nq(0) = 16,	Nq(1) = 0.0951976,	Nq(2) = 0.155205,	Nq(3) = 0.0951976,	Nq(4) = 0.0951976,	Nq(5) = 0.155205,	Nq(6) = 0.211471,	Nq(7) = 0.155205,	Nq(8) = 0.155205,	Nq(9) = 0.211471,	Nq(10) = 0.261653,	Nq(11) = 0.211471,	Nq(12) = 0.0951976,	Nq(13) = 0.155205,	Nq(14) = 0.211471,	Nq(15) = 0.155205,	Sq(0) = 7.71258e-19,	Sq(1) = 0.261533,	Sq(2) = 0.397811,	Sq(3) = 0.261533,	Sq(4) = 0.261533,	Sq(5) = 0.397811,	Sq(6) = 0.584839,	Sq(7) = 0.397811,	Sq(8) = 0.397811,	Sq(9) = 0.584839,	Sq(10) = 7.80809,	Sq(11) = 0.584839,	Sq(12) = 0.261533,	Sq(13) = 0.397811,	Sq(14) = 0.584839,	Sq(15) = 0.397811,	N(0) = 1.84741,	N(1) = 1.67729,	N(2) = 1,	N(3) = 1.67729,	N(4) = 1.67729,	N(5) = 1,	N(6) = 0.322707,	N(7) = 1,	N(8) = 1,	N(9) = 0.322707,	N(10) = 0.152593,	N(11) = 0.322707,	N(12) = 1.67729,	N(13) = 1,	N(14) = 0.322707,	N(15) = 1,	Delta[s](0) = 0.115594,	Delta[s](1) = 0.0974071,	Delta[s](2) = 0.0770406,	Delta[s](3) = 0.0974071,	Delta[s](4) = 0.0974071,	Delta[s](5) = 0.0770406,	Delta[s](6) = 0.055322,	Delta[s](7) = 0.0770406,	Delta[s](8) = 0.0770406,	Delta[s](9) = 0.055322,	Delta[s](10) = 0.0210239,	Delta[s](11) = 0.055322,	Delta[s](12) = 0.0974071,	Delta[s](13) = 0.0770406,	Delta[s](14) = 0.055322,	Delta[s](15) = 0.0770406,	Delta[d](0) = 0.543514,	Delta[d](1) = 0.440363,	Delta[d](2) = 0.365966,	Delta[d](3) = 0.440363,	Delta[d](4) = 0.440363,	Delta[d](5) = 0.397242,	Delta[d](6) = 0.330736,	Delta[d](7) = 0.397242,	Delta[d](8) = 0.365966,	Delta[d](9) = 0.330736,	Delta[d](10) = 0.268391,	Delta[d](11) = 0.330736,	Delta[d](12) = 0.440363,	Delta[d](13) = 0.397242,	Delta[d](14) = 0.330736,	Delta[d](15) = 0.397242,	Delta[s+](0) = 0.600941,	Delta[s+](1) = 0.499698,	Delta[s+](2) = 0.365966,	Delta[s+](3) = 0.499698,	Delta[s+](4) = 0.499698,	Delta[s+](5) = 0.365966,	Delta[s+](6) = 0.233284,	Delta[s+](7) = 0.365966,	Delta[s+](8) = 0.365966,	Delta[s+](9) = 0.233284,	Delta[s+](10) = 0.119706,	Delta[s+](11) = 0.233284,	Delta[s+](12) = 0.499698,	Delta[s+](13) = 0.365966,	Delta[s+](14) = 0.233284,	Delta[s+](15) = 0.365966
The 0-th iteration is completed.	|| time cost : 0h 8m 40.639s
********************************************************************************************************************
Start the 1 rounds of NGS-ED iteration
	effective electronic model is modified as: kinetic energy t = 0.922226
	                                           effective interaction Vq = [-3.02633,-2.65874,-2.58082,-2.65874,-2.65874,-2.58082,-2.54023,-2.58082,-2.58082,-2.54023,-2.50671,-2.54023,-2.65874,-2.58082,-2.54023,-2.58082]
	PARPACK diagonalization completed after 45 matrix-vector product operations.
	iteration results: : total energy is -67.171641 | electron energy -67.175979 + phonon energy 0.004338 | electron momentum kIdx = 10
The 1-th iteration is completed.	|| time cost : 0h 7m 33.583s
********************************************************************************************************************
Start the 2 rounds of NGS-ED iteration
	effective electronic model is modified as: kinetic energy t = 0.857521
	                                           effective interaction Vq = [ -3.4359,-3.25222,-3.12035,-3.25222,-3.25222,-3.12035,-3.11914,-3.12035,-3.12035,-3.11914,-3.05187,-3.11914,-3.25222,-3.12035,-3.11914,-3.12035]
	PARPACK diagonalization completed after 45 matrix-vector product operations.
	iteration results: : total energy is -75.794714 | electron energy -75.841649 + phonon energy 0.046934 | electron momentum kIdx = 10
The 2-th iteration is completed.	|| time cost : 0h 0m 32.013s
********************************************************************************************************************
Start the 3 rounds of NGS-ED iteration
	effective electronic model is modified as: kinetic energy t = 0.821112
	                                           effective interaction Vq = [-3.49132,-3.39396,-3.34566,-3.39396,-3.39396,-3.34566,-3.28324,-3.34566,-3.34566,-3.28324,  -3.198,-3.28324,-3.39396,-3.34566,-3.28324,-3.34566]
	PARPACK diagonalization completed after 30 matrix-vector product operations.
	iteration results: : total energy is -77.364168 | electron energy -77.456317 + phonon energy 0.092150 | electron momentum kIdx = 10
The 3-th iteration is completed.	|| time cost : 0h 0m 27.429s
********************************************************************************************************************
Start the 4 rounds of NGS-ED iteration
	effective electronic model is modified as: kinetic energy t = 0.807654
	                                           effective interaction Vq = [-3.49883,-3.42889,-3.40358,-3.42889,-3.42889,-3.40358,-3.33027,-3.40358,-3.40358,-3.33027,-3.24205,-3.33027,-3.42889,-3.40358,-3.33027,-3.40358]
	PARPACK diagonalization completed after 30 matrix-vector product operations.
	iteration results: : total energy is -77.575077 | electron energy -77.691741 + phonon energy 0.116664 | electron momentum kIdx = 10
The 4-th iteration is completed.	|| time cost : 0h 0m 27.309s
********************************************************************************************************************
Start the 5 rounds of NGS-ED iteration
	effective electronic model is modified as: kinetic energy t = 0.802865
	                                           effective interaction Vq = [-3.49984,-3.43916,-3.42095,-3.43916,-3.43916,-3.42095,-3.34554,-3.42095,-3.42095,-3.34554,-3.25679,-3.34554,-3.43916,-3.42095,-3.34554,-3.42095]
	PARPACK diagonalization completed after 30 matrix-vector product operations.
	iteration results: : total energy is -77.602745 | electron energy -77.729373 + phonon energy 0.126627 | electron momentum kIdx = 10
The 5-th iteration is completed.	|| time cost : 0h 0m 27.312s
********************************************************************************************************************
Start the 6 rounds of NGS-ED iteration
	effective electronic model is modified as: kinetic energy t = 0.801182
	                                           effective interaction Vq = [-3.49998,-3.44246,-3.42664,-3.44246,-3.44246,-3.42664,-3.35078,-3.42664,-3.42664,-3.35078,-3.26192,-3.35078,-3.44246,-3.42664,-3.35078,-3.42664]
	PARPACK diagonalization completed after 30 matrix-vector product operations.
	iteration results: : total energy is -77.606347 | electron energy -77.736660 + phonon energy 0.130313 | electron momentum kIdx = 10
The 6-th iteration is completed.	|| time cost : 0h 0m 27.312s
********************************************************************************************************************
Start the 7 rounds of NGS-ED iteration
	effective electronic model is modified as: kinetic energy t = 0.800593
	                                           effective interaction Vq = [    -3.5,-3.44356,-3.42857,-3.44356,-3.44356,-3.42857,-3.35262,-3.42857,-3.42857,-3.35262,-3.26374,-3.35262,-3.44356,-3.42857,-3.35262,-3.42857]
	PARPACK diagonalization completed after 30 matrix-vector product operations.
	iteration results: : total energy is -77.606815 | electron energy -77.738446 + phonon energy 0.131631 | electron momentum kIdx = 10
The 7-th iteration is completed.	|| time cost : 0h 0m 27.477s
********************************************************************************************************************
Start the 8 rounds of NGS-ED iteration
	effective electronic model is modified as: kinetic energy t = 0.800386
	                                           effective interaction Vq = [    -3.5,-3.44392,-3.42924,-3.44392,-3.44392,-3.42924,-3.35327,-3.42924,-3.42924,-3.35327,-3.26439,-3.35327,-3.44392,-3.42924,-3.35327,-3.42924]
	PARPACK diagonalization completed after 30 matrix-vector product operations.
	iteration results: : total energy is -77.606876 | electron energy -77.738973 + phonon energy 0.132097 | electron momentum kIdx = 10
The 8-th iteration is completed.	|| time cost : 0h 0m 27.321s
********************************************************************************************************************
Start the 9 rounds of NGS-ED iteration
	effective electronic model is modified as: kinetic energy t = 0.800314
	                                           effective interaction Vq = [    -3.5,-3.44405,-3.42947,-3.44405,-3.44405,-3.42947, -3.3535,-3.42947,-3.42947, -3.3535,-3.26462, -3.3535,-3.44405,-3.42947, -3.3535,-3.42947]
	PARPACK diagonalization completed after 30 matrix-vector product operations.
	iteration results: : total energy is -77.606884 | electron energy -77.739145 + phonon energy 0.132261 | electron momentum kIdx = 10
	Nq(0) = 16,	Nq(1) = 0.400553,	Nq(2) = 0.682308,	Nq(3) = 0.400553,	Nq(4) = 0.400553,	Nq(5) = 0.682308,	Nq(6) = 0.647799,	Nq(7) = 0.682308,	Nq(8) = 0.682307,	Nq(9) = 0.647799,	Nq(10) = 0.627729,	Nq(11) = 0.647799,	Nq(12) = 0.400553,	Nq(13) = 0.682308,	Nq(14) = 0.647799,	Nq(15) = 0.682308,	Sq(0) = -8.00666e-18,	Sq(1) = 0.350136,	Sq(2) = 0.430293,	Sq(3) = 0.350136,	Sq(4) = 0.350136,	Sq(5) = 0.430293,	Sq(6) = 0.577191,	Sq(7) = 0.430293,	Sq(8) = 0.430293,	Sq(9) = 0.577191,	Sq(10) = 0.79395,	Sq(11) = 0.577191,	Sq(12) = 0.350136,	Sq(13) = 0.430293,	Sq(14) = 0.577191,	Sq(15) = 0.430293,	N(0) = 1.99686,	N(1) = 1.99501,	N(2) = 1,	N(3) = 1.99501,	N(4) = 1.99501,	N(5) = 1,	N(6) = 0.00499482,	N(7) = 1,	N(8) = 1,	N(9) = 0.00499482,	N(10) = 0.00314182,	N(11) = 0.00499482,	N(12) = 1.99501,	N(13) = 1,	N(14) = 0.00499482,	N(15) = 1,	Delta[s](0) = 0.301219,	Delta[s](1) = 0.301381,	Delta[s](2) = 0.300152,	Delta[s](3) = 0.301381,	Delta[s](4) = 0.301381,	Delta[s](5) = 0.300152,	Delta[s](6) = 0.245562,	Delta[s](7) = 0.300152,	Delta[s](8) = 0.300152,	Delta[s](9) = 0.245562,	Delta[s](10) = 0.167595,	Delta[s](11) = 0.245562,	Delta[s](12) = 0.301381,	Delta[s](13) = 0.300152,	Delta[s](14) = 0.245562,	Delta[s](15) = 0.300152,	Delta[d](0) = 0.306276,	Delta[d](1) = 0.289565,	Delta[d](2) = 0.264343,	Delta[d](3) = 0.289565,	Delta[d](4) = 0.289565,	Delta[d](5) = 0.262202,	Delta[d](6) = 0.249349,	Delta[d](7) = 0.262202,	Delta[d](8) = 0.264343,	Delta[d](9) = 0.249349,	Delta[d](10) = 0.32627,	Delta[d](11) = 0.249349,	Delta[d](12) = 0.289565,	Delta[d](13) = 0.262202,	Delta[d](14) = 0.249349,	Delta[d](15) = 0.262202,	Delta[s+](0) = 0.468615,	Delta[s+](1) = 0.386887,	Delta[s+](2) = 0.264343,	Delta[s+](3) = 0.386887,	Delta[s+](4) = 0.386887,	Delta[s+](5) = 0.264343,	Delta[s+](6) = 0.13637,	Delta[s+](7) = 0.264343,	Delta[s+](8) = 0.264343,	Delta[s+](9) = 0.13637,	Delta[s+](10) = 0.0500722,	Delta[s+](11) = 0.13637,	Delta[s+](12) = 0.386887,	Delta[s+](13) = 0.264343,	Delta[s+](14) = 0.13637,	Delta[s+](15) = 0.264343
The 9-th iteration is completed.	|| time cost : 0h 4m 35.92s
********************************************************************************************************************
********************************************************************************************************************
Ground state is obtained after 10 iterations. The current ground-state energy is -77.6069, in which electron energy is -77.7391 and phonon energy is 0.132261
final variational state is: 
	Gamma_x = [      1,1.03143,1.05981,1.03143,1.03143,1.05981,1.07648,1.05981,1.05981,1.07648,1.08793,1.07648,1.03143,1.05981,1.07648,1.05981]
	lambda_q = [0.591581,0.516835,0.507675,0.516835,0.516835,0.507675,0.470605,0.507675,0.507675,0.470605,0.438213,0.470605,0.516835,0.507675,0.470605,0.507675]
********************************************************************************************************************
o___o  ----------------------------------------
| L |	Time since last clock: 0h 0m 0s
A===A	Time since the beginning: 0h 24m 6.318s
***********************************************


********************************************************************************************************************
Warm up runs have been completed. Start calculating W = 5 phonon.
open output files: NGSEDIterationObs.txt
********************************************************************************************************************
Start the 0 rounds of NGS-ED iteration
	effective electronic model is modified as: kinetic energy t = 0.800289
	                                           effective interaction Vq = [-3.19968,-2.98856,-2.95884,-2.98856,-2.98856,-2.95884,-2.83002,-2.95884,-2.95884,-2.83002, -2.7062,-2.83002,-2.98856,-2.95884,-2.83002,-2.95884]
	PARPACK diagonalization completed after 60 matrix-vector product operations.
	iteration results: : total energy is -68.951481 | electron energy -69.017640 + phonon energy 0.066159 | electron momentum kIdx = 10
	Nq(0) = 16,	Nq(1) = 0.351474,	Nq(2) = 0.369104,	Nq(3) = 0.351474,	Nq(4) = 0.351474,	Nq(5) = 0.369104,	Nq(6) = 0.560547,	Nq(7) = 0.369104,	Nq(8) = 0.369104,	Nq(9) = 0.560547,	Nq(10) = 0.568998,	Nq(11) = 0.560547,	Nq(12) = 0.351474,	Nq(13) = 0.369104,	Nq(14) = 0.560547,	Nq(15) = 0.369104,	Sq(0) = -6.35137e-18,	Sq(1) = 0.377109,	Sq(2) = 0.418741,	Sq(3) = 0.377109,	Sq(4) = 0.377109,	Sq(5) = 0.418741,	Sq(6) = 0.642748,	Sq(7) = 0.418741,	Sq(8) = 0.418741,	Sq(9) = 0.642748,	Sq(10) = 2.97642,	Sq(11) = 0.642748,	Sq(12) = 0.377109,	Sq(13) = 0.418741,	Sq(14) = 0.642748,	Sq(15) = 0.418741,	N(0) = 1.99854,	N(1) = 1.99656,	N(2) = 1,	N(3) = 1.99656,	N(4) = 1.99656,	N(5) = 1,	N(6) = 0.00343662,	N(7) = 1,	N(8) = 1,	N(9) = 0.00343662,	N(10) = 0.00145941,	N(11) = 0.00343662,	N(12) = 1.99656,	N(13) = 1,	N(14) = 0.00343662,	N(15) = 1,	Delta[s](0) = 0.240122,	Delta[s](1) = 0.23327,	Delta[s](2) = 0.194155,	Delta[s](3) = 0.23327,	Delta[s](4) = 0.23327,	Delta[s](5) = 0.194155,	Delta[s](6) = 0.187863,	Delta[s](7) = 0.194155,	Delta[s](8) = 0.194155,	Delta[s](9) = 0.187863,	Delta[s](10) = 0.126273,	Delta[s](11) = 0.187863,	Delta[s](12) = 0.23327,	Delta[s](13) = 0.194155,	Delta[s](14) = 0.187863,	Delta[s](15) = 0.194155,	Delta[d](0) = 0.499258,	Delta[d](1) = 0.334709,	Delta[d](2) = 0.298597,	Delta[d](3) = 0.334709,	Delta[d](4) = 0.334709,	Delta[d](5) = 0.378165,	Delta[d](6) = 0.281962,	Delta[d](7) = 0.378165,	Delta[d](8) = 0.298597,	Delta[d](9) = 0.281962,	Delta[d](10) = 0.258446,	Delta[d](11) = 0.281962,	Delta[d](12) = 0.334709,	Delta[d](13) = 0.378165,	Delta[d](14) = 0.281962,	Delta[d](15) = 0.378165,	Delta[s+](0) = 0.526566,	Delta[s+](1) = 0.437267,	Delta[s+](2) = 0.298597,	Delta[s+](3) = 0.437267,	Delta[s+](4) = 0.437267,	Delta[s+](5) = 0.298597,	Delta[s+](6) = 0.159209,	Delta[s+](7) = 0.298597,	Delta[s+](8) = 0.298597,	Delta[s+](9) = 0.159209,	Delta[s+](10) = 0.056803,	Delta[s+](11) = 0.159209,	Delta[s+](12) = 0.437267,	Delta[s+](13) = 0.298597,	Delta[s+](14) = 0.159209,	Delta[s+](15) = 0.298597
The 0-th iteration is completed.	|| time cost : 0h 4m 45.71s
********************************************************************************************************************
Start the 1 rounds of NGS-ED iteration
	effective electronic model is modified as: kinetic energy t = 0.787338
	                                           effective interaction Vq = [-3.38952,-3.15678,-2.99227,-3.15678,-3.15678,-2.99227,-2.95583,-2.99227,-2.99227,-2.95583,-2.80972,-2.95583,-3.15678,-2.99227,-2.95583,-2.99227]
	PARPACK diagonalization completed after 30 matrix-vector product operations.
	iteration results: : total energy is -72.229579 | electron energy -72.414674 + phonon energy 0.185095 | electron momentum kIdx = 10
The 1-th iteration is completed.	|| time cost : 0h 0m 27.343s
********************************************************************************************************************
Start the 2 rounds of NGS-ED iteration
	effective electronic model is modified as: kinetic energy t = 0.776069
	                                           effective interaction Vq = [-3.45936,-3.24833,-3.01944,-3.24833,-3.24833,-3.01944, -3.0388,-3.01944,-3.01944, -3.0388,-2.87991, -3.0388,-3.24833,-3.01944, -3.0388,-3.01944]
	PARPACK diagonalization completed after 30 matrix-vector product operations.
	iteration results: : total energy is -73.446337 | electron energy -73.706810 + phonon energy 0.260473 | electron momentum kIdx = 10
The 2-th iteration is completed.	|| time cost : 0h 0m 27.29s
********************************************************************************************************************
Start the 3 rounds of NGS-ED iteration
	effective electronic model is modified as: kinetic energy t = 0.767887
	                                           effective interaction Vq = [-3.48505,-3.29992,-3.03792,-3.29992,-3.29992,-3.03792,-3.09194,-3.03792,-3.03792,-3.09194,-2.92379,-3.09194,-3.29992,-3.03792,-3.09194,-3.03792]
	PARPACK diagonalization completed after 30 matrix-vector product operations.
	iteration results: : total energy is -73.899849 | electron energy -74.205101 + phonon energy 0.305253 | electron momentum kIdx = 10
The 3-th iteration is completed.	|| time cost : 0h 0m 27.356s
********************************************************************************************************************
Start the 4 rounds of NGS-ED iteration
	effective electronic model is modified as: kinetic energy t = 0.762332
	                                           effective interaction Vq = [ -3.4945,-3.32984,-3.04979,-3.32984,-3.32984,-3.04978,-3.12586,-3.04978,-3.04978,-3.12586,-2.95057,-3.12586,-3.32984,-3.04978,-3.12586,-3.04978]
	PARPACK diagonalization completed after 30 matrix-vector product operations.
	iteration results: : total energy is -74.069055 | electron energy -74.401624 + phonon energy 0.332569 | electron momentum kIdx = 10
The 4-th iteration is completed.	|| time cost : 0h 0m 27.423s
********************************************************************************************************************
Start the 5 rounds of NGS-ED iteration
	effective electronic model is modified as: kinetic energy t = 0.758673
	                                           effective interaction Vq = [-3.49798, -3.3476,-3.05725, -3.3476, -3.3476,-3.05725,-3.14759,-3.05725,-3.05725,-3.14759,-2.96681,-3.14759, -3.3476,-3.05725,-3.14759,-3.05725]
	PARPACK diagonalization completed after 30 matrix-vector product operations.
	iteration results: : total energy is -74.132217 | electron energy -74.481880 + phonon energy 0.349664 | electron momentum kIdx = 10
The 5-th iteration is completed.	|| time cost : 0h 0m 27.368s
********************************************************************************************************************
Start the 6 rounds of NGS-ED iteration
	effective electronic model is modified as: kinetic energy t = 0.756298
	                                           effective interaction Vq = [-3.49926,-3.35832,-3.06192,-3.35832,-3.35832,-3.06192,-3.16157,-3.06192,-3.06192,-3.16157,-2.97665,-3.16157,-3.35832,-3.06192,-3.16157,-3.06192]
	PARPACK diagonalization completed after 30 matrix-vector product operations.
	iteration results: : total energy is -74.155808 | electron energy -74.516326 + phonon energy 0.360518 | electron momentum kIdx = 10
The 6-th iteration is completed.	|| time cost : 0h 0m 27.304s
********************************************************************************************************************
Start the 7 rounds of NGS-ED iteration
	effective electronic model is modified as: kinetic energy t = 0.754768
	                                           effective interaction Vq = [-3.49973,-3.36487,-3.06483,-3.36487,-3.36487,-3.06483, -3.1706,-3.06483,-3.06483, -3.1706,-2.98262, -3.1706,-3.36487,-3.06483, -3.1706,-3.06483]
	PARPACK diagonalization completed after 30 matrix-vector product operations.
	iteration results: : total energy is -74.164628 | electron energy -74.532085 + phonon energy 0.367457 | electron momentum kIdx = 10
The 7-th iteration is completed.	|| time cost : 0h 0m 27.3s
********************************************************************************************************************
Start the 8 rounds of NGS-ED iteration
	effective electronic model is modified as: kinetic energy t = 0.753786
	                                           effective interaction Vq = [ -3.4999,-3.36891,-3.06665,-3.36891,-3.36891,-3.06665,-3.17645,-3.06665,-3.06665,-3.17645,-2.98624,-3.17645,-3.36891,-3.06665,-3.17645,-3.06665]
	PARPACK diagonalization completed after 30 matrix-vector product operations.
	iteration results: : total energy is -74.167929 | electron energy -74.539836 + phonon energy 0.371907 | electron momentum kIdx = 10
The 8-th iteration is completed.	|| time cost : 0h 0m 27.395s
********************************************************************************************************************
Start the 9 rounds of NGS-ED iteration
	effective electronic model is modified as: kinetic energy t = 0.753158
	                                           effective interaction Vq = [-3.49996,-3.37141,-3.06778,-3.37141,-3.37141,-3.06778,-3.18025,-3.06778,-3.06778,-3.18025,-2.98844,-3.18025,-3.37141,-3.06778,-3.18025,-3.06778]
	PARPACK diagonalization completed after 30 matrix-vector product operations.
	iteration results: : total energy is -74.169167 | electron energy -74.543930 + phonon energy 0.374764 | electron momentum kIdx = 10
The 9-th iteration is completed.	|| time cost : 0h 0m 27.354s
********************************************************************************************************************
Start the 10 rounds of NGS-ED iteration
	effective electronic model is modified as: kinetic energy t = 0.752756
	                                           effective interaction Vq = [-3.49999,-3.37297,-3.06849,-3.37297,-3.37297,-3.06849,-3.18271,-3.06849,-3.06849,-3.18271,-2.98978,-3.18271,-3.37297,-3.06849,-3.18271,-3.06849]
	PARPACK diagonalization completed after 30 matrix-vector product operations.
	iteration results: : total energy is -74.169631 | electron energy -74.546230 + phonon energy 0.376599 | electron momentum kIdx = 10
	Nq(0) = 16,	Nq(1) = 0.439907,	Nq(2) = 0.370492,	Nq(3) = 0.439907,	Nq(4) = 0.439907,	Nq(5) = 0.370492,	Nq(6) = 0.652739,	Nq(7) = 0.370492,	Nq(8) = 0.370492,	Nq(9) = 0.652739,	Nq(10) = 0.600375,	Nq(11) = 0.652739,	Nq(12) = 0.439907,	Nq(13) = 0.370492,	Nq(14) = 0.652739,	Nq(15) = 0.370492,	Sq(0) = 4.31155e-18,	Sq(1) = 0.370874,	Sq(2) = 0.405112,	Sq(3) = 0.370874,	Sq(4) = 0.370874,	Sq(5) = 0.405112,	Sq(6) = 0.618082,	Sq(7) = 0.405112,	Sq(8) = 0.405111,	Sq(9) = 0.618082,	Sq(10) = 2.4196,	Sq(11) = 0.618082,	Sq(12) = 0.370874,	Sq(13) = 0.405112,	Sq(14) = 0.618082,	Sq(15) = 0.405112,	N(0) = 1.99975,	N(1) = 1.99649,	N(2) = 0.999999,	N(3) = 1.99649,	N(4) = 1.99649,	N(5) = 1,	N(6) = 0.00350774,	N(7) = 1,	N(8) = 1,	N(9) = 0.00350774,	N(10) = 0.000253054,	N(11) = 0.00350774,	N(12) = 1.99649,	N(13) = 1,	N(14) = 0.00350774,	N(15) = 1,	Delta[s](0) = 0.255587,	Delta[s](1) = 0.256404,	Delta[s](2) = 0.215861,	Delta[s](3) = 0.256404,	Delta[s](4) = 0.256404,	Delta[s](5) = 0.215861,	Delta[s](6) = 0.215724,	Delta[s](7) = 0.215861,	Delta[s](8) = 0.215861,	Delta[s](9) = 0.215724,	Delta[s](10) = 0.157689,	Delta[s](11) = 0.215724,	Delta[s](12) = 0.256404,	Delta[s](13) = 0.215861,	Delta[s](14) = 0.215724,	Delta[s](15) = 0.215861,	Delta[d](0) = 0.51602,	Delta[d](1) = 0.344525,	Delta[d](2) = 0.311979,	Delta[d](3) = 0.344525,	Delta[d](4) = 0.344525,	Delta[d](5) = 0.393908,	Delta[d](6) = 0.292507,	Delta[d](7) = 0.393908,	Delta[d](8) = 0.311979,	Delta[d](9) = 0.292507,	Delta[d](10) = 0.276747,	Delta[d](11) = 0.292507,	Delta[d](12) = 0.344525,	Delta[d](13) = 0.393908,	Delta[d](14) = 0.292507,	Delta[d](15) = 0.393908,	Delta[s+](0) = 0.534954,	Delta[s+](1) = 0.44531,	Delta[s+](2) = 0.311979,	Delta[s+](3) = 0.44531,	Delta[s+](4) = 0.44531,	Delta[s+](5) = 0.311979,	Delta[s+](6) = 0.171643,	Delta[s+](7) = 0.311979,	Delta[s+](8) = 0.311979,	Delta[s+](9) = 0.171643,	Delta[s+](10) = 0.0715505,	Delta[s+](11) = 0.171643,	Delta[s+](12) = 0.44531,	Delta[s+](13) = 0.311979,	Delta[s+](14) = 0.171643,	Delta[s+](15) = 0.311979
The 10-th iteration is completed.	|| time cost : 0h 4m 44.864s
********************************************************************************************************************
Start the 11 rounds of NGS-ED iteration
	effective electronic model is modified as: kinetic energy t = 0.752499
	                                           effective interaction Vq = [-3.49999,-3.37395,-3.06893,-3.37395,-3.37395,-3.06893,-3.18431,-3.06893,-3.06893,-3.18431, -2.9906,-3.18431,-3.37395,-3.06893,-3.18431,-3.06893]
	PARPACK diagonalization completed after 30 matrix-vector product operations.
	iteration results: : total energy is -74.169806 | electron energy -74.547583 + phonon energy 0.377777 | electron momentum kIdx = 10
The 11-th iteration is completed.	|| time cost : 0h 0m 27.413s
********************************************************************************************************************
Start the 12 rounds of NGS-ED iteration
	effective electronic model is modified as: kinetic energy t = 0.752334
	                                           effective interaction Vq = [    -3.5,-3.37456, -3.0692,-3.37456,-3.37456, -3.0692,-3.18535, -3.0692, -3.0692,-3.18535,-2.99109,-3.18535,-3.37456, -3.0692,-3.18535, -3.0692]
	PARPACK diagonalization completed after 30 matrix-vector product operations.
	iteration results: : total energy is -74.169872 | electron energy -74.548406 + phonon energy 0.378534 | electron momentum kIdx = 10
The 12-th iteration is completed.	|| time cost : 0h 0m 27.293s
********************************************************************************************************************
Start the 13 rounds of NGS-ED iteration
	effective electronic model is modified as: kinetic energy t = 0.752229
	                                           effective interaction Vq = [    -3.5,-3.37494,-3.06937,-3.37494,-3.37494,-3.06937,-3.18603,-3.06937,-3.06937,-3.18603,-2.99139,-3.18603,-3.37494,-3.06937,-3.18603,-3.06937]
	PARPACK diagonalization completed after 30 matrix-vector product operations.
	iteration results: : total energy is -74.169897 | electron energy -74.548917 + phonon energy 0.379020 | electron momentum kIdx = 10
The 13-th iteration is completed.	|| time cost : 0h 0m 27.281s
********************************************************************************************************************
Start the 14 rounds of NGS-ED iteration
	effective electronic model is modified as: kinetic energy t = 0.752162
	                                           effective interaction Vq = [    -3.5,-3.37518,-3.06948,-3.37518,-3.37518,-3.06948,-3.18647,-3.06948,-3.06948,-3.18647,-2.99158,-3.18647,-3.37518,-3.06948,-3.18647,-3.06948]
	PARPACK diagonalization completed after 30 matrix-vector product operations.
	iteration results: : total energy is -74.169906 | electron energy -74.549239 + phonon energy 0.379333 | electron momentum kIdx = 10
The 14-th iteration is completed.	|| time cost : 0h 0m 27.277s
********************************************************************************************************************
Start the 15 rounds of NGS-ED iteration
	effective electronic model is modified as: kinetic energy t = 0.752119
	                                           effective interaction Vq = [    -3.5,-3.37533,-3.06955,-3.37533,-3.37533,-3.06955,-3.18676,-3.06955,-3.06955,-3.18676,-2.99169,-3.18676,-3.37533,-3.06955,-3.18676,-3.06955]
	PARPACK diagonalization completed after 30 matrix-vector product operations.
	iteration results: : total energy is -74.169910 | electron energy -74.549443 + phonon energy 0.379533 | electron momentum kIdx = 10
The 15-th iteration is completed.	|| time cost : 0h 0m 27.338s
********************************************************************************************************************
Start the 16 rounds of NGS-ED iteration
	effective electronic model is modified as: kinetic energy t = 0.752091
	                                           effective interaction Vq = [    -3.5,-3.37543,-3.06959,-3.37543,-3.37543,-3.06959,-3.18694,-3.06959,-3.06959,-3.18694,-2.99176,-3.18694,-3.37543,-3.06959,-3.18694,-3.06959]
	PARPACK diagonalization completed after 30 matrix-vector product operations.
	iteration results: : total energy is -74.169911 | electron energy -74.549574 + phonon energy 0.379662 | electron momentum kIdx = 10
The 16-th iteration is completed.	|| time cost : 0h 0m 27.43s
********************************************************************************************************************
Start the 17 rounds of NGS-ED iteration
	effective electronic model is modified as: kinetic energy t = 0.752074
	                                           effective interaction Vq = [    -3.5,-3.37549,-3.06962,-3.37549,-3.37549,-3.06962,-3.18706,-3.06962,-3.06962,-3.18706, -2.9918,-3.18706,-3.37549,-3.06962,-3.18706,-3.06962]
	PARPACK diagonalization completed after 30 matrix-vector product operations.
	iteration results: : total energy is -74.169912 | electron energy -74.549657 + phonon energy 0.379745 | electron momentum kIdx = 10
The 17-th iteration is completed.	|| time cost : 0h 0m 27.293s
********************************************************************************************************************
Start the 18 rounds of NGS-ED iteration
	effective electronic model is modified as: kinetic energy t = 0.752062
	                                           effective interaction Vq = [    -3.5,-3.37552,-3.06963,-3.37552,-3.37552,-3.06963,-3.18714,-3.06963,-3.06963,-3.18714,-2.99183,-3.18714,-3.37552,-3.06963,-3.18714,-3.06963]
	PARPACK diagonalization completed after 30 matrix-vector product operations.
	iteration results: : total energy is -74.169912 | electron energy -74.549711 + phonon energy 0.379799 | electron momentum kIdx = 10
The 18-th iteration is completed.	|| time cost : 0h 0m 27.296s
********************************************************************************************************************
Start the 19 rounds of NGS-ED iteration
	effective electronic model is modified as: kinetic energy t = 0.752055
	                                           effective interaction Vq = [    -3.5,-3.37555,-3.06964,-3.37555,-3.37555,-3.06964,-3.18719,-3.06964,-3.06964,-3.18719,-2.99185,-3.18719,-3.37555,-3.06964,-3.18719,-3.06964]
	PARPACK diagonalization completed after 30 matrix-vector product operations.
	iteration results: : total energy is -74.169912 | electron energy -74.549745 + phonon energy 0.379833 | electron momentum kIdx = 10
The 19-th iteration is completed.	|| time cost : 0h 0m 27.43s
********************************************************************************************************************
Start the 20 rounds of NGS-ED iteration
	effective electronic model is modified as: kinetic energy t = 0.752051
	                                           effective interaction Vq = [    -3.5,-3.37556,-3.06965,-3.37556,-3.37556,-3.06965,-3.18723,-3.06965,-3.06965,-3.18723,-2.99186,-3.18723,-3.37556,-3.06965,-3.18723,-3.06965]
	PARPACK diagonalization completed after 30 matrix-vector product operations.
	iteration results: : total energy is -74.169912 | electron energy -74.549767 + phonon energy 0.379855 | electron momentum kIdx = 10
	Nq(0) = 16,	Nq(1) = 0.440734,	Nq(2) = 0.370444,	Nq(3) = 0.440734,	Nq(4) = 0.440732,	Nq(5) = 0.370443,	Nq(6) = 0.654231,	Nq(7) = 0.370443,	Nq(8) = 0.370443,	Nq(9) = 0.65423,	Nq(10) = 0.600453,	Nq(11) = 0.65423,	Nq(12) = 0.440732,	Nq(13) = 0.370443,	Nq(14) = 0.654231,	Nq(15) = 0.370443,	Sq(0) = -1.99899e-18,	Sq(1) = 0.370739,	Sq(2) = 0.404909,	Sq(3) = 0.370739,	Sq(4) = 0.370738,	Sq(5) = 0.404909,	Sq(6) = 0.61771,	Sq(7) = 0.404909,	Sq(8) = 0.404908,	Sq(9) = 0.617709,	Sq(10) = 2.41379,	Sq(11) = 0.617709,	Sq(12) = 0.370738,	Sq(13) = 0.404909,	Sq(14) = 0.61771,	Sq(15) = 0.404909,	N(0) = 1.99973,	N(1) = 1.99639,	N(2) = 0.999997,	N(3) = 1.99639,	N(4) = 1.99639,	N(5) = 1,	N(6) = 0.0036141,	N(7) = 1,	N(8) = 1,	N(9) = 0.0036141,	N(10) = 0.000267652,	N(11) = 0.0036141,	N(12) = 1.99639,	N(13) = 1,	N(14) = 0.0036141,	N(15) = 1,	Delta[s](0) = 0.255766,	Delta[s](1) = 0.256668,	Delta[s](2) = 0.216127,	Delta[s](3) = 0.256668,	Delta[s](4) = 0.256668,	Delta[s](5) = 0.216127,	Delta[s](6) = 0.21605,	Delta[s](7) = 0.216127,	Delta[s](8) = 0.216127,	Delta[s](9) = 0.216051,	Delta[s](10) = 0.158078,	Delta[s](11) = 0.216051,	Delta[s](12) = 0.256668,	Delta[s](13) = 0.216127,	Delta[s](14) = 0.21605,	Delta[s](15) = 0.216127,	Delta[d](0) = 0.515908,	Delta[d](1) = 0.344511,	Delta[d](2) = 0.312014,	Delta[d](3) = 0.344511,	Delta[d](4) = 0.344512,	Delta[d](5) = 0.393901,	Delta[d](6) = 0.292525,	Delta[d](7) = 0.393901,	Delta[d](8) = 0.312015,	Delta[d](9) = 0.292525,	Delta[d](10) = 0.276865,	Delta[d](11) = 0.292525,	Delta[d](12) = 0.344512,	Delta[d](13) = 0.393901,	Delta[d](14) = 0.292525,	Delta[d](15) = 0.393901,	Delta[s+](0) = 0.534809,	Delta[s+](1) = 0.445208,	Delta[s+](2) = 0.312014,	Delta[s+](3) = 0.445208,	Delta[s+](4) = 0.445208,	Delta[s+](5) = 0.312014,	Delta[s+](6) = 0.171755,	Delta[s+](7) = 0.312014,	Delta[s+](8) = 0.312015,	Delta[s+](9) = 0.171755,	Delta[s+](10) = 0.0717352,	Delta[s+](11) = 0.171755,	Delta[s+](12) = 0.445208,	Delta[s+](13) = 0.312014,	Delta[s+](14) = 0.171755,	Delta[s+](15) = 0.312014
The 20-th iteration is completed.	|| time cost : 0h 4m 39.727s
********************************************************************************************************************
Start the 21 rounds of NGS-ED iteration
	effective electronic model is modified as: kinetic energy t = 0.752048
	                                           effective interaction Vq = [    -3.5,-3.37557,-3.06966,-3.37557,-3.37557,-3.06965,-3.18725,-3.06965,-3.06965,-3.18725,-2.99186,-3.18725,-3.37557,-3.06965,-3.18725,-3.06965]
	PARPACK diagonalization completed after 30 matrix-vector product operations.
	iteration results: : total energy is -74.169912 | electron energy -74.549782 + phonon energy 0.379869 | electron momentum kIdx = 10
The 21-th iteration is completed.	|| time cost : 0h 0m 27.476s
********************************************************************************************************************
Start the 22 rounds of NGS-ED iteration
	effective electronic model is modified as: kinetic energy t = 0.752046
	                                           effective interaction Vq = [    -3.5,-3.37558,-3.06966,-3.37558,-3.37558,-3.06966,-3.18726,-3.06966,-3.06966,-3.18726,-2.99186,-3.18726,-3.37558,-3.06966,-3.18726,-3.06966]
	PARPACK diagonalization completed after 30 matrix-vector product operations.
	iteration results: : total energy is -74.169912 | electron energy -74.549791 + phonon energy 0.379879 | electron momentum kIdx = 10
The 22-th iteration is completed.	|| time cost : 0h 0m 27.437s
********************************************************************************************************************
Start the 23 rounds of NGS-ED iteration
	effective electronic model is modified as: kinetic energy t = 0.752044
	                                           effective interaction Vq = [    -3.5,-3.37558,-3.06966,-3.37558,-3.37558,-3.06966,-3.18727,-3.06966,-3.06966,-3.18727,-2.99187,-3.18727,-3.37558,-3.06966,-3.18727,-3.06966]
	PARPACK diagonalization completed after 30 matrix-vector product operations.
	iteration results: : total energy is -74.169912 | electron energy -74.549797 + phonon energy 0.379884 | electron momentum kIdx = 10
The 23-th iteration is completed.	|| time cost : 0h 0m 27.327s
********************************************************************************************************************
Start the 24 rounds of NGS-ED iteration
	effective electronic model is modified as: kinetic energy t = 0.752044
	                                           effective interaction Vq = [    -3.5,-3.37558,-3.06966,-3.37558,-3.37558,-3.06966,-3.18728,-3.06966,-3.06966,-3.18728,-2.99187,-3.18728,-3.37558,-3.06966,-3.18728,-3.06966]
	PARPACK diagonalization completed after 30 matrix-vector product operations.
	iteration results: : total energy is -74.169912 | electron energy -74.549800 + phonon energy 0.379888 | electron momentum kIdx = 10
