SNEDics v3.4 Non-Gaussian ED ground state program		Start at Thu Oct  3 16:09:34 2019

parallized on 16 MPI threads  * 8 OpenMP threads = 128 total threads.
********************************************************************************************************************
********************************************************************************************************************

********************************************************************************************************************
System parameters and configurations
********************************************************************************************************************
Special program options are enabled: splitted diagonal Hamiltonian
********************************************************************************************************************
Read input file "model_params.in"
	Hubbard-Holstein model parameters : 	t = 1    U = 4.1    g = 3.3912    W = 5    
********************************************************************************************************************
Read input file "hilbertspace_params.in"
	Requested 16-site 2D lattice, with 16 electrons (8, 8)
	Boundary : Periodic		Hilbert space representation : momentum-space (restricted to kIdx = 10)
	Conservation: particle number[U(1)]      spin[U(1)]     momentum
********************************************************************************************************************

Cluster Positions:				Cluster symmetry group : D4
 x ... x ... x ... x .....                       x ... x ... x ... x .....
 |           |           :                       |           |           :
 |           |           :                       |           |           :
12    13    14    15     x                       1     5     6     5     x
 |           |           :                       |           |           :
 |           |           :                       |           |           :
 8 --- 9 ---10 ---11 --- x                       2 --- 6 ---10 --- 6 --- x
 |           |           :                       |           |           :
 |           |           :                       |           |           :
 4     5     6     7     x                       1     5     6     5     x
 |           |           :                       |           |           :
 |           |           :                       |           |           :
 0 --- 1 --- 2 --- 3 --- x                       0 --- 1 --- 2 --- 1 --- x
orbital number : 1
********************************************************************************************************************
Read input file "obs_params.in"
	Observable Type : Nq(All),   Sq(All),   N(All),   Delta[s](All),   Delta[d](All),   Delta[s+](All)
********************************************************************************************************************
** WARNING ** the input observables have non-local factors which have been reinterpreted. The total observable number is 96
********************************************************************************************************************


********************************************************************************************************************
Start calculating the non-Gaussian ED ground state
** WARNING ** Detected low phonon energy W < 10. The initial state will be prepared through a warm-up process.
********************************************************************************************************************
Start warm-up calculation for scaling factor 2
open output files: NGSEDWarmUpW10Obs.txt
********************************************************************************************************************
Start the 0 rounds of NGS-ED iteration
	effective electronic model is modified as: kinetic energy t = 1
	                                           effective interaction Vq = [-0,-0,-0,-0,-0,-0,-0,-0,-0,-0,-0,-0,-0,-0,-0,-0]
	first Hamiltonian is constructed, non-zero numbers = 2845334624
	PARPACK diagonalization completed after 90 matrix-vector product operations.
	iteration results: : total energy is -13.289928 | electron energy -13.289928 + phonon energy 0.000000 | electron momentum kIdx = 10
	Nq(0) = 16,	Nq(1) = 0.16104,	Nq(2) = 0.232726,	Nq(3) = 0.16104,	Nq(4) = 0.16104,	Nq(5) = 0.232726,	Nq(6) = 0.317615,	Nq(7) = 0.232726,	Nq(8) = 0.232726,	Nq(9) = 0.317615,	Nq(10) = 0.381242,	Nq(11) = 0.317615,	Nq(12) = 0.16104,	Nq(13) = 0.232726,	Nq(14) = 0.317615,	Nq(15) = 0.232726,	Sq(0) = 2.11295e-18,	Sq(1) = 0.31334,	Sq(2) = 0.419764,	Sq(3) = 0.31334,	Sq(4) = 0.31334,	Sq(5) = 0.419764,	Sq(6) = 0.632807,	Sq(7) = 0.419764,	Sq(8) = 0.419764,	Sq(9) = 0.632807,	Sq(10) = 6.00461,	Sq(11) = 0.632807,	Sq(12) = 0.31334,	Sq(13) = 0.419764,	Sq(14) = 0.632807,	Sq(15) = 0.419764,	N(0) = 1.9286,	N(1) = 1.83939,	N(2) = 1,	N(3) = 1.83939,	N(4) = 1.83939,	N(5) = 1,	N(6) = 0.160612,	N(7) = 1,	N(8) = 1,	N(9) = 0.160612,	N(10) = 0.0714038,	N(11) = 0.160612,	N(12) = 1.83939,	N(13) = 1,	N(14) = 0.160612,	N(15) = 1,	Delta[s](0) = 0.17485,	Delta[s](1) = 0.149656,	Delta[s](2) = 0.116167,	Delta[s](3) = 0.149656,	Delta[s](4) = 0.149656,	Delta[s](5) = 0.116167,	Delta[s](6) = 0.0877856,	Delta[s](7) = 0.116167,	Delta[s](8) = 0.116167,	Delta[s](9) = 0.0877856,	Delta[s](10) = 0.0244909,	Delta[s](11) = 0.0877856,	Delta[s](12) = 0.149656,	Delta[s](13) = 0.116167,	Delta[s](14) = 0.0877856,	Delta[s](15) = 0.116167,	Delta[d](0) = 0.518354,	Delta[d](1) = 0.385796,	Delta[d](2) = 0.326351,	Delta[d](3) = 0.385796,	Delta[d](4) = 0.385796,	Delta[d](5) = 0.375267,	Delta[d](6) = 0.303557,	Delta[d](7) = 0.375267,	Delta[d](8) = 0.326351,	Delta[d](9) = 0.303557,	Delta[d](10) = 0.244922,	Delta[d](11) = 0.303557,	Delta[d](12) = 0.385796,	Delta[d](13) = 0.375267,	Delta[d](14) = 0.303557,	Delta[d](15) = 0.375267,	Delta[s+](0) = 0.585872,	Delta[s+](1) = 0.480638,	Delta[s+](2) = 0.326351,	Delta[s+](3) = 0.480638,	Delta[s+](4) = 0.480638,	Delta[s+](5) = 0.326351,	Delta[s+](6) = 0.177678,	Delta[s+](7) = 0.326351,	Delta[s+](8) = 0.326351,	Delta[s+](9) = 0.177678,	Delta[s+](10) = 0.0625905,	Delta[s+](11) = 0.177678,	Delta[s+](12) = 0.480638,	Delta[s+](13) = 0.326351,	Delta[s+](14) = 0.177678,	Delta[s+](15) = 0.326351
The 0-th iteration is completed.	|| time cost : 0h 8m 28.659s
********************************************************************************************************************
Start the 1 rounds of NGS-ED iteration
	effective electronic model is modified as: kinetic energy t = 0.942613
	                                           effective interaction Vq = [-1.98877,-1.81581,-1.75177,-1.81581,-1.81581,-1.75177, -1.7301,-1.75177,-1.75177, -1.7301,-1.70349, -1.7301,-1.81581,-1.75177, -1.7301,-1.75177]
	PARPACK diagonalization completed after 45 matrix-vector product operations.
	iteration results: : total energy is -52.480440 | electron energy -52.483682 + phonon energy 0.003242 | electron momentum kIdx = 10
The 1-th iteration is completed.	|| time cost : 0h 7m 35.734s
********************************************************************************************************************
Start the 2 rounds of NGS-ED iteration
	effective electronic model is modified as: kinetic energy t = 0.901107
	                                           effective interaction Vq = [-2.25792,-2.15223,-2.05643,-2.15223,-2.15223,-2.05643,-2.06311,-2.05643,-2.05643,-2.06311,-2.01094,-2.06311,-2.15223,-2.05643,-2.06311,-2.05643]
	PARPACK diagonalization completed after 45 matrix-vector product operations.
	iteration results: : total energy is -57.917084 | electron energy -57.942019 + phonon energy 0.024935 | electron momentum kIdx = 10
The 2-th iteration is completed.	|| time cost : 0h 0m 32.048s
********************************************************************************************************************
Start the 3 rounds of NGS-ED iteration
	effective electronic model is modified as: kinetic energy t = 0.878808
	                                           effective interaction Vq = [-2.29435,-2.22779,-2.19257,-2.22779,-2.22779,-2.19257,-2.14877,-2.19257,-2.19257,-2.14877,-2.08602,-2.14877,-2.22779,-2.19257,-2.14877,-2.19257]
	PARPACK diagonalization completed after 30 matrix-vector product operations.
	iteration results: : total energy is -58.842024 | electron energy -58.887977 + phonon energy 0.045953 | electron momentum kIdx = 10
The 3-th iteration is completed.	|| time cost : 0h 0m 27.373s
********************************************************************************************************************
Start the 4 rounds of NGS-ED iteration
	effective electronic model is modified as: kinetic energy t = 0.871114
	                                           effective interaction Vq = [-2.29928,-2.24674,-2.22669,-2.24674,-2.24674,-2.22669,-2.17221,-2.22669,-2.22669,-2.17221,-2.10698,-2.17221,-2.24674,-2.22669,-2.17221,-2.22669]
	PARPACK diagonalization completed after 30 matrix-vector product operations.
	iteration results: : total energy is -58.960417 | electron energy -59.017520 + phonon energy 0.057103 | electron momentum kIdx = 10
The 4-th iteration is completed.	|| time cost : 0h 0m 27.439s
********************************************************************************************************************
Start the 5 rounds of NGS-ED iteration
	effective electronic model is modified as: kinetic energy t = 0.868549
	                                           effective interaction Vq = [-2.29994,-2.25231,-2.23672,-2.25231,-2.25231,-2.23672,-2.17937,-2.23672,-2.23672,-2.17937,-2.11339,-2.17937,-2.25231,-2.23672,-2.17937,-2.23672]
	PARPACK diagonalization completed after 30 matrix-vector product operations.
	iteration results: : total energy is -58.975505 | electron energy -59.036977 + phonon energy 0.061472 | electron momentum kIdx = 10
The 5-th iteration is completed.	|| time cost : 0h 0m 27.365s
********************************************************************************************************************
Start the 6 rounds of NGS-ED iteration
	effective electronic model is modified as: kinetic energy t = 0.867701
	                                           effective interaction Vq = [-2.30003,-2.25407,-2.23991,-2.25407,-2.25407,-2.23991,-2.18164,-2.23991,-2.23991,-2.18164,-2.11541,-2.18164,-2.25407,-2.23991,-2.18164,-2.23991]
	PARPACK diagonalization completed after 30 matrix-vector product operations.
	iteration results: : total energy is -58.977436 | electron energy -59.040442 + phonon energy 0.063007 | electron momentum kIdx = 10
The 6-th iteration is completed.	|| time cost : 0h 0m 27.974s
********************************************************************************************************************
Start the 7 rounds of NGS-ED iteration
	effective electronic model is modified as: kinetic energy t = 0.867422
	                                           effective interaction Vq = [-2.30005,-2.25464,-2.24095,-2.25464,-2.25464,-2.24095,-2.18238,-2.24095,-2.24095,-2.18238,-2.11606,-2.18238,-2.25464,-2.24095,-2.18238,-2.24095]
	PARPACK diagonalization completed after 30 matrix-vector product operations.
	iteration results: : total energy is -58.977684 | electron energy -59.041208 + phonon energy 0.063524 | electron momentum kIdx = 10
The 7-th iteration is completed.	|| time cost : 0h 0m 27.358s
********************************************************************************************************************
Start the 8 rounds of NGS-ED iteration
	effective electronic model is modified as: kinetic energy t = 0.86733
	                                           effective interaction Vq = [-2.30005,-2.25482, -2.2413,-2.25482,-2.25482, -2.2413,-2.18262, -2.2413, -2.2413,-2.18262,-2.11627,-2.18262,-2.25482, -2.2413,-2.18262, -2.2413]
	PARPACK diagonalization completed after 30 matrix-vector product operations.
	iteration results: : total energy is -58.977717 | electron energy -59.041412 + phonon energy 0.063695 | electron momentum kIdx = 10
	Nq(0) = 16,	Nq(1) = 0.390236,	Nq(2) = 0.656974,	Nq(3) = 0.390236,	Nq(4) = 0.390236,	Nq(5) = 0.656974,	Nq(6) = 0.63479,	Nq(7) = 0.656974,	Nq(8) = 0.656973,	Nq(9) = 0.63479,	Nq(10) = 0.622468,	Nq(11) = 0.63479,	Nq(12) = 0.390236,	Nq(13) = 0.656974,	Nq(14) = 0.63479,	Nq(15) = 0.656974,	Sq(0) = 5.75849e-18,	Sq(1) = 0.361887,	Sq(2) = 0.443351,	Sq(3) = 0.361887,	Sq(4) = 0.361887,	Sq(5) = 0.443351,	Sq(6) = 0.598948,	Sq(7) = 0.443351,	Sq(8) = 0.443351,	Sq(9) = 0.598948,	Sq(10) = 0.832145,	Sq(11) = 0.598948,	Sq(12) = 0.361887,	Sq(13) = 0.443351,	Sq(14) = 0.598948,	Sq(15) = 0.443351,	N(0) = 1.99908,	N(1) = 1.99851,	N(2) = 1,	N(3) = 1.99851,	N(4) = 1.99851,	N(5) = 1,	N(6) = 0.00148944,	N(7) = 1,	N(8) = 1,	N(9) = 0.00148944,	N(10) = 0.000916593,	N(11) = 0.00148944,	N(12) = 1.99851,	N(13) = 1,	N(14) = 0.00148944,	N(15) = 1,	Delta[s](0) = 0.300929,	Delta[s](1) = 0.300916,	Delta[s](2) = 0.299891,	Delta[s](3) = 0.300916,	Delta[s](4) = 0.300916,	Delta[s](5) = 0.299891,	Delta[s](6) = 0.226947,	Delta[s](7) = 0.299891,	Delta[s](8) = 0.299891,	Delta[s](9) = 0.226947,	Delta[s](10) = 0.120479,	Delta[s](11) = 0.226947,	Delta[s](12) = 0.300916,	Delta[s](13) = 0.299891,	Delta[s](14) = 0.226947,	Delta[s](15) = 0.299891,	Delta[d](0) = 0.305806,	Delta[d](1) = 0.286921,	Delta[d](2) = 0.260352,	Delta[d](3) = 0.286921,	Delta[d](4) = 0.286921,	Delta[d](5) = 0.253806,	Delta[d](6) = 0.239779,	Delta[d](7) = 0.253806,	Delta[d](8) = 0.260352,	Delta[d](9) = 0.239779,	Delta[d](10) = 0.328866,	Delta[d](11) = 0.239779,	Delta[d](12) = 0.286921,	Delta[d](13) = 0.253806,	Delta[d](14) = 0.239779,	Delta[d](15) = 0.253806,	Delta[s+](0) = 0.482889,	Delta[s+](1) = 0.395425,	Delta[s+](2) = 0.260352,	Delta[s+](3) = 0.395425,	Delta[s+](4) = 0.395425,	Delta[s+](5) = 0.260352,	Delta[s+](6) = 0.121928,	Delta[s+](7) = 0.260352,	Delta[s+](8) = 0.260352,	Delta[s+](9) = 0.121928,	Delta[s+](10) = 0.0322523,	Delta[s+](11) = 0.121928,	Delta[s+](12) = 0.395425,	Delta[s+](13) = 0.260352,	Delta[s+](14) = 0.121928,	Delta[s+](15) = 0.260352
The 8-th iteration is completed.	|| time cost : 0h 4m 37.478s
********************************************************************************************************************
********************************************************************************************************************
Ground state is obtained after 9 iterations. The current ground-state energy is -58.9777, in which electron energy is -59.0414 and phonon energy is 0.0636954
final variational state is: 
	Gamma_x = [      1,1.02185,1.04134,1.02185,1.02185,1.04134,1.05235,1.04134,1.04134,1.05235,1.05973,1.05235,1.02185,1.04134,1.05235,1.04134]
	lambda_q = [0.479529,0.412383,0.403013,0.412383,0.412383,0.403013,0.371259,0.403013,0.403013,0.371259,0.344047,0.371259,0.412383,0.403013,0.371259,0.403013]
********************************************************************************************************************
o___o  ----------------------------------------
| L |	Time since last clock: 0h 0m 0s
A===A	Time since the beginning: 0h 23m 31.433s
***********************************************


********************************************************************************************************************
Warm up runs have been completed. Start calculating W = 5 phonon.
open output files: NGSEDIterationObs.txt
********************************************************************************************************************
Start the 0 rounds of NGS-ED iteration
	effective electronic model is modified as: kinetic energy t = 0.8673
	                                           effective interaction Vq = [-2.10262,-1.94665, -1.9213,-1.94665,-1.94665, -1.9213,-1.82886, -1.9213, -1.9213,-1.82886,-1.74162,-1.82886,-1.94665, -1.9213,-1.82886, -1.9213]
	PARPACK diagonalization completed after 60 matrix-vector product operations.
	iteration results: : total energy is -53.269340 | electron energy -53.301216 + phonon energy 0.031876 | electron momentum kIdx = 10
	Nq(0) = 16,	Nq(1) = 0.356179,	Nq(2) = 0.369991,	Nq(3) = 0.356179,	Nq(4) = 0.356179,	Nq(5) = 0.369991,	Nq(6) = 0.575809,	Nq(7) = 0.369991,	Nq(8) = 0.369991,	Nq(9) = 0.575809,	Nq(10) = 0.584827,	Nq(11) = 0.575809,	Nq(12) = 0.356179,	Nq(13) = 0.369991,	Nq(14) = 0.575809,	Nq(15) = 0.369991,	Sq(0) = 7.86283e-19,	Sq(1) = 0.376896,	Sq(2) = 0.416311,	Sq(3) = 0.376896,	Sq(4) = 0.376896,	Sq(5) = 0.416311,	Sq(6) = 0.638806,	Sq(7) = 0.416311,	Sq(8) = 0.416311,	Sq(9) = 0.638806,	Sq(10) = 2.9066,	Sq(11) = 0.638806,	Sq(12) = 0.376896,	Sq(13) = 0.416311,	Sq(14) = 0.638806,	Sq(15) = 0.416311,	N(0) = 1.99917,	N(1) = 1.99802,	N(2) = 1,	N(3) = 1.99802,	N(4) = 1.99802,	N(5) = 1,	N(6) = 0.00197691,	N(7) = 1,	N(8) = 1,	N(9) = 0.00197691,	N(10) = 0.000832973,	N(11) = 0.00197691,	N(12) = 1.99802,	N(13) = 1,	N(14) = 0.00197691,	N(15) = 1,	Delta[s](0) = 0.259025,	Delta[s](1) = 0.251466,	Delta[s](2) = 0.193312,	Delta[s](3) = 0.251466,	Delta[s](4) = 0.251466,	Delta[s](5) = 0.193312,	Delta[s](6) = 0.186478,	Delta[s](7) = 0.193312,	Delta[s](8) = 0.193312,	Delta[s](9) = 0.186478,	Delta[s](10) = 0.0956882,	Delta[s](11) = 0.186478,	Delta[s](12) = 0.251466,	Delta[s](13) = 0.193312,	Delta[s](14) = 0.186478,	Delta[s](15) = 0.193312,	Delta[d](0) = 0.506782,	Delta[d](1) = 0.317347,	Delta[d](2) = 0.282247,	Delta[d](3) = 0.317347,	Delta[d](4) = 0.317347,	Delta[d](5) = 0.372254,	Delta[d](6) = 0.262062,	Delta[d](7) = 0.372254,	Delta[d](8) = 0.282247,	Delta[d](9) = 0.262062,	Delta[d](10) = 0.238838,	Delta[d](11) = 0.262062,	Delta[d](12) = 0.317347,	Delta[d](13) = 0.372254,	Delta[d](14) = 0.262062,	Delta[d](15) = 0.372254,	Delta[s+](0) = 0.518815,	Delta[s+](1) = 0.42775,	Delta[s+](2) = 0.282247,	Delta[s+](3) = 0.42775,	Delta[s+](4) = 0.42775,	Delta[s+](5) = 0.282247,	Delta[s+](6) = 0.136757,	Delta[s+](7) = 0.282247,	Delta[s+](8) = 0.282247,	Delta[s+](9) = 0.136757,	Delta[s+](10) = 0.0361443,	Delta[s+](11) = 0.136757,	Delta[s+](12) = 0.42775,	Delta[s+](13) = 0.282247,	Delta[s+](14) = 0.136757,	Delta[s+](15) = 0.282247
The 0-th iteration is completed.	|| time cost : 0h 4m 35.525s
********************************************************************************************************************
Start the 1 rounds of NGS-ED iteration
	effective electronic model is modified as: kinetic energy t = 0.858481
	                                           effective interaction Vq = [-2.22742, -2.0561, -1.9305, -2.0561, -2.0561, -1.9305,-1.90787, -1.9305, -1.9305,-1.90787,-1.80308,-1.90787, -2.0561, -1.9305,-1.90787, -1.9305]
	PARPACK diagonalization completed after 30 matrix-vector product operations.
	iteration results: : total energy is -55.398352 | electron energy -55.487849 + phonon energy 0.089497 | electron momentum kIdx = 10
The 1-th iteration is completed.	|| time cost : 0h 0m 27.306s
********************************************************************************************************************
Start the 2 rounds of NGS-ED iteration
	effective electronic model is modified as: kinetic energy t = 0.851948
	                                           effective interaction Vq = [-2.27333,-2.11193,-1.93969,-2.11193,-2.11193,-1.93969,-1.95438,-1.93969,-1.93969,-1.95438,-1.84025,-1.95438,-2.11193,-1.93969,-1.95438,-1.93969]
	PARPACK diagonalization completed after 30 matrix-vector product operations.
	iteration results: : total energy is -56.178582 | electron energy -56.304548 + phonon energy 0.125965 | electron momentum kIdx = 10
The 2-th iteration is completed.	|| time cost : 0h 0m 27.33s
********************************************************************************************************************
Start the 3 rounds of NGS-ED iteration
	effective electronic model is modified as: kinetic energy t = 0.847676
	                                           effective interaction Vq = [-2.29022,-2.14173,-1.94614,-2.14173,-2.14173,-1.94614, -1.9816,-1.94614,-1.94614, -1.9816,-1.86167, -1.9816,-2.14173,-1.94614, -1.9816,-1.94614]
	PARPACK diagonalization completed after 30 matrix-vector product operations.
	iteration results: : total energy is -56.464975 | electron energy -56.611918 + phonon energy 0.146943 | electron momentum kIdx = 10
The 3-th iteration is completed.	|| time cost : 0h 0m 27.619s
********************************************************************************************************************
Start the 4 rounds of NGS-ED iteration
	effective electronic model is modified as: kinetic energy t = 0.845026
	                                           effective interaction Vq = [-2.29643,-2.15817,-1.95021,-2.15817,-2.15817,-1.95021,-1.99759,-1.95021,-1.95021,-1.99759,-1.87381,-1.99759,-2.15817,-1.95021,-1.99759,-1.95021]
	PARPACK diagonalization completed after 30 matrix-vector product operations.
	iteration results: : total energy is -56.570101 | electron energy -56.729137 + phonon energy 0.159037 | electron momentum kIdx = 10
The 4-th iteration is completed.	|| time cost : 0h 0m 27.371s
********************************************************************************************************************
Start the 5 rounds of NGS-ED iteration
	effective electronic model is modified as: kinetic energy t = 0.843423
	                                           effective interaction Vq = [-2.29872,-2.16745,-1.95267,-2.16745,-2.16745,-1.95267,-2.00702,-1.95267,-1.95267,-2.00702,-1.88067,-2.00702,-2.16745,-1.95267,-2.00702,-1.95267]
	PARPACK diagonalization completed after 30 matrix-vector product operations.
	iteration results: : total energy is -56.608682 | electron energy -56.774768 + phonon energy 0.166086 | electron momentum kIdx = 10
The 5-th iteration is completed.	|| time cost : 0h 0m 27.374s
********************************************************************************************************************
Start the 6 rounds of NGS-ED iteration
	effective electronic model is modified as: kinetic energy t = 0.842466
	                                           effective interaction Vq = [-2.29956,-2.17276,-1.95413,-2.17276,-2.17276,-1.95413,-2.01259,-1.95413,-1.95413,-2.01259,-1.88454,-2.01259,-2.17276,-1.95413,-2.01259,-1.95413]
	PARPACK diagonalization completed after 30 matrix-vector product operations.
	iteration results: : total energy is -56.622840 | electron energy -56.793064 + phonon energy 0.170224 | electron momentum kIdx = 10
The 6-th iteration is completed.	|| time cost : 0h 0m 27.711s
********************************************************************************************************************
Start the 7 rounds of NGS-ED iteration
	effective electronic model is modified as: kinetic energy t = 0.841898
	                                           effective interaction Vq = [-2.29987,-2.17584,-1.95498,-2.17584,-2.17584,-1.95498,-2.01591,-1.95498,-1.95498,-2.01591,-1.88672,-2.01591,-2.17584,-1.95498,-2.01591,-1.95498]
	PARPACK diagonalization completed after 30 matrix-vector product operations.
	iteration results: : total energy is -56.628036 | electron energy -56.800697 + phonon energy 0.172662 | electron momentum kIdx = 10
The 7-th iteration is completed.	|| time cost : 0h 0m 27.382s
********************************************************************************************************************
Start the 8 rounds of NGS-ED iteration
	effective electronic model is modified as: kinetic energy t = 0.841562
	                                           effective interaction Vq = [-2.29998,-2.17763,-1.95548,-2.17763,-2.17763,-1.95548,-2.01787,-1.95548,-1.95548,-2.01787,-1.88796,-2.01787,-2.17763,-1.95548,-2.01787,-1.95548]
	PARPACK diagonalization completed after 30 matrix-vector product operations.
	iteration results: : total energy is -56.629942 | electron energy -56.804042 + phonon energy 0.174100 | electron momentum kIdx = 10
The 8-th iteration is completed.	|| time cost : 0h 0m 27.412s
********************************************************************************************************************
Start the 9 rounds of NGS-ED iteration
	effective electronic model is modified as: kinetic energy t = 0.841364
	                                           effective interaction Vq = [-2.30002,-2.17867,-1.95577,-2.17867,-2.17867,-1.95577,-2.01904,-1.95577,-1.95577,-2.01904,-1.88866,-2.01904,-2.17867,-1.95577,-2.01904,-1.95577]
	PARPACK diagonalization completed after 30 matrix-vector product operations.
	iteration results: : total energy is -56.630642 | electron energy -56.805591 + phonon energy 0.174949 | electron momentum kIdx = 10
The 9-th iteration is completed.	|| time cost : 0h 0m 27.327s
********************************************************************************************************************
Start the 10 rounds of NGS-ED iteration
	effective electronic model is modified as: kinetic energy t = 0.841247
	                                           effective interaction Vq = [-2.30004,-2.17928,-1.95594,-2.17928,-2.17928,-1.95594,-2.01974,-1.95594,-1.95594,-2.01974,-1.88905,-2.01974,-2.17928,-1.95594,-2.01974,-1.95594]
	PARPACK diagonalization completed after 30 matrix-vector product operations.
	iteration results: : total energy is -56.630899 | electron energy -56.806349 + phonon energy 0.175450 | electron momentum kIdx = 10
	Nq(0) = 16,	Nq(1) = 0.399298,	Nq(2) = 0.369126,	Nq(3) = 0.399298,	Nq(4) = 0.399298,	Nq(5) = 0.369126,	Nq(6) = 0.621166,	Nq(7) = 0.369126,	Nq(8) = 0.369126,	Nq(9) = 0.621166,	Nq(10) = 0.602538,	Nq(11) = 0.621166,	Nq(12) = 0.399298,	Nq(13) = 0.369126,	Nq(14) = 0.621166,	Nq(15) = 0.369126,	Sq(0) = 6.51971e-18,	Sq(1) = 0.374486,	Sq(2) = 0.410131,	Sq(3) = 0.374486,	Sq(4) = 0.374486,	Sq(5) = 0.410131,	Sq(6) = 0.628154,	Sq(7) = 0.410131,	Sq(8) = 0.410131,	Sq(9) = 0.628154,	Sq(10) = 2.62951,	Sq(11) = 0.628154,	Sq(12) = 0.374486,	Sq(13) = 0.410131,	Sq(14) = 0.628154,	Sq(15) = 0.410131,	N(0) = 1.99981,	N(1) = 1.99934,	N(2) = 1,	N(3) = 1.99934,	N(4) = 1.99934,	N(5) = 1,	N(6) = 0.000659879,	N(7) = 1,	N(8) = 1,	N(9) = 0.000659879,	N(10) = 0.000192948,	N(11) = 0.000659879,	N(12) = 1.99934,	N(13) = 1,	N(14) = 0.000659879,	N(15) = 1,	Delta[s](0) = 0.264637,	Delta[s](1) = 0.262784,	Delta[s](2) = 0.203048,	Delta[s](3) = 0.262784,	Delta[s](4) = 0.262784,	Delta[s](5) = 0.203048,	Delta[s](6) = 0.200877,	Delta[s](7) = 0.203048,	Delta[s](8) = 0.203048,	Delta[s](9) = 0.200877,	Delta[s](10) = 0.112002,	Delta[s](11) = 0.200877,	Delta[s](12) = 0.262784,	Delta[s](13) = 0.203048,	Delta[s](14) = 0.200877,	Delta[s](15) = 0.203048,	Delta[d](0) = 0.520905,	Delta[d](1) = 0.325486,	Delta[d](2) = 0.292266,	Delta[d](3) = 0.325486,	Delta[d](4) = 0.325486,	Delta[d](5) = 0.384811,	Delta[d](6) = 0.269376,	Delta[d](7) = 0.384811,	Delta[d](8) = 0.292266,	Delta[d](9) = 0.269376,	Delta[d](10) = 0.250905,	Delta[d](11) = 0.269376,	Delta[d](12) = 0.325486,	Delta[d](13) = 0.384811,	Delta[d](14) = 0.269376,	Delta[d](15) = 0.384811,	Delta[s+](0) = 0.530593,	Delta[s+](1) = 0.437173,	Delta[s+](2) = 0.292266,	Delta[s+](3) = 0.437173,	Delta[s+](4) = 0.437173,	Delta[s+](5) = 0.292266,	Delta[s+](6) = 0.14333,	Delta[s+](7) = 0.292266,	Delta[s+](8) = 0.292266,	Delta[s+](9) = 0.14333,	Delta[s+](10) = 0.0425931,	Delta[s+](11) = 0.14333,	Delta[s+](12) = 0.437173,	Delta[s+](13) = 0.292266,	Delta[s+](14) = 0.14333,	Delta[s+](15) = 0.292266
The 10-th iteration is completed.	|| time cost : 0h 4m 21.759s
********************************************************************************************************************
Start the 11 rounds of NGS-ED iteration
	effective electronic model is modified as: kinetic energy t = 0.841178
	                                           effective interaction Vq = [-2.30004,-2.17964,-1.95604,-2.17964,-2.17964,-1.95604,-2.02015,-1.95604,-1.95604,-2.02015,-1.88928,-2.02015,-2.17964,-1.95604,-2.02015,-1.95604]
	PARPACK diagonalization completed after 30 matrix-vector product operations.
	iteration results: : total energy is -56.630993 | electron energy -56.806739 + phonon energy 0.175746 | electron momentum kIdx = 10
The 11-th iteration is completed.	|| time cost : 0h 0m 27.327s
********************************************************************************************************************
Start the 12 rounds of NGS-ED iteration
	effective electronic model is modified as: kinetic energy t = 0.841137
	                                           effective interaction Vq = [-2.30005,-2.17985,-1.95609,-2.17985,-2.17985,-1.95609, -2.0204,-1.95609,-1.95609, -2.0204, -1.8894, -2.0204,-2.17985,-1.95609, -2.0204,-1.95609]
	PARPACK diagonalization completed after 30 matrix-vector product operations.
	iteration results: : total energy is -56.631028 | electron energy -56.806948 + phonon energy 0.175920 | electron momentum kIdx = 10
The 12-th iteration is completed.	|| time cost : 0h 0m 27.353s
********************************************************************************************************************
Start the 13 rounds of NGS-ED iteration
	effective electronic model is modified as: kinetic energy t = 0.841113
	                                           effective interaction Vq = [-2.30005,-2.17997,-1.95613,-2.17997,-2.17997,-1.95613,-2.02055,-1.95613,-1.95613,-2.02055,-1.88947,-2.02055,-2.17997,-1.95613,-2.02055,-1.95613]
	PARPACK diagonalization completed after 30 matrix-vector product operations.
	iteration results: : total energy is -56.631041 | electron energy -56.807064 + phonon energy 0.176023 | electron momentum kIdx = 10
The 13-th iteration is completed.	|| time cost : 0h 0m 27.332s
********************************************************************************************************************
Start the 14 rounds of NGS-ED iteration
	effective electronic model is modified as: kinetic energy t = 0.841099
	                                           effective interaction Vq = [-2.30005,-2.18005,-1.95615,-2.18005,-2.18005,-1.95615,-2.02063,-1.95615,-1.95615,-2.02063,-1.88952,-2.02063,-2.18005,-1.95615,-2.02063,-1.95615]
	PARPACK diagonalization completed after 30 matrix-vector product operations.
	iteration results: : total energy is -56.631045 | electron energy -56.807130 + phonon energy 0.176084 | electron momentum kIdx = 10
The 14-th iteration is completed.	|| time cost : 0h 0m 27.406s
********************************************************************************************************************
Start the 15 rounds of NGS-ED iteration
	effective electronic model is modified as: kinetic energy t = 0.84109
	                                           effective interaction Vq = [-2.30005,-2.18009,-1.95616,-2.18009,-2.18009,-1.95616,-2.02069,-1.95616,-1.95616,-2.02069,-1.88954,-2.02069,-2.18009,-1.95616,-2.02069,-1.95616]
	PARPACK diagonalization completed after 30 matrix-vector product operations.
	iteration results: : total energy is -56.631047 | electron energy -56.807167 + phonon energy 0.176120 | electron momentum kIdx = 10
The 15-th iteration is completed.	|| time cost : 0h 0m 27.299s
********************************************************************************************************************
Start the 16 rounds of NGS-ED iteration
	effective electronic model is modified as: kinetic energy t = 0.841085
	                                           effective interaction Vq = [-2.30005,-2.18011,-1.95617,-2.18011,-2.18011,-1.95617,-2.02072,-1.95617,-1.95617,-2.02072,-1.88955,-2.02072,-2.18011,-1.95617,-2.02072,-1.95617]
	PARPACK diagonalization completed after 30 matrix-vector product operations.
	iteration results: : total energy is -56.631048 | electron energy -56.807189 + phonon energy 0.176142 | electron momentum kIdx = 10
The 16-th iteration is completed.	|| time cost : 0h 0m 27.331s
********************************************************************************************************************
Start the 17 rounds of NGS-ED iteration
	effective electronic model is modified as: kinetic energy t = 0.841082
	                                           effective interaction Vq = [-2.30005,-2.18013,-1.95617,-2.18013,-2.18013,-1.95617,-2.02073,-1.95617,-1.95617,-2.02073,-1.88956,-2.02073,-2.18013,-1.95617,-2.02073,-1.95617]
	PARPACK diagonalization completed after 30 matrix-vector product operations.
	iteration results: : total energy is -56.631048 | electron energy -56.807202 + phonon energy 0.176154 | electron momentum kIdx = 10
The 17-th iteration is completed.	|| time cost : 0h 0m 27.326s
********************************************************************************************************************
Start the 18 rounds of NGS-ED iteration
	effective electronic model is modified as: kinetic energy t = 0.841081
	                                           effective interaction Vq = [-2.30005,-2.18014,-1.95617,-2.18014,-2.18014,-1.95617,-2.02075,-1.95617,-1.95617,-2.02075,-1.88957,-2.02075,-2.18014,-1.95617,-2.02075,-1.95617]
	PARPACK diagonalization completed after 30 matrix-vector product operations.
	iteration results: : total energy is -56.631048 | electron energy -56.807210 + phonon energy 0.176162 | electron momentum kIdx = 10
The 18-th iteration is completed.	|| time cost : 0h 0m 27.625s
********************************************************************************************************************
Start the 19 rounds of NGS-ED iteration
	effective electronic model is modified as: kinetic energy t = 0.84108
	                                           effective interaction Vq = [-2.30005,-2.18014,-1.95617,-2.18014,-2.18014,-1.95617,-2.02075,-1.95617,-1.95617,-2.02075,-1.88957,-2.02075,-2.18014,-1.95617,-2.02075,-1.95617]
	PARPACK diagonalization completed after 30 matrix-vector product operations.
	iteration results: : total energy is -56.631048 | electron energy -56.807214 + phonon energy 0.176166 | electron momentum kIdx = 10
The 19-th iteration is completed.	|| time cost : 0h 0m 27.391s
********************************************************************************************************************
Start the 20 rounds of NGS-ED iteration
	effective electronic model is modified as: kinetic energy t = 0.841079
	                                           effective interaction Vq = [-2.30005,-2.18015,-1.95617,-2.18015,-2.18015,-1.95617,-2.02076,-1.95617,-1.95617,-2.02076,-1.88957,-2.02076,-2.18015,-1.95617,-2.02076,-1.95617]
	PARPACK diagonalization completed after 30 matrix-vector product operations.
	iteration results: : total energy is -56.631048 | electron energy -56.807217 + phonon energy 0.176169 | electron momentum kIdx = 10
	Nq(0) = 16,	Nq(1) = 0.399489,	Nq(2) = 0.36912,	Nq(3) = 0.399489,	Nq(4) = 0.399489,	Nq(5) = 0.36912,	Nq(6) = 0.621433,	Nq(7) = 0.36912,	Nq(8) = 0.36912,	Nq(9) = 0.621433,	Nq(10) = 0.60258,	Nq(11) = 0.621433,	Nq(12) = 0.399489,	Nq(13) = 0.36912,	Nq(14) = 0.621433,	Nq(15) = 0.36912,	Sq(0) = 6.1063e-18,	Sq(1) = 0.374467,	Sq(2) = 0.410096,	Sq(3) = 0.374467,	Sq(4) = 0.374467,	Sq(5) = 0.410096,	Sq(6) = 0.628091,	Sq(7) = 0.410096,	Sq(8) = 0.410096,	Sq(9) = 0.628091,	Sq(10) = 2.6282,	Sq(11) = 0.628091,	Sq(12) = 0.374467,	Sq(13) = 0.410096,	Sq(14) = 0.628091,	Sq(15) = 0.410096,	N(0) = 1.99981,	N(1) = 1.99933,	N(2) = 1,	N(3) = 1.99933,	N(4) = 1.99933,	N(5) = 1,	N(6) = 0.000665013,	N(7) = 1,	N(8) = 1,	N(9) = 0.000665013,	N(10) = 0.000192112,	N(11) = 0.000665013,	N(12) = 1.99933,	N(13) = 1,	N(14) = 0.000665013,	N(15) = 1,	Delta[s](0) = 0.264663,	Delta[s](1) = 0.262837,	Delta[s](2) = 0.2031,	Delta[s](3) = 0.262837,	Delta[s](4) = 0.262837,	Delta[s](5) = 0.2031,	Delta[s](6) = 0.200948,	Delta[s](7) = 0.2031,	Delta[s](8) = 0.2031,	Delta[s](9) = 0.200948,	Delta[s](10) = 0.112091,	Delta[s](11) = 0.200948,	Delta[s](12) = 0.262837,	Delta[s](13) = 0.2031,	Delta[s](14) = 0.200948,	Delta[s](15) = 0.2031,	Delta[d](0) = 0.521,	Delta[d](1) = 0.325557,	Delta[d](2) = 0.29234,	Delta[d](3) = 0.325557,	Delta[d](4) = 0.325557,	Delta[d](5) = 0.384901,	Delta[d](6) = 0.269439,	Delta[d](7) = 0.384901,	Delta[d](8) = 0.29234,	Delta[d](9) = 0.269439,	Delta[d](10) = 0.250991,	Delta[d](11) = 0.269439,	Delta[d](12) = 0.325557,	Delta[d](13) = 0.384901,	Delta[d](14) = 0.269439,	Delta[d](15) = 0.384901,	Delta[s+](0) = 0.530689,	Delta[s+](1) = 0.437252,	Delta[s+](2) = 0.29234,	Delta[s+](3) = 0.437252,	Delta[s+](4) = 0.437252,	Delta[s+](5) = 0.29234,	Delta[s+](6) = 0.143381,	Delta[s+](7) = 0.29234,	Delta[s+](8) = 0.29234,	Delta[s+](9) = 0.143381,	Delta[s+](10) = 0.0426363,	Delta[s+](11) = 0.143381,	Delta[s+](12) = 0.437252,	Delta[s+](13) = 0.29234,	Delta[s+](14) = 0.143381,	Delta[s+](15) = 0.29234
The 20-th iteration is completed.	|| time cost : 0h 4m 26.468s
********************************************************************************************************************
Start the 21 rounds of NGS-ED iteration
	effective electronic model is modified as: kinetic energy t = 0.841079
	                                           effective interaction Vq = [-2.30005,-2.18015,-1.95617,-2.18015,-2.18015,-1.95617,-2.02076,-1.95617,-1.95617,-2.02076,-1.88957,-2.02076,-2.18015,-1.95617,-2.02076,-1.95617]
	PARPACK diagonalization completed after 30 matrix-vector product operations.
	iteration results: : total energy is -56.631048 | electron energy -56.807218 + phonon energy 0.176170 | electron momentum kIdx = 10
The 21-th iteration is completed.	|| time cost : 0h 0m 27.631s
********************************************************************************************************************
Start the 22 rounds of NGS-ED iteration
	effective electronic model is modified as: kinetic energy t = 0.841079
	                                           effective interaction Vq = [-2.30005,-2.18015,-1.95617,-2.18015,-2.18015,-1.95617,-2.02076,-1.95617,-1.95617,-2.02076,-1.88957,-2.02076,-2.18015,-1.95617,-2.02076,-1.95617]
	PARPACK diagonalization completed after 30 matrix-vector product operations.
	iteration results: : total energy is -56.631048 | electron energy -56.807219 + phonon energy 0.176171 | electron momentum kIdx = 10
The 22-th iteration is completed.	|| time cost : 0h 0m 27.329s
********************************************************************************************************************
Start the 23 rounds of NGS-ED iteration
	effective electronic model is modified as: kinetic energy t = 0.841078
	                                           effective interaction Vq = [-2.30005,-2.18015,-1.95617,-2.18015,-2.18015,-1.95617,-2.02076,-1.95617,-1.95617,-2.02076,-1.88957,-2.02076,-2.18015,-1.95617,-2.02076,-1.95617]
	PARPACK diagonalization completed after 30 matrix-vector product operations.
	iteration results: : total energy is -56.631048 | electron energy -56.807220 + phonon energy 0.176171 | electron momentum kIdx = 10
The 23-th iteration is completed.	|| time cost : 0h 0m 27.454s
********************************************************************************************************************
Start the 24 rounds of NGS-ED iteration
	effective electronic model is modified as: kinetic energy t = 0.841078
	                                           effective interaction Vq = [-2.30005,-2.18015,-1.95617,-2.18015,-2.18015,-1.95617,-2.02076,-1.95617,-1.95617,-2.02076,-1.88957,-2.02076,-2.18015,-1.95617,-2.02076,-1.95617]
	PARPACK diagonalization completed after 30 matrix-vector product operations.
	iteration results: : total energy is -56.631048 | electron energy -56.807220 + phonon energy 0.176172 | electron momentum kIdx = 10
The 24-th iteration is completed.	|| time cost : 0h 0m 27.353s
********************************************************************************************************************
Start the 25 rounds of NGS-ED iteration
	effective electronic model is modified as: kinetic energy t = 0.841078
	                                           effective interaction Vq = [-2.30005,-2.18015,-1.95617,-2.18015,-2.18015,-1.95617,-2.02076,-1.95617,-1.95617,-2.02076,-1.88957,-2.02076,-2.18015,-1.95617,-2.02076,-1.95617]
	PARPACK diagonalization completed after 30 matrix-vector product operations.
	iteration results: : total energy is -56.631048 | electron energy -56.807220 + phonon energy 0.176172 | electron momentum kIdx = 10
