SNEDics v3.4 Non-Gaussian ED ground state program		Start at Tue Sep 24 19:33:47 2019

parallized on 16 MPI threads  * 8 OpenMP threads = 128 total threads.
********************************************************************************************************************
********************************************************************************************************************

********************************************************************************************************************
System parameters and configurations
********************************************************************************************************************
Special program options are enabled: splitted diagonal Hamiltonian
********************************************************************************************************************
Read input file "model_params.in"
	Hubbard-Holstein model parameters : 	t = 1    U = 2    g = 3.5355    W = 5    
********************************************************************************************************************
Read input file "hilbertspace_params.in"
	Requested 16-site 2D lattice, with 14 electrons (7, 7)
	Boundary : Periodic		Hilbert space representation : momentum-space (restricted to kIdx = 10)
	Conservation: particle number[U(1)]      spin[U(1)]     momentum
********************************************************************************************************************

Cluster Positions:				Cluster symmetry group : D4
 x ... x ... x ... x .....                       x ... x ... x ... x .....
 |           |           :                       |           |           :
 |           |           :                       |           |           :
12    13    14    15     x                       1     5     6     5     x
 |           |           :                       |           |           :
 |           |           :                       |           |           :
 8 --- 9 ---10 ---11 --- x                       2 --- 6 ---10 --- 6 --- x
 |           |           :                       |           |           :
 |           |           :                       |           |           :
 4     5     6     7     x                       1     5     6     5     x
 |           |           :                       |           |           :
 |           |           :                       |           |           :
 0 --- 1 --- 2 --- 3 --- x                       0 --- 1 --- 2 --- 1 --- x
orbital number : 1
********************************************************************************************************************
Read input file "obs_params.in"
	Observable Type : Nq(All),   Sq(All),   N(All),   Delta[s](All),   Delta[d](All),   Delta[s+](All)
********************************************************************************************************************
** WARNING ** the input observables have non-local factors which have been reinterpreted. The total observable number is 96
********************************************************************************************************************


********************************************************************************************************************
Start calculating the non-Gaussian ED ground state
** WARNING ** Detected low phonon energy W < 10. The initial state will be prepared through a warm-up process.
********************************************************************************************************************
Start warm-up calculation for scaling factor 2
open output files: NGSEDWarmUpW10Obs.txt
********************************************************************************************************************
Start the 0 rounds of NGS-ED iteration
	effective electronic model is modified as: kinetic energy t = 1
	                                           effective interaction Vq = [-0,-0,-0,-0,-0,-0,-0,-0,-0,-0,-0,-0,-0,-0,-0,-0]
	first Hamiltonian is constructed, non-zero numbers = 2178478152
	PARPACK diagonalization completed after 165 matrix-vector product operations.
	iteration results: : total energy is -19.171352 | electron energy -19.171352 + phonon energy 0.000000 | electron momentum kIdx = 10
	Nq(0) = 12.25,	Nq(1) = 0.281229,	Nq(2) = 0.437838,	Nq(3) = 0.281229,	Nq(4) = 0.275275,	Nq(5) = 0.400754,	Nq(6) = 0.476409,	Nq(7) = 0.333263,	Nq(8) = 0.370185,	Nq(9) = 0.481037,	Nq(10) = 0.52705,	Nq(11) = 0.481037,	Nq(12) = 0.275275,	Nq(13) = 0.333263,	Nq(14) = 0.476409,	Nq(15) = 0.400754,	Sq(0) = 5.3783e-18,	Sq(1) = 0.432076,	Sq(2) = 0.511559,	Sq(3) = 0.432076,	Sq(4) = 0.428253,	Sq(5) = 0.562368,	Sq(6) = 0.740136,	Sq(7) = 0.618901,	Sq(8) = 0.602421,	Sq(9) = 0.742728,	Sq(10) = 1.75609,	Sq(11) = 0.742728,	Sq(12) = 0.428253,	Sq(13) = 0.618901,	Sq(14) = 0.740136,	Sq(15) = 0.562368,	N(0) = 1.9771,	N(1) = 1.95636,	N(2) = 0.997154,	N(3) = 1.95636,	N(4) = 1.95604,	N(5) = 0.955522,	N(6) = 0.031384,	N(7) = 0.0756492,	N(8) = 0.999519,	N(9) = 0.0312786,	N(10) = 0.013753,	N(11) = 0.0312786,	N(12) = 1.95604,	N(13) = 0.0756492,	N(14) = 0.031384,	N(15) = 0.955522,	Delta[s](0) = 0.207673,	Delta[s](1) = 0.16646,	Delta[s](2) = 0.137022,	Delta[s](3) = 0.16646,	Delta[s](4) = 0.166183,	Delta[s](5) = 0.135513,	Delta[s](6) = 0.0918145,	Delta[s](7) = 0.111404,	Delta[s](8) = 0.136638,	Delta[s](9) = 0.0921118,	Delta[s](10) = 0.0321967,	Delta[s](11) = 0.0921118,	Delta[s](12) = 0.166183,	Delta[s](13) = 0.111404,	Delta[s](14) = 0.0918145,	Delta[s](15) = 0.135513,	Delta[d](0) = 0.570657,	Delta[d](1) = 0.281267,	Delta[d](2) = 0.269789,	Delta[d](3) = 0.281267,	Delta[d](4) = 0.281151,	Delta[d](5) = 0.147344,	Delta[d](6) = 0.193864,	Delta[d](7) = 0.312378,	Delta[d](8) = 0.269232,	Delta[d](9) = 0.193657,	Delta[d](10) = 0.0724344,	Delta[d](11) = 0.193657,	Delta[d](12) = 0.281151,	Delta[d](13) = 0.312378,	Delta[d](14) = 0.193864,	Delta[d](15) = 0.147344,	Delta[s+](0) = 0.533596,	Delta[s+](1) = 0.398812,	Delta[s+](2) = 0.269789,	Delta[s+](3) = 0.398812,	Delta[s+](4) = 0.398634,	Delta[s+](5) = 0.264463,	Delta[s+](6) = 0.0880789,	Delta[s+](7) = 0.156443,	Delta[s+](8) = 0.269232,	Delta[s+](9) = 0.0877255,	Delta[s+](10) = 0.0152149,	Delta[s+](11) = 0.0877255,	Delta[s+](12) = 0.398634,	Delta[s+](13) = 0.156443,	Delta[s+](14) = 0.0880789,	Delta[s+](15) = 0.264463
The 0-th iteration is completed.	|| time cost : 0h 6m 27.312s
********************************************************************************************************************
Start the 1 rounds of NGS-ED iteration
	effective electronic model is modified as: kinetic energy (tx,ty)=(0.930103, 0.930506)
	                                           effective interaction Vq = [-2.16162,-2.04297,-2.01055,-2.04297,-2.04043,-1.99643,-1.95461,-1.96277, -1.9827,-1.95664,-1.91384,-1.95664,-2.04043,-1.96277,-1.95461,-1.99643]
	PARPACK diagonalization completed after 150 matrix-vector product operations.
	iteration results: : total energy is -59.903682 | electron energy -59.909337 + phonon energy 0.005655 | electron momentum kIdx = 10
The 1-th iteration is completed.	|| time cost : 0h 6m 10.189s
********************************************************************************************************************
Start the 2 rounds of NGS-ED iteration
	effective electronic model is modified as: kinetic energy (tx,ty)=(0.874727, 0.87492)
	                                           effective interaction Vq = [-2.45416, -2.3723,-2.34488, -2.3723,-2.37177,-2.34197,-2.30253,-2.33293,-2.33887,-2.30284, -2.3776,-2.30284,-2.37177,-2.33293,-2.30253,-2.34197]
	PARPACK diagonalization completed after 45 matrix-vector product operations.
	iteration results: : total energy is -66.223209 | electron energy -66.260366 + phonon energy 0.037156 | electron momentum kIdx = 10
The 2-th iteration is completed.	|| time cost : 0h 0m 24.252s
********************************************************************************************************************
Start the 3 rounds of NGS-ED iteration
	effective electronic model is modified as: kinetic energy (tx,ty)=(0.853449, 0.853522)
	                                           effective interaction Vq = [-2.49376,-2.43512,-2.41507,-2.43512,-2.43498,-2.41434,-2.37845,-2.41162,-2.41346,-2.37852,-2.46673,-2.37852,-2.43498,-2.41162,-2.37845,-2.41434]
	PARPACK diagonalization completed after 45 matrix-vector product operations.
	iteration results: : total energy is -67.087862 | electron energy -67.148994 + phonon energy 0.061132 | electron momentum kIdx = 10
The 3-th iteration is completed.	|| time cost : 0h 0m 24.909s
********************************************************************************************************************
Start the 4 rounds of NGS-ED iteration
	effective electronic model is modified as: kinetic energy (tx,ty)=(0.846041, 0.846067)
	                                           effective interaction Vq = [-2.49911, -2.4511,-2.43368, -2.4511,-2.45106,-2.43347,-2.39962,-2.43256,-2.43319,-2.39963,-2.48535,-2.39963,-2.45106,-2.43256,-2.39962,-2.43347]
	PARPACK diagonalization completed after 45 matrix-vector product operations.
	iteration results: : total energy is -67.200790 | electron energy -67.272362 + phonon energy 0.071573 | electron momentum kIdx = 10
The 4-th iteration is completed.	|| time cost : 0h 0m 24.305s
********************************************************************************************************************
Start the 5 rounds of NGS-ED iteration
	effective electronic model is modified as: kinetic energy (tx,ty)=(0.843492, 0.843501)
	                                           effective interaction Vq = [-2.49984,-2.45598,-2.43943,-2.45598,-2.45596,-2.43937,-2.40648,-2.43904,-2.43927,-2.40648,-2.49003,-2.40648,-2.45596,-2.43904,-2.40648,-2.43937]
	PARPACK diagonalization completed after 30 matrix-vector product operations.
	iteration results: : total energy is -67.215258 | electron energy -67.290818 + phonon energy 0.075560 | electron momentum kIdx = 10
The 5-th iteration is completed.	|| time cost : 0h 0m 20.722s
********************************************************************************************************************
Start the 6 rounds of NGS-ED iteration
	effective electronic model is modified as: kinetic energy (tx,ty)=(0.842613, 0.842616)
	                                           effective interaction Vq = [-2.49994,-2.45759,-2.44133,-2.45759,-2.45759,-2.44131,-2.40885,-2.44119,-2.44127,-2.40885, -2.4914,-2.40885,-2.45759,-2.44119,-2.40885,-2.44131]
	PARPACK diagonalization completed after 30 matrix-vector product operations.
	iteration results: : total energy is -67.217109 | electron energy -67.294112 + phonon energy 0.077003 | electron momentum kIdx = 10
The 6-th iteration is completed.	|| time cost : 0h 0m 20.92s
********************************************************************************************************************
Start the 7 rounds of NGS-ED iteration
	effective electronic model is modified as: kinetic energy (tx,ty)=(0.842309, 0.84231)
	                                           effective interaction Vq = [-2.49995,-2.45815,-2.44197,-2.45815,-2.45814,-2.44197, -2.4097,-2.44192,-2.44195, -2.4097,-2.49183, -2.4097,-2.45814,-2.44192, -2.4097,-2.44197]
	PARPACK diagonalization completed after 30 matrix-vector product operations.
	iteration results: : total energy is -67.217346 | electron energy -67.294859 + phonon energy 0.077512 | electron momentum kIdx = 10
The 7-th iteration is completed.	|| time cost : 0h 0m 20.661s
********************************************************************************************************************
Start the 8 rounds of NGS-ED iteration
	effective electronic model is modified as: kinetic energy t = 0.842203
	                                           effective interaction Vq = [-2.49995,-2.45834,-2.44219,-2.45834,-2.45834,-2.44219,   -2.41,-2.44217,-2.44219,   -2.41,-2.49198,   -2.41,-2.45834,-2.44217,   -2.41,-2.44219]
	PARPACK diagonalization completed after 30 matrix-vector product operations.
	iteration results: : total energy is -67.217373 | electron energy -67.295063 + phonon energy 0.077690 | electron momentum kIdx = 10
	Nq(0) = 12.25,	Nq(1) = 0.37798,	Nq(2) = 0.61329,	Nq(3) = 0.37798,	Nq(4) = 0.37798,	Nq(5) = 0.613291,	Nq(6) = 0.694677,	Nq(7) = 0.613281,	Nq(8) = 0.613288,	Nq(9) = 0.694677,	Nq(10) = 3.49441,	Nq(11) = 0.694677,	Nq(12) = 0.37798,	Nq(13) = 0.613281,	Nq(14) = 0.694677,	Nq(15) = 0.613291,	Sq(0) = -3.09263e-18,	Sq(1) = 0.200231,	Sq(2) = 0.264676,	Sq(3) = 0.200231,	Sq(4) = 0.20023,	Sq(5) = 0.264676,	Sq(6) = 0.367776,	Sq(7) = 0.264676,	Sq(8) = 0.264676,	Sq(9) = 0.367776,	Sq(10) = 0.425158,	Sq(11) = 0.367776,	Sq(12) = 0.20023,	Sq(13) = 0.264676,	Sq(14) = 0.367776,	Sq(15) = 0.264676,	N(0) = 1.94325,	N(1) = 1.85634,	N(2) = 0.70215,	N(3) = 1.85634,	N(4) = 1.85634,	N(5) = 0.702151,	N(6) = 0.0940074,	N(7) = 0.702144,	N(8) = 0.702151,	N(9) = 0.0940074,	N(10) = 0.0424554,	N(11) = 0.0940074,	N(12) = 1.85634,	N(13) = 0.702144,	N(14) = 0.0940074,	N(15) = 0.702151,	Delta[s](0) = 0.676872,	Delta[s](1) = 0.324204,	Delta[s](2) = 0.279662,	Delta[s](3) = 0.324204,	Delta[s](4) = 0.324204,	Delta[s](5) = 0.279662,	Delta[s](6) = 0.231637,	Delta[s](7) = 0.279663,	Delta[s](8) = 0.279662,	Delta[s](9) = 0.231637,	Delta[s](10) = 0.279167,	Delta[s](11) = 0.231637,	Delta[s](12) = 0.324204,	Delta[s](13) = 0.279663,	Delta[s](14) = 0.231637,	Delta[s](15) = 0.279662,	Delta[d](0) = 0.19424,	Delta[d](1) = 0.155001,	Delta[d](2) = 0.161415,	Delta[d](3) = 0.155001,	Delta[d](4) = 0.155001,	Delta[d](5) = 0.121855,	Delta[d](6) = 0.119637,	Delta[d](7) = 0.121855,	Delta[d](8) = 0.161415,	Delta[d](9) = 0.119637,	Delta[d](10) = 0.0516598,	Delta[d](11) = 0.119637,	Delta[d](12) = 0.155001,	Delta[d](13) = 0.121855,	Delta[d](14) = 0.119637,	Delta[d](15) = 0.121855,	Delta[s+](0) = 0.345541,	Delta[s+](1) = 0.263104,	Delta[s+](2) = 0.161415,	Delta[s+](3) = 0.263104,	Delta[s+](4) = 0.263104,	Delta[s+](5) = 0.161415,	Delta[s+](6) = 0.0667067,	Delta[s+](7) = 0.161414,	Delta[s+](8) = 0.161415,	Delta[s+](9) = 0.0667067,	Delta[s+](10) = 0.0260453,	Delta[s+](11) = 0.0667067,	Delta[s+](12) = 0.263104,	Delta[s+](13) = 0.161414,	Delta[s+](14) = 0.0667067,	Delta[s+](15) = 0.161415
The 8-th iteration is completed.	|| time cost : 0h 3m 20.226s
********************************************************************************************************************
********************************************************************************************************************
Ground state is obtained after 9 iterations. The current ground-state energy is -67.2174, in which electron energy is -67.2951 and phonon energy is 0.0776896
final variational state is: 
	Gamma_x = [      1,1.02144,1.04027,1.02144,1.02144,1.04027,1.05476,1.04026,1.04026,1.05476,  1.097,1.05476,1.02144,1.04026,1.05476,1.04027]
	lambda_q = [0.499934,0.435537,0.424046,0.435537,0.435537,0.424045, 0.40521,0.424041,0.424044, 0.40521,0.471835, 0.40521,0.435537,0.424041, 0.40521,0.424045]
********************************************************************************************************************
o___o  ----------------------------------------
| L |	Time since last clock: 0h 0m 0s
A===A	Time since the beginning: 0h 18m 13.501s
***********************************************


********************************************************************************************************************
Warm up runs have been completed. Start calculating W = 5 phonon.
open output files: NGSEDIterationObs.txt
********************************************************************************************************************
Start the 0 rounds of NGS-ED iteration
	effective electronic model is modified as: kinetic energy t = 0.842166
	                                           effective interaction Vq = [-2.28536,-2.13122,-2.09935,-2.13122,-2.13122,-2.09935,-2.04426,-2.09934,-2.09935,-2.04426, -2.2232,-2.04426,-2.13122,-2.09934,-2.04426,-2.09935]
	PARPACK diagonalization completed after 30 matrix-vector product operations.
	iteration results: : total energy is -60.996046 | electron energy -61.034922 + phonon energy 0.038876 | electron momentum kIdx = 10
	Nq(0) = 12.25,	Nq(1) = 0.369184,	Nq(2) = 0.595258,	Nq(3) = 0.369184,	Nq(4) = 0.369184,	Nq(5) = 0.595258,	Nq(6) = 0.652071,	Nq(7) = 0.595251,	Nq(8) = 0.595256,	Nq(9) = 0.652071,	Nq(10) = 3.30673,	Nq(11) = 0.652071,	Nq(12) = 0.369184,	Nq(13) = 0.595251,	Nq(14) = 0.652071,	Nq(15) = 0.595258,	Sq(0) = 9.17968e-18,	Sq(1) = 0.229746,	Sq(2) = 0.290543,	Sq(3) = 0.229746,	Sq(4) = 0.229746,	Sq(5) = 0.290543,	Sq(6) = 0.413555,	Sq(7) = 0.290543,	Sq(8) = 0.290543,	Sq(9) = 0.413555,	Sq(10) = 0.470255,	Sq(11) = 0.413555,	Sq(12) = 0.229746,	Sq(13) = 0.290543,	Sq(14) = 0.413555,	Sq(15) = 0.290543,	N(0) = 1.96495,	N(1) = 1.9056,	N(2) = 0.687128,	N(3) = 1.9056,	N(4) = 1.9056,	N(5) = 0.687129,	N(6) = 0.0656833,	N(7) = 0.687123,	N(8) = 0.687129,	N(9) = 0.0656832,	N(10) = 0.0271715,	N(11) = 0.0656832,	N(12) = 1.9056,	N(13) = 0.687123,	N(14) = 0.0656833,	N(15) = 0.687129,	Delta[s](0) = 0.555543,	Delta[s](1) = 0.305482,	Delta[s](2) = 0.271139,	Delta[s](3) = 0.305482,	Delta[s](4) = 0.305482,	Delta[s](5) = 0.271139,	Delta[s](6) = 0.231832,	Delta[s](7) = 0.271139,	Delta[s](8) = 0.271139,	Delta[s](9) = 0.231832,	Delta[s](10) = 0.275005,	Delta[s](11) = 0.231832,	Delta[s](12) = 0.305482,	Delta[s](13) = 0.271139,	Delta[s](14) = 0.231832,	Delta[s](15) = 0.271139,	Delta[d](0) = 0.202429,	Delta[d](1) = 0.163139,	Delta[d](2) = 0.171782,	Delta[d](3) = 0.163139,	Delta[d](4) = 0.163139,	Delta[d](5) = 0.12794,	Delta[d](6) = 0.126213,	Delta[d](7) = 0.12794,	Delta[d](8) = 0.171782,	Delta[d](9) = 0.126213,	Delta[d](10) = 0.0546919,	Delta[d](11) = 0.126213,	Delta[d](12) = 0.163139,	Delta[d](13) = 0.12794,	Delta[d](14) = 0.126213,	Delta[d](15) = 0.12794,	Delta[s+](0) = 0.374358,	Delta[s+](1) = 0.282123,	Delta[s+](2) = 0.171782,	Delta[s+](3) = 0.282123,	Delta[s+](4) = 0.282123,	Delta[s+](5) = 0.171783,	Delta[s+](6) = 0.0709261,	Delta[s+](7) = 0.171782,	Delta[s+](8) = 0.171782,	Delta[s+](9) = 0.0709261,	Delta[s+](10) = 0.0275337,	Delta[s+](11) = 0.0709261,	Delta[s+](12) = 0.282123,	Delta[s+](13) = 0.171782,	Delta[s+](14) = 0.0709261,	Delta[s+](15) = 0.171783
The 0-th iteration is completed.	|| time cost : 0h 3m 11.95s
********************************************************************************************************************
Start the 1 rounds of NGS-ED iteration
	effective electronic model is modified as: kinetic energy t = 0.814699
	                                           effective interaction Vq = [-2.42101,-2.25939,-2.22369,-2.25939,-2.25939,-2.22369,-2.15149,-2.22369,-2.22369,-2.15149,-2.37164,-2.15149,-2.25939,-2.22369,-2.15149,-2.22369]
	PARPACK diagonalization completed after 30 matrix-vector product operations.
	iteration results: : total energy is -63.393784 | electron energy -63.520503 + phonon energy 0.126719 | electron momentum kIdx = 10
The 1-th iteration is completed.	|| time cost : 0h 0m 20.599s
********************************************************************************************************************
Start the 2 rounds of NGS-ED iteration
	effective electronic model is modified as: kinetic energy t = 0.797874
	                                           effective interaction Vq = [-2.47091,-2.31942,-2.28486,-2.31942,-2.31942,-2.28486, -2.2068,-2.28486,-2.28486, -2.2068,-2.43722, -2.2068,-2.31942,-2.28486, -2.2068,-2.28486]
	PARPACK diagonalization completed after 30 matrix-vector product operations.
	iteration results: : total energy is -64.277210 | electron energy -64.467395 + phonon energy 0.190185 | electron momentum kIdx = 10
The 2-th iteration is completed.	|| time cost : 0h 0m 20.387s
********************************************************************************************************************
Start the 3 rounds of NGS-ED iteration
	effective electronic model is modified as: kinetic energy t = 0.787938
	                                           effective interaction Vq = [-2.48927,-2.34965, -2.3162,-2.34965,-2.34965, -2.3162,-2.23652,-2.31619, -2.3162,-2.23652, -2.4652,-2.23652,-2.34965,-2.31619,-2.23652, -2.3162]
	PARPACK diagonalization completed after 30 matrix-vector product operations.
	iteration results: : total energy is -64.594533 | electron energy -64.822749 + phonon energy 0.228217 | electron momentum kIdx = 10
The 3-th iteration is completed.	|| time cost : 0h 0m 20.381s
********************************************************************************************************************
Start the 4 rounds of NGS-ED iteration
	effective electronic model is modified as: kinetic energy t = 0.782144
	                                           effective interaction Vq = [-2.49602,-2.36579,-2.33297,-2.36579,-2.36579,-2.33297,-2.25325,-2.33297,-2.33297,-2.25325,-2.47739,-2.25325,-2.36579,-2.33297,-2.25325,-2.33297]
	PARPACK diagonalization completed after 30 matrix-vector product operations.
	iteration results: : total energy is -64.707028 | electron energy -64.957176 + phonon energy 0.250148 | electron momentum kIdx = 10
The 4-th iteration is completed.	|| time cost : 0h 0m 20.629s
********************************************************************************************************************
Start the 5 rounds of NGS-ED iteration
	effective electronic model is modified as: kinetic energy t = 0.778773
	                                           effective interaction Vq = [-2.49851,-2.37476,-2.34227,-2.37476,-2.37476,-2.34227,-2.26301,-2.34227,-2.34227,-2.26301,-2.48296,-2.26301,-2.37476,-2.34227,-2.26301,-2.34227]
	PARPACK diagonalization completed after 30 matrix-vector product operations.
	iteration results: : total energy is -64.746811 | electron energy -65.009561 + phonon energy 0.262750 | electron momentum kIdx = 10
The 5-th iteration is completed.	|| time cost : 0h 0m 20.402s
********************************************************************************************************************
Start the 6 rounds of NGS-ED iteration
	effective electronic model is modified as: kinetic energy t = 0.776806
	                                           effective interaction Vq = [-2.49942,-2.37988,-2.34756,-2.37988,-2.37988,-2.34756,-2.26886,-2.34756,-2.34756,-2.26886,-2.48564,-2.26886,-2.37988,-2.34756,-2.26886,-2.34756]
	PARPACK diagonalization completed after 30 matrix-vector product operations.
	iteration results: : total energy is -64.760927 | electron energy -65.030935 + phonon energy 0.270008 | electron momentum kIdx = 10
The 6-th iteration is completed.	|| time cost : 0h 0m 20.368s
********************************************************************************************************************
Start the 7 rounds of NGS-ED iteration
	effective electronic model is modified as: kinetic energy t = 0.775653
	                                           effective interaction Vq = [-2.49976,-2.38286,-2.35061,-2.38286,-2.38286,-2.35061,-2.27241,-2.35061,-2.35061,-2.27241,-2.48696,-2.27241,-2.38286,-2.35061,-2.27241,-2.35061]
	PARPACK diagonalization completed after 30 matrix-vector product operations.
	iteration results: : total energy is -64.765963 | electron energy -65.040164 + phonon energy 0.274201 | electron momentum kIdx = 10
The 7-th iteration is completed.	|| time cost : 0h 0m 20.397s
********************************************************************************************************************
Start the 8 rounds of NGS-ED iteration
	effective electronic model is modified as: kinetic energy t = 0.774973
	                                           effective interaction Vq = [-2.49988, -2.3846, -2.3524, -2.3846, -2.3846, -2.3524,-2.27459, -2.3524, -2.3524,-2.27459,-2.48764,-2.27459, -2.3846, -2.3524,-2.27459, -2.3524]
	PARPACK diagonalization completed after 30 matrix-vector product operations.
	iteration results: : total energy is -64.767771 | electron energy -65.044401 + phonon energy 0.276630 | electron momentum kIdx = 10
The 8-th iteration is completed.	|| time cost : 0h 0m 20.365s
********************************************************************************************************************
Start the 9 rounds of NGS-ED iteration
	effective electronic model is modified as: kinetic energy t = 0.77457
	                                           effective interaction Vq = [-2.49993,-2.38564,-2.35345,-2.38564,-2.38564,-2.35345,-2.27594,-2.35345,-2.35345,-2.27594,-2.48798,-2.27594,-2.38564,-2.35345,-2.27594,-2.35345]
	PARPACK diagonalization completed after 30 matrix-vector product operations.
	iteration results: : total energy is -64.768423 | electron energy -65.046468 + phonon energy 0.278045 | electron momentum kIdx = 10
The 9-th iteration is completed.	|| time cost : 0h 0m 20.607s
********************************************************************************************************************
Start the 10 rounds of NGS-ED iteration
	effective electronic model is modified as: kinetic energy t = 0.77433
	                                           effective interaction Vq = [-2.49994,-2.38625,-2.35407,-2.38625,-2.38625,-2.35407,-2.27678,-2.35407,-2.35407,-2.27678,-2.48816,-2.27678,-2.38625,-2.35407,-2.27678,-2.35407]
	PARPACK diagonalization completed after 30 matrix-vector product operations.
	iteration results: : total energy is -64.768660 | electron energy -65.047533 + phonon energy 0.278872 | electron momentum kIdx = 10
	Nq(0) = 12.25,	Nq(1) = 0.357183,	Nq(2) = 0.580025,	Nq(3) = 0.357183,	Nq(4) = 0.357183,	Nq(5) = 0.580025,	Nq(6) = 0.63343,	Nq(7) = 0.580024,	Nq(8) = 0.580025,	Nq(9) = 0.63343,	Nq(10) = 4.2801,	Nq(11) = 0.63343,	Nq(12) = 0.357183,	Nq(13) = 0.580024,	Nq(14) = 0.63343,	Nq(15) = 0.580025,	Sq(0) = 1.60623e-18,	Sq(1) = 0.183881,	Sq(2) = 0.250092,	Sq(3) = 0.183881,	Sq(4) = 0.183881,	Sq(5) = 0.250092,	Sq(6) = 0.34663,	Sq(7) = 0.250092,	Sq(8) = 0.250092,	Sq(9) = 0.34663,	Sq(10) = 0.404711,	Sq(11) = 0.34663,	Sq(12) = 0.183881,	Sq(13) = 0.250092,	Sq(14) = 0.34663,	Sq(15) = 0.250092,	N(0) = 1.93412,	N(1) = 1.82161,	N(2) = 0.708055,	N(3) = 1.82161,	N(4) = 1.82161,	N(5) = 0.708055,	N(6) = 0.120426,	N(7) = 0.708055,	N(8) = 0.708055,	N(9) = 0.120426,	N(10) = 0.0493979,	N(11) = 0.120426,	N(12) = 1.82161,	N(13) = 0.708055,	N(14) = 0.120426,	N(15) = 0.708055,	Delta[s](0) = 0.570813,	Delta[s](1) = 0.326844,	Delta[s](2) = 0.293549,	Delta[s](3) = 0.326844,	Delta[s](4) = 0.326844,	Delta[s](5) = 0.293549,	Delta[s](6) = 0.262225,	Delta[s](7) = 0.293549,	Delta[s](8) = 0.293549,	Delta[s](9) = 0.262225,	Delta[s](10) = 0.297964,	Delta[s](11) = 0.262225,	Delta[s](12) = 0.326844,	Delta[s](13) = 0.293549,	Delta[s](14) = 0.262225,	Delta[s](15) = 0.293549,	Delta[d](0) = 0.17908,	Delta[d](1) = 0.146049,	Delta[d](2) = 0.156977,	Delta[d](3) = 0.146049,	Delta[d](4) = 0.146049,	Delta[d](5) = 0.118999,	Delta[d](6) = 0.115172,	Delta[d](7) = 0.118999,	Delta[d](8) = 0.156977,	Delta[d](9) = 0.115172,	Delta[d](10) = 0.060323,	Delta[d](11) = 0.115172,	Delta[d](12) = 0.146049,	Delta[d](13) = 0.118999,	Delta[d](14) = 0.115172,	Delta[d](15) = 0.118999,	Delta[s+](0) = 0.337339,	Delta[s+](1) = 0.252509,	Delta[s+](2) = 0.156977,	Delta[s+](3) = 0.252509,	Delta[s+](4) = 0.252509,	Delta[s+](5) = 0.156977,	Delta[s+](6) = 0.0701238,	Delta[s+](7) = 0.156977,	Delta[s+](8) = 0.156977,	Delta[s+](9) = 0.0701238,	Delta[s+](10) = 0.0321073,	Delta[s+](11) = 0.0701238,	Delta[s+](12) = 0.252509,	Delta[s+](13) = 0.156977,	Delta[s+](14) = 0.0701238,	Delta[s+](15) = 0.156977
The 10-th iteration is completed.	|| time cost : 0h 3m 23.391s
********************************************************************************************************************
Start the 11 rounds of NGS-ED iteration
	effective electronic model is modified as: kinetic energy t = 0.774186
	                                           effective interaction Vq = [-2.49995,-2.38662,-2.35444,-2.38662,-2.38662,-2.35444,-2.27731,-2.35444,-2.35444,-2.27731,-2.48825,-2.27731,-2.38662,-2.35444,-2.27731,-2.35444]
	PARPACK diagonalization completed after 30 matrix-vector product operations.
	iteration results: : total energy is -64.768746 | electron energy -65.048106 + phonon energy 0.279359 | electron momentum kIdx = 10
The 11-th iteration is completed.	|| time cost : 0h 0m 20.653s
********************************************************************************************************************
Start the 12 rounds of NGS-ED iteration
	effective electronic model is modified as: kinetic energy t = 0.7741
	                                           effective interaction Vq = [-2.49995,-2.38684,-2.35466,-2.38684,-2.38684,-2.35466,-2.27764,-2.35466,-2.35466,-2.27764, -2.4883,-2.27764,-2.38684,-2.35466,-2.27764,-2.35466]
	PARPACK diagonalization completed after 30 matrix-vector product operations.
	iteration results: : total energy is -64.768778 | electron energy -65.048425 + phonon energy 0.279648 | electron momentum kIdx = 10
The 12-th iteration is completed.	|| time cost : 0h 0m 20.6s
********************************************************************************************************************
Start the 13 rounds of NGS-ED iteration
	effective electronic model is modified as: kinetic energy t = 0.774048
	                                           effective interaction Vq = [-2.49995,-2.38698,-2.35479,-2.38698,-2.38698,-2.35479,-2.27784,-2.35479,-2.35479,-2.27784,-2.48832,-2.27784,-2.38698,-2.35479,-2.27784,-2.35479]
	PARPACK diagonalization completed after 30 matrix-vector product operations.
	iteration results: : total energy is -64.768789 | electron energy -65.048609 + phonon energy 0.279819 | electron momentum kIdx = 10
The 13-th iteration is completed.	|| time cost : 0h 0m 20.625s
********************************************************************************************************************
Start the 14 rounds of NGS-ED iteration
	effective electronic model is modified as: kinetic energy t = 0.774016
	                                           effective interaction Vq = [-2.49995,-2.38706,-2.35487,-2.38706,-2.38706,-2.35487,-2.27797,-2.35487,-2.35487,-2.27797,-2.48833,-2.27797,-2.38706,-2.35487,-2.27797,-2.35487]
	PARPACK diagonalization completed after 30 matrix-vector product operations.
	iteration results: : total energy is -64.768794 | electron energy -65.048715 + phonon energy 0.279922 | electron momentum kIdx = 10
The 14-th iteration is completed.	|| time cost : 0h 0m 20.345s
********************************************************************************************************************
Start the 15 rounds of NGS-ED iteration
	effective electronic model is modified as: kinetic energy t = 0.773997
	                                           effective interaction Vq = [-2.49995, -2.3871,-2.35492, -2.3871, -2.3871,-2.35492,-2.27805,-2.35492,-2.35492,-2.27805,-2.48834,-2.27805, -2.3871,-2.35492,-2.27805,-2.35492]
	PARPACK diagonalization completed after 30 matrix-vector product operations.
	iteration results: : total energy is -64.768795 | electron energy -65.048779 + phonon energy 0.279984 | electron momentum kIdx = 10
The 15-th iteration is completed.	|| time cost : 0h 0m 20.597s
********************************************************************************************************************
Start the 16 rounds of NGS-ED iteration
	effective electronic model is modified as: kinetic energy t = 0.773985
	                                           effective interaction Vq = [-2.49995,-2.38713,-2.35495,-2.38713,-2.38713,-2.35495,-2.27811,-2.35495,-2.35495,-2.27811,-2.48834,-2.27811,-2.38713,-2.35495,-2.27811,-2.35495]
	PARPACK diagonalization completed after 30 matrix-vector product operations.
	iteration results: : total energy is -64.768796 | electron energy -65.048817 + phonon energy 0.280021 | electron momentum kIdx = 10
The 16-th iteration is completed.	|| time cost : 0h 0m 20.386s
********************************************************************************************************************
Start the 17 rounds of NGS-ED iteration
	effective electronic model is modified as: kinetic energy t = 0.773978
	                                           effective interaction Vq = [-2.49995,-2.38715,-2.35497,-2.38715,-2.38715,-2.35497,-2.27814,-2.35497,-2.35497,-2.27814,-2.48834,-2.27814,-2.38715,-2.35497,-2.27814,-2.35497]
	PARPACK diagonalization completed after 30 matrix-vector product operations.
	iteration results: : total energy is -64.768796 | electron energy -65.048840 + phonon energy 0.280044 | electron momentum kIdx = 10
The 17-th iteration is completed.	|| time cost : 0h 0m 20.626s
********************************************************************************************************************
Start the 18 rounds of NGS-ED iteration
	effective electronic model is modified as: kinetic energy t = 0.773973
	                                           effective interaction Vq = [-2.49995,-2.38716,-2.35498,-2.38716,-2.38716,-2.35498,-2.27816,-2.35498,-2.35498,-2.27816,-2.48834,-2.27816,-2.38716,-2.35498,-2.27816,-2.35498]
	PARPACK diagonalization completed after 30 matrix-vector product operations.
	iteration results: : total energy is -64.768796 | electron energy -65.048853 + phonon energy 0.280058 | electron momentum kIdx = 10
The 18-th iteration is completed.	|| time cost : 0h 0m 20.609s
********************************************************************************************************************
Start the 19 rounds of NGS-ED iteration
	effective electronic model is modified as: kinetic energy t = 0.77397
	                                           effective interaction Vq = [-2.49995,-2.38717,-2.35498,-2.38717,-2.38717,-2.35498,-2.27817,-2.35498,-2.35498,-2.27817,-2.48834,-2.27817,-2.38717,-2.35498,-2.27817,-2.35498]
	PARPACK diagonalization completed after 30 matrix-vector product operations.
	iteration results: : total energy is -64.768796 | electron energy -65.048862 + phonon energy 0.280066 | electron momentum kIdx = 10
The 19-th iteration is completed.	|| time cost : 0h 0m 20.611s
********************************************************************************************************************
Start the 20 rounds of NGS-ED iteration
	effective electronic model is modified as: kinetic energy t = 0.773969
	                                           effective interaction Vq = [-2.49995,-2.38718,-2.35499,-2.38718,-2.38718,-2.35499,-2.27818,-2.35499,-2.35499,-2.27818,-2.48834,-2.27818,-2.38718,-2.35499,-2.27818,-2.35499]
	PARPACK diagonalization completed after 30 matrix-vector product operations.
	iteration results: : total energy is -64.768796 | electron energy -65.048867 + phonon energy 0.280071 | electron momentum kIdx = 10
	Nq(0) = 12.25,	Nq(1) = 0.357332,	Nq(2) = 0.580215,	Nq(3) = 0.357332,	Nq(4) = 0.357332,	Nq(5) = 0.580215,	Nq(6) = 0.633896,	Nq(7) = 0.580215,	Nq(8) = 0.580215,	Nq(9) = 0.633896,	Nq(10) = 4.27795,	Nq(11) = 0.633896,	Nq(12) = 0.357332,	Nq(13) = 0.580215,	Nq(14) = 0.633896,	Nq(15) = 0.580215,	Sq(0) = -3.78421e-18,	Sq(1) = 0.183803,	Sq(2) = 0.250016,	Sq(3) = 0.183803,	Sq(4) = 0.183803,	Sq(5) = 0.250016,	Sq(6) = 0.346492,	Sq(7) = 0.250016,	Sq(8) = 0.250016,	Sq(9) = 0.346492,	Sq(10) = 0.404569,	Sq(11) = 0.346492,	Sq(12) = 0.183803,	Sq(13) = 0.250016,	Sq(14) = 0.346492,	Sq(15) = 0.250016,	N(0) = 1.93403,	N(1) = 1.82147,	N(2) = 0.708129,	N(3) = 1.82147,	N(4) = 1.82147,	N(5) = 0.708129,	N(6) = 0.120464,	N(7) = 0.708129,	N(8) = 0.708129,	N(9) = 0.120464,	N(10) = 0.0494536,	N(11) = 0.120464,	N(12) = 1.82147,	N(13) = 0.708129,	N(14) = 0.120464,	N(15) = 0.708129,	Delta[s](0) = 0.570863,	Delta[s](1) = 0.326883,	Delta[s](2) = 0.2936,	Delta[s](3) = 0.326883,	Delta[s](4) = 0.326883,	Delta[s](5) = 0.2936,	Delta[s](6) = 0.262281,	Delta[s](7) = 0.2936,	Delta[s](8) = 0.2936,	Delta[s](9) = 0.262281,	Delta[s](10) = 0.297955,	Delta[s](11) = 0.262281,	Delta[s](12) = 0.326883,	Delta[s](13) = 0.2936,	Delta[s](14) = 0.262281,	Delta[s](15) = 0.2936,	Delta[d](0) = 0.179122,	Delta[d](1) = 0.146113,	Delta[d](2) = 0.157021,	Delta[d](3) = 0.146113,	Delta[d](4) = 0.146113,	Delta[d](5) = 0.119069,	Delta[d](6) = 0.115254,	Delta[d](7) = 0.119069,	Delta[d](8) = 0.157021,	Delta[d](9) = 0.115254,	Delta[d](10) = 0.0604243,	Delta[d](11) = 0.115254,	Delta[d](12) = 0.146113,	Delta[d](13) = 0.119069,	Delta[d](14) = 0.115254,	Delta[d](15) = 0.119069,	Delta[s+](0) = 0.337292,	Delta[s+](1) = 0.252513,	Delta[s+](2) = 0.157021,	Delta[s+](3) = 0.252513,	Delta[s+](4) = 0.252513,	Delta[s+](5) = 0.157021,	Delta[s+](6) = 0.0701951,	Delta[s+](7) = 0.157021,	Delta[s+](8) = 0.157021,	Delta[s+](9) = 0.0701951,	Delta[s+](10) = 0.0321691,	Delta[s+](11) = 0.0701951,	Delta[s+](12) = 0.252513,	Delta[s+](13) = 0.157021,	Delta[s+](14) = 0.0701951,	Delta[s+](15) = 0.157021
The 20-th iteration is completed.	|| time cost : 0h 3m 16.074s
********************************************************************************************************************
Start the 21 rounds of NGS-ED iteration
	effective electronic model is modified as: kinetic energy t = 0.773968
	                                           effective interaction Vq = [-2.49995,-2.38718,-2.35499,-2.38718,-2.38718,-2.35499,-2.27819,-2.35499,-2.35499,-2.27819,-2.48834,-2.27819,-2.38718,-2.35499,-2.27819,-2.35499]
	PARPACK diagonalization completed after 30 matrix-vector product operations.
	iteration results: : total energy is -64.768796 | electron energy -65.048870 + phonon energy 0.280074 | electron momentum kIdx = 10
The 21-th iteration is completed.	|| time cost : 0h 0m 20.621s
********************************************************************************************************************
Start the 22 rounds of NGS-ED iteration
	effective electronic model is modified as: kinetic energy t = 0.773967
	                                           effective interaction Vq = [-2.49995,-2.38718,-2.35499,-2.38718,-2.38718,-2.35499,-2.27819,-2.35499,-2.35499,-2.27819,-2.48834,-2.27819,-2.38718,-2.35499,-2.27819,-2.35499]
	PARPACK diagonalization completed after 30 matrix-vector product operations.
	iteration results: : total energy is -64.768796 | electron energy -65.048872 + phonon energy 0.280076 | electron momentum kIdx = 10
The 22-th iteration is completed.	|| time cost : 0h 0m 20.492s
********************************************************************************************************************
Start the 23 rounds of NGS-ED iteration
	effective electronic model is modified as: kinetic energy t = 0.773967
	                                           effective interaction Vq = [-2.49995,-2.38718,-2.35499,-2.38718,-2.38718,-2.35499,-2.27819,-2.35499,-2.35499,-2.27819,-2.48834,-2.27819,-2.38718,-2.35499,-2.27819,-2.35499]
	PARPACK diagonalization completed after 30 matrix-vector product operations.
	iteration results: : total energy is -64.768796 | electron energy -65.048874 + phonon energy 0.280078 | electron momentum kIdx = 10
The 23-th iteration is completed.	|| time cost : 0h 0m 20.63s
********************************************************************************************************************
Start the 24 rounds of NGS-ED iteration
	effective electronic model is modified as: kinetic energy t = 0.773966
	                                           effective interaction Vq = [-2.49995,-2.38718,-2.35499,-2.38718,-2.38718,-2.35499,-2.27819,-2.35499,-2.35499,-2.27819,-2.48834,-2.27819,-2.38718,-2.35499,-2.27819,-2.35499]
	PARPACK diagonalization completed after 30 matrix-vector product operations.
	iteration results: : total energy is -64.768796 | electron energy -65.048874 + phonon energy 0.280078 | electron momentum kIdx = 10
The 24-th iteration is completed.	|| time cost : 0h 0m 20.603s
********************************************************************************************************************
Start the 25 rounds of NGS-ED iteration
	effective electronic model is modified as: kinetic energy t = 0.773966
