SNEDics v3.2 diagonalization test program		Start at Sat May  4 13:22:00 2019

parallized on 80 MPI threads  * 6 OpenMP threads = 480 total threads.
************************************************************************************
************************************************************************************

Input file "model_params.in"
Hubbard-Holstein model parameters : 	t = 1    U = 1    g = 0.7071    W = 1    
************************************************************************************
Input file "hilbertspace_params.in"

Cluster Positions:				Cluster symmetry group : D4
 x ... x ... x ... x .....                       x ... x ... x ... x .....
 |           |           :                       |           |           :
 |           |           :                       |           |           :
12    13    14    15     x                       1     5     6     5     x
 |           |           :                       |           |           :
 |           |           :                       |           |           :
 8 --- 9 ---10 ---11 --- x                       2 --- 6 ---10 --- 6 --- x
 |           |           :                       |           |           :
 |           |           :                       |           |           :
 4     5     6     7     x                       1     5     6     5     x
 |           |           :                       |           |           :
 |           |           :                       |           |           :
 0 --- 1 --- 2 --- 3 --- x                       0 --- 1 --- 2 --- 1 --- x
orbital number : 1
************************************************************************************
** NOTE ** Detected low phonon energy W < 10. The initial state will be prepared through a warm-up process.
starting warm-up calculation for scaling factor 16
0 rounds of non-Gaussian ED iteration : ground-state energy is -20.7936 | electron energy -20.7936 + phonon energy 0 | electron momentum kIdx = 0
Nq = 	16	0.302822	0.345909	0.302822	0.302822	0.345909	0.526848	0.345909	0.345909	0.526848	0.574284	0.526848	0.302822	0.345909	0.526848	0.345909
Sq = 	-2.54719e-18	0.397734	0.575092	0.397734	0.397734	0.575092	0.677148	0.575092	0.575092	0.677148	2.2815	0.677148	0.397734	0.575092	0.677148	0.575092
1 rounds of non-Gaussian ED iteration : ground-state energy is -31 | electron energy -31.0003 + phonon energy 0.000308161 | electron momentum kIdx = 0
Nq = 	16	0.3688	0.372472	0.3688	0.3688	0.372472	0.61445	0.372472	0.372472	0.61445	0.619688	0.61445	0.3688	0.372472	0.61445	0.372472
Sq = 	4.04698e-18	0.377433	0.545339	0.377433	0.377433	0.545339	0.630094	0.545339	0.545339	0.630094	1.91034	0.630094	0.377433	0.545339	0.630094	0.545339
2 rounds of non-Gaussian ED iteration : ground-state energy is -31.3812 | electron energy -31.3821 + phonon energy 0.000916911 | electron momentum kIdx = 0
Nq = 	16	0.373253	0.373827	0.373253	0.373253	0.373827	0.620751	0.373827	0.373827	0.620751	0.621984	0.620751	0.373253	0.373827	0.620751	0.373827
Sq = 	2.31244e-18	0.375919	0.543173	0.375919	0.375919	0.543173	0.627008	0.543173	0.543173	0.627008	1.8883	0.627008	0.375919	0.543173	0.627008	0.543173
3 rounds of non-Gaussian ED iteration : ground-state energy is -31.3957 | electron energy -31.3968 + phonon energy 0.00108881 | electron momentum kIdx = 0
Nq = 	16	0.37374	0.373976	0.37374	0.37374	0.373976	0.62149	0.373976	0.373976	0.62149	0.622229	0.62149	0.37374	0.373976	0.62149	0.373976
Sq = 	-8.96273e-18	0.375745	0.542926	0.375745	0.375745	0.542925	0.626659	0.542925	0.542926	0.626659	1.88582	0.626659	0.375745	0.542925	0.626659	0.542925
Ground state is obtained after 4 iterations. The current ground-state energy is -31.3962, in which electron energy is -31.3973 and phonon energy is 0.00111856
final variational state is: 
Gamma_x =       1 1.00227 1.00369 1.00227 1.00227 1.00369 1.00575 1.00369 1.00369 1.00575 1.00683 1.00575 1.00227 1.00369 1.00575 1.00369
lambda_q = 0.176481 0.157336 0.141972 0.157336 0.157336 0.141972 0.144779 0.141972 0.141972 0.144779 0.136658 0.144779 0.157336 0.141972 0.144779 0.141972
o___o  -------------------------------------
| L |	Time since last clock: 0h 24m 7.507s
A===A	Time since the beginning: 0h 24m 7.507s
********************************************

************************************************************************************
starting warm-up calculation for scaling factor 8
0 rounds of non-Gaussian ED iteration : ground-state energy is -30.2227 | electron energy -30.2232 + phonon energy 0.000559281 | electron momentum kIdx = 0
Nq = 	16	0.363288	0.370057	0.363288	0.363288	0.370057	0.605961	0.370057	0.370057	0.605961	0.615116	0.605961	0.363288	0.370057	0.605961	0.370057
Sq = 	2.31176e-18	0.379441	0.548426	0.379441	0.379441	0.548426	0.634477	0.548426	0.548426	0.634477	1.94131	0.634477	0.379441	0.548426	0.634477	0.548426
1 rounds of non-Gaussian ED iteration : ground-state energy is -30.8378 | electron energy -30.8403 + phonon energy 0.00245986 | electron momentum kIdx = 0
Nq = 	16	0.368762	0.371589	0.368762	0.368762	0.371589	0.612389	0.371589	0.371589	0.612389	0.61722	0.612389	0.368762	0.371589	0.612389	0.371589
Sq = 	-6.50404e-18	0.377811	0.546126	0.377811	0.377811	0.546126	0.631084	0.546126	0.546126	0.631084	1.91631	0.631084	0.377811	0.546126	0.631084	0.546126
2 rounds of non-Gaussian ED iteration : ground-state energy is -30.9572 | electron energy -30.9608 + phonon energy 0.00363533 | electron momentum kIdx = 0
Nq = 	16	0.370407	0.372014	0.370407	0.370408	0.372014	0.614339	0.372014	0.372014	0.614339	0.617774	0.614339	0.370408	0.372014	0.614339	0.372014
Sq = 	-1.15602e-18	0.377318	0.54544	0.377318	0.377318	0.545439	0.630078	0.54544	0.54544	0.630078	1.90894	0.630078	0.377318	0.54544	0.630078	0.545439
3 rounds of non-Gaussian ED iteration : ground-state energy is -30.9807 | electron energy -30.9848 + phonon energy 0.00414278 | electron momentum kIdx = 0
Nq = 	16	0.370964	0.372143	0.370964	0.370964	0.372143	0.614982	0.372143	0.372143	0.614982	0.61793	0.614982	0.370964	0.372143	0.614982	0.372143
Sq = 	-3.32473e-18	0.377154	0.545216	0.377154	0.377154	0.545216	0.62975	0.545216	0.545216	0.62975	1.90652	0.62975	0.377154	0.545216	0.62975	0.545216
4 rounds of non-Gaussian ED iteration : ground-state energy is -30.9853 | electron energy -30.9897 + phonon energy 0.00433529 | electron momentum kIdx = 0
Nq = 	16	0.371165	0.372184	0.371165	0.371165	0.372184	0.615202	0.372184	0.372184	0.615202	0.617975	0.615202	0.371165	0.372184	0.615202	0.372184
Sq = 	1.09849e-17	0.377097	0.54514	0.377097	0.377097	0.54514	0.629637	0.54514	0.54514	0.629637	1.90568	0.629637	0.377097	0.54514	0.629637	0.54514
Ground state is obtained after 5 iterations. The current ground-state energy is -30.9863, in which electron energy is -30.9907 and phonon energy is 0.00440452
final variational state is: 
Gamma_x =       1 1.00727 1.01024 1.00727 1.00727 1.01024 1.01633 1.01024 1.01024 1.01633 1.01805 1.01633 1.00727 1.01024 1.01633 1.01024
lambda_q = 0.248651 0.200725 0.168373 0.200725 0.200725 0.168373 0.173896 0.168373 0.168373 0.173896 0.158316 0.173896 0.200725 0.168373 0.173896 0.168373
o___o  -------------------------------------
| L |	Time since last clock: 0h 29m 20.04s
A===A	Time since the beginning: 0h 53m 27.548s
********************************************

************************************************************************************
starting warm-up calculation for scaling factor 4
0 rounds of non-Gaussian ED iteration : ground-state energy is -29.7372 | electron energy -29.7394 + phonon energy 0.00220226 | electron momentum kIdx = 0
Nq = 	16	0.358777	0.367616	0.358777	0.358777	0.367616	0.597461	0.367616	0.367616	0.597461	0.610028	0.597461	0.358777	0.367616	0.597461	0.367616
Sq = 	-6.06538e-18	0.381328	0.551395	0.381328	0.381328	0.551395	0.638676	0.551395	0.551395	0.638676	1.97093	0.638676	0.381328	0.551395	0.638676	0.551395
1 rounds of non-Gaussian ED iteration : ground-state energy is -30.1386 | electron energy -30.1443 + phonon energy 0.00563983 | electron momentum kIdx = 0
Nq = 	16	0.361545	0.368111	0.361545	0.361545	0.368111	0.599706	0.368111	0.368111	0.599706	0.610259	0.599706	0.361545	0.368111	0.599706	0.368111
Sq = 	-4.61436e-18	0.380685	0.550567	0.380685	0.380685	0.550567	0.637357	0.550567	0.550567	0.637357	1.96051	0.637357	0.380685	0.550567	0.637357	0.550567
2 rounds of non-Gaussian ED iteration : ground-state energy is -30.3171 | electron energy -30.3253 + phonon energy 0.00817104 | electron momentum kIdx = 0
Nq = 	16	0.363023	0.368349	0.363023	0.363023	0.368349	0.600902	0.368349	0.368349	0.600902	0.610405	0.600902	0.363023	0.368349	0.600902	0.368349
Sq = 	1.15346e-18	0.380341	0.550127	0.380341	0.380341	0.550127	0.636661	0.550127	0.550127	0.636661	1.95502	0.636661	0.380341	0.550127	0.636661	0.550127
3 rounds of non-Gaussian ED iteration : ground-state energy is -30.3967 | electron energy -30.4065 + phonon energy 0.00974965 | electron momentum kIdx = 0
Nq = 	16	0.363832	0.368467	0.363832	0.363832	0.368467	0.601549	0.368467	0.368467	0.601549	0.610491	0.601549	0.363832	0.368467	0.601549	0.368467
Sq = 	-1.31458e-17	0.380155	0.549891	0.380155	0.380155	0.549891	0.636288	0.549891	0.549891	0.636288	1.95207	0.636288	0.380155	0.549891	0.636288	0.549891
4 rounds of non-Gaussian ED iteration : ground-state energy is -30.4323 | electron energy -30.443 + phonon energy 0.0106722 | electron momentum kIdx = 0
Nq = 	16	0.364282	0.368525	0.364282	0.364282	0.368525	0.6019	0.368525	0.368525	0.6019	0.610538	0.6019	0.364282	0.368525	0.6019	0.368525
Sq = 	-1.60329e-17	0.380052	0.549762	0.380052	0.380052	0.549762	0.636084	0.549762	0.549762	0.636084	1.95046	0.636084	0.380052	0.549762	0.636084	0.549762
5 rounds of non-Gaussian ED iteration : ground-state energy is -30.4482 | electron energy -30.4594 + phonon energy 0.011195 | electron momentum kIdx = 0
Nq = 	16	0.364536	0.368555	0.364536	0.364536	0.368555	0.602092	0.368555	0.368555	0.602092	0.610565	0.602092	0.364536	0.368555	0.602092	0.368555
Sq = 	-7.65637e-18	0.379995	0.549692	0.379995	0.379995	0.549692	0.635972	0.549692	0.549692	0.635972	1.94957	0.635972	0.379995	0.549692	0.635972	0.549692
6 rounds of non-Gaussian ED iteration : ground-state energy is -30.4554 | electron energy -30.4669 + phonon energy 0.0114868 | electron momentum kIdx = 0
Nq = 	16	0.36468	0.36857	0.36468	0.36468	0.36857	0.602197	0.36857	0.36857	0.602197	0.610579	0.602197	0.36468	0.36857	0.602197	0.36857
Sq = 	-6.93419e-18	0.379964	0.549653	0.379964	0.379964	0.549653	0.635911	0.549653	0.549653	0.635911	1.94908	0.635911	0.379964	0.549653	0.635911	0.549653
7 rounds of non-Gaussian ED iteration : ground-state energy is -30.4586 | electron energy -30.4702 + phonon energy 0.0116483 | electron momentum kIdx = 0
Nq = 	16	0.364762	0.368577	0.364762	0.364762	0.368577	0.602255	0.368577	0.368577	0.602255	0.610587	0.602255	0.364762	0.368577	0.602255	0.368577
Sq = 	-1.00858e-18	0.379946	0.549631	0.379946	0.379946	0.549631	0.635876	0.549631	0.549631	0.635876	1.9488	0.635876	0.379946	0.549631	0.635876	0.549631
8 rounds of non-Gaussian ED iteration : ground-state energy is -30.46 | electron energy -30.4718 + phonon energy 0.0117373 | electron momentum kIdx = 0
Nq = 	16	0.364809	0.368581	0.364809	0.364809	0.368581	0.602287	0.368581	0.368581	0.602287	0.610591	0.602287	0.364809	0.368581	0.602287	0.368581
Sq = 	6.35629e-18	0.379936	0.549619	0.379936	0.379936	0.549619	0.635857	0.549619	0.549619	0.635857	1.94865	0.635857	0.379936	0.549619	0.635857	0.549619
Ground state is obtained after 9 iterations. The current ground-state energy is -30.4607, in which electron energy is -30.4725 and phonon energy is 0.0117863
final variational state is: 
Gamma_x =       1 1.02015 1.02325 1.02015 1.02015 1.02325 1.03807 1.02325 1.02325 1.03807 1.03867 1.03807 1.02015 1.02325 1.03807 1.02325
lambda_q = 0.350684  0.23765 0.180389  0.23765  0.23765 0.180389 0.189182 0.180389 0.180389 0.189182 0.165086 0.189182  0.23765 0.180389 0.189182 0.180389
o___o  -------------------------------------
| L |	Time since last clock: 0h 49m 52.311s
A===A	Time since the beginning: 1h 43m 19.859s
********************************************

************************************************************************************
starting warm-up calculation for scaling factor 2
0 rounds of non-Gaussian ED iteration : ground-state energy is -29.1963 | electron energy -29.2022 + phonon energy 0.00589317 | electron momentum kIdx = 0
Nq = 	16	0.351009	0.363795	0.351009	0.351009	0.363795	0.584288	0.363795	0.363795	0.584288	0.602776	0.584288	0.351009	0.363795	0.584288	0.363795
Sq = 	-2.30965e-18	0.384284	0.555941	0.384284	0.384284	0.555941	0.645309	0.555941	0.555941	0.645309	2.01925	0.645309	0.384284	0.555941	0.645309	0.555941
1 rounds of non-Gaussian ED iteration : ground-state energy is -29.4371 | electron energy -29.4472 + phonon energy 0.0101454 | electron momentum kIdx = 0
Nq = 	16	0.351442	0.363514	0.351442	0.351442	0.363514	0.583506	0.363514	0.363514	0.583506	0.601829	0.583506	0.351442	0.363514	0.583506	0.363514
Sq = 	1.51863e-19	0.384374	0.55617	0.384374	0.384374	0.55617	0.645563	0.55617	0.55617	0.645563	2.02053	0.645563	0.384374	0.55617	0.645563	0.55617
2 rounds of non-Gaussian ED iteration : ground-state energy is -29.5966 | electron energy -29.6098 + phonon energy 0.013269 | electron momentum kIdx = 0
Nq = 	16	0.351779	0.363368	0.351779	0.351779	0.363368	0.583148	0.363368	0.363368	0.583148	0.601407	0.583148	0.351779	0.363368	0.583148	0.363368
Sq = 	-2.5941e-18	0.384402	0.556265	0.384402	0.384402	0.556265	0.645656	0.556265	0.556265	0.645656	2.02085	0.645656	0.384402	0.556265	0.645656	0.556265
3 rounds of non-Gaussian ED iteration : ground-state energy is -29.7029 | electron energy -29.7183 + phonon energy 0.0154192 | electron momentum kIdx = 0
Nq = 	16	0.352038	0.363294	0.352038	0.352038	0.363294	0.583006	0.363294	0.363294	0.583006	0.60123	0.583006	0.352038	0.363294	0.583006	0.363294
Sq = 	8.22055e-18	0.384401	0.556296	0.384401	0.384401	0.556296	0.645673	0.556296	0.556296	0.645673	2.02076	0.645673	0.384401	0.556296	0.645673	0.556296
4 rounds of non-Gaussian ED iteration : ground-state energy is -29.774 | electron energy -29.7909 + phonon energy 0.0168729 | electron momentum kIdx = 0
Nq = 	16	0.352235	0.363259	0.352235	0.352235	0.363259	0.582966	0.363259	0.363259	0.582966	0.601162	0.582966	0.352235	0.363259	0.582966	0.363259
Sq = 	-6.19962e-18	0.384389	0.556297	0.384389	0.384389	0.556297	0.645658	0.556297	0.556297	0.645659	2.02051	0.645659	0.384389	0.556297	0.645658	0.556297
5 rounds of non-Gaussian ED iteration : ground-state energy is -29.8216 | electron energy -29.8395 + phonon energy 0.0178554 | electron momentum kIdx = 0
Nq = 	16	0.352384	0.363243	0.352384	0.352384	0.363243	0.582971	0.363243	0.363243	0.582971	0.601141	0.582971	0.352384	0.363243	0.582971	0.363243
Sq = 	-5.47092e-18	0.384374	0.556288	0.384374	0.384374	0.556288	0.645633	0.556288	0.556288	0.645633	2.02023	0.645633	0.384374	0.556288	0.645633	0.556288
6 rounds of non-Gaussian ED iteration : ground-state energy is -29.8535 | electron energy -29.872 + phonon energy 0.0185238 | electron momentum kIdx = 0
Nq = 	16	0.352495	0.363236	0.352495	0.352495	0.363236	0.582993	0.363236	0.363236	0.582993	0.601139	0.582993	0.352495	0.363236	0.582993	0.363236
Sq = 	-6.48296e-18	0.38436	0.556275	0.38436	0.38436	0.556275	0.645607	0.556275	0.556275	0.645607	2.01997	0.645607	0.38436	0.556275	0.645607	0.556275
7 rounds of non-Gaussian ED iteration : ground-state energy is -29.8749 | electron energy -29.8938 + phonon energy 0.0189825 | electron momentum kIdx = 0
Nq = 	16	0.352577	0.363235	0.352577	0.352577	0.363235	0.583019	0.363235	0.363235	0.583019	0.601143	0.583019	0.352577	0.363235	0.583019	0.363235
Sq = 	-4.32864e-18	0.384348	0.556263	0.384348	0.384348	0.556263	0.645584	0.556263	0.556263	0.645584	2.01976	0.645584	0.384348	0.556263	0.645584	0.556263
8 rounds of non-Gaussian ED iteration : ground-state energy is -29.8892 | electron energy -29.9085 + phonon energy 0.0193 | electron momentum kIdx = 0
Nq = 	16	0.352639	0.363235	0.352639	0.352639	0.363235	0.583043	0.363235	0.363235	0.583043	0.601149	0.583043	0.352639	0.363235	0.583043	0.363235
Sq = 	-3.45641e-18	0.384338	0.556252	0.384338	0.384338	0.556252	0.645565	0.556252	0.556252	0.645565	2.01959	0.645565	0.384338	0.556252	0.645565	0.556252
9 rounds of non-Gaussian ED iteration : ground-state energy is -29.8988 | electron energy -29.9183 + phonon energy 0.0195216 | electron momentum kIdx = 0
Nq = 	16	0.352684	0.363236	0.352684	0.352684	0.363236	0.583063	0.363236	0.363236	0.583063	0.601154	0.583063	0.352684	0.363236	0.583063	0.363236
Sq = 	7.1895e-19	0.384331	0.556244	0.384331	0.384331	0.556244	0.64555	0.556244	0.556244	0.64555	2.01946	0.64555	0.384331	0.556244	0.64555	0.556244
10 rounds of non-Gaussian ED iteration : ground-state energy is -29.9052 | electron energy -29.9249 + phonon energy 0.0196773 | electron momentum kIdx = 0
Nq = 	16	0.352717	0.363237	0.352717	0.352717	0.363237	0.58308	0.363237	0.363237	0.58308	0.601159	0.58308	0.352717	0.363237	0.58308	0.363237
Sq = 	2.74372e-18	0.384325	0.556237	0.384325	0.384325	0.556237	0.645539	0.556237	0.556237	0.645539	2.01936	0.645539	0.384325	0.556237	0.645539	0.556237
11 rounds of non-Gaussian ED iteration : ground-state energy is -29.9095 | electron energy -29.9293 + phonon energy 0.0197873 | electron momentum kIdx = 0
Nq = 	16	0.352741	0.363238	0.352741	0.352741	0.363238	0.583092	0.363238	0.363238	0.583092	0.601162	0.583092	0.352741	0.363238	0.583092	0.363238
Sq = 	8.49691e-18	0.38432	0.556233	0.38432	0.38432	0.556233	0.64553	0.556233	0.556233	0.64553	2.01928	0.64553	0.38432	0.556233	0.64553	0.556233
12 rounds of non-Gaussian ED iteration : ground-state energy is -29.9124 | electron energy -29.9323 + phonon energy 0.0198654 | electron momentum kIdx = 0
Nq = 	16	0.352759	0.363238	0.352759	0.352759	0.363238	0.583102	0.363238	0.363238	0.583102	0.601164	0.583102	0.352759	0.363238	0.583102	0.363238
Sq = 	8.19857e-18	0.384317	0.556229	0.384317	0.384317	0.556229	0.645524	0.556229	0.556229	0.645524	2.01923	0.645524	0.384317	0.556229	0.645524	0.556229
13 rounds of non-Gaussian ED iteration : ground-state energy is -29.9143 | electron energy -29.9342 + phonon energy 0.019921 | electron momentum kIdx = 0
Nq = 	16	0.352772	0.363239	0.352772	0.352772	0.363239	0.583109	0.363239	0.363239	0.583109	0.601166	0.583109	0.352772	0.363239	0.583109	0.363239
Sq = 	-1.12267e-17	0.384315	0.556226	0.384315	0.384315	0.556226	0.645519	0.556226	0.556226	0.645519	2.01918	0.645519	0.384315	0.556226	0.645519	0.556226
14 rounds of non-Gaussian ED iteration : ground-state energy is -29.9156 | electron energy -29.9356 + phonon energy 0.0199608 | electron momentum kIdx = 0
Nq = 	16	0.352782	0.36324	0.352782	0.352782	0.36324	0.583114	0.36324	0.36324	0.583114	0.601168	0.583114	0.352782	0.36324	0.583114	0.36324
Sq = 	3.17465e-18	0.384313	0.556224	0.384313	0.384313	0.556224	0.645516	0.556224	0.556224	0.645516	2.01915	0.645516	0.384313	0.556224	0.645516	0.556224
Ground state is obtained after 15 iterations. The current ground-state energy is -29.9165, in which electron energy is -29.9365 and phonon energy is 0.0199892
final variational state is: 
Gamma_x =       1 1.04487 1.04172 1.04487 1.04487 1.04172 1.06971 1.04172 1.04172 1.06971 1.06587 1.06971 1.04487 1.04172 1.06971 1.04172
lambda_q = 0.492561 0.251997 0.171469 0.251997 0.251997 0.171469 0.182243 0.171469 0.171469 0.182243 0.153237 0.182243 0.251997 0.171469 0.182243 0.171469
o___o  -------------------------------------
| L |	Time since last clock: 1h 20m 24.448s
A===A	Time since the beginning: 3h 3m 44.308s
********************************************

************************************************************************************
Warm up completed
o___o  -------------------------------------
| L |	Time since last clock: 0h 0m 0.028s
A===A	Time since the beginning: 3h 3m 44.335s
********************************************

************************************************************************************
0 rounds of non-Gaussian ED iteration : ground-state energy is -28.7125 | electron energy -28.7225 + phonon energy 0.0099946 | electron momentum kIdx = 0
Nq = 	16	0.339772	0.358987	0.339772	0.339772	0.358987	0.567987	0.358987	0.358987	0.567987	0.594549	0.567987	0.339772	0.358987	0.567987	0.358987
Sq = 	-1.09336e-17	0.388017	0.561494	0.388017	0.388017	0.561494	0.653811	0.561494	0.561494	0.653811	2.08422	0.653811	0.388017	0.561494	0.653811	0.561494
1 rounds of non-Gaussian ED iteration : ground-state energy is -28.8603 | electron energy -28.8737 + phonon energy 0.0134328 | electron momentum kIdx = 0
Nq = 	16	0.338963	0.358407	0.338963	0.338963	0.358407	0.566107	0.358407	0.358407	0.566107	0.59331	0.566107	0.338963	0.358407	0.566107	0.358407
Sq = 	-7.16702e-18	0.388397	0.562104	0.388397	0.388397	0.562104	0.654713	0.562104	0.562104	0.654713	2.09091	0.654713	0.388397	0.562104	0.654713	0.562104
2 rounds of non-Gaussian ED iteration : ground-state energy is -28.9748 | electron energy -28.9907 + phonon energy 0.0158695 | electron momentum kIdx = 0
Nq = 	16	0.338401	0.358046	0.338401	0.338401	0.358046	0.564944	0.358046	0.358046	0.564944	0.592651	0.564944	0.338401	0.358046	0.564944	0.358046
Sq = 	-8.19471e-18	0.388637	0.562478	0.388637	0.388637	0.562478	0.655277	0.562478	0.562478	0.655277	2.09516	0.655277	0.388637	0.562478	0.655277	0.562478
3 rounds of non-Gaussian ED iteration : ground-state energy is -29.0663 | electron energy -29.0838 + phonon energy 0.0175603 | electron momentum kIdx = 0
Nq = 	16	0.338016	0.357825	0.338016	0.338016	0.357825	0.564232	0.357825	0.357825	0.564232	0.592307	0.564232	0.338016	0.357825	0.564232	0.357825
Sq = 	-4.4611e-18	0.388787	0.562707	0.388787	0.388787	0.562707	0.655628	0.562707	0.562707	0.655628	2.09785	0.655628	0.388787	0.562707	0.655628	0.562707
4 rounds of non-Gaussian ED iteration : ground-state energy is -29.1403 | electron energy -29.159 + phonon energy 0.018733 | electron momentum kIdx = 0
Nq = 	16	0.337755	0.357691	0.337755	0.337755	0.357691	0.5638	0.357691	0.357691	0.5638	0.59213	0.5638	0.337755	0.357691	0.5638	0.357691
Sq = 	4.43193e-18	0.388881	0.562845	0.388881	0.388881	0.562845	0.655845	0.562845	0.562845	0.655845	2.09953	0.655845	0.388881	0.562845	0.655845	0.562845
5 rounds of non-Gaussian ED iteration : ground-state energy is -29.2006 | electron energy -29.2201 + phonon energy 0.0195544 | electron momentum kIdx = 0
Nq = 	16	0.337579	0.35761	0.337579	0.337579	0.35761	0.56354	0.35761	0.35761	0.56354	0.592041	0.56354	0.337579	0.35761	0.56354	0.35761
Sq = 	-2.87715e-18	0.388939	0.562929	0.388939	0.388939	0.562929	0.655979	0.562929	0.562929	0.655979	2.10058	0.655979	0.388939	0.562929	0.655979	0.562929
6 rounds of non-Gaussian ED iteration : ground-state energy is -29.2498 | electron energy -29.27 + phonon energy 0.0201383 | electron momentum kIdx = 0
Nq = 	16	0.337462	0.357561	0.337462	0.337462	0.357561	0.563385	0.357561	0.357561	0.563385	0.591997	0.563385	0.337462	0.357561	0.563385	0.357561
Sq = 	1.2628e-17	0.388975	0.562979	0.388975	0.388975	0.562979	0.65606	0.562979	0.562979	0.65606	2.10124	0.65606	0.388975	0.562979	0.65606	0.562979
7 rounds of non-Gaussian ED iteration : ground-state energy is -29.2901 | electron energy -29.3106 + phonon energy 0.0205608 | electron momentum kIdx = 0
Nq = 	16	0.337384	0.357532	0.337384	0.337384	0.357532	0.563293	0.357532	0.357532	0.563293	0.591977	0.563293	0.337384	0.357532	0.563293	0.357532
Sq = 	8.06549e-18	0.388996	0.563009	0.388996	0.388996	0.563009	0.65611	0.563009	0.563009	0.65611	2.10164	0.65611	0.388996	0.563009	0.65611	0.563009
8 rounds of non-Gaussian ED iteration : ground-state energy is -29.323 | electron energy -29.3439 + phonon energy 0.0208722 | electron momentum kIdx = 0
Nq = 	16	0.337334	0.357514	0.337334	0.337334	0.357514	0.56324	0.357514	0.357514	0.56324	0.591968	0.56324	0.337334	0.357514	0.56324	0.357514
Sq = 	6.99832e-19	0.38901	0.563027	0.38901	0.38901	0.563027	0.65614	0.563027	0.563027	0.65614	2.10189	0.65614	0.38901	0.563027	0.65614	0.563027
9 rounds of non-Gaussian ED iteration : ground-state energy is -29.35 | electron energy -29.3711 + phonon energy 0.0211059 | electron momentum kIdx = 0
Nq = 	16	0.337302	0.357504	0.337302	0.337302	0.357504	0.563209	0.357504	0.357504	0.563209	0.591965	0.563209	0.337302	0.357504	0.563209	0.357504
Sq = 	3.88369e-18	0.389017	0.563037	0.389017	0.389017	0.563037	0.656158	0.563037	0.563037	0.656158	2.10203	0.656158	0.389017	0.563037	0.656158	0.563037
10 rounds of non-Gaussian ED iteration : ground-state energy is -29.3721 | electron energy -29.3933 + phonon energy 0.0212844 | electron momentum kIdx = 0
Nq = 	16	0.337283	0.357499	0.337283	0.337283	0.357499	0.563193	0.357499	0.357499	0.563193	0.591965	0.563193	0.337283	0.357499	0.563193	0.357499
Sq = 	-3.13786e-18	0.389022	0.563043	0.389022	0.389022	0.563043	0.656168	0.563043	0.563043	0.656168	2.10212	0.656168	0.389022	0.563043	0.656168	0.563043
11 rounds of non-Gaussian ED iteration : ground-state energy is -29.3901 | electron energy -29.4115 + phonon energy 0.0214228 | electron momentum kIdx = 0
Nq = 	16	0.337271	0.357495	0.337271	0.337271	0.357495	0.563185	0.357495	0.357495	0.563185	0.591966	0.563185	0.337271	0.357495	0.563185	0.357495
Sq = 	9.467e-18	0.389024	0.563046	0.389024	0.389024	0.563046	0.656174	0.563046	0.563046	0.656174	2.10217	0.656174	0.389024	0.563046	0.656174	0.563046
12 rounds of non-Gaussian ED iteration : ground-state energy is -29.4049 | electron energy -29.4264 + phonon energy 0.0215316 | electron momentum kIdx = 0
Nq = 	16	0.337265	0.357494	0.337265	0.337265	0.357494	0.563181	0.357494	0.357494	0.563181	0.591967	0.563181	0.337265	0.357494	0.563181	0.357494
Sq = 	-1.29163e-17	0.389025	0.563048	0.389025	0.389025	0.563048	0.656177	0.563048	0.563048	0.656177	2.10219	0.656177	0.389025	0.563048	0.656177	0.563048
13 rounds of non-Gaussian ED iteration : ground-state energy is -29.417 | electron energy -29.4386 + phonon energy 0.0216182 | electron momentum kIdx = 0
Nq = 	16	0.337262	0.357493	0.337262	0.337262	0.357493	0.56318	0.357493	0.357493	0.56318	0.591969	0.56318	0.337262	0.357493	0.56318	0.357493
Sq = 	8.7215e-18	0.389026	0.563048	0.389026	0.389026	0.563048	0.656178	0.563048	0.563048	0.656178	2.1022	0.656178	0.389026	0.563048	0.656178	0.563048
14 rounds of non-Gaussian ED iteration : ground-state energy is -29.4269 | electron energy -29.4486 + phonon energy 0.0216878 | electron momentum kIdx = 0
Nq = 	16	0.337262	0.357493	0.337262	0.337262	0.357493	0.563181	0.357493	0.357493	0.563181	0.59197	0.563181	0.337262	0.357493	0.563181	0.357493
Sq = 	1.73288e-17	0.389026	0.563048	0.389026	0.389026	0.563048	0.656178	0.563048	0.563048	0.656178	2.1022	0.656178	0.389026	0.563048	0.656178	0.563048
15 rounds of non-Gaussian ED iteration : ground-state energy is -29.4351 | electron energy -29.4568 + phonon energy 0.0217442 | electron momentum kIdx = 0
Nq = 	16	0.337262	0.357492	0.337262	0.337262	0.357492	0.563182	0.357492	0.357492	0.563182	0.591972	0.563182	0.337262	0.357492	0.563182	0.357492
Sq = 	-9.45512e-18	0.389026	0.563048	0.389026	0.389026	0.563048	0.656177	0.563048	0.563048	0.656177	2.1022	0.656177	0.389026	0.563048	0.656177	0.563048
16 rounds of non-Gaussian ED iteration : ground-state energy is -29.4417 | electron energy -29.4635 + phonon energy 0.0217903 | electron momentum kIdx = 0
Nq = 	16	0.337264	0.357493	0.337264	0.337264	0.357493	0.563184	0.357493	0.357493	0.563184	0.591973	0.563184	0.337264	0.357493	0.563184	0.357493
Sq = 	-7.78468e-18	0.389025	0.563047	0.389025	0.389025	0.563047	0.656176	0.563047	0.563047	0.656176	2.10219	0.656176	0.389025	0.563047	0.656176	0.563047
17 rounds of non-Gaussian ED iteration : ground-state energy is -29.4472 | electron energy -29.469 + phonon energy 0.0218281 | electron momentum kIdx = 0
Nq = 	16	0.337266	0.357493	0.337266	0.337266	0.357493	0.563186	0.357493	0.357493	0.563186	0.591974	0.563186	0.337266	0.357493	0.563186	0.357493
Sq = 	-1.42337e-18	0.389025	0.563047	0.389025	0.389025	0.563047	0.656175	0.563047	0.563047	0.656175	2.10218	0.656175	0.389025	0.563047	0.656175	0.563047
18 rounds of non-Gaussian ED iteration : ground-state energy is -29.4516 | electron energy -29.4735 + phonon energy 0.0218593 | electron momentum kIdx = 0
Nq = 	16	0.337268	0.357493	0.337268	0.337268	0.357493	0.563187	0.357493	0.357493	0.563187	0.591975	0.563187	0.337268	0.357493	0.563187	0.357493
Sq = 	-4.74055e-18	0.389024	0.563046	0.389024	0.389024	0.563046	0.656175	0.563046	0.563046	0.656175	2.10218	0.656175	0.389024	0.563046	0.656175	0.563046
19 rounds of non-Gaussian ED iteration : ground-state energy is -29.4553 | electron energy -29.4771 + phonon energy 0.0218852 | electron momentum kIdx = 0
Nq = 	16	0.33727	0.357493	0.33727	0.33727	0.357493	0.563189	0.357493	0.357493	0.563189	0.591976	0.563189	0.33727	0.357493	0.563189	0.357493
Sq = 	3.90372e-18	0.389024	0.563046	0.389024	0.389024	0.563046	0.656174	0.563046	0.563046	0.656174	2.10217	0.656174	0.389024	0.563046	0.656174	0.563046
20 rounds of non-Gaussian ED iteration : ground-state energy is -29.4582 | electron energy -29.4801 + phonon energy 0.0219067 | electron momentum kIdx = 0
Nq = 	16	0.337271	0.357493	0.337271	0.337271	0.357493	0.56319	0.357493	0.357493	0.56319	0.591976	0.56319	0.337271	0.357493	0.56319	0.357493
Sq = 	-1.63486e-17	0.389023	0.563045	0.389023	0.389023	0.563045	0.656173	0.563045	0.563045	0.656173	2.10216	0.656173	0.389023	0.563045	0.656173	0.563045
21 rounds of non-Gaussian ED iteration : ground-state energy is -29.4607 | electron energy -29.4826 + phonon energy 0.0219246 | electron momentum kIdx = 0
Nq = 	16	0.337273	0.357493	0.337273	0.337273	0.357493	0.563192	0.357493	0.357493	0.563192	0.591977	0.563192	0.337273	0.357493	0.563192	0.357493
Sq = 	7.58532e-18	0.389023	0.563045	0.389023	0.389023	0.563045	0.656172	0.563045	0.563045	0.656172	2.10215	0.656172	0.389023	0.563045	0.656172	0.563045
22 rounds of non-Gaussian ED iteration : ground-state energy is -29.4627 | electron energy -29.4846 + phonon energy 0.0219395 | electron momentum kIdx = 0
Nq = 	16	0.337275	0.357494	0.337275	0.337275	0.357494	0.563193	0.357494	0.357494	0.563193	0.591977	0.563193	0.337275	0.357494	0.563193	0.357494
Sq = 	3.44829e-18	0.389023	0.563044	0.389023	0.389023	0.563044	0.656171	0.563044	0.563044	0.656171	2.10215	0.656171	0.389023	0.563044	0.656171	0.563044
23 rounds of non-Gaussian ED iteration : ground-state energy is -29.4643 | electron energy -29.4863 + phonon energy 0.021952 | electron momentum kIdx = 0
Nq = 	16	0.337276	0.357494	0.337276	0.337276	0.357494	0.563194	0.357494	0.357494	0.563194	0.591978	0.563194	0.337276	0.357494	0.563194	0.357494
Sq = 	4.30081e-19	0.389022	0.563044	0.389022	0.389022	0.563044	0.656171	0.563044	0.563044	0.656171	2.10214	0.656171	0.389022	0.563044	0.656171	0.563044
24 rounds of non-Gaussian ED iteration : ground-state energy is -29.4657 | electron energy -29.4876 + phonon energy 0.0219625 | electron momentum kIdx = 0
Nq = 	16	0.337277	0.357494	0.337277	0.337277	0.357494	0.563194	0.357494	0.357494	0.563194	0.591978	0.563194	0.337277	0.357494	0.563194	0.357494
Sq = 	1.03175e-18	0.389022	0.563044	0.389022	0.389022	0.563044	0.65617	0.563044	0.563044	0.65617	2.10214	0.65617	0.389022	0.563044	0.65617	0.563044
25 rounds of non-Gaussian ED iteration : ground-state energy is -29.4668 | electron energy -29.4887 + phonon energy 0.0219713 | electron momentum kIdx = 0
Nq = 	16	0.337278	0.357494	0.337278	0.337278	0.357494	0.563195	0.357494	0.357494	0.563195	0.591978	0.563195	0.337278	0.357494	0.563195	0.357494
Sq = 	1.22038e-17	0.389022	0.563044	0.389022	0.389022	0.563043	0.65617	0.563043	0.563043	0.65617	2.10213	0.65617	0.389022	0.563043	0.65617	0.563043
26 rounds of non-Gaussian ED iteration : ground-state energy is -29.4677 | electron energy -29.4896 + phonon energy 0.0219787 | electron momentum kIdx = 0
Nq = 	16	0.337279	0.357494	0.337279	0.337279	0.357494	0.563196	0.357494	0.357494	0.563196	0.591979	0.563196	0.337279	0.357494	0.563196	0.357494
Sq = 	7.15261e-18	0.389022	0.563043	0.389022	0.389022	0.563043	0.65617	0.563043	0.563043	0.65617	2.10213	0.65617	0.389022	0.563043	0.65617	0.563043
27 rounds of non-Gaussian ED iteration : ground-state energy is -29.4684 | electron energy -29.4904 + phonon energy 0.0219849 | electron momentum kIdx = 0
Nq = 	16	0.33728	0.357494	0.33728	0.33728	0.357494	0.563196	0.357494	0.357494	0.563196	0.591979	0.563196	0.33728	0.357494	0.563196	0.357494
Sq = 	7.30055e-18	0.389022	0.563043	0.389022	0.389022	0.563043	0.656169	0.563043	0.563043	0.656169	2.10213	0.656169	0.389022	0.563043	0.656169	0.563043
28 rounds of non-Gaussian ED iteration : ground-state energy is -29.469 | electron energy -29.491 + phonon energy 0.0219901 | electron momentum kIdx = 0
Nq = 	16	0.337281	0.357494	0.337281	0.337281	0.357494	0.563197	0.357494	0.357494	0.563197	0.591979	0.563197	0.337281	0.357494	0.563197	0.357494
Sq = 	-3.00698e-18	0.389022	0.563043	0.389022	0.389022	0.563043	0.656169	0.563043	0.563043	0.656169	2.10213	0.656169	0.389022	0.563043	0.656169	0.563043
29 rounds of non-Gaussian ED iteration : ground-state energy is -29.4695 | electron energy -29.4915 + phonon energy 0.0219944 | electron momentum kIdx = 0
Nq = 	16	0.337281	0.357494	0.337281	0.337282	0.357494	0.563197	0.357494	0.357494	0.563197	0.591979	0.563197	0.337282	0.357494	0.563197	0.357494
Sq = 	-1.56955e-18	0.389021	0.563043	0.389021	0.389021	0.563043	0.656169	0.563043	0.563043	0.656169	2.10212	0.656169	0.389021	0.563043	0.656169	0.563043
30 rounds of non-Gaussian ED iteration : ground-state energy is -29.4699 | electron energy -29.4919 + phonon energy 0.0219981 | electron momentum kIdx = 0
Nq = 	16	0.337282	0.357494	0.337282	0.337282	0.357494	0.563197	0.357494	0.357494	0.563197	0.591979	0.563197	0.337282	0.357494	0.563197	0.357494
Sq = 	-6.18518e-18	0.389021	0.563043	0.389021	0.389021	0.563043	0.656168	0.563043	0.563043	0.656168	2.10212	0.656168	0.389021	0.563043	0.656168	0.563043
31 rounds of non-Gaussian ED iteration : ground-state energy is -29.4702 | electron energy -29.4922 + phonon energy 0.0220012 | electron momentum kIdx = 0
Nq = 	16	0.337282	0.357494	0.337282	0.337282	0.357494	0.563198	0.357494	0.357494	0.563198	0.591979	0.563198	0.337282	0.357494	0.563198	0.357494
Sq = 	7.05399e-19	0.389021	0.563043	0.389021	0.389021	0.563043	0.656168	0.563043	0.563043	0.656168	2.10212	0.656168	0.389021	0.563043	0.656168	0.563043
32 rounds of non-Gaussian ED iteration : ground-state energy is -29.4705 | electron energy -29.4925 + phonon energy 0.0220039 | electron momentum kIdx = 0
Nq = 	16	0.337283	0.357494	0.337283	0.337283	0.357494	0.563198	0.357494	0.357494	0.563198	0.591979	0.563198	0.337283	0.357494	0.563198	0.357494
Sq = 	-1.27151e-18	0.389021	0.563043	0.389021	0.389021	0.563043	0.656168	0.563043	0.563043	0.656168	2.10212	0.656168	0.389021	0.563043	0.656168	0.563043
33 rounds of non-Gaussian ED iteration : ground-state energy is -29.4707 | electron energy -29.4927 + phonon energy 0.0220061 | electron momentum kIdx = 0
Nq = 	16	0.337283	0.357494	0.337283	0.337283	0.357494	0.563198	0.357494	0.357494	0.563198	0.59198	0.563198	0.337283	0.357494	0.563198	0.357494
Sq = 	-4.71776e-18	0.389021	0.563042	0.389021	0.389021	0.563042	0.656168	0.563042	0.563042	0.656168	2.10212	0.656168	0.389021	0.563042	0.656168	0.563042
34 rounds of non-Gaussian ED iteration : ground-state energy is -29.4709 | electron energy -29.4929 + phonon energy 0.0220079 | electron momentum kIdx = 0
Nq = 	16	0.337283	0.357494	0.337283	0.337283	0.357494	0.563198	0.357494	0.357494	0.563198	0.59198	0.563198	0.337283	0.357494	0.563198	0.357494
Sq = 	-1.37741e-17	0.389021	0.563042	0.389021	0.389021	0.563042	0.656168	0.563042	0.563042	0.656168	2.10212	0.656168	0.389021	0.563042	0.656168	0.563042
35 rounds of non-Gaussian ED iteration : ground-state energy is -29.4711 | electron energy -29.4931 + phonon energy 0.0220095 | electron momentum kIdx = 0
Nq = 	16	0.337284	0.357494	0.337284	0.337284	0.357494	0.563198	0.357494	0.357494	0.563198	0.59198	0.563198	0.337284	0.357494	0.563198	0.357494
Sq = 	2.16504e-18	0.389021	0.563042	0.389021	0.389021	0.563042	0.656168	0.563042	0.563042	0.656168	2.10212	0.656168	0.389021	0.563042	0.656168	0.563042
36 rounds of non-Gaussian ED iteration : ground-state energy is -29.4712 | electron energy -29.4932 + phonon energy 0.0220108 | electron momentum kIdx = 0
Nq = 	16	0.337284	0.357494	0.337284	0.337284	0.357494	0.563198	0.357494	0.357494	0.563198	0.59198	0.563198	0.337284	0.357494	0.563198	0.357494
Sq = 	2.43777e-18	0.389021	0.563042	0.389021	0.389021	0.563042	0.656168	0.563042	0.563042	0.656168	2.10212	0.656168	0.389021	0.563042	0.656168	0.563042
37 rounds of non-Gaussian ED iteration : ground-state energy is -29.4713 | electron energy -29.4933 + phonon energy 0.0220119 | electron momentum kIdx = 0
Nq = 	16	0.337284	0.357494	0.337284	0.337284	0.357494	0.563199	0.357494	0.357494	0.563199	0.59198	0.563199	0.337284	0.357494	0.563199	0.357494
Sq = 	-1.49173e-19	0.389021	0.563042	0.389021	0.389021	0.563042	0.656168	0.563042	0.563042	0.656168	2.10212	0.656168	0.389021	0.563042	0.656168	0.563042
38 rounds of non-Gaussian ED iteration : ground-state energy is -29.4714 | electron energy -29.4934 + phonon energy 0.0220129 | electron momentum kIdx = 0
Nq = 	16	0.337284	0.357494	0.337284	0.337284	0.357494	0.563199	0.357494	0.357494	0.563199	0.59198	0.563199	0.337284	0.357494	0.563199	0.357494
Sq = 	1.39453e-17	0.389021	0.563042	0.389021	0.389021	0.563042	0.656168	0.563042	0.563042	0.656168	2.10211	0.656168	0.389021	0.563042	0.656168	0.563042
39 rounds of non-Gaussian ED iteration : ground-state energy is -29.4714 | electron energy -29.4934 + phonon energy 0.0220136 | electron momentum kIdx = 0
Nq = 	16	0.337284	0.357494	0.337284	0.337284	0.357494	0.563199	0.357494	0.357494	0.563199	0.59198	0.563199	0.337284	0.357494	0.563199	0.357494
Sq = 	-1.83831e-18	0.389021	0.563042	0.389021	0.389021	0.563042	0.656168	0.563042	0.563042	0.656168	2.10211	0.656168	0.389021	0.563042	0.656168	0.563042
40 rounds of non-Gaussian ED iteration : ground-state energy is -29.4715 | electron energy -29.4935 + phonon energy 0.0220143 | electron momentum kIdx = 0
Nq = 	16	0.337284	0.357494	0.337284	0.337284	0.357494	0.563199	0.357494	0.357494	0.563199	0.59198	0.563199	0.337284	0.357494	0.563199	0.357494
Sq = 	4.15463e-18	0.389021	0.563042	0.389021	0.389021	0.563042	0.656168	0.563042	0.563042	0.656168	2.10211	0.656168	0.389021	0.563042	0.656168	0.563042
41 rounds of non-Gaussian ED iteration : ground-state energy is -29.4715 | electron energy -29.4935 + phonon energy 0.0220149 | electron momentum kIdx = 0
Nq = 	16	0.337284	0.357494	0.337284	0.337284	0.357494	0.563199	0.357494	0.357494	0.563199	0.59198	0.563199	0.337284	0.357494	0.563199	0.357494
Sq = 	-1.26242e-18	0.389021	0.563042	0.389021	0.389021	0.563042	0.656168	0.563042	0.563042	0.656168	2.10211	0.656168	0.389021	0.563042	0.656168	0.563042
42 rounds of non-Gaussian ED iteration : ground-state energy is -29.4716 | electron energy -29.4936 + phonon energy 0.0220154 | electron momentum kIdx = 0
Nq = 	16	0.337285	0.357494	0.337285	0.337285	0.357494	0.563199	0.357494	0.357494	0.563199	0.59198	0.563199	0.337285	0.357494	0.563199	0.357494
Sq = 	-8.20416e-18	0.389021	0.563042	0.389021	0.389021	0.563042	0.656167	0.563042	0.563042	0.656167	2.10211	0.656167	0.389021	0.563042	0.656167	0.563042
43 rounds of non-Gaussian ED iteration : ground-state energy is -29.4716 | electron energy -29.4936 + phonon energy 0.0220158 | electron momentum kIdx = 0
Nq = 	16	0.337285	0.357495	0.337285	0.337285	0.357494	0.563199	0.357494	0.357494	0.563199	0.59198	0.563199	0.337285	0.357494	0.563199	0.357494
Sq = 	2.96618e-18	0.389021	0.563042	0.389021	0.389021	0.563042	0.656167	0.563042	0.563042	0.656167	2.10211	0.656167	0.389021	0.563042	0.656167	0.563042
44 rounds of non-Gaussian ED iteration : ground-state energy is -29.4716 | electron energy -29.4936 + phonon energy 0.0220161 | electron momentum kIdx = 0
