SNEDics v3.4 Non-Gaussian ED ground state program		Start at Tue Oct  1 12:05:44 2019

parallized on 16 MPI threads  * 8 OpenMP threads = 128 total threads.
********************************************************************************************************************
********************************************************************************************************************

********************************************************************************************************************
System parameters and configurations
********************************************************************************************************************
Special program options are enabled: splitted diagonal Hamiltonian
********************************************************************************************************************
Read input file "model_params.in"
	Hubbard-Holstein model parameters : 	t = 1    U = 4.1    g = 4    W = 5    
********************************************************************************************************************
Read input file "hilbertspace_params.in"
	Requested 16-site 2D lattice, with 16 electrons (8, 8)
	Boundary : Periodic		Hilbert space representation : momentum-space (restricted to kIdx = 0)
	Conservation: particle number[U(1)]      spin[U(1)]     momentum
********************************************************************************************************************

Cluster Positions:				Cluster symmetry group : D4
 x ... x ... x ... x .....                       x ... x ... x ... x .....
 |           |           :                       |           |           :
 |           |           :                       |           |           :
12    13    14    15     x                       1     5     6     5     x
 |           |           :                       |           |           :
 |           |           :                       |           |           :
 8 --- 9 ---10 ---11 --- x                       2 --- 6 ---10 --- 6 --- x
 |           |           :                       |           |           :
 |           |           :                       |           |           :
 4     5     6     7     x                       1     5     6     5     x
 |           |           :                       |           |           :
 |           |           :                       |           |           :
 0 --- 1 --- 2 --- 3 --- x                       0 --- 1 --- 2 --- 1 --- x
orbital number : 1
********************************************************************************************************************
Read input file "obs_params.in"
	Observable Type : Nq(All),   Sq(All),   N(All),   Delta[s](All),   Delta[d](All),   Delta[s+](All)
********************************************************************************************************************
** WARNING ** the input observables have non-local factors which have been reinterpreted. The total observable number is 96
********************************************************************************************************************


********************************************************************************************************************
Start calculating the non-Gaussian ED ground state
** WARNING ** Detected low phonon energy W < 10. The initial state will be prepared through a warm-up process.
********************************************************************************************************************
Start warm-up calculation for scaling factor 2
open output files: NGSEDWarmUpW10Obs.txt
********************************************************************************************************************
Start the 0 rounds of NGS-ED iteration
	effective electronic model is modified as: kinetic energy t = 1
	                                           effective interaction Vq = [-0,-0,-0,-0,-0,-0,-0,-0,-0,-0,-0,-0,-0,-0,-0,-0]
	first Hamiltonian is constructed, non-zero numbers = 2845383612
	PARPACK diagonalization completed after 90 matrix-vector product operations.
	iteration results: : total energy is -13.439319 | electron energy -13.439319 + phonon energy 0.000000 | electron momentum kIdx = 0
	Nq(0) = 16,	Nq(1) = 0.153932,	Nq(2) = 0.229221,	Nq(3) = 0.153932,	Nq(4) = 0.153932,	Nq(5) = 0.229221,	Nq(6) = 0.311837,	Nq(7) = 0.229221,	Nq(8) = 0.229221,	Nq(9) = 0.311837,	Nq(10) = 0.379138,	Nq(11) = 0.311837,	Nq(12) = 0.153932,	Nq(13) = 0.229221,	Nq(14) = 0.311837,	Nq(15) = 0.229221,	Sq(0) = -3.73258e-18,	Sq(1) = 0.427186,	Sq(2) = 0.624572,	Sq(3) = 0.427186,	Sq(4) = 0.427186,	Sq(5) = 0.624572,	Sq(6) = 0.808187,	Sq(7) = 0.624572,	Sq(8) = 0.624572,	Sq(9) = 0.808187,	Sq(10) = 3.69354,	Sq(11) = 0.808187,	Sq(12) = 0.427186,	Sq(13) = 0.624572,	Sq(14) = 0.808187,	Sq(15) = 0.624572,	N(0) = 1.92779,	N(1) = 1.83956,	N(2) = 1,	N(3) = 1.83956,	N(4) = 1.83956,	N(5) = 1,	N(6) = 0.16044,	N(7) = 1,	N(8) = 1,	N(9) = 0.16044,	N(10) = 0.0722099,	N(11) = 0.16044,	N(12) = 1.83956,	N(13) = 1,	N(14) = 0.16044,	N(15) = 1,	Delta[s](0) = 0.168237,	Delta[s](1) = 0.143926,	Delta[s](2) = 0.114177,	Delta[s](3) = 0.143926,	Delta[s](4) = 0.143926,	Delta[s](5) = 0.114177,	Delta[s](6) = 0.0869834,	Delta[s](7) = 0.114177,	Delta[s](8) = 0.114177,	Delta[s](9) = 0.0869834,	Delta[s](10) = 0.0318364,	Delta[s](11) = 0.0869834,	Delta[s](12) = 0.143926,	Delta[s](13) = 0.114177,	Delta[s](14) = 0.0869834,	Delta[s](15) = 0.114177,	Delta[d](0) = 0.557112,	Delta[d](1) = 0.383008,	Delta[d](2) = 0.307683,	Delta[d](3) = 0.383008,	Delta[d](4) = 0.383008,	Delta[d](5) = 0.326374,	Delta[d](6) = 0.23637,	Delta[d](7) = 0.326374,	Delta[d](8) = 0.307683,	Delta[d](9) = 0.23637,	Delta[d](10) = 0.105834,	Delta[d](11) = 0.23637,	Delta[d](12) = 0.383008,	Delta[d](13) = 0.326374,	Delta[d](14) = 0.23637,	Delta[d](15) = 0.326374,	Delta[s+](0) = 0.58793,	Delta[s+](1) = 0.467027,	Delta[s+](2) = 0.307683,	Delta[s+](3) = 0.467027,	Delta[s+](4) = 0.467027,	Delta[s+](5) = 0.307683,	Delta[s+](6) = 0.155384,	Delta[s+](7) = 0.307683,	Delta[s+](8) = 0.307683,	Delta[s+](9) = 0.155384,	Delta[s+](10) = 0.0396089,	Delta[s+](11) = 0.155384,	Delta[s+](12) = 0.467027,	Delta[s+](13) = 0.307683,	Delta[s+](14) = 0.155384,	Delta[s+](15) = 0.307683
The 0-th iteration is completed.	|| time cost : 0h 8m 19.117s
********************************************************************************************************************
Start the 1 rounds of NGS-ED iteration
	effective electronic model is modified as: kinetic energy t = 0.921251
	                                           effective interaction Vq = [-2.76693, -2.5199,-2.43883, -2.5199, -2.5199,-2.43883,-2.40824,-2.43883,-2.43883,-2.40824,-2.37673,-2.40824, -2.5199,-2.43883,-2.40824,-2.43883]
	PARPACK diagonalization completed after 75 matrix-vector product operations.
	iteration results: : total energy is -70.053985 | electron energy -70.060012 + phonon energy 0.006027 | electron momentum kIdx = 0
The 1-th iteration is completed.	|| time cost : 0h 8m 0.362s
********************************************************************************************************************
Start the 2 rounds of NGS-ED iteration
	effective electronic model is modified as: kinetic energy t = 0.847897
	                                           effective interaction Vq = [-3.14139,-3.02411,-3.00347,-3.02411,-3.02411,-3.00347,-2.92556,-3.00347,-3.00347,-2.92556,-2.93701,-2.92556,-3.02411,-3.00347,-2.92556,-3.00347]
	PARPACK diagonalization completed after 60 matrix-vector product operations.
	iteration results: : total energy is -79.884796 | electron energy -79.937588 + phonon energy 0.052792 | electron momentum kIdx = 0
The 2-th iteration is completed.	|| time cost : 0h 0m 37.1s
********************************************************************************************************************
Start the 3 rounds of NGS-ED iteration
	effective electronic model is modified as: kinetic energy t = 0.816531
	                                           effective interaction Vq = [-3.19207,-3.12678,-3.11503,-3.12678,-3.12678,-3.11503,-3.05227,-3.11503,-3.11503,-3.05227,-3.09622,-3.05227,-3.12678,-3.11503,-3.05227,-3.11503]
	PARPACK diagonalization completed after 45 matrix-vector product operations.
	iteration results: : total energy is -81.292946 | electron energy -81.386306 + phonon energy 0.093359 | electron momentum kIdx = 0
The 3-th iteration is completed.	|| time cost : 0h 0m 32.33s
********************************************************************************************************************
Start the 4 rounds of NGS-ED iteration
	effective electronic model is modified as: kinetic energy t = 0.806126
	                                           effective interaction Vq = [-3.19893, -3.1497,-3.13055, -3.1497, -3.1497,-3.13055,-3.08528,-3.13055,-3.13055,-3.08528,-3.16337,-3.08528, -3.1497,-3.13055,-3.08528,-3.13055]
	PARPACK diagonalization completed after 45 matrix-vector product operations.
	iteration results: : total energy is -81.573009 | electron energy -81.685449 + phonon energy 0.112440 | electron momentum kIdx = 0
The 4-th iteration is completed.	|| time cost : 0h 0m 32.063s
********************************************************************************************************************
Start the 5 rounds of NGS-ED iteration
	effective electronic model is modified as: kinetic energy t = 0.809854
	                                           effective interaction Vq = [-3.19985,-3.14531,-3.09773,-3.14531,-3.14531,-3.09773,-3.07889,-3.09773,-3.09773,-3.07889,-3.18741,-3.07889,-3.14531,-3.09773,-3.07889,-3.09773]
	PARPACK diagonalization completed after 45 matrix-vector product operations.
	iteration results: : total energy is -81.686821 | electron energy -81.802801 + phonon energy 0.115980 | electron momentum kIdx = 0
The 5-th iteration is completed.	|| time cost : 0h 0m 32.122s
********************************************************************************************************************
Start the 6 rounds of NGS-ED iteration
	effective electronic model is modified as: kinetic energy t = 0.815676
	                                           effective interaction Vq = [-3.19998, -3.1343,-3.06039, -3.1343, -3.1343,-3.06039,-3.06362,-3.06039,-3.06039,-3.06362,-3.19373,-3.06362, -3.1343,-3.06039,-3.06362,-3.06039]
	PARPACK diagonalization completed after 45 matrix-vector product operations.
	iteration results: : total energy is -81.723469 | electron energy -81.836796 + phonon energy 0.113327 | electron momentum kIdx = 0
The 6-th iteration is completed.	|| time cost : 0h 0m 32.075s
********************************************************************************************************************
Start the 7 rounds of NGS-ED iteration
	effective electronic model is modified as: kinetic energy t = 0.819159
	                                           effective interaction Vq = [    -3.2,-3.12583,-3.03873,-3.12583,-3.12583,-3.03873,-3.05233,-3.03873,-3.03873,-3.05233,-3.19555,-3.05233,-3.12583,-3.03873,-3.05233,-3.03873]
	PARPACK diagonalization completed after 30 matrix-vector product operations.
	iteration results: : total energy is -81.732014 | electron energy -81.842456 + phonon energy 0.110442 | electron momentum kIdx = 0
The 7-th iteration is completed.	|| time cost : 0h 0m 27.324s
********************************************************************************************************************
Start the 8 rounds of NGS-ED iteration
	effective electronic model is modified as: kinetic energy t = 0.820941
	                                           effective interaction Vq = [    -3.2,-3.12075,-3.02826,-3.12075,-3.12075,-3.02826, -3.0457,-3.02826,-3.02826, -3.0457,-3.19617, -3.0457,-3.12075,-3.02826, -3.0457,-3.02826]
	PARPACK diagonalization completed after 30 matrix-vector product operations.
	iteration results: : total energy is -81.733874 | electron energy -81.842479 + phonon energy 0.108605 | electron momentum kIdx = 0
The 8-th iteration is completed.	|| time cost : 0h 0m 27.614s
********************************************************************************************************************
Start the 9 rounds of NGS-ED iteration
	effective electronic model is modified as: kinetic energy t = 0.821816
	                                           effective interaction Vq = [    -3.2,  -3.118,-3.02344,  -3.118,  -3.118,-3.02344,-3.04214,-3.02344,-3.02344,-3.04214,-3.19639,-3.04214,  -3.118,-3.02344,-3.04214,-3.02344]
	PARPACK diagonalization completed after 30 matrix-vector product operations.
	iteration results: : total energy is -81.734281 | electron energy -81.841883 + phonon energy 0.107602 | electron momentum kIdx = 0
The 9-th iteration is completed.	|| time cost : 0h 0m 27.327s
********************************************************************************************************************
Start the 10 rounds of NGS-ED iteration
	effective electronic model is modified as: kinetic energy t = 0.822239
	                                           effective interaction Vq = [    -3.2,-3.11658,-3.02124,-3.11658,-3.11658,-3.02124,-3.04031,-3.02124,-3.02124,-3.04031,-3.19648,-3.04031,-3.11658,-3.02124,-3.04031,-3.02124]
	PARPACK diagonalization completed after 30 matrix-vector product operations.
	iteration results: : total energy is -81.734372 | electron energy -81.841460 + phonon energy 0.107088 | electron momentum kIdx = 0
	Nq(0) = 16,	Nq(1) = 0.287826,	Nq(2) = 0.353245,	Nq(3) = 0.287826,	Nq(4) = 0.287826,	Nq(5) = 0.353245,	Nq(6) = 0.558141,	Nq(7) = 0.353245,	Nq(8) = 0.353245,	Nq(9) = 0.558141,	Nq(10) = 5.95949,	Nq(11) = 0.558141,	Nq(12) = 0.287826,	Nq(13) = 0.353245,	Nq(14) = 0.558141,	Nq(15) = 0.353245,	Sq(0) = -2.89551e-19,	Sq(1) = 0.206006,	Sq(2) = 0.279501,	Sq(3) = 0.206006,	Sq(4) = 0.206006,	Sq(5) = 0.279501,	Sq(6) = 0.392958,	Sq(7) = 0.279501,	Sq(8) = 0.279501,	Sq(9) = 0.392958,	Sq(10) = 0.464319,	Sq(11) = 0.392958,	Sq(12) = 0.206006,	Sq(13) = 0.279501,	Sq(14) = 0.392958,	Sq(15) = 0.279501,	N(0) = 1.96513,	N(1) = 1.90934,	N(2) = 1,	N(3) = 1.90934,	N(4) = 1.90934,	N(5) = 1,	N(6) = 0.0906604,	N(7) = 1,	N(8) = 1,	N(9) = 0.0906604,	N(10) = 0.0348736,	N(11) = 0.0906604,	N(12) = 1.90934,	N(13) = 1,	N(14) = 0.0906604,	N(15) = 1,	Delta[s](0) = 0.529426,	Delta[s](1) = 0.384128,	Delta[s](2) = 0.360729,	Delta[s](3) = 0.384128,	Delta[s](4) = 0.384128,	Delta[s](5) = 0.360729,	Delta[s](6) = 0.30894,	Delta[s](7) = 0.360729,	Delta[s](8) = 0.360729,	Delta[s](9) = 0.30894,	Delta[s](10) = 0.26534,	Delta[s](11) = 0.30894,	Delta[s](12) = 0.384128,	Delta[s](13) = 0.360729,	Delta[s](14) = 0.30894,	Delta[s](15) = 0.360729,	Delta[d](0) = 0.202675,	Delta[d](1) = 0.188388,	Delta[d](2) = 0.193644,	Delta[d](3) = 0.188388,	Delta[d](4) = 0.188388,	Delta[d](5) = 0.129738,	Delta[d](6) = 0.151487,	Delta[d](7) = 0.129738,	Delta[d](8) = 0.193644,	Delta[d](9) = 0.151487,	Delta[d](10) = 0.0568816,	Delta[d](11) = 0.151487,	Delta[d](12) = 0.188388,	Delta[d](13) = 0.129738,	Delta[d](14) = 0.151487,	Delta[d](15) = 0.129738,	Delta[s+](0) = 0.37347,	Delta[s+](1) = 0.297743,	Delta[s+](2) = 0.193644,	Delta[s+](3) = 0.297743,	Delta[s+](4) = 0.297743,	Delta[s+](5) = 0.193644,	Delta[s+](6) = 0.0869893,	Delta[s+](7) = 0.193644,	Delta[s+](8) = 0.193644,	Delta[s+](9) = 0.0869893,	Delta[s+](10) = 0.031869,	Delta[s+](11) = 0.0869893,	Delta[s+](12) = 0.297743,	Delta[s+](13) = 0.193644,	Delta[s+](14) = 0.0869893,	Delta[s+](15) = 0.193644
The 10-th iteration is completed.	|| time cost : 0h 4m 37.372s
********************************************************************************************************************
Start the 11 rounds of NGS-ED iteration
	effective electronic model is modified as: kinetic energy t = 0.822442
	                                           effective interaction Vq = [    -3.2,-3.11588,-3.02024,-3.11588,-3.11588,-3.02024,-3.03939,-3.02024,-3.02024,-3.03939,-3.19652,-3.03939,-3.11588,-3.02024,-3.03939,-3.02024]
	PARPACK diagonalization completed after 30 matrix-vector product operations.
	iteration results: : total energy is -81.734392 | electron energy -81.841224 + phonon energy 0.106832 | electron momentum kIdx = 0
The 11-th iteration is completed.	|| time cost : 0h 0m 27.639s
********************************************************************************************************************
Start the 12 rounds of NGS-ED iteration
	effective electronic model is modified as: kinetic energy t = 0.82254
	                                           effective interaction Vq = [    -3.2,-3.11553,-3.01977,-3.11553,-3.11553,-3.01977,-3.03894,-3.01977,-3.01977,-3.03894,-3.19653,-3.03894,-3.11553,-3.01977,-3.03894,-3.01977]
	PARPACK diagonalization completed after 30 matrix-vector product operations.
	iteration results: : total energy is -81.734397 | electron energy -81.841104 + phonon energy 0.106707 | electron momentum kIdx = 0
	Nq(0) = 16,	Nq(1) = 0.287289,	Nq(2) = 0.352798,	Nq(3) = 0.287289,	Nq(4) = 0.287289,	Nq(5) = 0.352798,	Nq(6) = 0.557317,	Nq(7) = 0.352798,	Nq(8) = 0.352798,	Nq(9) = 0.557317,	Nq(10) = 5.9682,	Nq(11) = 0.557317,	Nq(12) = 0.287289,	Nq(13) = 0.352798,	Nq(14) = 0.557317,	Nq(15) = 0.352798,	Sq(0) = -4.9985e-20,	Sq(1) = 0.205946,	Sq(2) = 0.279462,	Sq(3) = 0.205946,	Sq(4) = 0.205946,	Sq(5) = 0.279462,	Sq(6) = 0.392928,	Sq(7) = 0.279462,	Sq(8) = 0.279462,	Sq(9) = 0.392928,	Sq(10) = 0.464321,	Sq(11) = 0.392928,	Sq(12) = 0.205946,	Sq(13) = 0.279462,	Sq(14) = 0.392928,	Sq(15) = 0.279462,	N(0) = 1.96511,	N(1) = 1.90921,	N(2) = 1,	N(3) = 1.90921,	N(4) = 1.90921,	N(5) = 1,	N(6) = 0.0907932,	N(7) = 1,	N(8) = 1,	N(9) = 0.0907932,	N(10) = 0.0348862,	N(11) = 0.0907932,	N(12) = 1.90921,	N(13) = 1,	N(14) = 0.0907932,	N(15) = 1,	Delta[s](0) = 0.528749,	Delta[s](1) = 0.384183,	Delta[s](2) = 0.360765,	Delta[s](3) = 0.384183,	Delta[s](4) = 0.384183,	Delta[s](5) = 0.360765,	Delta[s](6) = 0.309012,	Delta[s](7) = 0.360765,	Delta[s](8) = 0.360765,	Delta[s](9) = 0.309012,	Delta[s](10) = 0.26558,	Delta[s](11) = 0.309012,	Delta[s](12) = 0.384183,	Delta[s](13) = 0.360765,	Delta[s](14) = 0.309012,	Delta[s](15) = 0.360765,	Delta[d](0) = 0.20252,	Delta[d](1) = 0.188228,	Delta[d](2) = 0.193552,	Delta[d](3) = 0.188228,	Delta[d](4) = 0.188228,	Delta[d](5) = 0.129582,	Delta[d](6) = 0.151316,	Delta[d](7) = 0.129582,	Delta[d](8) = 0.193552,	Delta[d](9) = 0.151316,	Delta[d](10) = 0.0567215,	Delta[d](11) = 0.151316,	Delta[d](12) = 0.188228,	Delta[d](13) = 0.129582,	Delta[d](14) = 0.151316,	Delta[d](15) = 0.129582,	Delta[s+](0) = 0.373473,	Delta[s+](1) = 0.297673,	Delta[s+](2) = 0.193552,	Delta[s+](3) = 0.297673,	Delta[s+](4) = 0.297673,	Delta[s+](5) = 0.193552,	Delta[s+](6) = 0.0868781,	Delta[s+](7) = 0.193552,	Delta[s+](8) = 0.193552,	Delta[s+](9) = 0.0868781,	Delta[s+](10) = 0.0317931,	Delta[s+](11) = 0.0868781,	Delta[s+](12) = 0.297673,	Delta[s+](13) = 0.193552,	Delta[s+](14) = 0.0868781,	Delta[s+](15) = 0.193552
The 12-th iteration is completed.	|| time cost : 0h 4m 45.702s
********************************************************************************************************************
********************************************************************************************************************
Ground state is obtained after 13 iterations. The current ground-state energy is -81.7344, in which electron energy is -81.8411 and phonon energy is 0.106707
final variational state is: 
	Gamma_x = [      1,1.02537,1.04174,1.02537,1.02537,1.04174,1.06406,1.04174,1.04174,1.06406,1.12876,1.06406,1.02537,1.04174,1.06406,1.04174]
	lambda_q = [0.565684,0.473686,0.431356,0.473686,0.473686,0.431356, 0.43869,0.431356,0.431356, 0.43869,0.547082, 0.43869,0.473686,0.431356, 0.43869,0.431356]
********************************************************************************************************************
o___o  ----------------------------------------
| L |	Time since last clock: 0h 0m 0s
A===A	Time since the beginning: 0h 30m 18.152s
***********************************************


********************************************************************************************************************
Warm up runs have been completed. Start calculating W = 5 phonon.
open output files: NGSEDIterationObs.txt
********************************************************************************************************************
Start the 0 rounds of NGS-ED iteration
	effective electronic model is modified as: kinetic energy t = 0.822587
	                                           effective interaction Vq = [-2.92548, -2.6676,-2.52051, -2.6676, -2.6676,-2.52051,-2.54728,-2.52051,-2.52051,-2.54728,-2.88016,-2.54728, -2.6676,-2.52051,-2.54728,-2.52051]
	PARPACK diagonalization completed after 45 matrix-vector product operations.
	iteration results: : total energy is -72.952192 | electron energy -73.005515 + phonon energy 0.053323 | electron momentum kIdx = 0
	Nq(0) = 16,	Nq(1) = 0.271078,	Nq(2) = 0.332368,	Nq(3) = 0.271078,	Nq(4) = 0.271078,	Nq(5) = 0.332368,	Nq(6) = 0.513789,	Nq(7) = 0.332368,	Nq(8) = 0.332368,	Nq(9) = 0.513789,	Nq(10) = 5.85661,	Nq(11) = 0.513789,	Nq(12) = 0.271078,	Nq(13) = 0.332368,	Nq(14) = 0.513789,	Nq(15) = 0.332368,	Sq(0) = 4.09823e-18,	Sq(1) = 0.231003,	Sq(2) = 0.302697,	Sq(3) = 0.231003,	Sq(4) = 0.231003,	Sq(5) = 0.302697,	Sq(6) = 0.438985,	Sq(7) = 0.302697,	Sq(8) = 0.302697,	Sq(9) = 0.438985,	Sq(10) = 0.513584,	Sq(11) = 0.438985,	Sq(12) = 0.231003,	Sq(13) = 0.302697,	Sq(14) = 0.438985,	Sq(15) = 0.302697,	N(0) = 1.97764,	N(1) = 1.93246,	N(2) = 1,	N(3) = 1.93246,	N(4) = 1.93246,	N(5) = 1,	N(6) = 0.0675448,	N(7) = 1,	N(8) = 1,	N(9) = 0.0675448,	N(10) = 0.0223602,	N(11) = 0.0675448,	N(12) = 1.93246,	N(13) = 1,	N(14) = 0.0675448,	N(15) = 1,	Delta[s](0) = 0.439567,	Delta[s](1) = 0.364356,	Delta[s](2) = 0.347306,	Delta[s](3) = 0.364356,	Delta[s](4) = 0.364356,	Delta[s](5) = 0.347306,	Delta[s](6) = 0.307354,	Delta[s](7) = 0.347306,	Delta[s](8) = 0.347306,	Delta[s](9) = 0.307354,	Delta[s](10) = 0.2849,	Delta[s](11) = 0.307354,	Delta[s](12) = 0.364356,	Delta[s](13) = 0.347306,	Delta[s](14) = 0.307354,	Delta[s](15) = 0.347306,	Delta[d](0) = 0.207404,	Delta[d](1) = 0.196525,	Delta[d](2) = 0.205304,	Delta[d](3) = 0.196525,	Delta[d](4) = 0.196525,	Delta[d](5) = 0.133299,	Delta[d](6) = 0.157787,	Delta[d](7) = 0.133299,	Delta[d](8) = 0.205304,	Delta[d](9) = 0.157787,	Delta[d](10) = 0.0591046,	Delta[d](11) = 0.157787,	Delta[d](12) = 0.196525,	Delta[d](13) = 0.133299,	Delta[d](14) = 0.157787,	Delta[d](15) = 0.133299,	Delta[s+](0) = 0.408664,	Delta[s+](1) = 0.31835,	Delta[s+](2) = 0.205304,	Delta[s+](3) = 0.31835,	Delta[s+](4) = 0.31835,	Delta[s+](5) = 0.205304,	Delta[s+](6) = 0.0910627,	Delta[s+](7) = 0.205304,	Delta[s+](8) = 0.205304,	Delta[s+](9) = 0.0910627,	Delta[s+](10) = 0.0335127,	Delta[s+](11) = 0.0910627,	Delta[s+](12) = 0.31835,	Delta[s+](13) = 0.205304,	Delta[s+](14) = 0.0910627,	Delta[s+](15) = 0.205304
The 0-th iteration is completed.	|| time cost : 0h 4m 26.197s
********************************************************************************************************************
Start the 1 rounds of NGS-ED iteration
	effective electronic model is modified as: kinetic energy t = 0.799386
	                                           effective interaction Vq = [-3.09901,-2.81514,-2.62999,-2.81514,-2.81514,-2.62999,-2.66306,-2.62999,-2.62999,-2.66306,-3.07661,-2.66306,-2.81514,-2.62999,-2.66306,-2.62999]
	PARPACK diagonalization completed after 30 matrix-vector product operations.
	iteration results: : total energy is -76.949375 | electron energy -77.115558 + phonon energy 0.166182 | electron momentum kIdx = 0
The 1-th iteration is completed.	|| time cost : 0h 0m 27.337s
********************************************************************************************************************
Start the 2 rounds of NGS-ED iteration
	effective electronic model is modified as: kinetic energy t = 0.790317
	                                           effective interaction Vq = [-3.16285,-2.85303,-2.66502,-2.85303,-2.85303,-2.66502,-2.69435,-2.66502,-2.66502,-2.69435,-3.15221,-2.69435,-2.85303,-2.66502,-2.69435,-2.66502]
	PARPACK diagonalization completed after 30 matrix-vector product operations.
	iteration results: : total energy is -78.417381 | electron energy -78.651595 + phonon energy 0.234214 | electron momentum kIdx = 0
The 2-th iteration is completed.	|| time cost : 0h 0m 27.617s
********************************************************************************************************************
Start the 3 rounds of NGS-ED iteration
	effective electronic model is modified as: kinetic energy t = 0.787881
	                                           effective interaction Vq = [-3.18633,-2.85396,-2.67055,-2.85396,-2.85396,-2.67055,-2.69462,-2.67055,-2.67055,-2.69462,-3.17932,-2.69462,-2.85396,-2.67055,-2.69462,-2.67055]
	PARPACK diagonalization completed after 30 matrix-vector product operations.
	iteration results: : total energy is -78.933677 | electron energy -79.199403 + phonon energy 0.265725 | electron momentum kIdx = 0
The 3-th iteration is completed.	|| time cost : 0h 0m 27.342s
********************************************************************************************************************
Start the 4 rounds of NGS-ED iteration
	effective electronic model is modified as: kinetic energy t = 0.787845
	                                           effective interaction Vq = [-3.19497,-2.84549,-2.66702,-2.84549,-2.84549,-2.66702,-2.68672,-2.66702,-2.66702,-2.68672,-3.18924,-2.68672,-2.84549,-2.66702,-2.68672,-2.66702]
	PARPACK diagonalization completed after 30 matrix-vector product operations.
	iteration results: : total energy is -79.112811 | electron energy -79.391844 + phonon energy 0.279033 | electron momentum kIdx = 0
The 4-th iteration is completed.	|| time cost : 0h 0m 27.371s
********************************************************************************************************************
Start the 5 rounds of NGS-ED iteration
	effective electronic model is modified as: kinetic energy t = 0.788504
	                                           effective interaction Vq = [-3.19815, -2.8364,-2.66173, -2.8364, -2.8364,-2.66173,-2.67819,-2.66173,-2.66173,-2.67819,-3.19314,-2.67819, -2.8364,-2.66173,-2.67819,-2.66173]
	PARPACK diagonalization completed after 30 matrix-vector product operations.
	iteration results: : total energy is -79.175261 | electron energy -79.459356 + phonon energy 0.284095 | electron momentum kIdx = 0
The 5-th iteration is completed.	|| time cost : 0h 0m 27.327s
********************************************************************************************************************
Start the 6 rounds of NGS-ED iteration
	effective electronic model is modified as: kinetic energy t = 0.789253
	                                           effective interaction Vq = [-3.19932,-2.82891,-2.65689,-2.82891,-2.82891,-2.65689,-2.67107,-2.65689,-2.65689,-2.67107, -3.1948,-2.67107,-2.82891,-2.65689,-2.67107,-2.65689]
	PARPACK diagonalization completed after 30 matrix-vector product operations.
	iteration results: : total energy is -79.197307 | electron energy -79.482851 + phonon energy 0.285544 | electron momentum kIdx = 0
The 6-th iteration is completed.	|| time cost : 0h 0m 27.63s
********************************************************************************************************************
Start the 7 rounds of NGS-ED iteration
	effective electronic model is modified as: kinetic energy t = 0.789903
	                                           effective interaction Vq = [-3.19975,-2.82328,-2.65303,-2.82328,-2.82328,-2.65303,-2.66562,-2.65303,-2.65303,-2.66562,-3.19557,-2.66562,-2.82328,-2.65303,-2.66562,-2.65303]
	PARPACK diagonalization completed after 30 matrix-vector product operations.
	iteration results: : total energy is -79.205200 | electron energy -79.490715 + phonon energy 0.285515 | electron momentum kIdx = 0
The 7-th iteration is completed.	|| time cost : 0h 0m 27.591s
********************************************************************************************************************
Start the 8 rounds of NGS-ED iteration
	effective electronic model is modified as: kinetic energy t = 0.790412
	                                           effective interaction Vq = [-3.19991, -2.8192,-2.65013, -2.8192, -2.8192,-2.65013,-2.66161,-2.65013,-2.65013,-2.66161,-3.19594,-2.66161, -2.8192,-2.65013,-2.66161,-2.65013]
	PARPACK diagonalization completed after 30 matrix-vector product operations.
	iteration results: : total energy is -79.208063 | electron energy -79.493042 + phonon energy 0.284979 | electron momentum kIdx = 0
The 8-th iteration is completed.	|| time cost : 0h 0m 27.341s
********************************************************************************************************************
Start the 9 rounds of NGS-ED iteration
	effective electronic model is modified as: kinetic energy t = 0.790793
	                                           effective interaction Vq = [-3.19997,-2.81631,-2.64802,-2.81631,-2.81631,-2.64802,-2.65873,-2.64802,-2.64802,-2.65873,-3.19613,-2.65873,-2.81631,-2.64802,-2.65873,-2.64802]
	PARPACK diagonalization completed after 30 matrix-vector product operations.
	iteration results: : total energy is -79.209114 | electron energy -79.493465 + phonon energy 0.284351 | electron momentum kIdx = 0
The 9-th iteration is completed.	|| time cost : 0h 0m 27.637s
********************************************************************************************************************
Start the 10 rounds of NGS-ED iteration
	effective electronic model is modified as: kinetic energy t = 0.79107
	                                           effective interaction Vq = [-3.19999,-2.81429, -2.6465,-2.81429,-2.81429, -2.6465,-2.65669, -2.6465, -2.6465,-2.65669,-3.19622,-2.65669,-2.81429, -2.6465,-2.65669, -2.6465]
	PARPACK diagonalization completed after 30 matrix-vector product operations.
	iteration results: : total energy is -79.209503 | electron energy -79.493293 + phonon energy 0.283790 | electron momentum kIdx = 0
	Nq(0) = 16,	Nq(1) = 0.181442,	Nq(2) = 0.263824,	Nq(3) = 0.181442,	Nq(4) = 0.181442,	Nq(5) = 0.263824,	Nq(6) = 0.386731,	Nq(7) = 0.263824,	Nq(8) = 0.263824,	Nq(9) = 0.386731,	Nq(10) = 8.28642,	Nq(11) = 0.386731,	Nq(12) = 0.181442,	Nq(13) = 0.263824,	Nq(14) = 0.386731,	Nq(15) = 0.263824,	Sq(0) = -2.52554e-18,	Sq(1) = 0.161112,	Sq(2) = 0.240514,	Sq(3) = 0.161112,	Sq(4) = 0.161112,	Sq(5) = 0.240514,	Sq(6) = 0.338626,	Sq(7) = 0.240514,	Sq(8) = 0.240514,	Sq(9) = 0.338626,	Sq(10) = 0.415902,	Sq(11) = 0.338626,	Sq(12) = 0.161112,	Sq(13) = 0.240514,	Sq(14) = 0.338626,	Sq(15) = 0.240514,	N(0) = 1.93878,	N(1) = 1.823,	N(2) = 1,	N(3) = 1.823,	N(4) = 1.823,	N(5) = 1,	N(6) = 0.176997,	N(7) = 1,	N(8) = 1,	N(9) = 0.176997,	N(10) = 0.0612164,	N(11) = 0.176997,	N(12) = 1.823,	N(13) = 1,	N(14) = 0.176997,	N(15) = 1,	Delta[s](0) = 0.452543,	Delta[s](1) = 0.400968,	Delta[s](2) = 0.379961,	Delta[s](3) = 0.400968,	Delta[s](4) = 0.400968,	Delta[s](5) = 0.379961,	Delta[s](6) = 0.351523,	Delta[s](7) = 0.379961,	Delta[s](8) = 0.379961,	Delta[s](9) = 0.351523,	Delta[s](10) = 0.328758,	Delta[s](11) = 0.351523,	Delta[s](12) = 0.400968,	Delta[s](13) = 0.379961,	Delta[s](14) = 0.351523,	Delta[s](15) = 0.379961,	Delta[d](0) = 0.163714,	Delta[d](1) = 0.148545,	Delta[d](2) = 0.168134,	Delta[d](3) = 0.148545,	Delta[d](4) = 0.148545,	Delta[d](5) = 0.104115,	Delta[d](6) = 0.114808,	Delta[d](7) = 0.104115,	Delta[d](8) = 0.168134,	Delta[d](9) = 0.114808,	Delta[d](10) = 0.0443959,	Delta[d](11) = 0.114808,	Delta[d](12) = 0.148545,	Delta[d](13) = 0.104115,	Delta[d](14) = 0.114808,	Delta[d](15) = 0.104115,	Delta[s+](0) = 0.354408,	Delta[s+](1) = 0.267868,	Delta[s+](2) = 0.168134,	Delta[s+](3) = 0.267868,	Delta[s+](4) = 0.267868,	Delta[s+](5) = 0.168134,	Delta[s+](6) = 0.0706494,	Delta[s+](7) = 0.168134,	Delta[s+](8) = 0.168134,	Delta[s+](9) = 0.0706494,	Delta[s+](10) = 0.0268757,	Delta[s+](11) = 0.0706494,	Delta[s+](12) = 0.267868,	Delta[s+](13) = 0.168134,	Delta[s+](14) = 0.0706494,	Delta[s+](15) = 0.168134
The 10-th iteration is completed.	|| time cost : 0h 4m 20.702s
********************************************************************************************************************
Start the 11 rounds of NGS-ED iteration
	effective electronic model is modified as: kinetic energy t = 0.791267
	                                           effective interaction Vq = [    -3.2,-2.81289,-2.64543,-2.81289,-2.81289,-2.64543,-2.65525,-2.64543,-2.64543,-2.65525,-3.19627,-2.65525,-2.81289,-2.64543,-2.65525,-2.64543]
	PARPACK diagonalization completed after 30 matrix-vector product operations.
	iteration results: : total energy is -79.209649 | electron energy -79.492989 + phonon energy 0.283340 | electron momentum kIdx = 0
The 11-th iteration is completed.	|| time cost : 0h 0m 27.681s
********************************************************************************************************************
Start the 12 rounds of NGS-ED iteration
	effective electronic model is modified as: kinetic energy t = 0.791406
	                                           effective interaction Vq = [    -3.2,-2.81192,-2.64469,-2.81192,-2.81192,-2.64469,-2.65426,-2.64469,-2.64469,-2.65426, -3.1963,-2.65426,-2.81192,-2.64469,-2.65426,-2.64469]
	PARPACK diagonalization completed after 30 matrix-vector product operations.
	iteration results: : total energy is -79.209704 | electron energy -79.492703 + phonon energy 0.282998 | electron momentum kIdx = 0
The 12-th iteration is completed.	|| time cost : 0h 0m 27.62s
********************************************************************************************************************
Start the 13 rounds of NGS-ED iteration
	effective electronic model is modified as: kinetic energy t = 0.791503
	                                           effective interaction Vq = [    -3.2,-2.81125,-2.64417,-2.81125,-2.81125,-2.64417,-2.65356,-2.64417,-2.64417,-2.65356,-3.19631,-2.65356,-2.81125,-2.64417,-2.65356,-2.64417]
	PARPACK diagonalization completed after 30 matrix-vector product operations.
	iteration results: : total energy is -79.209725 | electron energy -79.492474 + phonon energy 0.282748 | electron momentum kIdx = 0
The 13-th iteration is completed.	|| time cost : 0h 0m 27.338s
********************************************************************************************************************
Start the 14 rounds of NGS-ED iteration
	effective electronic model is modified as: kinetic energy t = 0.79157
	                                           effective interaction Vq = [    -3.2,-2.81079, -2.6438,-2.81079,-2.81079, -2.6438,-2.65309, -2.6438, -2.6438,-2.65309,-3.19632,-2.65309,-2.81079, -2.6438,-2.65309, -2.6438]
	PARPACK diagonalization completed after 30 matrix-vector product operations.
	iteration results: : total energy is -79.209733 | electron energy -79.492302 + phonon energy 0.282569 | electron momentum kIdx = 0
The 14-th iteration is completed.	|| time cost : 0h 0m 27.577s
********************************************************************************************************************
Start the 15 rounds of NGS-ED iteration
	effective electronic model is modified as: kinetic energy t = 0.791617
	                                           effective interaction Vq = [    -3.2,-2.81047,-2.64356,-2.81047,-2.81047,-2.64356,-2.65276,-2.64356,-2.64356,-2.65276,-3.19633,-2.65276,-2.81047,-2.64356,-2.65276,-2.64356]
	PARPACK diagonalization completed after 30 matrix-vector product operations.
	iteration results: : total energy is -79.209737 | electron energy -79.492178 + phonon energy 0.282442 | electron momentum kIdx = 0
The 15-th iteration is completed.	|| time cost : 0h 0m 27.683s
********************************************************************************************************************
Start the 16 rounds of NGS-ED iteration
	effective electronic model is modified as: kinetic energy t = 0.791649
	                                           effective interaction Vq = [    -3.2,-2.81026,-2.64338,-2.81026,-2.81026,-2.64338,-2.65253,-2.64338,-2.64338,-2.65253,-3.19633,-2.65253,-2.81026,-2.64338,-2.65253,-2.64338]
	PARPACK diagonalization completed after 30 matrix-vector product operations.
	iteration results: : total energy is -79.209738 | electron energy -79.492090 + phonon energy 0.282353 | electron momentum kIdx = 0
The 16-th iteration is completed.	|| time cost : 0h 0m 27.351s
********************************************************************************************************************
Start the 17 rounds of NGS-ED iteration
	effective electronic model is modified as: kinetic energy t = 0.791671
	                                           effective interaction Vq = [    -3.2,-2.81011,-2.64327,-2.81011,-2.81011,-2.64327,-2.65237,-2.64327,-2.64327,-2.65237,-3.19633,-2.65237,-2.81011,-2.64327,-2.65237,-2.64327]
	PARPACK diagonalization completed after 30 matrix-vector product operations.
	iteration results: : total energy is -79.209738 | electron energy -79.492029 + phonon energy 0.282290 | electron momentum kIdx = 0
The 17-th iteration is completed.	|| time cost : 0h 0m 27.371s
********************************************************************************************************************
Start the 18 rounds of NGS-ED iteration
	effective electronic model is modified as: kinetic energy t = 0.791687
	                                           effective interaction Vq = [    -3.2,-2.81001,-2.64318,-2.81001,-2.81001,-2.64318,-2.65227,-2.64318,-2.64318,-2.65227,-3.19633,-2.65227,-2.81001,-2.64318,-2.65227,-2.64318]
	PARPACK diagonalization completed after 30 matrix-vector product operations.
	iteration results: : total energy is -79.209739 | electron energy -79.491986 + phonon energy 0.282247 | electron momentum kIdx = 0
The 18-th iteration is completed.	|| time cost : 0h 0m 27.696s
********************************************************************************************************************
Start the 19 rounds of NGS-ED iteration
	effective electronic model is modified as: kinetic energy t = 0.791697
	                                           effective interaction Vq = [    -3.2,-2.80994,-2.64313,-2.80994,-2.80994,-2.64313,-2.65219,-2.64313,-2.64313,-2.65219,-3.19633,-2.65219,-2.80994,-2.64313,-2.65219,-2.64313]
	PARPACK diagonalization completed after 30 matrix-vector product operations.
	iteration results: : total energy is -79.209739 | electron energy -79.491956 + phonon energy 0.282218 | electron momentum kIdx = 0
The 19-th iteration is completed.	|| time cost : 0h 0m 27.319s
********************************************************************************************************************
Start the 20 rounds of NGS-ED iteration
	effective electronic model is modified as: kinetic energy t = 0.791704
	                                           effective interaction Vq = [    -3.2,-2.80989,-2.64309,-2.80989,-2.80989,-2.64309,-2.65214,-2.64309,-2.64309,-2.65214,-3.19633,-2.65214,-2.80989,-2.64309,-2.65214,-2.64309]
	PARPACK diagonalization completed after 30 matrix-vector product operations.
	iteration results: : total energy is -79.209739 | electron energy -79.491936 + phonon energy 0.282197 | electron momentum kIdx = 0
