SNEDics v3.4 Non-Gaussian ED ground state program		Start at Tue Oct  1 13:54:59 2019

parallized on 16 MPI threads  * 8 OpenMP threads = 128 total threads.
********************************************************************************************************************
********************************************************************************************************************

********************************************************************************************************************
System parameters and configurations
********************************************************************************************************************
Special program options are enabled: splitted diagonal Hamiltonian
********************************************************************************************************************
Read input file "model_params.in"
	Hubbard-Holstein model parameters : 	t = 1    U = 5.7    g = 4.062    W = 5    
********************************************************************************************************************
Read input file "hilbertspace_params.in"
	Requested 16-site 2D lattice, with 16 electrons (8, 8)
	Boundary : Periodic		Hilbert space representation : momentum-space (restricted to kIdx = 0)
	Conservation: particle number[U(1)]      spin[U(1)]     momentum
********************************************************************************************************************

Cluster Positions:				Cluster symmetry group : D4
 x ... x ... x ... x .....                       x ... x ... x ... x .....
 |           |           :                       |           |           :
 |           |           :                       |           |           :
12    13    14    15     x                       1     5     6     5     x
 |           |           :                       |           |           :
 |           |           :                       |           |           :
 8 --- 9 ---10 ---11 --- x                       2 --- 6 ---10 --- 6 --- x
 |           |           :                       |           |           :
 |           |           :                       |           |           :
 4     5     6     7     x                       1     5     6     5     x
 |           |           :                       |           |           :
 |           |           :                       |           |           :
 0 --- 1 --- 2 --- 3 --- x                       0 --- 1 --- 2 --- 1 --- x
orbital number : 1
********************************************************************************************************************
Read input file "obs_params.in"
	Observable Type : Nq(All),   Sq(All),   N(All),   Delta[s](All),   Delta[d](All),   Delta[s+](All)
********************************************************************************************************************
** WARNING ** the input observables have non-local factors which have been reinterpreted. The total observable number is 96
********************************************************************************************************************


********************************************************************************************************************
Start calculating the non-Gaussian ED ground state
** WARNING ** Detected low phonon energy W < 10. The initial state will be prepared through a warm-up process.
********************************************************************************************************************
Start warm-up calculation for scaling factor 2
open output files: NGSEDWarmUpW10Obs.txt
********************************************************************************************************************
Start the 0 rounds of NGS-ED iteration
	effective electronic model is modified as: kinetic energy t = 1
	                                           effective interaction Vq = [-0,-0,-0,-0,-0,-0,-0,-0,-0,-0,-0,-0,-0,-0,-0,-0]
	first Hamiltonian is constructed, non-zero numbers = 2845383612
	PARPACK diagonalization completed after 90 matrix-vector product operations.
	iteration results: : total energy is -10.940651 | electron energy -10.940651 + phonon energy 0.000000 | electron momentum kIdx = 0
	Nq(0) = 16,	Nq(1) = 0.105527,	Nq(2) = 0.171054,	Nq(3) = 0.105527,	Nq(4) = 0.105527,	Nq(5) = 0.171054,	Nq(6) = 0.232427,	Nq(7) = 0.171054,	Nq(8) = 0.171054,	Nq(9) = 0.232427,	Nq(10) = 0.288265,	Nq(11) = 0.232427,	Nq(12) = 0.105527,	Nq(13) = 0.171054,	Nq(14) = 0.232427,	Nq(15) = 0.171054,	Sq(0) = 1.57674e-18,	Sq(1) = 0.42512,	Sq(2) = 0.633356,	Sq(3) = 0.42512,	Sq(4) = 0.42512,	Sq(5) = 0.633356,	Sq(6) = 0.866049,	Sq(7) = 0.633356,	Sq(8) = 0.633356,	Sq(9) = 0.866049,	Sq(10) = 4.36877,	Sq(11) = 0.866049,	Sq(12) = 0.42512,	Sq(13) = 0.633356,	Sq(14) = 0.866049,	Sq(15) = 0.633356,	N(0) = 1.86933,	N(1) = 1.72408,	N(2) = 1,	N(3) = 1.72408,	N(4) = 1.72408,	N(5) = 1,	N(6) = 0.27592,	N(7) = 1,	N(8) = 1,	N(9) = 0.27592,	N(10) = 0.13067,	N(11) = 0.27592,	N(12) = 1.72408,	N(13) = 1,	N(14) = 0.27592,	N(15) = 1,	Delta[s](0) = 0.127882,	Delta[s](1) = 0.107408,	Delta[s](2) = 0.0849255,	Delta[s](3) = 0.107408,	Delta[s](4) = 0.107408,	Delta[s](5) = 0.0849255,	Delta[s](6) = 0.0609236,	Delta[s](7) = 0.0849255,	Delta[s](8) = 0.0849255,	Delta[s](9) = 0.0609236,	Delta[s](10) = 0.0224421,	Delta[s](11) = 0.0609236,	Delta[s](12) = 0.107408,	Delta[s](13) = 0.0849255,	Delta[s](14) = 0.0609236,	Delta[s](15) = 0.0849255,	Delta[d](0) = 0.570141,	Delta[d](1) = 0.41782,	Delta[d](2) = 0.325011,	Delta[d](3) = 0.41782,	Delta[d](4) = 0.41782,	Delta[d](5) = 0.335357,	Delta[d](6) = 0.238698,	Delta[d](7) = 0.335357,	Delta[d](8) = 0.325011,	Delta[d](9) = 0.238698,	Delta[d](10) = 0.11543,	Delta[d](11) = 0.238698,	Delta[d](12) = 0.41782,	Delta[d](13) = 0.335357,	Delta[d](14) = 0.238698,	Delta[d](15) = 0.335357,	Delta[s+](0) = 0.605441,	Delta[s+](1) = 0.47873,	Delta[s+](2) = 0.325011,	Delta[s+](3) = 0.47873,	Delta[s+](4) = 0.47873,	Delta[s+](5) = 0.325011,	Delta[s+](6) = 0.17638,	Delta[s+](7) = 0.325011,	Delta[s+](8) = 0.325011,	Delta[s+](9) = 0.17638,	Delta[s+](10) = 0.054865,	Delta[s+](11) = 0.17638,	Delta[s+](12) = 0.47873,	Delta[s+](13) = 0.325011,	Delta[s+](14) = 0.17638,	Delta[s+](15) = 0.325011
The 0-th iteration is completed.	|| time cost : 0h 8m 32.753s
********************************************************************************************************************
Start the 1 rounds of NGS-ED iteration
	effective electronic model is modified as: kinetic energy t = 0.924985
	                                           effective interaction Vq = [-2.85337,-2.52317,-2.45069,-2.52317,-2.52317,-2.45069,-2.41273,-2.45069,-2.45069,-2.41273,-2.38331,-2.41273,-2.52317,-2.45069,-2.41273,-2.45069]
	PARPACK diagonalization completed after 60 matrix-vector product operations.
	iteration results: : total energy is -65.234963 | electron energy -65.239415 + phonon energy 0.004452 | electron momentum kIdx = 0
The 1-th iteration is completed.	|| time cost : 0h 7m 47.309s
********************************************************************************************************************
Start the 2 rounds of NGS-ED iteration
	effective electronic model is modified as: kinetic energy t = 0.863719
	                                           effective interaction Vq = [-3.23953,-3.07243,-2.94721,-3.07243,-3.07243,-2.94721,-2.94965,-2.94721,-2.94721,-2.94965,-2.88523,-2.94965,-3.07243,-2.94721,-2.94965,-2.94721]
	PARPACK diagonalization completed after 75 matrix-vector product operations.
	iteration results: : total energy is -73.563372 | electron energy -73.607292 + phonon energy 0.043920 | electron momentum kIdx = 0
The 2-th iteration is completed.	|| time cost : 0h 0m 41.443s
********************************************************************************************************************
Start the 3 rounds of NGS-ED iteration
	effective electronic model is modified as: kinetic energy t = 0.825805
	                                           effective interaction Vq = [-3.29179,-3.20282, -3.1699,-3.20282,-3.20282, -3.1699,-3.10095, -3.1699, -3.1699,-3.10095, -3.0934,-3.10095,-3.20282, -3.1699,-3.10095, -3.1699]
	PARPACK diagonalization completed after 60 matrix-vector product operations.
	iteration results: : total energy is -75.222759 | electron energy -75.310387 + phonon energy 0.087628 | electron momentum kIdx = 0
The 3-th iteration is completed.	|| time cost : 0h 0m 36.814s
********************************************************************************************************************
Start the 4 rounds of NGS-ED iteration
	effective electronic model is modified as: kinetic energy t = 0.811772
	                                           effective interaction Vq = [-3.29886,-3.23478,-3.22354,-3.23478,-3.23478,-3.22354,-3.14365,-3.22354,-3.22354,-3.14365,-3.15571,-3.14365,-3.23478,-3.22354,-3.14365,-3.22354]
	PARPACK diagonalization completed after 45 matrix-vector product operations.
	iteration results: : total energy is -75.444634 | electron energy -75.557333 + phonon energy 0.112699 | electron momentum kIdx = 0
The 4-th iteration is completed.	|| time cost : 0h 0m 32.137s
********************************************************************************************************************
Start the 5 rounds of NGS-ED iteration
	effective electronic model is modified as: kinetic energy t = 0.806751
	                                           effective interaction Vq = [-3.29982,-3.24423,-3.23888,-3.24423,-3.24423,-3.23888,-3.15751,-3.23888,-3.23888,-3.15751,-3.17757,-3.15751,-3.24423,-3.23888,-3.15751,-3.23888]
	PARPACK diagonalization completed after 45 matrix-vector product operations.
	iteration results: : total energy is -75.473654 | electron energy -75.596828 + phonon energy 0.123174 | electron momentum kIdx = 0
The 5-th iteration is completed.	|| time cost : 0h 0m 32.335s
********************************************************************************************************************
Start the 6 rounds of NGS-ED iteration
	effective electronic model is modified as: kinetic energy t = 0.804962
	                                           effective interaction Vq = [-3.29995,-3.24731,-3.24369,-3.24731,-3.24731,-3.24369, -3.1623,-3.24369,-3.24369, -3.1623,-3.18616, -3.1623,-3.24731,-3.24369, -3.1623,-3.24369]
	PARPACK diagonalization completed after 45 matrix-vector product operations.
	iteration results: : total energy is -75.477454 | electron energy -75.604603 + phonon energy 0.127149 | electron momentum kIdx = 0
The 6-th iteration is completed.	|| time cost : 0h 0m 32.064s
********************************************************************************************************************
Start the 7 rounds of NGS-ED iteration
	effective electronic model is modified as: kinetic energy t = 0.804319
	                                           effective interaction Vq = [-3.29997,-3.24835,-3.24524,-3.24835,-3.24835,-3.24524,-3.16401,-3.24524,-3.24524,-3.16401,-3.18986,-3.16401,-3.24835,-3.24524,-3.16401,-3.24524]
	PARPACK diagonalization completed after 45 matrix-vector product operations.
	iteration results: : total energy is -75.477961 | electron energy -75.606586 + phonon energy 0.128625 | electron momentum kIdx = 0
The 7-th iteration is completed.	|| time cost : 0h 0m 32.162s
********************************************************************************************************************
Start the 8 rounds of NGS-ED iteration
	effective electronic model is modified as: kinetic energy t = 0.804084
	                                           effective interaction Vq = [-3.29997,-3.24871,-3.24573,-3.24871,-3.24871,-3.24573,-3.16463,-3.24573,-3.24573,-3.16463,-3.19156,-3.16463,-3.24871,-3.24573,-3.16463,-3.24573]
	PARPACK diagonalization completed after 45 matrix-vector product operations.
	iteration results: : total energy is -75.478032 | electron energy -75.607209 + phonon energy 0.129177 | electron momentum kIdx = 0
The 8-th iteration is completed.	|| time cost : 0h 0m 32.09s
********************************************************************************************************************
Start the 9 rounds of NGS-ED iteration
	effective electronic model is modified as: kinetic energy t = 0.803996
	                                           effective interaction Vq = [-3.29997,-3.24884,-3.24587,-3.24884,-3.24884,-3.24587,-3.16486,-3.24587,-3.24587,-3.16486,-3.19239,-3.16486,-3.24884,-3.24587,-3.16486,-3.24587]
	PARPACK diagonalization completed after 30 matrix-vector product operations.
	iteration results: : total energy is -75.478043 | electron energy -75.607432 + phonon energy 0.129389 | electron momentum kIdx = 0
	Nq(0) = 16,	Nq(1) = 0.409093,	Nq(2) = 0.770768,	Nq(3) = 0.409093,	Nq(4) = 0.409093,	Nq(5) = 0.770768,	Nq(6) = 0.660206,	Nq(7) = 0.770768,	Nq(8) = 0.770768,	Nq(9) = 0.660206,	Nq(10) = 0.990135,	Nq(11) = 0.660206,	Nq(12) = 0.409093,	Nq(13) = 0.770768,	Nq(14) = 0.660206,	Nq(15) = 0.770768,	Sq(0) = 6.53225e-18,	Sq(1) = 0.315214,	Sq(2) = 0.351122,	Sq(3) = 0.315214,	Sq(4) = 0.315214,	Sq(5) = 0.351122,	Sq(6) = 0.540114,	Sq(7) = 0.351122,	Sq(8) = 0.351122,	Sq(9) = 0.540114,	Sq(10) = 0.580023,	Sq(11) = 0.540114,	Sq(12) = 0.315214,	Sq(13) = 0.351122,	Sq(14) = 0.540114,	Sq(15) = 0.351122,	N(0) = 1.99648,	N(1) = 1.99073,	N(2) = 1,	N(3) = 1.99073,	N(4) = 1.99073,	N(5) = 1,	N(6) = 0.00927034,	N(7) = 1,	N(8) = 1,	N(9) = 0.00927034,	N(10) = 0.00352008,	N(11) = 0.00927034,	N(12) = 1.99073,	N(13) = 1,	N(14) = 0.00927034,	N(15) = 1,	Delta[s](0) = 0.690283,	Delta[s](1) = 0.320675,	Delta[s](2) = 0.281886,	Delta[s](3) = 0.320675,	Delta[s](4) = 0.320675,	Delta[s](5) = 0.281886,	Delta[s](6) = 0.260763,	Delta[s](7) = 0.281886,	Delta[s](8) = 0.281886,	Delta[s](9) = 0.260763,	Delta[s](10) = 0.238619,	Delta[s](11) = 0.260763,	Delta[s](12) = 0.320675,	Delta[s](13) = 0.281886,	Delta[s](14) = 0.260763,	Delta[s](15) = 0.281886,	Delta[d](0) = 0.336613,	Delta[d](1) = 0.282588,	Delta[d](2) = 0.256835,	Delta[d](3) = 0.282588,	Delta[d](4) = 0.282588,	Delta[d](5) = 0.252954,	Delta[d](6) = 0.240392,	Delta[d](7) = 0.252954,	Delta[d](8) = 0.256835,	Delta[d](9) = 0.240392,	Delta[d](10) = 0.169581,	Delta[d](11) = 0.240392,	Delta[d](12) = 0.282588,	Delta[d](13) = 0.252954,	Delta[d](14) = 0.240392,	Delta[d](15) = 0.252954,	Delta[s+](0) = 0.457519,	Delta[s+](1) = 0.377859,	Delta[s+](2) = 0.256835,	Delta[s+](3) = 0.377859,	Delta[s+](4) = 0.377859,	Delta[s+](5) = 0.256835,	Delta[s+](6) = 0.130573,	Delta[s+](7) = 0.256835,	Delta[s+](8) = 0.256835,	Delta[s+](9) = 0.130573,	Delta[s+](10) = 0.0471884,	Delta[s+](11) = 0.130573,	Delta[s+](12) = 0.377859,	Delta[s+](13) = 0.256835,	Delta[s+](14) = 0.130573,	Delta[s+](15) = 0.256835
The 9-th iteration is completed.	|| time cost : 0h 4m 29.399s
********************************************************************************************************************
********************************************************************************************************************
Ground state is obtained after 10 iterations. The current ground-state energy is -75.478, in which electron energy is -75.6074 and phonon energy is 0.129389
final variational state is: 
	Gamma_x = [      1,1.02984,1.05837,1.02984,1.02984,1.05837,1.07276,1.05837,1.05837,1.07276,1.10105,1.07276,1.02984,1.05837,1.07276,1.05837]
	lambda_q = [0.574427,0.502978,0.500931,0.502978,0.502978,0.500931,0.458254,0.500931,0.500931,0.458254,0.470939,0.458254,0.502978,0.500931,0.458254,0.500931]
********************************************************************************************************************
o___o  ----------------------------------------
| L |	Time since last clock: 0h 0m 0s
A===A	Time since the beginning: 0h 24m 48.51s
***********************************************


********************************************************************************************************************
Warm up runs have been completed. Start calculating W = 5 phonon.
open output files: NGSEDIterationObs.txt
********************************************************************************************************************
Start the 0 rounds of NGS-ED iteration
	effective electronic model is modified as: kinetic energy t = 0.803962
	                                           effective interaction Vq = [-3.01681,-2.82126, -2.8149,-2.82126,-2.82126, -2.8149,-2.67287, -2.8149, -2.8149,-2.67287,-2.71699,-2.67287,-2.82126, -2.8149,-2.67287, -2.8149]
	PARPACK diagonalization completed after 75 matrix-vector product operations.
	iteration results: : total energy is -66.869642 | electron energy -66.934380 + phonon energy 0.064737 | electron momentum kIdx = 0
	Nq(0) = 16,	Nq(1) = 0.366096,	Nq(2) = 0.375868,	Nq(3) = 0.366096,	Nq(4) = 0.366096,	Nq(5) = 0.375868,	Nq(6) = 0.579565,	Nq(7) = 0.375868,	Nq(8) = 0.375868,	Nq(9) = 0.579565,	Nq(10) = 0.60623,	Nq(11) = 0.579565,	Nq(12) = 0.366096,	Nq(13) = 0.375868,	Nq(14) = 0.579565,	Nq(15) = 0.375868,	Sq(0) = 7.23948e-18,	Sq(1) = 0.382887,	Sq(2) = 0.551548,	Sq(3) = 0.382887,	Sq(4) = 0.382887,	Sq(5) = 0.551548,	Sq(6) = 0.637766,	Sq(7) = 0.551548,	Sq(8) = 0.551548,	Sq(9) = 0.637766,	Sq(10) = 1.96401,	Sq(11) = 0.637766,	Sq(12) = 0.382887,	Sq(13) = 0.551548,	Sq(14) = 0.637766,	Sq(15) = 0.551548,	N(0) = 1.99953,	N(1) = 1.99889,	N(2) = 1,	N(3) = 1.99889,	N(4) = 1.99889,	N(5) = 1,	N(6) = 0.00110678,	N(7) = 1,	N(8) = 1,	N(9) = 0.00110678,	N(10) = 0.000467801,	N(11) = 0.00110678,	N(12) = 1.99889,	N(13) = 1,	N(14) = 0.00110678,	N(15) = 1,	Delta[s](0) = 0.248505,	Delta[s](1) = 0.242762,	Delta[s](2) = 0.199532,	Delta[s](3) = 0.242762,	Delta[s](4) = 0.242762,	Delta[s](5) = 0.199532,	Delta[s](6) = 0.194428,	Delta[s](7) = 0.199532,	Delta[s](8) = 0.199532,	Delta[s](9) = 0.194428,	Delta[s](10) = 0.127585,	Delta[s](11) = 0.194428,	Delta[s](12) = 0.242762,	Delta[s](13) = 0.199532,	Delta[s](14) = 0.194428,	Delta[s](15) = 0.199532,	Delta[d](0) = 0.543182,	Delta[d](1) = 0.327634,	Delta[d](2) = 0.286233,	Delta[d](3) = 0.327634,	Delta[d](4) = 0.327634,	Delta[d](5) = 0.335247,	Delta[d](6) = 0.255301,	Delta[d](7) = 0.335247,	Delta[d](8) = 0.286233,	Delta[d](9) = 0.255301,	Delta[d](10) = 0.134014,	Delta[d](11) = 0.255301,	Delta[d](12) = 0.327634,	Delta[d](13) = 0.335247,	Delta[d](14) = 0.255301,	Delta[d](15) = 0.335247,	Delta[s+](0) = 0.513689,	Delta[s+](1) = 0.423649,	Delta[s+](2) = 0.286233,	Delta[s+](3) = 0.423649,	Delta[s+](4) = 0.423649,	Delta[s+](5) = 0.286233,	Delta[s+](6) = 0.148829,	Delta[s+](7) = 0.286233,	Delta[s+](8) = 0.286233,	Delta[s+](9) = 0.148829,	Delta[s+](10) = 0.050903,	Delta[s+](11) = 0.148829,	Delta[s+](12) = 0.423649,	Delta[s+](13) = 0.286233,	Delta[s+](14) = 0.148829,	Delta[s+](15) = 0.286233
The 0-th iteration is completed.	|| time cost : 0h 4m 44.496s
********************************************************************************************************************
Start the 1 rounds of NGS-ED iteration
	effective electronic model is modified as: kinetic energy t = 0.793801
	                                           effective interaction Vq = [ -3.1958,-2.98249,-2.83406,-2.98249,-2.98249,-2.83406,-2.79477,-2.83406,-2.83406,-2.79477,-2.73776,-2.79477,-2.98249,-2.83406,-2.79477,-2.83406]
	PARPACK diagonalization completed after 60 matrix-vector product operations.
	iteration results: : total energy is -69.968496 | electron energy -70.147995 + phonon energy 0.179499 | electron momentum kIdx = 0
The 1-th iteration is completed.	|| time cost : 0h 0m 36.805s
********************************************************************************************************************
Start the 2 rounds of NGS-ED iteration
	effective electronic model is modified as: kinetic energy t = 0.783879
	                                           effective interaction Vq = [-3.26165,-3.07006,-2.85371,-3.07006,-3.07006,-2.85371,-2.87455,-2.85371,-2.85371,-2.87455,-2.76367,-2.87455,-3.07006,-2.85371,-2.87455,-2.85371]
	PARPACK diagonalization completed after 75 matrix-vector product operations.
	iteration results: : total energy is -71.123676 | electron energy -71.372446 + phonon energy 0.248770 | electron momentum kIdx = 0
The 2-th iteration is completed.	|| time cost : 0h 0m 41.389s
********************************************************************************************************************
Start the 3 rounds of NGS-ED iteration
	effective electronic model is modified as: kinetic energy t = 0.766001
	                                           effective interaction Vq = [-3.28587, -3.1208,-2.97647, -3.1208, -3.1208,-2.97647,-2.92122,-2.97647,-2.97647,-2.92122,-2.78614,-2.92122, -3.1208,-2.97647,-2.92122,-2.97647]
	PARPACK diagonalization completed after 60 matrix-vector product operations.
	iteration results: : total energy is -71.762438 | electron energy -72.058897 + phonon energy 0.296458 | electron momentum kIdx = 0
The 3-th iteration is completed.	|| time cost : 0h 0m 36.786s
********************************************************************************************************************
Start the 4 rounds of NGS-ED iteration
	effective electronic model is modified as: kinetic energy t = 0.7486
	                                           effective interaction Vq = [-3.29478,-3.14618,-3.07125,-3.14618,-3.14618,-3.07125,-2.95383,-3.07125,-3.07125,-2.95383,-2.89526,-2.95383,-3.14618,-3.07125,-2.95383,-3.07125]
	PARPACK diagonalization completed after 60 matrix-vector product operations.
	iteration results: : total energy is -72.079207 | electron energy -72.419553 + phonon energy 0.340346 | electron momentum kIdx = 0
The 4-th iteration is completed.	|| time cost : 0h 0m 36.765s
********************************************************************************************************************
Start the 5 rounds of NGS-ED iteration
	effective electronic model is modified as: kinetic energy t = 0.738575
	                                           effective interaction Vq = [-3.29806,-3.15891,-3.12024,-3.15891,-3.15891,-3.12024,-2.97108,-3.12024,-3.12024,-2.97108, -2.9576,-2.97108,-3.15891,-3.12024,-2.97108,-3.12024]
	PARPACK diagonalization completed after 45 matrix-vector product operations.
	iteration results: : total energy is -72.196200 | electron energy -72.573139 + phonon energy 0.376939 | electron momentum kIdx = 0
The 5-th iteration is completed.	|| time cost : 0h 0m 32.01s
********************************************************************************************************************
Start the 6 rounds of NGS-ED iteration
	effective electronic model is modified as: kinetic energy t = 0.732729
	                                           effective interaction Vq = [-3.29927,-3.16542,-3.14668,-3.16542,-3.16542,-3.14668,-2.98034,-3.14668,-3.14668,-2.98034,-2.99513,-2.98034,-3.16542,-3.14668,-2.98034,-3.14668]
	PARPACK diagonalization completed after 45 matrix-vector product operations.
	iteration results: : total energy is -72.239181 | electron energy -72.641778 + phonon energy 0.402596 | electron momentum kIdx = 0
The 6-th iteration is completed.	|| time cost : 0h 0m 32.338s
********************************************************************************************************************
Start the 7 rounds of NGS-ED iteration
	effective electronic model is modified as: kinetic energy t = 0.729302
	                                           effective interaction Vq = [-3.29971,-3.16877,-3.16137,-3.16877,-3.16877,-3.16137,-2.98533,-3.16137,-3.16137,-2.98533,-3.01832,-2.98533,-3.16877,-3.16137,-2.98533,-3.16137]
	PARPACK diagonalization completed after 45 matrix-vector product operations.
	iteration results: : total energy is -72.254886 | electron energy -72.674124 + phonon energy 0.419239 | electron momentum kIdx = 0
The 7-th iteration is completed.	|| time cost : 0h 0m 32.386s
********************************************************************************************************************
Start the 8 rounds of NGS-ED iteration
	effective electronic model is modified as: kinetic energy t = 0.727288
	                                           effective interaction Vq = [-3.29987,-3.17048,-3.16969,-3.17048,-3.17048,-3.16969,  -2.988,-3.16969,-3.16969,  -2.988,-3.03288,  -2.988,-3.17048,-3.16969,  -2.988,-3.16969]
	PARPACK diagonalization completed after 45 matrix-vector product operations.
	iteration results: : total energy is -72.260609 | electron energy -72.690224 + phonon energy 0.429615 | electron momentum kIdx = 0
The 8-th iteration is completed.	|| time cost : 0h 0m 32.108s
********************************************************************************************************************
Start the 9 rounds of NGS-ED iteration
	effective electronic model is modified as: kinetic energy t = 0.726104
	                                           effective interaction Vq = [-3.29993,-3.17134,-3.17447,-3.17134,-3.17134,-3.17447,-2.98942,-3.17447,-3.17447,-2.98942, -3.0421,-2.98942,-3.17134,-3.17447,-2.98942,-3.17447]
	PARPACK diagonalization completed after 45 matrix-vector product operations.
	iteration results: : total energy is -72.262695 | electron energy -72.698648 + phonon energy 0.435953 | electron momentum kIdx = 0
The 9-th iteration is completed.	|| time cost : 0h 0m 32.326s
********************************************************************************************************************
Start the 10 rounds of NGS-ED iteration
	effective electronic model is modified as: kinetic energy t = 0.725408
	                                           effective interaction Vq = [-3.29996,-3.17176,-3.17723,-3.17176,-3.17176,-3.17723,-2.99015,-3.17723,-3.17723,-2.99015,-3.04799,-2.99015,-3.17176,-3.17723,-2.99015,-3.17723]
	PARPACK diagonalization completed after 45 matrix-vector product operations.
	iteration results: : total energy is -72.263457 | electron energy -72.703241 + phonon energy 0.439783 | electron momentum kIdx = 0
	Nq(0) = 16,	Nq(1) = 0.405647,	Nq(2) = 0.785478,	Nq(3) = 0.405647,	Nq(4) = 0.405647,	Nq(5) = 0.785478,	Nq(6) = 0.618996,	Nq(7) = 0.785478,	Nq(8) = 0.785478,	Nq(9) = 0.618996,	Nq(10) = 0.912873,	Nq(11) = 0.618996,	Nq(12) = 0.405647,	Nq(13) = 0.785478,	Nq(14) = 0.618996,	Nq(15) = 0.785478,	Sq(0) = 1.40748e-18,	Sq(1) = 0.328054,	Sq(2) = 0.357862,	Sq(3) = 0.328054,	Sq(4) = 0.328054,	Sq(5) = 0.357862,	Sq(6) = 0.556536,	Sq(7) = 0.357862,	Sq(8) = 0.357862,	Sq(9) = 0.556536,	Sq(10) = 0.590158,	Sq(11) = 0.556536,	Sq(12) = 0.328054,	Sq(13) = 0.357862,	Sq(14) = 0.556536,	Sq(15) = 0.357862,	N(0) = 1.99758,	N(1) = 1.99278,	N(2) = 1,	N(3) = 1.99278,	N(4) = 1.99278,	N(5) = 1,	N(6) = 0.00722105,	N(7) = 1,	N(8) = 1,	N(9) = 0.00722105,	N(10) = 0.00241948,	N(11) = 0.00722105,	N(12) = 1.99278,	N(13) = 1,	N(14) = 0.00722105,	N(15) = 1,	Delta[s](0) = 0.524467,	Delta[s](1) = 0.313435,	Delta[s](2) = 0.287767,	Delta[s](3) = 0.313435,	Delta[s](4) = 0.313435,	Delta[s](5) = 0.287767,	Delta[s](6) = 0.272953,	Delta[s](7) = 0.287767,	Delta[s](8) = 0.287767,	Delta[s](9) = 0.272953,	Delta[s](10) = 0.265531,	Delta[s](11) = 0.272953,	Delta[s](12) = 0.313435,	Delta[s](13) = 0.287767,	Delta[s](14) = 0.272953,	Delta[s](15) = 0.287767,	Delta[d](0) = 0.359232,	Delta[d](1) = 0.311087,	Delta[d](2) = 0.286963,	Delta[d](3) = 0.311087,	Delta[d](4) = 0.311087,	Delta[d](5) = 0.284318,	Delta[d](6) = 0.271391,	Delta[d](7) = 0.284318,	Delta[d](8) = 0.286963,	Delta[d](9) = 0.271391,	Delta[d](10) = 0.209245,	Delta[d](11) = 0.271391,	Delta[d](12) = 0.311087,	Delta[d](13) = 0.284318,	Delta[d](14) = 0.271391,	Delta[d](15) = 0.284318,	Delta[s+](0) = 0.492703,	Delta[s+](1) = 0.408042,	Delta[s+](2) = 0.286963,	Delta[s+](3) = 0.408042,	Delta[s+](4) = 0.408042,	Delta[s+](5) = 0.286963,	Delta[s+](6) = 0.160754,	Delta[s+](7) = 0.286963,	Delta[s+](8) = 0.286963,	Delta[s+](9) = 0.160754,	Delta[s+](10) = 0.0735667,	Delta[s+](11) = 0.160754,	Delta[s+](12) = 0.408042,	Delta[s+](13) = 0.286963,	Delta[s+](14) = 0.160754,	Delta[s+](15) = 0.286963
The 10-th iteration is completed.	|| time cost : 0h 4m 28.071s
********************************************************************************************************************
Start the 11 rounds of NGS-ED iteration
	effective electronic model is modified as: kinetic energy t = 0.724998
	                                           effective interaction Vq = [-3.29996,-3.17195,-3.17883,-3.17195,-3.17195,-3.17883,-2.99051,-3.17883,-3.17883,-2.99051,-3.05176,-2.99051,-3.17195,-3.17883,-2.99051,-3.17883]
	PARPACK diagonalization completed after 30 matrix-vector product operations.
	iteration results: : total energy is -72.263737 | electron energy -72.705823 + phonon energy 0.442086 | electron momentum kIdx = 0
The 11-th iteration is completed.	|| time cost : 0h 0m 27.483s
********************************************************************************************************************
Start the 12 rounds of NGS-ED iteration
	effective electronic model is modified as: kinetic energy t = 0.724757
	                                           effective interaction Vq = [-3.29997,-3.17203,-3.17977,-3.17203,-3.17203,-3.17977,-2.99068,-3.17977,-3.17977,-2.99068,-3.05418,-2.99068,-3.17203,-3.17977,-2.99068,-3.17977]
	PARPACK diagonalization completed after 30 matrix-vector product operations.
	iteration results: : total energy is -72.263840 | electron energy -72.707307 + phonon energy 0.443467 | electron momentum kIdx = 0
The 12-th iteration is completed.	|| time cost : 0h 0m 27.706s
********************************************************************************************************************
Start the 13 rounds of NGS-ED iteration
	effective electronic model is modified as: kinetic energy t = 0.724615
	                                           effective interaction Vq = [-3.29997,-3.17205,-3.18032,-3.17205,-3.17205,-3.18032,-2.99075,-3.18032,-3.18032,-2.99075,-3.05575,-2.99075,-3.17205,-3.18032,-2.99075,-3.18032]
	PARPACK diagonalization completed after 30 matrix-vector product operations.
	iteration results: : total energy is -72.263879 | electron energy -72.708173 + phonon energy 0.444295 | electron momentum kIdx = 0
The 13-th iteration is completed.	|| time cost : 0h 0m 27.644s
********************************************************************************************************************
Start the 14 rounds of NGS-ED iteration
	effective electronic model is modified as: kinetic energy t = 0.724532
	                                           effective interaction Vq = [-3.29997,-3.17205,-3.18064,-3.17205,-3.17205,-3.18064,-2.99078,-3.18064,-3.18064,-2.99078,-3.05676,-2.99078,-3.17205,-3.18064,-2.99078,-3.18064]
	PARPACK diagonalization completed after 30 matrix-vector product operations.
	iteration results: : total energy is -72.263893 | electron energy -72.708685 + phonon energy 0.444792 | electron momentum kIdx = 0
The 14-th iteration is completed.	|| time cost : 0h 0m 27.618s
********************************************************************************************************************
Start the 15 rounds of NGS-ED iteration
	effective electronic model is modified as: kinetic energy t = 0.724482
	                                           effective interaction Vq = [-3.29997,-3.17205,-3.18083,-3.17205,-3.17205,-3.18083,-2.99078,-3.18083,-3.18083,-2.99078,-3.05742,-2.99078,-3.17205,-3.18083,-2.99078,-3.18083]
	PARPACK diagonalization completed after 30 matrix-vector product operations.
	iteration results: : total energy is -72.263898 | electron energy -72.708989 + phonon energy 0.445090 | electron momentum kIdx = 0
The 15-th iteration is completed.	|| time cost : 0h 0m 27.363s
********************************************************************************************************************
Start the 16 rounds of NGS-ED iteration
	effective electronic model is modified as: kinetic energy t = 0.724453
	                                           effective interaction Vq = [-3.29997,-3.17204,-3.18094,-3.17204,-3.17204,-3.18094,-2.99077,-3.18094,-3.18094,-2.99077,-3.05784,-2.99077,-3.17204,-3.18094,-2.99077,-3.18094]
	PARPACK diagonalization completed after 30 matrix-vector product operations.
	iteration results: : total energy is -72.263900 | electron energy -72.709170 + phonon energy 0.445270 | electron momentum kIdx = 0
The 16-th iteration is completed.	|| time cost : 0h 0m 27.639s
********************************************************************************************************************
Start the 17 rounds of NGS-ED iteration
	effective electronic model is modified as: kinetic energy t = 0.724436
	                                           effective interaction Vq = [-3.29997,-3.17203,  -3.181,-3.17203,-3.17203,  -3.181,-2.99076,  -3.181,  -3.181,-2.99076,-3.05812,-2.99076,-3.17203,  -3.181,-2.99076,  -3.181]
	PARPACK diagonalization completed after 30 matrix-vector product operations.
	iteration results: : total energy is -72.263901 | electron energy -72.709279 + phonon energy 0.445378 | electron momentum kIdx = 0
The 17-th iteration is completed.	|| time cost : 0h 0m 27.672s
********************************************************************************************************************
Start the 18 rounds of NGS-ED iteration
	effective electronic model is modified as: kinetic energy t = 0.724426
	                                           effective interaction Vq = [-3.29997,-3.17202,-3.18104,-3.17202,-3.17202,-3.18104,-2.99075,-3.18104,-3.18104,-2.99075, -3.0583,-2.99075,-3.17202,-3.18104,-2.99075,-3.18104]
	PARPACK diagonalization completed after 30 matrix-vector product operations.
	iteration results: : total energy is -72.263901 | electron energy -72.709345 + phonon energy 0.445444 | electron momentum kIdx = 0
The 18-th iteration is completed.	|| time cost : 0h 0m 27.674s
********************************************************************************************************************
Start the 19 rounds of NGS-ED iteration
	effective electronic model is modified as: kinetic energy t = 0.72442
	                                           effective interaction Vq = [-3.29997,-3.17201,-3.18106,-3.17201,-3.17201,-3.18106,-2.99074,-3.18106,-3.18106,-2.99074,-3.05842,-2.99074,-3.17201,-3.18106,-2.99074,-3.18106]
	PARPACK diagonalization completed after 30 matrix-vector product operations.
	iteration results: : total energy is -72.263902 | electron energy -72.709385 + phonon energy 0.445483 | electron momentum kIdx = 0
The 19-th iteration is completed.	|| time cost : 0h 0m 27.492s
********************************************************************************************************************
Start the 20 rounds of NGS-ED iteration
	effective electronic model is modified as: kinetic energy t = 0.724417
	                                           effective interaction Vq = [-3.29997,-3.17201,-3.18107,-3.17201,-3.17201,-3.18107,-2.99073,-3.18107,-3.18107,-2.99073,-3.05849,-2.99073,-3.17201,-3.18107,-2.99073,-3.18107]
	PARPACK diagonalization completed after 30 matrix-vector product operations.
	iteration results: : total energy is -72.263902 | electron energy -72.709409 + phonon energy 0.445507 | electron momentum kIdx = 0
	Nq(0) = 16,	Nq(1) = 0.404916,	Nq(2) = 0.78674,	Nq(3) = 0.404916,	Nq(4) = 0.404916,	Nq(5) = 0.78674,	Nq(6) = 0.618252,	Nq(7) = 0.78674,	Nq(8) = 0.78674,	Nq(9) = 0.618252,	Nq(10) = 0.919502,	Nq(11) = 0.618252,	Nq(12) = 0.404916,	Nq(13) = 0.78674,	Nq(14) = 0.618252,	Nq(15) = 0.78674,	Sq(0) = 1.32407e-17,	Sq(1) = 0.327464,	Sq(2) = 0.357522,	Sq(3) = 0.327464,	Sq(4) = 0.327464,	Sq(5) = 0.357522,	Sq(6) = 0.555726,	Sq(7) = 0.357522,	Sq(8) = 0.357522,	Sq(9) = 0.555726,	Sq(10) = 0.589493,	Sq(11) = 0.555726,	Sq(12) = 0.327464,	Sq(13) = 0.357522,	Sq(14) = 0.555726,	Sq(15) = 0.357522,	N(0) = 1.9975,	N(1) = 1.9926,	N(2) = 1,	N(3) = 1.9926,	N(4) = 1.9926,	N(5) = 1,	N(6) = 0.00739684,	N(7) = 1,	N(8) = 1,	N(9) = 0.00739684,	N(10) = 0.00249571,	N(11) = 0.00739684,	N(12) = 1.9926,	N(13) = 1,	N(14) = 0.00739684,	N(15) = 1,	Delta[s](0) = 0.524318,	Delta[s](1) = 0.313685,	Delta[s](2) = 0.288056,	Delta[s](3) = 0.313685,	Delta[s](4) = 0.313685,	Delta[s](5) = 0.288056,	Delta[s](6) = 0.273288,	Delta[s](7) = 0.288056,	Delta[s](8) = 0.288056,	Delta[s](9) = 0.273288,	Delta[s](10) = 0.265762,	Delta[s](11) = 0.273288,	Delta[s](12) = 0.313685,	Delta[s](13) = 0.288056,	Delta[s](14) = 0.273288,	Delta[s](15) = 0.288056,	Delta[d](0) = 0.358948,	Delta[d](1) = 0.310865,	Delta[d](2) = 0.286757,	Delta[d](3) = 0.310865,	Delta[d](4) = 0.310865,	Delta[d](5) = 0.28418,	Delta[d](6) = 0.271241,	Delta[d](7) = 0.28418,	Delta[d](8) = 0.286757,	Delta[d](9) = 0.271241,	Delta[d](10) = 0.209272,	Delta[d](11) = 0.271241,	Delta[d](12) = 0.310865,	Delta[d](13) = 0.28418,	Delta[d](14) = 0.271241,	Delta[d](15) = 0.28418,	Delta[s+](0) = 0.492107,	Delta[s+](1) = 0.407573,	Delta[s+](2) = 0.286757,	Delta[s+](3) = 0.407573,	Delta[s+](4) = 0.407573,	Delta[s+](5) = 0.286757,	Delta[s+](6) = 0.160704,	Delta[s+](7) = 0.286757,	Delta[s+](8) = 0.286757,	Delta[s+](9) = 0.160704,	Delta[s+](10) = 0.0736405,	Delta[s+](11) = 0.160704,	Delta[s+](12) = 0.407573,	Delta[s+](13) = 0.286757,	Delta[s+](14) = 0.160704,	Delta[s+](15) = 0.286757
The 20-th iteration is completed.	|| time cost : 0h 4m 25.658s
********************************************************************************************************************
Start the 21 rounds of NGS-ED iteration
	effective electronic model is modified as: kinetic energy t = 0.724414
	                                           effective interaction Vq = [-3.29997,  -3.172,-3.18108,  -3.172,  -3.172,-3.18108,-2.99073,-3.18108,-3.18108,-2.99073,-3.05854,-2.99073,  -3.172,-3.18108,-2.99073,-3.18108]
	PARPACK diagonalization completed after 30 matrix-vector product operations.
	iteration results: : total energy is -72.263902 | electron energy -72.709424 + phonon energy 0.445522 | electron momentum kIdx = 0
The 21-th iteration is completed.	|| time cost : 0h 0m 27.683s
********************************************************************************************************************
Start the 22 rounds of NGS-ED iteration
	effective electronic model is modified as: kinetic energy t = 0.724413
	                                           effective interaction Vq = [-3.29997,  -3.172,-3.18109,  -3.172,  -3.172,-3.18109,-2.99073,-3.18109,-3.18109,-2.99073,-3.05858,-2.99073,  -3.172,-3.18109,-2.99073,-3.18109]
	PARPACK diagonalization completed after 30 matrix-vector product operations.
	iteration results: : total energy is -72.263902 | electron energy -72.709433 + phonon energy 0.445531 | electron momentum kIdx = 0
The 22-th iteration is completed.	|| time cost : 0h 0m 27.665s
********************************************************************************************************************
Start the 23 rounds of NGS-ED iteration
	effective electronic model is modified as: kinetic energy t = 0.724412
	                                           effective interaction Vq = [-3.29997,  -3.172,-3.18109,  -3.172,  -3.172,-3.18109,-2.99072,-3.18109,-3.18109,-2.99072, -3.0586,-2.99072,  -3.172,-3.18109,-2.99072,-3.18109]
	PARPACK diagonalization completed after 30 matrix-vector product operations.
	iteration results: : total energy is -72.263902 | electron energy -72.709438 + phonon energy 0.445536 | electron momentum kIdx = 0
The 23-th iteration is completed.	|| time cost : 0h 0m 27.431s
********************************************************************************************************************
Start the 24 rounds of NGS-ED iteration
	effective electronic model is modified as: kinetic energy t = 0.724412
	                                           effective interaction Vq = [-3.29997,  -3.172,-3.18109,  -3.172,  -3.172,-3.18109,-2.99072,-3.18109,-3.18109,-2.99072,-3.05861,-2.99072,  -3.172,-3.18109,-2.99072,-3.18109]
	PARPACK diagonalization completed after 30 matrix-vector product operations.
	iteration results: : total energy is -72.263902 | electron energy -72.709441 + phonon energy 0.445540 | electron momentum kIdx = 0
The 24-th iteration is completed.	|| time cost : 0h 0m 27.543s
