SNEDics v3.2 diagonalization test program		Start at Sat Apr 27 12:33:32 2019

parallized on 80 MPI threads  * 6 OpenMP threads = 480 total threads.
************************************************************************************
************************************************************************************

Input file "model_params.in"
Hubbard-Holstein model parameters : 	t = 1    U = 2    g = 2.1213    W = 1    
************************************************************************************
Input file "hilbertspace_params.in"

Cluster Positions:				Cluster symmetry group : D4
 x ... x ... x ... x .....                       x ... x ... x ... x .....
 |           |           :                       |           |           :
 |           |           :                       |           |           :
12    13    14    15     x                       1     5     6     5     x
 |           |           :                       |           |           :
 |           |           :                       |           |           :
 8 --- 9 ---10 ---11 --- x                       2 --- 6 ---10 --- 6 --- x
 |           |           :                       |           |           :
 |           |           :                       |           |           :
 4     5     6     7     x                       1     5     6     5     x
 |           |           :                       |           |           :
 |           |           :                       |           |           :
 0 --- 1 --- 2 --- 3 --- x                       0 --- 1 --- 2 --- 1 --- x
orbital number : 1
************************************************************************************
0 rounds of non-Gaussian ED iteration : ground-state energy is -18.0176 | electron energy -18.0176 + phonon energy 0 | electron momentum kIdx = 0
Nq = 	16	0.245211	0.311045	0.245211	0.245211	0.311045	0.446617	0.311045	0.311045	0.446617	0.513491	0.446617	0.245211	0.311045	0.446617	0.311045
Sq = 	1.62176e-18	0.413058	0.598296	0.413058	0.413058	0.598296	0.72336	0.598296	0.598296	0.72336	2.71747	0.72336	0.413058	0.598296	0.72336	0.598296
1 rounds of non-Gaussian ED iteration : ground-state energy is -34.2629 | electron energy -34.263 + phonon energy 0.000143511 | electron momentum kIdx = 0
Nq = 	16	0.328782	0.356101	0.328782	0.328782	0.356101	0.555122	0.356101	0.356101	0.555122	0.588523	0.555122	0.328782	0.356101	0.555122	0.356101
Sq = 	-9.29102e-18	0.391068	0.565607	0.391068	0.391068	0.565607	0.660515	0.565607	0.565607	0.660515	2.13928	0.660515	0.391068	0.565607	0.660515	0.565607
2 rounds of non-Gaussian ED iteration : ground-state energy is -46.9046 | electron energy -46.9089 + phonon energy 0.00430852 | electron momentum kIdx = 0
Nq = 	16	0.408222	0.709008	0.408222	0.408223	0.709009	0.637804	0.709009	0.709009	0.637804	0.851291	0.637804	0.408223	0.709009	0.637804	0.709009
Sq = 	-1.0945e-17	0.361459	0.371744	0.361459	0.361459	0.371744	0.603845	0.371744	0.371744	0.603845	0.618869	0.603845	0.361459	0.371744	0.603845	0.371744
3 rounds of non-Gaussian ED iteration : ground-state energy is -58.1953 | electron energy -58.2219 + phonon energy 0.0266464 | electron momentum kIdx = 0
Nq = 	16	0.448565	0.776224	0.448565	0.448565	0.776225	0.66897	0.776225	0.776225	0.66897	0.930043	0.66897	0.448565	0.776225	0.66897	0.776225
Sq = 	-8.69079e-18	0.302953	0.346062	0.302953	0.302953	0.346062	0.521073	0.346062	0.346062	0.521073	0.56999	0.521073	0.302953	0.346062	0.521073	0.346062
4 rounds of non-Gaussian ED iteration : ground-state energy is -67.6128 | electron energy -67.7006 + phonon energy 0.0878332 | electron momentum kIdx = 0
Nq = 	16	0.49005	0.839826	0.49005	0.49005	0.839826	0.690706	0.839826	0.839827	0.690706	1.01156	0.690706	0.49005	0.839826	0.690706	0.839826
Sq = 	-2.82702e-18	0.253562	0.315961	0.253562	0.253562	0.315961	0.45058	0.315961	0.315961	0.45058	0.514127	0.45058	0.253562	0.315961	0.45058	0.315961
5 rounds of non-Gaussian ED iteration : ground-state energy is -75.7173 | electron energy -75.9192 + phonon energy 0.201846 | electron momentum kIdx = 0
Nq = 	16	0.531332	0.908189	0.531332	0.531332	0.90819	0.703433	0.90819	0.908191	0.703433	1.11824	0.703433	0.531332	0.90819	0.703433	0.90819
Sq = 	-4.04727e-18	0.207409	0.279654	0.207409	0.207409	0.279654	0.383802	0.279654	0.279654	0.383802	0.450786	0.383802	0.207409	0.279654	0.383802	0.279654
6 rounds of non-Gaussian ED iteration : ground-state energy is -82.8793 | electron energy -83.2484 + phonon energy 0.369133 | electron momentum kIdx = 0
Nq = 	16	0.562911	0.988375	0.562911	0.562911	0.988376	0.70109	0.988376	0.988377	0.70109	1.30626	0.70109	0.562911	0.988376	0.70109	0.988376
Sq = 	-5.2137e-19	0.162097	0.235708	0.162097	0.162097	0.235708	0.316381	0.235708	0.235708	0.316381	0.379322	0.316381	0.162097	0.235708	0.316381	0.235708
7 rounds of non-Gaussian ED iteration : ground-state energy is -89.3793 | electron energy -89.9526 + phonon energy 0.573301 | electron momentum kIdx = 0
Nq = 	16	0.542689	1.05032	0.542689	0.542689	1.05032	0.660647	1.05032	1.05032	0.660647	2.02471	0.660647	0.542689	1.05032	0.660647	1.05032
Sq = 	1.94854e-18	0.117166	0.184132	0.117166	0.117166	0.184132	0.246448	0.184132	0.184132	0.246448	0.30078	0.246448	0.117166	0.184132	0.246448	0.184132
8 rounds of non-Gaussian ED iteration : ground-state energy is -96.2187 | electron energy -96.9986 + phonon energy 0.779924 | electron momentum kIdx = 0
Nq = 	16	0.0990782	0.183471	0.0990782	0.0990782	0.183471	0.243619	0.183471	0.183471	0.243619	11.7819	0.243619	0.0990782	0.183471	0.243619	0.183471
Sq = 	1.64624e-19	0.0635871	0.112023	0.0635871	0.0635872	0.112023	0.155923	0.112023	0.112023	0.155923	0.196317	0.155923	0.0635872	0.112023	0.155923	0.112023
9 rounds of non-Gaussian ED iteration : ground-state energy is -104.721 | electron energy -105.603 + phonon energy 0.881792 | electron momentum kIdx = 0
Nq = 	16	0.0367874	0.0711024	0.0367874	0.0367874	0.0711024	0.103276	0.0711024	0.0711024	0.103276	13.9833	0.103276	0.0367874	0.0711024	0.103276	0.0711024
Sq = 	-5.44946e-19	0.0347205	0.0654757	0.0347205	0.0347205	0.0654757	0.0941565	0.0654757	0.0654757	0.0941565	0.121471	0.0941565	0.0347205	0.0654757	0.0941565	0.0654757
10 rounds of non-Gaussian ED iteration : ground-state energy is -112.108 | electron energy -112.942 + phonon energy 0.834709 | electron momentum kIdx = 0
Nq = 	16	0.0263529	0.0511452	0.0263529	0.0263529	0.0511452	0.0748029	0.0511452	0.0511452	0.0748029	14.4949	0.0748029	0.0263529	0.0511452	0.0748029	0.0511452
Sq = 	2.32754e-19	0.0260808	0.0502067	0.0260808	0.0260808	0.0502067	0.0731752	0.0502067	0.0502067	0.0731752	0.0953803	0.0731752	0.0260808	0.0502067	0.0731752	0.0502067
11 rounds of non-Gaussian ED iteration : ground-state energy is -117.425 | electron energy -118.169 + phonon energy 0.744908 | electron momentum kIdx = 0
Nq = 	16	0.0213015	0.0414891	0.0213015	0.0213015	0.0414891	0.0609003	0.0414891	0.0414891	0.0609003	14.7679	0.0609003	0.0213015	0.0414891	0.0609003	0.0414891
Sq = 	-2.40198e-19	0.0212572	0.0412996	0.0212572	0.0212572	0.0412996	0.0605645	0.0412996	0.0412996	0.0605645	0.0792997	0.0605645	0.0212572	0.0412996	0.0605645	0.0412996
12 rounds of non-Gaussian ED iteration : ground-state energy is -121.118 | electron energy -121.787 + phonon energy 0.668403 | electron momentum kIdx = 0
Nq = 	16	0.0184354	0.0360095	0.0184354	0.0184354	0.0360095	0.0529789	0.0360095	0.0360095	0.0529789	14.9274	0.0529789	0.0184354	0.0360095	0.0529789	0.0360095
Sq = 	-2.50629e-19	0.0184344	0.0359846	0.0184344	0.0184344	0.0359846	0.0529387	0.0359846	0.0359846	0.0529387	0.069473	0.0529387	0.0184344	0.0359846	0.0529387	0.0359846
13 rounds of non-Gaussian ED iteration : ground-state energy is -123.667 | electron energy -124.283 + phonon energy 0.616234 | electron momentum kIdx = 0
Nq = 	16	0.0168597	0.0329901	0.0168597	0.0168597	0.0329901	0.0486009	0.0329901	0.0329901	0.0486009	15.0162	0.0486009	0.0168597	0.0329901	0.0486009	0.0329901
Sq = 	2.60492e-20	0.0168688	0.0330094	0.0168688	0.0168688	0.0330094	0.048644	0.0330094	0.0330094	0.048644	0.0639142	0.048644	0.0168688	0.0330094	0.048644	0.0330094
14 rounds of non-Gaussian ED iteration : ground-state energy is -125.425 | electron energy -126.009 + phonon energy 0.583886 | electron momentum kIdx = 0
Nq = 	16	0.0159815	0.0313038	0.0159815	0.0159815	0.0313038	0.0461514	0.0313038	0.0313038	0.0461514	15.066	0.0461514	0.0159815	0.0313038	0.0461514	0.0313038
Sq = 	1.18095e-19	0.0159933	0.0313381	0.0159933	0.0159933	0.0313381	0.0462241	0.0313381	0.0313381	0.0462241	0.0607755	0.0462241	0.0159933	0.0313381	0.0462241	0.0313381
15 rounds of non-Gaussian ED iteration : ground-state energy is -126.656 | electron energy -127.221 + phonon energy 0.564949 | electron momentum kIdx = 0
Nq = 	16	0.0154764	0.0303326	0.0154764	0.0154764	0.0303326	0.0447387	0.0303326	0.0303326	0.0447387	15.0947	0.0447387	0.0154764	0.0303326	0.0447387	0.0303326
Sq = 	2.04343e-19	0.0154892	0.0303733	0.0154892	0.0154892	0.0303733	0.0448251	0.0303733	0.0303733	0.0448251	0.0589591	0.0448251	0.0154892	0.0303733	0.0448251	0.0303733
16 rounds of non-Gaussian ED iteration : ground-state energy is -127.54 | electron energy -128.094 + phonon energy 0.554318 | electron momentum kIdx = 0
Nq = 	16	0.0151763	0.0297547	0.0151763	0.0151763	0.0297547	0.0438974	0.0297547	0.0297547	0.0438974	15.1118	0.0438974	0.0151763	0.0297547	0.0438974	0.0297547
Sq = 	2.71303e-19	0.0151894	0.029799	0.0151894	0.0151894	0.029799	0.0439917	0.029799	0.029799	0.0439917	0.0578765	0.0439917	0.0151894	0.029799	0.0439917	0.029799
17 rounds of non-Gaussian ED iteration : ground-state energy is -128.196 | electron energy -128.744 + phonon energy 0.548519 | electron momentum kIdx = 0
Nq = 	16	0.0149919	0.0293994	0.0149919	0.0149919	0.0293994	0.0433796	0.0293994	0.0293994	0.0433796	15.1223	0.0433796	0.0149919	0.0293994	0.0433796	0.0293994
Sq = 	-7.70843e-21	0.0150053	0.029446	0.0150053	0.0150053	0.029446	0.0434793	0.029446	0.029446	0.0434793	0.0572109	0.0434793	0.0150053	0.029446	0.0434793	0.029446
18 rounds of non-Gaussian ED iteration : ground-state energy is -128.696 | electron energy -129.242 + phonon energy 0.545382 | electron momentum kIdx = 0
Nq = 	16	0.0148746	0.029173	0.0148746	0.0148746	0.029173	0.0430496	0.029173	0.029173	0.0430496	15.129	0.0430496	0.0148746	0.029173	0.0430496	0.029173
Sq = 	-7.20062e-20	0.0148882	0.0292214	0.0148882	0.0148882	0.0292214	0.0431533	0.0292214	0.0292214	0.0431533	0.0567874	0.0431533	0.0148882	0.0292214	0.0431533	0.0292214
19 rounds of non-Gaussian ED iteration : ground-state energy is -129.087 | electron energy -129.631 + phonon energy 0.54364 | electron momentum kIdx = 0
Nq = 	16	0.0147972	0.0290234	0.0147972	0.0147972	0.0290234	0.0428313	0.0290234	0.0290234	0.0428313	15.1334	0.0428313	0.0147972	0.0290234	0.0428313	0.0290234
Sq = 	-5.3621e-19	0.0148109	0.0290731	0.0148109	0.0148109	0.0290731	0.0429381	0.0290731	0.0290731	0.0429381	0.0565079	0.0429381	0.0148109	0.0290731	0.0429381	0.0290731
20 rounds of non-Gaussian ED iteration : ground-state energy is -129.398 | electron energy -129.94 + phonon energy 0.542594 | electron momentum kIdx = 0
Nq = 	16	0.0147441	0.0289208	0.0147441	0.0147441	0.0289208	0.0426814	0.0289208	0.0289208	0.0426814	15.1364	0.0426814	0.0147441	0.0289208	0.0426814	0.0289208
Sq = 	-1.80944e-19	0.0147579	0.0289716	0.0147579	0.0147579	0.0289716	0.0427907	0.0289716	0.0289716	0.0427907	0.0563167	0.0427907	0.0147579	0.0289716	0.0427907	0.0289716
21 rounds of non-Gaussian ED iteration : ground-state energy is -129.647 | electron energy -130.188 + phonon energy 0.54188 | electron momentum kIdx = 0
Nq = 	16	0.0147065	0.028848	0.0147065	0.0147065	0.028848	0.042575	0.028848	0.028848	0.042575	15.1386	0.042575	0.0147065	0.028848	0.042575	0.028848
Sq = 	1.10556e-19	0.0147204	0.0288996	0.0147204	0.0147204	0.0288996	0.0426863	0.0288996	0.0288996	0.0426863	0.0561812	0.0426863	0.0147204	0.0288996	0.0426863	0.0288996
22 rounds of non-Gaussian ED iteration : ground-state energy is -129.848 | electron energy -130.389 + phonon energy 0.541322 | electron momentum kIdx = 0
Nq = 	16	0.014679	0.0287947	0.014679	0.014679	0.0287947	0.0424972	0.0287947	0.0287947	0.0424972	15.1402	0.0424972	0.014679	0.0287947	0.0424972	0.0287947
Sq = 	5.40806e-20	0.014693	0.0288471	0.014693	0.014693	0.0288471	0.0426101	0.0288471	0.0288471	0.0426101	0.0560823	0.0426101	0.014693	0.0288471	0.0426101	0.0288471
23 rounds of non-Gaussian ED iteration : ground-state energy is -130.011 | electron energy -130.552 + phonon energy 0.540842 | electron momentum kIdx = 0
Nq = 	16	0.0146584	0.0287548	0.0146584	0.0146584	0.0287548	0.0424387	0.0287548	0.0287548	0.0424387	15.1413	0.0424387	0.0146584	0.0287548	0.0424387	0.0287548
Sq = 	-5.54957e-19	0.0146724	0.0288077	0.0146724	0.0146724	0.0288077	0.042553	0.0288077	0.0288077	0.042553	0.0560082	0.042553	0.0146724	0.0288077	0.042553	0.0288077
24 rounds of non-Gaussian ED iteration : ground-state energy is -130.145 | electron energy -130.685 + phonon energy 0.54041 | electron momentum kIdx = 0
Nq = 	16	0.0146426	0.0287242	0.0146426	0.0146426	0.0287242	0.042394	0.0287242	0.0287242	0.042394	15.1422	0.042394	0.0146426	0.0287242	0.042394	0.0287242
Sq = 	4.2897e-19	0.0146567	0.0287776	0.0146567	0.0146567	0.0287776	0.0425094	0.0287776	0.0287776	0.0425094	0.0559516	0.0425094	0.0146567	0.0287776	0.0425094	0.0287776
25 rounds of non-Gaussian ED iteration : ground-state energy is -130.253 | electron energy -130.793 + phonon energy 0.540016 | electron momentum kIdx = 0
Nq = 	16	0.0146304	0.0287004	0.0146304	0.0146304	0.0287004	0.0423592	0.0287004	0.0287004	0.0423592	15.1429	0.0423592	0.0146304	0.0287004	0.0423592	0.0287004
Sq = 	-3.19122e-19	0.0146445	0.0287542	0.0146445	0.0146445	0.0287542	0.0424755	0.0287542	0.0287542	0.0424755	0.0559077	0.0424755	0.0146445	0.0287542	0.0424755	0.0287542
26 rounds of non-Gaussian ED iteration : ground-state energy is -130.342 | electron energy -130.881 + phonon energy 0.539658 | electron momentum kIdx = 0
Nq = 	16	0.0146208	0.0286817	0.0146208	0.0146208	0.0286817	0.0423318	0.0286817	0.0286817	0.0423318	15.1435	0.0423318	0.0146208	0.0286817	0.0423318	0.0286817
Sq = 	2.46566e-20	0.0146349	0.0287358	0.0146349	0.0146349	0.0287358	0.0424488	0.0287358	0.0287358	0.0424488	0.0558731	0.0424488	0.0146349	0.0287358	0.0424488	0.0287358
27 rounds of non-Gaussian ED iteration : ground-state energy is -130.414 | electron energy -130.954 + phonon energy 0.539336 | electron momentum kIdx = 0
Nq = 	16	0.0146131	0.0286669	0.0146131	0.0146131	0.0286669	0.0423101	0.0286669	0.0286669	0.0423101	15.1439	0.0423101	0.0146131	0.0286669	0.0423101	0.0286669
Sq = 	2.53359e-19	0.0146273	0.0287212	0.0146273	0.0146273	0.0287212	0.0424277	0.0287212	0.0287212	0.0424277	0.0558457	0.0424277	0.0146273	0.0287212	0.0424277	0.0287212
28 rounds of non-Gaussian ED iteration : ground-state energy is -130.474 | electron energy -131.013 + phonon energy 0.53905 | electron momentum kIdx = 0
Nq = 	16	0.014607	0.028655	0.014607	0.014607	0.028655	0.0422927	0.028655	0.028655	0.0422927	15.1443	0.0422927	0.014607	0.028655	0.0422927	0.028655
Sq = 	-2.80428e-19	0.0146212	0.0287096	0.0146212	0.0146212	0.0287096	0.0424108	0.0287096	0.0287096	0.0424108	0.0558238	0.0424108	0.0146212	0.0287096	0.0424108	0.0287096
29 rounds of non-Gaussian ED iteration : ground-state energy is -130.522 | electron energy -131.061 + phonon energy 0.5388 | electron momentum kIdx = 0
Nq = 	16	0.0146021	0.0286455	0.0146021	0.0146021	0.0286455	0.0422787	0.0286455	0.0286455	0.0422787	15.1445	0.0422787	0.0146021	0.0286455	0.0422787	0.0286455
Sq = 	-1.79621e-19	0.0146163	0.0287002	0.0146163	0.0146163	0.0287002	0.0423972	0.0287002	0.0287002	0.0423972	0.0558062	0.0423972	0.0146163	0.0287002	0.0423972	0.0287002
30 rounds of non-Gaussian ED iteration : ground-state energy is -130.562 | electron energy -131.1 + phonon energy 0.538583 | electron momentum kIdx = 0
Nq = 	16	0.0145981	0.0286378	0.0145981	0.0145981	0.0286378	0.0422674	0.0286378	0.0286378	0.0422674	15.1448	0.0422674	0.0145981	0.0286378	0.0422674	0.0286378
Sq = 	5.37801e-21	0.0146124	0.0286926	0.0146124	0.0146124	0.0286926	0.0423862	0.0286926	0.0286926	0.0423862	0.055792	0.0423862	0.0146124	0.0286926	0.0423862	0.0286926
31 rounds of non-Gaussian ED iteration : ground-state energy is -130.594 | electron energy -131.133 + phonon energy 0.538397 | electron momentum kIdx = 0
Nq = 	16	0.0145949	0.0286315	0.0145949	0.0145949	0.0286315	0.0422582	0.0286315	0.0286315	0.0422582	15.145	0.0422582	0.0145949	0.0286315	0.0422582	0.0286315
Sq = 	-2.53643e-19	0.0146092	0.0286865	0.0146092	0.0146092	0.0286865	0.0423773	0.0286865	0.0286865	0.0423773	0.0557804	0.0423773	0.0146092	0.0286865	0.0423773	0.0286865
32 rounds of non-Gaussian ED iteration : ground-state energy is -130.621 | electron energy -131.159 + phonon energy 0.538238 | electron momentum kIdx = 0
Nq = 	16	0.0145923	0.0286264	0.0145923	0.0145923	0.0286264	0.0422508	0.0286264	0.0286264	0.0422508	15.1451	0.0422508	0.0145923	0.0286264	0.0422508	0.0286264
Sq = 	-2.69056e-19	0.0146065	0.0286815	0.0146065	0.0146065	0.0286815	0.0423701	0.0286815	0.0286815	0.0423701	0.0557711	0.0423701	0.0146065	0.0286815	0.0423701	0.0286815
33 rounds of non-Gaussian ED iteration : ground-state energy is -130.642 | electron energy -131.18 + phonon energy 0.538103 | electron momentum kIdx = 0
Nq = 	16	0.0145902	0.0286223	0.0145902	0.0145902	0.0286223	0.0422447	0.0286223	0.0286223	0.0422447	15.1452	0.0422447	0.0145902	0.0286223	0.0422447	0.0286223
Sq = 	-5.73575e-20	0.0146044	0.0286774	0.0146044	0.0146044	0.0286774	0.0423642	0.0286774	0.0286774	0.0423642	0.0557635	0.0423642	0.0146044	0.0286774	0.0423642	0.0286774
34 rounds of non-Gaussian ED iteration : ground-state energy is -130.66 | electron energy -131.198 + phonon energy 0.537989 | electron momentum kIdx = 0
Nq = 	16	0.0145884	0.0286189	0.0145884	0.0145884	0.0286189	0.0422397	0.0286189	0.0286189	0.0422397	15.1453	0.0422397	0.0145884	0.0286189	0.0422397	0.0286189
Sq = 	2.20966e-19	0.0146027	0.0286741	0.0146027	0.0146027	0.0286741	0.0423594	0.0286741	0.0286741	0.0423594	0.0557572	0.0423594	0.0146027	0.0286741	0.0423594	0.0286741
35 rounds of non-Gaussian ED iteration : ground-state energy is -130.675 | electron energy -131.213 + phonon energy 0.537893 | electron momentum kIdx = 0
Nq = 	16	0.014587	0.0286161	0.014587	0.014587	0.0286161	0.0422357	0.0286161	0.0286161	0.0422357	15.1454	0.0422357	0.014587	0.0286161	0.0422357	0.0286161
Sq = 	3.7652e-19	0.0146013	0.0286714	0.0146013	0.0146013	0.0286714	0.0423555	0.0286714	0.0286714	0.0423555	0.0557521	0.0423555	0.0146013	0.0286714	0.0423555	0.0286714
36 rounds of non-Gaussian ED iteration : ground-state energy is -130.687 | electron energy -131.224 + phonon energy 0.537813 | electron momentum kIdx = 0
Nq = 	16	0.0145858	0.0286139	0.0145858	0.0145858	0.0286139	0.0422324	0.0286139	0.0286139	0.0422324	15.1455	0.0422324	0.0145858	0.0286139	0.0422324	0.0286139
Sq = 	7.00348e-20	0.0146001	0.0286692	0.0146001	0.0146001	0.0286692	0.0423523	0.0286692	0.0286692	0.0423523	0.055748	0.0423523	0.0146001	0.0286692	0.0423523	0.0286692
37 rounds of non-Gaussian ED iteration : ground-state energy is -130.696 | electron energy -131.234 + phonon energy 0.537746 | electron momentum kIdx = 0
Nq = 	16	0.0145849	0.028612	0.0145849	0.0145849	0.028612	0.0422296	0.028612	0.028612	0.0422296	15.1455	0.0422296	0.0145849	0.028612	0.0422296	0.028612
Sq = 	-1.90299e-19	0.0145992	0.0286673	0.0145992	0.0145992	0.0286673	0.0423496	0.0286673	0.0286673	0.0423496	0.0557446	0.0423496	0.0145992	0.0286673	0.0423496	0.0286673
38 rounds of non-Gaussian ED iteration : ground-state energy is -130.704 | electron energy -131.242 + phonon energy 0.537691 | electron momentum kIdx = 0
Nq = 	16	0.0145841	0.0286105	0.0145841	0.0145841	0.0286105	0.0422274	0.0286105	0.0286105	0.0422274	15.1456	0.0422274	0.0145841	0.0286105	0.0422274	0.0286105
Sq = 	-4.1413e-19	0.0145984	0.0286659	0.0145984	0.0145984	0.0286659	0.0423475	0.0286659	0.0286659	0.0423475	0.0557418	0.0423475	0.0145984	0.0286659	0.0423475	0.0286659
39 rounds of non-Gaussian ED iteration : ground-state energy is -130.711 | electron energy -131.249 + phonon energy 0.537645 | electron momentum kIdx = 0
Nq = 	16	0.0145835	0.0286093	0.0145835	0.0145835	0.0286093	0.0422256	0.0286093	0.0286093	0.0422256	15.1456	0.0422256	0.0145835	0.0286093	0.0422256	0.0286093
Sq = 	-1.57238e-19	0.0145978	0.0286646	0.0145978	0.0145978	0.0286646	0.0423457	0.0286646	0.0286646	0.0423457	0.0557395	0.0423457	0.0145978	0.0286646	0.0423457	0.0286646
40 rounds of non-Gaussian ED iteration : ground-state energy is -130.716 | electron energy -131.254 + phonon energy 0.537606 | electron momentum kIdx = 0
Nq = 	16	0.0145829	0.0286082	0.0145829	0.0145829	0.0286082	0.0422241	0.0286082	0.0286082	0.0422241	15.1456	0.0422241	0.0145829	0.0286082	0.0422241	0.0286082
Sq = 	-5.06172e-19	0.0145972	0.0286636	0.0145972	0.0145972	0.0286636	0.0423443	0.0286636	0.0286636	0.0423443	0.0557376	0.0423443	0.0145972	0.0286636	0.0423443	0.0286636
41 rounds of non-Gaussian ED iteration : ground-state energy is -130.721 | electron energy -131.258 + phonon energy 0.537574 | electron momentum kIdx = 0
Nq = 	16	0.0145825	0.0286074	0.0145825	0.0145825	0.0286074	0.0422228	0.0286074	0.0286074	0.0422228	15.1457	0.0422228	0.0145825	0.0286074	0.0422228	0.0286074
Sq = 	-2.64228e-20	0.0145968	0.0286628	0.0145968	0.0145968	0.0286628	0.0423431	0.0286628	0.0286628	0.0423431	0.0557361	0.0423431	0.0145968	0.0286628	0.0423431	0.0286628
42 rounds of non-Gaussian ED iteration : ground-state energy is -130.724 | electron energy -131.262 + phonon energy 0.537548 | electron momentum kIdx = 0
Nq = 	16	0.0145821	0.0286067	0.0145821	0.0145821	0.0286067	0.0422218	0.0286067	0.0286067	0.0422218	15.1457	0.0422218	0.0145821	0.0286067	0.0422218	0.0286067
Sq = 	-3.35388e-19	0.0145964	0.0286621	0.0145964	0.0145964	0.0286621	0.0423421	0.0286621	0.0286621	0.0423421	0.0557348	0.0423421	0.0145964	0.0286621	0.0423421	0.0286621
43 rounds of non-Gaussian ED iteration : ground-state energy is -130.727 | electron energy -131.265 + phonon energy 0.537526 | electron momentum kIdx = 0
Nq = 	16	0.0145819	0.0286061	0.0145819	0.0145819	0.0286061	0.042221	0.0286061	0.0286061	0.042221	15.1457	0.042221	0.0145819	0.0286061	0.042221	0.0286061
Sq = 	1.32215e-19	0.0145962	0.0286616	0.0145962	0.0145962	0.0286616	0.0423413	0.0286616	0.0286616	0.0423413	0.0557337	0.0423413	0.0145962	0.0286616	0.0423413	0.0286616
44 rounds of non-Gaussian ED iteration : ground-state energy is -130.73 | electron energy -131.267 + phonon energy 0.537508 | electron momentum kIdx = 0
Nq = 	16	0.0145816	0.0286057	0.0145816	0.0145816	0.0286057	0.0422203	0.0286057	0.0286057	0.0422203	15.1457	0.0422203	0.0145816	0.0286057	0.0422203	0.0286057
Sq = 	-3.00809e-19	0.0145959	0.0286611	0.0145959	0.0145959	0.0286611	0.0423406	0.0286611	0.0286611	0.0423406	0.0557329	0.0423406	0.0145959	0.0286611	0.0423406	0.0286611
45 rounds of non-Gaussian ED iteration : ground-state energy is -130.732 | electron energy -131.269 + phonon energy 0.537494 | electron momentum kIdx = 0
Nq = 	16	0.0145814	0.0286053	0.0145814	0.0145814	0.0286053	0.0422198	0.0286053	0.0286053	0.0422198	15.1457	0.0422198	0.0145814	0.0286053	0.0422198	0.0286053
Sq = 	7.34144e-20	0.0145957	0.0286607	0.0145957	0.0145957	0.0286607	0.0423401	0.0286607	0.0286607	0.0423401	0.0557322	0.0423401	0.0145957	0.0286607	0.0423401	0.0286607
46 rounds of non-Gaussian ED iteration : ground-state energy is -130.733 | electron energy -131.271 + phonon energy 0.537481 | electron momentum kIdx = 0
Nq = 	16	0.0145813	0.028605	0.0145813	0.0145813	0.028605	0.0422193	0.028605	0.028605	0.0422193	15.1457	0.0422193	0.0145813	0.028605	0.0422193	0.028605
Sq = 	-2.26407e-19	0.0145956	0.0286604	0.0145956	0.0145956	0.0286604	0.0423396	0.0286604	0.0286604	0.0423396	0.0557316	0.0423396	0.0145956	0.0286604	0.0423396	0.0286604
47 rounds of non-Gaussian ED iteration : ground-state energy is -130.734 | electron energy -131.272 + phonon energy 0.537471 | electron momentum kIdx = 0
Nq = 	16	0.0145811	0.0286047	0.0145811	0.0145811	0.0286047	0.0422189	0.0286047	0.0286047	0.0422189	15.1457	0.0422189	0.0145811	0.0286047	0.0422189	0.0286047
Sq = 	-1.95395e-19	0.0145954	0.0286602	0.0145954	0.0145954	0.0286602	0.0423393	0.0286602	0.0286602	0.0423393	0.0557311	0.0423393	0.0145954	0.0286602	0.0423393	0.0286602
48 rounds of non-Gaussian ED iteration : ground-state energy is -130.736 | electron energy -131.273 + phonon energy 0.537463 | electron momentum kIdx = 0
Nq = 	16	0.014581	0.0286045	0.014581	0.014581	0.0286045	0.0422186	0.0286045	0.0286045	0.0422186	15.1457	0.0422186	0.014581	0.0286045	0.0422186	0.0286045
Sq = 	-4.54675e-20	0.0145953	0.02866	0.0145953	0.0145953	0.02866	0.042339	0.02866	0.02866	0.042339	0.0557307	0.042339	0.0145953	0.02866	0.042339	0.02866
49 rounds of non-Gaussian ED iteration : ground-state energy is -130.736 | electron energy -131.274 + phonon energy 0.537456 | electron momentum kIdx = 0
Nq = 	16	0.0145809	0.0286043	0.0145809	0.0145809	0.0286043	0.0422183	0.0286043	0.0286043	0.0422183	15.1458	0.0422183	0.0145809	0.0286043	0.0422183	0.0286043
Sq = 	-2.13852e-19	0.0145952	0.0286598	0.0145952	0.0145952	0.0286598	0.0423387	0.0286598	0.0286598	0.0423387	0.0557304	0.0423387	0.0145952	0.0286598	0.0423387	0.0286598
50 rounds of non-Gaussian ED iteration : ground-state energy is -130.737 | electron energy -131.275 + phonon energy 0.53745 | electron momentum kIdx = 0
Nq = 	16	0.0145809	0.0286042	0.0145809	0.0145809	0.0286042	0.0422181	0.0286042	0.0286042	0.0422181	15.1458	0.0422181	0.0145809	0.0286042	0.0422181	0.0286042
Sq = 	3.14389e-20	0.0145952	0.0286597	0.0145952	0.0145952	0.0286597	0.0423385	0.0286597	0.0286597	0.0423385	0.0557301	0.0423385	0.0145952	0.0286597	0.0423385	0.0286597
51 rounds of non-Gaussian ED iteration : ground-state energy is -130.738 | electron energy -131.275 + phonon energy 0.537446 | electron momentum kIdx = 0
Nq = 	16	0.0145808	0.0286041	0.0145808	0.0145808	0.0286041	0.042218	0.0286041	0.0286041	0.042218	15.1458	0.042218	0.0145808	0.0286041	0.042218	0.0286041
Sq = 	2.14059e-19	0.0145951	0.0286595	0.0145951	0.0145951	0.0286595	0.0423383	0.0286595	0.0286595	0.0423383	0.0557299	0.0423383	0.0145951	0.0286595	0.0423383	0.0286595
52 rounds of non-Gaussian ED iteration : ground-state energy is -130.738 | electron energy -131.276 + phonon energy 0.537442 | electron momentum kIdx = 0
Nq = 	16	0.0145807	0.028604	0.0145807	0.0145807	0.028604	0.0422178	0.028604	0.028604	0.0422178	15.1458	0.0422178	0.0145807	0.028604	0.0422178	0.028604
Sq = 	2.35792e-19	0.014595	0.0286594	0.014595	0.014595	0.0286594	0.0423382	0.0286594	0.0286594	0.0423382	0.0557297	0.0423382	0.014595	0.0286594	0.0423382	0.0286594
53 rounds of non-Gaussian ED iteration : ground-state energy is -130.739 | electron energy -131.276 + phonon energy 0.537439 | electron momentum kIdx = 0
Nq = 	16	0.0145807	0.0286039	0.0145807	0.0145807	0.0286039	0.0422177	0.0286039	0.0286039	0.0422177	15.1458	0.0422177	0.0145807	0.0286039	0.0422177	0.0286039
Sq = 	1.50933e-19	0.014595	0.0286594	0.014595	0.014595	0.0286594	0.0423381	0.0286594	0.0286594	0.0423381	0.0557296	0.0423381	0.014595	0.0286594	0.0423381	0.0286594
54 rounds of non-Gaussian ED iteration : ground-state energy is -130.739 | electron energy -131.276 + phonon energy 0.537436 | electron momentum kIdx = 0
Nq = 	16	0.0145807	0.0286038	0.0145807	0.0145807	0.0286038	0.0422176	0.0286038	0.0286038	0.0422176	15.1458	0.0422176	0.0145807	0.0286038	0.0422176	0.0286038
Sq = 	2.05497e-19	0.014595	0.0286593	0.014595	0.014595	0.0286593	0.042338	0.0286593	0.0286593	0.042338	0.0557295	0.042338	0.014595	0.0286593	0.042338	0.0286593
55 rounds of non-Gaussian ED iteration : ground-state energy is -130.739 | electron energy -131.277 + phonon energy 0.537434 | electron momentum kIdx = 0
Nq = 	16	0.0145806	0.0286038	0.0145806	0.0145806	0.0286038	0.0422175	0.0286038	0.0286038	0.0422175	15.1458	0.0422175	0.0145806	0.0286038	0.0422175	0.0286038
Sq = 	8.80092e-21	0.0145949	0.0286593	0.0145949	0.0145949	0.0286593	0.0423379	0.0286593	0.0286593	0.0423379	0.0557294	0.0423379	0.0145949	0.0286593	0.0423379	0.0286593
56 rounds of non-Gaussian ED iteration : ground-state energy is -130.739 | electron energy -131.277 + phonon energy 0.537432 | electron momentum kIdx = 0
Nq = 	16	0.0145806	0.0286037	0.0145806	0.0145806	0.0286037	0.0422175	0.0286037	0.0286037	0.0422175	15.1458	0.0422175	0.0145806	0.0286037	0.0422175	0.0286037
Sq = 	1.91296e-19	0.0145949	0.0286592	0.0145949	0.0145949	0.0286592	0.0423379	0.0286592	0.0286592	0.0423379	0.0557293	0.0423379	0.0145949	0.0286592	0.0423379	0.0286592
57 rounds of non-Gaussian ED iteration : ground-state energy is -130.74 | electron energy -131.277 + phonon energy 0.537431 | electron momentum kIdx = 0
Nq = 	16	0.0145806	0.0286037	0.0145806	0.0145806	0.0286037	0.0422174	0.0286037	0.0286037	0.0422174	15.1458	0.0422174	0.0145806	0.0286037	0.0422174	0.0286037
Sq = 	5.72441e-20	0.0145949	0.0286592	0.0145949	0.0145949	0.0286592	0.0423378	0.0286592	0.0286592	0.0423378	0.0557292	0.0423378	0.0145949	0.0286592	0.0423378	0.0286592
58 rounds of non-Gaussian ED iteration : ground-state energy is -130.74 | electron energy -131.277 + phonon energy 0.53743 | electron momentum kIdx = 0
Nq = 	16	0.0145806	0.0286037	0.0145806	0.0145806	0.0286037	0.0422174	0.0286037	0.0286037	0.0422174	15.1458	0.0422174	0.0145806	0.0286037	0.0422174	0.0286037
Sq = 	-4.91303e-19	0.0145949	0.0286591	0.0145949	0.0145949	0.0286591	0.0423378	0.0286591	0.0286591	0.0423378	0.0557292	0.0423378	0.0145949	0.0286591	0.0423378	0.0286591
59 rounds of non-Gaussian ED iteration : ground-state energy is -130.74 | electron energy -131.277 + phonon energy 0.537429 | electron momentum kIdx = 0
Nq = 	16	0.0145806	0.0286036	0.0145806	0.0145806	0.0286036	0.0422173	0.0286036	0.0286036	0.0422173	15.1458	0.0422173	0.0145806	0.0286036	0.0422173	0.0286036
Sq = 	-1.17488e-19	0.0145949	0.0286591	0.0145949	0.0145949	0.0286591	0.0423377	0.0286591	0.0286591	0.0423377	0.0557291	0.0423377	0.0145949	0.0286591	0.0423377	0.0286591
60 rounds of non-Gaussian ED iteration : ground-state energy is -130.74 | electron energy -131.277 + phonon energy 0.537428 | electron momentum kIdx = 0
Nq = 	16	0.0145806	0.0286036	0.0145806	0.0145806	0.0286036	0.0422173	0.0286036	0.0286036	0.0422173	15.1458	0.0422173	0.0145806	0.0286036	0.0422173	0.0286036
Sq = 	1.3344e-19	0.0145949	0.0286591	0.0145949	0.0145949	0.0286591	0.0423377	0.0286591	0.0286591	0.0423377	0.0557291	0.0423377	0.0145949	0.0286591	0.0423377	0.0286591
61 rounds of non-Gaussian ED iteration : ground-state energy is -130.74 | electron energy -131.277 + phonon energy 0.537427 | electron momentum kIdx = 0
Nq = 	16	0.0145805	0.0286036	0.0145805	0.0145805	0.0286036	0.0422173	0.0286036	0.0286036	0.0422173	15.1458	0.0422173	0.0145805	0.0286036	0.0422173	0.0286036
Sq = 	2.56137e-20	0.0145949	0.0286591	0.0145949	0.0145949	0.0286591	0.0423377	0.0286591	0.0286591	0.0423377	0.0557291	0.0423377	0.0145949	0.0286591	0.0423377	0.0286591
62 rounds of non-Gaussian ED iteration : ground-state energy is -130.74 | electron energy -131.278 + phonon energy 0.537427 | electron momentum kIdx = 0
Nq = 	16	0.0145805	0.0286036	0.0145805	0.0145805	0.0286036	0.0422172	0.0286036	0.0286036	0.0422172	15.1458	0.0422172	0.0145805	0.0286036	0.0422172	0.0286036
Sq = 	2.84447e-20	0.0145948	0.0286591	0.0145948	0.0145948	0.0286591	0.0423377	0.0286591	0.0286591	0.0423377	0.055729	0.0423377	0.0145948	0.0286591	0.0423377	0.0286591
63 rounds of non-Gaussian ED iteration : ground-state energy is -130.74 | electron energy -131.278 + phonon energy 0.537426 | electron momentum kIdx = 0
Nq = 	16	0.0145805	0.0286036	0.0145805	0.0145805	0.0286036	0.0422172	0.0286036	0.0286036	0.0422172	15.1458	0.0422172	0.0145805	0.0286036	0.0422172	0.0286036
Sq = 	2.79234e-19	0.0145948	0.0286591	0.0145948	0.0145948	0.0286591	0.0423376	0.0286591	0.0286591	0.0423376	0.055729	0.0423376	0.0145948	0.0286591	0.0423376	0.0286591
64 rounds of non-Gaussian ED iteration : ground-state energy is -130.74 | electron energy -131.278 + phonon energy 0.537426 | electron momentum kIdx = 0
Nq = 	16	0.0145805	0.0286036	0.0145805	0.0145805	0.0286036	0.0422172	0.0286036	0.0286036	0.0422172	15.1458	0.0422172	0.0145805	0.0286036	0.0422172	0.0286036
Sq = 	3.01952e-19	0.0145948	0.028659	0.0145948	0.0145948	0.028659	0.0423376	0.028659	0.028659	0.0423376	0.055729	0.0423376	0.0145948	0.028659	0.0423376	0.028659
65 rounds of non-Gaussian ED iteration : ground-state energy is -130.74 | electron energy -131.278 + phonon energy 0.537426 | electron momentum kIdx = 0
Nq = 	16	0.0145805	0.0286035	0.0145805	0.0145805	0.0286035	0.0422172	0.0286035	0.0286035	0.0422172	15.1458	0.0422172	0.0145805	0.0286035	0.0422172	0.0286035
Sq = 	4.36371e-19	0.0145948	0.028659	0.0145948	0.0145948	0.028659	0.0423376	0.028659	0.028659	0.0423376	0.055729	0.0423376	0.0145948	0.028659	0.0423376	0.028659
66 rounds of non-Gaussian ED iteration : ground-state energy is -130.74 | electron energy -131.278 + phonon energy 0.537425 | electron momentum kIdx = 0
Nq = 	16	0.0145805	0.0286035	0.0145805	0.0145805	0.0286035	0.0422172	0.0286035	0.0286035	0.0422172	15.1458	0.0422172	0.0145805	0.0286035	0.0422172	0.0286035
Sq = 	1.75524e-19	0.0145948	0.028659	0.0145948	0.0145948	0.028659	0.0423376	0.028659	0.028659	0.0423376	0.055729	0.0423376	0.0145948	0.028659	0.0423376	0.028659
67 rounds of non-Gaussian ED iteration : ground-state energy is -130.74 | electron energy -131.278 + phonon energy 0.537425 | electron momentum kIdx = 0
Nq = 	16	0.0145805	0.0286035	0.0145805	0.0145805	0.0286035	0.0422172	0.0286035	0.0286035	0.0422172	15.1458	0.0422172	0.0145805	0.0286035	0.0422172	0.0286035
Sq = 	-1.81506e-19	0.0145948	0.028659	0.0145948	0.0145948	0.028659	0.0423376	0.028659	0.028659	0.0423376	0.055729	0.0423376	0.0145948	0.028659	0.0423376	0.028659
68 rounds of non-Gaussian ED iteration : ground-state energy is -130.74 | electron energy -131.278 + phonon energy 0.537425 | electron momentum kIdx = 0
Nq = 	16	0.0145805	0.0286035	0.0145805	0.0145805	0.0286035	0.0422172	0.0286035	0.0286035	0.0422172	15.1458	0.0422172	0.0145805	0.0286035	0.0422172	0.0286035
Sq = 	2.28451e-19	0.0145948	0.028659	0.0145948	0.0145948	0.028659	0.0423376	0.028659	0.028659	0.0423376	0.0557289	0.0423376	0.0145948	0.028659	0.0423376	0.028659
69 rounds of non-Gaussian ED iteration : ground-state energy is -130.74 | electron energy -131.278 + phonon energy 0.537425 | electron momentum kIdx = 0
Nq = 	16	0.0145805	0.0286035	0.0145805	0.0145805	0.0286035	0.0422172	0.0286035	0.0286035	0.0422172	15.1458	0.0422172	0.0145805	0.0286035	0.0422172	0.0286035
Sq = 	1.25927e-19	0.0145948	0.028659	0.0145948	0.0145948	0.028659	0.0423376	0.028659	0.028659	0.0423376	0.0557289	0.0423376	0.0145948	0.028659	0.0423376	0.028659
70 rounds of non-Gaussian ED iteration : ground-state energy is -130.74 | electron energy -131.278 + phonon energy 0.537425 | electron momentum kIdx = 0
Nq = 	16	0.0145805	0.0286035	0.0145805	0.0145805	0.0286035	0.0422172	0.0286035	0.0286035	0.0422172	15.1458	0.0422172	0.0145805	0.0286035	0.0422172	0.0286035
Sq = 	-1.30389e-19	0.0145948	0.028659	0.0145948	0.0145948	0.028659	0.0423376	0.028659	0.028659	0.0423376	0.0557289	0.0423376	0.0145948	0.028659	0.0423376	0.028659
71 rounds of non-Gaussian ED iteration : ground-state energy is -130.74 | electron energy -131.278 + phonon energy 0.537425 | electron momentum kIdx = 0
Nq = 	16	0.0145805	0.0286035	0.0145805	0.0145805	0.0286035	0.0422172	0.0286035	0.0286035	0.0422172	15.1458	0.0422172	0.0145805	0.0286035	0.0422172	0.0286035
Sq = 	-3.77093e-19	0.0145948	0.028659	0.0145948	0.0145948	0.028659	0.0423376	0.028659	0.028659	0.0423376	0.0557289	0.0423376	0.0145948	0.028659	0.0423376	0.028659
72 rounds of non-Gaussian ED iteration : ground-state energy is -130.74 | electron energy -131.278 + phonon energy 0.537424 | electron momentum kIdx = 0
Nq = 	16	0.0145805	0.0286035	0.0145805	0.0145805	0.0286035	0.0422172	0.0286035	0.0286035	0.0422172	15.1458	0.0422172	0.0145805	0.0286035	0.0422172	0.0286035
Sq = 	1.79206e-19	0.0145948	0.028659	0.0145948	0.0145948	0.028659	0.0423376	0.028659	0.028659	0.0423376	0.0557289	0.0423376	0.0145948	0.028659	0.0423376	0.028659
73 rounds of non-Gaussian ED iteration : ground-state energy is -130.74 | electron energy -131.278 + phonon energy 0.537424 | electron momentum kIdx = 0
Nq = 	16	0.0145805	0.0286035	0.0145805	0.0145805	0.0286035	0.0422172	0.0286035	0.0286035	0.0422172	15.1458	0.0422172	0.0145805	0.0286035	0.0422172	0.0286035
Sq = 	1.83721e-19	0.0145948	0.028659	0.0145948	0.0145948	0.028659	0.0423376	0.028659	0.028659	0.0423376	0.0557289	0.0423376	0.0145948	0.028659	0.0423376	0.028659
74 rounds of non-Gaussian ED iteration : ground-state energy is -130.74 | electron energy -131.278 + phonon energy 0.537424 | electron momentum kIdx = 0
Nq = 	16	0.0145805	0.0286035	0.0145805	0.0145805	0.0286035	0.0422172	0.0286035	0.0286035	0.0422172	15.1458	0.0422172	0.0145805	0.0286035	0.0422172	0.0286035
Sq = 	-7.07835e-20	0.0145948	0.028659	0.0145948	0.0145948	0.028659	0.0423376	0.028659	0.028659	0.0423376	0.0557289	0.0423376	0.0145948	0.028659	0.0423376	0.028659
75 rounds of non-Gaussian ED iteration : ground-state energy is -130.74 | electron energy -131.278 + phonon energy 0.537424 | electron momentum kIdx = 0
Nq = 	16	0.0145805	0.0286035	0.0145805	0.0145805	0.0286035	0.0422172	0.0286035	0.0286035	0.0422172	15.1458	0.0422172	0.0145805	0.0286035	0.0422172	0.0286035
Sq = 	-4.24529e-19	0.0145948	0.028659	0.0145948	0.0145948	0.028659	0.0423376	0.028659	0.028659	0.0423376	0.0557289	0.0423376	0.0145948	0.028659	0.0423376	0.028659
76 rounds of non-Gaussian ED iteration : ground-state energy is -130.74 | electron energy -131.278 + phonon energy 0.537424 | electron momentum kIdx = 0
Nq = 	16	0.0145805	0.0286035	0.0145805	0.0145805	0.0286035	0.0422172	0.0286035	0.0286035	0.0422172	15.1458	0.0422172	0.0145805	0.0286035	0.0422172	0.0286035
Sq = 	-1.34773e-19	0.0145948	0.028659	0.0145948	0.0145948	0.028659	0.0423376	0.028659	0.028659	0.0423376	0.0557289	0.0423376	0.0145948	0.028659	0.0423376	0.028659
77 rounds of non-Gaussian ED iteration : ground-state energy is -130.74 | electron energy -131.278 + phonon energy 0.537424 | electron momentum kIdx = 0
Nq = 	16	0.0145805	0.0286035	0.0145805	0.0145805	0.0286035	0.0422172	0.0286035	0.0286035	0.0422172	15.1458	0.0422172	0.0145805	0.0286035	0.0422172	0.0286035
Sq = 	-3.73394e-20	0.0145948	0.028659	0.0145948	0.0145948	0.028659	0.0423376	0.028659	0.028659	0.0423376	0.0557289	0.0423376	0.0145948	0.028659	0.0423376	0.028659
78 rounds of non-Gaussian ED iteration : ground-state energy is -130.74 | electron energy -131.278 + phonon energy 0.537424 | electron momentum kIdx = 0
Nq = 	16	0.0145805	0.0286035	0.0145805	0.0145805	0.0286035	0.0422172	0.0286035	0.0286035	0.0422172	15.1458	0.0422172	0.0145805	0.0286035	0.0422172	0.0286035
Sq = 	-2.01496e-19	0.0145948	0.028659	0.0145948	0.0145948	0.028659	0.0423376	0.028659	0.028659	0.0423376	0.0557289	0.0423376	0.0145948	0.028659	0.0423376	0.028659
79 rounds of non-Gaussian ED iteration : ground-state energy is -130.74 | electron energy -131.278 + phonon energy 0.537424 | electron momentum kIdx = 0
Nq = 	16	0.0145805	0.0286035	0.0145805	0.0145805	0.0286035	0.0422172	0.0286035	0.0286035	0.0422172	15.1458	0.0422172	0.0145805	0.0286035	0.0422172	0.0286035
Sq = 	2.78189e-19	0.0145948	0.028659	0.0145948	0.0145948	0.028659	0.0423376	0.028659	0.028659	0.0423376	0.0557289	0.0423376	0.0145948	0.028659	0.0423376	0.028659
80 rounds of non-Gaussian ED iteration : ground-state energy is -130.74 | electron energy -131.278 + phonon energy 0.537424 | electron momentum kIdx = 0
Nq = 	16	0.0145805	0.0286035	0.0145805	0.0145805	0.0286035	0.0422172	0.0286035	0.0286035	0.0422172	15.1458	0.0422172	0.0145805	0.0286035	0.0422172	0.0286035
Sq = 	4.99544e-20	0.0145948	0.028659	0.0145948	0.0145948	0.028659	0.0423376	0.028659	0.028659	0.0423376	0.0557289	0.0423376	0.0145948	0.028659	0.0423376	0.028659
