SNEDics v3.4 Non-Gaussian ED ground state program		Start at Thu Sep 26 14:37:17 2019

parallized on 16 MPI threads  * 8 OpenMP threads = 128 total threads.
********************************************************************************************************************
********************************************************************************************************************

********************************************************************************************************************
System parameters and configurations
********************************************************************************************************************
Special program options are enabled: splitted diagonal Hamiltonian
********************************************************************************************************************
Read input file "model_params.in"
	Hubbard-Holstein model parameters : 	t = 1    U = 2.1    g = 2.7386    W = 5    
********************************************************************************************************************
Read input file "hilbertspace_params.in"
	Requested 16-site 2D lattice, with 14 electrons (7, 7)
	Boundary : Periodic		Hilbert space representation : momentum-space (restricted to kIdx = 10)
	Conservation: particle number[U(1)]      spin[U(1)]     momentum
********************************************************************************************************************

Cluster Positions:				Cluster symmetry group : D4
 x ... x ... x ... x .....                       x ... x ... x ... x .....
 |           |           :                       |           |           :
 |           |           :                       |           |           :
12    13    14    15     x                       1     5     6     5     x
 |           |           :                       |           |           :
 |           |           :                       |           |           :
 8 --- 9 ---10 ---11 --- x                       2 --- 6 ---10 --- 6 --- x
 |           |           :                       |           |           :
 |           |           :                       |           |           :
 4     5     6     7     x                       1     5     6     5     x
 |           |           :                       |           |           :
 |           |           :                       |           |           :
 0 --- 1 --- 2 --- 3 --- x                       0 --- 1 --- 2 --- 1 --- x
orbital number : 1
********************************************************************************************************************
Read input file "obs_params.in"
	Observable Type : Nq(All),   Sq(All),   N(All),   Delta[s](All),   Delta[d](All),   Delta[s+](All)
********************************************************************************************************************
** WARNING ** the input observables have non-local factors which have been reinterpreted. The total observable number is 96
********************************************************************************************************************


********************************************************************************************************************
Start calculating the non-Gaussian ED ground state
** WARNING ** Detected low phonon energy W < 10. The initial state will be prepared through a warm-up process.
********************************************************************************************************************
Start warm-up calculation for scaling factor 2
open output files: NGSEDWarmUpW10Obs.txt
********************************************************************************************************************
Start the 0 rounds of NGS-ED iteration
	effective electronic model is modified as: kinetic energy t = 1
	                                           effective interaction Vq = [-0,-0,-0,-0,-0,-0,-0,-0,-0,-0,-0,-0,-0,-0,-0,-0]
	first Hamiltonian is constructed, non-zero numbers = 2178478152
	PARPACK diagonalization completed after 165 matrix-vector product operations.
	iteration results: : total energy is -18.969048 | electron energy -18.969048 + phonon energy 0.000000 | electron momentum kIdx = 10
	Nq(0) = 12.25,	Nq(1) = 0.277433,	Nq(2) = 0.432921,	Nq(3) = 0.277433,	Nq(4) = 0.271208,	Nq(5) = 0.39603,	Nq(6) = 0.47018,	Nq(7) = 0.330638,	Nq(8) = 0.365644,	Nq(9) = 0.474974,	Nq(10) = 0.521807,	Nq(11) = 0.474974,	Nq(12) = 0.271208,	Nq(13) = 0.330638,	Nq(14) = 0.47018,	Nq(15) = 0.39603,	Sq(0) = 1.38123e-17,	Sq(1) = 0.434542,	Sq(2) = 0.512409,	Sq(3) = 0.434542,	Sq(4) = 0.430344,	Sq(5) = 0.564947,	Sq(6) = 0.745551,	Sq(7) = 0.621948,	Sq(8) = 0.605836,	Sq(9) = 0.74841,	Sq(10) = 1.77898,	Sq(11) = 0.74841,	Sq(12) = 0.430344,	Sq(13) = 0.621948,	Sq(14) = 0.745551,	Sq(15) = 0.564947,	N(0) = 1.97489,	N(1) = 1.95222,	N(2) = 0.996975,	N(3) = 1.95222,	N(4) = 1.9518,	N(5) = 0.953978,	N(6) = 0.0343495,	N(7) = 0.0801961,	N(8) = 0.99951,	N(9) = 0.0342057,	N(10) = 0.0151283,	N(11) = 0.0342057,	N(12) = 1.9518,	N(13) = 0.0801961,	N(14) = 0.0343495,	N(15) = 0.953978,	Delta[s](0) = 0.21408,	Delta[s](1) = 0.168372,	Delta[s](2) = 0.135931,	Delta[s](3) = 0.168372,	Delta[s](4) = 0.168094,	Delta[s](5) = 0.134235,	Delta[s](6) = 0.0855437,	Delta[s](7) = 0.107919,	Delta[s](8) = 0.135538,	Delta[s](9) = 0.0859026,	Delta[s](10) = 0.0199665,	Delta[s](11) = 0.0859026,	Delta[s](12) = 0.168094,	Delta[s](13) = 0.107919,	Delta[s](14) = 0.0855437,	Delta[s](15) = 0.134235,	Delta[d](0) = 0.582185,	Delta[d](1) = 0.281997,	Delta[d](2) = 0.270431,	Delta[d](3) = 0.281997,	Delta[d](4) = 0.281838,	Delta[d](5) = 0.144582,	Delta[d](6) = 0.192249,	Delta[d](7) = 0.31403,	Delta[d](8) = 0.270045,	Delta[d](9) = 0.192266,	Delta[d](10) = 0.0656292,	Delta[d](11) = 0.192266,	Delta[d](12) = 0.281838,	Delta[d](13) = 0.31403,	Delta[d](14) = 0.192249,	Delta[d](15) = 0.144582,	Delta[s+](0) = 0.540276,	Delta[s+](1) = 0.403176,	Delta[s+](2) = 0.270431,	Delta[s+](3) = 0.403176,	Delta[s+](4) = 0.402948,	Delta[s+](5) = 0.264924,	Delta[s+](6) = 0.0845471,	Delta[s+](7) = 0.154941,	Delta[s+](8) = 0.270045,	Delta[s+](9) = 0.0843955,	Delta[s+](10) = 0.0114747,	Delta[s+](11) = 0.0843955,	Delta[s+](12) = 0.402948,	Delta[s+](13) = 0.154941,	Delta[s+](14) = 0.0845471,	Delta[s+](15) = 0.264924
The 0-th iteration is completed.	|| time cost : 0h 6m 36.482s
********************************************************************************************************************
Start the 1 rounds of NGS-ED iteration
	effective electronic model is modified as: kinetic energy (tx,ty)=(0.957708, 0.957965)
	                                           effective interaction Vq = [-1.29698, -1.2232,-1.20296, -1.2232,-1.22154,-1.19419,-1.16781,-1.17391,-1.18568,-1.16913,-1.14273,-1.16913,-1.22154,-1.17391,-1.16781,-1.19419]
	PARPACK diagonalization completed after 105 matrix-vector product operations.
	iteration results: : total energy is -41.860380 | electron energy -41.862477 + phonon energy 0.002096 | electron momentum kIdx = 10
The 1-th iteration is completed.	|| time cost : 0h 5m 47.492s
********************************************************************************************************************
Start the 2 rounds of NGS-ED iteration
	effective electronic model is modified as: kinetic energy (tx,ty)=(0.927368, 0.92783)
	                                           effective interaction Vq = [-1.47251, -1.4159,-1.39083, -1.4159,-1.41561, -1.4193,-1.36163,-1.38062,-1.37514,-1.36171,-1.32066,-1.36171,-1.41561,-1.38062,-1.36163, -1.4193]
	PARPACK diagonalization completed after 120 matrix-vector product operations.
	iteration results: : total energy is -45.090376 | electron energy -45.104114 + phonon energy 0.013738 | electron momentum kIdx = 10
The 2-th iteration is completed.	|| time cost : 0h 0m 42.248s
********************************************************************************************************************
Start the 3 rounds of NGS-ED iteration
	effective electronic model is modified as: kinetic energy (tx,ty)=(0.914934, 0.915091)
	                                           effective interaction Vq = [-1.49627,-1.45424, -1.4312,-1.45424,-1.45417,-1.44074,-1.40413,-1.42842,-1.42725,-1.40411,-1.44238,-1.40411,-1.45417,-1.42842,-1.40413,-1.44074]
	PARPACK diagonalization completed after 45 matrix-vector product operations.
	iteration results: : total energy is -45.595796 | electron energy -45.620259 + phonon energy 0.024463 | electron momentum kIdx = 10
The 3-th iteration is completed.	|| time cost : 0h 0m 24.226s
********************************************************************************************************************
Start the 4 rounds of NGS-ED iteration
	effective electronic model is modified as: kinetic energy (tx,ty)=(0.910884, 0.910935)
	                                           effective interaction Vq = [-1.49948,-1.46335,-1.44225,-1.46335,-1.46333,-1.44564,-1.41451,-1.44139,-1.44111, -1.4145,-1.46989, -1.4145,-1.46333,-1.44139,-1.41451,-1.44564]
	PARPACK diagonalization completed after 45 matrix-vector product operations.
	iteration results: : total energy is -45.661036 | electron energy -45.691087 + phonon energy 0.030052 | electron momentum kIdx = 10
The 4-th iteration is completed.	|| time cost : 0h 0m 24.281s
********************************************************************************************************************
Start the 5 rounds of NGS-ED iteration
	effective electronic model is modified as: kinetic energy (tx,ty)=(0.909601, 0.909617)
	                                           effective interaction Vq = [-1.49992,-1.46588,-1.44561,-1.46588,-1.46588,-1.44683,-1.41733,-1.44532,-1.44525,-1.41733,-1.47735,-1.41733,-1.46588,-1.44532,-1.41733,-1.44683]
	PARPACK diagonalization completed after 30 matrix-vector product operations.
	iteration results: : total energy is -45.669309 | electron energy -45.701557 + phonon energy 0.032248 | electron momentum kIdx = 10
The 5-th iteration is completed.	|| time cost : 0h 0m 20.683s
********************************************************************************************************************
Start the 6 rounds of NGS-ED iteration
	effective electronic model is modified as: kinetic energy (tx,ty)=(0.909196, 0.909201)
	                                           effective interaction Vq = [-1.49998,-1.46663,-1.44667,-1.46663,-1.46662,-1.44712,-1.41812,-1.44657,-1.44656,-1.41812,-1.47964,-1.41812,-1.46662,-1.44657,-1.41812,-1.44712]
	PARPACK diagonalization completed after 30 matrix-vector product operations.
	iteration results: : total energy is -45.670357 | electron energy -45.703372 + phonon energy 0.033015 | electron momentum kIdx = 10
The 6-th iteration is completed.	|| time cost : 0h 0m 20.637s
********************************************************************************************************************
Start the 7 rounds of NGS-ED iteration
	effective electronic model is modified as: kinetic energy (tx,ty)=(0.909069, 0.909071)
	                                           effective interaction Vq = [-1.49998,-1.46685,-1.44701,-1.46685,-1.46685,-1.44718,-1.41834,-1.44698,-1.44698,-1.41834,-1.48039,-1.41834,-1.46685,-1.44698,-1.41834,-1.44718]
	PARPACK diagonalization completed after 30 matrix-vector product operations.
	iteration results: : total energy is -45.670491 | electron energy -45.703760 + phonon energy 0.033269 | electron momentum kIdx = 10
The 7-th iteration is completed.	|| time cost : 0h 0m 20.678s
********************************************************************************************************************
Start the 8 rounds of NGS-ED iteration
	effective electronic model is modified as: kinetic energy t = 0.909029
	                                           effective interaction Vq = [-1.49999,-1.46691,-1.44712,-1.46691,-1.46691,-1.44718,-1.41841,-1.44711,-1.44711,-1.41841,-1.48064,-1.41841,-1.46691,-1.44711,-1.41841,-1.44718]
	PARPACK diagonalization completed after 30 matrix-vector product operations.
	iteration results: : total energy is -45.670502 | electron energy -45.703854 + phonon energy 0.033352 | electron momentum kIdx = 10
	Nq(0) = 12.25,	Nq(1) = 0.383094,	Nq(2) = 0.571467,	Nq(3) = 0.383094,	Nq(4) = 0.383094,	Nq(5) = 0.571508,	Nq(6) = 0.64562,	Nq(7) = 0.57146,	Nq(8) = 0.571463,	Nq(9) = 0.645619,	Nq(10) = 1.99839,	Nq(11) = 0.645619,	Nq(12) = 0.383094,	Nq(13) = 0.57146,	Nq(14) = 0.64562,	Nq(15) = 0.571508,	Sq(0) = -1.04438e-17,	Sq(1) = 0.324748,	Sq(2) = 0.353459,	Sq(3) = 0.324748,	Sq(4) = 0.324748,	Sq(5) = 0.353458,	Sq(6) = 0.551394,	Sq(7) = 0.353458,	Sq(8) = 0.353458,	Sq(9) = 0.551393,	Sq(10) = 0.582576,	Sq(11) = 0.551393,	Sq(12) = 0.324748,	Sq(13) = 0.353458,	Sq(14) = 0.551394,	Sq(15) = 0.353458,	N(0) = 1.99661,	N(1) = 1.99079,	N(2) = 0.668442,	N(3) = 1.99079,	N(4) = 1.99079,	N(5) = 0.668532,	N(6) = 0.00665886,	N(7) = 0.668438,	N(8) = 0.668449,	N(9) = 0.00665882,	N(10) = 0.00275815,	N(11) = 0.00665882,	N(12) = 1.99079,	N(13) = 0.668438,	N(14) = 0.00665886,	N(15) = 0.668532,	Delta[s](0) = 0.527725,	Delta[s](1) = 0.264651,	Delta[s](2) = 0.230294,	Delta[s](3) = 0.264651,	Delta[s](4) = 0.264652,	Delta[s](5) = 0.23029,	Delta[s](6) = 0.170001,	Delta[s](7) = 0.230295,	Delta[s](8) = 0.230295,	Delta[s](9) = 0.170002,	Delta[s](10) = 0.247957,	Delta[s](11) = 0.170002,	Delta[s](12) = 0.264652,	Delta[s](13) = 0.230295,	Delta[s](14) = 0.170001,	Delta[s](15) = 0.23029,	Delta[d](0) = 0.236965,	Delta[d](1) = 0.195308,	Delta[d](2) = 0.199079,	Delta[d](3) = 0.195308,	Delta[d](4) = 0.195308,	Delta[d](5) = 0.133226,	Delta[d](6) = 0.144138,	Delta[d](7) = 0.133227,	Delta[d](8) = 0.19908,	Delta[d](9) = 0.144139,	Delta[d](10) = 0.0296966,	Delta[d](11) = 0.144139,	Delta[d](12) = 0.195308,	Delta[d](13) = 0.133227,	Delta[d](14) = 0.144138,	Delta[d](15) = 0.133226,	Delta[s+](0) = 0.457662,	Delta[s+](1) = 0.343721,	Delta[s+](2) = 0.199079,	Delta[s+](3) = 0.343721,	Delta[s+](4) = 0.343721,	Delta[s+](5) = 0.199089,	Delta[s+](6) = 0.070018,	Delta[s+](7) = 0.199078,	Delta[s+](8) = 0.19908,	Delta[s+](9) = 0.0700181,	Delta[s+](10) = 0.0141614,	Delta[s+](11) = 0.0700181,	Delta[s+](12) = 0.343721,	Delta[s+](13) = 0.199078,	Delta[s+](14) = 0.070018,	Delta[s+](15) = 0.199089
The 8-th iteration is completed.	|| time cost : 0h 3m 21.6s
********************************************************************************************************************
********************************************************************************************************************
Ground state is obtained after 9 iterations. The current ground-state energy is -45.6705, in which electron energy is -45.7039 and phonon energy is 0.0333524
final variational state is: 
	Gamma_x = [      1,1.01463,1.02647,1.01463,1.01463,1.02647,1.03523,1.02647,1.02647,1.03523,1.06197,1.03523,1.01463,1.02647,1.03523,1.02647]
	lambda_q = [0.387249,0.329806,0.314614,0.329806,0.329806,0.314629,0.296984,0.314611,0.314612,0.296984,0.343402,0.296984,0.329806,0.314611,0.296984,0.314629]
********************************************************************************************************************
o___o  ----------------------------------------
| L |	Time since last clock: 0h 0m 0s
A===A	Time since the beginning: 0h 18m 18.33s
***********************************************


********************************************************************************************************************
Warm up runs have been completed. Start calculating W = 5 phonon.
open output files: NGSEDIterationObs.txt
********************************************************************************************************************
Start the 0 rounds of NGS-ED iteration
	effective electronic model is modified as: kinetic energy t = 0.909016
	                                           effective interaction Vq = [-1.37123,-1.26255,-1.22829,-1.26255,-1.26255,-1.22833,-1.18564,-1.22829,-1.22829,-1.18564,-1.29126,-1.18564,-1.26255,-1.22829,-1.18564,-1.22833]
	PARPACK diagonalization completed after 30 matrix-vector product operations.
	iteration results: : total energy is -42.101607 | electron energy -42.118297 + phonon energy 0.016690 | electron momentum kIdx = 10
	Nq(0) = 12.25,	Nq(1) = 0.379563,	Nq(2) = 0.55487,	Nq(3) = 0.379563,	Nq(4) = 0.379563,	Nq(5) = 0.554905,	Nq(6) = 0.623134,	Nq(7) = 0.554865,	Nq(8) = 0.554868,	Nq(9) = 0.623133,	Nq(10) = 1.86758,	Nq(11) = 0.623133,	Nq(12) = 0.379563,	Nq(13) = 0.554865,	Nq(14) = 0.623134,	Nq(15) = 0.554905,	Sq(0) = 1.05854e-17,	Sq(1) = 0.348516,	Sq(2) = 0.36514,	Sq(3) = 0.348516,	Sq(4) = 0.348516,	Sq(5) = 0.365139,	Sq(6) = 0.587786,	Sq(7) = 0.365139,	Sq(8) = 0.365139,	Sq(9) = 0.587785,	Sq(10) = 0.60631,	Sq(11) = 0.587785,	Sq(12) = 0.348516,	Sq(13) = 0.365139,	Sq(14) = 0.587786,	Sq(15) = 0.365139,	N(0) = 1.99922,	N(1) = 1.99747,	N(2) = 0.667005,	N(3) = 1.99747,	N(4) = 1.99747,	N(5) = 0.66711,	N(6) = 0.00200111,	N(7) = 0.666998,	N(8) = 0.667011,	N(9) = 0.0020011,	N(10) = 0.000657034,	N(11) = 0.0020011,	N(12) = 1.99747,	N(13) = 0.666998,	N(14) = 0.00200111,	N(15) = 0.66711,	Delta[s](0) = 0.468927,	Delta[s](1) = 0.252283,	Delta[s](2) = 0.222213,	Delta[s](3) = 0.252283,	Delta[s](4) = 0.252283,	Delta[s](5) = 0.222209,	Delta[s](6) = 0.168481,	Delta[s](7) = 0.222213,	Delta[s](8) = 0.222213,	Delta[s](9) = 0.168482,	Delta[s](10) = 0.24357,	Delta[s](11) = 0.168482,	Delta[s](12) = 0.252283,	Delta[s](13) = 0.222213,	Delta[s](14) = 0.168481,	Delta[s](15) = 0.222209,	Delta[d](0) = 0.239236,	Delta[d](1) = 0.201203,	Delta[d](2) = 0.206346,	Delta[d](3) = 0.201203,	Delta[d](4) = 0.201203,	Delta[d](5) = 0.13674,	Delta[d](6) = 0.149917,	Delta[d](7) = 0.136741,	Delta[d](8) = 0.206346,	Delta[d](9) = 0.149918,	Delta[d](10) = 0.0342889,	Delta[d](11) = 0.149918,	Delta[d](12) = 0.201203,	Delta[d](13) = 0.136741,	Delta[d](14) = 0.149917,	Delta[d](15) = 0.13674,	Delta[s+](0) = 0.474648,	Delta[s+](1) = 0.355468,	Delta[s+](2) = 0.206346,	Delta[s+](3) = 0.355468,	Delta[s+](4) = 0.355468,	Delta[s+](5) = 0.206357,	Delta[s+](6) = 0.0748994,	Delta[s+](7) = 0.206345,	Delta[s+](8) = 0.206346,	Delta[s+](9) = 0.0748995,	Delta[s+](10) = 0.0164511,	Delta[s+](11) = 0.0748995,	Delta[s+](12) = 0.355468,	Delta[s+](13) = 0.206345,	Delta[s+](14) = 0.0748994,	Delta[s+](15) = 0.206357
The 0-th iteration is completed.	|| time cost : 0h 3m 11.335s
********************************************************************************************************************
Start the 1 rounds of NGS-ED iteration
	effective electronic model is modified as: kinetic energy t = 0.893493
	                                           effective interaction Vq = [-1.45262,-1.33843,-1.29635,-1.33843,-1.33843,-1.29638,-1.24285,-1.29635,-1.29635,-1.24285,-1.37274,-1.24285,-1.33843,-1.29635,-1.24285,-1.29638]
	PARPACK diagonalization completed after 30 matrix-vector product operations.
	iteration results: : total energy is -43.333134 | electron energy -43.385216 + phonon energy 0.052082 | electron momentum kIdx = 10
The 1-th iteration is completed.	|| time cost : 0h 0m 20.654s
********************************************************************************************************************
Start the 2 rounds of NGS-ED iteration
	effective electronic model is modified as: kinetic energy t = 0.884698
	                                           effective interaction Vq = [-1.48256, -1.3733,-1.32929, -1.3733, -1.3733, -1.3293,-1.27085,-1.32929,-1.32929,-1.27085,-1.41236,-1.27085, -1.3733,-1.32929,-1.27085, -1.3293]
	PARPACK diagonalization completed after 30 matrix-vector product operations.
	iteration results: : total energy is -43.773807 | electron energy -43.854164 + phonon energy 0.080357 | electron momentum kIdx = 10
The 2-th iteration is completed.	|| time cost : 0h 0m 20.636s
********************************************************************************************************************
Start the 3 rounds of NGS-ED iteration
	effective electronic model is modified as: kinetic energy t = 0.879842
	                                           effective interaction Vq = [-1.49358,-1.39027,-1.34593,-1.39027,-1.39027,-1.34594,-1.28495,-1.34593,-1.34593,-1.28495,-1.43218,-1.28495,-1.39027,-1.34593,-1.28495,-1.34594]
	PARPACK diagonalization completed after 30 matrix-vector product operations.
	iteration results: : total energy is -43.931634 | electron energy -44.030425 + phonon energy 0.098791 | electron momentum kIdx = 10
The 3-th iteration is completed.	|| time cost : 0h 0m 20.33s
********************************************************************************************************************
Start the 4 rounds of NGS-ED iteration
	effective electronic model is modified as: kinetic energy t = 0.877194
	                                           effective interaction Vq = [-1.49763,-1.39886,-1.35458,-1.39886,-1.39886,-1.35458,-1.29219,-1.35457,-1.35457,-1.29219,-1.44242,-1.29219,-1.39886,-1.35457,-1.29219,-1.35458]
	PARPACK diagonalization completed after 30 matrix-vector product operations.
	iteration results: : total energy is -43.988279 | electron energy -44.098130 + phonon energy 0.109851 | electron momentum kIdx = 10
The 4-th iteration is completed.	|| time cost : 0h 0m 20.393s
********************************************************************************************************************
Start the 5 rounds of NGS-ED iteration
	effective electronic model is modified as: kinetic energy t = 0.875759
	                                           effective interaction Vq = [-1.49912,-1.40331,-1.35914,-1.40331,-1.40331,-1.35915,-1.29593,-1.35914,-1.35914,-1.29593,-1.44785,-1.29593,-1.40331,-1.35914,-1.29593,-1.35915]
	PARPACK diagonalization completed after 30 matrix-vector product operations.
	iteration results: : total energy is -44.008667 | electron energy -44.124880 + phonon energy 0.116213 | electron momentum kIdx = 10
The 5-th iteration is completed.	|| time cost : 0h 0m 20.394s
********************************************************************************************************************
Start the 6 rounds of NGS-ED iteration
	effective electronic model is modified as: kinetic energy t = 0.874983
	                                           effective interaction Vq = [-1.49967,-1.40565,-1.36158,-1.40565,-1.40565,-1.36158,-1.29788,-1.36158,-1.36158,-1.29788,-1.45079,-1.29788,-1.40565,-1.36158,-1.29788,-1.36158]
	PARPACK diagonalization completed after 30 matrix-vector product operations.
	iteration results: : total energy is -44.016027 | electron energy -44.135814 + phonon energy 0.119787 | electron momentum kIdx = 10
The 6-th iteration is completed.	|| time cost : 0h 0m 20.41s
********************************************************************************************************************
Start the 7 rounds of NGS-ED iteration
	effective electronic model is modified as: kinetic energy t = 0.874564
	                                           effective interaction Vq = [-1.49987,-1.40688,-1.36289,-1.40688,-1.40688,-1.36289,-1.29889,-1.36289,-1.36289,-1.29889, -1.4524,-1.29889,-1.40688,-1.36289,-1.29889,-1.36289]
	PARPACK diagonalization completed after 30 matrix-vector product operations.
	iteration results: : total energy is -44.018693 | electron energy -44.140461 + phonon energy 0.121768 | electron momentum kIdx = 10
The 7-th iteration is completed.	|| time cost : 0h 0m 20.371s
********************************************************************************************************************
Start the 8 rounds of NGS-ED iteration
	effective electronic model is modified as: kinetic energy t = 0.874338
	                                           effective interaction Vq = [-1.49994,-1.40754,-1.36359,-1.40754,-1.40754,-1.36359,-1.29942,-1.36359,-1.36359,-1.29942, -1.4533,-1.29942,-1.40754,-1.36359,-1.29942,-1.36359]
	PARPACK diagonalization completed after 30 matrix-vector product operations.
	iteration results: : total energy is -44.019660 | electron energy -44.142518 + phonon energy 0.122858 | electron momentum kIdx = 10
The 8-th iteration is completed.	|| time cost : 0h 0m 20.402s
********************************************************************************************************************
Start the 9 rounds of NGS-ED iteration
	effective electronic model is modified as: kinetic energy t = 0.874216
	                                           effective interaction Vq = [-1.49997,-1.40789,-1.36397,-1.40789,-1.40789,-1.36397,-1.29969,-1.36397,-1.36397,-1.29969,-1.45379,-1.29969,-1.40789,-1.36397,-1.29969,-1.36397]
	PARPACK diagonalization completed after 30 matrix-vector product operations.
	iteration results: : total energy is -44.020012 | electron energy -44.143467 + phonon energy 0.123455 | electron momentum kIdx = 10
The 9-th iteration is completed.	|| time cost : 0h 0m 20.36s
********************************************************************************************************************
Start the 10 rounds of NGS-ED iteration
	effective electronic model is modified as: kinetic energy t = 0.874151
	                                           effective interaction Vq = [-1.49998,-1.40807,-1.36418,-1.40807,-1.40807,-1.36418,-1.29983,-1.36418,-1.36418,-1.29983,-1.45407,-1.29983,-1.40807,-1.36418,-1.29983,-1.36418]
	PARPACK diagonalization completed after 30 matrix-vector product operations.
	iteration results: : total energy is -44.020141 | electron energy -44.143921 + phonon energy 0.123781 | electron momentum kIdx = 10
	Nq(0) = 12.25,	Nq(1) = 0.380434,	Nq(2) = 0.564909,	Nq(3) = 0.380434,	Nq(4) = 0.380434,	Nq(5) = 0.564909,	Nq(6) = 0.623621,	Nq(7) = 0.564909,	Nq(8) = 0.564909,	Nq(9) = 0.623621,	Nq(10) = 2.06787,	Nq(11) = 0.623621,	Nq(12) = 0.380434,	Nq(13) = 0.564909,	Nq(14) = 0.623621,	Nq(15) = 0.564909,	Sq(0) = 3.48669e-18,	Sq(1) = 0.328571,	Sq(2) = 0.356066,	Sq(3) = 0.328571,	Sq(4) = 0.328571,	Sq(5) = 0.356066,	Sq(6) = 0.559214,	Sq(7) = 0.356066,	Sq(8) = 0.356066,	Sq(9) = 0.559214,	Sq(10) = 0.588915,	Sq(11) = 0.559214,	Sq(12) = 0.328571,	Sq(13) = 0.356066,	Sq(14) = 0.559214,	Sq(15) = 0.356066,	N(0) = 1.99741,	N(1) = 1.99198,	N(2) = 0.667908,	N(3) = 1.99198,	N(4) = 1.99198,	N(5) = 0.667909,	N(6) = 0.00626787,	N(7) = 0.667908,	N(8) = 0.667908,	N(9) = 0.00626787,	N(10) = 0.00215091,	N(11) = 0.00626787,	N(12) = 1.99198,	N(13) = 0.667908,	N(14) = 0.00626787,	N(15) = 0.667909,	Delta[s](0) = 0.472995,	Delta[s](1) = 0.260214,	Delta[s](2) = 0.229984,	Delta[s](3) = 0.260214,	Delta[s](4) = 0.260214,	Delta[s](5) = 0.229984,	Delta[s](6) = 0.180382,	Delta[s](7) = 0.229984,	Delta[s](8) = 0.229984,	Delta[s](9) = 0.180382,	Delta[s](10) = 0.246488,	Delta[s](11) = 0.180382,	Delta[s](12) = 0.260214,	Delta[s](13) = 0.229984,	Delta[s](14) = 0.180382,	Delta[s](15) = 0.229984,	Delta[d](0) = 0.239662,	Delta[d](1) = 0.199464,	Delta[d](2) = 0.205892,	Delta[d](3) = 0.199464,	Delta[d](4) = 0.199464,	Delta[d](5) = 0.140275,	Delta[d](6) = 0.14981,	Delta[d](7) = 0.140275,	Delta[d](8) = 0.205892,	Delta[d](9) = 0.14981,	Delta[d](10) = 0.0410256,	Delta[d](11) = 0.14981,	Delta[d](12) = 0.199464,	Delta[d](13) = 0.140275,	Delta[d](14) = 0.14981,	Delta[d](15) = 0.140275,	Delta[s+](0) = 0.469353,	Delta[s+](1) = 0.351513,	Delta[s+](2) = 0.205892,	Delta[s+](3) = 0.351513,	Delta[s+](4) = 0.351513,	Delta[s+](5) = 0.205892,	Delta[s+](6) = 0.0764532,	Delta[s+](7) = 0.205892,	Delta[s+](8) = 0.205892,	Delta[s+](9) = 0.0764532,	Delta[s+](10) = 0.0195301,	Delta[s+](11) = 0.0764532,	Delta[s+](12) = 0.351513,	Delta[s+](13) = 0.205892,	Delta[s+](14) = 0.0764532,	Delta[s+](15) = 0.205892
The 10-th iteration is completed.	|| time cost : 0h 3m 14.205s
********************************************************************************************************************
Start the 11 rounds of NGS-ED iteration
	effective electronic model is modified as: kinetic energy t = 0.874115
	                                           effective interaction Vq = [-1.49998,-1.40817,-1.36429,-1.40817,-1.40817,-1.36429,-1.29991,-1.36429,-1.36429,-1.29991,-1.45422,-1.29991,-1.40817,-1.36429,-1.29991,-1.36429]
	PARPACK diagonalization completed after 30 matrix-vector product operations.
	iteration results: : total energy is -44.020187 | electron energy -44.144146 + phonon energy 0.123958 | electron momentum kIdx = 10
The 11-th iteration is completed.	|| time cost : 0h 0m 20.396s
********************************************************************************************************************
Start the 12 rounds of NGS-ED iteration
	effective electronic model is modified as: kinetic energy t = 0.874096
	                                           effective interaction Vq = [-1.49999,-1.40822,-1.36435,-1.40822,-1.40822,-1.36435,-1.29994,-1.36435,-1.36435,-1.29994,-1.45431,-1.29994,-1.40822,-1.36435,-1.29994,-1.36435]
	PARPACK diagonalization completed after 30 matrix-vector product operations.
	iteration results: : total energy is -44.020205 | electron energy -44.144260 + phonon energy 0.124055 | electron momentum kIdx = 10
The 12-th iteration is completed.	|| time cost : 0h 0m 20.605s
********************************************************************************************************************
Start the 13 rounds of NGS-ED iteration
	effective electronic model is modified as: kinetic energy t = 0.874086
	                                           effective interaction Vq = [-1.49999,-1.40825,-1.36438,-1.40825,-1.40825,-1.36438,-1.29996,-1.36438,-1.36438,-1.29996,-1.45436,-1.29996,-1.40825,-1.36438,-1.29996,-1.36438]
	PARPACK diagonalization completed after 30 matrix-vector product operations.
	iteration results: : total energy is -44.020211 | electron energy -44.144319 + phonon energy 0.124108 | electron momentum kIdx = 10
The 13-th iteration is completed.	|| time cost : 0h 0m 20.37s
********************************************************************************************************************
Start the 14 rounds of NGS-ED iteration
	effective electronic model is modified as: kinetic energy t = 0.874081
	                                           effective interaction Vq = [-1.49999,-1.40826, -1.3644,-1.40826,-1.40826, -1.3644,-1.29997, -1.3644, -1.3644,-1.29997,-1.45438,-1.29997,-1.40826, -1.3644,-1.29997, -1.3644]
	PARPACK diagonalization completed after 30 matrix-vector product operations.
	iteration results: : total energy is -44.020213 | electron energy -44.144350 + phonon energy 0.124137 | electron momentum kIdx = 10
The 14-th iteration is completed.	|| time cost : 0h 0m 20.324s
********************************************************************************************************************
Start the 15 rounds of NGS-ED iteration
	effective electronic model is modified as: kinetic energy t = 0.874078
	                                           effective interaction Vq = [-1.49999,-1.40827,-1.36441,-1.40827,-1.40827,-1.36441,-1.29998,-1.36441,-1.36441,-1.29998, -1.4544,-1.29998,-1.40827,-1.36441,-1.29998,-1.36441]
	PARPACK diagonalization completed after 30 matrix-vector product operations.
	iteration results: : total energy is -44.020214 | electron energy -44.144367 + phonon energy 0.124153 | electron momentum kIdx = 10
The 15-th iteration is completed.	|| time cost : 0h 0m 20.342s
********************************************************************************************************************
Start the 16 rounds of NGS-ED iteration
	effective electronic model is modified as: kinetic energy t = 0.874076
	                                           effective interaction Vq = [-1.49999,-1.40828,-1.36441,-1.40828,-1.40828,-1.36441,-1.29998,-1.36441,-1.36441,-1.29998,-1.45441,-1.29998,-1.40828,-1.36441,-1.29998,-1.36441]
	PARPACK diagonalization completed after 30 matrix-vector product operations.
	iteration results: : total energy is -44.020214 | electron energy -44.144376 + phonon energy 0.124161 | electron momentum kIdx = 10
The 16-th iteration is completed.	|| time cost : 0h 0m 20.379s
********************************************************************************************************************
Start the 17 rounds of NGS-ED iteration
	effective electronic model is modified as: kinetic energy t = 0.874075
	                                           effective interaction Vq = [-1.49999,-1.40828,-1.36441,-1.40828,-1.40828,-1.36441,-1.29998,-1.36441,-1.36441,-1.29998,-1.45441,-1.29998,-1.40828,-1.36441,-1.29998,-1.36441]
	PARPACK diagonalization completed after 30 matrix-vector product operations.
	iteration results: : total energy is -44.020214 | electron energy -44.144381 + phonon energy 0.124166 | electron momentum kIdx = 10
The 17-th iteration is completed.	|| time cost : 0h 0m 20.376s
********************************************************************************************************************
Start the 18 rounds of NGS-ED iteration
	effective electronic model is modified as: kinetic energy t = 0.874075
	                                           effective interaction Vq = [-1.49999,-1.40828,-1.36442,-1.40828,-1.40828,-1.36442,-1.29998,-1.36442,-1.36442,-1.29998,-1.45441,-1.29998,-1.40828,-1.36442,-1.29998,-1.36442]
	PARPACK diagonalization completed after 30 matrix-vector product operations.
	iteration results: : total energy is -44.020215 | electron energy -44.144383 + phonon energy 0.124169 | electron momentum kIdx = 10
The 18-th iteration is completed.	|| time cost : 0h 0m 20.596s
********************************************************************************************************************
Start the 19 rounds of NGS-ED iteration
	effective electronic model is modified as: kinetic energy t = 0.874074
	                                           effective interaction Vq = [-1.49999,-1.40828,-1.36442,-1.40828,-1.40828,-1.36442,-1.29998,-1.36442,-1.36442,-1.29998,-1.45442,-1.29998,-1.40828,-1.36442,-1.29998,-1.36442]
	PARPACK diagonalization completed after 30 matrix-vector product operations.
	iteration results: : total energy is -44.020215 | electron energy -44.144385 + phonon energy 0.124170 | electron momentum kIdx = 10
The 19-th iteration is completed.	|| time cost : 0h 0m 20.592s
********************************************************************************************************************
Start the 20 rounds of NGS-ED iteration
	effective electronic model is modified as: kinetic energy t = 0.874074
	                                           effective interaction Vq = [-1.49999,-1.40828,-1.36442,-1.40828,-1.40828,-1.36442,-1.29998,-1.36442,-1.36442,-1.29998,-1.45442,-1.29998,-1.40828,-1.36442,-1.29998,-1.36442]
	PARPACK diagonalization completed after 30 matrix-vector product operations.
	iteration results: : total energy is -44.020215 | electron energy -44.144385 + phonon energy 0.124171 | electron momentum kIdx = 10
	Nq(0) = 12.25,	Nq(1) = 0.380419,	Nq(2) = 0.564926,	Nq(3) = 0.380419,	Nq(4) = 0.380419,	Nq(5) = 0.564926,	Nq(6) = 0.623598,	Nq(7) = 0.564926,	Nq(8) = 0.564926,	Nq(9) = 0.623598,	Nq(10) = 2.06847,	Nq(11) = 0.623598,	Nq(12) = 0.380419,	Nq(13) = 0.564926,	Nq(14) = 0.623598,	Nq(15) = 0.564926,	Sq(0) = 1.74552e-17,	Sq(1) = 0.32853,	Sq(2) = 0.356046,	Sq(3) = 0.32853,	Sq(4) = 0.32853,	Sq(5) = 0.356046,	Sq(6) = 0.559157,	Sq(7) = 0.356046,	Sq(8) = 0.356046,	Sq(9) = 0.559157,	Sq(10) = 0.588879,	Sq(11) = 0.559157,	Sq(12) = 0.32853,	Sq(13) = 0.356046,	Sq(14) = 0.559157,	Sq(15) = 0.356046,	N(0) = 1.99741,	N(1) = 1.99196,	N(2) = 0.66791,	N(3) = 1.99196,	N(4) = 1.99196,	N(5) = 0.66791,	N(6) = 0.00628076,	N(7) = 0.66791,	N(8) = 0.66791,	N(9) = 0.00628076,	N(10) = 0.002155,	N(11) = 0.00628076,	N(12) = 1.99196,	N(13) = 0.66791,	N(14) = 0.00628076,	N(15) = 0.66791,	Delta[s](0) = 0.472993,	Delta[s](1) = 0.260231,	Delta[s](2) = 0.229999,	Delta[s](3) = 0.260231,	Delta[s](4) = 0.260231,	Delta[s](5) = 0.229999,	Delta[s](6) = 0.180409,	Delta[s](7) = 0.229999,	Delta[s](8) = 0.229999,	Delta[s](9) = 0.180409,	Delta[s](10) = 0.246498,	Delta[s](11) = 0.180409,	Delta[s](12) = 0.260231,	Delta[s](13) = 0.229999,	Delta[s](14) = 0.180409,	Delta[s](15) = 0.229999,	Delta[d](0) = 0.239689,	Delta[d](1) = 0.199481,	Delta[d](2) = 0.205914,	Delta[d](3) = 0.199481,	Delta[d](4) = 0.199481,	Delta[d](5) = 0.140296,	Delta[d](6) = 0.149824,	Delta[d](7) = 0.140296,	Delta[d](8) = 0.205914,	Delta[d](9) = 0.149824,	Delta[d](10) = 0.0410426,	Delta[d](11) = 0.149824,	Delta[d](12) = 0.199481,	Delta[d](13) = 0.140296,	Delta[d](14) = 0.149824,	Delta[d](15) = 0.140296,	Delta[s+](0) = 0.469398,	Delta[s+](1) = 0.351546,	Delta[s+](2) = 0.205914,	Delta[s+](3) = 0.351546,	Delta[s+](4) = 0.351546,	Delta[s+](5) = 0.205914,	Delta[s+](6) = 0.0764633,	Delta[s+](7) = 0.205914,	Delta[s+](8) = 0.205914,	Delta[s+](9) = 0.0764633,	Delta[s+](10) = 0.0195377,	Delta[s+](11) = 0.0764633,	Delta[s+](12) = 0.351546,	Delta[s+](13) = 0.205914,	Delta[s+](14) = 0.0764633,	Delta[s+](15) = 0.205914
The 20-th iteration is completed.	|| time cost : 0h 3m 11.044s
********************************************************************************************************************
Start the 21 rounds of NGS-ED iteration
	effective electronic model is modified as: kinetic energy t = 0.874074
	                                           effective interaction Vq = [-1.49999,-1.40828,-1.36442,-1.40828,-1.40828,-1.36442,-1.29998,-1.36442,-1.36442,-1.29998,-1.45442,-1.29998,-1.40828,-1.36442,-1.29998,-1.36442]
	PARPACK diagonalization completed after 30 matrix-vector product operations.
	iteration results: : total energy is -44.020215 | electron energy -44.144386 + phonon energy 0.124171 | electron momentum kIdx = 10
The 21-th iteration is completed.	|| time cost : 0h 0m 20.399s
********************************************************************************************************************
Start the 22 rounds of NGS-ED iteration
	effective electronic model is modified as: kinetic energy t = 0.874074
	                                           effective interaction Vq = [-1.49999,-1.40828,-1.36442,-1.40828,-1.40828,-1.36442,-1.29998,-1.36442,-1.36442,-1.29998,-1.45442,-1.29998,-1.40828,-1.36442,-1.29998,-1.36442]
	PARPACK diagonalization completed after 30 matrix-vector product operations.
	iteration results: : total energy is -44.020215 | electron energy -44.144386 + phonon energy 0.124171 | electron momentum kIdx = 10
The 22-th iteration is completed.	|| time cost : 0h 0m 20.44s
********************************************************************************************************************
Start the 23 rounds of NGS-ED iteration
	effective electronic model is modified as: kinetic energy t = 0.874074
	                                           effective interaction Vq = [-1.49999,-1.40828,-1.36442,-1.40828,-1.40828,-1.36442,-1.29998,-1.36442,-1.36442,-1.29998,-1.45442,-1.29998,-1.40828,-1.36442,-1.29998,-1.36442]
	PARPACK diagonalization completed after 30 matrix-vector product operations.
	iteration results: : total energy is -44.020215 | electron energy -44.144386 + phonon energy 0.124172 | electron momentum kIdx = 10
The 23-th iteration is completed.	|| time cost : 0h 0m 20.368s
********************************************************************************************************************
Start the 24 rounds of NGS-ED iteration
	effective electronic model is modified as: kinetic energy t = 0.874074
	                                           effective interaction Vq = [-1.49999,-1.40828,-1.36442,-1.40828,-1.40828,-1.36442,-1.29998,-1.36442,-1.36442,-1.29998,-1.45442,-1.29998,-1.40828,-1.36442,-1.29998,-1.36442]
	PARPACK diagonalization completed after 30 matrix-vector product operations.
	iteration results: : total energy is -44.020215 | electron energy -44.144386 + phonon energy 0.124172 | electron momentum kIdx = 10
