SNEDics v3.22.2 Non-Gaussian ED ground state program		Start at Thu May  5 13:12:47 2022

Parallelization: 32 MPI threads  * 8 OpenMP threads = 256 total threads.
********************************************************************************************************************
********************************************************************************************************************

********************************************************************************************************************
System parameters and configurations
	special program options are enabled: splitted diagonal Hamiltonian | splitted Hamiltonian terms
********************************************************************************************************************
Read input file "model_params.in"
	Hubbard-Holstein model parameters : 	t = 1    t' = -0.3    U = 8    g = 0.25    W = 0.2    g' = 0.7    
********************************************************************************************************************
Read input file "hilbertspace_params.in"
	Requested 16-site 2D lattice, with 8 electrons (4, 4)
	Boundary : Periodic		Hilbert space representation : momentum-space (restricted to kIdx = 0)
	Conservation: particle number[U(1)]      spin[U(1)]     momentum
********************************************************************************************************************

Cluster Positions:				Cluster symmetry group : D4
 x ... x ... x ... x .....                       x ... x ... x ... x .....
 |           |           :                       |           |           :
 |           |           :                       |           |           :
12    13    14    15     x                       1     5     6     5     x
 |           |           :                       |           |           :
 |           |           :                       |           |           :
 8 --- 9 ---10 ---11 --- x                       2 --- 6 ---10 --- 6 --- x
 |           |           :                       |           |           :
 |           |           :                       |           |           :
 4     5     6     7     x                       1     5     6     5     x
 |           |           :                       |           |           :
 |           |           :                       |           |           :
 0 --- 1 --- 2 --- 3 --- x                       0 --- 1 --- 2 --- 1 --- x
orbital number : 1
********************************************************************************************************************
Read input file "obs_params.in"
	Observable Type : Nq(All),   Sq(All),   N(All-Orbital),   Delta[s](All),   Delta[d](All),   Delta[s+](All)
** WARNING ** the input observables have non-local factors which have been reinterpreted. The total observable number is 96
********************************************************************************************************************


********************************************************************************************************************
Start calculating the non-Gaussian ED ground state
Maximal iteration number is 1000; energy resolution is 1e-06. Phonon state relaxation time is 2000
W = 0.2 is relatively large. The non-Gaussian ED calculation starts directly.
open output files: NGSED_iteration_observables.txt
********************************************************************************************************************
Start the 0 rounds of NGS-ED iteration
	effective electronic model is modified as: kinetic energy t = 1, t' = -0.3
	                                           effective interaction Vq = [0,0,0,0,0,0,0,0,0,0,0,0,0,0,0,0]
	first Hamiltonian is constructed, size = 207184 and non-zero numbers = 32252562
	PARPACK diagonalization completed after 120 matrix-vector product operations.
	iteration results: : total energy is -14.600323 | electron energy -14.600323 + phonon energy 0.000000 | electron momentum kIdx = 0
	Nq(0) = 4,	Nq(1) = 0.197198,	Nq(2) = 0.25408,	Nq(3) = 0.197198,	Nq(4) = 0.197198,	Nq(5) = 0.267076,	
	Nq(6) = 0.353825,	Nq(7) = 0.267076,	Nq(8) = 0.25408,	Nq(9) = 0.353825,	Nq(10) = 0.466428,	
	Nq(11) = 0.353825,	Nq(12) = 0.197198,	Nq(13) = 0.267076,	Nq(14) = 0.353825,	Nq(15) = 0.267076;	
	Sq(0) = 8.19558e-19,	Sq(1) = 0.482052,	Sq(2) = 0.340779,	Sq(3) = 0.482052,	Sq(4) = 0.482052,	
	Sq(5) = 0.566062,	Sq(6) = 0.591821,	Sq(7) = 0.566062,	Sq(8) = 0.340779,	Sq(9) = 0.591821,	
	Sq(10) = 0.511715,	Sq(11) = 0.591821,	Sq(12) = 0.482052,	Sq(13) = 0.566062,	Sq(14) = 0.591821,	
	Sq(15) = 0.566062;	N(0) = 1.72489,	N(1) = 1.32099,	N(2) = 0.213478,	N(3) = 1.32099,	
	N(4) = 1.32099,	N(5) = 0.105651,	N(6) = 0.0323985,	N(7) = 0.105651,	N(8) = 0.213478,	
	N(9) = 0.0323985,	N(10) = 0.0120143,	N(11) = 0.0323985,	N(12) = 1.32099,	N(13) = 0.105651,	
	N(14) = 0.0323985,	N(15) = 0.105651;	Delta[s](0) = 0.0077183,	Delta[s](1) = 0.0077183,	Delta[s](2) = 0.0077183,	
	Delta[s](3) = 0.0077183,	Delta[s](4) = 0.0077183,	Delta[s](5) = 0.0077183,	Delta[s](6) = 0.0077183,	Delta[s](7) = 0.0077183,	
	Delta[s](8) = 0.0077183,	Delta[s](9) = 0.0077183,	Delta[s](10) = 0.0077183,	Delta[s](11) = 0.0077183,	Delta[s](12) = 0.0077183,	
	Delta[s](13) = 0.0077183,	Delta[s](14) = 0.0077183,	Delta[s](15) = 0.0077183;	Delta[d](0) = 0.0845949,	Delta[d](1) = 0.0731691,	
	Delta[d](2) = 0.0617433,	Delta[d](3) = 0.0731691,	Delta[d](4) = 0.0731691,	Delta[d](5) = 0.0617433,	Delta[d](6) = 0.0503175,	
	Delta[d](7) = 0.0617433,	Delta[d](8) = 0.0617433,	Delta[d](9) = 0.0503175,	Delta[d](10) = 0.0388917,	Delta[d](11) = 0.0503175,	
	Delta[d](12) = 0.0731691,	Delta[d](13) = 0.0617433,	Delta[d](14) = 0.0503175,	Delta[d](15) = 0.0617433;	Delta[s+](0) = 0.0845949,	
	Delta[s+](1) = 0.0731691,	Delta[s+](2) = 0.0617433,	Delta[s+](3) = 0.0731691,	Delta[s+](4) = 0.0731691,	Delta[s+](5) = 0.0617433,	
	Delta[s+](6) = 0.0503175,	Delta[s+](7) = 0.0617433,	Delta[s+](8) = 0.0617433,	Delta[s+](9) = 0.0503175,	Delta[s+](10) = 0.0388917,	
	Delta[s+](11) = 0.0503175,	Delta[s+](12) = 0.0731691,	Delta[s+](13) = 0.0617433,	Delta[s+](14) = 0.0503175,	Delta[s+](15) = 0.0617433
	
The 0-th iteration is completed.	|| time cost : 0h 0m 4.667s
********************************************************************************************************************
Start the 1 rounds of NGS-ED iteration
	effective electronic model is modified as: kinetic energy t = 6.93525e-19, t' = -1.43986e-12
	                                           effective interaction Vq = [-46.5125,-13.6125, -0.3125,-13.6125,-13.6125, -0.3125, -6.6125, -0.3125, -0.3125, -6.6125,-32.5125, -6.6125,-13.6125, -0.3125, -6.6125, -0.3125]
	PARPACK diagonalization completed after 45 matrix-vector product operations.
	iteration results: : total energy is -365.000000 | electron energy -365.000000 + phonon energy 0.000000 | electron momentum kIdx = 0
The 1-th iteration is completed.	|| time cost : 0h 0m 3.093s
********************************************************************************************************************
Start the 2 rounds of NGS-ED iteration
	effective electronic model is modified as: kinetic energy t = 6.93533e-19, t' = -1.43977e-12
	                                           effective interaction Vq = [-46.5125,-13.6125, -0.3125,-13.6125,-13.6125, -0.3125, -6.6125, -0.3125, -0.3125, -6.6125,-32.5125, -6.6125,-13.6125, -0.3125, -6.6125, -0.3125]
	PARPACK diagonalization completed after 30 matrix-vector product operations.
	iteration results: : total energy is -365.000000 | electron energy -365.000000 + phonon energy 0.000000 | electron momentum kIdx = 0
The 2-th iteration is completed.	|| time cost : 0h 0m 0.389s
********************************************************************************************************************
Start the 3 rounds of NGS-ED iteration
	effective electronic model is modified as: kinetic energy t = 6.93578e-19, t' = -1.43955e-12
	                                           effective interaction Vq = [-46.5125,-13.6125, -0.3125,-13.6125,-13.6125, -0.3125, -6.6125, -0.3125, -0.3125, -6.6125,-32.5125, -6.6125,-13.6125, -0.3125, -6.6125, -0.3125]
	PARPACK diagonalization completed after 30 matrix-vector product operations.
	iteration results: : total energy is -365.000000 | electron energy -365.000000 + phonon energy 0.000000 | electron momentum kIdx = 0
The 3-th iteration is completed.	|| time cost : 0h 0m 0.389s
********************************************************************************************************************
Start the 4 rounds of NGS-ED iteration
	effective electronic model is modified as: kinetic energy t = 6.93547e-19, t' = -1.43983e-12
	                                           effective interaction Vq = [-46.5125,-13.6125, -0.3125,-13.6125,-13.6125, -0.3125, -6.6125, -0.3125, -0.3125, -6.6125,-32.5125, -6.6125,-13.6125, -0.3125, -6.6125, -0.3125]
	PARPACK diagonalization completed after 30 matrix-vector product operations.
	iteration results: : total energy is -365.000000 | electron energy -365.000000 + phonon energy 0.000000 | electron momentum kIdx = 0
The 4-th iteration is completed.	|| time cost : 0h 0m 0.386s
********************************************************************************************************************
Start the 5 rounds of NGS-ED iteration
	effective electronic model is modified as: kinetic energy t = 6.93526e-19, t' = -1.43989e-12
	                                           effective interaction Vq = [-46.5125,-13.6125, -0.3125,-13.6125,-13.6125, -0.3125, -6.6125, -0.3125, -0.3125, -6.6125,-32.5125, -6.6125,-13.6125, -0.3125, -6.6125, -0.3125]
	PARPACK diagonalization completed after 30 matrix-vector product operations.
	iteration results: : total energy is -365.000000 | electron energy -365.000000 + phonon energy 0.000000 | electron momentum kIdx = 0
The 5-th iteration is completed.	|| time cost : 0h 0m 0.382s
********************************************************************************************************************
Start the 6 rounds of NGS-ED iteration
	effective electronic model is modified as: kinetic energy t = 6.93563e-19, t' = -1.44e-12
	                                           effective interaction Vq = [-46.5125,-13.6125, -0.3125,-13.6125,-13.6125, -0.3125, -6.6125, -0.3125, -0.3125, -6.6125,-32.5125, -6.6125,-13.6125, -0.3125, -6.6125, -0.3125]
	PARPACK diagonalization completed after 30 matrix-vector product operations.
	iteration results: : total energy is -365.000000 | electron energy -365.000000 + phonon energy 0.000000 | electron momentum kIdx = 0
The 6-th iteration is completed.	|| time cost : 0h 0m 0.394s
********************************************************************************************************************
Start the 7 rounds of NGS-ED iteration
	effective electronic model is modified as: kinetic energy t = 6.93775e-19, t' = -1.44176e-12
	                                           effective interaction Vq = [ -46.5125, -13.6125,  -0.3125, -13.6125, -13.6125,  -0.3125,  -6.6125,  -0.3125,-0.312499,  -6.6125, -32.5125,  -6.6125, -13.6125,  -0.3125,  -6.6125,  -0.3125]
	PARPACK diagonalization completed after 30 matrix-vector product operations.
	iteration results: : total energy is -365.000000 | electron energy -365.000000 + phonon energy 0.000000 | electron momentum kIdx = 0
The 7-th iteration is completed.	|| time cost : 0h 0m 0.398s
********************************************************************************************************************
Start the 8 rounds of NGS-ED iteration
	effective electronic model is modified as: kinetic energy t = 6.9355e-19, t' = -1.43967e-12
	                                           effective interaction Vq = [-46.5125,-13.6125, -0.3125,-13.6125,-13.6125, -0.3125, -6.6125, -0.3125, -0.3125, -6.6125,-32.5125, -6.6125,-13.6125, -0.3125, -6.6125, -0.3125]
	PARPACK diagonalization completed after 30 matrix-vector product operations.
	iteration results: : total energy is -365.000000 | electron energy -365.000000 + phonon energy 0.000000 | electron momentum kIdx = 0
The 8-th iteration is completed.	|| time cost : 0h 0m 0.394s
********************************************************************************************************************
Start the 9 rounds of NGS-ED iteration
	effective electronic model is modified as: kinetic energy t = 6.93577e-19, t' = -1.44006e-12
	                                           effective interaction Vq = [-46.5125,-13.6125, -0.3125,-13.6125,-13.6125, -0.3125, -6.6125, -0.3125, -0.3125, -6.6125,-32.5125, -6.6125,-13.6125, -0.3125, -6.6125, -0.3125]
	PARPACK diagonalization completed after 30 matrix-vector product operations.
	iteration results: : total energy is -365.000000 | electron energy -365.000000 + phonon energy 0.000000 | electron momentum kIdx = 0
The 9-th iteration is completed.	|| time cost : 0h 0m 0.382s
********************************************************************************************************************
Start the 10 rounds of NGS-ED iteration
	effective electronic model is modified as: kinetic energy t = 6.93466e-19, t' = -1.44004e-12
	                                           effective interaction Vq = [-46.5125,-13.6125, -0.3125,-13.6125,-13.6125, -0.3125, -6.6125, -0.3125, -0.3125, -6.6125,-32.5125, -6.6125,-13.6125, -0.3125, -6.6125, -0.3125]
	PARPACK diagonalization completed after 30 matrix-vector product operations.
	iteration results: : total energy is -365.000000 | electron energy -365.000000 + phonon energy 0.000000 | electron momentum kIdx = 0
The 10-th iteration is completed.	|| time cost : 0h 0m 0.388s
********************************************************************************************************************
Start the 11 rounds of NGS-ED iteration
	effective electronic model is modified as: kinetic energy t = 6.93368e-19, t' = -1.43977e-12
	                                           effective interaction Vq = [-46.5125,-13.6125, -0.3125,-13.6125,-13.6125, -0.3125, -6.6125, -0.3125, -0.3125, -6.6125,-32.5125, -6.6125,-13.6125, -0.3125, -6.6125, -0.3125]
	PARPACK diagonalization completed after 30 matrix-vector product operations.
	iteration results: : total energy is -365.000000 | electron energy -365.000000 + phonon energy 0.000000 | electron momentum kIdx = 0
The 11-th iteration is completed.	|| time cost : 0h 0m 0.387s
********************************************************************************************************************
Start the 12 rounds of NGS-ED iteration
	effective electronic model is modified as: kinetic energy t = 6.93566e-19, t' = -1.43959e-12
	                                           effective interaction Vq = [-46.5125,-13.6125, -0.3125,-13.6125,-13.6125, -0.3125, -6.6125, -0.3125, -0.3125, -6.6125,-32.5125, -6.6125,-13.6125, -0.3125, -6.6125, -0.3125]
	PARPACK diagonalization completed after 30 matrix-vector product operations.
	iteration results: : total energy is -365.000000 | electron energy -365.000000 + phonon energy 0.000000 | electron momentum kIdx = 0
The 12-th iteration is completed.	|| time cost : 0h 0m 0.368s
********************************************************************************************************************
Start the 13 rounds of NGS-ED iteration
	effective electronic model is modified as: kinetic energy t = 6.93525e-19, t' = -1.43986e-12
	                                           effective interaction Vq = [-46.5125,-13.6125, -0.3125,-13.6125,-13.6125, -0.3125, -6.6125, -0.3125, -0.3125, -6.6125,-32.5125, -6.6125,-13.6125, -0.3125, -6.6125, -0.3125]
	PARPACK diagonalization completed after 30 matrix-vector product operations.
	iteration results: : total energy is -365.000000 | electron energy -365.000000 + phonon energy 0.000000 | electron momentum kIdx = 0
The 13-th iteration is completed.	|| time cost : 0h 0m 0.364s
********************************************************************************************************************
Start the 14 rounds of NGS-ED iteration
	effective electronic model is modified as: kinetic energy t = 6.9349e-19, t' = -1.43982e-12
	                                           effective interaction Vq = [-46.5125,-13.6125, -0.3125,-13.6125,-13.6125, -0.3125, -6.6125, -0.3125, -0.3125, -6.6125,-32.5125, -6.6125,-13.6125, -0.3125, -6.6125, -0.3125]
	PARPACK diagonalization completed after 30 matrix-vector product operations.
	iteration results: : total energy is -365.000000 | electron energy -365.000000 + phonon energy 0.000000 | electron momentum kIdx = 0
The 14-th iteration is completed.	|| time cost : 0h 0m 0.368s
********************************************************************************************************************
Start the 15 rounds of NGS-ED iteration
	effective electronic model is modified as: kinetic energy t = 6.93471e-19, t' = -1.43959e-12
	                                           effective interaction Vq = [-46.5125,-13.6125, -0.3125,-13.6125,-13.6125, -0.3125, -6.6125, -0.3125, -0.3125, -6.6125,-32.5125, -6.6125,-13.6125, -0.3125, -6.6125, -0.3125]
	PARPACK diagonalization completed after 30 matrix-vector product operations.
	iteration results: : total energy is -365.000000 | electron energy -365.000000 + phonon energy 0.000000 | electron momentum kIdx = 0
The 15-th iteration is completed.	|| time cost : 0h 0m 0.368s
********************************************************************************************************************
Start the 16 rounds of NGS-ED iteration
	effective electronic model is modified as: kinetic energy t = 6.93543e-19, t' = -1.44003e-12
	                                           effective interaction Vq = [-46.5125,-13.6125, -0.3125,-13.6125,-13.6125, -0.3125, -6.6125, -0.3125, -0.3125, -6.6125,-32.5125, -6.6125,-13.6125, -0.3125, -6.6125, -0.3125]
	PARPACK diagonalization completed after 30 matrix-vector product operations.
	iteration results: : total energy is -365.000000 | electron energy -365.000000 + phonon energy 0.000000 | electron momentum kIdx = 0
The 16-th iteration is completed.	|| time cost : 0h 0m 0.369s
********************************************************************************************************************
Start the 17 rounds of NGS-ED iteration
	effective electronic model is modified as: kinetic energy t = 6.93436e-19, t' = -1.43972e-12
	                                           effective interaction Vq = [-46.5125,-13.6125, -0.3125,-13.6125,-13.6125, -0.3125, -6.6125, -0.3125, -0.3125, -6.6125,-32.5125, -6.6125,-13.6125, -0.3125, -6.6125, -0.3125]
	PARPACK diagonalization completed after 30 matrix-vector product operations.
	iteration results: : total energy is -365.000000 | electron energy -365.000000 + phonon energy 0.000000 | electron momentum kIdx = 0
The 17-th iteration is completed.	|| time cost : 0h 0m 0.363s
********************************************************************************************************************
Start the 18 rounds of NGS-ED iteration
	effective electronic model is modified as: kinetic energy t = 6.93602e-19, t' = -1.44024e-12
	                                           effective interaction Vq = [-46.5125,-13.6125, -0.3125,-13.6125,-13.6125, -0.3125, -6.6125, -0.3125, -0.3125, -6.6125,-32.5125, -6.6125,-13.6125, -0.3125, -6.6125, -0.3125]
	PARPACK diagonalization completed after 30 matrix-vector product operations.
	iteration results: : total energy is -365.000000 | electron energy -365.000000 + phonon energy 0.000000 | electron momentum kIdx = 0
The 18-th iteration is completed.	|| time cost : 0h 0m 0.364s
********************************************************************************************************************
Start the 19 rounds of NGS-ED iteration
	effective electronic model is modified as: kinetic energy t = 6.93526e-19, t' = -1.43987e-12
	                                           effective interaction Vq = [-46.5125,-13.6125, -0.3125,-13.6125,-13.6125, -0.3125, -6.6125, -0.3125, -0.3125, -6.6125,-32.5125, -6.6125,-13.6125, -0.3125, -6.6125, -0.3125]
	PARPACK diagonalization completed after 30 matrix-vector product operations.
	iteration results: : total energy is -365.000000 | electron energy -365.000000 + phonon energy 0.000000 | electron momentum kIdx = 0
The 19-th iteration is completed.	|| time cost : 0h 0m 0.371s
********************************************************************************************************************
Start the 20 rounds of NGS-ED iteration
	effective electronic model is modified as: kinetic energy t = 6.93571e-19, t' = -1.43992e-12
	                                           effective interaction Vq = [-46.5125,-13.6125, -0.3125,-13.6125,-13.6125, -0.3125, -6.6125, -0.3125, -0.3125, -6.6125,-32.5125, -6.6125,-13.6125, -0.3125, -6.6125, -0.3125]
	PARPACK diagonalization completed after 30 matrix-vector product operations.
	iteration results: : total energy is -365.000000 | electron energy -365.000000 + phonon energy 0.000000 | electron momentum kIdx = 0
The 20-th iteration is completed.	|| time cost : 0h 0m 0.359s
********************************************************************************************************************
Start the 21 rounds of NGS-ED iteration
	effective electronic model is modified as: kinetic energy t = 6.93452e-19, t' = -1.43954e-12
	                                           effective interaction Vq = [-46.5125,-13.6125, -0.3125,-13.6125,-13.6125, -0.3125, -6.6125, -0.3125, -0.3125, -6.6125,-32.5125, -6.6125,-13.6125, -0.3125, -6.6125, -0.3125]
	PARPACK diagonalization completed after 30 matrix-vector product operations.
	iteration results: : total energy is -365.000000 | electron energy -365.000000 + phonon energy 0.000000 | electron momentum kIdx = 0
The 21-th iteration is completed.	|| time cost : 0h 0m 0.434s
********************************************************************************************************************
Start the 22 rounds of NGS-ED iteration
	effective electronic model is modified as: kinetic energy t = 6.93545e-19, t' = -1.43984e-12
	                                           effective interaction Vq = [-46.5125,-13.6125, -0.3125,-13.6125,-13.6125, -0.3125, -6.6125, -0.3125, -0.3125, -6.6125,-32.5125, -6.6125,-13.6125, -0.3125, -6.6125, -0.3125]
	PARPACK diagonalization completed after 30 matrix-vector product operations.
	iteration results: : total energy is -365.000000 | electron energy -365.000000 + phonon energy 0.000000 | electron momentum kIdx = 0
The 22-th iteration is completed.	|| time cost : 0h 0m 0.369s
********************************************************************************************************************
Start the 23 rounds of NGS-ED iteration
	effective electronic model is modified as: kinetic energy t = 6.93484e-19, t' = -1.43988e-12
	                                           effective interaction Vq = [-46.5125,-13.6125, -0.3125,-13.6125,-13.6125, -0.3125, -6.6125, -0.3125, -0.3125, -6.6125,-32.5125, -6.6125,-13.6125, -0.3125, -6.6125, -0.3125]
	PARPACK diagonalization completed after 30 matrix-vector product operations.
	iteration results: : total energy is -365.000000 | electron energy -365.000000 + phonon energy 0.000000 | electron momentum kIdx = 0
The 23-th iteration is completed.	|| time cost : 0h 0m 0.359s
********************************************************************************************************************
Start the 24 rounds of NGS-ED iteration
	effective electronic model is modified as: kinetic energy t = 6.92483e-19, (t'xy,t'yx)=(-1.43538e-12, -1.43995e-12)
	                                           effective interaction Vq = [ -46.5125, -13.6125,  -0.3125, -13.6125, -13.6125,-0.312495,  -6.6125,  -0.3125,  -0.3125,  -6.6125, -32.5125,  -6.6125, -13.6125,  -0.3125,  -6.6125,-0.312495]
	PARPACK diagonalization completed after 30 matrix-vector product operations.
	iteration results: : total energy is -365.000000 | electron energy -365.000000 + phonon energy 0.000000 | electron momentum kIdx = 0
The 24-th iteration is completed.	|| time cost : 0h 0m 0.626s
********************************************************************************************************************
Start the 25 rounds of NGS-ED iteration
	effective electronic model is modified as: kinetic energy t = 6.93554e-19, t' = -1.43997e-12
	                                           effective interaction Vq = [-46.5125,-13.6125, -0.3125,-13.6125,-13.6125, -0.3125, -6.6125, -0.3125, -0.3125, -6.6125,-32.5125, -6.6125,-13.6125, -0.3125, -6.6125, -0.3125]
	PARPACK diagonalization completed after 30 matrix-vector product operations.
	iteration results: : total energy is -365.000000 | electron energy -365.000000 + phonon energy 0.000000 | electron momentum kIdx = 0
The 25-th iteration is completed.	|| time cost : 0h 0m 0.354s
********************************************************************************************************************
Start the 26 rounds of NGS-ED iteration
	effective electronic model is modified as: kinetic energy t = 6.93464e-19, t' = -1.44004e-12
	                                           effective interaction Vq = [-46.5125,-13.6125, -0.3125,-13.6125,-13.6125, -0.3125, -6.6125, -0.3125, -0.3125, -6.6125,-32.5125, -6.6125,-13.6125, -0.3125, -6.6125, -0.3125]
	PARPACK diagonalization completed after 30 matrix-vector product operations.
	iteration results: : total energy is -365.000000 | electron energy -365.000000 + phonon energy 0.000000 | electron momentum kIdx = 0
The 26-th iteration is completed.	|| time cost : 0h 0m 0.368s
********************************************************************************************************************
Start the 27 rounds of NGS-ED iteration
	effective electronic model is modified as: kinetic energy t = 6.93765e-19, t' = -1.43999e-12
	                                           effective interaction Vq = [-46.5125,-13.6125, -0.3125,-13.6125,-13.6125, -0.3125, -6.6125, -0.3125, -0.3125, -6.6125,-32.5125, -6.6125,-13.6125, -0.3125, -6.6125, -0.3125]
	PARPACK diagonalization completed after 30 matrix-vector product operations.
	iteration results: : total energy is -365.000000 | electron energy -365.000000 + phonon energy 0.000000 | electron momentum kIdx = 0
The 27-th iteration is completed.	|| time cost : 0h 0m 0.364s
********************************************************************************************************************
Start the 28 rounds of NGS-ED iteration
	effective electronic model is modified as: kinetic energy t = 6.93397e-19, t' = -1.43966e-12
	                                           effective interaction Vq = [-46.5125,-13.6125, -0.3125,-13.6125,-13.6125, -0.3125, -6.6125, -0.3125, -0.3125, -6.6125,-32.5125, -6.6125,-13.6125, -0.3125, -6.6125, -0.3125]
	PARPACK diagonalization completed after 30 matrix-vector product operations.
	iteration results: : total energy is -365.000000 | electron energy -365.000000 + phonon energy 0.000000 | electron momentum kIdx = 0
The 28-th iteration is completed.	|| time cost : 0h 0m 0.371s
********************************************************************************************************************
Start the 29 rounds of NGS-ED iteration
	effective electronic model is modified as: kinetic energy t = 6.92092e-19, (t'xy,t'yx)=(-1.43337e-12, -1.44017e-12)
	                                           effective interaction Vq = [ -46.5125, -13.6125,  -0.3125, -13.6125, -13.6125,-0.312489,  -6.6125,  -0.3125,  -0.3125,  -6.6125, -32.5125,  -6.6125, -13.6125,  -0.3125,  -6.6125,-0.312489]
	PARPACK diagonalization completed after 30 matrix-vector product operations.
	iteration results: : total energy is -365.000000 | electron energy -365.000000 + phonon energy 0.000000 | electron momentum kIdx = 0
The 29-th iteration is completed.	|| time cost : 0h 0m 0.614s
********************************************************************************************************************
Start the 30 rounds of NGS-ED iteration
	effective electronic model is modified as: kinetic energy t = 6.93491e-19, t' = -1.43965e-12
	                                           effective interaction Vq = [-46.5125,-13.6125, -0.3125,-13.6125,-13.6125, -0.3125, -6.6125, -0.3125, -0.3125, -6.6125,-32.5125, -6.6125,-13.6125, -0.3125, -6.6125, -0.3125]
	PARPACK diagonalization completed after 30 matrix-vector product operations.
	iteration results: : total energy is -365.000000 | electron energy -365.000000 + phonon energy 0.000000 | electron momentum kIdx = 0
The 30-th iteration is completed.	|| time cost : 0h 0m 0.351s
********************************************************************************************************************
Start the 31 rounds of NGS-ED iteration
	effective electronic model is modified as: kinetic energy t = 6.93623e-19, t' = -1.44028e-12
	                                           effective interaction Vq = [-46.5125,-13.6125, -0.3125,-13.6125,-13.6125, -0.3125, -6.6125, -0.3125, -0.3125, -6.6125,-32.5125, -6.6125,-13.6125, -0.3125, -6.6125, -0.3125]
	PARPACK diagonalization completed after 30 matrix-vector product operations.
	iteration results: : total energy is -365.000000 | electron energy -365.000000 + phonon energy 0.000000 | electron momentum kIdx = 0
The 31-th iteration is completed.	|| time cost : 0h 0m 0.367s
********************************************************************************************************************
Start the 32 rounds of NGS-ED iteration
	effective electronic model is modified as: kinetic energy t = 6.93473e-19, t' = -1.44007e-12
	                                           effective interaction Vq = [-46.5125,-13.6125, -0.3125,-13.6125,-13.6125, -0.3125, -6.6125, -0.3125, -0.3125, -6.6125,-32.5125, -6.6125,-13.6125, -0.3125, -6.6125, -0.3125]
	PARPACK diagonalization completed after 30 matrix-vector product operations.
	iteration results: : total energy is -365.000000 | electron energy -365.000000 + phonon energy 0.000000 | electron momentum kIdx = 0
The 32-th iteration is completed.	|| time cost : 0h 0m 0.357s
********************************************************************************************************************
Start the 33 rounds of NGS-ED iteration
	effective electronic model is modified as: kinetic energy t = 6.93647e-19, t' = -1.44014e-12
	                                           effective interaction Vq = [-46.5125,-13.6125, -0.3125,-13.6125,-13.6125, -0.3125, -6.6125, -0.3125, -0.3125, -6.6125,-32.5125, -6.6125,-13.6125, -0.3125, -6.6125, -0.3125]
	PARPACK diagonalization completed after 30 matrix-vector product operations.
	iteration results: : total energy is -365.000000 | electron energy -365.000000 + phonon energy 0.000000 | electron momentum kIdx = 0
The 33-th iteration is completed.	|| time cost : 0h 0m 0.361s
********************************************************************************************************************
Start the 34 rounds of NGS-ED iteration
	effective electronic model is modified as: kinetic energy t = 6.93536e-19, t' = -1.4399e-12
	                                           effective interaction Vq = [-46.5125,-13.6125, -0.3125,-13.6125,-13.6125, -0.3125, -6.6125, -0.3125, -0.3125, -6.6125,-32.5125, -6.6125,-13.6125, -0.3125, -6.6125, -0.3125]
	PARPACK diagonalization completed after 30 matrix-vector product operations.
	iteration results: : total energy is -365.000000 | electron energy -365.000000 + phonon energy 0.000000 | electron momentum kIdx = 0
The 34-th iteration is completed.	|| time cost : 0h 0m 0.363s
********************************************************************************************************************
Start the 35 rounds of NGS-ED iteration
	effective electronic model is modified as: kinetic energy t = 6.93666e-19, t' = -1.44e-12
	                                           effective interaction Vq = [-46.5125,-13.6125, -0.3125,-13.6125,-13.6125, -0.3125, -6.6125, -0.3125, -0.3125, -6.6125,-32.5125, -6.6125,-13.6125, -0.3125, -6.6125, -0.3125]
	PARPACK diagonalization completed after 30 matrix-vector product operations.
	iteration results: : total energy is -365.000000 | electron energy -365.000000 + phonon energy 0.000000 | electron momentum kIdx = 0
The 35-th iteration is completed.	|| time cost : 0h 0m 0.391s
********************************************************************************************************************
Start the 36 rounds of NGS-ED iteration
	effective electronic model is modified as: kinetic energy t = 6.93535e-19, t' = -1.43989e-12
	                                           effective interaction Vq = [-46.5125,-13.6125, -0.3125,-13.6125,-13.6125, -0.3125, -6.6125, -0.3125, -0.3125, -6.6125,-32.5125, -6.6125,-13.6125, -0.3125, -6.6125, -0.3125]
	PARPACK diagonalization completed after 30 matrix-vector product operations.
	iteration results: : total energy is -365.000000 | electron energy -365.000000 + phonon energy 0.000000 | electron momentum kIdx = 0
The 36-th iteration is completed.	|| time cost : 0h 0m 0.37s
********************************************************************************************************************
Start the 37 rounds of NGS-ED iteration
	effective electronic model is modified as: kinetic energy t = 6.93385e-19, t' = -1.43975e-12
	                                           effective interaction Vq = [-46.5125,-13.6125, -0.3125,-13.6125,-13.6125, -0.3125, -6.6125, -0.3125, -0.3125, -6.6125,-32.5125, -6.6125,-13.6125, -0.3125, -6.6125, -0.3125]
	PARPACK diagonalization completed after 30 matrix-vector product operations.
	iteration results: : total energy is -365.000000 | electron energy -365.000000 + phonon energy 0.000000 | electron momentum kIdx = 0
The 37-th iteration is completed.	|| time cost : 0h 0m 0.369s
********************************************************************************************************************
Start the 38 rounds of NGS-ED iteration
	effective electronic model is modified as: kinetic energy t = 6.94559e-19, (t'xy,t'yx)=(-1.44439e-12, -1.43992e-12)
	                                           effective interaction Vq = [ -46.5125, -13.6125,  -0.3125, -13.6125, -13.6125,-0.312496,  -6.6125,  -0.3125,  -0.3125,  -6.6125, -32.5125,  -6.6125, -13.6125,  -0.3125,  -6.6125,-0.312496]
	PARPACK diagonalization completed after 30 matrix-vector product operations.
	iteration results: : total energy is -365.000000 | electron energy -365.000000 + phonon energy 0.000000 | electron momentum kIdx = 0
The 38-th iteration is completed.	|| time cost : 0h 0m 0.624s
********************************************************************************************************************
Start the 39 rounds of NGS-ED iteration
	effective electronic model is modified as: kinetic energy t = 6.93538e-19, t' = -1.43988e-12
	                                           effective interaction Vq = [-46.5125,-13.6125, -0.3125,-13.6125,-13.6125, -0.3125, -6.6125, -0.3125, -0.3125, -6.6125,-32.5125, -6.6125,-13.6125, -0.3125, -6.6125, -0.3125]
	PARPACK diagonalization completed after 30 matrix-vector product operations.
	iteration results: : total energy is -365.000000 | electron energy -365.000000 + phonon energy 0.000000 | electron momentum kIdx = 0
The 39-th iteration is completed.	|| time cost : 0h 0m 0.367s
********************************************************************************************************************
Start the 40 rounds of NGS-ED iteration
	effective electronic model is modified as: kinetic energy t = 6.93553e-19, t' = -1.43996e-12
	                                           effective interaction Vq = [-46.5125,-13.6125, -0.3125,-13.6125,-13.6125, -0.3125, -6.6125, -0.3125, -0.3125, -6.6125,-32.5125, -6.6125,-13.6125, -0.3125, -6.6125, -0.3125]
	PARPACK diagonalization completed after 30 matrix-vector product operations.
	iteration results: : total energy is -365.000000 | electron energy -365.000000 + phonon energy 0.000000 | electron momentum kIdx = 0
The 40-th iteration is completed.	|| time cost : 0h 0m 0.369s
********************************************************************************************************************
Start the 41 rounds of NGS-ED iteration
	effective electronic model is modified as: kinetic energy t = 6.93497e-19, t' = -1.43996e-12
	                                           effective interaction Vq = [-46.5125,-13.6125, -0.3125,-13.6125,-13.6125, -0.3125, -6.6125, -0.3125, -0.3125, -6.6125,-32.5125, -6.6125,-13.6125, -0.3125, -6.6125, -0.3125]
	PARPACK diagonalization completed after 30 matrix-vector product operations.
	iteration results: : total energy is -365.000000 | electron energy -365.000000 + phonon energy 0.000000 | electron momentum kIdx = 0
The 41-th iteration is completed.	|| time cost : 0h 0m 0.367s
********************************************************************************************************************
Start the 42 rounds of NGS-ED iteration
	effective electronic model is modified as: kinetic energy t = 6.93649e-19, t' = -1.44002e-12
	                                           effective interaction Vq = [-46.5125,-13.6125, -0.3125,-13.6125,-13.6125, -0.3125, -6.6125, -0.3125, -0.3125, -6.6125,-32.5125, -6.6125,-13.6125, -0.3125, -6.6125, -0.3125]
	PARPACK diagonalization completed after 30 matrix-vector product operations.
	iteration results: : total energy is -365.000000 | electron energy -365.000000 + phonon energy 0.000000 | electron momentum kIdx = 0
The 42-th iteration is completed.	|| time cost : 0h 0m 0.367s
********************************************************************************************************************
Start the 43 rounds of NGS-ED iteration
	effective electronic model is modified as: kinetic energy t = 6.93649e-19, t' = -1.43997e-12
	                                           effective interaction Vq = [-46.5125,-13.6125, -0.3125,-13.6125,-13.6125, -0.3125, -6.6125, -0.3125, -0.3125, -6.6125,-32.5125, -6.6125,-13.6125, -0.3125, -6.6125, -0.3125]
	PARPACK diagonalization completed after 30 matrix-vector product operations.
	iteration results: : total energy is -365.000000 | electron energy -365.000000 + phonon energy 0.000000 | electron momentum kIdx = 0
The 43-th iteration is completed.	|| time cost : 0h 0m 0.369s
********************************************************************************************************************
Start the 44 rounds of NGS-ED iteration
	effective electronic model is modified as: kinetic energy t = 6.93516e-19, t' = -1.43931e-12
	                                           effective interaction Vq = [-46.5125,-13.6125, -0.3125,-13.6125,-13.6125, -0.3125, -6.6125, -0.3125, -0.3125, -6.6125,-32.5125, -6.6125,-13.6125, -0.3125, -6.6125, -0.3125]
	PARPACK diagonalization completed after 30 matrix-vector product operations.
	iteration results: : total energy is -365.000000 | electron energy -365.000000 + phonon energy 0.000000 | electron momentum kIdx = 0
The 44-th iteration is completed.	|| time cost : 0h 0m 0.364s
********************************************************************************************************************
Start the 45 rounds of NGS-ED iteration
	effective electronic model is modified as: kinetic energy t = 6.93472e-19, t' = -1.43977e-12
	                                           effective interaction Vq = [-46.5125,-13.6125, -0.3125,-13.6125,-13.6125, -0.3125, -6.6125, -0.3125, -0.3125, -6.6125,-32.5125, -6.6125,-13.6125, -0.3125, -6.6125, -0.3125]
	PARPACK diagonalization completed after 30 matrix-vector product operations.
	iteration results: : total energy is -365.000000 | electron energy -365.000000 + phonon energy 0.000000 | electron momentum kIdx = 0
The 45-th iteration is completed.	|| time cost : 0h 0m 0.364s
********************************************************************************************************************
Start the 46 rounds of NGS-ED iteration
	effective electronic model is modified as: kinetic energy t = 6.93455e-19, t' = -1.43947e-12
