SNEDics v3.22.2 Non-Gaussian ED ground state program		Start at Wed Jun  8 03:29:52 2022

Parallelization: 32 MPI threads  * 8 OpenMP threads = 256 total threads.
********************************************************************************************************************
********************************************************************************************************************

********************************************************************************************************************
System parameters and configurations
	special program options are enabled: splitted diagonal Hamiltonian | splitted Hamiltonian terms
********************************************************************************************************************
Read input file "model_params.in"
	Hubbard-Holstein model parameters : 	t = 1    U = 8    g = 0.65    W = 0.2    g' = 0.05    
********************************************************************************************************************
Read input file "hilbertspace_params.in"
	Requested 16-site 2D lattice, with 8 electrons (4, 4)
	Boundary : Periodic		Hilbert space representation : momentum-space (restricted to kIdx = 10)
	Conservation: particle number[U(1)]      spin[U(1)]     momentum
********************************************************************************************************************

Cluster Positions:				Cluster symmetry group : D4
 x ... x ... x ... x .....                       x ... x ... x ... x .....
 |           |           :                       |           |           :
 |           |           :                       |           |           :
12    13    14    15     x                       1     5     6     5     x
 |           |           :                       |           |           :
 |           |           :                       |           |           :
 8 --- 9 ---10 ---11 --- x                       2 --- 6 ---10 --- 6 --- x
 |           |           :                       |           |           :
 |           |           :                       |           |           :
 4     5     6     7     x                       1     5     6     5     x
 |           |           :                       |           |           :
 |           |           :                       |           |           :
 0 --- 1 --- 2 --- 3 --- x                       0 --- 1 --- 2 --- 1 --- x
orbital number : 1
********************************************************************************************************************
Read input file "obs_params.in"
	Observable Type : Nq(All),   Sq(All),   N(All-Orbital),   Delta[s](All),   Delta[d](All),   Delta[s+](All)
** WARNING ** the input observables have non-local factors which have been reinterpreted. The total observable number is 96
********************************************************************************************************************


********************************************************************************************************************
Start calculating the non-Gaussian ED ground state
Maximal iteration number is 1000; energy resolution is 1e-06. Phonon state relaxation time is 2000
W = 0.2 is relatively large. The non-Gaussian ED calculation starts directly.
open output files: NGSED_iteration_observables.txt
********************************************************************************************************************
Start the 0 rounds of NGS-ED iteration
	effective electronic model is modified as: kinetic energy t = 1
	                                           effective interaction Vq = [0,0,0,0,0,0,0,0,0,0,0,0,0,0,0,0]
	first Hamiltonian is constructed, size = 207168 and non-zero numbers = 32194784
	PARPACK diagonalization completed after 225 matrix-vector product operations.
	iteration results: : total energy is -14.228491 | electron energy -14.228491 + phonon energy 0.000000 | electron momentum kIdx = 10
	Nq(0) = 4,	Nq(1) = 0.1929,	Nq(2) = 0.241361,	Nq(3) = 0.1929,	Nq(4) = 0.1929,	Nq(5) = 0.2635,	
	Nq(6) = 0.343209,	Nq(7) = 0.2635,	Nq(8) = 0.241361,	Nq(9) = 0.343209,	Nq(10) = 0.497356,	
	Nq(11) = 0.343209,	Nq(12) = 0.1929,	Nq(13) = 0.2635,	Nq(14) = 0.343209,	Nq(15) = 0.2635;	
	Sq(0) = 1.05048e-18,	Sq(1) = 0.540129,	Sq(2) = 0.425883,	Sq(3) = 0.540129,	Sq(4) = 0.540129,	
	Sq(5) = 0.44091,	Sq(6) = 0.633208,	Sq(7) = 0.44091,	Sq(8) = 0.425883,	Sq(9) = 0.633208,	
	Sq(10) = 0.512733,	Sq(11) = 0.633208,	Sq(12) = 0.540129,	Sq(13) = 0.44091,	Sq(14) = 0.633208,	
	Sq(15) = 0.44091;	N(0) = 1.39632,	N(1) = 1.19393,	N(2) = 0.182033,	N(3) = 1.19393,	
	N(4) = 1.19393,	N(5) = 0.343994,	N(6) = 0.0196952,	N(7) = 0.343994,	N(8) = 0.182033,	
	N(9) = 0.0196952,	N(10) = 0.00914957,	N(11) = 0.0196952,	N(12) = 1.19393,	N(13) = 0.343994,	
	N(14) = 0.0196952,	N(15) = 0.343994;	Delta[s](0) = 0.0178945,	Delta[s](1) = 0.00939535,	Delta[s](2) = 0.0030249,	
	Delta[s](3) = 0.00939535,	Delta[s](4) = 0.00939535,	Delta[s](5) = 0.00575026,	Delta[s](6) = 0.00102136,	Delta[s](7) = 0.00575026,	
	Delta[s](8) = 0.0030249,	Delta[s](9) = 0.00102136,	Delta[s](10) = 0.00064351,	Delta[s](11) = 0.00102136,	Delta[s](12) = 0.00939535,	
	Delta[s](13) = 0.00575026,	Delta[s](14) = 0.00102136,	Delta[s](15) = 0.00575026;	Delta[d](0) = 0.044237,	Delta[d](1) = 0.038947,	
	Delta[d](2) = 0.0313268,	Delta[d](3) = 0.038947,	Delta[d](4) = 0.038947,	Delta[d](5) = 0.0648055,	Delta[d](6) = 0.0450182,	
	Delta[d](7) = 0.0648055,	Delta[d](8) = 0.0313267,	Delta[d](9) = 0.0450182,	Delta[d](10) = 0.0111822,	Delta[d](11) = 0.0450182,	
	Delta[d](12) = 0.038947,	Delta[d](13) = 0.0648055,	Delta[d](14) = 0.0450182,	Delta[d](15) = 0.0648055;	Delta[s+](0) = 0.193723,	
	Delta[s+](1) = 0.124915,	Delta[s+](2) = 0.0313268,	Delta[s+](3) = 0.124915,	Delta[s+](4) = 0.124915,	Delta[s+](5) = 0.0693431,	
	Delta[s+](6) = 0.0153499,	Delta[s+](7) = 0.0693431,	Delta[s+](8) = 0.0313267,	Delta[s+](9) = 0.0153499,	Delta[s+](10) = 0.00386543,	
	Delta[s+](11) = 0.0153499,	Delta[s+](12) = 0.124915,	Delta[s+](13) = 0.0693431,	Delta[s+](14) = 0.0153499,	Delta[s+](15) = 0.0693431
	
The 0-th iteration is completed.	|| time cost : 0h 0m 5.024s
********************************************************************************************************************
Start the 1 rounds of NGS-ED iteration
	effective electronic model is modified as: kinetic energy t = 0.955594
	                                           effective interaction Vq = [  -3.6125,-0.714437,-0.283897,-0.714437,-0.714437,-0.329572,-0.191664,-0.329572,-0.283897,-0.191664,-0.140474,-0.191664,-0.714437,-0.329572,-0.191664,-0.329572]
	PARPACK diagonalization completed after 45 matrix-vector product operations.
	iteration results: : total energy is -29.260808 | electron energy -29.404468 + phonon energy 0.143660 | electron momentum kIdx = 10
The 1-th iteration is completed.	|| time cost : 0h 0m 3.409s
********************************************************************************************************************
Start the 2 rounds of NGS-ED iteration
	effective electronic model is modified as: kinetic energy t = 0.9507
	                                           effective interaction Vq = [  -3.6125,-0.868329,-0.286902,-0.868329,-0.868329,-0.338321, -0.18478,-0.338321,-0.286902, -0.18478,-0.123678, -0.18478,-0.868329,-0.338321, -0.18478,-0.338321]
	PARPACK diagonalization completed after 45 matrix-vector product operations.
	iteration results: : total energy is -29.268931 | electron energy -29.457329 + phonon energy 0.188397 | electron momentum kIdx = 10
The 2-th iteration is completed.	|| time cost : 0h 0m 0.769s
********************************************************************************************************************
Start the 3 rounds of NGS-ED iteration
	effective electronic model is modified as: kinetic energy t = 0.948678
	                                           effective interaction Vq = [  -3.6125,-0.932767, -0.28647,-0.932767,-0.932767,-0.337504,-0.183114,-0.337504, -0.28647,-0.183114,-0.120319,-0.183114,-0.932767,-0.337504,-0.183114,-0.337504]
	PARPACK diagonalization completed after 45 matrix-vector product operations.
	iteration results: : total energy is -29.270237 | electron energy -29.478884 + phonon energy 0.208647 | electron momentum kIdx = 10
The 3-th iteration is completed.	|| time cost : 0h 0m 0.771s
********************************************************************************************************************
Start the 4 rounds of NGS-ED iteration
	effective electronic model is modified as: kinetic energy t = 0.947747
	                                           effective interaction Vq = [  -3.6125,-0.962564,-0.286093,-0.962564,-0.962564,-0.336454,-0.182516,-0.336454,-0.286093,-0.182516,-0.119212,-0.182516,-0.962564,-0.336454,-0.182516,-0.336454]
	PARPACK diagonalization completed after 45 matrix-vector product operations.
	iteration results: : total energy is -29.270514 | electron energy -29.488831 + phonon energy 0.218317 | electron momentum kIdx = 10
The 4-th iteration is completed.	|| time cost : 0h 0m 0.771s
********************************************************************************************************************
Start the 5 rounds of NGS-ED iteration
	effective electronic model is modified as: kinetic energy t = 0.947296
	                                           effective interaction Vq = [  -3.6125,-0.976959,-0.285897,-0.976959,-0.976959,-0.335868,-0.182253,-0.335868,-0.285897,-0.182253,-0.118735,-0.182253,-0.976959,-0.335868,-0.182253,-0.335868]
	PARPACK diagonalization completed after 45 matrix-vector product operations.
	iteration results: : total energy is -29.270578 | electron energy -29.493649 + phonon energy 0.223071 | electron momentum kIdx = 10
The 5-th iteration is completed.	|| time cost : 0h 0m 0.766s
********************************************************************************************************************
Start the 6 rounds of NGS-ED iteration
	effective electronic model is modified as: kinetic energy t = 0.947073
	                                           effective interaction Vq = [  -3.6125,-0.984056,-0.285801,-0.984056,-0.984056,-0.335571,-0.182128,-0.335571,-0.285801,-0.182128,-0.118509,-0.182128,-0.984056,-0.335571,-0.182128,-0.335571]
	PARPACK diagonalization completed after 45 matrix-vector product operations.
	iteration results: : total energy is -29.270594 | electron energy -29.496030 + phonon energy 0.225436 | electron momentum kIdx = 10
The 6-th iteration is completed.	|| time cost : 0h 0m 0.76s
********************************************************************************************************************
Start the 7 rounds of NGS-ED iteration
	effective electronic model is modified as: kinetic energy t = 0.946962
	                                           effective interaction Vq = [  -3.6125,-0.987588,-0.285753,-0.987588,-0.987588,-0.335424,-0.182066,-0.335424,-0.285753,-0.182066,-0.118398,-0.182066,-0.987588,-0.335424,-0.182066,-0.335424]
	PARPACK diagonalization completed after 45 matrix-vector product operations.
	iteration results: : total energy is -29.270598 | electron energy -29.497217 + phonon energy 0.226620 | electron momentum kIdx = 10
The 7-th iteration is completed.	|| time cost : 0h 0m 0.773s
********************************************************************************************************************
Start the 8 rounds of NGS-ED iteration
	effective electronic model is modified as: kinetic energy t = 0.946906
	                                           effective interaction Vq = [  -3.6125,-0.989354,-0.285729,-0.989354,-0.989354, -0.33535,-0.182035, -0.33535,-0.285729,-0.182035,-0.118342,-0.182035,-0.989354, -0.33535,-0.182035, -0.33535]
	PARPACK diagonalization completed after 45 matrix-vector product operations.
	iteration results: : total energy is -29.270599 | electron energy -29.497812 + phonon energy 0.227213 | electron momentum kIdx = 10
The 8-th iteration is completed.	|| time cost : 0h 0m 0.763s
********************************************************************************************************************
Start the 9 rounds of NGS-ED iteration
	effective electronic model is modified as: kinetic energy t = 0.946878
	                                           effective interaction Vq = [  -3.6125, -0.99024,-0.285717, -0.99024, -0.99024,-0.335313, -0.18202,-0.335313,-0.285717, -0.18202,-0.118315, -0.18202, -0.99024,-0.335313, -0.18202,-0.335313]
	PARPACK diagonalization completed after 30 matrix-vector product operations.
	iteration results: : total energy is -29.270599 | electron energy -29.498109 + phonon energy 0.227510 | electron momentum kIdx = 10
The 9-th iteration is completed.	|| time cost : 0h 0m 0.702s
********************************************************************************************************************
Start the 10 rounds of NGS-ED iteration
	effective electronic model is modified as: kinetic energy t = 0.946864
	                                           effective interaction Vq = [  -3.6125,-0.990684,-0.285712,-0.990684,-0.990684,-0.335295,-0.182012,-0.335295,-0.285712,-0.182012,-0.118301,-0.182012,-0.990684,-0.335295,-0.182012,-0.335295]
	PARPACK diagonalization completed after 30 matrix-vector product operations.
	iteration results: : total energy is -29.270599 | electron energy -29.498259 + phonon energy 0.227660 | electron momentum kIdx = 10
The 10-th iteration is completed.	|| time cost : 0h 0m 0.7s
********************************************************************************************************************
Start the 11 rounds of NGS-ED iteration
	effective electronic model is modified as: kinetic energy t = 0.946857
	                                           effective interaction Vq = [  -3.6125,-0.990907,-0.285709,-0.990907,-0.990907,-0.335286,-0.182008,-0.335286,-0.285709,-0.182008,-0.118294,-0.182008,-0.990907,-0.335286,-0.182008,-0.335286]
	PARPACK diagonalization completed after 30 matrix-vector product operations.
	iteration results: : total energy is -29.270599 | electron energy -29.498334 + phonon energy 0.227735 | electron momentum kIdx = 10
The 11-th iteration is completed.	|| time cost : 0h 0m 0.713s
********************************************************************************************************************
Start the 12 rounds of NGS-ED iteration
	effective electronic model is modified as: kinetic energy t = 0.946854
	                                           effective interaction Vq = [  -3.6125,-0.991019,-0.285707,-0.991019,-0.991019,-0.335281,-0.182006,-0.335281,-0.285707,-0.182006, -0.11829,-0.182006,-0.991019,-0.335281,-0.182006,-0.335281]
	PARPACK diagonalization completed after 30 matrix-vector product operations.
	iteration results: : total energy is -29.270599 | electron energy -29.498372 + phonon energy 0.227773 | electron momentum kIdx = 10
The 12-th iteration is completed.	|| time cost : 0h 0m 0.707s
********************************************************************************************************************
Start the 13 rounds of NGS-ED iteration
	effective electronic model is modified as: kinetic energy t = 0.946852
	                                           effective interaction Vq = [  -3.6125,-0.991076,-0.285706,-0.991076,-0.991076,-0.335279,-0.182005,-0.335279,-0.285706,-0.182005,-0.118289,-0.182005,-0.991076,-0.335279,-0.182005,-0.335279]
	PARPACK diagonalization completed after 30 matrix-vector product operations.
	iteration results: : total energy is -29.270599 | electron energy -29.498391 + phonon energy 0.227792 | electron momentum kIdx = 10
The 13-th iteration is completed.	|| time cost : 0h 0m 0.707s
********************************************************************************************************************
Start the 14 rounds of NGS-ED iteration
	effective electronic model is modified as: kinetic energy t = 0.946851
	                                           effective interaction Vq = [  -3.6125,-0.991104,-0.285706,-0.991104,-0.991104,-0.335277,-0.182005,-0.335277,-0.285706,-0.182005,-0.118288,-0.182005,-0.991104,-0.335277,-0.182005,-0.335277]
	PARPACK diagonalization completed after 30 matrix-vector product operations.
	iteration results: : total energy is -29.270599 | electron energy -29.498400 + phonon energy 0.227801 | electron momentum kIdx = 10
The 14-th iteration is completed.	|| time cost : 0h 0m 0.713s
********************************************************************************************************************
Start the 15 rounds of NGS-ED iteration
	effective electronic model is modified as: kinetic energy t = 0.946851
	                                           effective interaction Vq = [  -3.6125,-0.991118,-0.285706,-0.991118,-0.991118,-0.335277,-0.182005,-0.335277,-0.285706,-0.182005,-0.118287,-0.182005,-0.991118,-0.335277,-0.182005,-0.335277]
	PARPACK diagonalization completed after 30 matrix-vector product operations.
	iteration results: : total energy is -29.270599 | electron energy -29.498405 + phonon energy 0.227806 | electron momentum kIdx = 10
The 15-th iteration is completed.	|| time cost : 0h 0m 0.707s
********************************************************************************************************************
Start the 16 rounds of NGS-ED iteration
	effective electronic model is modified as: kinetic energy t = 0.94685
	                                           effective interaction Vq = [  -3.6125,-0.991125,-0.285706,-0.991125,-0.991125,-0.335277,-0.182004,-0.335277,-0.285706,-0.182004,-0.118287,-0.182004,-0.991125,-0.335277,-0.182004,-0.335277]
	PARPACK diagonalization completed after 30 matrix-vector product operations.
	iteration results: : total energy is -29.270599 | electron energy -29.498408 + phonon energy 0.227808 | electron momentum kIdx = 10
The 16-th iteration is completed.	|| time cost : 0h 0m 0.634s
********************************************************************************************************************
Start the 17 rounds of NGS-ED iteration
	effective electronic model is modified as: kinetic energy t = 0.94685
	                                           effective interaction Vq = [  -3.6125,-0.991129,-0.285706,-0.991129,-0.991129,-0.335276,-0.182004,-0.335276,-0.285706,-0.182004,-0.118287,-0.182004,-0.991129,-0.335276,-0.182004,-0.335276]
	PARPACK diagonalization completed after 30 matrix-vector product operations.
	iteration results: : total energy is -29.270599 | electron energy -29.498409 + phonon energy 0.227810 | electron momentum kIdx = 10
The 17-th iteration is completed.	|| time cost : 0h 0m 0.705s
********************************************************************************************************************
Start the 18 rounds of NGS-ED iteration
	effective electronic model is modified as: kinetic energy t = 0.94685
	                                           effective interaction Vq = [  -3.6125,-0.991131,-0.285706,-0.991131,-0.991131,-0.335276,-0.182004,-0.335276,-0.285706,-0.182004,-0.118287,-0.182004,-0.991131,-0.335276,-0.182004,-0.335276]
	PARPACK diagonalization completed after 30 matrix-vector product operations.
	iteration results: : total energy is -29.270599 | electron energy -29.498409 + phonon energy 0.227810 | electron momentum kIdx = 10
The 18-th iteration is completed.	|| time cost : 0h 0m 0.705s
********************************************************************************************************************
Start the 19 rounds of NGS-ED iteration
	effective electronic model is modified as: kinetic energy t = 0.94685
	                                           effective interaction Vq = [  -3.6125,-0.991132,-0.285706,-0.991132,-0.991132,-0.335276,-0.182004,-0.335276,-0.285706,-0.182004,-0.118287,-0.182004,-0.991132,-0.335276,-0.182004,-0.335276]
	PARPACK diagonalization completed after 30 matrix-vector product operations.
	iteration results: : total energy is -29.270599 | electron energy -29.498410 + phonon energy 0.227810 | electron momentum kIdx = 10
The 19-th iteration is completed.	|| time cost : 0h 0m 0.708s
********************************************************************************************************************
Start the 20 rounds of NGS-ED iteration
	effective electronic model is modified as: kinetic energy t = 0.94685
	                                           effective interaction Vq = [  -3.6125,-0.991132,-0.285706,-0.991132,-0.991132,-0.335276,-0.182004,-0.335276,-0.285706,-0.182004,-0.118287,-0.182004,-0.991132,-0.335276,-0.182004,-0.335276]
	PARPACK diagonalization completed after 30 matrix-vector product operations.
	iteration results: : total energy is -29.270599 | electron energy -29.498410 + phonon energy 0.227811 | electron momentum kIdx = 10
The 20-th iteration is completed.	|| time cost : 0h 0m 0.708s
********************************************************************************************************************
Start the 21 rounds of NGS-ED iteration
	effective electronic model is modified as: kinetic energy t = 0.94685
	                                           effective interaction Vq = [  -3.6125,-0.991132,-0.285705,-0.991132,-0.991132,-0.335276,-0.182004,-0.335276,-0.285705,-0.182004,-0.118287,-0.182004,-0.991132,-0.335276,-0.182004,-0.335276]
	PARPACK diagonalization completed after 30 matrix-vector product operations.
	iteration results: : total energy is -29.270599 | electron energy -29.498410 + phonon energy 0.227811 | electron momentum kIdx = 10
The 21-th iteration is completed.	|| time cost : 0h 0m 0.71s
********************************************************************************************************************
Start the 22 rounds of NGS-ED iteration
	effective electronic model is modified as: kinetic energy t = 0.94685
	                                           effective interaction Vq = [  -3.6125,-0.991133,-0.285705,-0.991133,-0.991133,-0.335276,-0.182004,-0.335276,-0.285705,-0.182004,-0.118287,-0.182004,-0.991133,-0.335276,-0.182004,-0.335276]
	PARPACK diagonalization completed after 30 matrix-vector product operations.
	iteration results: : total energy is -29.270599 | electron energy -29.498410 + phonon energy 0.227811 | electron momentum kIdx = 10
	Nq(0) = 4,	Nq(1) = 0.224025,	Nq(2) = 0.240842,	Nq(3) = 0.224025,	Nq(4) = 0.224025,	Nq(5) = 0.264491,	
	Nq(6) = 0.33001,	Nq(7) = 0.264491,	Nq(8) = 0.240842,	Nq(9) = 0.33001,	Nq(10) = 0.441663,	
	Nq(11) = 0.33001,	Nq(12) = 0.224025,	Nq(13) = 0.264491,	Nq(14) = 0.33001,	Nq(15) = 0.264491;	
	Sq(0) = 4.85936e-19,	Sq(1) = 0.533738,	Sq(2) = 0.430513,	Sq(3) = 0.533738,	Sq(4) = 0.533738,	
	Sq(5) = 0.450875,	Sq(6) = 0.616361,	Sq(7) = 0.450875,	Sq(8) = 0.430513,	Sq(9) = 0.616361,	
	Sq(10) = 0.537625,	Sq(11) = 0.616361,	Sq(12) = 0.533738,	Sq(13) = 0.450875,	Sq(14) = 0.616361,	
	Sq(15) = 0.450875;	N(0) = 1.41764,	N(1) = 1.19047,	N(2) = 0.182071,	N(3) = 1.19047,	
	N(4) = 1.19047,	N(5) = 0.337886,	N(6) = 0.0231368,	N(7) = 0.337886,	N(8) = 0.182071,	
	N(9) = 0.0231368,	N(10) = 0.012224,	N(11) = 0.0231368,	N(12) = 1.19047,	N(13) = 0.337886,	
	N(14) = 0.0231368,	N(15) = 0.337886;	Delta[s](0) = 0.0189187,	Delta[s](1) = 0.0102607,	Delta[s](2) = 0.00344176,	
	Delta[s](3) = 0.0102607,	Delta[s](4) = 0.0102607,	Delta[s](5) = 0.00640395,	Delta[s](6) = 0.00138316,	Delta[s](7) = 0.00640395,	
	Delta[s](8) = 0.00344176,	Delta[s](9) = 0.00138316,	Delta[s](10) = 0.000732378,	Delta[s](11) = 0.00138316,	Delta[s](12) = 0.0102607,	
	Delta[s](13) = 0.00640395,	Delta[s](14) = 0.00138316,	Delta[s](15) = 0.00640395;	Delta[d](0) = 0.0461652,	Delta[d](1) = 0.040408,	
	Delta[d](2) = 0.0334646,	Delta[d](3) = 0.040408,	Delta[d](4) = 0.040408,	Delta[d](5) = 0.0676125,	Delta[d](6) = 0.0492103,	
	Delta[d](7) = 0.0676125,	Delta[d](8) = 0.0334646,	Delta[d](9) = 0.0492103,	Delta[d](10) = 0.0156906,	Delta[d](11) = 0.0492103,	
	Delta[d](12) = 0.040408,	Delta[d](13) = 0.0676125,	Delta[d](14) = 0.0492103,	Delta[d](15) = 0.0676125;	Delta[s+](0) = 0.197292,	
	Delta[s+](1) = 0.128149,	Delta[s+](2) = 0.0334646,	Delta[s+](3) = 0.128149,	Delta[s+](4) = 0.128149,	Delta[s+](5) = 0.0709607,	
	Delta[s+](6) = 0.0173187,	Delta[s+](7) = 0.0709607,	Delta[s+](8) = 0.0334646,	Delta[s+](9) = 0.0173187,	Delta[s+](10) = 0.00515182,	
	Delta[s+](11) = 0.0173187,	Delta[s+](12) = 0.128149,	Delta[s+](13) = 0.0709607,	Delta[s+](14) = 0.0173187,	Delta[s+](15) = 0.0709607
	
The 22-th iteration is completed.	|| time cost : 0h 0m 2.909s
********************************************************************************************************************
********************************************************************************************************************
Ground state is obtained after 23 iterations. The current ground-state energy is -29.2706, in which electron energy is -29.4984 and phonon energy is 0.227811
Final variational state is: 
	Gamma_x = [      1,2.39729,1.38509,2.39729,2.39729,1.51051,1.33209,1.51051,1.38509,1.33209,1.28464,1.33209,2.39729,1.51051,1.33209,1.51051]
	lambda_q = [    4.25,0.732246,0.227754,0.732246,0.732246,0.269041, 0.17076,0.269041,0.227754, 0.17076,0.135511, 0.17076,0.732246,0.269041, 0.17076,0.269041]
Effective e-e interactions mediated by phonons are:
	momentum-space Vq = [  -3.6125,-0.991133,-0.285705,-0.991133,-0.991133,-0.335276,-0.182004,-0.335276,-0.285705,-0.182004,-0.118287,-0.182004,-0.991133,-0.335276,-0.182004,-0.335276]
	real-space Vr = [ -0.645991, -0.319529, -0.185068, -0.319529, -0.319529, -0.197461, -0.117247, -0.197461, -0.185068, -0.117247,-0.0594222, -0.117247, -0.319529, -0.197461, -0.117247, -0.197461]
********************************************************************************************************************
o___o  ----------------------------------------
| L |	Time since last clock: 0h 0m 0.005s
A===A	Time since the beginning: 0h 0m 25.852s
***********************************************


Non-Gaussina ED ground state calculation is completed. The final ground-state energy is -29.2706
********************************************************************************************************************
o___o  ----------------------------------------
| L |	Time since last clock: 0h 0m 0.002s
A===A	Time since the beginning: 0h 0m 25.854s
***********************************************



********************************************************************************************************************
All non-Gaussian ED ground state calculations have been completed. Exit now.
