SNEDics v3.22.2 Non-Gaussian ED ground state program		Start at Sun May 22 22:02:20 2022

Parallelization: 32 MPI threads  * 8 OpenMP threads = 256 total threads.
********************************************************************************************************************
********************************************************************************************************************

********************************************************************************************************************
System parameters and configurations
	special program options are enabled: splitted diagonal Hamiltonian | splitted Hamiltonian terms
********************************************************************************************************************
Read input file "model_params.in"
	Hubbard-Holstein model parameters : 	t = 1    U = 8    g = 0.4    W = 0.2    g' = 0.45    
********************************************************************************************************************
Read input file "hilbertspace_params.in"
	Requested 16-site 2D lattice, with 8 electrons (4, 4)
	Boundary : Periodic		Hilbert space representation : momentum-space (restricted to kIdx = 10)
	Conservation: particle number[U(1)]      spin[U(1)]     momentum
********************************************************************************************************************

Cluster Positions:				Cluster symmetry group : D4
 x ... x ... x ... x .....                       x ... x ... x ... x .....
 |           |           :                       |           |           :
 |           |           :                       |           |           :
12    13    14    15     x                       1     5     6     5     x
 |           |           :                       |           |           :
 |           |           :                       |           |           :
 8 --- 9 ---10 ---11 --- x                       2 --- 6 ---10 --- 6 --- x
 |           |           :                       |           |           :
 |           |           :                       |           |           :
 4     5     6     7     x                       1     5     6     5     x
 |           |           :                       |           |           :
 |           |           :                       |           |           :
 0 --- 1 --- 2 --- 3 --- x                       0 --- 1 --- 2 --- 1 --- x
orbital number : 1
********************************************************************************************************************
Read input file "obs_params.in"
	Observable Type : Nq(All),   Sq(All),   N(All-Orbital),   Delta[s](All),   Delta[d](All),   Delta[s+](All)
** WARNING ** the input observables have non-local factors which have been reinterpreted. The total observable number is 96
********************************************************************************************************************


********************************************************************************************************************
Start calculating the non-Gaussian ED ground state
Maximal iteration number is 1000; energy resolution is 1e-06. Phonon state relaxation time is 2000
W = 0.2 is relatively large. The non-Gaussian ED calculation starts directly.
open output files: NGSED_iteration_observables.txt
********************************************************************************************************************
Start the 0 rounds of NGS-ED iteration
	effective electronic model is modified as: kinetic energy t = 1
	                                           effective interaction Vq = [0,0,0,0,0,0,0,0,0,0,0,0,0,0,0,0]
	first Hamiltonian is constructed, size = 207168 and non-zero numbers = 32194784
	PARPACK diagonalization completed after 225 matrix-vector product operations.
	iteration results: : total energy is -14.228491 | electron energy -14.228491 + phonon energy 0.000000 | electron momentum kIdx = 10
	Nq(0) = 4,	Nq(1) = 0.1929,	Nq(2) = 0.241361,	Nq(3) = 0.1929,	Nq(4) = 0.1929,	Nq(5) = 0.2635,	
	Nq(6) = 0.343209,	Nq(7) = 0.2635,	Nq(8) = 0.241361,	Nq(9) = 0.343209,	Nq(10) = 0.497356,	
	Nq(11) = 0.343209,	Nq(12) = 0.1929,	Nq(13) = 0.2635,	Nq(14) = 0.343209,	Nq(15) = 0.2635;	
	Sq(0) = 1.05048e-18,	Sq(1) = 0.540129,	Sq(2) = 0.425883,	Sq(3) = 0.540129,	Sq(4) = 0.540129,	
	Sq(5) = 0.44091,	Sq(6) = 0.633208,	Sq(7) = 0.44091,	Sq(8) = 0.425883,	Sq(9) = 0.633208,	
	Sq(10) = 0.512733,	Sq(11) = 0.633208,	Sq(12) = 0.540129,	Sq(13) = 0.44091,	Sq(14) = 0.633208,	
	Sq(15) = 0.44091;	N(0) = 1.39632,	N(1) = 1.19393,	N(2) = 0.182033,	N(3) = 1.19393,	
	N(4) = 1.19393,	N(5) = 0.343994,	N(6) = 0.0196952,	N(7) = 0.343994,	N(8) = 0.182033,	
	N(9) = 0.0196952,	N(10) = 0.00914957,	N(11) = 0.0196952,	N(12) = 1.19393,	N(13) = 0.343994,	
	N(14) = 0.0196952,	N(15) = 0.343994;	Delta[s](0) = 0.0105544,	Delta[s](1) = 0.00732338,	Delta[s](2) = 0.00449266,	
	Delta[s](3) = 0.00732338,	Delta[s](4) = 0.00732338,	Delta[s](5) = 0.00555207,	Delta[s](6) = 0.00373115,	Delta[s](7) = 0.00555207,	
	Delta[s](8) = 0.00449266,	Delta[s](9) = 0.00373115,	Delta[s](10) = 0.00328961,	Delta[s](11) = 0.00373115,	Delta[s](12) = 0.00732338,	
	Delta[s](13) = 0.00555207,	Delta[s](14) = 0.00373115,	Delta[s](15) = 0.00555207;	Delta[d](0) = 0.0328339,	Delta[d](1) = 0.0419342,	
	Delta[d](2) = 0.0431018,	Delta[d](3) = 0.0419342,	Delta[d](4) = 0.0419342,	Delta[d](5) = 0.0590813,	Delta[d](6) = 0.0523647,	
	Delta[d](7) = 0.0590813,	Delta[d](8) = 0.0431018,	Delta[d](9) = 0.0523647,	Delta[d](10) = 0.0356078,	Delta[d](11) = 0.0523647,	
	Delta[d](12) = 0.0419342,	Delta[d](13) = 0.0590813,	Delta[d](14) = 0.0523647,	Delta[d](15) = 0.0590813;	Delta[s+](0) = 0.156929,	
	Delta[s+](1) = 0.108176,	Delta[s+](2) = 0.0431018,	Delta[s+](3) = 0.108176,	Delta[s+](4) = 0.108176,	Delta[s+](5) = 0.0693298,	
	Delta[s+](6) = 0.0265773,	Delta[s+](7) = 0.0693298,	Delta[s+](8) = 0.0431018,	Delta[s+](9) = 0.0265773,	Delta[s+](10) = 0.0131739,	
	Delta[s+](11) = 0.0265773,	Delta[s+](12) = 0.108176,	Delta[s+](13) = 0.0693298,	Delta[s+](14) = 0.0265773,	Delta[s+](15) = 0.0693298
	
The 0-th iteration is completed.	|| time cost : 0h 0m 5.64s
********************************************************************************************************************
Start the 1 rounds of NGS-ED iteration
	effective electronic model is modified as: kinetic energy t = 0.771558
	                                           effective interaction Vq = [    -24.2, -6.06508,-0.109048, -6.06508, -6.06508,-0.120595,-0.191203,-0.120595,-0.109048,-0.191203, -8.34623,-0.191203, -6.06508,-0.120595,-0.191203,-0.120595]
	PARPACK diagonalization completed after 45 matrix-vector product operations.
	iteration results: : total energy is -129.331840 | electron energy -131.688112 + phonon energy 2.356272 | electron momentum kIdx = 10
The 1-th iteration is completed.	|| time cost : 0h 0m 3.924s
********************************************************************************************************************
Start the 2 rounds of NGS-ED iteration
	effective electronic model is modified as: kinetic energy t = 0.72545
	                                           effective interaction Vq = [     -24.2,   -0.3223,-0.0283938,   -0.3223,   -0.3223,-0.0278686,-0.0416402,-0.0278686,-0.0283938,-0.0416402,  -9.79378,-0.0416402,   -0.3223,-0.0278686,-0.0416402,-0.0278686]
	PARPACK diagonalization completed after 30 matrix-vector product operations.
	iteration results: : total energy is -136.150465 | electron energy -136.968664 + phonon energy 0.818199 | electron momentum kIdx = 10
The 2-th iteration is completed.	|| time cost : 0h 0m 1.552s
********************************************************************************************************************
Start the 3 rounds of NGS-ED iteration
	effective electronic model is modified as: kinetic energy t = 0.670028
	                                           effective interaction Vq = [     -24.2, -0.221813,-0.0205733, -0.221813, -0.221813,-0.0204452, -0.031389,-0.0204452,-0.0205733, -0.031389,  -9.79623, -0.031389, -0.221813,-0.0204452, -0.031389,-0.0204452]
	PARPACK diagonalization completed after 90 matrix-vector product operations.
	iteration results: : total energy is -136.198735 | electron energy -136.840053 + phonon energy 0.641318 | electron momentum kIdx = 10
The 3-th iteration is completed.	|| time cost : 0h 0m 1.85s
********************************************************************************************************************
Start the 4 rounds of NGS-ED iteration
	effective electronic model is modified as: kinetic energy t = 0.659805
	                                           effective interaction Vq = [     -24.2, -0.213124,-0.0193869, -0.213124, -0.213124,-0.0195846,-0.0298533, -0.019826,-0.0193869,-0.0298533,  -9.79653,-0.0298533, -0.213124, -0.019826,-0.0298533,-0.0195846]
	PARPACK diagonalization completed after 105 matrix-vector product operations.
	iteration results: : total energy is -136.199772 | electron energy -136.814751 + phonon energy 0.614979 | electron momentum kIdx = 10
The 4-th iteration is completed.	|| time cost : 0h 0m 1.935s
********************************************************************************************************************
Start the 5 rounds of NGS-ED iteration
	effective electronic model is modified as: kinetic energy t = 0.656918
	                                           effective interaction Vq = [     -24.2, -0.210303,-0.0192269, -0.210303, -0.210303, -0.019265,-0.0295073,-0.0195806,-0.0192269,-0.0295073,   -9.7966,-0.0295073, -0.210303,-0.0195806,-0.0295073, -0.019265]
	PARPACK diagonalization completed after 30 matrix-vector product operations.
	iteration results: : total energy is -136.199852 | electron energy -136.807658 + phonon energy 0.607806 | electron momentum kIdx = 10
The 5-th iteration is completed.	|| time cost : 0h 0m 1.622s
********************************************************************************************************************
Start the 6 rounds of NGS-ED iteration
	effective electronic model is modified as: kinetic energy t = 0.65609
	                                           effective interaction Vq = [     -24.2, -0.209509,-0.0191603, -0.209509, -0.209509,-0.0191979,-0.0294097,-0.0195099,-0.0191603,-0.0294097,  -9.79663,-0.0294097, -0.209509,-0.0195099,-0.0294097,-0.0191979]
	PARPACK diagonalization completed after 60 matrix-vector product operations.
	iteration results: : total energy is -136.199858 | electron energy -136.805630 + phonon energy 0.605772 | electron momentum kIdx = 10
The 6-th iteration is completed.	|| time cost : 0h 0m 1.762s
********************************************************************************************************************
Start the 7 rounds of NGS-ED iteration
	effective electronic model is modified as: kinetic energy t = 0.655852
	                                           effective interaction Vq = [     -24.2, -0.209282,-0.0191413, -0.209282, -0.209282,-0.0191786,-0.0293818,-0.0194898,-0.0191413,-0.0293818,  -9.79663,-0.0293818, -0.209282,-0.0194898,-0.0293818,-0.0191786]
	PARPACK diagonalization completed after 30 matrix-vector product operations.
	iteration results: : total energy is -136.199859 | electron energy -136.805047 + phonon energy 0.605188 | electron momentum kIdx = 10
The 7-th iteration is completed.	|| time cost : 0h 0m 1.631s
********************************************************************************************************************
Start the 8 rounds of NGS-ED iteration
	effective electronic model is modified as: kinetic energy t = 0.655783
	                                           effective interaction Vq = [     -24.2, -0.209217,-0.0191359, -0.209217, -0.209217, -0.019173,-0.0293737,-0.0194839,-0.0191359,-0.0293737,  -9.79663,-0.0293737, -0.209217,-0.0194839,-0.0293737, -0.019173]
	PARPACK diagonalization completed after 30 matrix-vector product operations.
	iteration results: : total energy is -136.199859 | electron energy -136.804879 + phonon energy 0.605020 | electron momentum kIdx = 10
The 8-th iteration is completed.	|| time cost : 0h 0m 1.619s
********************************************************************************************************************
Start the 9 rounds of NGS-ED iteration
	effective electronic model is modified as: kinetic energy t = 0.655764
	                                           effective interaction Vq = [     -24.2, -0.209198,-0.0191343, -0.209198, -0.209198,-0.0191714,-0.0293714,-0.0194823,-0.0191343,-0.0293714,  -9.79663,-0.0293714, -0.209198,-0.0194823,-0.0293714,-0.0191714]
	PARPACK diagonalization completed after 30 matrix-vector product operations.
	iteration results: : total energy is -136.199859 | electron energy -136.804830 + phonon energy 0.604972 | electron momentum kIdx = 10
The 9-th iteration is completed.	|| time cost : 0h 0m 1.659s
********************************************************************************************************************
Start the 10 rounds of NGS-ED iteration
	effective electronic model is modified as: kinetic energy t = 0.655758
	                                           effective interaction Vq = [     -24.2, -0.209192,-0.0191338, -0.209192, -0.209192, -0.019171,-0.0293707,-0.0194818,-0.0191338,-0.0293707,  -9.79663,-0.0293707, -0.209192,-0.0194818,-0.0293707, -0.019171]
	PARPACK diagonalization completed after 30 matrix-vector product operations.
	iteration results: : total energy is -136.199859 | electron energy -136.804816 + phonon energy 0.604958 | electron momentum kIdx = 10
The 10-th iteration is completed.	|| time cost : 0h 0m 1.633s
********************************************************************************************************************
Start the 11 rounds of NGS-ED iteration
	effective electronic model is modified as: kinetic energy t = 0.655756
	                                           effective interaction Vq = [     -24.2, -0.209191,-0.0191337, -0.209191, -0.209191,-0.0191708,-0.0293705,-0.0194817,-0.0191337,-0.0293705,  -9.79663,-0.0293705, -0.209191,-0.0194817,-0.0293705,-0.0191708]
	PARPACK diagonalization completed after 30 matrix-vector product operations.
	iteration results: : total energy is -136.199859 | electron energy -136.804812 + phonon energy 0.604954 | electron momentum kIdx = 10
The 11-th iteration is completed.	|| time cost : 0h 0m 1.585s
********************************************************************************************************************
Start the 12 rounds of NGS-ED iteration
	effective electronic model is modified as: kinetic energy t = 0.655756
	                                           effective interaction Vq = [     -24.2,  -0.20919,-0.0191337,  -0.20919,  -0.20919,-0.0191708,-0.0293705,-0.0194816,-0.0191337,-0.0293705,  -9.79663,-0.0293705,  -0.20919,-0.0194816,-0.0293705,-0.0191708]
	PARPACK diagonalization completed after 30 matrix-vector product operations.
	iteration results: : total energy is -136.199859 | electron energy -136.804811 + phonon energy 0.604952 | electron momentum kIdx = 10
The 12-th iteration is completed.	|| time cost : 0h 0m 1.618s
********************************************************************************************************************
Start the 13 rounds of NGS-ED iteration
	effective electronic model is modified as: kinetic energy t = 0.655756
	                                           effective interaction Vq = [     -24.2,  -0.20919,-0.0191337,  -0.20919,  -0.20919,-0.0191708,-0.0293705,-0.0194816,-0.0191337,-0.0293705,  -9.79663,-0.0293705,  -0.20919,-0.0194816,-0.0293705,-0.0191708]
	PARPACK diagonalization completed after 30 matrix-vector product operations.
	iteration results: : total energy is -136.199859 | electron energy -136.804811 + phonon energy 0.604952 | electron momentum kIdx = 10
The 13-th iteration is completed.	|| time cost : 0h 0m 1.63s
********************************************************************************************************************
Start the 14 rounds of NGS-ED iteration
	effective electronic model is modified as: kinetic energy t = 0.655756
	                                           effective interaction Vq = [     -24.2,  -0.20919,-0.0191337,  -0.20919,  -0.20919,-0.0191708,-0.0293705,-0.0194816,-0.0191337,-0.0293705,  -9.79663,-0.0293705,  -0.20919,-0.0194816,-0.0293705,-0.0191708]
	PARPACK diagonalization completed after 30 matrix-vector product operations.
	iteration results: : total energy is -136.199859 | electron energy -136.804811 + phonon energy 0.604952 | electron momentum kIdx = 10
The 14-th iteration is completed.	|| time cost : 0h 0m 1.627s
********************************************************************************************************************
Start the 15 rounds of NGS-ED iteration
	effective electronic model is modified as: kinetic energy t = 0.655756
	                                           effective interaction Vq = [     -24.2,  -0.20919,-0.0191337,  -0.20919,  -0.20919,-0.0191708,-0.0293705,-0.0194816,-0.0191337,-0.0293705,  -9.79663,-0.0293705,  -0.20919,-0.0194816,-0.0293705,-0.0191708]
	PARPACK diagonalization completed after 30 matrix-vector product operations.
	iteration results: : total energy is -136.199859 | electron energy -136.804811 + phonon energy 0.604952 | electron momentum kIdx = 10
	Nq(0) = 4,	Nq(1) = 0.0032586,	Nq(2) = 0.00630979,	Nq(3) = 0.0032586,	Nq(4) = 0.0032586,	Nq(5) = 0.00632224,	
	Nq(6) = 0.00928819,	Nq(7) = 0.00642654,	Nq(8) = 0.00630979,	Nq(9) = 0.00928819,	Nq(10) = 3.9151,	
	Nq(11) = 0.00928819,	Nq(12) = 0.0032586,	Nq(13) = 0.00642654,	Nq(14) = 0.00928819,	Nq(15) = 0.00632224;	
	Sq(0) = 4.54856e-20,	Sq(1) = 0.334186,	Sq(2) = 0.43344,	Sq(3) = 0.334186,	Sq(4) = 0.334186,	
	Sq(5) = 0.650857,	Sq(6) = 0.336393,	Sq(7) = 1.56682,	Sq(8) = 0.43344,	Sq(9) = 0.336393,	
	Sq(10) = 0.012056,	Sq(11) = 0.336393,	Sq(12) = 0.334186,	Sq(13) = 1.56682,	Sq(14) = 0.336393,	
	Sq(15) = 0.650857;	N(0) = 0.701833,	N(1) = 0.576944,	N(2) = 0.497646,	N(3) = 0.576944,	
	N(4) = 0.576944,	N(5) = 0.492431,	N(6) = 0.423056,	N(7) = 0.470456,	N(8) = 0.497646,	
	N(9) = 0.423056,	N(10) = 0.377099,	N(11) = 0.423056,	N(12) = 0.576944,	N(13) = 0.470456,	
	N(14) = 0.423056,	N(15) = 0.492431;	Delta[s](0) = 0.000227013,	Delta[s](1) = 0.000114467,	Delta[s](2) = 0.000100487,	
	Delta[s](3) = 0.000114467,	Delta[s](4) = 0.000114467,	Delta[s](5) = 8.38988e-05,	Delta[s](6) = 9.81148e-05,	Delta[s](7) = 3.01283e-05,	
	Delta[s](8) = 0.000100487,	Delta[s](9) = 9.81148e-05,	Delta[s](10) = 0.000193917,	Delta[s](11) = 9.81148e-05,	Delta[s](12) = 0.000114467,	
	Delta[s](13) = 3.01283e-05,	Delta[s](14) = 9.81148e-05,	Delta[s](15) = 8.38988e-05;	Delta[d](0) = 0.00347237,	Delta[d](1) = 0.00220877,	
	Delta[d](2) = 0.00247653,	Delta[d](3) = 0.00220877,	Delta[d](4) = 0.00220877,	Delta[d](5) = 0.000450158,	Delta[d](6) = 0.000432525,	
	Delta[d](7) = 0.000620983,	Delta[d](8) = 0.00247653,	Delta[d](9) = 0.000432525,	Delta[d](10) = 4.05889e-06,	Delta[d](11) = 0.000432525,	
	Delta[d](12) = 0.00220877,	Delta[d](13) = 0.000620983,	Delta[d](14) = 0.000432525,	Delta[d](15) = 0.000450158;	Delta[s+](0) = 0.00801003,	
	Delta[s+](1) = 0.00434277,	Delta[s+](2) = 0.00247653,	Delta[s+](3) = 0.00434277,	Delta[s+](4) = 0.00434277,	Delta[s+](5) = 0.00166553,	
	Delta[s+](6) = 0.000449092,	Delta[s+](7) = 0.00143899,	Delta[s+](8) = 0.00247653,	Delta[s+](9) = 0.000449092,	Delta[s+](10) = 3.84965e-06,	
	Delta[s+](11) = 0.000449092,	Delta[s+](12) = 0.00434277,	Delta[s+](13) = 0.00143899,	Delta[s+](14) = 0.000449092,	Delta[s+](15) = 0.00166553
	
The 15-th iteration is completed.	|| time cost : 0h 0m 3.84s
********************************************************************************************************************
********************************************************************************************************************
Ground state is obtained after 16 iterations. The current ground-state energy is -136.2, in which electron energy is -136.805 and phonon energy is 0.604952
Final variational state is: 
	Gamma_x = [      1,1.00339, 1.0006,1.00339,1.00339, 1.0006,1.00136,1.00062, 1.0006,1.00136,14.0277,1.00136,1.00339,1.00062,1.00136, 1.0006]
	lambda_q = [        11,  0.080962, 0.0240618,  0.080962,  0.080962, 0.0241088,-0.0295451, 0.0245021, 0.0240618,-0.0295451,  -6.87028,-0.0295451,  0.080962, 0.0245021,-0.0295451, 0.0241088]
Effective e-e interactions mediated by phonons are:
	momentum-space Vq = [     -24.2,  -0.20919,-0.0191337,  -0.20919,  -0.20919,-0.0191708,-0.0293705,-0.0194816,-0.0191337,-0.0293705,  -9.79663,-0.0293705,  -0.20919,-0.0194816,-0.0293705,-0.0191708]
	real-space Vr = [ -2.19165,-0.922688, -2.12235,-0.922688,-0.922688, -2.12244,-0.877733, -2.12236, -2.12235,-0.877733, -2.07237,-0.877733,-0.922688, -2.12236,-0.877733, -2.12244]
********************************************************************************************************************
o___o  ----------------------------------------
| L |	Time since last clock: 0h 0m 0.01s
A===A	Time since the beginning: 0h 0m 35.145s
***********************************************


Non-Gaussina ED ground state calculation is completed. The final ground-state energy is -136.2
********************************************************************************************************************
o___o  ----------------------------------------
| L |	Time since last clock: 0h 0m 0.003s
A===A	Time since the beginning: 0h 0m 35.148s
***********************************************



********************************************************************************************************************
All non-Gaussian ED ground state calculations have been completed. Exit now.
