SNEDics v3.22.2 Non-Gaussian ED ground state program		Start at Sun May 15 17:23:36 2022

Parallelization: 32 MPI threads  * 8 OpenMP threads = 256 total threads.
********************************************************************************************************************
********************************************************************************************************************

********************************************************************************************************************
System parameters and configurations
	special program options are enabled: splitted diagonal Hamiltonian | splitted Hamiltonian terms
********************************************************************************************************************
Read input file "model_params.in"
	Hubbard-Holstein model parameters : 	t = 1    t' = -0.3    U = 8    g = 0.35    W = 0.2    g' = 0.15    
********************************************************************************************************************
Read input file "hilbertspace_params.in"
	Requested 16-site 2D lattice, with 8 electrons (4, 4)
	Boundary : Periodic		Hilbert space representation : momentum-space (restricted to kIdx = 10)
	Conservation: particle number[U(1)]      spin[U(1)]     momentum
********************************************************************************************************************

Cluster Positions:				Cluster symmetry group : D4
 x ... x ... x ... x .....                       x ... x ... x ... x .....
 |           |           :                       |           |           :
 |           |           :                       |           |           :
12    13    14    15     x                       1     5     6     5     x
 |           |           :                       |           |           :
 |           |           :                       |           |           :
 8 --- 9 ---10 ---11 --- x                       2 --- 6 ---10 --- 6 --- x
 |           |           :                       |           |           :
 |           |           :                       |           |           :
 4     5     6     7     x                       1     5     6     5     x
 |           |           :                       |           |           :
 |           |           :                       |           |           :
 0 --- 1 --- 2 --- 3 --- x                       0 --- 1 --- 2 --- 1 --- x
orbital number : 1
********************************************************************************************************************
Read input file "obs_params.in"
	Observable Type : Nq(All),   Sq(All),   N(All-Orbital),   Delta[s](All),   Delta[d](All),   Delta[s+](All)
** WARNING ** the input observables have non-local factors which have been reinterpreted. The total observable number is 96
********************************************************************************************************************


********************************************************************************************************************
Start calculating the non-Gaussian ED ground state
Maximal iteration number is 1000; energy resolution is 1e-06. Phonon state relaxation time is 2000
W = 0.2 is relatively large. The non-Gaussian ED calculation starts directly.
open output files: NGSED_iteration_observables.txt
********************************************************************************************************************
Start the 0 rounds of NGS-ED iteration
	effective electronic model is modified as: kinetic energy t = 1, t' = -0.3
	                                           effective interaction Vq = [0,0,0,0,0,0,0,0,0,0,0,0,0,0,0,0]
	first Hamiltonian is constructed, size = 207168 and non-zero numbers = 32240256
	PARPACK diagonalization completed after 105 matrix-vector product operations.
	iteration results: : total energy is -14.405877 | electron energy -14.405877 + phonon energy 0.000000 | electron momentum kIdx = 10
	Nq(0) = 4,	Nq(1) = 0.191255,	Nq(2) = 0.234333,	Nq(3) = 0.191255,	Nq(4) = 0.191255,	Nq(5) = 0.305984,	
	Nq(6) = 0.331756,	Nq(7) = 0.305984,	Nq(8) = 0.234333,	Nq(9) = 0.331756,	Nq(10) = 0.361611,	
	Nq(11) = 0.331756,	Nq(12) = 0.191255,	Nq(13) = 0.305984,	Nq(14) = 0.331756,	Nq(15) = 0.305984;	
	Sq(0) = -3.48352e-18,	Sq(1) = 0.388709,	Sq(2) = 0.400904,	Sq(3) = 0.388709,	Sq(4) = 0.388709,	
	Sq(5) = 0.66772,	Sq(6) = 0.571758,	Sq(7) = 0.66772,	Sq(8) = 0.400904,	Sq(9) = 0.571758,	
	Sq(10) = 0.539189,	Sq(11) = 0.571758,	Sq(12) = 0.388709,	Sq(13) = 0.66772,	Sq(14) = 0.571758,	
	Sq(15) = 0.66772;	N(0) = 1.74885,	N(1) = 0.991935,	N(2) = 0.972078,	N(3) = 0.991935,	
	N(4) = 0.991935,	N(5) = 0.0652548,	N(6) = 0.0181601,	N(7) = 0.0652548,	N(8) = 0.972078,	
	N(9) = 0.0181601,	N(10) = 0.00559157,	N(11) = 0.0181601,	N(12) = 0.991935,	N(13) = 0.0652548,	
	N(14) = 0.0181601,	N(15) = 0.0652548;	Delta[s](0) = 0.0131647,	Delta[s](1) = 0.00967588,	Delta[s](2) = 0.00858612,	
	Delta[s](3) = 0.00967588,	Delta[s](4) = 0.00967588,	Delta[s](5) = 0.000642737,	Delta[s](6) = 0.000359233,	Delta[s](7) = 0.000642737,	
	Delta[s](8) = 0.00858612,	Delta[s](9) = 0.000359233,	Delta[s](10) = 7.91527e-05,	Delta[s](11) = 0.000359233,	Delta[s](12) = 0.00967588,	
	Delta[s](13) = 0.000642737,	Delta[s](14) = 0.000359233,	Delta[s](15) = 0.000642737;	Delta[d](0) = 0.0197163,	Delta[d](1) = 0.0626722,	
	Delta[d](2) = 0.126835,	Delta[d](3) = 0.0626722,	Delta[d](4) = 0.0626722,	Delta[d](5) = 0.0790451,	Delta[d](6) = 0.159612,	
	Delta[d](7) = 0.0790451,	Delta[d](8) = 0.126835,	Delta[d](9) = 0.159612,	Delta[d](10) = 0.278565,	Delta[d](11) = 0.159612,	
	Delta[d](12) = 0.0626722,	Delta[d](13) = 0.0790451,	Delta[d](14) = 0.159612,	Delta[d](15) = 0.0790451;	Delta[s+](0) = 0.225092,	
	Delta[s+](1) = 0.152991,	Delta[s+](2) = 0.126835,	Delta[s+](3) = 0.152991,	Delta[s+](4) = 0.152991,	Delta[s+](5) = 0.0100926,	
	Delta[s+](6) = 0.0213631,	Delta[s+](7) = 0.0100926,	Delta[s+](8) = 0.126835,	Delta[s+](9) = 0.0213631,	Delta[s+](10) = 0.00347137,	
	Delta[s+](11) = 0.0213631,	Delta[s+](12) = 0.152991,	Delta[s+](13) = 0.0100926,	Delta[s+](14) = 0.0213631,	Delta[s+](15) = 0.0100926
	
The 0-th iteration is completed.	|| time cost : 0h 0m 4.98s
********************************************************************************************************************
Start the 1 rounds of NGS-ED iteration
	effective electronic model is modified as: kinetic energy t = 0.98532, t' = -0.292409
	                                           effective interaction Vq = [    -4.5125,   -0.42466, -0.0607457,   -0.42466,   -0.42466, -0.0823223,-0.00112429, -0.0823223, -0.0607457,-0.00112429, -0.0244257,-0.00112429,   -0.42466, -0.0823223,-0.00112429, -0.0823223]
	PARPACK diagonalization completed after 30 matrix-vector product operations.
	iteration results: : total energy is -32.674059 | electron energy -32.705952 + phonon energy 0.031893 | electron momentum kIdx = 10
The 1-th iteration is completed.	|| time cost : 0h 0m 3.441s
********************************************************************************************************************
Start the 2 rounds of NGS-ED iteration
	effective electronic model is modified as: kinetic energy t = 0.983909, t' = -0.291561
	                                           effective interaction Vq = [    -4.5125,  -0.463389, -0.0602672,  -0.463389,  -0.463389,  -0.082074,-0.00110675,  -0.082074, -0.0602672,-0.00110675, -0.0240671,-0.00110675,  -0.463389,  -0.082074,-0.00110675,  -0.082074]
	PARPACK diagonalization completed after 30 matrix-vector product operations.
	iteration results: : total energy is -32.674933 | electron energy -32.715101 + phonon energy 0.040168 | electron momentum kIdx = 10
The 2-th iteration is completed.	|| time cost : 0h 0m 0.796s
********************************************************************************************************************
Start the 3 rounds of NGS-ED iteration
	effective electronic model is modified as: kinetic energy t = 0.983748, t' = -0.291463
	                                           effective interaction Vq = [    -4.5125,   -0.46789, -0.0602023,   -0.46789,   -0.46789, -0.0819689,-0.00110575, -0.0819689, -0.0602023,-0.00110575,  -0.024039,-0.00110575,   -0.46789, -0.0819689,-0.00110575, -0.0819689]
	PARPACK diagonalization completed after 30 matrix-vector product operations.
	iteration results: : total energy is -32.674945 | electron energy -32.716131 + phonon energy 0.041186 | electron momentum kIdx = 10
The 3-th iteration is completed.	|| time cost : 0h 0m 0.799s
********************************************************************************************************************
Start the 4 rounds of NGS-ED iteration
	effective electronic model is modified as: kinetic energy t = 0.983729, t' = -0.291451
	                                           effective interaction Vq = [    -4.5125,  -0.468424, -0.0601949,  -0.468424,  -0.468424, -0.0819558,-0.00110563, -0.0819558, -0.0601949,-0.00110563, -0.0240359,-0.00110563,  -0.468424, -0.0819558,-0.00110563, -0.0819558]
	PARPACK diagonalization completed after 30 matrix-vector product operations.
	iteration results: : total energy is -32.674945 | electron energy -32.716253 + phonon energy 0.041308 | electron momentum kIdx = 10
The 4-th iteration is completed.	|| time cost : 0h 0m 0.799s
********************************************************************************************************************
Start the 5 rounds of NGS-ED iteration
	effective electronic model is modified as: kinetic energy t = 0.983726, t' = -0.29145
	                                           effective interaction Vq = [    -4.5125,  -0.468488,  -0.060194,  -0.468488,  -0.468488, -0.0819543,-0.00110562, -0.0819543,  -0.060194,-0.00110562, -0.0240355,-0.00110562,  -0.468488, -0.0819543,-0.00110562, -0.0819543]
	PARPACK diagonalization completed after 30 matrix-vector product operations.
	iteration results: : total energy is -32.674945 | electron energy -32.716267 + phonon energy 0.041322 | electron momentum kIdx = 10
The 5-th iteration is completed.	|| time cost : 0h 0m 0.797s
********************************************************************************************************************
Start the 6 rounds of NGS-ED iteration
	effective electronic model is modified as: kinetic energy t = 0.983726, t' = -0.29145
	                                           effective interaction Vq = [    -4.5125,  -0.468495, -0.0601939,  -0.468495,  -0.468495, -0.0819541,-0.00110562, -0.0819541, -0.0601939,-0.00110562, -0.0240355,-0.00110562,  -0.468495, -0.0819541,-0.00110562, -0.0819541]
	PARPACK diagonalization completed after 30 matrix-vector product operations.
	iteration results: : total energy is -32.674945 | electron energy -32.716269 + phonon energy 0.041324 | electron momentum kIdx = 10
The 6-th iteration is completed.	|| time cost : 0h 0m 0.793s
********************************************************************************************************************
Start the 7 rounds of NGS-ED iteration
	effective electronic model is modified as: kinetic energy t = 0.983726, t' = -0.29145
	                                           effective interaction Vq = [    -4.5125,  -0.468496, -0.0601939,  -0.468496,  -0.468496, -0.0819541,-0.00110562, -0.0819541, -0.0601939,-0.00110562, -0.0240354,-0.00110562,  -0.468496, -0.0819541,-0.00110562, -0.0819541]
	PARPACK diagonalization completed after 30 matrix-vector product operations.
	iteration results: : total energy is -32.674945 | electron energy -32.716269 + phonon energy 0.041324 | electron momentum kIdx = 10
The 7-th iteration is completed.	|| time cost : 0h 0m 0.801s
********************************************************************************************************************
Start the 8 rounds of NGS-ED iteration
	effective electronic model is modified as: kinetic energy t = 0.983726, t' = -0.29145
	                                           effective interaction Vq = [    -4.5125,  -0.468496, -0.0601939,  -0.468496,  -0.468496,  -0.081954,-0.00110562,  -0.081954, -0.0601939,-0.00110562, -0.0240354,-0.00110562,  -0.468496,  -0.081954,-0.00110562,  -0.081954]
	PARPACK diagonalization completed after 30 matrix-vector product operations.
	iteration results: : total energy is -32.674945 | electron energy -32.716269 + phonon energy 0.041324 | electron momentum kIdx = 10
	Nq(0) = 4,	Nq(1) = 0.202848,	Nq(2) = 0.232011,	Nq(3) = 0.202848,	Nq(4) = 0.202848,	Nq(5) = 0.304703,	
	Nq(6) = 0.325926,	Nq(7) = 0.304703,	Nq(8) = 0.232011,	Nq(9) = 0.325926,	Nq(10) = 0.356285,	
	Nq(11) = 0.325926,	Nq(12) = 0.202848,	Nq(13) = 0.304703,	Nq(14) = 0.325926,	Nq(15) = 0.304703;	
	Sq(0) = -3.34455e-18,	Sq(1) = 0.388724,	Sq(2) = 0.399627,	Sq(3) = 0.388724,	Sq(4) = 0.388724,	
	Sq(5) = 0.661826,	Sq(6) = 0.575274,	Sq(7) = 0.661826,	Sq(8) = 0.399627,	Sq(9) = 0.575274,	
	Sq(10) = 0.543237,	Sq(11) = 0.575274,	Sq(12) = 0.388724,	Sq(13) = 0.661826,	Sq(14) = 0.575274,	
	Sq(15) = 0.661826;	N(0) = 1.76483,	N(1) = 0.989913,	N(2) = 0.97335,	N(3) = 0.989913,	
	N(4) = 0.989913,	N(5) = 0.0616919,	N(6) = 0.0188929,	N(7) = 0.0616919,	N(8) = 0.97335,	
	N(9) = 0.0188929,	N(10) = 0.00647748,	N(11) = 0.0188929,	N(12) = 0.989913,	N(13) = 0.0616919,	
	N(14) = 0.0188929,	N(15) = 0.0616919;	Delta[s](0) = 0.0136632,	Delta[s](1) = 0.010288,	Delta[s](2) = 0.00899371,	
	Delta[s](3) = 0.010288,	Delta[s](4) = 0.010288,	Delta[s](5) = 0.000671129,	Delta[s](6) = 0.000383765,	Delta[s](7) = 0.000671129,	
	Delta[s](8) = 0.00899371,	Delta[s](9) = 0.000383765,	Delta[s](10) = 8.45321e-05,	Delta[s](11) = 0.000383765,	Delta[s](12) = 0.010288,	
	Delta[s](13) = 0.000671129,	Delta[s](14) = 0.000383765,	Delta[s](15) = 0.000671129;	Delta[d](0) = 0.0183749,	Delta[d](1) = 0.0626748,	
	Delta[d](2) = 0.12777,	Delta[d](3) = 0.0626748,	Delta[d](4) = 0.0626748,	Delta[d](5) = 0.0793145,	Delta[d](6) = 0.16008,	
	Delta[d](7) = 0.0793145,	Delta[d](8) = 0.12777,	Delta[d](9) = 0.16008,	Delta[d](10) = 0.277909,	Delta[d](11) = 0.16008,	
	Delta[d](12) = 0.0626748,	Delta[d](13) = 0.0793145,	Delta[d](14) = 0.16008,	Delta[d](15) = 0.0793145;	Delta[s+](0) = 0.229776,	
	Delta[s+](1) = 0.157389,	Delta[s+](2) = 0.12777,	Delta[s+](3) = 0.157389,	Delta[s+](4) = 0.157389,	Delta[s+](5) = 0.00991369,	
	Delta[s+](6) = 0.0215287,	Delta[s+](7) = 0.00991369,	Delta[s+](8) = 0.12777,	Delta[s+](9) = 0.0215287,	Delta[s+](10) = 0.00371878,	
	Delta[s+](11) = 0.0215287,	Delta[s+](12) = 0.157389,	Delta[s+](13) = 0.00991369,	Delta[s+](14) = 0.0215287,	Delta[s+](15) = 0.00991369
	
The 8-th iteration is completed.	|| time cost : 0h 0m 2.982s
********************************************************************************************************************
********************************************************************************************************************
Ground state is obtained after 9 iterations. The current ground-state energy is -32.6749, in which electron energy is -32.7163 and phonon energy is 0.0413241
Final variational state is: 
	Gamma_x = [      1,1.54013,1.07033,1.54013,1.54013, 1.1276,1.00176, 1.1276,1.07033,1.00176,1.04284,1.00176,1.54013, 1.1276,1.00176, 1.1276]
	lambda_q = [      4.75,  0.382942, 0.0882146,  0.382942,  0.382942,   0.12128, 0.0113121,   0.12128, 0.0882146, 0.0113121,-0.0490326, 0.0113121,  0.382942,   0.12128, 0.0113121,   0.12128]
Effective e-e interactions mediated by phonons are:
	momentum-space Vq = [    -4.5125,  -0.468496, -0.0601939,  -0.468496,  -0.468496,  -0.081954,-0.00110562,  -0.081954, -0.0601939,-0.00110562, -0.0240354,-0.00110562,  -0.468496,  -0.081954,-0.00110562,  -0.081954]
	real-space Vr = [-0.428947,-0.338953,-0.270569,-0.338953,-0.338953,-0.276009,-0.222105,-0.276009,-0.270569,-0.222105,-0.194146,-0.222105,-0.338953,-0.276009,-0.222105,-0.276009]
********************************************************************************************************************
o___o  ----------------------------------------
| L |	Time since last clock: 0h 0m 0.017s
A===A	Time since the beginning: 0h 0m 16.209s
***********************************************


Non-Gaussina ED ground state calculation is completed. The final ground-state energy is -32.6749
********************************************************************************************************************
o___o  ----------------------------------------
| L |	Time since last clock: 0h 0m 0.003s
A===A	Time since the beginning: 0h 0m 16.212s
***********************************************



********************************************************************************************************************
All non-Gaussian ED ground state calculations have been completed. Exit now.
