SNEDics v3.21.4 Non-Gaussian ED ground state program		Start at Wed Jul 28 02:35:29 2021

parallized on 32 MPI threads  * 8 OpenMP threads = 256 total threads.
********************************************************************************************************************
********************************************************************************************************************

********************************************************************************************************************
System parameters and configurations
	special program options are enabled: splitted diagonal Hamiltonian | splitted Hamiltonian terms
********************************************************************************************************************
Read input file "model_params.in"
	Hubbard-Holstein model parameters : 	t = 1    U = 8    g = 0.15    W = 0.2    g' = 0.09    
********************************************************************************************************************
Read input file "hilbertspace_params.in"
	Requested 16-site 2D lattice, with 12 electrons (6, 6)
	Boundary : Periodic		Hilbert space representation : momentum-space (restricted to kIdx = 0)
	Conservation: particle number[U(1)]      spin[U(1)]     momentum
********************************************************************************************************************

Cluster Positions:				Cluster symmetry group : D4
 x ... x ... x ... x .....                       x ... x ... x ... x .....
 |           |           :                       |           |           :
 |           |           :                       |           |           :
12    13    14    15     x                       1     5     6     5     x
 |           |           :                       |           |           :
 |           |           :                       |           |           :
 8 --- 9 ---10 ---11 --- x                       2 --- 6 ---10 --- 6 --- x
 |           |           :                       |           |           :
 |           |           :                       |           |           :
 4     5     6     7     x                       1     5     6     5     x
 |           |           :                       |           |           :
 |           |           :                       |           |           :
 0 --- 1 --- 2 --- 3 --- x                       0 --- 1 --- 2 --- 1 --- x
orbital number : 1
********************************************************************************************************************
Read input file "obs_params.in"
	Observable Type : Nq(All),   Sq(All),   N(All),   Delta[s](All),   Delta[d](All),   Delta[s+](All)
** WARNING ** the input observables have non-local factors which have been reinterpreted. The total observable number is 96
********************************************************************************************************************


********************************************************************************************************************
Start calculating the non-Gaussian ED ground state
Maximal iteration number is 1000; energy resolution is 1e-06. Phonon state relaxation time is 2000
W = 0.2 is relatively large. The non-Gaussian ED calculation starts directly.
open output files: NGSED_iteration_obserbles.txt
********************************************************************************************************************
Start the 0 rounds of NGS-ED iteration
	effective electronic model is modified as: kinetic energy t = 1
	                                           effective interaction Vq = [0,0,0,0,0,0,0,0,0,0,0,0,0,0,0,0]
	first Hamiltonian is constructed, size = 4008592 and non-zero numbers = 969134044
	PARPACK diagonalization completed after 150 matrix-vector product operations.
	iteration results: : total energy is -14.925310 | electron energy -14.925310 + phonon energy 0.000000 | electron momentum kIdx = 0
	Nq(0) = 9,	Nq(1) = 0.191675,	Nq(2) = 0.266183,	Nq(3) = 0.191675,	Nq(4) = 0.191675,	Nq(5) = 0.245517,	
	Nq(6) = 0.314107,	Nq(7) = 0.245517,	Nq(8) = 0.266183,	Nq(9) = 0.314107,	Nq(10) = 0.369338,	
	Nq(11) = 0.314107,	Nq(12) = 0.191675,	Nq(13) = 0.245517,	Nq(14) = 0.314107,	Nq(15) = 0.245517;	
	Sq(0) = 3.02743e-18,	Sq(1) = 0.554662,	Sq(2) = 0.424361,	Sq(3) = 0.554662,	Sq(4) = 0.554662,	
	Sq(5) = 0.79749,	Sq(6) = 1.01287,	Sq(7) = 0.79749,	Sq(8) = 0.424361,	Sq(9) = 1.01287,	
	Sq(10) = 0.784303,	Sq(11) = 1.01287,	Sq(12) = 0.554662,	Sq(13) = 0.79749,	Sq(14) = 1.01287,	
	Sq(15) = 0.79749;	N(0) = 1.76735,	N(1) = 1.6264,	N(2) = 0.74365,	N(3) = 1.6264,	
	N(4) = 1.6264,	N(5) = 0.392302,	N(6) = 0.144321,	N(7) = 0.392302,	N(8) = 0.74365,	
	N(9) = 0.144321,	N(10) = 0.0932732,	N(11) = 0.144321,	N(12) = 1.6264,	N(13) = 0.392302,	
	N(14) = 0.144321,	N(15) = 0.392302;	Delta[s](0) = 0.0655479,	Delta[s](1) = 0.0453145,	Delta[s](2) = 0.0303746,	
	Delta[s](3) = 0.0453145,	Delta[s](4) = 0.0453145,	Delta[s](5) = 0.0270986,	Delta[s](6) = 0.0093344,	Delta[s](7) = 0.0270986,	
	Delta[s](8) = 0.0303746,	Delta[s](9) = 0.0093344,	Delta[s](10) = 0.000162958,	Delta[s](11) = 0.0093344,	Delta[s](12) = 0.0453145,	
	Delta[s](13) = 0.0270986,	Delta[s](14) = 0.0093344,	Delta[s](15) = 0.0270986;	Delta[d](0) = 0.22923,	Delta[d](1) = 0.180023,	
	Delta[d](2) = 0.222122,	Delta[d](3) = 0.180023,	Delta[d](4) = 0.180023,	Delta[d](5) = 0.123074,	Delta[d](6) = 0.150415,	
	Delta[d](7) = 0.123074,	Delta[d](8) = 0.222122,	Delta[d](9) = 0.150415,	Delta[d](10) = 0.0771639,	Delta[d](11) = 0.150415,	
	Delta[d](12) = 0.180023,	Delta[d](13) = 0.123074,	Delta[d](14) = 0.150415,	Delta[d](15) = 0.123074;	Delta[s+](0) = 0.529108,	
	Delta[s+](1) = 0.360877,	Delta[s+](2) = 0.222122,	Delta[s+](3) = 0.360877,	Delta[s+](4) = 0.360877,	Delta[s+](5) = 0.177095,	
	Delta[s+](6) = 0.0627696,	Delta[s+](7) = 0.177095,	Delta[s+](8) = 0.222122,	Delta[s+](9) = 0.0627696,	Delta[s+](10) = 0.0157832,	
	Delta[s+](11) = 0.0627696,	Delta[s+](12) = 0.360877,	Delta[s+](13) = 0.177095,	Delta[s+](14) = 0.0627696,	Delta[s+](15) = 0.177095
	
The 0-th iteration is completed.	|| time cost : 0h 2m 1.872s
********************************************************************************************************************
Start the 1 rounds of NGS-ED iteration
	effective electronic model is modified as: kinetic energy t = 0.998094
	                                           effective interaction Vq = [    -1.3005, -0.0694847,-0.00979286, -0.0694847, -0.0694847,-0.00906354,-0.00030896,-0.00906354,-0.00979286,-0.00030896, -0.0137509,-0.00030896, -0.0694847,-0.00906354,-0.00030896,-0.00906354]
	PARPACK diagonalization completed after 45 matrix-vector product operations.
	iteration results: : total energy is -26.666608 | electron energy -26.667506 + phonon energy 0.000898 | electron momentum kIdx = 0
The 1-th iteration is completed.	|| time cost : 0h 1m 18.252s
********************************************************************************************************************
Start the 2 rounds of NGS-ED iteration
	effective electronic model is modified as: kinetic energy t = 0.998075
	                                           effective interaction Vq = [    -1.3005, -0.0699987,-0.00977461, -0.0699987, -0.0699987,-0.00905306,-0.00030834,-0.00905306,-0.00977461,-0.00030834, -0.0137542,-0.00030834, -0.0699987,-0.00905306,-0.00030834,-0.00905306]
	PARPACK diagonalization completed after 30 matrix-vector product operations.
	iteration results: : total energy is -26.666610 | electron energy -26.667533 + phonon energy 0.000923 | electron momentum kIdx = 0
The 2-th iteration is completed.	|| time cost : 0h 0m 9.704s
********************************************************************************************************************
Start the 3 rounds of NGS-ED iteration
	effective electronic model is modified as: kinetic energy t = 0.998075
	                                           effective interaction Vq = [     -1.3005,  -0.0700028, -0.00977441,  -0.0700028,  -0.0700028, -0.00905295,-0.000308337, -0.00905295, -0.00977441,-0.000308337,  -0.0137541,-0.000308337,  -0.0700028, -0.00905295,-0.000308337, -0.00905295]
	PARPACK diagonalization completed after 30 matrix-vector product operations.
	iteration results: : total energy is -26.666610 | electron energy -26.667533 + phonon energy 0.000923 | electron momentum kIdx = 0
The 3-th iteration is completed.	|| time cost : 0h 0m 9.684s
********************************************************************************************************************
Start the 4 rounds of NGS-ED iteration
	effective electronic model is modified as: kinetic energy t = 0.998075
	                                           effective interaction Vq = [     -1.3005,  -0.0700029, -0.00977441,  -0.0700029,  -0.0700029, -0.00905295,-0.000308337, -0.00905295, -0.00977441,-0.000308337,  -0.0137541,-0.000308337,  -0.0700029, -0.00905295,-0.000308337, -0.00905295]
	PARPACK diagonalization completed after 30 matrix-vector product operations.
	iteration results: : total energy is -26.666610 | electron energy -26.667533 + phonon energy 0.000923 | electron momentum kIdx = 0
	Nq(0) = 9,	Nq(1) = 0.193226,	Nq(2) = 0.265871,	Nq(3) = 0.193226,	Nq(4) = 0.193226,	Nq(5) = 0.245414,	
	Nq(6) = 0.313692,	Nq(7) = 0.245414,	Nq(8) = 0.265871,	Nq(9) = 0.313692,	Nq(10) = 0.369714,	
	Nq(11) = 0.313692,	Nq(12) = 0.193226,	Nq(13) = 0.245414,	Nq(14) = 0.313692,	Nq(15) = 0.245414;	
	Sq(0) = 1.34209e-18,	Sq(1) = 0.553875,	Sq(2) = 0.424488,	Sq(3) = 0.553875,	Sq(4) = 0.553875,	
	Sq(5) = 0.796926,	Sq(6) = 1.01271,	Sq(7) = 0.796926,	Sq(8) = 0.424488,	Sq(9) = 1.01271,	
	Sq(10) = 0.786179,	Sq(11) = 1.01271,	Sq(12) = 0.553875,	Sq(13) = 0.796926,	Sq(14) = 1.01271,	
	Sq(15) = 0.796926;	N(0) = 1.76792,	N(1) = 1.6281,	N(2) = 0.74279,	N(3) = 1.6281,	
	N(4) = 1.6281,	N(5) = 0.390928,	N(6) = 0.144175,	N(7) = 0.390928,	N(8) = 0.74279,	
	N(9) = 0.144175,	N(10) = 0.0936993,	N(11) = 0.144175,	N(12) = 1.6281,	N(13) = 0.390928,	
	N(14) = 0.144175,	N(15) = 0.390928;	Delta[s](0) = 0.065814,	Delta[s](1) = 0.0454952,	Delta[s](2) = 0.0305351,	
	Delta[s](3) = 0.0454952,	Delta[s](4) = 0.0454952,	Delta[s](5) = 0.0272318,	Delta[s](6) = 0.00935872,	Delta[s](7) = 0.0272318,	
	Delta[s](8) = 0.0305351,	Delta[s](9) = 0.00935872,	Delta[s](10) = 0.000165255,	Delta[s](11) = 0.00935872,	Delta[s](12) = 0.0454952,	
	Delta[s](13) = 0.0272318,	Delta[s](14) = 0.00935872,	Delta[s](15) = 0.0272318;	Delta[d](0) = 0.229609,	Delta[d](1) = 0.180301,	
	Delta[d](2) = 0.222333,	Delta[d](3) = 0.180301,	Delta[d](4) = 0.180301,	Delta[d](5) = 0.123088,	Delta[d](6) = 0.150488,	
	Delta[d](7) = 0.123088,	Delta[d](8) = 0.222333,	Delta[d](9) = 0.150488,	Delta[d](10) = 0.0766262,	Delta[d](11) = 0.150488,	
	Delta[d](12) = 0.180301,	Delta[d](13) = 0.123088,	Delta[d](14) = 0.150488,	Delta[d](15) = 0.123088;	Delta[s+](0) = 0.529855,	
	Delta[s+](1) = 0.361321,	Delta[s+](2) = 0.222333,	Delta[s+](3) = 0.361321,	Delta[s+](4) = 0.361321,	Delta[s+](5) = 0.177227,	
	Delta[s+](6) = 0.0627583,	Delta[s+](7) = 0.177227,	Delta[s+](8) = 0.222333,	Delta[s+](9) = 0.0627583,	Delta[s+](10) = 0.015824,	
	Delta[s+](11) = 0.0627583,	Delta[s+](12) = 0.361321,	Delta[s+](13) = 0.177227,	Delta[s+](14) = 0.0627583,	Delta[s+](15) = 0.177227
	
The 4-th iteration is completed.	|| time cost : 0h 1m 18.699s
********************************************************************************************************************
********************************************************************************************************************
Ground state is obtained after 5 iterations. The current ground-state energy is -26.6666, in which electron energy is -26.6675 and phonon energy is 0.000923182
Final variational state is: 
	Gamma_x = [      1,1.06744,1.01278,1.06744,1.06744,1.01093,1.00048,1.01093,1.01278,1.00048,1.02533,1.00048,1.06744,1.01093,1.00048,1.01093]
	lambda_q = [       2.55,   0.109712,  0.0333216,   0.109712,   0.109712,  0.0308093,-0.00523013,  0.0308093,  0.0333216,-0.00523013,  -0.033275,-0.00523013,   0.109712,  0.0308093,-0.00523013,  0.0308093]
Effective e-e interactions mediated by phonons are:
	momentum-space Vq = [     -1.3005,  -0.0700029, -0.00977441,  -0.0700029,  -0.0700029, -0.00905295,-0.000308337, -0.00905295, -0.00977441,-0.000308337,  -0.0137541,-0.000308337,  -0.0700029, -0.00905295,-0.000308337, -0.00905295]
	real-space Vr = [ -0.103204,-0.0891334,-0.0810994,-0.0891334,-0.0891334,-0.0809191,-0.0717098,-0.0809191,-0.0810994,-0.0717098,-0.0680481,-0.0717098,-0.0891334,-0.0809191,-0.0717098,-0.0809191]
********************************************************************************************************************
o___o  ----------------------------------------
| L |	Time since last clock: 0h 0m 0.012s
A===A	Time since the beginning: 0h 4m 58.227s
***********************************************


Non-Gaussina ED ground state calculation is completed. The final ground-state energy is -26.6666
********************************************************************************************************************
o___o  ----------------------------------------
| L |	Time since last clock: 0h 0m 0.004s
A===A	Time since the beginning: 0h 4m 58.231s
***********************************************



********************************************************************************************************************
All non-Gaussian ED ground state calculations have been completed. Exit now.
