SNEDics v3.22.2 Non-Gaussian ED ground state program		Start at Thu May 12 01:06:55 2022

Parallelization: 32 MPI threads  * 8 OpenMP threads = 256 total threads.
********************************************************************************************************************
********************************************************************************************************************

********************************************************************************************************************
System parameters and configurations
	special program options are enabled: splitted diagonal Hamiltonian | splitted Hamiltonian terms
********************************************************************************************************************
Read input file "model_params.in"
	Hubbard-Holstein model parameters : 	t = 1    U = 8    g = 0.3    W = 0.2    g' = 0.25    
********************************************************************************************************************
Read input file "hilbertspace_params.in"
	Requested 16-site 2D lattice, with 8 electrons (4, 4)
	Boundary : Periodic		Hilbert space representation : momentum-space (restricted to kIdx = 10)
	Conservation: particle number[U(1)]      spin[U(1)]     momentum
********************************************************************************************************************

Cluster Positions:				Cluster symmetry group : D4
 x ... x ... x ... x .....                       x ... x ... x ... x .....
 |           |           :                       |           |           :
 |           |           :                       |           |           :
12    13    14    15     x                       1     5     6     5     x
 |           |           :                       |           |           :
 |           |           :                       |           |           :
 8 --- 9 ---10 ---11 --- x                       2 --- 6 ---10 --- 6 --- x
 |           |           :                       |           |           :
 |           |           :                       |           |           :
 4     5     6     7     x                       1     5     6     5     x
 |           |           :                       |           |           :
 |           |           :                       |           |           :
 0 --- 1 --- 2 --- 3 --- x                       0 --- 1 --- 2 --- 1 --- x
orbital number : 1
********************************************************************************************************************
Read input file "obs_params.in"
	Observable Type : Nq(All),   Sq(All),   N(All-Orbital),   Delta[s](All),   Delta[d](All),   Delta[s+](All)
** WARNING ** the input observables have non-local factors which have been reinterpreted. The total observable number is 96
********************************************************************************************************************


********************************************************************************************************************
Start calculating the non-Gaussian ED ground state
Maximal iteration number is 1000; energy resolution is 1e-06. Phonon state relaxation time is 2000
W = 0.2 is relatively large. The non-Gaussian ED calculation starts directly.
open output files: NGSED_iteration_observables.txt
********************************************************************************************************************
Start the 0 rounds of NGS-ED iteration
	effective electronic model is modified as: kinetic energy t = 1
	                                           effective interaction Vq = [0,0,0,0,0,0,0,0,0,0,0,0,0,0,0,0]
	first Hamiltonian is constructed, size = 207168 and non-zero numbers = 32194784
	PARPACK diagonalization completed after 225 matrix-vector product operations.
	iteration results: : total energy is -14.228491 | electron energy -14.228491 + phonon energy 0.000000 | electron momentum kIdx = 10
	Nq(0) = 4,	Nq(1) = 0.1929,	Nq(2) = 0.241361,	Nq(3) = 0.1929,	Nq(4) = 0.1929,	Nq(5) = 0.2635,	
	Nq(6) = 0.343209,	Nq(7) = 0.2635,	Nq(8) = 0.241361,	Nq(9) = 0.343209,	Nq(10) = 0.497356,	
	Nq(11) = 0.343209,	Nq(12) = 0.1929,	Nq(13) = 0.2635,	Nq(14) = 0.343209,	Nq(15) = 0.2635;	
	Sq(0) = 1.05048e-18,	Sq(1) = 0.540129,	Sq(2) = 0.425883,	Sq(3) = 0.540129,	Sq(4) = 0.540129,	
	Sq(5) = 0.44091,	Sq(6) = 0.633208,	Sq(7) = 0.44091,	Sq(8) = 0.425883,	Sq(9) = 0.633208,	
	Sq(10) = 0.512733,	Sq(11) = 0.633208,	Sq(12) = 0.540129,	Sq(13) = 0.44091,	Sq(14) = 0.633208,	
	Sq(15) = 0.44091;	N(0) = 1.39632,	N(1) = 1.19393,	N(2) = 0.182033,	N(3) = 1.19393,	
	N(4) = 1.19393,	N(5) = 0.343994,	N(6) = 0.0196952,	N(7) = 0.343994,	N(8) = 0.182033,	
	N(9) = 0.0196952,	N(10) = 0.00914957,	N(11) = 0.0196952,	N(12) = 1.19393,	N(13) = 0.343994,	
	N(14) = 0.0196952,	N(15) = 0.343994;	Delta[s](0) = 0.018368,	Delta[s](1) = 0.00954391,	Delta[s](2) = 0.00283974,	
	Delta[s](3) = 0.00954391,	Delta[s](4) = 0.00954391,	Delta[s](5) = 0.00572849,	Delta[s](6) = 0.000888496,	Delta[s](7) = 0.00572849,	
	Delta[s](8) = 0.00283974,	Delta[s](9) = 0.000888496,	Delta[s](10) = 0.000564666,	Delta[s](11) = 0.000888496,	Delta[s](12) = 0.00954391,	
	Delta[s](13) = 0.00572849,	Delta[s](14) = 0.000888496,	Delta[s](15) = 0.00572849;	Delta[d](0) = 0.0445533,	Delta[d](1) = 0.039179,	
	Delta[d](2) = 0.0307355,	Delta[d](3) = 0.039179,	Delta[d](4) = 0.039179,	Delta[d](5) = 0.0649191,	Delta[d](6) = 0.0443015,	
	Delta[d](7) = 0.0649191,	Delta[d](8) = 0.0307355,	Delta[d](9) = 0.0443015,	Delta[d](10) = 0.00946032,	Delta[d](11) = 0.0443015,	
	Delta[d](12) = 0.039179,	Delta[d](13) = 0.0649191,	Delta[d](14) = 0.0443015,	Delta[d](15) = 0.0649191;	Delta[s+](0) = 0.196459,	
	Delta[s+](1) = 0.126327,	Delta[s+](2) = 0.0307355,	Delta[s+](3) = 0.126327,	Delta[s+](4) = 0.126327,	Delta[s+](5) = 0.0695972,	
	Delta[s+](6) = 0.0140364,	Delta[s+](7) = 0.0695972,	Delta[s+](8) = 0.0307355,	Delta[s+](9) = 0.0140364,	Delta[s+](10) = 0.0026011,	
	Delta[s+](11) = 0.0140364,	Delta[s+](12) = 0.126327,	Delta[s+](13) = 0.0695972,	Delta[s+](14) = 0.0140364,	Delta[s+](15) = 0.0695972
	
The 0-th iteration is completed.	|| time cost : 0h 0m 5.112s
********************************************************************************************************************
Start the 1 rounds of NGS-ED iteration
	effective electronic model is modified as: kinetic energy t = 0.963336
	                                           effective interaction Vq = [     -8.45, -0.889182,-0.0469934, -0.889182, -0.889182,-0.0514229,-0.0194712,-0.0514229,-0.0469934,-0.0194712, -0.763404,-0.0194712, -0.889182,-0.0514229,-0.0194712,-0.0514229]
	PARPACK diagonalization completed after 45 matrix-vector product operations.
	iteration results: : total energy is -48.506877 | electron energy -48.716619 + phonon energy 0.209742 | electron momentum kIdx = 10
The 1-th iteration is completed.	|| time cost : 0h 0m 3.503s
********************************************************************************************************************
Start the 2 rounds of NGS-ED iteration
	effective electronic model is modified as: kinetic energy t = 0.946154
	                                           effective interaction Vq = [     -8.45,   -1.1457,-0.0458964,   -1.1457,   -1.1457,-0.0489941,-0.0187314,-0.0489941,-0.0458964,-0.0187314,  -1.22488,-0.0187314,   -1.1457,-0.0489941,-0.0187314,-0.0489941]
	PARPACK diagonalization completed after 45 matrix-vector product operations.
	iteration results: : total energy is -48.566438 | electron energy -48.974806 + phonon energy 0.408368 | electron momentum kIdx = 10
The 2-th iteration is completed.	|| time cost : 0h 0m 0.91s
********************************************************************************************************************
Start the 3 rounds of NGS-ED iteration
	effective electronic model is modified as: kinetic energy t = 0.937229
	                                           effective interaction Vq = [     -8.45,  -1.15146,-0.0450976,  -1.15146,  -1.15146,-0.0473688,-0.0183112,-0.0473688,-0.0450976,-0.0183112,  -1.60639,-0.0183112,  -1.15146,-0.0473688,-0.0183112,-0.0473688]
	PARPACK diagonalization completed after 45 matrix-vector product operations.
	iteration results: : total energy is -48.627004 | electron energy -49.151953 + phonon energy 0.524949 | electron momentum kIdx = 10
The 3-th iteration is completed.	|| time cost : 0h 0m 0.954s
********************************************************************************************************************
Start the 4 rounds of NGS-ED iteration
	effective electronic model is modified as: kinetic energy t = 0.933935
	                                           effective interaction Vq = [     -8.45, -0.962082,-0.0439603, -0.962082, -0.962082,-0.0455397,-0.0178118,-0.0455397,-0.0439603,-0.0178118,  -1.93786,-0.0178118, -0.962082,-0.0455397,-0.0178118,-0.0455397]
	PARPACK diagonalization completed after 45 matrix-vector product operations.
	iteration results: : total energy is -48.731452 | electron energy -49.316309 + phonon energy 0.584857 | electron momentum kIdx = 10
The 4-th iteration is completed.	|| time cost : 0h 0m 0.978s
********************************************************************************************************************
Start the 5 rounds of NGS-ED iteration
	effective electronic model is modified as: kinetic energy t = 0.932995
	                                           effective interaction Vq = [     -8.45, -0.695966,-0.0421447, -0.695966, -0.695966,-0.0431257,-0.0170687,-0.0431257,-0.0421447,-0.0170687,   -2.1737,-0.0170687, -0.695966,-0.0431257,-0.0170687,-0.0431257]
	PARPACK diagonalization completed after 45 matrix-vector product operations.
	iteration results: : total energy is -48.843333 | electron energy -49.466490 + phonon energy 0.623157 | electron momentum kIdx = 10
The 5-th iteration is completed.	|| time cost : 0h 0m 0.972s
********************************************************************************************************************
Start the 6 rounds of NGS-ED iteration
	effective electronic model is modified as: kinetic energy t = 0.931392
	                                           effective interaction Vq = [     -8.45, -0.530322, -0.040126, -0.530322, -0.530322,-0.0407707,-0.0162634,-0.0407707, -0.040126,-0.0162634,   -2.2843,-0.0162634, -0.530322,-0.0407707,-0.0162634,-0.0407707]
	PARPACK diagonalization completed after 210 matrix-vector product operations.
	iteration results: : total energy is -49.107761 | electron energy -49.757356 + phonon energy 0.649595 | electron momentum kIdx = 10
The 6-th iteration is completed.	|| time cost : 0h 0m 1.648s
********************************************************************************************************************
Start the 7 rounds of NGS-ED iteration
	effective electronic model is modified as: kinetic energy t = 0.930931
	                                           effective interaction Vq = [     -8.45,  -0.39242,-0.0397144,  -0.39242,  -0.39242,-0.0385394,-0.0146822,-0.0385394,-0.0397144,-0.0146822,  -2.34164,-0.0146822,  -0.39242,-0.0385394,-0.0146822,-0.0385394]
	PARPACK diagonalization completed after 30 matrix-vector product operations.
	iteration results: : total energy is -49.130258 | electron energy -49.801129 + phonon energy 0.670872 | electron momentum kIdx = 10
The 7-th iteration is completed.	|| time cost : 0h 0m 0.903s
********************************************************************************************************************
Start the 8 rounds of NGS-ED iteration
	effective electronic model is modified as: kinetic energy t = 0.930304
	                                           effective interaction Vq = [     -8.45, -0.372944,-0.0389688, -0.372944, -0.372944, -0.037862,-0.0144925, -0.037862,-0.0389688,-0.0144925,  -2.35137,-0.0144925, -0.372944, -0.037862,-0.0144925, -0.037862]
	PARPACK diagonalization completed after 30 matrix-vector product operations.
	iteration results: : total energy is -49.131024 | electron energy -49.803513 + phonon energy 0.672489 | electron momentum kIdx = 10
The 8-th iteration is completed.	|| time cost : 0h 0m 0.902s
********************************************************************************************************************
Start the 9 rounds of NGS-ED iteration
	effective electronic model is modified as: kinetic energy t = 0.930183
	                                           effective interaction Vq = [     -8.45, -0.369885,-0.0388322, -0.369885, -0.369885,-0.0377391,-0.0144579,-0.0377391,-0.0388322,-0.0144579,  -2.35296,-0.0144579, -0.369885,-0.0377391,-0.0144579,-0.0377391]
	PARPACK diagonalization completed after 30 matrix-vector product operations.
	iteration results: : total energy is -49.131045 | electron energy -49.803740 + phonon energy 0.672695 | electron momentum kIdx = 10
The 9-th iteration is completed.	|| time cost : 0h 0m 0.9s
********************************************************************************************************************
Start the 10 rounds of NGS-ED iteration
	effective electronic model is modified as: kinetic energy t = 0.930163
	                                           effective interaction Vq = [     -8.45, -0.369389,-0.0388095, -0.369389, -0.369389,-0.0377187,-0.0144521,-0.0377187,-0.0388095,-0.0144521,  -2.35322,-0.0144521, -0.369389,-0.0377187,-0.0144521,-0.0377187]
	PARPACK diagonalization completed after 30 matrix-vector product operations.
	iteration results: : total energy is -49.131046 | electron energy -49.803772 + phonon energy 0.672727 | electron momentum kIdx = 10
The 10-th iteration is completed.	|| time cost : 0h 0m 0.897s
********************************************************************************************************************
Start the 11 rounds of NGS-ED iteration
	effective electronic model is modified as: kinetic energy t = 0.93016
	                                           effective interaction Vq = [     -8.45, -0.369308,-0.0388058, -0.369308, -0.369308,-0.0377153,-0.0144511,-0.0377153,-0.0388058,-0.0144511,  -2.35327,-0.0144511, -0.369308,-0.0377153,-0.0144511,-0.0377153]
	PARPACK diagonalization completed after 30 matrix-vector product operations.
	iteration results: : total energy is -49.131046 | electron energy -49.803778 + phonon energy 0.672732 | electron momentum kIdx = 10
The 11-th iteration is completed.	|| time cost : 0h 0m 0.899s
********************************************************************************************************************
Start the 12 rounds of NGS-ED iteration
	effective electronic model is modified as: kinetic energy t = 0.930159
	                                           effective interaction Vq = [     -8.45, -0.369295,-0.0388052, -0.369295, -0.369295,-0.0377148, -0.014451,-0.0377148,-0.0388052, -0.014451,  -2.35327, -0.014451, -0.369295,-0.0377148, -0.014451,-0.0377148]
	PARPACK diagonalization completed after 30 matrix-vector product operations.
	iteration results: : total energy is -49.131046 | electron energy -49.803778 + phonon energy 0.672733 | electron momentum kIdx = 10
The 12-th iteration is completed.	|| time cost : 0h 0m 0.897s
********************************************************************************************************************
Start the 13 rounds of NGS-ED iteration
	effective electronic model is modified as: kinetic energy t = 0.930159
	                                           effective interaction Vq = [     -8.45, -0.369293,-0.0388051, -0.369293, -0.369293,-0.0377147, -0.014451,-0.0377147,-0.0388051, -0.014451,  -2.35327, -0.014451, -0.369293,-0.0377147, -0.014451,-0.0377147]
	PARPACK diagonalization completed after 30 matrix-vector product operations.
	iteration results: : total energy is -49.131046 | electron energy -49.803779 + phonon energy 0.672733 | electron momentum kIdx = 10
The 13-th iteration is completed.	|| time cost : 0h 0m 0.904s
********************************************************************************************************************
Start the 14 rounds of NGS-ED iteration
	effective electronic model is modified as: kinetic energy t = 0.930159
	                                           effective interaction Vq = [     -8.45, -0.369293,-0.0388051, -0.369293, -0.369293,-0.0377147, -0.014451,-0.0377147,-0.0388051, -0.014451,  -2.35327, -0.014451, -0.369293,-0.0377147, -0.014451,-0.0377147]
	PARPACK diagonalization completed after 30 matrix-vector product operations.
	iteration results: : total energy is -49.131046 | electron energy -49.803779 + phonon energy 0.672733 | electron momentum kIdx = 10
The 14-th iteration is completed.	|| time cost : 0h 0m 0.92s
********************************************************************************************************************
Start the 15 rounds of NGS-ED iteration
	effective electronic model is modified as: kinetic energy t = 0.930159
	                                           effective interaction Vq = [     -8.45, -0.369293,-0.0388051, -0.369293, -0.369293,-0.0377147, -0.014451,-0.0377147,-0.0388051, -0.014451,  -2.35327, -0.014451, -0.369293,-0.0377147, -0.014451,-0.0377147]
	PARPACK diagonalization completed after 30 matrix-vector product operations.
	iteration results: : total energy is -49.131046 | electron energy -49.803779 + phonon energy 0.672733 | electron momentum kIdx = 10
	Nq(0) = 4,	Nq(1) = 0.0978757,	Nq(2) = 0.164747,	Nq(3) = 0.0978757,	Nq(4) = 0.0978757,	Nq(5) = 0.160077,	
	Nq(6) = 0.208136,	Nq(7) = 0.160077,	Nq(8) = 0.164747,	Nq(9) = 0.208136,	Nq(10) = 1.94774,	
	Nq(11) = 0.208136,	Nq(12) = 0.0978757,	Nq(13) = 0.160077,	Nq(14) = 0.208136,	Nq(15) = 0.160077;	
	Sq(0) = 2.8366e-19,	Sq(1) = 0.346834,	Sq(2) = 0.60295,	Sq(3) = 0.346834,	Sq(4) = 0.346834,	
	Sq(5) = 0.818622,	Sq(6) = 0.42659,	Sq(7) = 0.818622,	Sq(8) = 0.60295,	Sq(9) = 0.42659,	
	Sq(10) = 0.284319,	Sq(11) = 0.42659,	Sq(12) = 0.346834,	Sq(13) = 0.818622,	Sq(14) = 0.42659,	
	Sq(15) = 0.818622;	N(0) = 1.63174,	N(1) = 0.891793,	N(2) = 0.43655,	N(3) = 0.891793,	
	N(4) = 0.891793,	N(5) = 0.366701,	N(6) = 0.107742,	N(7) = 0.366701,	N(8) = 0.43655,	
	N(9) = 0.107742,	N(10) = 0.0302148,	N(11) = 0.107742,	N(12) = 0.891793,	N(13) = 0.366701,	
	N(14) = 0.107742,	N(15) = 0.366701;	Delta[s](0) = 0.0122473,	Delta[s](1) = 0.0072732,	Delta[s](2) = 0.00436001,	
	Delta[s](3) = 0.0072732,	Delta[s](4) = 0.0072732,	Delta[s](5) = 0.00333203,	Delta[s](6) = 0.00135027,	Delta[s](7) = 0.00333203,	
	Delta[s](8) = 0.00436001,	Delta[s](9) = 0.00135027,	Delta[s](10) = 0.00200717,	Delta[s](11) = 0.00135027,	Delta[s](12) = 0.0072732,	
	Delta[s](13) = 0.00333203,	Delta[s](14) = 0.00135027,	Delta[s](15) = 0.00333203;	Delta[d](0) = 0.0755683,	Delta[d](1) = 0.0550314,	
	Delta[d](2) = 0.0542237,	Delta[d](3) = 0.0550314,	Delta[d](4) = 0.0550314,	Delta[d](5) = 0.0157068,	Delta[d](6) = 0.0110982,	
	Delta[d](7) = 0.0157068,	Delta[d](8) = 0.0542237,	Delta[d](9) = 0.0110982,	Delta[d](10) = 0.00204771,	Delta[d](11) = 0.0110982,	
	Delta[d](12) = 0.0550314,	Delta[d](13) = 0.0157068,	Delta[d](14) = 0.0110982,	Delta[d](15) = 0.0157068;	Delta[s+](0) = 0.181482,	
	Delta[s+](1) = 0.104117,	Delta[s+](2) = 0.0542237,	Delta[s+](3) = 0.104117,	Delta[s+](4) = 0.104117,	Delta[s+](5) = 0.0418149,	
	Delta[s+](6) = 0.00815996,	Delta[s+](7) = 0.0418149,	Delta[s+](8) = 0.0542237,	Delta[s+](9) = 0.00815996,	Delta[s+](10) = 0.000698226,	
	Delta[s+](11) = 0.00815996,	Delta[s+](12) = 0.104117,	Delta[s+](13) = 0.0418149,	Delta[s+](14) = 0.00815996,	Delta[s+](15) = 0.0418149
	
The 15-th iteration is completed.	|| time cost : 0h 0m 3.132s
********************************************************************************************************************
********************************************************************************************************************
Ground state is obtained after 16 iterations. The current ground-state energy is -49.131, in which electron energy is -49.8038 and phonon energy is 0.672733
Final variational state is: 
	Gamma_x = [      1,1.19041,1.03173,1.19041,1.19041,1.02996,1.01487,1.02996,1.03173,1.01487, 15.261,1.01487,1.19041,1.02996,1.01487,1.02996]
	lambda_q = [       6.5,  0.237881,  0.066133,  0.237881,  0.237881, 0.0642331,-0.0368047, 0.0642331,  0.066133,-0.0368047,  -2.80457,-0.0368047,  0.237881, 0.0642331,-0.0368047, 0.0642331]
Effective e-e interactions mediated by phonons are:
	momentum-space Vq = [     -8.45, -0.369293,-0.0388051, -0.369293, -0.369293,-0.0377147, -0.014451,-0.0377147,-0.0388051, -0.014451,  -2.35327, -0.014451, -0.369293,-0.0377147, -0.014451,-0.0377147]
	real-space Vr = [ -0.78542,-0.425401,-0.670627,-0.425401,-0.425401,-0.670354, -0.33669,-0.670354,-0.670627, -0.33669,-0.593548, -0.33669,-0.425401,-0.670354, -0.33669,-0.670354]
********************************************************************************************************************
o___o  ----------------------------------------
| L |	Time since last clock: 0h 0m 0.006s
A===A	Time since the beginning: 0h 0m 24.445s
***********************************************


Non-Gaussina ED ground state calculation is completed. The final ground-state energy is -49.131
********************************************************************************************************************
o___o  ----------------------------------------
| L |	Time since last clock: 0h 0m 0.025s
A===A	Time since the beginning: 0h 0m 24.471s
***********************************************



********************************************************************************************************************
All non-Gaussian ED ground state calculations have been completed. Exit now.
