SNEDics v3.2 diagonalization test program		Start at Sat Apr 27 12:01:26 2019

parallized on 80 MPI threads  * 6 OpenMP threads = 480 total threads.
************************************************************************************
************************************************************************************

Input file "model_params.in"
Hubbard-Holstein model parameters : 	t = 1    g = 1.5811    W = 1    
************************************************************************************
Input file "hilbertspace_params.in"

Cluster Positions:				Cluster symmetry group : D4
 x ... x ... x ... x .....                       x ... x ... x ... x .....
 |           |           :                       |           |           :
 |           |           :                       |           |           :
12    13    14    15     x                       1     5     6     5     x
 |           |           :                       |           |           :
 |           |           :                       |           |           :
 8 --- 9 ---10 ---11 --- x                       2 --- 6 ---10 --- 6 --- x
 |           |           :                       |           |           :
 |           |           :                       |           |           :
 4     5     6     7     x                       1     5     6     5     x
 |           |           :                       |           |           :
 |           |           :                       |           |           :
 0 --- 1 --- 2 --- 3 --- x                       0 --- 1 --- 2 --- 1 --- x
orbital number : 1
************************************************************************************
0 rounds of non-Gaussian ED iteration : ground-state energy is -24 | electron energy -24 + phonon energy 0 | electron momentum kIdx = 0
Nq = 	16	0.35572	0.465227	0.35572	0.39428	0.487103	0.60572	0.507462	0.542672	0.64428	0.917633	0.64428	0.39428	0.507462	0.60572	0.487103
Sq = 	8.34467e-18	0.35572	0.425474	0.35572	0.39428	0.540027	0.60572	0.536794	0.565364	0.64428	0.940857	0.64428	0.39428	0.536794	0.60572	0.540027
1 rounds of non-Gaussian ED iteration : ground-state energy is -34.605 | electron energy -34.6051 + phonon energy 5.96651e-05 | electron momentum kIdx = 0
Nq = 	16	0.401334	0.631501	0.401334	0.402533	0.633663	0.66924	0.635378	0.638523	0.671048	1.75869	0.671048	0.402533	0.635378	0.66924	0.633663
Sq = 	3.63766e-18	0.315929	0.352038	0.315929	0.316662	0.352481	0.544345	0.352498	0.352926	0.545273	0.585554	0.545273	0.316662	0.352498	0.544345	0.352481
2 rounds of non-Gaussian ED iteration : ground-state energy is -42.627 | electron energy -42.629 + phonon energy 0.0020319 | electron momentum kIdx = 0
Nq = 	16	0.374949	0.433321	0.374949	0.375642	0.433775	0.645365	0.434109	0.434727	0.646385	3.69692	0.646385	0.375642	0.434109	0.645365	0.433775
Sq = 	-1.11617e-18	0.277021	0.331584	0.277021	0.277365	0.331772	0.491377	0.331783	0.331961	0.491734	0.548937	0.491734	0.277365	0.331783	0.491377	0.331772
3 rounds of non-Gaussian ED iteration : ground-state energy is -49.1509 | electron energy -49.1635 + phonon energy 0.0125977 | electron momentum kIdx = 0
Nq = 	16	0.309231	0.362045	0.309231	0.309535	0.362155	0.570654	0.362262	0.362417	0.57115	5.26685	0.57115	0.309535	0.362262	0.570654	0.362155
Sq = 	8.98448e-20	0.236657	0.30486	0.236657	0.236803	0.304929	0.438654	0.304934	0.304998	0.438773	0.50735	0.438773	0.236803	0.304934	0.438654	0.304929
4 rounds of non-Gaussian ED iteration : ground-state energy is -54.8104 | electron energy -54.8493 + phonon energy 0.0389375 | electron momentum kIdx = 0
Nq = 	16	0.230122	0.308102	0.230122	0.230256	0.308155	0.465615	0.308207	0.308281	0.465839	7.10135	0.465839	0.230256	0.308207	0.465615	0.308155
Sq = 	1.16876e-19	0.18668	0.264133	0.18668	0.186748	0.264165	0.371723	0.264167	0.264196	0.371772	0.447047	0.371772	0.186748	0.264167	0.371723	0.264165
5 rounds of non-Gaussian ED iteration : ground-state energy is -60.0229 | electron energy -60.1049 + phonon energy 0.0820334 | electron momentum kIdx = 0
Nq = 	16	0.156959	0.240578	0.156959	0.157014	0.240607	0.35107	0.240628	0.240665	0.351158	9.12988	0.351158	0.157014	0.240628	0.35107	0.240607
Sq = 	1.43932e-18	0.137388	0.213657	0.137388	0.137422	0.213674	0.298134	0.213675	0.213691	0.298156	0.36976	0.298156	0.137422	0.213675	0.298134	0.213674
6 rounds of non-Gaussian ED iteration : ground-state energy is -64.8952 | electron energy -65.0298 + phonon energy 0.134606 | electron momentum kIdx = 0
Nq = 	16	0.108362	0.182105	0.108362	0.108386	0.18212	0.261972	0.182128	0.182146	0.262007	10.7772	0.262007	0.108386	0.182128	0.261972	0.18212
Sq = 	-2.44594e-18	0.100437	0.168044	0.100437	0.100454	0.168054	0.235289	0.168054	0.168064	0.235299	0.297308	0.235299	0.100454	0.168054	0.235289	0.168054
7 rounds of non-Gaussian ED iteration : ground-state energy is -69.2733 | electron energy -69.461 + phonon energy 0.187674 | electron momentum kIdx = 0
Nq = 	16	0.0804572	0.142337	0.0804572	0.0804683	0.142345	0.204324	0.142348	0.142357	0.204339	11.8822	0.204339	0.0804683	0.142348	0.204324	0.142345
Sq = 	4.99972e-19	0.077039	0.135088	0.077039	0.0770478	0.135095	0.190604	0.135095	0.135101	0.19061	0.243332	0.19061	0.0770478	0.135095	0.190604	0.135095
8 rounds of non-Gaussian ED iteration : ground-state energy is -72.9716 | electron energy -73.2087 + phonon energy 0.237147 | electron momentum kIdx = 0
Nq = 	16	0.0645711	0.117456	0.0645711	0.0645768	0.117461	0.168889	0.117462	0.117467	0.168896	12.5778	0.168896	0.0645768	0.117462	0.168889	0.117461
Sq = 	1.5767e-20	0.0628811	0.113406	0.0628811	0.0628859	0.11341	0.161152	0.11341	0.113413	0.161155	0.206958	0.161155	0.0628859	0.11341	0.161152	0.11341
9 rounds of non-Gaussian ED iteration : ground-state energy is -75.9207 | electron energy -76.2032 + phonon energy 0.282559 | electron momentum kIdx = 0
Nq = 	16	0.0552696	0.102114	0.0552696	0.0552728	0.102117	0.147152	0.102117	0.10212	0.147156	13.0107	0.147156	0.0552728	0.102117	0.147152	0.102117
Sq = 	4.7198e-19	0.0542949	0.0995705	0.0542949	0.0542978	0.0995727	0.14224	0.0995727	0.0995749	0.142242	0.183336	0.142242	0.0542978	0.0995727	0.14224	0.0995727
10 rounds of non-Gaussian ED iteration : ground-state energy is -78.1718 | electron energy -78.4959 + phonon energy 0.324023 | electron momentum kIdx = 0
Nq = 	16	0.0497038	0.0926615	0.0497038	0.0497058	0.0926632	0.133772	0.0926635	0.0926654	0.133774	13.2794	0.133774	0.0497058	0.0926635	0.133772	0.0926632
Sq = 	-1.37151e-19	0.0490537	0.0908623	0.0490537	0.0490555	0.0908637	0.130266	0.0908637	0.0908651	0.130268	0.168285	0.130268	0.0490555	0.0908637	0.130266	0.0908637
11 rounds of non-Gaussian ED iteration : ground-state energy is -79.8439 | electron energy -80.2051 + phonon energy 0.361219 | electron momentum kIdx = 0
Nq = 	16	0.0463422	0.0868541	0.0463422	0.0463435	0.0868553	0.125547	0.0868555	0.0868567	0.125549	13.4452	0.125549	0.0463435	0.0868555	0.125547	0.0868553
Sq = 	1.55069e-19	0.0458519	0.0854436	0.0458519	0.0458531	0.0854446	0.122783	0.0854446	0.0854456	0.122784	0.158844	0.122784	0.0458531	0.0854446	0.122783	0.0854446
12 rounds of non-Gaussian ED iteration : ground-state energy is -81.0723 | electron energy -81.4659 + phonon energy 0.393634 | electron momentum kIdx = 0
Nq = 	16	0.0443077	0.0833035	0.0443077	0.0443086	0.0833043	0.120515	0.0833044	0.0833053	0.120516	13.547	0.120516	0.0443086	0.0833044	0.120515	0.0833043
Sq = 	4.6161e-19	0.0439016	0.0821064	0.0439016	0.0439024	0.0821071	0.118161	0.0821071	0.0821078	0.118162	0.153002	0.118162	0.0439024	0.0821071	0.118161	0.0821071
13 rounds of non-Gaussian ED iteration : ground-state energy is -81.9779 | electron energy -82.3988 + phonon energy 0.420948 | electron momentum kIdx = 0
Nq = 	16	0.0430758	0.0811399	0.0430758	0.0430765	0.0811405	0.117445	0.0811406	0.0811413	0.117446	13.6091	0.117446	0.0430765	0.0811406	0.117445	0.0811405
Sq = 	4.40214e-20	0.0427164	0.0800652	0.0427164	0.0427171	0.0800658	0.11533	0.0800658	0.0800663	0.11533	0.149418	0.11533	0.0427171	0.0800658	0.11533	0.0800658
14 rounds of non-Gaussian ED iteration : ground-state energy is -82.6549 | electron energy -83.098 + phonon energy 0.44319 | electron momentum kIdx = 0
Nq = 	16	0.0423271	0.0798197	0.0423271	0.0423276	0.0798202	0.11557	0.0798202	0.0798207	0.115571	13.647	0.115571	0.0423276	0.0798202	0.11557	0.0798202
Sq = 	-2.67136e-19	0.0419949	0.0788178	0.0419949	0.0419954	0.0788182	0.113598	0.0788182	0.0788186	0.113598	0.147225	0.113598	0.0419954	0.0788182	0.113598	0.0788182
15 rounds of non-Gaussian ED iteration : ground-state energy is -83.1706 | electron energy -83.6313 + phonon energy 0.460725 | electron momentum kIdx = 0
Nq = 	16	0.0418676	0.0790072	0.0418676	0.0418681	0.0790076	0.114414	0.0790077	0.0790081	0.114415	13.6703	0.114415	0.0418681	0.0790077	0.114414	0.0790076
Sq = 	1.75471e-19	0.0415518	0.0780502	0.0415518	0.0415522	0.0780506	0.112532	0.0780506	0.0780509	0.112532	0.145875	0.112532	0.0415522	0.0780506	0.112532	0.0780506
16 rounds of non-Gaussian ED iteration : ground-state energy is -83.5709 | electron energy -84.0451 + phonon energy 0.474147 | electron momentum kIdx = 0
Nq = 	16	0.0415809	0.0784991	0.0415809	0.0415812	0.0784994	0.11369	0.0784994	0.0784997	0.113691	13.6849	0.113691	0.0415812	0.0784994	0.11369	0.0784994
Sq = 	-7.42456e-19	0.0412753	0.0775708	0.0412753	0.0412756	0.0775711	0.111866	0.0775711	0.0775713	0.111866	0.145032	0.111866	0.0412756	0.0775711	0.111866	0.0775711
17 rounds of non-Gaussian ED iteration : ground-state energy is -83.8869 | electron energy -84.371 + phonon energy 0.484154 | electron momentum kIdx = 0
Nq = 	16	0.0413976	0.0781737	0.0413976	0.0413979	0.078174	0.113225	0.078174	0.0781743	0.113226	13.6942	0.113226	0.0413979	0.078174	0.113225	0.078174
Sq = 	-9.2335e-19	0.0410987	0.0772646	0.0410987	0.041099	0.0772648	0.111441	0.0772648	0.077265	0.111441	0.144494	0.111441	0.041099	0.0772648	0.111441	0.0772648
18 rounds of non-Gaussian ED iteration : ground-state energy is -84.1393 | electron energy -84.6307 + phonon energy 0.491444 | electron momentum kIdx = 0
Nq = 	16	0.0412772	0.0779595	0.0412772	0.0412774	0.0779597	0.112919	0.0779597	0.0779599	0.112919	13.7004	0.112919	0.0412774	0.0779597	0.112919	0.0779597
Sq = 	-1.81415e-20	0.0409828	0.0770636	0.0409828	0.040983	0.0770637	0.111162	0.0770637	0.0770639	0.111163	0.144142	0.111163	0.040983	0.0770637	0.111162	0.0770637
19 rounds of non-Gaussian ED iteration : ground-state energy is -84.3427 | electron energy -84.8394 + phonon energy 0.496644 | electron momentum kIdx = 0
Nq = 	16	0.0411955	0.0778141	0.0411955	0.0411957	0.0778142	0.11271	0.0778143	0.0778144	0.11271	13.7045	0.11271	0.0411957	0.0778143	0.11271	0.0778142
Sq = 	-3.20977e-19	0.0409043	0.0769276	0.0409043	0.0409045	0.0769277	0.110974	0.0769277	0.0769279	0.110974	0.143904	0.110974	0.0409045	0.0769277	0.110974	0.0769277
20 rounds of non-Gaussian ED iteration : ground-state energy is -84.5077 | electron energy -85.008 + phonon energy 0.500285 | electron momentum kIdx = 0
Nq = 	16	0.0411385	0.0777124	0.0411385	0.0411386	0.0777125	0.112563	0.0777125	0.0777127	0.112563	13.7074	0.112563	0.0411386	0.0777125	0.112563	0.0777125
Sq = 	6.10862e-20	0.0408496	0.0768329	0.0408496	0.0408498	0.076833	0.110843	0.076833	0.0768331	0.110843	0.143739	0.110843	0.0408498	0.076833	0.110843	0.076833
21 rounds of non-Gaussian ED iteration : ground-state energy is -84.6419 | electron energy -85.1447 + phonon energy 0.502786 | electron momentum kIdx = 0
Nq = 	16	0.0410976	0.0776392	0.0410976	0.0410977	0.0776393	0.112458	0.0776393	0.0776395	0.112458	13.7095	0.112458	0.0410977	0.0776393	0.112458	0.0776393
Sq = 	5.74272e-19	0.0408104	0.076765	0.0408104	0.0408105	0.0767651	0.110749	0.0767651	0.0767652	0.110749	0.14362	0.110749	0.0408105	0.0767651	0.110749	0.0767651
22 rounds of non-Gaussian ED iteration : ground-state energy is -84.7513 | electron energy -85.2558 + phonon energy 0.504473 | electron momentum kIdx = 0
Nq = 	16	0.0410675	0.0775854	0.0410675	0.0410676	0.0775855	0.11238	0.0775855	0.0775856	0.11238	13.711	0.11238	0.0410676	0.0775855	0.11238	0.0775855
Sq = 	-4.68654e-19	0.0407816	0.0767153	0.0407816	0.0407817	0.0767154	0.110681	0.0767154	0.0767155	0.110681	0.143534	0.110681	0.0407817	0.0767154	0.110681	0.0767154
23 rounds of non-Gaussian ED iteration : ground-state energy is -84.8407 | electron energy -85.3463 + phonon energy 0.505588 | electron momentum kIdx = 0
Nq = 	16	0.0410449	0.0775449	0.0410449	0.041045	0.077545	0.112321	0.077545	0.0775451	0.112321	13.7122	0.112321	0.041045	0.077545	0.112321	0.077545
Sq = 	6.26766e-19	0.0407601	0.0766781	0.0407601	0.0407602	0.0766781	0.110629	0.0766781	0.0766782	0.110629	0.143469	0.110629	0.0407602	0.0766781	0.110629	0.0766781
24 rounds of non-Gaussian ED iteration : ground-state energy is -84.9138 | electron energy -85.4201 + phonon energy 0.506306 | electron momentum kIdx = 0
Nq = 	16	0.0410276	0.077514	0.0410276	0.0410277	0.077514	0.112276	0.0775141	0.0775141	0.112276	13.713	0.112276	0.0410277	0.0775141	0.112276	0.077514
Sq = 	-6.92724e-19	0.0407437	0.0766497	0.0407437	0.0407437	0.0766498	0.11059	0.0766498	0.0766498	0.11059	0.14342	0.11059	0.0407437	0.0766498	0.11059	0.0766498
25 rounds of non-Gaussian ED iteration : ground-state energy is -84.9736 | electron energy -85.4804 + phonon energy 0.506754 | electron momentum kIdx = 0
Nq = 	16	0.0410143	0.07749	0.0410143	0.0410144	0.0774901	0.112241	0.0774901	0.0774901	0.112241	13.7137	0.112241	0.0410144	0.0774901	0.112241	0.0774901
Sq = 	1.24616e-19	0.040731	0.0766278	0.040731	0.040731	0.0766279	0.11056	0.0766279	0.0766279	0.11056	0.143382	0.11056	0.040731	0.0766279	0.11056	0.0766279
26 rounds of non-Gaussian ED iteration : ground-state energy is -85.0225 | electron energy -85.5296 + phonon energy 0.50702 | electron momentum kIdx = 0
Nq = 	16	0.0410039	0.0774713	0.0410039	0.0410039	0.0774713	0.112214	0.0774713	0.0774714	0.112214	13.7143	0.112214	0.0410039	0.0774713	0.112214	0.0774713
Sq = 	-5.0344e-20	0.040721	0.0766108	0.040721	0.0407211	0.0766108	0.110536	0.0766108	0.0766108	0.110536	0.143353	0.110536	0.0407211	0.0766108	0.110536	0.0766108
27 rounds of non-Gaussian ED iteration : ground-state energy is -85.0626 | electron energy -85.5697 + phonon energy 0.507167 | electron momentum kIdx = 0
Nq = 	16	0.0409956	0.0774565	0.0409956	0.0409957	0.0774565	0.112192	0.0774565	0.0774565	0.112192	13.7147	0.112192	0.0409957	0.0774565	0.112192	0.0774565
Sq = 	3.80482e-19	0.0407132	0.0765973	0.0407132	0.0407133	0.0765973	0.110518	0.0765973	0.0765973	0.110518	0.14333	0.110518	0.0407133	0.0765973	0.110518	0.0765973
28 rounds of non-Gaussian ED iteration : ground-state energy is -85.0953 | electron energy -85.6026 + phonon energy 0.507236 | electron momentum kIdx = 0
Nq = 	16	0.0409891	0.0774447	0.0409891	0.0409891	0.0774447	0.112175	0.0774447	0.0774447	0.112175	13.715	0.112175	0.0409891	0.0774447	0.112175	0.0774447
Sq = 	5.47624e-19	0.040707	0.0765866	0.040707	0.040707	0.0765866	0.110503	0.0765866	0.0765866	0.110503	0.143311	0.110503	0.040707	0.0765866	0.110503	0.0765866
29 rounds of non-Gaussian ED iteration : ground-state energy is -85.1222 | electron energy -85.6294 + phonon energy 0.507257 | electron momentum kIdx = 0
Nq = 	16	0.0409838	0.0774352	0.0409838	0.0409838	0.0774352	0.112161	0.0774352	0.0774352	0.112161	13.7153	0.112161	0.0409838	0.0774352	0.112161	0.0774352
Sq = 	7.48639e-19	0.040702	0.076578	0.040702	0.0407021	0.076578	0.110491	0.076578	0.0765781	0.110491	0.143296	0.110491	0.0407021	0.076578	0.110491	0.076578
30 rounds of non-Gaussian ED iteration : ground-state energy is -85.1441 | electron energy -85.6514 + phonon energy 0.507249 | electron momentum kIdx = 0
Nq = 	16	0.0409796	0.0774276	0.0409796	0.0409796	0.0774276	0.112149	0.0774276	0.0774276	0.112149	13.7155	0.112149	0.0409796	0.0774276	0.112149	0.0774276
Sq = 	-4.06757e-20	0.040698	0.0765711	0.040698	0.0406981	0.0765712	0.110482	0.0765712	0.0765712	0.110482	0.143285	0.110482	0.0406981	0.0765712	0.110482	0.0765712
31 rounds of non-Gaussian ED iteration : ground-state energy is -85.1621 | electron energy -85.6693 + phonon energy 0.507224 | electron momentum kIdx = 0
Nq = 	16	0.0409762	0.0774214	0.0409762	0.0409762	0.0774214	0.11214	0.0774214	0.0774214	0.11214	13.7157	0.11214	0.0409762	0.0774214	0.11214	0.0774214
Sq = 	5.58616e-19	0.0406948	0.0765656	0.0406948	0.0406948	0.0765656	0.110474	0.0765656	0.0765656	0.110474	0.143275	0.110474	0.0406948	0.0765656	0.110474	0.0765656
32 rounds of non-Gaussian ED iteration : ground-state energy is -85.1768 | electron energy -85.684 + phonon energy 0.507191 | electron momentum kIdx = 0
Nq = 	16	0.0409734	0.0774164	0.0409734	0.0409734	0.0774164	0.112133	0.0774164	0.0774164	0.112133	13.7158	0.112133	0.0409734	0.0774164	0.112133	0.0774164
Sq = 	-4.95024e-19	0.0406922	0.0765611	0.0406922	0.0406922	0.0765611	0.110468	0.0765611	0.0765611	0.110468	0.143267	0.110468	0.0406922	0.0765611	0.110468	0.0765611
33 rounds of non-Gaussian ED iteration : ground-state energy is -85.1889 | electron energy -85.696 + phonon energy 0.507155 | electron momentum kIdx = 0
Nq = 	16	0.0409711	0.0774123	0.0409711	0.0409711	0.0774123	0.112127	0.0774123	0.0774123	0.112127	13.7159	0.112127	0.0409711	0.0774123	0.112127	0.0774123
Sq = 	4.28864e-19	0.04069	0.0765574	0.04069	0.04069	0.0765574	0.110463	0.0765574	0.0765574	0.110463	0.143261	0.110463	0.04069	0.0765574	0.110463	0.0765574
34 rounds of non-Gaussian ED iteration : ground-state energy is -85.1988 | electron energy -85.7059 + phonon energy 0.507119 | electron momentum kIdx = 0
Nq = 	16	0.0409693	0.077409	0.0409693	0.0409693	0.077409	0.112122	0.077409	0.077409	0.112122	13.716	0.112122	0.0409693	0.077409	0.112122	0.077409
Sq = 	1.49338e-19	0.0406883	0.0765544	0.0406883	0.0406883	0.0765544	0.110459	0.0765544	0.0765544	0.110459	0.143256	0.110459	0.0406883	0.0765544	0.110459	0.0765544
35 rounds of non-Gaussian ED iteration : ground-state energy is -85.2068 | electron energy -85.7139 + phonon energy 0.507085 | electron momentum kIdx = 0
Nq = 	16	0.0409678	0.0774062	0.0409678	0.0409678	0.0774063	0.112118	0.0774063	0.0774063	0.112118	13.7161	0.112118	0.0409678	0.0774063	0.112118	0.0774063
Sq = 	-9.89083e-19	0.0406869	0.076552	0.0406869	0.0406869	0.076552	0.110456	0.076552	0.076552	0.110456	0.143252	0.110456	0.0406869	0.076552	0.110456	0.076552
36 rounds of non-Gaussian ED iteration : ground-state energy is -85.2134 | electron energy -85.7205 + phonon energy 0.507054 | electron momentum kIdx = 0
Nq = 	16	0.0409665	0.077404	0.0409665	0.0409665	0.077404	0.112115	0.077404	0.077404	0.112115	13.7161	0.112115	0.0409665	0.077404	0.112115	0.077404
Sq = 	3.38416e-19	0.0406857	0.0765499	0.0406857	0.0406857	0.0765499	0.110453	0.0765499	0.07655	0.110453	0.143248	0.110453	0.0406857	0.0765499	0.110453	0.0765499
37 rounds of non-Gaussian ED iteration : ground-state energy is -85.2189 | electron energy -85.7259 + phonon energy 0.507026 | electron momentum kIdx = 0
Nq = 	16	0.0409655	0.0774022	0.0409655	0.0409655	0.0774022	0.112112	0.0774022	0.0774022	0.112112	13.7162	0.112112	0.0409655	0.0774022	0.112112	0.0774022
Sq = 	-7.07489e-20	0.0406847	0.0765483	0.0406847	0.0406847	0.0765483	0.110451	0.0765483	0.0765483	0.110451	0.143245	0.110451	0.0406847	0.0765483	0.110451	0.0765483
38 rounds of non-Gaussian ED iteration : ground-state energy is -85.2233 | electron energy -85.7303 + phonon energy 0.507002 | electron momentum kIdx = 0
Nq = 	16	0.0409647	0.0774006	0.0409647	0.0409647	0.0774006	0.11211	0.0774007	0.0774007	0.11211	13.7162	0.11211	0.0409647	0.0774007	0.11211	0.0774006
Sq = 	-1.38031e-21	0.0406839	0.0765469	0.0406839	0.0406839	0.0765469	0.110449	0.0765469	0.0765469	0.110449	0.143243	0.110449	0.0406839	0.0765469	0.110449	0.0765469
39 rounds of non-Gaussian ED iteration : ground-state energy is -85.2269 | electron energy -85.7339 + phonon energy 0.506981 | electron momentum kIdx = 0
Nq = 	16	0.040964	0.0773994	0.040964	0.040964	0.0773994	0.112108	0.0773994	0.0773994	0.112108	13.7163	0.112108	0.040964	0.0773994	0.112108	0.0773994
Sq = 	6.02807e-20	0.0406833	0.0765458	0.0406833	0.0406833	0.0765458	0.110447	0.0765458	0.0765458	0.110447	0.143241	0.110447	0.0406833	0.0765458	0.110447	0.0765458
40 rounds of non-Gaussian ED iteration : ground-state energy is -85.2299 | electron energy -85.7368 + phonon energy 0.506962 | electron momentum kIdx = 0
Nq = 	16	0.0409634	0.0773984	0.0409634	0.0409634	0.0773984	0.112106	0.0773984	0.0773984	0.112106	13.7163	0.112106	0.0409634	0.0773984	0.112106	0.0773984
Sq = 	4.77408e-19	0.0406827	0.0765449	0.0406827	0.0406827	0.0765449	0.110446	0.0765449	0.0765449	0.110446	0.14324	0.110446	0.0406827	0.0765449	0.110446	0.0765449
41 rounds of non-Gaussian ED iteration : ground-state energy is -85.2323 | electron energy -85.7393 + phonon energy 0.506947 | electron momentum kIdx = 0
Nq = 	16	0.0409629	0.0773975	0.0409629	0.0409629	0.0773975	0.112105	0.0773975	0.0773975	0.112105	13.7163	0.112105	0.0409629	0.0773975	0.112105	0.0773975
Sq = 	-8.94562e-20	0.0406823	0.0765441	0.0406823	0.0406823	0.0765441	0.110445	0.0765441	0.0765441	0.110445	0.143238	0.110445	0.0406823	0.0765441	0.110445	0.0765441
42 rounds of non-Gaussian ED iteration : ground-state energy is -85.2343 | electron energy -85.7412 + phonon energy 0.506933 | electron momentum kIdx = 0
Nq = 	16	0.0409625	0.0773968	0.0409625	0.0409625	0.0773968	0.112104	0.0773968	0.0773968	0.112104	13.7164	0.112104	0.0409625	0.0773968	0.112104	0.0773968
Sq = 	-7.90814e-20	0.0406819	0.0765435	0.0406819	0.0406819	0.0765435	0.110444	0.0765435	0.0765435	0.110444	0.143237	0.110444	0.0406819	0.0765435	0.110444	0.0765435
43 rounds of non-Gaussian ED iteration : ground-state energy is -85.2359 | electron energy -85.7429 + phonon energy 0.506922 | electron momentum kIdx = 0
Nq = 	16	0.0409622	0.0773962	0.0409622	0.0409622	0.0773962	0.112103	0.0773962	0.0773962	0.112103	13.7164	0.112103	0.0409622	0.0773962	0.112103	0.0773962
Sq = 	2.33559e-19	0.0406816	0.076543	0.0406816	0.0406816	0.076543	0.110443	0.076543	0.076543	0.110443	0.143236	0.110443	0.0406816	0.076543	0.110443	0.076543
44 rounds of non-Gaussian ED iteration : ground-state energy is -85.2373 | electron energy -85.7442 + phonon energy 0.506913 | electron momentum kIdx = 0
Nq = 	16	0.040962	0.0773957	0.040962	0.040962	0.0773957	0.112102	0.0773957	0.0773958	0.112102	13.7164	0.112102	0.040962	0.0773957	0.112102	0.0773957
Sq = 	9.4626e-19	0.0406814	0.0765425	0.0406814	0.0406814	0.0765426	0.110443	0.0765426	0.0765426	0.110443	0.143236	0.110443	0.0406814	0.0765426	0.110443	0.0765426
45 rounds of non-Gaussian ED iteration : ground-state energy is -85.2384 | electron energy -85.7453 + phonon energy 0.506905 | electron momentum kIdx = 0
Nq = 	16	0.0409617	0.0773954	0.0409617	0.0409617	0.0773954	0.112102	0.0773954	0.0773954	0.112102	13.7164	0.112102	0.0409617	0.0773954	0.112102	0.0773954
Sq = 	-2.6724e-19	0.0406812	0.0765422	0.0406812	0.0406812	0.0765422	0.110442	0.0765422	0.0765422	0.110442	0.143235	0.110442	0.0406812	0.0765422	0.110442	0.0765422
46 rounds of non-Gaussian ED iteration : ground-state energy is -85.2393 | electron energy -85.7462 + phonon energy 0.506898 | electron momentum kIdx = 0
Nq = 	16	0.0409616	0.077395	0.0409616	0.0409616	0.077395	0.112101	0.077395	0.077395	0.112101	13.7164	0.112101	0.0409616	0.077395	0.112101	0.077395
Sq = 	4.09572e-19	0.040681	0.0765419	0.040681	0.040681	0.0765419	0.110442	0.0765419	0.0765419	0.110442	0.143234	0.110442	0.040681	0.0765419	0.110442	0.0765419
47 rounds of non-Gaussian ED iteration : ground-state energy is -85.24 | electron energy -85.7469 + phonon energy 0.506892 | electron momentum kIdx = 0
Nq = 	16	0.0409614	0.0773947	0.0409614	0.0409614	0.0773947	0.112101	0.0773947	0.0773948	0.112101	13.7164	0.112101	0.0409614	0.0773947	0.112101	0.0773947
Sq = 	-5.36318e-19	0.0406809	0.0765417	0.0406809	0.0406809	0.0765417	0.110442	0.0765417	0.0765417	0.110442	0.143234	0.110442	0.0406809	0.0765417	0.110442	0.0765417
48 rounds of non-Gaussian ED iteration : ground-state energy is -85.2406 | electron energy -85.7475 + phonon energy 0.506888 | electron momentum kIdx = 0
Nq = 	16	0.0409613	0.0773945	0.0409613	0.0409613	0.0773945	0.112101	0.0773945	0.0773945	0.112101	13.7164	0.112101	0.0409613	0.0773945	0.112101	0.0773945
Sq = 	8.88548e-19	0.0406807	0.0765415	0.0406807	0.0406807	0.0765415	0.110441	0.0765415	0.0765415	0.110441	0.143234	0.110441	0.0406807	0.0765415	0.110441	0.0765415
49 rounds of non-Gaussian ED iteration : ground-state energy is -85.2411 | electron energy -85.748 + phonon energy 0.506884 | electron momentum kIdx = 0
Nq = 	16	0.0409612	0.0773943	0.0409612	0.0409612	0.0773943	0.1121	0.0773943	0.0773943	0.1121	13.7164	0.1121	0.0409612	0.0773943	0.1121	0.0773943
Sq = 	-8.39647e-21	0.0406806	0.0765413	0.0406806	0.0406806	0.0765413	0.110441	0.0765413	0.0765413	0.110441	0.143233	0.110441	0.0406806	0.0765413	0.110441	0.0765413
50 rounds of non-Gaussian ED iteration : ground-state energy is -85.2415 | electron energy -85.7484 + phonon energy 0.50688 | electron momentum kIdx = 0
Nq = 	16	0.0409611	0.0773942	0.0409611	0.0409611	0.0773942	0.1121	0.0773942	0.0773942	0.1121	13.7164	0.1121	0.0409611	0.0773942	0.1121	0.0773942
Sq = 	6.27879e-19	0.0406806	0.0765411	0.0406806	0.0406806	0.0765411	0.110441	0.0765411	0.0765411	0.110441	0.143233	0.110441	0.0406806	0.0765411	0.110441	0.0765411
51 rounds of non-Gaussian ED iteration : ground-state energy is -85.2418 | electron energy -85.7487 + phonon energy 0.506878 | electron momentum kIdx = 0
Nq = 	16	0.040961	0.0773941	0.040961	0.040961	0.0773941	0.1121	0.0773941	0.0773941	0.1121	13.7164	0.1121	0.040961	0.0773941	0.1121	0.0773941
Sq = 	1.11576e-19	0.0406805	0.076541	0.0406805	0.0406805	0.076541	0.110441	0.076541	0.076541	0.110441	0.143233	0.110441	0.0406805	0.076541	0.110441	0.076541
52 rounds of non-Gaussian ED iteration : ground-state energy is -85.2421 | electron energy -85.749 + phonon energy 0.506875 | electron momentum kIdx = 0
Nq = 	16	0.040961	0.0773939	0.040961	0.040961	0.0773939	0.1121	0.0773939	0.0773939	0.1121	13.7164	0.1121	0.040961	0.0773939	0.1121	0.0773939
Sq = 	5.78405e-20	0.0406804	0.0765409	0.0406804	0.0406804	0.0765409	0.110441	0.0765409	0.0765409	0.110441	0.143233	0.110441	0.0406804	0.0765409	0.110441	0.0765409
53 rounds of non-Gaussian ED iteration : ground-state energy is -85.2423 | electron energy -85.7492 + phonon energy 0.506874 | electron momentum kIdx = 0
Nq = 	16	0.0409609	0.0773939	0.0409609	0.0409609	0.0773939	0.1121	0.0773939	0.0773939	0.1121	13.7164	0.1121	0.0409609	0.0773939	0.1121	0.0773939
Sq = 	1.33251e-19	0.0406804	0.0765409	0.0406804	0.0406804	0.0765409	0.110441	0.0765409	0.0765409	0.110441	0.143233	0.110441	0.0406804	0.0765409	0.110441	0.0765409
54 rounds of non-Gaussian ED iteration : ground-state energy is -85.2425 | electron energy -85.7494 + phonon energy 0.506872 | electron momentum kIdx = 0
Nq = 	16	0.0409609	0.0773938	0.0409609	0.0409609	0.0773938	0.1121	0.0773938	0.0773938	0.1121	13.7164	0.1121	0.0409609	0.0773938	0.1121	0.0773938
Sq = 	1.30179e-19	0.0406804	0.0765408	0.0406804	0.0406804	0.0765408	0.11044	0.0765408	0.0765408	0.11044	0.143233	0.11044	0.0406804	0.0765408	0.11044	0.0765408
55 rounds of non-Gaussian ED iteration : ground-state energy is -85.2426 | electron energy -85.7495 + phonon energy 0.506871 | electron momentum kIdx = 0
Nq = 	16	0.0409608	0.0773937	0.0409608	0.0409608	0.0773937	0.112099	0.0773937	0.0773937	0.112099	13.7164	0.112099	0.0409608	0.0773937	0.112099	0.0773937
Sq = 	5.42858e-19	0.0406803	0.0765407	0.0406803	0.0406803	0.0765407	0.11044	0.0765407	0.0765407	0.11044	0.143232	0.11044	0.0406803	0.0765407	0.11044	0.0765407
56 rounds of non-Gaussian ED iteration : ground-state energy is -85.2428 | electron energy -85.7496 + phonon energy 0.50687 | electron momentum kIdx = 0
Nq = 	16	0.0409608	0.0773937	0.0409608	0.0409608	0.0773937	0.112099	0.0773937	0.0773937	0.112099	13.7164	0.112099	0.0409608	0.0773937	0.112099	0.0773937
Sq = 	-6.31516e-19	0.0406803	0.0765407	0.0406803	0.0406803	0.0765407	0.11044	0.0765407	0.0765407	0.11044	0.143232	0.11044	0.0406803	0.0765407	0.11044	0.0765407
57 rounds of non-Gaussian ED iteration : ground-state energy is -85.2429 | electron energy -85.7497 + phonon energy 0.506869 | electron momentum kIdx = 0
Nq = 	16	0.0409608	0.0773936	0.0409608	0.0409608	0.0773936	0.112099	0.0773936	0.0773936	0.112099	13.7164	0.112099	0.0409608	0.0773936	0.112099	0.0773936
Sq = 	1.46696e-19	0.0406803	0.0765407	0.0406803	0.0406803	0.0765407	0.11044	0.0765407	0.0765407	0.11044	0.143232	0.11044	0.0406803	0.0765407	0.11044	0.0765407
58 rounds of non-Gaussian ED iteration : ground-state energy is -85.2429 | electron energy -85.7498 + phonon energy 0.506868 | electron momentum kIdx = 0
Nq = 	16	0.0409608	0.0773936	0.0409608	0.0409608	0.0773936	0.112099	0.0773936	0.0773936	0.112099	13.7164	0.112099	0.0409608	0.0773936	0.112099	0.0773936
Sq = 	6.63359e-19	0.0406803	0.0765406	0.0406803	0.0406803	0.0765406	0.11044	0.0765406	0.0765406	0.11044	0.143232	0.11044	0.0406803	0.0765406	0.11044	0.0765406
59 rounds of non-Gaussian ED iteration : ground-state energy is -85.243 | electron energy -85.7499 + phonon energy 0.506867 | electron momentum kIdx = 0
Nq = 	16	0.0409608	0.0773936	0.0409608	0.0409608	0.0773936	0.112099	0.0773936	0.0773936	0.112099	13.7164	0.112099	0.0409608	0.0773936	0.112099	0.0773936
Sq = 	9.18437e-20	0.0406802	0.0765406	0.0406802	0.0406802	0.0765406	0.11044	0.0765406	0.0765406	0.11044	0.143232	0.11044	0.0406802	0.0765406	0.11044	0.0765406
60 rounds of non-Gaussian ED iteration : ground-state energy is -85.2431 | electron energy -85.7499 + phonon energy 0.506867 | electron momentum kIdx = 0
Nq = 	16	0.0409607	0.0773936	0.0409607	0.0409607	0.0773936	0.112099	0.0773936	0.0773936	0.112099	13.7164	0.112099	0.0409607	0.0773936	0.112099	0.0773936
Sq = 	1.99425e-19	0.0406802	0.0765406	0.0406802	0.0406802	0.0765406	0.11044	0.0765406	0.0765406	0.11044	0.143232	0.11044	0.0406802	0.0765406	0.11044	0.0765406
61 rounds of non-Gaussian ED iteration : ground-state energy is -85.2431 | electron energy -85.75 + phonon energy 0.506866 | electron momentum kIdx = 0
Nq = 	16	0.0409607	0.0773935	0.0409607	0.0409607	0.0773935	0.112099	0.0773935	0.0773935	0.112099	13.7164	0.112099	0.0409607	0.0773935	0.112099	0.0773935
Sq = 	1.11907e-18	0.0406802	0.0765406	0.0406802	0.0406802	0.0765406	0.11044	0.0765406	0.0765406	0.11044	0.143232	0.11044	0.0406802	0.0765406	0.11044	0.0765406
62 rounds of non-Gaussian ED iteration : ground-state energy is -85.2431 | electron energy -85.75 + phonon energy 0.506866 | electron momentum kIdx = 0
Nq = 	16	0.0409607	0.0773935	0.0409607	0.0409607	0.0773935	0.112099	0.0773935	0.0773935	0.112099	13.7164	0.112099	0.0409607	0.0773935	0.112099	0.0773935
Sq = 	6.52497e-20	0.0406802	0.0765405	0.0406802	0.0406802	0.0765405	0.11044	0.0765405	0.0765405	0.11044	0.143232	0.11044	0.0406802	0.0765405	0.11044	0.0765405
63 rounds of non-Gaussian ED iteration : ground-state energy is -85.2432 | electron energy -85.75 + phonon energy 0.506866 | electron momentum kIdx = 0
Nq = 	16	0.0409607	0.0773935	0.0409607	0.0409607	0.0773935	0.112099	0.0773935	0.0773935	0.112099	13.7164	0.112099	0.0409607	0.0773935	0.112099	0.0773935
Sq = 	6.86199e-19	0.0406802	0.0765405	0.0406802	0.0406802	0.0765405	0.11044	0.0765405	0.0765405	0.11044	0.143232	0.11044	0.0406802	0.0765405	0.11044	0.0765405
64 rounds of non-Gaussian ED iteration : ground-state energy is -85.2432 | electron energy -85.7501 + phonon energy 0.506865 | electron momentum kIdx = 0
Nq = 	16	0.0409607	0.0773935	0.0409607	0.0409607	0.0773935	0.112099	0.0773935	0.0773935	0.112099	13.7164	0.112099	0.0409607	0.0773935	0.112099	0.0773935
Sq = 	7.28613e-19	0.0406802	0.0765405	0.0406802	0.0406802	0.0765405	0.11044	0.0765405	0.0765405	0.11044	0.143232	0.11044	0.0406802	0.0765405	0.11044	0.0765405
65 rounds of non-Gaussian ED iteration : ground-state energy is -85.2432 | electron energy -85.7501 + phonon energy 0.506865 | electron momentum kIdx = 0
Nq = 	16	0.0409607	0.0773935	0.0409607	0.0409607	0.0773935	0.112099	0.0773935	0.0773935	0.112099	13.7164	0.112099	0.0409607	0.0773935	0.112099	0.0773935
Sq = 	2.10202e-19	0.0406802	0.0765405	0.0406802	0.0406802	0.0765405	0.11044	0.0765405	0.0765405	0.11044	0.143232	0.11044	0.0406802	0.0765405	0.11044	0.0765405
66 rounds of non-Gaussian ED iteration : ground-state energy is -85.2432 | electron energy -85.7501 + phonon energy 0.506865 | electron momentum kIdx = 0
Nq = 	16	0.0409607	0.0773935	0.0409607	0.0409607	0.0773935	0.112099	0.0773935	0.0773935	0.112099	13.7164	0.112099	0.0409607	0.0773935	0.112099	0.0773935
Sq = 	5.74055e-20	0.0406802	0.0765405	0.0406802	0.0406802	0.0765405	0.11044	0.0765405	0.0765405	0.11044	0.143232	0.11044	0.0406802	0.0765405	0.11044	0.0765405
67 rounds of non-Gaussian ED iteration : ground-state energy is -85.2432 | electron energy -85.7501 + phonon energy 0.506865 | electron momentum kIdx = 0
Nq = 	16	0.0409607	0.0773935	0.0409607	0.0409607	0.0773935	0.112099	0.0773935	0.0773935	0.112099	13.7164	0.112099	0.0409607	0.0773935	0.112099	0.0773935
Sq = 	-3.2888e-20	0.0406802	0.0765405	0.0406802	0.0406802	0.0765405	0.11044	0.0765405	0.0765405	0.11044	0.143232	0.11044	0.0406802	0.0765405	0.11044	0.0765405
68 rounds of non-Gaussian ED iteration : ground-state energy is -85.2433 | electron energy -85.7501 + phonon energy 0.506865 | electron momentum kIdx = 0
Nq = 	16	0.0409607	0.0773935	0.0409607	0.0409607	0.0773935	0.112099	0.0773935	0.0773935	0.112099	13.7164	0.112099	0.0409607	0.0773935	0.112099	0.0773935
Sq = 	-1.4893e-18	0.0406802	0.0765405	0.0406802	0.0406802	0.0765405	0.11044	0.0765405	0.0765405	0.11044	0.143232	0.11044	0.0406802	0.0765405	0.11044	0.0765405
69 rounds of non-Gaussian ED iteration : ground-state energy is -85.2433 | electron energy -85.7501 + phonon energy 0.506865 | electron momentum kIdx = 0
Nq = 	16	0.0409607	0.0773935	0.0409607	0.0409607	0.0773935	0.112099	0.0773935	0.0773935	0.112099	13.7164	0.112099	0.0409607	0.0773935	0.112099	0.0773935
Sq = 	1.39733e-19	0.0406802	0.0765405	0.0406802	0.0406802	0.0765405	0.11044	0.0765405	0.0765405	0.11044	0.143232	0.11044	0.0406802	0.0765405	0.11044	0.0765405
70 rounds of non-Gaussian ED iteration : ground-state energy is -85.2433 | electron energy -85.7501 + phonon energy 0.506865 | electron momentum kIdx = 0
Nq = 	16	0.0409607	0.0773934	0.0409607	0.0409607	0.0773934	0.112099	0.0773934	0.0773934	0.112099	13.7164	0.112099	0.0409607	0.0773934	0.112099	0.0773934
Sq = 	-9.68408e-19	0.0406802	0.0765405	0.0406802	0.0406802	0.0765405	0.11044	0.0765405	0.0765405	0.11044	0.143232	0.11044	0.0406802	0.0765405	0.11044	0.0765405
71 rounds of non-Gaussian ED iteration : ground-state energy is -85.2433 | electron energy -85.7501 + phonon energy 0.506865 | electron momentum kIdx = 0
Nq = 	16	0.0409607	0.0773934	0.0409607	0.0409607	0.0773934	0.112099	0.0773934	0.0773934	0.112099	13.7164	0.112099	0.0409607	0.0773934	0.112099	0.0773934
Sq = 	3.90633e-19	0.0406802	0.0765405	0.0406802	0.0406802	0.0765405	0.11044	0.0765405	0.0765405	0.11044	0.143232	0.11044	0.0406802	0.0765405	0.11044	0.0765405
72 rounds of non-Gaussian ED iteration : ground-state energy is -85.2433 | electron energy -85.7501 + phonon energy 0.506865 | electron momentum kIdx = 0
Nq = 	16	0.0409607	0.0773934	0.0409607	0.0409607	0.0773934	0.112099	0.0773934	0.0773934	0.112099	13.7164	0.112099	0.0409607	0.0773934	0.112099	0.0773934
Sq = 	-7.18982e-19	0.0406802	0.0765405	0.0406802	0.0406802	0.0765405	0.11044	0.0765405	0.0765405	0.11044	0.143232	0.11044	0.0406802	0.0765405	0.11044	0.0765405
73 rounds of non-Gaussian ED iteration : ground-state energy is -85.2433 | electron energy -85.7501 + phonon energy 0.506864 | electron momentum kIdx = 0
Nq = 	16	0.0409607	0.0773934	0.0409607	0.0409607	0.0773934	0.112099	0.0773934	0.0773934	0.112099	13.7164	0.112099	0.0409607	0.0773934	0.112099	0.0773934
Sq = 	4.43248e-19	0.0406802	0.0765405	0.0406802	0.0406802	0.0765405	0.11044	0.0765405	0.0765405	0.11044	0.143232	0.11044	0.0406802	0.0765405	0.11044	0.0765405
74 rounds of non-Gaussian ED iteration : ground-state energy is -85.2433 | electron energy -85.7502 + phonon energy 0.506864 | electron momentum kIdx = 0
Nq = 	16	0.0409607	0.0773934	0.0409607	0.0409607	0.0773934	0.112099	0.0773934	0.0773934	0.112099	13.7164	0.112099	0.0409607	0.0773934	0.112099	0.0773934
Sq = 	-1.66449e-19	0.0406802	0.0765405	0.0406802	0.0406802	0.0765405	0.11044	0.0765405	0.0765405	0.11044	0.143232	0.11044	0.0406802	0.0765405	0.11044	0.0765405
75 rounds of non-Gaussian ED iteration : ground-state energy is -85.2433 | electron energy -85.7502 + phonon energy 0.506864 | electron momentum kIdx = 0
Nq = 	16	0.0409607	0.0773934	0.0409607	0.0409607	0.0773934	0.112099	0.0773934	0.0773934	0.112099	13.7164	0.112099	0.0409607	0.0773934	0.112099	0.0773934
Sq = 	-6.28326e-20	0.0406802	0.0765405	0.0406802	0.0406802	0.0765405	0.11044	0.0765405	0.0765405	0.11044	0.143232	0.11044	0.0406802	0.0765405	0.11044	0.0765405
76 rounds of non-Gaussian ED iteration : ground-state energy is -85.2433 | electron energy -85.7502 + phonon energy 0.506864 | electron momentum kIdx = 0
Nq = 	16	0.0409607	0.0773934	0.0409607	0.0409607	0.0773934	0.112099	0.0773934	0.0773934	0.112099	13.7164	0.112099	0.0409607	0.0773934	0.112099	0.0773934
Sq = 	-3.73275e-19	0.0406802	0.0765405	0.0406802	0.0406802	0.0765405	0.11044	0.0765405	0.0765405	0.11044	0.143232	0.11044	0.0406802	0.0765405	0.11044	0.0765405
77 rounds of non-Gaussian ED iteration : ground-state energy is -85.2433 | electron energy -85.7502 + phonon energy 0.506864 | electron momentum kIdx = 0
Nq = 	16	0.0409607	0.0773934	0.0409607	0.0409607	0.0773934	0.112099	0.0773934	0.0773934	0.112099	13.7164	0.112099	0.0409607	0.0773934	0.112099	0.0773934
Sq = 	-5.77231e-19	0.0406802	0.0765405	0.0406802	0.0406802	0.0765405	0.11044	0.0765405	0.0765405	0.11044	0.143232	0.11044	0.0406802	0.0765405	0.11044	0.0765405
78 rounds of non-Gaussian ED iteration : ground-state energy is -85.2433 | electron energy -85.7502 + phonon energy 0.506864 | electron momentum kIdx = 0
Nq = 	16	0.0409607	0.0773934	0.0409607	0.0409607	0.0773934	0.112099	0.0773934	0.0773934	0.112099	13.7164	0.112099	0.0409607	0.0773934	0.112099	0.0773934
Sq = 	-5.01366e-19	0.0406802	0.0765405	0.0406802	0.0406802	0.0765405	0.11044	0.0765405	0.0765405	0.11044	0.143232	0.11044	0.0406802	0.0765405	0.11044	0.0765405
79 rounds of non-Gaussian ED iteration : ground-state energy is -85.2433 | electron energy -85.7502 + phonon energy 0.506864 | electron momentum kIdx = 0
Nq = 	16	0.0409607	0.0773934	0.0409607	0.0409607	0.0773934	0.112099	0.0773934	0.0773934	0.112099	13.7164	0.112099	0.0409607	0.0773934	0.112099	0.0773934
Sq = 	9.82276e-20	0.0406802	0.0765405	0.0406802	0.0406802	0.0765405	0.11044	0.0765405	0.0765405	0.11044	0.143232	0.11044	0.0406802	0.0765405	0.11044	0.0765405
Ground state is obtained after 80 iterations. The current ground-state energy is -85.2433, in which electron energy is -85.7502 and phonon energy is 0.506864
o___o  -------------------------------------
| L |	Time since last clock: 5h 55m 28.9s
A===A	Time since the beginning: 5h 55m 28.9s
********************************************

************************************************************************************
