SNEDics v3.4 Non-Gaussian ED ground state program		Start at Sat Mar  7 19:11:56 2020

parallized on 32 MPI threads  * 4 OpenMP threads = 128 total threads.
********************************************************************************************************************
********************************************************************************************************************

********************************************************************************************************************
System parameters and configurations
********************************************************************************************************************
Special program options are enabled: splitted diagonal Hamiltonian
********************************************************************************************************************
Read input file "model_params.in"
	Hubbard-Holstein model parameters : 	t = 1    U = 8    g = 2.1448    W = 1    
********************************************************************************************************************
Read input file "hilbertspace_params.in"
	Requested 16-site 2D lattice, with 16 electrons (8, 8)
	Boundary : Periodic		Hilbert space representation : momentum-space (restricted to kIdx = 10)
	Conservation: particle number[U(1)]      spin[U(1)]     momentum
********************************************************************************************************************

Cluster Positions:				Cluster symmetry group : D4
 x ... x ... x ... x .....                       x ... x ... x ... x .....
 |           |           :                       |           |           :
 |           |           :                       |           |           :
12    13    14    15     x                       1     5     6     5     x
 |           |           :                       |           |           :
 |           |           :                       |           |           :
 8 --- 9 ---10 ---11 --- x                       2 --- 6 ---10 --- 6 --- x
 |           |           :                       |           |           :
 |           |           :                       |           |           :
 4     5     6     7     x                       1     5     6     5     x
 |           |           :                       |           |           :
 |           |           :                       |           |           :
 0 --- 1 --- 2 --- 3 --- x                       0 --- 1 --- 2 --- 1 --- x
orbital number : 1
********************************************************************************************************************
Read input file "obs_params.in"
	Observable Type : Nq(All),   Sq(All),   N(All),   Delta[s](All),   Delta[d](All),   Delta[s+](All)
********************************************************************************************************************
** WARNING ** the input observables have non-local factors which have been reinterpreted. The total observable number is 96
********************************************************************************************************************


********************************************************************************************************************
Start calculating the non-Gaussian ED ground state
** WARNING ** Detected low phonon energy W < 10. The initial state will be prepared through a warm-up process.
********************************************************************************************************************
Start warm-up calculation for scaling factor 16
open output files: NGSEDWarmUpW16Obs.txt
********************************************************************************************************************
Start the 0 rounds of NGS-ED iteration
	effective electronic model is modified as: kinetic energy t = 1
	                                           effective interaction Vq = [0,0,0,0,0,0,0,0,0,0,0,0,0,0,0,0]
	first Hamiltonian is constructed, non-zero numbers = 2845334624
	PARPACK diagonalization completed after 120 matrix-vector product operations.
	iteration results: : total energy is -8.284915 | electron energy -8.284915 + phonon energy 0.000000 | electron momentum kIdx = 10
	Nq(0) = 16,	Nq(1) = 0.0623747,	Nq(2) = 0.108897,	Nq(3) = 0.0623747,	Nq(4) = 0.0623747,	Nq(5) = 0.108897,	Nq(6) = 0.15084,	Nq(7) = 0.108897,	Nq(8) = 0.108897,	Nq(9) = 0.15084,	Nq(10) = 0.189673,	Nq(11) = 0.15084,	Nq(12) = 0.0623747,	Nq(13) = 0.108897,	Nq(14) = 0.15084,	Nq(15) = 0.108897,	Sq(0) = 2.79643e-19,	Sq(1) = 0.234593,	Sq(2) = 0.384437,	Sq(3) = 0.234593,	Sq(4) = 0.234593,	Sq(5) = 0.384437,	Sq(6) = 0.569544,	Sq(7) = 0.384437,	Sq(8) = 0.384437,	Sq(9) = 0.569544,	Sq(10) = 8.78091,	Sq(11) = 0.569544,	Sq(12) = 0.234593,	Sq(13) = 0.384437,	Sq(14) = 0.569544,	Sq(15) = 0.384437,	N(0) = 1.77141,	N(1) = 1.55608,	N(2) = 1,	N(3) = 1.55608,	N(4) = 1.55608,	N(5) = 1,	N(6) = 0.443921,	N(7) = 1,	N(8) = 1,	N(9) = 0.443921,	N(10) = 0.228587,	N(11) = 0.443921,	N(12) = 1.55608,	N(13) = 1,	N(14) = 0.443921,	N(15) = 1,	Delta[s](0) = 0.080647,	Delta[s](1) = 0.0678064,	Delta[s](2) = 0.0539467,	Delta[s](3) = 0.0678064,	Delta[s](4) = 0.0678064,	Delta[s](5) = 0.0539467,	Delta[s](6) = 0.0385879,	Delta[s](7) = 0.0539467,	Delta[s](8) = 0.0539467,	Delta[s](9) = 0.0385879,	Delta[s](10) = 0.0180524,	Delta[s](11) = 0.0385879,	Delta[s](12) = 0.0678064,	Delta[s](13) = 0.0539467,	Delta[s](14) = 0.0385879,	Delta[s](15) = 0.0539467,	Delta[d](0) = 0.562611,	Delta[d](1) = 0.470386,	Delta[d](2) = 0.389371,	Delta[d](3) = 0.470386,	Delta[d](4) = 0.470386,	Delta[d](5) = 0.412467,	Delta[d](6) = 0.342852,	Delta[d](7) = 0.412467,	Delta[d](8) = 0.389371,	Delta[d](9) = 0.342852,	Delta[d](10) = 0.278291,	Delta[d](11) = 0.342852,	Delta[d](12) = 0.470386,	Delta[d](13) = 0.412467,	Delta[d](14) = 0.342852,	Delta[d](15) = 0.412467,	Delta[s+](0) = 0.602592,	Delta[s+](1) = 0.506584,	Delta[s+](2) = 0.389371,	Delta[s+](3) = 0.506584,	Delta[s+](4) = 0.506584,	Delta[s+](5) = 0.389371,	Delta[s+](6) = 0.270387,	Delta[s+](7) = 0.389371,	Delta[s+](8) = 0.389371,	Delta[s+](9) = 0.270387,	Delta[s+](10) = 0.161455,	Delta[s+](11) = 0.270387,	Delta[s+](12) = 0.506584,	Delta[s+](13) = 0.389371,	Delta[s+](14) = 0.270387,	Delta[s+](15) = 0.389371
The 0-th iteration is completed.	|| time cost : 0h 7m 8.85s
********************************************************************************************************************
Start the 1 rounds of NGS-ED iteration
	effective electronic model is modified as: kinetic energy t = 0.901432
	                                           effective interaction Vq = [-4.41265,-3.96224,-3.89456,-3.96224,-3.96224,-3.89456,-3.85145,-3.89456,-3.89456,-3.85145,-3.81815,-3.85145,-3.96224,-3.89456,-3.85145,-3.89456]
	PARPACK diagonalization completed after 45 matrix-vector product operations.
	iteration results: : total energy is -91.466044 | electron energy -91.471580 + phonon energy 0.005536 | electron momentum kIdx = 10
The 1-th iteration is completed.	|| time cost : 0h 3m 29.266s
********************************************************************************************************************
Start the 2 rounds of NGS-ED iteration
	effective electronic model is modified as: kinetic energy t = 0.835286
	                                           effective interaction Vq = [-4.59252,-4.50652, -4.4087,-4.50652,-4.50652, -4.4087,-4.42199, -4.4087, -4.4087,-4.42199,-4.36012,-4.42199,-4.50652, -4.4087,-4.42199, -4.4087]
	PARPACK diagonalization completed after 45 matrix-vector product operations.
	iteration results: : total energy is -97.209623 | electron energy -97.260899 + phonon energy 0.051276 | electron momentum kIdx = 10
The 2-th iteration is completed.	|| time cost : 0h 0m 35.447s
********************************************************************************************************************
Start the 3 rounds of NGS-ED iteration
	effective electronic model is modified as: kinetic energy t = 0.811809
	                                           effective interaction Vq = [-4.59986,-4.56075,-4.53914,-4.56075,-4.56075,-4.53914,-4.50106,-4.53914,-4.53914,-4.50106,-4.44076,-4.50106,-4.56075,-4.53914,-4.50106,-4.53914]
	PARPACK diagonalization completed after 30 matrix-vector product operations.
	iteration results: : total energy is -97.649515 | electron energy -97.721721 + phonon energy 0.072205 | electron momentum kIdx = 10
The 3-th iteration is completed.	|| time cost : 0h 0m 29.567s
********************************************************************************************************************
Start the 4 rounds of NGS-ED iteration
	effective electronic model is modified as: kinetic energy t = 0.806931
	                                           effective interaction Vq = [-4.60015,  -4.568,-4.55747,  -4.568,  -4.568,-4.55747,-4.51394,-4.55747,-4.55747,-4.51394,  -4.455,-4.51394,  -4.568,-4.55747,-4.51394,-4.55747]
	PARPACK diagonalization completed after 30 matrix-vector product operations.
	iteration results: : total energy is -97.668242 | electron energy -97.745832 + phonon energy 0.077591 | electron momentum kIdx = 10
The 4-th iteration is completed.	|| time cost : 0h 0m 29.625s
********************************************************************************************************************
Start the 5 rounds of NGS-ED iteration
	effective electronic model is modified as: kinetic energy t = 0.805956
	                                           effective interaction Vq = [-4.60017,-4.56923,-4.56075,-4.56923,-4.56923,-4.56075,-4.51642,-4.56075,-4.56075,-4.51642,-4.45787,-4.51642,-4.56923,-4.56075,-4.51642,-4.56075]
	PARPACK diagonalization completed after 30 matrix-vector product operations.
	iteration results: : total energy is -97.668991 | electron energy -97.747732 + phonon energy 0.078741 | electron momentum kIdx = 10
The 5-th iteration is completed.	|| time cost : 0h 0m 29.497s
********************************************************************************************************************
Start the 6 rounds of NGS-ED iteration
	effective electronic model is modified as: kinetic energy t = 0.805763
	                                           effective interaction Vq = [-4.60017,-4.56945,-4.56138,-4.56945,-4.56945,-4.56138,-4.51692,-4.56138,-4.56138,-4.51692,-4.45847,-4.51692,-4.56945,-4.56138,-4.51692,-4.56138]
	PARPACK diagonalization completed after 105 matrix-vector product operations.
	iteration results: : total energy is -98.013104 | electron energy -98.092079 + phonon energy 0.078975 | electron momentum kIdx = 10
The 6-th iteration is completed.	|| time cost : 0h 0m 57.973s
********************************************************************************************************************
Start the 7 rounds of NGS-ED iteration
	effective electronic model is modified as: kinetic energy t = 0.803332
	                                           effective interaction Vq = [-4.60017,-4.56643,-4.56677,-4.56643,-4.56643,-4.56677,-4.51174,-4.56677,-4.56677,-4.51174, -4.5277,-4.51174,-4.56643,-4.56677,-4.51174,-4.56677]
	PARPACK diagonalization completed after 45 matrix-vector product operations.
	iteration results: : total energy is -98.049728 | electron energy -98.131148 + phonon energy 0.081421 | electron momentum kIdx = 10
The 7-th iteration is completed.	|| time cost : 0h 0m 35.17s
********************************************************************************************************************
Start the 8 rounds of NGS-ED iteration
	effective electronic model is modified as: kinetic energy t = 0.802731
	                                           effective interaction Vq = [-4.60017,-4.56656,-4.55632,-4.56656,-4.56656,-4.55632,-4.51192,-4.55632,-4.55632,-4.51192,-4.57539,-4.51192,-4.56656,-4.55632,-4.51192,-4.55632]
	PARPACK diagonalization completed after 45 matrix-vector product operations.
	iteration results: : total energy is -98.163412 | electron energy -98.246650 + phonon energy 0.083237 | electron momentum kIdx = 10
The 8-th iteration is completed.	|| time cost : 0h 0m 35.204s
********************************************************************************************************************
Start the 9 rounds of NGS-ED iteration
	effective electronic model is modified as: kinetic energy t = 0.809023
	                                           effective interaction Vq = [-4.60017,-4.56229,-4.50311,-4.56229,-4.56229,-4.50311,-4.50528,-4.50311,-4.50311,-4.50528,-4.59259,-4.50528,-4.56229,-4.50311,-4.50528,-4.50311]
	PARPACK diagonalization completed after 30 matrix-vector product operations.
	iteration results: : total energy is -98.238017 | electron energy -98.319298 + phonon energy 0.081281 | electron momentum kIdx = 10
The 9-th iteration is completed.	|| time cost : 0h 0m 29.651s
********************************************************************************************************************
Start the 10 rounds of NGS-ED iteration
	effective electronic model is modified as: kinetic energy t = 0.811139
	                                           effective interaction Vq = [-4.60017,-4.55939,-4.48466,-4.55939,-4.55939,-4.48466,-4.50096,-4.48466,-4.48466,-4.50096,-4.59502,-4.50096,-4.55939,-4.48466,-4.50096,-4.48466]
	PARPACK diagonalization completed after 30 matrix-vector product operations.
	iteration results: : total energy is -98.242862 | electron energy -98.322937 + phonon energy 0.080075 | electron momentum kIdx = 10
	Nq(0) = 16,	Nq(1) = 0.347311,	Nq(2) = 0.375184,	Nq(3) = 0.347311,	Nq(4) = 0.347311,	Nq(5) = 0.375184,	Nq(6) = 0.615783,	Nq(7) = 0.375184,	Nq(8) = 0.375184,	Nq(9) = 0.615783,	Nq(10) = 4.2337,	Nq(11) = 0.615783,	Nq(12) = 0.347311,	Nq(13) = 0.375184,	Nq(14) = 0.615783,	Nq(15) = 0.375184,	Sq(0) = -3.41666e-18,	Sq(1) = 0.280293,	Sq(2) = 0.333103,	Sq(3) = 0.280293,	Sq(4) = 0.280293,	Sq(5) = 0.333103,	Sq(6) = 0.497293,	Sq(7) = 0.333103,	Sq(8) = 0.333103,	Sq(9) = 0.497293,	Sq(10) = 0.553848,	Sq(11) = 0.497293,	Sq(12) = 0.280293,	Sq(13) = 0.333103,	Sq(14) = 0.497293,	Sq(15) = 0.333103,	N(0) = 1.99096,	N(1) = 1.97614,	N(2) = 1,	N(3) = 1.97614,	N(4) = 1.97614,	N(5) = 1,	N(6) = 0.0238564,	N(7) = 1,	N(8) = 1,	N(9) = 0.0238564,	N(10) = 0.00903869,	N(11) = 0.0238564,	N(12) = 1.97614,	N(13) = 1,	N(14) = 0.0238564,	N(15) = 1,	Delta[s](0) = 0.453484,	Delta[s](1) = 0.340828,	Delta[s](2) = 0.331172,	Delta[s](3) = 0.340828,	Delta[s](4) = 0.340828,	Delta[s](5) = 0.331172,	Delta[s](6) = 0.277634,	Delta[s](7) = 0.331172,	Delta[s](8) = 0.331172,	Delta[s](9) = 0.277634,	Delta[s](10) = 0.25423,	Delta[s](11) = 0.277634,	Delta[s](12) = 0.340828,	Delta[s](13) = 0.331172,	Delta[s](14) = 0.277634,	Delta[s](15) = 0.331172,	Delta[d](0) = 0.227999,	Delta[d](1) = 0.227396,	Delta[d](2) = 0.222694,	Delta[d](3) = 0.227396,	Delta[d](4) = 0.227396,	Delta[d](5) = 0.146982,	Delta[d](6) = 0.18688,	Delta[d](7) = 0.146982,	Delta[d](8) = 0.222694,	Delta[d](9) = 0.18688,	Delta[d](10) = 0.0659309,	Delta[d](11) = 0.18688,	Delta[d](12) = 0.227396,	Delta[d](13) = 0.146982,	Delta[d](14) = 0.18688,	Delta[d](15) = 0.146982,	Delta[s+](0) = 0.425273,	Delta[s+](1) = 0.34005,	Delta[s+](2) = 0.222694,	Delta[s+](3) = 0.34005,	Delta[s+](4) = 0.34005,	Delta[s+](5) = 0.222694,	Delta[s+](6) = 0.104363,	Delta[s+](7) = 0.222694,	Delta[s+](8) = 0.222694,	Delta[s+](9) = 0.104363,	Delta[s+](10) = 0.0369256,	Delta[s+](11) = 0.104363,	Delta[s+](12) = 0.34005,	Delta[s+](13) = 0.222694,	Delta[s+](14) = 0.104363,	Delta[s+](15) = 0.222694
The 10-th iteration is completed.	|| time cost : 0h 5m 27.49s
********************************************************************************************************************
Start the 11 rounds of NGS-ED iteration
	effective electronic model is modified as: kinetic energy t = 0.811683
	                                           effective interaction Vq = [-4.60017,-4.55839, -4.4803,-4.55839,-4.55839, -4.4803,-4.49948, -4.4803, -4.4803,-4.49948,-4.59546,-4.49948,-4.55839, -4.4803,-4.49948, -4.4803]
	PARPACK diagonalization completed after 30 matrix-vector product operations.
	iteration results: : total energy is -98.243113 | electron energy -98.322790 + phonon energy 0.079677 | electron momentum kIdx = 10
The 11-th iteration is completed.	|| time cost : 0h 0m 29.536s
********************************************************************************************************************
Start the 12 rounds of NGS-ED iteration
	effective electronic model is modified as: kinetic energy t = 0.81182
	                                           effective interaction Vq = [-4.60017,-4.55809,-4.47931,-4.55809,-4.55809,-4.47931,-4.49904,-4.47931,-4.47931,-4.49904,-4.59555,-4.49904,-4.55809,-4.47931,-4.49904,-4.47931]
	PARPACK diagonalization completed after 30 matrix-vector product operations.
	iteration results: : total energy is -98.243127 | electron energy -98.322692 + phonon energy 0.079565 | electron momentum kIdx = 10
The 12-th iteration is completed.	|| time cost : 0h 0m 29.521s
********************************************************************************************************************
Start the 13 rounds of NGS-ED iteration
	effective electronic model is modified as: kinetic energy t = 0.811855
	                                           effective interaction Vq = [-4.60017,-4.55801,-4.47909,-4.55801,-4.55801,-4.47909,-4.49892,-4.47909,-4.47909,-4.49892,-4.59557,-4.49892,-4.55801,-4.47909,-4.49892,-4.47909]
	PARPACK diagonalization completed after 30 matrix-vector product operations.
	iteration results: : total energy is -98.243127 | electron energy -98.322663 + phonon energy 0.079535 | electron momentum kIdx = 10
	Nq(0) = 16,	Nq(1) = 0.346511,	Nq(2) = 0.374337,	Nq(3) = 0.346511,	Nq(4) = 0.346511,	Nq(5) = 0.374337,	Nq(6) = 0.61471,	Nq(7) = 0.374337,	Nq(8) = 0.374337,	Nq(9) = 0.61471,	Nq(10) = 4.24681,	Nq(11) = 0.61471,	Nq(12) = 0.346511,	Nq(13) = 0.374337,	Nq(14) = 0.61471,	Nq(15) = 0.374337,	Sq(0) = -4.29658e-18,	Sq(1) = 0.280149,	Sq(2) = 0.333066,	Sq(3) = 0.280149,	Sq(4) = 0.280149,	Sq(5) = 0.333066,	Sq(6) = 0.497306,	Sq(7) = 0.333066,	Sq(8) = 0.333066,	Sq(9) = 0.497306,	Sq(10) = 0.554071,	Sq(11) = 0.497306,	Sq(12) = 0.280149,	Sq(13) = 0.333066,	Sq(14) = 0.497306,	Sq(15) = 0.333066,	N(0) = 1.99093,	N(1) = 1.97605,	N(2) = 1,	N(3) = 1.97605,	N(4) = 1.97605,	N(5) = 1,	N(6) = 0.0239515,	N(7) = 1,	N(8) = 1,	N(9) = 0.0239515,	N(10) = 0.0090668,	N(11) = 0.0239515,	N(12) = 1.97605,	N(13) = 1,	N(14) = 0.0239515,	N(15) = 1,	Delta[s](0) = 0.452495,	Delta[s](1) = 0.340888,	Delta[s](2) = 0.331202,	Delta[s](3) = 0.340888,	Delta[s](4) = 0.340888,	Delta[s](5) = 0.331202,	Delta[s](6) = 0.277735,	Delta[s](7) = 0.331202,	Delta[s](8) = 0.331202,	Delta[s](9) = 0.277735,	Delta[s](10) = 0.254652,	Delta[s](11) = 0.277735,	Delta[s](12) = 0.340888,	Delta[s](13) = 0.331202,	Delta[s](14) = 0.277735,	Delta[s](15) = 0.331202,	Delta[d](0) = 0.227787,	Delta[d](1) = 0.22714,	Delta[d](2) = 0.222551,	Delta[d](3) = 0.22714,	Delta[d](4) = 0.22714,	Delta[d](5) = 0.146763,	Delta[d](6) = 0.186607,	Delta[d](7) = 0.146763,	Delta[d](8) = 0.222551,	Delta[d](9) = 0.186607,	Delta[d](10) = 0.0657045,	Delta[d](11) = 0.186607,	Delta[d](12) = 0.22714,	Delta[d](13) = 0.146763,	Delta[d](14) = 0.186607,	Delta[d](15) = 0.146763,	Delta[s+](0) = 0.425359,	Delta[s+](1) = 0.339974,	Delta[s+](2) = 0.222551,	Delta[s+](3) = 0.339974,	Delta[s+](4) = 0.339974,	Delta[s+](5) = 0.222551,	Delta[s+](6) = 0.10418,	Delta[s+](7) = 0.222551,	Delta[s+](8) = 0.222551,	Delta[s+](9) = 0.10418,	Delta[s+](10) = 0.0368123,	Delta[s+](11) = 0.10418,	Delta[s+](12) = 0.339974,	Delta[s+](13) = 0.222551,	Delta[s+](14) = 0.10418,	Delta[s+](15) = 0.222551
The 13-th iteration is completed.	|| time cost : 0h 5m 25.301s
********************************************************************************************************************
********************************************************************************************************************
Ground state is obtained after 14 iterations. The current ground-state energy is -98.2431, in which electron energy is -98.3227 and phonon energy is 0.0795354
final variational state is: 
	Gamma_x = [      1, 1.0174,1.02969, 1.0174, 1.0174,1.02969,1.04567,1.02969,1.02969,1.04567,1.07752,1.04567, 1.0174,1.02969,1.04567,1.02969]
	lambda_q = [  0.5362,0.484857, 0.44919,0.484857,0.484857, 0.44919,0.456637, 0.44919, 0.44919,0.456637,0.519253,0.456637,0.484857, 0.44919,0.456637, 0.44919]
********************************************************************************************************************
o___o  ----------------------------------------
| L |	Time since last clock: 0h 0m 0s
A===A	Time since the beginning: 0h 27m 12.105s
***********************************************

********************************************************************************************************************
Start warm-up calculation for scaling factor 8
open output files: NGSEDWarmUpW8Obs.txt
********************************************************************************************************************
Start the 0 rounds of NGS-ED iteration
	effective electronic model is modified as: kinetic energy t = 0.811863
	                                           effective interaction Vq = [-4.20554,-4.00199,-3.83577,-4.00199,-4.00199,-3.83577,-3.87216,-3.83577,-3.83577,-3.87216,-4.14301,-3.87216,-4.00199,-3.83577,-3.87216,-3.83577]
	PARPACK diagonalization completed after 45 matrix-vector product operations.
	iteration results: : total energy is -86.530427 | electron energy -86.570191 + phonon energy 0.039764 | electron momentum kIdx = 10
	Nq(0) = 16,	Nq(1) = 0.345189,	Nq(2) = 0.355648,	Nq(3) = 0.345189,	Nq(4) = 0.345189,	Nq(5) = 0.355648,	Nq(6) = 0.568209,	Nq(7) = 0.355648,	Nq(8) = 0.355648,	Nq(9) = 0.568209,	Nq(10) = 3.59269,	Nq(11) = 0.568209,	Nq(12) = 0.345189,	Nq(13) = 0.355648,	Nq(14) = 0.568209,	Nq(15) = 0.355648,	Sq(0) = 6.09112e-18,	Sq(1) = 0.344679,	Sq(2) = 0.368446,	Sq(3) = 0.344679,	Sq(4) = 0.344679,	Sq(5) = 0.368446,	Sq(6) = 0.600342,	Sq(7) = 0.368446,	Sq(8) = 0.368446,	Sq(9) = 0.600342,	Sq(10) = 0.629069,	Sq(11) = 0.600342,	Sq(12) = 0.344679,	Sq(13) = 0.368446,	Sq(14) = 0.600342,	Sq(15) = 0.368446,	N(0) = 1.99791,	N(1) = 1.99499,	N(2) = 1,	N(3) = 1.99499,	N(4) = 1.99499,	N(5) = 1,	N(6) = 0.0050085,	N(7) = 1,	N(8) = 1,	N(9) = 0.0050085,	N(10) = 0.00209008,	N(11) = 0.0050085,	N(12) = 1.99499,	N(13) = 1,	N(14) = 0.0050085,	N(15) = 1,	Delta[s](0) = 0.357961,	Delta[s](1) = 0.305039,	Delta[s](2) = 0.299697,	Delta[s](3) = 0.305039,	Delta[s](4) = 0.305039,	Delta[s](5) = 0.299697,	Delta[s](6) = 0.263835,	Delta[s](7) = 0.299697,	Delta[s](8) = 0.299697,	Delta[s](9) = 0.263835,	Delta[s](10) = 0.258442,	Delta[s](11) = 0.263835,	Delta[s](12) = 0.305039,	Delta[s](13) = 0.299697,	Delta[s](14) = 0.263835,	Delta[s](15) = 0.299697,	Delta[d](0) = 0.23974,	Delta[d](1) = 0.249011,	Delta[d](2) = 0.245064,	Delta[d](3) = 0.249011,	Delta[d](4) = 0.249011,	Delta[d](5) = 0.162532,	Delta[d](6) = 0.208285,	Delta[d](7) = 0.162532,	Delta[d](8) = 0.245064,	Delta[d](9) = 0.208285,	Delta[d](10) = 0.0853428,	Delta[d](11) = 0.208285,	Delta[d](12) = 0.249011,	Delta[d](13) = 0.162532,	Delta[d](14) = 0.208285,	Delta[d](15) = 0.162532,	Delta[s+](0) = 0.470663,	Delta[s+](1) = 0.371063,	Delta[s+](2) = 0.245064,	Delta[s+](3) = 0.371063,	Delta[s+](4) = 0.371063,	Delta[s+](5) = 0.245064,	Delta[s+](6) = 0.12124,	Delta[s+](7) = 0.245064,	Delta[s+](8) = 0.245064,	Delta[s+](9) = 0.12124,	Delta[s+](10) = 0.048557,	Delta[s+](11) = 0.12124,	Delta[s+](12) = 0.371063,	Delta[s+](13) = 0.245064,	Delta[s+](14) = 0.12124,	Delta[s+](15) = 0.245064
The 0-th iteration is completed.	|| time cost : 0h 5m 33.399s
********************************************************************************************************************
Start the 1 rounds of NGS-ED iteration
	effective electronic model is modified as: kinetic energy t = 0.76165
	                                           effective interaction Vq = [-4.52049,-4.33407,-4.12996,-4.33407,-4.33407,-4.12996,-4.17371,-4.12996,-4.12996,-4.17371,-4.48138,-4.17371,-4.33407,-4.12996,-4.17371,-4.12996]
	PARPACK diagonalization completed after 30 matrix-vector product operations.
	iteration results: : total energy is -93.380562 | electron energy -93.553160 + phonon energy 0.172598 | electron momentum kIdx = 10
The 1-th iteration is completed.	|| time cost : 0h 0m 29.566s
********************************************************************************************************************
Start the 2 rounds of NGS-ED iteration
	effective electronic model is modified as: kinetic energy t = 0.741429
	                                           effective interaction Vq = [-4.58408,-4.41912,-4.22455,-4.41912,-4.41912,-4.22455,-4.26548,-4.22455,-4.22455,-4.26548,-4.56471,-4.26548,-4.41912,-4.22455,-4.26548,-4.22455]
	PARPACK diagonalization completed after 30 matrix-vector product operations.
	iteration results: : total energy is -94.762721 | electron energy -95.007135 + phonon energy 0.244414 | electron momentum kIdx = 10
The 2-th iteration is completed.	|| time cost : 0h 0m 29.596s
********************************************************************************************************************
Start the 3 rounds of NGS-ED iteration
	effective electronic model is modified as: kinetic energy t = 0.73354
	                                           effective interaction Vq = [-4.59692,-4.44495,-4.25867,-4.44495,-4.44495,-4.25867,-4.29719,-4.25867,-4.25867,-4.29719,-4.58485,-4.29719,-4.44495,-4.25867,-4.29719,-4.25867]
	PARPACK diagonalization completed after 30 matrix-vector product operations.
	iteration results: : total energy is -95.028105 | electron energy -95.301891 + phonon energy 0.273786 | electron momentum kIdx = 10
The 3-th iteration is completed.	|| time cost : 0h 0m 29.538s
********************************************************************************************************************
Start the 4 rounds of NGS-ED iteration
	effective electronic model is modified as: kinetic energy t = 0.730289
	                                           effective interaction Vq = [-4.59951,-4.45459,-4.27257,-4.45459,-4.45459,-4.27257,-4.31018,-4.27257,-4.27257,-4.31018,-4.59039,-4.31018,-4.45459,-4.27257,-4.31018,-4.27257]
	PARPACK diagonalization completed after 30 matrix-vector product operations.
	iteration results: : total energy is -95.078774 | electron energy -95.364639 + phonon energy 0.285865 | electron momentum kIdx = 10
The 4-th iteration is completed.	|| time cost : 0h 0m 29.437s
********************************************************************************************************************
Start the 5 rounds of NGS-ED iteration
	effective electronic model is modified as: kinetic energy t = 0.728876
	                                           effective interaction Vq = [-4.60003,-4.45872,-4.27867,-4.45872,-4.45872,-4.27867,-4.31611,-4.27867,-4.27867,-4.31611,-4.59214,-4.31611,-4.45872,-4.27867,-4.31611,-4.27867]
	PARPACK diagonalization completed after 30 matrix-vector product operations.
	iteration results: : total energy is -95.088559 | electron energy -95.379524 + phonon energy 0.290965 | electron momentum kIdx = 10
The 5-th iteration is completed.	|| time cost : 0h 0m 29.564s
********************************************************************************************************************
Start the 6 rounds of NGS-ED iteration
	effective electronic model is modified as: kinetic energy t = 0.728236
	                                           effective interaction Vq = [-4.60014,-4.46062,-4.28145,-4.46062,-4.46062,-4.28145,-4.31897,-4.28145,-4.28145,-4.31897,-4.59274,-4.31897,-4.46062,-4.28145,-4.31897,-4.28145]
	PARPACK diagonalization completed after 30 matrix-vector product operations.
	iteration results: : total energy is -95.090477 | electron energy -95.383645 + phonon energy 0.293168 | electron momentum kIdx = 10
The 6-th iteration is completed.	|| time cost : 0h 0m 29.55s
********************************************************************************************************************
Start the 7 rounds of NGS-ED iteration
	effective electronic model is modified as: kinetic energy t = 0.727937
	                                           effective interaction Vq = [-4.60016,-4.46155,-4.28276,-4.46155,-4.46155,-4.28276,-4.32039,-4.28276,-4.28276,-4.32039,-4.59295,-4.32039,-4.46155,-4.28276,-4.32039,-4.28276]
	PARPACK diagonalization completed after 30 matrix-vector product operations.
	iteration results: : total energy is -95.090858 | electron energy -95.385002 + phonon energy 0.294144 | electron momentum kIdx = 10
The 7-th iteration is completed.	|| time cost : 0h 0m 29.547s
********************************************************************************************************************
Start the 8 rounds of NGS-ED iteration
	effective electronic model is modified as: kinetic energy t = 0.727793
	                                           effective interaction Vq = [-4.60017,-4.46201,-4.28338,-4.46201,-4.46201,-4.28338,-4.32112,-4.28338,-4.28338,-4.32112,-4.59302,-4.32112,-4.46201,-4.28338,-4.32112,-4.28338]
	PARPACK diagonalization completed after 30 matrix-vector product operations.
	iteration results: : total energy is -95.090935 | electron energy -95.385524 + phonon energy 0.294589 | electron momentum kIdx = 10
The 8-th iteration is completed.	|| time cost : 0h 0m 29.635s
********************************************************************************************************************
Start the 9 rounds of NGS-ED iteration
	effective electronic model is modified as: kinetic energy t = 0.727722
	                                           effective interaction Vq = [-4.60017,-4.46225,-4.28369,-4.46225,-4.46225,-4.28369, -4.3215,-4.28369,-4.28369, -4.3215,-4.59304, -4.3215,-4.46225,-4.28369, -4.3215,-4.28369]
	PARPACK diagonalization completed after 30 matrix-vector product operations.
	iteration results: : total energy is -95.090950 | electron energy -95.385748 + phonon energy 0.294798 | electron momentum kIdx = 10
	Nq(0) = 16,	Nq(1) = 0.300078,	Nq(2) = 0.343905,	Nq(3) = 0.300078,	Nq(4) = 0.300078,	Nq(5) = 0.343905,	Nq(6) = 0.540624,	Nq(7) = 0.343905,	Nq(8) = 0.343905,	Nq(9) = 0.540624,	Nq(10) = 5.16113,	Nq(11) = 0.540624,	Nq(12) = 0.300078,	Nq(13) = 0.343905,	Nq(14) = 0.540624,	Nq(15) = 0.343905,	Sq(0) = -2.17104e-19,	Sq(1) = 0.257309,	Sq(2) = 0.321778,	Sq(3) = 0.257309,	Sq(4) = 0.257309,	Sq(5) = 0.321778,	Sq(6) = 0.476605,	Sq(7) = 0.321778,	Sq(8) = 0.321778,	Sq(9) = 0.476605,	Sq(10) = 0.546313,	Sq(11) = 0.476605,	Sq(12) = 0.257309,	Sq(13) = 0.321778,	Sq(14) = 0.476605,	Sq(15) = 0.321778,	N(0) = 1.9857,	N(1) = 1.95747,	N(2) = 1,	N(3) = 1.95747,	N(4) = 1.95747,	N(5) = 1,	N(6) = 0.0425321,	N(7) = 1,	N(8) = 1,	N(9) = 0.0425321,	N(10) = 0.0142994,	N(11) = 0.0425321,	N(12) = 1.95747,	N(13) = 1,	N(14) = 0.0425321,	N(15) = 1,	Delta[s](0) = 0.395805,	Delta[s](1) = 0.344171,	Delta[s](2) = 0.334425,	Delta[s](3) = 0.344171,	Delta[s](4) = 0.344171,	Delta[s](5) = 0.334425,	Delta[s](6) = 0.305533,	Delta[s](7) = 0.334425,	Delta[s](8) = 0.334425,	Delta[s](9) = 0.305533,	Delta[s](10) = 0.292509,	Delta[s](11) = 0.305533,	Delta[s](12) = 0.344171,	Delta[s](13) = 0.334425,	Delta[s](14) = 0.305533,	Delta[s](15) = 0.334425,	Delta[d](0) = 0.218711,	Delta[d](1) = 0.213054,	Delta[d](2) = 0.219097,	Delta[d](3) = 0.213054,	Delta[d](4) = 0.213054,	Delta[d](5) = 0.151691,	Delta[d](6) = 0.177612,	Delta[d](7) = 0.151691,	Delta[d](8) = 0.219097,	Delta[d](9) = 0.177612,	Delta[d](10) = 0.0846013,	Delta[d](11) = 0.177612,	Delta[d](12) = 0.213054,	Delta[d](13) = 0.151691,	Delta[d](14) = 0.177612,	Delta[d](15) = 0.151691,	Delta[s+](0) = 0.421364,	Delta[s+](1) = 0.330025,	Delta[s+](2) = 0.219097,	Delta[s+](3) = 0.330025,	Delta[s+](4) = 0.330025,	Delta[s+](5) = 0.219097,	Delta[s+](6) = 0.109149,	Delta[s+](7) = 0.219097,	Delta[s+](8) = 0.219097,	Delta[s+](9) = 0.109149,	Delta[s+](10) = 0.0492423,	Delta[s+](11) = 0.109149,	Delta[s+](12) = 0.330025,	Delta[s+](13) = 0.219097,	Delta[s+](14) = 0.109149,	Delta[s+](15) = 0.219097
The 9-th iteration is completed.	|| time cost : 0h 5m 27.826s
********************************************************************************************************************
********************************************************************************************************************
Ground state is obtained after 10 iterations. The current ground-state energy is -95.091, in which electron energy is -95.3857 and phonon energy is 0.294798
final variational state is: 
	Gamma_x = [      1,1.05059,1.07942,1.05059,1.05059,1.07942,1.12192,1.07942,1.07942,1.12192,1.24902,1.12192,1.05059,1.07942,1.12192,1.07942]
	lambda_q = [0.758227,0.627059,0.559452,0.627059,0.627059,0.559452,0.571731,0.559452,0.559452,0.571731,0.728476,0.571731,0.627059,0.559452,0.571731,0.559452]
********************************************************************************************************************
o___o  ----------------------------------------
| L |	Time since last clock: 0h 0m 0s
A===A	Time since the beginning: 0h 42m 9.766s
***********************************************

********************************************************************************************************************
Start warm-up calculation for scaling factor 4
open output files: NGSEDWarmUpW4Obs.txt
********************************************************************************************************************
Start the 0 rounds of NGS-ED iteration
	effective electronic model is modified as: kinetic energy t = 0.727686
	                                           effective interaction Vq = [-4.20535,-3.80685, -3.5477,-3.80685,-3.80685, -3.5477,-3.59749, -3.5477, -3.5477,-3.59749,-4.12703,-3.59749,-3.80685, -3.5477,-3.59749, -3.5477]
	PARPACK diagonalization completed after 45 matrix-vector product operations.
	iteration results: : total energy is -82.917184 | electron energy -83.064633 + phonon energy 0.147449 | electron momentum kIdx = 10
	Nq(0) = 16,	Nq(1) = 0.306854,	Nq(2) = 0.330743,	Nq(3) = 0.306854,	Nq(4) = 0.306854,	Nq(5) = 0.330743,	Nq(6) = 0.505317,	Nq(7) = 0.330743,	Nq(8) = 0.330743,	Nq(9) = 0.505317,	Nq(10) = 4.23871,	Nq(11) = 0.505317,	Nq(12) = 0.306854,	Nq(13) = 0.330743,	Nq(14) = 0.505317,	Nq(15) = 0.330743,	Sq(0) = 6.27626e-18,	Sq(1) = 0.32858,	Sq(2) = 0.364794,	Sq(3) = 0.32858,	Sq(4) = 0.32858,	Sq(5) = 0.364794,	Sq(6) = 0.596293,	Sq(7) = 0.364794,	Sq(8) = 0.364794,	Sq(9) = 0.596293,	Sq(10) = 0.63989,	Sq(11) = 0.596293,	Sq(12) = 0.32858,	Sq(13) = 0.364794,	Sq(14) = 0.596293,	Sq(15) = 0.364794,	N(0) = 1.99122,	N(1) = 1.98071,	N(2) = 1,	N(3) = 1.98071,	N(4) = 1.98071,	N(5) = 1,	N(6) = 0.0192852,	N(7) = 1,	N(8) = 1,	N(9) = 0.0192852,	N(10) = 0.00877847,	N(11) = 0.0192852,	N(12) = 1.98071,	N(13) = 1,	N(14) = 0.0192852,	N(15) = 1,	Delta[s](0) = 0.33521,	Delta[s](1) = 0.305487,	Delta[s](2) = 0.299186,	Delta[s](3) = 0.305487,	Delta[s](4) = 0.305487,	Delta[s](5) = 0.299186,	Delta[s](6) = 0.277948,	Delta[s](7) = 0.299186,	Delta[s](8) = 0.299186,	Delta[s](9) = 0.277948,	Delta[s](10) = 0.271859,	Delta[s](11) = 0.277948,	Delta[s](12) = 0.305487,	Delta[s](13) = 0.299186,	Delta[s](14) = 0.277948,	Delta[s](15) = 0.299186,	Delta[d](0) = 0.245031,	Delta[d](1) = 0.247457,	Delta[d](2) = 0.253266,	Delta[d](3) = 0.247457,	Delta[d](4) = 0.247457,	Delta[d](5) = 0.174515,	Delta[d](6) = 0.207863,	Delta[d](7) = 0.174515,	Delta[d](8) = 0.253266,	Delta[d](9) = 0.207863,	Delta[d](10) = 0.104015,	Delta[d](11) = 0.207863,	Delta[d](12) = 0.247457,	Delta[d](13) = 0.174515,	Delta[d](14) = 0.207863,	Delta[d](15) = 0.174515,	Delta[s+](0) = 0.49179,	Delta[s+](1) = 0.380221,	Delta[s+](2) = 0.253266,	Delta[s+](3) = 0.380221,	Delta[s+](4) = 0.380221,	Delta[s+](5) = 0.253266,	Delta[s+](6) = 0.129369,	Delta[s+](7) = 0.253266,	Delta[s+](8) = 0.253266,	Delta[s+](9) = 0.129369,	Delta[s+](10) = 0.0601962,	Delta[s+](11) = 0.129369,	Delta[s+](12) = 0.380221,	Delta[s+](13) = 0.253266,	Delta[s+](14) = 0.129369,	Delta[s+](15) = 0.253266
The 0-th iteration is completed.	|| time cost : 0h 5m 35.999s
********************************************************************************************************************
Start the 1 rounds of NGS-ED iteration
	effective electronic model is modified as: kinetic energy t = 0.70504
	                                           effective interaction Vq = [-4.42276,-4.01341,-3.68468,-4.01341,-4.01341,-3.68468,-3.74533,-3.68468,-3.68468,-3.74533,-4.38751,-3.74533,-4.01341,-3.68468,-3.74533,-3.68468]
	PARPACK diagonalization completed after 30 matrix-vector product operations.
	iteration results: : total energy is -87.712540 | electron energy -88.098950 + phonon energy 0.386410 | electron momentum kIdx = 10
The 1-th iteration is completed.	|| time cost : 0h 0m 29.594s
********************************************************************************************************************
Start the 2 rounds of NGS-ED iteration
	effective electronic model is modified as: kinetic energy t = 0.692931
	                                           effective interaction Vq = [-4.52045,-4.08655, -3.7481,-4.08655,-4.08655, -3.7481,-3.80672, -3.7481, -3.7481,-3.80672,-4.51147,-3.80672,-4.08655, -3.7481,-3.80672, -3.7481]
	PARPACK diagonalization completed after 30 matrix-vector product operations.
	iteration results: : total energy is -89.924550 | electron energy -90.465215 + phonon energy 0.540665 | electron momentum kIdx = 10
The 2-th iteration is completed.	|| time cost : 0h 0m 30.059s
********************************************************************************************************************
Start the 3 rounds of NGS-ED iteration
	effective electronic model is modified as: kinetic energy t = 0.688763
	                                           effective interaction Vq = [-4.56435,-4.09561,-3.76662,-4.09561,-4.09561,-3.76662, -3.8178,-3.76662,-3.76662, -3.8178,-4.56168, -3.8178,-4.09561,-3.76662, -3.8178,-3.76662]
	PARPACK diagonalization completed after 30 matrix-vector product operations.
	iteration results: : total energy is -90.876006 | electron energy -91.489889 + phonon energy 0.613883 | electron momentum kIdx = 10
The 3-th iteration is completed.	|| time cost : 0h 0m 29.751s
********************************************************************************************************************
Start the 4 rounds of NGS-ED iteration
	effective electronic model is modified as: kinetic energy t = 0.688442
	                                           effective interaction Vq = [-4.58407,-4.08226,-3.76563,-4.08226,-4.08226,-3.76563,-3.80898,-3.76563,-3.76563,-3.80898,-4.58111,-3.80898,-4.08226,-3.76563,-3.80898,-3.76563]
	PARPACK diagonalization completed after 30 matrix-vector product operations.
	iteration results: : total energy is -91.274529 | electron energy -91.918040 + phonon energy 0.643512 | electron momentum kIdx = 10
The 4-th iteration is completed.	|| time cost : 0h 0m 29.66s
********************************************************************************************************************
Start the 5 rounds of NGS-ED iteration
	effective electronic model is modified as: kinetic energy t = 0.689575
	                                           effective interaction Vq = [-4.59294,-4.06406,  -3.758,-4.06406,-4.06406,  -3.758,-3.79466,  -3.758,  -3.758,-3.79466,-4.58889,-3.79466,-4.06406,  -3.758,-3.79466,  -3.758]
	PARPACK diagonalization completed after 30 matrix-vector product operations.
	iteration results: : total energy is -91.442612 | electron energy -92.095918 + phonon energy 0.653305 | electron momentum kIdx = 10
The 5-th iteration is completed.	|| time cost : 0h 0m 30.268s
********************************************************************************************************************
Start the 6 rounds of NGS-ED iteration
	effective electronic model is modified as: kinetic energy t = 0.691098
	                                           effective interaction Vq = [-4.59692,-4.04695,-3.74893,-4.04695,-4.04695,-3.74893,-3.78023,-3.74893,-3.74893,-3.78023,-4.59223,-3.78023,-4.04695,-3.74893,-3.78023,-3.74893]
