SNEDics v3.22.2 Non-Gaussian ED ground state program		Start at Fri Jun  3 01:36:17 2022

Parallelization: 32 MPI threads  * 8 OpenMP threads = 256 total threads.
********************************************************************************************************************
********************************************************************************************************************

********************************************************************************************************************
System parameters and configurations
	special program options are enabled: splitted diagonal Hamiltonian | splitted Hamiltonian terms
********************************************************************************************************************
Read input file "model_params.in"
	Hubbard-Holstein model parameters : 	t = 1    t' = -0.3    U = 8    g = 0.55    W = 0.2    g' = 0.15    
********************************************************************************************************************
Read input file "hilbertspace_params.in"
	Requested 16-site 2D lattice, with 12 electrons (6, 6)
	Boundary : Periodic		Hilbert space representation : momentum-space (restricted to kIdx = 0)
	Conservation: particle number[U(1)]      spin[U(1)]     momentum
********************************************************************************************************************

Cluster Positions:				Cluster symmetry group : D4
 x ... x ... x ... x .....                       x ... x ... x ... x .....
 |           |           :                       |           |           :
 |           |           :                       |           |           :
12    13    14    15     x                       1     5     6     5     x
 |           |           :                       |           |           :
 |           |           :                       |           |           :
 8 --- 9 ---10 ---11 --- x                       2 --- 6 ---10 --- 6 --- x
 |           |           :                       |           |           :
 |           |           :                       |           |           :
 4     5     6     7     x                       1     5     6     5     x
 |           |           :                       |           |           :
 |           |           :                       |           |           :
 0 --- 1 --- 2 --- 3 --- x                       0 --- 1 --- 2 --- 1 --- x
orbital number : 1
********************************************************************************************************************
Read input file "obs_params.in"
	Observable Type : Nq(All),   Sq(All),   N(All-Orbital),   Delta[s](All),   Delta[d](All),   Delta[s+](All)
** WARNING ** the input observables have non-local factors which have been reinterpreted. The total observable number is 96
********************************************************************************************************************


********************************************************************************************************************
Start calculating the non-Gaussian ED ground state
Maximal iteration number is 1000; energy resolution is 1e-06. Phonon state relaxation time is 2000
W = 0.2 is relatively large. The non-Gaussian ED calculation starts directly.
open output files: NGSED_iteration_observables.txt
********************************************************************************************************************
Start the 0 rounds of NGS-ED iteration
	effective electronic model is modified as: kinetic energy t = 1, t' = -0.3
	                                           effective interaction Vq = [0,0,0,0,0,0,0,0,0,0,0,0,0,0,0,0]
	first Hamiltonian is constructed, size = 4008592 and non-zero numbers = 969952250
	PARPACK diagonalization completed after 135 matrix-vector product operations.
	iteration results: : total energy is -15.091341 | electron energy -15.091341 + phonon energy 0.000000 | electron momentum kIdx = 0
	Nq(0) = 9,	Nq(1) = 0.182775,	Nq(2) = 0.248843,	Nq(3) = 0.182775,	Nq(4) = 0.182775,	Nq(5) = 0.263236,	
	Nq(6) = 0.307436,	Nq(7) = 0.263236,	Nq(8) = 0.248843,	Nq(9) = 0.307436,	Nq(10) = 0.356784,	
	Nq(11) = 0.307436,	Nq(12) = 0.182775,	Nq(13) = 0.263236,	Nq(14) = 0.307436,	Nq(15) = 0.263236;	
	Sq(0) = 2.57275e-18,	Sq(1) = 0.523525,	Sq(2) = 0.451304,	Sq(3) = 0.523525,	Sq(4) = 0.523525,	
	Sq(5) = 0.707557,	Sq(6) = 1.00669,	Sq(7) = 0.707557,	Sq(8) = 0.451304,	Sq(9) = 1.00669,	
	Sq(10) = 1.27807,	Sq(11) = 1.00669,	Sq(12) = 0.523525,	Sq(13) = 0.707557,	Sq(14) = 1.00669,	
	Sq(15) = 0.707557;	N(0) = 1.72657,	N(1) = 1.59708,	N(2) = 1.0703,	N(3) = 1.59708,	
	N(4) = 1.59708,	N(5) = 0.264255,	N(6) = 0.153085,	N(7) = 0.264255,	N(8) = 1.0703,	
	N(9) = 0.153085,	N(10) = 0.0751403,	N(11) = 0.153085,	N(12) = 1.59708,	N(13) = 0.264255,	
	N(14) = 0.153085,	N(15) = 0.264255;	Delta[s](0) = 0.0598283,	Delta[s](1) = 0.0404997,	Delta[s](2) = 0.0326353,	
	Delta[s](3) = 0.0404997,	Delta[s](4) = 0.0404997,	Delta[s](5) = 0.0231463,	Delta[s](6) = 0.0128678,	Delta[s](7) = 0.0231463,	
	Delta[s](8) = 0.0326353,	Delta[s](9) = 0.0128678,	Delta[s](10) = 0.00297422,	Delta[s](11) = 0.0128678,	Delta[s](12) = 0.0404997,	
	Delta[s](13) = 0.0231463,	Delta[s](14) = 0.0128678,	Delta[s](15) = 0.0231463;	Delta[d](0) = 0.51838,	Delta[d](1) = 0.256752,	
	Delta[d](2) = 0.262398,	Delta[d](3) = 0.256752,	Delta[d](4) = 0.256752,	Delta[d](5) = 0.142767,	Delta[d](6) = 0.158516,	
	Delta[d](7) = 0.142767,	Delta[d](8) = 0.262398,	Delta[d](9) = 0.158516,	Delta[d](10) = 0.111574,	Delta[d](11) = 0.158516,	
	Delta[d](12) = 0.256752,	Delta[d](13) = 0.142767,	Delta[d](14) = 0.158516,	Delta[d](15) = 0.142767;	Delta[s+](0) = 0.509941,	
	Delta[s+](1) = 0.351409,	Delta[s+](2) = 0.262398,	Delta[s+](3) = 0.351409,	Delta[s+](4) = 0.351409,	Delta[s+](5) = 0.155575,	
	Delta[s+](6) = 0.0669553,	Delta[s+](7) = 0.155575,	Delta[s+](8) = 0.262398,	Delta[s+](9) = 0.0669553,	Delta[s+](10) = 0.0142681,	
	Delta[s+](11) = 0.0669553,	Delta[s+](12) = 0.351409,	Delta[s+](13) = 0.155575,	Delta[s+](14) = 0.0669553,	Delta[s+](15) = 0.155575
	
The 0-th iteration is completed.	|| time cost : 0h 2m 2.31s
********************************************************************************************************************
Start the 1 rounds of NGS-ED iteration
	effective electronic model is modified as: kinetic energy t = 0.980435, t' = -0.289949
	                                           effective interaction Vq = [     -6.6125,     -0.6818,   -0.142994,     -0.6818,     -0.6818,    -0.15762,  -0.0222065,    -0.15762,   -0.142994,  -0.0222065,-0.000765659,  -0.0222065,     -0.6818,    -0.15762,  -0.0222065,    -0.15762]
	PARPACK diagonalization completed after 60 matrix-vector product operations.
	iteration results: : total energy is -74.940478 | electron energy -75.016288 + phonon energy 0.075810 | electron momentum kIdx = 0
The 1-th iteration is completed.	|| time cost : 0h 1m 21.397s
********************************************************************************************************************
Start the 2 rounds of NGS-ED iteration
	effective electronic model is modified as: kinetic energy t = 0.977167, t' = -0.288019
	                                           effective interaction Vq = [     -6.6125,   -0.811489,   -0.140178,   -0.811489,   -0.811489,   -0.158389,   -0.021857,   -0.158389,   -0.140178,   -0.021857,-0.000753441,   -0.021857,   -0.811489,   -0.158389,   -0.021857,   -0.158389]
	PARPACK diagonalization completed after 60 matrix-vector product operations.
	iteration results: : total energy is -74.944855 | electron energy -75.056257 + phonon energy 0.111402 | electron momentum kIdx = 0
The 2-th iteration is completed.	|| time cost : 0h 0m 13.386s
********************************************************************************************************************
Start the 3 rounds of NGS-ED iteration
	effective electronic model is modified as: kinetic energy t = 0.976279, t' = -0.28749
	                                           effective interaction Vq = [     -6.6125,   -0.847088,     -0.1393,   -0.847088,   -0.847088,    -0.15805,  -0.0218118,    -0.15805,     -0.1393,  -0.0218118,-0.000751949,  -0.0218118,   -0.847088,    -0.15805,  -0.0218118,    -0.15805]
	PARPACK diagonalization completed after 45 matrix-vector product operations.
	iteration results: : total energy is -74.945163 | electron energy -75.067136 + phonon energy 0.121973 | electron momentum kIdx = 0
The 3-th iteration is completed.	|| time cost : 0h 0m 11.443s
********************************************************************************************************************
Start the 4 rounds of NGS-ED iteration
	effective electronic model is modified as: kinetic energy t = 0.976017, t' = -0.287335
	                                           effective interaction Vq = [     -6.6125,   -0.857521,   -0.139062,   -0.857521,   -0.857521,   -0.157948,     -0.0218,   -0.157948,   -0.139062,     -0.0218,-0.000751551,     -0.0218,   -0.857521,   -0.157948,     -0.0218,   -0.157948]
	PARPACK diagonalization completed after 45 matrix-vector product operations.
	iteration results: : total energy is -74.945189 | electron energy -75.070335 + phonon energy 0.125146 | electron momentum kIdx = 0
The 4-th iteration is completed.	|| time cost : 0h 0m 11.451s
********************************************************************************************************************
Start the 5 rounds of NGS-ED iteration
	effective electronic model is modified as: kinetic energy t = 0.975939, t' = -0.287288
	                                           effective interaction Vq = [     -6.6125,   -0.860633,   -0.138993,   -0.860633,   -0.860633,   -0.157918,  -0.0217966,   -0.157918,   -0.138993,  -0.0217966,-0.000751434,  -0.0217966,   -0.860633,   -0.157918,  -0.0217966,   -0.157918]
	PARPACK diagonalization completed after 45 matrix-vector product operations.
	iteration results: : total energy is -74.945191 | electron energy -75.071290 + phonon energy 0.126099 | electron momentum kIdx = 0
The 5-th iteration is completed.	|| time cost : 0h 0m 11.44s
********************************************************************************************************************
Start the 6 rounds of NGS-ED iteration
	effective electronic model is modified as: kinetic energy t = 0.975916, t' = -0.287274
	                                           effective interaction Vq = [     -6.6125,   -0.861565,   -0.138972,   -0.861565,   -0.861565,   -0.157909,  -0.0217955,   -0.157909,   -0.138972,  -0.0217955,-0.000751399,  -0.0217955,   -0.861565,   -0.157909,  -0.0217955,   -0.157909]
	PARPACK diagonalization completed after 45 matrix-vector product operations.
	iteration results: : total energy is -74.945192 | electron energy -75.071577 + phonon energy 0.126385 | electron momentum kIdx = 0
The 6-th iteration is completed.	|| time cost : 0h 0m 11.379s
********************************************************************************************************************
Start the 7 rounds of NGS-ED iteration
	effective electronic model is modified as: kinetic energy t = 0.975909, t' = -0.28727
	                                           effective interaction Vq = [     -6.6125,   -0.861845,   -0.138966,   -0.861845,   -0.861845,   -0.157906,  -0.0217952,   -0.157906,   -0.138966,  -0.0217952,-0.000751388,  -0.0217952,   -0.861845,   -0.157906,  -0.0217952,   -0.157906]
	PARPACK diagonalization completed after 30 matrix-vector product operations.
	iteration results: : total energy is -74.945192 | electron energy -75.071663 + phonon energy 0.126471 | electron momentum kIdx = 0
The 7-th iteration is completed.	|| time cost : 0h 0m 9.528s
********************************************************************************************************************
Start the 8 rounds of NGS-ED iteration
	effective electronic model is modified as: kinetic energy t = 0.975906, t' = -0.287269
	                                           effective interaction Vq = [     -6.6125,   -0.861929,   -0.138964,   -0.861929,   -0.861929,   -0.157905,  -0.0217951,   -0.157905,   -0.138964,  -0.0217951,-0.000751385,  -0.0217951,   -0.861929,   -0.157905,  -0.0217951,   -0.157905]
	PARPACK diagonalization completed after 30 matrix-vector product operations.
	iteration results: : total energy is -74.945192 | electron energy -75.071689 + phonon energy 0.126497 | electron momentum kIdx = 0
The 8-th iteration is completed.	|| time cost : 0h 0m 9.552s
********************************************************************************************************************
Start the 9 rounds of NGS-ED iteration
	effective electronic model is modified as: kinetic energy t = 0.975906, t' = -0.287268
	                                           effective interaction Vq = [     -6.6125,   -0.861954,   -0.138964,   -0.861954,   -0.861954,   -0.157905,  -0.0217951,   -0.157905,   -0.138964,  -0.0217951,-0.000751384,  -0.0217951,   -0.861954,   -0.157905,  -0.0217951,   -0.157905]
	PARPACK diagonalization completed after 30 matrix-vector product operations.
	iteration results: : total energy is -74.945192 | electron energy -75.071696 + phonon energy 0.126505 | electron momentum kIdx = 0
The 9-th iteration is completed.	|| time cost : 0h 0m 9.514s
********************************************************************************************************************
Start the 10 rounds of NGS-ED iteration
	effective electronic model is modified as: kinetic energy t = 0.975906, t' = -0.287268
	                                           effective interaction Vq = [     -6.6125,   -0.861962,   -0.138964,   -0.861962,   -0.861962,   -0.157905,  -0.0217951,   -0.157905,   -0.138964,  -0.0217951,-0.000751384,  -0.0217951,   -0.861962,   -0.157905,  -0.0217951,   -0.157905]
	PARPACK diagonalization completed after 30 matrix-vector product operations.
	iteration results: : total energy is -74.945192 | electron energy -75.071699 + phonon energy 0.126507 | electron momentum kIdx = 0
The 10-th iteration is completed.	|| time cost : 0h 0m 9.531s
********************************************************************************************************************
Start the 11 rounds of NGS-ED iteration
	effective electronic model is modified as: kinetic energy t = 0.975906, t' = -0.287268
	                                           effective interaction Vq = [     -6.6125,   -0.861964,   -0.138964,   -0.861964,   -0.861964,   -0.157905,  -0.0217951,   -0.157905,   -0.138964,  -0.0217951,-0.000751384,  -0.0217951,   -0.861964,   -0.157905,  -0.0217951,   -0.157905]
	PARPACK diagonalization completed after 30 matrix-vector product operations.
	iteration results: : total energy is -74.945192 | electron energy -75.071699 + phonon energy 0.126508 | electron momentum kIdx = 0
The 11-th iteration is completed.	|| time cost : 0h 0m 9.53s
********************************************************************************************************************
Start the 12 rounds of NGS-ED iteration
	effective electronic model is modified as: kinetic energy t = 0.975906, t' = -0.287268
	                                           effective interaction Vq = [     -6.6125,   -0.861965,   -0.138964,   -0.861965,   -0.861965,   -0.157905,  -0.0217951,   -0.157905,   -0.138964,  -0.0217951,-0.000751384,  -0.0217951,   -0.861965,   -0.157905,  -0.0217951,   -0.157905]
	PARPACK diagonalization completed after 30 matrix-vector product operations.
	iteration results: : total energy is -74.945192 | electron energy -75.071700 + phonon energy 0.126508 | electron momentum kIdx = 0
The 12-th iteration is completed.	|| time cost : 0h 0m 9.552s
********************************************************************************************************************
Start the 13 rounds of NGS-ED iteration
	effective electronic model is modified as: kinetic energy t = 0.975906, t' = -0.287268
	                                           effective interaction Vq = [     -6.6125,   -0.861965,   -0.138964,   -0.861965,   -0.861965,   -0.157905,  -0.0217951,   -0.157905,   -0.138964,  -0.0217951,-0.000751384,  -0.0217951,   -0.861965,   -0.157905,  -0.0217951,   -0.157905]
	PARPACK diagonalization completed after 30 matrix-vector product operations.
	iteration results: : total energy is -74.945192 | electron energy -75.071700 + phonon energy 0.126508 | electron momentum kIdx = 0
	Nq(0) = 9,	Nq(1) = 0.202299,	Nq(2) = 0.24378,	Nq(3) = 0.202299,	Nq(4) = 0.202299,	Nq(5) = 0.264794,	
	Nq(6) = 0.303721,	Nq(7) = 0.264794,	Nq(8) = 0.24378,	Nq(9) = 0.303721,	Nq(10) = 0.35296,	
	Nq(11) = 0.303721,	Nq(12) = 0.202299,	Nq(13) = 0.264794,	Nq(14) = 0.303721,	Nq(15) = 0.264794;	
	Sq(0) = 3.4382e-19,	Sq(1) = 0.521772,	Sq(2) = 0.455075,	Sq(3) = 0.521772,	Sq(4) = 0.521772,	
	Sq(5) = 0.690101,	Sq(6) = 0.9974,	Sq(7) = 0.690101,	Sq(8) = 0.455075,	Sq(9) = 0.9974,	
	Sq(10) = 1.32898,	Sq(11) = 0.9974,	Sq(12) = 0.521772,	Sq(13) = 0.690101,	Sq(14) = 0.9974,	
	Sq(15) = 0.690101;	N(0) = 1.73654,	N(1) = 1.62486,	N(2) = 1.05328,	N(3) = 1.62486,	
	N(4) = 1.62486,	N(5) = 0.241892,	N(6) = 0.152463,	N(7) = 0.241892,	N(8) = 1.05328,	
	N(9) = 0.152463,	N(10) = 0.0800194,	N(11) = 0.152463,	N(12) = 1.62486,	N(13) = 0.241892,	
	N(14) = 0.152463,	N(15) = 0.241892;	Delta[s](0) = 0.0629801,	Delta[s](1) = 0.0429377,	Delta[s](2) = 0.0347726,	
	Delta[s](3) = 0.0429377,	Delta[s](4) = 0.0429377,	Delta[s](5) = 0.0250523,	Delta[s](6) = 0.0135649,	Delta[s](7) = 0.0250523,	
	Delta[s](8) = 0.0347726,	Delta[s](9) = 0.0135649,	Delta[s](10) = 0.00314279,	Delta[s](11) = 0.0135649,	Delta[s](12) = 0.0429377,	
	Delta[s](13) = 0.0250523,	Delta[s](14) = 0.0135649,	Delta[s](15) = 0.0250523;	Delta[d](0) = 0.525116,	Delta[d](1) = 0.258509,	
	Delta[d](2) = 0.2651,	Delta[d](3) = 0.258509,	Delta[d](4) = 0.258509,	Delta[d](5) = 0.143841,	Delta[d](6) = 0.157239,	
	Delta[d](7) = 0.143841,	Delta[d](8) = 0.2651,	Delta[d](9) = 0.157239,	Delta[d](10) = 0.103881,	Delta[d](11) = 0.157239,	
	Delta[d](12) = 0.258509,	Delta[d](13) = 0.143841,	Delta[d](14) = 0.157239,	Delta[d](15) = 0.143841;	Delta[s+](0) = 0.519965,	
	Delta[s+](1) = 0.357456,	Delta[s+](2) = 0.2651,	Delta[s+](3) = 0.357456,	Delta[s+](4) = 0.357456,	Delta[s+](5) = 0.157768,	
	Delta[s+](6) = 0.0670753,	Delta[s+](7) = 0.157768,	Delta[s+](8) = 0.2651,	Delta[s+](9) = 0.0670753,	Delta[s+](10) = 0.0151562,	
	Delta[s+](11) = 0.0670753,	Delta[s+](12) = 0.357456,	Delta[s+](13) = 0.157768,	Delta[s+](14) = 0.0670753,	Delta[s+](15) = 0.157768
	
The 13-th iteration is completed.	|| time cost : 0h 1m 19.286s
********************************************************************************************************************
********************************************************************************************************************
Ground state is obtained after 14 iterations. The current ground-state energy is -74.9452, in which electron energy is -75.0717 and phonon energy is 0.126508
Final variational state is: 
	Gamma_x = [      1,2.10105,1.17887,2.10105,2.10105,1.22376,1.03303,1.22376,1.17887,1.03303,1.00131,1.03303,2.10105,1.22376,1.03303,1.22376]
	lambda_q = [       5.75,    0.54154,   0.129374,    0.54154,    0.54154,   0.147506,   0.044378,   0.147506,   0.129374,   0.044378,-0.00763028,   0.044378,    0.54154,   0.147506,   0.044378,   0.147506]
Effective e-e interactions mediated by phonons are:
	momentum-space Vq = [     -6.6125,   -0.861965,   -0.138964,   -0.861965,   -0.861965,   -0.157905,  -0.0217951,   -0.157905,   -0.138964,  -0.0217951,-0.000751384,  -0.0217951,   -0.861965,   -0.157905,  -0.0217951,   -0.157905]
	real-space Vr = [-0.691115,-0.518256,-0.391222,-0.518256,-0.518256,-0.395958,-0.308213,-0.395958,-0.391222,-0.308213,-0.249235,-0.308213,-0.518256,-0.395958,-0.308213,-0.395958]
********************************************************************************************************************
o___o  ----------------------------------------
| L |	Time since last clock: 0h 0m 0.005s
A===A	Time since the beginning: 0h 6m 39.311s
***********************************************


Non-Gaussina ED ground state calculation is completed. The final ground-state energy is -74.9452
********************************************************************************************************************
o___o  ----------------------------------------
| L |	Time since last clock: 0h 0m 0.007s
A===A	Time since the beginning: 0h 6m 39.318s
***********************************************



********************************************************************************************************************
All non-Gaussian ED ground state calculations have been completed. Exit now.
