SNEDics v3.22.2 Non-Gaussian ED ground state program		Start at Tue Jun 28 02:07:59 2022

Parallelization: 32 MPI threads  * 8 OpenMP threads = 256 total threads.
********************************************************************************************************************
********************************************************************************************************************

********************************************************************************************************************
System parameters and configurations
	special program options are enabled: splitted diagonal Hamiltonian | splitted Hamiltonian terms
********************************************************************************************************************
Read input file "model_params.in"
	Hubbard-Holstein model parameters : 	t = 1    t' = -0.3    U = 8    g = 0.95    W = 0.2    
********************************************************************************************************************
Read input file "hilbertspace_params.in"
	Requested 16-site 2D lattice, with 12 electrons (6, 6)
	Boundary : Periodic		Hilbert space representation : momentum-space (restricted to kIdx = 10)
	Conservation: particle number[U(1)]      spin[U(1)]     momentum
********************************************************************************************************************

Cluster Positions:				Cluster symmetry group : D4
 x ... x ... x ... x .....                       x ... x ... x ... x .....
 |           |           :                       |           |           :
 |           |           :                       |           |           :
12    13    14    15     x                       1     5     6     5     x
 |           |           :                       |           |           :
 |           |           :                       |           |           :
 8 --- 9 ---10 ---11 --- x                       2 --- 6 ---10 --- 6 --- x
 |           |           :                       |           |           :
 |           |           :                       |           |           :
 4     5     6     7     x                       1     5     6     5     x
 |           |           :                       |           |           :
 |           |           :                       |           |           :
 0 --- 1 --- 2 --- 3 --- x                       0 --- 1 --- 2 --- 1 --- x
orbital number : 1
********************************************************************************************************************
Read input file "obs_params.in"
	Observable Type : Nq(All),   Sq(All),   N(All-Orbital),   Delta[s](All),   Delta[d](All),   Delta[s+](All)
** WARNING ** the input observables have non-local factors which have been reinterpreted. The total observable number is 96
********************************************************************************************************************


********************************************************************************************************************
Start calculating the non-Gaussian ED ground state
Maximal iteration number is 1000; energy resolution is 1e-06. Phonon state relaxation time is 2000
W = 0.2 is relatively large. The non-Gaussian ED calculation starts directly.
open output files: NGSED_iteration_observables.txt
********************************************************************************************************************
Start the 0 rounds of NGS-ED iteration
	effective electronic model is modified as: kinetic energy t = 1, t' = -0.3
	                                           effective interaction Vq = [0,0,0,0,0,0,0,0,0,0,0,0,0,0,0,0]
	first Hamiltonian is constructed, size = 4008592 and non-zero numbers = 969952276
	PARPACK diagonalization completed after 120 matrix-vector product operations.
	iteration results: : total energy is -14.904199 | electron energy -14.904199 + phonon energy 0.000000 | electron momentum kIdx = 10
	Nq(0) = 9,	Nq(1) = 0.183693,	Nq(2) = 0.250775,	Nq(3) = 0.183693,	Nq(4) = 0.183693,	Nq(5) = 0.258947,	
	Nq(6) = 0.308855,	Nq(7) = 0.258947,	Nq(8) = 0.250775,	Nq(9) = 0.308855,	Nq(10) = 0.355902,	
	Nq(11) = 0.308855,	Nq(12) = 0.183693,	Nq(13) = 0.258947,	Nq(14) = 0.308855,	Nq(15) = 0.258947;	
	Sq(0) = 3.45099e-18,	Sq(1) = 0.504384,	Sq(2) = 0.469115,	Sq(3) = 0.504384,	Sq(4) = 0.504384,	
	Sq(5) = 0.735911,	Sq(6) = 0.943053,	Sq(7) = 0.735911,	Sq(8) = 0.469115,	Sq(9) = 0.943053,	
	Sq(10) = 1.46495,	Sq(11) = 0.943053,	Sq(12) = 0.504384,	Sq(13) = 0.735911,	Sq(14) = 0.943053,	
	Sq(15) = 0.735911;	N(0) = 1.70338,	N(1) = 1.58882,	N(2) = 1.04187,	N(3) = 1.58882,	
	N(4) = 1.58882,	N(5) = 0.289608,	N(6) = 0.157281,	N(7) = 0.289608,	N(8) = 1.04187,	
	N(9) = 0.157281,	N(10) = 0.0700575,	N(11) = 0.157281,	N(12) = 1.58882,	N(13) = 0.289608,	
	N(14) = 0.157281,	N(15) = 0.289608;	Delta[s](0) = 0.0483749,	Delta[s](1) = 0.0363304,	Delta[s](2) = 0.0302681,	
	Delta[s](3) = 0.0363304,	Delta[s](4) = 0.0363304,	Delta[s](5) = 0.024242,	Delta[s](6) = 0.0174994,	Delta[s](7) = 0.024242,	
	Delta[s](8) = 0.0302681,	Delta[s](9) = 0.0174994,	Delta[s](10) = 0.0105192,	Delta[s](11) = 0.0174994,	Delta[s](12) = 0.0363304,	
	Delta[s](13) = 0.024242,	Delta[s](14) = 0.0174994,	Delta[s](15) = 0.024242;	Delta[d](0) = 0.258536,	Delta[d](1) = 0.212444,	
	Delta[d](2) = 0.249966,	Delta[d](3) = 0.212444,	Delta[d](4) = 0.212444,	Delta[d](5) = 0.152758,	Delta[d](6) = 0.196097,	
	Delta[d](7) = 0.152758,	Delta[d](8) = 0.249966,	Delta[d](9) = 0.196097,	Delta[d](10) = 0.301583,	Delta[d](11) = 0.196097,	
	Delta[d](12) = 0.212444,	Delta[d](13) = 0.152758,	Delta[d](14) = 0.196097,	Delta[d](15) = 0.152758;	Delta[s+](0) = 0.465508,	
	Delta[s+](1) = 0.328428,	Delta[s+](2) = 0.249966,	Delta[s+](3) = 0.328428,	Delta[s+](4) = 0.328428,	Delta[s+](5) = 0.160141,	
	Delta[s+](6) = 0.0820246,	Delta[s+](7) = 0.160141,	Delta[s+](8) = 0.249966,	Delta[s+](9) = 0.0820246,	Delta[s+](10) = 0.0337617,	
	Delta[s+](11) = 0.0820246,	Delta[s+](12) = 0.328428,	Delta[s+](13) = 0.160141,	Delta[s+](14) = 0.0820246,	Delta[s+](15) = 0.160141
	
The 0-th iteration is completed.	|| time cost : 0h 2m 2.257s
********************************************************************************************************************
Start the 1 rounds of NGS-ED iteration
	effective electronic model is modified as: kinetic energy t = 0.891078, t' = -0.262489
	                                           effective interaction Vq = [  -4.5125, -1.25885,-0.961228, -1.25885, -1.25885, -1.11911,-0.944477, -1.11911,-0.961228,-0.944477,-0.909951,-0.944477, -1.25885, -1.11911,-0.944477, -1.11911]
	PARPACK diagonalization completed after 45 matrix-vector product operations.
	iteration results: : total energy is -56.744166 | electron energy -57.662626 + phonon energy 0.918460 | electron momentum kIdx = 10
The 1-th iteration is completed.	|| time cost : 0h 1m 18.113s
********************************************************************************************************************
Start the 2 rounds of NGS-ED iteration
	effective electronic model is modified as: kinetic energy t = 0.86166, t' = -0.252359
	                                           effective interaction Vq = [ -4.5125,-1.65564,-1.02685,-1.65564,-1.65564,-1.46421,-1.15024,-1.46421,-1.02685,-1.15024,-1.13129,-1.15024,-1.65564,-1.46421,-1.15024,-1.46421]
	PARPACK diagonalization completed after 45 matrix-vector product operations.
	iteration results: : total energy is -56.787743 | electron energy -58.210072 + phonon energy 1.422329 | electron momentum kIdx = 10
The 2-th iteration is completed.	|| time cost : 0h 0m 11.575s
********************************************************************************************************************
Start the 3 rounds of NGS-ED iteration
	effective electronic model is modified as: kinetic energy t = 0.847466, t' = -0.247377
	                                           effective interaction Vq = [  -4.5125, -1.88646,-0.980196, -1.88646, -1.88646, -1.66055, -1.22274, -1.66055,-0.980196, -1.22274, -1.21998, -1.22274, -1.88646, -1.66055, -1.22274, -1.66055]
	PARPACK diagonalization completed after 45 matrix-vector product operations.
	iteration results: : total energy is -56.802809 | electron energy -58.474634 + phonon energy 1.671825 | electron momentum kIdx = 10
The 3-th iteration is completed.	|| time cost : 0h 0m 11.592s
********************************************************************************************************************
Start the 4 rounds of NGS-ED iteration
	effective electronic model is modified as: kinetic energy t = 0.838671, t' = -0.24409
	                                           effective interaction Vq = [  -4.5125, -2.05132,-0.929913, -2.05132, -2.05132, -1.79717, -1.24704, -1.79717,-0.929913, -1.24704, -1.25814, -1.24704, -2.05132, -1.79717, -1.24704, -1.79717]
	PARPACK diagonalization completed after 45 matrix-vector product operations.
	iteration results: : total energy is -56.811035 | electron energy -58.638955 + phonon energy 1.827920 | electron momentum kIdx = 10
The 4-th iteration is completed.	|| time cost : 0h 0m 11.567s
********************************************************************************************************************
Start the 5 rounds of NGS-ED iteration
	effective electronic model is modified as: kinetic energy t = 0.832445, t' = -0.241564
	                                           effective interaction Vq = [ -4.5125, -2.1808,-0.89448, -2.1808, -2.1808, -1.9012,-1.24889, -1.9012,-0.89448,-1.24889,-1.27084,-1.24889, -2.1808, -1.9012,-1.24889, -1.9012]
	PARPACK diagonalization completed after 45 matrix-vector product operations.
	iteration results: : total energy is -56.816374 | electron energy -58.755067 + phonon energy 1.938693 | electron momentum kIdx = 10
The 5-th iteration is completed.	|| time cost : 0h 0m 11.614s
********************************************************************************************************************
Start the 6 rounds of NGS-ED iteration
	effective electronic model is modified as: kinetic energy t = 0.827715, t' = -0.239484
	                                           effective interaction Vq = [  -4.5125, -2.28808,-0.871756, -2.28808, -2.28808, -1.98425, -1.23927, -1.98425,-0.871756, -1.23927, -1.26872, -1.23927, -2.28808, -1.98425, -1.23927, -1.98425]
	PARPACK diagonalization completed after 45 matrix-vector product operations.
	iteration results: : total energy is -56.820229 | electron energy -58.843100 + phonon energy 2.022871 | electron momentum kIdx = 10
The 6-th iteration is completed.	|| time cost : 0h 0m 11.61s
********************************************************************************************************************
Start the 7 rounds of NGS-ED iteration
	effective electronic model is modified as: kinetic energy t = 0.823945, t' = -0.237704
	                                           effective interaction Vq = [  -4.5125, -2.38027,-0.857098, -2.38027, -2.38027, -2.05257, -1.22397, -2.05257,-0.857098, -1.22397, -1.25753, -1.22397, -2.38027, -2.05257, -1.22397, -2.05257]
	PARPACK diagonalization completed after 45 matrix-vector product operations.
	iteration results: : total energy is -56.823218 | electron energy -58.913113 + phonon energy 2.089895 | electron momentum kIdx = 10
The 7-th iteration is completed.	|| time cost : 0h 0m 11.611s
********************************************************************************************************************
Start the 8 rounds of NGS-ED iteration
	effective electronic model is modified as: kinetic energy t = 0.820815, t' = -0.236137
	                                           effective interaction Vq = [  -4.5125, -2.46171,-0.847174, -2.46171, -2.46171, -2.10998, -1.20642, -2.10998,-0.847174, -1.20642, -1.24085, -1.20642, -2.46171, -2.10998, -1.20642, -2.10998]
	PARPACK diagonalization completed after 45 matrix-vector product operations.
	iteration results: : total energy is -56.825646 | electron energy -58.971081 + phonon energy 2.145435 | electron momentum kIdx = 10
The 8-th iteration is completed.	|| time cost : 0h 0m 11.564s
********************************************************************************************************************
Start the 9 rounds of NGS-ED iteration
	effective electronic model is modified as: kinetic energy t = 0.818119, t' = -0.234728
	                                           effective interaction Vq = [  -4.5125, -2.53522,-0.840025, -2.53522, -2.53522, -2.15898,  -1.1886, -2.15898,-0.840025,  -1.1886, -1.22105,  -1.1886, -2.53522, -2.15898,  -1.1886, -2.15898]
	PARPACK diagonalization completed after 45 matrix-vector product operations.
	iteration results: : total energy is -56.827682 | electron energy -59.020821 + phonon energy 2.193139 | electron momentum kIdx = 10
The 9-th iteration is completed.	|| time cost : 0h 0m 11.519s
********************************************************************************************************************
Start the 10 rounds of NGS-ED iteration
	effective electronic model is modified as: kinetic energy t = 0.815725, t' = -0.233438
	                                           effective interaction Vq = [  -4.5125, -2.60272,-0.834552, -2.60272, -2.60272, -2.20129, -1.17159, -2.20129,-0.834552, -1.17159, -1.19974, -1.17159, -2.60272, -2.20129, -1.17159, -2.20129]
	PARPACK diagonalization completed after 45 matrix-vector product operations.
	iteration results: : total energy is -56.829429 | electron energy -59.064809 + phonon energy 2.235380 | electron momentum kIdx = 10
The 10-th iteration is completed.	|| time cost : 0h 0m 11.603s
********************************************************************************************************************
Start the 11 rounds of NGS-ED iteration
	effective electronic model is modified as: kinetic energy t = 0.813547, t' = -0.23224
	                                           effective interaction Vq = [  -4.5125, -2.66552,-0.830137, -2.66552, -2.66552, -2.23811,  -1.1559, -2.23811,-0.830137,  -1.1559,   -1.178,  -1.1559, -2.66552, -2.23811,  -1.1559, -2.23811]
	PARPACK diagonalization completed after 45 matrix-vector product operations.
	iteration results: : total energy is -56.830958 | electron energy -59.104647 + phonon energy 2.273689 | electron momentum kIdx = 10
The 11-th iteration is completed.	|| time cost : 0h 0m 11.571s
********************************************************************************************************************
Start the 12 rounds of NGS-ED iteration
	effective electronic model is modified as: kinetic energy t = 0.811529, t' = -0.231116
	                                           effective interaction Vq = [  -4.5125, -2.72453,-0.826423, -2.72453, -2.72453, -2.27034, -1.14169, -2.27034,-0.826423, -1.14169, -1.15653, -1.14169, -2.72453, -2.27034, -1.14169, -2.27034]
	PARPACK diagonalization completed after 45 matrix-vector product operations.
	iteration results: : total energy is -56.832318 | electron energy -59.141367 + phonon energy 2.309049 | electron momentum kIdx = 10
The 12-th iteration is completed.	|| time cost : 0h 0m 11.577s
********************************************************************************************************************
Start the 13 rounds of NGS-ED iteration
	effective electronic model is modified as: kinetic energy t = 0.809638, t' = -0.230053
	                                           effective interaction Vq = [  -4.5125, -2.78042,-0.823196, -2.78042, -2.78042, -2.29863, -1.12891, -2.29863,-0.823196, -1.12891,  -1.1358, -1.12891, -2.78042, -2.29863, -1.12891, -2.29863]
	PARPACK diagonalization completed after 45 matrix-vector product operations.
	iteration results: : total energy is -56.833545 | electron energy -59.175639 + phonon energy 2.342094 | electron momentum kIdx = 10
The 13-th iteration is completed.	|| time cost : 0h 0m 11.568s
********************************************************************************************************************
Start the 14 rounds of NGS-ED iteration
	effective electronic model is modified as: kinetic energy t = 0.807849, t' = -0.229042
	                                           effective interaction Vq = [  -4.5125, -2.83368,-0.820325, -2.83368, -2.83368, -2.32352, -1.11742, -2.32352,-0.820325, -1.11742, -1.11608, -1.11742, -2.83368, -2.32352, -1.11742, -2.32352]
	PARPACK diagonalization completed after 45 matrix-vector product operations.
	iteration results: : total energy is -56.834670 | electron energy -59.207905 + phonon energy 2.373236 | electron momentum kIdx = 10
The 14-th iteration is completed.	|| time cost : 0h 0m 11.567s
********************************************************************************************************************
Start the 15 rounds of NGS-ED iteration
	effective electronic model is modified as: kinetic energy t = 0.806146, t' = -0.228075
	                                           effective interaction Vq = [  -4.5125, -2.88469,-0.817727, -2.88469, -2.88469, -2.34546, -1.10703, -2.34546,-0.817727, -1.10703, -1.09751, -1.10703, -2.88469, -2.34546, -1.10703, -2.34546]
	PARPACK diagonalization completed after 45 matrix-vector product operations.
	iteration results: : total energy is -56.835712 | electron energy -59.238467 + phonon energy 2.402755 | electron momentum kIdx = 10
The 15-th iteration is completed.	|| time cost : 0h 0m 11.602s
********************************************************************************************************************
Start the 16 rounds of NGS-ED iteration
	effective electronic model is modified as: kinetic energy t = 0.80452, t' = -0.227148
	                                           effective interaction Vq = [  -4.5125, -2.93373,-0.815346, -2.93373, -2.93373, -2.36478, -1.09756, -2.36478,-0.815346, -1.09756, -1.08012, -1.09756, -2.93373, -2.36478, -1.09756, -2.36478]
	PARPACK diagonalization completed after 45 matrix-vector product operations.
	iteration results: : total energy is -56.836690 | electron energy -59.267540 + phonon energy 2.430850 | electron momentum kIdx = 10
The 16-th iteration is completed.	|| time cost : 0h 0m 11.553s
********************************************************************************************************************
Start the 17 rounds of NGS-ED iteration
	effective electronic model is modified as: kinetic energy t = 0.802962, t' = -0.226255
	                                           effective interaction Vq = [  -4.5125, -2.98101,-0.813144, -2.98101, -2.98101, -2.38181, -1.08886, -2.38181,-0.813144, -1.08886,  -1.0639, -1.08886, -2.98101, -2.38181, -1.08886, -2.38181]
	PARPACK diagonalization completed after 45 matrix-vector product operations.
	iteration results: : total energy is -56.837616 | electron energy -59.295282 + phonon energy 2.457667 | electron momentum kIdx = 10
The 17-th iteration is completed.	|| time cost : 0h 0m 11.576s
********************************************************************************************************************
Start the 18 rounds of NGS-ED iteration
	effective electronic model is modified as: kinetic energy t = 0.801464, t' = -0.225393
	                                           effective interaction Vq = [  -4.5125, -3.02671,-0.811094, -3.02671, -3.02671,  -2.3968, -1.08078,  -2.3968,-0.811094, -1.08078, -1.04879, -1.08078, -3.02671,  -2.3968, -1.08078,  -2.3968]
	PARPACK diagonalization completed after 45 matrix-vector product operations.
	iteration results: : total energy is -56.838500 | electron energy -59.321822 + phonon energy 2.483321 | electron momentum kIdx = 10
The 18-th iteration is completed.	|| time cost : 0h 0m 11.6s
********************************************************************************************************************
Start the 19 rounds of NGS-ED iteration
	effective electronic model is modified as: kinetic energy t = 0.800022, t' = -0.224559
	                                           effective interaction Vq = [  -4.5125, -3.07097,-0.809178, -3.07097, -3.07097, -2.40998, -1.07321, -2.40998,-0.809178, -1.07321, -1.03471, -1.07321, -3.07097, -2.40998, -1.07321, -2.40998]
	PARPACK diagonalization completed after 45 matrix-vector product operations.
	iteration results: : total energy is -56.839352 | electron energy -59.347260 + phonon energy 2.507908 | electron momentum kIdx = 10
The 19-th iteration is completed.	|| time cost : 0h 0m 11.586s
********************************************************************************************************************
Start the 20 rounds of NGS-ED iteration
	effective electronic model is modified as: kinetic energy t = 0.798631, t' = -0.223751
	                                           effective interaction Vq = [ -4.5125,-3.11389,-0.80738,-3.11389,-3.11389,-2.42155,-1.06606,-2.42155,-0.80738,-1.06606,-1.02156,-1.06606,-3.11389,-2.42155,-1.06606,-2.42155]
	PARPACK diagonalization completed after 45 matrix-vector product operations.
	iteration results: : total energy is -56.840176 | electron energy -59.371682 + phonon energy 2.531505 | electron momentum kIdx = 10
The 20-th iteration is completed.	|| time cost : 0h 0m 11.559s
********************************************************************************************************************
Start the 21 rounds of NGS-ED iteration
	effective electronic model is modified as: kinetic energy t = 0.797287, t' = -0.222966
	                                           effective interaction Vq = [ -4.5125,-3.15554,-0.80569,-3.15554,-3.15554,-2.43168,-1.05925,-2.43168,-0.80569,-1.05925,-1.00926,-1.05925,-3.15554,-2.43168,-1.05925,-2.43168]
	PARPACK diagonalization completed after 45 matrix-vector product operations.
	iteration results: : total energy is -56.840979 | electron energy -59.395160 + phonon energy 2.554181 | electron momentum kIdx = 10
The 21-th iteration is completed.	|| time cost : 0h 0m 11.562s
********************************************************************************************************************
Start the 22 rounds of NGS-ED iteration
	effective electronic model is modified as: kinetic energy t = 0.795987, t' = -0.222202
	                                           effective interaction Vq = [  -4.5125, -3.19601,-0.804099, -3.19601, -3.19601, -2.44053, -1.05273, -2.44053,-0.804099, -1.05273,-0.997714, -1.05273, -3.19601, -2.44053, -1.05273, -2.44053]
	PARPACK diagonalization completed after 45 matrix-vector product operations.
	iteration results: : total energy is -56.841762 | electron energy -59.417753 + phonon energy 2.575992 | electron momentum kIdx = 10
The 22-th iteration is completed.	|| time cost : 0h 0m 11.564s
********************************************************************************************************************
Start the 23 rounds of NGS-ED iteration
	effective electronic model is modified as: kinetic energy t = 0.794728, t' = -0.221458
	                                           effective interaction Vq = [  -4.5125, -3.23531,  -0.8026, -3.23531, -3.23531, -2.44821, -1.04645, -2.44821,  -0.8026, -1.04645,-0.986845, -1.04645, -3.23531, -2.44821, -1.04645, -2.44821]
	PARPACK diagonalization completed after 45 matrix-vector product operations.
	iteration results: : total energy is -56.842529 | electron energy -59.439512 + phonon energy 2.596984 | electron momentum kIdx = 10
The 23-th iteration is completed.	|| time cost : 0h 0m 11.568s
********************************************************************************************************************
Start the 24 rounds of NGS-ED iteration
	effective electronic model is modified as: kinetic energy t = 0.793508, t' = -0.220733
	                                           effective interaction Vq = [  -4.5125,  -3.2735,-0.801188,  -3.2735,  -3.2735, -2.45485, -1.04038, -2.45485,-0.801188, -1.04038,-0.976588, -1.04038,  -3.2735, -2.45485, -1.04038, -2.45485]
	PARPACK diagonalization completed after 45 matrix-vector product operations.
	iteration results: : total energy is -56.843280 | electron energy -59.460476 + phonon energy 2.617195 | electron momentum kIdx = 10
The 24-th iteration is completed.	|| time cost : 0h 0m 11.578s
********************************************************************************************************************
Start the 25 rounds of NGS-ED iteration
	effective electronic model is modified as: kinetic energy t = 0.792325, t' = -0.220027
	                                           effective interaction Vq = [  -4.5125, -3.31057,-0.799859, -3.31057, -3.31057, -2.46054, -1.03449, -2.46054,-0.799859, -1.03449,-0.966883, -1.03449, -3.31057, -2.46054, -1.03449, -2.46054]
	PARPACK diagonalization completed after 45 matrix-vector product operations.
	iteration results: : total energy is -56.844017 | electron energy -59.480673 + phonon energy 2.636656 | electron momentum kIdx = 10
The 25-th iteration is completed.	|| time cost : 0h 0m 11.584s
********************************************************************************************************************
Start the 26 rounds of NGS-ED iteration
	effective electronic model is modified as: kinetic energy t = 0.791178, t' = -0.219338
	                                           effective interaction Vq = [  -4.5125, -3.34655,-0.798611, -3.34655, -3.34655, -2.46537, -1.02877, -2.46537,-0.798611, -1.02877,-0.957686, -1.02877, -3.34655, -2.46537, -1.02877, -2.46537]
	PARPACK diagonalization completed after 45 matrix-vector product operations.
	iteration results: : total energy is -56.844740 | electron energy -59.500126 + phonon energy 2.655386 | electron momentum kIdx = 10
The 26-th iteration is completed.	|| time cost : 0h 0m 11.556s
********************************************************************************************************************
Start the 27 rounds of NGS-ED iteration
	effective electronic model is modified as: kinetic energy t = 0.790066, t' = -0.218666
	                                           effective interaction Vq = [  -4.5125, -3.38142,-0.797439, -3.38142, -3.38142,  -2.4694, -1.02321,  -2.4694,-0.797439, -1.02321,-0.948956, -1.02321, -3.38142,  -2.4694, -1.02321,  -2.4694]
	PARPACK diagonalization completed after 45 matrix-vector product operations.
	iteration results: : total energy is -56.845447 | electron energy -59.518846 + phonon energy 2.673398 | electron momentum kIdx = 10
The 27-th iteration is completed.	|| time cost : 0h 0m 11.581s
********************************************************************************************************************
Start the 28 rounds of NGS-ED iteration
	effective electronic model is modified as: kinetic energy t = 0.788988, t' = -0.218013
	                                           effective interaction Vq = [  -4.5125, -3.41517,-0.796344, -3.41517, -3.41517,  -2.4727, -1.01779,  -2.4727,-0.796344, -1.01779,-0.940665, -1.01779, -3.41517,  -2.4727, -1.01779,  -2.4727]
	PARPACK diagonalization completed after 45 matrix-vector product operations.
	iteration results: : total energy is -56.846139 | electron energy -59.536837 + phonon energy 2.690698 | electron momentum kIdx = 10
The 28-th iteration is completed.	|| time cost : 0h 0m 11.563s
********************************************************************************************************************
Start the 29 rounds of NGS-ED iteration
	effective electronic model is modified as: kinetic energy t = 0.787946, t' = -0.217377
	                                           effective interaction Vq = [  -4.5125, -3.44779,-0.795322, -3.44779, -3.44779, -2.47532, -1.01252, -2.47532,-0.795322, -1.01252,-0.932787, -1.01252, -3.44779, -2.47532, -1.01252, -2.47532]
	PARPACK diagonalization completed after 45 matrix-vector product operations.
	iteration results: : total energy is -56.846812 | electron energy -59.554096 + phonon energy 2.707284 | electron momentum kIdx = 10
The 29-th iteration is completed.	|| time cost : 0h 0m 11.569s
********************************************************************************************************************
Start the 30 rounds of NGS-ED iteration
	effective electronic model is modified as: kinetic energy t = 0.78694, t' = -0.21676
	                                           effective interaction Vq = [  -4.5125, -3.47925,-0.794373, -3.47925, -3.47925,  -2.4773, -1.00738,  -2.4773,-0.794373, -1.00738,-0.925304, -1.00738, -3.47925,  -2.4773, -1.00738,  -2.4773]
	PARPACK diagonalization completed after 45 matrix-vector product operations.
	iteration results: : total energy is -56.847465 | electron energy -59.570616 + phonon energy 2.723150 | electron momentum kIdx = 10
The 30-th iteration is completed.	|| time cost : 0h 0m 11.575s
********************************************************************************************************************
Start the 31 rounds of NGS-ED iteration
	effective electronic model is modified as: kinetic energy t = 0.785971, t' = -0.216162
	                                           effective interaction Vq = [  -4.5125, -3.50955,-0.793494, -3.50955, -3.50955, -2.47868, -1.00239, -2.47868,-0.793494, -1.00239,-0.918202, -1.00239, -3.50955, -2.47868, -1.00239, -2.47868]
	PARPACK diagonalization completed after 45 matrix-vector product operations.
	iteration results: : total energy is -56.848097 | electron energy -59.586382 + phonon energy 2.738284 | electron momentum kIdx = 10
The 31-th iteration is completed.	|| time cost : 0h 0m 11.575s
********************************************************************************************************************
Start the 32 rounds of NGS-ED iteration
	effective electronic model is modified as: kinetic energy t = 0.785039, t' = -0.215584
	                                           effective interaction Vq = [  -4.5125, -3.53864,-0.792685, -3.53864, -3.53864, -2.47948,-0.997548, -2.47948,-0.792685,-0.997548,-0.911469,-0.997548, -3.53864, -2.47948,-0.997548, -2.47948]
	PARPACK diagonalization completed after 45 matrix-vector product operations.
	iteration results: : total energy is -56.848705 | electron energy -59.601377 + phonon energy 2.752672 | electron momentum kIdx = 10
The 32-th iteration is completed.	|| time cost : 0h 0m 11.548s
********************************************************************************************************************
Start the 33 rounds of NGS-ED iteration
	effective electronic model is modified as: kinetic energy t = 0.784147, t' = -0.215026
	                                           effective interaction Vq = [  -4.5125,  -3.5665,-0.791944,  -3.5665,  -3.5665, -2.47973,-0.992855, -2.47973,-0.791944,-0.992855,-0.905097,-0.992855,  -3.5665, -2.47973,-0.992855, -2.47973]
	PARPACK diagonalization completed after 45 matrix-vector product operations.
	iteration results: : total energy is -56.849287 | electron energy -59.615582 + phonon energy 2.766295 | electron momentum kIdx = 10
The 33-th iteration is completed.	|| time cost : 0h 0m 11.56s
********************************************************************************************************************
Start the 34 rounds of NGS-ED iteration
	effective electronic model is modified as: kinetic energy t = 0.783295, t' = -0.214491
	                                           effective interaction Vq = [  -4.5125, -3.59313,-0.791269, -3.59313, -3.59313, -2.47945,-0.988319, -2.47945,-0.791269,-0.988319,-0.899078,-0.988319, -3.59313, -2.47945,-0.988319, -2.47945]
	PARPACK diagonalization completed after 45 matrix-vector product operations.
	iteration results: : total energy is -56.849840 | electron energy -59.628978 + phonon energy 2.779138 | electron momentum kIdx = 10
The 34-th iteration is completed.	|| time cost : 0h 0m 11.588s
********************************************************************************************************************
Start the 35 rounds of NGS-ED iteration
	effective electronic model is modified as: kinetic energy t = 0.782486, t' = -0.213978
	                                           effective interaction Vq = [  -4.5125, -3.61849,-0.790658, -3.61849, -3.61849, -2.47866,-0.983947, -2.47866,-0.790658,-0.983947,-0.893405,-0.983947, -3.61849, -2.47866,-0.983947, -2.47866]
	PARPACK diagonalization completed after 45 matrix-vector product operations.
	iteration results: : total energy is -56.850364 | electron energy -59.641547 + phonon energy 2.791184 | electron momentum kIdx = 10
The 35-th iteration is completed.	|| time cost : 0h 0m 11.555s
********************************************************************************************************************
Start the 36 rounds of NGS-ED iteration
	effective electronic model is modified as: kinetic energy t = 0.78172, t' = -0.213488
	                                           effective interaction Vq = [  -4.5125, -3.64258,-0.790107, -3.64258, -3.64258, -2.47738,-0.979744, -2.47738,-0.790107,-0.979744,-0.888072,-0.979744, -3.64258, -2.47738,-0.979744, -2.47738]
	PARPACK diagonalization completed after 45 matrix-vector product operations.
	iteration results: : total energy is -56.850855 | electron energy -59.653273 + phonon energy 2.802418 | electron momentum kIdx = 10
The 36-th iteration is completed.	|| time cost : 0h 0m 11.566s
********************************************************************************************************************
Start the 37 rounds of NGS-ED iteration
	effective electronic model is modified as: kinetic energy t = 0.781, t' = -0.213022
	                                           effective interaction Vq = [  -4.5125, -3.66539,-0.789616, -3.66539, -3.66539, -2.47562,-0.975716, -2.47562,-0.789616,-0.975716,-0.883072,-0.975716, -3.66539, -2.47562,-0.975716, -2.47562]
	PARPACK diagonalization completed after 45 matrix-vector product operations.
	iteration results: : total energy is -56.851314 | electron energy -59.664145 + phonon energy 2.812831 | electron momentum kIdx = 10
The 37-th iteration is completed.	|| time cost : 0h 0m 11.578s
********************************************************************************************************************
Start the 38 rounds of NGS-ED iteration
	effective electronic model is modified as: kinetic energy t = 0.780326, t' = -0.212582
	                                           effective interaction Vq = [  -4.5125, -3.68692, -0.78918, -3.68692, -3.68692, -2.47341,-0.971868, -2.47341, -0.78918,-0.971868,-0.878399,-0.971868, -3.68692, -2.47341,-0.971868, -2.47341]
	PARPACK diagonalization completed after 45 matrix-vector product operations.
	iteration results: : total energy is -56.851739 | electron energy -59.674157 + phonon energy 2.822417 | electron momentum kIdx = 10
The 38-th iteration is completed.	|| time cost : 0h 0m 11.551s
********************************************************************************************************************
Start the 39 rounds of NGS-ED iteration
	effective electronic model is modified as: kinetic energy t = 0.779699, t' = -0.212167
	                                           effective interaction Vq = [  -4.5125, -3.70718,-0.788795, -3.70718, -3.70718, -2.47077,-0.968206, -2.47077,-0.788795,-0.968206,-0.874044,-0.968206, -3.70718, -2.47077,-0.968206, -2.47077]
	PARPACK diagonalization completed after 45 matrix-vector product operations.
	iteration results: : total energy is -56.852131 | electron energy -59.683308 + phonon energy 2.831178 | electron momentum kIdx = 10
The 39-th iteration is completed.	|| time cost : 0h 0m 11.562s
********************************************************************************************************************
Start the 40 rounds of NGS-ED iteration
	effective electronic model is modified as: kinetic energy t = 0.779119, t' = -0.211777
	                                           effective interaction Vq = [  -4.5125, -3.72619,-0.788459, -3.72619, -3.72619, -2.46771,-0.964731, -2.46771,-0.788459,-0.964731,-0.869998,-0.964731, -3.72619, -2.46771,-0.964731, -2.46771]
	PARPACK diagonalization completed after 45 matrix-vector product operations.
	iteration results: : total energy is -56.852489 | electron energy -59.691608 + phonon energy 2.839119 | electron momentum kIdx = 10
The 40-th iteration is completed.	|| time cost : 0h 0m 11.571s
********************************************************************************************************************
Start the 41 rounds of NGS-ED iteration
	effective electronic model is modified as: kinetic energy t = 0.778586, t' = -0.211413
	                                           effective interaction Vq = [  -4.5125, -3.74397,-0.788168, -3.74397, -3.74397, -2.46426,-0.961447, -2.46426,-0.788168,-0.961447,-0.866251,-0.961447, -3.74397, -2.46426,-0.961447, -2.46426]
	PARPACK diagonalization completed after 45 matrix-vector product operations.
	iteration results: : total energy is -56.852814 | electron energy -59.699070 + phonon energy 2.846256 | electron momentum kIdx = 10
The 41-th iteration is completed.	|| time cost : 0h 0m 11.569s
********************************************************************************************************************
Start the 42 rounds of NGS-ED iteration
	effective electronic model is modified as: kinetic energy t = 0.778101, t' = -0.211074
	                                           effective interaction Vq = [  -4.5125, -3.76055,-0.787917, -3.76055, -3.76055, -2.46046,-0.958354, -2.46046,-0.787917,-0.958354,-0.862793,-0.958354, -3.76055, -2.46046,-0.958354, -2.46046]
	PARPACK diagonalization completed after 45 matrix-vector product operations.
	iteration results: : total energy is -56.853107 | electron energy -59.705716 + phonon energy 2.852609 | electron momentum kIdx = 10
The 42-th iteration is completed.	|| time cost : 0h 0m 11.55s
********************************************************************************************************************
Start the 43 rounds of NGS-ED iteration
	effective electronic model is modified as: kinetic energy t = 0.777661, t' = -0.210761
	                                           effective interaction Vq = [  -4.5125, -3.77597,-0.787703, -3.77597, -3.77597, -2.45633,-0.955451, -2.45633,-0.787703,-0.955451,-0.859612,-0.955451, -3.77597, -2.45633,-0.955451, -2.45633]
	PARPACK diagonalization completed after 45 matrix-vector product operations.
	iteration results: : total energy is -56.853370 | electron energy -59.711575 + phonon energy 2.858205 | electron momentum kIdx = 10
The 43-th iteration is completed.	|| time cost : 0h 0m 11.564s
********************************************************************************************************************
Start the 44 rounds of NGS-ED iteration
	effective electronic model is modified as: kinetic energy t = 0.777266, t' = -0.210472
	                                           effective interaction Vq = [  -4.5125, -3.79027,-0.787521, -3.79027, -3.79027,  -2.4519,-0.952735,  -2.4519,-0.787521,-0.952735,-0.856694,-0.952735, -3.79027,  -2.4519,-0.952735,  -2.4519]
	PARPACK diagonalization completed after 45 matrix-vector product operations.
	iteration results: : total energy is -56.853604 | electron energy -59.716682 + phonon energy 2.863078 | electron momentum kIdx = 10
The 44-th iteration is completed.	|| time cost : 0h 0m 11.55s
********************************************************************************************************************
Start the 45 rounds of NGS-ED iteration
	effective electronic model is modified as: kinetic energy t = 0.776914, t' = -0.210207
	                                           effective interaction Vq = [  -4.5125, -3.80351,-0.787369, -3.80351, -3.80351, -2.44722,-0.950203, -2.44722,-0.787369,-0.950203,-0.854026,-0.950203, -3.80351, -2.44722,-0.950203, -2.44722]
	PARPACK diagonalization completed after 45 matrix-vector product operations.
	iteration results: : total energy is -56.853812 | electron energy -59.721079 + phonon energy 2.867267 | electron momentum kIdx = 10
The 45-th iteration is completed.	|| time cost : 0h 0m 11.562s
********************************************************************************************************************
