TACC:  Starting up job 4379186 
TACC:  Starting parallel tasks... 
SNEDics v3.4 Non-Gaussian ED ground state program		Start at Sun Sep 22 12:48:23 2019

parallized on 32 MPI threads  * 6 OpenMP threads = 192 total threads.
********************************************************************************************************************
********************************************************************************************************************

********************************************************************************************************************
System parameters and configurations
********************************************************************************************************************
Special program options are enabled: splitted diagonal Hamiltonian
********************************************************************************************************************
Read input file "model_params.in"
	Hubbard-Holstein model parameters : 	t = 1    U = 9.6    g = 5    W = 5    
********************************************************************************************************************
Read input file "hilbertspace_params.in"
	Requested 16-site 2D lattice, with 16 electrons (8, 8)
	Boundary : Periodic		Hilbert space representation : momentum-space (restricted to kIdx = 10)
	Conservation: particle number[U(1)]      spin[U(1)]     momentum
********************************************************************************************************************

Cluster Positions:				Cluster symmetry group : D4
 x ... x ... x ... x .....                       x ... x ... x ... x .....
 |           |           :                       |           |           :
 |           |           :                       |           |           :
12    13    14    15     x                       1     5     6     5     x
 |           |           :                       |           |           :
 |           |           :                       |           |           :
 8 --- 9 ---10 ---11 --- x                       2 --- 6 ---10 --- 6 --- x
 |           |           :                       |           |           :
 |           |           :                       |           |           :
 4     5     6     7     x                       1     5     6     5     x
 |           |           :                       |           |           :
 |           |           :                       |           |           :
 0 --- 1 --- 2 --- 3 --- x                       0 --- 1 --- 2 --- 1 --- x
orbital number : 1
********************************************************************************************************************
Read input file "obs_params.in"
	Observable Type : Nq(All),   Sq(All),   N(All),   Delta[s](All),   Delta[d](All),   Delta[s+](All)
********************************************************************************************************************
** WARNING ** the input observables have non-local factors which have been reinterpreted. The total observable number is 96
********************************************************************************************************************


********************************************************************************************************************
Start calculating the non-Gaussian ED ground state
** WARNING ** Detected low phonon energy W < 10. The initial state will be prepared through a warm-up process.
********************************************************************************************************************
Start warm-up calculation for scaling factor 2
open output files: NGSEDWarmUpW10Obs.txt
********************************************************************************************************************
Start the 0 rounds of NGS-ED iteration
	effective electronic model is modified as: kinetic energy t = 1
	                                           effective interaction Vq = [0,0,0,0,0,0,0,0,0,0,0,0,0,0,0,0]
	first Hamiltonian is constructed, non-zero numbers = 2845334624
	PARPACK diagonalization completed after 120 matrix-vector product operations.
	iteration results: : total energy is -7.109033 | electron energy -7.109033 + phonon energy 0.000000 | electron momentum kIdx = 10
	Nq(0) = 16,	Nq(1) = 0.0448562,	Nq(2) = 0.0814346,	Nq(3) = 0.0448562,	Nq(4) = 0.0448562,	Nq(5) = 0.0814346,	Nq(6) = 0.114548,	Nq(7) = 0.0814346,	Nq(8) = 0.0814346,	Nq(9) = 0.114548,	Nq(10) = 0.145559,	Nq(11) = 0.114548,	Nq(12) = 0.0448562,	Nq(13) = 0.0814346,	Nq(14) = 0.114548,	Nq(15) = 0.0814346,	Sq(0) = -1.64402e-19,	Sq(1) = 0.220599,	Sq(2) = 0.378091,	Sq(3) = 0.220599,	Sq(4) = 0.220599,	Sq(5) = 0.378091,	Sq(6) = 0.569302,	Sq(7) = 0.378091,	Sq(8) = 0.378091,	Sq(9) = 0.569302,	Sq(10) = 9.30007,	Sq(11) = 0.569302,	Sq(12) = 0.220599,	Sq(13) = 0.378091,	Sq(14) = 0.569302,	Sq(15) = 0.378091,	N(0) = 1.70639,	N(1) = 1.47266,	N(2) = 1,	N(3) = 1.47266,	N(4) = 1.47266,	N(5) = 1,	N(6) = 0.527344,	N(7) = 1,	N(8) = 1,	N(9) = 0.527344,	N(10) = 0.293613,	N(11) = 0.527344,	N(12) = 1.47266,	N(13) = 1,	N(14) = 0.527344,	N(15) = 1,	Delta[s](0) = 0.0623412,	Delta[s](1) = 0.0517287,	Delta[s](2) = 0.0404033,	Delta[s](3) = 0.0517287,	Delta[s](4) = 0.0517287,	Delta[s](5) = 0.0404033,	Delta[s](6) = 0.0279034,	Delta[s](7) = 0.0404033,	Delta[s](8) = 0.0404033,	Delta[s](9) = 0.0279034,	Delta[s](10) = 0.0126014,	Delta[s](11) = 0.0279034,	Delta[s](12) = 0.0517287,	Delta[s](13) = 0.0404033,	Delta[s](14) = 0.0279034,	Delta[s](15) = 0.0404033,	Delta[d](0) = 0.577708,	Delta[d](1) = 0.488454,	Delta[d](2) = 0.403885,	Delta[d](3) = 0.488454,	Delta[d](4) = 0.488454,	Delta[d](5) = 0.422884,	Delta[d](6) = 0.349547,	Delta[d](7) = 0.422884,	Delta[d](8) = 0.403885,	Delta[d](9) = 0.349547,	Delta[d](10) = 0.282168,	Delta[d](11) = 0.349547,	Delta[d](12) = 0.488454,	Delta[d](13) = 0.422884,	Delta[d](14) = 0.349547,	Delta[d](15) = 0.422884,	Delta[s+](0) = 0.605886,	Delta[s+](1) = 0.512525,	Delta[s+](2) = 0.403885,	Delta[s+](3) = 0.512525,	Delta[s+](4) = 0.512525,	Delta[s+](5) = 0.403885,	Delta[s+](6) = 0.292472,	Delta[s+](7) = 0.403885,	Delta[s+](8) = 0.403885,	Delta[s+](9) = 0.292472,	Delta[s+](10) = 0.186701,	Delta[s+](11) = 0.292472,	Delta[s+](12) = 0.512525,	Delta[s+](13) = 0.403885,	Delta[s+](14) = 0.292472,	Delta[s+](15) = 0.403885
The 0-th iteration is completed.	|| time cost : 0h 5m 52.57s
********************************************************************************************************************
Start the 1 rounds of NGS-ED iteration
	effective electronic model is modified as: kinetic energy t = 0.90928
	                                           effective interaction Vq = [-4.32332,-3.51471,-3.44283,-3.51471,-3.51471,-3.44283, -3.3931,-3.44283,-3.44283, -3.3931,-3.35504, -3.3931,-3.51471,-3.44283, -3.3931,-3.44283]
	PARPACK diagonalization completed after 45 matrix-vector product operations.
	iteration results: : total energy is -83.270164 | electron energy -83.273683 + phonon energy 0.003519 | electron momentum kIdx = 10
The 1-th iteration is completed.	|| time cost : 0h 3m 34.696s
********************************************************************************************************************
Start the 2 rounds of NGS-ED iteration
	effective electronic model is modified as: kinetic energy t = 0.819689
	                                           effective interaction Vq = [-4.90842,-4.52926,-4.37144,-4.52926,-4.52926,-4.37144,-4.33404,-4.37144,-4.37144,-4.33404,-4.26447,-4.33404,-4.52926,-4.37144,-4.33404,-4.37144]
	PARPACK diagonalization completed after 30 matrix-vector product operations.
	iteration results: : total energy is -95.452506 | electron energy -95.513461 + phonon energy 0.060955 | electron momentum kIdx = 10
The 2-th iteration is completed.	|| time cost : 0h 0m 20.576s
********************************************************************************************************************
Start the 3 rounds of NGS-ED iteration
	effective electronic model is modified as: kinetic energy t = 0.775745
	                                           effective interaction Vq = [-4.98761,-4.80664,-4.63256,-4.80664,-4.80664,-4.63256,-4.63728,-4.63256,-4.63256,-4.63728,-4.54595,-4.63728,-4.80664,-4.63256,-4.63728,-4.63256]
	PARPACK diagonalization completed after 30 matrix-vector product operations.
	iteration results: : total energy is -97.374467 | electron energy -97.509351 + phonon energy 0.134884 | electron momentum kIdx = 10
The 3-th iteration is completed.	|| time cost : 0h 0m 21.403s
********************************************************************************************************************
Start the 4 rounds of NGS-ED iteration
	effective electronic model is modified as: kinetic energy t = 0.756781
	                                           effective interaction Vq = [-4.99832,-4.88876,-4.71463,-4.88876,-4.88876,-4.71463,-4.74455,-4.71463,-4.71463,-4.74455,-4.64014,-4.74455,-4.88876,-4.71463,-4.74455,-4.71463]
	PARPACK diagonalization completed after 30 matrix-vector product operations.
	iteration results: : total energy is -97.670060 | electron energy -97.846191 + phonon energy 0.176130 | electron momentum kIdx = 10
The 4-th iteration is completed.	|| time cost : 0h 0m 20.499s
********************************************************************************************************************
Start the 5 rounds of NGS-ED iteration
	effective electronic model is modified as: kinetic energy t = 0.748981
	                                           effective interaction Vq = [-4.99977,-4.91585, -4.7428,-4.91585,-4.91585, -4.7428,-4.78536, -4.7428, -4.7428,-4.78536,-4.67371,-4.78536,-4.91585, -4.7428,-4.78536, -4.7428]
	PARPACK diagonalization completed after 30 matrix-vector product operations.
	iteration results: : total energy is -97.714654 | electron energy -97.908971 + phonon energy 0.194318 | electron momentum kIdx = 10
The 5-th iteration is completed.	|| time cost : 0h 0m 20.499s
********************************************************************************************************************
Start the 6 rounds of NGS-ED iteration
	effective electronic model is modified as: kinetic energy t = 0.745843
	                                           effective interaction Vq = [-4.99997,-4.92557,-4.75293,-4.92557,-4.92557,-4.75293, -4.8016,-4.75293,-4.75293, -4.8016,-4.68611, -4.8016,-4.92557,-4.75293, -4.8016,-4.75293]
	PARPACK diagonalization completed after 30 matrix-vector product operations.
	iteration results: : total energy is -97.721330 | electron energy -97.923159 + phonon energy 0.201829 | electron momentum kIdx = 10
The 6-th iteration is completed.	|| time cost : 0h 0m 20.579s
********************************************************************************************************************
Start the 7 rounds of NGS-ED iteration
	effective electronic model is modified as: kinetic energy t = 0.74459
	                                           effective interaction Vq = [      -5,-4.92923,-4.75666,-4.92923,-4.92923,-4.75666,-4.80821,-4.75666,-4.75666,-4.80821,-4.69077,-4.80821,-4.92923,-4.75666,-4.80821,-4.75666]
	PARPACK diagonalization completed after 30 matrix-vector product operations.
	iteration results: : total energy is -97.722331 | electron energy -97.927202 + phonon energy 0.204871 | electron momentum kIdx = 10
The 7-th iteration is completed.	|| time cost : 0h 0m 20.506s
********************************************************************************************************************
Start the 8 rounds of NGS-ED iteration
	effective electronic model is modified as: kinetic energy t = 0.744091
	                                           effective interaction Vq = [      -5,-4.93063,-4.75804,-4.93063,-4.93063,-4.75804,-4.81093,-4.75804,-4.75804,-4.81093,-4.69253,-4.81093,-4.93063,-4.75804,-4.81093,-4.75804]
	PARPACK diagonalization completed after 30 matrix-vector product operations.
	iteration results: : total energy is -97.722482 | electron energy -97.928578 + phonon energy 0.206096 | electron momentum kIdx = 10
The 8-th iteration is completed.	|| time cost : 0h 0m 20.513s
********************************************************************************************************************
Start the 9 rounds of NGS-ED iteration
	effective electronic model is modified as: kinetic energy t = 0.743893
	                                           effective interaction Vq = [      -5,-4.93118,-4.75856,-4.93118,-4.93118,-4.75856,-4.81205,-4.75856,-4.75856,-4.81205,-4.69321,-4.81205,-4.93118,-4.75856,-4.81205,-4.75856]
	PARPACK diagonalization completed after 30 matrix-vector product operations.
	iteration results: : total energy is -97.722505 | electron energy -97.929094 + phonon energy 0.206589 | electron momentum kIdx = 10
The 9-th iteration is completed.	|| time cost : 0h 0m 20.521s
********************************************************************************************************************
Start the 10 rounds of NGS-ED iteration
	effective electronic model is modified as: kinetic energy t = 0.743813
	                                           effective interaction Vq = [      -5,-4.93139,-4.75875,-4.93139,-4.93139,-4.75875,-4.81252,-4.75875,-4.75875,-4.81252,-4.69346,-4.81252,-4.93139,-4.75875,-4.81252,-4.75875]
	PARPACK diagonalization completed after 30 matrix-vector product operations.
	iteration results: : total energy is -97.722509 | electron energy -97.929296 + phonon energy 0.206787 | electron momentum kIdx = 10
	Nq(0) = 16,	Nq(1) = 0.403474,	Nq(2) = 0.371802,	Nq(3) = 0.403474,	Nq(4) = 0.403474,	Nq(5) = 0.371802,	Nq(6) = 0.63178,	Nq(7) = 0.371802,	Nq(8) = 0.371802,	Nq(9) = 0.63178,	Nq(10) = 0.605707,	Nq(11) = 0.63178,	Nq(12) = 0.403474,	Nq(13) = 0.371802,	Nq(14) = 0.63178,	Nq(15) = 0.371802,	Sq(0) = 6.16688e-19,	Sq(1) = 0.373754,	Sq(2) = 0.408362,	Sq(3) = 0.373754,	Sq(4) = 0.373754,	Sq(5) = 0.408362,	Sq(6) = 0.624464,	Sq(7) = 0.408362,	Sq(8) = 0.408362,	Sq(9) = 0.624464,	Sq(10) = 2.57941,	Sq(11) = 0.624464,	Sq(12) = 0.373754,	Sq(13) = 0.408362,	Sq(14) = 0.624464,	Sq(15) = 0.408362,	N(0) = 1.99991,	N(1) = 1.99926,	N(2) = 1,	N(3) = 1.99926,	N(4) = 1.99926,	N(5) = 1,	N(6) = 0.000743633,	N(7) = 1,	N(8) = 1,	N(9) = 0.000743633,	N(10) = 8.58707e-05,	N(11) = 0.000743633,	N(12) = 1.99926,	N(13) = 1,	N(14) = 0.000743633,	N(15) = 1,	Delta[s](0) = 0.247919,	Delta[s](1) = 0.247561,	Delta[s](2) = 0.209942,	Delta[s](3) = 0.247561,	Delta[s](4) = 0.247561,	Delta[s](5) = 0.209942,	Delta[s](6) = 0.209271,	Delta[s](7) = 0.209942,	Delta[s](8) = 0.209942,	Delta[s](9) = 0.209271,	Delta[s](10) = 0.153871,	Delta[s](11) = 0.209271,	Delta[s](12) = 0.247561,	Delta[s](13) = 0.209942,	Delta[s](14) = 0.209271,	Delta[s](15) = 0.209942,	Delta[d](0) = 0.472916,	Delta[d](1) = 0.318835,	Delta[d](2) = 0.288356,	Delta[d](3) = 0.318835,	Delta[d](4) = 0.318835,	Delta[d](5) = 0.363844,	Delta[d](6) = 0.271173,	Delta[d](7) = 0.363844,	Delta[d](8) = 0.288356,	Delta[d](9) = 0.271173,	Delta[d](10) = 0.256566,	Delta[d](11) = 0.271173,	Delta[d](12) = 0.318835,	Delta[d](13) = 0.363844,	Delta[d](14) = 0.271173,	Delta[d](15) = 0.363844,	Delta[s+](0) = 0.493951,	Delta[s+](1) = 0.411696,	Delta[s+](2) = 0.288356,	Delta[s+](3) = 0.411696,	Delta[s+](4) = 0.411696,	Delta[s+](5) = 0.288356,	Delta[s+](6) = 0.1597,	Delta[s+](7) = 0.288356,	Delta[s+](8) = 0.288356,	Delta[s+](9) = 0.1597,	Delta[s+](10) = 0.0658561,	Delta[s+](11) = 0.1597,	Delta[s+](12) = 0.411696,	Delta[s+](13) = 0.288356,	Delta[s+](14) = 0.1597,	Delta[s+](15) = 0.288356
The 10-th iteration is completed.	|| time cost : 0h 4m 5.189s
********************************************************************************************************************
********************************************************************************************************************
Ground state is obtained after 11 iterations. The current ground-state energy is -97.7225, in which electron energy is -97.9293 and phonon energy is 0.206787
final variational state is: 
	Gamma_x = [      1,1.04256,1.06574,1.04256,1.04256,1.06574,1.10343,1.06574,1.06574,1.10343,1.11916,1.10343,1.04256,1.06574,1.10343,1.06574]
	lambda_q = [0.707095,0.624328,0.551808,0.624328,0.624328,0.551808,0.570252,0.551808,0.551808,0.570252,0.532053,0.570252,0.624328,0.551808,0.570252,0.551808]
********************************************************************************************************************
o___o  ----------------------------------------
| L |	Time since last clock: 0h 0m 0s
A===A	Time since the beginning: 0h 16m 17.559s
***********************************************


********************************************************************************************************************
Warm up runs have been completed. Start calculating W = 5 phonon.
open output files: NGSEDIterationObs.txt
********************************************************************************************************************
Start the 0 rounds of NGS-ED iteration
	effective electronic model is modified as: kinetic energy t = 0.743782
	                                           effective interaction Vq = [-4.57103,-4.29435,-3.99562,-4.29435,-4.29435,-3.99562,-4.07658,-3.99562,-3.99562,-4.07658,-3.90513,-4.07658,-4.29435,-3.99562,-4.07658,-3.99562]
	PARPACK diagonalization completed after 45 matrix-vector product operations.
	iteration results: : total energy is -86.492441 | electron energy -86.595874 + phonon energy 0.103434 | electron momentum kIdx = 10
	Nq(0) = 16,	Nq(1) = 0.274435,	Nq(2) = 0.313935,	Nq(3) = 0.274435,	Nq(4) = 0.274435,	Nq(5) = 0.313935,	Nq(6) = 0.462608,	Nq(7) = 0.313935,	Nq(8) = 0.313935,	Nq(9) = 0.462608,	Nq(10) = 0.504056,	Nq(11) = 0.462608,	Nq(12) = 0.274435,	Nq(13) = 0.313935,	Nq(14) = 0.462608,	Nq(15) = 0.313935,	Sq(0) = -2.00024e-19,	Sq(1) = 0.366555,	Sq(2) = 0.430289,	Sq(3) = 0.366555,	Sq(4) = 0.366555,	Sq(5) = 0.430289,	Sq(6) = 0.668802,	Sq(7) = 0.430289,	Sq(8) = 0.430289,	Sq(9) = 0.668802,	Sq(10) = 3.941,	Sq(11) = 0.668802,	Sq(12) = 0.366555,	Sq(13) = 0.430289,	Sq(14) = 0.668802,	Sq(15) = 0.430289,	N(0) = 1.98143,	N(1) = 1.96462,	N(2) = 1,	N(3) = 1.96462,	N(4) = 1.96462,	N(5) = 1,	N(6) = 0.0353799,	N(7) = 1,	N(8) = 1,	N(9) = 0.0353799,	N(10) = 0.0185661,	N(11) = 0.0353799,	N(12) = 1.96462,	N(13) = 1,	N(14) = 0.0353799,	N(15) = 1,	Delta[s](0) = 0.192917,	Delta[s](1) = 0.184446,	Delta[s](2) = 0.164893,	Delta[s](3) = 0.184446,	Delta[s](4) = 0.184446,	Delta[s](5) = 0.164893,	Delta[s](6) = 0.156388,	Delta[s](7) = 0.164893,	Delta[s](8) = 0.164893,	Delta[s](9) = 0.156388,	Delta[s](10) = 0.122314,	Delta[s](11) = 0.156388,	Delta[s](12) = 0.184446,	Delta[s](13) = 0.164893,	Delta[s](14) = 0.156388,	Delta[s](15) = 0.164893,	Delta[d](0) = 0.513093,	Delta[d](1) = 0.383362,	Delta[d](2) = 0.341611,	Delta[d](3) = 0.383362,	Delta[d](4) = 0.383362,	Delta[d](5) = 0.398183,	Delta[d](6) = 0.323392,	Delta[d](7) = 0.398183,	Delta[d](8) = 0.341611,	Delta[d](9) = 0.323392,	Delta[d](10) = 0.286319,	Delta[d](11) = 0.323392,	Delta[d](12) = 0.383362,	Delta[d](13) = 0.398183,	Delta[d](14) = 0.323392,	Delta[d](15) = 0.398183,	Delta[s+](0) = 0.583632,	Delta[s+](1) = 0.483532,	Delta[s+](2) = 0.341611,	Delta[s+](3) = 0.483532,	Delta[s+](4) = 0.483532,	Delta[s+](5) = 0.341611,	Delta[s+](6) = 0.198862,	Delta[s+](7) = 0.341611,	Delta[s+](8) = 0.341611,	Delta[s+](9) = 0.198862,	Delta[s+](10) = 0.0860896,	Delta[s+](11) = 0.198862,	Delta[s+](12) = 0.483532,	Delta[s+](13) = 0.341611,	Delta[s+](14) = 0.198862,	Delta[s+](15) = 0.341611
The 0-th iteration is completed.	|| time cost : 0h 3m 47.368s
********************************************************************************************************************
Start the 1 rounds of NGS-ED iteration
	effective electronic model is modified as: kinetic energy t = 0.725753
	                                           effective interaction Vq = [-4.84219,-4.48711,-4.15959,-4.48711,-4.48711,-4.15959,-4.20976,-4.15959,-4.15959,-4.20976,-4.04378,-4.20976,-4.48711,-4.15959,-4.20976,-4.15959]
	PARPACK diagonalization completed after 30 matrix-vector product operations.
	iteration results: : total energy is -91.100247 | electron energy -91.374654 + phonon energy 0.274407 | electron momentum kIdx = 10
The 1-th iteration is completed.	|| time cost : 0h 0m 21.579s
********************************************************************************************************************
Start the 2 rounds of NGS-ED iteration
	effective electronic model is modified as: kinetic energy t = 0.708968
	                                           effective interaction Vq = [-4.94195,-4.60626,-4.26748,-4.60626,-4.60626,-4.26748, -4.3162,-4.26748,-4.26748, -4.3162,-4.15234, -4.3162,-4.60626,-4.26748, -4.3162,-4.26748]
	PARPACK diagonalization completed after 30 matrix-vector product operations.
	iteration results: : total energy is -92.822364 | electron energy -93.208614 + phonon energy 0.386250 | electron momentum kIdx = 10
The 2-th iteration is completed.	|| time cost : 0h 0m 20.508s
********************************************************************************************************************
Start the 3 rounds of NGS-ED iteration
	effective electronic model is modified as: kinetic energy t = 0.696092
	                                           effective interaction Vq = [-4.97864,-4.68075, -4.3367,-4.68075,-4.68075, -4.3367,-4.39246, -4.3367, -4.3367,-4.39246, -4.2271,-4.39246,-4.68075, -4.3367,-4.39246, -4.3367]
	PARPACK diagonalization completed after 30 matrix-vector product operations.
	iteration results: : total energy is -93.471259 | electron energy -93.928138 + phonon energy 0.456880 | electron momentum kIdx = 10
The 3-th iteration is completed.	|| time cost : 0h 0m 20.6s
********************************************************************************************************************
Start the 4 rounds of NGS-ED iteration
	effective electronic model is modified as: kinetic energy t = 0.686839
	                                           effective interaction Vq = [-4.99214,-4.72789,-4.38098,-4.72789,-4.72789,-4.38098,-4.44549,-4.38098,-4.38098,-4.44549,-4.27682,-4.44549,-4.72789,-4.38098,-4.44549,-4.38098]
	PARPACK diagonalization completed after 30 matrix-vector product operations.
	iteration results: : total energy is -93.717204 | electron energy -94.220092 + phonon energy 0.502888 | electron momentum kIdx = 10
The 4-th iteration is completed.	|| time cost : 0h 0m 20.572s
********************************************************************************************************************
Start the 5 rounds of NGS-ED iteration
	effective electronic model is modified as: kinetic energy t = 0.680375
	                                           effective interaction Vq = [-4.99711,-4.75812, -4.4094,-4.75812,-4.75812, -4.4094,-4.48209, -4.4094, -4.4094,-4.48209,-4.30961,-4.48209,-4.75812, -4.4094,-4.48209, -4.4094]
	PARPACK diagonalization completed after 30 matrix-vector product operations.
	iteration results: : total energy is -93.810992 | electron energy -94.344538 + phonon energy 0.533546 | electron momentum kIdx = 10
The 5-th iteration is completed.	|| time cost : 0h 0m 20.552s
********************************************************************************************************************
Start the 6 rounds of NGS-ED iteration
	effective electronic model is modified as: kinetic energy t = 0.675919
	                                           effective interaction Vq = [-4.99894, -4.7777,-4.42773, -4.7777, -4.7777,-4.42773,-4.50732,-4.42773,-4.42773,-4.50732, -4.3312,-4.50732, -4.7777,-4.42773,-4.50732,-4.42773]
	PARPACK diagonalization completed after 30 matrix-vector product operations.
	iteration results: : total energy is -93.847006 | electron energy -94.401219 + phonon energy 0.554212 | electron momentum kIdx = 10
The 6-th iteration is completed.	|| time cost : 0h 0m 20.526s
********************************************************************************************************************
Start the 7 rounds of NGS-ED iteration
	effective electronic model is modified as: kinetic energy t = 0.672869
	                                           effective interaction Vq = [-4.99961,-4.79052,-4.43962,-4.79052,-4.79052,-4.43962,-4.52474,-4.43962,-4.43962,-4.52474,-4.34543,-4.52474,-4.79052,-4.43962,-4.52474,-4.43962]
	PARPACK diagonalization completed after 30 matrix-vector product operations.
	iteration results: : total energy is -93.860949 | electron energy -94.429167 + phonon energy 0.568218 | electron momentum kIdx = 10
The 7-th iteration is completed.	|| time cost : 0h 0m 20.544s
********************************************************************************************************************
Start the 8 rounds of NGS-ED iteration
	effective electronic model is modified as: kinetic energy t = 0.67079
	                                           effective interaction Vq = [-4.99986,-4.79897,-4.44737,-4.79897,-4.79897,-4.44737,-4.53677,-4.44737,-4.44737,-4.53677,-4.35484,-4.53677,-4.79897,-4.44737,-4.53677,-4.44737]
	PARPACK diagonalization completed after 30 matrix-vector product operations.
	iteration results: : total energy is -93.866397 | electron energy -94.444131 + phonon energy 0.577734 | electron momentum kIdx = 10
The 8-th iteration is completed.	|| time cost : 0h 0m 20.508s
********************************************************************************************************************
Start the 9 rounds of NGS-ED iteration
	effective electronic model is modified as: kinetic energy t = 0.669376
	                                           effective interaction Vq = [-4.99995,-4.80456,-4.45243,-4.80456,-4.80456,-4.45243,-4.54509,-4.45243,-4.45243,-4.54509,-4.36106,-4.54509,-4.80456,-4.45243,-4.54509,-4.45243]
	PARPACK diagonalization completed after 30 matrix-vector product operations.
	iteration results: : total energy is -93.868549 | electron energy -94.452756 + phonon energy 0.584207 | electron momentum kIdx = 10
The 9-th iteration is completed.	|| time cost : 0h 0m 20.614s
********************************************************************************************************************
Start the 10 rounds of NGS-ED iteration
	effective electronic model is modified as: kinetic energy t = 0.668415
	                                           effective interaction Vq = [-4.99998,-4.80829,-4.45574,-4.80829,-4.80829,-4.45574,-4.55084,-4.45574,-4.45574,-4.55084,-4.36519,-4.55084,-4.80829,-4.45574,-4.55084,-4.45574]
	PARPACK diagonalization completed after 30 matrix-vector product operations.
	iteration results: : total energy is -93.869409 | electron energy -94.458023 + phonon energy 0.588614 | electron momentum kIdx = 10
	Nq(0) = 16,	Nq(1) = 0.371317,	Nq(2) = 0.349508,	Nq(3) = 0.371317,	Nq(4) = 0.371317,	Nq(5) = 0.349508,	Nq(6) = 0.561132,	Nq(7) = 0.349508,	Nq(8) = 0.349508,	Nq(9) = 0.561132,	Nq(10) = 0.562279,	Nq(11) = 0.561132,	Nq(12) = 0.371317,	Nq(13) = 0.349508,	Nq(14) = 0.561132,	Nq(15) = 0.349508,	Sq(0) = -5.32909e-18,	Sq(1) = 0.376656,	Sq(2) = 0.421107,	Sq(3) = 0.376656,	Sq(4) = 0.376656,	Sq(5) = 0.421107,	Sq(6) = 0.650842,	Sq(7) = 0.421107,	Sq(8) = 0.421107,	Sq(9) = 0.650842,	Sq(10) = 2.97424,	Sq(11) = 0.650842,	Sq(12) = 0.376656,	Sq(13) = 0.421107,	Sq(14) = 0.650842,	Sq(15) = 0.421107,	N(0) = 1.99618,	N(1) = 1.99534,	N(2) = 1,	N(3) = 1.99534,	N(4) = 1.99534,	N(5) = 1,	N(6) = 0.0046607,	N(7) = 1,	N(8) = 1,	N(9) = 0.0046607,	N(10) = 0.00382122,	N(11) = 0.0046607,	N(12) = 1.99534,	N(13) = 1,	N(14) = 0.0046607,	N(15) = 1,	Delta[s](0) = 0.219453,	Delta[s](1) = 0.215589,	Delta[s](2) = 0.196504,	Delta[s](3) = 0.215589,	Delta[s](4) = 0.215589,	Delta[s](5) = 0.196504,	Delta[s](6) = 0.19269,	Delta[s](7) = 0.196504,	Delta[s](8) = 0.196504,	Delta[s](9) = 0.19269,	Delta[s](10) = 0.162966,	Delta[s](11) = 0.19269,	Delta[s](12) = 0.215589,	Delta[s](13) = 0.196504,	Delta[s](14) = 0.19269,	Delta[s](15) = 0.196504,	Delta[d](0) = 0.529939,	Delta[d](1) = 0.393693,	Delta[d](2) = 0.355831,	Delta[d](3) = 0.393693,	Delta[d](4) = 0.393693,	Delta[d](5) = 0.420834,	Delta[d](6) = 0.339126,	Delta[d](7) = 0.420834,	Delta[d](8) = 0.355831,	Delta[d](9) = 0.339126,	Delta[d](10) = 0.313959,	Delta[d](11) = 0.339126,	Delta[d](12) = 0.393693,	Delta[d](13) = 0.420834,	Delta[d](14) = 0.339126,	Delta[d](15) = 0.420834,	Delta[s+](0) = 0.587666,	Delta[s+](1) = 0.49177,	Delta[s+](2) = 0.355831,	Delta[s+](3) = 0.49177,	Delta[s+](4) = 0.49177,	Delta[s+](5) = 0.355831,	Delta[s+](6) = 0.214722,	Delta[s+](7) = 0.355831,	Delta[s+](8) = 0.355831,	Delta[s+](9) = 0.214722,	Delta[s+](10) = 0.104235,	Delta[s+](11) = 0.214722,	Delta[s+](12) = 0.49177,	Delta[s+](13) = 0.355831,	Delta[s+](14) = 0.214722,	Delta[s+](15) = 0.355831
The 10-th iteration is completed.	|| time cost : 0h 4m 28.698s
********************************************************************************************************************
Start the 11 rounds of NGS-ED iteration
	effective electronic model is modified as: kinetic energy t = 0.667762
	                                           effective interaction Vq = [-4.99999,-4.81078,-4.45793,-4.81078,-4.81078,-4.45793,-4.55482,-4.45793,-4.45793,-4.55482,-4.36793,-4.55482,-4.81078,-4.45793,-4.55482,-4.45793]
	PARPACK diagonalization completed after 30 matrix-vector product operations.
	iteration results: : total energy is -93.869758 | electron energy -94.461373 + phonon energy 0.591616 | electron momentum kIdx = 10
The 11-th iteration is completed.	|| time cost : 0h 0m 24.104s
********************************************************************************************************************
Start the 12 rounds of NGS-ED iteration
	effective electronic model is modified as: kinetic energy t = 0.667318
	                                           effective interaction Vq = [      -5,-4.81244,-4.45937,-4.81244,-4.81244,-4.45937,-4.55757,-4.45937,-4.45937,-4.55757,-4.36975,-4.55757,-4.81244,-4.45937,-4.55757,-4.45937]
	PARPACK diagonalization completed after 30 matrix-vector product operations.
	iteration results: : total energy is -93.869901 | electron energy -94.463562 + phonon energy 0.593661 | electron momentum kIdx = 10
The 12-th iteration is completed.	|| time cost : 0h 0m 24.143s
********************************************************************************************************************
Start the 13 rounds of NGS-ED iteration
	effective electronic model is modified as: kinetic energy t = 0.667017
	                                           effective interaction Vq = [      -5,-4.81356,-4.46032,-4.81356,-4.81356,-4.46032,-4.55947,-4.46032,-4.46032,-4.55947,-4.37097,-4.55947,-4.81356,-4.46032,-4.55947,-4.46032]
	PARPACK diagonalization completed after 30 matrix-vector product operations.
	iteration results: : total energy is -93.869960 | electron energy -94.465016 + phonon energy 0.595055 | electron momentum kIdx = 10
The 13-th iteration is completed.	|| time cost : 0h 0m 20.585s
********************************************************************************************************************
Start the 14 rounds of NGS-ED iteration
	effective electronic model is modified as: kinetic energy t = 0.666812
	                                           effective interaction Vq = [      -5,-4.81431,-4.46095,-4.81431,-4.81431,-4.46095,-4.56079,-4.46095,-4.46095,-4.56079,-4.37178,-4.56079,-4.81431,-4.46095,-4.56079,-4.46095]
	PARPACK diagonalization completed after 30 matrix-vector product operations.
	iteration results: : total energy is -93.869985 | electron energy -94.465992 + phonon energy 0.596006 | electron momentum kIdx = 10
The 14-th iteration is completed.	|| time cost : 0h 0m 20.54s
********************************************************************************************************************
Start the 15 rounds of NGS-ED iteration
	effective electronic model is modified as: kinetic energy t = 0.666673
	                                           effective interaction Vq = [      -5,-4.81482,-4.46137,-4.81482,-4.81482,-4.46137,-4.56169,-4.46137,-4.46137,-4.56169,-4.37232,-4.56169,-4.81482,-4.46137,-4.56169,-4.46137]
	PARPACK diagonalization completed after 30 matrix-vector product operations.
	iteration results: : total energy is -93.869996 | electron energy -94.466651 + phonon energy 0.596655 | electron momentum kIdx = 10
The 15-th iteration is completed.	|| time cost : 0h 0m 20.529s
********************************************************************************************************************
Start the 16 rounds of NGS-ED iteration
	effective electronic model is modified as: kinetic energy t = 0.666578
	                                           effective interaction Vq = [      -5,-4.81516,-4.46165,-4.81516,-4.81516,-4.46165,-4.56232,-4.46165,-4.46165,-4.56232,-4.37268,-4.56232,-4.81516,-4.46165,-4.56232,-4.46165]
	PARPACK diagonalization completed after 30 matrix-vector product operations.
	iteration results: : total energy is -93.870001 | electron energy -94.467098 + phonon energy 0.597098 | electron momentum kIdx = 10
The 16-th iteration is completed.	|| time cost : 0h 0m 20.533s
********************************************************************************************************************
Start the 17 rounds of NGS-ED iteration
	effective electronic model is modified as: kinetic energy t = 0.666513
	                                           effective interaction Vq = [      -5,-4.81539,-4.46183,-4.81539,-4.81539,-4.46183,-4.56275,-4.46183,-4.46183,-4.56275,-4.37293,-4.56275,-4.81539,-4.46183,-4.56275,-4.46183]
	PARPACK diagonalization completed after 30 matrix-vector product operations.
	iteration results: : total energy is -93.870003 | electron energy -94.467403 + phonon energy 0.597400 | electron momentum kIdx = 10
The 17-th iteration is completed.	|| time cost : 0h 0m 20.676s
********************************************************************************************************************
Start the 18 rounds of NGS-ED iteration
	effective electronic model is modified as: kinetic energy t = 0.66647
	                                           effective interaction Vq = [      -5,-4.81554,-4.46196,-4.81554,-4.81554,-4.46196,-4.56305,-4.46196,-4.46196,-4.56305,-4.37309,-4.56305,-4.81554,-4.46196,-4.56305,-4.46196]
	PARPACK diagonalization completed after 30 matrix-vector product operations.
	iteration results: : total energy is -93.870004 | electron energy -94.467610 + phonon energy 0.597606 | electron momentum kIdx = 10
The 18-th iteration is completed.	|| time cost : 0h 0m 20.559s
********************************************************************************************************************
Start the 19 rounds of NGS-ED iteration
	effective electronic model is modified as: kinetic energy t = 0.66644
	                                           effective interaction Vq = [      -5,-4.81565,-4.46204,-4.81565,-4.81565,-4.46204,-4.56325,-4.46204,-4.46204,-4.56325, -4.3732,-4.56325,-4.81565,-4.46204,-4.56325,-4.46204]
	PARPACK diagonalization completed after 30 matrix-vector product operations.
	iteration results: : total energy is -93.870004 | electron energy -94.467751 + phonon energy 0.597747 | electron momentum kIdx = 10
The 19-th iteration is completed.	|| time cost : 0h 0m 20.565s
********************************************************************************************************************
Start the 20 rounds of NGS-ED iteration
	effective electronic model is modified as: kinetic energy t = 0.666419
	                                           effective interaction Vq = [      -5,-4.81572, -4.4621,-4.81572,-4.81572, -4.4621,-4.56339, -4.4621, -4.4621,-4.56339,-4.37327,-4.56339,-4.81572, -4.4621,-4.56339, -4.4621]
	PARPACK diagonalization completed after 30 matrix-vector product operations.
	iteration results: : total energy is -93.870004 | electron energy -94.467848 + phonon energy 0.597843 | electron momentum kIdx = 10
	Nq(0) = 16,	Nq(1) = 0.373393,	Nq(2) = 0.349863,	Nq(3) = 0.373393,	Nq(4) = 0.373393,	Nq(5) = 0.349863,	Nq(6) = 0.564291,	Nq(7) = 0.349863,	Nq(8) = 0.349863,	Nq(9) = 0.564291,	Nq(10) = 0.563161,	Nq(11) = 0.564291,	Nq(12) = 0.373393,	Nq(13) = 0.349863,	Nq(14) = 0.564291,	Nq(15) = 0.349863,	Sq(0) = -3.03204e-18,	Sq(1) = 0.376615,	Sq(2) = 0.420729,	Sq(3) = 0.376615,	Sq(4) = 0.376615,	Sq(5) = 0.420729,	Sq(6) = 0.65009,	Sq(7) = 0.420729,	Sq(8) = 0.420729,	Sq(9) = 0.65009,	Sq(10) = 2.95573,	Sq(11) = 0.65009,	Sq(12) = 0.376615,	Sq(13) = 0.420729,	Sq(14) = 0.65009,	Sq(15) = 0.420729,	N(0) = 1.99635,	N(1) = 1.99564,	N(2) = 1,	N(3) = 1.99564,	N(4) = 1.99564,	N(5) = 1,	N(6) = 0.00436487,	N(7) = 1,	N(8) = 1,	N(9) = 0.00436487,	N(10) = 0.00364948,	N(11) = 0.00436487,	N(12) = 1.99564,	N(13) = 1,	N(14) = 0.00436487,	N(15) = 1,	Delta[s](0) = 0.220041,	Delta[s](1) = 0.216289,	Delta[s](2) = 0.19723,	Delta[s](3) = 0.216289,	Delta[s](4) = 0.216289,	Delta[s](5) = 0.19723,	Delta[s](6) = 0.193513,	Delta[s](7) = 0.19723,	Delta[s](8) = 0.19723,	Delta[s](9) = 0.193513,	Delta[s](10) = 0.163908,	Delta[s](11) = 0.193513,	Delta[s](12) = 0.216289,	Delta[s](13) = 0.19723,	Delta[s](14) = 0.193513,	Delta[s](15) = 0.19723,	Delta[d](0) = 0.529314,	Delta[d](1) = 0.393362,	Delta[d](2) = 0.355635,	Delta[d](3) = 0.393362,	Delta[d](4) = 0.393362,	Delta[d](5) = 0.420618,	Delta[d](6) = 0.338968,	Delta[d](7) = 0.420618,	Delta[d](8) = 0.355635,	Delta[d](9) = 0.338968,	Delta[d](10) = 0.314122,	Delta[d](11) = 0.338968,	Delta[d](12) = 0.393362,	Delta[d](13) = 0.420618,	Delta[d](14) = 0.338968,	Delta[d](15) = 0.420618,	Delta[s+](0) = 0.586764,	Delta[s+](1) = 0.49113,	Delta[s+](2) = 0.355635,	Delta[s+](3) = 0.49113,	Delta[s+](4) = 0.49113,	Delta[s+](5) = 0.355635,	Delta[s+](6) = 0.214855,	Delta[s+](7) = 0.355635,	Delta[s+](8) = 0.355635,	Delta[s+](9) = 0.214855,	Delta[s+](10) = 0.104635,	Delta[s+](11) = 0.214855,	Delta[s+](12) = 0.49113,	Delta[s+](13) = 0.355635,	Delta[s+](14) = 0.214855,	Delta[s+](15) = 0.355635
The 20-th iteration is completed.	|| time cost : 0h 3m 40.854s
********************************************************************************************************************
Start the 21 rounds of NGS-ED iteration
	effective electronic model is modified as: kinetic energy t = 0.666405
	                                           effective interaction Vq = [      -5,-4.81577,-4.46213,-4.81577,-4.81577,-4.46213,-4.56349,-4.46213,-4.46213,-4.56349,-4.37332,-4.56349,-4.81577,-4.46213,-4.56349,-4.46213]
	PARPACK diagonalization completed after 30 matrix-vector product operations.
	iteration results: : total energy is -93.870004 | electron energy -94.467914 + phonon energy 0.597909 | electron momentum kIdx = 10
The 21-th iteration is completed.	|| time cost : 0h 0m 20.57s
********************************************************************************************************************
Start the 22 rounds of NGS-ED iteration
	effective electronic model is modified as: kinetic energy t = 0.666396
	                                           effective interaction Vq = [      -5, -4.8158,-4.46216, -4.8158, -4.8158,-4.46216,-4.56356,-4.46216,-4.46216,-4.56356,-4.37335,-4.56356, -4.8158,-4.46216,-4.56356,-4.46216]
	PARPACK diagonalization completed after 30 matrix-vector product operations.
	iteration results: : total energy is -93.870005 | electron energy -94.467959 + phonon energy 0.597954 | electron momentum kIdx = 10
The 22-th iteration is completed.	|| time cost : 0h 0m 21.331s
********************************************************************************************************************
Start the 23 rounds of NGS-ED iteration
	effective electronic model is modified as: kinetic energy t = 0.666389
	                                           effective interaction Vq = [      -5,-4.81582,-4.46217,-4.81582,-4.81582,-4.46217,-4.56361,-4.46217,-4.46217,-4.56361,-4.37338,-4.56361,-4.81582,-4.46217,-4.56361,-4.46217]
	PARPACK diagonalization completed after 30 matrix-vector product operations.
	iteration results: : total energy is -93.870005 | electron energy -94.467989 + phonon energy 0.597985 | electron momentum kIdx = 10
