SNEDics v3.2 diagonalization test program		Start at Tue May  7 07:52:37 2019

parallized on 80 MPI threads  * 6 OpenMP threads = 480 total threads.
************************************************************************************
************************************************************************************

Input file "model_params.in"
Hubbard-Holstein model parameters : 	t = 1    U = 3.5    g = 4.4721    W = 5    
************************************************************************************
Input file "hilbertspace_params.in"

Cluster Positions:				Cluster symmetry group : D4
 x ... x ... x ... x .....                       x ... x ... x ... x .....
 |           |           :                       |           |           :
 |           |           :                       |           |           :
12    13    14    15     x                       1     5     6     5     x
 |           |           :                       |           |           :
 |           |           :                       |           |           :
 8 --- 9 ---10 ---11 --- x                       2 --- 6 ---10 --- 6 --- x
 |           |           :                       |           |           :
 |           |           :                       |           |           :
 4     5     6     7     x                       1     5     6     5     x
 |           |           :                       |           |           :
 |           |           :                       |           |           :
 0 --- 1 --- 2 --- 3 --- x                       0 --- 1 --- 2 --- 1 --- x
orbital number : 1
************************************************************************************
** NOTE ** Detected low phonon energy W < 10. The initial state will be prepared through a warm-up process.
starting warm-up calculation for scaling factor 2
0 rounds of non-Gaussian ED iteration : ground-state energy is -14.4609 | electron energy -14.4609 + phonon energy 0 | electron momentum kIdx = 10
Nq = 	16	0.185165	0.256894	0.185165	0.185165	0.256894	0.353962	0.256894	0.256894	0.353962	0.419629	0.353962	0.185165	0.256894	0.353962	0.256894
Sq = 	-1.45379e-18	0.329811	0.424619	0.329811	0.329811	0.424619	0.64706	0.424619	0.424619	0.64706	5.4273	0.64706	0.329811	0.424619	0.64706	0.424619
1 rounds of non-Gaussian ED iteration : ground-state energy is -90.5025 | electron energy -90.5129 + phonon energy 0.0104133 | electron momentum kIdx = 10
Nq = 	16	0.42081	0.57714	0.42081	0.42081	0.57714	0.721564	0.57714	0.57714	0.721564	3.29206	0.721564	0.42081	0.57714	0.721564	0.57714
Sq = 	1.36153e-19	0.221667	0.286558	0.221667	0.221667	0.286558	0.401834	0.286558	0.286558	0.401834	0.462251	0.401834	0.221667	0.286558	0.401834	0.286558
2 rounds of non-Gaussian ED iteration : ground-state energy is -104.891 | electron energy -104.966 + phonon energy 0.07501 | electron momentum kIdx = 10
Nq = 	16	0.208696	0.309063	0.208696	0.208696	0.309063	0.458978	0.309063	0.309063	0.458978	8.57598	0.458978	0.208696	0.309063	0.458978	0.309063
Sq = 	1.99354e-18	0.117569	0.185069	0.117569	0.117569	0.185069	0.252093	0.185069	0.185069	0.252093	0.309877	0.252093	0.117569	0.185069	0.252093	0.185069
3 rounds of non-Gaussian ED iteration : ground-state energy is -107.082 | electron energy -107.175 + phonon energy 0.0937728 | electron momentum kIdx = 10
Nq = 	16	0.149594	0.240933	0.149594	0.149594	0.240933	0.355233	0.240933	0.240933	0.355233	10.0342	0.355233	0.149594	0.240933	0.355233	0.240933
Sq = 	-2.1077e-18	0.0975751	0.160101	0.0975751	0.0975751	0.160101	0.219361	0.160101	0.160101	0.219361	0.272577	0.219361	0.0975751	0.160101	0.219361	0.160101
4 rounds of non-Gaussian ED iteration : ground-state energy is -107.39 | electron energy -107.48 + phonon energy 0.090315 | electron momentum kIdx = 10
Nq = 	16	0.132221	0.218641	0.132221	0.132221	0.218641	0.321052	0.218641	0.218641	0.321052	10.4623	0.321052	0.132221	0.218641	0.321052	0.218641
Sq = 	-7.7795e-19	0.09309	0.154456	0.09309	0.09309	0.154456	0.212265	0.154456	0.154456	0.212265	0.264623	0.212265	0.09309	0.154456	0.212265	0.154456
5 rounds of non-Gaussian ED iteration : ground-state energy is -107.439 | electron energy -107.525 + phonon energy 0.0860529 | electron momentum kIdx = 10
Nq = 	16	0.123817	0.207435	0.123817	0.123817	0.207435	0.303811	0.207435	0.207435	0.303811	10.6688	0.303811	0.123817	0.207435	0.303811	0.207435
Sq = 	1.53382e-18	0.0911431	0.152072	0.0911431	0.0911431	0.152072	0.209387	0.152072	0.152072	0.209387	0.261513	0.209387	0.0911431	0.152072	0.209387	0.152072
6 rounds of non-Gaussian ED iteration : ground-state energy is -107.449 | electron energy -107.532 + phonon energy 0.0827229 | electron momentum kIdx = 10
Nq = 	16	0.119072	0.200985	0.119072	0.119072	0.200985	0.293877	0.200985	0.200985	0.293877	10.7878	0.293877	0.119072	0.200985	0.293877	0.200985
Sq = 	-8.20546e-19	0.0899859	0.150661	0.0899859	0.0899859	0.150661	0.207706	0.150661	0.150661	0.207706	0.259719	0.207706	0.0899859	0.150661	0.207706	0.150661
7 rounds of non-Gaussian ED iteration : ground-state energy is -107.452 | electron energy -107.532 + phonon energy 0.080381 | electron momentum kIdx = 10
Nq = 	16	0.11629	0.197159	0.11629	0.11629	0.197159	0.287987	0.197159	0.197159	0.287987	10.859	0.287987	0.11629	0.197159	0.287987	0.197159
Sq = 	-8.14513e-20	0.0892622	0.149776	0.0892622	0.0892622	0.149776	0.206653	0.149776	0.149776	0.206653	0.258596	0.206653	0.0892622	0.149776	0.206653	0.149776
Ground state is obtained after 8 iterations. The current ground-state energy is -107.453, in which electron energy is -107.531 and phonon energy is 0.078841
final variational state is: 
Gamma_x =       1 1.01856  1.0338 1.01856 1.01856  1.0338 1.04999  1.0338  1.0338 1.04999 1.12568 1.04999 1.01856  1.0338 1.04999  1.0338
lambda_q = 0.632238 0.465315 0.445828 0.465315 0.465315 0.445828 0.444408 0.445828 0.445828 0.444408 0.623498 0.444408 0.465315 0.445828 0.444408 0.445828
o___o  -------------------------------------
| L |	Time since last clock: 0h 43m 38.047s
A===A	Time since the beginning: 0h 43m 38.047s
********************************************

************************************************************************************
Warm up completed
o___o  -------------------------------------
| L |	Time since last clock: 0h 0m 0.028s
A===A	Time since the beginning: 0h 43m 38.075s
********************************************

************************************************************************************
0 rounds of non-Gaussian ED iteration : ground-state energy is -96.2564 | electron energy -96.2958 + phonon energy 0.0394205 | electron momentum kIdx = 10
Nq = 	16	0.10207	0.175421	0.10207	0.10207	0.175421	0.25323	0.175421	0.175421	0.25323	11.0935	0.25323	0.10207	0.175421	0.25323	0.175421
Sq = 	2.38226e-18	0.0915746	0.154955	0.0915746	0.0915746	0.154955	0.21604	0.154955	0.154955	0.21604	0.272553	0.21604	0.0915746	0.154955	0.21604	0.154955
1 rounds of non-Gaussian ED iteration : ground-state energy is -102.399 | electron energy -102.516 + phonon energy 0.117289 | electron momentum kIdx = 10
Nq = 	16	0.0728582	0.131704	0.0728582	0.0728582	0.131704	0.190111	0.131704	0.131704	0.190111	12.2685	0.190111	0.0728582	0.131704	0.190111	0.131704
Sq = 	-7.37939e-19	0.0678726	0.12047	0.0678726	0.0678726	0.12047	0.16969	0.12047	0.12047	0.16969	0.21631	0.16969	0.0678726	0.12047	0.16969	0.12047
2 rounds of non-Gaussian ED iteration : ground-state energy is -104.623 | electron energy -104.769 + phonon energy 0.146242 | electron momentum kIdx = 10
Nq = 	16	0.0624372	0.114709	0.0624372	0.0624372	0.114709	0.165662	0.114709	0.114709	0.165662	12.7129	0.165662	0.0624372	0.114709	0.165662	0.114709
Sq = 	-1.42194e-18	0.0594405	0.107434	0.0594405	0.0594405	0.107434	0.152273	0.107434	0.107434	0.152273	0.195032	0.152273	0.0594405	0.107434	0.152273	0.107434
3 rounds of non-Gaussian ED iteration : ground-state energy is -105.388 | electron energy -105.542 + phonon energy 0.153382 | electron momentum kIdx = 10
Nq = 	16	0.0579523	0.107135	0.0579523	0.0579523	0.107135	0.154724	0.107135	0.107135	0.154724	12.9091	0.154724	0.0579523	0.107135	0.154724	0.107135
Sq = 	2.41012e-19	0.0557973	0.101681	0.0557973	0.0557973	0.101681	0.144606	0.101681	0.101681	0.144606	0.185676	0.144606	0.0557973	0.101681	0.144606	0.101681
4 rounds of non-Gaussian ED iteration : ground-state energy is -105.647 | electron energy -105.802 + phonon energy 0.154396 | electron momentum kIdx = 10
Nq = 	16	0.0557401	0.103336	0.0557401	0.0557401	0.103336	0.149223	0.103336	0.103336	0.149223	13.0074	0.149223	0.0557401	0.103336	0.149223	0.103336
Sq = 	1.77903e-19	0.0539856	0.0987926	0.0539856	0.0539856	0.0987926	0.14076	0.0987926	0.0987926	0.14076	0.180986	0.14076	0.0539856	0.0987926	0.14076	0.0987926
5 rounds of non-Gaussian ED iteration : ground-state energy is -105.735 | electron energy -105.889 + phonon energy 0.153909 | electron momentum kIdx = 10
Nq = 	16	0.0545693	0.101309	0.0545693	0.0545693	0.101309	0.146281	0.101309	0.101309	0.146281	13.0599	0.146281	0.0545693	0.101309	0.146281	0.101309
Sq = 	3.67223e-19	0.0530191	0.0972434	0.0530191	0.0530191	0.0972434	0.138698	0.0972434	0.0972434	0.138698	0.178471	0.138698	0.0530191	0.0972434	0.138698	0.0972434
6 rounds of non-Gaussian ED iteration : ground-state energy is -105.766 | electron energy -105.919 + phonon energy 0.153161 | electron momentum kIdx = 10
Nq = 	16	0.0539285	0.100194	0.0539285	0.0539285	0.100194	0.144661	0.100194	0.100194	0.144661	13.0889	0.144661	0.0539285	0.100194	0.144661	0.100194
Sq = 	-8.72347e-19	0.052487	0.096388	0.052487	0.052487	0.096388	0.137559	0.096388	0.096388	0.137559	0.177082	0.137559	0.052487	0.096388	0.137559	0.096388
7 rounds of non-Gaussian ED iteration : ground-state energy is -105.776 | electron energy -105.929 + phonon energy 0.152495 | electron momentum kIdx = 10
Nq = 	16	0.053572	0.099572	0.053572	0.053572	0.099572	0.143756	0.099572	0.099572	0.143756	13.105	0.143756	0.053572	0.099572	0.143756	0.099572
Sq = 	3.53294e-19	0.05219	0.0959095	0.05219	0.05219	0.0959095	0.136922	0.0959095	0.0959095	0.136922	0.176306	0.136922	0.05219	0.0959095	0.136922	0.0959095
8 rounds of non-Gaussian ED iteration : ground-state energy is -105.78 | electron energy -105.932 + phonon energy 0.151989 | electron momentum kIdx = 10
Nq = 	16	0.0533721	0.0992226	0.0533721	0.0533721	0.0992226	0.143247	0.0992226	0.0992226	0.143247	13.1141	0.143247	0.0533721	0.0992226	0.143247	0.0992226
Sq = 	1.07605e-18	0.0520231	0.0956406	0.0520231	0.0520231	0.0956406	0.136564	0.0956406	0.0956406	0.136564	0.175869	0.136564	0.0520231	0.0956406	0.136564	0.0956406
9 rounds of non-Gaussian ED iteration : ground-state energy is -105.781 | electron energy -105.933 + phonon energy 0.151636 | electron momentum kIdx = 10
Nq = 	16	0.0532596	0.0990257	0.0532596	0.0532596	0.0990257	0.14296	0.0990257	0.0990257	0.14296	13.1192	0.14296	0.0532596	0.0990257	0.14296	0.0990257
Sq = 	9.355e-19	0.0519291	0.095489	0.0519291	0.0519291	0.095489	0.136362	0.095489	0.095489	0.136362	0.175623	0.136362	0.0519291	0.095489	0.136362	0.095489
10 rounds of non-Gaussian ED iteration : ground-state energy is -105.782 | electron energy -105.933 + phonon energy 0.151401 | electron momentum kIdx = 10
Nq = 	16	0.0531962	0.0989146	0.0531962	0.0531962	0.0989146	0.142798	0.0989146	0.0989146	0.142798	13.1221	0.142798	0.0531962	0.0989146	0.142798	0.0989146
Sq = 	1.30353e-19	0.051876	0.0954036	0.051876	0.051876	0.0954036	0.136248	0.0954036	0.0954036	0.136248	0.175485	0.136248	0.051876	0.0954036	0.136248	0.0954036
11 rounds of non-Gaussian ED iteration : ground-state energy is -105.782 | electron energy -105.933 + phonon energy 0.151251 | electron momentum kIdx = 10
Nq = 	16	0.0531604	0.0988519	0.0531604	0.0531604	0.0988519	0.142706	0.0988519	0.0988519	0.142706	13.1238	0.142706	0.0531604	0.0988519	0.142706	0.0988519
Sq = 	1.34133e-18	0.0518461	0.0953554	0.0518461	0.0518461	0.0953554	0.136184	0.0953554	0.0953554	0.136184	0.175407	0.136184	0.0518461	0.0953554	0.136184	0.0953554
12 rounds of non-Gaussian ED iteration : ground-state energy is -105.782 | electron energy -105.933 + phonon energy 0.151157 | electron momentum kIdx = 10
Nq = 	16	0.0531402	0.0988164	0.0531402	0.0531402	0.0988164	0.142655	0.0988164	0.0988164	0.142655	13.1247	0.142655	0.0531402	0.0988164	0.142655	0.0988164
Sq = 	-1.26611e-18	0.0518293	0.0953282	0.0518293	0.0518293	0.0953282	0.136148	0.0953282	0.0953282	0.136148	0.175363	0.136148	0.0518293	0.0953282	0.136148	0.0953282
13 rounds of non-Gaussian ED iteration : ground-state energy is -105.782 | electron energy -105.933 + phonon energy 0.1511 | electron momentum kIdx = 10
Nq = 	16	0.0531288	0.0987964	0.0531288	0.0531288	0.0987964	0.142625	0.0987964	0.0987964	0.142625	13.1252	0.142625	0.0531288	0.0987964	0.142625	0.0987964
Sq = 	-1.3199e-18	0.0518197	0.0953128	0.0518197	0.0518197	0.0953128	0.136128	0.0953128	0.0953128	0.136128	0.175338	0.136128	0.0518197	0.0953128	0.136128	0.0953128
14 rounds of non-Gaussian ED iteration : ground-state energy is -105.782 | electron energy -105.933 + phonon energy 0.151066 | electron momentum kIdx = 10
Nq = 	16	0.0531224	0.0987851	0.0531224	0.0531224	0.0987851	0.142609	0.0987851	0.0987851	0.142609	13.1255	0.142609	0.0531224	0.0987851	0.142609	0.0987851
Sq = 	1.05196e-18	0.0518144	0.0953042	0.0518144	0.0518144	0.0953042	0.136116	0.0953042	0.0953042	0.136116	0.175324	0.136116	0.0518144	0.0953042	0.136116	0.0953042
15 rounds of non-Gaussian ED iteration : ground-state energy is -105.782 | electron energy -105.933 + phonon energy 0.151045 | electron momentum kIdx = 10
Nq = 	16	0.0531187	0.0987788	0.0531187	0.0531187	0.0987788	0.1426	0.0987788	0.0987788	0.1426	13.1257	0.1426	0.0531187	0.0987788	0.1426	0.0987788
Sq = 	-4.38777e-19	0.0518113	0.0952993	0.0518113	0.0518113	0.0952993	0.13611	0.0952993	0.0952993	0.13611	0.175316	0.13611	0.0518113	0.0952993	0.13611	0.0952993
16 rounds of non-Gaussian ED iteration : ground-state energy is -105.782 | electron energy -105.933 + phonon energy 0.151033 | electron momentum kIdx = 10
Nq = 	16	0.0531167	0.0987752	0.0531167	0.0531167	0.0987752	0.142594	0.0987752	0.0987752	0.142594	13.1258	0.142594	0.0531167	0.0987752	0.142594	0.0987752
Sq = 	-1.21215e-18	0.0518096	0.0952966	0.0518096	0.0518096	0.0952966	0.136106	0.0952966	0.0952966	0.136106	0.175312	0.136106	0.0518096	0.0952966	0.136106	0.0952966
Ground state is obtained after 17 iterations. The current ground-state energy is -105.782, in which electron energy is -105.933 and phonon energy is 0.151025
final variational state is: 
Gamma_x =       1 1.02114 1.03935 1.02114 1.02114 1.03935 1.05709 1.03935 1.03935 1.05709 1.36542 1.05709 1.02114 1.03935 1.05709 1.03935
lambda_q = 0.894367 0.391598  0.37951 0.391598 0.391598  0.37951 0.374846  0.37951  0.37951 0.374846 0.880726 0.374846 0.391598  0.37951 0.374846  0.37951
o___o  -------------------------------------
| L |	Time since last clock: 1h 26m 35.408s
A===A	Time since the beginning: 2h 10m 13.484s
********************************************

************************************************************************************
