SNEDics v3.22.2 Non-Gaussian ED ground state program		Start at Thu Jun  9 08:46:30 2022

Parallelization: 32 MPI threads  * 8 OpenMP threads = 256 total threads.
********************************************************************************************************************
********************************************************************************************************************

********************************************************************************************************************
System parameters and configurations
	special program options are enabled: splitted diagonal Hamiltonian | splitted Hamiltonian terms
********************************************************************************************************************
Read input file "model_params.in"
	Hubbard-Holstein model parameters : 	t = 1    U = 8    g = 0.65    W = 0.2    g' = 0.4    
********************************************************************************************************************
Read input file "hilbertspace_params.in"
	Requested 16-site 2D lattice, with 12 electrons (6, 6)
	Boundary : Periodic		Hilbert space representation : momentum-space (restricted to kIdx = 10)
	Conservation: particle number[U(1)]      spin[U(1)]     momentum
********************************************************************************************************************

Cluster Positions:				Cluster symmetry group : D4
 x ... x ... x ... x .....                       x ... x ... x ... x .....
 |           |           :                       |           |           :
 |           |           :                       |           |           :
12    13    14    15     x                       1     5     6     5     x
 |           |           :                       |           |           :
 |           |           :                       |           |           :
 8 --- 9 ---10 ---11 --- x                       2 --- 6 ---10 --- 6 --- x
 |           |           :                       |           |           :
 |           |           :                       |           |           :
 4     5     6     7     x                       1     5     6     5     x
 |           |           :                       |           |           :
 |           |           :                       |           |           :
 0 --- 1 --- 2 --- 3 --- x                       0 --- 1 --- 2 --- 1 --- x
orbital number : 1
********************************************************************************************************************
Read input file "obs_params.in"
	Observable Type : Nq(All),   Sq(All),   N(All-Orbital),   Delta[s](All),   Delta[d](All),   Delta[s+](All)
** WARNING ** the input observables have non-local factors which have been reinterpreted. The total observable number is 96
********************************************************************************************************************


********************************************************************************************************************
Start calculating the non-Gaussian ED ground state
Maximal iteration number is 1000; energy resolution is 1e-06. Phonon state relaxation time is 2000
W = 0.2 is relatively large. The non-Gaussian ED calculation starts directly.
open output files: NGSED_iteration_observables.txt
********************************************************************************************************************
Start the 0 rounds of NGS-ED iteration
	effective electronic model is modified as: kinetic energy t = 1
	                                           effective interaction Vq = [0,0,0,0,0,0,0,0,0,0,0,0,0,0,0,0]
	first Hamiltonian is constructed, size = 4008592 and non-zero numbers = 969134084
	PARPACK diagonalization completed after 150 matrix-vector product operations.
	iteration results: : total energy is -14.925310 | electron energy -14.925310 + phonon energy 0.000000 | electron momentum kIdx = 10
	Nq(0) = 9,	Nq(1) = 0.191675,	Nq(2) = 0.238629,	Nq(3) = 0.191675,	Nq(4) = 0.191675,	Nq(5) = 0.259295,	
	Nq(6) = 0.314107,	Nq(7) = 0.259295,	Nq(8) = 0.238629,	Nq(9) = 0.314107,	Nq(10) = 0.369338,	
	Nq(11) = 0.314107,	Nq(12) = 0.191675,	Nq(13) = 0.259295,	Nq(14) = 0.314107,	Nq(15) = 0.259295;	
	Sq(0) = -1.73566e-18,	Sq(1) = 0.554662,	Sq(2) = 0.921866,	Sq(3) = 0.554662,	Sq(4) = 0.554662,	
	Sq(5) = 0.548737,	Sq(6) = 1.01287,	Sq(7) = 0.548737,	Sq(8) = 0.921866,	Sq(9) = 1.01287,	
	Sq(10) = 0.784303,	Sq(11) = 1.01287,	Sq(12) = 0.554662,	Sq(13) = 0.548737,	Sq(14) = 1.01287,	
	Sq(15) = 0.548737;	N(0) = 1.76735,	N(1) = 1.6264,	N(2) = 0.275186,	N(3) = 1.6264,	
	N(4) = 1.6264,	N(5) = 0.626534,	N(6) = 0.144321,	N(7) = 0.626534,	N(8) = 0.275186,	
	N(9) = 0.144321,	N(10) = 0.0932732,	N(11) = 0.144321,	N(12) = 1.6264,	N(13) = 0.626534,	
	N(14) = 0.144321,	N(15) = 0.626534;	Delta[s](0) = 0.0485285,	Delta[s](1) = 0.0379465,	Delta[s](2) = 0.0273,	
	Delta[s](3) = 0.0379465,	Delta[s](4) = 0.0379465,	Delta[s](5) = 0.0284578,	Delta[s](6) = 0.0184481,	Delta[s](7) = 0.0284578,	
	Delta[s](8) = 0.0273,	Delta[s](9) = 0.0184481,	Delta[s](10) = 0.0109115,	Delta[s](11) = 0.0184481,	Delta[s](12) = 0.0379465,	
	Delta[s](13) = 0.0284578,	Delta[s](14) = 0.0184481,	Delta[s](15) = 0.0284578;	Delta[d](0) = 0.166051,	Delta[d](1) = 0.142584,	
	Delta[d](2) = 0.161836,	Delta[d](3) = 0.142584,	Delta[d](4) = 0.142584,	Delta[d](5) = 0.123565,	Delta[d](6) = 0.106579,	
	Delta[d](7) = 0.123565,	Delta[d](8) = 0.161836,	Delta[d](9) = 0.106579,	Delta[d](10) = 0.0602267,	Delta[d](11) = 0.106579,	
	Delta[d](12) = 0.142584,	Delta[d](13) = 0.123565,	Delta[d](14) = 0.106579,	Delta[d](15) = 0.123565;	Delta[s+](0) = 0.460277,	
	Delta[s+](1) = 0.319137,	Delta[s+](2) = 0.161836,	Delta[s+](3) = 0.319137,	Delta[s+](4) = 0.319137,	Delta[s+](5) = 0.195278,	
	Delta[s+](6) = 0.0801,	Delta[s+](7) = 0.195278,	Delta[s+](8) = 0.161836,	Delta[s+](9) = 0.0801,	Delta[s+](10) = 0.0305998,	
	Delta[s+](11) = 0.0801,	Delta[s+](12) = 0.319137,	Delta[s+](13) = 0.195278,	Delta[s+](14) = 0.0801,	Delta[s+](15) = 0.195278
	
The 0-th iteration is completed.	|| time cost : 0h 2m 2.995s
********************************************************************************************************************
Start the 1 rounds of NGS-ED iteration
	effective electronic model is modified as: kinetic energy t = 0.862571
	                                           effective interaction Vq = [   -25.3125,    -7.1435,  -0.242868,    -7.1435,    -7.1435,  -0.277158,-0.00897666,  -0.277158,  -0.242868,-0.00897666,   -1.07937,-0.00897666,    -7.1435,  -0.277158,-0.00897666,  -0.277158]
	PARPACK diagonalization completed after 75 matrix-vector product operations.
	iteration results: : total energy is -268.913846 | electron energy -270.675686 + phonon energy 1.761839 | electron momentum kIdx = 10
The 1-th iteration is completed.	|| time cost : 0h 1m 21.642s
********************************************************************************************************************
Start the 2 rounds of NGS-ED iteration
	effective electronic model is modified as: kinetic energy t = 0.49401
	                                           effective interaction Vq = [  -25.3125,  -10.5076,   -1.4282,  -10.5076,  -10.5076, -0.545471,-0.0118081, -0.545471,   -1.4282,-0.0118081, -0.558181,-0.0118081,  -10.5076, -0.545471,-0.0118081, -0.545471]
	PARPACK diagonalization completed after 60 matrix-vector product operations.
	iteration results: : total energy is -301.209897 | electron energy -303.164272 + phonon energy 1.954375 | electron momentum kIdx = 10
The 2-th iteration is completed.	|| time cost : 0h 0m 12.735s
********************************************************************************************************************
Start the 3 rounds of NGS-ED iteration
	effective electronic model is modified as: kinetic energy t = 1.29021e-06
	                                           effective interaction Vq = [-25.3125,-10.5125, -2.1125,-10.5125,-10.5125, -2.1125, -0.1125, -2.1125, -2.1125, -0.1125, -4.5125, -0.1125,-10.5125, -2.1125, -0.1125, -2.1125]
	PARPACK diagonalization completed after 60 matrix-vector product operations.
	iteration results: : total energy is -303.050000 | electron energy -303.050000 + phonon energy 0.000000 | electron momentum kIdx = 10
The 3-th iteration is completed.	|| time cost : 0h 0m 17.36s
********************************************************************************************************************
Start the 4 rounds of NGS-ED iteration
	effective electronic model is modified as: kinetic energy t = 2.66885e-05
	                                           effective interaction Vq = [    -25.3125,    -10.5125,     -2.1125,    -10.5125,    -10.5125,     -2.1125,-0.000716964,     -2.1125,     -2.1125,-0.000716964,  -0.0287582,-0.000716964,    -10.5125,     -2.1125,-0.000716964,     -2.1125]
	PARPACK diagonalization completed after 30 matrix-vector product operations.
	iteration results: : total energy is -303.050000 | electron energy -303.050000 + phonon energy 0.000000 | electron momentum kIdx = 10
The 4-th iteration is completed.	|| time cost : 0h 0m 9.214s
********************************************************************************************************************
Start the 5 rounds of NGS-ED iteration
	effective electronic model is modified as: kinetic energy t = 2.6545e-05
	                                           effective interaction Vq = [   -25.3125,   -10.5125,    -2.1125,   -10.5125,   -10.5125,    -2.1125,-0.00933046,    -2.1125,    -2.1125,-0.00933046,  -0.374255,-0.00933046,   -10.5125,    -2.1125,-0.00933046,    -2.1125]
	PARPACK diagonalization completed after 30 matrix-vector product operations.
	iteration results: : total energy is -303.050000 | electron energy -303.050000 + phonon energy 0.000000 | electron momentum kIdx = 10
The 5-th iteration is completed.	|| time cost : 0h 0m 9.18s
********************************************************************************************************************
Start the 6 rounds of NGS-ED iteration
	effective electronic model is modified as: kinetic energy t = 2.65391e-05
	                                           effective interaction Vq = [   -25.3125,   -10.5125,    -2.1125,   -10.5125,   -10.5125,    -2.1125,-0.00951711,    -2.1125,    -2.1125,-0.00951712,  -0.381742,-0.00951712,   -10.5125,    -2.1125,-0.00951711,    -2.1125]
	PARPACK diagonalization completed after 30 matrix-vector product operations.
	iteration results: : total energy is -303.050000 | electron energy -303.050000 + phonon energy 0.000000 | electron momentum kIdx = 10
The 6-th iteration is completed.	|| time cost : 0h 0m 9.187s
********************************************************************************************************************
Start the 7 rounds of NGS-ED iteration
	effective electronic model is modified as: kinetic energy t = 2.6539e-05
	                                           effective interaction Vq = [  -25.3125,  -10.5125,   -2.1125,  -10.5125,  -10.5125,   -2.1125,-0.0095203,   -2.1125,   -2.1125,-0.0095203,  -0.38187,-0.0095203,  -10.5125,   -2.1125,-0.0095203,   -2.1125]
	PARPACK diagonalization completed after 30 matrix-vector product operations.
	iteration results: : total energy is -303.050000 | electron energy -303.050000 + phonon energy 0.000000 | electron momentum kIdx = 10
The 7-th iteration is completed.	|| time cost : 0h 0m 9.174s
********************************************************************************************************************
Start the 8 rounds of NGS-ED iteration
	effective electronic model is modified as: kinetic energy t = 2.6539e-05
	                                           effective interaction Vq = [   -25.3125,   -10.5125,    -2.1125,   -10.5125,   -10.5125,    -2.1125,-0.00952035,    -2.1125,    -2.1125,-0.00952035,  -0.381872,-0.00952035,   -10.5125,    -2.1125,-0.00952035,    -2.1125]
	PARPACK diagonalization completed after 30 matrix-vector product operations.
	iteration results: : total energy is -303.050000 | electron energy -303.050000 + phonon energy 0.000000 | electron momentum kIdx = 10
The 8-th iteration is completed.	|| time cost : 0h 0m 9.184s
********************************************************************************************************************
Start the 9 rounds of NGS-ED iteration
	effective electronic model is modified as: kinetic energy t = 2.6539e-05
	                                           effective interaction Vq = [   -25.3125,   -10.5125,    -2.1125,   -10.5125,   -10.5125,    -2.1125,-0.00952035,    -2.1125,    -2.1125,-0.00952035,  -0.381872,-0.00952035,   -10.5125,    -2.1125,-0.00952035,    -2.1125]
	PARPACK diagonalization completed after 30 matrix-vector product operations.
	iteration results: : total energy is -303.050000 | electron energy -303.050000 + phonon energy 0.000000 | electron momentum kIdx = 10
	Nq(0) = 9,	Nq(1) = 2.5,	Nq(2) = 0.499086,	Nq(3) = 2.5,	Nq(4) = 2.5,	Nq(5) = 0.000457295,	
	Nq(6) = 1.27492e-10,	Nq(7) = 0.000457295,	Nq(8) = 0.499085,	Nq(9) = 1.27492e-10,	Nq(10) = 1.6999e-10,	
	Nq(11) = 1.27492e-10,	Nq(12) = 2.5,	Nq(13) = 0.000457295,	Nq(14) = 1.27492e-10,	Nq(15) = 0.000457295;	
	Sq(0) = 4.33016e-20,	Sq(1) = 0.0833848,	Sq(2) = 0.333131,	Sq(3) = 0.0833848,	Sq(4) = 0.0833851,	
	Sq(5) = 0.166819,	Sq(6) = 0.416615,	Sq(7) = 0.166819,	Sq(8) = 0.333132,	Sq(9) = 0.416616,	
	Sq(10) = 0.66646,	Sq(11) = 0.416616,	Sq(12) = 0.0833851,	Sq(13) = 0.166819,	Sq(14) = 0.416615,	
	Sq(15) = 0.166819;	N(0) = 0.750014,	N(1) = 0.750007,	N(2) = 0.75,	N(3) = 0.750007,	
	N(4) = 0.750007,	N(5) = 0.75,	N(6) = 0.749993,	N(7) = 0.75,	N(8) = 0.75,	
	N(9) = 0.749993,	N(10) = 0.749986,	N(11) = 0.749993,	N(12) = 0.750007,	N(13) = 0.75,	
	N(14) = 0.749993,	N(15) = 0.75;	Delta[s](0) = 0.25,	Delta[s](1) = 0.25,	Delta[s](2) = 0.25,	
	Delta[s](3) = 0.25,	Delta[s](4) = 0.25,	Delta[s](5) = 0.25,	Delta[s](6) = 0.25,	Delta[s](7) = 0.25,	
	Delta[s](8) = 0.25,	Delta[s](9) = 0.25,	Delta[s](10) = 0.25,	Delta[s](11) = 0.25,	Delta[s](12) = 0.25,	
	Delta[s](13) = 0.25,	Delta[s](14) = 0.25,	Delta[s](15) = 0.25;	Delta[d](0) = 0.281231,	Delta[d](1) = 0.260404,	
	Delta[d](2) = 0.239577,	Delta[d](3) = 0.260404,	Delta[d](4) = 0.260404,	Delta[d](5) = 0.239577,	Delta[d](6) = 0.21875,	
	Delta[d](7) = 0.239577,	Delta[d](8) = 0.239577,	Delta[d](9) = 0.21875,	Delta[d](10) = 0.197923,	Delta[d](11) = 0.21875,	
	Delta[d](12) = 0.260404,	Delta[d](13) = 0.239577,	Delta[d](14) = 0.21875,	Delta[d](15) = 0.239577;	Delta[s+](0) = 0.281231,	
	Delta[s+](1) = 0.260404,	Delta[s+](2) = 0.239577,	Delta[s+](3) = 0.260404,	Delta[s+](4) = 0.260404,	Delta[s+](5) = 0.239577,	
	Delta[s+](6) = 0.21875,	Delta[s+](7) = 0.239577,	Delta[s+](8) = 0.239577,	Delta[s+](9) = 0.21875,	Delta[s+](10) = 0.197923,	
	Delta[s+](11) = 0.21875,	Delta[s+](12) = 0.260404,	Delta[s+](13) = 0.239577,	Delta[s+](14) = 0.21875,	Delta[s+](15) = 0.239577
	
The 9-th iteration is completed.	|| time cost : 0h 1m 18.983s
********************************************************************************************************************
********************************************************************************************************************
Ground state is obtained after 10 iterations. The current ground-state energy is -303.05, in which electron energy is -303.05 and phonon energy is 2.4647e-15
Final variational state is: 
	Gamma_x = [1,1,1,1,1,1,1,1,1,1,1,1,1,1,1,1]
	lambda_q = [     11.25,      7.25,      3.25,      7.25,      7.25,   3.24999,-0.0324359,   3.24999,      3.25,-0.0324359, -0.205427,-0.0324359,      7.25,   3.24999,-0.0324359,   3.24999]
Effective e-e interactions mediated by phonons are:
	momentum-space Vq = [   -25.3125,   -10.5125,    -2.1125,   -10.5125,   -10.5125,    -2.1125,-0.00952035,    -2.1125,    -2.1125,-0.00952035,  -0.381872,-0.00952035,   -10.5125,    -2.1125,-0.00952035,    -2.1125]
	real-space Vr = [ -5.02859, -2.87104, -1.34184, -2.87104, -2.87104, -1.34184,-0.245292, -1.34184, -1.34184,-0.245292, 0.232419,-0.245292, -2.87104, -1.34184,-0.245292, -1.34184]
********************************************************************************************************************
o___o  ----------------------------------------
| L |	Time since last clock: 0h 0m 0.004s
A===A	Time since the beginning: 0h 5m 59.663s
***********************************************


Non-Gaussina ED ground state calculation is completed. The final ground-state energy is -303.05
********************************************************************************************************************
o___o  ----------------------------------------
| L |	Time since last clock: 0h 0m 0.004s
A===A	Time since the beginning: 0h 5m 59.667s
***********************************************



********************************************************************************************************************
All non-Gaussian ED ground state calculations have been completed. Exit now.
