SNEDics v3.4 Non-Gaussian ED ground state program		Start at Sat Sep 28 12:24:43 2019

parallized on 16 MPI threads  * 8 OpenMP threads = 128 total threads.
********************************************************************************************************************
********************************************************************************************************************

********************************************************************************************************************
System parameters and configurations
********************************************************************************************************************
Special program options are enabled: splitted diagonal Hamiltonian
********************************************************************************************************************
Read input file "model_params.in"
	Hubbard-Holstein model parameters : 	t = 1    U = 5    g = 1.5811    W = 5    
********************************************************************************************************************
Read input file "hilbertspace_params.in"
	Requested 16-site 2D lattice, with 10 electrons (5, 5)
	Boundary : Periodic		Hilbert space representation : momentum-space (restricted to kIdx = 0)
	Conservation: particle number[U(1)]      spin[U(1)]     momentum
********************************************************************************************************************

Cluster Positions:				Cluster symmetry group : D4
 x ... x ... x ... x .....                       x ... x ... x ... x .....
 |           |           :                       |           |           :
 |           |           :                       |           |           :
12    13    14    15     x                       1     5     6     5     x
 |           |           :                       |           |           :
 |           |           :                       |           |           :
 8 --- 9 ---10 ---11 --- x                       2 --- 6 ---10 --- 6 --- x
 |           |           :                       |           |           :
 |           |           :                       |           |           :
 4     5     6     7     x                       1     5     6     5     x
 |           |           :                       |           |           :
 |           |           :                       |           |           :
 0 --- 1 --- 2 --- 3 --- x                       0 --- 1 --- 2 --- 1 --- x
orbital number : 1
********************************************************************************************************************
Read input file "obs_params.in"
	Observable Type : Nq(All),   Sq(All),   N(All),   Delta[s](All),   Delta[d](All),   Delta[s+](All)
********************************************************************************************************************
** WARNING ** the input observables have non-local factors which have been reinterpreted. The total observable number is 96
********************************************************************************************************************


********************************************************************************************************************
Start calculating the non-Gaussian ED ground state
** WARNING ** Detected low phonon energy W < 10. The initial state will be prepared through a warm-up process.
********************************************************************************************************************
Start warm-up calculation for scaling factor 2
open output files: NGSEDWarmUpW10Obs.txt
********************************************************************************************************************
Start the 0 rounds of NGS-ED iteration
	effective electronic model is modified as: kinetic energy t = 1
	                                           effective interaction Vq = [-0,-0,-0,-0,-0,-0,-0,-0,-0,-0,-0,-0,-0,-0,-0,-0]
	first Hamiltonian is constructed, non-zero numbers = 242521378
	PARPACK diagonalization completed after 60 matrix-vector product operations.
	iteration results: : total energy is -18.912013 | electron energy -18.912013 + phonon energy 0.000000 | electron momentum kIdx = 0
	Nq(0) = 6.25,	Nq(1) = 0.248183,	Nq(2) = 0.30298,	Nq(3) = 0.248183,	Nq(4) = 0.248183,	Nq(5) = 0.30298,	Nq(6) = 0.416766,	Nq(7) = 0.30298,	Nq(8) = 0.30298,	Nq(9) = 0.416766,	Nq(10) = 0.486581,	Nq(11) = 0.416766,	Nq(12) = 0.248183,	Nq(13) = 0.30298,	Nq(14) = 0.416766,	Nq(15) = 0.30298,	Sq(0) = -1.10283e-17,	Sq(1) = 0.489051,	Sq(2) = 0.432572,	Sq(3) = 0.489051,	Sq(4) = 0.489051,	Sq(5) = 0.432572,	Sq(6) = 0.872866,	Sq(7) = 0.432572,	Sq(8) = 0.432572,	Sq(9) = 0.872866,	Sq(10) = 0.742644,	Sq(11) = 0.872866,	Sq(12) = 0.489051,	Sq(13) = 0.432572,	Sq(14) = 0.872866,	Sq(15) = 0.432572,	N(0) = 1.9162,	N(1) = 1.83637,	N(2) = 0.095095,	N(3) = 1.83637,	N(4) = 1.83637,	N(5) = 0.095095,	N(6) = 0.0328569,	N(7) = 0.095095,	N(8) = 0.095095,	N(9) = 0.0328569,	N(10) = 0.0363169,	N(11) = 0.0328569,	N(12) = 1.83637,	N(13) = 0.095095,	N(14) = 0.0328569,	N(15) = 0.095095,	Delta[s](0) = 0.103453,	Delta[s](1) = 0.0589767,	Delta[s](2) = 0.042442,	Delta[s](3) = 0.0589767,	Delta[s](4) = 0.0589767,	Delta[s](5) = 0.042442,	Delta[s](6) = 0.00277773,	Delta[s](7) = 0.042442,	Delta[s](8) = 0.042442,	Delta[s](9) = 0.00277773,	Delta[s](10) = 0.00200564,	Delta[s](11) = 0.00277773,	Delta[s](12) = 0.0589767,	Delta[s](13) = 0.042442,	Delta[s](14) = 0.00277773,	Delta[s](15) = 0.042442,	Delta[d](0) = 0.219392,	Delta[d](1) = 0.0817221,	Delta[d](2) = 0.148478,	Delta[d](3) = 0.0817221,	Delta[d](4) = 0.0817221,	Delta[d](5) = 0.107439,	Delta[d](6) = 0.0214486,	Delta[d](7) = 0.107439,	Delta[d](8) = 0.148478,	Delta[d](9) = 0.0214486,	Delta[d](10) = 0.0107121,	Delta[d](11) = 0.0214486,	Delta[d](12) = 0.0817221,	Delta[d](13) = 0.107439,	Delta[d](14) = 0.0214486,	Delta[d](15) = 0.107439,	Delta[s+](0) = 0.560067,	Delta[s+](1) = 0.341376,	Delta[s+](2) = 0.148478,	Delta[s+](3) = 0.341376,	Delta[s+](4) = 0.341376,	Delta[s+](5) = 0.148478,	Delta[s+](6) = 0.00754044,	Delta[s+](7) = 0.148478,	Delta[s+](8) = 0.148478,	Delta[s+](9) = 0.00754044,	Delta[s+](10) = 0.00247099,	Delta[s+](11) = 0.00754044,	Delta[s+](12) = 0.341376,	Delta[s+](13) = 0.148478,	Delta[s+](14) = 0.00754044,	Delta[s+](15) = 0.148478
The 0-th iteration is completed.	|| time cost : 0h 0m 45.784s
********************************************************************************************************************
Start the 1 rounds of NGS-ED iteration
	effective electronic model is modified as: kinetic energy t = 0.986208
	                                           effective interaction Vq = [-0.432311,-0.405622,-0.388815,-0.405622,-0.405622,-0.388815,-0.385018,-0.388815,-0.388815,-0.385018,-0.378531,-0.385018,-0.405622,-0.388815,-0.385018,-0.388815]
	PARPACK diagonalization completed after 30 matrix-vector product operations.
	iteration results: : total energy is -23.277802 | electron energy -23.278009 + phonon energy 0.000207 | electron momentum kIdx = 0
The 1-th iteration is completed.	|| time cost : 0h 0m 38.684s
********************************************************************************************************************
Start the 2 rounds of NGS-ED iteration
	effective electronic model is modified as: kinetic energy t = 0.978831
	                                           effective interaction Vq = [-0.490818,-0.463036,-0.440613,-0.463036,-0.463036,-0.440613,-0.436507,-0.440613,-0.440613,-0.436507,-0.426888,-0.436507,-0.463036,-0.440613,-0.436507,-0.440613]
	PARPACK diagonalization completed after 30 matrix-vector product operations.
	iteration results: : total energy is -23.747974 | electron energy -23.749117 + phonon energy 0.001143 | electron momentum kIdx = 0
The 2-th iteration is completed.	|| time cost : 0h 0m 2.288s
********************************************************************************************************************
Start the 3 rounds of NGS-ED iteration
	effective electronic model is modified as: kinetic energy t = 0.97678
	                                           effective interaction Vq = [-0.498736,-0.474693,-0.450787,-0.474693,-0.474693,-0.450787,-0.446601,-0.450787,-0.450787,-0.446601,-0.435973,-0.446601,-0.474693,-0.450787,-0.446601,-0.450787]
	PARPACK diagonalization completed after 30 matrix-vector product operations.
	iteration results: : total energy is -23.804322 | electron energy -23.806080 + phonon energy 0.001757 | electron momentum kIdx = 0
The 3-th iteration is completed.	|| time cost : 0h 0m 2.282s
********************************************************************************************************************
Start the 4 rounds of NGS-ED iteration
	effective electronic model is modified as: kinetic energy t = 0.976254
	                                           effective interaction Vq = [-0.499808,-0.477643,-0.453131,-0.477643,-0.477643,-0.453131,-0.448902,-0.453131,-0.453131,-0.448902,-0.437926,-0.448902,-0.477643,-0.453131,-0.448902,-0.453131]
	PARPACK diagonalization completed after 30 matrix-vector product operations.
	iteration results: : total energy is -23.811487 | electron energy -23.813460 + phonon energy 0.001973 | electron momentum kIdx = 0
The 4-th iteration is completed.	|| time cost : 0h 0m 2.283s
********************************************************************************************************************
Start the 5 rounds of NGS-ED iteration
	effective electronic model is modified as: kinetic energy t = 0.97612
	                                           effective interaction Vq = [-0.499953,-0.478459,-0.453697,-0.478459,-0.478459,-0.453697, -0.44945,-0.453697,-0.453697, -0.44945,-0.438362, -0.44945,-0.478459,-0.453697, -0.44945,-0.453697]
	PARPACK diagonalization completed after 30 matrix-vector product operations.
	iteration results: : total energy is -23.812426 | electron energy -23.814461 + phonon energy 0.002035 | electron momentum kIdx = 0
The 5-th iteration is completed.	|| time cost : 0h 0m 2.281s
********************************************************************************************************************
Start the 6 rounds of NGS-ED iteration
	effective electronic model is modified as: kinetic energy t = 0.976086
	                                           effective interaction Vq = [-0.499972,-0.478691,-0.453835,-0.478691,-0.478691,-0.453835,-0.449582,-0.453835,-0.453835,-0.449582, -0.43846,-0.449582,-0.478691,-0.453835,-0.449582,-0.453835]
	PARPACK diagonalization completed after 30 matrix-vector product operations.
	iteration results: : total energy is -23.812551 | electron energy -23.814602 + phonon energy 0.002051 | electron momentum kIdx = 0
The 6-th iteration is completed.	|| time cost : 0h 0m 2.293s
********************************************************************************************************************
Start the 7 rounds of NGS-ED iteration
	effective electronic model is modified as: kinetic energy t = 0.976077
	                                           effective interaction Vq = [-0.499975,-0.478758,-0.453869,-0.478758,-0.478758,-0.453869,-0.449613,-0.453869,-0.453869,-0.449613,-0.438482,-0.449613,-0.478758,-0.453869,-0.449613,-0.453869]
	PARPACK diagonalization completed after 30 matrix-vector product operations.
	iteration results: : total energy is -23.812568 | electron energy -23.814623 + phonon energy 0.002055 | electron momentum kIdx = 0
	Nq(0) = 6.25,	Nq(1) = 0.262618,	Nq(2) = 0.311564,	Nq(3) = 0.262618,	Nq(4) = 0.262618,	Nq(5) = 0.311564,	Nq(6) = 0.437091,	Nq(7) = 0.311564,	Nq(8) = 0.311564,	Nq(9) = 0.437091,	Nq(10) = 0.500658,	Nq(11) = 0.437091,	Nq(12) = 0.262618,	Nq(13) = 0.311564,	Nq(14) = 0.437091,	Nq(15) = 0.311564,	Sq(0) = 1.1862e-17,	Sq(1) = 0.477393,	Sq(2) = 0.426443,	Sq(3) = 0.477393,	Sq(4) = 0.477393,	Sq(5) = 0.426443,	Sq(6) = 0.84418,	Sq(7) = 0.426443,	Sq(8) = 0.426443,	Sq(9) = 0.84418,	Sq(10) = 0.736172,	Sq(11) = 0.84418,	Sq(12) = 0.477393,	Sq(13) = 0.426443,	Sq(14) = 0.84418,	Sq(15) = 0.426443,	N(0) = 1.93755,	N(1) = 1.87252,	N(2) = 0.0738798,	N(3) = 1.87252,	N(4) = 1.87252,	N(5) = 0.0738798,	N(6) = 0.0252698,	N(7) = 0.0738798,	N(8) = 0.0738798,	N(9) = 0.0252698,	N(10) = 0.0279971,	N(11) = 0.0252698,	N(12) = 1.87252,	N(13) = 0.0738798,	N(14) = 0.0252698,	N(15) = 0.0738798,	Delta[s](0) = 0.118073,	Delta[s](1) = 0.0665267,	Delta[s](2) = 0.0503775,	Delta[s](3) = 0.0665267,	Delta[s](4) = 0.0665267,	Delta[s](5) = 0.0503775,	Delta[s](6) = 0.00476767,	Delta[s](7) = 0.0503775,	Delta[s](8) = 0.0503775,	Delta[s](9) = 0.00476767,	Delta[s](10) = 0.00392218,	Delta[s](11) = 0.00476767,	Delta[s](12) = 0.0665267,	Delta[s](13) = 0.0503775,	Delta[s](14) = 0.00476767,	Delta[s](15) = 0.0503775,	Delta[d](0) = 0.224042,	Delta[d](1) = 0.0797553,	Delta[d](2) = 0.147618,	Delta[d](3) = 0.0797553,	Delta[d](4) = 0.0797553,	Delta[d](5) = 0.111029,	Delta[d](6) = 0.0192811,	Delta[d](7) = 0.111029,	Delta[d](8) = 0.147618,	Delta[d](9) = 0.0192811,	Delta[d](10) = 0.0100477,	Delta[d](11) = 0.0192811,	Delta[d](12) = 0.0797553,	Delta[d](13) = 0.111029,	Delta[d](14) = 0.0192811,	Delta[d](15) = 0.111029,	Delta[s+](0) = 0.557908,	Delta[s+](1) = 0.34117,	Delta[s+](2) = 0.147618,	Delta[s+](3) = 0.34117,	Delta[s+](4) = 0.34117,	Delta[s+](5) = 0.147618,	Delta[s+](6) = 0.00743831,	Delta[s+](7) = 0.147618,	Delta[s+](8) = 0.147618,	Delta[s+](9) = 0.00743831,	Delta[s+](10) = 0.00236545,	Delta[s+](11) = 0.00743831,	Delta[s+](12) = 0.34117,	Delta[s+](13) = 0.147618,	Delta[s+](14) = 0.00743831,	Delta[s+](15) = 0.147618
The 7-th iteration is completed.	|| time cost : 0h 0m 21.476s
********************************************************************************************************************
********************************************************************************************************************
Ground state is obtained after 8 iterations. The current ground-state energy is -23.8126, in which electron energy is -23.8146 and phonon energy is 0.00205521
final variational state is: 
	Gamma_x = [      1, 1.0043,1.00661, 1.0043, 1.0043,1.00661,1.00951,1.00661,1.00661,1.00951,1.01146,1.00951, 1.0043,1.00661,1.00951,1.00661]
	lambda_q = [0.223526, 0.17756,0.155706, 0.17756, 0.17756,0.155706,0.152641,0.155706,0.155706,0.152641,0.145187,0.152641, 0.17756,0.155706,0.152641,0.155706]
********************************************************************************************************************
o___o  ----------------------------------------
| L |	Time since last clock: 0h 0m 0s
A===A	Time since the beginning: 0h 1m 57.374s
***********************************************


********************************************************************************************************************
Warm up runs have been completed. Start calculating W = 5 phonon.
open output files: NGSEDIterationObs.txt
********************************************************************************************************************
Start the 0 rounds of NGS-ED iteration
	effective electronic model is modified as: kinetic energy t = 0.976075
	                                           effective interaction Vq = [-0.457015,-0.403842,-0.371151,-0.403842,-0.403842,-0.371151,-0.366184,-0.371151,-0.371151,-0.366184,-0.353713,-0.366184,-0.403842,-0.371151,-0.366184,-0.371151]
	PARPACK diagonalization completed after 30 matrix-vector product operations.
	iteration results: : total energy is -23.125239 | electron energy -23.126267 + phonon energy 0.001028 | electron momentum kIdx = 0
	Nq(0) = 6.25,	Nq(1) = 0.26003,	Nq(2) = 0.309637,	Nq(3) = 0.26003,	Nq(4) = 0.26003,	Nq(5) = 0.309637,	Nq(6) = 0.43233,	Nq(7) = 0.309637,	Nq(8) = 0.309637,	Nq(9) = 0.43233,	Nq(10) = 0.496931,	Nq(11) = 0.43233,	Nq(12) = 0.26003,	Nq(13) = 0.309637,	Nq(14) = 0.43233,	Nq(15) = 0.309637,	Sq(0) = -2.37369e-17,	Sq(1) = 0.479838,	Sq(2) = 0.42786,	Sq(3) = 0.479838,	Sq(4) = 0.479838,	Sq(5) = 0.42786,	Sq(6) = 0.850227,	Sq(7) = 0.42786,	Sq(8) = 0.42786,	Sq(9) = 0.850227,	Sq(10) = 0.738384,	Sq(11) = 0.850227,	Sq(12) = 0.479838,	Sq(13) = 0.42786,	Sq(14) = 0.850227,	Sq(15) = 0.42786,	N(0) = 1.93321,	N(1) = 1.86531,	N(2) = 0.0780247,	N(3) = 1.86531,	N(4) = 1.86531,	N(5) = 0.0780247,	N(6) = 0.0269069,	N(7) = 0.0780247,	N(8) = 0.0780247,	N(9) = 0.0269069,	N(10) = 0.0297957,	N(11) = 0.0269069,	N(12) = 1.86531,	N(13) = 0.0780247,	N(14) = 0.0269069,	N(15) = 0.0780247,	Delta[s](0) = 0.113484,	Delta[s](1) = 0.0645369,	Delta[s](2) = 0.0484975,	Delta[s](3) = 0.0645369,	Delta[s](4) = 0.0645369,	Delta[s](5) = 0.0484975,	Delta[s](6) = 0.00508945,	Delta[s](7) = 0.0484975,	Delta[s](8) = 0.0484975,	Delta[s](9) = 0.00508945,	Delta[s](10) = 0.00412295,	Delta[s](11) = 0.00508945,	Delta[s](12) = 0.0645369,	Delta[s](13) = 0.0484975,	Delta[s](14) = 0.00508945,	Delta[s](15) = 0.0484975,	Delta[d](0) = 0.223415,	Delta[d](1) = 0.0811634,	Delta[d](2) = 0.148837,	Delta[d](3) = 0.0811634,	Delta[d](4) = 0.0811634,	Delta[d](5) = 0.110823,	Delta[d](6) = 0.0207808,	Delta[d](7) = 0.110823,	Delta[d](8) = 0.148837,	Delta[d](9) = 0.0207808,	Delta[d](10) = 0.0108881,	Delta[d](11) = 0.0207808,	Delta[d](12) = 0.0811634,	Delta[d](13) = 0.110823,	Delta[d](14) = 0.0207808,	Delta[d](15) = 0.110823,	Delta[s+](0) = 0.560705,	Delta[s+](1) = 0.342848,	Delta[s+](2) = 0.148837,	Delta[s+](3) = 0.342848,	Delta[s+](4) = 0.342848,	Delta[s+](5) = 0.148837,	Delta[s+](6) = 0.00812535,	Delta[s+](7) = 0.148837,	Delta[s+](8) = 0.148837,	Delta[s+](9) = 0.00812535,	Delta[s+](10) = 0.00255685,	Delta[s+](11) = 0.00812535,	Delta[s+](12) = 0.342848,	Delta[s+](13) = 0.148837,	Delta[s+](14) = 0.00812535,	Delta[s+](15) = 0.148837
The 0-th iteration is completed.	|| time cost : 0h 0m 20.854s
********************************************************************************************************************
Start the 1 rounds of NGS-ED iteration
	effective electronic model is modified as: kinetic energy t = 0.973577
	                                           effective interaction Vq = [-0.484171,-0.425144,-0.383973,-0.425144,-0.425144,-0.383973,-0.377336,-0.383973,-0.383973,-0.377336,-0.361525,-0.377336,-0.425144,-0.383973,-0.377336,-0.383973]
	PARPACK diagonalization completed after 30 matrix-vector product operations.
	iteration results: : total energy is -23.306438 | electron energy -23.309419 + phonon energy 0.002982 | electron momentum kIdx = 0
The 1-th iteration is completed.	|| time cost : 0h 0m 2.307s
********************************************************************************************************************
Start the 2 rounds of NGS-ED iteration
	effective electronic model is modified as: kinetic energy t = 0.972457
	                                           effective interaction Vq = [-0.494161,-0.434437,-0.389134,-0.434437,-0.434437,-0.389134,-0.381868,-0.389134,-0.389134,-0.381868,-0.364664,-0.381868,-0.434437,-0.389134,-0.381868,-0.389134]
	PARPACK diagonalization completed after 30 matrix-vector product operations.
	iteration results: : total energy is -23.371261 | electron energy -23.375529 + phonon energy 0.004268 | electron momentum kIdx = 0
The 2-th iteration is completed.	|| time cost : 0h 0m 2.286s
********************************************************************************************************************
Start the 3 rounds of NGS-ED iteration
	effective electronic model is modified as: kinetic energy t = 0.971959
	                                           effective interaction Vq = [-0.497837,-0.438688,-0.391268,-0.438688,-0.438688,-0.391268,-0.383754,-0.391268,-0.391268,-0.383754,-0.365948,-0.383754,-0.438688,-0.391268,-0.383754,-0.391268]
	PARPACK diagonalization completed after 30 matrix-vector product operations.
	iteration results: : total energy is -23.394736 | electron energy -23.399685 + phonon energy 0.004950 | electron momentum kIdx = 0
The 3-th iteration is completed.	|| time cost : 0h 0m 2.29s
********************************************************************************************************************
Start the 4 rounds of NGS-ED iteration
	effective electronic model is modified as: kinetic energy t = 0.971737
	                                           effective interaction Vq = [-0.499189,-0.440683,-0.392163,-0.440683,-0.440683,-0.392163,-0.384549,-0.392163,-0.392163,-0.384549,-0.366477,-0.384549,-0.440683,-0.392163,-0.384549,-0.392163]
	PARPACK diagonalization completed after 30 matrix-vector product operations.
	iteration results: : total energy is -23.403294 | electron energy -23.408576 + phonon energy 0.005281 | electron momentum kIdx = 0
The 4-th iteration is completed.	|| time cost : 0h 0m 2.281s
********************************************************************************************************************
Start the 5 rounds of NGS-ED iteration
	effective electronic model is modified as: kinetic energy t = 0.971638
	                                           effective interaction Vq = [-0.499686,-0.441632,-0.392542,-0.441632,-0.441632,-0.392542,-0.384886,-0.392542,-0.392542,-0.384886,-0.366697,-0.384886,-0.441632,-0.392542,-0.384886,-0.392542]
	PARPACK diagonalization completed after 30 matrix-vector product operations.
	iteration results: : total energy is -23.406427 | electron energy -23.411863 + phonon energy 0.005437 | electron momentum kIdx = 0
The 5-th iteration is completed.	|| time cost : 0h 0m 2.315s
********************************************************************************************************************
Start the 6 rounds of NGS-ED iteration
	effective electronic model is modified as: kinetic energy t = 0.971594
	                                           effective interaction Vq = [-0.499869,-0.442087,-0.392703,-0.442087,-0.442087,-0.392703, -0.38503,-0.392703,-0.392703, -0.38503,-0.366788, -0.38503,-0.442087,-0.392703, -0.38503,-0.392703]
	PARPACK diagonalization completed after 30 matrix-vector product operations.
	iteration results: : total energy is -23.407576 | electron energy -23.413084 + phonon energy 0.005508 | electron momentum kIdx = 0
The 6-th iteration is completed.	|| time cost : 0h 0m 2.288s
********************************************************************************************************************
Start the 7 rounds of NGS-ED iteration
	effective electronic model is modified as: kinetic energy t = 0.971574
	                                           effective interaction Vq = [-0.499936,-0.442305,-0.392771,-0.442305,-0.442305,-0.392771,-0.385092,-0.392771,-0.392771,-0.385092,-0.366825,-0.385092,-0.442305,-0.392771,-0.385092,-0.392771]
	PARPACK diagonalization completed after 30 matrix-vector product operations.
	iteration results: : total energy is -23.407997 | electron energy -23.413538 + phonon energy 0.005540 | electron momentum kIdx = 0
The 7-th iteration is completed.	|| time cost : 0h 0m 2.287s
********************************************************************************************************************
Start the 8 rounds of NGS-ED iteration
	effective electronic model is modified as: kinetic energy t = 0.971565
	                                           effective interaction Vq = [-0.499961,-0.442411,-0.392801,-0.442411,-0.442411,-0.392801,-0.385118,-0.392801,-0.392801,-0.385118,-0.366841,-0.385118,-0.442411,-0.392801,-0.385118,-0.392801]
	PARPACK diagonalization completed after 30 matrix-vector product operations.
	iteration results: : total energy is -23.408153 | electron energy -23.413707 + phonon energy 0.005555 | electron momentum kIdx = 0
The 8-th iteration is completed.	|| time cost : 0h 0m 2.283s
********************************************************************************************************************
Start the 9 rounds of NGS-ED iteration
	effective electronic model is modified as: kinetic energy t = 0.971561
	                                           effective interaction Vq = [ -0.49997,-0.442462,-0.392813,-0.442462,-0.442462,-0.392813,-0.385129,-0.392813,-0.392813,-0.385129,-0.366848,-0.385129,-0.442462,-0.392813,-0.385129,-0.392813]
	PARPACK diagonalization completed after 30 matrix-vector product operations.
	iteration results: : total energy is -23.408210 | electron energy -23.413771 + phonon energy 0.005562 | electron momentum kIdx = 0
The 9-th iteration is completed.	|| time cost : 0h 0m 2.28s
********************************************************************************************************************
Start the 10 rounds of NGS-ED iteration
	effective electronic model is modified as: kinetic energy t = 0.971559
	                                           effective interaction Vq = [-0.499973,-0.442486,-0.392819,-0.442486,-0.442486,-0.392819,-0.385134,-0.392819,-0.392819,-0.385134, -0.36685,-0.385134,-0.442486,-0.392819,-0.385134,-0.392819]
	PARPACK diagonalization completed after 30 matrix-vector product operations.
	iteration results: : total energy is -23.408230 | electron energy -23.413795 + phonon energy 0.005565 | electron momentum kIdx = 0
	Nq(0) = 6.25,	Nq(1) = 0.26137,	Nq(2) = 0.309901,	Nq(3) = 0.26137,	Nq(4) = 0.26137,	Nq(5) = 0.309901,	Nq(6) = 0.432703,	Nq(7) = 0.309901,	Nq(8) = 0.309901,	Nq(9) = 0.432703,	Nq(10) = 0.496447,	Nq(11) = 0.432703,	Nq(12) = 0.26137,	Nq(13) = 0.309901,	Nq(14) = 0.432703,	Nq(15) = 0.309901,	Sq(0) = 1.30551e-19,	Sq(1) = 0.479266,	Sq(2) = 0.427752,	Sq(3) = 0.479266,	Sq(4) = 0.479266,	Sq(5) = 0.427752,	Sq(6) = 0.848847,	Sq(7) = 0.427752,	Sq(8) = 0.427752,	Sq(9) = 0.848847,	Sq(10) = 0.738894,	Sq(11) = 0.848847,	Sq(12) = 0.479266,	Sq(13) = 0.427752,	Sq(14) = 0.848847,	Sq(15) = 0.427752,	N(0) = 1.93386,	N(1) = 1.86689,	N(2) = 0.0769797,	N(3) = 1.86689,	N(4) = 1.86689,	N(5) = 0.0769797,	N(6) = 0.026767,	N(7) = 0.0769797,	N(8) = 0.0769797,	N(9) = 0.026767,	N(10) = 0.0296317,	N(11) = 0.026767,	N(12) = 1.86689,	N(13) = 0.0769797,	N(14) = 0.026767,	N(15) = 0.0769797,	Delta[s](0) = 0.113534,	Delta[s](1) = 0.0646991,	Delta[s](2) = 0.0487454,	Delta[s](3) = 0.0646991,	Delta[s](4) = 0.0646991,	Delta[s](5) = 0.0487454,	Delta[s](6) = 0.0054701,	Delta[s](7) = 0.0487454,	Delta[s](8) = 0.0487454,	Delta[s](9) = 0.0054701,	Delta[s](10) = 0.00438692,	Delta[s](11) = 0.0054701,	Delta[s](12) = 0.0646991,	Delta[s](13) = 0.0487454,	Delta[s](14) = 0.0054701,	Delta[s](15) = 0.0487454,	Delta[d](0) = 0.225272,	Delta[d](1) = 0.0820744,	Delta[d](2) = 0.150222,	Delta[d](3) = 0.0820744,	Delta[d](4) = 0.0820744,	Delta[d](5) = 0.111954,	Delta[d](6) = 0.0213097,	Delta[d](7) = 0.111954,	Delta[d](8) = 0.150222,	Delta[d](9) = 0.0213097,	Delta[d](10) = 0.0112096,	Delta[d](11) = 0.0213097,	Delta[d](12) = 0.0820744,	Delta[d](13) = 0.111954,	Delta[d](14) = 0.0213097,	Delta[d](15) = 0.111954,	Delta[s+](0) = 0.56539,	Delta[s+](1) = 0.345836,	Delta[s+](2) = 0.150222,	Delta[s+](3) = 0.345836,	Delta[s+](4) = 0.345836,	Delta[s+](5) = 0.150222,	Delta[s+](6) = 0.00845275,	Delta[s+](7) = 0.150222,	Delta[s+](8) = 0.150222,	Delta[s+](9) = 0.00845275,	Delta[s+](10) = 0.00263188,	Delta[s+](11) = 0.00845275,	Delta[s+](12) = 0.345836,	Delta[s+](13) = 0.150222,	Delta[s+](14) = 0.00845275,	Delta[s+](15) = 0.150222
The 10-th iteration is completed.	|| time cost : 0h 0m 21.037s
********************************************************************************************************************
Start the 11 rounds of NGS-ED iteration
	effective electronic model is modified as: kinetic energy t = 0.971558
	                                           effective interaction Vq = [-0.499975,-0.442498,-0.392821,-0.442498,-0.442498,-0.392821,-0.385136,-0.392821,-0.392821,-0.385136,-0.366851,-0.385136,-0.442498,-0.392821,-0.385136,-0.392821]
	PARPACK diagonalization completed after 30 matrix-vector product operations.
	iteration results: : total energy is -23.408238 | electron energy -23.413804 + phonon energy 0.005566 | electron momentum kIdx = 0
The 11-th iteration is completed.	|| time cost : 0h 0m 2.291s
********************************************************************************************************************
Start the 12 rounds of NGS-ED iteration
	effective electronic model is modified as: kinetic energy t = 0.971558
	                                           effective interaction Vq = [-0.499975,-0.442504,-0.392822,-0.442504,-0.442504,-0.392822,-0.385137,-0.392822,-0.392822,-0.385137,-0.366852,-0.385137,-0.442504,-0.392822,-0.385137,-0.392822]
	PARPACK diagonalization completed after 30 matrix-vector product operations.
	iteration results: : total energy is -23.408241 | electron energy -23.413807 + phonon energy 0.005566 | electron momentum kIdx = 0
The 12-th iteration is completed.	|| time cost : 0h 0m 2.283s
********************************************************************************************************************
Start the 13 rounds of NGS-ED iteration
	effective electronic model is modified as: kinetic energy t = 0.971557
	                                           effective interaction Vq = [-0.499975,-0.442507,-0.392822,-0.442507,-0.442507,-0.392822,-0.385137,-0.392822,-0.392822,-0.385137,-0.366852,-0.385137,-0.442507,-0.392822,-0.385137,-0.392822]
	PARPACK diagonalization completed after 30 matrix-vector product operations.
	iteration results: : total energy is -23.408242 | electron energy -23.413809 + phonon energy 0.005567 | electron momentum kIdx = 0
The 13-th iteration is completed.	|| time cost : 0h 0m 2.28s
********************************************************************************************************************
Start the 14 rounds of NGS-ED iteration
	effective electronic model is modified as: kinetic energy t = 0.971557
	                                           effective interaction Vq = [-0.499975,-0.442508,-0.392823,-0.442508,-0.442508,-0.392823,-0.385138,-0.392823,-0.392823,-0.385138,-0.366852,-0.385138,-0.442508,-0.392823,-0.385138,-0.392823]
	PARPACK diagonalization completed after 30 matrix-vector product operations.
	iteration results: : total energy is -23.408242 | electron energy -23.413809 + phonon energy 0.005567 | electron momentum kIdx = 0
The 14-th iteration is completed.	|| time cost : 0h 0m 2.278s
********************************************************************************************************************
Start the 15 rounds of NGS-ED iteration
	effective electronic model is modified as: kinetic energy t = 0.971557
	                                           effective interaction Vq = [-0.499975,-0.442509,-0.392823,-0.442509,-0.442509,-0.392823,-0.385138,-0.392823,-0.392823,-0.385138,-0.366852,-0.385138,-0.442509,-0.392823,-0.385138,-0.392823]
	PARPACK diagonalization completed after 30 matrix-vector product operations.
	iteration results: : total energy is -23.408243 | electron energy -23.413809 + phonon energy 0.005567 | electron momentum kIdx = 0
The 15-th iteration is completed.	|| time cost : 0h 0m 2.265s
********************************************************************************************************************
Start the 16 rounds of NGS-ED iteration
	effective electronic model is modified as: kinetic energy t = 0.971557
	                                           effective interaction Vq = [-0.499975,-0.442509,-0.392823,-0.442509,-0.442509,-0.392823,-0.385138,-0.392823,-0.392823,-0.385138,-0.366852,-0.385138,-0.442509,-0.392823,-0.385138,-0.392823]
	PARPACK diagonalization completed after 30 matrix-vector product operations.
	iteration results: : total energy is -23.408243 | electron energy -23.413810 + phonon energy 0.005567 | electron momentum kIdx = 0
The 16-th iteration is completed.	|| time cost : 0h 0m 2.302s
********************************************************************************************************************
Start the 17 rounds of NGS-ED iteration
	effective electronic model is modified as: kinetic energy t = 0.971557
	                                           effective interaction Vq = [-0.499975,-0.442509,-0.392823,-0.442509,-0.442509,-0.392823,-0.385138,-0.392823,-0.392823,-0.385138,-0.366852,-0.385138,-0.442509,-0.392823,-0.385138,-0.392823]
	PARPACK diagonalization completed after 30 matrix-vector product operations.
	iteration results: : total energy is -23.408243 | electron energy -23.413810 + phonon energy 0.005567 | electron momentum kIdx = 0
The 17-th iteration is completed.	|| time cost : 0h 0m 2.284s
********************************************************************************************************************
Start the 18 rounds of NGS-ED iteration
	effective electronic model is modified as: kinetic energy t = 0.971557
	                                           effective interaction Vq = [-0.499975,-0.442509,-0.392823,-0.442509,-0.442509,-0.392823,-0.385138,-0.392823,-0.392823,-0.385138,-0.366852,-0.385138,-0.442509,-0.392823,-0.385138,-0.392823]
	PARPACK diagonalization completed after 30 matrix-vector product operations.
	iteration results: : total energy is -23.408243 | electron energy -23.413810 + phonon energy 0.005567 | electron momentum kIdx = 0
The 18-th iteration is completed.	|| time cost : 0h 0m 2.276s
********************************************************************************************************************
Start the 19 rounds of NGS-ED iteration
	effective electronic model is modified as: kinetic energy t = 0.971557
	                                           effective interaction Vq = [-0.499975,-0.442509,-0.392823,-0.442509,-0.442509,-0.392823,-0.385138,-0.392823,-0.392823,-0.385138,-0.366852,-0.385138,-0.442509,-0.392823,-0.385138,-0.392823]
	PARPACK diagonalization completed after 30 matrix-vector product operations.
	iteration results: : total energy is -23.408243 | electron energy -23.413810 + phonon energy 0.005567 | electron momentum kIdx = 0
The 19-th iteration is completed.	|| time cost : 0h 0m 2.282s
********************************************************************************************************************
Start the 20 rounds of NGS-ED iteration
	effective electronic model is modified as: kinetic energy t = 0.971557
	                                           effective interaction Vq = [-0.499975,-0.442509,-0.392823,-0.442509,-0.442509,-0.392823,-0.385138,-0.392823,-0.392823,-0.385138,-0.366852,-0.385138,-0.442509,-0.392823,-0.385138,-0.392823]
	PARPACK diagonalization completed after 30 matrix-vector product operations.
	iteration results: : total energy is -23.408243 | electron energy -23.413810 + phonon energy 0.005567 | electron momentum kIdx = 0
	Nq(0) = 6.25,	Nq(1) = 0.261371,	Nq(2) = 0.309901,	Nq(3) = 0.261371,	Nq(4) = 0.261371,	Nq(5) = 0.309901,	Nq(6) = 0.432702,	Nq(7) = 0.309901,	Nq(8) = 0.309901,	Nq(9) = 0.432702,	Nq(10) = 0.496447,	Nq(11) = 0.432702,	Nq(12) = 0.261371,	Nq(13) = 0.309901,	Nq(14) = 0.432702,	Nq(15) = 0.309901,	Sq(0) = -2.38848e-17,	Sq(1) = 0.479266,	Sq(2) = 0.427752,	Sq(3) = 0.479266,	Sq(4) = 0.479266,	Sq(5) = 0.427752,	Sq(6) = 0.848847,	Sq(7) = 0.427752,	Sq(8) = 0.427752,	Sq(9) = 0.848847,	Sq(10) = 0.738895,	Sq(11) = 0.848847,	Sq(12) = 0.479266,	Sq(13) = 0.427752,	Sq(14) = 0.848847,	Sq(15) = 0.427752,	N(0) = 1.93386,	N(1) = 1.86689,	N(2) = 0.0769792,	N(3) = 1.86689,	N(4) = 1.86689,	N(5) = 0.0769792,	N(6) = 0.0267671,	N(7) = 0.0769792,	N(8) = 0.0769792,	N(9) = 0.0267671,	N(10) = 0.0296318,	N(11) = 0.0267671,	N(12) = 1.86689,	N(13) = 0.0769792,	N(14) = 0.0267671,	N(15) = 0.0769792,	Delta[s](0) = 0.113534,	Delta[s](1) = 0.0646992,	Delta[s](2) = 0.0487455,	Delta[s](3) = 0.0646992,	Delta[s](4) = 0.0646992,	Delta[s](5) = 0.0487455,	Delta[s](6) = 0.00547026,	Delta[s](7) = 0.0487455,	Delta[s](8) = 0.0487455,	Delta[s](9) = 0.00547026,	Delta[s](10) = 0.00438698,	Delta[s](11) = 0.00547026,	Delta[s](12) = 0.0646992,	Delta[s](13) = 0.0487455,	Delta[s](14) = 0.00547026,	Delta[s](15) = 0.0487455,	Delta[d](0) = 0.225285,	Delta[d](1) = 0.0820796,	Delta[d](2) = 0.150231,	Delta[d](3) = 0.0820796,	Delta[d](4) = 0.0820796,	Delta[d](5) = 0.111961,	Delta[d](6) = 0.0213112,	Delta[d](7) = 0.111961,	Delta[d](8) = 0.150231,	Delta[d](9) = 0.0213112,	Delta[d](10) = 0.0112103,	Delta[d](11) = 0.0213112,	Delta[d](12) = 0.0820796,	Delta[d](13) = 0.111961,	Delta[d](14) = 0.0213112,	Delta[d](15) = 0.111961,	Delta[s+](0) = 0.565424,	Delta[s+](1) = 0.345857,	Delta[s+](2) = 0.150231,	Delta[s+](3) = 0.345857,	Delta[s+](4) = 0.345857,	Delta[s+](5) = 0.150231,	Delta[s+](6) = 0.00845338,	Delta[s+](7) = 0.150231,	Delta[s+](8) = 0.150231,	Delta[s+](9) = 0.00845338,	Delta[s+](10) = 0.00263206,	Delta[s+](11) = 0.00845338,	Delta[s+](12) = 0.345857,	Delta[s+](13) = 0.150231,	Delta[s+](14) = 0.00845338,	Delta[s+](15) = 0.150231
The 20-th iteration is completed.	|| time cost : 0h 0m 21.017s
********************************************************************************************************************
Start the 21 rounds of NGS-ED iteration
	effective electronic model is modified as: kinetic energy t = 0.971557
	                                           effective interaction Vq = [-0.499975,-0.442509,-0.392823,-0.442509,-0.442509,-0.392823,-0.385138,-0.392823,-0.392823,-0.385138,-0.366852,-0.385138,-0.442509,-0.392823,-0.385138,-0.392823]
	PARPACK diagonalization completed after 30 matrix-vector product operations.
	iteration results: : total energy is -23.408243 | electron energy -23.413810 + phonon energy 0.005567 | electron momentum kIdx = 0
The 21-th iteration is completed.	|| time cost : 0h 0m 2.278s
********************************************************************************************************************
Start the 22 rounds of NGS-ED iteration
	effective electronic model is modified as: kinetic energy t = 0.971557
	                                           effective interaction Vq = [-0.499975,-0.442509,-0.392823,-0.442509,-0.442509,-0.392823,-0.385138,-0.392823,-0.392823,-0.385138,-0.366852,-0.385138,-0.442509,-0.392823,-0.385138,-0.392823]
	PARPACK diagonalization completed after 30 matrix-vector product operations.
	iteration results: : total energy is -23.408243 | electron energy -23.413810 + phonon energy 0.005567 | electron momentum kIdx = 0
The 22-th iteration is completed.	|| time cost : 0h 0m 2.271s
********************************************************************************************************************
Start the 23 rounds of NGS-ED iteration
	effective electronic model is modified as: kinetic energy t = 0.971557
	                                           effective interaction Vq = [-0.499975,-0.442509,-0.392823,-0.442509,-0.442509,-0.392823,-0.385138,-0.392823,-0.392823,-0.385138,-0.366852,-0.385138,-0.442509,-0.392823,-0.385138,-0.392823]
	PARPACK diagonalization completed after 30 matrix-vector product operations.
	iteration results: : total energy is -23.408243 | electron energy -23.413810 + phonon energy 0.005567 | electron momentum kIdx = 0
