TACC:  Starting up job 4098207 
TACC:  Starting parallel tasks... 
SNEDics v3.4 Non-Gaussian ED ground state program		Start at Mon Aug  5 23:49:12 2019

parallized on 32 MPI threads  * 6 OpenMP threads = 192 total threads.
********************************************************************************************************************
********************************************************************************************************************

********************************************************************************************************************
System parameters and configurations
********************************************************************************************************************
Special program options are enabled: splitted diagonal Hamiltonian
********************************************************************************************************************
Read input file "model_params.in"
	Hubbard-Holstein model parameters : 	t = 1    U = 7.5    g = 4.4721    W = 5    
********************************************************************************************************************
Read input file "hilbertspace_params.in"
	Requested 16-site 2D lattice, with 16 electrons (8, 8)
	Boundary : Periodic		Hilbert space representation : momentum-space (restricted to kIdx = 0)
	Conservation: particle number[U(1)]      spin[U(1)]     momentum
********************************************************************************************************************

Cluster Positions:				Cluster symmetry group : D4
 x ... x ... x ... x .....                       x ... x ... x ... x .....
 |           |           :                       |           |           :
 |           |           :                       |           |           :
12    13    14    15     x                       1     5     6     5     x
 |           |           :                       |           |           :
 |           |           :                       |           |           :
 8 --- 9 ---10 ---11 --- x                       2 --- 6 ---10 --- 6 --- x
 |           |           :                       |           |           :
 |           |           :                       |           |           :
 4     5     6     7     x                       1     5     6     5     x
 |           |           :                       |           |           :
 |           |           :                       |           |           :
 0 --- 1 --- 2 --- 3 --- x                       0 --- 1 --- 2 --- 1 --- x
orbital number : 1
********************************************************************************************************************
Read input file "obs_params.in"
	Observable Type : Nq[All],   Sq[All]
********************************************************************************************************************
** WARNING ** the input observables have non-local factors which have been reinterpreted. The total observable number is 32
********************************************************************************************************************


********************************************************************************************************************
Start calculating the non-Gaussian ED ground state
** WARNING ** Detected low phonon energy W < 10. The initial state will be prepared through a warm-up process.
********************************************************************************************************************
Start warm-up calculation for scaling factor 2
open output files: NGSEDWarmUpW10Obs.txt
********************************************************************************************************************
Start the 0 rounds of NGS-ED iteration
	effective electronic model is modified as: kinetic energy t = 1
	                                           effective interaction Vq = [0,0,0,0,0,0,0,0,0,0,0,0,0,0,0,0]
	first Hamiltonian is constructed, non-zero numbers = 2845383612
	PARPACK diagonalization completed after 105 matrix-vector product operations.
	iteration results: : total energy is -8.9174 | electron energy -8.9174 + phonon energy 0 | electron momentum kIdx = 0
	Nq(0) = 16,	Nq(1) = 0.0696715,	Nq(2) = 0.120781,	Nq(3) = 0.0696715,	Nq(4) = 0.0696715,	Nq(5) = 0.120781,	Nq(6) = 0.16666,	Nq(7) = 0.120781,	Nq(8) = 0.120781,	Nq(9) = 0.16666,	Nq(10) = 0.209753,	Nq(11) = 0.16666,	Nq(12) = 0.0696715,	Nq(13) = 0.120781,	Nq(14) = 0.16666,	Nq(15) = 0.120781,	Sq(0) = -2.35616e-18,	Sq(1) = 0.415846,	Sq(2) = 0.639746,	Sq(3) = 0.415846,	Sq(4) = 0.415846,	Sq(5) = 0.639746,	Sq(6) = 0.924329,	Sq(7) = 0.639746,	Sq(8) = 0.639746,	Sq(9) = 0.924329,	Sq(10) = 4.92107,	Sq(11) = 0.924329,	Sq(12) = 0.415846,	Sq(13) = 0.639746,	Sq(14) = 0.924329,	Sq(15) = 0.639746
The 0-th iteration is completed.	|| time cost : 0h 3m 17.145s
********************************************************************************************************************
Start the 1 rounds of NGS-ED iteration
	effective electronic model is modified as: kinetic energy t = 0.917995
	                                           effective interaction Vq = [ -3.4586,-2.94412,-2.87213,-2.94412,-2.94412,-2.87213,-2.82699,-2.87213,-2.87213,-2.82699,-2.79469,-2.82699,-2.94412,-2.87213,-2.82699,-2.87213]
	PARPACK diagonalization completed after 45 matrix-vector product operations.
	iteration results: : total energy is -72.0326 | electron energy -72.0366 + phonon energy 0.00406223 | electron momentum kIdx = 0
	Nq(0) = 16,	Nq(1) = 0.253189,	Nq(2) = 0.31481,	Nq(3) = 0.253189,	Nq(4) = 0.253189,	Nq(5) = 0.31481,	Nq(6) = 0.449289,	Nq(7) = 0.31481,	Nq(8) = 0.31481,	Nq(9) = 0.449289,	Nq(10) = 0.511882,	Nq(11) = 0.449289,	Nq(12) = 0.253189,	Nq(13) = 0.31481,	Nq(14) = 0.449289,	Nq(15) = 0.31481,	Sq(0) = -9.6236e-18,	Sq(1) = 0.412379,	Sq(2) = 0.597505,	Sq(3) = 0.412379,	Sq(4) = 0.412379,	Sq(5) = 0.597505,	Sq(6) = 0.719815,	Sq(7) = 0.597505,	Sq(8) = 0.597505,	Sq(9) = 0.719815,	Sq(10) = 2.67554,	Sq(11) = 0.719815,	Sq(12) = 0.412379,	Sq(13) = 0.597505,	Sq(14) = 0.719815,	Sq(15) = 0.597505
The 1-th iteration is completed.	|| time cost : 0h 4m 58.733s
********************************************************************************************************************
Start the 2 rounds of NGS-ED iteration
	effective electronic model is modified as: kinetic energy t = 0.845607
	                                           effective interaction Vq = [-3.92667,-3.67136,-3.53535,-3.67136,-3.67136,-3.53535,-3.51707,-3.53535,-3.53535,-3.51707,-3.45562,-3.51707,-3.67136,-3.53535,-3.51707,-3.53535]
	PARPACK diagonalization completed after 60 matrix-vector product operations.
	iteration results: : total energy is -81.7443 | electron energy -81.7958 + phonon energy 0.0514296 | electron momentum kIdx = 0
	Nq(0) = 16,	Nq(1) = 0.355758,	Nq(2) = 0.362428,	Nq(3) = 0.355758,	Nq(4) = 0.355758,	Nq(5) = 0.362428,	Nq(6) = 0.571726,	Nq(7) = 0.362428,	Nq(8) = 0.362428,	Nq(9) = 0.571726,	Nq(10) = 0.589793,	Nq(11) = 0.571726,	Nq(12) = 0.355758,	Nq(13) = 0.362428,	Nq(14) = 0.571726,	Nq(15) = 0.362428,	Sq(0) = -8.588e-19,	Sq(1) = 0.385809,	Sq(2) = 0.558819,	Sq(3) = 0.385809,	Sq(4) = 0.385809,	Sq(5) = 0.558819,	Sq(6) = 0.648416,	Sq(7) = 0.558819,	Sq(8) = 0.558819,	Sq(9) = 0.648416,	Sq(10) = 2.03588,	Sq(11) = 0.648416,	Sq(12) = 0.385809,	Sq(13) = 0.558819,	Sq(14) = 0.648416,	Sq(15) = 0.558819
The 2-th iteration is completed.	|| time cost : 0h 1m 36.166s
********************************************************************************************************************
Start the 3 rounds of NGS-ED iteration
	effective electronic model is modified as: kinetic energy t = 0.812557
	                                           effective interaction Vq = [-3.99002,-3.85955,-3.70919,-3.85955,-3.85955,-3.70919,-3.72611,-3.70919,-3.70919,-3.72611,-3.64158,-3.72611,-3.85955,-3.70919,-3.72611,-3.70919]
	PARPACK diagonalization completed after 45 matrix-vector product operations.
	iteration results: : total energy is -83.1904 | electron energy -83.2926 + phonon energy 0.102214 | electron momentum kIdx = 0
	Nq(0) = 16,	Nq(1) = 0.396585,	Nq(2) = 0.372785,	Nq(3) = 0.396585,	Nq(4) = 0.396585,	Nq(5) = 0.372785,	Nq(6) = 0.622068,	Nq(7) = 0.372785,	Nq(8) = 0.372785,	Nq(9) = 0.622068,	Nq(10) = 0.608027,	Nq(11) = 0.622068,	Nq(12) = 0.396585,	Nq(13) = 0.372785,	Nq(14) = 0.622068,	Nq(15) = 0.372785,	Sq(0) = -6.07257e-18,	Sq(1) = 0.373326,	Sq(2) = 0.541371,	Sq(3) = 0.373326,	Sq(4) = 0.373326,	Sq(5) = 0.541371,	Sq(6) = 0.622904,	Sq(7) = 0.541371,	Sq(8) = 0.541371,	Sq(9) = 0.622904,	Sq(10) = 1.8475,	Sq(11) = 0.622904,	Sq(12) = 0.373326,	Sq(13) = 0.541371,	Sq(14) = 0.622904,	Sq(15) = 0.541371
The 3-th iteration is completed.	|| time cost : 0h 1m 33.304s
********************************************************************************************************************
Start the 4 rounds of NGS-ED iteration
	effective electronic model is modified as: kinetic energy t = 0.799073
	                                           effective interaction Vq = [-3.99859, -3.9142,-3.76196, -3.9142, -3.9142,-3.76196,-3.79756,-3.76196,-3.76196,-3.79756,-3.70019,-3.79756, -3.9142,-3.76196,-3.79756,-3.76196]
	PARPACK diagonalization completed after 75 matrix-vector product operations.
	iteration results: : total energy is -83.416 | electron energy -83.5448 + phonon energy 0.128769 | electron momentum kIdx = 0
	Nq(0) = 16,	Nq(1) = 0.406864,	Nq(2) = 0.618195,	Nq(3) = 0.406864,	Nq(4) = 0.406864,	Nq(5) = 0.618195,	Nq(6) = 0.630797,	Nq(7) = 0.618195,	Nq(8) = 0.618195,	Nq(9) = 0.630797,	Nq(10) = 0.613652,	Nq(11) = 0.630797,	Nq(12) = 0.406864,	Nq(13) = 0.618195,	Nq(14) = 0.630797,	Nq(15) = 0.618195,	Sq(0) = 7.37844e-20,	Sq(1) = 0.368908,	Sq(2) = 0.454348,	Sq(3) = 0.368908,	Sq(4) = 0.368908,	Sq(5) = 0.454348,	Sq(6) = 0.616779,	Sq(7) = 0.454348,	Sq(8) = 0.454348,	Sq(9) = 0.616779,	Sq(10) = 0.8577,	Sq(11) = 0.616779,	Sq(12) = 0.368908,	Sq(13) = 0.454348,	Sq(14) = 0.616779,	Sq(15) = 0.454348
The 4-th iteration is completed.	|| time cost : 0h 1m 40.062s
********************************************************************************************************************
Start the 5 rounds of NGS-ED iteration
	effective electronic model is modified as: kinetic energy t = 0.784352
	                                           effective interaction Vq = [-3.99975,-3.93196,-3.87117,-3.93196,-3.93196,-3.87117,-3.82188,-3.87117,-3.87117,-3.82188,-3.72281,-3.82188,-3.93196,-3.87117,-3.82188,-3.87117]
	PARPACK diagonalization completed after 60 matrix-vector product operations.
	iteration results: : total energy is -83.6372 | electron energy -83.783 + phonon energy 0.145755 | electron momentum kIdx = 0
	Nq(0) = 16,	Nq(1) = 0.400535,	Nq(2) = 0.729876,	Nq(3) = 0.400535,	Nq(4) = 0.400535,	Nq(5) = 0.729876,	Nq(6) = 0.632594,	Nq(7) = 0.729876,	Nq(8) = 0.729876,	Nq(9) = 0.632594,	Nq(10) = 0.828812,	Nq(11) = 0.632594,	Nq(12) = 0.400535,	Nq(13) = 0.729876,	Nq(14) = 0.632594,	Nq(15) = 0.729876,	Sq(0) = -9.92003e-18,	Sq(1) = 0.357298,	Sq(2) = 0.37024,	Sq(3) = 0.357298,	Sq(4) = 0.357298,	Sq(5) = 0.37024,	Sq(6) = 0.598355,	Sq(7) = 0.37024,	Sq(8) = 0.37024,	Sq(9) = 0.598355,	Sq(10) = 0.615366,	Sq(11) = 0.598355,	Sq(12) = 0.357298,	Sq(13) = 0.37024,	Sq(14) = 0.598355,	Sq(15) = 0.37024
The 5-th iteration is completed.	|| time cost : 0h 1m 36.195s
********************************************************************************************************************
Start the 6 rounds of NGS-ED iteration
	effective electronic model is modified as: kinetic energy t = 0.774873
	                                           effective interaction Vq = [-3.99991,-3.93698,-3.91575,-3.93698,-3.93698,-3.91575, -3.8316,-3.91575,-3.91575, -3.8316,-3.80905, -3.8316,-3.93698,-3.91575, -3.8316,-3.91575]
	PARPACK diagonalization completed after 45 matrix-vector product operations.
	iteration results: : total energy is -83.7013 | electron energy -83.8608 + phonon energy 0.159485 | electron momentum kIdx = 0
	Nq(0) = 16,	Nq(1) = 0.395356,	Nq(2) = 0.742373,	Nq(3) = 0.395356,	Nq(4) = 0.395356,	Nq(5) = 0.742373,	Nq(6) = 0.627749,	Nq(7) = 0.742373,	Nq(8) = 0.742373,	Nq(9) = 0.627749,	Nq(10) = 0.867986,	Nq(11) = 0.627749,	Nq(12) = 0.395356,	Nq(13) = 0.742373,	Nq(14) = 0.627749,	Nq(15) = 0.742373,	Sq(0) = -4.19046e-18,	Sq(1) = 0.351662,	Sq(2) = 0.367621,	Sq(3) = 0.351662,	Sq(4) = 0.351662,	Sq(5) = 0.367621,	Sq(6) = 0.590701,	Sq(7) = 0.367621,	Sq(8) = 0.367621,	Sq(9) = 0.590701,	Sq(10) = 0.610169,	Sq(11) = 0.590701,	Sq(12) = 0.351662,	Sq(13) = 0.367621,	Sq(14) = 0.590701,	Sq(15) = 0.367621
The 6-th iteration is completed.	|| time cost : 0h 1m 41.101s
********************************************************************************************************************
Start the 7 rounds of NGS-ED iteration
	effective electronic model is modified as: kinetic energy t = 0.771559
	                                           effective interaction Vq = [-3.99993,-3.93805,-3.92943,-3.93805,-3.93805,-3.92943,-3.83397,-3.92943,-3.92943,-3.83397, -3.8397,-3.83397,-3.93805,-3.92943,-3.83397,-3.92943]
	PARPACK diagonalization completed after 45 matrix-vector product operations.
	iteration results: : total energy is -83.7103 | electron energy -83.8773 + phonon energy 0.167022 | electron momentum kIdx = 0
	Nq(0) = 16,	Nq(1) = 0.393518,	Nq(2) = 0.746305,	Nq(3) = 0.393518,	Nq(4) = 0.393518,	Nq(5) = 0.746305,	Nq(6) = 0.625864,	Nq(7) = 0.746305,	Nq(8) = 0.746305,	Nq(9) = 0.625864,	Nq(10) = 0.883666,	Nq(11) = 0.625864,	Nq(12) = 0.393518,	Nq(13) = 0.746305,	Nq(14) = 0.625864,	Nq(15) = 0.746305,	Sq(0) = -3.67922e-18,	Sq(1) = 0.349842,	Sq(2) = 0.366723,	Sq(3) = 0.349842,	Sq(4) = 0.349842,	Sq(5) = 0.366723,	Sq(6) = 0.588219,	Sq(7) = 0.366723,	Sq(8) = 0.366723,	Sq(9) = 0.588219,	Sq(10) = 0.608393,	Sq(11) = 0.588219,	Sq(12) = 0.349842,	Sq(13) = 0.366723,	Sq(14) = 0.588219,	Sq(15) = 0.366723
The 7-th iteration is completed.	|| time cost : 0h 1m 32.436s
********************************************************************************************************************
Start the 8 rounds of NGS-ED iteration
	effective electronic model is modified as: kinetic energy t = 0.770392
	                                           effective interaction Vq = [-3.99994,-3.93822,-3.93398,-3.93822,-3.93822,-3.93398,-3.83447,-3.93398,-3.93398,-3.83447,-3.85134,-3.83447,-3.93822,-3.93398,-3.83447,-3.93398]
	PARPACK diagonalization completed after 45 matrix-vector product operations.
	iteration results: : total energy is -83.7115 | electron energy -83.8816 + phonon energy 0.170107 | electron momentum kIdx = 0
	Nq(0) = 16,	Nq(1) = 0.392826,	Nq(2) = 0.74763,	Nq(3) = 0.392826,	Nq(4) = 0.392826,	Nq(5) = 0.74763,	Nq(6) = 0.625101,	Nq(7) = 0.74763,	Nq(8) = 0.74763,	Nq(9) = 0.625101,	Nq(10) = 0.889984,	Nq(11) = 0.625101,	Nq(12) = 0.392826,	Nq(13) = 0.74763,	Nq(14) = 0.625101,	Nq(15) = 0.74763,	Sq(0) = 6.50825e-18,	Sq(1) = 0.349218,	Sq(2) = 0.366403,	Sq(3) = 0.349218,	Sq(4) = 0.349218,	Sq(5) = 0.366403,	Sq(6) = 0.587369,	Sq(7) = 0.366403,	Sq(8) = 0.366403,	Sq(9) = 0.587369,	Sq(10) = 0.607763,	Sq(11) = 0.587369,	Sq(12) = 0.349218,	Sq(13) = 0.366403,	Sq(14) = 0.587369,	Sq(15) = 0.366403
The 8-th iteration is completed.	|| time cost : 0h 1m 32.41s
********************************************************************************************************************
Start the 9 rounds of NGS-ED iteration
	effective electronic model is modified as: kinetic energy t = 0.76998
	                                           effective interaction Vq = [-3.99994, -3.9382,-3.93555, -3.9382, -3.9382,-3.93555,-3.83453,-3.93555,-3.93555,-3.83453,-3.85588,-3.83453, -3.9382,-3.93555,-3.83453,-3.93555]
	PARPACK diagonalization completed after 30 matrix-vector product operations.
********************************************************************************************************************
Ground state is obtained after 9 iterations. The current ground-state energy is -83.7117, in which electron energy is -83.8829 and phonon energy is 0.171273
final variational state is: 
	Gamma_x = [      1,1.03478,1.06792,1.03478,1.03478,1.06792,1.08428,1.06792,1.06792,1.08428,1.11424,1.08428,1.03478,1.06792,1.08428,1.06792]
	lambda_q = [0.632372,0.553879,0.552208,0.553879,0.553879,0.552208,0.503841,0.552208,0.552208,0.503841,0.512429,0.503841,0.553879,0.552208,0.503841,0.552208]
********************************************************************************************************************
o___o  ----------------------------------------
| L |	Time since last clock: 0h 0m 8.316s
A===A	Time since the beginning: 0h 19m 35.874s
***********************************************


********************************************************************************************************************
Warm up runs have been completed. Start calculating W = 5 phonon.
open output files: NGSEDIterationObs.txt
Start the 0 rounds of NGS-ED iteration
	effective electronic model is modified as: kinetic energy t = 0.76998
	                                           effective interaction Vq = [-3.65659, -3.4201,-3.41439, -3.4201, -3.4201,-3.41439,-3.23718,-3.41439,-3.41439,-3.23718,-3.27035,-3.23718, -3.4201,-3.41439,-3.23718,-3.41439]
	PARPACK diagonalization completed after 75 matrix-vector product operations.
	iteration results: : total energy is -74.2837 | electron energy -74.3693 + phonon energy 0.0856363 | electron momentum kIdx = 0
	Nq(0) = 16,	Nq(1) = 0.306298,	Nq(2) = 0.351024,	Nq(3) = 0.306298,	Nq(4) = 0.306298,	Nq(5) = 0.351024,	Nq(6) = 0.504563,	Nq(7) = 0.351024,	Nq(8) = 0.351024,	Nq(9) = 0.504563,	Nq(10) = 0.558748,	Nq(11) = 0.504563,	Nq(12) = 0.306298,	Nq(13) = 0.351024,	Nq(14) = 0.504563,	Nq(15) = 0.351024,	Sq(0) = 7.58263e-18,	Sq(1) = 0.400689,	Sq(2) = 0.578041,	Sq(3) = 0.400689,	Sq(4) = 0.400689,	Sq(5) = 0.578041,	Sq(6) = 0.679915,	Sq(7) = 0.578041,	Sq(8) = 0.578041,	Sq(9) = 0.679915,	Sq(10) = 2.301,	Sq(11) = 0.679915,	Sq(12) = 0.400689,	Sq(13) = 0.578041,	Sq(14) = 0.679915,	Sq(15) = 0.578041
The 0-th iteration is completed.	|| time cost : 0h 1m 40.661s
********************************************************************************************************************
Start the 1 rounds of NGS-ED iteration
	effective electronic model is modified as: kinetic energy t = 0.762208
	                                           effective interaction Vq = [-3.87363,-3.59089,-3.43429,-3.59089,-3.59089,-3.43429,-3.35817,-3.43429,-3.43429,-3.35817,-3.30321,-3.35817,-3.59089,-3.43429,-3.35817,-3.43429]
	PARPACK diagonalization completed after 45 matrix-vector product operations.
	iteration results: : total energy is -77.9578 | electron energy -78.1863 + phonon energy 0.228479 | electron momentum kIdx = 0
	Nq(0) = 16,	Nq(1) = 0.333926,	Nq(2) = 0.35374,	Nq(3) = 0.333926,	Nq(4) = 0.333926,	Nq(5) = 0.35374,	Nq(6) = 0.530883,	Nq(7) = 0.35374,	Nq(8) = 0.35374,	Nq(9) = 0.530883,	Nq(10) = 0.565493,	Nq(11) = 0.530883,	Nq(12) = 0.333926,	Nq(13) = 0.35374,	Nq(14) = 0.530883,	Nq(15) = 0.35374,	Sq(0) = -2.0373e-18,	Sq(1) = 0.394314,	Sq(2) = 0.571175,	Sq(3) = 0.394314,	Sq(4) = 0.394314,	Sq(5) = 0.571175,	Sq(6) = 0.667104,	Sq(7) = 0.571175,	Sq(8) = 0.571175,	Sq(9) = 0.667104,	Sq(10) = 2.18011,	Sq(11) = 0.667104,	Sq(12) = 0.394314,	Sq(13) = 0.571175,	Sq(14) = 0.667104,	Sq(15) = 0.571175
The 1-th iteration is completed.	|| time cost : 0h 1m 32.482s
********************************************************************************************************************
Start the 2 rounds of NGS-ED iteration
	effective electronic model is modified as: kinetic energy t = 0.752682
	                                           effective interaction Vq = [-3.95347,-3.68796,-3.45781,-3.68796,-3.68796,-3.45781,-3.44393,-3.45781,-3.45781,-3.44393,-3.34301,-3.44393,-3.68796,-3.45781,-3.44393,-3.45781]
	PARPACK diagonalization completed after 45 matrix-vector product operations.
	iteration results: : total energy is -79.3163 | electron energy -79.6277 + phonon energy 0.311467 | electron momentum kIdx = 0
	Nq(0) = 16,	Nq(1) = 0.353286,	Nq(2) = 0.355517,	Nq(3) = 0.353286,	Nq(4) = 0.353286,	Nq(5) = 0.355517,	Nq(6) = 0.550556,	Nq(7) = 0.355517,	Nq(8) = 0.355517,	Nq(9) = 0.550556,	Nq(10) = 0.571027,	Nq(11) = 0.550556,	Nq(12) = 0.353286,	Nq(13) = 0.355517,	Nq(14) = 0.550556,	Nq(15) = 0.355517,	Sq(0) = 4.59796e-18,	Sq(1) = 0.389493,	Sq(2) = 0.565668,	Sq(3) = 0.389493,	Sq(4) = 0.389493,	Sq(5) = 0.565668,	Sq(6) = 0.657679,	Sq(7) = 0.565668,	Sq(8) = 0.565668,	Sq(9) = 0.657679,	Sq(10) = 2.0978,	Sq(11) = 0.657679,	Sq(12) = 0.389493,	Sq(13) = 0.565668,	Sq(14) = 0.657679,	Sq(15) = 0.565668
The 2-th iteration is completed.	|| time cost : 0h 1m 32.493s
********************************************************************************************************************
Start the 3 rounds of NGS-ED iteration
	effective electronic model is modified as: kinetic energy t = 0.744998
	                                           effective interaction Vq = [-3.98284, -3.7451, -3.4762, -3.7451, -3.7451, -3.4762,-3.50159, -3.4762, -3.4762,-3.50159,-3.37316,-3.50159, -3.7451, -3.4762,-3.50159, -3.4762]
	PARPACK diagonalization completed after 45 matrix-vector product operations.
	iteration results: : total energy is -79.8227 | electron energy -80.1813 + phonon energy 0.358594 | electron momentum kIdx = 0
	Nq(0) = 16,	Nq(1) = 0.366352,	Nq(2) = 0.356575,	Nq(3) = 0.366352,	Nq(4) = 0.366352,	Nq(5) = 0.356575,	Nq(6) = 0.564572,	Nq(7) = 0.356575,	Nq(8) = 0.356575,	Nq(9) = 0.564572,	Nq(10) = 0.574667,	Nq(11) = 0.564572,	Nq(12) = 0.366352,	Nq(13) = 0.356575,	Nq(14) = 0.564572,	Nq(15) = 0.356575,	Sq(0) = -7.08195e-19,	Sq(1) = 0.386062,	Sq(2) = 0.561655,	Sq(3) = 0.386062,	Sq(4) = 0.386062,	Sq(5) = 0.561655,	Sq(6) = 0.651147,	Sq(7) = 0.561655,	Sq(8) = 0.561655,	Sq(9) = 0.651147,	Sq(10) = 2.04342,	Sq(11) = 0.651147,	Sq(12) = 0.386062,	Sq(13) = 0.561655,	Sq(14) = 0.651147,	Sq(15) = 0.561655
The 3-th iteration is completed.	|| time cost : 0h 1m 36.306s
********************************************************************************************************************
Start the 4 rounds of NGS-ED iteration
	effective electronic model is modified as: kinetic energy t = 0.739459
	                                           effective interaction Vq = [-3.99365,-3.77962,-3.48907,-3.77962,-3.77962,-3.48907,-3.53986,-3.48907,-3.48907,-3.53986,-3.39364,-3.53986,-3.77962,-3.48907,-3.53986,-3.48907]
	PARPACK diagonalization completed after 45 matrix-vector product operations.
	iteration results: : total energy is -80.0121 | electron energy -80.3993 + phonon energy 0.387173 | electron momentum kIdx = 0
	Nq(0) = 16,	Nq(1) = 0.374985,	Nq(2) = 0.357188,	Nq(3) = 0.374985,	Nq(4) = 0.374985,	Nq(5) = 0.357188,	Nq(6) = 0.574319,	Nq(7) = 0.357188,	Nq(8) = 0.357188,	Nq(9) = 0.574319,	Nq(10) = 0.57692,	Nq(11) = 0.574319,	Nq(12) = 0.374985,	Nq(13) = 0.357188,	Nq(14) = 0.574319,	Nq(15) = 0.357188,	Sq(0) = 3.78036e-18,	Sq(1) = 0.383696,	Sq(2) = 0.558861,	Sq(3) = 0.383696,	Sq(4) = 0.383696,	Sq(5) = 0.558861,	Sq(6) = 0.646738,	Sq(7) = 0.558861,	Sq(8) = 0.558861,	Sq(9) = 0.646738,	Sq(10) = 2.00783,	Sq(11) = 0.646738,	Sq(12) = 0.383696,	Sq(13) = 0.558861,	Sq(14) = 0.646738,	Sq(15) = 0.558861
The 4-th iteration is completed.	|| time cost : 0h 1m 32.544s
********************************************************************************************************************
Start the 5 rounds of NGS-ED iteration
	effective electronic model is modified as: kinetic energy t = 0.735639
	                                           effective interaction Vq = [-3.99762, -3.8009,-3.49772, -3.8009, -3.8009,-3.49772,-3.56523,-3.49772,-3.49772,-3.56523,-3.40708,-3.56523, -3.8009,-3.49772,-3.56523,-3.49772]
	PARPACK diagonalization completed after 45 matrix-vector product operations.
	iteration results: : total energy is -80.0831 | electron energy -80.4885 + phonon energy 0.405381 | electron momentum kIdx = 0
	Nq(0) = 16,	Nq(1) = 0.380631,	Nq(2) = 0.357544,	Nq(3) = 0.380631,	Nq(4) = 0.380631,	Nq(5) = 0.357544,	Nq(6) = 0.581009,	Nq(7) = 0.357544,	Nq(8) = 0.357544,	Nq(9) = 0.581009,	Nq(10) = 0.578295,	Nq(11) = 0.581009,	Nq(12) = 0.380631,	Nq(13) = 0.357544,	Nq(14) = 0.581009,	Nq(15) = 0.357544,	Sq(0) = 6.77007e-18,	Sq(1) = 0.382091,	Sq(2) = 0.556959,	Sq(3) = 0.382091,	Sq(4) = 0.382091,	Sq(5) = 0.556959,	Sq(6) = 0.643797,	Sq(7) = 0.556959,	Sq(8) = 0.556959,	Sq(9) = 0.643797,	Sq(10) = 1.98457,	Sq(11) = 0.643797,	Sq(12) = 0.382091,	Sq(13) = 0.556959,	Sq(14) = 0.643797,	Sq(15) = 0.556959
The 5-th iteration is completed.	|| time cost : 0h 1m 32.492s
********************************************************************************************************************
Start the 6 rounds of NGS-ED iteration
	effective electronic model is modified as: kinetic energy t = 0.733058
	                                           effective interaction Vq = [-3.99908,-3.81422,-3.50343,-3.81422,-3.81422,-3.50343,-3.58209,-3.50343,-3.50343,-3.58209,-3.41579,-3.58209,-3.81422,-3.50343,-3.58209,-3.50343]
	PARPACK diagonalization completed after 45 matrix-vector product operations.
	iteration results: : total energy is -80.1098 | electron energy -80.5271 + phonon energy 0.417284 | electron momentum kIdx = 0
	Nq(0) = 16,	Nq(1) = 0.384308,	Nq(2) = 0.357752,	Nq(3) = 0.384308,	Nq(4) = 0.384308,	Nq(5) = 0.357752,	Nq(6) = 0.585562,	Nq(7) = 0.357752,	Nq(8) = 0.357752,	Nq(9) = 0.585562,	Nq(10) = 0.579133,	Nq(11) = 0.585562,	Nq(12) = 0.384308,	Nq(13) = 0.357752,	Nq(14) = 0.585562,	Nq(15) = 0.357752,	Sq(0) = 1.4456e-17,	Sq(1) = 0.381012,	Sq(2) = 0.555681,	Sq(3) = 0.381012,	Sq(4) = 0.381012,	Sq(5) = 0.555681,	Sq(6) = 0.641846,	Sq(7) = 0.555681,	Sq(8) = 0.555681,	Sq(9) = 0.641846,	Sq(10) = 1.96935,	Sq(11) = 0.641846,	Sq(12) = 0.381012,	Sq(13) = 0.555681,	Sq(14) = 0.641846,	Sq(15) = 0.555681
The 6-th iteration is completed.	|| time cost : 0h 1m 32.888s
********************************************************************************************************************
Start the 7 rounds of NGS-ED iteration
	effective electronic model is modified as: kinetic energy t = 0.731333
	                                           effective interaction Vq = [-3.99962,-3.82265,-3.50719,-3.82265,-3.82265,-3.50719,-3.59331,-3.50719,-3.50719,-3.59331,-3.42141,-3.59331,-3.82265,-3.50719,-3.59331,-3.50719]
	PARPACK diagonalization completed after 45 matrix-vector product operations.
	iteration results: : total energy is -80.1199 | electron energy -80.5451 + phonon energy 0.425156 | electron momentum kIdx = 0
	Nq(0) = 16,	Nq(1) = 0.386699,	Nq(2) = 0.357876,	Nq(3) = 0.386699,	Nq(4) = 0.386699,	Nq(5) = 0.357876,	Nq(6) = 0.588645,	Nq(7) = 0.357876,	Nq(8) = 0.357876,	Nq(9) = 0.588645,	Nq(10) = 0.579647,	Nq(11) = 0.588645,	Nq(12) = 0.386699,	Nq(13) = 0.357876,	Nq(14) = 0.588645,	Nq(15) = 0.357876,	Sq(0) = -8.30391e-19,	Sq(1) = 0.380291,	Sq(2) = 0.554827,	Sq(3) = 0.380291,	Sq(4) = 0.380291,	Sq(5) = 0.554827,	Sq(6) = 0.640555,	Sq(7) = 0.554827,	Sq(8) = 0.554827,	Sq(9) = 0.640555,	Sq(10) = 1.95938,	Sq(11) = 0.640555,	Sq(12) = 0.380291,	Sq(13) = 0.554827,	Sq(14) = 0.640555,	Sq(15) = 0.554827
The 7-th iteration is completed.	|| time cost : 0h 1m 42.688s
********************************************************************************************************************
Start the 8 rounds of NGS-ED iteration
	effective electronic model is modified as: kinetic energy t = 0.730185
	                                           effective interaction Vq = [-3.99982,-3.82804,-3.50964,-3.82804,-3.82804,-3.50964, -3.6008,-3.50964,-3.50964, -3.6008,-3.42504, -3.6008,-3.82804,-3.50964, -3.6008,-3.50964]
	PARPACK diagonalization completed after 45 matrix-vector product operations.
	iteration results: : total energy is -80.1237 | electron energy -80.5541 + phonon energy 0.430383 | electron momentum kIdx = 0
	Nq(0) = 16,	Nq(1) = 0.388255,	Nq(2) = 0.35795,	Nq(3) = 0.388255,	Nq(4) = 0.388255,	Nq(5) = 0.35795,	Nq(6) = 0.590725,	Nq(7) = 0.35795,	Nq(8) = 0.35795,	Nq(9) = 0.590725,	Nq(10) = 0.579963,	Nq(11) = 0.590725,	Nq(12) = 0.388255,	Nq(13) = 0.35795,	Nq(14) = 0.590725,	Nq(15) = 0.35795,	Sq(0) = 1.22622e-19,	Sq(1) = 0.379809,	Sq(2) = 0.554259,	Sq(3) = 0.379809,	Sq(4) = 0.379809,	Sq(5) = 0.554259,	Sq(6) = 0.639702,	Sq(7) = 0.554259,	Sq(8) = 0.554259,	Sq(9) = 0.639702,	Sq(10) = 1.95282,	Sq(11) = 0.639702,	Sq(12) = 0.379809,	Sq(13) = 0.554259,	Sq(14) = 0.639702,	Sq(15) = 0.554259
The 8-th iteration is completed.	|| time cost : 0h 1m 42.783s
********************************************************************************************************************
Start the 9 rounds of NGS-ED iteration
	effective electronic model is modified as: kinetic energy t = 0.729423
	                                           effective interaction Vq = [-3.99989,-3.83149,-3.51125,-3.83149,-3.83149,-3.51125,-3.60579,-3.51125,-3.51125,-3.60579,-3.42737,-3.60579,-3.83149,-3.51125,-3.60579,-3.51125]
	PARPACK diagonalization completed after 45 matrix-vector product operations.
	iteration results: : total energy is -80.1252 | electron energy -80.559 + phonon energy 0.433857 | electron momentum kIdx = 0
	Nq(0) = 16,	Nq(1) = 0.389268,	Nq(2) = 0.357995,	Nq(3) = 0.389268,	Nq(4) = 0.389268,	Nq(5) = 0.357995,	Nq(6) = 0.592124,	Nq(7) = 0.357995,	Nq(8) = 0.357995,	Nq(9) = 0.592124,	Nq(10) = 0.580158,	Nq(11) = 0.592124,	Nq(12) = 0.389268,	Nq(13) = 0.357995,	Nq(14) = 0.592124,	Nq(15) = 0.357995,	Sq(0) = -3.1124e-18,	Sq(1) = 0.379489,	Sq(2) = 0.553881,	Sq(3) = 0.379489,	Sq(4) = 0.379489,	Sq(5) = 0.553881,	Sq(6) = 0.639138,	Sq(7) = 0.553881,	Sq(8) = 0.553881,	Sq(9) = 0.639138,	Sq(10) = 1.94851,	Sq(11) = 0.639138,	Sq(12) = 0.379489,	Sq(13) = 0.553881,	Sq(14) = 0.639138,	Sq(15) = 0.553881
The 9-th iteration is completed.	|| time cost : 0h 1m 33.816s
********************************************************************************************************************
Start the 10 rounds of NGS-ED iteration
	effective electronic model is modified as: kinetic energy t = 0.728919
	                                           effective interaction Vq = [-3.99992,-3.83372, -3.5123,-3.83372,-3.83372, -3.5123,-3.60913, -3.5123, -3.5123,-3.60913,-3.42888,-3.60913,-3.83372, -3.5123,-3.60913, -3.5123]
	PARPACK diagonalization completed after 30 matrix-vector product operations.
	iteration results: : total energy is -80.1257 | electron energy -80.5619 + phonon energy 0.436167 | electron momentum kIdx = 0
	Nq(0) = 16,	Nq(1) = 0.389929,	Nq(2) = 0.358022,	Nq(3) = 0.389929,	Nq(4) = 0.389929,	Nq(5) = 0.358022,	Nq(6) = 0.593063,	Nq(7) = 0.358022,	Nq(8) = 0.358022,	Nq(9) = 0.593063,	Nq(10) = 0.580279,	Nq(11) = 0.593063,	Nq(12) = 0.389929,	Nq(13) = 0.358022,	Nq(14) = 0.593063,	Nq(15) = 0.358022,	Sq(0) = -5.02459e-18,	Sq(1) = 0.379276,	Sq(2) = 0.553631,	Sq(3) = 0.379276,	Sq(4) = 0.379276,	Sq(5) = 0.553631,	Sq(6) = 0.638765,	Sq(7) = 0.553631,	Sq(8) = 0.553631,	Sq(9) = 0.638765,	Sq(10) = 1.94567,	Sq(11) = 0.638765,	Sq(12) = 0.379276,	Sq(13) = 0.553631,	Sq(14) = 0.638765,	Sq(15) = 0.553631
The 10-th iteration is completed.	|| time cost : 0h 1m 28.727s
********************************************************************************************************************
Start the 11 rounds of NGS-ED iteration
	effective electronic model is modified as: kinetic energy t = 0.728585
	                                           effective interaction Vq = [-3.99993,-3.83517,-3.51298,-3.83517,-3.83517,-3.51298,-3.61136,-3.51298,-3.51298,-3.61136,-3.42985,-3.61136,-3.83517,-3.51298,-3.61136,-3.51298]
	PARPACK diagonalization completed after 30 matrix-vector product operations.
	iteration results: : total energy is -80.1259 | electron energy -80.5636 + phonon energy 0.437702 | electron momentum kIdx = 0
	Nq(0) = 16,	Nq(1) = 0.39036,	Nq(2) = 0.358039,	Nq(3) = 0.39036,	Nq(4) = 0.39036,	Nq(5) = 0.358039,	Nq(6) = 0.593692,	Nq(7) = 0.358039,	Nq(8) = 0.358039,	Nq(9) = 0.593692,	Nq(10) = 0.580355,	Nq(11) = 0.593692,	Nq(12) = 0.39036,	Nq(13) = 0.358039,	Nq(14) = 0.593692,	Nq(15) = 0.358039,	Sq(0) = -2.86933e-18,	Sq(1) = 0.379135,	Sq(2) = 0.553466,	Sq(3) = 0.379135,	Sq(4) = 0.379135,	Sq(5) = 0.553466,	Sq(6) = 0.638519,	Sq(7) = 0.553466,	Sq(8) = 0.553466,	Sq(9) = 0.638519,	Sq(10) = 1.9438,	Sq(11) = 0.638519,	Sq(12) = 0.379135,	Sq(13) = 0.553466,	Sq(14) = 0.638519,	Sq(15) = 0.553466
The 11-th iteration is completed.	|| time cost : 0h 1m 28.734s
********************************************************************************************************************
Start the 12 rounds of NGS-ED iteration
	effective electronic model is modified as: kinetic energy t = 0.728364
	                                           effective interaction Vq = [-3.99993, -3.8361,-3.51343, -3.8361, -3.8361,-3.51343,-3.61285,-3.51343,-3.51343,-3.61285,-3.43048,-3.61285, -3.8361,-3.51343,-3.61285,-3.51343]
	PARPACK diagonalization completed after 30 matrix-vector product operations.
	iteration results: : total energy is -80.126 | electron energy -80.5647 + phonon energy 0.438721 | electron momentum kIdx = 0
	Nq(0) = 16,	Nq(1) = 0.390641,	Nq(2) = 0.358049,	Nq(3) = 0.390641,	Nq(4) = 0.390641,	Nq(5) = 0.358049,	Nq(6) = 0.594114,	Nq(7) = 0.358049,	Nq(8) = 0.358049,	Nq(9) = 0.594114,	Nq(10) = 0.580401,	Nq(11) = 0.594114,	Nq(12) = 0.390641,	Nq(13) = 0.358049,	Nq(14) = 0.594114,	Nq(15) = 0.358049,	Sq(0) = 1.58633e-17,	Sq(1) = 0.379041,	Sq(2) = 0.553356,	Sq(3) = 0.379041,	Sq(4) = 0.379041,	Sq(5) = 0.553356,	Sq(6) = 0.638356,	Sq(7) = 0.553356,	Sq(8) = 0.553356,	Sq(9) = 0.638356,	Sq(10) = 1.94256,	Sq(11) = 0.638356,	Sq(12) = 0.379041,	Sq(13) = 0.553356,	Sq(14) = 0.638356,	Sq(15) = 0.553356
The 12-th iteration is completed.	|| time cost : 0h 1m 28.723s
********************************************************************************************************************
Start the 13 rounds of NGS-ED iteration
	effective electronic model is modified as: kinetic energy t = 0.728218
	                                           effective interaction Vq = [-3.99993,-3.83671,-3.51373,-3.83671,-3.83671,-3.51373,-3.61385,-3.51373,-3.51373,-3.61385,-3.43089,-3.61385,-3.83671,-3.51373,-3.61385,-3.51373]
	PARPACK diagonalization completed after 30 matrix-vector product operations.
	iteration results: : total energy is -80.126 | electron energy -80.5654 + phonon energy 0.439398 | electron momentum kIdx = 0
	Nq(0) = 16,	Nq(1) = 0.390825,	Nq(2) = 0.358056,	Nq(3) = 0.390825,	Nq(4) = 0.390825,	Nq(5) = 0.358056,	Nq(6) = 0.594396,	Nq(7) = 0.358056,	Nq(8) = 0.358056,	Nq(9) = 0.594396,	Nq(10) = 0.580431,	Nq(11) = 0.594396,	Nq(12) = 0.390825,	Nq(13) = 0.358056,	Nq(14) = 0.594396,	Nq(15) = 0.358056,	Sq(0) = 5.66559e-19,	Sq(1) = 0.378978,	Sq(2) = 0.553283,	Sq(3) = 0.378978,	Sq(4) = 0.378978,	Sq(5) = 0.553283,	Sq(6) = 0.638248,	Sq(7) = 0.553283,	Sq(8) = 0.553283,	Sq(9) = 0.638248,	Sq(10) = 1.94175,	Sq(11) = 0.638248,	Sq(12) = 0.378978,	Sq(13) = 0.553283,	Sq(14) = 0.638248,	Sq(15) = 0.553283
The 13-th iteration is completed.	|| time cost : 0h 1m 32.123s
********************************************************************************************************************
Start the 14 rounds of NGS-ED iteration
	effective electronic model is modified as: kinetic energy t = 0.728122
	                                           effective interaction Vq = [-3.99994,-3.83711,-3.51392,-3.83711,-3.83711,-3.51392,-3.61451,-3.51392,-3.51392,-3.61451,-3.43115,-3.61451,-3.83711,-3.51392,-3.61451,-3.51392]
	PARPACK diagonalization completed after 30 matrix-vector product operations.
	iteration results: : total energy is -80.126 | electron energy -80.5659 + phonon energy 0.439847 | electron momentum kIdx = 0
	Nq(0) = 16,	Nq(1) = 0.390946,	Nq(2) = 0.358059,	Nq(3) = 0.390946,	Nq(4) = 0.390946,	Nq(5) = 0.358059,	Nq(6) = 0.594584,	Nq(7) = 0.358059,	Nq(8) = 0.358059,	Nq(9) = 0.594584,	Nq(10) = 0.580449,	Nq(11) = 0.594584,	Nq(12) = 0.390946,	Nq(13) = 0.358059,	Nq(14) = 0.594584,	Nq(15) = 0.358059,	Sq(0) = 1.38339e-17,	Sq(1) = 0.378937,	Sq(2) = 0.553235,	Sq(3) = 0.378937,	Sq(4) = 0.378937,	Sq(5) = 0.553235,	Sq(6) = 0.638177,	Sq(7) = 0.553235,	Sq(8) = 0.553235,	Sq(9) = 0.638177,	Sq(10) = 1.94121,	Sq(11) = 0.638177,	Sq(12) = 0.378937,	Sq(13) = 0.553235,	Sq(14) = 0.638177,	Sq(15) = 0.553235
The 14-th iteration is completed.	|| time cost : 0h 1m 28.765s
********************************************************************************************************************
Start the 15 rounds of NGS-ED iteration
	effective electronic model is modified as: kinetic energy t = 0.728058
	                                           effective interaction Vq = [-3.99994,-3.83737,-3.51404,-3.83737,-3.83737,-3.51404,-3.61495,-3.51404,-3.51404,-3.61495,-3.43132,-3.61495,-3.83737,-3.51404,-3.61495,-3.51404]
	PARPACK diagonalization completed after 30 matrix-vector product operations.
	iteration results: : total energy is -80.126 | electron energy -80.5662 + phonon energy 0.440144 | electron momentum kIdx = 0
	Nq(0) = 16,	Nq(1) = 0.391025,	Nq(2) = 0.358062,	Nq(3) = 0.391025,	Nq(4) = 0.391025,	Nq(5) = 0.358062,	Nq(6) = 0.59471,	Nq(7) = 0.358062,	Nq(8) = 0.358062,	Nq(9) = 0.59471,	Nq(10) = 0.58046,	Nq(11) = 0.59471,	Nq(12) = 0.391025,	Nq(13) = 0.358062,	Nq(14) = 0.59471,	Nq(15) = 0.358062,	Sq(0) = 3.74261e-19,	Sq(1) = 0.378909,	Sq(2) = 0.553203,	Sq(3) = 0.378909,	Sq(4) = 0.378909,	Sq(5) = 0.553203,	Sq(6) = 0.63813,	Sq(7) = 0.553203,	Sq(8) = 0.553203,	Sq(9) = 0.63813,	Sq(10) = 1.94085,	Sq(11) = 0.63813,	Sq(12) = 0.378909,	Sq(13) = 0.553203,	Sq(14) = 0.63813,	Sq(15) = 0.553203
The 15-th iteration is completed.	|| time cost : 0h 1m 28.807s
********************************************************************************************************************
Start the 16 rounds of NGS-ED iteration
	effective electronic model is modified as: kinetic energy t = 0.728016
	                                           effective interaction Vq = [-3.99994,-3.83754,-3.51413,-3.83754,-3.83754,-3.51413,-3.61525,-3.51413,-3.51413,-3.61525,-3.43143,-3.61525,-3.83754,-3.51413,-3.61525,-3.51413]
	PARPACK diagonalization completed after 30 matrix-vector product operations.
	iteration results: : total energy is -80.126 | electron energy -80.5664 + phonon energy 0.440342 | electron momentum kIdx = 0
	Nq(0) = 16,	Nq(1) = 0.391076,	Nq(2) = 0.358063,	Nq(3) = 0.391076,	Nq(4) = 0.391076,	Nq(5) = 0.358063,	Nq(6) = 0.594794,	Nq(7) = 0.358063,	Nq(8) = 0.358063,	Nq(9) = 0.594794,	Nq(10) = 0.580467,	Nq(11) = 0.594794,	Nq(12) = 0.391076,	Nq(13) = 0.358063,	Nq(14) = 0.594794,	Nq(15) = 0.358063,	Sq(0) = 1.32545e-18,	Sq(1) = 0.378891,	Sq(2) = 0.553182,	Sq(3) = 0.378891,	Sq(4) = 0.378891,	Sq(5) = 0.553182,	Sq(6) = 0.638099,	Sq(7) = 0.553182,	Sq(8) = 0.553182,	Sq(9) = 0.638099,	Sq(10) = 1.94062,	Sq(11) = 0.638099,	Sq(12) = 0.378891,	Sq(13) = 0.553182,	Sq(14) = 0.638099,	Sq(15) = 0.553182
The 16-th iteration is completed.	|| time cost : 0h 1m 36.579s
********************************************************************************************************************
Start the 17 rounds of NGS-ED iteration
	effective electronic model is modified as: kinetic energy t = 0.727988
	                                           effective interaction Vq = [-3.99994,-3.83765,-3.51418,-3.83765,-3.83765,-3.51418,-3.61545,-3.51418,-3.51418,-3.61545, -3.4315,-3.61545,-3.83765,-3.51418,-3.61545,-3.51418]
	PARPACK diagonalization completed after 30 matrix-vector product operations.
********************************************************************************************************************
Ground state is obtained after 17 iterations. The current ground-state energy is -80.1261, in which electron energy is -80.5665 and phonon energy is 0.440473
final variational state is: 
	Gamma_x = [      1,1.10563,1.13848,1.10563,1.10563,1.13848,1.22397,1.13848,1.13848,1.22397,1.24161,1.22397,1.10563,1.13848,1.22397,1.13848]
	lambda_q = [0.894367, 0.71426,0.582729, 0.71426, 0.71426,0.582729,0.617115,0.582729,0.582729,0.617115,0.557245,0.617115, 0.71426,0.582729,0.617115,0.582729]
