SNEDics v3.4 Non-Gaussian ED ground state program		Start at Sat Sep 21 18:34:15 2019

parallized on 16 MPI threads  * 8 OpenMP threads = 128 total threads.
********************************************************************************************************************
********************************************************************************************************************

********************************************************************************************************************
System parameters and configurations
********************************************************************************************************************
Special program options are enabled: splitted diagonal Hamiltonian
********************************************************************************************************************
Read input file "model_params.in"
	Hubbard-Holstein model parameters : 	t = 1    U = 2.4    g = 2.7386    W = 5    
********************************************************************************************************************
Read input file "hilbertspace_params.in"
	Requested 16-site 2D lattice, with 16 electrons (8, 8)
	Boundary : Periodic		Hilbert space representation : momentum-space (restricted to kIdx = 0)
	Conservation: particle number[U(1)]      spin[U(1)]     momentum
********************************************************************************************************************

Cluster Positions:				Cluster symmetry group : D4
 x ... x ... x ... x .....                       x ... x ... x ... x .....
 |           |           :                       |           |           :
 |           |           :                       |           |           :
12    13    14    15     x                       1     5     6     5     x
 |           |           :                       |           |           :
 |           |           :                       |           |           :
 8 --- 9 ---10 ---11 --- x                       2 --- 6 ---10 --- 6 --- x
 |           |           :                       |           |           :
 |           |           :                       |           |           :
 4     5     6     7     x                       1     5     6     5     x
 |           |           :                       |           |           :
 |           |           :                       |           |           :
 0 --- 1 --- 2 --- 3 --- x                       0 --- 1 --- 2 --- 1 --- x
orbital number : 1
********************************************************************************************************************
Read input file "obs_params.in"
	Observable Type : Nq(All),   Sq(All),   N(All),   Delta[s](All),   Delta[d](All),   Delta[s+](All)
********************************************************************************************************************
** WARNING ** the input observables have non-local factors which have been reinterpreted. The total observable number is 96
********************************************************************************************************************


********************************************************************************************************************
Start calculating the non-Gaussian ED ground state
** WARNING ** Detected low phonon energy W < 10. The initial state will be prepared through a warm-up process.
********************************************************************************************************************
Start warm-up calculation for scaling factor 2
open output files: NGSEDWarmUpW10Obs.txt
********************************************************************************************************************
Start the 0 rounds of NGS-ED iteration
	effective electronic model is modified as: kinetic energy t = 1
	                                           effective interaction Vq = [-0,-0,-0,-0,-0,-0,-0,-0,-0,-0,-0,-0,-0,-0,-0,-0]
	first Hamiltonian is constructed, non-zero numbers = 2845383612
	PARPACK diagonalization completed after 105 matrix-vector product operations.
	iteration results: : total energy is -17.019427 | electron energy -17.019427 + phonon energy 0.000000 | electron momentum kIdx = 0
	Nq(0) = 16,	Nq(1) = 0.22509,	Nq(2) = 0.295977,	Nq(3) = 0.22509,	Nq(4) = 0.22509,	Nq(5) = 0.295977,	Nq(6) = 0.417947,	Nq(7) = 0.295977,	Nq(8) = 0.295977,	Nq(9) = 0.417947,	Nq(10) = 0.487872,	Nq(11) = 0.417947,	Nq(12) = 0.22509,	Nq(13) = 0.295977,	Nq(14) = 0.417947,	Nq(15) = 0.295977,	Sq(0) = -1.55052e-18,	Sq(1) = 0.417503,	Sq(2) = 0.605313,	Sq(3) = 0.417503,	Sq(4) = 0.417503,	Sq(5) = 0.605313,	Sq(6) = 0.740594,	Sq(7) = 0.605313,	Sq(8) = 0.605313,	Sq(9) = 0.740594,	Sq(10) = 2.89985,	Sq(11) = 0.740594,	Sq(12) = 0.417503,	Sq(13) = 0.605313,	Sq(14) = 0.740594,	Sq(15) = 0.605313,	N(0) = 1.974,	N(1) = 1.9394,	N(2) = 1,	N(3) = 1.9394,	N(4) = 1.9394,	N(5) = 1,	N(6) = 0.0605951,	N(7) = 1,	N(8) = 1,	N(9) = 0.0605951,	N(10) = 0.0259985,	N(11) = 0.0605951,	N(12) = 1.9394,	N(13) = 1,	N(14) = 0.0605951,	N(15) = 1,	Delta[s](0) = 0.229972,	Delta[s](1) = 0.200176,	Delta[s](2) = 0.148512,	Delta[s](3) = 0.200176,	Delta[s](4) = 0.200176,	Delta[s](5) = 0.148512,	Delta[s](6) = 0.118274,	Delta[s](7) = 0.148512,	Delta[s](8) = 0.148512,	Delta[s](9) = 0.118274,	Delta[s](10) = 0.0230993,	Delta[s](11) = 0.118274,	Delta[s](12) = 0.200176,	Delta[s](13) = 0.148512,	Delta[s](14) = 0.118274,	Delta[s](15) = 0.148512,	Delta[d](0) = 0.561155,	Delta[d](1) = 0.338432,	Delta[d](2) = 0.282701,	Delta[d](3) = 0.338432,	Delta[d](4) = 0.338432,	Delta[d](5) = 0.319445,	Delta[d](6) = 0.229196,	Delta[d](7) = 0.319445,	Delta[d](8) = 0.282701,	Delta[d](9) = 0.229196,	Delta[d](10) = 0.0819661,	Delta[d](11) = 0.229196,	Delta[d](12) = 0.338432,	Delta[d](13) = 0.319445,	Delta[d](14) = 0.229196,	Delta[d](15) = 0.319445,	Delta[s+](0) = 0.557848,	Delta[s+](1) = 0.447214,	Delta[s+](2) = 0.282701,	Delta[s+](3) = 0.447214,	Delta[s+](4) = 0.447214,	Delta[s+](5) = 0.282701,	Delta[s+](6) = 0.126031,	Delta[s+](7) = 0.282701,	Delta[s+](8) = 0.282701,	Delta[s+](9) = 0.126031,	Delta[s+](10) = 0.0182871,	Delta[s+](11) = 0.126031,	Delta[s+](12) = 0.447214,	Delta[s+](13) = 0.282701,	Delta[s+](14) = 0.126031,	Delta[s+](15) = 0.282701
The 0-th iteration is completed.	|| time cost : 0h 11m 13.546s
********************************************************************************************************************
Start the 1 rounds of NGS-ED iteration
	effective electronic model is modified as: kinetic energy t = 0.959798
	                                           effective interaction Vq = [-1.29698, -1.2073,-1.16157, -1.2073, -1.2073,-1.16157,-1.15386,-1.16157,-1.16157,-1.15386,-1.13446,-1.15386, -1.2073,-1.16157,-1.15386,-1.16157]
	PARPACK diagonalization completed after 60 matrix-vector product operations.
	iteration results: : total energy is -43.554543 | electron energy -43.556433 + phonon energy 0.001891 | electron momentum kIdx = 0
The 1-th iteration is completed.	|| time cost : 0h 9m 51.657s
********************************************************************************************************************
Start the 2 rounds of NGS-ED iteration
	effective electronic model is modified as: kinetic energy t = 0.932558
	                                           effective interaction Vq = [-1.47251,-1.41113,-1.34405,-1.41113,-1.41113,-1.34405,-1.35509,-1.34405,-1.34405,-1.35509,-1.31537,-1.35509,-1.41113,-1.34405,-1.35509,-1.34405]
	PARPACK diagonalization completed after 75 matrix-vector product operations.
	iteration results: : total energy is -47.370383 | electron energy -47.382682 + phonon energy 0.012299 | electron momentum kIdx = 0
The 2-th iteration is completed.	|| time cost : 0h 0m 57.244s
********************************************************************************************************************
Start the 3 rounds of NGS-ED iteration
	effective electronic model is modified as: kinetic energy t = 0.916522
	                                           effective interaction Vq = [-1.49627,-1.45339,-1.43581,-1.45339,-1.45339,-1.43581,-1.40153,-1.43581,-1.43581,-1.40153,-1.39771,-1.40153,-1.45339,-1.43581,-1.40153,-1.43581]
	PARPACK diagonalization completed after 60 matrix-vector product operations.
	iteration results: : total energy is -48.020605 | electron energy -48.043365 + phonon energy 0.022759 | electron momentum kIdx = 0
The 3-th iteration is completed.	|| time cost : 0h 0m 50.531s
********************************************************************************************************************
Start the 4 rounds of NGS-ED iteration
	effective electronic model is modified as: kinetic energy t = 0.911127
	                                           effective interaction Vq = [-1.49948,-1.46397, -1.4573,-1.46397,-1.46397, -1.4573, -1.4136, -1.4573, -1.4573, -1.4136,-1.41965, -1.4136,-1.46397, -1.4573, -1.4136, -1.4573]
	PARPACK diagonalization completed after 45 matrix-vector product operations.
	iteration results: : total energy is -48.101063 | electron energy -48.129717 + phonon energy 0.028653 | electron momentum kIdx = 0
The 4-th iteration is completed.	|| time cost : 0h 0m 43.368s
********************************************************************************************************************
Start the 5 rounds of NGS-ED iteration
	effective electronic model is modified as: kinetic energy t = 0.909375
	                                           effective interaction Vq = [-1.49992,-1.46706,-1.46334,-1.46706,-1.46706,-1.46334,-1.41711,-1.46334,-1.46334,-1.41711,-1.42643,-1.41711,-1.46706,-1.46334,-1.41711,-1.46334]
	PARPACK diagonalization completed after 45 matrix-vector product operations.
	iteration results: : total energy is -48.111083 | electron energy -48.142071 + phonon energy 0.030989 | electron momentum kIdx = 0
The 5-th iteration is completed.	|| time cost : 0h 0m 43.528s
********************************************************************************************************************
Start the 6 rounds of NGS-ED iteration
	effective electronic model is modified as: kinetic energy t = 0.90881
	                                           effective interaction Vq = [-1.49998,-1.46802,-1.46519,-1.46802,-1.46802,-1.46519,-1.41817,-1.46519,-1.46519,-1.41817,-1.42867,-1.41817,-1.46802,-1.46519,-1.41817,-1.46519]
	PARPACK diagonalization completed after 45 matrix-vector product operations.
	iteration results: : total energy is -48.112345 | electron energy -48.144147 + phonon energy 0.031803 | electron momentum kIdx = 0
The 6-th iteration is completed.	|| time cost : 0h 0m 43.368s
********************************************************************************************************************
Start the 7 rounds of NGS-ED iteration
	effective electronic model is modified as: kinetic energy t = 0.908628
	                                           effective interaction Vq = [-1.49998,-1.46833,-1.46577,-1.46833,-1.46833,-1.46577,-1.41849,-1.46577,-1.46577,-1.41849,-1.42944,-1.41849,-1.46833,-1.46577,-1.41849,-1.46577]
	PARPACK diagonalization completed after 30 matrix-vector product operations.
	iteration results: : total energy is -48.112506 | electron energy -48.144579 + phonon energy 0.032073 | electron momentum kIdx = 0
The 7-th iteration is completed.	|| time cost : 0h 0m 36.58s
********************************************************************************************************************
Start the 8 rounds of NGS-ED iteration
	effective electronic model is modified as: kinetic energy t = 0.90857
	                                           effective interaction Vq = [-1.49999,-1.46843,-1.46596,-1.46843,-1.46843,-1.46596,-1.41859,-1.46596,-1.46596,-1.41859,-1.42971,-1.41859,-1.46843,-1.46596,-1.41859,-1.46596]
	PARPACK diagonalization completed after 30 matrix-vector product operations.
	iteration results: : total energy is -48.112527 | electron energy -48.144688 + phonon energy 0.032162 | electron momentum kIdx = 0
	Nq(0) = 16,	Nq(1) = 0.395056,	Nq(2) = 0.745954,	Nq(3) = 0.395056,	Nq(4) = 0.395056,	Nq(5) = 0.745954,	Nq(6) = 0.648642,	Nq(7) = 0.745954,	Nq(8) = 0.745954,	Nq(9) = 0.648642,	Nq(10) = 0.939254,	Nq(11) = 0.648642,	Nq(12) = 0.395056,	Nq(13) = 0.745954,	Nq(14) = 0.648642,	Nq(15) = 0.745954,	Sq(0) = 1.65614e-17,	Sq(1) = 0.338053,	Sq(2) = 0.361353,	Sq(3) = 0.338053,	Sq(4) = 0.338053,	Sq(5) = 0.361353,	Sq(6) = 0.572617,	Sq(7) = 0.361353,	Sq(8) = 0.361353,	Sq(9) = 0.572617,	Sq(10) = 0.599437,	Sq(11) = 0.572617,	Sq(12) = 0.338053,	Sq(13) = 0.361353,	Sq(14) = 0.572617,	Sq(15) = 0.361353,	N(0) = 1.99874,	N(1) = 1.99663,	N(2) = 1,	N(3) = 1.99663,	N(4) = 1.99663,	N(5) = 1,	N(6) = 0.00337181,	N(7) = 1,	N(8) = 1,	N(9) = 0.00337181,	N(10) = 0.00126068,	N(11) = 0.00337181,	N(12) = 1.99663,	N(13) = 1,	N(14) = 0.00337181,	N(15) = 1,	Delta[s](0) = 0.871636,	Delta[s](1) = 0.317978,	Delta[s](2) = 0.257523,	Delta[s](3) = 0.317978,	Delta[s](4) = 0.317978,	Delta[s](5) = 0.257523,	Delta[s](6) = 0.226139,	Delta[s](7) = 0.257523,	Delta[s](8) = 0.257523,	Delta[s](9) = 0.226139,	Delta[s](10) = 0.201639,	Delta[s](11) = 0.226139,	Delta[s](12) = 0.317978,	Delta[s](13) = 0.257523,	Delta[s](14) = 0.226139,	Delta[s](15) = 0.257523,	Delta[d](0) = 0.348812,	Delta[d](1) = 0.281435,	Delta[d](2) = 0.252111,	Delta[d](3) = 0.281435,	Delta[d](4) = 0.281435,	Delta[d](5) = 0.244119,	Delta[d](6) = 0.229268,	Delta[d](7) = 0.244119,	Delta[d](8) = 0.252111,	Delta[d](9) = 0.229268,	Delta[d](10) = 0.139523,	Delta[d](11) = 0.229268,	Delta[d](12) = 0.281435,	Delta[d](13) = 0.244119,	Delta[d](14) = 0.229268,	Delta[d](15) = 0.244119,	Delta[s+](0) = 0.477135,	Delta[s+](1) = 0.390444,	Delta[s+](2) = 0.252111,	Delta[s+](3) = 0.390444,	Delta[s+](4) = 0.390444,	Delta[s+](5) = 0.252111,	Delta[s+](6) = 0.110016,	Delta[s+](7) = 0.252111,	Delta[s+](8) = 0.252111,	Delta[s+](9) = 0.110016,	Delta[s+](10) = 0.0214875,	Delta[s+](11) = 0.110016,	Delta[s+](12) = 0.390444,	Delta[s+](13) = 0.252111,	Delta[s+](14) = 0.110016,	Delta[s+](15) = 0.252111
The 8-th iteration is completed.	|| time cost : 0h 5m 45.165s
********************************************************************************************************************
********************************************************************************************************************
Ground state is obtained after 9 iterations. The current ground-state energy is -48.1125, in which electron energy is -48.1447 and phonon energy is 0.0321618
final variational state is: 
	Gamma_x = [      1,1.01479,  1.029,1.01479,1.01479,  1.029,1.03536,  1.029,  1.029,1.03536,1.04888,1.03536,1.01479,  1.029,1.03536,  1.029]
	lambda_q = [0.387249,0.331147,0.329011,0.331147,0.331147,0.329011,0.297096,0.329011,0.329011,0.297096,0.303519,0.297096,0.331147,0.329011,0.297096,0.329011]
********************************************************************************************************************
o___o  ----------------------------------------
| L |	Time since last clock: 0h 0m 0s
A===A	Time since the beginning: 0h 31m 24.991s
***********************************************


********************************************************************************************************************
Warm up runs have been completed. Start calculating W = 5 phonon.
open output files: NGSEDIterationObs.txt
********************************************************************************************************************
Start the 0 rounds of NGS-ED iteration
	effective electronic model is modified as: kinetic energy t = 0.908551
	                                           effective interaction Vq = [-1.37123,-1.26547,-1.26082,-1.26547,-1.26547,-1.26082,-1.18592,-1.26082,-1.26082,-1.18592,-1.20182,-1.18592,-1.26547,-1.26082,-1.18592,-1.26082]
	PARPACK diagonalization completed after 60 matrix-vector product operations.
	iteration results: : total energy is -44.055446 | electron energy -44.071542 + phonon energy 0.016095 | electron momentum kIdx = 0
	Nq(0) = 16,	Nq(1) = 0.380997,	Nq(2) = 0.722177,	Nq(3) = 0.380997,	Nq(4) = 0.380997,	Nq(5) = 0.722177,	Nq(6) = 0.615762,	Nq(7) = 0.722177,	Nq(8) = 0.722177,	Nq(9) = 0.615762,	Nq(10) = 0.868213,	Nq(11) = 0.615762,	Nq(12) = 0.380997,	Nq(13) = 0.722177,	Nq(14) = 0.615762,	Nq(15) = 0.722177,	Sq(0) = -1.05136e-17,	Sq(1) = 0.369867,	Sq(2) = 0.373771,	Sq(3) = 0.369867,	Sq(4) = 0.369867,	Sq(5) = 0.373771,	Sq(6) = 0.616896,	Sq(7) = 0.373771,	Sq(8) = 0.373771,	Sq(9) = 0.616896,	Sq(10) = 0.622007,	Sq(11) = 0.616896,	Sq(12) = 0.369867,	Sq(13) = 0.373771,	Sq(14) = 0.616896,	Sq(15) = 0.373771,	N(0) = 1.99994,	N(1) = 1.99979,	N(2) = 1,	N(3) = 1.99979,	N(4) = 1.99979,	N(5) = 1,	N(6) = 0.00021471,	N(7) = 1,	N(8) = 1,	N(9) = 0.00021471,	N(10) = 6.24079e-05,	N(11) = 0.00021471,	N(12) = 1.99979,	N(13) = 1,	N(14) = 0.00021471,	N(15) = 1,	Delta[s](0) = 0.740798,	Delta[s](1) = 0.305684,	Delta[s](2) = 0.252272,	Delta[s](3) = 0.305684,	Delta[s](4) = 0.305684,	Delta[s](5) = 0.252272,	Delta[s](6) = 0.223964,	Delta[s](7) = 0.252272,	Delta[s](8) = 0.252272,	Delta[s](9) = 0.223964,	Delta[s](10) = 0.221132,	Delta[s](11) = 0.223964,	Delta[s](12) = 0.305684,	Delta[s](13) = 0.252272,	Delta[s](14) = 0.223964,	Delta[s](15) = 0.252272,	Delta[d](0) = 0.352531,	Delta[d](1) = 0.287169,	Delta[d](2) = 0.260548,	Delta[d](3) = 0.287169,	Delta[d](4) = 0.287169,	Delta[d](5) = 0.249708,	Delta[d](6) = 0.234929,	Delta[d](7) = 0.249708,	Delta[d](8) = 0.260548,	Delta[d](9) = 0.234929,	Delta[d](10) = 0.146261,	Delta[d](11) = 0.234929,	Delta[d](12) = 0.287169,	Delta[d](13) = 0.249708,	Delta[d](14) = 0.234929,	Delta[d](15) = 0.249708,	Delta[s+](0) = 0.495684,	Delta[s+](1) = 0.403646,	Delta[s+](2) = 0.260548,	Delta[s+](3) = 0.403646,	Delta[s+](4) = 0.403646,	Delta[s+](5) = 0.260548,	Delta[s+](6) = 0.11649,	Delta[s+](7) = 0.260548,	Delta[s+](8) = 0.260548,	Delta[s+](9) = 0.11649,	Delta[s+](10) = 0.0253313,	Delta[s+](11) = 0.11649,	Delta[s+](12) = 0.403646,	Delta[s+](13) = 0.260548,	Delta[s+](14) = 0.11649,	Delta[s+](15) = 0.260548
The 0-th iteration is completed.	|| time cost : 0h 5m 52.398s
********************************************************************************************************************
Start the 1 rounds of NGS-ED iteration
	effective electronic model is modified as: kinetic energy t = 0.893101
	                                           effective interaction Vq = [-1.45262,-1.33988,-1.33615,-1.33988,-1.33988,-1.33615,-1.24094,-1.33615,-1.33615,-1.24094,-1.25903,-1.24094,-1.33988,-1.33615,-1.24094,-1.33615]
	PARPACK diagonalization completed after 45 matrix-vector product operations.
	iteration results: : total energy is -45.583049 | electron energy -45.632634 + phonon energy 0.049586 | electron momentum kIdx = 0
The 1-th iteration is completed.	|| time cost : 0h 0m 43.717s
********************************************************************************************************************
Start the 2 rounds of NGS-ED iteration
	effective electronic model is modified as: kinetic energy t = 0.88416
	                                           effective interaction Vq = [-1.48256,-1.37498,-1.37229,-1.37498,-1.37498,-1.37229,-1.26892,-1.37229,-1.37229,-1.26892,-1.28928,-1.26892,-1.37498,-1.37229,-1.26892,-1.37229]
	PARPACK diagonalization completed after 45 matrix-vector product operations.
	iteration results: : total energy is -46.132201 | electron energy -46.208086 + phonon energy 0.075885 | electron momentum kIdx = 0
The 2-th iteration is completed.	|| time cost : 0h 0m 43.485s
********************************************************************************************************************
Start the 3 rounds of NGS-ED iteration
	effective electronic model is modified as: kinetic energy t = 0.879124
	                                           effective interaction Vq = [-1.49358, -1.3925,-1.39048, -1.3925, -1.3925,-1.39048,-1.28352,-1.39048,-1.39048,-1.28352,-1.30554,-1.28352, -1.3925,-1.39048,-1.28352,-1.39048]
	PARPACK diagonalization completed after 45 matrix-vector product operations.
	iteration results: : total energy is -46.329991 | electron energy -46.422883 + phonon energy 0.092892 | electron momentum kIdx = 0
The 3-th iteration is completed.	|| time cost : 0h 0m 43.611s
********************************************************************************************************************
Start the 4 rounds of NGS-ED iteration
	effective electronic model is modified as: kinetic energy t = 0.876325
	                                           effective interaction Vq = [-1.49763,-1.40158,-1.39997,-1.40158,-1.40158,-1.39997,-1.29126,-1.39997,-1.39997,-1.29126,-1.31439,-1.29126,-1.40158,-1.39997,-1.29126,-1.39997]
	PARPACK diagonalization completed after 45 matrix-vector product operations.
	iteration results: : total energy is -46.401406 | electron energy -46.504483 + phonon energy 0.103077 | electron momentum kIdx = 0
The 4-th iteration is completed.	|| time cost : 0h 0m 43.32s
********************************************************************************************************************
Start the 5 rounds of NGS-ED iteration
	effective electronic model is modified as: kinetic energy t = 0.874779
	                                           effective interaction Vq = [-1.49912,-1.40641,-1.40503,-1.40641,-1.40641,-1.40503,-1.29541,-1.40503,-1.40503,-1.29541,-1.31926,-1.29541,-1.40641,-1.40503,-1.29541,-1.40503]
	PARPACK diagonalization completed after 30 matrix-vector product operations.
	iteration results: : total energy is -46.427257 | electron energy -46.536205 + phonon energy 0.108948 | electron momentum kIdx = 0
The 5-th iteration is completed.	|| time cost : 0h 0m 36.339s
********************************************************************************************************************
Start the 6 rounds of NGS-ED iteration
	effective electronic model is modified as: kinetic energy t = 0.873928
	                                           effective interaction Vq = [-1.49967,-1.40902,-1.40776,-1.40902,-1.40902,-1.40776,-1.29764,-1.40776,-1.40776,-1.29764,-1.32196,-1.29764,-1.40902,-1.40776,-1.29764,-1.40776]
	PARPACK diagonalization completed after 30 matrix-vector product operations.
	iteration results: : total energy is -46.436638 | electron energy -46.548901 + phonon energy 0.112263 | electron momentum kIdx = 0
The 6-th iteration is completed.	|| time cost : 0h 0m 36.512s
********************************************************************************************************************
Start the 7 rounds of NGS-ED iteration
	effective electronic model is modified as: kinetic energy t = 0.87346
	                                           effective interaction Vq = [-1.49987,-1.41043,-1.40925,-1.41043,-1.41043,-1.40925,-1.29884,-1.40925,-1.40925,-1.29884,-1.32345,-1.29884,-1.41043,-1.40925,-1.29884,-1.40925]
	PARPACK diagonalization completed after 30 matrix-vector product operations.
	iteration results: : total energy is -46.440050 | electron energy -46.554162 + phonon energy 0.114112 | electron momentum kIdx = 0
The 7-th iteration is completed.	|| time cost : 0h 0m 36.435s
********************************************************************************************************************
Start the 8 rounds of NGS-ED iteration
	effective electronic model is modified as: kinetic energy t = 0.873203
	                                           effective interaction Vq = [-1.49994, -1.4112,-1.41007, -1.4112, -1.4112,-1.41007,-1.29949,-1.41007,-1.41007,-1.29949,-1.32428,-1.29949, -1.4112,-1.41007,-1.29949,-1.41007]
	PARPACK diagonalization completed after 30 matrix-vector product operations.
	iteration results: : total energy is -46.441293 | electron energy -46.556431 + phonon energy 0.115138 | electron momentum kIdx = 0
The 8-th iteration is completed.	|| time cost : 0h 0m 36.472s
********************************************************************************************************************
Start the 9 rounds of NGS-ED iteration
	effective electronic model is modified as: kinetic energy t = 0.873062
	                                           effective interaction Vq = [-1.49997,-1.41163,-1.41051,-1.41163,-1.41163,-1.41051,-1.29984,-1.41051,-1.41051,-1.29984,-1.32475,-1.29984,-1.41163,-1.41051,-1.29984,-1.41051]
	PARPACK diagonalization completed after 30 matrix-vector product operations.
	iteration results: : total energy is -46.441747 | electron energy -46.557451 + phonon energy 0.115704 | electron momentum kIdx = 0
The 9-th iteration is completed.	|| time cost : 0h 0m 36.167s
********************************************************************************************************************
Start the 10 rounds of NGS-ED iteration
	effective electronic model is modified as: kinetic energy t = 0.872984
	                                           effective interaction Vq = [-1.49998,-1.41186,-1.41076,-1.41186,-1.41186,-1.41076,-1.30003,-1.41076,-1.41076,-1.30003,-1.32501,-1.30003,-1.41186,-1.41076,-1.30003,-1.41076]
	PARPACK diagonalization completed after 30 matrix-vector product operations.
	iteration results: : total energy is -46.441912 | electron energy -46.557929 + phonon energy 0.116016 | electron momentum kIdx = 0
	Nq(0) = 16,	Nq(1) = 0.392137,	Nq(2) = 0.747895,	Nq(3) = 0.392137,	Nq(4) = 0.392137,	Nq(5) = 0.747895,	Nq(6) = 0.625718,	Nq(7) = 0.747895,	Nq(8) = 0.747895,	Nq(9) = 0.625718,	Nq(10) = 0.894865,	Nq(11) = 0.625718,	Nq(12) = 0.392137,	Nq(13) = 0.747895,	Nq(14) = 0.625718,	Nq(15) = 0.747895,	Sq(0) = -7.84918e-18,	Sq(1) = 0.348754,	Sq(2) = 0.36614,	Sq(3) = 0.348754,	Sq(4) = 0.348754,	Sq(5) = 0.36614,	Sq(6) = 0.586794,	Sq(7) = 0.36614,	Sq(8) = 0.36614,	Sq(9) = 0.586794,	Sq(10) = 0.607312,	Sq(11) = 0.586794,	Sq(12) = 0.348754,	Sq(13) = 0.36614,	Sq(14) = 0.586794,	Sq(15) = 0.36614,	N(0) = 1.99933,	N(1) = 1.99793,	N(2) = 1,	N(3) = 1.99793,	N(4) = 1.99793,	N(5) = 1,	N(6) = 0.00207387,	N(7) = 1,	N(8) = 1,	N(9) = 0.00207387,	N(10) = 0.00067391,	N(11) = 0.00207387,	N(12) = 1.99793,	N(13) = 1,	N(14) = 0.00207387,	N(15) = 1,	Delta[s](0) = 0.741907,	Delta[s](1) = 0.312628,	Delta[s](2) = 0.261786,	Delta[s](3) = 0.312628,	Delta[s](4) = 0.312628,	Delta[s](5) = 0.261786,	Delta[s](6) = 0.234447,	Delta[s](7) = 0.261786,	Delta[s](8) = 0.261786,	Delta[s](9) = 0.234447,	Delta[s](10) = 0.225908,	Delta[s](11) = 0.234447,	Delta[s](12) = 0.312628,	Delta[s](13) = 0.261786,	Delta[s](14) = 0.234447,	Delta[s](15) = 0.261786,	Delta[d](0) = 0.358258,	Delta[d](1) = 0.293872,	Delta[d](2) = 0.265783,	Delta[d](3) = 0.293872,	Delta[d](4) = 0.293872,	Delta[d](5) = 0.257865,	Delta[d](6) = 0.242956,	Delta[d](7) = 0.257865,	Delta[d](8) = 0.265783,	Delta[d](9) = 0.242956,	Delta[d](10) = 0.157213,	Delta[d](11) = 0.242956,	Delta[d](12) = 0.293872,	Delta[d](13) = 0.257865,	Delta[d](14) = 0.242956,	Delta[d](15) = 0.257865,	Delta[s+](0) = 0.4962,	Delta[s+](1) = 0.405741,	Delta[s+](2) = 0.265783,	Delta[s+](3) = 0.405741,	Delta[s+](4) = 0.405741,	Delta[s+](5) = 0.265783,	Delta[s+](6) = 0.122434,	Delta[s+](7) = 0.265783,	Delta[s+](8) = 0.265783,	Delta[s+](9) = 0.122434,	Delta[s+](10) = 0.0314092,	Delta[s+](11) = 0.122434,	Delta[s+](12) = 0.405741,	Delta[s+](13) = 0.265783,	Delta[s+](14) = 0.122434,	Delta[s+](15) = 0.265783
The 10-th iteration is completed.	|| time cost : 0h 5m 38.227s
********************************************************************************************************************
Start the 11 rounds of NGS-ED iteration
	effective electronic model is modified as: kinetic energy t = 0.872942
	                                           effective interaction Vq = [-1.49998,-1.41198, -1.4109,-1.41198,-1.41198, -1.4109,-1.30013, -1.4109, -1.4109,-1.30013,-1.32515,-1.30013,-1.41198, -1.4109,-1.30013, -1.4109]
	PARPACK diagonalization completed after 30 matrix-vector product operations.
	iteration results: : total energy is -46.441973 | electron energy -46.558161 + phonon energy 0.116188 | electron momentum kIdx = 0
The 11-th iteration is completed.	|| time cost : 0h 0m 36.539s
********************************************************************************************************************
Start the 12 rounds of NGS-ED iteration
	effective electronic model is modified as: kinetic energy t = 0.872918
	                                           effective interaction Vq = [-1.49999,-1.41205,-1.41097,-1.41205,-1.41205,-1.41097,-1.30019,-1.41097,-1.41097,-1.30019,-1.32523,-1.30019,-1.41205,-1.41097,-1.30019,-1.41097]
	PARPACK diagonalization completed after 30 matrix-vector product operations.
	iteration results: : total energy is -46.441995 | electron energy -46.558278 + phonon energy 0.116282 | electron momentum kIdx = 0
The 12-th iteration is completed.	|| time cost : 0h 0m 36.329s
********************************************************************************************************************
Start the 13 rounds of NGS-ED iteration
	effective electronic model is modified as: kinetic energy t = 0.872906
	                                           effective interaction Vq = [-1.49999,-1.41209,-1.41101,-1.41209,-1.41209,-1.41101,-1.30022,-1.41101,-1.41101,-1.30022,-1.32528,-1.30022,-1.41209,-1.41101,-1.30022,-1.41101]
	PARPACK diagonalization completed after 30 matrix-vector product operations.
	iteration results: : total energy is -46.442004 | electron energy -46.558338 + phonon energy 0.116334 | electron momentum kIdx = 0
The 13-th iteration is completed.	|| time cost : 0h 0m 36.328s
********************************************************************************************************************
Start the 14 rounds of NGS-ED iteration
	effective electronic model is modified as: kinetic energy t = 0.872899
	                                           effective interaction Vq = [-1.49999,-1.41211,-1.41103,-1.41211,-1.41211,-1.41103,-1.30023,-1.41103,-1.41103,-1.30023, -1.3253,-1.30023,-1.41211,-1.41103,-1.30023,-1.41103]
	PARPACK diagonalization completed after 30 matrix-vector product operations.
	iteration results: : total energy is -46.442006 | electron energy -46.558369 + phonon energy 0.116363 | electron momentum kIdx = 0
The 14-th iteration is completed.	|| time cost : 0h 0m 36.217s
********************************************************************************************************************
Start the 15 rounds of NGS-ED iteration
	effective electronic model is modified as: kinetic energy t = 0.872895
	                                           effective interaction Vq = [-1.49999,-1.41213,-1.41105,-1.41213,-1.41213,-1.41105,-1.30024,-1.41105,-1.41105,-1.30024,-1.32532,-1.30024,-1.41213,-1.41105,-1.30024,-1.41105]
	PARPACK diagonalization completed after 30 matrix-vector product operations.
	iteration results: : total energy is -46.442008 | electron energy -46.558386 + phonon energy 0.116378 | electron momentum kIdx = 0
The 15-th iteration is completed.	|| time cost : 0h 0m 36.123s
********************************************************************************************************************
Start the 16 rounds of NGS-ED iteration
	effective electronic model is modified as: kinetic energy t = 0.872893
	                                           effective interaction Vq = [-1.49999,-1.41213,-1.41105,-1.41213,-1.41213,-1.41105,-1.30025,-1.41105,-1.41105,-1.30025,-1.32532,-1.30025,-1.41213,-1.41105,-1.30025,-1.41105]
	PARPACK diagonalization completed after 30 matrix-vector product operations.
	iteration results: : total energy is -46.442008 | electron energy -46.558395 + phonon energy 0.116387 | electron momentum kIdx = 0
The 16-th iteration is completed.	|| time cost : 0h 0m 36.276s
********************************************************************************************************************
Start the 17 rounds of NGS-ED iteration
	effective electronic model is modified as: kinetic energy t = 0.872891
	                                           effective interaction Vq = [-1.49999,-1.41214,-1.41106,-1.41214,-1.41214,-1.41106,-1.30025,-1.41106,-1.41106,-1.30025,-1.32533,-1.30025,-1.41214,-1.41106,-1.30025,-1.41106]
	PARPACK diagonalization completed after 30 matrix-vector product operations.
	iteration results: : total energy is -46.442008 | electron energy -46.558400 + phonon energy 0.116392 | electron momentum kIdx = 0
The 17-th iteration is completed.	|| time cost : 0h 0m 36.161s
********************************************************************************************************************
Start the 18 rounds of NGS-ED iteration
	effective electronic model is modified as: kinetic energy t = 0.872891
	                                           effective interaction Vq = [-1.49999,-1.41214,-1.41106,-1.41214,-1.41214,-1.41106,-1.30025,-1.41106,-1.41106,-1.30025,-1.32533,-1.30025,-1.41214,-1.41106,-1.30025,-1.41106]
	PARPACK diagonalization completed after 30 matrix-vector product operations.
	iteration results: : total energy is -46.442008 | electron energy -46.558402 + phonon energy 0.116394 | electron momentum kIdx = 0
The 18-th iteration is completed.	|| time cost : 0h 0m 36.327s
********************************************************************************************************************
Start the 19 rounds of NGS-ED iteration
	effective electronic model is modified as: kinetic energy t = 0.87289
	                                           effective interaction Vq = [-1.49999,-1.41214,-1.41106,-1.41214,-1.41214,-1.41106,-1.30025,-1.41106,-1.41106,-1.30025,-1.32533,-1.30025,-1.41214,-1.41106,-1.30025,-1.41106]
	PARPACK diagonalization completed after 30 matrix-vector product operations.
	iteration results: : total energy is -46.442008 | electron energy -46.558404 + phonon energy 0.116396 | electron momentum kIdx = 0
The 19-th iteration is completed.	|| time cost : 0h 0m 36.333s
********************************************************************************************************************
Start the 20 rounds of NGS-ED iteration
	effective electronic model is modified as: kinetic energy t = 0.87289
	                                           effective interaction Vq = [-1.49999,-1.41214,-1.41106,-1.41214,-1.41214,-1.41106,-1.30025,-1.41106,-1.41106,-1.30025,-1.32533,-1.30025,-1.41214,-1.41106,-1.30025,-1.41106]
	PARPACK diagonalization completed after 30 matrix-vector product operations.
	iteration results: : total energy is -46.442008 | electron energy -46.558405 + phonon energy 0.116396 | electron momentum kIdx = 0
	Nq(0) = 16,	Nq(1) = 0.392157,	Nq(2) = 0.74795,	Nq(3) = 0.392157,	Nq(4) = 0.392157,	Nq(5) = 0.74795,	Nq(6) = 0.625734,	Nq(7) = 0.74795,	Nq(8) = 0.74795,	Nq(9) = 0.625734,	Nq(10) = 0.894964,	Nq(11) = 0.625734,	Nq(12) = 0.392157,	Nq(13) = 0.74795,	Nq(14) = 0.625734,	Nq(15) = 0.74795,	Sq(0) = -9.73563e-18,	Sq(1) = 0.34871,	Sq(2) = 0.366122,	Sq(3) = 0.34871,	Sq(4) = 0.34871,	Sq(5) = 0.366122,	Sq(6) = 0.586731,	Sq(7) = 0.366122,	Sq(8) = 0.366122,	Sq(9) = 0.586731,	Sq(10) = 0.607278,	Sq(11) = 0.586731,	Sq(12) = 0.34871,	Sq(13) = 0.366122,	Sq(14) = 0.586731,	Sq(15) = 0.366122,	N(0) = 1.99932,	N(1) = 1.99792,	N(2) = 1,	N(3) = 1.99792,	N(4) = 1.99792,	N(5) = 1,	N(6) = 0.00208022,	N(7) = 1,	N(8) = 1,	N(9) = 0.00208022,	N(10) = 0.000676143,	N(11) = 0.00208022,	N(12) = 1.99792,	N(13) = 1,	N(14) = 0.00208022,	N(15) = 1,	Delta[s](0) = 0.741888,	Delta[s](1) = 0.312643,	Delta[s](2) = 0.261808,	Delta[s](3) = 0.312643,	Delta[s](4) = 0.312643,	Delta[s](5) = 0.261808,	Delta[s](6) = 0.234471,	Delta[s](7) = 0.261808,	Delta[s](8) = 0.261808,	Delta[s](9) = 0.234471,	Delta[s](10) = 0.225918,	Delta[s](11) = 0.234471,	Delta[s](12) = 0.312643,	Delta[s](13) = 0.261808,	Delta[s](14) = 0.234471,	Delta[s](15) = 0.261808,	Delta[d](0) = 0.358314,	Delta[d](1) = 0.293923,	Delta[d](2) = 0.265828,	Delta[d](3) = 0.293923,	Delta[d](4) = 0.293923,	Delta[d](5) = 0.257916,	Delta[d](6) = 0.243004,	Delta[d](7) = 0.257916,	Delta[d](8) = 0.265828,	Delta[d](9) = 0.243004,	Delta[d](10) = 0.157259,	Delta[d](11) = 0.243004,	Delta[d](12) = 0.293923,	Delta[d](13) = 0.257916,	Delta[d](14) = 0.243004,	Delta[d](15) = 0.257916,	Delta[s+](0) = 0.496262,	Delta[s+](1) = 0.405795,	Delta[s+](2) = 0.265828,	Delta[s+](3) = 0.405795,	Delta[s+](4) = 0.405795,	Delta[s+](5) = 0.265828,	Delta[s+](6) = 0.122464,	Delta[s+](7) = 0.265828,	Delta[s+](8) = 0.265828,	Delta[s+](9) = 0.122464,	Delta[s+](10) = 0.0314289,	Delta[s+](11) = 0.122464,	Delta[s+](12) = 0.405795,	Delta[s+](13) = 0.265828,	Delta[s+](14) = 0.122464,	Delta[s+](15) = 0.265828
The 20-th iteration is completed.	|| time cost : 0h 5m 44.757s
********************************************************************************************************************
Start the 21 rounds of NGS-ED iteration
	effective electronic model is modified as: kinetic energy t = 0.87289
	                                           effective interaction Vq = [-1.49999,-1.41214,-1.41106,-1.41214,-1.41214,-1.41106,-1.30025,-1.41106,-1.41106,-1.30025,-1.32533,-1.30025,-1.41214,-1.41106,-1.30025,-1.41106]
	PARPACK diagonalization completed after 30 matrix-vector product operations.
	iteration results: : total energy is -46.442008 | electron energy -46.558405 + phonon energy 0.116397 | electron momentum kIdx = 0
The 21-th iteration is completed.	|| time cost : 0h 0m 36.185s
********************************************************************************************************************
Start the 22 rounds of NGS-ED iteration
	effective electronic model is modified as: kinetic energy t = 0.87289
	                                           effective interaction Vq = [-1.49999,-1.41214,-1.41106,-1.41214,-1.41214,-1.41106,-1.30025,-1.41106,-1.41106,-1.30025,-1.32533,-1.30025,-1.41214,-1.41106,-1.30025,-1.41106]
	PARPACK diagonalization completed after 30 matrix-vector product operations.
	iteration results: : total energy is -46.442008 | electron energy -46.558405 + phonon energy 0.116397 | electron momentum kIdx = 0
The 22-th iteration is completed.	|| time cost : 0h 0m 36.402s
********************************************************************************************************************
Start the 23 rounds of NGS-ED iteration
	effective electronic model is modified as: kinetic energy t = 0.87289
	                                           effective interaction Vq = [-1.49999,-1.41214,-1.41106,-1.41214,-1.41214,-1.41106,-1.30025,-1.41106,-1.41106,-1.30025,-1.32533,-1.30025,-1.41214,-1.41106,-1.30025,-1.41106]
	PARPACK diagonalization completed after 30 matrix-vector product operations.
	iteration results: : total energy is -46.442008 | electron energy -46.558405 + phonon energy 0.116397 | electron momentum kIdx = 0
The 23-th iteration is completed.	|| time cost : 0h 0m 36.284s
********************************************************************************************************************
Start the 24 rounds of NGS-ED iteration
	effective electronic model is modified as: kinetic energy t = 0.87289
	                                           effective interaction Vq = [-1.49999,-1.41214,-1.41106,-1.41214,-1.41214,-1.41106,-1.30025,-1.41106,-1.41106,-1.30025,-1.32533,-1.30025,-1.41214,-1.41106,-1.30025,-1.41106]
	PARPACK diagonalization completed after 30 matrix-vector product operations.
	iteration results: : total energy is -46.442008 | electron energy -46.558406 + phonon energy 0.116397 | electron momentum kIdx = 0
