SNEDics v3.2 diagonalization test program		Start at Sat May  4 14:27:31 2019

parallized on 80 MPI threads  * 6 OpenMP threads = 480 total threads.
************************************************************************************
************************************************************************************

Input file "model_params.in"
Hubbard-Holstein model parameters : 	t = 1    U = 8    g = 0.7071    W = 1    
************************************************************************************
Input file "hilbertspace_params.in"

Cluster Positions:				Cluster symmetry group : D4
 x ... x ... x ... x .....                       x ... x ... x ... x .....
 |           |           :                       |           |           :
 |           |           :                       |           |           :
12    13    14    15     x                       1     5     6     5     x
 |           |           :                       |           |           :
 |           |           :                       |           |           :
 8 --- 9 ---10 ---11 --- x                       2 --- 6 ---10 --- 6 --- x
 |           |           :                       |           |           :
 |           |           :                       |           |           :
 4     5     6     7     x                       1     5     6     5     x
 |           |           :                       |           |           :
 |           |           :                       |           |           :
 0 --- 1 --- 2 --- 3 --- x                       0 --- 1 --- 2 --- 1 --- x
orbital number : 1
************************************************************************************
** NOTE ** Detected low phonon energy W < 10. The initial state will be prepared through a warm-up process.
starting warm-up calculation for scaling factor 16
0 rounds of non-Gaussian ED iteration : ground-state energy is -8.46888 | electron energy -8.46888 + phonon energy 0 | electron momentum kIdx = 0
Nq = 	16	0.0625034	0.109912	0.0625034	0.0625034	0.109912	0.152438	0.109912	0.109912	0.152438	0.1925	0.152438	0.0625034	0.109912	0.152438	0.109912
Sq = 	2.31488e-18	0.412873	0.641315	0.412873	0.412873	0.641315	0.93882	0.641315	0.641315	0.93882	5.0336	0.93882	0.412873	0.641315	0.93882	0.641315
1 rounds of non-Gaussian ED iteration : ground-state energy is -16.7367 | electron energy -16.7368 + phonon energy 7.47318e-05 | electron momentum kIdx = 0
Nq = 	16	0.0737538	0.126823	0.0737538	0.0737538	0.126823	0.17451	0.126823	0.126823	0.17451	0.219187	0.17451	0.0737538	0.126823	0.17451	0.126823
Sq = 	6.49263e-19	0.417364	0.638938	0.417364	0.417364	0.638938	0.916616	0.638938	0.638938	0.916616	4.85727	0.916616	0.417364	0.638938	0.916616	0.638938
2 rounds of non-Gaussian ED iteration : ground-state energy is -17.0575 | electron energy -17.0577 + phonon energy 0.000201662 | electron momentum kIdx = 0
Nq = 	16	0.0742917	0.12761	0.0742917	0.0742917	0.12761	0.175528	0.12761	0.12761	0.175528	0.220403	0.175528	0.0742917	0.12761	0.175528	0.12761
Sq = 	8.8795e-19	0.417556	0.638837	0.417556	0.417556	0.638837	0.915628	0.638837	0.638837	0.915628	4.8489	0.915628	0.417556	0.638837	0.915628	0.638837
3 rounds of non-Gaussian ED iteration : ground-state energy is -17.0703 | electron energy -17.0705 + phonon energy 0.000226722 | electron momentum kIdx = 0
Nq = 	16	0.0743379	0.127677	0.0743379	0.0743379	0.127677	0.175614	0.127677	0.127677	0.175614	0.220504	0.175614	0.0743379	0.127677	0.175614	0.127677
Sq = 	1.08627e-18	0.417573	0.638829	0.417573	0.417573	0.638829	0.915544	0.638829	0.638829	0.915544	4.84819	0.915544	0.417573	0.638829	0.915544	0.638829
Ground state is obtained after 4 iterations. The current ground-state energy is -17.0708, in which electron energy is -17.0711 and phonon energy is 0.000229706
final variational state is: 
Gamma_x =       1 1.00097 1.00176 1.00097 1.00097 1.00176  1.0025 1.00176 1.00176  1.0025 1.00319  1.0025 1.00097 1.00176  1.0025 1.00176
lambda_q = 0.176481 0.124159 0.118405 0.124159 0.124159 0.118405    0.115 0.118405 0.118405    0.115 0.112596    0.115 0.124159 0.118405    0.115 0.118405
o___o  -------------------------------------
| L |	Time since last clock: 0h 23m 18.759s
A===A	Time since the beginning: 0h 23m 18.759s
********************************************

************************************************************************************
starting warm-up calculation for scaling factor 8
0 rounds of non-Gaussian ED iteration : ground-state energy is -16.2147 | electron energy -16.2148 + phonon energy 0.000114853 | electron momentum kIdx = 0
Nq = 	16	0.0715641	0.123576	0.0715641	0.0715641	0.123576	0.17026	0.123576	0.123576	0.17026	0.214041	0.17026	0.0715641	0.123576	0.17026	0.123576
Sq = 	-3.07543e-18	0.41658	0.639384	0.41658	0.41658	0.639384	0.920723	0.639384	0.639384	0.920723	4.89169	0.920723	0.41658	0.639384	0.920723	0.639384
1 rounds of non-Gaussian ED iteration : ground-state energy is -16.7681 | electron energy -16.7685 + phonon energy 0.00039753 | electron momentum kIdx = 0
Nq = 	16	0.071771	0.123874	0.071771	0.071771	0.123874	0.170631	0.123874	0.123874	0.170631	0.214465	0.170631	0.071771	0.123874	0.170631	0.123874
Sq = 	1.23122e-18	0.416663	0.639352	0.416663	0.416663	0.639352	0.92034	0.639352	0.639352	0.92034	4.88857	0.92034	0.416663	0.639352	0.92034	0.639352
2 rounds of non-Gaussian ED iteration : ground-state energy is -16.8796 | electron energy -16.8801 + phonon energy 0.000499149 | electron momentum kIdx = 0
Nq = 	16	0.0718163	0.123938	0.0718163	0.0718163	0.123938	0.170711	0.123938	0.123938	0.170711	0.214556	0.170711	0.0718163	0.123938	0.170711	0.123938
Sq = 	-9.54459e-19	0.416682	0.639345	0.416682	0.416682	0.639345	0.920256	0.639345	0.639345	0.920256	4.88789	0.920256	0.416682	0.639345	0.920256	0.639345
3 rounds of non-Gaussian ED iteration : ground-state energy is -16.9021 | electron energy -16.9027 + phonon energy 0.000526726 | electron momentum kIdx = 0
Nq = 	16	0.0718266	0.123953	0.0718266	0.0718266	0.123953	0.170729	0.123953	0.123953	0.170729	0.214577	0.170729	0.0718266	0.123953	0.170729	0.123953
Sq = 	1.96015e-18	0.416686	0.639343	0.416686	0.416686	0.639343	0.920237	0.639343	0.639343	0.920237	4.88773	0.920237	0.416686	0.639343	0.920237	0.639343
4 rounds of non-Gaussian ED iteration : ground-state energy is -16.9067 | electron energy -16.9072 + phonon energy 0.000533681 | electron momentum kIdx = 0
Nq = 	16	0.071829	0.123956	0.071829	0.071829	0.123956	0.170733	0.123956	0.123956	0.170733	0.214582	0.170733	0.071829	0.123956	0.170733	0.123956
Sq = 	1.12626e-18	0.416687	0.639343	0.416687	0.416687	0.639343	0.920233	0.639343	0.639343	0.920233	4.8877	0.920233	0.416687	0.639343	0.920233	0.639343
Ground state is obtained after 5 iterations. The current ground-state energy is -16.9076, in which electron energy is -16.9081 and phonon energy is 0.000535389
final variational state is: 
Gamma_x =       1 1.00223 1.00388 1.00223 1.00223 1.00388 1.00534 1.00388 1.00388 1.00534 1.00669 1.00534 1.00223 1.00388 1.00534 1.00388
lambda_q = 0.248651 0.134179 0.125083 0.134179 0.134179 0.125083 0.119848 0.125083 0.125083 0.119848 0.116251 0.119848 0.134179 0.125083 0.119848 0.125083
o___o  -------------------------------------
| L |	Time since last clock: 0h 28m 21.822s
A===A	Time since the beginning: 0h 51m 40.582s
********************************************

************************************************************************************
starting warm-up calculation for scaling factor 4
0 rounds of non-Gaussian ED iteration : ground-state energy is -16.0452 | electron energy -16.0455 + phonon energy 0.000267694 | electron momentum kIdx = 0
Nq = 	16	0.069172	0.119999	0.069172	0.069172	0.119999	0.165577	0.119999	0.119999	0.165577	0.208363	0.165577	0.069172	0.119999	0.165577	0.119999
Sq = 	-8.0742e-20	0.415679	0.639884	0.415679	0.415679	0.639884	0.925325	0.639884	0.639884	0.925325	4.92932	0.925325	0.415679	0.639884	0.925325	0.639884
1 rounds of non-Gaussian ED iteration : ground-state energy is -16.4349 | electron energy -16.4355 + phonon energy 0.000569687 | electron momentum kIdx = 0
Nq = 	16	0.0689978	0.119731	0.0689978	0.0689978	0.119731	0.165214	0.119731	0.119731	0.165214	0.207908	0.165214	0.0689978	0.119731	0.165214	0.119731
Sq = 	-1.07302e-18	0.415617	0.639928	0.415617	0.415617	0.639928	0.92567	0.639928	0.639928	0.92567	4.93214	0.92567	0.415617	0.639928	0.92567	0.639928
2 rounds of non-Gaussian ED iteration : ground-state energy is -16.6093 | electron energy -16.61 + phonon energy 0.000689789 | electron momentum kIdx = 0
Nq = 	16	0.0689418	0.119646	0.0689418	0.0689418	0.119646	0.1651	0.119646	0.119646	0.1651	0.207769	0.1651	0.0689418	0.119646	0.1651	0.119646
Sq = 	-1.25557e-18	0.415596	0.639941	0.415596	0.415596	0.639941	0.925781	0.639941	0.639941	0.925781	4.93304	0.925781	0.415596	0.639941	0.925781	0.639941
3 rounds of non-Gaussian ED iteration : ground-state energy is -16.6876 | electron energy -16.6884 + phonon energy 0.000732493 | electron momentum kIdx = 0
Nq = 	16	0.0689246	0.11962	0.0689246	0.0689246	0.11962	0.165066	0.11962	0.11962	0.165066	0.207728	0.165066	0.0689246	0.11962	0.165066	0.11962
Sq = 	9.28838e-19	0.415589	0.639944	0.415589	0.415589	0.639944	0.925815	0.639944	0.639944	0.925815	4.93331	0.925815	0.415589	0.639944	0.925815	0.639944
4 rounds of non-Gaussian ED iteration : ground-state energy is -16.7228 | electron energy -16.7236 + phonon energy 0.000747755 | electron momentum kIdx = 0
Nq = 	16	0.0689194	0.119612	0.0689194	0.0689194	0.119612	0.165056	0.119612	0.119612	0.165056	0.207716	0.165056	0.0689194	0.119612	0.165056	0.119612
Sq = 	2.04946e-18	0.415587	0.639945	0.415587	0.415587	0.639945	0.925825	0.639945	0.639945	0.925825	4.93339	0.925825	0.415587	0.639945	0.925825	0.639945
5 rounds of non-Gaussian ED iteration : ground-state energy is -16.7386 | electron energy -16.7394 + phonon energy 0.000753406 | electron momentum kIdx = 0
Nq = 	16	0.0689179	0.119609	0.0689179	0.0689179	0.119609	0.165053	0.119609	0.119609	0.165053	0.207713	0.165053	0.0689179	0.119609	0.165053	0.119609
Sq = 	-3.5405e-19	0.415587	0.639946	0.415587	0.415587	0.639946	0.925828	0.639946	0.639946	0.925828	4.93341	0.925828	0.415587	0.639946	0.925828	0.639946
6 rounds of non-Gaussian ED iteration : ground-state energy is -16.7457 | electron energy -16.7465 + phonon energy 0.000755589 | electron momentum kIdx = 0
Nq = 	16	0.0689174	0.119609	0.0689174	0.0689174	0.119609	0.165052	0.119609	0.119609	0.165052	0.207712	0.165052	0.0689174	0.119609	0.165052	0.119609
Sq = 	-7.4785e-19	0.415586	0.639946	0.415586	0.415586	0.639946	0.925829	0.639946	0.639946	0.925829	4.93342	0.925829	0.415586	0.639946	0.925829	0.639946
7 rounds of non-Gaussian ED iteration : ground-state energy is -16.7489 | electron energy -16.7497 + phonon energy 0.000756466 | electron momentum kIdx = 0
Nq = 	16	0.0689173	0.119609	0.0689173	0.0689173	0.119609	0.165052	0.119609	0.119609	0.165052	0.207711	0.165052	0.0689173	0.119609	0.165052	0.119609
Sq = 	-2.144e-20	0.415586	0.639946	0.415586	0.415586	0.639946	0.925829	0.639946	0.639946	0.925829	4.93342	0.925829	0.415586	0.639946	0.925829	0.639946
8 rounds of non-Gaussian ED iteration : ground-state energy is -16.7504 | electron energy -16.7511 + phonon energy 0.000756832 | electron momentum kIdx = 0
Nq = 	16	0.0689172	0.119609	0.0689172	0.0689172	0.119609	0.165052	0.119609	0.119609	0.165052	0.207711	0.165052	0.0689172	0.119609	0.165052	0.119609
Sq = 	1.1717e-18	0.415586	0.639946	0.415586	0.415586	0.639946	0.925829	0.639946	0.639946	0.925829	4.93342	0.925829	0.415586	0.639946	0.925829	0.639946
Ground state is obtained after 9 iterations. The current ground-state energy is -16.751, in which electron energy is -16.7518 and phonon energy is 0.000756988
final variational state is: 
Gamma_x =       1 1.00398 1.00663 1.00398 1.00398 1.00663 1.00889 1.00663 1.00663 1.00889 1.01096 1.00889 1.00398 1.00663 1.00889 1.00663
lambda_q = 0.350684 0.127554 0.116437 0.127554 0.127554 0.116437 0.110188 0.116437 0.116437 0.110188 0.106005 0.110188 0.127554 0.116437 0.110188 0.116437
o___o  -------------------------------------
| L |	Time since last clock: 0h 48m 19.034s
A===A	Time since the beginning: 1h 39m 59.617s
********************************************

************************************************************************************
starting warm-up calculation for scaling factor 2
0 rounds of non-Gaussian ED iteration : ground-state energy is -15.9124 | electron energy -15.9128 + phonon energy 0.000378494 | electron momentum kIdx = 0
Nq = 	16	0.0668346	0.116482	0.0668346	0.0668346	0.116482	0.160983	0.116482	0.116482	0.160983	0.202805	0.160983	0.0668346	0.116482	0.160983	0.116482
Sq = 	-1.06636e-19	0.414748	0.64038	0.414748	0.414748	0.64038	0.92994	0.64038	0.64038	0.92994	4.966	0.92994	0.414748	0.64038	0.92994	0.64038
1 rounds of non-Gaussian ED iteration : ground-state energy is -16.1538 | electron energy -16.1544 + phonon energy 0.000578779 | electron momentum kIdx = 0
Nq = 	16	0.0665676	0.116075	0.0665676	0.0665676	0.116075	0.160447	0.116075	0.116075	0.160447	0.20215	0.160447	0.0665676	0.116075	0.160447	0.116075
Sq = 	-1.31109e-18	0.41464	0.64044	0.41464	0.41464	0.64044	0.930477	0.64044	0.64044	0.930477	4.97023	0.930477	0.41464	0.64044	0.930477	0.64044
2 rounds of non-Gaussian ED iteration : ground-state energy is -16.3123 | electron energy -16.3129 + phonon energy 0.000656188 | electron momentum kIdx = 0
Nq = 	16	0.0664575	0.115909	0.0664575	0.0664575	0.115909	0.160231	0.115909	0.115909	0.160231	0.201891	0.160231	0.0664575	0.115909	0.160231	0.115909
Sq = 	-9.93137e-19	0.414595	0.640463	0.414595	0.414595	0.640463	0.930698	0.640463	0.640463	0.930698	4.97195	0.930698	0.414595	0.640463	0.930698	0.640463
3 rounds of non-Gaussian ED iteration : ground-state energy is -16.418 | electron energy -16.4187 + phonon energy 0.000684033 | electron momentum kIdx = 0
Nq = 	16	0.0664155	0.115846	0.0664155	0.0664155	0.115846	0.160151	0.115846	0.115846	0.160151	0.201795	0.160151	0.0664155	0.115846	0.160151	0.115846
Sq = 	-7.76198e-19	0.414577	0.640472	0.414577	0.414577	0.640472	0.930782	0.640472	0.640472	0.930782	4.9726	0.930782	0.414577	0.640472	0.930782	0.640472
4 rounds of non-Gaussian ED iteration : ground-state energy is -16.4889 | electron energy -16.4896 + phonon energy 0.000693773 | electron momentum kIdx = 0
Nq = 	16	0.0663998	0.115823	0.0663998	0.0663998	0.115823	0.160121	0.115823	0.115823	0.160121	0.201761	0.160121	0.0663998	0.115823	0.160121	0.115823
Sq = 	8.53611e-20	0.41457	0.640474	0.41457	0.41457	0.640474	0.930813	0.640474	0.640474	0.930813	4.97284	0.930813	0.41457	0.640474	0.930813	0.640474
5 rounds of non-Gaussian ED iteration : ground-state energy is -16.5364 | electron energy -16.5371 + phonon energy 0.000697088 | electron momentum kIdx = 0
Nq = 	16	0.066394	0.115815	0.066394	0.066394	0.115815	0.16011	0.115815	0.115815	0.16011	0.201748	0.16011	0.066394	0.115815	0.16011	0.115815
Sq = 	-3.46904e-19	0.414567	0.640475	0.414567	0.414567	0.640475	0.930824	0.640475	0.640475	0.930824	4.97293	0.930824	0.414567	0.640475	0.930824	0.640475
6 rounds of non-Gaussian ED iteration : ground-state energy is -16.5682 | electron energy -16.5689 + phonon energy 0.00069816 | electron momentum kIdx = 0
Nq = 	16	0.0663918	0.115811	0.0663918	0.0663918	0.115811	0.160107	0.115811	0.115811	0.160107	0.201744	0.160107	0.0663918	0.115811	0.160107	0.115811
Sq = 	5.69868e-20	0.414566	0.640476	0.414566	0.414566	0.640476	0.930829	0.640476	0.640476	0.930829	4.97296	0.930829	0.414566	0.640476	0.930829	0.640476
7 rounds of non-Gaussian ED iteration : ground-state energy is -16.5895 | electron energy -16.5902 + phonon energy 0.000698465 | electron momentum kIdx = 0
Nq = 	16	0.066391	0.11581	0.066391	0.066391	0.11581	0.160105	0.11581	0.11581	0.160105	0.201742	0.160105	0.066391	0.11581	0.160105	0.11581
Sq = 	-8.58059e-20	0.414566	0.640476	0.414566	0.414566	0.640476	0.93083	0.640476	0.640476	0.93083	4.97297	0.93083	0.414566	0.640476	0.93083	0.640476
8 rounds of non-Gaussian ED iteration : ground-state energy is -16.6038 | electron energy -16.6045 + phonon energy 0.000698521 | electron momentum kIdx = 0
Nq = 	16	0.0663907	0.11581	0.0663907	0.0663907	0.11581	0.160105	0.11581	0.11581	0.160105	0.201741	0.160105	0.0663907	0.11581	0.160105	0.11581
Sq = 	1.82293e-18	0.414566	0.640476	0.414566	0.414566	0.640476	0.930831	0.640476	0.640476	0.930831	4.97298	0.930831	0.414566	0.640476	0.930831	0.640476
9 rounds of non-Gaussian ED iteration : ground-state energy is -16.6134 | electron energy -16.6141 + phonon energy 0.000698505 | electron momentum kIdx = 0
Nq = 	16	0.0663905	0.11581	0.0663905	0.0663905	0.11581	0.160104	0.11581	0.11581	0.160104	0.201741	0.160104	0.0663905	0.11581	0.160104	0.11581
Sq = 	2.84772e-19	0.414566	0.640476	0.414566	0.414566	0.640476	0.930831	0.640476	0.640476	0.930831	4.97298	0.930831	0.414566	0.640476	0.930831	0.640476
10 rounds of non-Gaussian ED iteration : ground-state energy is -16.6199 | electron energy -16.6206 + phonon energy 0.000698474 | electron momentum kIdx = 0
Nq = 	16	0.0663905	0.11581	0.0663905	0.0663905	0.11581	0.160104	0.11581	0.11581	0.160104	0.201741	0.160104	0.0663905	0.11581	0.160104	0.11581
Sq = 	-4.54868e-19	0.414566	0.640476	0.414566	0.414566	0.640476	0.930831	0.640476	0.640476	0.930831	4.97298	0.930831	0.414566	0.640476	0.930831	0.640476
11 rounds of non-Gaussian ED iteration : ground-state energy is -16.6242 | electron energy -16.6249 + phonon energy 0.000698446 | electron momentum kIdx = 0
Nq = 	16	0.0663905	0.11581	0.0663905	0.0663905	0.11581	0.160104	0.11581	0.11581	0.160104	0.201741	0.160104	0.0663905	0.11581	0.160104	0.11581
Sq = 	-3.9069e-20	0.414566	0.640476	0.414566	0.414566	0.640476	0.930831	0.640476	0.640476	0.930831	4.97298	0.930831	0.414566	0.640476	0.930831	0.640476
12 rounds of non-Gaussian ED iteration : ground-state energy is -16.6271 | electron energy -16.6278 + phonon energy 0.000698424 | electron momentum kIdx = 0
Nq = 	16	0.0663905	0.11581	0.0663905	0.0663905	0.11581	0.160104	0.11581	0.11581	0.160104	0.201741	0.160104	0.0663905	0.11581	0.160104	0.11581
Sq = 	-8.07155e-19	0.414566	0.640476	0.414566	0.414566	0.640476	0.930831	0.640476	0.640476	0.930831	4.97298	0.930831	0.414566	0.640476	0.930831	0.640476
13 rounds of non-Gaussian ED iteration : ground-state energy is -16.629 | electron energy -16.6297 + phonon energy 0.000698409 | electron momentum kIdx = 0
Nq = 	16	0.0663905	0.11581	0.0663905	0.0663905	0.11581	0.160104	0.11581	0.11581	0.160104	0.201741	0.160104	0.0663905	0.11581	0.160104	0.11581
Sq = 	-7.68777e-19	0.414566	0.640476	0.414566	0.414566	0.640476	0.930831	0.640476	0.640476	0.930831	4.97298	0.930831	0.414566	0.640476	0.930831	0.640476
14 rounds of non-Gaussian ED iteration : ground-state energy is -16.6303 | electron energy -16.631 + phonon energy 0.000698398 | electron momentum kIdx = 0
Nq = 	16	0.0663905	0.11581	0.0663905	0.0663905	0.11581	0.160104	0.11581	0.11581	0.160104	0.201741	0.160104	0.0663905	0.11581	0.160104	0.11581
Sq = 	1.37187e-18	0.414566	0.640476	0.414566	0.414566	0.640476	0.930831	0.640476	0.640476	0.930831	4.97298	0.930831	0.414566	0.640476	0.930831	0.640476
Ground state is obtained after 15 iterations. The current ground-state energy is -16.6312, in which electron energy is -16.6319 and phonon energy is 0.000698391
final variational state is: 
Gamma_x =       1 1.00563  1.0091 1.00563 1.00563  1.0091 1.01199  1.0091  1.0091 1.01199 1.01461 1.01199 1.00563  1.0091 1.01199  1.0091
lambda_q =  0.492561  0.107868 0.0970169  0.107868  0.107868 0.0970169 0.0910092 0.0970169 0.0970169 0.0910092 0.0870626 0.0910092  0.107868 0.0970169 0.0910092 0.0970169
o___o  -------------------------------------
| L |	Time since last clock: 1h 18m 29.126s
A===A	Time since the beginning: 2h 58m 28.744s
********************************************

************************************************************************************
Warm up completed
o___o  -------------------------------------
| L |	Time since last clock: 0h 0m 0.027s
A===A	Time since the beginning: 2h 58m 28.77s
********************************************

************************************************************************************
0 rounds of non-Gaussian ED iteration : ground-state energy is -15.8134 | electron energy -15.8137 + phonon energy 0.000349195 | electron momentum kIdx = 0
Nq = 	16	0.0650323	0.113756	0.0650323	0.0650323	0.113756	0.157433	0.113756	0.113756	0.157433	0.198519	0.157433	0.0650323	0.113756	0.157433	0.113756
Sq = 	3.50905e-19	0.413992	0.640766	0.413992	0.413992	0.640766	0.93358	0.640766	0.640766	0.93358	4.9942	0.93358	0.413992	0.640766	0.93358	0.640766
1 rounds of non-Gaussian ED iteration : ground-state energy is -15.9536 | electron energy -15.9541 + phonon energy 0.000438647 | electron momentum kIdx = 0
Nq = 	16	0.0648233	0.113437	0.0648233	0.0648233	0.113437	0.157016	0.113437	0.113437	0.157016	0.198012	0.157016	0.0648233	0.113437	0.157016	0.113437
Sq = 	1.1019e-18	0.413903	0.640813	0.413903	0.413903	0.640813	0.934009	0.640813	0.640813	0.934009	4.99748	0.934009	0.413903	0.640813	0.934009	0.640813
2 rounds of non-Gaussian ED iteration : ground-state energy is -16.0639 | electron energy -16.0644 + phonon energy 0.000472336 | electron momentum kIdx = 0
Nq = 	16	0.0647278	0.113293	0.0647278	0.0647278	0.113293	0.156829	0.113293	0.113293	0.156829	0.197789	0.156829	0.0647278	0.113293	0.156829	0.113293
Sq = 	1.0908e-18	0.413861	0.640833	0.413861	0.413861	0.640833	0.934204	0.640833	0.640833	0.934204	4.99897	0.934204	0.413861	0.640833	0.934204	0.640833
3 rounds of non-Gaussian ED iteration : ground-state energy is -16.1536 | electron energy -16.154 + phonon energy 0.000484352 | electron momentum kIdx = 0
Nq = 	16	0.064688	0.113234	0.064688	0.064688	0.113234	0.156753	0.113234	0.113234	0.156753	0.197699	0.156753	0.064688	0.113234	0.156753	0.113234
Sq = 	-2.21981e-18	0.413844	0.64084	0.413844	0.413844	0.64084	0.934285	0.64084	0.64084	0.934285	4.99958	0.934285	0.413844	0.64084	0.934285	0.64084
4 rounds of non-Gaussian ED iteration : ground-state energy is -16.2268 | electron energy -16.2273 + phonon energy 0.00048822 | electron momentum kIdx = 0
Nq = 	16	0.0646718	0.11321	0.0646718	0.0646718	0.11321	0.156723	0.11321	0.11321	0.156723	0.197664	0.156723	0.0646718	0.11321	0.156723	0.11321
Sq = 	1.26766e-18	0.413836	0.640843	0.413836	0.413836	0.640843	0.934318	0.640843	0.640843	0.934318	4.99983	0.934318	0.413836	0.640843	0.934318	0.640843
5 rounds of non-Gaussian ED iteration : ground-state energy is -16.2868 | electron energy -16.2873 + phonon energy 0.0004891 | electron momentum kIdx = 0
Nq = 	16	0.0646653	0.1132	0.0646653	0.0646653	0.1132	0.156711	0.1132	0.1132	0.156711	0.19765	0.156711	0.0646653	0.1132	0.156711	0.1132
Sq = 	8.02954e-19	0.413833	0.640844	0.413833	0.413833	0.640844	0.934331	0.640844	0.640844	0.934331	4.99992	0.934331	0.413833	0.640844	0.934331	0.640844
6 rounds of non-Gaussian ED iteration : ground-state energy is -16.3359 | electron energy -16.3364 + phonon energy 0.000488942 | electron momentum kIdx = 0
Nq = 	16	0.0646626	0.113196	0.0646626	0.0646626	0.113196	0.156706	0.113196	0.113196	0.156706	0.197644	0.156706	0.0646626	0.113196	0.156706	0.113196
Sq = 	1.24064e-18	0.413832	0.640845	0.413832	0.413832	0.640845	0.934336	0.640845	0.640845	0.934336	4.99996	0.934336	0.413832	0.640845	0.934336	0.640845
7 rounds of non-Gaussian ED iteration : ground-state energy is -16.3761 | electron energy -16.3766 + phonon energy 0.000488472 | electron momentum kIdx = 0
Nq = 	16	0.0646615	0.113195	0.0646615	0.0646615	0.113195	0.156704	0.113195	0.113195	0.156704	0.197642	0.156704	0.0646615	0.113195	0.156704	0.113195
Sq = 	5.62003e-19	0.413831	0.640845	0.413831	0.413831	0.640845	0.934339	0.640845	0.640845	0.934339	4.99998	0.934339	0.413831	0.640845	0.934339	0.640845
8 rounds of non-Gaussian ED iteration : ground-state energy is -16.4091 | electron energy -16.4096 + phonon energy 0.000487955 | electron momentum kIdx = 0
Nq = 	16	0.0646611	0.113194	0.0646611	0.0646611	0.113194	0.156703	0.113194	0.113194	0.156703	0.197641	0.156703	0.0646611	0.113194	0.156703	0.113194
Sq = 	-5.77127e-19	0.413831	0.640845	0.413831	0.413831	0.640845	0.934339	0.640845	0.640845	0.934339	4.99999	0.934339	0.413831	0.640845	0.934339	0.640845
9 rounds of non-Gaussian ED iteration : ground-state energy is -16.436 | electron energy -16.4365 + phonon energy 0.000487479 | electron momentum kIdx = 0
Nq = 	16	0.0646609	0.113194	0.0646609	0.0646609	0.113194	0.156703	0.113194	0.113194	0.156703	0.197641	0.156703	0.0646609	0.113194	0.156703	0.113194
Sq = 	-9.09781e-19	0.413831	0.640845	0.413831	0.413831	0.640845	0.93434	0.640845	0.640845	0.93434	4.99999	0.93434	0.413831	0.640845	0.93434	0.640845
10 rounds of non-Gaussian ED iteration : ground-state energy is -16.4581 | electron energy -16.4586 + phonon energy 0.000487068 | electron momentum kIdx = 0
Nq = 	16	0.0646608	0.113194	0.0646608	0.0646608	0.113194	0.156703	0.113194	0.113194	0.156703	0.197641	0.156703	0.0646608	0.113194	0.156703	0.113194
Sq = 	-3.47041e-19	0.413831	0.640845	0.413831	0.413831	0.640845	0.93434	0.640845	0.640845	0.93434	4.99999	0.93434	0.413831	0.640845	0.93434	0.640845
11 rounds of non-Gaussian ED iteration : ground-state energy is -16.4762 | electron energy -16.4766 + phonon energy 0.000486723 | electron momentum kIdx = 0
Nq = 	16	0.0646608	0.113194	0.0646608	0.0646608	0.113194	0.156703	0.113194	0.113194	0.156703	0.197641	0.156703	0.0646608	0.113194	0.156703	0.113194
Sq = 	-7.62353e-19	0.413831	0.640845	0.413831	0.413831	0.640845	0.93434	0.640845	0.640845	0.93434	4.99999	0.93434	0.413831	0.640845	0.93434	0.640845
12 rounds of non-Gaussian ED iteration : ground-state energy is -16.4909 | electron energy -16.4914 + phonon energy 0.000486436 | electron momentum kIdx = 0
Nq = 	16	0.0646608	0.113194	0.0646608	0.0646608	0.113194	0.156703	0.113194	0.113194	0.156703	0.19764	0.156703	0.0646608	0.113194	0.156703	0.113194
Sq = 	3.06516e-18	0.413831	0.640845	0.413831	0.413831	0.640845	0.93434	0.640845	0.640845	0.93434	4.99999	0.93434	0.413831	0.640845	0.93434	0.640845
13 rounds of non-Gaussian ED iteration : ground-state energy is -16.5031 | electron energy -16.5035 + phonon energy 0.000486199 | electron momentum kIdx = 0
Nq = 	16	0.0646607	0.113194	0.0646607	0.0646607	0.113194	0.156703	0.113194	0.113194	0.156703	0.19764	0.156703	0.0646607	0.113194	0.156703	0.113194
Sq = 	3.18065e-18	0.413831	0.640845	0.413831	0.413831	0.640845	0.93434	0.640845	0.640845	0.93434	4.99999	0.93434	0.413831	0.640845	0.93434	0.640845
14 rounds of non-Gaussian ED iteration : ground-state energy is -16.513 | electron energy -16.5135 + phonon energy 0.000486005 | electron momentum kIdx = 0
Nq = 	16	0.0646607	0.113194	0.0646607	0.0646607	0.113194	0.156703	0.113194	0.113194	0.156703	0.19764	0.156703	0.0646607	0.113194	0.156703	0.113194
Sq = 	-2.09674e-19	0.413831	0.640845	0.413831	0.413831	0.640845	0.93434	0.640845	0.640845	0.93434	4.99999	0.93434	0.413831	0.640845	0.93434	0.640845
15 rounds of non-Gaussian ED iteration : ground-state energy is -16.5211 | electron energy -16.5216 + phonon energy 0.000485844 | electron momentum kIdx = 0
Nq = 	16	0.0646607	0.113194	0.0646607	0.0646607	0.113194	0.156703	0.113194	0.113194	0.156703	0.19764	0.156703	0.0646607	0.113194	0.156703	0.113194
Sq = 	6.71441e-20	0.413831	0.640845	0.413831	0.413831	0.640845	0.93434	0.640845	0.640845	0.93434	4.99999	0.93434	0.413831	0.640845	0.93434	0.640845
16 rounds of non-Gaussian ED iteration : ground-state energy is -16.5277 | electron energy -16.5282 + phonon energy 0.000485713 | electron momentum kIdx = 0
Nq = 	16	0.0646607	0.113194	0.0646607	0.0646607	0.113194	0.156703	0.113194	0.113194	0.156703	0.19764	0.156703	0.0646607	0.113194	0.156703	0.113194
Sq = 	2.4714e-18	0.413831	0.640845	0.413831	0.413831	0.640845	0.93434	0.640845	0.640845	0.93434	4.99999	0.93434	0.413831	0.640845	0.93434	0.640845
17 rounds of non-Gaussian ED iteration : ground-state energy is -16.5332 | electron energy -16.5337 + phonon energy 0.000485605 | electron momentum kIdx = 0
Nq = 	16	0.0646607	0.113193	0.0646607	0.0646607	0.113193	0.156703	0.113193	0.113193	0.156703	0.19764	0.156703	0.0646607	0.113193	0.156703	0.113193
Sq = 	-2.12741e-18	0.413831	0.640845	0.413831	0.413831	0.640845	0.93434	0.640845	0.640845	0.93434	4.99999	0.93434	0.413831	0.640845	0.93434	0.640845
18 rounds of non-Gaussian ED iteration : ground-state energy is -16.5376 | electron energy -16.5381 + phonon energy 0.000485516 | electron momentum kIdx = 0
Nq = 	16	0.0646607	0.113193	0.0646607	0.0646607	0.113193	0.156703	0.113193	0.113193	0.156703	0.19764	0.156703	0.0646607	0.113193	0.156703	0.113193
Sq = 	1.24515e-18	0.413831	0.640845	0.413831	0.413831	0.640845	0.93434	0.640845	0.640845	0.93434	4.99999	0.93434	0.413831	0.640845	0.93434	0.640845
19 rounds of non-Gaussian ED iteration : ground-state energy is -16.5413 | electron energy -16.5418 + phonon energy 0.000485443 | electron momentum kIdx = 0
Nq = 	16	0.0646607	0.113193	0.0646607	0.0646607	0.113193	0.156703	0.113193	0.113193	0.156703	0.19764	0.156703	0.0646607	0.113193	0.156703	0.113193
Sq = 	-6.48015e-19	0.413831	0.640845	0.413831	0.413831	0.640845	0.93434	0.640845	0.640845	0.93434	4.99999	0.93434	0.413831	0.640845	0.93434	0.640845
20 rounds of non-Gaussian ED iteration : ground-state energy is -16.5443 | electron energy -16.5447 + phonon energy 0.000485383 | electron momentum kIdx = 0
Nq = 	16	0.0646607	0.113193	0.0646607	0.0646607	0.113193	0.156703	0.113193	0.113193	0.156703	0.19764	0.156703	0.0646607	0.113193	0.156703	0.113193
Sq = 	-9.58946e-19	0.413831	0.640845	0.413831	0.413831	0.640845	0.93434	0.640845	0.640845	0.93434	4.99999	0.93434	0.413831	0.640845	0.93434	0.640845
21 rounds of non-Gaussian ED iteration : ground-state energy is -16.5467 | electron energy -16.5472 + phonon energy 0.000485334 | electron momentum kIdx = 0
Nq = 	16	0.0646607	0.113193	0.0646607	0.0646607	0.113193	0.156703	0.113193	0.113193	0.156703	0.19764	0.156703	0.0646607	0.113193	0.156703	0.113193
Sq = 	8.97174e-20	0.413831	0.640845	0.413831	0.413831	0.640845	0.93434	0.640845	0.640845	0.93434	4.99999	0.93434	0.413831	0.640845	0.93434	0.640845
22 rounds of non-Gaussian ED iteration : ground-state energy is -16.5487 | electron energy -16.5492 + phonon energy 0.000485294 | electron momentum kIdx = 0
Nq = 	16	0.0646607	0.113193	0.0646607	0.0646607	0.113193	0.156703	0.113193	0.113193	0.156703	0.19764	0.156703	0.0646607	0.113193	0.156703	0.113193
Sq = 	1.36226e-18	0.413831	0.640845	0.413831	0.413831	0.640845	0.93434	0.640845	0.640845	0.93434	4.99999	0.93434	0.413831	0.640845	0.93434	0.640845
23 rounds of non-Gaussian ED iteration : ground-state energy is -16.5503 | electron energy -16.5508 + phonon energy 0.000485261 | electron momentum kIdx = 0
Nq = 	16	0.0646607	0.113193	0.0646607	0.0646607	0.113193	0.156703	0.113193	0.113193	0.156703	0.19764	0.156703	0.0646607	0.113193	0.156703	0.113193
Sq = 	5.83019e-19	0.413831	0.640845	0.413831	0.413831	0.640845	0.93434	0.640845	0.640845	0.93434	4.99999	0.93434	0.413831	0.640845	0.93434	0.640845
24 rounds of non-Gaussian ED iteration : ground-state energy is -16.5517 | electron energy -16.5522 + phonon energy 0.000485233 | electron momentum kIdx = 0
Nq = 	16	0.0646607	0.113193	0.0646607	0.0646607	0.113193	0.156703	0.113193	0.113193	0.156703	0.19764	0.156703	0.0646607	0.113193	0.156703	0.113193
Sq = 	-9.98321e-19	0.413831	0.640845	0.413831	0.413831	0.640845	0.93434	0.640845	0.640845	0.93434	4.99999	0.93434	0.413831	0.640845	0.93434	0.640845
25 rounds of non-Gaussian ED iteration : ground-state energy is -16.5528 | electron energy -16.5533 + phonon energy 0.000485211 | electron momentum kIdx = 0
Nq = 	16	0.0646607	0.113193	0.0646607	0.0646607	0.113193	0.156703	0.113193	0.113193	0.156703	0.19764	0.156703	0.0646607	0.113193	0.156703	0.113193
Sq = 	-1.77309e-18	0.413831	0.640845	0.413831	0.413831	0.640845	0.93434	0.640845	0.640845	0.93434	4.99999	0.93434	0.413831	0.640845	0.93434	0.640845
26 rounds of non-Gaussian ED iteration : ground-state energy is -16.5537 | electron energy -16.5542 + phonon energy 0.000485193 | electron momentum kIdx = 0
Nq = 	16	0.0646607	0.113193	0.0646607	0.0646607	0.113193	0.156703	0.113193	0.113193	0.156703	0.19764	0.156703	0.0646607	0.113193	0.156703	0.113193
Sq = 	3.86966e-19	0.413831	0.640845	0.413831	0.413831	0.640845	0.93434	0.640845	0.640845	0.93434	4.99999	0.93434	0.413831	0.640845	0.93434	0.640845
27 rounds of non-Gaussian ED iteration : ground-state energy is -16.5544 | electron energy -16.5549 + phonon energy 0.000485177 | electron momentum kIdx = 0
Nq = 	16	0.0646607	0.113193	0.0646607	0.0646607	0.113193	0.156703	0.113193	0.113193	0.156703	0.19764	0.156703	0.0646607	0.113193	0.156703	0.113193
Sq = 	1.03767e-18	0.413831	0.640845	0.413831	0.413831	0.640845	0.93434	0.640845	0.640845	0.93434	4.99999	0.93434	0.413831	0.640845	0.93434	0.640845
28 rounds of non-Gaussian ED iteration : ground-state energy is -16.555 | electron energy -16.5555 + phonon energy 0.000485165 | electron momentum kIdx = 0
Nq = 	16	0.0646607	0.113193	0.0646607	0.0646607	0.113193	0.156703	0.113193	0.113193	0.156703	0.19764	0.156703	0.0646607	0.113193	0.156703	0.113193
Sq = 	-7.39464e-19	0.413831	0.640845	0.413831	0.413831	0.640845	0.93434	0.640845	0.640845	0.93434	4.99999	0.93434	0.413831	0.640845	0.93434	0.640845
29 rounds of non-Gaussian ED iteration : ground-state energy is -16.5555 | electron energy -16.556 + phonon energy 0.000485155 | electron momentum kIdx = 0
Nq = 	16	0.0646607	0.113193	0.0646607	0.0646607	0.113193	0.156703	0.113193	0.113193	0.156703	0.19764	0.156703	0.0646607	0.113193	0.156703	0.113193
Sq = 	-5.9312e-19	0.413831	0.640845	0.413831	0.413831	0.640845	0.93434	0.640845	0.640845	0.93434	4.99999	0.93434	0.413831	0.640845	0.93434	0.640845
30 rounds of non-Gaussian ED iteration : ground-state energy is -16.5559 | electron energy -16.5564 + phonon energy 0.000485146 | electron momentum kIdx = 0
Nq = 	16	0.0646607	0.113193	0.0646607	0.0646607	0.113193	0.156703	0.113193	0.113193	0.156703	0.19764	0.156703	0.0646607	0.113193	0.156703	0.113193
Sq = 	-1.06792e-18	0.413831	0.640845	0.413831	0.413831	0.640845	0.93434	0.640845	0.640845	0.93434	4.99999	0.93434	0.413831	0.640845	0.93434	0.640845
31 rounds of non-Gaussian ED iteration : ground-state energy is -16.5563 | electron energy -16.5567 + phonon energy 0.00048514 | electron momentum kIdx = 0
Nq = 	16	0.0646607	0.113193	0.0646607	0.0646607	0.113193	0.156703	0.113193	0.113193	0.156703	0.19764	0.156703	0.0646607	0.113193	0.156703	0.113193
Sq = 	-3.99443e-19	0.413831	0.640845	0.413831	0.413831	0.640845	0.93434	0.640845	0.640845	0.93434	4.99999	0.93434	0.413831	0.640845	0.93434	0.640845
32 rounds of non-Gaussian ED iteration : ground-state energy is -16.5565 | electron energy -16.557 + phonon energy 0.000485134 | electron momentum kIdx = 0
Nq = 	16	0.0646607	0.113193	0.0646607	0.0646607	0.113193	0.156703	0.113193	0.113193	0.156703	0.19764	0.156703	0.0646607	0.113193	0.156703	0.113193
Sq = 	-2.22304e-19	0.413831	0.640845	0.413831	0.413831	0.640845	0.93434	0.640845	0.640845	0.93434	4.99999	0.93434	0.413831	0.640845	0.93434	0.640845
33 rounds of non-Gaussian ED iteration : ground-state energy is -16.5567 | electron energy -16.5572 + phonon energy 0.000485129 | electron momentum kIdx = 0
Nq = 	16	0.0646607	0.113193	0.0646607	0.0646607	0.113193	0.156703	0.113193	0.113193	0.156703	0.19764	0.156703	0.0646607	0.113193	0.156703	0.113193
Sq = 	1.05023e-18	0.413831	0.640845	0.413831	0.413831	0.640845	0.93434	0.640845	0.640845	0.93434	4.99999	0.93434	0.413831	0.640845	0.93434	0.640845
34 rounds of non-Gaussian ED iteration : ground-state energy is -16.5569 | electron energy -16.5574 + phonon energy 0.000485126 | electron momentum kIdx = 0
Nq = 	16	0.0646607	0.113193	0.0646607	0.0646607	0.113193	0.156703	0.113193	0.113193	0.156703	0.19764	0.156703	0.0646607	0.113193	0.156703	0.113193
Sq = 	-2.0275e-18	0.413831	0.640845	0.413831	0.413831	0.640845	0.93434	0.640845	0.640845	0.93434	4.99999	0.93434	0.413831	0.640845	0.93434	0.640845
35 rounds of non-Gaussian ED iteration : ground-state energy is -16.5571 | electron energy -16.5576 + phonon energy 0.000485122 | electron momentum kIdx = 0
Nq = 	16	0.0646607	0.113193	0.0646607	0.0646607	0.113193	0.156703	0.113193	0.113193	0.156703	0.19764	0.156703	0.0646607	0.113193	0.156703	0.113193
Sq = 	-6.08713e-19	0.413831	0.640845	0.413831	0.413831	0.640845	0.93434	0.640845	0.640845	0.93434	4.99999	0.93434	0.413831	0.640845	0.93434	0.640845
36 rounds of non-Gaussian ED iteration : ground-state energy is -16.5572 | electron energy -16.5577 + phonon energy 0.00048512 | electron momentum kIdx = 0
Nq = 	16	0.0646607	0.113193	0.0646607	0.0646607	0.113193	0.156703	0.113193	0.113193	0.156703	0.19764	0.156703	0.0646607	0.113193	0.156703	0.113193
Sq = 	1.04435e-18	0.413831	0.640845	0.413831	0.413831	0.640845	0.93434	0.640845	0.640845	0.93434	4.99999	0.93434	0.413831	0.640845	0.93434	0.640845
37 rounds of non-Gaussian ED iteration : ground-state energy is -16.5573 | electron energy -16.5578 + phonon energy 0.000485118 | electron momentum kIdx = 0
Nq = 	16	0.0646607	0.113193	0.0646607	0.0646607	0.113193	0.156703	0.113193	0.113193	0.156703	0.19764	0.156703	0.0646607	0.113193	0.156703	0.113193
Sq = 	3.22324e-19	0.413831	0.640845	0.413831	0.413831	0.640845	0.93434	0.640845	0.640845	0.93434	4.99999	0.93434	0.413831	0.640845	0.93434	0.640845
38 rounds of non-Gaussian ED iteration : ground-state energy is -16.5574 | electron energy -16.5579 + phonon energy 0.000485116 | electron momentum kIdx = 0
Nq = 	16	0.0646607	0.113193	0.0646607	0.0646607	0.113193	0.156703	0.113193	0.113193	0.156703	0.19764	0.156703	0.0646607	0.113193	0.156703	0.113193
Sq = 	-1.39425e-18	0.413831	0.640845	0.413831	0.413831	0.640845	0.93434	0.640845	0.640845	0.93434	4.99999	0.93434	0.413831	0.640845	0.93434	0.640845
39 rounds of non-Gaussian ED iteration : ground-state energy is -16.5574 | electron energy -16.5579 + phonon energy 0.000485115 | electron momentum kIdx = 0
Nq = 	16	0.0646607	0.113193	0.0646607	0.0646607	0.113193	0.156703	0.113193	0.113193	0.156703	0.19764	0.156703	0.0646607	0.113193	0.156703	0.113193
Sq = 	-2.54998e-19	0.413831	0.640845	0.413831	0.413831	0.640845	0.93434	0.640845	0.640845	0.93434	4.99999	0.93434	0.413831	0.640845	0.93434	0.640845
40 rounds of non-Gaussian ED iteration : ground-state energy is -16.5575 | electron energy -16.558 + phonon energy 0.000485113 | electron momentum kIdx = 0
Nq = 	16	0.0646607	0.113193	0.0646607	0.0646607	0.113193	0.156703	0.113193	0.113193	0.156703	0.19764	0.156703	0.0646607	0.113193	0.156703	0.113193
Sq = 	-5.95604e-19	0.413831	0.640845	0.413831	0.413831	0.640845	0.93434	0.640845	0.640845	0.93434	4.99999	0.93434	0.413831	0.640845	0.93434	0.640845
41 rounds of non-Gaussian ED iteration : ground-state energy is -16.5575 | electron energy -16.558 + phonon energy 0.000485112 | electron momentum kIdx = 0
Nq = 	16	0.0646607	0.113193	0.0646607	0.0646607	0.113193	0.156703	0.113193	0.113193	0.156703	0.19764	0.156703	0.0646607	0.113193	0.156703	0.113193
Sq = 	-7.13875e-19	0.413831	0.640845	0.413831	0.413831	0.640845	0.93434	0.640845	0.640845	0.93434	4.99999	0.93434	0.413831	0.640845	0.93434	0.640845
42 rounds of non-Gaussian ED iteration : ground-state energy is -16.5576 | electron energy -16.5581 + phonon energy 0.000485112 | electron momentum kIdx = 0
Nq = 	16	0.0646607	0.113193	0.0646607	0.0646607	0.113193	0.156703	0.113193	0.113193	0.156703	0.19764	0.156703	0.0646607	0.113193	0.156703	0.113193
Sq = 	1.62326e-18	0.413831	0.640845	0.413831	0.413831	0.640845	0.93434	0.640845	0.640845	0.93434	4.99999	0.93434	0.413831	0.640845	0.93434	0.640845
43 rounds of non-Gaussian ED iteration : ground-state energy is -16.5576 | electron energy -16.5581 + phonon energy 0.000485111 | electron momentum kIdx = 0
Nq = 	16	0.0646607	0.113193	0.0646607	0.0646607	0.113193	0.156703	0.113193	0.113193	0.156703	0.19764	0.156703	0.0646607	0.113193	0.156703	0.113193
