SNEDics v3.4 Non-Gaussian ED ground state program		Start at Wed Sep 25 00:40:36 2019

parallized on 16 MPI threads  * 8 OpenMP threads = 128 total threads.
********************************************************************************************************************
********************************************************************************************************************

********************************************************************************************************************
System parameters and configurations
********************************************************************************************************************
Special program options are enabled: splitted diagonal Hamiltonian
********************************************************************************************************************
Read input file "model_params.in"
	Hubbard-Holstein model parameters : 	t = 1    U = 1    g = 2.2361    W = 5    
********************************************************************************************************************
Read input file "hilbertspace_params.in"
	Requested 16-site 2D lattice, with 14 electrons (7, 7)
	Boundary : Periodic		Hilbert space representation : momentum-space (restricted to kIdx = 0)
	Conservation: particle number[U(1)]      spin[U(1)]     momentum
********************************************************************************************************************

Cluster Positions:				Cluster symmetry group : D4
 x ... x ... x ... x .....                       x ... x ... x ... x .....
 |           |           :                       |           |           :
 |           |           :                       |           |           :
12    13    14    15     x                       1     5     6     5     x
 |           |           :                       |           |           :
 |           |           :                       |           |           :
 8 --- 9 ---10 ---11 --- x                       2 --- 6 ---10 --- 6 --- x
 |           |           :                       |           |           :
 |           |           :                       |           |           :
 4     5     6     7     x                       1     5     6     5     x
 |           |           :                       |           |           :
 |           |           :                       |           |           :
 0 --- 1 --- 2 --- 3 --- x                       0 --- 1 --- 2 --- 1 --- x
orbital number : 1
********************************************************************************************************************
Read input file "obs_params.in"
	Observable Type : Nq(All),   Sq(All),   N(All),   Delta[s](All),   Delta[d](All),   Delta[s+](All)
********************************************************************************************************************
** WARNING ** the input observables have non-local factors which have been reinterpreted. The total observable number is 96
********************************************************************************************************************


********************************************************************************************************************
Start calculating the non-Gaussian ED ground state
** WARNING ** Detected low phonon energy W < 10. The initial state will be prepared through a warm-up process.
********************************************************************************************************************
Start warm-up calculation for scaling factor 2
open output files: NGSEDWarmUpW10Obs.txt
********************************************************************************************************************
Start the 0 rounds of NGS-ED iteration
	effective electronic model is modified as: kinetic energy t = 1
	                                           effective interaction Vq = [-0,-0,-0,-0,-0,-0,-0,-0,-0,-0,-0,-0,-0,-0,-0,-0]
	first Hamiltonian is constructed, non-zero numbers = 2178478298
	PARPACK diagonalization completed after 225 matrix-vector product operations.
	iteration results: : total energy is -21.392788 | electron energy -21.392788 + phonon energy 0.000000 | electron momentum kIdx = 0
	Nq(0) = 12.25,	Nq(1) = 0.322314,	Nq(2) = 0.354504,	Nq(3) = 0.322314,	Nq(4) = 0.322314,	Nq(5) = 0.452135,	Nq(6) = 0.545423,	Nq(7) = 0.452135,	Nq(8) = 0.354504,	Nq(9) = 0.545423,	Nq(10) = 0.578411,	Nq(11) = 0.545423,	Nq(12) = 0.322314,	Nq(13) = 0.452135,	Nq(14) = 0.545423,	Nq(15) = 0.452135,	Sq(0) = -2.85055e-17,	Sq(1) = 0.404746,	Sq(2) = 0.586094,	Sq(3) = 0.404746,	Sq(4) = 0.404746,	Sq(5) = 0.532207,	Sq(6) = 0.684785,	Sq(7) = 0.532207,	Sq(8) = 0.586095,	Sq(9) = 0.684785,	Sq(10) = 1.52395,	Sq(11) = 0.684785,	Sq(12) = 0.404746,	Sq(13) = 0.532207,	Sq(14) = 0.684785,	Sq(15) = 0.532207,	N(0) = 1.99398,	N(1) = 1.98838,	N(2) = 0.00885483,	N(3) = 1.98838,	N(4) = 1.98838,	N(5) = 0.999368,	N(6) = 0.00845225,	N(7) = 0.999368,	N(8) = 0.00885483,	N(9) = 0.00845225,	N(10) = 0.00351848,	N(11) = 0.00845225,	N(12) = 1.98838,	N(13) = 0.999368,	N(14) = 0.00845225,	N(15) = 0.999368,	Delta[s](0) = 0.259466,	Delta[s](1) = 0.205038,	Delta[s](2) = 0.119716,	Delta[s](3) = 0.205038,	Delta[s](4) = 0.205038,	Delta[s](5) = 0.162221,	Delta[s](6) = 0.105903,	Delta[s](7) = 0.162221,	Delta[s](8) = 0.119716,	Delta[s](9) = 0.105903,	Delta[s](10) = 0.0169107,	Delta[s](11) = 0.105903,	Delta[s](12) = 0.205038,	Delta[s](13) = 0.16222,	Delta[s](14) = 0.105903,	Delta[s](15) = 0.16222,	Delta[d](0) = 0.242251,	Delta[d](1) = 0.12838,	Delta[d](2) = 0.136844,	Delta[d](3) = 0.12838,	Delta[d](4) = 0.12838,	Delta[d](5) = 0.130077,	Delta[d](6) = 0.0748195,	Delta[d](7) = 0.130077,	Delta[d](8) = 0.136844,	Delta[d](9) = 0.0748195,	Delta[d](10) = 0.00824781,	Delta[d](11) = 0.0748195,	Delta[d](12) = 0.12838,	Delta[d](13) = 0.130077,	Delta[d](14) = 0.0748195,	Delta[d](15) = 0.130077,	Delta[s+](0) = 0.520072,	Delta[s+](1) = 0.389338,	Delta[s+](2) = 0.136844,	Delta[s+](3) = 0.389338,	Delta[s+](4) = 0.389338,	Delta[s+](5) = 0.260134,	Delta[s+](6) = 0.0736345,	Delta[s+](7) = 0.260134,	Delta[s+](8) = 0.136844,	Delta[s+](9) = 0.0736345,	Delta[s+](10) = 0.00587708,	Delta[s+](11) = 0.0736345,	Delta[s+](12) = 0.389338,	Delta[s+](13) = 0.260134,	Delta[s+](14) = 0.0736345,	Delta[s+](15) = 0.260134
The 0-th iteration is completed.	|| time cost : 0h 6m 34.011s
********************************************************************************************************************
Start the 1 rounds of NGS-ED iteration
	effective electronic model is modified as: kinetic energy t = 0.970891
	                                           effective interaction Vq = [-0.864689,-0.820733, -0.78511,-0.820733,-0.820733,-0.802252,-0.787367,-0.802252, -0.78511,-0.787367, -0.76796,-0.787367,-0.820733,-0.802252,-0.787367,-0.802252]
	PARPACK diagonalization completed after 165 matrix-vector product operations.
	iteration results: : total energy is -37.463383 | electron energy -37.464437 + phonon energy 0.001054 | electron momentum kIdx = 0
The 1-th iteration is completed.	|| time cost : 0h 6m 7.868s
********************************************************************************************************************
Start the 2 rounds of NGS-ED iteration
	effective electronic model is modified as: kinetic energy t = 0.949389
	                                           effective interaction Vq = [-0.981712,-0.945001,-0.934592,-0.945001,-0.945001,-0.938633,-0.910033,-0.938633,-0.934592,-0.910033,-0.902529,-0.910033,-0.945001,-0.938633,-0.910033,-0.938633]
	PARPACK diagonalization completed after 60 matrix-vector product operations.
	iteration results: : total energy is -39.631950 | electron energy -39.638777 + phonon energy 0.006827 | electron momentum kIdx = 0
The 2-th iteration is completed.	|| time cost : 0h 0m 27.625s
********************************************************************************************************************
Start the 3 rounds of NGS-ED iteration
	effective electronic model is modified as: kinetic energy t = 0.941514
	                                           effective interaction Vq = [ -0.99755,-0.970042,-0.963765,-0.970042,-0.970042,-0.964872,-0.936818,-0.964872,-0.963765,-0.936818,-0.940618,-0.936818,-0.970042,-0.964872,-0.936818,-0.964872]
	PARPACK diagonalization completed after 60 matrix-vector product operations.
	iteration results: : total energy is -39.902622 | electron energy -39.914426 + phonon energy 0.011804 | electron momentum kIdx = 0
The 3-th iteration is completed.	|| time cost : 0h 0m 27.731s
********************************************************************************************************************
Start the 4 rounds of NGS-ED iteration
	effective electronic model is modified as: kinetic energy t = 0.938859
	                                           effective interaction Vq = [-0.999693,-0.976531,  -0.9703,-0.976531,-0.976531, -0.97065,-0.944005, -0.97065,  -0.9703,-0.944005,-0.957271,-0.944005,-0.976531, -0.97065,-0.944005, -0.97065]
	PARPACK diagonalization completed after 45 matrix-vector product operations.
	iteration results: : total energy is -39.938523 | electron energy -39.952678 + phonon energy 0.014155 | electron momentum kIdx = 0
The 4-th iteration is completed.	|| time cost : 0h 0m 24.222s
********************************************************************************************************************
Start the 5 rounds of NGS-ED iteration
	effective electronic model is modified as: kinetic energy t = 0.937984
	                                           effective interaction Vq = [-0.999983,-0.978402,-0.971286,-0.978402,-0.978402,-0.971403,-0.946021,-0.971403,-0.971286,-0.946021,-0.966404,-0.946021,-0.978402,-0.971403,-0.946021,-0.971403]
	PARPACK diagonalization completed after 45 matrix-vector product operations.
	iteration results: : total energy is -39.944391 | electron energy -39.959495 + phonon energy 0.015104 | electron momentum kIdx = 0
The 5-th iteration is completed.	|| time cost : 0h 0m 23.991s
********************************************************************************************************************
Start the 6 rounds of NGS-ED iteration
	effective electronic model is modified as: kinetic energy t = 0.937715
	                                           effective interaction Vq = [ -1.00002,-0.978909,-0.970817,-0.978909,-0.978909,-0.970857,-0.946507,-0.970857,-0.970817,-0.946507,-0.971755,-0.946507,-0.978909,-0.970857,-0.946507,-0.970857]
	PARPACK diagonalization completed after 45 matrix-vector product operations.
	iteration results: : total energy is -39.945835 | electron energy -39.961327 + phonon energy 0.015492 | electron momentum kIdx = 0
The 6-th iteration is completed.	|| time cost : 0h 0m 24.021s
********************************************************************************************************************
Start the 7 rounds of NGS-ED iteration
	effective electronic model is modified as: kinetic energy t = 0.937649
	                                           effective interaction Vq = [ -1.00003,-0.978997,-0.970122,-0.978997,-0.978997,-0.970135,-0.946542,-0.970135,-0.970122,-0.946542,-0.974886,-0.946542,-0.978997,-0.970135,-0.946542,-0.970135]
	PARPACK diagonalization completed after 45 matrix-vector product operations.
	iteration results: : total energy is -39.946321 | electron energy -39.961981 + phonon energy 0.015660 | electron momentum kIdx = 0
The 7-th iteration is completed.	|| time cost : 0h 0m 24.245s
********************************************************************************************************************
Start the 8 rounds of NGS-ED iteration
	effective electronic model is modified as: kinetic energy t = 0.937646
	                                           effective interaction Vq = [ -1.00003,-0.978972,-0.969552,-0.978972,-0.978972,-0.969557,-0.946471,-0.969557,-0.969552,-0.946471,-0.976694,-0.946471,-0.978972,-0.969557,-0.946471,-0.969557]
	PARPACK diagonalization completed after 45 matrix-vector product operations.
	iteration results: : total energy is -39.946497 | electron energy -39.962235 + phonon energy 0.015738 | electron momentum kIdx = 0
The 8-th iteration is completed.	|| time cost : 0h 0m 24.049s
********************************************************************************************************************
Start the 9 rounds of NGS-ED iteration
	effective electronic model is modified as: kinetic energy t = 0.937657
	                                           effective interaction Vq = [ -1.00003,-0.978928,-0.969162,-0.978928,-0.978928,-0.969163,-0.946396,-0.969163,-0.969162,-0.946396,-0.977727,-0.946396,-0.978928,-0.969163,-0.946396,-0.969163]
	PARPACK diagonalization completed after 45 matrix-vector product operations.
	iteration results: : total energy is -39.946560 | electron energy -39.962335 + phonon energy 0.015775 | electron momentum kIdx = 0
The 9-th iteration is completed.	|| time cost : 0h 0m 24.064s
********************************************************************************************************************
Start the 10 rounds of NGS-ED iteration
	effective electronic model is modified as: kinetic energy t = 0.937669
	                                           effective interaction Vq = [ -1.00003,-0.978893,-0.968915,-0.978893,-0.978893,-0.968916,-0.946341,-0.968916,-0.968915,-0.946341,-0.978314,-0.946341,-0.978893,-0.968916,-0.946341,-0.968916]
	PARPACK diagonalization completed after 45 matrix-vector product operations.
	iteration results: : total energy is -39.946582 | electron energy -39.962375 + phonon energy 0.015793 | electron momentum kIdx = 0
	Nq(0) = 12.25,	Nq(1) = 0.405343,	Nq(2) = 0.636502,	Nq(3) = 0.405343,	Nq(4) = 0.405343,	Nq(5) = 0.636503,	Nq(6) = 0.676617,	Nq(7) = 0.636503,	Nq(8) = 0.636502,	Nq(9) = 0.676617,	Nq(10) = 1.57207,	Nq(11) = 0.676617,	Nq(12) = 0.405343,	Nq(13) = 0.636503,	Nq(14) = 0.676617,	Nq(15) = 0.636503,	Sq(0) = -8.80417e-18,	Sq(1) = 0.309291,	Sq(2) = 0.347792,	Sq(3) = 0.309291,	Sq(4) = 0.309291,	Sq(5) = 0.347792,	Sq(6) = 0.532947,	Sq(7) = 0.347792,	Sq(8) = 0.347792,	Sq(9) = 0.532947,	Sq(10) = 0.575367,	Sq(11) = 0.532947,	Sq(12) = 0.309291,	Sq(13) = 0.347792,	Sq(14) = 0.532947,	Sq(15) = 0.347792,	N(0) = 1.99528,	N(1) = 1.98752,	N(2) = 0.669049,	N(3) = 1.98752,	N(4) = 1.98752,	N(5) = 0.669049,	N(6) = 0.00912558,	N(7) = 0.669049,	N(8) = 0.669049,	N(9) = 0.00912558,	N(10) = 0.003852,	N(11) = 0.00912558,	N(12) = 1.98752,	N(13) = 0.669049,	N(14) = 0.00912558,	N(15) = 0.669049,	Delta[s](0) = 0.896703,	Delta[s](1) = 0.268251,	Delta[s](2) = 0.219189,	Delta[s](3) = 0.268251,	Delta[s](4) = 0.268251,	Delta[s](5) = 0.219189,	Delta[s](6) = 0.159471,	Delta[s](7) = 0.219189,	Delta[s](8) = 0.219189,	Delta[s](9) = 0.159471,	Delta[s](10) = 0.061742,	Delta[s](11) = 0.159471,	Delta[s](12) = 0.268251,	Delta[s](13) = 0.219189,	Delta[s](14) = 0.159471,	Delta[s](15) = 0.219189,	Delta[d](0) = 0.256651,	Delta[d](1) = 0.199643,	Delta[d](2) = 0.199575,	Delta[d](3) = 0.199643,	Delta[d](4) = 0.199643,	Delta[d](5) = 0.147522,	Delta[d](6) = 0.145975,	Delta[d](7) = 0.147522,	Delta[d](8) = 0.199575,	Delta[d](9) = 0.145975,	Delta[d](10) = 0.0387175,	Delta[d](11) = 0.145975,	Delta[d](12) = 0.199643,	Delta[d](13) = 0.147522,	Delta[d](14) = 0.145975,	Delta[d](15) = 0.147522,	Delta[s+](0) = 0.458661,	Delta[s+](1) = 0.346489,	Delta[s+](2) = 0.199575,	Delta[s+](3) = 0.346489,	Delta[s+](4) = 0.346489,	Delta[s+](5) = 0.199575,	Delta[s+](6) = 0.0675978,	Delta[s+](7) = 0.199575,	Delta[s+](8) = 0.199575,	Delta[s+](9) = 0.0675978,	Delta[s+](10) = 0.0109079,	Delta[s+](11) = 0.0675978,	Delta[s+](12) = 0.346489,	Delta[s+](13) = 0.199575,	Delta[s+](14) = 0.0675978,	Delta[s+](15) = 0.199575
The 10-th iteration is completed.	|| time cost : 0h 3m 22.755s
********************************************************************************************************************
********************************************************************************************************************
Ground state is obtained after 11 iterations. The current ground-state energy is -39.9466, in which electron energy is -39.9624 and phonon energy is 0.0157931
final variational state is: 
	Gamma_x = [      1,1.01013,1.01873,1.01013,1.01013,1.01873,1.02439,1.01873,1.01873,1.02439,1.03982,1.02439,1.01013,1.01873,1.02439,1.01873]
	lambda_q = [0.316227,0.270232, 0.26032,0.270232,0.270232, 0.26032,0.242936, 0.26032, 0.26032,0.242936,0.269993,0.242936,0.270232, 0.26032,0.242936, 0.26032]
********************************************************************************************************************
o___o  ----------------------------------------
| L |	Time since last clock: 0h 0m 0s
A===A	Time since the beginning: 0h 19m 24.587s
***********************************************


********************************************************************************************************************
Warm up runs have been completed. Start calculating W = 5 phonon.
open output files: NGSEDIterationObs.txt
********************************************************************************************************************
Start the 0 rounds of NGS-ED iteration
	effective electronic model is modified as: kinetic energy t = 0.937677
	                                           effective interaction Vq = [-0.914233,-0.843406, -0.82537,-0.843406,-0.843406, -0.82537,-0.791368, -0.82537, -0.82537,-0.791368,-0.842981,-0.791368,-0.843406, -0.82537,-0.791368, -0.82537]
	PARPACK diagonalization completed after 45 matrix-vector product operations.
	iteration results: : total energy is -37.522872 | electron energy -37.530773 + phonon energy 0.007901 | electron momentum kIdx = 0
	Nq(0) = 12.25,	Nq(1) = 0.394156,	Nq(2) = 0.598171,	Nq(3) = 0.394156,	Nq(4) = 0.394156,	Nq(5) = 0.598172,	Nq(6) = 0.651715,	Nq(7) = 0.598172,	Nq(8) = 0.598171,	Nq(9) = 0.651715,	Nq(10) = 1.68656,	Nq(11) = 0.651715,	Nq(12) = 0.394156,	Nq(13) = 0.598172,	Nq(14) = 0.651715,	Nq(15) = 0.598172,	Sq(0) = -5.38287e-18,	Sq(1) = 0.328886,	Sq(2) = 0.357134,	Sq(3) = 0.328886,	Sq(4) = 0.328886,	Sq(5) = 0.357134,	Sq(6) = 0.560125,	Sq(7) = 0.357134,	Sq(8) = 0.357134,	Sq(9) = 0.560125,	Sq(10) = 0.592077,	Sq(11) = 0.560125,	Sq(12) = 0.328886,	Sq(13) = 0.357134,	Sq(14) = 0.560125,	Sq(15) = 0.357134,	N(0) = 1.99781,	N(1) = 1.99389,	N(2) = 0.667766,	N(3) = 1.99389,	N(4) = 1.99389,	N(5) = 0.667766,	N(6) = 0.00456196,	N(7) = 0.667766,	N(8) = 0.667766,	N(9) = 0.00456196,	N(10) = 0.00179647,	N(11) = 0.00456196,	N(12) = 1.99389,	N(13) = 0.667766,	N(14) = 0.00456196,	N(15) = 0.667766,	Delta[s](0) = 0.750602,	Delta[s](1) = 0.261173,	Delta[s](2) = 0.220302,	Delta[s](3) = 0.261173,	Delta[s](4) = 0.261173,	Delta[s](5) = 0.220302,	Delta[s](6) = 0.16044,	Delta[s](7) = 0.220302,	Delta[s](8) = 0.220302,	Delta[s](9) = 0.16044,	Delta[s](10) = 0.0956702,	Delta[s](11) = 0.16044,	Delta[s](12) = 0.261173,	Delta[s](13) = 0.220302,	Delta[s](14) = 0.16044,	Delta[s](15) = 0.220302,	Delta[d](0) = 0.250475,	Delta[d](1) = 0.201604,	Delta[d](2) = 0.203533,	Delta[d](3) = 0.201604,	Delta[d](4) = 0.201604,	Delta[d](5) = 0.142023,	Delta[d](6) = 0.147768,	Delta[d](7) = 0.142023,	Delta[d](8) = 0.203533,	Delta[d](9) = 0.147768,	Delta[d](10) = 0.0337009,	Delta[d](11) = 0.147768,	Delta[d](12) = 0.201604,	Delta[d](13) = 0.142023,	Delta[d](14) = 0.147768,	Delta[d](15) = 0.142023,	Delta[s+](0) = 0.470059,	Delta[s+](1) = 0.353695,	Delta[s+](2) = 0.203533,	Delta[s+](3) = 0.353695,	Delta[s+](4) = 0.353695,	Delta[s+](5) = 0.203533,	Delta[s+](6) = 0.0698839,	Delta[s+](7) = 0.203533,	Delta[s+](8) = 0.203533,	Delta[s+](9) = 0.0698839,	Delta[s+](10) = 0.0118718,	Delta[s+](11) = 0.0698839,	Delta[s+](12) = 0.353695,	Delta[s+](13) = 0.203533,	Delta[s+](14) = 0.0698839,	Delta[s+](15) = 0.203533
The 0-th iteration is completed.	|| time cost : 0h 3m 20.536s
********************************************************************************************************************
Start the 1 rounds of NGS-ED iteration
	effective electronic model is modified as: kinetic energy t = 0.926641
	                                           effective interaction Vq = [-0.968466, -0.89278, -0.86901, -0.89278, -0.89278, -0.86901, -0.82837, -0.86901, -0.86901, -0.82837,-0.899699, -0.82837, -0.89278, -0.86901, -0.82837, -0.86901]
	PARPACK diagonalization completed after 45 matrix-vector product operations.
	iteration results: : total energy is -38.335852 | electron energy -38.360763 + phonon energy 0.024911 | electron momentum kIdx = 0
The 1-th iteration is completed.	|| time cost : 0h 0m 24.088s
********************************************************************************************************************
Start the 2 rounds of NGS-ED iteration
	effective electronic model is modified as: kinetic energy t = 0.920636
	                                           effective interaction Vq = [-0.988417,-0.915135,-0.888464,-0.915135,-0.915135,-0.888464,-0.845657,-0.888464,-0.888464,-0.845657,-0.928203,-0.845657,-0.915135,-0.888464,-0.845657,-0.888464]
	PARPACK diagonalization completed after 45 matrix-vector product operations.
	iteration results: : total energy is -38.624660 | electron energy -38.663457 + phonon energy 0.038796 | electron momentum kIdx = 0
The 2-th iteration is completed.	|| time cost : 0h 0m 24.105s
********************************************************************************************************************
Start the 3 rounds of NGS-ED iteration
	effective electronic model is modified as: kinetic energy t = 0.917452
	                                           effective interaction Vq = [-0.995757,-0.925831, -0.89758,-0.925831,-0.925831, -0.89758, -0.85395, -0.89758, -0.89758, -0.85395,-0.942928, -0.85395,-0.925831, -0.89758, -0.85395, -0.89758]
	PARPACK diagonalization completed after 45 matrix-vector product operations.
	iteration results: : total energy is -38.727874 | electron energy -38.775802 + phonon energy 0.047927 | electron momentum kIdx = 0
The 3-th iteration is completed.	|| time cost : 0h 0m 24.063s
********************************************************************************************************************
Start the 4 rounds of NGS-ED iteration
	effective electronic model is modified as: kinetic energy t = 0.915783
	                                           effective interaction Vq = [-0.998457,-0.931132,-0.901968,-0.931132,-0.931132,-0.901968, -0.85798,-0.901968,-0.901968, -0.85798,-0.950771, -0.85798,-0.931132,-0.901968, -0.85798,-0.901968]
	PARPACK diagonalization completed after 30 matrix-vector product operations.
	iteration results: : total energy is -38.764950 | electron energy -38.818355 + phonon energy 0.053405 | electron momentum kIdx = 0
The 4-th iteration is completed.	|| time cost : 0h 0m 20.409s
********************************************************************************************************************
Start the 5 rounds of NGS-ED iteration
	effective electronic model is modified as: kinetic energy t = 0.914914
	                                           effective interaction Vq = [-0.999451, -0.93381,-0.904097, -0.93381, -0.93381,-0.904097,-0.859942,-0.904097,-0.904097,-0.859942,-0.955064,-0.859942, -0.93381,-0.904097,-0.859942,-0.904097]
	PARPACK diagonalization completed after 30 matrix-vector product operations.
	iteration results: : total energy is -38.778329 | electron energy -38.834867 + phonon energy 0.056538 | electron momentum kIdx = 0
The 5-th iteration is completed.	|| time cost : 0h 0m 20.462s
********************************************************************************************************************
Start the 6 rounds of NGS-ED iteration
	effective electronic model is modified as: kinetic energy t = 0.914464
	                                           effective interaction Vq = [-0.999816,-0.935172,-0.905122,-0.935172,-0.935172,-0.905122, -0.86089,-0.905122,-0.905122, -0.86089,-0.957465, -0.86089,-0.935172,-0.905122, -0.86089,-0.905122]
	PARPACK diagonalization completed after 30 matrix-vector product operations.
	iteration results: : total energy is -38.783176 | electron energy -38.841460 + phonon energy 0.058284 | electron momentum kIdx = 0
The 6-th iteration is completed.	|| time cost : 0h 0m 20.475s
********************************************************************************************************************
Start the 7 rounds of NGS-ED iteration
	effective electronic model is modified as: kinetic energy t = 0.914232
	                                           effective interaction Vq = [ -0.99995,-0.935863,-0.905606,-0.935863,-0.935863,-0.905606, -0.86134,-0.905606,-0.905606, -0.86134,-0.958831, -0.86134,-0.935863,-0.905606, -0.86134,-0.905606]
	PARPACK diagonalization completed after 30 matrix-vector product operations.
	iteration results: : total energy is -38.784937 | electron energy -38.844180 + phonon energy 0.059243 | electron momentum kIdx = 0
The 7-th iteration is completed.	|| time cost : 0h 0m 20.403s
********************************************************************************************************************
Start the 8 rounds of NGS-ED iteration
	effective electronic model is modified as: kinetic energy t = 0.914113
	                                           effective interaction Vq = [       -1,-0.936211,-0.905826,-0.936211,-0.936211,-0.905826,-0.861547,-0.905826,-0.905826,-0.861547,-0.959617,-0.861547,-0.936211,-0.905826,-0.861547,-0.905826]
	PARPACK diagonalization completed after 30 matrix-vector product operations.
	iteration results: : total energy is -38.785580 | electron energy -38.845344 + phonon energy 0.059765 | electron momentum kIdx = 0
The 8-th iteration is completed.	|| time cost : 0h 0m 20.619s
********************************************************************************************************************
Start the 9 rounds of NGS-ED iteration
	effective electronic model is modified as: kinetic energy t = 0.914053
	                                           effective interaction Vq = [ -1.00002,-0.936384,-0.905919,-0.936384,-0.936384,-0.905919,-0.861638,-0.905919,-0.905919,-0.861638,-0.960075,-0.861638,-0.936384,-0.905919,-0.861638,-0.905919]
	PARPACK diagonalization completed after 30 matrix-vector product operations.
	iteration results: : total energy is -38.785814 | electron energy -38.845862 + phonon energy 0.060048 | electron momentum kIdx = 0
The 9-th iteration is completed.	|| time cost : 0h 0m 20.487s
********************************************************************************************************************
Start the 10 rounds of NGS-ED iteration
	effective electronic model is modified as: kinetic energy t = 0.914023
	                                           effective interaction Vq = [ -1.00002,-0.936468,-0.905954,-0.936468,-0.936468,-0.905954,-0.861675,-0.905954,-0.905954,-0.861675,-0.960344,-0.861675,-0.936468,-0.905954,-0.861675,-0.905954]
	PARPACK diagonalization completed after 30 matrix-vector product operations.
	iteration results: : total energy is -38.785900 | electron energy -38.846101 + phonon energy 0.060201 | electron momentum kIdx = 0
	Nq(0) = 12.25,	Nq(1) = 0.392312,	Nq(2) = 0.585472,	Nq(3) = 0.392312,	Nq(4) = 0.392312,	Nq(5) = 0.585472,	Nq(6) = 0.648955,	Nq(7) = 0.585472,	Nq(8) = 0.585472,	Nq(9) = 0.648955,	Nq(10) = 1.94467,	Nq(11) = 0.648955,	Nq(12) = 0.392312,	Nq(13) = 0.585472,	Nq(14) = 0.648955,	Nq(15) = 0.585472,	Sq(0) = -7.43452e-19,	Sq(1) = 0.316969,	Sq(2) = 0.351106,	Sq(3) = 0.316969,	Sq(4) = 0.316969,	Sq(5) = 0.351106,	Sq(6) = 0.543064,	Sq(7) = 0.351106,	Sq(8) = 0.351106,	Sq(9) = 0.543064,	Sq(10) = 0.580661,	Sq(11) = 0.543064,	Sq(12) = 0.316969,	Sq(13) = 0.351106,	Sq(14) = 0.543064,	Sq(15) = 0.351106,	N(0) = 1.99624,	N(1) = 1.98939,	N(2) = 0.66855,	N(3) = 1.98939,	N(4) = 1.98939,	N(5) = 0.66855,	N(6) = 0.00795802,	N(7) = 0.66855,	N(8) = 0.66855,	N(9) = 0.00795802,	N(10) = 0.00307853,	N(11) = 0.00795802,	N(12) = 1.98939,	N(13) = 0.66855,	N(14) = 0.00795802,	N(15) = 0.66855,	Delta[s](0) = 0.678724,	Delta[s](1) = 0.266556,	Delta[s](2) = 0.22829,	Delta[s](3) = 0.266556,	Delta[s](4) = 0.266556,	Delta[s](5) = 0.22829,	Delta[s](6) = 0.168825,	Delta[s](7) = 0.22829,	Delta[s](8) = 0.22829,	Delta[s](9) = 0.168825,	Delta[s](10) = 0.146296,	Delta[s](11) = 0.168825,	Delta[s](12) = 0.266556,	Delta[s](13) = 0.22829,	Delta[s](14) = 0.168825,	Delta[s](15) = 0.22829,	Delta[d](0) = 0.245507,	Delta[d](1) = 0.199153,	Delta[d](2) = 0.202734,	Delta[d](3) = 0.199153,	Delta[d](4) = 0.199153,	Delta[d](5) = 0.139252,	Delta[d](6) = 0.146431,	Delta[d](7) = 0.139252,	Delta[d](8) = 0.202734,	Delta[d](9) = 0.146431,	Delta[d](10) = 0.033206,	Delta[d](11) = 0.146431,	Delta[d](12) = 0.199153,	Delta[d](13) = 0.139252,	Delta[d](14) = 0.146431,	Delta[d](15) = 0.139252,	Delta[s+](0) = 0.466517,	Delta[s+](1) = 0.350705,	Delta[s+](2) = 0.202734,	Delta[s+](3) = 0.350705,	Delta[s+](4) = 0.350705,	Delta[s+](5) = 0.202734,	Delta[s+](6) = 0.0704559,	Delta[s+](7) = 0.202734,	Delta[s+](8) = 0.202734,	Delta[s+](9) = 0.0704559,	Delta[s+](10) = 0.013814,	Delta[s+](11) = 0.0704559,	Delta[s+](12) = 0.350705,	Delta[s+](13) = 0.202734,	Delta[s+](14) = 0.0704559,	Delta[s+](15) = 0.202734
The 10-th iteration is completed.	|| time cost : 0h 3m 13.698s
********************************************************************************************************************
Start the 11 rounds of NGS-ED iteration
	effective electronic model is modified as: kinetic energy t = 0.914008
	                                           effective interaction Vq = [ -1.00003,-0.936508,-0.905963,-0.936508,-0.936508,-0.905963,-0.861687,-0.905963,-0.905963,-0.861687,-0.960504,-0.861687,-0.936508,-0.905963,-0.861687,-0.905963]
	PARPACK diagonalization completed after 30 matrix-vector product operations.
	iteration results: : total energy is -38.785932 | electron energy -38.846215 + phonon energy 0.060283 | electron momentum kIdx = 0
The 11-th iteration is completed.	|| time cost : 0h 0m 20.651s
********************************************************************************************************************
Start the 12 rounds of NGS-ED iteration
	effective electronic model is modified as: kinetic energy t = 0.914001
	                                           effective interaction Vq = [ -1.00003,-0.936525,-0.905961,-0.936525,-0.936525,-0.905961, -0.86169,-0.905961,-0.905961, -0.86169,-0.960599, -0.86169,-0.936525,-0.905961, -0.86169,-0.905961]
	PARPACK diagonalization completed after 30 matrix-vector product operations.
	iteration results: : total energy is -38.785943 | electron energy -38.846271 + phonon energy 0.060328 | electron momentum kIdx = 0
The 12-th iteration is completed.	|| time cost : 0h 0m 20.369s
********************************************************************************************************************
Start the 13 rounds of NGS-ED iteration
	effective electronic model is modified as: kinetic energy t = 0.913998
	                                           effective interaction Vq = [ -1.00003,-0.936533,-0.905956,-0.936533,-0.936533,-0.905956,-0.861688,-0.905956,-0.905956,-0.861688,-0.960656,-0.861688,-0.936533,-0.905956,-0.861688,-0.905956]
	PARPACK diagonalization completed after 30 matrix-vector product operations.
	iteration results: : total energy is -38.785948 | electron energy -38.846300 + phonon energy 0.060352 | electron momentum kIdx = 0
The 13-th iteration is completed.	|| time cost : 0h 0m 20.67s
********************************************************************************************************************
Start the 14 rounds of NGS-ED iteration
	effective electronic model is modified as: kinetic energy t = 0.913997
	                                           effective interaction Vq = [ -1.00003,-0.936535,-0.905951,-0.936535,-0.936535,-0.905951,-0.861685,-0.905951,-0.905951,-0.861685,-0.960691,-0.861685,-0.936535,-0.905951,-0.861685,-0.905951]
	PARPACK diagonalization completed after 30 matrix-vector product operations.
	iteration results: : total energy is -38.785949 | electron energy -38.846315 + phonon energy 0.060366 | electron momentum kIdx = 0
The 14-th iteration is completed.	|| time cost : 0h 0m 20.475s
********************************************************************************************************************
Start the 15 rounds of NGS-ED iteration
	effective electronic model is modified as: kinetic energy t = 0.913996
	                                           effective interaction Vq = [ -1.00003,-0.936535,-0.905947,-0.936535,-0.936535,-0.905947,-0.861683,-0.905947,-0.905947,-0.861683,-0.960712,-0.861683,-0.936535,-0.905947,-0.861683,-0.905947]
	PARPACK diagonalization completed after 30 matrix-vector product operations.
	iteration results: : total energy is -38.785950 | electron energy -38.846322 + phonon energy 0.060373 | electron momentum kIdx = 0
The 15-th iteration is completed.	|| time cost : 0h 0m 20.663s
********************************************************************************************************************
Start the 16 rounds of NGS-ED iteration
	effective electronic model is modified as: kinetic energy t = 0.913996
	                                           effective interaction Vq = [ -1.00003,-0.936535,-0.905944,-0.936535,-0.936535,-0.905944,-0.861681,-0.905944,-0.905944,-0.861681,-0.960725,-0.861681,-0.936535,-0.905944,-0.861681,-0.905944]
	PARPACK diagonalization completed after 30 matrix-vector product operations.
	iteration results: : total energy is -38.785950 | electron energy -38.846327 + phonon energy 0.060377 | electron momentum kIdx = 0
The 16-th iteration is completed.	|| time cost : 0h 0m 20.652s
********************************************************************************************************************
Start the 17 rounds of NGS-ED iteration
	effective electronic model is modified as: kinetic energy t = 0.913996
	                                           effective interaction Vq = [ -1.00003,-0.936534,-0.905941,-0.936534,-0.936534,-0.905941,-0.861679,-0.905941,-0.905941,-0.861679,-0.960733,-0.861679,-0.936534,-0.905941,-0.861679,-0.905941]
	PARPACK diagonalization completed after 30 matrix-vector product operations.
	iteration results: : total energy is -38.785950 | electron energy -38.846329 + phonon energy 0.060379 | electron momentum kIdx = 0
The 17-th iteration is completed.	|| time cost : 0h 0m 20.505s
********************************************************************************************************************
Start the 18 rounds of NGS-ED iteration
	effective electronic model is modified as: kinetic energy t = 0.913996
	                                           effective interaction Vq = [ -1.00003,-0.936534,-0.905939,-0.936534,-0.936534,-0.905939,-0.861678,-0.905939,-0.905939,-0.861678,-0.960738,-0.861678,-0.936534,-0.905939,-0.861678,-0.905939]
	PARPACK diagonalization completed after 30 matrix-vector product operations.
	iteration results: : total energy is -38.785950 | electron energy -38.846330 + phonon energy 0.060380 | electron momentum kIdx = 0
The 18-th iteration is completed.	|| time cost : 0h 0m 20.398s
********************************************************************************************************************
Start the 19 rounds of NGS-ED iteration
	effective electronic model is modified as: kinetic energy t = 0.913996
	                                           effective interaction Vq = [ -1.00003,-0.936533,-0.905938,-0.936533,-0.936533,-0.905938,-0.861677,-0.905938,-0.905938,-0.861677,-0.960741,-0.861677,-0.936533,-0.905938,-0.861677,-0.905938]
	PARPACK diagonalization completed after 30 matrix-vector product operations.
	iteration results: : total energy is -38.785950 | electron energy -38.846331 + phonon energy 0.060381 | electron momentum kIdx = 0
The 19-th iteration is completed.	|| time cost : 0h 0m 20.464s
********************************************************************************************************************
Start the 20 rounds of NGS-ED iteration
	effective electronic model is modified as: kinetic energy t = 0.913996
	                                           effective interaction Vq = [ -1.00003,-0.936533,-0.905937,-0.936533,-0.936533,-0.905937,-0.861677,-0.905937,-0.905937,-0.861677,-0.960743,-0.861677,-0.936533,-0.905937,-0.861677,-0.905937]
	PARPACK diagonalization completed after 30 matrix-vector product operations.
	iteration results: : total energy is -38.785950 | electron energy -38.846331 + phonon energy 0.060381 | electron momentum kIdx = 0
	Nq(0) = 12.25,	Nq(1) = 0.39223,	Nq(2) = 0.585301,	Nq(3) = 0.39223,	Nq(4) = 0.39223,	Nq(5) = 0.585301,	Nq(6) = 0.648856,	Nq(7) = 0.585301,	Nq(8) = 0.585301,	Nq(9) = 0.648856,	Nq(10) = 1.94654,	Nq(11) = 0.648856,	Nq(12) = 0.39223,	Nq(13) = 0.585301,	Nq(14) = 0.648856,	Nq(15) = 0.585301,	Sq(0) = 1.35873e-17,	Sq(1) = 0.316963,	Sq(2) = 0.351098,	Sq(3) = 0.316963,	Sq(4) = 0.316963,	Sq(5) = 0.351098,	Sq(6) = 0.543055,	Sq(7) = 0.351098,	Sq(8) = 0.351098,	Sq(9) = 0.543055,	Sq(10) = 0.580645,	Sq(11) = 0.543055,	Sq(12) = 0.316963,	Sq(13) = 0.351098,	Sq(14) = 0.543055,	Sq(15) = 0.351098,	N(0) = 1.99624,	N(1) = 1.98938,	N(2) = 0.668551,	N(3) = 1.98938,	N(4) = 1.98938,	N(5) = 0.668551,	N(6) = 0.00796718,	N(7) = 0.668551,	N(8) = 0.668551,	N(9) = 0.00796718,	N(10) = 0.00308108,	N(11) = 0.00796718,	N(12) = 1.98938,	N(13) = 0.668551,	N(14) = 0.00796718,	N(15) = 0.668551,	Delta[s](0) = 0.677964,	Delta[s](1) = 0.266571,	Delta[s](2) = 0.22832,	Delta[s](3) = 0.266571,	Delta[s](4) = 0.266571,	Delta[s](5) = 0.22832,	Delta[s](6) = 0.168848,	Delta[s](7) = 0.22832,	Delta[s](8) = 0.22832,	Delta[s](9) = 0.168848,	Delta[s](10) = 0.146783,	Delta[s](11) = 0.168848,	Delta[s](12) = 0.266571,	Delta[s](13) = 0.22832,	Delta[s](14) = 0.168848,	Delta[s](15) = 0.22832,	Delta[d](0) = 0.245479,	Delta[d](1) = 0.199139,	Delta[d](2) = 0.202738,	Delta[d](3) = 0.199139,	Delta[d](4) = 0.199139,	Delta[d](5) = 0.139218,	Delta[d](6) = 0.146415,	Delta[d](7) = 0.139218,	Delta[d](8) = 0.202738,	Delta[d](9) = 0.146415,	Delta[d](10) = 0.0331644,	Delta[d](11) = 0.146415,	Delta[d](12) = 0.199139,	Delta[d](13) = 0.139218,	Delta[d](14) = 0.146415,	Delta[d](15) = 0.139218,	Delta[s+](0) = 0.466549,	Delta[s+](1) = 0.350718,	Delta[s+](2) = 0.202738,	Delta[s+](3) = 0.350718,	Delta[s+](4) = 0.350718,	Delta[s+](5) = 0.202738,	Delta[s+](6) = 0.0704494,	Delta[s+](7) = 0.202738,	Delta[s+](8) = 0.202738,	Delta[s+](9) = 0.0704494,	Delta[s+](10) = 0.0138117,	Delta[s+](11) = 0.0704494,	Delta[s+](12) = 0.350718,	Delta[s+](13) = 0.202738,	Delta[s+](14) = 0.0704494,	Delta[s+](15) = 0.202738
The 20-th iteration is completed.	|| time cost : 0h 3m 16.808s
********************************************************************************************************************
Start the 21 rounds of NGS-ED iteration
	effective electronic model is modified as: kinetic energy t = 0.913996
	                                           effective interaction Vq = [ -1.00003,-0.936533,-0.905937,-0.936533,-0.936533,-0.905937,-0.861677,-0.905937,-0.905937,-0.861677,-0.960744,-0.861677,-0.936533,-0.905937,-0.861677,-0.905937]
	PARPACK diagonalization completed after 30 matrix-vector product operations.
	iteration results: : total energy is -38.785950 | electron energy -38.846331 + phonon energy 0.060381 | electron momentum kIdx = 0
The 21-th iteration is completed.	|| time cost : 0h 0m 20.456s
********************************************************************************************************************
Start the 22 rounds of NGS-ED iteration
	effective electronic model is modified as: kinetic energy t = 0.913996
	                                           effective interaction Vq = [ -1.00003,-0.936532,-0.905937,-0.936532,-0.936532,-0.905937,-0.861676,-0.905937,-0.905937,-0.861676,-0.960745,-0.861676,-0.936532,-0.905937,-0.861676,-0.905937]
	PARPACK diagonalization completed after 30 matrix-vector product operations.
	iteration results: : total energy is -38.785950 | electron energy -38.846331 + phonon energy 0.060381 | electron momentum kIdx = 0
