SNEDics v3.2 diagonalization test program		Start at Sat Apr 27 11:53:15 2019

parallized on 80 MPI threads  * 6 OpenMP threads = 480 total threads.
************************************************************************************
************************************************************************************

Input file "model_params.in"
Hubbard-Holstein model parameters : 	t = 1    U = 1    g = 0.7071    W = 1    
************************************************************************************
Input file "hilbertspace_params.in"

Cluster Positions:				Cluster symmetry group : D4
 x ... x ... x ... x .....                       x ... x ... x ... x .....
 |           |           :                       |           |           :
 |           |           :                       |           |           :
12    13    14    15     x                       1     5     6     5     x
 |           |           :                       |           |           :
 |           |           :                       |           |           :
 8 --- 9 ---10 ---11 --- x                       2 --- 6 ---10 --- 6 --- x
 |           |           :                       |           |           :
 |           |           :                       |           |           :
 4     5     6     7     x                       1     5     6     5     x
 |           |           :                       |           |           :
 |           |           :                       |           |           :
 0 --- 1 --- 2 --- 3 --- x                       0 --- 1 --- 2 --- 1 --- x
orbital number : 1
************************************************************************************
0 rounds of non-Gaussian ED iteration : ground-state energy is -20.7936 | electron energy -20.7936 + phonon energy 0 | electron momentum kIdx = 0
Nq = 	16	0.302822	0.345909	0.302822	0.302822	0.345909	0.526848	0.345909	0.345909	0.526848	0.574284	0.526848	0.302822	0.345909	0.526848	0.345909
Sq = 	-2.54719e-18	0.397734	0.575092	0.397734	0.397734	0.575092	0.677148	0.575092	0.575092	0.677148	2.2815	0.677148	0.397734	0.575092	0.677148	0.575092
1 rounds of non-Gaussian ED iteration : ground-state energy is -22.6281 | electron energy -22.6281 + phonon energy 2.05513e-06 | electron momentum kIdx = 0
Nq = 	16	0.31296	0.350645	0.31296	0.31296	0.350645	0.540081	0.350645	0.350645	0.540081	0.582276	0.540081	0.31296	0.350645	0.540081	0.350645
Sq = 	-1.66997e-19	0.39484	0.570842	0.39484	0.39484	0.570842	0.669751	0.570842	0.570842	0.66975	2.21828	0.66975	0.39484	0.570842	0.669751	0.570842
2 rounds of non-Gaussian ED iteration : ground-state energy is -23.9697 | electron energy -23.9697 + phonon energy 5.96604e-05 | electron momentum kIdx = 0
Nq = 	16	0.319566	0.353231	0.319566	0.319566	0.353231	0.54776	0.353231	0.353231	0.54776	0.586218	0.54776	0.319566	0.353231	0.54776	0.353231
Sq = 	1.57418e-18	0.393064	0.568319	0.393064	0.393064	0.568319	0.665394	0.568319	0.568319	0.665394	2.18135	0.665394	0.393064	0.568319	0.665394	0.568319
3 rounds of non-Gaussian ED iteration : ground-state energy is -25.0086 | electron energy -25.0089 + phonon energy 0.00032853 | electron momentum kIdx = 0
Nq = 	16	0.324099	0.354733	0.324099	0.324099	0.354733	0.552471	0.354733	0.354733	0.552471	0.588302	0.552471	0.324099	0.354733	0.552471	0.354733
Sq = 	4.8675e-18	0.39192	0.566742	0.39192	0.39192	0.566742	0.662668	0.566742	0.566742	0.662668	2.15822	0.662668	0.39192	0.566742	0.662668	0.566742
4 rounds of non-Gaussian ED iteration : ground-state energy is -25.836 | electron energy -25.8369 + phonon energy 0.000944001 | electron momentum kIdx = 0
Nq = 	16	0.32731	0.355643	0.32731	0.32731	0.355643	0.555488	0.355643	0.355643	0.555488	0.589473	0.555488	0.32731	0.355643	0.555488	0.355643
Sq = 	-6.57304e-18	0.391154	0.565717	0.391154	0.391154	0.565717	0.660885	0.565717	0.565717	0.660885	2.14302	0.660885	0.391154	0.565717	0.660885	0.565717
5 rounds of non-Gaussian ED iteration : ground-state energy is -26.5038 | electron energy -26.5057 + phonon energy 0.00193437 | electron momentum kIdx = 0
Nq = 	16	0.329635	0.356214	0.329635	0.329635	0.356214	0.557489	0.356214	0.356214	0.557489	0.590171	0.557489	0.329635	0.356214	0.557489	0.356214
Sq = 	-6.8652e-18	0.390626	0.565027	0.390626	0.390626	0.565027	0.659678	0.565027	0.565027	0.659678	2.13267	0.659678	0.390626	0.565027	0.659678	0.565027
6 rounds of non-Gaussian ED iteration : ground-state energy is -27.0463 | electron energy -27.0496 + phonon energy 0.00323906 | electron momentum kIdx = 0
Nq = 	16	0.331349	0.356583	0.331349	0.331349	0.356583	0.558862	0.356583	0.356583	0.558862	0.590614	0.558862	0.331349	0.356583	0.558862	0.356583
Sq = 	-2.94618e-19	0.390253	0.564549	0.390253	0.390253	0.564549	0.658835	0.564549	0.564549	0.658835	2.1254	0.658835	0.390253	0.564549	0.658835	0.564549
7 rounds of non-Gaussian ED iteration : ground-state energy is -27.4885 | electron energy -27.4933 + phonon energy 0.00475706 | electron momentum kIdx = 0
Nq = 	16	0.332631	0.356828	0.332631	0.332631	0.356828	0.559831	0.356828	0.356828	0.559831	0.590913	0.559831	0.332631	0.356828	0.559831	0.356828
Sq = 	7.85027e-18	0.389982	0.564209	0.389982	0.389982	0.564209	0.658232	0.564209	0.564209	0.658232	2.12016	0.658232	0.389982	0.564209	0.658232	0.564209
8 rounds of non-Gaussian ED iteration : ground-state energy is -27.8495 | electron energy -27.8559 + phonon energy 0.00638394 | electron momentum kIdx = 0
Nq = 	16	0.333601	0.356995	0.333601	0.333601	0.356995	0.560536	0.356995	0.356995	0.560536	0.591126	0.560536	0.333601	0.356995	0.560536	0.356995
Sq = 	-4.29379e-18	0.389781	0.56396	0.389781	0.389781	0.56396	0.65779	0.56396	0.56396	0.65779	2.11631	0.65779	0.389781	0.56396	0.65779	0.56396
9 rounds of non-Gaussian ED iteration : ground-state energy is -28.1445 | electron energy -28.1525 + phonon energy 0.00803109 | electron momentum kIdx = 0
Nq = 	16	0.334345	0.357112	0.334345	0.334345	0.357112	0.561062	0.357112	0.357112	0.561062	0.591285	0.561062	0.334345	0.357112	0.561062	0.357112
Sq = 	5.17031e-18	0.389629	0.563775	0.389629	0.389629	0.563775	0.657459	0.563775	0.563775	0.657459	2.11341	0.657459	0.389629	0.563775	0.657459	0.563775
10 rounds of non-Gaussian ED iteration : ground-state energy is -28.3857 | electron energy -28.3953 + phonon energy 0.00963204 | electron momentum kIdx = 0
Nq = 	16	0.33492	0.357197	0.33492	0.33492	0.357197	0.561464	0.357197	0.357197	0.561464	0.591409	0.561464	0.33492	0.357197	0.561464	0.357197
Sq = 	4.46743e-18	0.389513	0.563633	0.389513	0.389513	0.563633	0.657207	0.563633	0.563633	0.657207	2.1112	0.657207	0.389513	0.563633	0.657207	0.563633
11 rounds of non-Gaussian ED iteration : ground-state energy is -28.583 | electron energy -28.5941 + phonon energy 0.0111419 | electron momentum kIdx = 0
Nq = 	16	0.33537	0.357259	0.33537	0.33537	0.357259	0.561777	0.357259	0.357259	0.561777	0.591507	0.561777	0.33537	0.357259	0.561777	0.357259
Sq = 	8.29767e-18	0.389422	0.563523	0.389422	0.389422	0.563523	0.657011	0.563523	0.563523	0.657011	2.10948	0.657011	0.389422	0.563523	0.657011	0.563523
12 rounds of non-Gaussian ED iteration : ground-state energy is -28.7443 | electron energy -28.7569 + phonon energy 0.0125339 | electron momentum kIdx = 0
Nq = 	16	0.335725	0.357306	0.335725	0.335725	0.357306	0.562026	0.357306	0.357306	0.562026	0.591587	0.562026	0.335725	0.357306	0.562026	0.357306
Sq = 	4.21352e-19	0.38935	0.563436	0.38935	0.38935	0.563436	0.656857	0.563436	0.563436	0.656857	2.10813	0.656857	0.38935	0.563436	0.656857	0.563436
13 rounds of non-Gaussian ED iteration : ground-state energy is -28.8764 | electron energy -28.8902 + phonon energy 0.013795 | electron momentum kIdx = 0
Nq = 	16	0.336007	0.357342	0.336007	0.336007	0.357342	0.562225	0.357342	0.357342	0.562225	0.591652	0.562225	0.336007	0.357342	0.562225	0.357342
Sq = 	-3.11216e-18	0.389292	0.563367	0.389292	0.389292	0.563367	0.656734	0.563367	0.563367	0.656734	2.10706	0.656734	0.389292	0.563367	0.656734	0.563367
14 rounds of non-Gaussian ED iteration : ground-state energy is -28.9844 | electron energy -28.9994 + phonon energy 0.0149221 | electron momentum kIdx = 0
Nq = 	16	0.336234	0.357371	0.336234	0.336234	0.357371	0.562388	0.357371	0.357371	0.562388	0.591706	0.562388	0.336234	0.357371	0.562388	0.357371
Sq = 	-8.30154e-18	0.389246	0.563311	0.389246	0.389246	0.563311	0.656636	0.563311	0.563311	0.656636	2.10619	0.656636	0.389246	0.563311	0.656636	0.563311
15 rounds of non-Gaussian ED iteration : ground-state energy is -29.0729 | electron energy -29.0888 + phonon energy 0.0159185 | electron momentum kIdx = 0
Nq = 	16	0.336416	0.357393	0.336416	0.336416	0.357393	0.562521	0.357393	0.357393	0.562521	0.59175	0.562521	0.336416	0.357393	0.562521	0.357393
Sq = 	1.42106e-17	0.389208	0.563265	0.389208	0.389208	0.563265	0.656556	0.563265	0.563265	0.656556	2.1055	0.656556	0.389208	0.563265	0.656556	0.563265
16 rounds of non-Gaussian ED iteration : ground-state energy is -29.1452 | electron energy -29.162 + phonon energy 0.016792 | electron momentum kIdx = 0
Nq = 	16	0.336565	0.357411	0.336565	0.336565	0.357411	0.562631	0.357411	0.357411	0.562631	0.591788	0.562631	0.336565	0.357411	0.562631	0.357411
Sq = 	-1.41396e-18	0.389177	0.563228	0.389177	0.389177	0.563228	0.656491	0.563228	0.563228	0.656491	2.10493	0.656491	0.389177	0.563228	0.656491	0.563228
17 rounds of non-Gaussian ED iteration : ground-state energy is -29.2045 | electron energy -29.222 + phonon energy 0.0175524 | electron momentum kIdx = 0
Nq = 	16	0.336686	0.357426	0.336686	0.336686	0.357426	0.562722	0.357426	0.357426	0.562722	0.591819	0.562722	0.336686	0.357426	0.562722	0.357426
Sq = 	-4.45592e-18	0.389151	0.563198	0.389151	0.389151	0.563197	0.656437	0.563197	0.563197	0.656437	2.10446	0.656437	0.389151	0.563197	0.656437	0.563197
18 rounds of non-Gaussian ED iteration : ground-state energy is -29.2529 | electron energy -29.2711 + phonon energy 0.0182107 | electron momentum kIdx = 0
Nq = 	16	0.336786	0.357438	0.336786	0.336786	0.357438	0.562798	0.357438	0.357438	0.562798	0.591845	0.562798	0.336786	0.357438	0.562798	0.357438
Sq = 	-6.152e-18	0.38913	0.563172	0.38913	0.38913	0.563172	0.656393	0.563172	0.563172	0.656393	2.10407	0.656393	0.38913	0.563172	0.656393	0.563172
19 rounds of non-Gaussian ED iteration : ground-state energy is -29.2926 | electron energy -29.3114 + phonon energy 0.0187779 | electron momentum kIdx = 0
Nq = 	16	0.336868	0.357447	0.336868	0.336868	0.357447	0.562862	0.357447	0.357447	0.562862	0.591866	0.562862	0.336868	0.357447	0.562862	0.357447
Sq = 	4.6052e-18	0.389112	0.563151	0.389112	0.389112	0.563151	0.656356	0.563151	0.563151	0.656356	2.10375	0.656356	0.389112	0.563151	0.656356	0.563151
20 rounds of non-Gaussian ED iteration : ground-state energy is -29.3251 | electron energy -29.3444 + phonon energy 0.0192649 | electron momentum kIdx = 0
Nq = 	16	0.336936	0.357455	0.336936	0.336936	0.357455	0.562915	0.357455	0.357455	0.562915	0.591885	0.562915	0.336936	0.357455	0.562915	0.357455
Sq = 	8.75197e-18	0.389098	0.563134	0.389098	0.389098	0.563134	0.656326	0.563134	0.563134	0.656326	2.10349	0.656326	0.389098	0.563134	0.656326	0.563134
21 rounds of non-Gaussian ED iteration : ground-state energy is -29.3517 | electron energy -29.3714 + phonon energy 0.0196817 | electron momentum kIdx = 0
Nq = 	16	0.336992	0.357462	0.336992	0.336992	0.357462	0.56296	0.357462	0.357462	0.56296	0.5919	0.56296	0.336992	0.357462	0.56296	0.357462
Sq = 	1.00202e-18	0.389085	0.563119	0.389085	0.389085	0.563119	0.6563	0.563119	0.563119	0.6563	2.10327	0.6563	0.389085	0.563119	0.6563	0.563119
22 rounds of non-Gaussian ED iteration : ground-state energy is -29.3735 | electron energy -29.3935 + phonon energy 0.0200375 | electron momentum kIdx = 0
Nq = 	16	0.337039	0.357467	0.337039	0.337039	0.357467	0.562997	0.357467	0.357467	0.562997	0.591913	0.562997	0.337039	0.357467	0.562997	0.357467
Sq = 	-8.99895e-18	0.389075	0.563107	0.389075	0.389075	0.563107	0.656279	0.563107	0.563107	0.656279	2.10308	0.656279	0.389075	0.563107	0.656279	0.563107
23 rounds of non-Gaussian ED iteration : ground-state energy is -29.3913 | electron energy -29.4116 + phonon energy 0.0203407 | electron momentum kIdx = 0
Nq = 	16	0.337078	0.357472	0.337078	0.337078	0.357472	0.563029	0.357472	0.357472	0.563029	0.591923	0.563029	0.337078	0.357472	0.563029	0.357472
Sq = 	-2.99637e-18	0.389067	0.563096	0.389067	0.389067	0.563096	0.656261	0.563096	0.563096	0.656261	2.10293	0.656261	0.389067	0.563096	0.656261	0.563096
24 rounds of non-Gaussian ED iteration : ground-state energy is -29.4059 | electron energy -29.4265 + phonon energy 0.0205984 | electron momentum kIdx = 0
Nq = 	16	0.337111	0.357476	0.337111	0.337111	0.357476	0.563055	0.357476	0.357476	0.563055	0.591932	0.563055	0.337111	0.357476	0.563055	0.357476
Sq = 	-1.42067e-18	0.389059	0.563088	0.389059	0.389059	0.563088	0.656246	0.563088	0.563088	0.656246	2.1028	0.656246	0.389059	0.563088	0.656246	0.563088
25 rounds of non-Gaussian ED iteration : ground-state energy is -29.4178 | electron energy -29.4386 + phonon energy 0.0208174 | electron momentum kIdx = 0
Nq = 	16	0.337138	0.357479	0.337138	0.337138	0.357479	0.563078	0.357479	0.357479	0.563078	0.59194	0.563078	0.337138	0.357479	0.563078	0.357479
Sq = 	5.00796e-18	0.389053	0.563081	0.389053	0.389053	0.563081	0.656234	0.563081	0.563081	0.656234	2.10269	0.656234	0.389053	0.563081	0.656234	0.563081
26 rounds of non-Gaussian ED iteration : ground-state energy is -29.4276 | electron energy -29.4486 + phonon energy 0.0210031 | electron momentum kIdx = 0
Nq = 	16	0.337161	0.357482	0.337161	0.337161	0.357481	0.563097	0.357481	0.357481	0.563097	0.591946	0.563097	0.337161	0.357481	0.563097	0.357481
Sq = 	1.03077e-17	0.389048	0.563075	0.389048	0.389048	0.563074	0.656223	0.563074	0.563074	0.656223	2.1026	0.656223	0.389048	0.563074	0.656223	0.563074
27 rounds of non-Gaussian ED iteration : ground-state energy is -29.4356 | electron energy -29.4567 + phonon energy 0.0211604 | electron momentum kIdx = 0
Nq = 	16	0.337181	0.357484	0.337181	0.337181	0.357484	0.563113	0.357484	0.357484	0.563113	0.591952	0.563113	0.337181	0.357484	0.563113	0.357484
Sq = 	5.18789e-18	0.389044	0.563069	0.389044	0.389044	0.563069	0.656215	0.563069	0.563069	0.656215	2.10252	0.656215	0.389044	0.563069	0.656215	0.563069
28 rounds of non-Gaussian ED iteration : ground-state energy is -29.4421 | electron energy -29.4634 + phonon energy 0.0212936 | electron momentum kIdx = 0
Nq = 	16	0.337197	0.357485	0.337197	0.337197	0.357485	0.563126	0.357485	0.357485	0.563126	0.591956	0.563126	0.337197	0.357485	0.563126	0.357485
Sq = 	7.20174e-18	0.38904	0.563065	0.38904	0.38904	0.563065	0.656207	0.563065	0.563065	0.656207	2.10246	0.656207	0.38904	0.563065	0.656207	0.563065
29 rounds of non-Gaussian ED iteration : ground-state energy is -29.4475 | electron energy -29.4689 + phonon energy 0.0214063 | electron momentum kIdx = 0
Nq = 	16	0.337211	0.357487	0.337211	0.337211	0.357487	0.563137	0.357487	0.357487	0.563137	0.59196	0.563137	0.337211	0.357487	0.563137	0.357487
Sq = 	3.86257e-18	0.389037	0.563061	0.389037	0.389037	0.563061	0.656201	0.563061	0.563061	0.656201	2.1024	0.656201	0.389037	0.563061	0.656201	0.563061
30 rounds of non-Gaussian ED iteration : ground-state energy is -29.4519 | electron energy -29.4734 + phonon energy 0.0215016 | electron momentum kIdx = 0
Nq = 	16	0.337222	0.357488	0.337222	0.337222	0.357488	0.563147	0.357488	0.357488	0.563147	0.591963	0.563147	0.337222	0.357488	0.563147	0.357488
Sq = 	1.29976e-18	0.389035	0.563058	0.389035	0.389035	0.563058	0.656196	0.563058	0.563058	0.656196	2.10236	0.656196	0.389035	0.563058	0.656196	0.563058
31 rounds of non-Gaussian ED iteration : ground-state energy is -29.4555 | electron energy -29.4771 + phonon energy 0.0215821 | electron momentum kIdx = 0
Nq = 	16	0.337232	0.357489	0.337232	0.337232	0.357489	0.563155	0.357489	0.357489	0.563155	0.591966	0.563155	0.337232	0.357489	0.563155	0.357489
Sq = 	-3.14099e-18	0.389033	0.563056	0.389033	0.389033	0.563056	0.656191	0.563056	0.563056	0.656191	2.10232	0.656191	0.389033	0.563056	0.656191	0.563056
32 rounds of non-Gaussian ED iteration : ground-state energy is -29.4584 | electron energy -29.4801 + phonon energy 0.0216501 | electron momentum kIdx = 0
Nq = 	16	0.33724	0.35749	0.33724	0.33724	0.35749	0.563162	0.35749	0.35749	0.563162	0.591968	0.563162	0.33724	0.35749	0.563162	0.35749
Sq = 	-2.17258e-18	0.389031	0.563054	0.389031	0.389031	0.563054	0.656187	0.563054	0.563054	0.656187	2.10229	0.656187	0.389031	0.563054	0.656187	0.563054
33 rounds of non-Gaussian ED iteration : ground-state energy is -29.4608 | electron energy -29.4826 + phonon energy 0.0217076 | electron momentum kIdx = 0
Nq = 	16	0.337247	0.357491	0.337247	0.337247	0.357491	0.563168	0.357491	0.357491	0.563168	0.59197	0.563168	0.337247	0.357491	0.563168	0.357491
Sq = 	-2.14704e-18	0.389029	0.563052	0.389029	0.389029	0.563052	0.656184	0.563052	0.563052	0.656184	2.10226	0.656184	0.389029	0.563052	0.656184	0.563052
34 rounds of non-Gaussian ED iteration : ground-state energy is -29.4628 | electron energy -29.4846 + phonon energy 0.0217561 | electron momentum kIdx = 0
Nq = 	16	0.337253	0.357491	0.337253	0.337253	0.357491	0.563173	0.357491	0.357491	0.563173	0.591972	0.563173	0.337253	0.357491	0.563173	0.357491
Sq = 	1.14592e-17	0.389028	0.56305	0.389028	0.389028	0.56305	0.656182	0.56305	0.56305	0.656182	2.10224	0.656182	0.389028	0.56305	0.656182	0.56305
35 rounds of non-Gaussian ED iteration : ground-state energy is -29.4644 | electron energy -29.4862 + phonon energy 0.0217971 | electron momentum kIdx = 0
Nq = 	16	0.337258	0.357492	0.337258	0.337258	0.357492	0.563177	0.357492	0.357492	0.563177	0.591973	0.563177	0.337258	0.357492	0.563177	0.357492
Sq = 	9.90059e-18	0.389027	0.563049	0.389027	0.389027	0.563049	0.656179	0.563049	0.563049	0.656179	2.10222	0.656179	0.389027	0.563049	0.656179	0.563049
36 rounds of non-Gaussian ED iteration : ground-state energy is -29.4658 | electron energy -29.4876 + phonon energy 0.0218316 | electron momentum kIdx = 0
Nq = 	16	0.337262	0.357492	0.337262	0.337262	0.357492	0.56318	0.357492	0.357492	0.56318	0.591974	0.56318	0.337262	0.357492	0.56318	0.357492
Sq = 	-2.99913e-19	0.389026	0.563048	0.389026	0.389026	0.563048	0.656178	0.563048	0.563048	0.656178	2.1022	0.656178	0.389026	0.563048	0.656178	0.563048
37 rounds of non-Gaussian ED iteration : ground-state energy is -29.4668 | electron energy -29.4887 + phonon energy 0.0218608 | electron momentum kIdx = 0
Nq = 	16	0.337266	0.357493	0.337266	0.337266	0.357493	0.563183	0.357493	0.357493	0.563183	0.591975	0.563183	0.337266	0.357493	0.563183	0.357493
Sq = 	-9.46438e-18	0.389025	0.563047	0.389025	0.389025	0.563047	0.656176	0.563047	0.563047	0.656176	2.10219	0.656176	0.389025	0.563047	0.656176	0.563047
38 rounds of non-Gaussian ED iteration : ground-state energy is -29.4677 | electron energy -29.4896 + phonon energy 0.0218854 | electron momentum kIdx = 0
Nq = 	16	0.337269	0.357493	0.337269	0.337269	0.357493	0.563186	0.357493	0.357493	0.563186	0.591976	0.563186	0.337269	0.357493	0.563186	0.357493
Sq = 	-2.74432e-18	0.389024	0.563046	0.389024	0.389024	0.563046	0.656175	0.563046	0.563046	0.656175	2.10218	0.656175	0.389024	0.563046	0.656175	0.563046
39 rounds of non-Gaussian ED iteration : ground-state energy is -29.4685 | electron energy -29.4904 + phonon energy 0.0219061 | electron momentum kIdx = 0
Nq = 	16	0.337271	0.357493	0.337271	0.337271	0.357493	0.563188	0.357493	0.357493	0.563188	0.591976	0.563188	0.337271	0.357493	0.563188	0.357493
Sq = 	1.03322e-17	0.389024	0.563046	0.389024	0.389024	0.563046	0.656173	0.563046	0.563046	0.656173	2.10217	0.656173	0.389024	0.563046	0.656173	0.563046
40 rounds of non-Gaussian ED iteration : ground-state energy is -29.469 | electron energy -29.491 + phonon energy 0.0219236 | electron momentum kIdx = 0
Nq = 	16	0.337273	0.357493	0.337273	0.337273	0.357493	0.563189	0.357493	0.357493	0.563189	0.591977	0.563189	0.337273	0.357493	0.563189	0.357493
Sq = 	-2.31691e-18	0.389023	0.563045	0.389023	0.389023	0.563045	0.656173	0.563045	0.563045	0.656173	2.10216	0.656173	0.389023	0.563045	0.656173	0.563045
41 rounds of non-Gaussian ED iteration : ground-state energy is -29.4695 | electron energy -29.4915 + phonon energy 0.0219384 | electron momentum kIdx = 0
Nq = 	16	0.337275	0.357494	0.337275	0.337275	0.357494	0.563191	0.357494	0.357494	0.563191	0.591977	0.563191	0.337275	0.357494	0.563191	0.357494
Sq = 	-1.45236e-17	0.389023	0.563045	0.389023	0.389023	0.563045	0.656172	0.563045	0.563045	0.656172	2.10215	0.656172	0.389023	0.563045	0.656172	0.563045
42 rounds of non-Gaussian ED iteration : ground-state energy is -29.4699 | electron energy -29.4919 + phonon energy 0.0219508 | electron momentum kIdx = 0
Nq = 	16	0.337277	0.357494	0.337277	0.337277	0.357494	0.563192	0.357494	0.357494	0.563192	0.591978	0.563192	0.337277	0.357494	0.563192	0.357494
Sq = 	-1.29951e-18	0.389023	0.563044	0.389023	0.389023	0.563044	0.656171	0.563044	0.563044	0.656171	2.10214	0.656171	0.389023	0.563044	0.656171	0.563044
43 rounds of non-Gaussian ED iteration : ground-state energy is -29.4703 | electron energy -29.4922 + phonon energy 0.0219614 | electron momentum kIdx = 0
Nq = 	16	0.337278	0.357494	0.337278	0.337278	0.357494	0.563193	0.357494	0.357494	0.563193	0.591978	0.563193	0.337278	0.357494	0.563193	0.357494
Sq = 	-1.90444e-17	0.389022	0.563044	0.389022	0.389022	0.563044	0.65617	0.563044	0.563044	0.65617	2.10214	0.65617	0.389022	0.563044	0.65617	0.563044
44 rounds of non-Gaussian ED iteration : ground-state energy is -29.4705 | electron energy -29.4925 + phonon energy 0.0219702 | electron momentum kIdx = 0
Nq = 	16	0.337279	0.357494	0.337279	0.337279	0.357494	0.563194	0.357494	0.357494	0.563194	0.591978	0.563194	0.337279	0.357494	0.563194	0.357494
Sq = 	-4.27535e-19	0.389022	0.563044	0.389022	0.389022	0.563044	0.65617	0.563044	0.563044	0.65617	2.10214	0.65617	0.389022	0.563044	0.65617	0.563044
45 rounds of non-Gaussian ED iteration : ground-state energy is -29.4707 | electron energy -29.4927 + phonon energy 0.0219777 | electron momentum kIdx = 0
Nq = 	16	0.33728	0.357494	0.33728	0.33728	0.357494	0.563195	0.357494	0.357494	0.563195	0.591979	0.563195	0.33728	0.357494	0.563195	0.357494
Sq = 	5.60793e-18	0.389022	0.563043	0.389022	0.389022	0.563043	0.65617	0.563043	0.563043	0.65617	2.10213	0.65617	0.389022	0.563043	0.65617	0.563043
46 rounds of non-Gaussian ED iteration : ground-state energy is -29.4709 | electron energy -29.4929 + phonon energy 0.021984 | electron momentum kIdx = 0
Nq = 	16	0.337281	0.357494	0.337281	0.337281	0.357494	0.563196	0.357494	0.357494	0.563196	0.591979	0.563196	0.337281	0.357494	0.563196	0.357494
Sq = 	2.30482e-18	0.389022	0.563043	0.389022	0.389022	0.563043	0.656169	0.563043	0.563043	0.656169	2.10213	0.656169	0.389022	0.563043	0.656169	0.563043
47 rounds of non-Gaussian ED iteration : ground-state energy is -29.4711 | electron energy -29.4931 + phonon energy 0.0219893 | electron momentum kIdx = 0
Nq = 	16	0.337281	0.357494	0.337281	0.337281	0.357494	0.563196	0.357494	0.357494	0.563196	0.591979	0.563196	0.337281	0.357494	0.563196	0.357494
Sq = 	9.63846e-18	0.389022	0.563043	0.389022	0.389022	0.563043	0.656169	0.563043	0.563043	0.656169	2.10213	0.656169	0.389022	0.563043	0.656169	0.563043
48 rounds of non-Gaussian ED iteration : ground-state energy is -29.4712 | electron energy -29.4932 + phonon energy 0.0219938 | electron momentum kIdx = 0
Nq = 	16	0.337282	0.357494	0.337282	0.337282	0.357494	0.563197	0.357494	0.357494	0.563197	0.591979	0.563197	0.337282	0.357494	0.563197	0.357494
Sq = 	1.20646e-17	0.389021	0.563043	0.389021	0.389021	0.563043	0.656169	0.563043	0.563043	0.656169	2.10212	0.656169	0.389021	0.563043	0.656169	0.563043
49 rounds of non-Gaussian ED iteration : ground-state energy is -29.4713 | electron energy -29.4933 + phonon energy 0.0219976 | electron momentum kIdx = 0
Nq = 	16	0.337282	0.357494	0.337282	0.337282	0.357494	0.563197	0.357494	0.357494	0.563197	0.591979	0.563197	0.337282	0.357494	0.563197	0.357494
Sq = 	-2.13578e-18	0.389021	0.563043	0.389021	0.389021	0.563043	0.656168	0.563043	0.563043	0.656168	2.10212	0.656168	0.389021	0.563043	0.656168	0.563043
50 rounds of non-Gaussian ED iteration : ground-state energy is -29.4714 | electron energy -29.4934 + phonon energy 0.0220007 | electron momentum kIdx = 0
Nq = 	16	0.337283	0.357494	0.337283	0.337283	0.357494	0.563197	0.357494	0.357494	0.563197	0.591979	0.563197	0.337283	0.357494	0.563197	0.357494
Sq = 	-4.3059e-18	0.389021	0.563043	0.389021	0.389021	0.563043	0.656168	0.563043	0.563043	0.656168	2.10212	0.656168	0.389021	0.563043	0.656168	0.563043
51 rounds of non-Gaussian ED iteration : ground-state energy is -29.4714 | electron energy -29.4934 + phonon energy 0.0220034 | electron momentum kIdx = 0
Nq = 	16	0.337283	0.357494	0.337283	0.337283	0.357494	0.563198	0.357494	0.357494	0.563198	0.59198	0.563198	0.337283	0.357494	0.563198	0.357494
Sq = 	-7.7592e-18	0.389021	0.563043	0.389021	0.389021	0.563043	0.656168	0.563043	0.563043	0.656168	2.10212	0.656168	0.389021	0.563043	0.656168	0.563043
52 rounds of non-Gaussian ED iteration : ground-state energy is -29.4715 | electron energy -29.4935 + phonon energy 0.0220057 | electron momentum kIdx = 0
Nq = 	16	0.337283	0.357494	0.337283	0.337283	0.357494	0.563198	0.357494	0.357494	0.563198	0.59198	0.563198	0.337283	0.357494	0.563198	0.357494
Sq = 	-6.04023e-18	0.389021	0.563042	0.389021	0.389021	0.563042	0.656168	0.563042	0.563042	0.656168	2.10212	0.656168	0.389021	0.563042	0.656168	0.563042
53 rounds of non-Gaussian ED iteration : ground-state energy is -29.4715 | electron energy -29.4935 + phonon energy 0.0220076 | electron momentum kIdx = 0
Nq = 	16	0.337284	0.357494	0.337284	0.337284	0.357494	0.563198	0.357494	0.357494	0.563198	0.59198	0.563198	0.337284	0.357494	0.563198	0.357494
Sq = 	-1.63889e-17	0.389021	0.563042	0.389021	0.389021	0.563042	0.656168	0.563042	0.563042	0.656168	2.10212	0.656168	0.389021	0.563042	0.656168	0.563042
54 rounds of non-Gaussian ED iteration : ground-state energy is -29.4716 | electron energy -29.4936 + phonon energy 0.0220092 | electron momentum kIdx = 0
Nq = 	16	0.337284	0.357494	0.337284	0.337284	0.357494	0.563198	0.357494	0.357494	0.563198	0.59198	0.563198	0.337284	0.357494	0.563198	0.357494
Sq = 	-8.19414e-18	0.389021	0.563042	0.389021	0.389021	0.563042	0.656168	0.563042	0.563042	0.656168	2.10212	0.656168	0.389021	0.563042	0.656168	0.563042
55 rounds of non-Gaussian ED iteration : ground-state energy is -29.4716 | electron energy -29.4936 + phonon energy 0.0220106 | electron momentum kIdx = 0
Nq = 	16	0.337284	0.357494	0.337284	0.337284	0.357494	0.563198	0.357494	0.357494	0.563198	0.59198	0.563198	0.337284	0.357494	0.563198	0.357494
Sq = 	5.14581e-18	0.389021	0.563042	0.389021	0.389021	0.563042	0.656168	0.563042	0.563042	0.656168	2.10212	0.656168	0.389021	0.563042	0.656168	0.563042
56 rounds of non-Gaussian ED iteration : ground-state energy is -29.4716 | electron energy -29.4936 + phonon energy 0.0220117 | electron momentum kIdx = 0
Nq = 	16	0.337284	0.357494	0.337284	0.337284	0.357494	0.563198	0.357494	0.357494	0.563198	0.59198	0.563198	0.337284	0.357494	0.563198	0.357494
Sq = 	-1.57657e-18	0.389021	0.563042	0.389021	0.389021	0.563042	0.656168	0.563042	0.563042	0.656168	2.10212	0.656168	0.389021	0.563042	0.656168	0.563042
57 rounds of non-Gaussian ED iteration : ground-state energy is -29.4716 | electron energy -29.4937 + phonon energy 0.0220127 | electron momentum kIdx = 0
Nq = 	16	0.337284	0.357494	0.337284	0.337284	0.357494	0.563199	0.357494	0.357494	0.563199	0.59198	0.563199	0.337284	0.357494	0.563199	0.357494
Sq = 	2.31605e-18	0.389021	0.563042	0.389021	0.389021	0.563042	0.656168	0.563042	0.563042	0.656168	2.10211	0.656168	0.389021	0.563042	0.656168	0.563042
58 rounds of non-Gaussian ED iteration : ground-state energy is -29.4717 | electron energy -29.4937 + phonon energy 0.0220135 | electron momentum kIdx = 0
Nq = 	16	0.337284	0.357494	0.337284	0.337284	0.357494	0.563199	0.357494	0.357494	0.563199	0.59198	0.563199	0.337284	0.357494	0.563199	0.357494
Sq = 	-3.12679e-18	0.389021	0.563042	0.389021	0.389021	0.563042	0.656168	0.563042	0.563042	0.656168	2.10211	0.656168	0.389021	0.563042	0.656168	0.563042
59 rounds of non-Gaussian ED iteration : ground-state energy is -29.4717 | electron energy -29.4937 + phonon energy 0.0220142 | electron momentum kIdx = 0
Nq = 	16	0.337284	0.357494	0.337284	0.337284	0.357494	0.563199	0.357494	0.357494	0.563199	0.59198	0.563199	0.337284	0.357494	0.563199	0.357494
Sq = 	-5.43814e-19	0.389021	0.563042	0.389021	0.389021	0.563042	0.656168	0.563042	0.563042	0.656168	2.10211	0.656168	0.389021	0.563042	0.656168	0.563042
60 rounds of non-Gaussian ED iteration : ground-state energy is -29.4717 | electron energy -29.4937 + phonon energy 0.0220148 | electron momentum kIdx = 0
Nq = 	16	0.337285	0.357494	0.337285	0.337285	0.357494	0.563199	0.357494	0.357494	0.563199	0.59198	0.563199	0.337285	0.357494	0.563199	0.357494
Sq = 	-9.46707e-18	0.389021	0.563042	0.389021	0.389021	0.563042	0.656168	0.563042	0.563042	0.656168	2.10211	0.656168	0.389021	0.563042	0.656168	0.563042
61 rounds of non-Gaussian ED iteration : ground-state energy is -29.4717 | electron energy -29.4937 + phonon energy 0.0220153 | electron momentum kIdx = 0
Nq = 	16	0.337285	0.357494	0.337285	0.337285	0.357494	0.563199	0.357494	0.357495	0.563199	0.59198	0.563199	0.337285	0.357494	0.563199	0.357494
Sq = 	8.62249e-18	0.389021	0.563042	0.389021	0.389021	0.563042	0.656167	0.563042	0.563042	0.656168	2.10211	0.656168	0.389021	0.563042	0.656167	0.563042
62 rounds of non-Gaussian ED iteration : ground-state energy is -29.4717 | electron energy -29.4937 + phonon energy 0.0220157 | electron momentum kIdx = 0
Nq = 	16	0.337285	0.357495	0.337285	0.337285	0.357494	0.563199	0.357494	0.357494	0.563199	0.59198	0.563199	0.337285	0.357494	0.563199	0.357494
Sq = 	-1.79504e-17	0.389021	0.563042	0.389021	0.389021	0.563042	0.656167	0.563042	0.563042	0.656167	2.10211	0.656167	0.389021	0.563042	0.656167	0.563042
63 rounds of non-Gaussian ED iteration : ground-state energy is -29.4717 | electron energy -29.4937 + phonon energy 0.022016 | electron momentum kIdx = 0
Nq = 	16	0.337285	0.357495	0.337285	0.337285	0.357494	0.563199	0.357494	0.357494	0.563199	0.59198	0.563199	0.337285	0.357494	0.563199	0.357494
Sq = 	-1.04828e-17	0.389021	0.563042	0.389021	0.389021	0.563042	0.656167	0.563042	0.563042	0.656167	2.10211	0.656167	0.389021	0.563042	0.656167	0.563042
64 rounds of non-Gaussian ED iteration : ground-state energy is -29.4717 | electron energy -29.4937 + phonon energy 0.0220163 | electron momentum kIdx = 0
Nq = 	16	0.337285	0.357495	0.337285	0.337285	0.357495	0.563199	0.357495	0.357495	0.563199	0.59198	0.563199	0.337285	0.357495	0.563199	0.357495
Sq = 	-3.74289e-18	0.389021	0.563042	0.389021	0.389021	0.563042	0.656167	0.563042	0.563042	0.656167	2.10211	0.656167	0.389021	0.563042	0.656167	0.563042
65 rounds of non-Gaussian ED iteration : ground-state energy is -29.4717 | electron energy -29.4937 + phonon energy 0.0220166 | electron momentum kIdx = 0
Nq = 	16	0.337285	0.357495	0.337285	0.337285	0.357495	0.563199	0.357495	0.357494	0.563199	0.59198	0.563199	0.337285	0.357495	0.563199	0.357495
Sq = 	-5.00859e-18	0.389021	0.563042	0.389021	0.389021	0.563042	0.656167	0.563042	0.563042	0.656167	2.10211	0.656167	0.389021	0.563042	0.656167	0.563042
66 rounds of non-Gaussian ED iteration : ground-state energy is -29.4717 | electron energy -29.4937 + phonon energy 0.0220168 | electron momentum kIdx = 0
Nq = 	16	0.337285	0.357494	0.337285	0.337285	0.357495	0.563199	0.357495	0.357495	0.563199	0.59198	0.563199	0.337285	0.357495	0.563199	0.357495
Sq = 	1.26438e-17	0.389021	0.563042	0.389021	0.389021	0.563042	0.656167	0.563042	0.563042	0.656167	2.10211	0.656167	0.389021	0.563042	0.656167	0.563042
67 rounds of non-Gaussian ED iteration : ground-state energy is -29.4717 | electron energy -29.4937 + phonon energy 0.022017 | electron momentum kIdx = 0
Nq = 	16	0.337285	0.357495	0.337285	0.337285	0.357495	0.563199	0.357495	0.357495	0.563199	0.59198	0.563199	0.337285	0.357495	0.563199	0.357495
Sq = 	6.31103e-18	0.389021	0.563042	0.389021	0.389021	0.563042	0.656167	0.563042	0.563042	0.656167	2.10211	0.656167	0.389021	0.563042	0.656167	0.563042
68 rounds of non-Gaussian ED iteration : ground-state energy is -29.4717 | electron energy -29.4937 + phonon energy 0.0220171 | electron momentum kIdx = 0
Nq = 	16	0.337285	0.357495	0.337285	0.337285	0.357495	0.563199	0.357495	0.357495	0.563199	0.59198	0.563199	0.337285	0.357495	0.563199	0.357495
Sq = 	-2.75735e-18	0.389021	0.563042	0.389021	0.389021	0.563042	0.656167	0.563042	0.563042	0.656167	2.10211	0.656167	0.389021	0.563042	0.656167	0.563042
69 rounds of non-Gaussian ED iteration : ground-state energy is -29.4717 | electron energy -29.4937 + phonon energy 0.0220172 | electron momentum kIdx = 0
Nq = 	16	0.337285	0.357495	0.337285	0.337285	0.357495	0.563199	0.357495	0.357495	0.563199	0.59198	0.563199	0.337285	0.357495	0.563199	0.357495
Sq = 	-1.35253e-17	0.389021	0.563042	0.389021	0.389021	0.563042	0.656167	0.563042	0.563042	0.656167	2.10211	0.656167	0.389021	0.563042	0.656167	0.563042
70 rounds of non-Gaussian ED iteration : ground-state energy is -29.4717 | electron energy -29.4937 + phonon energy 0.0220173 | electron momentum kIdx = 0
Nq = 	16	0.337285	0.357494	0.337285	0.337285	0.357495	0.563199	0.357495	0.357495	0.563199	0.59198	0.563199	0.337285	0.357495	0.563199	0.357495
Sq = 	-1.56046e-18	0.389021	0.563042	0.389021	0.389021	0.563042	0.656167	0.563042	0.563042	0.656167	2.10211	0.656167	0.389021	0.563042	0.656167	0.563042
71 rounds of non-Gaussian ED iteration : ground-state energy is -29.4717 | electron energy -29.4937 + phonon energy 0.0220174 | electron momentum kIdx = 0
Nq = 	16	0.337285	0.357495	0.337285	0.337285	0.357495	0.563199	0.357495	0.357495	0.563199	0.59198	0.563199	0.337285	0.357495	0.563199	0.357495
Sq = 	1.85069e-18	0.389021	0.563042	0.389021	0.389021	0.563042	0.656167	0.563042	0.563042	0.656167	2.10211	0.656167	0.389021	0.563042	0.656167	0.563042
Ground state is obtained after 72 iterations. The current ground-state energy is -29.4717, in which electron energy is -29.4937 and phonon energy is 0.0220175
o___o  -------------------------------------
| L |	Time since last clock: 6h 10m 20.41s
A===A	Time since the beginning: 6h 10m 20.41s
********************************************

************************************************************************************
