SNEDics v3.4 Non-Gaussian ED ground state program		Start at Sat Oct  5 18:05:51 2019

parallized on 16 MPI threads  * 8 OpenMP threads = 128 total threads.
********************************************************************************************************************
********************************************************************************************************************

********************************************************************************************************************
System parameters and configurations
********************************************************************************************************************
Special program options are enabled: splitted diagonal Hamiltonian
********************************************************************************************************************
Read input file "model_params.in"
	Hubbard-Holstein model parameters : 	t = 1    U = 1    g = 0.1414    W = 0.2    t' = -0.3    
********************************************************************************************************************
Read input file "hilbertspace_params.in"
	Requested 16-site 2D lattice, with 14 electrons (7, 7)
	Boundary : Periodic		Hilbert space representation : momentum-space (restricted to kIdx = 0)
	Conservation: particle number[U(1)]      spin[U(1)]     momentum
********************************************************************************************************************

Cluster Positions:				Cluster symmetry group : D4
 x ... x ... x ... x .....                       x ... x ... x ... x .....
 |           |           :                       |           |           :
 |           |           :                       |           |           :
12    13    14    15     x                       1     5     6     5     x
 |           |           :                       |           |           :
 |           |           :                       |           |           :
 8 --- 9 ---10 ---11 --- x                       2 --- 6 ---10 --- 6 --- x
 |           |           :                       |           |           :
 |           |           :                       |           |           :
 4     5     6     7     x                       1     5     6     5     x
 |           |           :                       |           |           :
 |           |           :                       |           |           :
 0 --- 1 --- 2 --- 3 --- x                       0 --- 1 --- 2 --- 1 --- x
orbital number : 1
********************************************************************************************************************
Read input file "obs_params.in"
	Observable Type : Nq(All),   Sq(All),   N(All),   Delta[s](All),   Delta[d](All),   Delta[s+](All)
********************************************************************************************************************
** WARNING ** the input observables have non-local factors which have been reinterpreted. The total observable number is 96
********************************************************************************************************************


********************************************************************************************************************
Start calculating the non-Gaussian ED ground state
** WARNING ** Detected low phonon energy W < 10. The initial state will be prepared through a warm-up process.
********************************************************************************************************************
Start warm-up calculation for scaling factor 64
open output files: NGSEDWarmUpW12Obs.txt
********************************************************************************************************************
Start the 0 rounds of NGS-ED iteration
	effective electronic model is modified as: kinetic energy t = 1, t' = -0.3
	                                           effective interaction Vq = [-0,-0,-0,-0,-0,-0,-0,-0,-0,-0,-0,-0,-0,-0,-0,-0]
	first Hamiltonian is constructed, non-zero numbers = 2180116564
	PARPACK diagonalization completed after 60 matrix-vector product operations.
	iteration results: : total energy is -23.526541 | electron energy -23.526541 + phonon energy 0.000000 | electron momentum kIdx = 0
	Nq(0) = 12.25,	Nq(1) = 0.344796,	Nq(2) = 0.360944,	Nq(3) = 0.344796,	Nq(4) = 0.344796,	Nq(5) = 0.543349,	Nq(6) = 0.56706,	Nq(7) = 0.543349,	Nq(8) = 0.360944,	Nq(9) = 0.56706,	Nq(10) = 0.582182,	Nq(11) = 0.56706,	Nq(12) = 0.344796,	Nq(13) = 0.543349,	Nq(14) = 0.56706,	Nq(15) = 0.543349,	Sq(0) = 8.15243e-17,	Sq(1) = 0.402159,	Sq(2) = 0.387989,	Sq(3) = 0.402159,	Sq(4) = 0.402159,	Sq(5) = 0.711452,	Sq(6) = 0.682041,	Sq(7) = 0.711452,	Sq(8) = 0.387989,	Sq(9) = 0.682041,	Sq(10) = 0.666522,	Sq(11) = 0.682041,	Sq(12) = 0.402159,	Sq(13) = 0.711452,	Sq(14) = 0.682041,	Sq(15) = 0.711452,	N(0) = 1.99124,	N(1) = 1.99168,	N(2) = 1.98201,	N(3) = 1.99168,	N(4) = 1.99168,	N(5) = 0.0138537,	N(6) = 0.0051492,	N(7) = 0.0138537,	N(8) = 1.98201,	N(9) = 0.0051492,	N(10) = 0.00202298,	N(11) = 0.0051492,	N(12) = 1.99168,	N(13) = 0.0138537,	N(14) = 0.0051492,	N(15) = 0.0138537,	Delta[s](0) = 0.351802,	Delta[s](1) = 0.22203,	Delta[s](2) = 0.211566,	Delta[s](3) = 0.22203,	Delta[s](4) = 0.22203,	Delta[s](5) = 0.117974,	Delta[s](6) = 0.113072,	Delta[s](7) = 0.117974,	Delta[s](8) = 0.211566,	Delta[s](9) = 0.113072,	Delta[s](10) = 0.100206,	Delta[s](11) = 0.113072,	Delta[s](12) = 0.22203,	Delta[s](13) = 0.117974,	Delta[s](14) = 0.113072,	Delta[s](15) = 0.117974,	Delta[d](0) = 0.735603,	Delta[d](1) = 0.362742,	Delta[d](2) = 0.379024,	Delta[d](3) = 0.362742,	Delta[d](4) = 0.362742,	Delta[d](5) = 0.128806,	Delta[d](6) = 0.313343,	Delta[d](7) = 0.128806,	Delta[d](8) = 0.379024,	Delta[d](9) = 0.313343,	Delta[d](10) = 0.491248,	Delta[d](11) = 0.313343,	Delta[d](12) = 0.362742,	Delta[d](13) = 0.128806,	Delta[d](14) = 0.313343,	Delta[d](15) = 0.128806,	Delta[s+](0) = 0.523859,	Delta[s+](1) = 0.390125,	Delta[s+](2) = 0.379024,	Delta[s+](3) = 0.390125,	Delta[s+](4) = 0.390125,	Delta[s+](5) = 0.133751,	Delta[s+](6) = 0.0666544,	Delta[s+](7) = 0.133751,	Delta[s+](8) = 0.379024,	Delta[s+](9) = 0.0666544,	Delta[s+](10) = 0.00117879,	Delta[s+](11) = 0.0666544,	Delta[s+](12) = 0.390125,	Delta[s+](13) = 0.133751,	Delta[s+](14) = 0.0666544,	Delta[s+](15) = 0.133751
The 0-th iteration is completed.	|| time cost : 0h 6m 33.24s
********************************************************************************************************************
Start the 1 rounds of NGS-ED iteration
	effective electronic model is modified as: kinetic energy t = 0.99604, t' = -0.298823
	                                           effective interaction Vq = [-0.0922417,-0.0915583,-0.0909267,-0.0915583,-0.0915583,-0.0918122,-0.0918324,-0.0918122,-0.0909267,-0.0918324,-0.0922494,-0.0918324,-0.0915583,-0.0918122,-0.0918324,-0.0918122]
	PARPACK diagonalization completed after 30 matrix-vector product operations.
	iteration results: : total energy is -25.212167 | electron energy -25.212191 + phonon energy 0.000024 | electron momentum kIdx = 0
The 1-th iteration is completed.	|| time cost : 0h 5m 38.224s
********************************************************************************************************************
Start the 2 rounds of NGS-ED iteration
	effective electronic model is modified as: kinetic energy t = 0.993629, t' = -0.298116
	                                           effective interaction Vq = [-0.0993724,-0.0989572,-0.0984973,-0.0989572,-0.0989572,-0.0991233, -0.099134,-0.0991233,-0.0984973, -0.099134, -0.099376, -0.099134,-0.0989572,-0.0991233, -0.099134,-0.0991233]
	PARPACK diagonalization completed after 30 matrix-vector product operations.
	iteration results: : total energy is -25.289473 | electron energy -25.289598 + phonon energy 0.000126 | electron momentum kIdx = 0
The 2-th iteration is completed.	|| time cost : 0h 0m 22.537s
********************************************************************************************************************
Start the 3 rounds of NGS-ED iteration
	effective electronic model is modified as: kinetic energy t = 0.992884, t' = -0.2979
	                                           effective interaction Vq = [-0.0999236,-0.0997186,-0.0994021,-0.0997186,-0.0997186, -0.099813,-0.0998182, -0.099813,-0.0994021,-0.0998182,-0.0999243,-0.0998182,-0.0997186, -0.099813,-0.0998182, -0.099813]
	PARPACK diagonalization completed after 30 matrix-vector product operations.
	iteration results: : total energy is -25.281817 | electron energy -25.282008 + phonon energy 0.000191 | electron momentum kIdx = 0
The 3-th iteration is completed.	|| time cost : 0h 0m 22.529s
********************************************************************************************************************
Start the 4 rounds of NGS-ED iteration
	effective electronic model is modified as: kinetic energy t = 0.992677, t' = -0.297841
	                                           effective interaction Vq = [-0.0999662,-0.0998354,-0.0995659,-0.0998354,-0.0998354,-0.0999052,-0.0999086,-0.0999052,-0.0995659,-0.0999086,-0.0999663,-0.0999086,-0.0998354,-0.0999052,-0.0999086,-0.0999052]
	PARPACK diagonalization completed after 30 matrix-vector product operations.
	iteration results: : total energy is -25.277610 | electron energy -25.277824 + phonon energy 0.000214 | electron momentum kIdx = 0
The 4-th iteration is completed.	|| time cost : 0h 0m 23.676s
********************************************************************************************************************
Start the 5 rounds of NGS-ED iteration
	effective electronic model is modified as: kinetic energy t = 0.99262, t' = -0.297825
	                                           effective interaction Vq = [-0.0999695,-0.0998604,-0.0996034,-0.0998604,-0.0998604,-0.0999232,-0.0999261,-0.0999232,-0.0996034,-0.0999261,-0.0999695,-0.0999261,-0.0998604,-0.0999232,-0.0999261,-0.0999232]
	PARPACK diagonalization completed after 30 matrix-vector product operations.
	iteration results: : total energy is -25.276315 | electron energy -25.276536 + phonon energy 0.000221 | electron momentum kIdx = 0
The 5-th iteration is completed.	|| time cost : 0h 0m 22.685s
********************************************************************************************************************
Start the 6 rounds of NGS-ED iteration
	effective electronic model is modified as: kinetic energy t = 0.992605, t' = -0.297821
	                                           effective interaction Vq = [-0.0999698,-0.0998666,-0.0996127,-0.0998666,-0.0998666,-0.0999275,-0.0999303,-0.0999275,-0.0996127,-0.0999303,-0.0999698,-0.0999303,-0.0998666,-0.0999275,-0.0999303,-0.0999275]
	PARPACK diagonalization completed after 30 matrix-vector product operations.
	iteration results: : total energy is -25.275954 | electron energy -25.276176 + phonon energy 0.000223 | electron momentum kIdx = 0
	Nq(0) = 12.25,	Nq(1) = 0.35069,	Nq(2) = 0.363573,	Nq(3) = 0.35069,	Nq(4) = 0.35069,	Nq(5) = 0.558527,	Nq(6) = 0.578224,	Nq(7) = 0.558527,	Nq(8) = 0.363573,	Nq(9) = 0.578224,	Nq(10) = 0.590573,	Nq(11) = 0.578224,	Nq(12) = 0.35069,	Nq(13) = 0.558527,	Nq(14) = 0.578224,	Nq(15) = 0.558527,	Sq(0) = 8.21724e-17,	Sq(1) = 0.397346,	Sq(2) = 0.385769,	Sq(3) = 0.397346,	Sq(4) = 0.397346,	Sq(5) = 0.694596,	Sq(6) = 0.671158,	Sq(7) = 0.694596,	Sq(8) = 0.385769,	Sq(9) = 0.671158,	Sq(10) = 0.658584,	Sq(11) = 0.671158,	Sq(12) = 0.397346,	Sq(13) = 0.694596,	Sq(14) = 0.671158,	Sq(15) = 0.694596,	N(0) = 1.99428,	N(1) = 1.99454,	N(2) = 1.9882,	N(3) = 1.99454,	N(4) = 1.99454,	N(5) = 0.00911507,	N(6) = 0.00334817,	N(7) = 0.00911507,	N(8) = 1.9882,	N(9) = 0.00334817,	N(10) = 0.00131383,	N(11) = 0.00334817,	N(12) = 1.99454,	N(13) = 0.00911507,	N(14) = 0.00334817,	N(15) = 0.00911507,	Delta[s](0) = 0.363296,	Delta[s](1) = 0.226546,	Delta[s](2) = 0.217959,	Delta[s](3) = 0.226546,	Delta[s](4) = 0.226546,	Delta[s](5) = 0.120353,	Delta[s](6) = 0.116473,	Delta[s](7) = 0.120353,	Delta[s](8) = 0.217959,	Delta[s](9) = 0.116473,	Delta[s](10) = 0.106039,	Delta[s](11) = 0.116473,	Delta[s](12) = 0.226546,	Delta[s](13) = 0.120353,	Delta[s](14) = 0.116473,	Delta[s](15) = 0.120353,	Delta[d](0) = 0.736527,	Delta[d](1) = 0.364604,	Delta[d](2) = 0.377795,	Delta[d](3) = 0.364604,	Delta[d](4) = 0.364604,	Delta[d](5) = 0.128378,	Delta[d](6) = 0.31298,	Delta[d](7) = 0.128378,	Delta[d](8) = 0.377795,	Delta[d](9) = 0.31298,	Delta[d](10) = 0.492614,	Delta[d](11) = 0.31298,	Delta[d](12) = 0.364604,	Delta[d](13) = 0.128378,	Delta[d](14) = 0.31298,	Delta[d](15) = 0.128378,	Delta[s+](0) = 0.518512,	Delta[s+](1) = 0.38663,	Delta[s+](2) = 0.377795,	Delta[s+](3) = 0.38663,	Delta[s+](4) = 0.38663,	Delta[s+](5) = 0.132193,	Delta[s+](6) = 0.0663339,	Delta[s+](7) = 0.132193,	Delta[s+](8) = 0.377795,	Delta[s+](9) = 0.0663339,	Delta[s+](10) = 0.00149077,	Delta[s+](11) = 0.0663339,	Delta[s+](12) = 0.38663,	Delta[s+](13) = 0.132193,	Delta[s+](14) = 0.0663339,	Delta[s+](15) = 0.132193
The 6-th iteration is completed.	|| time cost : 0h 3m 31.319s
********************************************************************************************************************
********************************************************************************************************************
Ground state is obtained after 7 iterations. The current ground-state energy is -25.276, in which electron energy is -25.2762 and phonon energy is 0.000222667
final variational state is: 
	Gamma_x = [      1,1.00102,1.00192,1.00102,1.00102,1.00191,1.00278,1.00191,1.00192,1.00278,1.00361,1.00278,1.00102,1.00191,1.00278,1.00191]
	lambda_q = [0.0883636,0.0855584, 0.083111,0.0855584,0.0855584,0.0865829,0.0866439,0.0865829, 0.083111,0.0866439,0.0883639,0.0866439,0.0855584,0.0865829,0.0866439,0.0865829]
********************************************************************************************************************
o___o  ----------------------------------------
| L |	Time since last clock: 0h 0m 0s
A===A	Time since the beginning: 0h 17m 14.214s
***********************************************

********************************************************************************************************************
Start warm-up calculation for scaling factor 32
open output files: NGSEDWarmUpW6Obs.txt
********************************************************************************************************************
Start the 0 rounds of NGS-ED iteration
	effective electronic model is modified as: kinetic energy t = 0.992601, t' = -0.29782
	                                           effective interaction Vq = [-0.0913884,-0.0900232,-0.0887499,-0.0900232,-0.0900232,-0.0905335,-0.0905635,-0.0905335,-0.0887499,-0.0905635,-0.0913886,-0.0905635,-0.0900232,-0.0905335,-0.0905635,-0.0905335]
	PARPACK diagonalization completed after 30 matrix-vector product operations.
	iteration results: : total energy is -25.101477 | electron energy -25.101588 + phonon energy 0.000112 | electron momentum kIdx = 0
	Nq(0) = 12.25,	Nq(1) = 0.350079,	Nq(2) = 0.363241,	Nq(3) = 0.350079,	Nq(4) = 0.350079,	Nq(5) = 0.557033,	Nq(6) = 0.577145,	Nq(7) = 0.557033,	Nq(8) = 0.363241,	Nq(9) = 0.577145,	Nq(10) = 0.589882,	Nq(11) = 0.577145,	Nq(12) = 0.350079,	Nq(13) = 0.557033,	Nq(14) = 0.577145,	Nq(15) = 0.557033,	Sq(0) = -1.36202e-17,	Sq(1) = 0.397832,	Sq(2) = 0.386,	Sq(3) = 0.397832,	Sq(4) = 0.397832,	Sq(5) = 0.696244,	Sq(6) = 0.672235,	Sq(7) = 0.696244,	Sq(8) = 0.386,	Sq(9) = 0.672235,	Sq(10) = 0.65937,	Sq(11) = 0.672235,	Sq(12) = 0.397832,	Sq(13) = 0.696244,	Sq(14) = 0.672235,	Sq(15) = 0.696244,	N(0) = 1.99401,	N(1) = 1.99428,	N(2) = 1.98765,	N(3) = 1.99428,	N(4) = 1.99428,	N(5) = 0.00953939,	N(6) = 0.00350821,	N(7) = 0.00953939,	N(8) = 1.98765,	N(9) = 0.00350821,	N(10) = 0.00137751,	N(11) = 0.00350821,	N(12) = 1.99428,	N(13) = 0.00953939,	N(14) = 0.00350821,	N(15) = 0.00953939,	Delta[s](0) = 0.359606,	Delta[s](1) = 0.225378,	Delta[s](2) = 0.216713,	Delta[s](3) = 0.225378,	Delta[s](4) = 0.225378,	Delta[s](5) = 0.120815,	Delta[s](6) = 0.116884,	Delta[s](7) = 0.120815,	Delta[s](8) = 0.216713,	Delta[s](9) = 0.116884,	Delta[s](10) = 0.106353,	Delta[s](11) = 0.116884,	Delta[s](12) = 0.225378,	Delta[s](13) = 0.120815,	Delta[s](14) = 0.116884,	Delta[s](15) = 0.120815,	Delta[d](0) = 0.733699,	Delta[d](1) = 0.363708,	Delta[d](2) = 0.377208,	Delta[d](3) = 0.363708,	Delta[d](4) = 0.363708,	Delta[d](5) = 0.129002,	Delta[d](6) = 0.312651,	Delta[d](7) = 0.129002,	Delta[d](8) = 0.377208,	Delta[d](9) = 0.312651,	Delta[d](10) = 0.491381,	Delta[d](11) = 0.312651,	Delta[d](12) = 0.363708,	Delta[d](13) = 0.129002,	Delta[d](14) = 0.312651,	Delta[d](15) = 0.129002,	Delta[s+](0) = 0.518035,	Delta[s+](1) = 0.386263,	Delta[s+](2) = 0.377208,	Delta[s+](3) = 0.386263,	Delta[s+](4) = 0.386263,	Delta[s+](5) = 0.132578,	Delta[s+](6) = 0.066807,	Delta[s+](7) = 0.132578,	Delta[s+](8) = 0.377208,	Delta[s+](9) = 0.066807,	Delta[s+](10) = 0.00194637,	Delta[s+](11) = 0.066807,	Delta[s+](12) = 0.386263,	Delta[s+](13) = 0.132578,	Delta[s+](14) = 0.066807,	Delta[s+](15) = 0.132578
The 0-th iteration is completed.	|| time cost : 0h 3m 21.767s
********************************************************************************************************************
Start the 1 rounds of NGS-ED iteration
	effective electronic model is modified as: kinetic energy t = 0.989614, t' = -0.296957
	                                           effective interaction Vq = [-0.0975839,-0.0963697,-0.0951197,-0.0963697,-0.0963697,-0.0968471,-0.0968794,-0.0968471,-0.0951197,-0.0968794,-0.0976013,-0.0968794,-0.0963697,-0.0968471,-0.0968794,-0.0968471]
	PARPACK diagonalization completed after 30 matrix-vector product operations.
	iteration results: : total energy is -25.144614 | electron energy -25.145105 + phonon energy 0.000491 | electron momentum kIdx = 0
The 1-th iteration is completed.	|| time cost : 0h 0m 22.423s
********************************************************************************************************************
Start the 2 rounds of NGS-ED iteration
	effective electronic model is modified as: kinetic energy t = 0.9879, t' = -0.296468
	                                           effective interaction Vq = [-0.0993064,-0.0983785,-0.0972703,-0.0983785,-0.0983785, -0.098767,-0.0987927, -0.098767,-0.0972703,-0.0987927,-0.0993189,-0.0987927,-0.0983785, -0.098767,-0.0987927, -0.098767]
	PARPACK diagonalization completed after 30 matrix-vector product operations.
	iteration results: : total energy is -25.134579 | electron energy -25.135472 + phonon energy 0.000893 | electron momentum kIdx = 0
The 2-th iteration is completed.	|| time cost : 0h 0m 22.714s
********************************************************************************************************************
Start the 3 rounds of NGS-ED iteration
	effective electronic model is modified as: kinetic energy t = 0.986977, t' = -0.296207
	                                           effective interaction Vq = [-0.0997854,-0.0990866,-0.0980913,-0.0990866,-0.0990866,-0.0994032,-0.0994228,-0.0994032,-0.0980913,-0.0994228,-0.0997914,-0.0994228,-0.0990866,-0.0994032,-0.0994228,-0.0994032]
	PARPACK diagonalization completed after 30 matrix-vector product operations.
	iteration results: : total energy is -25.120774 | electron energy -25.121965 + phonon energy 0.001191 | electron momentum kIdx = 0
The 3-th iteration is completed.	|| time cost : 0h 0m 22.564s
********************************************************************************************************************
Start the 4 rounds of NGS-ED iteration
	effective electronic model is modified as: kinetic energy t = 0.986494, t' = -0.296073
	                                           effective interaction Vq = [-0.0999185,-0.0993659,-0.0984374,-0.0993659,-0.0993659,-0.0996376,-0.0996532,-0.0996376,-0.0984374,-0.0996532, -0.099921,-0.0996532,-0.0993659,-0.0996376,-0.0996532,-0.0996376]
	PARPACK diagonalization completed after 30 matrix-vector product operations.
	iteration results: : total energy is -25.111375 | electron energy -25.112753 + phonon energy 0.001377 | electron momentum kIdx = 0
The 4-th iteration is completed.	|| time cost : 0h 0m 22.567s
********************************************************************************************************************
Start the 5 rounds of NGS-ED iteration
	effective electronic model is modified as: kinetic energy t = 0.986244, t' = -0.296004
	                                           effective interaction Vq = [-0.0999555,-0.0994869,-0.0985931,-0.0994869,-0.0994869,-0.0997335,-0.0997469,-0.0997335,-0.0985931,-0.0997469,-0.0999565,-0.0997469,-0.0994869,-0.0997335,-0.0997469,-0.0997335]
	PARPACK diagonalization completed after 30 matrix-vector product operations.
	iteration results: : total energy is -25.105939 | electron energy -25.107423 + phonon energy 0.001484 | electron momentum kIdx = 0
The 5-th iteration is completed.	|| time cost : 0h 0m 22.576s
********************************************************************************************************************
Start the 6 rounds of NGS-ED iteration
	effective electronic model is modified as: kinetic energy t = 0.986115, t' = -0.295969
	                                           effective interaction Vq = [-0.0999658,-0.0995429, -0.098666,-0.0995429,-0.0995429,-0.0997764,-0.0997886,-0.0997764, -0.098666,-0.0997886,-0.0999662,-0.0997886,-0.0995429,-0.0997764,-0.0997886,-0.0997764]
	PARPACK diagonalization completed after 30 matrix-vector product operations.
	iteration results: : total energy is -25.102991 | electron energy -25.104533 + phonon energy 0.001542 | electron momentum kIdx = 0
The 6-th iteration is completed.	|| time cost : 0h 0m 22.465s
********************************************************************************************************************
Start the 7 rounds of NGS-ED iteration
	effective electronic model is modified as: kinetic energy t = 0.98605, t' = -0.295951
	                                           effective interaction Vq = [-0.0999687,-0.0995699,-0.0987007,-0.0995699,-0.0995699,-0.0997966,-0.0998082,-0.0997966,-0.0987007,-0.0998082,-0.0999688,-0.0998082,-0.0995699,-0.0997966,-0.0998082,-0.0997966]
	PARPACK diagonalization completed after 30 matrix-vector product operations.
	iteration results: : total energy is -25.101438 | electron energy -25.103011 + phonon energy 0.001573 | electron momentum kIdx = 0
The 7-th iteration is completed.	|| time cost : 0h 0m 22.602s
********************************************************************************************************************
Start the 8 rounds of NGS-ED iteration
	effective electronic model is modified as: kinetic energy t = 0.986016, t' = -0.295942
	                                           effective interaction Vq = [-0.0999695,-0.0995833,-0.0987175,-0.0995833,-0.0995833,-0.0998066,-0.0998178,-0.0998066,-0.0987175,-0.0998178,-0.0999695,-0.0998178,-0.0995833,-0.0998066,-0.0998178,-0.0998066]
	PARPACK diagonalization completed after 30 matrix-vector product operations.
	iteration results: : total energy is -25.100632 | electron energy -25.102221 + phonon energy 0.001589 | electron momentum kIdx = 0
	Nq(0) = 12.25,	Nq(1) = 0.350507,	Nq(2) = 0.363459,	Nq(3) = 0.350507,	Nq(4) = 0.350507,	Nq(5) = 0.55809,	Nq(6) = 0.577907,	Nq(7) = 0.55809,	Nq(8) = 0.363459,	Nq(9) = 0.577907,	Nq(10) = 0.590356,	Nq(11) = 0.577907,	Nq(12) = 0.350507,	Nq(13) = 0.55809,	Nq(14) = 0.577907,	Nq(15) = 0.55809,	Sq(0) = -1.37257e-17,	Sq(1) = 0.39749,	Sq(2) = 0.385842,	Sq(3) = 0.39749,	Sq(4) = 0.39749,	Sq(5) = 0.69508,	Sq(6) = 0.671481,	Sq(7) = 0.69508,	Sq(8) = 0.385842,	Sq(9) = 0.671481,	Sq(10) = 0.658826,	Sq(11) = 0.671481,	Sq(12) = 0.39749,	Sq(13) = 0.69508,	Sq(14) = 0.671481,	Sq(15) = 0.69508,	N(0) = 1.9942,	N(1) = 1.99446,	N(2) = 1.98804,	N(3) = 1.99446,	N(4) = 1.99446,	N(5) = 0.00923813,	N(6) = 0.0033958,	N(7) = 0.00923813,	N(8) = 1.98804,	N(9) = 0.0033958,	N(10) = 0.00133303,	N(11) = 0.0033958,	N(12) = 1.99446,	N(13) = 0.00923813,	N(14) = 0.0033958,	N(15) = 0.00923813,	Delta[s](0) = 0.357863,	Delta[s](1) = 0.224963,	Delta[s](2) = 0.216535,	Delta[s](3) = 0.224963,	Delta[s](4) = 0.224963,	Delta[s](5) = 0.121681,	Delta[s](6) = 0.117871,	Delta[s](7) = 0.121681,	Delta[s](8) = 0.216535,	Delta[s](9) = 0.117871,	Delta[s](10) = 0.107651,	Delta[s](11) = 0.117871,	Delta[s](12) = 0.224963,	Delta[s](13) = 0.121681,	Delta[s](14) = 0.117871,	Delta[s](15) = 0.121681,	Delta[d](0) = 0.730937,	Delta[d](1) = 0.363094,	Delta[d](2) = 0.376369,	Delta[d](3) = 0.363094,	Delta[d](4) = 0.363094,	Delta[d](5) = 0.129575,	Delta[d](6) = 0.312245,	Delta[d](7) = 0.129575,	Delta[d](8) = 0.376369,	Delta[d](9) = 0.312245,	Delta[d](10) = 0.490328,	Delta[d](11) = 0.312245,	Delta[d](12) = 0.363094,	Delta[d](13) = 0.129575,	Delta[d](14) = 0.312245,	Delta[d](15) = 0.129575,	Delta[s+](0) = 0.51662,	Delta[s+](1) = 0.385293,	Delta[s+](2) = 0.376369,	Delta[s+](3) = 0.385293,	Delta[s+](4) = 0.385293,	Delta[s+](5) = 0.132716,	Delta[s+](6) = 0.067219,	Delta[s+](7) = 0.132716,	Delta[s+](8) = 0.376369,	Delta[s+](9) = 0.067219,	Delta[s+](10) = 0.00244227,	Delta[s+](11) = 0.067219,	Delta[s+](12) = 0.385293,	Delta[s+](13) = 0.132716,	Delta[s+](14) = 0.067219,	Delta[s+](15) = 0.132716
The 8-th iteration is completed.	|| time cost : 0h 3m 22.036s
********************************************************************************************************************
********************************************************************************************************************
Ground state is obtained after 9 iterations. The current ground-state energy is -25.1006, in which electron energy is -25.1022 and phonon energy is 0.00158889
final variational state is: 
	Gamma_x = [      1,1.00378,1.00677,1.00378,1.00378,1.00725,1.01056,1.00725,1.00677,1.01056,1.01423,1.01056,1.00378,1.00725,1.01056,1.00725]
	lambda_q = [0.124866,0.117277,0.111038,0.117277,0.117277,0.120009,0.120185,0.120009,0.111038,0.120185,0.124873,0.120185,0.117277,0.120009,0.120185,0.120009]
********************************************************************************************************************
o___o  ----------------------------------------
| L |	Time since last clock: 0h 0m 0s
A===A	Time since the beginning: 0h 26m 35.933s
***********************************************

********************************************************************************************************************
Start warm-up calculation for scaling factor 16
open output files: NGSEDWarmUpW3Obs.txt
********************************************************************************************************************
Start the 0 rounds of NGS-ED iteration
	effective electronic model is modified as: kinetic energy t = 0.985999, t' = -0.295937
	                                           effective interaction Vq = [-0.0913555,-0.0886512, -0.086152,-0.0886512,-0.0886512,-0.0896672,-0.0897312,-0.0896672, -0.086152,-0.0897312, -0.091358,-0.0897312,-0.0886512,-0.0896672,-0.0897312,-0.0896672]
	PARPACK diagonalization completed after 30 matrix-vector product operations.
	iteration results: : total energy is -24.920036 | electron energy -24.920835 + phonon energy 0.000799 | electron momentum kIdx = 0
	Nq(0) = 12.25,	Nq(1) = 0.349817,	Nq(2) = 0.363055,	Nq(3) = 0.349817,	Nq(4) = 0.349817,	Nq(5) = 0.556468,	Nq(6) = 0.576742,	Nq(7) = 0.556468,	Nq(8) = 0.363055,	Nq(9) = 0.576742,	Nq(10) = 0.5897,	Nq(11) = 0.576742,	Nq(12) = 0.349817,	Nq(13) = 0.556468,	Nq(14) = 0.576742,	Nq(15) = 0.556468,	Sq(0) = -7.45394e-21,	Sq(1) = 0.398022,	Sq(2) = 0.386095,	Sq(3) = 0.398022,	Sq(4) = 0.398022,	Sq(5) = 0.696872,	Sq(6) = 0.672658,	Sq(7) = 0.696872,	Sq(8) = 0.386095,	Sq(9) = 0.672658,	Sq(10) = 0.659682,	Sq(11) = 0.672658,	Sq(12) = 0.398022,	Sq(13) = 0.696872,	Sq(14) = 0.672658,	Sq(15) = 0.696872,	N(0) = 1.99391,	N(1) = 1.99418,	N(2) = 1.98743,	N(3) = 1.99418,	N(4) = 1.99418,	N(5) = 0.00970455,	N(6) = 0.00357161,	N(7) = 0.00970455,	N(8) = 1.98743,	N(9) = 0.00357161,	N(10) = 0.00140335,	N(11) = 0.00357161,	N(12) = 1.99418,	N(13) = 0.00970455,	N(14) = 0.00357161,	N(15) = 0.00970455,	Delta[s](0) = 0.354109,	Delta[s](1) = 0.223758,	Delta[s](2) = 0.215236,	Delta[s](3) = 0.223758,	Delta[s](4) = 0.223758,	Delta[s](5) = 0.122114,	Delta[s](6) = 0.118244,	Delta[s](7) = 0.122114,	Delta[s](8) = 0.215236,	Delta[s](9) = 0.118244,	Delta[s](10) = 0.107914,	Delta[s](11) = 0.118244,	Delta[s](12) = 0.223758,	Delta[s](13) = 0.122114,	Delta[s](14) = 0.118244,	Delta[s](15) = 0.122114,	Delta[d](0) = 0.728076,	Delta[d](1) = 0.362171,	Delta[d](2) = 0.375768,	Delta[d](3) = 0.362171,	Delta[d](4) = 0.362171,	Delta[d](5) = 0.130199,	Delta[d](6) = 0.311913,	Delta[d](7) = 0.130199,	Delta[d](8) = 0.375768,	Delta[d](9) = 0.311913,	Delta[d](10) = 0.489079,	Delta[d](11) = 0.311913,	Delta[d](12) = 0.362171,	Delta[d](13) = 0.130199,	Delta[d](14) = 0.311913,	Delta[d](15) = 0.130199,	Delta[s+](0) = 0.516159,	Delta[s+](1) = 0.384938,	Delta[s+](2) = 0.375768,	Delta[s+](3) = 0.384938,	Delta[s+](4) = 0.384938,	Delta[s+](5) = 0.133113,	Delta[s+](6) = 0.0676847,	Delta[s+](7) = 0.133113,	Delta[s+](8) = 0.375768,	Delta[s+](9) = 0.0676847,	Delta[s+](10) = 0.00288226,	Delta[s+](11) = 0.0676847,	Delta[s+](12) = 0.384938,	Delta[s+](13) = 0.133113,	Delta[s+](14) = 0.0676847,	Delta[s+](15) = 0.133113
The 0-th iteration is completed.	|| time cost : 0h 3m 20.79s
********************************************************************************************************************
Start the 1 rounds of NGS-ED iteration
	effective electronic model is modified as: kinetic energy t = 0.982993, t' = -0.295093
	                                           effective interaction Vq = [-0.0954275,-0.0927354,-0.0900722,-0.0927354,-0.0927354,-0.0937937,-0.0938726,-0.0937937,-0.0900722,-0.0938726,-0.0954827,-0.0938726,-0.0927354,-0.0937937,-0.0938726,-0.0937937]
	PARPACK diagonalization completed after 30 matrix-vector product operations.
	iteration results: : total energy is -24.919919 | electron energy -24.921939 + phonon energy 0.002021 | electron momentum kIdx = 0
The 1-th iteration is completed.	|| time cost : 0h 0m 22.559s
********************************************************************************************************************
Start the 2 rounds of NGS-ED iteration
	effective electronic model is modified as: kinetic energy t = 0.980716, t' = -0.29446
	                                           effective interaction Vq = [-0.0975747,-0.0950479,-0.0923488,-0.0950479,-0.0950479,-0.0960836,-0.0961655,-0.0960836,-0.0923488,-0.0961655,-0.0976438,-0.0961655,-0.0950479,-0.0960836,-0.0961655,-0.0960836]
	PARPACK diagonalization completed after 30 matrix-vector product operations.
	iteration results: : total energy is -24.901938 | electron energy -24.905386 + phonon energy 0.003448 | electron momentum kIdx = 0
The 2-th iteration is completed.	|| time cost : 0h 0m 22.759s
********************************************************************************************************************
Start the 3 rounds of NGS-ED iteration
	effective electronic model is modified as: kinetic energy t = 0.979038, t' = -0.293999
	                                           effective interaction Vq = [-0.0987069,-0.0963989,-0.0937166,-0.0963989,-0.0963989,-0.0973858,-0.0974643,-0.0973858,-0.0937166,-0.0974643,-0.0987692,-0.0974643,-0.0963989,-0.0973858,-0.0974643,-0.0973858]
	PARPACK diagonalization completed after 30 matrix-vector product operations.
	iteration results: : total energy is -24.880097 | electron energy -24.884953 + phonon energy 0.004856 | electron momentum kIdx = 0
The 3-th iteration is completed.	|| time cost : 0h 0m 22.427s
********************************************************************************************************************
Start the 4 rounds of NGS-ED iteration
	effective electronic model is modified as: kinetic energy t = 0.977822, t' = -0.293667
	                                           effective interaction Vq = [-0.0993039,-0.0972134,-0.0945627,-0.0972134,-0.0972134,-0.0981468,-0.0982197,-0.0981468,-0.0945627,-0.0982197,-0.0993522,-0.0982197,-0.0972134,-0.0981468,-0.0982197,-0.0981468]
	PARPACK diagonalization completed after 30 matrix-vector product operations.
	iteration results: : total energy is -24.860014 | electron energy -24.866125 + phonon energy 0.006112 | electron momentum kIdx = 0
The 4-th iteration is completed.	|| time cost : 0h 0m 22.806s
********************************************************************************************************************
Start the 5 rounds of NGS-ED iteration
	effective electronic model is modified as: kinetic energy t = 0.97695, t' = -0.293432
	                                           effective interaction Vq = [-0.0996187,-0.0977191,-0.0950985,-0.0977191,-0.0977191,-0.0986046,-0.0986716,-0.0986046,-0.0950985,-0.0986716, -0.099653,-0.0986716,-0.0977191,-0.0986046,-0.0986716,-0.0986046]
	PARPACK diagonalization completed after 30 matrix-vector product operations.
	iteration results: : total energy is -24.843465 | electron energy -24.850624 + phonon energy 0.007159 | electron momentum kIdx = 0
The 5-th iteration is completed.	|| time cost : 0h 0m 22.645s
********************************************************************************************************************
Start the 6 rounds of NGS-ED iteration
	effective electronic model is modified as: kinetic energy t = 0.97633, t' = -0.293266
	                                           effective interaction Vq = [-0.0997846,-0.0980414,-0.0954441,-0.0980414,-0.0980414,-0.0988879,-0.0989498,-0.0988879,-0.0954441,-0.0989498,-0.0998076,-0.0989498,-0.0980414,-0.0988879,-0.0989498,-0.0988879]
	PARPACK diagonalization completed after 30 matrix-vector product operations.
	iteration results: : total energy is -24.830584 | electron energy -24.838577 + phonon energy 0.007993 | electron momentum kIdx = 0
The 6-th iteration is completed.	|| time cost : 0h 0m 22.576s
********************************************************************************************************************
Start the 7 rounds of NGS-ED iteration
	effective electronic model is modified as: kinetic energy t = 0.97589, t' = -0.293149
	                                           effective interaction Vq = [-0.0998722,-0.0982514,-0.0956699,-0.0982514,-0.0982514, -0.099068,-0.0991256, -0.099068,-0.0956699,-0.0991256,-0.0998869,-0.0991256,-0.0982514, -0.099068,-0.0991256, -0.099068]
	PARPACK diagonalization completed after 30 matrix-vector product operations.
	iteration results: : total energy is -24.820887 | electron energy -24.829523 + phonon energy 0.008636 | electron momentum kIdx = 0
The 7-th iteration is completed.	|| time cost : 0h 0m 22.478s
********************************************************************************************************************
Start the 8 rounds of NGS-ED iteration
	effective electronic model is modified as: kinetic energy t = 0.975579, t' = -0.293067
	                                           effective interaction Vq = [-0.0999183,-0.0983905,-0.0958189,-0.0983905,-0.0983905,-0.0991851,-0.0992395,-0.0991851,-0.0958189,-0.0992395,-0.0999275,-0.0992395,-0.0983905,-0.0991851,-0.0992395,-0.0991851]
	PARPACK diagonalization completed after 30 matrix-vector product operations.
	iteration results: : total energy is -24.813742 | electron energy -24.822861 + phonon energy 0.009119 | electron momentum kIdx = 0
The 8-th iteration is completed.	|| time cost : 0h 0m 22.558s
********************************************************************************************************************
Start the 9 rounds of NGS-ED iteration
	effective electronic model is modified as: kinetic energy t = 0.97536, t' = -0.293009
	                                           effective interaction Vq = [-0.0999427, -0.098484, -0.095918, -0.098484, -0.098484,-0.0992627,-0.0993147,-0.0992627, -0.095918,-0.0993147,-0.0999482,-0.0993147, -0.098484,-0.0992627,-0.0993147,-0.0992627]
	PARPACK diagonalization completed after 30 matrix-vector product operations.
	iteration results: : total energy is -24.808549 | electron energy -24.818025 + phonon energy 0.009476 | electron momentum kIdx = 0
The 9-th iteration is completed.	|| time cost : 0h 0m 22.539s
********************************************************************************************************************
Start the 10 rounds of NGS-ED iteration
	effective electronic model is modified as: kinetic energy t = 0.975205, t' = -0.292969
	                                           effective interaction Vq = [-0.0999555,-0.0985475,-0.0959841,-0.0985475,-0.0985475, -0.099315,-0.0993651, -0.099315,-0.0959841,-0.0993651,-0.0999588,-0.0993651,-0.0985475, -0.099315,-0.0993651, -0.099315]
	PARPACK diagonalization completed after 30 matrix-vector product operations.
	iteration results: : total energy is -24.804812 | electron energy -24.814549 + phonon energy 0.009737 | electron momentum kIdx = 0
The 10-th iteration is completed.	|| time cost : 0h 0m 22.582s
********************************************************************************************************************
Start the 11 rounds of NGS-ED iteration
	effective electronic model is modified as: kinetic energy t = 0.975096, t' = -0.292941
	                                           effective interaction Vq = [-0.0999623,-0.0985909,-0.0960285,-0.0985909,-0.0985909,-0.0993506,-0.0993993,-0.0993506,-0.0960285,-0.0993993,-0.0999642,-0.0993993,-0.0985909,-0.0993506,-0.0993993,-0.0993506]
	PARPACK diagonalization completed after 30 matrix-vector product operations.
	iteration results: : total energy is -24.802140 | electron energy -24.812065 + phonon energy 0.009926 | electron momentum kIdx = 0
The 11-th iteration is completed.	|| time cost : 0h 0m 22.556s
********************************************************************************************************************
Start the 12 rounds of NGS-ED iteration
	effective electronic model is modified as: kinetic energy t = 0.97502, t' = -0.292922
	                                           effective interaction Vq = [-0.0999658,-0.0986208,-0.0960583,-0.0986208,-0.0986208,-0.0993751,-0.0994228,-0.0993751,-0.0960583,-0.0994228,-0.0999669,-0.0994228,-0.0986208,-0.0993751,-0.0994228,-0.0993751]
	PARPACK diagonalization completed after 30 matrix-vector product operations.
	iteration results: : total energy is -24.800238 | electron energy -24.810299 + phonon energy 0.010061 | electron momentum kIdx = 0
The 12-th iteration is completed.	|| time cost : 0h 0m 22.663s
********************************************************************************************************************
Start the 13 rounds of NGS-ED iteration
	effective electronic model is modified as: kinetic energy t = 0.974966, t' = -0.292908
	                                           effective interaction Vq = [-0.0999677,-0.0986414,-0.0960783,-0.0986414,-0.0986414,-0.0993921, -0.099439,-0.0993921,-0.0960783, -0.099439,-0.0999683, -0.099439,-0.0986414,-0.0993921, -0.099439,-0.0993921]
	PARPACK diagonalization completed after 30 matrix-vector product operations.
	iteration results: : total energy is -24.798889 | electron energy -24.809046 + phonon energy 0.010158 | electron momentum kIdx = 0
The 13-th iteration is completed.	|| time cost : 0h 0m 22.537s
********************************************************************************************************************
Start the 14 rounds of NGS-ED iteration
	effective electronic model is modified as: kinetic energy t = 0.974928, t' = -0.292898
	                                           effective interaction Vq = [-0.0999687,-0.0986556,-0.0960918,-0.0986556,-0.0986556,-0.0994039,-0.0994503,-0.0994039,-0.0960918,-0.0994503,-0.0999691,-0.0994503,-0.0986556,-0.0994039,-0.0994503,-0.0994039]
	PARPACK diagonalization completed after 30 matrix-vector product operations.
	iteration results: : total energy is -24.797934 | electron energy -24.808160 + phonon energy 0.010227 | electron momentum kIdx = 0
