TACC:  Starting up job 4374830 
TACC:  Starting parallel tasks... 
SNEDics v3.4 Non-Gaussian ED ground state program		Start at Sat Sep 21 15:19:48 2019

parallized on 32 MPI threads  * 6 OpenMP threads = 192 total threads.
********************************************************************************************************************
********************************************************************************************************************

********************************************************************************************************************
System parameters and configurations
********************************************************************************************************************
Special program options are enabled: splitted diagonal Hamiltonian
********************************************************************************************************************
Read input file "model_params.in"
	Hubbard-Holstein model parameters : 	t = 1    U = 5.5    g = 3.873    W = 5    
********************************************************************************************************************
Read input file "hilbertspace_params.in"
	Requested 16-site 2D lattice, with 16 electrons (8, 8)
	Boundary : Periodic		Hilbert space representation : momentum-space (restricted to kIdx = 0)
	Conservation: particle number[U(1)]      spin[U(1)]     momentum
********************************************************************************************************************

Cluster Positions:				Cluster symmetry group : D4
 x ... x ... x ... x .....                       x ... x ... x ... x .....
 |           |           :                       |           |           :
 |           |           :                       |           |           :
12    13    14    15     x                       1     5     6     5     x
 |           |           :                       |           |           :
 |           |           :                       |           |           :
 8 --- 9 ---10 ---11 --- x                       2 --- 6 ---10 --- 6 --- x
 |           |           :                       |           |           :
 |           |           :                       |           |           :
 4     5     6     7     x                       1     5     6     5     x
 |           |           :                       |           |           :
 |           |           :                       |           |           :
 0 --- 1 --- 2 --- 3 --- x                       0 --- 1 --- 2 --- 1 --- x
orbital number : 1
********************************************************************************************************************
Read input file "obs_params.in"
	Observable Type : Nq(All),   Sq(All),   N(All),   Delta[s](All),   Delta[d](All),   Delta[s+](All)
********************************************************************************************************************
** WARNING ** the input observables have non-local factors which have been reinterpreted. The total observable number is 96
********************************************************************************************************************


********************************************************************************************************************
Start calculating the non-Gaussian ED ground state
** WARNING ** Detected low phonon energy W < 10. The initial state will be prepared through a warm-up process.
********************************************************************************************************************
Start warm-up calculation for scaling factor 2
open output files: NGSEDWarmUpW10Obs.txt
********************************************************************************************************************
Start the 0 rounds of NGS-ED iteration
	effective electronic model is modified as: kinetic energy t = 1
	                                           effective interaction Vq = [0,0,0,0,0,0,0,0,0,0,0,0,0,0,0,0]
	first Hamiltonian is constructed, non-zero numbers = 2845383612
	PARPACK diagonalization completed after 105 matrix-vector product operations.
	iteration results: : total energy is -11.212575 | electron energy -11.212575 + phonon energy 0.000000 | electron momentum kIdx = 0
	Nq(0) = 16,	Nq(1) = 0.110659,	Nq(2) = 0.177731,	Nq(3) = 0.110659,	Nq(4) = 0.110659,	Nq(5) = 0.177731,	Nq(6) = 0.241264,	Nq(7) = 0.177731,	Nq(8) = 0.177731,	Nq(9) = 0.241264,	Nq(10) = 0.29863,	Nq(11) = 0.241264,	Nq(12) = 0.110659,	Nq(13) = 0.177731,	Nq(14) = 0.241264,	Nq(15) = 0.177731,	Sq(0) = 1.5432e-18,	Sq(1) = 0.425821,	Sq(2) = 0.632508,	Sq(3) = 0.425821,	Sq(4) = 0.425821,	Sq(5) = 0.632508,	Sq(6) = 0.859083,	Sq(7) = 0.632508,	Sq(8) = 0.632508,	Sq(9) = 0.859083,	Sq(10) = 4.29263,	Sq(11) = 0.859083,	Sq(12) = 0.425821,	Sq(13) = 0.632508,	Sq(14) = 0.859083,	Sq(15) = 0.632508,	N(0) = 1.87718,	N(1) = 1.73876,	N(2) = 1,	N(3) = 1.73876,	N(4) = 1.73876,	N(5) = 1,	N(6) = 0.261244,	N(7) = 1,	N(8) = 1,	N(9) = 0.261244,	N(10) = 0.122823,	N(11) = 0.261244,	N(12) = 1.73876,	N(13) = 1,	N(14) = 0.261244,	N(15) = 1,	Delta[s](0) = 0.133765,	Delta[s](1) = 0.112183,	Delta[s](2) = 0.0883029,	Delta[s](3) = 0.112183,	Delta[s](4) = 0.112183,	Delta[s](5) = 0.0883029,	Delta[s](6) = 0.0630906,	Delta[s](7) = 0.0883029,	Delta[s](8) = 0.0883029,	Delta[s](9) = 0.0630906,	Delta[s](10) = 0.0216764,	Delta[s](11) = 0.0630906,	Delta[s](12) = 0.112183,	Delta[s](13) = 0.0883029,	Delta[s](14) = 0.0630906,	Delta[s](15) = 0.0883029,	Delta[d](0) = 0.56864,	Delta[d](1) = 0.413302,	Delta[d](2) = 0.322449,	Delta[d](3) = 0.413302,	Delta[d](4) = 0.413302,	Delta[d](5) = 0.333621,	Delta[d](6) = 0.23778,	Delta[d](7) = 0.333621,	Delta[d](8) = 0.322449,	Delta[d](9) = 0.23778,	Delta[d](10) = 0.113248,	Delta[d](11) = 0.23778,	Delta[d](12) = 0.413302,	Delta[d](13) = 0.333621,	Delta[d](14) = 0.23778,	Delta[d](15) = 0.333621,	Delta[s+](0) = 0.603872,	Delta[s+](1) = 0.477505,	Delta[s+](2) = 0.322449,	Delta[s+](3) = 0.477505,	Delta[s+](4) = 0.477505,	Delta[s+](5) = 0.322449,	Delta[s+](6) = 0.172845,	Delta[s+](7) = 0.322449,	Delta[s+](8) = 0.322449,	Delta[s+](9) = 0.172845,	Delta[s+](10) = 0.0519177,	Delta[s+](11) = 0.172845,	Delta[s+](12) = 0.477505,	Delta[s+](13) = 0.322449,	Delta[s+](14) = 0.172845,	Delta[s+](15) = 0.322449
The 0-th iteration is completed.	|| time cost : 0h 5m 42.427s
********************************************************************************************************************
Start the 1 rounds of NGS-ED iteration
	effective electronic model is modified as: kinetic energy t = 0.930973
	                                           effective interaction Vq = [-2.59402,-2.30151,-2.23387,-2.30151,-2.30151,-2.23387,-2.19939,-2.23387,-2.23387,-2.19939,-2.17209,-2.19939,-2.30151,-2.23387,-2.19939,-2.23387]
	PARPACK diagonalization completed after 60 matrix-vector product operations.
	iteration results: : total energy is -60.533604 | electron energy -60.537500 + phonon energy 0.003896 | electron momentum kIdx = 0
The 1-th iteration is completed.	|| time cost : 0h 3m 38.022s
********************************************************************************************************************
Start the 2 rounds of NGS-ED iteration
	effective electronic model is modified as: kinetic energy t = 0.876587
	                                           effective interaction Vq = [-2.94508, -2.7859,-2.67174, -2.7859, -2.7859,-2.67174, -2.6697,-2.67174,-2.67174, -2.6697,-2.61288, -2.6697, -2.7859,-2.67174, -2.6697,-2.67174]
	PARPACK diagonalization completed after 60 matrix-vector product operations.
	iteration results: : total energy is -67.719472 | electron energy -67.755947 + phonon energy 0.036476 | electron momentum kIdx = 0
The 2-th iteration is completed.	|| time cost : 0h 0m 31.093s
********************************************************************************************************************
Start the 3 rounds of NGS-ED iteration
	effective electronic model is modified as: kinetic energy t = 0.853931
	                                           effective interaction Vq = [-2.99259, -2.9022,-2.77881, -2.9022, -2.9022,-2.77881,-2.80073,-2.77881,-2.77881,-2.80073,  -2.726,-2.80073, -2.9022,-2.77881,-2.80073,-2.77881]
	PARPACK diagonalization completed after 75 matrix-vector product operations.
	iteration results: : total energy is -68.774390 | electron energy -68.841166 + phonon energy 0.066776 | electron momentum kIdx = 0
The 3-th iteration is completed.	|| time cost : 0h 0m 32.057s
********************************************************************************************************************
Start the 4 rounds of NGS-ED iteration
	effective electronic model is modified as: kinetic energy t = 0.834086
	                                           effective interaction Vq = [-2.99902,-2.93471,-2.89921,-2.93471,-2.93471,-2.89921,-2.84311,-2.89921,-2.89921,-2.84311,-2.82905,-2.84311,-2.93471,-2.89921,-2.84311,-2.89921]
	PARPACK diagonalization completed after 60 matrix-vector product operations.
	iteration results: : total energy is -69.147342 | electron energy -69.235670 + phonon energy 0.088329 | electron momentum kIdx = 0
The 4-th iteration is completed.	|| time cost : 0h 0m 28.151s
********************************************************************************************************************
Start the 5 rounds of NGS-ED iteration
	effective electronic model is modified as: kinetic energy t = 0.827204
	                                           effective interaction Vq = [-2.99989,-2.94335,-2.93059,-2.94335,-2.94335,-2.93059,-2.85495,-2.93059,-2.93059,-2.85495,-2.86146,-2.85495,-2.94335,-2.93059,-2.85495,-2.93059]
	PARPACK diagonalization completed after 45 matrix-vector product operations.
	iteration results: : total energy is -69.195235 | electron energy -69.295777 + phonon energy 0.100542 | electron momentum kIdx = 0
The 5-th iteration is completed.	|| time cost : 0h 0m 24.416s
********************************************************************************************************************
Start the 6 rounds of NGS-ED iteration
	effective electronic model is modified as: kinetic energy t = 0.82485
	                                           effective interaction Vq = [-3.00001,-2.94592,-2.94009,-2.94592,-2.94592,-2.94009,-2.85856,-2.94009,-2.94009,-2.85856,-2.87266,-2.85856,-2.94592,-2.94009,-2.85856,-2.94009]
	PARPACK diagonalization completed after 30 matrix-vector product operations.
	iteration results: : total energy is -69.201224 | electron energy -69.306730 + phonon energy 0.105506 | electron momentum kIdx = 0
The 6-th iteration is completed.	|| time cost : 0h 0m 20.69s
********************************************************************************************************************
Start the 7 rounds of NGS-ED iteration
	effective electronic model is modified as: kinetic energy t = 0.824047
	                                           effective interaction Vq = [-3.00002,-2.94671,-2.94318,-2.94671,-2.94671,-2.94318, -2.8597,-2.94318,-2.94318, -2.8597,-2.87669, -2.8597,-2.94671,-2.94318, -2.8597,-2.94318]
	PARPACK diagonalization completed after 30 matrix-vector product operations.
	iteration results: : total energy is -69.201968 | electron energy -69.309286 + phonon energy 0.107318 | electron momentum kIdx = 0
The 7-th iteration is completed.	|| time cost : 0h 0m 20.708s
********************************************************************************************************************
Start the 8 rounds of NGS-ED iteration
	effective electronic model is modified as: kinetic energy t = 0.823774
	                                           effective interaction Vq = [-3.00003,-2.94696,-2.94422,-2.94696,-2.94696,-2.94422,-2.86005,-2.94422,-2.94422,-2.86005,-2.87818,-2.86005,-2.94696,-2.94422,-2.86005,-2.94422]
	PARPACK diagonalization completed after 30 matrix-vector product operations.
	iteration results: : total energy is -69.202060 | electron energy -69.310016 + phonon energy 0.107955 | electron momentum kIdx = 0
The 8-th iteration is completed.	|| time cost : 0h 0m 20.71s
********************************************************************************************************************
Start the 9 rounds of NGS-ED iteration
	effective electronic model is modified as: kinetic energy t = 0.823681
	                                           effective interaction Vq = [-3.00003,-2.94703,-2.94457,-2.94703,-2.94703,-2.94457,-2.86016,-2.94457,-2.94457,-2.86016,-2.87872,-2.86016,-2.94703,-2.94457,-2.86016,-2.94457]
	PARPACK diagonalization completed after 30 matrix-vector product operations.
	iteration results: : total energy is -69.202072 | electron energy -69.310248 + phonon energy 0.108176 | electron momentum kIdx = 0
	Nq(0) = 16,	Nq(1) = 0.391776,	Nq(2) = 0.745212,	Nq(3) = 0.391776,	Nq(4) = 0.391776,	Nq(5) = 0.745212,	Nq(6) = 0.630406,	Nq(7) = 0.745212,	Nq(8) = 0.745212,	Nq(9) = 0.630406,	Nq(10) = 0.900221,	Nq(11) = 0.630406,	Nq(12) = 0.391776,	Nq(13) = 0.745212,	Nq(14) = 0.630406,	Nq(15) = 0.745212,	Sq(0) = 3.92494e-18,	Sq(1) = 0.348227,	Sq(2) = 0.365804,	Sq(3) = 0.348227,	Sq(4) = 0.348227,	Sq(5) = 0.365804,	Sq(6) = 0.58627,	Sq(7) = 0.365804,	Sq(8) = 0.365804,	Sq(9) = 0.58627,	Sq(10) = 0.606967,	Sq(11) = 0.58627,	Sq(12) = 0.348227,	Sq(13) = 0.365804,	Sq(14) = 0.58627,	Sq(15) = 0.365804,	N(0) = 1.99933,	N(1) = 1.99799,	N(2) = 1,	N(3) = 1.99799,	N(4) = 1.99799,	N(5) = 1,	N(6) = 0.00200861,	N(7) = 1,	N(8) = 1,	N(9) = 0.00200861,	N(10) = 0.000671674,	N(11) = 0.00200861,	N(12) = 1.99799,	N(13) = 1,	N(14) = 0.00200861,	N(15) = 1,	Delta[s](0) = 0.652965,	Delta[s](1) = 0.309062,	Delta[s](2) = 0.268695,	Delta[s](3) = 0.309062,	Delta[s](4) = 0.309062,	Delta[s](5) = 0.268695,	Delta[s](6) = 0.247207,	Delta[s](7) = 0.268695,	Delta[s](8) = 0.268695,	Delta[s](9) = 0.247207,	Delta[s](10) = 0.239899,	Delta[s](11) = 0.247207,	Delta[s](12) = 0.309062,	Delta[s](13) = 0.268695,	Delta[s](14) = 0.247207,	Delta[s](15) = 0.268695,	Delta[d](0) = 0.341991,	Delta[d](1) = 0.285211,	Delta[d](2) = 0.260495,	Delta[d](3) = 0.285211,	Delta[d](4) = 0.285211,	Delta[d](5) = 0.253441,	Delta[d](6) = 0.240173,	Delta[d](7) = 0.253441,	Delta[d](8) = 0.260495,	Delta[d](9) = 0.240173,	Delta[d](10) = 0.164758,	Delta[d](11) = 0.240173,	Delta[d](12) = 0.285211,	Delta[d](13) = 0.253441,	Delta[d](14) = 0.240173,	Delta[d](15) = 0.253441,	Delta[s+](0) = 0.47588,	Delta[s+](1) = 0.389865,	Delta[s+](2) = 0.260495,	Delta[s+](3) = 0.389865,	Delta[s+](4) = 0.389865,	Delta[s+](5) = 0.260495,	Delta[s+](6) = 0.12835,	Delta[s+](7) = 0.260495,	Delta[s+](8) = 0.260495,	Delta[s+](9) = 0.12835,	Delta[s+](10) = 0.0417682,	Delta[s+](11) = 0.12835,	Delta[s+](12) = 0.389865,	Delta[s+](13) = 0.260495,	Delta[s+](14) = 0.12835,	Delta[s+](15) = 0.260495
The 9-th iteration is completed.	|| time cost : 0h 4m 14.523s
********************************************************************************************************************
********************************************************************************************************************
Ground state is obtained after 10 iterations. The current ground-state energy is -69.2021, in which electron energy is -69.3102 and phonon energy is 0.108176
final variational state is: 
	Gamma_x = [      1,1.02745,1.05382,1.02745,1.02745,1.05382,1.06607,1.05382,1.05382,1.06607,1.09042,1.06607,1.02745,1.05382,1.06607,1.05382]
	lambda_q = [  0.5477,0.474943,0.473335,0.474943,0.474943,0.473335,0.429474,0.473335,0.473335,0.429474, 0.43768,0.429474,0.474943,0.473335,0.429474,0.473335]
********************************************************************************************************************
o___o  ----------------------------------------
| L |	Time since last clock: 0h 0m 0s
A===A	Time since the beginning: 0h 16m 32.801s
***********************************************


********************************************************************************************************************
Warm up runs have been completed. Start calculating W = 5 phonon.
open output files: NGSEDIterationObs.txt
********************************************************************************************************************
Start the 0 rounds of NGS-ED iteration
	effective electronic model is modified as: kinetic energy t = 0.823649
	                                           effective interaction Vq = [-2.74261,-2.55106,-2.54622,-2.55106,-2.55106,-2.54622,-2.40447,-2.54622,-2.54622,-2.40447,-2.43245,-2.40447,-2.55106,-2.54622,-2.40447,-2.54622]
	PARPACK diagonalization completed after 75 matrix-vector product operations.
	iteration results: : total energy is -61.864203 | electron energy -61.918329 + phonon energy 0.054126 | electron momentum kIdx = 0
	Nq(0) = 16,	Nq(1) = 0.333973,	Nq(2) = 0.363329,	Nq(3) = 0.333973,	Nq(4) = 0.333973,	Nq(5) = 0.363329,	Nq(6) = 0.543926,	Nq(7) = 0.363329,	Nq(8) = 0.363329,	Nq(9) = 0.543926,	Nq(10) = 0.584408,	Nq(11) = 0.543926,	Nq(12) = 0.333973,	Nq(13) = 0.363329,	Nq(14) = 0.543926,	Nq(15) = 0.363329,	Sq(0) = 7.19548e-19,	Sq(1) = 0.392054,	Sq(2) = 0.565366,	Sq(3) = 0.392054,	Sq(4) = 0.392054,	Sq(5) = 0.565366,	Sq(6) = 0.65901,	Sq(7) = 0.565366,	Sq(8) = 0.565366,	Sq(9) = 0.65901,	Sq(10) = 2.12757,	Sq(11) = 0.65901,	Sq(12) = 0.392054,	Sq(13) = 0.565366,	Sq(14) = 0.65901,	Sq(15) = 0.565366,	N(0) = 1.99792,	N(1) = 1.99469,	N(2) = 1,	N(3) = 1.99469,	N(4) = 1.99469,	N(5) = 1,	N(6) = 0.00530639,	N(7) = 1,	N(8) = 1,	N(9) = 0.00530639,	N(10) = 0.00207743,	N(11) = 0.00530639,	N(12) = 1.99469,	N(13) = 1,	N(14) = 0.00530639,	N(15) = 1,	Delta[s](0) = 0.241971,	Delta[s](1) = 0.232132,	Delta[s](2) = 0.189163,	Delta[s](3) = 0.232132,	Delta[s](4) = 0.232132,	Delta[s](5) = 0.189163,	Delta[s](6) = 0.180362,	Delta[s](7) = 0.189163,	Delta[s](8) = 0.189163,	Delta[s](9) = 0.180362,	Delta[s](10) = 0.111064,	Delta[s](11) = 0.180362,	Delta[s](12) = 0.232132,	Delta[s](13) = 0.189163,	Delta[s](14) = 0.180362,	Delta[s](15) = 0.189163,	Delta[d](0) = 0.548842,	Delta[d](1) = 0.332167,	Delta[d](2) = 0.288338,	Delta[d](3) = 0.332167,	Delta[d](4) = 0.332167,	Delta[d](5) = 0.335794,	Delta[d](6) = 0.253145,	Delta[d](7) = 0.335794,	Delta[d](8) = 0.288338,	Delta[d](9) = 0.253145,	Delta[d](10) = 0.126596,	Delta[d](11) = 0.253145,	Delta[d](12) = 0.332167,	Delta[d](13) = 0.335794,	Delta[d](14) = 0.253145,	Delta[d](15) = 0.335794,	Delta[s+](0) = 0.52733,	Delta[s+](1) = 0.432449,	Delta[s+](2) = 0.288338,	Delta[s+](3) = 0.432449,	Delta[s+](4) = 0.432449,	Delta[s+](5) = 0.288338,	Delta[s+](6) = 0.146022,	Delta[s+](7) = 0.288338,	Delta[s+](8) = 0.288338,	Delta[s+](9) = 0.146022,	Delta[s+](10) = 0.0450266,	Delta[s+](11) = 0.146022,	Delta[s+](12) = 0.432449,	Delta[s+](13) = 0.288338,	Delta[s+](14) = 0.146022,	Delta[s+](15) = 0.288338
The 0-th iteration is completed.	|| time cost : 0h 4m 14.219s
********************************************************************************************************************
Start the 1 rounds of NGS-ED iteration
	effective electronic model is modified as: kinetic energy t = 0.816536
	                                           effective interaction Vq = [-2.90533, -2.6869, -2.5514, -2.6869, -2.6869, -2.5514,-2.50135, -2.5514, -2.5514,-2.50135,-2.44683,-2.50135, -2.6869, -2.5514,-2.50135, -2.5514]
	PARPACK diagonalization completed after 45 matrix-vector product operations.
	iteration results: : total energy is -64.627338 | electron energy -64.774128 + phonon energy 0.146790 | electron momentum kIdx = 0
The 1-th iteration is completed.	|| time cost : 0h 0m 28.643s
********************************************************************************************************************
Start the 2 rounds of NGS-ED iteration
	effective electronic model is modified as: kinetic energy t = 0.809383
	                                           effective interaction Vq = [-2.96519,-2.75968,-2.56167,-2.75968,-2.75968,-2.56167,-2.56373,-2.56167,-2.56167,-2.56373,-2.46773,-2.56373,-2.75968,-2.56167,-2.56373,-2.56167]
	PARPACK diagonalization completed after 45 matrix-vector product operations.
	iteration results: : total energy is -65.643614 | electron energy -65.844682 + phonon energy 0.201068 | electron momentum kIdx = 0
The 2-th iteration is completed.	|| time cost : 0h 0m 26.872s
********************************************************************************************************************
Start the 3 rounds of NGS-ED iteration
	effective electronic model is modified as: kinetic energy t = 0.804066
	                                           effective interaction Vq = [-2.98721,-2.80032,-2.57017,-2.80032,-2.80032,-2.57017,-2.60285,-2.57017,-2.57017,-2.60285, -2.4835,-2.60285,-2.80032,-2.57017,-2.60285,-2.57017]
	PARPACK diagonalization completed after 45 matrix-vector product operations.
	iteration results: : total energy is -66.019147 | electron energy -66.250541 + phonon energy 0.231394 | electron momentum kIdx = 0
The 3-th iteration is completed.	|| time cost : 0h 0m 24.383s
********************************************************************************************************************
Start the 4 rounds of NGS-ED iteration
	effective electronic model is modified as: kinetic energy t = 0.800472
	                                           effective interaction Vq = [-2.99531,-2.82372,-2.57607,-2.82372,-2.82372,-2.57607,-2.62728,-2.57607,-2.57607,-2.62728,-2.49386,-2.62728,-2.82372,-2.57607,-2.62728,-2.57607]
	PARPACK diagonalization completed after 45 matrix-vector product operations.
	iteration results: : total energy is -66.158014 | electron energy -66.407141 + phonon energy 0.249127 | electron momentum kIdx = 0
The 4-th iteration is completed.	|| time cost : 0h 0m 24.485s
********************************************************************************************************************
Start the 5 rounds of NGS-ED iteration
	effective electronic model is modified as: kinetic energy t = 0.798138
	                                           effective interaction Vq = [-2.99829, -2.8375,-2.57993, -2.8375, -2.8375,-2.57993,-2.64257,-2.57993,-2.57993,-2.64257,-2.50035,-2.64257, -2.8375,-2.57993,-2.64257,-2.57993]
	PARPACK diagonalization completed after 45 matrix-vector product operations.
	iteration results: : total energy is -66.209362 | electron energy -66.469256 + phonon energy 0.259894 | electron momentum kIdx = 0
The 5-th iteration is completed.	|| time cost : 0h 0m 24.468s
********************************************************************************************************************
Start the 6 rounds of NGS-ED iteration
	effective electronic model is modified as: kinetic energy t = 0.796651
	                                           effective interaction Vq = [-2.99939,-2.84573,-2.58238,-2.84573,-2.84573,-2.58238,-2.65215,-2.58238,-2.58238,-2.65215,-2.50435,-2.65215,-2.84573,-2.58238,-2.65215,-2.58238]
	PARPACK diagonalization completed after 45 matrix-vector product operations.
	iteration results: : total energy is -66.228347 | electron energy -66.494913 + phonon energy 0.266566 | electron momentum kIdx = 0
The 6-th iteration is completed.	|| time cost : 0h 0m 24.359s
********************************************************************************************************************
Start the 7 rounds of NGS-ED iteration
	effective electronic model is modified as: kinetic energy t = 0.795712
	                                           effective interaction Vq = [-2.99979,-2.85071,-2.58392,-2.85071,-2.85071,-2.58392,-2.65818,-2.58392,-2.58392,-2.65818,-2.50679,-2.65818,-2.85071,-2.58392,-2.65818,-2.58392]
	PARPACK diagonalization completed after 45 matrix-vector product operations.
	iteration results: : total energy is -66.235367 | electron energy -66.506105 + phonon energy 0.270738 | electron momentum kIdx = 0
The 7-th iteration is completed.	|| time cost : 0h 0m 24.358s
********************************************************************************************************************
Start the 8 rounds of NGS-ED iteration
	effective electronic model is modified as: kinetic energy t = 0.795122
	                                           effective interaction Vq = [-2.99994,-2.85373,-2.58488,-2.85373,-2.85373,-2.58488,-2.66197,-2.58488,-2.58488,-2.66197,-2.50829,-2.66197,-2.85373,-2.58488,-2.66197,-2.58488]
	PARPACK diagonalization completed after 45 matrix-vector product operations.
	iteration results: : total energy is -66.237962 | electron energy -66.511318 + phonon energy 0.273356 | electron momentum kIdx = 0
The 8-th iteration is completed.	|| time cost : 0h 0m 24.434s
********************************************************************************************************************
Start the 9 rounds of NGS-ED iteration
	effective electronic model is modified as: kinetic energy t = 0.794753
	                                           effective interaction Vq = [-2.99999,-2.85558,-2.58548,-2.85558,-2.85558,-2.58548,-2.66436,-2.58548,-2.58548,-2.66436, -2.5092,-2.66436,-2.85558,-2.58548,-2.66436,-2.58548]
	PARPACK diagonalization completed after 45 matrix-vector product operations.
	iteration results: : total energy is -66.238922 | electron energy -66.513922 + phonon energy 0.275000 | electron momentum kIdx = 0
The 9-th iteration is completed.	|| time cost : 0h 0m 24.415s
********************************************************************************************************************
Start the 10 rounds of NGS-ED iteration
	effective electronic model is modified as: kinetic energy t = 0.794522
	                                           effective interaction Vq = [-3.00001,-2.85672,-2.58586,-2.85672,-2.85672,-2.58586,-2.66587,-2.58586,-2.58586,-2.66587,-2.50975,-2.66587,-2.85672,-2.58586,-2.66587,-2.58586]
	PARPACK diagonalization completed after 30 matrix-vector product operations.
	iteration results: : total energy is -66.239277 | electron energy -66.515309 + phonon energy 0.276032 | electron momentum kIdx = 0
	Nq(0) = 16,	Nq(1) = 0.395302,	Nq(2) = 0.364067,	Nq(3) = 0.395302,	Nq(4) = 0.395302,	Nq(5) = 0.364067,	Nq(6) = 0.609168,	Nq(7) = 0.364067,	Nq(8) = 0.364067,	Nq(9) = 0.609168,	Nq(10) = 0.592525,	Nq(11) = 0.609168,	Nq(12) = 0.395302,	Nq(13) = 0.364067,	Nq(14) = 0.609168,	Nq(15) = 0.364067,	Sq(0) = -2.75242e-18,	Sq(1) = 0.375962,	Sq(2) = 0.54755,	Sq(3) = 0.375962,	Sq(4) = 0.375962,	Sq(5) = 0.54755,	Sq(6) = 0.630689,	Sq(7) = 0.54755,	Sq(8) = 0.54755,	Sq(9) = 0.630689,	Sq(10) = 1.89329,	Sq(11) = 0.630689,	Sq(12) = 0.375962,	Sq(13) = 0.54755,	Sq(14) = 0.630689,	Sq(15) = 0.54755,	N(0) = 1.99935,	N(1) = 1.99904,	N(2) = 1,	N(3) = 1.99904,	N(4) = 1.99904,	N(5) = 1,	N(6) = 0.000957923,	N(7) = 1,	N(8) = 1,	N(9) = 0.000957923,	N(10) = 0.000645321,	N(11) = 0.000957923,	N(12) = 1.99904,	N(13) = 1,	N(14) = 0.000957923,	N(15) = 1,	Delta[s](0) = 0.251602,	Delta[s](1) = 0.24843,	Delta[s](2) = 0.203197,	Delta[s](3) = 0.24843,	Delta[s](4) = 0.24843,	Delta[s](5) = 0.203197,	Delta[s](6) = 0.200196,	Delta[s](7) = 0.203197,	Delta[s](8) = 0.203197,	Delta[s](9) = 0.200196,	Delta[s](10) = 0.132119,	Delta[s](11) = 0.200196,	Delta[s](12) = 0.24843,	Delta[s](13) = 0.203197,	Delta[s](14) = 0.200196,	Delta[s](15) = 0.203197,	Delta[d](0) = 0.569266,	Delta[d](1) = 0.34399,	Delta[d](2) = 0.303281,	Delta[d](3) = 0.34399,	Delta[d](4) = 0.34399,	Delta[d](5) = 0.353442,	Delta[d](6) = 0.270213,	Delta[d](7) = 0.353442,	Delta[d](8) = 0.303281,	Delta[d](9) = 0.270213,	Delta[d](10) = 0.145295,	Delta[d](11) = 0.270213,	Delta[d](12) = 0.34399,	Delta[d](13) = 0.353442,	Delta[d](14) = 0.270213,	Delta[d](15) = 0.353442,	Delta[s+](0) = 0.544792,	Delta[s+](1) = 0.447098,	Delta[s+](2) = 0.303281,	Delta[s+](3) = 0.447098,	Delta[s+](4) = 0.447098,	Delta[s+](5) = 0.303281,	Delta[s+](6) = 0.156456,	Delta[s+](7) = 0.303281,	Delta[s+](8) = 0.303281,	Delta[s+](9) = 0.156456,	Delta[s+](10) = 0.054743,	Delta[s+](11) = 0.156456,	Delta[s+](12) = 0.447098,	Delta[s+](13) = 0.303281,	Delta[s+](14) = 0.156456,	Delta[s+](15) = 0.303281
The 10-th iteration is completed.	|| time cost : 0h 4m 36.636s
********************************************************************************************************************
Start the 11 rounds of NGS-ED iteration
	effective electronic model is modified as: kinetic energy t = 0.794377
	                                           effective interaction Vq = [-3.00002,-2.85742,-2.58609,-2.85742,-2.85742,-2.58609,-2.66682,-2.58609,-2.58609,-2.66682,-2.51009,-2.66682,-2.85742,-2.58609,-2.66682,-2.58609]
	PARPACK diagonalization completed after 30 matrix-vector product operations.
	iteration results: : total energy is -66.239408 | electron energy -66.516088 + phonon energy 0.276680 | electron momentum kIdx = 0
The 11-th iteration is completed.	|| time cost : 0h 0m 20.764s
********************************************************************************************************************
Start the 12 rounds of NGS-ED iteration
	effective electronic model is modified as: kinetic energy t = 0.794287
	                                           effective interaction Vq = [-3.00002,-2.85785,-2.58623,-2.85785,-2.85785,-2.58623,-2.66742,-2.58623,-2.58623,-2.66742, -2.5103,-2.66742,-2.85785,-2.58623,-2.66742,-2.58623]
	PARPACK diagonalization completed after 30 matrix-vector product operations.
	iteration results: : total energy is -66.239457 | electron energy -66.516543 + phonon energy 0.277086 | electron momentum kIdx = 0
The 12-th iteration is completed.	|| time cost : 0h 0m 20.688s
********************************************************************************************************************
Start the 13 rounds of NGS-ED iteration
	effective electronic model is modified as: kinetic energy t = 0.79423
	                                           effective interaction Vq = [-3.00003,-2.85811,-2.58632,-2.85811,-2.85811,-2.58632, -2.6678,-2.58632,-2.58632, -2.6678,-2.51043, -2.6678,-2.85811,-2.58632, -2.6678,-2.58632]
	PARPACK diagonalization completed after 30 matrix-vector product operations.
	iteration results: : total energy is -66.239475 | electron energy -66.516816 + phonon energy 0.277341 | electron momentum kIdx = 0
The 13-th iteration is completed.	|| time cost : 0h 0m 23.35s
********************************************************************************************************************
Start the 14 rounds of NGS-ED iteration
	effective electronic model is modified as: kinetic energy t = 0.794195
	                                           effective interaction Vq = [-3.00003,-2.85828,-2.58638,-2.85828,-2.85828,-2.58638,-2.66804,-2.58638,-2.58638,-2.66804,-2.51051,-2.66804,-2.85828,-2.58638,-2.66804,-2.58638]
	PARPACK diagonalization completed after 30 matrix-vector product operations.
	iteration results: : total energy is -66.239482 | electron energy -66.516983 + phonon energy 0.277501 | electron momentum kIdx = 0
The 14-th iteration is completed.	|| time cost : 0h 0m 24.106s
********************************************************************************************************************
Start the 15 rounds of NGS-ED iteration
	effective electronic model is modified as: kinetic energy t = 0.794173
	                                           effective interaction Vq = [-3.00003,-2.85838,-2.58641,-2.85838,-2.85838,-2.58641,-2.66819,-2.58641,-2.58641,-2.66819,-2.51055,-2.66819,-2.85838,-2.58641,-2.66819,-2.58641]
	PARPACK diagonalization completed after 30 matrix-vector product operations.
	iteration results: : total energy is -66.239484 | electron energy -66.517085 + phonon energy 0.277601 | electron momentum kIdx = 0
The 15-th iteration is completed.	|| time cost : 0h 0m 24.11s
********************************************************************************************************************
Start the 16 rounds of NGS-ED iteration
	effective electronic model is modified as: kinetic energy t = 0.794159
	                                           effective interaction Vq = [-3.00003,-2.85844,-2.58643,-2.85844,-2.85844,-2.58643,-2.66828,-2.58643,-2.58643,-2.66828,-2.51058,-2.66828,-2.85844,-2.58643,-2.66828,-2.58643]
	PARPACK diagonalization completed after 30 matrix-vector product operations.
	iteration results: : total energy is -66.239485 | electron energy -66.517149 + phonon energy 0.277664 | electron momentum kIdx = 0
The 16-th iteration is completed.	|| time cost : 0h 0m 23.939s
********************************************************************************************************************
Start the 17 rounds of NGS-ED iteration
	effective electronic model is modified as: kinetic energy t = 0.794151
	                                           effective interaction Vq = [-3.00003,-2.85848,-2.58644,-2.85848,-2.85848,-2.58644,-2.66834,-2.58644,-2.58644,-2.66834, -2.5106,-2.66834,-2.85848,-2.58644,-2.66834,-2.58644]
	PARPACK diagonalization completed after 30 matrix-vector product operations.
	iteration results: : total energy is -66.239485 | electron energy -66.517188 + phonon energy 0.277703 | electron momentum kIdx = 0
The 17-th iteration is completed.	|| time cost : 0h 0m 24.093s
********************************************************************************************************************
Start the 18 rounds of NGS-ED iteration
	effective electronic model is modified as: kinetic energy t = 0.794145
	                                           effective interaction Vq = [-3.00003, -2.8585,-2.58645, -2.8585, -2.8585,-2.58645,-2.66838,-2.58645,-2.58645,-2.66838,-2.51061,-2.66838, -2.8585,-2.58645,-2.66838,-2.58645]
	PARPACK diagonalization completed after 30 matrix-vector product operations.
	iteration results: : total energy is -66.239485 | electron energy -66.517213 + phonon energy 0.277728 | electron momentum kIdx = 0
The 18-th iteration is completed.	|| time cost : 0h 0m 23.872s
********************************************************************************************************************
Start the 19 rounds of NGS-ED iteration
	effective electronic model is modified as: kinetic energy t = 0.794142
	                                           effective interaction Vq = [-3.00003,-2.85852,-2.58646,-2.85852,-2.85852,-2.58646, -2.6684,-2.58646,-2.58646, -2.6684,-2.51062, -2.6684,-2.85852,-2.58646, -2.6684,-2.58646]
	PARPACK diagonalization completed after 30 matrix-vector product operations.
	iteration results: : total energy is -66.239486 | electron energy -66.517229 + phonon energy 0.277743 | electron momentum kIdx = 0
The 19-th iteration is completed.	|| time cost : 0h 0m 23.932s
********************************************************************************************************************
Start the 20 rounds of NGS-ED iteration
	effective electronic model is modified as: kinetic energy t = 0.79414
	                                           effective interaction Vq = [-3.00003,-2.85853,-2.58646,-2.85853,-2.85853,-2.58646,-2.66842,-2.58646,-2.58646,-2.66842,-2.51062,-2.66842,-2.85853,-2.58646,-2.66842,-2.58646]
	PARPACK diagonalization completed after 30 matrix-vector product operations.
	iteration results: : total energy is -66.239486 | electron energy -66.517238 + phonon energy 0.277753 | electron momentum kIdx = 0
	Nq(0) = 16,	Nq(1) = 0.395786,	Nq(2) = 0.364066,	Nq(3) = 0.395786,	Nq(4) = 0.395786,	Nq(5) = 0.364066,	Nq(6) = 0.609881,	Nq(7) = 0.364066,	Nq(8) = 0.364066,	Nq(9) = 0.609881,	Nq(10) = 0.592567,	Nq(11) = 0.609881,	Nq(12) = 0.395786,	Nq(13) = 0.364066,	Nq(14) = 0.609881,	Nq(15) = 0.364066,	Sq(0) = -1.08427e-17,	Sq(1) = 0.375801,	Sq(2) = 0.547365,	Sq(3) = 0.375801,	Sq(4) = 0.375801,	Sq(5) = 0.547365,	Sq(6) = 0.630422,	Sq(7) = 0.547365,	Sq(8) = 0.547365,	Sq(9) = 0.630422,	Sq(10) = 1.89129,	Sq(11) = 0.630422,	Sq(12) = 0.375801,	Sq(13) = 0.547365,	Sq(14) = 0.630422,	Sq(15) = 0.547365,	N(0) = 1.99936,	N(1) = 1.99904,	N(2) = 1,	N(3) = 1.99904,	N(4) = 1.99904,	N(5) = 1,	N(6) = 0.000958279,	N(7) = 1,	N(8) = 1,	N(9) = 0.000958279,	N(10) = 0.000638878,	N(11) = 0.000958279,	N(12) = 1.99904,	N(13) = 1,	N(14) = 0.000958279,	N(15) = 1,	Delta[s](0) = 0.251689,	Delta[s](1) = 0.248574,	Delta[s](2) = 0.203333,	Delta[s](3) = 0.248574,	Delta[s](4) = 0.248574,	Delta[s](5) = 0.203333,	Delta[s](6) = 0.200376,	Delta[s](7) = 0.203333,	Delta[s](8) = 0.203333,	Delta[s](9) = 0.200376,	Delta[s](10) = 0.132329,	Delta[s](11) = 0.200376,	Delta[s](12) = 0.248574,	Delta[s](13) = 0.203333,	Delta[s](14) = 0.200376,	Delta[s](15) = 0.203333,	Delta[d](0) = 0.569301,	Delta[d](1) = 0.344053,	Delta[d](2) = 0.303368,	Delta[d](3) = 0.344053,	Delta[d](4) = 0.344053,	Delta[d](5) = 0.353546,	Delta[d](6) = 0.270325,	Delta[d](7) = 0.353546,	Delta[d](8) = 0.303368,	Delta[d](9) = 0.270325,	Delta[d](10) = 0.145463,	Delta[d](11) = 0.270325,	Delta[d](12) = 0.344053,	Delta[d](13) = 0.353546,	Delta[d](14) = 0.270325,	Delta[d](15) = 0.353546,	Delta[s+](0) = 0.54484,	Delta[s+](1) = 0.447145,	Delta[s+](2) = 0.303368,	Delta[s+](3) = 0.447145,	Delta[s+](4) = 0.447145,	Delta[s+](5) = 0.303368,	Delta[s+](6) = 0.156545,	Delta[s+](7) = 0.303368,	Delta[s+](8) = 0.303368,	Delta[s+](9) = 0.156545,	Delta[s+](10) = 0.0548418,	Delta[s+](11) = 0.156545,	Delta[s+](12) = 0.447145,	Delta[s+](13) = 0.303368,	Delta[s+](14) = 0.156545,	Delta[s+](15) = 0.303368
The 20-th iteration is completed.	|| time cost : 0h 4m 7.792s
********************************************************************************************************************
Start the 21 rounds of NGS-ED iteration
	effective electronic model is modified as: kinetic energy t = 0.794138
	                                           effective interaction Vq = [-3.00003,-2.85853,-2.58646,-2.85853,-2.85853,-2.58646,-2.66843,-2.58646,-2.58646,-2.66843,-2.51063,-2.66843,-2.85853,-2.58646,-2.66843,-2.58646]
	PARPACK diagonalization completed after 30 matrix-vector product operations.
	iteration results: : total energy is -66.239486 | electron energy -66.517244 + phonon energy 0.277759 | electron momentum kIdx = 0
The 21-th iteration is completed.	|| time cost : 0h 0m 20.751s
********************************************************************************************************************
Start the 22 rounds of NGS-ED iteration
	effective electronic model is modified as: kinetic energy t = 0.794138
	                                           effective interaction Vq = [-3.00003,-2.85854,-2.58646,-2.85854,-2.85854,-2.58646,-2.66843,-2.58646,-2.58646,-2.66843,-2.51063,-2.66843,-2.85854,-2.58646,-2.66843,-2.58646]
	PARPACK diagonalization completed after 30 matrix-vector product operations.
	iteration results: : total energy is -66.239486 | electron energy -66.517248 + phonon energy 0.277763 | electron momentum kIdx = 0
The 22-th iteration is completed.	|| time cost : 0h 0m 20.667s
********************************************************************************************************************
Start the 23 rounds of NGS-ED iteration
	effective electronic model is modified as: kinetic energy t = 0.794137
	                                           effective interaction Vq = [-3.00003,-2.85854,-2.58646,-2.85854,-2.85854,-2.58646,-2.66844,-2.58646,-2.58646,-2.66844,-2.51063,-2.66844,-2.85854,-2.58646,-2.66844,-2.58646]
	PARPACK diagonalization completed after 30 matrix-vector product operations.
	iteration results: : total energy is -66.239486 | electron energy -66.517250 + phonon energy 0.277765 | electron momentum kIdx = 0
The 23-th iteration is completed.	|| time cost : 0h 0m 20.632s
********************************************************************************************************************
Start the 24 rounds of NGS-ED iteration
	effective electronic model is modified as: kinetic energy t = 0.794137
	                                           effective interaction Vq = [-3.00003,-2.85854,-2.58647,-2.85854,-2.85854,-2.58647,-2.66844,-2.58647,-2.58647,-2.66844,-2.51063,-2.66844,-2.85854,-2.58647,-2.66844,-2.58647]
	PARPACK diagonalization completed after 30 matrix-vector product operations.
	iteration results: : total energy is -66.239486 | electron energy -66.517252 + phonon energy 0.277766 | electron momentum kIdx = 0
