SNEDics v3.21.4 Non-Gaussian ED ground state program		Start at Mon Jul 26 11:14:51 2021

parallized on 32 MPI threads  * 8 OpenMP threads = 256 total threads.
********************************************************************************************************************
********************************************************************************************************************

********************************************************************************************************************
System parameters and configurations
	special program options are enabled: splitted diagonal Hamiltonian | splitted Hamiltonian terms
********************************************************************************************************************
Read input file "model_params.in"
	Hubbard-Holstein model parameters : 	t = 1    U = 8    g = 0.04    W = 0.2    g' = 0.03    
********************************************************************************************************************
Read input file "hilbertspace_params.in"
	Requested 16-site 2D lattice, with 12 electrons (6, 6)
	Boundary : Periodic		Hilbert space representation : momentum-space (restricted to kIdx = 0)
	Conservation: particle number[U(1)]      spin[U(1)]     momentum
********************************************************************************************************************

Cluster Positions:				Cluster symmetry group : D4
 x ... x ... x ... x .....                       x ... x ... x ... x .....
 |           |           :                       |           |           :
 |           |           :                       |           |           :
12    13    14    15     x                       1     5     6     5     x
 |           |           :                       |           |           :
 |           |           :                       |           |           :
 8 --- 9 ---10 ---11 --- x                       2 --- 6 ---10 --- 6 --- x
 |           |           :                       |           |           :
 |           |           :                       |           |           :
 4     5     6     7     x                       1     5     6     5     x
 |           |           :                       |           |           :
 |           |           :                       |           |           :
 0 --- 1 --- 2 --- 3 --- x                       0 --- 1 --- 2 --- 1 --- x
orbital number : 1
********************************************************************************************************************
Read input file "obs_params.in"
	Observable Type : Nq(All),   Sq(All),   N(All),   Delta[s](All),   Delta[d](All),   Delta[s+](All)
** WARNING ** the input observables have non-local factors which have been reinterpreted. The total observable number is 96
********************************************************************************************************************


********************************************************************************************************************
Start calculating the non-Gaussian ED ground state
Maximal iteration number is 1000; energy resolution is 1e-06. Phonon state relaxation time is 2000
W = 0.2 is relatively large. The non-Gaussian ED calculation starts directly.
open output files: NGSED_iteration_obserbles.txt
********************************************************************************************************************
Start the 0 rounds of NGS-ED iteration
	effective electronic model is modified as: kinetic energy t = 1
	                                           effective interaction Vq = [0,0,0,0,0,0,0,0,0,0,0,0,0,0,0,0]
	first Hamiltonian is constructed, size = 4008592 and non-zero numbers = 969134044
	PARPACK diagonalization completed after 150 matrix-vector product operations.
	iteration results: : total energy is -14.925310 | electron energy -14.925310 + phonon energy 0.000000 | electron momentum kIdx = 0
	Nq(0) = 9,	Nq(1) = 0.191675,	Nq(2) = 0.266183,	Nq(3) = 0.191675,	Nq(4) = 0.191675,	Nq(5) = 0.245517,	
	Nq(6) = 0.314107,	Nq(7) = 0.245517,	Nq(8) = 0.266183,	Nq(9) = 0.314107,	Nq(10) = 0.369338,	
	Nq(11) = 0.314107,	Nq(12) = 0.191675,	Nq(13) = 0.245517,	Nq(14) = 0.314107,	Nq(15) = 0.245517;	
	Sq(0) = 3.02743e-18,	Sq(1) = 0.554662,	Sq(2) = 0.424361,	Sq(3) = 0.554662,	Sq(4) = 0.554662,	
	Sq(5) = 0.79749,	Sq(6) = 1.01287,	Sq(7) = 0.79749,	Sq(8) = 0.424361,	Sq(9) = 1.01287,	
	Sq(10) = 0.784303,	Sq(11) = 1.01287,	Sq(12) = 0.554662,	Sq(13) = 0.79749,	Sq(14) = 1.01287,	
	Sq(15) = 0.79749;	N(0) = 1.76735,	N(1) = 1.6264,	N(2) = 0.74365,	N(3) = 1.6264,	
	N(4) = 1.6264,	N(5) = 0.392302,	N(6) = 0.144321,	N(7) = 0.392302,	N(8) = 0.74365,	
	N(9) = 0.144321,	N(10) = 0.0932732,	N(11) = 0.144321,	N(12) = 1.6264,	N(13) = 0.392302,	
	N(14) = 0.144321,	N(15) = 0.392302;	Delta[s](0) = 0.0658219,	Delta[s](1) = 0.0454275,	Delta[s](2) = 0.0304075,	
	Delta[s](3) = 0.0454275,	Delta[s](4) = 0.0454275,	Delta[s](5) = 0.0270924,	Delta[s](6) = 0.00917969,	Delta[s](7) = 0.0270924,	
	Delta[s](8) = 0.0304075,	Delta[s](9) = 0.00917969,	Delta[s](10) = 1.48923e-05,	Delta[s](11) = 0.00917969,	Delta[s](12) = 0.0454275,	
	Delta[s](13) = 0.0270924,	Delta[s](14) = 0.00917969,	Delta[s](15) = 0.0270924;	Delta[d](0) = 0.229569,	Delta[d](1) = 0.180089,	
	Delta[d](2) = 0.222325,	Delta[d](3) = 0.180089,	Delta[d](4) = 0.180089,	Delta[d](5) = 0.122935,	Delta[d](6) = 0.150484,	
	Delta[d](7) = 0.122935,	Delta[d](8) = 0.222325,	Delta[d](9) = 0.150484,	Delta[d](10) = 0.0765456,	Delta[d](11) = 0.150484,	
	Delta[d](12) = 0.180089,	Delta[d](13) = 0.122935,	Delta[d](14) = 0.150484,	Delta[d](15) = 0.122935;	Delta[s+](0) = 0.529996,	
	Delta[s+](1) = 0.361411,	Delta[s+](2) = 0.222325,	Delta[s+](3) = 0.361411,	Delta[s+](4) = 0.361411,	Delta[s+](5) = 0.177156,	
	Delta[s+](6) = 0.0625477,	Delta[s+](7) = 0.177156,	Delta[s+](8) = 0.222325,	Delta[s+](9) = 0.0625477,	Delta[s+](10) = 0.0156067,	
	Delta[s+](11) = 0.0625477,	Delta[s+](12) = 0.361411,	Delta[s+](13) = 0.177156,	Delta[s+](14) = 0.0625477,	Delta[s+](15) = 0.177156
	
The 0-th iteration is completed.	|| time cost : 0h 2m 2.479s
********************************************************************************************************************
Start the 1 rounds of NGS-ED iteration
	effective electronic model is modified as: kinetic energy t = 0.999829
	                                           effective interaction Vq = [      -0.128, -0.00604119,-0.000687604, -0.00604119, -0.00604119,-0.000637378,-0.000137055,-0.000637378,-0.000687604,-0.000137055,   -0.001952,-0.000137055, -0.00604119,-0.000637378,-0.000137055,-0.000637378]
	PARPACK diagonalization completed after 30 matrix-vector product operations.
	iteration results: : total energy is -16.080655 | electron energy -16.080662 + phonon energy 0.000007 | electron momentum kIdx = 0
The 1-th iteration is completed.	|| time cost : 0h 1m 16.437s
********************************************************************************************************************
Start the 2 rounds of NGS-ED iteration
	effective electronic model is modified as: kinetic energy t = 0.999829
	                                           effective interaction Vq = [      -0.128, -0.00604462,-0.000687476, -0.00604462, -0.00604462,  -0.0006373,-0.000137032,  -0.0006373,-0.000687476,-0.000137032, -0.00195221,-0.000137032, -0.00604462,  -0.0006373,-0.000137032,  -0.0006373]
	PARPACK diagonalization completed after 30 matrix-vector product operations.
	iteration results: : total energy is -16.080655 | electron energy -16.080662 + phonon energy 0.000007 | electron momentum kIdx = 0
The 2-th iteration is completed.	|| time cost : 0h 0m 9.675s
********************************************************************************************************************
Start the 3 rounds of NGS-ED iteration
	effective electronic model is modified as: kinetic energy t = 0.999829
	                                           effective interaction Vq = [      -0.128, -0.00604462,-0.000687476, -0.00604462, -0.00604462,  -0.0006373,-0.000137032,  -0.0006373,-0.000687476,-0.000137032, -0.00195221,-0.000137032, -0.00604462,  -0.0006373,-0.000137032,  -0.0006373]
	PARPACK diagonalization completed after 30 matrix-vector product operations.
	iteration results: : total energy is -16.080655 | electron energy -16.080662 + phonon energy 0.000007 | electron momentum kIdx = 0
	Nq(0) = 9,	Nq(1) = 0.191808,	Nq(2) = 0.266151,	Nq(3) = 0.191808,	Nq(4) = 0.191808,	Nq(5) = 0.245504,	
	Nq(6) = 0.314075,	Nq(7) = 0.245504,	Nq(8) = 0.266151,	Nq(9) = 0.314075,	Nq(10) = 0.369407,	
	Nq(11) = 0.314075,	Nq(12) = 0.191808,	Nq(13) = 0.245504,	Nq(14) = 0.314075,	Nq(15) = 0.245504;	
	Sq(0) = -2.27262e-18,	Sq(1) = 0.554592,	Sq(2) = 0.42437,	Sq(3) = 0.554592,	Sq(4) = 0.554592,	
	Sq(5) = 0.797441,	Sq(6) = 1.01285,	Sq(7) = 0.797441,	Sq(8) = 0.42437,	Sq(9) = 1.01285,	
	Sq(10) = 0.784469,	Sq(11) = 1.01285,	Sq(12) = 0.554592,	Sq(13) = 0.797441,	Sq(14) = 1.01285,	
	Sq(15) = 0.797441;	N(0) = 1.7674,	N(1) = 1.62655,	N(2) = 0.743571,	N(3) = 1.62655,	
	N(4) = 1.62655,	N(5) = 0.392182,	N(6) = 0.144305,	N(7) = 0.392182,	N(8) = 0.743571,	
	N(9) = 0.144305,	N(10) = 0.0933065,	N(11) = 0.144305,	N(12) = 1.62655,	N(13) = 0.392182,	
	N(14) = 0.144305,	N(15) = 0.392182;	Delta[s](0) = 0.0658464,	Delta[s](1) = 0.0454441,	Delta[s](2) = 0.0304221,	
	Delta[s](3) = 0.0454441,	Delta[s](4) = 0.0454441,	Delta[s](5) = 0.0271047,	Delta[s](6) = 0.00918195,	Delta[s](7) = 0.0271047,	
	Delta[s](8) = 0.0304221,	Delta[s](9) = 0.00918195,	Delta[s](10) = 1.49096e-05,	Delta[s](11) = 0.00918195,	Delta[s](12) = 0.0454441,	
	Delta[s](13) = 0.0271047,	Delta[s](14) = 0.00918195,	Delta[s](15) = 0.0271047;	Delta[d](0) = 0.229599,	Delta[d](1) = 0.180111,	
	Delta[d](2) = 0.222343,	Delta[d](3) = 0.180111,	Delta[d](4) = 0.180111,	Delta[d](5) = 0.122936,	Delta[d](6) = 0.150489,	
	Delta[d](7) = 0.122936,	Delta[d](8) = 0.222343,	Delta[d](9) = 0.150489,	Delta[d](10) = 0.0764975,	Delta[d](11) = 0.150489,	
	Delta[d](12) = 0.180111,	Delta[d](13) = 0.122936,	Delta[d](14) = 0.150489,	Delta[d](15) = 0.122936;	Delta[s+](0) = 0.530061,	
	Delta[s+](1) = 0.361449,	Delta[s+](2) = 0.222343,	Delta[s+](3) = 0.361449,	Delta[s+](4) = 0.361449,	Delta[s+](5) = 0.177168,	
	Delta[s+](6) = 0.0625464,	Delta[s+](7) = 0.177168,	Delta[s+](8) = 0.222343,	Delta[s+](9) = 0.0625464,	Delta[s+](10) = 0.0156101,	
	Delta[s+](11) = 0.0625464,	Delta[s+](12) = 0.361449,	Delta[s+](13) = 0.177168,	Delta[s+](14) = 0.0625464,	Delta[s+](15) = 0.177168
	
The 3-th iteration is completed.	|| time cost : 0h 1m 19.196s
********************************************************************************************************************
********************************************************************************************************************
Ground state is obtained after 4 iterations. The current ground-state energy is -16.0807, in which electron energy is -16.0807 and phonon energy is 7.13126e-06
Final variational state is: 
	Gamma_x = [      1,1.00563,1.00089,1.00563,1.00563,1.00077,1.00021,1.00077,1.00089,1.00021,1.00356,1.00021,1.00563,1.00077,1.00021,1.00077]
	lambda_q = [        0.8,  0.0311963, 0.00878645,  0.0311963,  0.0311963, 0.00813155,-0.00348659, 0.00813155, 0.00878645,-0.00348659, -0.0123933,-0.00348659,  0.0311963, 0.00813155,-0.00348659, 0.00813155]
Effective e-e interactions mediated by phonons are:
	momentum-space Vq = [      -0.128, -0.00604462,-0.000687476, -0.00604462, -0.00604462,  -0.0006373,-0.000137032,  -0.0006373,-0.000687476,-0.000137032, -0.00195221,-0.000137032, -0.00604462,  -0.0006373,-0.000137032,  -0.0006373]
	real-space Vr = [-0.00991269,-0.00861644,-0.00804862,-0.00861644,-0.00861644,-0.00803608,-0.00713954,-0.00803608,-0.00804862,-0.00713954,-0.00682186,-0.00713954,-0.00861644,-0.00803608,-0.00713954,-0.00803608]
********************************************************************************************************************
o___o  ----------------------------------------
| L |	Time since last clock: 0h 0m 0.012s
A===A	Time since the beginning: 0h 4m 47.801s
***********************************************


Non-Gaussina ED ground state calculation is completed. The final ground-state energy is -16.0807
********************************************************************************************************************
o___o  ----------------------------------------
| L |	Time since last clock: 0h 0m 0.004s
A===A	Time since the beginning: 0h 4m 47.805s
***********************************************



********************************************************************************************************************
All non-Gaussian ED ground state calculations have been completed. Exit now.
