SNEDics v3.21.4 Non-Gaussian ED ground state program		Start at Mon Jul 26 13:29:04 2021

parallized on 32 MPI threads  * 8 OpenMP threads = 256 total threads.
********************************************************************************************************************
********************************************************************************************************************

********************************************************************************************************************
System parameters and configurations
	special program options are enabled: splitted diagonal Hamiltonian | splitted Hamiltonian terms
********************************************************************************************************************
Read input file "model_params.in"
	Hubbard-Holstein model parameters : 	t = 1    U = 8    g = 0.04    W = 0.2    g' = 0.13    
********************************************************************************************************************
Read input file "hilbertspace_params.in"
	Requested 16-site 2D lattice, with 14 electrons (7, 7)
	Boundary : Periodic		Hilbert space representation : momentum-space (restricted to kIdx = 0)
	Conservation: particle number[U(1)]      spin[U(1)]     momentum
********************************************************************************************************************

Cluster Positions:				Cluster symmetry group : D4
 x ... x ... x ... x .....                       x ... x ... x ... x .....
 |           |           :                       |           |           :
 |           |           :                       |           |           :
12    13    14    15     x                       1     5     6     5     x
 |           |           :                       |           |           :
 |           |           :                       |           |           :
 8 --- 9 ---10 ---11 --- x                       2 --- 6 ---10 --- 6 --- x
 |           |           :                       |           |           :
 |           |           :                       |           |           :
 4     5     6     7     x                       1     5     6     5     x
 |           |           :                       |           |           :
 |           |           :                       |           |           :
 0 --- 1 --- 2 --- 3 --- x                       0 --- 1 --- 2 --- 1 --- x
orbital number : 1
********************************************************************************************************************
Read input file "obs_params.in"
	Observable Type : Nq(All),   Sq(All),   N(All),   Delta[s](All),   Delta[d](All),   Delta[s+](All)
** WARNING ** the input observables have non-local factors which have been reinterpreted. The total observable number is 96
********************************************************************************************************************


********************************************************************************************************************
Start calculating the non-Gaussian ED ground state
Maximal iteration number is 1000; energy resolution is 1e-06. Phonon state relaxation time is 2000
W = 0.2 is relatively large. The non-Gaussian ED calculation starts directly.
open output files: NGSED_iteration_obserbles.txt
********************************************************************************************************************
Start the 0 rounds of NGS-ED iteration
	effective electronic model is modified as: kinetic energy t = 1
	                                           effective interaction Vq = [0,0,0,0,0,0,0,0,0,0,0,0,0,0,0,0]
	first Hamiltonian is constructed, size = 8179600 and non-zero numbers = 2178478298
	PARPACK diagonalization completed after 180 matrix-vector product operations.
	iteration results: : total energy is -11.868836 | electron energy -11.868836 + phonon energy 0.000000 | electron momentum kIdx = 0
	Nq(0) = 12.25,	Nq(1) = 0.154193,	Nq(2) = 0.185311,	Nq(3) = 0.154193,	Nq(4) = 0.154193,	Nq(5) = 0.203281,	
	Nq(6) = 0.235634,	Nq(7) = 0.203281,	Nq(8) = 0.185311,	Nq(9) = 0.235634,	Nq(10) = 0.275446,	
	Nq(11) = 0.235634,	Nq(12) = 0.154193,	Nq(13) = 0.203281,	Nq(14) = 0.235634,	Nq(15) = 0.203281;	
	Sq(0) = -1.83137e-18,	Sq(1) = 0.474292,	Sq(2) = 0.766364,	Sq(3) = 0.474292,	Sq(4) = 0.474292,	
	Sq(5) = 0.630724,	Sq(6) = 1.05279,	Sq(7) = 0.630724,	Sq(8) = 0.766364,	Sq(9) = 1.05279,	
	Sq(10) = 2.56755,	Sq(11) = 1.05279,	Sq(12) = 0.474292,	Sq(13) = 0.630724,	Sq(14) = 1.05279,	
	Sq(15) = 0.630724;	N(0) = 1.75464,	N(1) = 1.59086,	N(2) = 0.323321,	N(3) = 1.59086,	
	N(4) = 1.59086,	N(5) = 0.999881,	N(6) = 0.267546,	N(7) = 0.999881,	N(8) = 0.323321,	
	N(9) = 0.267546,	N(10) = 0.165565,	N(11) = 0.267546,	N(12) = 1.59086,	N(13) = 0.999881,	
	N(14) = 0.267546,	N(15) = 0.999881;	Delta[s](0) = 0.0791191,	Delta[s](1) = 0.0591549,	Delta[s](2) = 0.0354211,	
	Delta[s](3) = 0.0591549,	Delta[s](4) = 0.0591549,	Delta[s](5) = 0.0422856,	Delta[s](6) = 0.0195617,	Delta[s](7) = 0.0422856,	
	Delta[s](8) = 0.0354211,	Delta[s](9) = 0.0195617,	Delta[s](10) = 0.000280038,	Delta[s](11) = 0.0195617,	Delta[s](12) = 0.0591549,	
	Delta[s](13) = 0.0422856,	Delta[s](14) = 0.0195617,	Delta[s](15) = 0.0422856;	Delta[d](0) = 0.275688,	Delta[d](1) = 0.189854,	
	Delta[d](2) = 0.199526,	Delta[d](3) = 0.189854,	Delta[d](4) = 0.189854,	Delta[d](5) = 0.176512,	Delta[d](6) = 0.132446,	
	Delta[d](7) = 0.176512,	Delta[d](8) = 0.199526,	Delta[d](9) = 0.132446,	Delta[d](10) = 0.0534182,	Delta[d](11) = 0.132446,	
	Delta[d](12) = 0.189854,	Delta[d](13) = 0.176512,	Delta[d](14) = 0.132446,	Delta[d](15) = 0.176512;	Delta[s+](0) = 0.559439,	
	Delta[s+](1) = 0.416579,	Delta[s+](2) = 0.199526,	Delta[s+](3) = 0.416579,	Delta[s+](4) = 0.416579,	Delta[s+](5) = 0.291163,	
	Delta[s+](6) = 0.126064,	Delta[s+](7) = 0.291163,	Delta[s+](8) = 0.199526,	Delta[s+](9) = 0.126064,	Delta[s+](10) = 0.0382412,	
	Delta[s+](11) = 0.126064,	Delta[s+](12) = 0.416579,	Delta[s+](13) = 0.291163,	Delta[s+](14) = 0.126064,	Delta[s+](15) = 0.291163
	
The 0-th iteration is completed.	|| time cost : 0h 4m 45.959s
********************************************************************************************************************
Start the 1 rounds of NGS-ED iteration
	effective electronic model is modified as: kinetic energy t = 0.998211
	                                           effective interaction Vq = [      -1.568,  -0.0499321,-0.000533063,  -0.0499321,  -0.0499321,-0.000581953,  -0.0139843,-0.000581953,-0.000533063,  -0.0139843,  -0.0626863,  -0.0139843,  -0.0499321,-0.000581953,  -0.0139843,-0.000581953]
	PARPACK diagonalization completed after 60 matrix-vector product operations.
	iteration results: : total energy is -31.107851 | electron energy -31.108545 + phonon energy 0.000694 | electron momentum kIdx = 0
The 1-th iteration is completed.	|| time cost : 0h 2m 59.855s
********************************************************************************************************************
Start the 2 rounds of NGS-ED iteration
	effective electronic model is modified as: kinetic energy t = 0.998202
	                                           effective interaction Vq = [      -1.568,   -0.050079,-0.000532501,   -0.050079,   -0.050079,-0.000581205,  -0.0139877,-0.000581205,-0.000532501,  -0.0139877,  -0.0629785,  -0.0139877,   -0.050079,-0.000581205,  -0.0139877,-0.000581205]
	PARPACK diagonalization completed after 30 matrix-vector product operations.
	iteration results: : total energy is -31.107851 | electron energy -31.108556 + phonon energy 0.000705 | electron momentum kIdx = 0
The 2-th iteration is completed.	|| time cost : 0h 0m 22.022s
********************************************************************************************************************
Start the 3 rounds of NGS-ED iteration
	effective electronic model is modified as: kinetic energy t = 0.998202
	                                           effective interaction Vq = [      -1.568,  -0.0500795,-0.000532499,  -0.0500795,  -0.0500795,-0.000581202,  -0.0139876,-0.000581202,-0.000532499,  -0.0139876,  -0.0629798,  -0.0139876,  -0.0500795,-0.000581202,  -0.0139876,-0.000581202]
	PARPACK diagonalization completed after 30 matrix-vector product operations.
	iteration results: : total energy is -31.107851 | electron energy -31.108556 + phonon energy 0.000705 | electron momentum kIdx = 0
The 3-th iteration is completed.	|| time cost : 0h 0m 21.937s
********************************************************************************************************************
Start the 4 rounds of NGS-ED iteration
	effective electronic model is modified as: kinetic energy t = 0.998202
	                                           effective interaction Vq = [      -1.568,  -0.0500795,-0.000532499,  -0.0500795,  -0.0500795,-0.000581202,  -0.0139876,-0.000581202,-0.000532499,  -0.0139876,  -0.0629798,  -0.0139876,  -0.0500795,-0.000581202,  -0.0139876,-0.000581202]
	PARPACK diagonalization completed after 30 matrix-vector product operations.
	iteration results: : total energy is -31.107851 | electron energy -31.108556 + phonon energy 0.000705 | electron momentum kIdx = 0
	Nq(0) = 12.25,	Nq(1) = 0.154847,	Nq(2) = 0.185342,	Nq(3) = 0.154847,	Nq(4) = 0.154847,	Nq(5) = 0.203263,	
	Nq(6) = 0.235986,	Nq(7) = 0.203263,	Nq(8) = 0.185342,	Nq(9) = 0.235986,	Nq(10) = 0.276911,	
	Nq(11) = 0.235986,	Nq(12) = 0.154847,	Nq(13) = 0.203263,	Nq(14) = 0.235986,	Nq(15) = 0.203263;	
	Sq(0) = -3.5533e-19,	Sq(1) = 0.473823,	Sq(2) = 0.765914,	Sq(3) = 0.473823,	Sq(4) = 0.473823,	
	Sq(5) = 0.630331,	Sq(6) = 1.05297,	Sq(7) = 0.630331,	Sq(8) = 0.765914,	Sq(9) = 1.05297,	
	Sq(10) = 2.56571,	Sq(11) = 1.05297,	Sq(12) = 0.473823,	Sq(13) = 0.630331,	Sq(14) = 1.05297,	
	Sq(15) = 0.630331;	N(0) = 1.75539,	N(1) = 1.59209,	N(2) = 0.322981,	N(3) = 1.59209,	
	N(4) = 1.59209,	N(5) = 0.999639,	N(6) = 0.266646,	N(7) = 0.999639,	N(8) = 0.322981,	
	N(9) = 0.266646,	N(10) = 0.165127,	N(11) = 0.266646,	N(12) = 1.59209,	N(13) = 0.999639,	
	N(14) = 0.266646,	N(15) = 0.999639;	Delta[s](0) = 0.0794447,	Delta[s](1) = 0.0594036,	Delta[s](2) = 0.0355773,	
	Delta[s](3) = 0.0594036,	Delta[s](4) = 0.0594036,	Delta[s](5) = 0.0424715,	Delta[s](6) = 0.0196514,	Delta[s](7) = 0.0424715,	
	Delta[s](8) = 0.0355773,	Delta[s](9) = 0.0196514,	Delta[s](10) = 0.000283198,	Delta[s](11) = 0.0196514,	Delta[s](12) = 0.0594036,	
	Delta[s](13) = 0.0424715,	Delta[s](14) = 0.0196514,	Delta[s](15) = 0.0424715;	Delta[d](0) = 0.276625,	Delta[d](1) = 0.189855,	
	Delta[d](2) = 0.199459,	Delta[d](3) = 0.189855,	Delta[d](4) = 0.189855,	Delta[d](5) = 0.176496,	Delta[d](6) = 0.132314,	
	Delta[d](7) = 0.176496,	Delta[d](8) = 0.199459,	Delta[d](9) = 0.132314,	Delta[d](10) = 0.0534345,	Delta[d](11) = 0.132314,	
	Delta[d](12) = 0.189855,	Delta[d](13) = 0.176496,	Delta[d](14) = 0.132314,	Delta[d](15) = 0.176496;	Delta[s+](0) = 0.559449,	
	Delta[s+](1) = 0.416592,	Delta[s+](2) = 0.199459,	Delta[s+](3) = 0.416592,	Delta[s+](4) = 0.416592,	Delta[s+](5) = 0.291106,	
	Delta[s+](6) = 0.125965,	Delta[s+](7) = 0.291106,	Delta[s+](8) = 0.199459,	Delta[s+](9) = 0.125965,	Delta[s+](10) = 0.0381639,	
	Delta[s+](11) = 0.125965,	Delta[s+](12) = 0.416592,	Delta[s+](13) = 0.291106,	Delta[s+](14) = 0.125965,	Delta[s+](15) = 0.291106
	
The 4-th iteration is completed.	|| time cost : 0h 3m 9.735s
********************************************************************************************************************
********************************************************************************************************************
Ground state is obtained after 5 iterations. The current ground-state energy is -31.1079, in which electron energy is -31.1086 and phonon energy is 0.000704949
Final variational state is: 
	Gamma_x = [      1,1.03834,1.00049,1.03834,1.03834,1.00058,1.01639,1.00058,1.00049,1.01639,1.08966,1.01639,1.03834,1.00058,1.01639,1.00058]
	lambda_q = [       2.8,  0.085927,0.00677085,  0.085927,  0.085927,  0.007402,-0.0322632,  0.007402,0.00677085,-0.0322632, -0.066526,-0.0322632,  0.085927,  0.007402,-0.0322632,  0.007402]
Effective e-e interactions mediated by phonons are:
	momentum-space Vq = [      -1.568,  -0.0500795,-0.000532499,  -0.0500795,  -0.0500795,-0.000581202,  -0.0139876,-0.000581202,-0.000532499,  -0.0139876,  -0.0629798,  -0.0139876,  -0.0500795,-0.000581202,  -0.0139876,-0.000581202]
	real-space Vr = [ -0.118165,-0.0985752, -0.101857,-0.0985752,-0.0985752,  -0.10187,-0.0895523,  -0.10187, -0.101857,-0.0895523,-0.0861313,-0.0895523,-0.0985752,  -0.10187,-0.0895523,  -0.10187]
********************************************************************************************************************
o___o  ----------------------------------------
| L |	Time since last clock: 0h 0m 0.01s
A===A	Time since the beginning: 0h 11m 39.521s
***********************************************


Non-Gaussina ED ground state calculation is completed. The final ground-state energy is -31.1079
********************************************************************************************************************
o___o  ----------------------------------------
| L |	Time since last clock: 0h 0m 0.003s
A===A	Time since the beginning: 0h 11m 39.525s
***********************************************



********************************************************************************************************************
All non-Gaussian ED ground state calculations have been completed. Exit now.
