SNEDics v3.22.2 Non-Gaussian ED ground state program		Start at Sun Apr 17 14:04:09 2022

Parallelization: 32 MPI threads  * 8 OpenMP threads = 256 total threads.
********************************************************************************************************************
********************************************************************************************************************

********************************************************************************************************************
System parameters and configurations
	special program options are enabled: splitted diagonal Hamiltonian | splitted Hamiltonian terms
********************************************************************************************************************
Read input file "model_params.in"
	Hubbard-Holstein model parameters : 	t = 1    U = 8    g = 0.1    W = 0.2    g' = 0.3    
********************************************************************************************************************
Read input file "hilbertspace_params.in"
	Requested 16-site 2D lattice, with 8 electrons (4, 4)
	Boundary : Periodic		Hilbert space representation : momentum-space (restricted to kIdx = 10)
	Conservation: particle number[U(1)]      spin[U(1)]     momentum
********************************************************************************************************************

Cluster Positions:				Cluster symmetry group : D4
 x ... x ... x ... x .....                       x ... x ... x ... x .....
 |           |           :                       |           |           :
 |           |           :                       |           |           :
12    13    14    15     x                       1     5     6     5     x
 |           |           :                       |           |           :
 |           |           :                       |           |           :
 8 --- 9 ---10 ---11 --- x                       2 --- 6 ---10 --- 6 --- x
 |           |           :                       |           |           :
 |           |           :                       |           |           :
 4     5     6     7     x                       1     5     6     5     x
 |           |           :                       |           |           :
 |           |           :                       |           |           :
 0 --- 1 --- 2 --- 3 --- x                       0 --- 1 --- 2 --- 1 --- x
orbital number : 1
********************************************************************************************************************
Read input file "obs_params.in"
	Observable Type : Nq(All),   Sq(All),   N(All-Orbital),   Delta[s](All),   Delta[d](All),   Delta[s+](All)
** WARNING ** the input observables have non-local factors which have been reinterpreted. The total observable number is 96
********************************************************************************************************************


********************************************************************************************************************
Start calculating the non-Gaussian ED ground state
Maximal iteration number is 1000; energy resolution is 1e-06. Phonon state relaxation time is 2000
W = 0.2 is relatively large. The non-Gaussian ED calculation starts directly.
open output files: NGSED_iteration_observables.txt
********************************************************************************************************************
Start the 0 rounds of NGS-ED iteration
	effective electronic model is modified as: kinetic energy t = 1
	                                           effective interaction Vq = [0,0,0,0,0,0,0,0,0,0,0,0,0,0,0,0]
	first Hamiltonian is constructed, size = 207168 and non-zero numbers = 32194784
	PARPACK diagonalization completed after 225 matrix-vector product operations.
	iteration results: : total energy is -14.228491 | electron energy -14.228491 + phonon energy 0.000000 | electron momentum kIdx = 10
	Nq(0) = 4,	Nq(1) = 0.1929,	Nq(2) = 0.241361,	Nq(3) = 0.1929,	Nq(4) = 0.1929,	Nq(5) = 0.2635,	
	Nq(6) = 0.343209,	Nq(7) = 0.2635,	Nq(8) = 0.241361,	Nq(9) = 0.343209,	Nq(10) = 0.497356,	
	Nq(11) = 0.343209,	Nq(12) = 0.1929,	Nq(13) = 0.2635,	Nq(14) = 0.343209,	Nq(15) = 0.2635;	
	Sq(0) = 1.05048e-18,	Sq(1) = 0.540129,	Sq(2) = 0.425883,	Sq(3) = 0.540129,	Sq(4) = 0.540129,	
	Sq(5) = 0.44091,	Sq(6) = 0.633208,	Sq(7) = 0.44091,	Sq(8) = 0.425883,	Sq(9) = 0.633208,	
	Sq(10) = 0.512733,	Sq(11) = 0.633208,	Sq(12) = 0.540129,	Sq(13) = 0.44091,	Sq(14) = 0.633208,	
	Sq(15) = 0.44091;	N(0) = 1.39632,	N(1) = 1.19393,	N(2) = 0.182033,	N(3) = 1.19393,	
	N(4) = 1.19393,	N(5) = 0.343994,	N(6) = 0.0196952,	N(7) = 0.343994,	N(8) = 0.182033,	
	N(9) = 0.0196952,	N(10) = 0.00914957,	N(11) = 0.0196952,	N(12) = 1.19393,	N(13) = 0.343994,	
	N(14) = 0.0196952,	N(15) = 0.343994;	Delta[s](0) = 0.017258,	Delta[s](1) = 0.00887644,	Delta[s](2) = 0.00271825,	
	Delta[s](3) = 0.00887644,	Delta[s](4) = 0.00887644,	Delta[s](5) = 0.00574412,	Delta[s](6) = 0.001504,	Delta[s](7) = 0.00574412,	
	Delta[s](8) = 0.00271825,	Delta[s](9) = 0.001504,	Delta[s](10) = 0.00206299,	Delta[s](11) = 0.001504,	Delta[s](12) = 0.00887644,	
	Delta[s](13) = 0.00574412,	Delta[s](14) = 0.001504,	Delta[s](15) = 0.00574412;	Delta[d](0) = 0.0456573,	Delta[d](1) = 0.038945,	
	Delta[d](2) = 0.0298131,	Delta[d](3) = 0.038945,	Delta[d](4) = 0.038945,	Delta[d](5) = 0.0654945,	Delta[d](6) = 0.0438207,	
	Delta[d](7) = 0.0654945,	Delta[d](8) = 0.0298131,	Delta[d](9) = 0.0438207,	Delta[d](10) = 0.0076261,	Delta[d](11) = 0.0438207,	
	Delta[d](12) = 0.038945,	Delta[d](13) = 0.0654945,	Delta[d](14) = 0.0438207,	Delta[d](15) = 0.0654945;	Delta[s+](0) = 0.198708,	
	Delta[s+](1) = 0.12729,	Delta[s+](2) = 0.0298131,	Delta[s+](3) = 0.12729,	Delta[s+](4) = 0.12729,	Delta[s+](5) = 0.0695382,	
	Delta[s+](6) = 0.0134545,	Delta[s+](7) = 0.0695382,	Delta[s+](8) = 0.0298131,	Delta[s+](9) = 0.0134545,	Delta[s+](10) = 0.00235397,	
	Delta[s+](11) = 0.0134545,	Delta[s+](12) = 0.12729,	Delta[s+](13) = 0.0695382,	Delta[s+](14) = 0.0134545,	Delta[s+](15) = 0.0695382
	
The 0-th iteration is completed.	|| time cost : 0h 0m 5.493s
********************************************************************************************************************
Start the 1 rounds of NGS-ED iteration
	effective electronic model is modified as: kinetic energy t = 0.925698
	                                           effective interaction Vq = [      -8.45,  -0.593035, -0.0051775,  -0.593035,  -0.593035,-0.00561733,  -0.154566,-0.00561733, -0.0051775,  -0.154566,   -4.31026,  -0.154566,  -0.593035,-0.00561733,  -0.154566,-0.00561733]
	PARPACK diagonalization completed after 30 matrix-vector product operations.
	iteration results: : total energy is -54.031007 | electron energy -54.752080 + phonon energy 0.721073 | electron momentum kIdx = 10
The 1-th iteration is completed.	|| time cost : 0h 0m 3.65s
********************************************************************************************************************
Start the 2 rounds of NGS-ED iteration
	effective electronic model is modified as: kinetic energy t = 0.851577
	                                           effective interaction Vq = [      -8.45,  -0.161754,-0.00287355,  -0.161754,  -0.161754,-0.00287958, -0.0695655,-0.00287958,-0.00287355, -0.0695655,   -6.02886, -0.0695655,  -0.161754,-0.00287958, -0.0695655,-0.00287958]
	PARPACK diagonalization completed after 30 matrix-vector product operations.
	iteration results: : total energy is -59.162277 | electron energy -60.130383 + phonon energy 0.968106 | electron momentum kIdx = 10
The 2-th iteration is completed.	|| time cost : 0h 0m 1.143s
********************************************************************************************************************
Start the 3 rounds of NGS-ED iteration
	effective electronic model is modified as: kinetic energy t = 0.815591
	                                           effective interaction Vq = [      -8.45,  -0.102523,-0.00198496,  -0.102523,  -0.102523,-0.00197807, -0.0479781,-0.00197807,-0.00198496, -0.0479781,   -6.04003, -0.0479781,  -0.102523,-0.00197807, -0.0479781,-0.00197807]
	PARPACK diagonalization completed after 135 matrix-vector product operations.
	iteration results: : total energy is -59.281313 | electron energy -60.044660 + phonon energy 0.763347 | electron momentum kIdx = 10
The 3-th iteration is completed.	|| time cost : 0h 0m 1.561s
********************************************************************************************************************
Start the 4 rounds of NGS-ED iteration
	effective electronic model is modified as: kinetic energy t = 0.816369
	                                           effective interaction Vq = [      -8.45,  -0.101094,-0.00195591,  -0.101094,  -0.101094, -0.0019469, -0.0469899,-0.00195801,-0.00195591, -0.0469899,      -6.04, -0.0469899,  -0.101094,-0.00195801, -0.0469899, -0.0019469]
	PARPACK diagonalization completed after 30 matrix-vector product operations.
	iteration results: : total energy is -59.281332 | electron energy -60.048395 + phonon energy 0.767063 | electron momentum kIdx = 10
The 4-th iteration is completed.	|| time cost : 0h 0m 1.161s
********************************************************************************************************************
Start the 5 rounds of NGS-ED iteration
	effective electronic model is modified as: kinetic energy t = 0.816456
	                                           effective interaction Vq = [      -8.45,  -0.101183,-0.00195746,  -0.101183,  -0.101183,-0.00194844, -0.0470246,-0.00195959,-0.00195746, -0.0470246,   -6.03998, -0.0470246,  -0.101183,-0.00195959, -0.0470246,-0.00194844]
	PARPACK diagonalization completed after 30 matrix-vector product operations.
	iteration results: : total energy is -59.281332 | electron energy -60.048810 + phonon energy 0.767478 | electron momentum kIdx = 10
The 5-th iteration is completed.	|| time cost : 0h 0m 1.162s
********************************************************************************************************************
Start the 6 rounds of NGS-ED iteration
	effective electronic model is modified as: kinetic energy t = 0.816468
	                                           effective interaction Vq = [      -8.45,  -0.101195,-0.00195766,  -0.101195,  -0.101195,-0.00194864, -0.0470292, -0.0019598,-0.00195766, -0.0470292,   -6.03998, -0.0470292,  -0.101195, -0.0019598, -0.0470292,-0.00194864]
	PARPACK diagonalization completed after 30 matrix-vector product operations.
	iteration results: : total energy is -59.281332 | electron energy -60.048866 + phonon energy 0.767534 | electron momentum kIdx = 10
The 6-th iteration is completed.	|| time cost : 0h 0m 1.147s
********************************************************************************************************************
Start the 7 rounds of NGS-ED iteration
	effective electronic model is modified as: kinetic energy t = 0.816469
	                                           effective interaction Vq = [      -8.45,  -0.101196,-0.00195769,  -0.101196,  -0.101196,-0.00194867, -0.0470298,-0.00195983,-0.00195769, -0.0470298,   -6.03998, -0.0470298,  -0.101196,-0.00195983, -0.0470298,-0.00194867]
	PARPACK diagonalization completed after 30 matrix-vector product operations.
	iteration results: : total energy is -59.281332 | electron energy -60.048873 + phonon energy 0.767541 | electron momentum kIdx = 10
The 7-th iteration is completed.	|| time cost : 0h 0m 1.145s
********************************************************************************************************************
Start the 8 rounds of NGS-ED iteration
	effective electronic model is modified as: kinetic energy t = 0.816469
	                                           effective interaction Vq = [      -8.45,  -0.101196,-0.00195769,  -0.101196,  -0.101196,-0.00194867, -0.0470299,-0.00195983,-0.00195769, -0.0470299,   -6.03998, -0.0470299,  -0.101196,-0.00195983, -0.0470299,-0.00194867]
	PARPACK diagonalization completed after 30 matrix-vector product operations.
	iteration results: : total energy is -59.281332 | electron energy -60.048874 + phonon energy 0.767542 | electron momentum kIdx = 10
The 8-th iteration is completed.	|| time cost : 0h 0m 1.164s
********************************************************************************************************************
Start the 9 rounds of NGS-ED iteration
	effective electronic model is modified as: kinetic energy t = 0.816469
	                                           effective interaction Vq = [      -8.45,  -0.101196, -0.0019577,  -0.101196,  -0.101196,-0.00194868, -0.0470299,-0.00195983, -0.0019577, -0.0470299,   -6.03998, -0.0470299,  -0.101196,-0.00195983, -0.0470299,-0.00194868]
	PARPACK diagonalization completed after 30 matrix-vector product operations.
	iteration results: : total energy is -59.281332 | electron energy -60.048874 + phonon energy 0.767542 | electron momentum kIdx = 10
The 9-th iteration is completed.	|| time cost : 0h 0m 1.159s
********************************************************************************************************************
Start the 10 rounds of NGS-ED iteration
	effective electronic model is modified as: kinetic energy t = 0.816469
	                                           effective interaction Vq = [      -8.45,  -0.101196, -0.0019577,  -0.101196,  -0.101196,-0.00194868, -0.0470299,-0.00195983, -0.0019577, -0.0470299,   -6.03998, -0.0470299,  -0.101196,-0.00195983, -0.0470299,-0.00194868]
	PARPACK diagonalization completed after 30 matrix-vector product operations.
	iteration results: : total energy is -59.281332 | electron energy -60.048874 + phonon energy 0.767542 | electron momentum kIdx = 10
	Nq(0) = 4,	Nq(1) = 0.0141614,	Nq(2) = 0.0269868,	Nq(3) = 0.0141614,	Nq(4) = 0.0141614,	Nq(5) = 0.0268587,	
	Nq(6) = 0.0385153,	Nq(7) = 0.0270171,	Nq(8) = 0.0269868,	Nq(9) = 0.0385153,	Nq(10) = 3.64855,	
	Nq(11) = 0.0385153,	Nq(12) = 0.0141614,	Nq(13) = 0.0270171,	Nq(14) = 0.0385153,	Nq(15) = 0.0268587;	
	Sq(0) = 1.00928e-19,	Sq(1) = 0.336113,	Sq(2) = 0.999306,	Sq(3) = 0.336113,	Sq(4) = 0.336113,	
	Sq(5) = 0.659317,	Sq(6) = 0.346616,	Sq(7) = 0.940835,	Sq(8) = 0.999306,	Sq(9) = 0.346616,	
	Sq(10) = 0.0491915,	Sq(11) = 0.346616,	Sq(12) = 0.336113,	Sq(13) = 0.940835,	Sq(14) = 0.346616,	
	Sq(15) = 0.659317;	N(0) = 0.952568,	N(1) = 0.655563,	N(2) = 0.454844,	N(3) = 0.655563,	
	N(4) = 0.655563,	N(5) = 0.478209,	N(6) = 0.344448,	N(7) = 0.458861,	N(8) = 0.454844,	
	N(9) = 0.344448,	N(10) = 0.263559,	N(11) = 0.344448,	N(12) = 0.655563,	N(13) = 0.458861,	
	N(14) = 0.344448,	N(15) = 0.478209;	Delta[s](0) = 0.00162275,	Delta[s](1) = 0.000829981,	Delta[s](2) = 0.000392942,	
	Delta[s](3) = 0.000829981,	Delta[s](4) = 0.000829981,	Delta[s](5) = 0.000525257,	Delta[s](6) = 0.000481961,	Delta[s](7) = 0.000428844,	
	Delta[s](8) = 0.000392942,	Delta[s](9) = 0.000481961,	Delta[s](10) = 0.000924545,	Delta[s](11) = 0.000481961,	Delta[s](12) = 0.000829981,	
	Delta[s](13) = 0.000428844,	Delta[s](14) = 0.000481961,	Delta[s](15) = 0.000525257;	Delta[d](0) = 0.00881883,	Delta[d](1) = 0.00643742,	
	Delta[d](2) = 0.00694518,	Delta[d](3) = 0.00643742,	Delta[d](4) = 0.00643742,	Delta[d](5) = 0.00230373,	Delta[d](6) = 0.00164843,	
	Delta[d](7) = 0.00252254,	Delta[d](8) = 0.00694518,	Delta[d](9) = 0.00164843,	Delta[d](10) = 2.2201e-05,	Delta[d](11) = 0.00164843,	
	Delta[d](12) = 0.00643742,	Delta[d](13) = 0.00252254,	Delta[d](14) = 0.00164843,	Delta[d](15) = 0.00230373;	Delta[s+](0) = 0.0348284,	
	Delta[s+](1) = 0.0184845,	Delta[s+](2) = 0.00694518,	Delta[s+](3) = 0.0184845,	Delta[s+](4) = 0.0184845,	Delta[s+](5) = 0.00836561,	
	Delta[s+](6) = 0.00182077,	Delta[s+](7) = 0.00796954,	Delta[s+](8) = 0.00694518,	Delta[s+](9) = 0.00182077,	Delta[s+](10) = 1.59709e-05,	
	Delta[s+](11) = 0.00182077,	Delta[s+](12) = 0.0184845,	Delta[s+](13) = 0.00796954,	Delta[s+](14) = 0.00182077,	Delta[s+](15) = 0.00836561
	
The 10-th iteration is completed.	|| time cost : 0h 0m 3.332s
********************************************************************************************************************
********************************************************************************************************************
Ground state is obtained after 11 iterations. The current ground-state energy is -59.2813, in which electron energy is -60.0489 and phonon energy is 0.767542
Final variational state is: 
	Gamma_x = [      1,1.00712,1.00026,1.00712,1.00712,1.00026,1.00901,1.00026,1.00026,1.00901,17.2925,1.00901,1.00712,1.00026,1.00901,1.00026]
	lambda_q = [       6.5, 0.0730454,0.00988621, 0.0730454, 0.0730454,0.00984021,-0.0474808, 0.0098971,0.00988621,-0.0474808,  -5.27618,-0.0474808, 0.0730454, 0.0098971,-0.0474808,0.00984021]
Effective e-e interactions mediated by phonons are:
	momentum-space Vq = [      -8.45,  -0.101196, -0.0019577,  -0.101196,  -0.101196,-0.00194868, -0.0470299,-0.00195983, -0.0019577, -0.0470299,   -6.03998, -0.0470299,  -0.101196,-0.00195983, -0.0470299,-0.00194868]
	real-space Vr = [-0.943414,-0.157397, -0.90538,-0.157397,-0.157397, -0.90538,-0.143855,-0.905378, -0.90538,-0.143855,  -0.8693,-0.143855,-0.157397,-0.905378,-0.143855, -0.90538]
********************************************************************************************************************
o___o  ----------------------------------------
| L |	Time since last clock: 0h 0m 0.02s
A===A	Time since the beginning: 0h 0m 22.143s
***********************************************


Non-Gaussina ED ground state calculation is completed. The final ground-state energy is -59.2813
********************************************************************************************************************
o___o  ----------------------------------------
| L |	Time since last clock: 0h 0m 0.011s
A===A	Time since the beginning: 0h 0m 22.154s
***********************************************



********************************************************************************************************************
All non-Gaussian ED ground state calculations have been completed. Exit now.
