TACC:  Starting up job 4310493 
TACC:  Starting parallel tasks... 
SNEDics v3.4 Non-Gaussian ED ground state program		Start at Wed Sep 11 04:17:45 2019

parallized on 32 MPI threads  * 6 OpenMP threads = 192 total threads.
********************************************************************************************************************
********************************************************************************************************************

********************************************************************************************************************
System parameters and configurations
********************************************************************************************************************
Special program options are enabled: splitted diagonal Hamiltonian
********************************************************************************************************************
Read input file "model_params.in"
	Hubbard-Holstein model parameters : 	t = 1    U = 7.2    g = 4.4721    W = 5    
********************************************************************************************************************
Read input file "hilbertspace_params.in"
	Requested 16-site 2D lattice, with 16 electrons (8, 8)
	Boundary : Periodic		Hilbert space representation : momentum-space (restricted to kIdx = 0)
	Conservation: particle number[U(1)]      spin[U(1)]     momentum
********************************************************************************************************************

Cluster Positions:				Cluster symmetry group : D4
 x ... x ... x ... x .....                       x ... x ... x ... x .....
 |           |           :                       |           |           :
 |           |           :                       |           |           :
12    13    14    15     x                       1     5     6     5     x
 |           |           :                       |           |           :
 |           |           :                       |           |           :
 8 --- 9 ---10 ---11 --- x                       2 --- 6 ---10 --- 6 --- x
 |           |           :                       |           |           :
 |           |           :                       |           |           :
 4     5     6     7     x                       1     5     6     5     x
 |           |           :                       |           |           :
 |           |           :                       |           |           :
 0 --- 1 --- 2 --- 3 --- x                       0 --- 1 --- 2 --- 1 --- x
orbital number : 1
********************************************************************************************************************
Read input file "obs_params.in"
	Observable Type : Nq(All),   Sq(All),   N(All),   Delta[s](All),   Delta[d](All),   Delta[s+](All)
********************************************************************************************************************
** WARNING ** the input observables have non-local factors which have been reinterpreted. The total observable number is 96
********************************************************************************************************************


********************************************************************************************************************
Start calculating the non-Gaussian ED ground state
Input file varState.dat exists. Start iterations from it.
open output files: NGSEDIterationObs.txt
********************************************************************************************************************
Start the 0 rounds of NGS-ED iteration
	effective electronic model is modified as: kinetic energy t = 0.716083
	                                           effective interaction Vq = [-3.99994,-3.87677,-3.54343,-3.87677,-3.87677,-3.54343,-3.68243,-3.54343,-3.54343,-3.68243,-3.46388,-3.68243,-3.87677,-3.54343,-3.68243,-3.54343]
	first Hamiltonian is constructed, non-zero numbers = 12310855584
	PARPACK diagonalization completed after 210 matrix-vector product operations.
	iteration results: : total energy is -81.170320 | electron energy -81.642146 + phonon energy 0.471825 | electron momentum kIdx = 0
	Nq(0) = 16,	Nq(1) = 0.453143,	Nq(2) = 0.368035,	Nq(3) = 0.453143,	Nq(4) = 0.453143,	Nq(5) = 0.368035,	Nq(6) = 0.66203,	Nq(7) = 0.368035,	Nq(8) = 0.368035,	Nq(9) = 0.662031,	Nq(10) = 0.595498,	Nq(11) = 0.662031,	Nq(12) = 0.453143,	Nq(13) = 0.368035,	Nq(14) = 0.66203,	Nq(15) = 0.368035,	Sq(0) = -7.69419e-18,	Sq(1) = 0.361026,	Sq(2) = 0.528639,	Sq(3) = 0.361026,	Sq(4) = 0.361026,	Sq(5) = 0.52864,	Sq(6) = 0.604151,	Sq(7) = 0.52864,	Sq(8) = 0.52864,	Sq(9) = 0.604151,	Sq(10) = 1.70305,	Sq(11) = 0.604151,	Sq(12) = 0.361026,	Sq(13) = 0.52864,	Sq(14) = 0.604151,	Sq(15) = 0.52864,	N(0) = 1.99961,	N(1) = 1.99524,	N(2) = 1,	N(3) = 1.99524,	N(4) = 1.99524,	N(5) = 1,	N(6) = 0.00475908,	N(7) = 1,	N(8) = 0.999999,	N(9) = 0.00475908,	N(10) = 0.000393944,	N(11) = 0.00475908,	N(12) = 1.99524,	N(13) = 1,	N(14) = 0.00475908,	N(15) = 0.999999,	Delta[s](0) = 0.251945,	Delta[s](1) = 0.252949,	Delta[s](2) = 0.219496,	Delta[s](3) = 0.252949,	Delta[s](4) = 0.252949,	Delta[s](5) = 0.219496,	Delta[s](6) = 0.219818,	Delta[s](7) = 0.219496,	Delta[s](8) = 0.219496,	Delta[s](9) = 0.219818,	Delta[s](10) = 0.172214,	Delta[s](11) = 0.219818,	Delta[s](12) = 0.252949,	Delta[s](13) = 0.219496,	Delta[s](14) = 0.219818,	Delta[s](15) = 0.219496,	Delta[d](0) = 0.559949,	Delta[d](1) = 0.357346,	Delta[d](2) = 0.31733,	Delta[d](3) = 0.357346,	Delta[d](4) = 0.357346,	Delta[d](5) = 0.36294,	Delta[d](6) = 0.288167,	Delta[d](7) = 0.36294,	Delta[d](8) = 0.31733,	Delta[d](9) = 0.288167,	Delta[d](10) = 0.179797,	Delta[d](11) = 0.288167,	Delta[d](12) = 0.357346,	Delta[d](13) = 0.36294,	Delta[d](14) = 0.288167,	Delta[d](15) = 0.36294,	Delta[s+](0) = 0.541536,	Delta[s+](1) = 0.448544,	Delta[s+](2) = 0.31733,	Delta[s+](3) = 0.448544,	Delta[s+](4) = 0.448544,	Delta[s+](5) = 0.31733,	Delta[s+](6) = 0.179906,	Delta[s+](7) = 0.31733,	Delta[s+](8) = 0.31733,	Delta[s+](9) = 0.179906,	Delta[s+](10) = 0.0808501,	Delta[s+](11) = 0.179906,	Delta[s+](12) = 0.448544,	Delta[s+](13) = 0.31733,	Delta[s+](14) = 0.179906,	Delta[s+](15) = 0.31733
The 0-th iteration is completed.	|| time cost : 0h 9m 54.164s
********************************************************************************************************************
Start the 1 rounds of NGS-ED iteration
	effective electronic model is modified as: kinetic energy t = 0.716076
	                                           effective interaction Vq = [-3.99994,-3.87679,-3.54344,-3.87679,-3.87679,-3.54344,-3.68248,-3.54344,-3.54344,-3.68248,-3.46389,-3.68248,-3.87679,-3.54344,-3.68248,-3.54344]
	PARPACK diagonalization completed after 30 matrix-vector product operations.
	iteration results: : total energy is -81.170321 | electron energy -81.642178 + phonon energy 0.471858 | electron momentum kIdx = 0
The 1-th iteration is completed.	|| time cost : 0h 0m 24.2s
********************************************************************************************************************
Start the 2 rounds of NGS-ED iteration
	effective electronic model is modified as: kinetic energy t = 0.716071
	                                           effective interaction Vq = [-3.99994,-3.87681,-3.54345,-3.87681,-3.87681,-3.54345,-3.68251,-3.54345,-3.54345,-3.68251, -3.4639,-3.68251,-3.87681,-3.54345,-3.68251,-3.54345]
	PARPACK diagonalization completed after 30 matrix-vector product operations.
	iteration results: : total energy is -81.170321 | electron energy -81.642200 + phonon energy 0.471880 | electron momentum kIdx = 0
The 2-th iteration is completed.	|| time cost : 0h 0m 24.285s
********************************************************************************************************************
Start the 3 rounds of NGS-ED iteration
	effective electronic model is modified as: kinetic energy t = 0.716068
	                                           effective interaction Vq = [-3.99994,-3.87682,-3.54345,-3.87682,-3.87682,-3.54345,-3.68254,-3.54345,-3.54345,-3.68254, -3.4639,-3.68254,-3.87682,-3.54345,-3.68254,-3.54345]
	PARPACK diagonalization completed after 30 matrix-vector product operations.
	iteration results: : total energy is -81.170321 | electron energy -81.642215 + phonon energy 0.471894 | electron momentum kIdx = 0
The 3-th iteration is completed.	|| time cost : 0h 0m 24.162s
********************************************************************************************************************
Start the 4 rounds of NGS-ED iteration
	effective electronic model is modified as: kinetic energy t = 0.716066
	                                           effective interaction Vq = [-3.99994,-3.87682,-3.54345,-3.87682,-3.87682,-3.54345,-3.68255,-3.54345,-3.54345,-3.68255, -3.4639,-3.68255,-3.87682,-3.54345,-3.68255,-3.54345]
	PARPACK diagonalization completed after 30 matrix-vector product operations.
	iteration results: : total energy is -81.170321 | electron energy -81.642224 + phonon energy 0.471904 | electron momentum kIdx = 0
The 4-th iteration is completed.	|| time cost : 0h 0m 24.287s
********************************************************************************************************************
Start the 5 rounds of NGS-ED iteration
	effective electronic model is modified as: kinetic energy t = 0.716064
	                                           effective interaction Vq = [-3.99994,-3.87683,-3.54346,-3.87683,-3.87683,-3.54346,-3.68256,-3.54346,-3.54346,-3.68256, -3.4639,-3.68256,-3.87683,-3.54346,-3.68256,-3.54346]
	PARPACK diagonalization completed after 30 matrix-vector product operations.
	iteration results: : total energy is -81.170321 | electron energy -81.642231 + phonon energy 0.471910 | electron momentum kIdx = 0
The 5-th iteration is completed.	|| time cost : 0h 0m 24.905s
********************************************************************************************************************
Start the 6 rounds of NGS-ED iteration
	effective electronic model is modified as: kinetic energy t = 0.716063
	                                           effective interaction Vq = [-3.99994,-3.87683,-3.54346,-3.87683,-3.87683,-3.54346,-3.68257,-3.54346,-3.54346,-3.68257, -3.4639,-3.68257,-3.87683,-3.54346,-3.68257,-3.54346]
	PARPACK diagonalization completed after 30 matrix-vector product operations.
	iteration results: : total energy is -81.170321 | electron energy -81.642235 + phonon energy 0.471915 | electron momentum kIdx = 0
The 6-th iteration is completed.	|| time cost : 0h 0m 24.909s
********************************************************************************************************************
Start the 7 rounds of NGS-ED iteration
	effective electronic model is modified as: kinetic energy t = 0.716063
	                                           effective interaction Vq = [-3.99994,-3.87683,-3.54346,-3.87683,-3.87683,-3.54346,-3.68258,-3.54346,-3.54346,-3.68258, -3.4639,-3.68258,-3.87683,-3.54346,-3.68258,-3.54346]
	PARPACK diagonalization completed after 30 matrix-vector product operations.
	iteration results: : total energy is -81.170321 | electron energy -81.642238 + phonon energy 0.471918 | electron momentum kIdx = 0
The 7-th iteration is completed.	|| time cost : 0h 0m 24.211s
********************************************************************************************************************
Start the 8 rounds of NGS-ED iteration
	effective electronic model is modified as: kinetic energy t = 0.716062
	                                           effective interaction Vq = [-3.99994,-3.87683,-3.54346,-3.87683,-3.87683,-3.54346,-3.68258,-3.54346,-3.54346,-3.68258,-3.46391,-3.68258,-3.87683,-3.54346,-3.68258,-3.54346]
	PARPACK diagonalization completed after 30 matrix-vector product operations.
	iteration results: : total energy is -81.170321 | electron energy -81.642240 + phonon energy 0.471920 | electron momentum kIdx = 0
The 8-th iteration is completed.	|| time cost : 0h 0m 22.634s
********************************************************************************************************************
Start the 9 rounds of NGS-ED iteration
	effective electronic model is modified as: kinetic energy t = 0.716062
	                                           effective interaction Vq = [-3.99994,-3.87683,-3.54346,-3.87683,-3.87683,-3.54346,-3.68258,-3.54346,-3.54346,-3.68258,-3.46391,-3.68258,-3.87683,-3.54346,-3.68258,-3.54346]
	PARPACK diagonalization completed after 30 matrix-vector product operations.
	iteration results: : total energy is -81.170321 | electron energy -81.642242 + phonon energy 0.471921 | electron momentum kIdx = 0
The 9-th iteration is completed.	|| time cost : 0h 0m 20.573s
********************************************************************************************************************
Start the 10 rounds of NGS-ED iteration
	effective electronic model is modified as: kinetic energy t = 0.716062
	                                           effective interaction Vq = [-3.99994,-3.87683,-3.54346,-3.87683,-3.87683,-3.54346,-3.68258,-3.54346,-3.54346,-3.68258,-3.46391,-3.68258,-3.87683,-3.54346,-3.68258,-3.54346]
	PARPACK diagonalization completed after 30 matrix-vector product operations.
	iteration results: : total energy is -81.170321 | electron energy -81.642242 + phonon energy 0.471922 | electron momentum kIdx = 0
	Nq(0) = 16,	Nq(1) = 0.453169,	Nq(2) = 0.368031,	Nq(3) = 0.453169,	Nq(4) = 0.453171,	Nq(5) = 0.368032,	Nq(6) = 0.66209,	Nq(7) = 0.368032,	Nq(8) = 0.368032,	Nq(9) = 0.662091,	Nq(10) = 0.595492,	Nq(11) = 0.662091,	Nq(12) = 0.453171,	Nq(13) = 0.368032,	Nq(14) = 0.66209,	Nq(15) = 0.368032,	Sq(0) = -2.68328e-19,	Sq(1) = 0.361013,	Sq(2) = 0.528625,	Sq(3) = 0.361013,	Sq(4) = 0.361015,	Sq(5) = 0.528626,	Sq(6) = 0.604133,	Sq(7) = 0.528626,	Sq(8) = 0.528627,	Sq(9) = 0.604134,	Sq(10) = 1.70293,	Sq(11) = 0.604134,	Sq(12) = 0.361015,	Sq(13) = 0.528626,	Sq(14) = 0.604133,	Sq(15) = 0.528626,	N(0) = 1.99961,	N(1) = 1.99524,	N(2) = 1.00001,	N(3) = 1.99524,	N(4) = 1.99524,	N(5) = 1,	N(6) = 0.00476318,	N(7) = 1,	N(8) = 0.999995,	N(9) = 0.00476318,	N(10) = 0.000394637,	N(11) = 0.00476318,	N(12) = 1.99524,	N(13) = 1,	N(14) = 0.00476318,	N(15) = 1,	Delta[s](0) = 0.251952,	Delta[s](1) = 0.252959,	Delta[s](2) = 0.219505,	Delta[s](3) = 0.252959,	Delta[s](4) = 0.252959,	Delta[s](5) = 0.219505,	Delta[s](6) = 0.219829,	Delta[s](7) = 0.219505,	Delta[s](8) = 0.219505,	Delta[s](9) = 0.219829,	Delta[s](10) = 0.172227,	Delta[s](11) = 0.219829,	Delta[s](12) = 0.252959,	Delta[s](13) = 0.219505,	Delta[s](14) = 0.219829,	Delta[s](15) = 0.219505,	Delta[d](0) = 0.559931,	Delta[d](1) = 0.357341,	Delta[d](2) = 0.317327,	Delta[d](3) = 0.357341,	Delta[d](4) = 0.35734,	Delta[d](5) = 0.362937,	Delta[d](6) = 0.288166,	Delta[d](7) = 0.362937,	Delta[d](8) = 0.317326,	Delta[d](9) = 0.288165,	Delta[d](10) = 0.179803,	Delta[d](11) = 0.288165,	Delta[d](12) = 0.35734,	Delta[d](13) = 0.362937,	Delta[d](14) = 0.288166,	Delta[d](15) = 0.362937,	Delta[s+](0) = 0.541523,	Delta[s+](1) = 0.448534,	Delta[s+](2) = 0.317327,	Delta[s+](3) = 0.448534,	Delta[s+](4) = 0.448534,	Delta[s+](5) = 0.317327,	Delta[s+](6) = 0.179908,	Delta[s+](7) = 0.317327,	Delta[s+](8) = 0.317326,	Delta[s+](9) = 0.179908,	Delta[s+](10) = 0.0808552,	Delta[s+](11) = 0.179908,	Delta[s+](12) = 0.448534,	Delta[s+](13) = 0.317327,	Delta[s+](14) = 0.179908,	Delta[s+](15) = 0.317327
The 10-th iteration is completed.	|| time cost : 0h 3m 52.624s
********************************************************************************************************************
Start the 11 rounds of NGS-ED iteration
	effective electronic model is modified as: kinetic energy t = 0.716062
	                                           effective interaction Vq = [-3.99994,-3.87683,-3.54346,-3.87683,-3.87684,-3.54346,-3.68258,-3.54346,-3.54346,-3.68258,-3.46391,-3.68258,-3.87684,-3.54346,-3.68258,-3.54346]
	PARPACK diagonalization completed after 30 matrix-vector product operations.
	iteration results: : total energy is -81.170321 | electron energy -81.642243 + phonon energy 0.471922 | electron momentum kIdx = 0
The 11-th iteration is completed.	|| time cost : 0h 0m 20.601s
********************************************************************************************************************
Start the 12 rounds of NGS-ED iteration
	effective electronic model is modified as: kinetic energy t = 0.716061
	                                           effective interaction Vq = [-3.99994,-3.87684,-3.54346,-3.87684,-3.87684,-3.54346,-3.68258,-3.54346,-3.54346,-3.68259,-3.46391,-3.68259,-3.87684,-3.54346,-3.68258,-3.54346]
	PARPACK diagonalization completed after 30 matrix-vector product operations.
	iteration results: : total energy is -81.170321 | electron energy -81.642243 + phonon energy 0.471923 | electron momentum kIdx = 0
	Nq(0) = 16,	Nq(1) = 0.453168,	Nq(2) = 0.368031,	Nq(3) = 0.453168,	Nq(4) = 0.453171,	Nq(5) = 0.368032,	Nq(6) = 0.66209,	Nq(7) = 0.368032,	Nq(8) = 0.368033,	Nq(9) = 0.662092,	Nq(10) = 0.595492,	Nq(11) = 0.662092,	Nq(12) = 0.453171,	Nq(13) = 0.368032,	Nq(14) = 0.66209,	Nq(15) = 0.368032,	Sq(0) = 6.00358e-19,	Sq(1) = 0.361013,	Sq(2) = 0.528625,	Sq(3) = 0.361013,	Sq(4) = 0.361015,	Sq(5) = 0.528626,	Sq(6) = 0.604132,	Sq(7) = 0.528626,	Sq(8) = 0.528627,	Sq(9) = 0.604134,	Sq(10) = 1.70293,	Sq(11) = 0.604134,	Sq(12) = 0.361015,	Sq(13) = 0.528626,	Sq(14) = 0.604132,	Sq(15) = 0.528626,	N(0) = 1.99961,	N(1) = 1.99524,	N(2) = 1.00001,	N(3) = 1.99524,	N(4) = 1.99524,	N(5) = 1,	N(6) = 0.00476322,	N(7) = 1,	N(8) = 0.999992,	N(9) = 0.00476322,	N(10) = 0.000394645,	N(11) = 0.00476322,	N(12) = 1.99524,	N(13) = 1,	N(14) = 0.00476322,	N(15) = 1,	Delta[s](0) = 0.251952,	Delta[s](1) = 0.252959,	Delta[s](2) = 0.219505,	Delta[s](3) = 0.252959,	Delta[s](4) = 0.252959,	Delta[s](5) = 0.219505,	Delta[s](6) = 0.219829,	Delta[s](7) = 0.219505,	Delta[s](8) = 0.219505,	Delta[s](9) = 0.219829,	Delta[s](10) = 0.172227,	Delta[s](11) = 0.219829,	Delta[s](12) = 0.252959,	Delta[s](13) = 0.219505,	Delta[s](14) = 0.219829,	Delta[s](15) = 0.219505,	Delta[d](0) = 0.559931,	Delta[d](1) = 0.357341,	Delta[d](2) = 0.317328,	Delta[d](3) = 0.357341,	Delta[d](4) = 0.35734,	Delta[d](5) = 0.362937,	Delta[d](6) = 0.288167,	Delta[d](7) = 0.362937,	Delta[d](8) = 0.317326,	Delta[d](9) = 0.288165,	Delta[d](10) = 0.179803,	Delta[d](11) = 0.288165,	Delta[d](12) = 0.35734,	Delta[d](13) = 0.362937,	Delta[d](14) = 0.288167,	Delta[d](15) = 0.362937,	Delta[s+](0) = 0.541523,	Delta[s+](1) = 0.448534,	Delta[s+](2) = 0.317328,	Delta[s+](3) = 0.448534,	Delta[s+](4) = 0.448534,	Delta[s+](5) = 0.317327,	Delta[s+](6) = 0.179908,	Delta[s+](7) = 0.317327,	Delta[s+](8) = 0.317326,	Delta[s+](9) = 0.179908,	Delta[s+](10) = 0.0808553,	Delta[s+](11) = 0.179908,	Delta[s+](12) = 0.448534,	Delta[s+](13) = 0.317327,	Delta[s+](14) = 0.179908,	Delta[s+](15) = 0.317327
The 12-th iteration is completed.	|| time cost : 0h 4m 23.068s
********************************************************************************************************************
********************************************************************************************************************
Ground state is obtained after 13 iterations. The current ground-state energy is -81.1703, in which electron energy is -81.6422 and phonon energy is 0.471923
final variational state is: 
	Gamma_x = [      1,1.11037,1.14036,1.11037,1.11037,1.14036,1.23705,1.14036,1.14036,1.23705,1.24526,1.23705,1.11037,1.14036,1.23705,1.14036]
	lambda_q = [ 0.89442,0.737512,0.592269,0.737512,0.737512,0.592269,0.642487,0.592269,0.592269,0.642487,0.566997,0.642487,0.737512,0.592269,0.642487,0.592269]
********************************************************************************************************************
o___o  ----------------------------------------
| L |	Time since last clock: 0h 0m 0s
A===A	Time since the beginning: 0h 22m 4.627s
***********************************************


Non-Gaussina ED ground state calculation is completed. The final ground-state energy is -81.1703
********************************************************************************************************************
o___o  ----------------------------------------
| L |	Time since last clock: 0h 0m 0.001s
A===A	Time since the beginning: 0h 22m 4.629s
***********************************************



********************************************************************************************************************
All non-Gaussian ED ground state calculations have been completed. Exit now.
TACC:  Shutdown complete. Exiting. 
