TACC:  Starting up job 1743438 
TACC:  Starting parallel tasks... 
SNEDics v3.4 Non-Gaussian ED ground state program		Start at Sat Oct 10 15:37:39 2020

parallized on 16 MPI threads  * 7 OpenMP threads = 112 total threads.
********************************************************************************************************************
********************************************************************************************************************

********************************************************************************************************************
System parameters and configurations
********************************************************************************************************************
Special program options are enabled: splitted diagonal Hamiltonian
********************************************************************************************************************
Read input file "model_params.in"
	Hubbard-Holstein model parameters : 	t = 1    U = 8    g = 0.12    W = 0.2    g' = 0.05    
********************************************************************************************************************
Read input file "hilbertspace_params.in"
	Requested 16-site 2D lattice, with 14 electrons (7, 7)
	Boundary : Periodic		Hilbert space representation : momentum-space (restricted to kIdx = 0)
	Conservation: particle number[U(1)]      spin[U(1)]     momentum
********************************************************************************************************************

Cluster Positions:				Cluster symmetry group : D4
 x ... x ... x ... x .....                       x ... x ... x ... x .....
 |           |           :                       |           |           :
 |           |           :                       |           |           :
12    13    14    15     x                       1     5     6     5     x
 |           |           :                       |           |           :
 |           |           :                       |           |           :
 8 --- 9 ---10 ---11 --- x                       2 --- 6 ---10 --- 6 --- x
 |           |           :                       |           |           :
 |           |           :                       |           |           :
 4     5     6     7     x                       1     5     6     5     x
 |           |           :                       |           |           :
 |           |           :                       |           |           :
 0 --- 1 --- 2 --- 3 --- x                       0 --- 1 --- 2 --- 1 --- x
orbital number : 1
********************************************************************************************************************
Read input file "obs_params.in"
	Observable Type : Nq(All),   Sq(All),   N(All),   Delta[s](All),   Delta[d](All),   Delta[s+](All)
********************************************************************************************************************
** WARNING ** the input observables have non-local factors which have been reinterpreted. The total observable number is 96
********************************************************************************************************************


********************************************************************************************************************
Start calculating the non-Gaussian ED ground state
** WARNING ** Detected low phonon energy W < 10. The initial state will be prepared through a warm-up process.
********************************************************************************************************************
Start warm-up calculation for scaling factor 64
open output files: NGSEDWarmUpW12.8Obs.txt
********************************************************************************************************************
Start the 0 rounds of NGS-ED iteration
	effective electronic model is modified as: kinetic energy t = 1
	                                           effective interaction Vq = [0,0,0,0,0,0,0,0,0,0,0,0,0,0,0,0]
	first Hamiltonian is constructed, non-zero numbers = 2178478298
	PARPACK diagonalization completed after 165 matrix-vector product operations.
	iteration results: : total energy is -11.868836 | electron energy -11.868836 + phonon energy 0.000000 | electron momentum kIdx = 0
	Nq(0) = 12.25,	Nq(1) = 0.154193,	Nq(2) = 0.185311,	Nq(3) = 0.154193,	Nq(4) = 0.154193,	Nq(5) = 0.203281,	Nq(6) = 0.235634,	Nq(7) = 0.203281,	Nq(8) = 0.185311,	Nq(9) = 0.235634,	Nq(10) = 0.275446,	Nq(11) = 0.235634,	Nq(12) = 0.154193,	Nq(13) = 0.203281,	Nq(14) = 0.235634,	Nq(15) = 0.203281,	Sq(0) = 1.11096e-18,	Sq(1) = 0.474292,	Sq(2) = 0.766364,	Sq(3) = 0.474292,	Sq(4) = 0.474292,	Sq(5) = 0.630724,	Sq(6) = 1.05279,	Sq(7) = 0.630724,	Sq(8) = 0.766364,	Sq(9) = 1.05279,	Sq(10) = 2.56755,	Sq(11) = 1.05279,	Sq(12) = 0.474292,	Sq(13) = 0.630724,	Sq(14) = 1.05279,	Sq(15) = 0.630724,	N(0) = 1.75464,	N(1) = 1.59086,	N(2) = 0.323321,	N(3) = 1.59086,	N(4) = 1.59086,	N(5) = 0.999881,	N(6) = 0.267546,	N(7) = 0.999881,	N(8) = 0.323321,	N(9) = 0.267546,	N(10) = 0.165565,	N(11) = 0.267546,	N(12) = 1.59086,	N(13) = 0.999881,	N(14) = 0.267546,	N(15) = 0.999881,	Delta[s](0) = 0.07912,	Delta[s](1) = 0.0591544,	Delta[s](2) = 0.0354364,	Delta[s](3) = 0.0591544,	Delta[s](4) = 0.0591544,	Delta[s](5) = 0.0422779,	Delta[s](6) = 0.0195617,	Delta[s](7) = 0.0422779,	Delta[s](8) = 0.0354364,	Delta[s](9) = 0.0195617,	Delta[s](10) = 0.000281366,	Delta[s](11) = 0.0195617,	Delta[s](12) = 0.0591544,	Delta[s](13) = 0.0422779,	Delta[s](14) = 0.0195617,	Delta[s](15) = 0.0422779,	Delta[d](0) = 0.278028,	Delta[d](1) = 0.19161,	Delta[d](2) = 0.201332,	Delta[d](3) = 0.19161,	Delta[d](4) = 0.19161,	Delta[d](5) = 0.178155,	Delta[d](6) = 0.133675,	Delta[d](7) = 0.178155,	Delta[d](8) = 0.201332,	Delta[d](9) = 0.133675,	Delta[d](10) = 0.0539786,	Delta[d](11) = 0.133675,	Delta[d](12) = 0.19161,	Delta[d](13) = 0.178155,	Delta[d](14) = 0.133675,	Delta[d](15) = 0.178155,	Delta[s+](0) = 0.564218,	Delta[s+](1) = 0.420142,	Delta[s+](2) = 0.201332,	Delta[s+](3) = 0.420142,	Delta[s+](4) = 0.420142,	Delta[s+](5) = 0.293699,	Delta[s+](6) = 0.127237,	Delta[s+](7) = 0.293699,	Delta[s+](8) = 0.201332,	Delta[s+](9) = 0.127237,	Delta[s+](10) = 0.0386439,	Delta[s+](11) = 0.127237,	Delta[s+](12) = 0.420142,	Delta[s+](13) = 0.293699,	Delta[s+](14) = 0.127237,	Delta[s+](15) = 0.293699
The 0-th iteration is completed.	|| time cost : 0h 6m 30.792s
********************************************************************************************************************
Start the 1 rounds of NGS-ED iteration
	effective electronic model is modified as: kinetic energy t = 0.998209
	                                           effective interaction Vq = [   -0.47242,  -0.209428, -0.0594794,  -0.209428,  -0.209428, -0.0601053,-0.00161701, -0.0601053, -0.0594794,-0.00161701, -0.0253586,-0.00161701,  -0.209428, -0.0601053,-0.00161701, -0.0601053]
	PARPACK diagonalization completed after 60 matrix-vector product operations.
	iteration results: : total energy is -17.835560 | electron energy -17.835563 + phonon energy 0.000003 | electron momentum kIdx = 0
The 1-th iteration is completed.	|| time cost : 0h 5m 15.223s
********************************************************************************************************************
Start the 2 rounds of NGS-ED iteration
	effective electronic model is modified as: kinetic energy t = 0.997504
	                                           effective interaction Vq = [   -0.50894,  -0.228034, -0.0643939,  -0.228034,  -0.228034,  -0.065167,-0.00174367,  -0.065167, -0.0643939,-0.00174367, -0.0272589,-0.00174367,  -0.228034,  -0.065167,-0.00174367,  -0.065167]
	PARPACK diagonalization completed after 45 matrix-vector product operations.
	iteration results: : total energy is -18.289230 | electron energy -18.289241 + phonon energy 0.000012 | electron momentum kIdx = 0
The 2-th iteration is completed.	|| time cost : 0h 0m 24.44s
********************************************************************************************************************
Start the 3 rounds of NGS-ED iteration
	effective electronic model is modified as: kinetic energy t = 0.997362
	                                           effective interaction Vq = [  -0.511763,  -0.230821, -0.0650586,  -0.230821,  -0.230821, -0.0658716,-0.00175957, -0.0658716, -0.0650586,-0.00175957, -0.0274822,-0.00175957,  -0.230821, -0.0658716,-0.00175957, -0.0658716]
	PARPACK diagonalization completed after 45 matrix-vector product operations.
	iteration results: : total energy is -18.324042 | electron energy -18.324058 + phonon energy 0.000016 | electron momentum kIdx = 0
The 3-th iteration is completed.	|| time cost : 0h 0m 24.413s
********************************************************************************************************************
Start the 4 rounds of NGS-ED iteration
	effective electronic model is modified as: kinetic energy t = 0.997335
	                                           effective interaction Vq = [  -0.511982,   -0.23134, -0.0651609,   -0.23134,   -0.23134, -0.0659848,-0.00176178, -0.0659848, -0.0651609,-0.00176178, -0.0275108,-0.00176178,   -0.23134, -0.0659848,-0.00176178, -0.0659848]
	PARPACK diagonalization completed after 45 matrix-vector product operations.
	iteration results: : total energy is -18.326724 | electron energy -18.326740 + phonon energy 0.000017 | electron momentum kIdx = 0
The 4-th iteration is completed.	|| time cost : 0h 0m 24.418s
********************************************************************************************************************
Start the 5 rounds of NGS-ED iteration
	effective electronic model is modified as: kinetic energy t = 0.99733
	                                           effective interaction Vq = [  -0.511999,  -0.231442, -0.0651769,  -0.231442,  -0.231442, -0.0660034,-0.00176209, -0.0660034, -0.0651769,-0.00176209, -0.0275146,-0.00176209,  -0.231442, -0.0660034,-0.00176209, -0.0660034]
	PARPACK diagonalization completed after 30 matrix-vector product operations.
	iteration results: : total energy is -18.326931 | electron energy -18.326948 + phonon energy 0.000017 | electron momentum kIdx = 0
	Nq(0) = 12.25,	Nq(1) = 0.15725,	Nq(2) = 0.186575,	Nq(3) = 0.15725,	Nq(4) = 0.15725,	Nq(5) = 0.20457,	Nq(6) = 0.236483,	Nq(7) = 0.20457,	Nq(8) = 0.186575,	Nq(9) = 0.236483,	Nq(10) = 0.277288,	Nq(11) = 0.236483,	Nq(12) = 0.15725,	Nq(13) = 0.20457,	Nq(14) = 0.236483,	Nq(15) = 0.20457,	Sq(0) = 2.31457e-18,	Sq(1) = 0.472132,	Sq(2) = 0.764105,	Sq(3) = 0.472132,	Sq(4) = 0.472132,	Sq(5) = 0.62928,	Sq(6) = 1.05196,	Sq(7) = 0.62928,	Sq(8) = 0.764105,	Sq(9) = 1.05196,	Sq(10) = 2.56466,	Sq(11) = 1.05196,	Sq(12) = 0.472132,	Sq(13) = 0.62928,	Sq(14) = 1.05196,	Sq(15) = 0.62928,	N(0) = 1.75862,	N(1) = 1.59695,	N(2) = 0.318742,	N(3) = 1.59695,	N(4) = 1.59695,	N(5) = 0.999028,	N(6) = 0.263979,	N(7) = 0.999028,	N(8) = 0.318742,	N(9) = 0.263979,	N(10) = 0.164087,	N(11) = 0.263979,	N(12) = 1.59695,	N(13) = 0.999028,	N(14) = 0.263979,	N(15) = 0.999028,	Delta[s](0) = 0.0804567,	Delta[s](1) = 0.0602243,	Delta[s](2) = 0.0361044,	Delta[s](3) = 0.0602243,	Delta[s](4) = 0.0602243,	Delta[s](5) = 0.0431659,	Delta[s](6) = 0.0200416,	Delta[s](7) = 0.0431659,	Delta[s](8) = 0.0361044,	Delta[s](9) = 0.0200416,	Delta[s](10) = 0.00043321,	Delta[s](11) = 0.0200416,	Delta[s](12) = 0.0602243,	Delta[s](13) = 0.0431659,	Delta[s](14) = 0.0200416,	Delta[s](15) = 0.0431659,	Delta[d](0) = 0.284382,	Delta[d](1) = 0.192666,	Delta[d](2) = 0.202437,	Delta[d](3) = 0.192666,	Delta[d](4) = 0.192666,	Delta[d](5) = 0.179093,	Delta[d](6) = 0.133945,	Delta[d](7) = 0.179093,	Delta[d](8) = 0.202437,	Delta[d](9) = 0.133945,	Delta[d](10) = 0.0543218,	Delta[d](11) = 0.133945,	Delta[d](12) = 0.192666,	Delta[d](13) = 0.179093,	Delta[d](14) = 0.133945,	Delta[d](15) = 0.179093,	Delta[s+](0) = 0.569226,	Delta[s+](1) = 0.423701,	Delta[s+](2) = 0.202437,	Delta[s+](3) = 0.423701,	Delta[s+](4) = 0.423701,	Delta[s+](5) = 0.295764,	Delta[s+](6) = 0.127654,	Delta[s+](7) = 0.295764,	Delta[s+](8) = 0.202437,	Delta[s+](9) = 0.127654,	Delta[s+](10) = 0.0386021,	Delta[s+](11) = 0.127654,	Delta[s+](12) = 0.423701,	Delta[s+](13) = 0.295764,	Delta[s+](14) = 0.127654,	Delta[s+](15) = 0.295764
The 5-th iteration is completed.	|| time cost : 0h 3m 58.851s
********************************************************************************************************************
********************************************************************************************************************
Ground state is obtained after 6 iterations. The current ground-state energy is -18.3269, in which electron energy is -18.3269 and phonon energy is 1.67647e-05
final variational state is: 
	Gamma_x = [      1,1.00098,1.00045,1.00098,1.00098,1.00047,1.00002,1.00047,1.00045,1.00002,1.00032,1.00002,1.00098,1.00047,1.00002,1.00047]
	lambda_q = [  0.199908,  0.108807, 0.0519164,  0.108807,  0.108807, 0.0533611,0.00818918, 0.0533611, 0.0519164,0.00818918,-0.0312814,0.00818918,  0.108807, 0.0533611,0.00818918, 0.0533611]
The effective e-e interactions mediated by phonons are: [     0.512,  0.231462, 0.0651795,  0.231462,  0.231462, 0.0660065,0.00176214, 0.0660065, 0.0651795,0.00176214,  0.027515,0.00176214,  0.231462, 0.0660065,0.00176214, 0.0660065]
The real-space interactions mediated by phonons are: [  -1.8668,-0.773571,-0.114255,-0.295875,-0.943885,  -0.5445,-0.114255,-0.173336,-0.405848,-0.173336,-0.114255,  -0.5445,-0.943885,-0.295875,-0.114255,-0.773571]
********************************************************************************************************************
o___o  ----------------------------------------
| L |	Time since last clock: 0h 0m 0s
A===A	Time since the beginning: 0h 16m 58.141s
***********************************************

********************************************************************************************************************
Start warm-up calculation for scaling factor 32
open output files: NGSEDWarmUpW6.4Obs.txt
********************************************************************************************************************
Start the 0 rounds of NGS-ED iteration
	effective electronic model is modified as: kinetic energy t = 0.997329
	                                           effective interaction Vq = [ -0.467979, -0.195054, -0.053234, -0.195054, -0.195054, -0.054222,-0.0014238, -0.054222, -0.053234,-0.0014238,-0.0220501,-0.0014238, -0.195054, -0.054222,-0.0014238, -0.054222]
	PARPACK diagonalization completed after 60 matrix-vector product operations.
	iteration results: : total energy is -17.748916 | electron energy -17.748925 + phonon energy 0.000008 | electron momentum kIdx = 0
	Nq(0) = 12.25,	Nq(1) = 0.156729,	Nq(2) = 0.186284,	Nq(3) = 0.156729,	Nq(4) = 0.156729,	Nq(5) = 0.204261,	Nq(6) = 0.236253,	Nq(7) = 0.204261,	Nq(8) = 0.186284,	Nq(9) = 0.236253,	Nq(10) = 0.276863,	Nq(11) = 0.236253,	Nq(12) = 0.156729,	Nq(13) = 0.204261,	Nq(14) = 0.236253,	Nq(15) = 0.204261,	Sq(0) = 4.89371e-19,	Sq(1) = 0.472452,	Sq(2) = 0.76455,	Sq(3) = 0.472452,	Sq(4) = 0.472452,	Sq(5) = 0.62955,	Sq(6) = 1.05232,	Sq(7) = 0.62955,	Sq(8) = 0.76455,	Sq(9) = 1.05232,	Sq(10) = 2.5652,	Sq(11) = 1.05232,	Sq(12) = 0.472452,	Sq(13) = 0.62955,	Sq(14) = 1.05232,	Sq(15) = 0.62955,	N(0) = 1.75779,	N(1) = 1.59571,	N(2) = 0.319731,	N(3) = 1.59571,	N(4) = 1.59571,	N(5) = 0.999162,	N(6) = 0.264702,	N(7) = 0.999162,	N(8) = 0.319731,	N(9) = 0.264702,	N(10) = 0.164457,	N(11) = 0.264702,	N(12) = 1.59571,	N(13) = 0.999162,	N(14) = 0.264702,	N(15) = 0.999162,	Delta[s](0) = 0.0800762,	Delta[s](1) = 0.0599522,	Delta[s](2) = 0.035981,	Delta[s](3) = 0.0599522,	Delta[s](4) = 0.0599522,	Delta[s](5) = 0.0429689,	Delta[s](6) = 0.0199939,	Delta[s](7) = 0.0429689,	Delta[s](8) = 0.035981,	Delta[s](9) = 0.0199939,	Delta[s](10) = 0.000504427,	Delta[s](11) = 0.0199939,	Delta[s](12) = 0.0599522,	Delta[s](13) = 0.0429689,	Delta[s](14) = 0.0199939,	Delta[s](15) = 0.0429689,	Delta[d](0) = 0.285111,	Delta[d](1) = 0.193997,	Delta[d](2) = 0.203689,	Delta[d](3) = 0.193997,	Delta[d](4) = 0.193997,	Delta[d](5) = 0.180273,	Delta[d](6) = 0.134935,	Delta[d](7) = 0.180273,	Delta[d](8) = 0.203689,	Delta[d](9) = 0.134935,	Delta[d](10) = 0.0547436,	Delta[d](11) = 0.134935,	Delta[d](12) = 0.193997,	Delta[d](13) = 0.180273,	Delta[d](14) = 0.134935,	Delta[d](15) = 0.180273,	Delta[s+](0) = 0.572001,	Delta[s+](1) = 0.425821,	Delta[s+](2) = 0.203689,	Delta[s+](3) = 0.425821,	Delta[s+](4) = 0.425821,	Delta[s+](5) = 0.297366,	Delta[s+](6) = 0.128543,	Delta[s+](7) = 0.297366,	Delta[s+](8) = 0.203689,	Delta[s+](9) = 0.128543,	Delta[s+](10) = 0.0389784,	Delta[s+](11) = 0.128543,	Delta[s+](12) = 0.425821,	Delta[s+](13) = 0.297366,	Delta[s+](14) = 0.128543,	Delta[s+](15) = 0.297366
The 0-th iteration is completed.	|| time cost : 0h 4m 4.501s
********************************************************************************************************************
Start the 1 rounds of NGS-ED iteration
	effective electronic model is modified as: kinetic energy t = 0.996857
	                                           effective interaction Vq = [  -0.499761,  -0.206842,  -0.055236,  -0.206842,  -0.206842, -0.0565548,-0.00146091, -0.0565548,  -0.055236,-0.00146091, -0.0223938,-0.00146091,  -0.206842, -0.0565548,-0.00146091, -0.0565548]
	PARPACK diagonalization completed after 45 matrix-vector product operations.
	iteration results: : total energy is -18.140356 | electron energy -18.140386 + phonon energy 0.000031 | electron momentum kIdx = 0
The 1-th iteration is completed.	|| time cost : 0h 0m 24.38s
********************************************************************************************************************
Start the 2 rounds of NGS-ED iteration
	effective electronic model is modified as: kinetic energy t = 0.996679
	                                           effective interaction Vq = [ -0.508597, -0.210871,-0.0558162, -0.210871, -0.210871,-0.0572568,-0.0014707,-0.0572568,-0.0558162,-0.0014707,-0.0224789,-0.0014707, -0.210871,-0.0572568,-0.0014707,-0.0572568]
	PARPACK diagonalization completed after 45 matrix-vector product operations.
	iteration results: : total energy is -18.248893 | electron energy -18.248938 + phonon energy 0.000046 | electron momentum kIdx = 0
The 2-th iteration is completed.	|| time cost : 0h 0m 24.4s
********************************************************************************************************************
Start the 3 rounds of NGS-ED iteration
	effective electronic model is modified as: kinetic energy t = 0.996613
	                                           effective interaction Vq = [  -0.511054,  -0.212337,  -0.055989,  -0.212337,  -0.212337, -0.0574751,-0.00147333, -0.0574751,  -0.055989,-0.00147333, -0.0225003,-0.00147333,  -0.212337, -0.0574751,-0.00147333, -0.0574751]
	PARPACK diagonalization completed after 45 matrix-vector product operations.
	iteration results: : total energy is -18.279030 | electron energy -18.279083 + phonon energy 0.000053 | electron momentum kIdx = 0
The 3-th iteration is completed.	|| time cost : 0h 0m 24.394s
********************************************************************************************************************
Start the 4 rounds of NGS-ED iteration
	effective electronic model is modified as: kinetic energy t = 0.996588
	                                           effective interaction Vq = [  -0.511737,  -0.212884, -0.0560409,  -0.212884,  -0.212884, -0.0575438,-0.00147404, -0.0575438, -0.0560409,-0.00147404, -0.0225057,-0.00147404,  -0.212884, -0.0575438,-0.00147404, -0.0575438]
	PARPACK diagonalization completed after 45 matrix-vector product operations.
	iteration results: : total energy is -18.287403 | electron energy -18.287460 + phonon energy 0.000056 | electron momentum kIdx = 0
The 4-th iteration is completed.	|| time cost : 0h 0m 24.388s
********************************************************************************************************************
Start the 5 rounds of NGS-ED iteration
	effective electronic model is modified as: kinetic energy t = 0.996579
	                                           effective interaction Vq = [  -0.511927,  -0.213091, -0.0560566,  -0.213091,  -0.213091, -0.0575655,-0.00147423, -0.0575655, -0.0560566,-0.00147423, -0.0225071,-0.00147423,  -0.213091, -0.0575655,-0.00147423, -0.0575655]
	PARPACK diagonalization completed after 30 matrix-vector product operations.
	iteration results: : total energy is -18.289731 | electron energy -18.289788 + phonon energy 0.000058 | electron momentum kIdx = 0
The 5-th iteration is completed.	|| time cost : 0h 0m 21.612s
********************************************************************************************************************
Start the 6 rounds of NGS-ED iteration
	effective electronic model is modified as: kinetic energy t = 0.996576
	                                           effective interaction Vq = [   -0.51198,   -0.21317, -0.0560614,   -0.21317,   -0.21317, -0.0575723,-0.00147428, -0.0575723, -0.0560614,-0.00147428, -0.0225074,-0.00147428,   -0.21317, -0.0575723,-0.00147428, -0.0575723]
	PARPACK diagonalization completed after 30 matrix-vector product operations.
	iteration results: : total energy is -18.290378 | electron energy -18.290436 + phonon energy 0.000058 | electron momentum kIdx = 0
The 6-th iteration is completed.	|| time cost : 0h 0m 21.663s
********************************************************************************************************************
Start the 7 rounds of NGS-ED iteration
	effective electronic model is modified as: kinetic energy t = 0.996575
	                                           effective interaction Vq = [ -0.511994, -0.213199,-0.0560628, -0.213199, -0.213199,-0.0575745,-0.0014743,-0.0575745,-0.0560628,-0.0014743,-0.0225075,-0.0014743, -0.213199,-0.0575745,-0.0014743,-0.0575745]
	PARPACK diagonalization completed after 30 matrix-vector product operations.
	iteration results: : total energy is -18.290558 | electron energy -18.290616 + phonon energy 0.000058 | electron momentum kIdx = 0
	Nq(0) = 12.25,	Nq(1) = 0.156936,	Nq(2) = 0.186274,	Nq(3) = 0.156936,	Nq(4) = 0.156936,	Nq(5) = 0.204233,	Nq(6) = 0.236199,	Nq(7) = 0.204233,	Nq(8) = 0.186274,	Nq(9) = 0.236199,	Nq(10) = 0.276831,	Nq(11) = 0.236199,	Nq(12) = 0.156936,	Nq(13) = 0.204233,	Nq(14) = 0.236199,	Nq(15) = 0.204233,	Sq(0) = 1.60389e-18,	Sq(1) = 0.472257,	Sq(2) = 0.764479,	Sq(3) = 0.472257,	Sq(4) = 0.472257,	Sq(5) = 0.629491,	Sq(6) = 1.05253,	Sq(7) = 0.629491,	Sq(8) = 0.764479,	Sq(9) = 1.05253,	Sq(10) = 2.56506,	Sq(11) = 1.05253,	Sq(12) = 0.472257,	Sq(13) = 0.629491,	Sq(14) = 1.05253,	Sq(15) = 0.629491,	N(0) = 1.75784,	N(1) = 1.59585,	N(2) = 0.319713,	N(3) = 1.59585,	N(4) = 1.59585,	N(5) = 0.999082,	N(6) = 0.264628,	N(7) = 0.999082,	N(8) = 0.319713,	N(9) = 0.264628,	N(10) = 0.164519,	N(11) = 0.264628,	N(12) = 1.59585,	N(13) = 0.999082,	N(14) = 0.264628,	N(15) = 0.999082,	Delta[s](0) = 0.0800588,	Delta[s](1) = 0.0599519,	Delta[s](2) = 0.0359971,	Delta[s](3) = 0.0599519,	Delta[s](4) = 0.0599519,	Delta[s](5) = 0.0429809,	Delta[s](6) = 0.020023,	Delta[s](7) = 0.0429809,	Delta[s](8) = 0.0359971,	Delta[s](9) = 0.020023,	Delta[s](10) = 0.000550069,	Delta[s](11) = 0.020023,	Delta[s](12) = 0.0599519,	Delta[s](13) = 0.0429809,	Delta[s](14) = 0.020023,	Delta[s](15) = 0.0429809,	Delta[d](0) = 0.287326,	Delta[d](1) = 0.195376,	Delta[d](2) = 0.205051,	Delta[d](3) = 0.195376,	Delta[d](4) = 0.195376,	Delta[d](5) = 0.181512,	Delta[d](6) = 0.135845,	Delta[d](7) = 0.181512,	Delta[d](8) = 0.205051,	Delta[d](9) = 0.135845,	Delta[d](10) = 0.0551731,	Delta[d](11) = 0.135845,	Delta[d](12) = 0.195376,	Delta[d](13) = 0.181512,	Delta[d](14) = 0.135845,	Delta[d](15) = 0.181512,	Delta[s+](0) = 0.575701,	Delta[s+](1) = 0.428576,	Delta[s+](2) = 0.205051,	Delta[s+](3) = 0.428576,	Delta[s+](4) = 0.428576,	Delta[s+](5) = 0.299284,	Delta[s+](6) = 0.129405,	Delta[s+](7) = 0.299284,	Delta[s+](8) = 0.205051,	Delta[s+](9) = 0.129405,	Delta[s+](10) = 0.0392703,	Delta[s+](11) = 0.129405,	Delta[s+](12) = 0.428576,	Delta[s+](13) = 0.299284,	Delta[s+](14) = 0.129405,	Delta[s+](15) = 0.299284
The 7-th iteration is completed.	|| time cost : 0h 3m 57.908s
********************************************************************************************************************
********************************************************************************************************************
Ground state is obtained after 8 iterations. The current ground-state energy is -18.2906, in which electron energy is -18.2906 and phonon energy is 5.84047e-05
final variational state is: 
	Gamma_x = [      1,1.00268,1.00104,1.00268,1.00268,1.00114,1.00004,1.00114,1.00104,1.00004,1.00069,1.00004,1.00268,1.00114,1.00004,1.00114]
	lambda_q = [  0.282347,  0.127385, 0.0561649,  0.127385,  0.127385,  0.058591,0.00861455,  0.058591, 0.0561649,0.00861455,-0.0321984,0.00861455,  0.127385,  0.058591,0.00861455,  0.058591]
The effective e-e interactions mediated by phonons are: [ 0.511998, 0.213211,0.0560632, 0.213211, 0.213211,0.0575752,0.0014743,0.0575752,0.0560632,0.0014743,0.0225076,0.0014743, 0.213211,0.0575752,0.0014743,0.0575752]
The real-space interactions mediated by phonons are: [ -1.73567,-0.756309, -0.14164,-0.317617,-0.912963,-0.546799, -0.14164,-0.203016,-0.416332,-0.203016, -0.14164,-0.546799,-0.912963,-0.317617, -0.14164,-0.756309]
********************************************************************************************************************
o___o  ----------------------------------------
| L |	Time since last clock: 0h 0m 0s
A===A	Time since the beginning: 0h 27m 21.391s
***********************************************

********************************************************************************************************************
Start warm-up calculation for scaling factor 16
open output files: NGSEDWarmUpW3.2Obs.txt
********************************************************************************************************************
Start the 0 rounds of NGS-ED iteration
	effective electronic model is modified as: kinetic energy t = 0.996574
	                                           effective interaction Vq = [  -0.467705,  -0.172271, -0.0438239,  -0.172271,  -0.172271,  -0.045262,-0.00114085,  -0.045262, -0.0438239,-0.00114085, -0.0172894,-0.00114085,  -0.172271,  -0.045262,-0.00114085,  -0.045262]
	PARPACK diagonalization completed after 60 matrix-vector product operations.
	iteration results: : total energy is -17.706024 | electron energy -17.706053 + phonon energy 0.000029 | electron momentum kIdx = 0
	Nq(0) = 12.25,	Nq(1) = 0.156355,	Nq(2) = 0.185975,	Nq(3) = 0.156355,	Nq(4) = 0.156355,	Nq(5) = 0.203917,	Nq(6) = 0.235957,	Nq(7) = 0.203917,	Nq(8) = 0.185975,	Nq(9) = 0.235957,	Nq(10) = 0.276389,	Nq(11) = 0.235957,	Nq(12) = 0.156355,	Nq(13) = 0.203917,	Nq(14) = 0.235957,	Nq(15) = 0.203917,	Sq(0) = 6.03787e-19,	Sq(1) = 0.472626,	Sq(2) = 0.764959,	Sq(3) = 0.472626,	Sq(4) = 0.472626,	Sq(5) = 0.629788,	Sq(6) = 1.05288,	Sq(7) = 0.629788,	Sq(8) = 0.764959,	Sq(9) = 1.05288,	Sq(10) = 2.56565,	Sq(11) = 1.05288,	Sq(12) = 0.472626,	Sq(13) = 0.629788,	Sq(14) = 1.05288,	Sq(15) = 0.629788,	N(0) = 1.75695,	N(1) = 1.59452,	N(2) = 0.320759,	N(3) = 1.59452,	N(4) = 1.59452,	N(5) = 0.999236,	N(6) = 0.265403,	N(7) = 0.999236,	N(8) = 0.320759,	N(9) = 0.265403,	N(10) = 0.164906,	N(11) = 0.265403,	N(12) = 1.59452,	N(13) = 0.999236,	N(14) = 0.265403,	N(15) = 0.999236,	Delta[s](0) = 0.0797265,	Delta[s](1) = 0.0596974,	Delta[s](2) = 0.035853,	Delta[s](3) = 0.0596974,	Delta[s](4) = 0.0596974,	Delta[s](5) = 0.042779,	Delta[s](6) = 0.0199338,	Delta[s](7) = 0.042779,	Delta[s](8) = 0.035853,	Delta[s](9) = 0.0199338,	Delta[s](10) = 0.000552088,	Delta[s](11) = 0.0199338,	Delta[s](12) = 0.0596974,	Delta[s](13) = 0.042779,	Delta[s](14) = 0.0199338,	Delta[s](15) = 0.042779,	Delta[d](0) = 0.28798,	Delta[d](1) = 0.196559,	Delta[d](2) = 0.206217,	Delta[d](3) = 0.196559,	Delta[d](4) = 0.196559,	Delta[d](5) = 0.182582,	Delta[d](6) = 0.136744,	Delta[d](7) = 0.182582,	Delta[d](8) = 0.206217,	Delta[d](9) = 0.136744,	Delta[d](10) = 0.0555235,	Delta[d](11) = 0.136744,	Delta[d](12) = 0.196559,	Delta[d](13) = 0.182582,	Delta[d](14) = 0.136744,	Delta[d](15) = 0.182582,	Delta[s+](0) = 0.578408,	Delta[s+](1) = 0.430635,	Delta[s+](2) = 0.206217,	Delta[s+](3) = 0.430635,	Delta[s+](4) = 0.430635,	Delta[s+](5) = 0.300824,	Delta[s+](6) = 0.130216,	Delta[s+](7) = 0.300824,	Delta[s+](8) = 0.206217,	Delta[s+](9) = 0.130216,	Delta[s+](10) = 0.0395846,	Delta[s+](11) = 0.130216,	Delta[s+](12) = 0.430635,	Delta[s+](13) = 0.300824,	Delta[s+](14) = 0.130216,	Delta[s+](15) = 0.300824
The 0-th iteration is completed.	|| time cost : 0h 4m 3.473s
********************************************************************************************************************
Start the 1 rounds of NGS-ED iteration
	effective electronic model is modified as: kinetic energy t = 0.996534
	                                           effective interaction Vq = [  -0.488644,  -0.175191, -0.0430585,  -0.175191,  -0.175191, -0.0448123,-0.00110354, -0.0448123, -0.0430585,-0.00110354, -0.0164967,-0.00110354,  -0.175191, -0.0448123,-0.00110354, -0.0448123]
	PARPACK diagonalization completed after 45 matrix-vector product operations.
	iteration results: : total energy is -17.962716 | electron energy -17.962780 + phonon energy 0.000065 | electron momentum kIdx = 0
The 1-th iteration is completed.	|| time cost : 0h 0m 24.401s
********************************************************************************************************************
Start the 2 rounds of NGS-ED iteration
	effective electronic model is modified as: kinetic energy t = 0.996503
	                                           effective interaction Vq = [  -0.499684,  -0.176715, -0.0427443,  -0.176715,  -0.176715, -0.0446203,-0.00108952, -0.0446203, -0.0427443,-0.00108952, -0.0162253,-0.00108952,  -0.176715, -0.0446203,-0.00108952, -0.0446203]
	PARPACK diagonalization completed after 45 matrix-vector product operations.
	iteration results: : total energy is -18.098014 | electron energy -18.098106 + phonon energy 0.000091 | electron momentum kIdx = 0
The 2-th iteration is completed.	|| time cost : 0h 0m 24.43s
********************************************************************************************************************
Start the 3 rounds of NGS-ED iteration
	effective electronic model is modified as: kinetic energy t = 0.996484
	                                           effective interaction Vq = [ -0.505506, -0.177519,-0.0426164, -0.177519, -0.177519, -0.044539,-0.0010843, -0.044539,-0.0426164,-0.0010843,-0.0161336,-0.0010843, -0.177519, -0.044539,-0.0010843, -0.044539]
	PARPACK diagonalization completed after 45 matrix-vector product operations.
	iteration results: : total energy is -18.169344 | electron energy -18.169453 + phonon energy 0.000109 | electron momentum kIdx = 0
The 3-th iteration is completed.	|| time cost : 0h 0m 24.398s
********************************************************************************************************************
Start the 4 rounds of NGS-ED iteration
	effective electronic model is modified as: kinetic energy t = 0.996473
	                                           effective interaction Vq = [  -0.508576,  -0.177946, -0.0425646,  -0.177946,  -0.177946, -0.0445048,-0.00108237, -0.0445048, -0.0425646,-0.00108237, -0.0161028,-0.00108237,  -0.177946, -0.0445048,-0.00108237, -0.0445048]
	PARPACK diagonalization completed after 45 matrix-vector product operations.
	iteration results: : total energy is -18.206952 | electron energy -18.207071 + phonon energy 0.000119 | electron momentum kIdx = 0
The 4-th iteration is completed.	|| time cost : 0h 0m 24.377s
********************************************************************************************************************
Start the 5 rounds of NGS-ED iteration
	effective electronic model is modified as: kinetic energy t = 0.996466
	                                           effective interaction Vq = [  -0.510194,  -0.178173, -0.0425437,  -0.178173,  -0.178173, -0.0444904,-0.00108165, -0.0444904, -0.0425437,-0.00108165, -0.0160925,-0.00108165,  -0.178173, -0.0444904,-0.00108165, -0.0444904]
	PARPACK diagonalization completed after 30 matrix-vector product operations.
	iteration results: : total energy is -18.226782 | electron energy -18.226907 + phonon energy 0.000126 | electron momentum kIdx = 0
The 5-th iteration is completed.	|| time cost : 0h 0m 21.615s
********************************************************************************************************************
Start the 6 rounds of NGS-ED iteration
	effective electronic model is modified as: kinetic energy t = 0.996462
	                                           effective interaction Vq = [  -0.511048,  -0.178294, -0.0425353,  -0.178294,  -0.178294, -0.0444845,-0.00108139, -0.0444845, -0.0425353,-0.00108139,  -0.016089,-0.00108139,  -0.178294, -0.0444845,-0.00108139, -0.0444845]
	PARPACK diagonalization completed after 30 matrix-vector product operations.
	iteration results: : total energy is -18.237237 | electron energy -18.237367 + phonon energy 0.000129 | electron momentum kIdx = 0
The 6-th iteration is completed.	|| time cost : 0h 0m 21.612s
********************************************************************************************************************
Start the 7 rounds of NGS-ED iteration
	effective electronic model is modified as: kinetic energy t = 0.99646
	                                           effective interaction Vq = [  -0.511498,  -0.178359,  -0.042532,  -0.178359,  -0.178359, -0.0444821,-0.00108129, -0.0444821,  -0.042532,-0.00108129, -0.0160879,-0.00108129,  -0.178359, -0.0444821,-0.00108129, -0.0444821]
	PARPACK diagonalization completed after 30 matrix-vector product operations.
	iteration results: : total energy is -18.242751 | electron energy -18.242882 + phonon energy 0.000131 | electron momentum kIdx = 0
The 7-th iteration is completed.	|| time cost : 0h 0m 21.582s
********************************************************************************************************************
Start the 8 rounds of NGS-ED iteration
	effective electronic model is modified as: kinetic energy t = 0.996459
	                                           effective interaction Vq = [  -0.511735,  -0.178394, -0.0425307,  -0.178394,  -0.178394, -0.0444811,-0.00108126, -0.0444811, -0.0425307,-0.00108126, -0.0160875,-0.00108126,  -0.178394, -0.0444811,-0.00108126, -0.0444811]
	PARPACK diagonalization completed after 30 matrix-vector product operations.
	iteration results: : total energy is -18.245658 | electron energy -18.245790 + phonon energy 0.000132 | electron momentum kIdx = 0
The 8-th iteration is completed.	|| time cost : 0h 0m 21.604s
********************************************************************************************************************
Start the 9 rounds of NGS-ED iteration
	effective electronic model is modified as: kinetic energy t = 0.996459
	                                           effective interaction Vq = [   -0.51186,  -0.178413, -0.0425302,  -0.178413,  -0.178413, -0.0444807,-0.00108124, -0.0444807, -0.0425302,-0.00108124, -0.0160874,-0.00108124,  -0.178413, -0.0444807,-0.00108124, -0.0444807]
	PARPACK diagonalization completed after 30 matrix-vector product operations.
	iteration results: : total energy is -18.247191 | electron energy -18.247324 + phonon energy 0.000133 | electron momentum kIdx = 0
The 9-th iteration is completed.	|| time cost : 0h 0m 21.658s
********************************************************************************************************************
Start the 10 rounds of NGS-ED iteration
	effective electronic model is modified as: kinetic energy t = 0.996458
	                                           effective interaction Vq = [  -0.511926,  -0.178423,   -0.04253,  -0.178423,  -0.178423, -0.0444805,-0.00108124, -0.0444805,   -0.04253,-0.00108124, -0.0160874,-0.00108124,  -0.178423, -0.0444805,-0.00108124, -0.0444805]
	PARPACK diagonalization completed after 30 matrix-vector product operations.
	iteration results: : total energy is -18.247999 | electron energy -18.248132 + phonon energy 0.000133 | electron momentum kIdx = 0
The 10-th iteration is completed.	|| time cost : 0h 0m 21.609s
********************************************************************************************************************
Start the 11 rounds of NGS-ED iteration
	effective electronic model is modified as: kinetic energy t = 0.996458
	                                           effective interaction Vq = [  -0.511961,  -0.178429, -0.0425299,  -0.178429,  -0.178429, -0.0444805,-0.00108124, -0.0444805, -0.0425299,-0.00108124, -0.0160873,-0.00108124,  -0.178429, -0.0444805,-0.00108124, -0.0444805]
	PARPACK diagonalization completed after 30 matrix-vector product operations.
	iteration results: : total energy is -18.248425 | electron energy -18.248559 + phonon energy 0.000134 | electron momentum kIdx = 0
The 11-th iteration is completed.	|| time cost : 0h 0m 21.587s
********************************************************************************************************************
Start the 12 rounds of NGS-ED iteration
	effective electronic model is modified as: kinetic energy t = 0.996458
	                                           effective interaction Vq = [   -0.51198,  -0.178432, -0.0425299,  -0.178432,  -0.178432, -0.0444805,-0.00108124, -0.0444805, -0.0425299,-0.00108124, -0.0160873,-0.00108124,  -0.178432, -0.0444805,-0.00108124, -0.0444805]
	PARPACK diagonalization completed after 30 matrix-vector product operations.
	iteration results: : total energy is -18.248650 | electron energy -18.248783 + phonon energy 0.000134 | electron momentum kIdx = 0
	Nq(0) = 12.25,	Nq(1) = 0.156432,	Nq(2) = 0.18594,	Nq(3) = 0.156432,	Nq(4) = 0.156432,	Nq(5) = 0.203872,	Nq(6) = 0.235934,	Nq(7) = 0.203872,	Nq(8) = 0.18594,	Nq(9) = 0.235934,	Nq(10) = 0.276349,	Nq(11) = 0.235934,	Nq(12) = 0.156432,	Nq(13) = 0.203872,	Nq(14) = 0.235934,	Nq(15) = 0.203872,	Sq(0) = 1.01631e-17,	Sq(1) = 0.472545,	Sq(2) = 0.764955,	Sq(3) = 0.472545,	Sq(4) = 0.472545,	Sq(5) = 0.62977,	Sq(6) = 1.05302,	Sq(7) = 0.62977,	Sq(8) = 0.764955,	Sq(9) = 1.05302,	Sq(10) = 2.56557,	Sq(11) = 1.05302,	Sq(12) = 0.472545,	Sq(13) = 0.62977,	Sq(14) = 1.05302,	Sq(15) = 0.62977,	N(0) = 1.75692,	N(1) = 1.59452,	N(2) = 0.320821,	N(3) = 1.59452,	N(4) = 1.59452,	N(5) = 0.999199,	N(6) = 0.265407,	N(7) = 0.999199,	N(8) = 0.320821,	N(9) = 0.265407,	N(10) = 0.164949,	N(11) = 0.265407,	N(12) = 1.59452,	N(13) = 0.999199,	N(14) = 0.265407,	N(15) = 0.999199,	Delta[s](0) = 0.0797115,	Delta[s](1) = 0.0596893,	Delta[s](2) = 0.0358522,	Delta[s](3) = 0.0596893,	Delta[s](4) = 0.0596893,	Delta[s](5) = 0.0427751,	Delta[s](6) = 0.0199382,	Delta[s](7) = 0.0427751,	Delta[s](8) = 0.0358522,	Delta[s](9) = 0.0199382,	Delta[s](10) = 0.000564012,	Delta[s](11) = 0.0199382,	Delta[s](12) = 0.0596893,	Delta[s](13) = 0.0427751,	Delta[s](14) = 0.0199382,	Delta[s](15) = 0.0427751,	Delta[d](0) = 0.292587,	Delta[d](1) = 0.199666,	Delta[d](2) = 0.209428,	Delta[d](3) = 0.199666,	Delta[d](4) = 0.199666,	Delta[d](5) = 0.185442,	Delta[d](6) = 0.13888,	Delta[d](7) = 0.185442,	Delta[d](8) = 0.209428,	Delta[d](9) = 0.13888,	Delta[d](10) = 0.0564157,	Delta[d](11) = 0.13888,	Delta[d](12) = 0.199666,	Delta[d](13) = 0.185442,	Delta[d](14) = 0.13888,	Delta[d](15) = 0.185442,	Delta[s+](0) = 0.587341,	Delta[s+](1) = 0.437289,	Delta[s+](2) = 0.209428,	Delta[s+](3) = 0.437289,	Delta[s+](4) = 0.437289,	Delta[s+](5) = 0.30547,	Delta[s+](6) = 0.132245,	Delta[s+](7) = 0.30547,	Delta[s+](8) = 0.209428,	Delta[s+](9) = 0.132245,	Delta[s+](10) = 0.0402142,	Delta[s+](11) = 0.132245,	Delta[s+](12) = 0.437289,	Delta[s+](13) = 0.30547,	Delta[s+](14) = 0.132245,	Delta[s+](15) = 0.30547
The 12-th iteration is completed.	|| time cost : 0h 3m 59.067s
********************************************************************************************************************
