SNEDics v3.4 Non-Gaussian ED ground state program		Start at Fri Sep 27 00:09:54 2019

parallized on 16 MPI threads  * 8 OpenMP threads = 128 total threads.
********************************************************************************************************************
********************************************************************************************************************

********************************************************************************************************************
System parameters and configurations
********************************************************************************************************************
Special program options are enabled: splitted diagonal Hamiltonian
********************************************************************************************************************
Read input file "model_params.in"
	Hubbard-Holstein model parameters : 	t = 1    U = 7    g = 4.4721    W = 5    
********************************************************************************************************************
Read input file "hilbertspace_params.in"
	Requested 16-site 2D lattice, with 12 electrons (6, 6)
	Boundary : Periodic		Hilbert space representation : momentum-space (restricted to kIdx = 0)
	Conservation: particle number[U(1)]      spin[U(1)]     momentum
********************************************************************************************************************

Cluster Positions:				Cluster symmetry group : D4
 x ... x ... x ... x .....                       x ... x ... x ... x .....
 |           |           :                       |           |           :
 |           |           :                       |           |           :
12    13    14    15     x                       1     5     6     5     x
 |           |           :                       |           |           :
 |           |           :                       |           |           :
 8 --- 9 ---10 ---11 --- x                       2 --- 6 ---10 --- 6 --- x
 |           |           :                       |           |           :
 |           |           :                       |           |           :
 4     5     6     7     x                       1     5     6     5     x
 |           |           :                       |           |           :
 |           |           :                       |           |           :
 0 --- 1 --- 2 --- 3 --- x                       0 --- 1 --- 2 --- 1 --- x
orbital number : 1
********************************************************************************************************************
Read input file "obs_params.in"
	Observable Type : Nq(All),   Sq(All),   N(All),   Delta[s](All),   Delta[d](All),   Delta[s+](All)
********************************************************************************************************************
** WARNING ** the input observables have non-local factors which have been reinterpreted. The total observable number is 96
********************************************************************************************************************


********************************************************************************************************************
Start calculating the non-Gaussian ED ground state
** WARNING ** Detected low phonon energy W < 10. The initial state will be prepared through a warm-up process.
********************************************************************************************************************
Start warm-up calculation for scaling factor 2
open output files: NGSEDWarmUpW10Obs.txt
********************************************************************************************************************
Start the 0 rounds of NGS-ED iteration
	effective electronic model is modified as: kinetic energy t = 1
	                                           effective interaction Vq = [-0,-0,-0,-0,-0,-0,-0,-0,-0,-0,-0,-0,-0,-0,-0,-0]
	first Hamiltonian is constructed, non-zero numbers = 969134044
	PARPACK diagonalization completed after 150 matrix-vector product operations.
	iteration results: : total energy is -15.425223 | electron energy -15.425223 + phonon energy 0.000000 | electron momentum kIdx = 0
	Nq(0) = 9,	Nq(1) = 0.201482,	Nq(2) = 0.276615,	Nq(3) = 0.201482,	Nq(4) = 0.201482,	Nq(5) = 0.255504,	Nq(6) = 0.331249,	Nq(7) = 0.255504,	Nq(8) = 0.276615,	Nq(9) = 0.331249,	Nq(10) = 0.394673,	Nq(11) = 0.331249,	Nq(12) = 0.201482,	Nq(13) = 0.255504,	Nq(14) = 0.331249,	Nq(15) = 0.255504,	Sq(0) = -1.69079e-18,	Sq(1) = 0.544222,	Sq(2) = 0.422607,	Sq(3) = 0.544222,	Sq(4) = 0.544222,	Sq(5) = 0.784586,	Sq(6) = 0.988954,	Sq(7) = 0.784586,	Sq(8) = 0.422607,	Sq(9) = 0.988954,	Sq(10) = 0.782889,	Sq(11) = 0.988954,	Sq(12) = 0.544222,	Sq(13) = 0.784586,	Sq(14) = 0.988954,	Sq(15) = 0.784586,	N(0) = 1.8036,	N(1) = 1.6739,	N(2) = 0.731522,	N(3) = 1.6739,	N(4) = 1.6739,	N(5) = 0.363501,	N(6) = 0.125952,	N(7) = 0.363501,	N(8) = 0.731522,	N(9) = 0.125952,	N(10) = 0.0799487,	N(11) = 0.125952,	N(12) = 1.6739,	N(13) = 0.363501,	N(14) = 0.125952,	N(15) = 0.363501,	Delta[s](0) = 0.0629295,	Delta[s](1) = 0.0472973,	Delta[s](2) = 0.0363267,	Delta[s](3) = 0.0472973,	Delta[s](4) = 0.0472973,	Delta[s](5) = 0.0336767,	Delta[s](6) = 0.0196841,	Delta[s](7) = 0.0336767,	Delta[s](8) = 0.0363267,	Delta[s](9) = 0.0196841,	Delta[s](10) = 0.0122086,	Delta[s](11) = 0.0196841,	Delta[s](12) = 0.0472973,	Delta[s](13) = 0.0336767,	Delta[s](14) = 0.0196841,	Delta[s](15) = 0.0336767,	Delta[d](0) = 0.224573,	Delta[d](1) = 0.18105,	Delta[d](2) = 0.221493,	Delta[d](3) = 0.18105,	Delta[d](4) = 0.18105,	Delta[d](5) = 0.129774,	Delta[d](6) = 0.152938,	Delta[d](7) = 0.129774,	Delta[d](8) = 0.221493,	Delta[d](9) = 0.152938,	Delta[d](10) = 0.0854951,	Delta[d](11) = 0.152938,	Delta[d](12) = 0.18105,	Delta[d](13) = 0.129774,	Delta[d](14) = 0.152938,	Delta[d](15) = 0.129774,	Delta[s+](0) = 0.514236,	Delta[s+](1) = 0.353026,	Delta[s+](2) = 0.221493,	Delta[s+](3) = 0.353026,	Delta[s+](4) = 0.353026,	Delta[s+](5) = 0.179655,	Delta[s+](6) = 0.0712862,	Delta[s+](7) = 0.179655,	Delta[s+](8) = 0.221493,	Delta[s+](9) = 0.0712862,	Delta[s+](10) = 0.0235225,	Delta[s+](11) = 0.0712862,	Delta[s+](12) = 0.353026,	Delta[s+](13) = 0.179655,	Delta[s+](14) = 0.0712862,	Delta[s+](15) = 0.179655
The 0-th iteration is completed.	|| time cost : 0h 2m 58.837s
********************************************************************************************************************
Start the 1 rounds of NGS-ED iteration
	effective electronic model is modified as: kinetic energy t = 0.895391
	                                           effective interaction Vq = [ -3.4586, -3.2452,-3.15068, -3.2452, -3.2452,-3.12513,-3.07638,-3.12513,-3.15068,-3.07638,-3.03449,-3.07638, -3.2452,-3.12513,-3.07638,-3.12513]
	PARPACK diagonalization completed after 45 matrix-vector product operations.
	iteration results: : total energy is -60.460810 | electron energy -60.469465 + phonon energy 0.008655 | electron momentum kIdx = 0
The 1-th iteration is completed.	|| time cost : 0h 2m 36.272s
********************************************************************************************************************
Start the 2 rounds of NGS-ED iteration
	effective electronic model is modified as: kinetic energy t = 0.825769
	                                           effective interaction Vq = [-3.92667,-3.78152,-3.67608,-3.78152,-3.78152,-3.63322,-3.63127,-3.63322,-3.67608,-3.63127,-3.63097,-3.63127,-3.78152,-3.63322,-3.63127,-3.63322]
	PARPACK diagonalization completed after 45 matrix-vector product operations.
	iteration results: : total energy is -66.964177 | electron energy -67.035961 + phonon energy 0.071784 | electron momentum kIdx = 0
The 2-th iteration is completed.	|| time cost : 0h 0m 10.505s
********************************************************************************************************************
Start the 3 rounds of NGS-ED iteration
	effective electronic model is modified as: kinetic energy t = 0.791963
	                                           effective interaction Vq = [-3.99002,-3.90042,-3.84271,-3.90042,-3.90042,-3.82049,-3.78268,-3.82049,-3.84271,-3.78268,-3.79809,-3.78268,-3.90042,-3.82049,-3.78268,-3.82049]
	PARPACK diagonalization completed after 30 matrix-vector product operations.
	iteration results: : total energy is -68.026791 | electron energy -68.152584 + phonon energy 0.125793 | electron momentum kIdx = 0
The 3-th iteration is completed.	|| time cost : 0h 0m 8.997s
********************************************************************************************************************
Start the 4 rounds of NGS-ED iteration
	effective electronic model is modified as: kinetic energy t = 0.779076
	                                           effective interaction Vq = [-3.99859,-3.93184,-3.88441,-3.93184,-3.93184,-3.87502,-3.82989,-3.87502,-3.88441,-3.82989,-3.85075,-3.82989,-3.93184,-3.87502,-3.82989,-3.87502]
	PARPACK diagonalization completed after 30 matrix-vector product operations.
	iteration results: : total energy is -68.173225 | electron energy -68.325390 + phonon energy 0.152165 | electron momentum kIdx = 0
The 4-th iteration is completed.	|| time cost : 0h 0m 9.099s
********************************************************************************************************************
Start the 5 rounds of NGS-ED iteration
	effective electronic model is modified as: kinetic energy t = 0.774329
	                                           effective interaction Vq = [-3.99975,-3.94148,-3.89666,-3.94148,-3.94148,-3.89261,-3.84621,-3.89261,-3.89666,-3.84621,-3.86904,-3.84621,-3.94148,-3.89261,-3.84621,-3.89261]
	PARPACK diagonalization completed after 30 matrix-vector product operations.
	iteration results: : total energy is -68.192969 | electron energy -68.355747 + phonon energy 0.162779 | electron momentum kIdx = 0
The 5-th iteration is completed.	|| time cost : 0h 0m 8.989s
********************************************************************************************************************
Start the 6 rounds of NGS-ED iteration
	effective electronic model is modified as: kinetic energy t = 0.7726
	                                           effective interaction Vq = [-3.99991,-3.94468,-3.90045,-3.94468,-3.94468,-3.89867,-3.85212,-3.89867,-3.90045,-3.85212,-3.87574,-3.85212,-3.94468,-3.89867,-3.85212,-3.89867]
	PARPACK diagonalization completed after 30 matrix-vector product operations.
	iteration results: : total energy is -68.195615 | electron energy -68.362412 + phonon energy 0.166797 | electron momentum kIdx = 0
The 6-th iteration is completed.	|| time cost : 0h 0m 8.976s
********************************************************************************************************************
Start the 7 rounds of NGS-ED iteration
	effective electronic model is modified as: kinetic energy t = 0.771973
	                                           effective interaction Vq = [-3.99993,-3.94577,-3.90161,-3.94577,-3.94577,-3.90083,-3.85432,-3.90083,-3.90161,-3.85432,-3.87824,-3.85432,-3.94577,-3.90083,-3.85432,-3.90083]
	PARPACK diagonalization completed after 30 matrix-vector product operations.
	iteration results: : total energy is -68.195969 | electron energy -68.364258 + phonon energy 0.168288 | electron momentum kIdx = 0
The 7-th iteration is completed.	|| time cost : 0h 0m 9.001s
********************************************************************************************************************
Start the 8 rounds of NGS-ED iteration
	effective electronic model is modified as: kinetic energy t = 0.771745
	                                           effective interaction Vq = [-3.99994,-3.94614,-3.90195,-3.94614,-3.94614,-3.90161,-3.85513,-3.90161,-3.90195,-3.85513,-3.87919,-3.85513,-3.94614,-3.90161,-3.85513,-3.90161]
	PARPACK diagonalization completed after 30 matrix-vector product operations.
	iteration results: : total energy is -68.196017 | electron energy -68.364855 + phonon energy 0.168838 | electron momentum kIdx = 0
The 8-th iteration is completed.	|| time cost : 0h 0m 8.982s
********************************************************************************************************************
Start the 9 rounds of NGS-ED iteration
	effective electronic model is modified as: kinetic energy t = 0.771662
	                                           effective interaction Vq = [-3.99994,-3.94627,-3.90205,-3.94627,-3.94627,-3.90189,-3.85544,-3.90189,-3.90205,-3.85544,-3.87956,-3.85544,-3.94627,-3.90189,-3.85544,-3.90189]
	PARPACK diagonalization completed after 30 matrix-vector product operations.
	iteration results: : total energy is -68.196024 | electron energy -68.365064 + phonon energy 0.169040 | electron momentum kIdx = 0
	Nq(0) = 9,	Nq(1) = 0.423624,	Nq(2) = 0.582378,	Nq(3) = 0.423624,	Nq(4) = 0.423624,	Nq(5) = 0.582267,	Nq(6) = 0.675904,	Nq(7) = 0.582267,	Nq(8) = 0.582378,	Nq(9) = 0.675904,	Nq(10) = 0.97914,	Nq(11) = 0.675904,	Nq(12) = 0.423624,	Nq(13) = 0.582267,	Nq(14) = 0.675904,	Nq(15) = 0.582267,	Sq(0) = 2.49754e-17,	Sq(1) = 0.320123,	Sq(2) = 0.351022,	Sq(3) = 0.320123,	Sq(4) = 0.320123,	Sq(5) = 0.351023,	Sq(6) = 0.541532,	Sq(7) = 0.351023,	Sq(8) = 0.351022,	Sq(9) = 0.541532,	Sq(10) = 0.576165,	Sq(11) = 0.541532,	Sq(12) = 0.320123,	Sq(13) = 0.351023,	Sq(14) = 0.541532,	Sq(15) = 0.351023,	N(0) = 1.99529,	N(1) = 1.98618,	N(2) = 0.33855,	N(3) = 1.98618,	N(4) = 1.98618,	N(5) = 0.338747,	N(6) = 0.00624633,	N(7) = 0.338747,	N(8) = 0.33855,	N(9) = 0.00624633,	N(10) = 0.00291179,	N(11) = 0.00624633,	N(12) = 1.98618,	N(13) = 0.338747,	N(14) = 0.00624633,	N(15) = 0.338747,	Delta[s](0) = 0.419588,	Delta[s](1) = 0.193054,	Delta[s](2) = 0.176333,	Delta[s](3) = 0.193054,	Delta[s](4) = 0.193054,	Delta[s](5) = 0.176338,	Delta[s](6) = 0.141986,	Delta[s](7) = 0.176338,	Delta[s](8) = 0.176333,	Delta[s](9) = 0.141986,	Delta[s](10) = 0.117769,	Delta[s](11) = 0.141986,	Delta[s](12) = 0.193054,	Delta[s](13) = 0.176338,	Delta[s](14) = 0.141986,	Delta[s](15) = 0.176338,	Delta[d](0) = 0.21125,	Delta[d](1) = 0.1412,	Delta[d](2) = 0.164089,	Delta[d](3) = 0.1412,	Delta[d](4) = 0.1412,	Delta[d](5) = 0.132404,	Delta[d](6) = 0.101676,	Delta[d](7) = 0.132404,	Delta[d](8) = 0.164089,	Delta[d](9) = 0.101676,	Delta[d](10) = 0.0541344,	Delta[d](11) = 0.101676,	Delta[d](12) = 0.1412,	Delta[d](13) = 0.132404,	Delta[d](14) = 0.101676,	Delta[d](15) = 0.132404,	Delta[s+](0) = 0.422566,	Delta[s+](1) = 0.298122,	Delta[s+](2) = 0.164089,	Delta[s+](3) = 0.298122,	Delta[s+](4) = 0.298122,	Delta[s+](5) = 0.164107,	Delta[s+](6) = 0.059625,	Delta[s+](7) = 0.164107,	Delta[s+](8) = 0.164089,	Delta[s+](9) = 0.059625,	Delta[s+](10) = 0.0240169,	Delta[s+](11) = 0.059625,	Delta[s+](12) = 0.298122,	Delta[s+](13) = 0.164107,	Delta[s+](14) = 0.059625,	Delta[s+](15) = 0.164107
The 9-th iteration is completed.	|| time cost : 0h 1m 28.464s
********************************************************************************************************************
********************************************************************************************************************
Ground state is obtained after 10 iterations. The current ground-state energy is -68.196, in which electron energy is -68.3651 and phonon energy is 0.16904
final variational state is: 
	Gamma_x = [      1,1.03529,1.06336,1.03529,1.03529,1.06335,1.08664,1.06335,1.06336,1.08664, 1.1185,1.08664,1.03529,1.06335,1.08664,1.06335]
	lambda_q = [0.632422,0.559227,0.533521,0.559227,0.559227,0.533487,0.512293,0.533487,0.533521,0.512293,0.522796,0.512293,0.559227,0.533487,0.512293,0.533487]
********************************************************************************************************************
o___o  ----------------------------------------
| L |	Time since last clock: 0h 0m 0s
A===A	Time since the beginning: 0h 8m 8.126s
***********************************************


********************************************************************************************************************
Warm up runs have been completed. Start calculating W = 5 phonon.
open output files: NGSEDIterationObs.txt
********************************************************************************************************************
Start the 0 rounds of NGS-ED iteration
	effective electronic model is modified as: kinetic energy t = 0.771632
	                                           effective interaction Vq = [-3.65672,-3.43817, -3.3487,-3.43817,-3.43817,-3.34857,-3.26983,-3.34857, -3.3487,-3.26983,-3.30941,-3.26983,-3.43817,-3.34857,-3.26983,-3.34857]
	PARPACK diagonalization completed after 45 matrix-vector product operations.
	iteration results: : total energy is -60.663536 | electron energy -60.748093 + phonon energy 0.084557 | electron momentum kIdx = 0
	Nq(0) = 9,	Nq(1) = 0.379976,	Nq(2) = 0.444182,	Nq(3) = 0.379976,	Nq(4) = 0.379976,	Nq(5) = 0.38808,	Nq(6) = 0.57851,	Nq(7) = 0.38808,	Nq(8) = 0.444182,	Nq(9) = 0.57851,	Nq(10) = 0.812458,	Nq(11) = 0.57851,	Nq(12) = 0.379976,	Nq(13) = 0.38808,	Nq(14) = 0.57851,	Nq(15) = 0.38808,	Sq(0) = 1.99952e-18,	Sq(1) = 0.388608,	Sq(2) = 0.383486,	Sq(3) = 0.388608,	Sq(4) = 0.388608,	Sq(5) = 0.583785,	Sq(6) = 0.653044,	Sq(7) = 0.583785,	Sq(8) = 0.383486,	Sq(9) = 0.653044,	Sq(10) = 0.64419,	Sq(11) = 0.653044,	Sq(12) = 0.388608,	Sq(13) = 0.583785,	Sq(14) = 0.653044,	Sq(15) = 0.583785,	N(0) = 1.99855,	N(1) = 1.99733,	N(2) = 0.666781,	N(3) = 1.99733,	N(4) = 1.99733,	N(5) = 0.168266,	N(6) = 0.00117463,	N(7) = 0.168266,	N(8) = 0.666781,	N(9) = 0.00117463,	N(10) = 0.000790792,	N(11) = 0.00117463,	N(12) = 1.99733,	N(13) = 0.168266,	N(14) = 0.00117463,	N(15) = 0.168266,	Delta[s](0) = 0.177973,	Delta[s](1) = 0.143578,	Delta[s](2) = 0.135586,	Delta[s](3) = 0.143578,	Delta[s](4) = 0.143578,	Delta[s](5) = 0.127377,	Delta[s](6) = 0.105777,	Delta[s](7) = 0.127377,	Delta[s](8) = 0.135586,	Delta[s](9) = 0.105777,	Delta[s](10) = 0.0874685,	Delta[s](11) = 0.105777,	Delta[s](12) = 0.143578,	Delta[s](13) = 0.127377,	Delta[s](14) = 0.105777,	Delta[s](15) = 0.127377,	Delta[d](0) = 0.233625,	Delta[d](1) = 0.186535,	Delta[d](2) = 0.215723,	Delta[d](3) = 0.186535,	Delta[d](4) = 0.186535,	Delta[d](5) = 0.144326,	Delta[d](6) = 0.145459,	Delta[d](7) = 0.144326,	Delta[d](8) = 0.215723,	Delta[d](9) = 0.145459,	Delta[d](10) = 0.0743622,	Delta[d](11) = 0.145459,	Delta[d](12) = 0.186535,	Delta[d](13) = 0.144326,	Delta[d](14) = 0.145459,	Delta[d](15) = 0.144326,	Delta[s+](0) = 0.475743,	Delta[s+](1) = 0.33299,	Delta[s+](2) = 0.215723,	Delta[s+](3) = 0.33299,	Delta[s+](4) = 0.33299,	Delta[s+](5) = 0.168131,	Delta[s+](6) = 0.0696314,	Delta[s+](7) = 0.168131,	Delta[s+](8) = 0.215723,	Delta[s+](9) = 0.0696314,	Delta[s+](10) = 0.0280616,	Delta[s+](11) = 0.0696314,	Delta[s+](12) = 0.33299,	Delta[s+](13) = 0.168131,	Delta[s+](14) = 0.0696314,	Delta[s+](15) = 0.168131
The 0-th iteration is completed.	|| time cost : 0h 1m 26.726s
********************************************************************************************************************
Start the 1 rounds of NGS-ED iteration
	effective electronic model is modified as: kinetic energy t = 0.749231
	                                           effective interaction Vq = [-3.87367,-3.64143,-3.49073,-3.64143,-3.64143,-3.44463,-3.42602,-3.44463,-3.49073,-3.42602,-3.47708,-3.42602,-3.64143,-3.44463,-3.42602,-3.44463]
	PARPACK diagonalization completed after 30 matrix-vector product operations.
	iteration results: : total energy is -63.028112 | electron energy -63.272084 + phonon energy 0.243972 | electron momentum kIdx = 0
The 1-th iteration is completed.	|| time cost : 0h 0m 9.089s
********************************************************************************************************************
Start the 2 rounds of NGS-ED iteration
	effective electronic model is modified as: kinetic energy t = 0.732107
	                                           effective interaction Vq = [-3.95349,-3.74672,-3.61133,-3.74672,-3.74672,-3.48815,-3.52261,-3.48815,-3.61133,-3.52261,-3.58485,-3.52261,-3.74672,-3.48815,-3.52261,-3.48815]
	PARPACK diagonalization completed after 30 matrix-vector product operations.
	iteration results: : total energy is -63.945501 | electron energy -64.296822 + phonon energy 0.351321 | electron momentum kIdx = 0
The 2-th iteration is completed.	|| time cost : 0h 0m 8.984s
********************************************************************************************************************
Start the 3 rounds of NGS-ED iteration
	effective electronic model is modified as: kinetic energy t = 0.716279
	                                           effective interaction Vq = [-3.98285,-3.80298,-3.71573,-3.80298,-3.80298,-3.55682,-3.58384,-3.55682,-3.71573,-3.58384,-3.65281,-3.58384,-3.80298,-3.55682,-3.58384,-3.55682]
	PARPACK diagonalization completed after 30 matrix-vector product operations.
	iteration results: : total energy is -64.331208 | electron energy -64.751534 + phonon energy 0.420326 | electron momentum kIdx = 0
The 3-th iteration is completed.	|| time cost : 0h 0m 9.103s
********************************************************************************************************************
Start the 4 rounds of NGS-ED iteration
	effective electronic model is modified as: kinetic energy t = 0.704458
	                                           effective interaction Vq = [-3.99365, -3.8341,-3.77061, -3.8341, -3.8341,-3.62325,-3.62225,-3.62325,-3.77061,-3.62225,-3.69487,-3.62225, -3.8341,-3.62325,-3.62225,-3.62325]
	PARPACK diagonalization completed after 30 matrix-vector product operations.
	iteration results: : total energy is -64.488690 | electron energy -64.955753 + phonon energy 0.467063 | electron momentum kIdx = 0
The 4-th iteration is completed.	|| time cost : 0h 0m 8.971s
********************************************************************************************************************
Start the 5 rounds of NGS-ED iteration
	effective electronic model is modified as: kinetic energy t = 0.69647
	                                           effective interaction Vq = [-3.99762,-3.85178,-3.79683,-3.85178,-3.85178,-3.67298,-3.64621,-3.67298,-3.79683,-3.64621,-3.72062,-3.64621,-3.85178,-3.67298,-3.64621,-3.67298]
	PARPACK diagonalization completed after 30 matrix-vector product operations.
	iteration results: : total energy is -64.552392 | electron energy -65.051148 + phonon energy 0.498756 | electron momentum kIdx = 0
The 5-th iteration is completed.	|| time cost : 0h 0m 9.009s
********************************************************************************************************************
Start the 6 rounds of NGS-ED iteration
	effective electronic model is modified as: kinetic energy t = 0.691264
	                                           effective interaction Vq = [-3.99908,-3.86202,-3.80796,-3.86202,-3.86202,-3.70787,-3.66117,-3.70787,-3.80796,-3.66117,-3.73637,-3.66117,-3.86202,-3.70787,-3.66117,-3.70787]
	PARPACK diagonalization completed after 30 matrix-vector product operations.
	iteration results: : total energy is -64.578447 | electron energy -65.098291 + phonon energy 0.519844 | electron momentum kIdx = 0
The 6-th iteration is completed.	|| time cost : 0h 0m 9s
********************************************************************************************************************
Start the 7 rounds of NGS-ED iteration
	effective electronic model is modified as: kinetic energy t = 0.687928
	                                           effective interaction Vq = [-3.99962,-3.86803,-3.81129,-3.86803,-3.86803,-3.73192,-3.67054,-3.73192,-3.81129,-3.67054,-3.74602,-3.67054,-3.86803,-3.73192,-3.67054,-3.73192]
	PARPACK diagonalization completed after 30 matrix-vector product operations.
	iteration results: : total energy is -64.589366 | electron energy -65.122990 + phonon energy 0.533624 | electron momentum kIdx = 0
The 7-th iteration is completed.	|| time cost : 0h 0m 9.004s
********************************************************************************************************************
Start the 8 rounds of NGS-ED iteration
	effective electronic model is modified as: kinetic energy t = 0.68581
	                                           effective interaction Vq = [-3.99982,-3.87158,-3.81075,-3.87158,-3.87158,-3.74843,-3.67641,-3.74843,-3.81075,-3.67641,-3.75195,-3.67641,-3.87158,-3.74843,-3.67641,-3.74843]
	PARPACK diagonalization completed after 30 matrix-vector product operations.
	iteration results: : total energy is -64.594098 | electron energy -65.136607 + phonon energy 0.542509 | electron momentum kIdx = 0
The 8-th iteration is completed.	|| time cost : 0h 0m 8.988s
********************************************************************************************************************
Start the 9 rounds of NGS-ED iteration
	effective electronic model is modified as: kinetic energy t = 0.684473
	                                           effective interaction Vq = [-3.99989,-3.87368,-3.80844,-3.87368,-3.87368,-3.75981,-3.68011,-3.75981,-3.80844,-3.68011,-3.75559,-3.68011,-3.87368,-3.75981,-3.68011,-3.75981]
	PARPACK diagonalization completed after 30 matrix-vector product operations.
	iteration results: : total energy is -64.596234 | electron energy -65.144420 + phonon energy 0.548186 | electron momentum kIdx = 0
The 9-th iteration is completed.	|| time cost : 0h 0m 8.986s
********************************************************************************************************************
Start the 10 rounds of NGS-ED iteration
	effective electronic model is modified as: kinetic energy t = 0.683632
	                                           effective interaction Vq = [-3.99992,-3.87493,-3.80551,-3.87493,-3.87493, -3.7677,-3.68243, -3.7677,-3.80551,-3.68243,-3.75783,-3.68243,-3.87493, -3.7677,-3.68243, -3.7677]
	PARPACK diagonalization completed after 30 matrix-vector product operations.
	iteration results: : total energy is -64.597244 | electron energy -65.149034 + phonon energy 0.551790 | electron momentum kIdx = 0
	Nq(0) = 9,	Nq(1) = 0.432823,	Nq(2) = 0.59884,	Nq(3) = 0.432823,	Nq(4) = 0.432823,	Nq(5) = 0.564234,	Nq(6) = 0.639137,	Nq(7) = 0.564234,	Nq(8) = 0.59884,	Nq(9) = 0.639137,	Nq(10) = 0.953082,	Nq(11) = 0.639137,	Nq(12) = 0.432823,	Nq(13) = 0.564234,	Nq(14) = 0.639137,	Nq(15) = 0.564234,	Sq(0) = 1.12596e-17,	Sq(1) = 0.332824,	Sq(2) = 0.358033,	Sq(3) = 0.332824,	Sq(4) = 0.332824,	Sq(5) = 0.358664,	Sq(6) = 0.55828,	Sq(7) = 0.358664,	Sq(8) = 0.358033,	Sq(9) = 0.55828,	Sq(10) = 0.589321,	Sq(11) = 0.55828,	Sq(12) = 0.332824,	Sq(13) = 0.358664,	Sq(14) = 0.55828,	Sq(15) = 0.358664,	N(0) = 1.99737,	N(1) = 1.98988,	N(2) = 0.291898,	N(3) = 1.98988,	N(4) = 1.98988,	N(5) = 0.36038,	N(6) = 0.0041022,	N(7) = 0.36038,	N(8) = 0.291898,	N(9) = 0.0041022,	N(10) = 0.00137906,	N(11) = 0.0041022,	N(12) = 1.98988,	N(13) = 0.36038,	N(14) = 0.0041022,	N(15) = 0.36038,	Delta[s](0) = 0.309521,	Delta[s](1) = 0.185486,	Delta[s](2) = 0.173428,	Delta[s](3) = 0.185486,	Delta[s](4) = 0.185486,	Delta[s](5) = 0.174278,	Delta[s](6) = 0.15349,	Delta[s](7) = 0.174278,	Delta[s](8) = 0.173428,	Delta[s](9) = 0.15349,	Delta[s](10) = 0.138376,	Delta[s](11) = 0.15349,	Delta[s](12) = 0.185486,	Delta[s](13) = 0.174278,	Delta[s](14) = 0.15349,	Delta[s](15) = 0.174278,	Delta[d](0) = 0.219954,	Delta[d](1) = 0.158608,	Delta[d](2) = 0.181488,	Delta[d](3) = 0.158608,	Delta[d](4) = 0.158608,	Delta[d](5) = 0.150589,	Delta[d](6) = 0.121134,	Delta[d](7) = 0.150589,	Delta[d](8) = 0.181488,	Delta[d](9) = 0.121134,	Delta[d](10) = 0.0783028,	Delta[d](11) = 0.121134,	Delta[d](12) = 0.158608,	Delta[d](13) = 0.150589,	Delta[d](14) = 0.121134,	Delta[d](15) = 0.150589,	Delta[s+](0) = 0.449112,	Delta[s+](1) = 0.32037,	Delta[s+](2) = 0.181488,	Delta[s+](3) = 0.32037,	Delta[s+](4) = 0.32037,	Delta[s+](5) = 0.18757,	Delta[s+](6) = 0.079901,	Delta[s+](7) = 0.18757,	Delta[s+](8) = 0.181488,	Delta[s+](9) = 0.079901,	Delta[s+](10) = 0.0380954,	Delta[s+](11) = 0.079901,	Delta[s+](12) = 0.32037,	Delta[s+](13) = 0.18757,	Delta[s+](14) = 0.079901,	Delta[s+](15) = 0.18757
The 10-th iteration is completed.	|| time cost : 0h 1m 24.011s
********************************************************************************************************************
Start the 11 rounds of NGS-ED iteration
	effective electronic model is modified as: kinetic energy t = 0.683105
	                                           effective interaction Vq = [-3.99993,-3.87568,-3.80253,-3.87568,-3.87568,-3.77321,-3.68389,-3.77321,-3.80253,-3.68389,-3.75921,-3.68389,-3.87568,-3.77321,-3.68389,-3.77321]
	PARPACK diagonalization completed after 30 matrix-vector product operations.
	iteration results: : total energy is -64.597744 | electron energy -65.151812 + phonon energy 0.554068 | electron momentum kIdx = 0
The 11-th iteration is completed.	|| time cost : 0h 0m 9.111s
********************************************************************************************************************
Start the 12 rounds of NGS-ED iteration
	effective electronic model is modified as: kinetic energy t = 0.682775
	                                           effective interaction Vq = [-3.99993,-3.87613,-3.79979,-3.87613,-3.87613, -3.7771,-3.68481, -3.7771,-3.79979,-3.68481,-3.76006,-3.68481,-3.87613, -3.7771,-3.68481, -3.7771]
	PARPACK diagonalization completed after 30 matrix-vector product operations.
	iteration results: : total energy is -64.598003 | electron energy -65.153505 + phonon energy 0.555503 | electron momentum kIdx = 0
The 12-th iteration is completed.	|| time cost : 0h 0m 9.095s
********************************************************************************************************************
Start the 13 rounds of NGS-ED iteration
	effective electronic model is modified as: kinetic energy t = 0.682569
	                                           effective interaction Vq = [-3.99993,-3.87639, -3.7974,-3.87639,-3.87639,-3.77987,-3.68539,-3.77987, -3.7974,-3.68539,-3.76059,-3.68539,-3.87639,-3.77987,-3.68539,-3.77987]
	PARPACK diagonalization completed after 30 matrix-vector product operations.
	iteration results: : total energy is -64.598141 | electron energy -65.154546 + phonon energy 0.556405 | electron momentum kIdx = 0
The 13-th iteration is completed.	|| time cost : 0h 0m 8.978s
********************************************************************************************************************
Start the 14 rounds of NGS-ED iteration
	effective electronic model is modified as: kinetic energy t = 0.68244
	                                           effective interaction Vq = [-3.99994,-3.87655,-3.79539,-3.87655,-3.87655,-3.78186,-3.68576,-3.78186,-3.79539,-3.68576,-3.76091,-3.68576,-3.87655,-3.78186,-3.68576,-3.78186]
	PARPACK diagonalization completed after 30 matrix-vector product operations.
	iteration results: : total energy is -64.598218 | electron energy -65.155189 + phonon energy 0.556970 | electron momentum kIdx = 0
The 14-th iteration is completed.	|| time cost : 0h 0m 8.979s
********************************************************************************************************************
Start the 15 rounds of NGS-ED iteration
	effective electronic model is modified as: kinetic energy t = 0.68236
	                                           effective interaction Vq = [-3.99994,-3.87664,-3.79374,-3.87664,-3.87664,-3.78329,-3.68598,-3.78329,-3.79374,-3.68598,-3.76111,-3.68598,-3.87664,-3.78329,-3.68598,-3.78329]
	PARPACK diagonalization completed after 30 matrix-vector product operations.
	iteration results: : total energy is -64.598262 | electron energy -65.155586 + phonon energy 0.557325 | electron momentum kIdx = 0
The 15-th iteration is completed.	|| time cost : 0h 0m 9.119s
********************************************************************************************************************
Start the 16 rounds of NGS-ED iteration
	effective electronic model is modified as: kinetic energy t = 0.68231
	                                           effective interaction Vq = [-3.99994, -3.8767, -3.7924, -3.8767, -3.8767,-3.78434,-3.68613,-3.78434, -3.7924,-3.68613,-3.76123,-3.68613, -3.8767,-3.78434,-3.68613,-3.78434]
	PARPACK diagonalization completed after 30 matrix-vector product operations.
	iteration results: : total energy is -64.598286 | electron energy -65.155833 + phonon energy 0.557546 | electron momentum kIdx = 0
The 16-th iteration is completed.	|| time cost : 0h 0m 9.114s
********************************************************************************************************************
Start the 17 rounds of NGS-ED iteration
	effective electronic model is modified as: kinetic energy t = 0.682279
	                                           effective interaction Vq = [-3.99994,-3.87673,-3.79133,-3.87673,-3.87673,-3.78512,-3.68622,-3.78512,-3.79133,-3.68622,-3.76131,-3.68622,-3.87673,-3.78512,-3.68622,-3.78512]
	PARPACK diagonalization completed after 30 matrix-vector product operations.
	iteration results: : total energy is -64.598301 | electron energy -65.155986 + phonon energy 0.557685 | electron momentum kIdx = 0
The 17-th iteration is completed.	|| time cost : 0h 0m 8.983s
********************************************************************************************************************
Start the 18 rounds of NGS-ED iteration
	effective electronic model is modified as: kinetic energy t = 0.68226
	                                           effective interaction Vq = [-3.99994,-3.87675,-3.79047,-3.87675,-3.87675,-3.78569,-3.68628,-3.78569,-3.79047,-3.68628,-3.76136,-3.68628,-3.87675,-3.78569,-3.68628,-3.78569]
	PARPACK diagonalization completed after 30 matrix-vector product operations.
	iteration results: : total energy is -64.598309 | electron energy -65.156081 + phonon energy 0.557771 | electron momentum kIdx = 0
The 18-th iteration is completed.	|| time cost : 0h 0m 9.1s
********************************************************************************************************************
Start the 19 rounds of NGS-ED iteration
	effective electronic model is modified as: kinetic energy t = 0.682248
	                                           effective interaction Vq = [-3.99994,-3.87676, -3.7898,-3.87676,-3.87676,-3.78612,-3.68631,-3.78612, -3.7898,-3.68631,-3.76139,-3.68631,-3.87676,-3.78612,-3.68631,-3.78612]
	PARPACK diagonalization completed after 30 matrix-vector product operations.
	iteration results: : total energy is -64.598314 | electron energy -65.156140 + phonon energy 0.557825 | electron momentum kIdx = 0
The 19-th iteration is completed.	|| time cost : 0h 0m 8.998s
********************************************************************************************************************
Start the 20 rounds of NGS-ED iteration
	effective electronic model is modified as: kinetic energy t = 0.682241
	                                           effective interaction Vq = [-3.99994,-3.87677,-3.78927,-3.87677,-3.87677,-3.78644,-3.68634,-3.78644,-3.78927,-3.68634, -3.7614,-3.68634,-3.87677,-3.78644,-3.68634,-3.78644]
	PARPACK diagonalization completed after 30 matrix-vector product operations.
	iteration results: : total energy is -64.598317 | electron energy -65.156176 + phonon energy 0.557859 | electron momentum kIdx = 0
	Nq(0) = 9,	Nq(1) = 0.432697,	Nq(2) = 0.578929,	Nq(3) = 0.432697,	Nq(4) = 0.432697,	Nq(5) = 0.576425,	Nq(6) = 0.639666,	Nq(7) = 0.576425,	Nq(8) = 0.578929,	Nq(9) = 0.639666,	Nq(10) = 0.95405,	Nq(11) = 0.639666,	Nq(12) = 0.432697,	Nq(13) = 0.576425,	Nq(14) = 0.639666,	Nq(15) = 0.576425,	Sq(0) = -3.62266e-17,	Sq(1) = 0.332135,	Sq(2) = 0.357815,	Sq(3) = 0.332135,	Sq(4) = 0.332135,	Sq(5) = 0.357839,	Sq(6) = 0.557235,	Sq(7) = 0.357839,	Sq(8) = 0.357815,	Sq(9) = 0.557235,	Sq(10) = 0.588475,	Sq(11) = 0.557235,	Sq(12) = 0.332135,	Sq(13) = 0.357839,	Sq(14) = 0.557235,	Sq(15) = 0.357839,	N(0) = 1.99733,	N(1) = 1.98967,	N(2) = 0.334262,	N(3) = 1.98967,	N(4) = 1.98967,	N(5) = 0.339281,	N(6) = 0.00422255,	N(7) = 0.339281,	N(8) = 0.334262,	N(9) = 0.00422255,	N(10) = 0.00144841,	N(11) = 0.00422255,	N(12) = 1.98967,	N(13) = 0.339281,	N(14) = 0.00422255,	N(15) = 0.339281,	Delta[s](0) = 0.309815,	Delta[s](1) = 0.185807,	Delta[s](2) = 0.174302,	Delta[s](3) = 0.185807,	Delta[s](4) = 0.185807,	Delta[s](5) = 0.174364,	Delta[s](6) = 0.153894,	Delta[s](7) = 0.174364,	Delta[s](8) = 0.174302,	Delta[s](9) = 0.153894,	Delta[s](10) = 0.138848,	Delta[s](11) = 0.153894,	Delta[s](12) = 0.185807,	Delta[s](13) = 0.174364,	Delta[s](14) = 0.153894,	Delta[s](15) = 0.174364,	Delta[d](0) = 0.221623,	Delta[d](1) = 0.162352,	Delta[d](2) = 0.185154,	Delta[d](3) = 0.162352,	Delta[d](4) = 0.162352,	Delta[d](5) = 0.151149,	Delta[d](6) = 0.125065,	Delta[d](7) = 0.151149,	Delta[d](8) = 0.185154,	Delta[d](9) = 0.125065,	Delta[d](10) = 0.0809779,	Delta[d](11) = 0.125065,	Delta[d](12) = 0.162352,	Delta[d](13) = 0.151149,	Delta[d](14) = 0.125065,	Delta[d](15) = 0.151149,	Delta[s+](0) = 0.448435,	Delta[s+](1) = 0.31996,	Delta[s+](2) = 0.185154,	Delta[s+](3) = 0.31996,	Delta[s+](4) = 0.31996,	Delta[s+](5) = 0.185598,	Delta[s+](6) = 0.0800033,	Delta[s+](7) = 0.185598,	Delta[s+](8) = 0.185154,	Delta[s+](9) = 0.0800033,	Delta[s+](10) = 0.0382293,	Delta[s+](11) = 0.0800033,	Delta[s+](12) = 0.31996,	Delta[s+](13) = 0.185598,	Delta[s+](14) = 0.0800033,	Delta[s+](15) = 0.185598
The 20-th iteration is completed.	|| time cost : 0h 1m 24.388s
********************************************************************************************************************
Start the 21 rounds of NGS-ED iteration
	effective electronic model is modified as: kinetic energy t = 0.682236
	                                           effective interaction Vq = [-3.99994,-3.87677,-3.78886,-3.87677,-3.87677,-3.78668,-3.68635,-3.78668,-3.78886,-3.68635,-3.76141,-3.68635,-3.87677,-3.78668,-3.68635,-3.78668]
	PARPACK diagonalization completed after 30 matrix-vector product operations.
	iteration results: : total energy is -64.598319 | electron energy -65.156199 + phonon energy 0.557880 | electron momentum kIdx = 0
The 21-th iteration is completed.	|| time cost : 0h 0m 9.1s
********************************************************************************************************************
Start the 22 rounds of NGS-ED iteration
	effective electronic model is modified as: kinetic energy t = 0.682233
	                                           effective interaction Vq = [-3.99994,-3.87677,-3.78854,-3.87677,-3.87677,-3.78686,-3.68636,-3.78686,-3.78854,-3.68636,-3.76142,-3.68636,-3.87677,-3.78686,-3.68636,-3.78686]
	PARPACK diagonalization completed after 30 matrix-vector product operations.
	iteration results: : total energy is -64.598320 | electron energy -65.156213 + phonon energy 0.557893 | electron momentum kIdx = 0
The 22-th iteration is completed.	|| time cost : 0h 0m 8.972s
********************************************************************************************************************
Start the 23 rounds of NGS-ED iteration
	effective electronic model is modified as: kinetic energy t = 0.682231
	                                           effective interaction Vq = [-3.99994,-3.87677,-3.78829,-3.87677,-3.87677,  -3.787,-3.68637,  -3.787,-3.78829,-3.68637,-3.76142,-3.68637,-3.87677,  -3.787,-3.68637,  -3.787]
	PARPACK diagonalization completed after 30 matrix-vector product operations.
	iteration results: : total energy is -64.598320 | electron energy -65.156222 + phonon energy 0.557901 | electron momentum kIdx = 0
The 23-th iteration is completed.	|| time cost : 0h 0m 8.977s
********************************************************************************************************************
Start the 24 rounds of NGS-ED iteration
	effective electronic model is modified as: kinetic energy t = 0.68223
	                                           effective interaction Vq = [-3.99994,-3.87678, -3.7881,-3.87678,-3.87678, -3.7871,-3.68637, -3.7871, -3.7881,-3.68637,-3.76143,-3.68637,-3.87678, -3.7871,-3.68637, -3.7871]
	PARPACK diagonalization completed after 30 matrix-vector product operations.
