SNEDics v3.2 diagonalization test program		Start at Wed Apr 24 22:09:25 2019

parallized on 80 MPI threads  * 6 OpenMP threads = 480 total threads.
************************************************************************************
************************************************************************************

Input file "model_params.in"
Hubbard-Holstein model parameters : 	t = 1    U = 2    g = 2.7386    W = 5    
************************************************************************************
Input file "hilbertspace_params.in"

Cluster Positions:				Cluster symmetry group : D4
 x ... x ... x ... x .....                       x ... x ... x ... x .....
 |           |           :                       |           |           :
 |           |           :                       |           |           :
12    13    14    15     x                       1     5     6     5     x
 |           |           :                       |           |           :
 |           |           :                       |           |           :
 8 --- 9 ---10 ---11 --- x                       2 --- 6 ---10 --- 6 --- x
 |           |           :                       |           |           :
 |           |           :                       |           |           :
 4     5     6     7     x                       1     5     6     5     x
 |           |           :                       |           |           :
 |           |           :                       |           |           :
 0 --- 1 --- 2 --- 3 --- x                       0 --- 1 --- 2 --- 1 --- x
orbital number : 1
************************************************************************************
0 rounds of non-Gaussian ED iteration : ground-state energy is -18.0176 | electron energy -18.0176 + phonon energy 0 | electron momentum kIdx = 0
Nq = 	16	0.245211	0.311045	0.245211	0.245211	0.311045	0.446617	0.311045	0.311045	0.446617	0.513491	0.446617	0.245211	0.311045	0.446617	0.311045
Sq = 	1.62176e-18	0.413058	0.598296	0.413058	0.413058	0.598296	0.72336	0.598296	0.598296	0.72336	2.71747	0.72336	0.413058	0.598296	0.72336	0.598296
1 rounds of non-Gaussian ED iteration : ground-state energy is -37.2111 | electron energy -37.2119 + phonon energy 0.000770619 | electron momentum kIdx = 0
Nq = 	16	0.35066	0.36487	0.35066	0.35066	0.36487	0.583991	0.36487	0.36487	0.583991	0.603732	0.583991	0.35066	0.36487	0.583991	0.36487
Sq = 	-9.65433e-18	0.384318	0.555661	0.384318	0.384318	0.555661	0.644931	0.555661	0.555661	0.644931	2.01747	0.644931	0.384318	0.555661	0.644931	0.555661
2 rounds of non-Gaussian ED iteration : ground-state energy is -44.0261 | electron energy -44.0366 + phonon energy 0.0105208 | electron momentum kIdx = 0
Nq = 	16	0.397087	0.71274	0.397087	0.397087	0.71274	0.638122	0.71274	0.71274	0.638122	0.86637	0.638122	0.397087	0.71274	0.638122	0.71274
Sq = 	2.08719e-18	0.361978	0.371371	0.361978	0.361978	0.371371	0.605468	0.371371	0.371371	0.605468	0.618339	0.605468	0.361978	0.371371	0.605468	0.371371
3 rounds of non-Gaussian ED iteration : ground-state energy is -46.8377 | electron energy -46.8706 + phonon energy 0.032943 | electron momentum kIdx = 0
Nq = 	16	0.402919	0.745027	0.402919	0.402919	0.745026	0.64626	0.745026	0.745026	0.64626	0.908047	0.64626	0.402919	0.745026	0.64626	0.745026
Sq = 	-1.64114e-18	0.339168	0.36228	0.339168	0.339168	0.36228	0.573463	0.36228	0.36228	0.573463	0.600872	0.573463	0.339168	0.36228	0.573463	0.36228
4 rounds of non-Gaussian ED iteration : ground-state energy is -47.8274 | electron energy -47.8874 + phonon energy 0.0599365 | electron momentum kIdx = 0
Nq = 	16	0.405403	0.759629	0.405403	0.405403	0.759629	0.649961	0.759629	0.759629	0.649961	0.931164	0.649961	0.405403	0.759629	0.649961	0.759629
Sq = 	1.21279e-17	0.328867	0.357702	0.328867	0.328867	0.357702	0.558971	0.357702	0.357702	0.558971	0.592043	0.558971	0.328867	0.357702	0.558971	0.357702
5 rounds of non-Gaussian ED iteration : ground-state energy is -48.1783 | electron energy -48.2608 + phonon energy 0.082479 | electron momentum kIdx = 0
Nq = 	16	0.406599	0.766513	0.406599	0.406599	0.766514	0.651911	0.766514	0.766514	0.651911	0.944998	0.651911	0.406599	0.766514	0.651911	0.766514
Sq = 	-5.06633e-19	0.323784	0.355326	0.323784	0.323784	0.355326	0.551825	0.355326	0.355326	0.551825	0.587493	0.551825	0.323784	0.355326	0.551825	0.355326
6 rounds of non-Gaussian ED iteration : ground-state energy is -48.3033 | electron energy -48.4014 + phonon energy 0.0981404 | electron momentum kIdx = 0
Nq = 	16	0.407215	0.769868	0.407215	0.407215	0.769869	0.652975	0.769869	0.769869	0.652975	0.953521	0.652975	0.407215	0.769869	0.652975	0.769869
Sq = 	-7.35351e-18	0.321145	0.354059	0.321145	0.321145	0.354059	0.548122	0.354059	0.354059	0.548122	0.585089	0.548122	0.321145	0.354059	0.548122	0.354059
7 rounds of non-Gaussian ED iteration : ground-state energy is -48.3479 | electron energy -48.4559 + phonon energy 0.108005 | electron momentum kIdx = 0
Nq = 	16	0.407543	0.771546	0.407543	0.407543	0.771546	0.653554	0.771546	0.771546	0.653554	0.95882	0.653554	0.407543	0.771546	0.653554	0.771546
Sq = 	-1.70152e-18	0.319731	0.353371	0.319731	0.319731	0.353371	0.546143	0.353371	0.353371	0.546143	0.583793	0.546143	0.319731	0.353371	0.546143	0.353371
8 rounds of non-Gaussian ED iteration : ground-state energy is -48.3639 | electron energy -48.4778 + phonon energy 0.113891 | electron momentum kIdx = 0
Nq = 	16	0.40772	0.772399	0.40772	0.40772	0.772399	0.653866	0.772399	0.772399	0.653866	0.962123	0.653866	0.40772	0.772399	0.653866	0.772399
Sq = 	-9.27029e-18	0.31896	0.352992	0.31896	0.31896	0.352992	0.545066	0.352992	0.352992	0.545066	0.583085	0.545066	0.31896	0.352992	0.545066	0.352992
9 rounds of non-Gaussian ED iteration : ground-state energy is -48.3696 | electron energy -48.4869 + phonon energy 0.117299 | electron momentum kIdx = 0
Nq = 	16	0.407816	0.772835	0.407816	0.407816	0.772835	0.654031	0.772835	0.772836	0.654031	0.964182	0.654031	0.407816	0.772835	0.654031	0.772835
Sq = 	-2.08519e-18	0.318535	0.352782	0.318535	0.318535	0.352782	0.544473	0.352782	0.352782	0.544473	0.582695	0.544473	0.318535	0.352782	0.544473	0.352782
10 rounds of non-Gaussian ED iteration : ground-state energy is -48.3717 | electron energy -48.491 + phonon energy 0.119239 | electron momentum kIdx = 0
Nq = 	16	0.407868	0.773058	0.407868	0.407868	0.773059	0.654119	0.773059	0.773059	0.654119	0.965466	0.654119	0.407868	0.773059	0.654119	0.773059
Sq = 	7.38055e-18	0.318299	0.352664	0.318299	0.318299	0.352664	0.544144	0.352664	0.352664	0.544144	0.582479	0.544144	0.318299	0.352664	0.544144	0.352664
11 rounds of non-Gaussian ED iteration : ground-state energy is -48.3725 | electron energy -48.4928 + phonon energy 0.120333 | electron momentum kIdx = 0
Nq = 	16	0.407897	0.773172	0.407897	0.407897	0.773172	0.654164	0.773172	0.773172	0.654164	0.966268	0.654164	0.407897	0.773172	0.654164	0.773172
Sq = 	-1.62061e-17	0.318166	0.352599	0.318166	0.318166	0.352599	0.543961	0.352599	0.352599	0.543961	0.582358	0.543961	0.318166	0.352599	0.543961	0.352599
12 rounds of non-Gaussian ED iteration : ground-state energy is -48.3728 | electron energy -48.4937 + phonon energy 0.120948 | electron momentum kIdx = 0
Nq = 	16	0.407912	0.773228	0.407912	0.407912	0.773228	0.654188	0.773228	0.773228	0.654188	0.966769	0.654188	0.407912	0.773228	0.654188	0.773228
Sq = 	1.55291e-17	0.318092	0.352561	0.318092	0.318092	0.352561	0.543858	0.352561	0.352561	0.543858	0.582291	0.543858	0.318092	0.352561	0.543858	0.352561
13 rounds of non-Gaussian ED iteration : ground-state energy is -48.3729 | electron energy -48.4941 + phonon energy 0.121292 | electron momentum kIdx = 0
Nq = 	16	0.40792	0.773256	0.40792	0.40792	0.773256	0.6542	0.773256	0.773256	0.6542	0.967082	0.6542	0.40792	0.773256	0.6542	0.773256
Sq = 	-5.95493e-18	0.318051	0.352541	0.318051	0.318051	0.352541	0.543801	0.352541	0.352541	0.543801	0.582253	0.543801	0.318051	0.352541	0.543801	0.352541
14 rounds of non-Gaussian ED iteration : ground-state energy is -48.3729 | electron energy -48.4944 + phonon energy 0.121484 | electron momentum kIdx = 0
Nq = 	16	0.407925	0.773268	0.407925	0.407925	0.773268	0.654206	0.773268	0.773269	0.654206	0.967278	0.654206	0.407925	0.773268	0.654206	0.773268
Sq = 	-4.03836e-18	0.318027	0.352529	0.318027	0.318027	0.352529	0.543769	0.352529	0.352529	0.543769	0.582232	0.543769	0.318027	0.352529	0.543769	0.352529
15 rounds of non-Gaussian ED iteration : ground-state energy is -48.3729 | electron energy -48.4945 + phonon energy 0.121592 | electron momentum kIdx = 0
Nq = 	16	0.407927	0.773274	0.407927	0.407927	0.773274	0.65421	0.773274	0.773274	0.65421	0.9674	0.65421	0.407927	0.773274	0.65421	0.773274
Sq = 	-1.44754e-17	0.318014	0.352522	0.318014	0.318014	0.352522	0.54375	0.352522	0.352522	0.54375	0.58222	0.54375	0.318014	0.352522	0.54375	0.352522
16 rounds of non-Gaussian ED iteration : ground-state energy is -48.3729 | electron energy -48.4946 + phonon energy 0.121653 | electron momentum kIdx = 0
Nq = 	16	0.407928	0.773276	0.407928	0.407928	0.773276	0.654211	0.773276	0.773276	0.654211	0.967477	0.654211	0.407928	0.773276	0.654211	0.773276
Sq = 	-4.94543e-18	0.318006	0.352518	0.318006	0.318006	0.352518	0.54374	0.352518	0.352518	0.54374	0.582213	0.54374	0.318006	0.352518	0.54374	0.352518
17 rounds of non-Gaussian ED iteration : ground-state energy is -48.3729 | electron energy -48.4946 + phonon energy 0.121687 | electron momentum kIdx = 0
Nq = 	16	0.407929	0.773277	0.407929	0.407929	0.773277	0.654212	0.773277	0.773277	0.654212	0.967526	0.654212	0.407929	0.773277	0.654212	0.773277
Sq = 	-3.27722e-18	0.318002	0.352516	0.318002	0.318002	0.352516	0.543734	0.352516	0.352516	0.543734	0.582209	0.543734	0.318002	0.352516	0.543734	0.352516
Ground state is obtained after 18 iterations. The current ground-state energy is -48.3729, in which electron energy is -48.4946 and phonon energy is 0.121706
o___o  -------------------------------------
| L |	Time since last clock: 1h 34m 29.632s
A===A	Time since the beginning: 1h 34m 29.632s
********************************************

************************************************************************************
