SNEDics v3.4 Non-Gaussian ED ground state program		Start at Tue Oct  1 23:36:25 2019

parallized on 16 MPI threads  * 8 OpenMP threads = 128 total threads.
********************************************************************************************************************
********************************************************************************************************************

********************************************************************************************************************
System parameters and configurations
********************************************************************************************************************
Special program options are enabled: splitted diagonal Hamiltonian
********************************************************************************************************************
Read input file "model_params.in"
	Hubbard-Holstein model parameters : 	t = 1    U = 4.7    g = 3.6056    W = 5    
********************************************************************************************************************
Read input file "hilbertspace_params.in"
	Requested 16-site 2D lattice, with 16 electrons (8, 8)
	Boundary : Periodic		Hilbert space representation : momentum-space (restricted to kIdx = 10)
	Conservation: particle number[U(1)]      spin[U(1)]     momentum
********************************************************************************************************************

Cluster Positions:				Cluster symmetry group : D4
 x ... x ... x ... x .....                       x ... x ... x ... x .....
 |           |           :                       |           |           :
 |           |           :                       |           |           :
12    13    14    15     x                       1     5     6     5     x
 |           |           :                       |           |           :
 |           |           :                       |           |           :
 8 --- 9 ---10 ---11 --- x                       2 --- 6 ---10 --- 6 --- x
 |           |           :                       |           |           :
 |           |           :                       |           |           :
 4     5     6     7     x                       1     5     6     5     x
 |           |           :                       |           |           :
 |           |           :                       |           |           :
 0 --- 1 --- 2 --- 3 --- x                       0 --- 1 --- 2 --- 1 --- x
orbital number : 1
********************************************************************************************************************
Read input file "obs_params.in"
	Observable Type : Nq(All),   Sq(All),   N(All),   Delta[s](All),   Delta[d](All),   Delta[s+](All)
********************************************************************************************************************
** WARNING ** the input observables have non-local factors which have been reinterpreted. The total observable number is 96
********************************************************************************************************************


********************************************************************************************************************
Start calculating the non-Gaussian ED ground state
** WARNING ** Detected low phonon energy W < 10. The initial state will be prepared through a warm-up process.
********************************************************************************************************************
Start warm-up calculation for scaling factor 2
open output files: NGSEDWarmUpW10Obs.txt
********************************************************************************************************************
Start the 0 rounds of NGS-ED iteration
	effective electronic model is modified as: kinetic energy t = 1
	                                           effective interaction Vq = [-0,-0,-0,-0,-0,-0,-0,-0,-0,-0,-0,-0,-0,-0,-0,-0]
	first Hamiltonian is constructed, non-zero numbers = 2845334624
	PARPACK diagonalization completed after 90 matrix-vector product operations.
	iteration results: : total energy is -12.243415 | electron energy -12.243415 + phonon energy 0.000000 | electron momentum kIdx = 10
	Nq(0) = 16,	Nq(1) = 0.139127,	Nq(2) = 0.208893,	Nq(3) = 0.139127,	Nq(4) = 0.139127,	Nq(5) = 0.208893,	Nq(6) = 0.283723,	Nq(7) = 0.208893,	Nq(8) = 0.208893,	Nq(9) = 0.283723,	Nq(10) = 0.344129,	Nq(11) = 0.283723,	Nq(12) = 0.139127,	Nq(13) = 0.208893,	Nq(14) = 0.283723,	Nq(15) = 0.208893,	Sq(0) = -1.30947e-18,	Sq(1) = 0.296911,	Sq(2) = 0.413726,	Sq(3) = 0.296911,	Sq(4) = 0.296911,	Sq(5) = 0.413726,	Sq(6) = 0.617188,	Sq(7) = 0.413726,	Sq(8) = 0.413726,	Sq(9) = 0.617188,	Sq(10) = 6.57236,	Sq(11) = 0.617188,	Sq(12) = 0.296911,	Sq(13) = 0.413726,	Sq(14) = 0.617188,	Sq(15) = 0.413726,	N(0) = 1.90756,	N(1) = 1.79449,	N(2) = 1,	N(3) = 1.79449,	N(4) = 1.79449,	N(5) = 1,	N(6) = 0.205511,	N(7) = 1,	N(8) = 1,	N(9) = 0.205511,	N(10) = 0.0924405,	N(11) = 0.205511,	N(12) = 1.79449,	N(13) = 1,	N(14) = 0.205511,	N(15) = 1,	Delta[s](0) = 0.156267,	Delta[s](1) = 0.132915,	Delta[s](2) = 0.104064,	Delta[s](3) = 0.132915,	Delta[s](4) = 0.132915,	Delta[s](5) = 0.104064,	Delta[s](6) = 0.0771082,	Delta[s](7) = 0.104064,	Delta[s](8) = 0.104064,	Delta[s](9) = 0.0771082,	Delta[s](10) = 0.0236942,	Delta[s](11) = 0.0771082,	Delta[s](12) = 0.132915,	Delta[s](13) = 0.104064,	Delta[s](14) = 0.0771082,	Delta[s](15) = 0.104064,	Delta[d](0) = 0.524447,	Delta[d](1) = 0.402732,	Delta[d](2) = 0.338464,	Delta[d](3) = 0.402732,	Delta[d](4) = 0.402732,	Delta[d](5) = 0.381139,	Delta[d](6) = 0.312831,	Delta[d](7) = 0.381139,	Delta[d](8) = 0.338464,	Delta[d](9) = 0.312831,	Delta[d](10) = 0.252712,	Delta[d](11) = 0.312831,	Delta[d](12) = 0.402732,	Delta[d](13) = 0.381139,	Delta[d](14) = 0.312831,	Delta[d](15) = 0.381139,	Delta[s+](0) = 0.592202,	Delta[s+](1) = 0.48753,	Delta[s+](2) = 0.338464,	Delta[s+](3) = 0.48753,	Delta[s+](4) = 0.48753,	Delta[s+](5) = 0.338464,	Delta[s+](6) = 0.193841,	Delta[s+](7) = 0.338464,	Delta[s+](8) = 0.338464,	Delta[s+](9) = 0.193841,	Delta[s+](10) = 0.0784754,	Delta[s+](11) = 0.193841,	Delta[s+](12) = 0.48753,	Delta[s+](13) = 0.338464,	Delta[s+](14) = 0.193841,	Delta[s+](15) = 0.338464
The 0-th iteration is completed.	|| time cost : 0h 8m 42.406s
********************************************************************************************************************
Start the 1 rounds of NGS-ED iteration
	effective electronic model is modified as: kinetic energy t = 0.937092
	                                           effective interaction Vq = [-2.24819,-2.03271,-1.96422,-2.03271,-2.03271,-1.96422,-1.93696,-1.96422,-1.96422,-1.93696, -1.9086,-1.93696,-2.03271,-1.96422,-1.93696,-1.96422]
	PARPACK diagonalization completed after 45 matrix-vector product operations.
	iteration results: : total energy is -55.939967 | electron energy -55.943558 + phonon energy 0.003591 | electron momentum kIdx = 10
The 1-th iteration is completed.	|| time cost : 0h 7m 37.988s
********************************************************************************************************************
Start the 2 rounds of NGS-ED iteration
	effective electronic model is modified as: kinetic energy t = 0.890051
	                                           effective interaction Vq = [-2.55245,-2.42735,-2.32206,-2.42735,-2.42735,-2.32206,-2.32614,-2.32206,-2.32206,-2.32614,-2.27028,-2.32614,-2.42735,-2.32206,-2.32614,-2.32206]
	PARPACK diagonalization completed after 30 matrix-vector product operations.
	iteration results: : total energy is -62.116802 | electron energy -62.146847 + phonon energy 0.030045 | electron momentum kIdx = 10
The 2-th iteration is completed.	|| time cost : 0h 0m 27.592s
********************************************************************************************************************
Start the 3 rounds of NGS-ED iteration
	effective electronic model is modified as: kinetic energy t = 0.871447
	                                           effective interaction Vq = [-2.59363,-2.51794,-2.40673,-2.51794,-2.51794,-2.40673,-2.42909,-2.40673,-2.40673,-2.42909,-2.35967,-2.42909,-2.51794,-2.40673,-2.42909,-2.40673]
	PARPACK diagonalization completed after 45 matrix-vector product operations.
	iteration results: : total energy is -63.036530 | electron energy -63.089796 + phonon energy 0.053266 | electron momentum kIdx = 10
The 3-th iteration is completed.	|| time cost : 0h 0m 31.951s
********************************************************************************************************************
Start the 4 rounds of NGS-ED iteration
	effective electronic model is modified as: kinetic energy t = 0.85779
	                                           effective interaction Vq = [ -2.5992,-2.54146,-2.49964,-2.54146,-2.54146,-2.49964,-2.45929,-2.49964,-2.49964,-2.45929,-2.38699,-2.45929,-2.54146,-2.49964,-2.45929,-2.49964]
	PARPACK diagonalization completed after 30 matrix-vector product operations.
	iteration results: : total energy is -63.270189 | electron energy -63.337659 + phonon energy 0.067470 | electron momentum kIdx = 10
The 4-th iteration is completed.	|| time cost : 0h 0m 27.257s
********************************************************************************************************************
Start the 5 rounds of NGS-ED iteration
	effective electronic model is modified as: kinetic energy t = 0.853145
	                                           effective interaction Vq = [-2.59995,-2.54803,-2.52487,-2.54803,-2.54803,-2.52487,-2.46798,-2.52487,-2.52487,-2.46798,-2.39506,-2.46798,-2.54803,-2.52487,-2.46798,-2.52487]
	PARPACK diagonalization completed after 30 matrix-vector product operations.
	iteration results: : total energy is -63.299627 | electron energy -63.374341 + phonon energy 0.074714 | electron momentum kIdx = 10
The 5-th iteration is completed.	|| time cost : 0h 0m 27.569s
********************************************************************************************************************
Start the 6 rounds of NGS-ED iteration
	effective electronic model is modified as: kinetic energy t = 0.851588
	                                           effective interaction Vq = [-2.60005,-2.55004,-2.53267,-2.55004,-2.55004,-2.53267,-2.47066,-2.53267,-2.53267,-2.47066,-2.39759,-2.47066,-2.55004,-2.53267,-2.47066,-2.53267]
	PARPACK diagonalization completed after 30 matrix-vector product operations.
	iteration results: : total energy is -63.303279 | electron energy -63.380811 + phonon energy 0.077532 | electron momentum kIdx = 10
The 6-th iteration is completed.	|| time cost : 0h 0m 27.355s
********************************************************************************************************************
Start the 7 rounds of NGS-ED iteration
	effective electronic model is modified as: kinetic energy t = 0.851069
	                                           effective interaction Vq = [-2.60007,-2.55068,-2.53521,-2.55068,-2.55068,-2.53521,-2.47151,-2.53521,-2.53521,-2.47151, -2.3984,-2.47151,-2.55068,-2.53521,-2.47151,-2.53521]
	PARPACK diagonalization completed after 30 matrix-vector product operations.
	iteration results: : total energy is -63.303731 | electron energy -63.382259 + phonon energy 0.078527 | electron momentum kIdx = 10
The 7-th iteration is completed.	|| time cost : 0h 0m 27.384s
********************************************************************************************************************
Start the 8 rounds of NGS-ED iteration
	effective electronic model is modified as: kinetic energy t = 0.850895
	                                           effective interaction Vq = [-2.60007,-2.55088,-2.53607,-2.55088,-2.55088,-2.53607,-2.47177,-2.53607,-2.53607,-2.47177,-2.39866,-2.47177,-2.55088,-2.53607,-2.47177,-2.53607]
	PARPACK diagonalization completed after 30 matrix-vector product operations.
	iteration results: : total energy is -63.303788 | electron energy -63.382654 + phonon energy 0.078866 | electron momentum kIdx = 10
The 8-th iteration is completed.	|| time cost : 0h 0m 27.351s
********************************************************************************************************************
Start the 9 rounds of NGS-ED iteration
	effective electronic model is modified as: kinetic energy t = 0.850838
	                                           effective interaction Vq = [-2.60007,-2.55095,-2.53635,-2.55095,-2.55095,-2.53635,-2.47186,-2.53635,-2.53635,-2.47186,-2.39875,-2.47186,-2.55095,-2.53635,-2.47186,-2.53635]
	PARPACK diagonalization completed after 30 matrix-vector product operations.
	iteration results: : total energy is -63.303795 | electron energy -63.382775 + phonon energy 0.078980 | electron momentum kIdx = 10
	Nq(0) = 16,	Nq(1) = 0.390551,	Nq(2) = 0.657338,	Nq(3) = 0.390551,	Nq(4) = 0.390551,	Nq(5) = 0.657338,	Nq(6) = 0.632916,	Nq(7) = 0.657338,	Nq(8) = 0.657338,	Nq(9) = 0.632916,	Nq(10) = 0.61986,	Nq(11) = 0.632916,	Nq(12) = 0.390551,	Nq(13) = 0.657338,	Nq(14) = 0.632916,	Nq(15) = 0.657338,	Sq(0) = -3.75461e-18,	Sq(1) = 0.362246,	Sq(2) = 0.443776,	Sq(3) = 0.362246,	Sq(4) = 0.362246,	Sq(5) = 0.443776,	Sq(6) = 0.59933,	Sq(7) = 0.443776,	Sq(8) = 0.443776,	Sq(9) = 0.59933,	Sq(10) = 0.833285,	Sq(11) = 0.59933,	Sq(12) = 0.362246,	Sq(13) = 0.443776,	Sq(14) = 0.59933,	Sq(15) = 0.443776,	N(0) = 1.99911,	N(1) = 1.99853,	N(2) = 1,	N(3) = 1.99853,	N(4) = 1.99853,	N(5) = 1,	N(6) = 0.0014714,	N(7) = 1,	N(8) = 1,	N(9) = 0.0014714,	N(10) = 0.000889457,	N(11) = 0.0014714,	N(12) = 1.99853,	N(13) = 1,	N(14) = 0.0014714,	N(15) = 1,	Delta[s](0) = 0.298709,	Delta[s](1) = 0.298503,	Delta[s](2) = 0.297342,	Delta[s](3) = 0.298503,	Delta[s](4) = 0.298503,	Delta[s](5) = 0.297342,	Delta[s](6) = 0.230069,	Delta[s](7) = 0.297342,	Delta[s](8) = 0.297342,	Delta[s](9) = 0.230069,	Delta[s](10) = 0.131833,	Delta[s](11) = 0.230069,	Delta[s](12) = 0.298503,	Delta[s](13) = 0.297342,	Delta[s](14) = 0.230069,	Delta[s](15) = 0.297342,	Delta[d](0) = 0.306111,	Delta[d](1) = 0.287839,	Delta[d](2) = 0.262209,	Delta[d](3) = 0.287839,	Delta[d](4) = 0.287839,	Delta[d](5) = 0.256036,	Delta[d](6) = 0.24255,	Delta[d](7) = 0.256036,	Delta[d](8) = 0.262209,	Delta[d](9) = 0.24255,	Delta[d](10) = 0.328508,	Delta[d](11) = 0.24255,	Delta[d](12) = 0.287839,	Delta[d](13) = 0.256036,	Delta[d](14) = 0.24255,	Delta[d](15) = 0.256036,	Delta[s+](0) = 0.482393,	Delta[s+](1) = 0.39531,	Delta[s+](2) = 0.262209,	Delta[s+](3) = 0.39531,	Delta[s+](4) = 0.39531,	Delta[s+](5) = 0.262209,	Delta[s+](6) = 0.12579,	Delta[s+](7) = 0.262209,	Delta[s+](8) = 0.262209,	Delta[s+](9) = 0.12579,	Delta[s+](10) = 0.0364391,	Delta[s+](11) = 0.12579,	Delta[s+](12) = 0.39531,	Delta[s+](13) = 0.262209,	Delta[s+](14) = 0.12579,	Delta[s+](15) = 0.262209
The 9-th iteration is completed.	|| time cost : 0h 4m 42.388s
********************************************************************************************************************
********************************************************************************************************************
Ground state is obtained after 10 iterations. The current ground-state energy is -63.3038, in which electron energy is -63.3828 and phonon energy is 0.07898
final variational state is: 
	Gamma_x = [      1,1.02436, 1.0461,1.02436,1.02436, 1.0461,1.05846, 1.0461, 1.0461,1.05846,1.06682,1.05846,1.02436, 1.0461,1.05846, 1.0461]
	lambda_q = [0.509886,0.439835,0.430147,0.439835,0.439835,0.430147, 0.39669,0.430147,0.430147, 0.39669, 0.36803, 0.39669,0.439835,0.430147, 0.39669,0.430147]
********************************************************************************************************************
o___o  ----------------------------------------
| L |	Time since last clock: 0h 0m 0s
A===A	Time since the beginning: 0h 24m 19.245s
***********************************************


********************************************************************************************************************
Warm up runs have been completed. Start calculating W = 5 phonon.
open output files: NGSEDIterationObs.txt
********************************************************************************************************************
Start the 0 rounds of NGS-ED iteration
	effective electronic model is modified as: kinetic energy t = 0.850819
	                                           effective interaction Vq = [-2.37697,-2.20447,-2.17674,-2.20447,-2.20447,-2.17674, -2.0738,-2.17674,-2.17674, -2.0738,-1.97671, -2.0738,-2.20447,-2.17674, -2.0738,-2.17674]
	PARPACK diagonalization completed after 45 matrix-vector product operations.
	iteration results: : total energy is -56.935477 | electron energy -56.974986 + phonon energy 0.039509 | electron momentum kIdx = 10
	Nq(0) = 16,	Nq(1) = 0.348454,	Nq(2) = 0.367102,	Nq(3) = 0.348454,	Nq(4) = 0.348454,	Nq(5) = 0.367102,	Nq(6) = 0.56367,	Nq(7) = 0.367102,	Nq(8) = 0.367102,	Nq(9) = 0.56367,	Nq(10) = 0.576574,	Nq(11) = 0.56367,	Nq(12) = 0.348454,	Nq(13) = 0.367102,	Nq(14) = 0.56367,	Nq(15) = 0.367102,	Sq(0) = 1.57888e-18,	Sq(1) = 0.37706,	Sq(2) = 0.418216,	Sq(3) = 0.37706,	Sq(4) = 0.37706,	Sq(5) = 0.418216,	Sq(6) = 0.642499,	Sq(7) = 0.418216,	Sq(8) = 0.418216,	Sq(9) = 0.642499,	Sq(10) = 2.98478,	Sq(11) = 0.642499,	Sq(12) = 0.37706,	Sq(13) = 0.418216,	Sq(14) = 0.642499,	Sq(15) = 0.418216,	N(0) = 1.99863,	N(1) = 1.99674,	N(2) = 1,	N(3) = 1.99674,	N(4) = 1.99674,	N(5) = 1,	N(6) = 0.00326074,	N(7) = 1,	N(8) = 1,	N(9) = 0.00326074,	N(10) = 0.00137464,	N(11) = 0.00326074,	N(12) = 1.99674,	N(13) = 1,	N(14) = 0.00326074,	N(15) = 1,	Delta[s](0) = 0.251612,	Delta[s](1) = 0.243252,	Delta[s](2) = 0.191697,	Delta[s](3) = 0.243252,	Delta[s](4) = 0.243252,	Delta[s](5) = 0.191697,	Delta[s](6) = 0.184098,	Delta[s](7) = 0.191697,	Delta[s](8) = 0.191697,	Delta[s](9) = 0.184098,	Delta[s](10) = 0.10265,	Delta[s](11) = 0.184098,	Delta[s](12) = 0.243252,	Delta[s](13) = 0.191697,	Delta[s](14) = 0.184098,	Delta[s](15) = 0.191697,	Delta[d](0) = 0.50536,	Delta[d](1) = 0.323558,	Delta[d](2) = 0.287747,	Delta[d](3) = 0.323558,	Delta[d](4) = 0.323558,	Delta[d](5) = 0.374141,	Delta[d](6) = 0.268701,	Delta[d](7) = 0.374141,	Delta[d](8) = 0.287747,	Delta[d](9) = 0.268701,	Delta[d](10) = 0.2441,	Delta[d](11) = 0.268701,	Delta[d](12) = 0.323558,	Delta[d](13) = 0.374141,	Delta[d](14) = 0.268701,	Delta[d](15) = 0.374141,	Delta[s+](0) = 0.523855,	Delta[s+](1) = 0.432496,	Delta[s+](2) = 0.287747,	Delta[s+](3) = 0.432496,	Delta[s+](4) = 0.432496,	Delta[s+](5) = 0.287747,	Delta[s+](6) = 0.143141,	Delta[s+](7) = 0.287747,	Delta[s+](8) = 0.287747,	Delta[s+](9) = 0.143141,	Delta[s+](10) = 0.0412332,	Delta[s+](11) = 0.143141,	Delta[s+](12) = 0.432496,	Delta[s+](13) = 0.287747,	Delta[s+](14) = 0.143141,	Delta[s+](15) = 0.287747
The 0-th iteration is completed.	|| time cost : 0h 4m 29.24s
********************************************************************************************************************
Start the 1 rounds of NGS-ED iteration
	effective electronic model is modified as: kinetic energy t = 0.841347
	                                           effective interaction Vq = [  -2.518,-2.32652,-2.18987,-2.32652,-2.32652,-2.18987,-2.16169,-2.18987,-2.18987,-2.16169,-2.04711,-2.16169,-2.32652,-2.18987,-2.16169,-2.18987]
	PARPACK diagonalization completed after 30 matrix-vector product operations.
	iteration results: : total energy is -59.340550 | electron energy -59.450862 + phonon energy 0.110312 | electron momentum kIdx = 10
The 1-th iteration is completed.	|| time cost : 0h 0m 27.569s
********************************************************************************************************************
Start the 2 rounds of NGS-ED iteration
	effective electronic model is modified as: kinetic energy t = 0.833972
	                                           effective interaction Vq = [-2.56988,-2.38992,-2.20227,-2.38992,-2.38992,-2.20227,-2.21522,-2.20227,-2.20227,-2.21522,-2.09129,-2.21522,-2.38992,-2.20227,-2.21522,-2.20227]
	PARPACK diagonalization completed after 30 matrix-vector product operations.
	iteration results: : total energy is -60.223796 | electron energy -60.378660 + phonon energy 0.154864 | electron momentum kIdx = 10
The 2-th iteration is completed.	|| time cost : 0h 0m 27.273s
********************************************************************************************************************
Start the 3 rounds of NGS-ED iteration
	effective electronic model is modified as: kinetic energy t = 0.829004
	                                           effective interaction Vq = [-2.58896,-2.42429,-2.21092,-2.42429,-2.42429,-2.21092,-2.24737,-2.21092,-2.21092,-2.24737,-2.11741,-2.24737,-2.42429,-2.21092,-2.24737,-2.21092]
	PARPACK diagonalization completed after 30 matrix-vector product operations.
	iteration results: : total energy is -60.548773 | electron energy -60.729372 + phonon energy 0.180599 | electron momentum kIdx = 10
The 3-th iteration is completed.	|| time cost : 0h 0m 27.312s
********************************************************************************************************************
Start the 4 rounds of NGS-ED iteration
	effective electronic model is modified as: kinetic energy t = 0.82585
	                                           effective interaction Vq = [-2.59598,-2.44354,-2.21641,-2.44354,-2.44354,-2.21641,-2.26668,-2.21641,-2.21641,-2.26668,-2.13257,-2.26668,-2.44354,-2.21641,-2.26668,-2.21641]
	PARPACK diagonalization completed after 30 matrix-vector product operations.
	iteration results: : total energy is -60.668334 | electron energy -60.863952 + phonon energy 0.195618 | electron momentum kIdx = 10
The 4-th iteration is completed.	|| time cost : 0h 0m 27.392s
********************************************************************************************************************
Start the 5 rounds of NGS-ED iteration
	effective electronic model is modified as: kinetic energy t = 0.8239
	                                           effective interaction Vq = [-2.59857,-2.45455,-2.21976,-2.45455,-2.45455,-2.21976,-2.27832,-2.21976,-2.21976,-2.27832,-2.14132,-2.27832,-2.45455,-2.21976,-2.27832,-2.21976]
	PARPACK diagonalization completed after 30 matrix-vector product operations.
	iteration results: : total energy is -60.712306 | electron energy -60.916827 + phonon energy 0.204521 | electron momentum kIdx = 10
The 5-th iteration is completed.	|| time cost : 0h 0m 27.569s
********************************************************************************************************************
Start the 6 rounds of NGS-ED iteration
	effective electronic model is modified as: kinetic energy t = 0.822712
	                                           effective interaction Vq = [-2.59952,-2.46095,-2.22177,-2.46095,-2.46095,-2.22177,-2.28536,-2.22177,-2.22177,-2.28536,-2.14636,-2.28536,-2.46095,-2.22177,-2.28536,-2.22177]
	PARPACK diagonalization completed after 30 matrix-vector product operations.
	iteration results: : total energy is -60.728474 | electron energy -60.938323 + phonon energy 0.209849 | electron momentum kIdx = 10
The 6-th iteration is completed.	|| time cost : 0h 0m 27.637s
********************************************************************************************************************
Start the 7 rounds of NGS-ED iteration
	effective electronic model is modified as: kinetic energy t = 0.821993
	                                           effective interaction Vq = [-2.59987,-2.46471,-2.22296,-2.46471,-2.46471,-2.22296,-2.28962,-2.22296,-2.22296,-2.28962,-2.14928,-2.28962,-2.46471,-2.22296,-2.28962,-2.22296]
	PARPACK diagonalization completed after 30 matrix-vector product operations.
	iteration results: : total energy is -60.734417 | electron energy -60.947470 + phonon energy 0.213053 | electron momentum kIdx = 10
The 7-th iteration is completed.	|| time cost : 0h 0m 27.282s
********************************************************************************************************************
Start the 8 rounds of NGS-ED iteration
	effective electronic model is modified as: kinetic energy t = 0.821559
	                                           effective interaction Vq = [    -2.6,-2.46693,-2.22368,-2.46693,-2.46693,-2.22368,-2.29221,-2.22368,-2.22368,-2.29221,-2.15096,-2.29221,-2.46693,-2.22368,-2.29221,-2.22368]
	PARPACK diagonalization completed after 30 matrix-vector product operations.
	iteration results: : total energy is -60.736602 | electron energy -60.951583 + phonon energy 0.214982 | electron momentum kIdx = 10
The 8-th iteration is completed.	|| time cost : 0h 0m 27.393s
********************************************************************************************************************
Start the 9 rounds of NGS-ED iteration
	effective electronic model is modified as: kinetic energy t = 0.821298
	                                           effective interaction Vq = [-2.60004,-2.46825, -2.2241,-2.46825,-2.46825, -2.2241,-2.29379, -2.2241, -2.2241,-2.29379,-2.15193,-2.29379,-2.46825, -2.2241,-2.29379, -2.2241]
	PARPACK diagonalization completed after 30 matrix-vector product operations.
	iteration results: : total energy is -60.737405 | electron energy -60.953549 + phonon energy 0.216144 | electron momentum kIdx = 10
The 9-th iteration is completed.	|| time cost : 0h 0m 27.261s
********************************************************************************************************************
Start the 10 rounds of NGS-ED iteration
	effective electronic model is modified as: kinetic energy t = 0.821141
	                                           effective interaction Vq = [-2.60006,-2.46903,-2.22435,-2.46903,-2.46903,-2.22435,-2.29474,-2.22435,-2.22435,-2.29474, -2.1525,-2.29474,-2.46903,-2.22435,-2.29474,-2.22435]
	PARPACK diagonalization completed after 30 matrix-vector product operations.
	iteration results: : total energy is -60.737700 | electron energy -60.954545 + phonon energy 0.216845 | electron momentum kIdx = 10
	Nq(0) = 16,	Nq(1) = 0.397653,	Nq(2) = 0.36714,	Nq(3) = 0.397653,	Nq(4) = 0.397653,	Nq(5) = 0.36714,	Nq(6) = 0.615319,	Nq(7) = 0.36714,	Nq(8) = 0.36714,	Nq(9) = 0.615319,	Nq(10) = 0.598061,	Nq(11) = 0.615319,	Nq(12) = 0.397653,	Nq(13) = 0.36714,	Nq(14) = 0.615319,	Nq(15) = 0.36714,	Sq(0) = -1.17444e-18,	Sq(1) = 0.374832,	Sq(2) = 0.4113,	Sq(3) = 0.374832,	Sq(4) = 0.374832,	Sq(5) = 0.4113,	Sq(6) = 0.630522,	Sq(7) = 0.4113,	Sq(8) = 0.4113,	Sq(9) = 0.630522,	Sq(10) = 2.65799,	Sq(11) = 0.630522,	Sq(12) = 0.374832,	Sq(13) = 0.4113,	Sq(14) = 0.630522,	Sq(15) = 0.4113,	N(0) = 1.99966,	N(1) = 1.99924,	N(2) = 1,	N(3) = 1.99924,	N(4) = 1.99924,	N(5) = 1,	N(6) = 0.000758008,	N(7) = 1,	N(8) = 1,	N(9) = 0.000758008,	N(10) = 0.000342802,	N(11) = 0.000758008,	N(12) = 1.99924,	N(13) = 1,	N(14) = 0.000758008,	N(15) = 1,	Delta[s](0) = 0.258804,	Delta[s](1) = 0.256264,	Delta[s](2) = 0.203236,	Delta[s](3) = 0.256264,	Delta[s](4) = 0.256264,	Delta[s](5) = 0.203236,	Delta[s](6) = 0.200477,	Delta[s](7) = 0.203236,	Delta[s](8) = 0.203236,	Delta[s](9) = 0.200477,	Delta[s](10) = 0.121215,	Delta[s](11) = 0.200477,	Delta[s](12) = 0.256264,	Delta[s](13) = 0.203236,	Delta[s](14) = 0.200477,	Delta[s](15) = 0.203236,	Delta[d](0) = 0.520622,	Delta[d](1) = 0.332561,	Delta[d](2) = 0.298855,	Delta[d](3) = 0.332561,	Delta[d](4) = 0.332561,	Delta[d](5) = 0.388169,	Delta[d](6) = 0.277037,	Delta[d](7) = 0.388169,	Delta[d](8) = 0.298855,	Delta[d](9) = 0.277037,	Delta[d](10) = 0.257899,	Delta[d](11) = 0.277037,	Delta[d](12) = 0.332561,	Delta[d](13) = 0.388169,	Delta[d](14) = 0.277037,	Delta[d](15) = 0.388169,	Delta[s+](0) = 0.536353,	Delta[s+](1) = 0.442715,	Delta[s+](2) = 0.298855,	Delta[s+](3) = 0.442715,	Delta[s+](4) = 0.442715,	Delta[s+](5) = 0.298855,	Delta[s+](6) = 0.150749,	Delta[s+](7) = 0.298855,	Delta[s+](8) = 0.298855,	Delta[s+](9) = 0.150749,	Delta[s+](10) = 0.0488159,	Delta[s+](11) = 0.150749,	Delta[s+](12) = 0.442715,	Delta[s+](13) = 0.298855,	Delta[s+](14) = 0.150749,	Delta[s+](15) = 0.298855
The 10-th iteration is completed.	|| time cost : 0h 4m 25.329s
********************************************************************************************************************
Start the 11 rounds of NGS-ED iteration
	effective electronic model is modified as: kinetic energy t = 0.821046
	                                           effective interaction Vq = [-2.60007,-2.46949, -2.2245,-2.46949,-2.46949, -2.2245,-2.29533, -2.2245, -2.2245,-2.29533,-2.15282,-2.29533,-2.46949, -2.2245,-2.29533, -2.2245]
	PARPACK diagonalization completed after 30 matrix-vector product operations.
	iteration results: : total energy is -60.737808 | electron energy -60.955075 + phonon energy 0.217267 | electron momentum kIdx = 10
The 11-th iteration is completed.	|| time cost : 0h 0m 27.384s
********************************************************************************************************************
Start the 12 rounds of NGS-ED iteration
	effective electronic model is modified as: kinetic energy t = 0.820989
	                                           effective interaction Vq = [-2.60007,-2.46977,-2.22459,-2.46977,-2.46977,-2.22459,-2.29568,-2.22459,-2.22459,-2.29568,-2.15301,-2.29568,-2.46977,-2.22459,-2.29568,-2.22459]
	PARPACK diagonalization completed after 30 matrix-vector product operations.
	iteration results: : total energy is -60.737848 | electron energy -60.955370 + phonon energy 0.217521 | electron momentum kIdx = 10
The 12-th iteration is completed.	|| time cost : 0h 0m 27.397s
********************************************************************************************************************
Start the 13 rounds of NGS-ED iteration
	effective electronic model is modified as: kinetic energy t = 0.820955
	                                           effective interaction Vq = [-2.60007,-2.46994,-2.22464,-2.46994,-2.46994,-2.22464,-2.29589,-2.22464,-2.22464,-2.29589,-2.15312,-2.29589,-2.46994,-2.22464,-2.29589,-2.22464]
	PARPACK diagonalization completed after 30 matrix-vector product operations.
	iteration results: : total energy is -60.737863 | electron energy -60.955538 + phonon energy 0.217675 | electron momentum kIdx = 10
The 13-th iteration is completed.	|| time cost : 0h 0m 27.374s
********************************************************************************************************************
Start the 14 rounds of NGS-ED iteration
	effective electronic model is modified as: kinetic energy t = 0.820935
	                                           effective interaction Vq = [-2.60007,-2.47004,-2.22467,-2.47004,-2.47004,-2.22467,-2.29602,-2.22467,-2.22467,-2.29602,-2.15319,-2.29602,-2.47004,-2.22467,-2.29602,-2.22467]
	PARPACK diagonalization completed after 30 matrix-vector product operations.
	iteration results: : total energy is -60.737868 | electron energy -60.955636 + phonon energy 0.217767 | electron momentum kIdx = 10
The 14-th iteration is completed.	|| time cost : 0h 0m 27.545s
********************************************************************************************************************
Start the 15 rounds of NGS-ED iteration
	effective electronic model is modified as: kinetic energy t = 0.820922
	                                           effective interaction Vq = [-2.60007,-2.47009,-2.22469,-2.47009,-2.47009,-2.22469, -2.2961,-2.22469,-2.22469, -2.2961,-2.15323, -2.2961,-2.47009,-2.22469, -2.2961,-2.22469]
	PARPACK diagonalization completed after 30 matrix-vector product operations.
	iteration results: : total energy is -60.737870 | electron energy -60.955693 + phonon energy 0.217823 | electron momentum kIdx = 10
The 15-th iteration is completed.	|| time cost : 0h 0m 27.268s
********************************************************************************************************************
Start the 16 rounds of NGS-ED iteration
	effective electronic model is modified as: kinetic energy t = 0.820915
	                                           effective interaction Vq = [-2.60007,-2.47013, -2.2247,-2.47013,-2.47013, -2.2247,-2.29615, -2.2247, -2.2247,-2.29615,-2.15325,-2.29615,-2.47013, -2.2247,-2.29615, -2.2247]
	PARPACK diagonalization completed after 30 matrix-vector product operations.
	iteration results: : total energy is -60.737871 | electron energy -60.955728 + phonon energy 0.217856 | electron momentum kIdx = 10
The 16-th iteration is completed.	|| time cost : 0h 0m 27.359s
********************************************************************************************************************
Start the 17 rounds of NGS-ED iteration
	effective electronic model is modified as: kinetic energy t = 0.82091
	                                           effective interaction Vq = [-2.60007,-2.47015,-2.22471,-2.47015,-2.47015,-2.22471,-2.29618,-2.22471,-2.22471,-2.29618,-2.15326,-2.29618,-2.47015,-2.22471,-2.29618,-2.22471]
	PARPACK diagonalization completed after 30 matrix-vector product operations.
	iteration results: : total energy is -60.737871 | electron energy -60.955748 + phonon energy 0.217877 | electron momentum kIdx = 10
The 17-th iteration is completed.	|| time cost : 0h 0m 27.306s
********************************************************************************************************************
Start the 18 rounds of NGS-ED iteration
	effective electronic model is modified as: kinetic energy t = 0.820907
	                                           effective interaction Vq = [-2.60007,-2.47016,-2.22471,-2.47016,-2.47016,-2.22471, -2.2962,-2.22471,-2.22471, -2.2962,-2.15327, -2.2962,-2.47016,-2.22471, -2.2962,-2.22471]
	PARPACK diagonalization completed after 30 matrix-vector product operations.
	iteration results: : total energy is -60.737871 | electron energy -60.955760 + phonon energy 0.217889 | electron momentum kIdx = 10
The 18-th iteration is completed.	|| time cost : 0h 0m 27.422s
********************************************************************************************************************
Start the 19 rounds of NGS-ED iteration
	effective electronic model is modified as: kinetic energy t = 0.820906
	                                           effective interaction Vq = [-2.60007,-2.47017,-2.22471,-2.47017,-2.47017,-2.22471,-2.29621,-2.22471,-2.22471,-2.29621,-2.15327,-2.29621,-2.47017,-2.22471,-2.29621,-2.22471]
	PARPACK diagonalization completed after 30 matrix-vector product operations.
	iteration results: : total energy is -60.737872 | electron energy -60.955768 + phonon energy 0.217896 | electron momentum kIdx = 10
The 19-th iteration is completed.	|| time cost : 0h 0m 27.325s
********************************************************************************************************************
Start the 20 rounds of NGS-ED iteration
	effective electronic model is modified as: kinetic energy t = 0.820905
	                                           effective interaction Vq = [-2.60007,-2.47018,-2.22471,-2.47018,-2.47018,-2.22471,-2.29622,-2.22471,-2.22471,-2.29622,-2.15327,-2.29622,-2.47018,-2.22471,-2.29622,-2.22471]
	PARPACK diagonalization completed after 30 matrix-vector product operations.
	iteration results: : total energy is -60.737872 | electron energy -60.955772 + phonon energy 0.217901 | electron momentum kIdx = 10
	Nq(0) = 16,	Nq(1) = 0.397915,	Nq(2) = 0.367135,	Nq(3) = 0.397915,	Nq(4) = 0.397915,	Nq(5) = 0.367135,	Nq(6) = 0.615704,	Nq(7) = 0.367135,	Nq(8) = 0.367135,	Nq(9) = 0.615704,	Nq(10) = 0.598128,	Nq(11) = 0.615704,	Nq(12) = 0.397915,	Nq(13) = 0.367135,	Nq(14) = 0.615704,	Nq(15) = 0.367135,	Sq(0) = -7.93582e-18,	Sq(1) = 0.374808,	Sq(2) = 0.411251,	Sq(3) = 0.374808,	Sq(4) = 0.374808,	Sq(5) = 0.411251,	Sq(6) = 0.63043,	Sq(7) = 0.411251,	Sq(8) = 0.411251,	Sq(9) = 0.63043,	Sq(10) = 2.65613,	Sq(11) = 0.63043,	Sq(12) = 0.374808,	Sq(13) = 0.411251,	Sq(14) = 0.63043,	Sq(15) = 0.411251,	N(0) = 1.99966,	N(1) = 1.99924,	N(2) = 1,	N(3) = 1.99924,	N(4) = 1.99924,	N(5) = 1,	N(6) = 0.00076164,	N(7) = 1,	N(8) = 1,	N(9) = 0.00076164,	N(10) = 0.000340354,	N(11) = 0.00076164,	N(12) = 1.99924,	N(13) = 1,	N(14) = 0.00076164,	N(15) = 1,	Delta[s](0) = 0.258846,	Delta[s](1) = 0.256339,	Delta[s](2) = 0.20331,	Delta[s](3) = 0.256339,	Delta[s](4) = 0.256339,	Delta[s](5) = 0.20331,	Delta[s](6) = 0.200577,	Delta[s](7) = 0.20331,	Delta[s](8) = 0.20331,	Delta[s](9) = 0.200577,	Delta[s](10) = 0.121338,	Delta[s](11) = 0.200577,	Delta[s](12) = 0.256339,	Delta[s](13) = 0.20331,	Delta[s](14) = 0.200577,	Delta[s](15) = 0.20331,	Delta[d](0) = 0.520705,	Delta[d](1) = 0.332631,	Delta[d](2) = 0.298933,	Delta[d](3) = 0.332631,	Delta[d](4) = 0.332631,	Delta[d](5) = 0.388261,	Delta[d](6) = 0.277103,	Delta[d](7) = 0.388261,	Delta[d](8) = 0.298933,	Delta[d](9) = 0.277103,	Delta[d](10) = 0.257999,	Delta[d](11) = 0.277103,	Delta[d](12) = 0.332631,	Delta[d](13) = 0.388261,	Delta[d](14) = 0.277103,	Delta[d](15) = 0.388261,	Delta[s+](0) = 0.536437,	Delta[s+](1) = 0.442786,	Delta[s+](2) = 0.298933,	Delta[s+](3) = 0.442786,	Delta[s+](4) = 0.442786,	Delta[s+](5) = 0.298933,	Delta[s+](6) = 0.150811,	Delta[s+](7) = 0.298933,	Delta[s+](8) = 0.298933,	Delta[s+](9) = 0.150811,	Delta[s+](10) = 0.048875,	Delta[s+](11) = 0.150811,	Delta[s+](12) = 0.442786,	Delta[s+](13) = 0.298933,	Delta[s+](14) = 0.150811,	Delta[s+](15) = 0.298933
The 20-th iteration is completed.	|| time cost : 0h 4m 25.1s
********************************************************************************************************************
Start the 21 rounds of NGS-ED iteration
	effective electronic model is modified as: kinetic energy t = 0.820904
	                                           effective interaction Vq = [-2.60007,-2.47018,-2.22471,-2.47018,-2.47018,-2.22471,-2.29622,-2.22471,-2.22471,-2.29622,-2.15328,-2.29622,-2.47018,-2.22471,-2.29622,-2.22471]
	PARPACK diagonalization completed after 30 matrix-vector product operations.
	iteration results: : total energy is -60.737872 | electron energy -60.955775 + phonon energy 0.217903 | electron momentum kIdx = 10
The 21-th iteration is completed.	|| time cost : 0h 0m 27.431s
********************************************************************************************************************
Start the 22 rounds of NGS-ED iteration
	effective electronic model is modified as: kinetic energy t = 0.820904
	                                           effective interaction Vq = [-2.60007,-2.47018,-2.22471,-2.47018,-2.47018,-2.22471,-2.29622,-2.22471,-2.22471,-2.29622,-2.15328,-2.29622,-2.47018,-2.22471,-2.29622,-2.22471]
	PARPACK diagonalization completed after 30 matrix-vector product operations.
	iteration results: : total energy is -60.737872 | electron energy -60.955777 + phonon energy 0.217905 | electron momentum kIdx = 10
The 22-th iteration is completed.	|| time cost : 0h 0m 27.572s
********************************************************************************************************************
Start the 23 rounds of NGS-ED iteration
	effective electronic model is modified as: kinetic energy t = 0.820904
	                                           effective interaction Vq = [-2.60007,-2.47018,-2.22472,-2.47018,-2.47018,-2.22472,-2.29622,-2.22472,-2.22472,-2.29622,-2.15328,-2.29622,-2.47018,-2.22472,-2.29622,-2.22472]
	PARPACK diagonalization completed after 30 matrix-vector product operations.
	iteration results: : total energy is -60.737872 | electron energy -60.955778 + phonon energy 0.217906 | electron momentum kIdx = 10
The 23-th iteration is completed.	|| time cost : 0h 0m 27.576s
********************************************************************************************************************
Start the 24 rounds of NGS-ED iteration
	effective electronic model is modified as: kinetic energy t = 0.820904
	                                           effective interaction Vq = [-2.60007,-2.47018,-2.22472,-2.47018,-2.47018,-2.22472,-2.29623,-2.22472,-2.22472,-2.29623,-2.15328,-2.29623,-2.47018,-2.22472,-2.29623,-2.22472]
	PARPACK diagonalization completed after 30 matrix-vector product operations.
	iteration results: : total energy is -60.737872 | electron energy -60.955778 + phonon energy 0.217907 | electron momentum kIdx = 10
The 24-th iteration is completed.	|| time cost : 0h 0m 27.603s
