SNEDics v3.21.4 Non-Gaussian ED ground state program		Start at Wed Jul 28 00:29:16 2021

parallized on 32 MPI threads  * 8 OpenMP threads = 256 total threads.
********************************************************************************************************************
********************************************************************************************************************

********************************************************************************************************************
System parameters and configurations
	special program options are enabled: splitted diagonal Hamiltonian | splitted Hamiltonian terms
********************************************************************************************************************
Read input file "model_params.in"
	Hubbard-Holstein model parameters : 	t = 1    U = 8    g = 0.14    W = 0.2    g' = 0.06    
********************************************************************************************************************
Read input file "hilbertspace_params.in"
	Requested 16-site 2D lattice, with 14 electrons (7, 7)
	Boundary : Periodic		Hilbert space representation : momentum-space (restricted to kIdx = 0)
	Conservation: particle number[U(1)]      spin[U(1)]     momentum
********************************************************************************************************************

Cluster Positions:				Cluster symmetry group : D4
 x ... x ... x ... x .....                       x ... x ... x ... x .....
 |           |           :                       |           |           :
 |           |           :                       |           |           :
12    13    14    15     x                       1     5     6     5     x
 |           |           :                       |           |           :
 |           |           :                       |           |           :
 8 --- 9 ---10 ---11 --- x                       2 --- 6 ---10 --- 6 --- x
 |           |           :                       |           |           :
 |           |           :                       |           |           :
 4     5     6     7     x                       1     5     6     5     x
 |           |           :                       |           |           :
 |           |           :                       |           |           :
 0 --- 1 --- 2 --- 3 --- x                       0 --- 1 --- 2 --- 1 --- x
orbital number : 1
********************************************************************************************************************
Read input file "obs_params.in"
	Observable Type : Nq(All),   Sq(All),   N(All),   Delta[s](All),   Delta[d](All),   Delta[s+](All)
** WARNING ** the input observables have non-local factors which have been reinterpreted. The total observable number is 96
********************************************************************************************************************


********************************************************************************************************************
Start calculating the non-Gaussian ED ground state
Maximal iteration number is 1000; energy resolution is 1e-06. Phonon state relaxation time is 2000
W = 0.2 is relatively large. The non-Gaussian ED calculation starts directly.
open output files: NGSED_iteration_obserbles.txt
********************************************************************************************************************
Start the 0 rounds of NGS-ED iteration
	effective electronic model is modified as: kinetic energy t = 1
	                                           effective interaction Vq = [0,0,0,0,0,0,0,0,0,0,0,0,0,0,0,0]
	first Hamiltonian is constructed, size = 8179600 and non-zero numbers = 2178478298
	PARPACK diagonalization completed after 180 matrix-vector product operations.
	iteration results: : total energy is -11.868836 | electron energy -11.868836 + phonon energy 0.000000 | electron momentum kIdx = 0
	Nq(0) = 12.25,	Nq(1) = 0.154193,	Nq(2) = 0.185311,	Nq(3) = 0.154193,	Nq(4) = 0.154193,	Nq(5) = 0.203281,	
	Nq(6) = 0.235634,	Nq(7) = 0.203281,	Nq(8) = 0.185311,	Nq(9) = 0.235634,	Nq(10) = 0.275446,	
	Nq(11) = 0.235634,	Nq(12) = 0.154193,	Nq(13) = 0.203281,	Nq(14) = 0.235634,	Nq(15) = 0.203281;	
	Sq(0) = -1.83137e-18,	Sq(1) = 0.474292,	Sq(2) = 0.766364,	Sq(3) = 0.474292,	Sq(4) = 0.474292,	
	Sq(5) = 0.630724,	Sq(6) = 1.05279,	Sq(7) = 0.630724,	Sq(8) = 0.766364,	Sq(9) = 1.05279,	
	Sq(10) = 2.56755,	Sq(11) = 1.05279,	Sq(12) = 0.474292,	Sq(13) = 0.630724,	Sq(14) = 1.05279,	
	Sq(15) = 0.630724;	N(0) = 1.75464,	N(1) = 1.59086,	N(2) = 0.323321,	N(3) = 1.59086,	
	N(4) = 1.59086,	N(5) = 0.999881,	N(6) = 0.267546,	N(7) = 0.999881,	N(8) = 0.323321,	
	N(9) = 0.267546,	N(10) = 0.165565,	N(11) = 0.267546,	N(12) = 1.59086,	N(13) = 0.999881,	
	N(14) = 0.267546,	N(15) = 0.999881;	Delta[s](0) = 0.079258,	Delta[s](1) = 0.0592223,	Delta[s](2) = 0.0354153,	
	Delta[s](3) = 0.0592223,	Delta[s](4) = 0.0592223,	Delta[s](5) = 0.042291,	Delta[s](6) = 0.019491,	Delta[s](7) = 0.042291,	
	Delta[s](8) = 0.0354153,	Delta[s](9) = 0.019491,	Delta[s](10) = 0.000144068,	Delta[s](11) = 0.019491,	Delta[s](12) = 0.0592223,	
	Delta[s](13) = 0.042291,	Delta[s](14) = 0.019491,	Delta[s](15) = 0.042291;	Delta[d](0) = 0.275769,	Delta[d](1) = 0.18979,	
	Delta[d](2) = 0.199518,	Delta[d](3) = 0.18979,	Delta[d](4) = 0.18979,	Delta[d](5) = 0.176488,	Delta[d](6) = 0.132402,	
	Delta[d](7) = 0.176488,	Delta[d](8) = 0.199518,	Delta[d](9) = 0.132402,	Delta[d](10) = 0.0533981,	Delta[d](11) = 0.132402,	
	Delta[d](12) = 0.18979,	Delta[d](13) = 0.176488,	Delta[d](14) = 0.132402,	Delta[d](15) = 0.176488;	Delta[s+](0) = 0.559526,	
	Delta[s+](1) = 0.416627,	Delta[s+](2) = 0.199518,	Delta[s+](3) = 0.416627,	Delta[s+](4) = 0.416627,	Delta[s+](5) = 0.291185,	
	Delta[s+](6) = 0.126036,	Delta[s+](7) = 0.291185,	Delta[s+](8) = 0.199518,	Delta[s+](9) = 0.126036,	Delta[s+](10) = 0.0382006,	
	Delta[s+](11) = 0.126036,	Delta[s+](12) = 0.416627,	Delta[s+](13) = 0.291185,	Delta[s+](14) = 0.126036,	Delta[s+](15) = 0.291185
	
The 0-th iteration is completed.	|| time cost : 0h 4m 47.296s
********************************************************************************************************************
Start the 1 rounds of NGS-ED iteration
	effective electronic model is modified as: kinetic energy t = 0.999081
	                                           effective interaction Vq = [      -0.722,  -0.0371483, -0.00655869,  -0.0371483,  -0.0371483, -0.00716738,-0.000113712, -0.00716738, -0.00655869,-0.000113712, -0.00251356,-0.000113712,  -0.0371483, -0.00716738,-0.000113712, -0.00716738]
	PARPACK diagonalization completed after 60 matrix-vector product operations.
	iteration results: : total energy is -20.729590 | electron energy -20.729759 + phonon energy 0.000169 | electron momentum kIdx = 0
The 1-th iteration is completed.	|| time cost : 0h 3m 0.879s
********************************************************************************************************************
Start the 2 rounds of NGS-ED iteration
	effective electronic model is modified as: kinetic energy t = 0.999078
	                                           effective interaction Vq = [      -0.722,  -0.0372346,  -0.0065575,  -0.0372346,  -0.0372346, -0.00716519,-0.000113658, -0.00716519,  -0.0065575,-0.000113658, -0.00251324,-0.000113658,  -0.0372346, -0.00716519,-0.000113658, -0.00716519]
	PARPACK diagonalization completed after 30 matrix-vector product operations.
	iteration results: : total energy is -20.729590 | electron energy -20.729760 + phonon energy 0.000171 | electron momentum kIdx = 0
The 2-th iteration is completed.	|| time cost : 0h 0m 22.175s
********************************************************************************************************************
Start the 3 rounds of NGS-ED iteration
	effective electronic model is modified as: kinetic energy t = 0.999078
	                                           effective interaction Vq = [      -0.722,  -0.0372348, -0.00655749,  -0.0372348,  -0.0372348, -0.00716518,-0.000113658, -0.00716518, -0.00655749,-0.000113658, -0.00251323,-0.000113658,  -0.0372348, -0.00716518,-0.000113658, -0.00716518]
	PARPACK diagonalization completed after 30 matrix-vector product operations.
	iteration results: : total energy is -20.729590 | electron energy -20.729760 + phonon energy 0.000171 | electron momentum kIdx = 0
The 3-th iteration is completed.	|| time cost : 0h 0m 21.973s
********************************************************************************************************************
Start the 4 rounds of NGS-ED iteration
	effective electronic model is modified as: kinetic energy t = 0.999078
	                                           effective interaction Vq = [      -0.722,  -0.0372348, -0.00655749,  -0.0372348,  -0.0372348, -0.00716518,-0.000113658, -0.00716518, -0.00655749,-0.000113658, -0.00251323,-0.000113658,  -0.0372348, -0.00716518,-0.000113658, -0.00716518]
	PARPACK diagonalization completed after 30 matrix-vector product operations.
	iteration results: : total energy is -20.729590 | electron energy -20.729760 + phonon energy 0.000171 | electron momentum kIdx = 0
	Nq(0) = 12.25,	Nq(1) = 0.154641,	Nq(2) = 0.185369,	Nq(3) = 0.154641,	Nq(4) = 0.154641,	Nq(5) = 0.203318,	
	Nq(6) = 0.235635,	Nq(7) = 0.203318,	Nq(8) = 0.185369,	Nq(9) = 0.235635,	Nq(10) = 0.275547,	
	Nq(11) = 0.235635,	Nq(12) = 0.154641,	Nq(13) = 0.203318,	Nq(14) = 0.235635,	Nq(15) = 0.203318;	
	Sq(0) = -4.14509e-18,	Sq(1) = 0.473908,	Sq(2) = 0.766138,	Sq(3) = 0.473908,	Sq(4) = 0.473908,	
	Sq(5) = 0.630552,	Sq(6) = 1.05302,	Sq(7) = 0.630552,	Sq(8) = 0.766138,	Sq(9) = 1.05302,	
	Sq(10) = 2.56714,	Sq(11) = 1.05302,	Sq(12) = 0.473908,	Sq(13) = 0.630552,	Sq(14) = 1.05302,	
	Sq(15) = 0.630552;	N(0) = 1.75497,	N(1) = 1.59143,	N(2) = 0.323007,	N(3) = 1.59143,	
	N(4) = 1.59143,	N(5) = 0.999734,	N(6) = 0.267212,	N(7) = 0.999734,	N(8) = 0.323007,	
	N(9) = 0.267212,	N(10) = 0.165534,	N(11) = 0.267212,	N(12) = 1.59143,	N(13) = 0.999734,	
	N(14) = 0.267212,	N(15) = 0.999734;	Delta[s](0) = 0.0793887,	Delta[s](1) = 0.0593221,	Delta[s](2) = 0.035466,	
	Delta[s](3) = 0.0593221,	Delta[s](4) = 0.0593221,	Delta[s](5) = 0.0423709,	Delta[s](6) = 0.019523,	Delta[s](7) = 0.0423709,	
	Delta[s](8) = 0.035466,	Delta[s](9) = 0.019523,	Delta[s](10) = 0.000144909,	Delta[s](11) = 0.019523,	Delta[s](12) = 0.0593221,	
	Delta[s](13) = 0.0423709,	Delta[s](14) = 0.019523,	Delta[s](15) = 0.0423709;	Delta[d](0) = 0.276636,	Delta[d](1) = 0.189813,	
	Delta[d](2) = 0.199514,	Delta[d](3) = 0.189813,	Delta[d](4) = 0.189813,	Delta[d](5) = 0.176487,	Delta[d](6) = 0.13233,	
	Delta[d](7) = 0.176487,	Delta[d](8) = 0.199514,	Delta[d](9) = 0.13233,	Delta[d](10) = 0.0534333,	Delta[d](11) = 0.13233,	
	Delta[d](12) = 0.189813,	Delta[d](13) = 0.176487,	Delta[d](14) = 0.13233,	Delta[d](15) = 0.176487;	Delta[s+](0) = 0.559695,	
	Delta[s+](1) = 0.416729,	Delta[s+](2) = 0.199514,	Delta[s+](3) = 0.416729,	Delta[s+](4) = 0.416729,	Delta[s+](5) = 0.291197,	
	Delta[s+](6) = 0.125989,	Delta[s+](7) = 0.291197,	Delta[s+](8) = 0.199514,	Delta[s+](9) = 0.125989,	Delta[s+](10) = 0.0381665,	
	Delta[s+](11) = 0.125989,	Delta[s+](12) = 0.416729,	Delta[s+](13) = 0.291197,	Delta[s+](14) = 0.125989,	Delta[s+](15) = 0.291197
	
The 4-th iteration is completed.	|| time cost : 0h 3m 9.949s
********************************************************************************************************************
********************************************************************************************************************
Ground state is obtained after 5 iterations. The current ground-state energy is -20.7296, in which electron energy is -20.7298 and phonon energy is 0.00017058
Final variational state is: 
	Gamma_x = [      1,1.02834,1.00599,1.02834,1.02834,1.00717,1.00013,1.00717,1.00599,1.00013,1.00342,1.00013,1.02834,1.00717,1.00013,1.00717]
	lambda_q = [       1.9, 0.0736942, 0.0238251, 0.0736942, 0.0736942, 0.0260756,  0.002883, 0.0260756, 0.0238251,  0.002883,-0.0127282,  0.002883, 0.0736942, 0.0260756,  0.002883, 0.0260756]
Effective e-e interactions mediated by phonons are:
	momentum-space Vq = [      -0.722,  -0.0372348, -0.00655749,  -0.0372348,  -0.0372348, -0.00716518,-0.000113658, -0.00716518, -0.00655749,-0.000113658, -0.00251323,-0.000113658,  -0.0372348, -0.00716518,-0.000113658, -0.00716518]
	real-space Vr = [-0.0572302,-0.0496081,-0.0443105,-0.0496081,-0.0496081,-0.0444624,-0.0403278,-0.0444624,-0.0443105,-0.0403278,-0.0385559,-0.0403278,-0.0496081,-0.0444624,-0.0403278,-0.0444624]
********************************************************************************************************************
o___o  ----------------------------------------
| L |	Time since last clock: 0h 0m 0.01s
A===A	Time since the beginning: 0h 11m 42.286s
***********************************************


Non-Gaussina ED ground state calculation is completed. The final ground-state energy is -20.7296
********************************************************************************************************************
o___o  ----------------------------------------
| L |	Time since last clock: 0h 0m 0.003s
A===A	Time since the beginning: 0h 11m 42.289s
***********************************************



********************************************************************************************************************
All non-Gaussian ED ground state calculations have been completed. Exit now.
