SNEDics v3.22.2 Non-Gaussian ED ground state program		Start at Sat Apr 16 07:03:30 2022

Parallelization: 32 MPI threads  * 8 OpenMP threads = 256 total threads.
********************************************************************************************************************
********************************************************************************************************************

********************************************************************************************************************
System parameters and configurations
	special program options are enabled: splitted diagonal Hamiltonian | splitted Hamiltonian terms
********************************************************************************************************************
Read input file "model_params.in"
	Hubbard-Holstein model parameters : 	t = 1    U = 8    g = 0.1    W = 0.2    
********************************************************************************************************************
Read input file "hilbertspace_params.in"
	Requested 16-site 2D lattice, with 8 electrons (4, 4)
	Boundary : Periodic		Hilbert space representation : momentum-space (restricted to kIdx = 0)
	Conservation: particle number[U(1)]      spin[U(1)]     momentum
********************************************************************************************************************

Cluster Positions:				Cluster symmetry group : D4
 x ... x ... x ... x .....                       x ... x ... x ... x .....
 |           |           :                       |           |           :
 |           |           :                       |           |           :
12    13    14    15     x                       1     5     6     5     x
 |           |           :                       |           |           :
 |           |           :                       |           |           :
 8 --- 9 ---10 ---11 --- x                       2 --- 6 ---10 --- 6 --- x
 |           |           :                       |           |           :
 |           |           :                       |           |           :
 4     5     6     7     x                       1     5     6     5     x
 |           |           :                       |           |           :
 |           |           :                       |           |           :
 0 --- 1 --- 2 --- 3 --- x                       0 --- 1 --- 2 --- 1 --- x
orbital number : 1
********************************************************************************************************************
Read input file "obs_params.in"
	Observable Type : Nq(All),   Sq(All),   N(All-Orbital),   Delta[s](All),   Delta[d](All),   Delta[s+](All)
** WARNING ** the input observables have non-local factors which have been reinterpreted. The total observable number is 96
********************************************************************************************************************


********************************************************************************************************************
Start calculating the non-Gaussian ED ground state
Maximal iteration number is 1000; energy resolution is 1e-06. Phonon state relaxation time is 2000
W = 0.2 is relatively large. The non-Gaussian ED calculation starts directly.
open output files: NGSED_iteration_observables.txt
********************************************************************************************************************
Start the 0 rounds of NGS-ED iteration
	effective electronic model is modified as: kinetic energy t = 1
	                                           effective interaction Vq = [0,0,0,0,0,0,0,0,0,0,0,0,0,0,0,0]
	first Hamiltonian is constructed, size = 207184 and non-zero numbers = 32207050
	PARPACK diagonalization completed after 75 matrix-vector product operations.
	iteration results: : total energy is -16.460627 | electron energy -16.460627 + phonon energy 0.000000 | electron momentum kIdx = 0
	Nq(0) = 4,	Nq(1) = 0.217892,	Nq(2) = 0.275693,	Nq(3) = 0.217892,	Nq(4) = 0.217892,	Nq(5) = 0.260941,	
	Nq(6) = 0.370592,	Nq(7) = 0.260941,	Nq(8) = 0.275693,	Nq(9) = 0.370592,	Nq(10) = 0.4202,	
	Nq(11) = 0.370592,	Nq(12) = 0.217892,	Nq(13) = 0.260941,	Nq(14) = 0.370592,	Nq(15) = 0.260941;	
	Sq(0) = 2.57535e-18,	Sq(1) = 0.41044,	Sq(2) = 0.343979,	Sq(3) = 0.41044,	Sq(4) = 0.41044,	
	Sq(5) = 0.572101,	Sq(6) = 0.615629,	Sq(7) = 0.572101,	Sq(8) = 0.343979,	Sq(9) = 0.615629,	
	Sq(10) = 0.550078,	Sq(11) = 0.615629,	Sq(12) = 0.41044,	Sq(13) = 0.572101,	Sq(14) = 0.615629,	
	Sq(15) = 0.572101;	N(0) = 1.82882,	N(1) = 1.37933,	N(2) = 0.0780726,	N(3) = 1.37933,	
	N(4) = 1.37933,	N(5) = 0.0780398,	N(6) = 0.0412646,	N(7) = 0.0780398,	N(8) = 0.0780726,	
	N(9) = 0.0412646,	N(10) = 0.0205069,	N(11) = 0.0412646,	N(12) = 1.37933,	N(13) = 0.0780398,	
	N(14) = 0.0412646,	N(15) = 0.0780398;	Delta[s](0) = 0.0397597,	Delta[s](1) = 0.0212103,	Delta[s](2) = 0.00979785,	
	Delta[s](3) = 0.0212103,	Delta[s](4) = 0.0212103,	Delta[s](5) = 0.00997912,	Delta[s](6) = 0.000127137,	Delta[s](7) = 0.00997912,	
	Delta[s](8) = 0.00979785,	Delta[s](9) = 0.000127137,	Delta[s](10) = 2.05976e-05,	Delta[s](11) = 0.000127137,	Delta[s](12) = 0.0212103,	
	Delta[s](13) = 0.00997912,	Delta[s](14) = 0.000127137,	Delta[s](15) = 0.00997912;	Delta[d](0) = 0.280104,	Delta[d](1) = 0.057049,	
	Delta[d](2) = 0.0791309,	Delta[d](3) = 0.057049,	Delta[d](4) = 0.057049,	Delta[d](5) = 0.0570072,	Delta[d](6) = 0.0109635,	
	Delta[d](7) = 0.0570072,	Delta[d](8) = 0.0791309,	Delta[d](9) = 0.0109635,	Delta[d](10) = 0.00772687,	Delta[d](11) = 0.0109635,	
	Delta[d](12) = 0.057049,	Delta[d](13) = 0.0570072,	Delta[d](14) = 0.0109635,	Delta[d](15) = 0.0570072;	Delta[s+](0) = 0.405185,	
	Delta[s+](1) = 0.229113,	Delta[s+](2) = 0.0791309,	Delta[s+](3) = 0.229113,	Delta[s+](4) = 0.229113,	Delta[s+](5) = 0.0744226,	
	Delta[s+](6) = 0.00286484,	Delta[s+](7) = 0.0744226,	Delta[s+](8) = 0.0791309,	Delta[s+](9) = 0.00286484,	Delta[s+](10) = 0.000743006,	
	Delta[s+](11) = 0.00286484,	Delta[s+](12) = 0.229113,	Delta[s+](13) = 0.0744226,	Delta[s+](14) = 0.00286484,	Delta[s+](15) = 0.0744226
	
The 0-th iteration is completed.	|| time cost : 0h 0m 4.983s
********************************************************************************************************************
Start the 1 rounds of NGS-ED iteration
	effective electronic model is modified as: kinetic energy t = 0.999433
	                                           effective interaction Vq = [      -0.05,-0.00700247,-0.00460668,-0.00700247,-0.00700247,-0.00437408,-0.00416382,-0.00437408,-0.00460668,-0.00416382,-0.00357414,-0.00416382,-0.00700247,-0.00437408,-0.00416382,-0.00437408]
	PARPACK diagonalization completed after 30 matrix-vector product operations.
	iteration results: : total energy is -16.671310 | electron energy -16.671345 + phonon energy 0.000035 | electron momentum kIdx = 0
The 1-th iteration is completed.	|| time cost : 0h 0m 3.414s
********************************************************************************************************************
Start the 2 rounds of NGS-ED iteration
	effective electronic model is modified as: kinetic energy t = 0.999433
	                                           effective interaction Vq = [      -0.05,-0.00700534, -0.0046067,-0.00700534,-0.00700534,-0.00437385, -0.0041633,-0.00437385, -0.0046067, -0.0041633,-0.00357305, -0.0041633,-0.00700534,-0.00437385, -0.0041633,-0.00437385]
	PARPACK diagonalization completed after 30 matrix-vector product operations.
	iteration results: : total energy is -16.671310 | electron energy -16.671345 + phonon energy 0.000035 | electron momentum kIdx = 0
The 2-th iteration is completed.	|| time cost : 0h 0m 0.786s
********************************************************************************************************************
Start the 3 rounds of NGS-ED iteration
	effective electronic model is modified as: kinetic energy t = 0.999433
	                                           effective interaction Vq = [      -0.05,-0.00700534, -0.0046067,-0.00700534,-0.00700534,-0.00437385,-0.00416329,-0.00437385, -0.0046067,-0.00416329,-0.00357305,-0.00416329,-0.00700534,-0.00437385,-0.00416329,-0.00437385]
	PARPACK diagonalization completed after 30 matrix-vector product operations.
	iteration results: : total energy is -16.671310 | electron energy -16.671345 + phonon energy 0.000035 | electron momentum kIdx = 0
	Nq(0) = 4,	Nq(1) = 0.218007,	Nq(2) = 0.275714,	Nq(3) = 0.218007,	Nq(4) = 0.218007,	Nq(5) = 0.260946,	
	Nq(6) = 0.37057,	Nq(7) = 0.260946,	Nq(8) = 0.275714,	Nq(9) = 0.37057,	Nq(10) = 0.420097,	
	Nq(11) = 0.37057,	Nq(12) = 0.218007,	Nq(13) = 0.260946,	Nq(14) = 0.37057,	Nq(15) = 0.260946;	
	Sq(0) = 2.45266e-18,	Sq(1) = 0.410384,	Sq(2) = 0.343982,	Sq(3) = 0.410384,	Sq(4) = 0.410384,	
	Sq(5) = 0.572089,	Sq(6) = 0.615598,	Sq(7) = 0.572089,	Sq(8) = 0.343982,	Sq(9) = 0.615598,	
	Sq(10) = 0.550137,	Sq(11) = 0.615598,	Sq(12) = 0.410384,	Sq(13) = 0.572089,	Sq(14) = 0.615598,	
	Sq(15) = 0.572089;	N(0) = 1.82897,	N(1) = 1.37942,	N(2) = 0.0779859,	N(3) = 1.37942,	
	N(4) = 1.37942,	N(5) = 0.0779565,	N(6) = 0.0412611,	N(7) = 0.0779565,	N(8) = 0.0779859,	
	N(9) = 0.0412611,	N(10) = 0.0205134,	N(11) = 0.0412611,	N(12) = 1.37942,	N(13) = 0.0779565,	
	N(14) = 0.0412611,	N(15) = 0.0779565;	Delta[s](0) = 0.039795,	Delta[s](1) = 0.0212288,	Delta[s](2) = 0.00980589,	
	Delta[s](3) = 0.0212288,	Delta[s](4) = 0.0212288,	Delta[s](5) = 0.009989,	Delta[s](6) = 0.000127123,	Delta[s](7) = 0.009989,	
	Delta[s](8) = 0.00980589,	Delta[s](9) = 0.000127123,	Delta[s](10) = 2.06111e-05,	Delta[s](11) = 0.000127123,	Delta[s](12) = 0.0212288,	
	Delta[s](13) = 0.009989,	Delta[s](14) = 0.000127123,	Delta[s](15) = 0.009989;	Delta[d](0) = 0.28021,	Delta[d](1) = 0.0570371,	
	Delta[d](2) = 0.07913,	Delta[d](3) = 0.0570371,	Delta[d](4) = 0.0570371,	Delta[d](5) = 0.0570263,	Delta[d](6) = 0.0109546,	
	Delta[d](7) = 0.0570263,	Delta[d](8) = 0.07913,	Delta[d](9) = 0.0109546,	Delta[d](10) = 0.00772751,	Delta[d](11) = 0.0109546,	
	Delta[d](12) = 0.0570371,	Delta[d](13) = 0.0570263,	Delta[d](14) = 0.0109546,	Delta[d](15) = 0.0570263;	Delta[s+](0) = 0.40524,	
	Delta[s+](1) = 0.229148,	Delta[s+](2) = 0.07913,	Delta[s+](3) = 0.229148,	Delta[s+](4) = 0.229148,	Delta[s+](5) = 0.0744286,	
	Delta[s+](6) = 0.0028651,	Delta[s+](7) = 0.0744286,	Delta[s+](8) = 0.07913,	Delta[s+](9) = 0.0028651,	Delta[s+](10) = 0.000743755,	
	Delta[s+](11) = 0.0028651,	Delta[s+](12) = 0.229148,	Delta[s+](13) = 0.0744286,	Delta[s+](14) = 0.0028651,	Delta[s+](15) = 0.0744286
	
The 3-th iteration is completed.	|| time cost : 0h 0m 2.972s
********************************************************************************************************************
********************************************************************************************************************
Ground state is obtained after 4 iterations. The current ground-state energy is -16.6713, in which electron energy is -16.6713 and phonon energy is 3.49598e-05
Final variational state is: 
	Gamma_x = [      1,1.00738,1.00622,1.00738,1.00738,1.00559,1.00757,1.00559,1.00622,1.00757,1.00739,1.00757,1.00738,1.00559,1.00757,1.00559]
	lambda_q = [      0.5,0.0363479,  0.02359,0.0363479,0.0363479,0.0223697,0.0212688,0.0223697,  0.02359,0.0212688,0.0181964,0.0212688,0.0363479,0.0223697,0.0212688,0.0223697]
Effective e-e interactions mediated by phonons are:
	momentum-space Vq = [      -0.05,-0.00700534, -0.0046067,-0.00700534,-0.00700534,-0.00437385,-0.00416329,-0.00437385, -0.0046067,-0.00416329,-0.00357305,-0.00416329,-0.00700534,-0.00437385,-0.00416329,-0.00437385]
	real-space Vr = [-0.00780978,-0.00325694,-0.00283069,-0.00325694,-0.00325694,-0.00277248,-0.00254643,-0.00277248,-0.00283069,-0.00254643,-0.00222546,-0.00254643,-0.00325694,-0.00277248,-0.00254643,-0.00277248]
********************************************************************************************************************
o___o  ----------------------------------------
| L |	Time since last clock: 0h 0m 0.006s
A===A	Time since the beginning: 0h 0m 12.164s
***********************************************


Non-Gaussina ED ground state calculation is completed. The final ground-state energy is -16.6713
********************************************************************************************************************
o___o  ----------------------------------------
| L |	Time since last clock: 0h 0m 0.003s
A===A	Time since the beginning: 0h 0m 12.168s
***********************************************



********************************************************************************************************************
All non-Gaussian ED ground state calculations have been completed. Exit now.
