SNEDics v3.22.2 Non-Gaussian ED ground state program		Start at Wed Jun 15 17:10:52 2022

Parallelization: 32 MPI threads  * 8 OpenMP threads = 256 total threads.
********************************************************************************************************************
********************************************************************************************************************

********************************************************************************************************************
System parameters and configurations
	special program options are enabled: splitted diagonal Hamiltonian | splitted Hamiltonian terms
********************************************************************************************************************
Read input file "model_params.in"
	Hubbard-Holstein model parameters : 	t = 1    U = 8    g = 0.8    W = 0.2    
********************************************************************************************************************
Read input file "hilbertspace_params.in"
	Requested 16-site 2D lattice, with 12 electrons (6, 6)
	Boundary : Periodic		Hilbert space representation : momentum-space (restricted to kIdx = 10)
	Conservation: particle number[U(1)]      spin[U(1)]     momentum
********************************************************************************************************************

Cluster Positions:				Cluster symmetry group : D4
 x ... x ... x ... x .....                       x ... x ... x ... x .....
 |           |           :                       |           |           :
 |           |           :                       |           |           :
12    13    14    15     x                       1     5     6     5     x
 |           |           :                       |           |           :
 |           |           :                       |           |           :
 8 --- 9 ---10 ---11 --- x                       2 --- 6 ---10 --- 6 --- x
 |           |           :                       |           |           :
 |           |           :                       |           |           :
 4     5     6     7     x                       1     5     6     5     x
 |           |           :                       |           |           :
 |           |           :                       |           |           :
 0 --- 1 --- 2 --- 3 --- x                       0 --- 1 --- 2 --- 1 --- x
orbital number : 1
********************************************************************************************************************
Read input file "obs_params.in"
	Observable Type : Nq(All),   Sq(All),   N(All-Orbital),   Delta[s](All),   Delta[d](All),   Delta[s+](All)
** WARNING ** the input observables have non-local factors which have been reinterpreted. The total observable number is 96
********************************************************************************************************************


********************************************************************************************************************
Start calculating the non-Gaussian ED ground state
Maximal iteration number is 1000; energy resolution is 1e-06. Phonon state relaxation time is 2000
W = 0.2 is relatively large. The non-Gaussian ED calculation starts directly.
open output files: NGSED_iteration_observables.txt
********************************************************************************************************************
Start the 0 rounds of NGS-ED iteration
	effective electronic model is modified as: kinetic energy t = 1
	                                           effective interaction Vq = [0,0,0,0,0,0,0,0,0,0,0,0,0,0,0,0]
	first Hamiltonian is constructed, size = 4008592 and non-zero numbers = 969134084
	PARPACK diagonalization completed after 150 matrix-vector product operations.
	iteration results: : total energy is -14.925310 | electron energy -14.925310 + phonon energy 0.000000 | electron momentum kIdx = 10
	Nq(0) = 9,	Nq(1) = 0.191675,	Nq(2) = 0.238629,	Nq(3) = 0.191675,	Nq(4) = 0.191675,	Nq(5) = 0.259295,	
	Nq(6) = 0.314107,	Nq(7) = 0.259295,	Nq(8) = 0.238629,	Nq(9) = 0.314107,	Nq(10) = 0.369338,	
	Nq(11) = 0.314107,	Nq(12) = 0.191675,	Nq(13) = 0.259295,	Nq(14) = 0.314107,	Nq(15) = 0.259295;	
	Sq(0) = -1.73566e-18,	Sq(1) = 0.554662,	Sq(2) = 0.921866,	Sq(3) = 0.554662,	Sq(4) = 0.554662,	
	Sq(5) = 0.548737,	Sq(6) = 1.01287,	Sq(7) = 0.548737,	Sq(8) = 0.921866,	Sq(9) = 1.01287,	
	Sq(10) = 0.784303,	Sq(11) = 1.01287,	Sq(12) = 0.554662,	Sq(13) = 0.548737,	Sq(14) = 1.01287,	
	Sq(15) = 0.548737;	N(0) = 1.76735,	N(1) = 1.6264,	N(2) = 0.275186,	N(3) = 1.6264,	
	N(4) = 1.6264,	N(5) = 0.626534,	N(6) = 0.144321,	N(7) = 0.626534,	N(8) = 0.275186,	
	N(9) = 0.144321,	N(10) = 0.0932732,	N(11) = 0.144321,	N(12) = 1.6264,	N(13) = 0.626534,	
	N(14) = 0.144321,	N(15) = 0.626534;	Delta[s](0) = 0.0591455,	Delta[s](1) = 0.0424554,	Delta[s](2) = 0.026439,	
	Delta[s](3) = 0.0424554,	Delta[s](4) = 0.0424554,	Delta[s](5) = 0.0290627,	Delta[s](6) = 0.0126642,	Delta[s](7) = 0.0290627,	
	Delta[s](8) = 0.026439,	Delta[s](9) = 0.0126642,	Delta[s](10) = 0.00469772,	Delta[s](11) = 0.0126642,	Delta[s](12) = 0.0424554,	
	Delta[s](13) = 0.0290627,	Delta[s](14) = 0.0126642,	Delta[s](15) = 0.0290627;	Delta[d](0) = 0.191297,	Delta[d](1) = 0.13091,	
	Delta[d](2) = 0.162217,	Delta[d](3) = 0.13091,	Delta[d](4) = 0.13091,	Delta[d](5) = 0.119744,	Delta[d](6) = 0.0921916,	
	Delta[d](7) = 0.119744,	Delta[d](8) = 0.162217,	Delta[d](9) = 0.0921916,	Delta[d](10) = 0.0445361,	Delta[d](11) = 0.0921916,	
	Delta[d](12) = 0.13091,	Delta[d](13) = 0.119744,	Delta[d](14) = 0.0921916,	Delta[d](15) = 0.119744;	Delta[s+](0) = 0.51184,	
	Delta[s+](1) = 0.350406,	Delta[s+](2) = 0.162217,	Delta[s+](3) = 0.350406,	Delta[s+](4) = 0.350406,	Delta[s+](5) = 0.204269,	
	Delta[s+](6) = 0.0674187,	Delta[s+](7) = 0.204269,	Delta[s+](8) = 0.162217,	Delta[s+](9) = 0.0674187,	Delta[s+](10) = 0.0200234,	
	Delta[s+](11) = 0.0674187,	Delta[s+](12) = 0.350406,	Delta[s+](13) = 0.204269,	Delta[s+](14) = 0.0674187,	Delta[s+](15) = 0.204269
	
The 0-th iteration is completed.	|| time cost : 0h 2m 2.514s
********************************************************************************************************************
Start the 1 rounds of NGS-ED iteration
	effective electronic model is modified as: kinetic energy t = 0.952737
	                                           effective interaction Vq = [     -3.2,-0.657971,-0.387416,-0.657971,-0.657971, -0.46291,-0.384249, -0.46291,-0.387416,-0.384249,-0.358516,-0.384249,-0.657971, -0.46291,-0.384249, -0.46291]
	PARPACK diagonalization completed after 45 matrix-vector product operations.
	iteration results: : total energy is -44.421098 | electron energy -44.649374 + phonon energy 0.228276 | electron momentum kIdx = 10
The 1-th iteration is completed.	|| time cost : 0h 1m 17.816s
********************************************************************************************************************
Start the 2 rounds of NGS-ED iteration
	effective electronic model is modified as: kinetic energy t = 0.950551
	                                           effective interaction Vq = [     -3.2,-0.723991,-0.388404,-0.723991,-0.723991,-0.470212,-0.389835,-0.470212,-0.388404,-0.389835,-0.369276,-0.389835,-0.723991,-0.470212,-0.389835,-0.470212]
	PARPACK diagonalization completed after 30 matrix-vector product operations.
	iteration results: : total energy is -44.422493 | electron energy -44.681082 + phonon energy 0.258589 | electron momentum kIdx = 10
The 2-th iteration is completed.	|| time cost : 0h 0m 9.357s
********************************************************************************************************************
Start the 3 rounds of NGS-ED iteration
	effective electronic model is modified as: kinetic energy t = 0.950312
	                                           effective interaction Vq = [     -3.2,-0.737694,-0.387335,-0.737694,-0.737694,-0.468442, -0.38882,-0.468442,-0.387335, -0.38882, -0.36949, -0.38882,-0.737694,-0.468442, -0.38882,-0.468442]
	PARPACK diagonalization completed after 30 matrix-vector product operations.
	iteration results: : total energy is -44.422553 | electron energy -44.684175 + phonon energy 0.261622 | electron momentum kIdx = 10
The 3-th iteration is completed.	|| time cost : 0h 0m 9.371s
********************************************************************************************************************
Start the 4 rounds of NGS-ED iteration
	effective electronic model is modified as: kinetic energy t = 0.950262
	                                           effective interaction Vq = [     -3.2, -0.74103,-0.387145, -0.74103, -0.74103,-0.467811,-0.388511,-0.467811,-0.387145,-0.388511,-0.369431,-0.388511, -0.74103,-0.467811,-0.388511,-0.467811]
	PARPACK diagonalization completed after 30 matrix-vector product operations.
	iteration results: : total energy is -44.422556 | electron energy -44.684792 + phonon energy 0.262236 | electron momentum kIdx = 10
The 4-th iteration is completed.	|| time cost : 0h 0m 9.371s
********************************************************************************************************************
Start the 5 rounds of NGS-ED iteration
	effective electronic model is modified as: kinetic energy t = 0.95025
	                                           effective interaction Vq = [     -3.2,-0.741866, -0.38711,-0.741866,-0.741866,-0.467637,-0.388435,-0.467637, -0.38711,-0.388435,-0.369408,-0.388435,-0.741866,-0.467637,-0.388435,-0.467637]
	PARPACK diagonalization completed after 30 matrix-vector product operations.
	iteration results: : total energy is -44.422556 | electron energy -44.684942 + phonon energy 0.262385 | electron momentum kIdx = 10
The 5-th iteration is completed.	|| time cost : 0h 0m 9.367s
********************************************************************************************************************
Start the 6 rounds of NGS-ED iteration
	effective electronic model is modified as: kinetic energy t = 0.950247
	                                           effective interaction Vq = [     -3.2,-0.742077,-0.387103,-0.742077,-0.742077,-0.467592,-0.388416,-0.467592,-0.387103,-0.388416,-0.369401,-0.388416,-0.742077,-0.467592,-0.388416,-0.467592]
	PARPACK diagonalization completed after 30 matrix-vector product operations.
	iteration results: : total energy is -44.422556 | electron energy -44.684979 + phonon energy 0.262423 | electron momentum kIdx = 10
The 6-th iteration is completed.	|| time cost : 0h 0m 9.377s
********************************************************************************************************************
Start the 7 rounds of NGS-ED iteration
	effective electronic model is modified as: kinetic energy t = 0.950247
	                                           effective interaction Vq = [     -3.2, -0.74213,-0.387101, -0.74213, -0.74213, -0.46758,-0.388412, -0.46758,-0.387101,-0.388412,-0.369399,-0.388412, -0.74213, -0.46758,-0.388412, -0.46758]
	PARPACK diagonalization completed after 30 matrix-vector product operations.
	iteration results: : total energy is -44.422556 | electron energy -44.684988 + phonon energy 0.262432 | electron momentum kIdx = 10
The 7-th iteration is completed.	|| time cost : 0h 0m 9.355s
********************************************************************************************************************
Start the 8 rounds of NGS-ED iteration
	effective electronic model is modified as: kinetic energy t = 0.950246
	                                           effective interaction Vq = [     -3.2,-0.742143,-0.387101,-0.742143,-0.742143,-0.467577,-0.388411,-0.467577,-0.387101,-0.388411,-0.369398,-0.388411,-0.742143,-0.467577,-0.388411,-0.467577]
	PARPACK diagonalization completed after 30 matrix-vector product operations.
	iteration results: : total energy is -44.422556 | electron energy -44.684991 + phonon energy 0.262434 | electron momentum kIdx = 10
The 8-th iteration is completed.	|| time cost : 0h 0m 9.35s
********************************************************************************************************************
Start the 9 rounds of NGS-ED iteration
	effective electronic model is modified as: kinetic energy t = 0.950246
	                                           effective interaction Vq = [     -3.2,-0.742147,-0.387101,-0.742147,-0.742147,-0.467576, -0.38841,-0.467576,-0.387101, -0.38841,-0.369398, -0.38841,-0.742147,-0.467576, -0.38841,-0.467576]
	PARPACK diagonalization completed after 30 matrix-vector product operations.
	iteration results: : total energy is -44.422556 | electron energy -44.684991 + phonon energy 0.262435 | electron momentum kIdx = 10
The 9-th iteration is completed.	|| time cost : 0h 0m 9.38s
********************************************************************************************************************
Start the 10 rounds of NGS-ED iteration
	effective electronic model is modified as: kinetic energy t = 0.950246
	                                           effective interaction Vq = [     -3.2,-0.742147,-0.387101,-0.742147,-0.742147,-0.467576, -0.38841,-0.467576,-0.387101, -0.38841,-0.369398, -0.38841,-0.742147,-0.467576, -0.38841,-0.467576]
	PARPACK diagonalization completed after 30 matrix-vector product operations.
	iteration results: : total energy is -44.422556 | electron energy -44.684991 + phonon energy 0.262435 | electron momentum kIdx = 10
The 10-th iteration is completed.	|| time cost : 0h 0m 9.245s
********************************************************************************************************************
Start the 11 rounds of NGS-ED iteration
	effective electronic model is modified as: kinetic energy t = 0.950246
	                                           effective interaction Vq = [     -3.2,-0.742148,-0.387101,-0.742148,-0.742148,-0.467576, -0.38841,-0.467576,-0.387101, -0.38841,-0.369398, -0.38841,-0.742148,-0.467576, -0.38841,-0.467576]
	PARPACK diagonalization completed after 30 matrix-vector product operations.
	iteration results: : total energy is -44.422556 | electron energy -44.684992 + phonon energy 0.262435 | electron momentum kIdx = 10
	Nq(0) = 9,	Nq(1) = 0.204961,	Nq(2) = 0.241792,	Nq(3) = 0.204961,	Nq(4) = 0.204961,	Nq(5) = 0.263745,	
	Nq(6) = 0.319505,	Nq(7) = 0.263745,	Nq(8) = 0.241792,	Nq(9) = 0.319505,	Nq(10) = 0.37801,	
	Nq(11) = 0.319505,	Nq(12) = 0.204961,	Nq(13) = 0.263745,	Nq(14) = 0.319505,	Nq(15) = 0.263745;	
	Sq(0) = -1.84568e-18,	Sq(1) = 0.545816,	Sq(2) = 0.91068,	Sq(3) = 0.545816,	Sq(4) = 0.545816,	
	Sq(5) = 0.545557,	Sq(6) = 1.0013,	Sq(7) = 0.545557,	Sq(8) = 0.91068,	Sq(9) = 1.0013,	
	Sq(10) = 0.793522,	Sq(11) = 1.0013,	Sq(12) = 0.545816,	Sq(13) = 0.545557,	Sq(14) = 1.0013,	
	Sq(15) = 0.545557;	N(0) = 1.78726,	N(1) = 1.65674,	N(2) = 0.251034,	N(3) = 1.65674,	
	N(4) = 1.65674,	N(5) = 0.613031,	N(6) = 0.135565,	N(7) = 0.613031,	N(8) = 0.251034,	
	N(9) = 0.135565,	N(10) = 0.0893206,	N(11) = 0.135565,	N(12) = 1.65674,	N(13) = 0.613031,	
	N(14) = 0.135565,	N(15) = 0.613031;	Delta[s](0) = 0.0653396,	Delta[s](1) = 0.0470359,	Delta[s](2) = 0.0297552,	
	Delta[s](3) = 0.0470359,	Delta[s](4) = 0.0470359,	Delta[s](5) = 0.0327651,	Delta[s](6) = 0.0144217,	Delta[s](7) = 0.0327651,	
	Delta[s](8) = 0.0297552,	Delta[s](9) = 0.0144217,	Delta[s](10) = 0.00547698,	Delta[s](11) = 0.0144217,	Delta[s](12) = 0.0470359,	
	Delta[s](13) = 0.0327651,	Delta[s](14) = 0.0144217,	Delta[s](15) = 0.0327651;	Delta[d](0) = 0.197038,	Delta[d](1) = 0.129784,	
	Delta[d](2) = 0.162328,	Delta[d](3) = 0.129784,	Delta[d](4) = 0.129784,	Delta[d](5) = 0.120252,	Delta[d](6) = 0.0896962,	
	Delta[d](7) = 0.120252,	Delta[d](8) = 0.162328,	Delta[d](9) = 0.0896962,	Delta[d](10) = 0.0421206,	Delta[d](11) = 0.0896962,	
	Delta[d](12) = 0.129784,	Delta[d](13) = 0.120252,	Delta[d](14) = 0.0896962,	Delta[d](15) = 0.120252;	Delta[s+](0) = 0.517707,	
	Delta[s+](1) = 0.354017,	Delta[s+](2) = 0.162328,	Delta[s+](3) = 0.354017,	Delta[s+](4) = 0.354017,	Delta[s+](5) = 0.205447,	
	Delta[s+](6) = 0.0665037,	Delta[s+](7) = 0.205447,	Delta[s+](8) = 0.162328,	Delta[s+](9) = 0.0665037,	Delta[s+](10) = 0.0196518,	
	Delta[s+](11) = 0.0665037,	Delta[s+](12) = 0.354017,	Delta[s+](13) = 0.205447,	Delta[s+](14) = 0.0665037,	Delta[s+](15) = 0.205447
	
The 11-th iteration is completed.	|| time cost : 0h 1m 19.105s
********************************************************************************************************************
********************************************************************************************************************
Ground state is obtained after 12 iterations. The current ground-state energy is -44.4226, in which electron energy is -44.685 and phonon energy is 0.262435
Final variational state is: 
	Gamma_x = [      1,1.93714,1.55069,1.93714,1.93714, 1.7545,1.76684, 1.7545,1.55069,1.76684,1.88427,1.76684,1.93714, 1.7545,1.76684, 1.7545]
	lambda_q = [       4,0.494396,0.249734,0.494396,0.494396,0.303769,0.250607,0.303769,0.249734,0.250607,0.237952,0.250607,0.494396,0.303769,0.250607,0.303769]
Effective e-e interactions mediated by phonons are:
	momentum-space Vq = [     -3.2,-0.742148,-0.387101,-0.742148,-0.742148,-0.467576, -0.38841,-0.467576,-0.387101, -0.38841,-0.369398, -0.38841,-0.742148,-0.467576, -0.38841,-0.467576]
	real-space Vr = [-0.671008, -0.22113,-0.154581, -0.22113, -0.22113,  -0.1747,-0.132695,  -0.1747,-0.154581,-0.132695,-0.105729,-0.132695, -0.22113,  -0.1747,-0.132695,  -0.1747]
********************************************************************************************************************
o___o  ----------------------------------------
| L |	Time since last clock: 0h 0m 0.012s
A===A	Time since the beginning: 0h 6m 3.626s
***********************************************


Non-Gaussina ED ground state calculation is completed. The final ground-state energy is -44.4226
********************************************************************************************************************
o___o  ----------------------------------------
| L |	Time since last clock: 0h 0m 0.003s
A===A	Time since the beginning: 0h 6m 3.629s
***********************************************



********************************************************************************************************************
All non-Gaussian ED ground state calculations have been completed. Exit now.
