SNEDics v3.4 Non-Gaussian ED ground state program		Start at Tue Oct  1 14:44:03 2019

parallized on 16 MPI threads  * 8 OpenMP threads = 128 total threads.
********************************************************************************************************************
********************************************************************************************************************

********************************************************************************************************************
System parameters and configurations
********************************************************************************************************************
Special program options are enabled: splitted diagonal Hamiltonian
********************************************************************************************************************
Read input file "model_params.in"
	Hubbard-Holstein model parameters : 	t = 1    U = 6.18    g = 4.1833    W = 5    
********************************************************************************************************************
Read input file "hilbertspace_params.in"
	Requested 16-site 2D lattice, with 16 electrons (8, 8)
	Boundary : Periodic		Hilbert space representation : momentum-space (restricted to kIdx = 0)
	Conservation: particle number[U(1)]      spin[U(1)]     momentum
********************************************************************************************************************

Cluster Positions:				Cluster symmetry group : D4
 x ... x ... x ... x .....                       x ... x ... x ... x .....
 |           |           :                       |           |           :
 |           |           :                       |           |           :
12    13    14    15     x                       1     5     6     5     x
 |           |           :                       |           |           :
 |           |           :                       |           |           :
 8 --- 9 ---10 ---11 --- x                       2 --- 6 ---10 --- 6 --- x
 |           |           :                       |           |           :
 |           |           :                       |           |           :
 4     5     6     7     x                       1     5     6     5     x
 |           |           :                       |           |           :
 |           |           :                       |           |           :
 0 --- 1 --- 2 --- 3 --- x                       0 --- 1 --- 2 --- 1 --- x
orbital number : 1
********************************************************************************************************************
Read input file "obs_params.in"
	Observable Type : Nq(All),   Sq(All),   N(All),   Delta[s](All),   Delta[d](All),   Delta[s+](All)
********************************************************************************************************************
** WARNING ** the input observables have non-local factors which have been reinterpreted. The total observable number is 96
********************************************************************************************************************


********************************************************************************************************************
Start calculating the non-Gaussian ED ground state
** WARNING ** Detected low phonon energy W < 10. The initial state will be prepared through a warm-up process.
********************************************************************************************************************
Start warm-up calculation for scaling factor 2
open output files: NGSEDWarmUpW10Obs.txt
********************************************************************************************************************
Start the 0 rounds of NGS-ED iteration
	effective electronic model is modified as: kinetic energy t = 1
	                                           effective interaction Vq = [-0,-0,-0,-0,-0,-0,-0,-0,-0,-0,-0,-0,-0,-0,-0,-0]
	first Hamiltonian is constructed, non-zero numbers = 2845383612
	PARPACK diagonalization completed after 90 matrix-vector product operations.
	iteration results: : total energy is -10.329893 | electron energy -10.329893 + phonon energy 0.000000 | electron momentum kIdx = 0
	Nq(0) = 16,	Nq(1) = 0.0942165,	Nq(2) = 0.155893,	Nq(3) = 0.0942165,	Nq(4) = 0.0942165,	Nq(5) = 0.155893,	Nq(6) = 0.212499,	Nq(7) = 0.155893,	Nq(8) = 0.155893,	Nq(9) = 0.212499,	Nq(10) = 0.264716,	Nq(11) = 0.212499,	Nq(12) = 0.0942165,	Nq(13) = 0.155893,	Nq(14) = 0.212499,	Nq(15) = 0.155893,	Sq(0) = 8.03184e-19,	Sq(1) = 0.423075,	Sq(2) = 0.635234,	Sq(3) = 0.423075,	Sq(4) = 0.423075,	Sq(5) = 0.635234,	Sq(6) = 0.882414,	Sq(7) = 0.635234,	Sq(8) = 0.635234,	Sq(9) = 0.882414,	Sq(10) = 4.5397,	Sq(11) = 0.882414,	Sq(12) = 0.423075,	Sq(13) = 0.635234,	Sq(14) = 0.882414,	Sq(15) = 0.635234,	N(0) = 1.8501,	N(1) = 1.68927,	N(2) = 1,	N(3) = 1.68927,	N(4) = 1.68927,	N(5) = 1,	N(6) = 0.31073,	N(7) = 1,	N(8) = 1,	N(9) = 0.31073,	N(10) = 0.149901,	N(11) = 0.31073,	N(12) = 1.68927,	N(13) = 1,	N(14) = 0.31073,	N(15) = 1,	Delta[s](0) = 0.116817,	Delta[s](1) = 0.0978745,	Delta[s](2) = 0.0773542,	Delta[s](3) = 0.0978745,	Delta[s](4) = 0.0978745,	Delta[s](5) = 0.0773542,	Delta[s](6) = 0.0550062,	Delta[s](7) = 0.0773542,	Delta[s](8) = 0.0773542,	Delta[s](9) = 0.0550062,	Delta[s](10) = 0.0210022,	Delta[s](11) = 0.0550062,	Delta[s](12) = 0.0978745,	Delta[s](13) = 0.0773542,	Delta[s](14) = 0.0550062,	Delta[s](15) = 0.0773542,	Delta[d](0) = 0.574482,	Delta[d](1) = 0.427017,	Delta[d](2) = 0.329737,	Delta[d](3) = 0.427017,	Delta[d](4) = 0.427017,	Delta[d](5) = 0.338634,	Delta[d](6) = 0.239716,	Delta[d](7) = 0.338634,	Delta[d](8) = 0.329737,	Delta[d](9) = 0.239716,	Delta[d](10) = 0.118246,	Delta[d](11) = 0.239716,	Delta[d](12) = 0.427017,	Delta[d](13) = 0.338634,	Delta[d](14) = 0.239716,	Delta[d](15) = 0.338634,	Delta[s+](0) = 0.608524,	Delta[s+](1) = 0.481036,	Delta[s+](2) = 0.329737,	Delta[s+](3) = 0.481036,	Delta[s+](4) = 0.481036,	Delta[s+](5) = 0.329737,	Delta[s+](6) = 0.182819,	Delta[s+](7) = 0.329737,	Delta[s+](8) = 0.329737,	Delta[s+](9) = 0.182819,	Delta[s+](10) = 0.0600648,	Delta[s+](11) = 0.182819,	Delta[s+](12) = 0.481036,	Delta[s+](13) = 0.329737,	Delta[s+](14) = 0.182819,	Delta[s+](15) = 0.329737
The 0-th iteration is completed.	|| time cost : 0h 8m 41.556s
********************************************************************************************************************
Start the 1 rounds of NGS-ED iteration
	effective electronic model is modified as: kinetic energy t = 0.922544
	                                           effective interaction Vq = [-3.02633,-2.65058,-2.57752,-2.65058,-2.65058,-2.57752,-2.53687,-2.57752,-2.57752,-2.53687,-2.50653,-2.53687,-2.65058,-2.57752,-2.53687,-2.57752]
	PARPACK diagonalization completed after 60 matrix-vector product operations.
	iteration results: : total energy is -67.260206 | electron energy -67.264626 + phonon energy 0.004420 | electron momentum kIdx = 0
The 1-th iteration is completed.	|| time cost : 0h 7m 56.288s
********************************************************************************************************************
Start the 2 rounds of NGS-ED iteration
	effective electronic model is modified as: kinetic energy t = 0.857874
	                                           effective interaction Vq = [ -3.4359,-3.24806,-3.11893,-3.24806,-3.24806,-3.11893,-3.11656,-3.11893,-3.11893,-3.11656,-3.05239,-3.11656,-3.24806,-3.11893,-3.11656,-3.11893]
	PARPACK diagonalization completed after 75 matrix-vector product operations.
	iteration results: : total energy is -75.919114 | electron energy -75.965877 + phonon energy 0.046763 | electron momentum kIdx = 0
The 2-th iteration is completed.	|| time cost : 0h 0m 41.738s
********************************************************************************************************************
Start the 3 rounds of NGS-ED iteration
	effective electronic model is modified as: kinetic energy t = 0.817298
	                                           effective interaction Vq = [-3.49132,-3.39466,-3.36068,-3.39466,-3.39466,-3.36068,-3.28542,-3.36068,-3.36068,-3.28542,-3.27772,-3.28542,-3.39466,-3.36068,-3.28542,-3.36068]
	PARPACK diagonalization completed after 60 matrix-vector product operations.
	iteration results: : total energy is -77.707623 | electron energy -77.802697 + phonon energy 0.095073 | electron momentum kIdx = 0
The 3-th iteration is completed.	|| time cost : 0h 0m 36.918s
********************************************************************************************************************
Start the 4 rounds of NGS-ED iteration
	effective electronic model is modified as: kinetic energy t = 0.802165
	                                           effective interaction Vq = [-3.49883,-3.43049,-3.41914,-3.43049,-3.43049,-3.41914,-3.33339,-3.41914,-3.41914,-3.33339,-3.34529,-3.33339,-3.43049,-3.41914,-3.33339,-3.41914]
	PARPACK diagonalization completed after 45 matrix-vector product operations.
	iteration results: : total energy is -77.948879 | electron energy -78.071897 + phonon energy 0.123018 | electron momentum kIdx = 0
The 4-th iteration is completed.	|| time cost : 0h 0m 32.194s
********************************************************************************************************************
Start the 5 rounds of NGS-ED iteration
	effective electronic model is modified as: kinetic energy t = 0.796723
	                                           effective interaction Vq = [-3.49984,-3.44106,-3.43591,-3.44106,-3.44106,-3.43591,-3.34904,-3.43591,-3.43591,-3.34904,-3.36867,-3.34904,-3.44106,-3.43591,-3.34904,-3.43591]
	PARPACK diagonalization completed after 45 matrix-vector product operations.
	iteration results: : total energy is -77.980555 | electron energy -78.115269 + phonon energy 0.134714 | electron momentum kIdx = 0
The 5-th iteration is completed.	|| time cost : 0h 0m 32.386s
********************************************************************************************************************
Start the 6 rounds of NGS-ED iteration
	effective electronic model is modified as: kinetic energy t = 0.794781
	                                           effective interaction Vq = [-3.49998, -3.4445,-3.44122, -3.4445, -3.4445,-3.44122,-3.35449,-3.44122,-3.44122,-3.35449,-3.37755,-3.35449, -3.4445,-3.44122,-3.35449,-3.44122]
	PARPACK diagonalization completed after 45 matrix-vector product operations.
	iteration results: : total energy is -77.984694 | electron energy -78.123843 + phonon energy 0.139148 | electron momentum kIdx = 0
The 6-th iteration is completed.	|| time cost : 0h 0m 32.477s
********************************************************************************************************************
Start the 7 rounds of NGS-ED iteration
	effective electronic model is modified as: kinetic energy t = 0.794087
	                                           effective interaction Vq = [    -3.5,-3.44566,-3.44296,-3.44566,-3.44566,-3.44296,-3.35644,-3.44296,-3.44296,-3.35644,-3.38113,-3.35644,-3.44566,-3.44296,-3.35644,-3.44296]
	PARPACK diagonalization completed after 45 matrix-vector product operations.
	iteration results: : total energy is -77.985239 | electron energy -78.126022 + phonon energy 0.140783 | electron momentum kIdx = 0
The 7-th iteration is completed.	|| time cost : 0h 0m 32.418s
********************************************************************************************************************
Start the 8 rounds of NGS-ED iteration
	effective electronic model is modified as: kinetic energy t = 0.793837
	                                           effective interaction Vq = [    -3.5,-3.44607,-3.44354,-3.44607,-3.44607,-3.44354,-3.35715,-3.44354,-3.44354,-3.35715,-3.38262,-3.35715,-3.44607,-3.44354,-3.35715,-3.44354]
	PARPACK diagonalization completed after 30 matrix-vector product operations.
	iteration results: : total energy is -77.985312 | electron energy -78.126696 + phonon energy 0.141384 | electron momentum kIdx = 0
The 8-th iteration is completed.	|| time cost : 0h 0m 27.469s
********************************************************************************************************************
Start the 9 rounds of NGS-ED iteration
	effective electronic model is modified as: kinetic energy t = 0.793746
	                                           effective interaction Vq = [    -3.5, -3.4462,-3.44373, -3.4462, -3.4462,-3.44373,-3.35741,-3.44373,-3.44373,-3.35741,-3.38327,-3.35741, -3.4462,-3.44373,-3.35741,-3.44373]
	PARPACK diagonalization completed after 30 matrix-vector product operations.
	iteration results: : total energy is -77.985322 | electron energy -78.126929 + phonon energy 0.141606 | electron momentum kIdx = 0
	Nq(0) = 16,	Nq(1) = 0.405768,	Nq(2) = 0.768691,	Nq(3) = 0.405768,	Nq(4) = 0.405768,	Nq(5) = 0.768691,	Nq(6) = 0.652657,	Nq(7) = 0.768691,	Nq(8) = 0.768691,	Nq(9) = 0.652657,	Nq(10) = 0.960559,	Nq(11) = 0.652657,	Nq(12) = 0.405768,	Nq(13) = 0.768691,	Nq(14) = 0.652657,	Nq(15) = 0.768691,	Sq(0) = -1.58795e-17,	Sq(1) = 0.321678,	Sq(2) = 0.35424,	Sq(3) = 0.321678,	Sq(4) = 0.321678,	Sq(5) = 0.35424,	Sq(6) = 0.548981,	Sq(7) = 0.35424,	Sq(8) = 0.35424,	Sq(9) = 0.548981,	Sq(10) = 0.585518,	Sq(11) = 0.548981,	Sq(12) = 0.321678,	Sq(13) = 0.35424,	Sq(14) = 0.548981,	Sq(15) = 0.35424,	N(0) = 1.99722,	N(1) = 1.99254,	N(2) = 1,	N(3) = 1.99254,	N(4) = 1.99254,	N(5) = 1,	N(6) = 0.00746119,	N(7) = 1,	N(8) = 1,	N(9) = 0.00746119,	N(10) = 0.00277561,	N(11) = 0.00746119,	N(12) = 1.99254,	N(13) = 1,	N(14) = 0.00746119,	N(15) = 1,	Delta[s](0) = 0.655116,	Delta[s](1) = 0.317727,	Delta[s](2) = 0.281125,	Delta[s](3) = 0.317727,	Delta[s](4) = 0.317727,	Delta[s](5) = 0.281125,	Delta[s](6) = 0.261361,	Delta[s](7) = 0.281125,	Delta[s](8) = 0.281125,	Delta[s](9) = 0.261361,	Delta[s](10) = 0.24499,	Delta[s](11) = 0.261361,	Delta[s](12) = 0.317727,	Delta[s](13) = 0.281125,	Delta[s](14) = 0.261361,	Delta[s](15) = 0.281125,	Delta[d](0) = 0.337079,	Delta[d](1) = 0.283887,	Delta[d](2) = 0.258843,	Delta[d](3) = 0.283887,	Delta[d](4) = 0.283887,	Delta[d](5) = 0.254893,	Delta[d](6) = 0.242218,	Delta[d](7) = 0.254893,	Delta[d](8) = 0.258843,	Delta[d](9) = 0.242218,	Delta[d](10) = 0.172897,	Delta[d](11) = 0.242218,	Delta[d](12) = 0.283887,	Delta[d](13) = 0.254893,	Delta[d](14) = 0.242218,	Delta[d](15) = 0.254893,	Delta[s+](0) = 0.460255,	Delta[s+](1) = 0.379766,	Delta[s+](2) = 0.258843,	Delta[s+](3) = 0.379766,	Delta[s+](4) = 0.379766,	Delta[s+](5) = 0.258843,	Delta[s+](6) = 0.133154,	Delta[s+](7) = 0.258843,	Delta[s+](8) = 0.258843,	Delta[s+](9) = 0.133154,	Delta[s+](10) = 0.0495734,	Delta[s+](11) = 0.133154,	Delta[s+](12) = 0.379766,	Delta[s+](13) = 0.258843,	Delta[s+](14) = 0.133154,	Delta[s+](15) = 0.258843
The 9-th iteration is completed.	|| time cost : 0h 4m 39.014s
********************************************************************************************************************
********************************************************************************************************************
Ground state is obtained after 10 iterations. The current ground-state energy is -77.9853, in which electron energy is -78.1269 and phonon energy is 0.141606
final variational state is: 
	Gamma_x = [      1, 1.0313, 1.0613, 1.0313, 1.0313, 1.0613,1.07627, 1.0613, 1.0613,1.07627, 1.1052,1.07627, 1.0313, 1.0613,1.07627, 1.0613]
	lambda_q = [0.591581,0.518296,0.516636,0.518296,0.518296,0.516636,0.472236,0.516636,0.516636,0.472236,0.483698,0.472236,0.518296,0.516636,0.472236,0.516636]
********************************************************************************************************************
o___o  ----------------------------------------
| L |	Time since last clock: 0h 0m 0s
A===A	Time since the beginning: 0h 25m 12.462s
***********************************************


********************************************************************************************************************
Warm up runs have been completed. Start calculating W = 5 phonon.
open output files: NGSEDIterationObs.txt
********************************************************************************************************************
Start the 0 rounds of NGS-ED iteration
	effective electronic model is modified as: kinetic energy t = 0.793713
	                                           effective interaction Vq = [-3.19968,-2.99322,-2.98792,-2.99322,-2.99322,-2.98792,-2.83598,-2.98792,-2.98792,-2.83598,-2.87709,-2.83598,-2.99322,-2.98792,-2.83598,-2.98792]
	PARPACK diagonalization completed after 75 matrix-vector product operations.
	iteration results: : total energy is -69.072491 | electron energy -69.143336 + phonon energy 0.070845 | electron momentum kIdx = 0
	Nq(0) = 16,	Nq(1) = 0.351841,	Nq(2) = 0.370957,	Nq(3) = 0.351841,	Nq(4) = 0.351841,	Nq(5) = 0.370957,	Nq(6) = 0.561498,	Nq(7) = 0.370957,	Nq(8) = 0.370957,	Nq(9) = 0.561498,	Nq(10) = 0.596028,	Nq(11) = 0.561498,	Nq(12) = 0.351841,	Nq(13) = 0.370957,	Nq(14) = 0.561498,	Nq(15) = 0.370957,	Sq(0) = -4.77244e-18,	Sq(1) = 0.387353,	Sq(2) = 0.558106,	Sq(3) = 0.387353,	Sq(4) = 0.387353,	Sq(5) = 0.558106,	Sq(6) = 0.647471,	Sq(7) = 0.558106,	Sq(8) = 0.558106,	Sq(9) = 0.647471,	Sq(10) = 2.03694,	Sq(11) = 0.647471,	Sq(12) = 0.387353,	Sq(13) = 0.558106,	Sq(14) = 0.647471,	Sq(15) = 0.558106,	N(0) = 1.99896,	N(1) = 1.99738,	N(2) = 1,	N(3) = 1.99738,	N(4) = 1.99738,	N(5) = 1,	N(6) = 0.00261629,	N(7) = 1,	N(8) = 1,	N(9) = 0.00261629,	N(10) = 0.00104061,	N(11) = 0.00261629,	N(12) = 1.99738,	N(13) = 1,	N(14) = 0.00261629,	N(15) = 1,	Delta[s](0) = 0.241418,	Delta[s](1) = 0.234319,	Delta[s](2) = 0.195587,	Delta[s](3) = 0.234319,	Delta[s](4) = 0.234319,	Delta[s](5) = 0.195587,	Delta[s](6) = 0.189279,	Delta[s](7) = 0.195587,	Delta[s](8) = 0.195587,	Delta[s](9) = 0.189279,	Delta[s](10) = 0.128231,	Delta[s](11) = 0.189279,	Delta[s](12) = 0.234319,	Delta[s](13) = 0.195587,	Delta[s](14) = 0.189279,	Delta[s](15) = 0.195587,	Delta[d](0) = 0.541704,	Delta[d](1) = 0.333787,	Delta[d](2) = 0.29066,	Delta[d](3) = 0.333787,	Delta[d](4) = 0.333787,	Delta[d](5) = 0.337564,	Delta[d](6) = 0.257858,	Delta[d](7) = 0.337564,	Delta[d](8) = 0.29066,	Delta[d](9) = 0.257858,	Delta[d](10) = 0.138166,	Delta[d](11) = 0.257858,	Delta[d](12) = 0.333787,	Delta[d](13) = 0.337564,	Delta[d](14) = 0.257858,	Delta[d](15) = 0.337564,	Delta[s+](0) = 0.520756,	Delta[s+](1) = 0.429018,	Delta[s+](2) = 0.29066,	Delta[s+](3) = 0.429018,	Delta[s+](4) = 0.429018,	Delta[s+](5) = 0.29066,	Delta[s+](6) = 0.152927,	Delta[s+](7) = 0.29066,	Delta[s+](8) = 0.29066,	Delta[s+](9) = 0.152927,	Delta[s+](10) = 0.0534876,	Delta[s+](11) = 0.152927,	Delta[s+](12) = 0.429018,	Delta[s+](13) = 0.29066,	Delta[s+](14) = 0.152927,	Delta[s+](15) = 0.29066
The 0-th iteration is completed.	|| time cost : 0h 4m 52.258s
********************************************************************************************************************
Start the 1 rounds of NGS-ED iteration
	effective electronic model is modified as: kinetic energy t = 0.78383
	                                           effective interaction Vq = [-3.38952,-3.15975,-3.00844,-3.15975,-3.15975,-3.00844,-2.96037,-3.00844,-3.00844,-2.96037,-2.90294,-2.96037,-3.15975,-3.00844,-2.96037,-3.00844]
	PARPACK diagonalization completed after 60 matrix-vector product operations.
	iteration results: : total energy is -72.342646 | electron energy -72.537595 + phonon energy 0.194949 | electron momentum kIdx = 0
The 1-th iteration is completed.	|| time cost : 0h 0m 36.94s
********************************************************************************************************************
Start the 2 rounds of NGS-ED iteration
	effective electronic model is modified as: kinetic energy t = 0.773805
	                                           effective interaction Vq = [-3.45936,-3.25119,-3.02894,-3.25119,-3.25119,-3.02894,-3.04361,-3.02894,-3.02894,-3.04361,-2.93349,-3.04361,-3.25119,-3.02894,-3.04361,-3.02894]
	PARPACK diagonalization completed after 60 matrix-vector product operations.
	iteration results: : total energy is -73.556421 | electron energy -73.825687 + phonon energy 0.269266 | electron momentum kIdx = 0
The 2-th iteration is completed.	|| time cost : 0h 0m 37.05s
********************************************************************************************************************
Start the 3 rounds of NGS-ED iteration
	effective electronic model is modified as: kinetic energy t = 0.76613
	                                           effective interaction Vq = [-3.48505,-3.30328,-3.04404,-3.30328,-3.30328,-3.04404,-3.09766,-3.04404,-3.04404,-3.09766,-2.95584,-3.09766,-3.30328,-3.04404,-3.09766,-3.04404]
	PARPACK diagonalization completed after 60 matrix-vector product operations.
	iteration results: : total energy is -74.010094 | electron energy -74.322098 + phonon energy 0.312005 | electron momentum kIdx = 0
The 3-th iteration is completed.	|| time cost : 0h 0m 36.839s
********************************************************************************************************************
Start the 4 rounds of NGS-ED iteration
	effective electronic model is modified as: kinetic energy t = 0.760747
	                                           effective interaction Vq = [ -3.4945,-3.33384,-3.05426,-3.33384,-3.33384,-3.05426, -3.1326,-3.05426,-3.05426, -3.1326,-2.97044, -3.1326,-3.33384,-3.05426, -3.1326,-3.05426]
	PARPACK diagonalization completed after 60 matrix-vector product operations.
	iteration results: : total energy is -74.180078 | electron energy -74.517934 + phonon energy 0.337856 | electron momentum kIdx = 0
The 4-th iteration is completed.	|| time cost : 0h 0m 36.848s
********************************************************************************************************************
Start the 5 rounds of NGS-ED iteration
	effective electronic model is modified as: kinetic energy t = 0.757107
	                                           effective interaction Vq = [-3.49798, -3.3522,-3.06103, -3.3522, -3.3522,-3.06103,-3.15525,-3.06103,-3.06103,-3.15525,-2.97963,-3.15525, -3.3522,-3.06103,-3.15525,-3.06103]
	PARPACK diagonalization completed after 60 matrix-vector product operations.
	iteration results: : total energy is -74.243870 | electron energy -74.598012 + phonon energy 0.354142 | electron momentum kIdx = 0
The 5-th iteration is completed.	|| time cost : 0h 0m 37.125s
********************************************************************************************************************
Start the 6 rounds of NGS-ED iteration
	effective electronic model is modified as: kinetic energy t = 0.754684
	                                           effective interaction Vq = [-3.49926,-3.36344,-3.06552,-3.36344,-3.36344,-3.06552,-3.16997,-3.06552,-3.06552,-3.16997,-2.98533,-3.16997,-3.36344,-3.06552,-3.16997,-3.06552]
	PARPACK diagonalization completed after 60 matrix-vector product operations.
	iteration results: : total energy is -74.267850 | electron energy -74.632486 + phonon energy 0.364636 | electron momentum kIdx = 0
The 6-th iteration is completed.	|| time cost : 0h 0m 36.921s
********************************************************************************************************************
Start the 7 rounds of NGS-ED iteration
	effective electronic model is modified as: kinetic energy t = 0.753084
	                                           effective interaction Vq = [-3.49973,-3.37041,-3.06852,-3.37041,-3.37041,-3.06852,-3.17958,-3.06852,-3.06852,-3.17958,-2.98887,-3.17958,-3.37041,-3.06852,-3.17958,-3.06852]
	PARPACK diagonalization completed after 60 matrix-vector product operations.
	iteration results: : total energy is -74.276883 | electron energy -74.648354 + phonon energy 0.371471 | electron momentum kIdx = 0
The 7-th iteration is completed.	|| time cost : 0h 0m 36.777s
********************************************************************************************************************
Start the 8 rounds of NGS-ED iteration
	effective electronic model is modified as: kinetic energy t = 0.752031
	                                           effective interaction Vq = [ -3.4999,-3.37478,-3.07054,-3.37478,-3.37478,-3.07054,-3.18586,-3.07054,-3.07054,-3.18586,-2.99105,-3.18586,-3.37478,-3.07054,-3.18586,-3.07054]
	PARPACK diagonalization completed after 45 matrix-vector product operations.
	iteration results: : total energy is -74.280294 | electron energy -74.656239 + phonon energy 0.375945 | electron momentum kIdx = 0
The 8-th iteration is completed.	|| time cost : 0h 0m 32.041s
********************************************************************************************************************
Start the 9 rounds of NGS-ED iteration
	effective electronic model is modified as: kinetic energy t = 0.751338
	                                           effective interaction Vq = [-3.49996,-3.37754,-3.07192,-3.37754,-3.37754,-3.07192,-3.18997,-3.07192,-3.07192,-3.18997, -2.9924,-3.18997,-3.37754,-3.07192,-3.18997,-3.07192]
	PARPACK diagonalization completed after 45 matrix-vector product operations.
	iteration results: : total energy is -74.281586 | electron energy -74.660465 + phonon energy 0.378879 | electron momentum kIdx = 0
The 9-th iteration is completed.	|| time cost : 0h 0m 32.114s
********************************************************************************************************************
Start the 10 rounds of NGS-ED iteration
	effective electronic model is modified as: kinetic energy t = 0.750883
	                                           effective interaction Vq = [-3.49999,-3.37929,-3.07285,-3.37929,-3.37929,-3.07285,-3.19267,-3.07285,-3.07285,-3.19267,-2.99324,-3.19267,-3.37929,-3.07285,-3.19267,-3.07285]
	PARPACK diagonalization completed after 45 matrix-vector product operations.
	iteration results: : total energy is -74.282077 | electron energy -74.662882 + phonon energy 0.380805 | electron momentum kIdx = 0
	Nq(0) = 16,	Nq(1) = 0.452974,	Nq(2) = 0.372304,	Nq(3) = 0.452974,	Nq(4) = 0.452974,	Nq(5) = 0.372304,	Nq(6) = 0.664983,	Nq(7) = 0.372304,	Nq(8) = 0.372304,	Nq(9) = 0.664983,	Nq(10) = 0.601092,	Nq(11) = 0.664983,	Nq(12) = 0.452974,	Nq(13) = 0.372304,	Nq(14) = 0.664983,	Nq(15) = 0.372304,	Sq(0) = -2.23862e-18,	Sq(1) = 0.360218,	Sq(2) = 0.52625,	Sq(3) = 0.360218,	Sq(4) = 0.360218,	Sq(5) = 0.52625,	Sq(6) = 0.602008,	Sq(7) = 0.52625,	Sq(8) = 0.52625,	Sq(9) = 0.602008,	Sq(10) = 1.68685,	Sq(11) = 0.602008,	Sq(12) = 0.360218,	Sq(13) = 0.52625,	Sq(14) = 0.602008,	Sq(15) = 0.52625,	N(0) = 1.99969,	N(1) = 1.99525,	N(2) = 1,	N(3) = 1.99525,	N(4) = 1.99525,	N(5) = 1,	N(6) = 0.00474575,	N(7) = 1,	N(8) = 1,	N(9) = 0.00474575,	N(10) = 0.000309374,	N(11) = 0.00474575,	N(12) = 1.99525,	N(13) = 1,	N(14) = 0.00474575,	N(15) = 1,	Delta[s](0) = 0.258211,	Delta[s](1) = 0.26026,	Delta[s](2) = 0.218968,	Delta[s](3) = 0.26026,	Delta[s](4) = 0.26026,	Delta[s](5) = 0.218968,	Delta[s](6) = 0.219805,	Delta[s](7) = 0.218968,	Delta[s](8) = 0.218968,	Delta[s](9) = 0.219805,	Delta[s](10) = 0.161092,	Delta[s](11) = 0.219805,	Delta[s](12) = 0.26026,	Delta[s](13) = 0.218968,	Delta[s](14) = 0.219805,	Delta[s](15) = 0.218968,	Delta[d](0) = 0.5715,	Delta[d](1) = 0.345851,	Delta[d](2) = 0.307437,	Delta[d](3) = 0.345851,	Delta[d](4) = 0.345851,	Delta[d](5) = 0.354578,	Delta[d](6) = 0.279043,	Delta[d](7) = 0.354578,	Delta[d](8) = 0.307437,	Delta[d](9) = 0.279043,	Delta[d](10) = 0.161852,	Delta[d](11) = 0.279043,	Delta[d](12) = 0.345851,	Delta[d](13) = 0.354578,	Delta[d](14) = 0.279043,	Delta[d](15) = 0.354578,	Delta[s+](0) = 0.533573,	Delta[s+](1) = 0.440986,	Delta[s+](2) = 0.307437,	Delta[s+](3) = 0.440986,	Delta[s+](4) = 0.440986,	Delta[s+](5) = 0.307437,	Delta[s+](6) = 0.167823,	Delta[s+](7) = 0.307437,	Delta[s+](8) = 0.307437,	Delta[s+](9) = 0.167823,	Delta[s+](10) = 0.0698192,	Delta[s+](11) = 0.167823,	Delta[s+](12) = 0.440986,	Delta[s+](13) = 0.307437,	Delta[s+](14) = 0.167823,	Delta[s+](15) = 0.307437
The 10-th iteration is completed.	|| time cost : 0h 4m 39.482s
********************************************************************************************************************
Start the 11 rounds of NGS-ED iteration
	effective electronic model is modified as: kinetic energy t = 0.750584
	                                           effective interaction Vq = [-3.49999, -3.3804, -3.0735, -3.3804, -3.3804, -3.0735,-3.19443, -3.0735, -3.0735,-3.19443,-2.99376,-3.19443, -3.3804, -3.0735,-3.19443, -3.0735]
	PARPACK diagonalization completed after 45 matrix-vector product operations.
	iteration results: : total energy is -74.282264 | electron energy -74.664334 + phonon energy 0.382070 | electron momentum kIdx = 0
The 11-th iteration is completed.	|| time cost : 0h 0m 32.491s
********************************************************************************************************************
Start the 12 rounds of NGS-ED iteration
	effective electronic model is modified as: kinetic energy t = 0.750388
	                                           effective interaction Vq = [    -3.5,-3.38112,-3.07394,-3.38112,-3.38112,-3.07394,-3.19559,-3.07394,-3.07394,-3.19559,-2.99408,-3.19559,-3.38112,-3.07394,-3.19559,-3.07394]
	PARPACK diagonalization completed after 45 matrix-vector product operations.
	iteration results: : total energy is -74.282335 | electron energy -74.665237 + phonon energy 0.382901 | electron momentum kIdx = 0
The 12-th iteration is completed.	|| time cost : 0h 0m 32.135s
********************************************************************************************************************
Start the 13 rounds of NGS-ED iteration
	effective electronic model is modified as: kinetic energy t = 0.750258
	                                           effective interaction Vq = [    -3.5,-3.38157,-3.07425,-3.38157,-3.38157,-3.07425,-3.19634,-3.07425,-3.07425,-3.19634,-2.99428,-3.19634,-3.38157,-3.07425,-3.19634,-3.07425]
	PARPACK diagonalization completed after 45 matrix-vector product operations.
	iteration results: : total energy is -74.282363 | electron energy -74.665810 + phonon energy 0.383447 | electron momentum kIdx = 0
The 13-th iteration is completed.	|| time cost : 0h 0m 32.115s
********************************************************************************************************************
Start the 14 rounds of NGS-ED iteration
	effective electronic model is modified as: kinetic energy t = 0.750173
	                                           effective interaction Vq = [    -3.5,-3.38187,-3.07446,-3.38187,-3.38187,-3.07446,-3.19684,-3.07446,-3.07446,-3.19684, -2.9944,-3.19684,-3.38187,-3.07446,-3.19684,-3.07446]
	PARPACK diagonalization completed after 45 matrix-vector product operations.
	iteration results: : total energy is -74.282374 | electron energy -74.666180 + phonon energy 0.383806 | electron momentum kIdx = 0
The 14-th iteration is completed.	|| time cost : 0h 0m 32.073s
********************************************************************************************************************
Start the 15 rounds of NGS-ED iteration
	effective electronic model is modified as: kinetic energy t = 0.750117
	                                           effective interaction Vq = [    -3.5,-3.38206,-3.07461,-3.38206,-3.38206,-3.07461,-3.19716,-3.07461,-3.07461,-3.19716,-2.99448,-3.19716,-3.38206,-3.07461,-3.19716,-3.07461]
	PARPACK diagonalization completed after 45 matrix-vector product operations.
	iteration results: : total energy is -74.282378 | electron energy -74.666420 + phonon energy 0.384042 | electron momentum kIdx = 0
The 15-th iteration is completed.	|| time cost : 0h 0m 32.145s
********************************************************************************************************************
Start the 16 rounds of NGS-ED iteration
	effective electronic model is modified as: kinetic energy t = 0.75008
	                                           effective interaction Vq = [    -3.5,-3.38218,-3.07471,-3.38218,-3.38218,-3.07471,-3.19737,-3.07471,-3.07471,-3.19737,-2.99453,-3.19737,-3.38218,-3.07471,-3.19737,-3.07471]
	PARPACK diagonalization completed after 45 matrix-vector product operations.
	iteration results: : total energy is -74.282379 | electron energy -74.666576 + phonon energy 0.384197 | electron momentum kIdx = 0
The 16-th iteration is completed.	|| time cost : 0h 0m 32.121s
********************************************************************************************************************
Start the 17 rounds of NGS-ED iteration
	effective electronic model is modified as: kinetic energy t = 0.750055
	                                           effective interaction Vq = [    -3.5,-3.38226,-3.07478,-3.38226,-3.38226,-3.07478,-3.19751,-3.07478,-3.07478,-3.19751,-2.99456,-3.19751,-3.38226,-3.07478,-3.19751,-3.07478]
	PARPACK diagonalization completed after 45 matrix-vector product operations.
	iteration results: : total energy is -74.282380 | electron energy -74.666679 + phonon energy 0.384299 | electron momentum kIdx = 0
The 17-th iteration is completed.	|| time cost : 0h 0m 32.153s
********************************************************************************************************************
Start the 18 rounds of NGS-ED iteration
	effective electronic model is modified as: kinetic energy t = 0.750039
	                                           effective interaction Vq = [    -3.5,-3.38231,-3.07483,-3.38231,-3.38231,-3.07483, -3.1976,-3.07483,-3.07483, -3.1976,-2.99458, -3.1976,-3.38231,-3.07483, -3.1976,-3.07483]
	PARPACK diagonalization completed after 30 matrix-vector product operations.
	iteration results: : total energy is -74.282380 | electron energy -74.666746 + phonon energy 0.384366 | electron momentum kIdx = 0
The 18-th iteration is completed.	|| time cost : 0h 0m 27.405s
********************************************************************************************************************
Start the 19 rounds of NGS-ED iteration
	effective electronic model is modified as: kinetic energy t = 0.750028
	                                           effective interaction Vq = [    -3.5,-3.38234,-3.07486,-3.38234,-3.38234,-3.07486,-3.19766,-3.07486,-3.07486,-3.19766,-2.99459,-3.19766,-3.38234,-3.07486,-3.19766,-3.07486]
	PARPACK diagonalization completed after 30 matrix-vector product operations.
	iteration results: : total energy is -74.282381 | electron energy -74.666791 + phonon energy 0.384410 | electron momentum kIdx = 0
The 19-th iteration is completed.	|| time cost : 0h 0m 27.378s
********************************************************************************************************************
Start the 20 rounds of NGS-ED iteration
	effective electronic model is modified as: kinetic energy t = 0.750021
	                                           effective interaction Vq = [    -3.5,-3.38236,-3.07489,-3.38236,-3.38236,-3.07489, -3.1977,-3.07489,-3.07489, -3.1977,-2.99459, -3.1977,-3.38236,-3.07489, -3.1977,-3.07489]
	PARPACK diagonalization completed after 30 matrix-vector product operations.
	iteration results: : total energy is -74.282381 | electron energy -74.666820 + phonon energy 0.384439 | electron momentum kIdx = 0
	Nq(0) = 16,	Nq(1) = 0.454238,	Nq(2) = 0.372501,	Nq(3) = 0.454238,	Nq(4) = 0.45424,	Nq(5) = 0.372502,	Nq(6) = 0.666716,	Nq(7) = 0.372502,	Nq(8) = 0.372503,	Nq(9) = 0.666717,	Nq(10) = 0.600937,	Nq(11) = 0.666717,	Nq(12) = 0.45424,	Nq(13) = 0.372502,	Nq(14) = 0.666716,	Nq(15) = 0.372502,	Sq(0) = -1.34876e-18,	Sq(1) = 0.359785,	Sq(2) = 0.525674,	Sq(3) = 0.359785,	Sq(4) = 0.359786,	Sq(5) = 0.525674,	Sq(6) = 0.601349,	Sq(7) = 0.525674,	Sq(8) = 0.525675,	Sq(9) = 0.60135,	Sq(10) = 1.68164,	Sq(11) = 0.60135,	Sq(12) = 0.359786,	Sq(13) = 0.525674,	Sq(14) = 0.601349,	Sq(15) = 0.525674,	N(0) = 1.99967,	N(1) = 1.99508,	N(2) = 1,	N(3) = 1.99508,	N(4) = 1.99508,	N(5) = 1,	N(6) = 0.00491805,	N(7) = 1,	N(8) = 0.999995,	N(9) = 0.00491805,	N(10) = 0.000330652,	N(11) = 0.00491805,	N(12) = 1.99508,	N(13) = 1,	N(14) = 0.00491805,	N(15) = 1,	Delta[s](0) = 0.258476,	Delta[s](1) = 0.260642,	Delta[s](2) = 0.21937,	Delta[s](3) = 0.260642,	Delta[s](4) = 0.260642,	Delta[s](5) = 0.21937,	Delta[s](6) = 0.22025,	Delta[s](7) = 0.21937,	Delta[s](8) = 0.21937,	Delta[s](9) = 0.22025,	Delta[s](10) = 0.161621,	Delta[s](11) = 0.22025,	Delta[s](12) = 0.260642,	Delta[s](13) = 0.21937,	Delta[s](14) = 0.22025,	Delta[s](15) = 0.21937,	Delta[d](0) = 0.572269,	Delta[d](1) = 0.345852,	Delta[d](2) = 0.307503,	Delta[d](3) = 0.345852,	Delta[d](4) = 0.345851,	Delta[d](5) = 0.354441,	Delta[d](6) = 0.279188,	Delta[d](7) = 0.354441,	Delta[d](8) = 0.307502,	Delta[d](9) = 0.279186,	Delta[d](10) = 0.161882,	Delta[d](11) = 0.279186,	Delta[d](12) = 0.345851,	Delta[d](13) = 0.354441,	Delta[d](14) = 0.279188,	Delta[d](15) = 0.354441,	Delta[s+](0) = 0.533388,	Delta[s+](1) = 0.440877,	Delta[s+](2) = 0.307503,	Delta[s+](3) = 0.440877,	Delta[s+](4) = 0.440877,	Delta[s+](5) = 0.307502,	Delta[s+](6) = 0.167994,	Delta[s+](7) = 0.307502,	Delta[s+](8) = 0.307502,	Delta[s+](9) = 0.167994,	Delta[s+](10) = 0.0700732,	Delta[s+](11) = 0.167994,	Delta[s+](12) = 0.440877,	Delta[s+](13) = 0.307502,	Delta[s+](14) = 0.167994,	Delta[s+](15) = 0.307502
The 20-th iteration is completed.	|| time cost : 0h 4m 27.084s
********************************************************************************************************************
Start the 21 rounds of NGS-ED iteration
	effective electronic model is modified as: kinetic energy t = 0.750017
	                                           effective interaction Vq = [    -3.5,-3.38238, -3.0749,-3.38238,-3.38238, -3.0749,-3.19772, -3.0749, -3.0749,-3.19772, -2.9946,-3.19772,-3.38238, -3.0749,-3.19772, -3.0749]
	PARPACK diagonalization completed after 30 matrix-vector product operations.
	iteration results: : total energy is -74.282381 | electron energy -74.666839 + phonon energy 0.384459 | electron momentum kIdx = 0
The 21-th iteration is completed.	|| time cost : 0h 0m 27.471s
********************************************************************************************************************
Start the 22 rounds of NGS-ED iteration
	effective electronic model is modified as: kinetic energy t = 0.750013
	                                           effective interaction Vq = [    -3.5,-3.38239,-3.07492,-3.38239,-3.38239,-3.07492,-3.19774,-3.07492,-3.07492,-3.19774, -2.9946,-3.19774,-3.38239,-3.07492,-3.19774,-3.07492]
	PARPACK diagonalization completed after 30 matrix-vector product operations.
	iteration results: : total energy is -74.282381 | electron energy -74.666852 + phonon energy 0.384471 | electron momentum kIdx = 0
The 22-th iteration is completed.	|| time cost : 0h 0m 27.463s
********************************************************************************************************************
Start the 23 rounds of NGS-ED iteration
	effective electronic model is modified as: kinetic energy t = 0.750011
	                                           effective interaction Vq = [    -3.5,-3.38239,-3.07492,-3.38239,-3.38239,-3.07492,-3.19775,-3.07492,-3.07492,-3.19775, -2.9946,-3.19775,-3.38239,-3.07492,-3.19775,-3.07492]
	PARPACK diagonalization completed after 30 matrix-vector product operations.
	iteration results: : total energy is -74.282381 | electron energy -74.666860 + phonon energy 0.384479 | electron momentum kIdx = 0
The 23-th iteration is completed.	|| time cost : 0h 0m 27.45s
********************************************************************************************************************
Start the 24 rounds of NGS-ED iteration
	effective electronic model is modified as: kinetic energy t = 0.75001
	                                           effective interaction Vq = [    -3.5, -3.3824,-3.07493, -3.3824, -3.3824,-3.07493,-3.19775,-3.07493,-3.07493,-3.19775, -2.9946,-3.19775, -3.3824,-3.07493,-3.19775,-3.07493]
	PARPACK diagonalization completed after 30 matrix-vector product operations.
	iteration results: : total energy is -74.282381 | electron energy -74.666866 + phonon energy 0.384485 | electron momentum kIdx = 0
The 24-th iteration is completed.	|| time cost : 0h 0m 27.644s
