SNEDics v3.4 Non-Gaussian ED ground state program		Start at Wed Sep 25 00:40:42 2019

parallized on 16 MPI threads  * 8 OpenMP threads = 128 total threads.
********************************************************************************************************************
********************************************************************************************************************

********************************************************************************************************************
System parameters and configurations
********************************************************************************************************************
Special program options are enabled: splitted diagonal Hamiltonian
********************************************************************************************************************
Read input file "model_params.in"
	Hubbard-Holstein model parameters : 	t = 1    U = 1.5    g = 2.7386    W = 5    
********************************************************************************************************************
Read input file "hilbertspace_params.in"
	Requested 16-site 2D lattice, with 14 electrons (7, 7)
	Boundary : Periodic		Hilbert space representation : momentum-space (restricted to kIdx = 0)
	Conservation: particle number[U(1)]      spin[U(1)]     momentum
********************************************************************************************************************

Cluster Positions:				Cluster symmetry group : D4
 x ... x ... x ... x .....                       x ... x ... x ... x .....
 |           |           :                       |           |           :
 |           |           :                       |           |           :
12    13    14    15     x                       1     5     6     5     x
 |           |           :                       |           |           :
 |           |           :                       |           |           :
 8 --- 9 ---10 ---11 --- x                       2 --- 6 ---10 --- 6 --- x
 |           |           :                       |           |           :
 |           |           :                       |           |           :
 4     5     6     7     x                       1     5     6     5     x
 |           |           :                       |           |           :
 |           |           :                       |           |           :
 0 --- 1 --- 2 --- 3 --- x                       0 --- 1 --- 2 --- 1 --- x
orbital number : 1
********************************************************************************************************************
Read input file "obs_params.in"
	Observable Type : Nq(All),   Sq(All),   N(All),   Delta[s](All),   Delta[d](All),   Delta[s+](All)
********************************************************************************************************************
** WARNING ** the input observables have non-local factors which have been reinterpreted. The total observable number is 96
********************************************************************************************************************


********************************************************************************************************************
Start calculating the non-Gaussian ED ground state
** WARNING ** Detected low phonon energy W < 10. The initial state will be prepared through a warm-up process.
********************************************************************************************************************
Start warm-up calculation for scaling factor 2
open output files: NGSEDWarmUpW10Obs.txt
********************************************************************************************************************
Start the 0 rounds of NGS-ED iteration
	effective electronic model is modified as: kinetic energy t = 1
	                                           effective interaction Vq = [-0,-0,-0,-0,-0,-0,-0,-0,-0,-0,-0,-0,-0,-0,-0,-0]
	first Hamiltonian is constructed, non-zero numbers = 2178478298
	PARPACK diagonalization completed after 210 matrix-vector product operations.
	iteration results: : total energy is -20.235957 | electron energy -20.235957 + phonon energy 0.000000 | electron momentum kIdx = 0
	Nq(0) = 12.25,	Nq(1) = 0.299808,	Nq(2) = 0.342344,	Nq(3) = 0.299808,	Nq(4) = 0.299808,	Nq(5) = 0.427969,	Nq(6) = 0.510442,	Nq(7) = 0.427969,	Nq(8) = 0.342344,	Nq(9) = 0.510442,	Nq(10) = 0.55308,	Nq(11) = 0.510442,	Nq(12) = 0.299808,	Nq(13) = 0.427969,	Nq(14) = 0.510442,	Nq(15) = 0.427969,	Sq(0) = 1.45712e-18,	Sq(1) = 0.417605,	Sq(2) = 0.605242,	Sq(3) = 0.417605,	Sq(4) = 0.417605,	Sq(5) = 0.54546,	Sq(6) = 0.713959,	Sq(7) = 0.54546,	Sq(8) = 0.605242,	Sq(9) = 0.713959,	Sq(10) = 1.64078,	Sq(11) = 0.713959,	Sq(12) = 0.417605,	Sq(13) = 0.54546,	Sq(14) = 0.713959,	Sq(15) = 0.54546,	N(0) = 1.98679,	N(1) = 1.97461,	N(2) = 0.019186,	N(3) = 1.97461,	N(4) = 1.97461,	N(5) = 0.998864,	N(6) = 0.0182821,	N(7) = 0.998864,	N(8) = 0.019186,	N(9) = 0.0182821,	N(10) = 0.00782742,	N(11) = 0.0182821,	N(12) = 1.97461,	N(13) = 0.998864,	N(14) = 0.0182821,	N(15) = 0.998864,	Delta[s](0) = 0.235141,	Delta[s](1) = 0.185992,	Delta[s](2) = 0.11482,	Delta[s](3) = 0.185992,	Delta[s](4) = 0.185992,	Delta[s](5) = 0.149664,	Delta[s](6) = 0.0976156,	Delta[s](7) = 0.149664,	Delta[s](8) = 0.11482,	Delta[s](9) = 0.0976156,	Delta[s](10) = 0.0224515,	Delta[s](11) = 0.0976156,	Delta[s](12) = 0.185992,	Delta[s](13) = 0.149664,	Delta[s](14) = 0.0976156,	Delta[s](15) = 0.149664,	Delta[d](0) = 0.238946,	Delta[d](1) = 0.131415,	Delta[d](2) = 0.143311,	Delta[d](3) = 0.131415,	Delta[d](4) = 0.131415,	Delta[d](5) = 0.133555,	Delta[d](6) = 0.0814359,	Delta[d](7) = 0.133555,	Delta[d](8) = 0.143311,	Delta[d](9) = 0.0814359,	Delta[d](10) = 0.0131611,	Delta[d](11) = 0.0814359,	Delta[d](12) = 0.131415,	Delta[d](13) = 0.133555,	Delta[d](14) = 0.0814359,	Delta[d](15) = 0.133555,	Delta[s+](0) = 0.528609,	Delta[s+](1) = 0.395262,	Delta[s+](2) = 0.143311,	Delta[s+](3) = 0.395262,	Delta[s+](4) = 0.395262,	Delta[s+](5) = 0.264922,	Delta[s+](6) = 0.0796076,	Delta[s+](7) = 0.264922,	Delta[s+](8) = 0.143311,	Delta[s+](9) = 0.0796076,	Delta[s+](10) = 0.00938428,	Delta[s+](11) = 0.0796076,	Delta[s+](12) = 0.395262,	Delta[s+](13) = 0.264922,	Delta[s+](14) = 0.0796076,	Delta[s+](15) = 0.264922
The 0-th iteration is completed.	|| time cost : 0h 6m 37.758s
********************************************************************************************************************
Start the 1 rounds of NGS-ED iteration
	effective electronic model is modified as: kinetic energy t = 0.957167
	                                           effective interaction Vq = [-1.29698,-1.22765, -1.1762,-1.22765,-1.22765,-1.20036,-1.17609,-1.20036, -1.1762,-1.17609,-1.14905,-1.17609,-1.22765,-1.20036,-1.17609,-1.20036]
	PARPACK diagonalization completed after 165 matrix-vector product operations.
	iteration results: : total energy is -44.237398 | electron energy -44.239623 + phonon energy 0.002225 | electron momentum kIdx = 0
The 1-th iteration is completed.	|| time cost : 0h 6m 7.902s
********************************************************************************************************************
Start the 2 rounds of NGS-ED iteration
	effective electronic model is modified as: kinetic energy t = 0.924351
	                                           effective interaction Vq = [-1.47251,-1.42025,-1.40401,-1.42025,-1.42025,-1.40994,-1.37085,-1.40994,-1.40401,-1.37085,-1.36909,-1.37085,-1.42025,-1.40994,-1.37085,-1.40994]
	PARPACK diagonalization completed after 60 matrix-vector product operations.
	iteration results: : total energy is -47.621576 | electron energy -47.636290 + phonon energy 0.014714 | electron momentum kIdx = 0
The 2-th iteration is completed.	|| time cost : 0h 0m 27.625s
********************************************************************************************************************
Start the 3 rounds of NGS-ED iteration
	effective electronic model is modified as: kinetic energy t = 0.911816
	                                           effective interaction Vq = [-1.49627,-1.45922,-1.44838,-1.45922,-1.45922,-1.45005,-1.41494,-1.45005,-1.44838,-1.41494,-1.43346,-1.41494,-1.45922,-1.45005,-1.41494,-1.45005]
	PARPACK diagonalization completed after 60 matrix-vector product operations.
	iteration results: : total energy is -48.057569 | electron energy -48.083165 + phonon energy 0.025596 | electron momentum kIdx = 0
The 3-th iteration is completed.	|| time cost : 0h 0m 27.652s
********************************************************************************************************************
Start the 4 rounds of NGS-ED iteration
	effective electronic model is modified as: kinetic energy t = 0.907567
	                                           effective interaction Vq = [-1.49948, -1.4691,-1.45821, -1.4691, -1.4691,-1.45875, -1.4269,-1.45875,-1.45821, -1.4269,-1.45767, -1.4269, -1.4691,-1.45875, -1.4269,-1.45875]
	PARPACK diagonalization completed after 45 matrix-vector product operations.
	iteration results: : total energy is -48.116195 | electron energy -48.147034 + phonon energy 0.030839 | electron momentum kIdx = 0
The 4-th iteration is completed.	|| time cost : 0h 0m 24.244s
********************************************************************************************************************
Start the 5 rounds of NGS-ED iteration
	effective electronic model is modified as: kinetic energy t = 0.906226
	                                           effective interaction Vq = [-1.49992,-1.47185,-1.46011,-1.47185,-1.47185,-1.46029,-1.43022,-1.46029,-1.46011,-1.43022,-1.46764,-1.43022,-1.47185,-1.46029,-1.43022,-1.46029]
	PARPACK diagonalization completed after 45 matrix-vector product operations.
	iteration results: : total energy is -48.124736 | electron energy -48.157658 + phonon energy 0.032922 | electron momentum kIdx = 0
The 5-th iteration is completed.	|| time cost : 0h 0m 24.248s
********************************************************************************************************************
Start the 6 rounds of NGS-ED iteration
	effective electronic model is modified as: kinetic energy t = 0.905833
	                                           effective interaction Vq = [-1.49998,-1.47259,-1.46015,-1.47259,-1.47259,-1.46021,-1.43105,-1.46021,-1.46015,-1.43105,-1.47198,-1.43105,-1.47259,-1.46021,-1.43105,-1.46021]
	PARPACK diagonalization completed after 45 matrix-vector product operations.
	iteration results: : total energy is -48.126123 | electron energy -48.159817 + phonon energy 0.033694 | electron momentum kIdx = 0
The 6-th iteration is completed.	|| time cost : 0h 0m 24.019s
********************************************************************************************************************
Start the 7 rounds of NGS-ED iteration
	effective electronic model is modified as: kinetic energy t = 0.905732
	                                           effective interaction Vq = [-1.49998,-1.47275,-1.45987,-1.47275,-1.47275,-1.45989,-1.43119,-1.45989,-1.45987,-1.43119,-1.47396,-1.43119,-1.47275,-1.45989,-1.43119,-1.45989]
	PARPACK diagonalization completed after 45 matrix-vector product operations.
	iteration results: : total energy is -48.126378 | electron energy -48.160352 + phonon energy 0.033974 | electron momentum kIdx = 0
The 7-th iteration is completed.	|| time cost : 0h 0m 24.306s
********************************************************************************************************************
Start the 8 rounds of NGS-ED iteration
	effective electronic model is modified as: kinetic energy t = 0.905713
	                                           effective interaction Vq = [-1.49999,-1.47276,-1.45963,-1.47276,-1.47276,-1.45964,-1.43117,-1.45964,-1.45963,-1.43117,-1.47489,-1.43117,-1.47276,-1.45964,-1.43117,-1.45964]
	PARPACK diagonalization completed after 45 matrix-vector product operations.
	iteration results: : total energy is -48.126431 | electron energy -48.160506 + phonon energy 0.034075 | electron momentum kIdx = 0
The 8-th iteration is completed.	|| time cost : 0h 0m 24.047s
********************************************************************************************************************
Start the 9 rounds of NGS-ED iteration
	effective electronic model is modified as: kinetic energy t = 0.905714
	                                           effective interaction Vq = [-1.49999,-1.47274,-1.45948,-1.47274,-1.47274,-1.45948,-1.43112,-1.45948,-1.45948,-1.43112,-1.47534,-1.43112,-1.47274,-1.45948,-1.43112,-1.45948]
	PARPACK diagonalization completed after 30 matrix-vector product operations.
	iteration results: : total energy is -48.126444 | electron energy -48.160556 + phonon energy 0.034112 | electron momentum kIdx = 0
	Nq(0) = 12.25,	Nq(1) = 0.420584,	Nq(2) = 0.657259,	Nq(3) = 0.420584,	Nq(4) = 0.420584,	Nq(5) = 0.65726,	Nq(6) = 0.705931,	Nq(7) = 0.65726,	Nq(8) = 0.657259,	Nq(9) = 0.705931,	Nq(10) = 1.72195,	Nq(11) = 0.705931,	Nq(12) = 0.420584,	Nq(13) = 0.65726,	Nq(14) = 0.705931,	Nq(15) = 0.65726,	Sq(0) = -6.58001e-18,	Sq(1) = 0.277212,	Sq(2) = 0.329574,	Sq(3) = 0.277212,	Sq(4) = 0.277212,	Sq(5) = 0.329574,	Sq(6) = 0.487434,	Sq(7) = 0.329574,	Sq(8) = 0.329574,	Sq(9) = 0.487434,	Sq(10) = 0.542404,	Sq(11) = 0.487434,	Sq(12) = 0.277212,	Sq(13) = 0.329574,	Sq(14) = 0.487434,	Sq(15) = 0.329574,	N(0) = 1.98825,	N(1) = 1.96985,	N(2) = 0.672891,	N(3) = 1.96985,	N(4) = 1.96985,	N(5) = 0.672891,	N(6) = 0.0214041,	N(7) = 0.672891,	N(8) = 0.672891,	N(9) = 0.0214041,	N(10) = 0.0093655,	N(11) = 0.0214041,	N(12) = 1.96985,	N(13) = 0.672891,	N(14) = 0.0214041,	N(15) = 0.672891,	Delta[s](0) = 0.903623,	Delta[s](1) = 0.278582,	Delta[s](2) = 0.231883,	Delta[s](3) = 0.278582,	Delta[s](4) = 0.278582,	Delta[s](5) = 0.231882,	Delta[s](6) = 0.177695,	Delta[s](7) = 0.231882,	Delta[s](8) = 0.231883,	Delta[s](9) = 0.177695,	Delta[s](10) = 0.0907604,	Delta[s](11) = 0.177695,	Delta[s](12) = 0.278582,	Delta[s](13) = 0.231882,	Delta[s](14) = 0.177695,	Delta[s](15) = 0.231882,	Delta[d](0) = 0.249215,	Delta[d](1) = 0.194292,	Delta[d](2) = 0.194052,	Delta[d](3) = 0.194292,	Delta[d](4) = 0.194292,	Delta[d](5) = 0.149574,	Delta[d](6) = 0.145615,	Delta[d](7) = 0.149574,	Delta[d](8) = 0.194052,	Delta[d](9) = 0.145615,	Delta[d](10) = 0.0506633,	Delta[d](11) = 0.145615,	Delta[d](12) = 0.194292,	Delta[d](13) = 0.149574,	Delta[d](14) = 0.145615,	Delta[d](15) = 0.149574,	Delta[s+](0) = 0.43297,	Delta[s+](1) = 0.329549,	Delta[s+](2) = 0.194052,	Delta[s+](3) = 0.329549,	Delta[s+](4) = 0.329549,	Delta[s+](5) = 0.194052,	Delta[s+](6) = 0.0708873,	Delta[s+](7) = 0.194052,	Delta[s+](8) = 0.194052,	Delta[s+](9) = 0.0708873,	Delta[s+](10) = 0.0173184,	Delta[s+](11) = 0.0708873,	Delta[s+](12) = 0.329549,	Delta[s+](13) = 0.194052,	Delta[s+](14) = 0.0708873,	Delta[s+](15) = 0.194052
The 9-th iteration is completed.	|| time cost : 0h 3m 22.395s
********************************************************************************************************************
********************************************************************************************************************
Ground state is obtained after 10 iterations. The current ground-state energy is -48.1264, in which electron energy is -48.1606 and phonon energy is 0.0341122
final variational state is: 
	Gamma_x = [      1,1.01483,1.02749,1.01483,1.01483,1.02749, 1.0363,1.02749,1.02749, 1.0363,1.05898, 1.0363,1.01483,1.02749, 1.0363,1.02749]
	lambda_q = [0.387279,0.335081,0.323583,0.335081,0.335081,0.323583,0.304294,0.323583,0.323583,0.304294,0.337881,0.304294,0.335081,0.323583,0.304294,0.323583]
********************************************************************************************************************
o___o  ----------------------------------------
| L |	Time since last clock: 0h 0m 0s
A===A	Time since the beginning: 0h 19m 4.201s
***********************************************


********************************************************************************************************************
Warm up runs have been completed. Start calculating W = 5 phonon.
open output files: NGSEDIterationObs.txt
********************************************************************************************************************
Start the 0 rounds of NGS-ED iteration
	effective electronic model is modified as: kinetic energy t = 0.905719
	                                           effective interaction Vq = [-1.37128,-1.27391, -1.2488,-1.27391,-1.27391, -1.2488,-1.20371, -1.2488, -1.2488,-1.20371,-1.27982,-1.20371,-1.27391, -1.2488,-1.20371, -1.2488]
	PARPACK diagonalization completed after 45 matrix-vector product operations.
	iteration results: : total energy is -44.463465 | electron energy -44.480529 + phonon energy 0.017063 | electron momentum kIdx = 0
	Nq(0) = 12.25,	Nq(1) = 0.404228,	Nq(2) = 0.615852,	Nq(3) = 0.404228,	Nq(4) = 0.404228,	Nq(5) = 0.615853,	Nq(6) = 0.667468,	Nq(7) = 0.615853,	Nq(8) = 0.615852,	Nq(9) = 0.667468,	Nq(10) = 1.81424,	Nq(11) = 0.667468,	Nq(12) = 0.404228,	Nq(13) = 0.615853,	Nq(14) = 0.667468,	Nq(15) = 0.615853,	Sq(0) = 2.08118e-17,	Sq(1) = 0.303916,	Sq(2) = 0.344826,	Sq(3) = 0.303916,	Sq(4) = 0.303916,	Sq(5) = 0.344826,	Sq(6) = 0.524923,	Sq(7) = 0.344826,	Sq(8) = 0.344826,	Sq(9) = 0.524923,	Sq(10) = 0.569548,	Sq(11) = 0.524923,	Sq(12) = 0.303916,	Sq(13) = 0.344826,	Sq(14) = 0.524923,	Sq(15) = 0.344826,	N(0) = 1.99434,	N(1) = 1.98463,	N(2) = 0.669575,	N(3) = 1.98463,	N(4) = 1.98463,	N(5) = 0.669576,	N(6) = 0.011278,	N(7) = 0.669576,	N(8) = 0.669575,	N(9) = 0.011278,	N(10) = 0.00457993,	N(11) = 0.011278,	N(12) = 1.98463,	N(13) = 0.669576,	N(14) = 0.011278,	N(15) = 0.669576,	Delta[s](0) = 0.733318,	Delta[s](1) = 0.268533,	Delta[s](2) = 0.230512,	Delta[s](3) = 0.268533,	Delta[s](4) = 0.268533,	Delta[s](5) = 0.230512,	Delta[s](6) = 0.178658,	Delta[s](7) = 0.230512,	Delta[s](8) = 0.230512,	Delta[s](9) = 0.178658,	Delta[s](10) = 0.117914,	Delta[s](11) = 0.178658,	Delta[s](12) = 0.268533,	Delta[s](13) = 0.230512,	Delta[s](14) = 0.178658,	Delta[s](15) = 0.230512,	Delta[d](0) = 0.245406,	Delta[d](1) = 0.197434,	Delta[d](2) = 0.19998,	Delta[d](3) = 0.197434,	Delta[d](4) = 0.197434,	Delta[d](5) = 0.146008,	Delta[d](6) = 0.148216,	Delta[d](7) = 0.146008,	Delta[d](8) = 0.19998,	Delta[d](9) = 0.148216,	Delta[d](10) = 0.0469381,	Delta[d](11) = 0.148216,	Delta[d](12) = 0.197434,	Delta[d](13) = 0.146008,	Delta[d](14) = 0.148216,	Delta[d](15) = 0.146008,	Delta[s+](0) = 0.450861,	Delta[s+](1) = 0.340604,	Delta[s+](2) = 0.19998,	Delta[s+](3) = 0.340604,	Delta[s+](4) = 0.340604,	Delta[s+](5) = 0.19998,	Delta[s+](6) = 0.0737741,	Delta[s+](7) = 0.19998,	Delta[s+](8) = 0.19998,	Delta[s+](9) = 0.0737741,	Delta[s+](10) = 0.0183064,	Delta[s+](11) = 0.0737741,	Delta[s+](12) = 0.340604,	Delta[s+](13) = 0.19998,	Delta[s+](14) = 0.0737741,	Delta[s+](15) = 0.19998
The 0-th iteration is completed.	|| time cost : 0h 3m 23.348s
********************************************************************************************************************
Start the 1 rounds of NGS-ED iteration
	effective electronic model is modified as: kinetic energy t = 0.889181
	                                           effective interaction Vq = [-1.45264,-1.34913,-1.31753,-1.34913,-1.34913,-1.31753,-1.26234,-1.31753,-1.31753,-1.26234,-1.36689,-1.26234,-1.34913,-1.31753,-1.26234,-1.31753]
	PARPACK diagonalization completed after 45 matrix-vector product operations.
	iteration results: : total energy is -45.727734 | electron energy -45.781678 + phonon energy 0.053944 | electron momentum kIdx = 0
The 1-th iteration is completed.	|| time cost : 0h 0m 24.245s
********************************************************************************************************************
Start the 2 rounds of NGS-ED iteration
	effective electronic model is modified as: kinetic energy t = 0.879736
	                                           effective interaction Vq = [-1.48257,-1.38375, -1.3496,-1.38375,-1.38375, -1.3496,-1.29129, -1.3496, -1.3496,-1.29129,-1.41092,-1.29129,-1.38375, -1.3496,-1.29129, -1.3496]
	PARPACK diagonalization completed after 45 matrix-vector product operations.
	iteration results: : total energy is -46.181516 | electron energy -46.265079 + phonon energy 0.083563 | electron momentum kIdx = 0
The 2-th iteration is completed.	|| time cost : 0h 0m 24.031s
********************************************************************************************************************
Start the 3 rounds of NGS-ED iteration
	effective electronic model is modified as: kinetic energy t = 0.874508
	                                           effective interaction Vq = [-1.49358,-1.40055,-1.36528,-1.40055,-1.40055,-1.36528,-1.30589,-1.36528,-1.36528,-1.30589,-1.43352,-1.30589,-1.40055,-1.36528,-1.30589,-1.36528]
	PARPACK diagonalization completed after 45 matrix-vector product operations.
	iteration results: : total energy is -46.344353 | electron energy -46.447364 + phonon energy 0.103012 | electron momentum kIdx = 0
The 3-th iteration is completed.	|| time cost : 0h 0m 24.021s
********************************************************************************************************************
Start the 4 rounds of NGS-ED iteration
	effective electronic model is modified as: kinetic energy t = 0.871657
	                                           effective interaction Vq = [-1.49763,-1.40902,-1.37318,-1.40902,-1.40902,-1.37318,-1.31336,-1.37318,-1.37318,-1.31336, -1.4454,-1.31336,-1.40902,-1.37318,-1.31336,-1.37318]
	PARPACK diagonalization completed after 45 matrix-vector product operations.
	iteration results: : total energy is -46.402833 | electron energy -46.517616 + phonon energy 0.114783 | electron momentum kIdx = 0
The 4-th iteration is completed.	|| time cost : 0h 0m 24.067s
********************************************************************************************************************
Start the 5 rounds of NGS-ED iteration
	effective electronic model is modified as: kinetic energy t = 0.870116
	                                           effective interaction Vq = [-1.49912,-1.41338,-1.37723,-1.41338,-1.41338,-1.37723,-1.31721,-1.37723,-1.37723,-1.31721,-1.45183,-1.31721,-1.41338,-1.37723,-1.31721,-1.37723]
	PARPACK diagonalization completed after 30 matrix-vector product operations.
	iteration results: : total energy is -46.423874 | electron energy -46.545488 + phonon energy 0.121614 | electron momentum kIdx = 0
The 5-th iteration is completed.	|| time cost : 0h 0m 20.46s
********************************************************************************************************************
Start the 6 rounds of NGS-ED iteration
	effective electronic model is modified as: kinetic energy t = 0.869288
	                                           effective interaction Vq = [-1.49967,-1.41565,-1.37932,-1.41565,-1.41565,-1.37932,-1.31919,-1.37932,-1.37932,-1.31919,-1.45538,-1.31919,-1.41565,-1.37932,-1.31919,-1.37932]
	PARPACK diagonalization completed after 30 matrix-vector product operations.
	iteration results: : total energy is -46.431463 | electron energy -46.556949 + phonon energy 0.125485 | electron momentum kIdx = 0
The 6-th iteration is completed.	|| time cost : 0h 0m 20.434s
********************************************************************************************************************
Start the 7 rounds of NGS-ED iteration
	effective electronic model is modified as: kinetic energy t = 0.868846
	                                           effective interaction Vq = [-1.49987,-1.41684,-1.38038,-1.41684,-1.41684,-1.38038, -1.3202,-1.38038,-1.38038, -1.3202,-1.45738, -1.3202,-1.41684,-1.38038, -1.3202,-1.38038]
	PARPACK diagonalization completed after 30 matrix-vector product operations.
	iteration results: : total energy is -46.434208 | electron energy -46.561856 + phonon energy 0.127648 | electron momentum kIdx = 0
The 7-th iteration is completed.	|| time cost : 0h 0m 20.43s
********************************************************************************************************************
Start the 8 rounds of NGS-ED iteration
	effective electronic model is modified as: kinetic energy t = 0.868612
	                                           effective interaction Vq = [-1.49994,-1.41745,-1.38092,-1.41745,-1.41745,-1.38092, -1.3207,-1.38092,-1.38092, -1.3207,-1.45853, -1.3207,-1.41745,-1.38092, -1.3207,-1.38092]
	PARPACK diagonalization completed after 30 matrix-vector product operations.
	iteration results: : total energy is -46.435204 | electron energy -46.564048 + phonon energy 0.128845 | electron momentum kIdx = 0
The 8-th iteration is completed.	|| time cost : 0h 0m 20.664s
********************************************************************************************************************
Start the 9 rounds of NGS-ED iteration
	effective electronic model is modified as: kinetic energy t = 0.868489
	                                           effective interaction Vq = [-1.49997,-1.41776,-1.38119,-1.41776,-1.41776,-1.38119,-1.32095,-1.38119,-1.38119,-1.32095,-1.45919,-1.32095,-1.41776,-1.38119,-1.32095,-1.38119]
	PARPACK diagonalization completed after 30 matrix-vector product operations.
	iteration results: : total energy is -46.435566 | electron energy -46.565069 + phonon energy 0.129503 | electron momentum kIdx = 0
The 9-th iteration is completed.	|| time cost : 0h 0m 20.673s
********************************************************************************************************************
Start the 10 rounds of NGS-ED iteration
	effective electronic model is modified as: kinetic energy t = 0.868426
	                                           effective interaction Vq = [-1.49998,-1.41792,-1.38131,-1.41792,-1.41792,-1.38131,-1.32106,-1.38131,-1.38131,-1.32106,-1.45957,-1.32106,-1.41792,-1.38131,-1.32106,-1.38131]
	PARPACK diagonalization completed after 30 matrix-vector product operations.
	iteration results: : total energy is -46.435698 | electron energy -46.565562 + phonon energy 0.129864 | electron momentum kIdx = 0
	Nq(0) = 12.25,	Nq(1) = 0.401195,	Nq(2) = 0.606859,	Nq(3) = 0.401195,	Nq(4) = 0.401195,	Nq(5) = 0.606859,	Nq(6) = 0.664058,	Nq(7) = 0.606859,	Nq(8) = 0.606859,	Nq(9) = 0.664058,	Nq(10) = 2.19156,	Nq(11) = 0.664058,	Nq(12) = 0.401195,	Nq(13) = 0.606859,	Nq(14) = 0.664058,	Nq(15) = 0.606859,	Sq(0) = 4.14669e-18,	Sq(1) = 0.283227,	Sq(2) = 0.33249,	Sq(3) = 0.283227,	Sq(4) = 0.283227,	Sq(5) = 0.33249,	Sq(6) = 0.495346,	Sq(7) = 0.33249,	Sq(8) = 0.33249,	Sq(9) = 0.495346,	Sq(10) = 0.547039,	Sq(11) = 0.495346,	Sq(12) = 0.283227,	Sq(13) = 0.33249,	Sq(14) = 0.495346,	Sq(15) = 0.33249,	N(0) = 1.98964,	N(1) = 1.97164,	N(2) = 0.672039,	N(3) = 1.97164,	N(4) = 1.97164,	N(5) = 0.672039,	N(6) = 0.0208073,	N(7) = 0.672039,	N(8) = 0.672039,	N(9) = 0.0208073,	N(10) = 0.00832161,	N(11) = 0.0208073,	N(12) = 1.97164,	N(13) = 0.672039,	N(14) = 0.0208073,	N(15) = 0.672039,	Delta[s](0) = 0.680505,	Delta[s](1) = 0.277888,	Delta[s](2) = 0.241657,	Delta[s](3) = 0.277888,	Delta[s](4) = 0.277888,	Delta[s](5) = 0.241657,	Delta[s](6) = 0.192488,	Delta[s](7) = 0.241657,	Delta[s](8) = 0.241657,	Delta[s](9) = 0.192488,	Delta[s](10) = 0.159915,	Delta[s](11) = 0.192488,	Delta[s](12) = 0.277888,	Delta[s](13) = 0.241657,	Delta[s](14) = 0.192488,	Delta[s](15) = 0.241657,	Delta[d](0) = 0.238769,	Delta[d](1) = 0.192633,	Delta[d](2) = 0.197358,	Delta[d](3) = 0.192633,	Delta[d](4) = 0.192633,	Delta[d](5) = 0.143975,	Delta[d](6) = 0.14562,	Delta[d](7) = 0.143975,	Delta[d](8) = 0.197358,	Delta[d](9) = 0.14562,	Delta[d](10) = 0.0497041,	Delta[d](11) = 0.14562,	Delta[d](12) = 0.192633,	Delta[d](13) = 0.143975,	Delta[d](14) = 0.14562,	Delta[d](15) = 0.143975,	Delta[s+](0) = 0.441032,	Delta[s+](1) = 0.333184,	Delta[s+](2) = 0.197358,	Delta[s+](3) = 0.333184,	Delta[s+](4) = 0.333184,	Delta[s+](5) = 0.197358,	Delta[s+](6) = 0.0747148,	Delta[s+](7) = 0.197358,	Delta[s+](8) = 0.197358,	Delta[s+](9) = 0.0747148,	Delta[s+](10) = 0.0216325,	Delta[s+](11) = 0.0747148,	Delta[s+](12) = 0.333184,	Delta[s+](13) = 0.197358,	Delta[s+](14) = 0.0747148,	Delta[s+](15) = 0.197358
The 10-th iteration is completed.	|| time cost : 0h 3m 13.067s
********************************************************************************************************************
Start the 11 rounds of NGS-ED iteration
	effective electronic model is modified as: kinetic energy t = 0.868393
	                                           effective interaction Vq = [-1.49998,  -1.418,-1.38137,  -1.418,  -1.418,-1.38137,-1.32111,-1.38137,-1.38137,-1.32111, -1.4598,-1.32111,  -1.418,-1.38137,-1.32111,-1.38137]
	PARPACK diagonalization completed after 30 matrix-vector product operations.
	iteration results: : total energy is -46.435746 | electron energy -46.565807 + phonon energy 0.130060 | electron momentum kIdx = 0
The 11-th iteration is completed.	|| time cost : 0h 0m 20.658s
********************************************************************************************************************
Start the 12 rounds of NGS-ED iteration
	effective electronic model is modified as: kinetic energy t = 0.868377
	                                           effective interaction Vq = [-1.49999,-1.41803,-1.38139,-1.41803,-1.41803,-1.38139,-1.32113,-1.38139,-1.38139,-1.32113,-1.45994,-1.32113,-1.41803,-1.38139,-1.32113,-1.38139]
	PARPACK diagonalization completed after 30 matrix-vector product operations.
	iteration results: : total energy is -46.435764 | electron energy -46.565931 + phonon energy 0.130167 | electron momentum kIdx = 0
The 12-th iteration is completed.	|| time cost : 0h 0m 20.417s
********************************************************************************************************************
Start the 13 rounds of NGS-ED iteration
	effective electronic model is modified as: kinetic energy t = 0.86837
	                                           effective interaction Vq = [-1.49999,-1.41805, -1.3814,-1.41805,-1.41805, -1.3814,-1.32114, -1.3814, -1.3814,-1.32114,-1.46002,-1.32114,-1.41805, -1.3814,-1.32114, -1.3814]
	PARPACK diagonalization completed after 30 matrix-vector product operations.
	iteration results: : total energy is -46.435770 | electron energy -46.565996 + phonon energy 0.130225 | electron momentum kIdx = 0
The 13-th iteration is completed.	|| time cost : 0h 0m 20.39s
********************************************************************************************************************
Start the 14 rounds of NGS-ED iteration
	effective electronic model is modified as: kinetic energy t = 0.868366
	                                           effective interaction Vq = [-1.49999,-1.41805, -1.3814,-1.41805,-1.41805, -1.3814,-1.32114, -1.3814, -1.3814,-1.32114,-1.46007,-1.32114,-1.41805, -1.3814,-1.32114, -1.3814]
	PARPACK diagonalization completed after 30 matrix-vector product operations.
	iteration results: : total energy is -46.435773 | electron energy -46.566030 + phonon energy 0.130257 | electron momentum kIdx = 0
The 14-th iteration is completed.	|| time cost : 0h 0m 20.406s
********************************************************************************************************************
Start the 15 rounds of NGS-ED iteration
	effective electronic model is modified as: kinetic energy t = 0.868365
	                                           effective interaction Vq = [-1.49999,-1.41806, -1.3814,-1.41806,-1.41806, -1.3814,-1.32113, -1.3814, -1.3814,-1.32113, -1.4601,-1.32113,-1.41806, -1.3814,-1.32113, -1.3814]
	PARPACK diagonalization completed after 30 matrix-vector product operations.
	iteration results: : total energy is -46.435774 | electron energy -46.566047 + phonon energy 0.130274 | electron momentum kIdx = 0
The 15-th iteration is completed.	|| time cost : 0h 0m 20.684s
********************************************************************************************************************
Start the 16 rounds of NGS-ED iteration
	effective electronic model is modified as: kinetic energy t = 0.868365
	                                           effective interaction Vq = [-1.49999,-1.41806,-1.38139,-1.41806,-1.41806,-1.38139,-1.32113,-1.38139,-1.38139,-1.32113,-1.46012,-1.32113,-1.41806,-1.38139,-1.32113,-1.38139]
	PARPACK diagonalization completed after 30 matrix-vector product operations.
	iteration results: : total energy is -46.435774 | electron energy -46.566057 + phonon energy 0.130283 | electron momentum kIdx = 0
The 16-th iteration is completed.	|| time cost : 0h 0m 20.414s
********************************************************************************************************************
Start the 17 rounds of NGS-ED iteration
	effective electronic model is modified as: kinetic energy t = 0.868365
	                                           effective interaction Vq = [-1.49999,-1.41805,-1.38139,-1.41805,-1.41805,-1.38139,-1.32113,-1.38139,-1.38139,-1.32113,-1.46013,-1.32113,-1.41805,-1.38139,-1.32113,-1.38139]
	PARPACK diagonalization completed after 30 matrix-vector product operations.
	iteration results: : total energy is -46.435774 | electron energy -46.566061 + phonon energy 0.130287 | electron momentum kIdx = 0
The 17-th iteration is completed.	|| time cost : 0h 0m 20.422s
********************************************************************************************************************
Start the 18 rounds of NGS-ED iteration
	effective electronic model is modified as: kinetic energy t = 0.868365
	                                           effective interaction Vq = [-1.49999,-1.41805,-1.38139,-1.41805,-1.41805,-1.38139,-1.32112,-1.38139,-1.38139,-1.32112,-1.46013,-1.32112,-1.41805,-1.38139,-1.32112,-1.38139]
	PARPACK diagonalization completed after 30 matrix-vector product operations.
	iteration results: : total energy is -46.435774 | electron energy -46.566064 + phonon energy 0.130290 | electron momentum kIdx = 0
The 18-th iteration is completed.	|| time cost : 0h 0m 20.42s
********************************************************************************************************************
Start the 19 rounds of NGS-ED iteration
	effective electronic model is modified as: kinetic energy t = 0.868365
	                                           effective interaction Vq = [-1.49999,-1.41805,-1.38139,-1.41805,-1.41805,-1.38139,-1.32112,-1.38139,-1.38139,-1.32112,-1.46014,-1.32112,-1.41805,-1.38139,-1.32112,-1.38139]
	PARPACK diagonalization completed after 30 matrix-vector product operations.
	iteration results: : total energy is -46.435774 | electron energy -46.566065 + phonon energy 0.130291 | electron momentum kIdx = 0
The 19-th iteration is completed.	|| time cost : 0h 0m 20.72s
********************************************************************************************************************
Start the 20 rounds of NGS-ED iteration
	effective electronic model is modified as: kinetic energy t = 0.868365
	                                           effective interaction Vq = [-1.49999,-1.41805,-1.38138,-1.41805,-1.41805,-1.38138,-1.32112,-1.38138,-1.38138,-1.32112,-1.46014,-1.32112,-1.41805,-1.38138,-1.32112,-1.38138]
	PARPACK diagonalization completed after 30 matrix-vector product operations.
	iteration results: : total energy is -46.435774 | electron energy -46.566066 + phonon energy 0.130292 | electron momentum kIdx = 0
	Nq(0) = 12.25,	Nq(1) = 0.40106,	Nq(2) = 0.606659,	Nq(3) = 0.40106,	Nq(4) = 0.40106,	Nq(5) = 0.606659,	Nq(6) = 0.663897,	Nq(7) = 0.606659,	Nq(8) = 0.606659,	Nq(9) = 0.663897,	Nq(10) = 2.19442,	Nq(11) = 0.663897,	Nq(12) = 0.40106,	Nq(13) = 0.606659,	Nq(14) = 0.663897,	Nq(15) = 0.606659,	Sq(0) = -1.21882e-18,	Sq(1) = 0.283198,	Sq(2) = 0.332465,	Sq(3) = 0.283198,	Sq(4) = 0.283198,	Sq(5) = 0.332465,	Sq(6) = 0.495305,	Sq(7) = 0.332465,	Sq(8) = 0.332465,	Sq(9) = 0.495305,	Sq(10) = 0.546994,	Sq(11) = 0.495305,	Sq(12) = 0.283198,	Sq(13) = 0.332465,	Sq(14) = 0.495305,	Sq(15) = 0.332465,	N(0) = 1.98963,	N(1) = 1.97161,	N(2) = 0.672043,	N(3) = 1.97161,	N(4) = 1.97161,	N(5) = 0.672043,	N(6) = 0.0208387,	N(7) = 0.672043,	N(8) = 0.672043,	N(9) = 0.0208387,	N(10) = 0.00833101,	N(11) = 0.0208387,	N(12) = 1.97161,	N(13) = 0.672043,	N(14) = 0.0208387,	N(15) = 0.672043,	Delta[s](0) = 0.679892,	Delta[s](1) = 0.277916,	Delta[s](2) = 0.241695,	Delta[s](3) = 0.277916,	Delta[s](4) = 0.277916,	Delta[s](5) = 0.241695,	Delta[s](6) = 0.192528,	Delta[s](7) = 0.241695,	Delta[s](8) = 0.241695,	Delta[s](9) = 0.192528,	Delta[s](10) = 0.160263,	Delta[s](11) = 0.192528,	Delta[s](12) = 0.277916,	Delta[s](13) = 0.241695,	Delta[s](14) = 0.192528,	Delta[s](15) = 0.241695,	Delta[d](0) = 0.238732,	Delta[d](1) = 0.192604,	Delta[d](2) = 0.197353,	Delta[d](3) = 0.192604,	Delta[d](4) = 0.192604,	Delta[d](5) = 0.143935,	Delta[d](6) = 0.145589,	Delta[d](7) = 0.143935,	Delta[d](8) = 0.197353,	Delta[d](9) = 0.145589,	Delta[d](10) = 0.0496613,	Delta[d](11) = 0.145589,	Delta[d](12) = 0.192604,	Delta[d](13) = 0.143935,	Delta[d](14) = 0.145589,	Delta[d](15) = 0.143935,	Delta[s+](0) = 0.441056,	Delta[s+](1) = 0.333187,	Delta[s+](2) = 0.197353,	Delta[s+](3) = 0.333187,	Delta[s+](4) = 0.333187,	Delta[s+](5) = 0.197353,	Delta[s+](6) = 0.0747026,	Delta[s+](7) = 0.197353,	Delta[s+](8) = 0.197353,	Delta[s+](9) = 0.0747026,	Delta[s+](10) = 0.0216287,	Delta[s+](11) = 0.0747026,	Delta[s+](12) = 0.333187,	Delta[s+](13) = 0.197353,	Delta[s+](14) = 0.0747026,	Delta[s+](15) = 0.197353
The 20-th iteration is completed.	|| time cost : 0h 3m 12.19s
********************************************************************************************************************
Start the 21 rounds of NGS-ED iteration
	effective electronic model is modified as: kinetic energy t = 0.868365
	                                           effective interaction Vq = [-1.49999,-1.41805,-1.38138,-1.41805,-1.41805,-1.38138,-1.32112,-1.38138,-1.38138,-1.32112,-1.46014,-1.32112,-1.41805,-1.38138,-1.32112,-1.38138]
	PARPACK diagonalization completed after 30 matrix-vector product operations.
	iteration results: : total energy is -46.435774 | electron energy -46.566066 + phonon energy 0.130292 | electron momentum kIdx = 0
The 21-th iteration is completed.	|| time cost : 0h 0m 20.675s
********************************************************************************************************************
Start the 22 rounds of NGS-ED iteration
	effective electronic model is modified as: kinetic energy t = 0.868365
	                                           effective interaction Vq = [-1.49999,-1.41805,-1.38138,-1.41805,-1.41805,-1.38138,-1.32112,-1.38138,-1.38138,-1.32112,-1.46014,-1.32112,-1.41805,-1.38138,-1.32112,-1.38138]
	PARPACK diagonalization completed after 30 matrix-vector product operations.
	iteration results: : total energy is -46.435774 | electron energy -46.566066 + phonon energy 0.130292 | electron momentum kIdx = 0
The 22-th iteration is completed.	|| time cost : 0h 0m 20.388s
********************************************************************************************************************
Start the 23 rounds of NGS-ED iteration
	effective electronic model is modified as: kinetic energy t = 0.868365
	                                           effective interaction Vq = [-1.49999,-1.41805,-1.38138,-1.41805,-1.41805,-1.38138,-1.32112,-1.38138,-1.38138,-1.32112,-1.46015,-1.32112,-1.41805,-1.38138,-1.32112,-1.38138]
	PARPACK diagonalization completed after 30 matrix-vector product operations.
	iteration results: : total energy is -46.435774 | electron energy -46.566067 + phonon energy 0.130292 | electron momentum kIdx = 0
The 23-th iteration is completed.	|| time cost : 0h 0m 20.415s
********************************************************************************************************************
Start the 24 rounds of NGS-ED iteration
	effective electronic model is modified as: kinetic energy t = 0.868365
	                                           effective interaction Vq = [-1.49999,-1.41805,-1.38138,-1.41805,-1.41805,-1.38138,-1.32112,-1.38138,-1.38138,-1.32112,-1.46015,-1.32112,-1.41805,-1.38138,-1.32112,-1.38138]
	PARPACK diagonalization completed after 30 matrix-vector product operations.
