SNEDics v3.2 diagonalization test program		Start at Sat May  4 15:45:40 2019

parallized on 80 MPI threads  * 6 OpenMP threads = 480 total threads.
************************************************************************************
************************************************************************************

Input file "model_params.in"
Hubbard-Holstein model parameters : 	t = 1    U = 2    g = 1    W = 1    
************************************************************************************
Input file "hilbertspace_params.in"

Cluster Positions:				Cluster symmetry group : D4
 x ... x ... x ... x .....                       x ... x ... x ... x .....
 |           |           :                       |           |           :
 |           |           :                       |           |           :
12    13    14    15     x                       1     5     6     5     x
 |           |           :                       |           |           :
 |           |           :                       |           |           :
 8 --- 9 ---10 ---11 --- x                       2 --- 6 ---10 --- 6 --- x
 |           |           :                       |           |           :
 |           |           :                       |           |           :
 4     5     6     7     x                       1     5     6     5     x
 |           |           :                       |           |           :
 |           |           :                       |           |           :
 0 --- 1 --- 2 --- 3 --- x                       0 --- 1 --- 2 --- 1 --- x
orbital number : 1
************************************************************************************
** NOTE ** Detected low phonon energy W < 10. The initial state will be prepared through a warm-up process.
starting warm-up calculation for scaling factor 16
0 rounds of non-Gaussian ED iteration : ground-state energy is -18.0176 | electron energy -18.0176 + phonon energy 0 | electron momentum kIdx = 0
Nq = 	16	0.245211	0.311045	0.245211	0.245211	0.311045	0.446617	0.311045	0.311045	0.446617	0.513491	0.446617	0.245211	0.311045	0.446617	0.311045
Sq = 	1.62176e-18	0.413058	0.598296	0.413058	0.413058	0.598296	0.72336	0.598296	0.598296	0.72336	2.71747	0.72336	0.413058	0.598296	0.72336	0.598296
1 rounds of non-Gaussian ED iteration : ground-state energy is -37.9882 | electron energy -37.9893 + phonon energy 0.00108063 | electron momentum kIdx = 0
Nq = 	16	0.361413	0.369621	0.361413	0.361413	0.369621	0.602095	0.369621	0.369621	0.602095	0.613581	0.602095	0.361413	0.369621	0.602095	0.369621
Sq = 	2.30992e-18	0.380249	0.549517	0.380249	0.380249	0.549517	0.636014	0.549517	0.549517	0.636014	1.95251	0.636014	0.380249	0.549517	0.636014	0.549517
2 rounds of non-Gaussian ED iteration : ground-state energy is -38.7745 | electron energy -38.778 + phonon energy 0.00346456 | electron momentum kIdx = 0
Nq = 	16	0.371339	0.372635	0.371339	0.371339	0.372635	0.616244	0.372635	0.372635	0.616244	0.618936	0.616244	0.371339	0.372635	0.616244	0.372635
Sq = 	1.44467e-18	0.376891	0.544741	0.376891	0.376891	0.544741	0.629118	0.544741	0.544741	0.629118	1.90244	0.629118	0.376891	0.544741	0.629118	0.544741
3 rounds of non-Gaussian ED iteration : ground-state energy is -38.8045 | electron energy -38.8087 + phonon energy 0.00418166 | electron momentum kIdx = 0
Nq = 	16	0.372471	0.37297	0.372471	0.372471	0.372971	0.618031	0.372971	0.372971	0.618031	0.619532	0.618031	0.372471	0.372971	0.618031	0.372971
Sq = 	-3.61373e-18	0.376478	0.54416	0.376478	0.376478	0.54416	0.628296	0.54416	0.54416	0.628296	1.89658	0.628296	0.376478	0.54416	0.628296	0.54416
4 rounds of non-Gaussian ED iteration : ground-state energy is -38.8057 | electron energy -38.81 + phonon energy 0.00431364 | electron momentum kIdx = 0
Nq = 	16	0.372647	0.373017	0.372647	0.372647	0.373017	0.618309	0.373017	0.373017	0.618309	0.61961	0.618309	0.372647	0.373017	0.618309	0.373017
Sq = 	1.01188e-17	0.376414	0.544072	0.376414	0.376414	0.544072	0.628171	0.544072	0.544072	0.628171	1.89569	0.628171	0.376414	0.544072	0.628171	0.544072
Ground state is obtained after 5 iterations. The current ground-state energy is -38.8057, in which electron energy is -38.8101 and phonon energy is 0.00433531
final variational state is: 
Gamma_x =       1 1.00447 1.00729 1.00447 1.00447 1.00729 1.01134 1.00729 1.00729 1.01134 1.01349 1.01134 1.00447 1.00729 1.01134 1.00729
lambda_q = 0.249916 0.223151 0.201709 0.223151 0.223151 0.201709  0.20562 0.201709 0.201709  0.20562 0.194332  0.20562 0.223151 0.201709  0.20562 0.201709
o___o  -------------------------------------
| L |	Time since last clock: 0h 29m 23.224s
A===A	Time since the beginning: 0h 29m 23.224s
********************************************

************************************************************************************
starting warm-up calculation for scaling factor 8
0 rounds of non-Gaussian ED iteration : ground-state energy is -36.4871 | electron energy -36.4893 + phonon energy 0.00216765 | electron momentum kIdx = 0
Nq = 	16	0.351562	0.364826	0.351562	0.351562	0.364826	0.587462	0.364826	0.364826	0.587462	0.604755	0.587462	0.351562	0.364826	0.587462	0.364826
Sq = 	-1.09579e-17	0.383703	0.554943	0.383703	0.383703	0.554943	0.643938	0.554943	0.554943	0.643938	2.00996	0.643938	0.383703	0.554943	0.643938	0.554943
1 rounds of non-Gaussian ED iteration : ground-state energy is -37.7084 | electron energy -37.7178 + phonon energy 0.00934759 | electron momentum kIdx = 0
Nq = 	16	0.362226	0.368071	0.362226	0.362226	0.368071	0.59975	0.368071	0.368071	0.59975	0.609354	0.59975	0.362226	0.368071	0.59975	0.368071
Sq = 	5.91901e-18	0.380616	0.550561	0.380616	0.380616	0.550561	0.637272	0.550561	0.550561	0.637272	1.9594	0.637272	0.380616	0.550561	0.637272	0.550561
2 rounds of non-Gaussian ED iteration : ground-state energy is -37.9475 | electron energy -37.9612 + phonon energy 0.0137484 | electron momentum kIdx = 0
Nq = 	16	0.36565	0.36901	0.36565	0.36565	0.36901	0.603831	0.36901	0.369009	0.603831	0.610669	0.603831	0.36565	0.36901	0.603831	0.36901
Sq = 	-8.37695e-18	0.379597	0.549138	0.379597	0.379597	0.549139	0.635149	0.549138	0.549138	0.635149	1.94354	0.635149	0.379597	0.549138	0.635149	0.549139
3 rounds of non-Gaussian ED iteration : ground-state energy is -37.9947 | electron energy -38.0104 + phonon energy 0.0156974 | electron momentum kIdx = 0
Nq = 	16	0.366858	0.369309	0.366858	0.366858	0.369309	0.60528	0.369309	0.369309	0.60528	0.611077	0.60528	0.366858	0.369309	0.60528	0.369309
Sq = 	-1.00935e-18	0.379236	0.548644	0.379236	0.379236	0.548644	0.634414	0.548644	0.548644	0.634414	1.93805	0.634414	0.379236	0.548644	0.634414	0.548644
4 rounds of non-Gaussian ED iteration : ground-state energy is -38.0041 | electron energy -38.0205 + phonon energy 0.016469 | electron momentum kIdx = 0
Nq = 	16	0.36731	0.369408	0.36731	0.36731	0.369408	0.605811	0.369408	0.369408	0.605811	0.611208	0.605811	0.36731	0.369408	0.605811	0.369408
Sq = 	-6.06393e-18	0.379103	0.548466	0.379103	0.379103	0.548466	0.634148	0.548466	0.548466	0.634148	1.93606	0.634148	0.379103	0.548466	0.634148	0.548466
5 rounds of non-Gaussian ED iteration : ground-state energy is -38.0059 | electron energy -38.0227 + phonon energy 0.0167609 | electron momentum kIdx = 0
Nq = 	16	0.367483	0.369441	0.367483	0.367483	0.369441	0.606008	0.369441	0.369441	0.606008	0.611251	0.606008	0.367483	0.369441	0.606008	0.369441
Sq = 	1.30014e-17	0.379054	0.5484	0.379054	0.379054	0.5484	0.63405	0.5484	0.5484	0.63405	1.93532	0.63405	0.379054	0.5484	0.63405	0.5484
Ground state is obtained after 6 iterations. The current ground-state energy is -38.0063, in which electron energy is -38.0232 and phonon energy is 0.0168693
final variational state is: 
Gamma_x =       1 1.01427 1.02024 1.01427 1.01427 1.02024  1.0321 1.02024 1.02024  1.0321  1.0357  1.0321 1.01427 1.02024  1.0321 1.02024
lambda_q =   0.3527 0.285642 0.240724 0.285642 0.285642 0.240724 0.248302 0.240724 0.240724 0.248302  0.22693 0.248302 0.285642 0.240724 0.248302 0.240724
o___o  -------------------------------------
| L |	Time since last clock: 0h 34m 32.697s
A===A	Time since the beginning: 1h 3m 55.922s
********************************************

************************************************************************************
starting warm-up calculation for scaling factor 4
0 rounds of non-Gaussian ED iteration : ground-state energy is -35.5619 | electron energy -35.5704 + phonon energy 0.00843464 | electron momentum kIdx = 0
Nq = 	16	0.342452	0.359683	0.342452	0.342452	0.359683	0.571131	0.359683	0.359683	0.571131	0.594241	0.571131	0.342452	0.359683	0.571131	0.359683
Sq = 	-4.59565e-18	0.387274	0.560591	0.387274	0.387274	0.560591	0.652282	0.560591	0.560591	0.652282	2.07156	0.652282	0.387274	0.560591	0.652282	0.560591
1 rounds of non-Gaussian ED iteration : ground-state energy is -36.3548 | electron energy -36.3761 + phonon energy 0.0212599 | electron momentum kIdx = 0
Nq = 	16	0.347536	0.360801	0.347536	0.347536	0.360801	0.575128	0.360801	0.360801	0.575128	0.595047	0.575128	0.347536	0.360801	0.575128	0.360801
Sq = 	1.28137e-17	0.386144	0.559124	0.386144	0.386144	0.559124	0.6498	0.559124	0.559124	0.6498	2.05097	0.6498	0.386144	0.559124	0.6498	0.559124
2 rounds of non-Gaussian ED iteration : ground-state energy is -36.708 | electron energy -36.7385 + phonon energy 0.0304908 | electron momentum kIdx = 0
Nq = 	16	0.350433	0.361389	0.350433	0.350433	0.361389	0.577537	0.361389	0.361389	0.577537	0.595626	0.577537	0.350433	0.361389	0.577537	0.361389
Sq = 	-6.05329e-18	0.385477	0.55826	0.385477	0.385477	0.55826	0.648368	0.55826	0.55826	0.648368	2.03922	0.648368	0.385477	0.55826	0.648368	0.55826
3 rounds of non-Gaussian ED iteration : ground-state energy is -36.8657 | electron energy -36.902 + phonon energy 0.0362564 | electron momentum kIdx = 0
Nq = 	16	0.352107	0.361702	0.352107	0.352107	0.361702	0.578972	0.361702	0.361702	0.578972	0.595994	0.578972	0.352107	0.361702	0.578972	0.361702
Sq = 	-2.74297e-18	0.385084	0.557754	0.385084	0.385084	0.557754	0.647539	0.557754	0.557754	0.647539	2.03246	0.647539	0.385084	0.557754	0.647539	0.557754
4 rounds of non-Gaussian ED iteration : ground-state energy is -36.9362 | electron energy -36.9759 + phonon energy 0.0396945 | electron momentum kIdx = 0
Nq = 	16	0.353085	0.361872	0.353085	0.353085	0.361872	0.579823	0.361872	0.361872	0.579823	0.596215	0.579823	0.353085	0.361872	0.579823	0.361872
Sq = 	5.90672e-18	0.384853	0.557458	0.384853	0.384852	0.557458	0.647057	0.557458	0.557458	0.647057	2.02853	0.647057	0.384852	0.557458	0.647057	0.557458
5 rounds of non-Gaussian ED iteration : ground-state energy is -36.9678 | electron energy -37.0095 + phonon energy 0.0417084 | electron momentum kIdx = 0
Nq = 	16	0.35366	0.361964	0.35366	0.35366	0.361964	0.580326	0.361964	0.361964	0.580326	0.596344	0.580326	0.35366	0.361964	0.580326	0.361964
Sq = 	-1.48535e-19	0.384716	0.557286	0.384716	0.384716	0.557286	0.646776	0.557286	0.557286	0.646776	2.02624	0.646776	0.384716	0.557286	0.646776	0.557286
6 rounds of non-Gaussian ED iteration : ground-state energy is -36.9819 | electron energy -37.0248 + phonon energy 0.0428798 | electron momentum kIdx = 0
Nq = 	16	0.354	0.362014	0.354	0.354	0.362014	0.580623	0.362014	0.362014	0.580623	0.596418	0.580623	0.354	0.362014	0.580623	0.362014
Sq = 	7.49603e-18	0.384636	0.557185	0.384636	0.384636	0.557185	0.646612	0.557185	0.557185	0.646612	2.0249	0.646612	0.384636	0.557185	0.646612	0.557185
7 rounds of non-Gaussian ED iteration : ground-state energy is -36.9883 | electron energy -37.0318 + phonon energy 0.0435592 | electron momentum kIdx = 0
Nq = 	16	0.354202	0.362042	0.354202	0.354202	0.362042	0.580797	0.362042	0.362042	0.580797	0.596461	0.580797	0.354202	0.362042	0.580797	0.362042
Sq = 	-5.03987e-18	0.384588	0.557126	0.384588	0.384588	0.557126	0.646516	0.557126	0.557126	0.646516	2.02412	0.646516	0.384588	0.557126	0.646516	0.557126
8 rounds of non-Gaussian ED iteration : ground-state energy is -36.9911 | electron energy -37.0351 + phonon energy 0.043953 | electron momentum kIdx = 0
Nq = 	16	0.354322	0.362057	0.354322	0.354322	0.362057	0.5809	0.362057	0.362057	0.5809	0.596485	0.5809	0.354322	0.362057	0.5809	0.362057
Sq = 	9.79652e-18	0.38456	0.557091	0.38456	0.38456	0.557091	0.64646	0.557092	0.557092	0.64646	2.02366	0.64646	0.38456	0.557092	0.64646	0.557091
9 rounds of non-Gaussian ED iteration : ground-state energy is -36.9924 | electron energy -37.0366 + phonon energy 0.0441814 | electron momentum kIdx = 0
Nq = 	16	0.354393	0.362066	0.354393	0.354393	0.362066	0.580961	0.362066	0.362066	0.580961	0.596498	0.580961	0.354393	0.362066	0.580961	0.362066
Sq = 	-1.43607e-18	0.384544	0.557071	0.384544	0.384544	0.557071	0.646426	0.557071	0.557071	0.646426	2.02338	0.646426	0.384544	0.557071	0.646426	0.557071
Ground state is obtained after 10 iterations. The current ground-state energy is -36.993, in which electron energy is -37.0373 and phonon energy is 0.0443139
final variational state is: 
Gamma_x =       1 1.03922 1.04614 1.03922 1.03922 1.04614  1.0745 1.04614 1.04614  1.0745 1.07712  1.0745 1.03922 1.04614  1.0745 1.04614
lambda_q = 0.497302 0.339031 0.260222 0.339031 0.339031 0.260222   0.2719 0.260222 0.260222   0.2719 0.239652   0.2719 0.339031 0.260222   0.2719 0.260222
o___o  -------------------------------------
| L |	Time since last clock: 0h 54m 50.431s
A===A	Time since the beginning: 1h 58m 46.353s
********************************************

************************************************************************************
starting warm-up calculation for scaling factor 2
0 rounds of non-Gaussian ED iteration : ground-state energy is -34.5342 | electron energy -34.5564 + phonon energy 0.0221569 | electron momentum kIdx = 0
Nq = 	16	0.326856	0.351433	0.326856	0.326856	0.351433	0.546215	0.351433	0.351433	0.546215	0.57889	0.546215	0.326856	0.351433	0.546215	0.351433
Sq = 	-7.11885e-18	0.392708	0.56899	0.392708	0.392708	0.56899	0.665407	0.56899	0.56899	0.665407	2.17383	0.665407	0.392708	0.56899	0.665407	0.56899
1 rounds of non-Gaussian ED iteration : ground-state energy is -35.0147 | electron energy -35.0524 + phonon energy 0.0377573 | electron momentum kIdx = 0
Nq = 	16	0.327267	0.350891	0.327267	0.327267	0.350891	0.54453	0.350891	0.350891	0.54453	0.577139	0.54453	0.327267	0.350891	0.54453	0.350891
Sq = 	2.15746e-18	0.392938	0.569478	0.392938	0.392938	0.569478	0.666019	0.569478	0.569478	0.666019	2.17764	0.666019	0.392938	0.569478	0.666019	0.569478
2 rounds of non-Gaussian ED iteration : ground-state energy is -35.3309 | electron energy -35.3797 + phonon energy 0.0488331 | electron momentum kIdx = 0
Nq = 	16	0.327692	0.350631	0.327692	0.327692	0.350631	0.543839	0.350631	0.350631	0.543839	0.576452	0.543839	0.327692	0.350631	0.543839	0.350631
Sq = 	7.26839e-18	0.393009	0.569666	0.393009	0.393009	0.569666	0.666231	0.569666	0.569666	0.666231	2.17868	0.666231	0.393009	0.569666	0.666231	0.569666
3 rounds of non-Gaussian ED iteration : ground-state energy is -35.5413 | electron energy -35.5975 + phonon energy 0.0562688 | electron momentum kIdx = 0
Nq = 	16	0.328086	0.350521	0.328086	0.328086	0.350521	0.54363	0.350521	0.350521	0.54363	0.57623	0.54363	0.328086	0.350521	0.54363	0.350521
Sq = 	7.86664e-18	0.393006	0.569713	0.393006	0.393007	0.569713	0.666253	0.569713	0.569713	0.666253	2.17847	0.666253	0.393007	0.569713	0.666253	0.569713
4 rounds of non-Gaussian ED iteration : ground-state energy is -35.6818 | electron energy -35.743 + phonon energy 0.0612254 | electron momentum kIdx = 0
Nq = 	16	0.328427	0.350483	0.328427	0.328427	0.350483	0.543636	0.350483	0.350483	0.543636	0.576198	0.543636	0.328427	0.350483	0.543636	0.350483
Sq = 	5.28422e-18	0.392975	0.569699	0.392975	0.392975	0.569699	0.666198	0.569699	0.569699	0.666198	2.17776	0.666198	0.392975	0.569699	0.666198	0.569699
5 rounds of non-Gaussian ED iteration : ground-state energy is -35.7759 | electron energy -35.8404 + phonon energy 0.0645649 | electron momentum kIdx = 0
Nq = 	16	0.328709	0.350479	0.328709	0.328709	0.350479	0.543727	0.350479	0.350479	0.543727	0.576235	0.543727	0.328709	0.350479	0.543727	0.350479
Sq = 	-6.8747e-18	0.392936	0.569663	0.392936	0.392936	0.569663	0.666118	0.569663	0.569663	0.666118	2.17695	0.666118	0.392936	0.569663	0.666118	0.569663
6 rounds of non-Gaussian ED iteration : ground-state energy is -35.8389 | electron energy -35.9057 + phonon energy 0.0668527 | electron momentum kIdx = 0
Nq = 	16	0.328937	0.350489	0.328937	0.328937	0.350489	0.54384	0.350489	0.350489	0.54384	0.576289	0.54384	0.328937	0.350489	0.54384	0.350489
Sq = 	5.67248e-19	0.392898	0.569623	0.392898	0.392898	0.569623	0.666039	0.569623	0.569623	0.666039	2.17618	0.666039	0.392898	0.569623	0.666039	0.569623
7 rounds of non-Gaussian ED iteration : ground-state energy is -35.8811 | electron energy -35.9495 + phonon energy 0.0684474 | electron momentum kIdx = 0
Nq = 	16	0.329118	0.350504	0.329118	0.329118	0.350504	0.543948	0.350504	0.350504	0.543948	0.576341	0.543948	0.329118	0.350504	0.543948	0.350504
Sq = 	-3.9632e-18	0.392865	0.569586	0.392865	0.392865	0.569586	0.665968	0.569586	0.569586	0.665968	2.17552	0.665968	0.392865	0.569586	0.665968	0.569586
8 rounds of non-Gaussian ED iteration : ground-state energy is -35.9094 | electron energy -35.9789 + phonon energy 0.0695765 | electron momentum kIdx = 0
Nq = 	16	0.32926	0.350518	0.32926	0.32926	0.350518	0.544041	0.350518	0.350518	0.544041	0.576386	0.544041	0.32926	0.350518	0.544041	0.350518
Sq = 	9.45707e-18	0.392838	0.569555	0.392838	0.392838	0.569555	0.66591	0.569555	0.569555	0.66591	2.17499	0.66591	0.392838	0.569555	0.66591	0.569555
9 rounds of non-Gaussian ED iteration : ground-state energy is -35.9283 | electron energy -35.9987 + phonon energy 0.0703866 | electron momentum kIdx = 0
Nq = 	16	0.329369	0.35053	0.329369	0.329369	0.35053	0.544117	0.35053	0.35053	0.544117	0.576421	0.544117	0.329369	0.35053	0.544117	0.35053
Sq = 	2.68996e-19	0.392816	0.569529	0.392816	0.392816	0.569529	0.665863	0.569529	0.569529	0.665863	2.17456	0.665863	0.392816	0.569529	0.665863	0.569529
10 rounds of non-Gaussian ED iteration : ground-state energy is -35.941 | electron energy -36.012 + phonon energy 0.070974 | electron momentum kIdx = 0
Nq = 	16	0.329454	0.35054	0.329454	0.329454	0.35054	0.544178	0.35054	0.35054	0.544178	0.576448	0.544178	0.329454	0.35054	0.544178	0.35054
Sq = 	3.12931e-18	0.392799	0.569509	0.392799	0.392799	0.569509	0.665826	0.569509	0.56951	0.665826	2.17423	0.665826	0.392799	0.569509	0.665826	0.569509
11 rounds of non-Gaussian ED iteration : ground-state energy is -35.9495 | electron energy -36.0209 + phonon energy 0.0714034 | electron momentum kIdx = 0
Nq = 	16	0.329518	0.350548	0.329518	0.329518	0.350548	0.544226	0.350548	0.350548	0.544226	0.576469	0.544226	0.329518	0.350548	0.544226	0.350548
Sq = 	5.45059e-18	0.392786	0.569494	0.392786	0.392786	0.569494	0.665798	0.569494	0.569494	0.665798	2.17397	0.665798	0.392786	0.569494	0.665798	0.569494
12 rounds of non-Gaussian ED iteration : ground-state energy is -35.9552 | electron energy -36.027 + phonon energy 0.0717192 | electron momentum kIdx = 0
Nq = 	16	0.329568	0.350554	0.329568	0.329568	0.350554	0.544262	0.350554	0.350554	0.544262	0.576485	0.544262	0.329568	0.350554	0.544262	0.350554
Sq = 	-9.98621e-18	0.392776	0.569482	0.392776	0.392776	0.569482	0.665776	0.569482	0.569482	0.665776	2.17377	0.665776	0.392776	0.569482	0.665776	0.569482
13 rounds of non-Gaussian ED iteration : ground-state energy is -35.9591 | electron energy -36.031 + phonon energy 0.0719527 | electron momentum kIdx = 0
Nq = 	16	0.329605	0.350559	0.329605	0.329605	0.350559	0.54429	0.350559	0.350559	0.54429	0.576497	0.54429	0.329605	0.350559	0.54429	0.350559
Sq = 	-1.70228e-19	0.392768	0.569473	0.392768	0.392768	0.569473	0.665759	0.569473	0.569473	0.665759	2.17362	0.665759	0.392768	0.569473	0.665759	0.569473
14 rounds of non-Gaussian ED iteration : ground-state energy is -35.9616 | electron energy -36.0338 + phonon energy 0.0721258 | electron momentum kIdx = 0
Nq = 	16	0.329634	0.350562	0.329634	0.329634	0.350562	0.544312	0.350562	0.350562	0.544312	0.576505	0.544312	0.329634	0.350562	0.544312	0.350562
Sq = 	-1.48213e-17	0.392762	0.569466	0.392762	0.392762	0.569466	0.665747	0.569466	0.569466	0.665747	2.17351	0.665747	0.392762	0.569466	0.665747	0.569466
15 rounds of non-Gaussian ED iteration : ground-state energy is -35.9634 | electron energy -36.0356 + phonon energy 0.0722546 | electron momentum kIdx = 0
Nq = 	16	0.329655	0.350565	0.329655	0.329655	0.350565	0.544328	0.350565	0.350565	0.544328	0.576512	0.544328	0.329655	0.350565	0.544328	0.350565
Sq = 	-2.86043e-18	0.392758	0.569461	0.392758	0.392758	0.569461	0.665737	0.569461	0.569461	0.665737	2.17342	0.665737	0.392758	0.569461	0.665737	0.569461
16 rounds of non-Gaussian ED iteration : ground-state energy is -35.9645 | electron energy -36.0369 + phonon energy 0.0723505 | electron momentum kIdx = 0
Nq = 	16	0.329672	0.350567	0.329672	0.329672	0.350567	0.544341	0.350567	0.350567	0.544341	0.576517	0.544341	0.329672	0.350567	0.544341	0.350567
Sq = 	-4.99562e-18	0.392754	0.569457	0.392754	0.392754	0.569457	0.66573	0.569457	0.569457	0.66573	2.17335	0.66573	0.392754	0.569457	0.66573	0.569457
Ground state is obtained after 17 iterations. The current ground-state energy is -35.9653, in which electron energy is -36.0377 and phonon energy is 0.0724222
final variational state is: 
Gamma_x =       1 1.08554 1.08308 1.08554 1.08554 1.08308 1.13483 1.08308 1.08308 1.13483 1.13278 1.13483 1.08554 1.08308 1.13483 1.08308
lambda_q = 0.700105 0.357548 0.248827 0.357548 0.357548 0.248827 0.262061 0.248827 0.248827 0.262061 0.225076 0.262061 0.357548 0.248827 0.262061 0.248827
o___o  -------------------------------------
| L |	Time since last clock: 1h 30m 20.99s
A===A	Time since the beginning: 3h 29m 7.344s
********************************************

************************************************************************************
Warm up completed
o___o  -------------------------------------
| L |	Time since last clock: 0h 0m 0.027s
A===A	Time since the beginning: 3h 29m 7.373s
********************************************

************************************************************************************
0 rounds of non-Gaussian ED iteration : ground-state energy is -33.6595 | electron energy -33.6957 + phonon energy 0.0362111 | electron momentum kIdx = 0
Nq = 	16	0.304952	0.340675	0.304952	0.304952	0.340675	0.516002	0.340675	0.340675	0.516002	0.56061	0.516002	0.304952	0.340675	0.516002	0.340675
Sq = 	6.34674e-19	0.399242	0.578725	0.399242	0.399242	0.578725	0.682045	0.578725	0.578725	0.682045	2.31402	0.682045	0.399242	0.578725	0.682045	0.578725
1 rounds of non-Gaussian ED iteration : ground-state energy is -33.9549 | electron energy -34.0033 + phonon energy 0.048325 | electron momentum kIdx = 0
Nq = 	16	0.303133	0.33944	0.303133	0.303133	0.33944	0.512521	0.33944	0.33944	0.512521	0.558061	0.512521	0.303133	0.33944	0.512521	0.33944
Sq = 	-7.42025e-18	0.399914	0.579778	0.399914	0.399914	0.579778	0.683828	0.579778	0.579778	0.683828	2.32905	0.683828	0.399914	0.579778	0.683828	0.579778
2 rounds of non-Gaussian ED iteration : ground-state energy is -34.1808 | electron energy -34.2373 + phonon energy 0.056507 | electron momentum kIdx = 0
Nq = 	16	0.301876	0.338663	0.301876	0.301877	0.338663	0.510409	0.338663	0.338663	0.510409	0.5567	0.510409	0.301877	0.338663	0.510409	0.338663
Sq = 	-8.52622e-18	0.400331	0.580413	0.400331	0.400331	0.580413	0.684939	0.580413	0.580413	0.684939	2.33863	0.684939	0.400331	0.580413	0.684939	0.580413
3 rounds of non-Gaussian ED iteration : ground-state energy is -34.3602 | electron energy -34.4221 + phonon energy 0.061896 | electron momentum kIdx = 0
Nq = 	16	0.301028	0.338185	0.301028	0.301028	0.338185	0.509145	0.338185	0.338185	0.509145	0.555986	0.509145	0.301028	0.338185	0.509145	0.338185
Sq = 	2.1238e-18	0.400586	0.580791	0.400586	0.400586	0.580791	0.685622	0.580791	0.580791	0.685622	2.34463	0.685622	0.400586	0.580791	0.685622	0.580791
4 rounds of non-Gaussian ED iteration : ground-state energy is -34.505 | electron energy -34.5704 + phonon energy 0.0654347 | electron momentum kIdx = 0
Nq = 	16	0.300463	0.337894	0.300463	0.300463	0.337894	0.508396	0.337894	0.337894	0.508396	0.555617	0.508396	0.300463	0.337894	0.508396	0.337894
Sq = 	4.03253e-19	0.400743	0.581015	0.400743	0.400743	0.581015	0.686039	0.581015	0.581015	0.68604	2.34836	0.68604	0.400743	0.581015	0.686039	0.581015
5 rounds of non-Gaussian ED iteration : ground-state energy is -34.6228 | electron energy -34.6906 + phonon energy 0.067777 | electron momentum kIdx = 0
Nq = 	16	0.30009	0.337719	0.30009	0.30009	0.337719	0.507954	0.337719	0.337719	0.507954	0.555429	0.507954	0.30009	0.337719	0.507954	0.337719
Sq = 	-2.26375e-18	0.400838	0.581147	0.400838	0.400838	0.581147	0.686293	0.581147	0.581147	0.686293	2.35067	0.686293	0.400838	0.581147	0.686293	0.581147
6 rounds of non-Gaussian ED iteration : ground-state energy is -34.7191 | electron energy -34.7884 + phonon energy 0.0693502 | electron momentum kIdx = 0
Nq = 	16	0.299846	0.337615	0.299846	0.299846	0.337615	0.507695	0.337615	0.337615	0.507695	0.555336	0.507695	0.299846	0.337615	0.507695	0.337615
Sq = 	3.69839e-20	0.400895	0.581225	0.400895	0.400895	0.581225	0.686447	0.581225	0.581225	0.686447	2.35209	0.686447	0.400895	0.581225	0.686447	0.581225
7 rounds of non-Gaussian ED iteration : ground-state energy is -34.7977 | electron energy -34.8682 + phonon energy 0.0704267 | electron momentum kIdx = 0
Nq = 	16	0.299687	0.337554	0.299687	0.299687	0.337554	0.507545	0.337554	0.337554	0.507545	0.555293	0.507545	0.299687	0.337554	0.507545	0.337554
Sq = 	-3.16558e-18	0.40093	0.58127	0.40093	0.40093	0.58127	0.686539	0.58127	0.58127	0.686539	2.35296	0.686539	0.40093	0.58127	0.686539	0.58127
8 rounds of non-Gaussian ED iteration : ground-state energy is -34.8621 | electron energy -34.9333 + phonon energy 0.0711794 | electron momentum kIdx = 0
Nq = 	16	0.299586	0.337518	0.299586	0.299586	0.337518	0.507458	0.337518	0.337518	0.507458	0.555275	0.507458	0.299586	0.337518	0.507458	0.337518
Sq = 	2.10659e-18	0.400951	0.581296	0.400951	0.400951	0.581296	0.686594	0.581296	0.581296	0.686594	2.35349	0.686594	0.400951	0.581296	0.686594	0.581296
9 rounds of non-Gaussian ED iteration : ground-state energy is -34.9148 | electron energy -34.9865 + phonon energy 0.0717178 | electron momentum kIdx = 0
Nq = 	16	0.299522	0.337497	0.299522	0.299522	0.337497	0.50741	0.337497	0.337497	0.50741	0.55527	0.50741	0.299522	0.337497	0.50741	0.337497
Sq = 	-7.90477e-18	0.400963	0.581311	0.400963	0.400963	0.581311	0.686626	0.581311	0.581311	0.686626	2.3538	0.686626	0.400963	0.581311	0.686626	0.581311
10 rounds of non-Gaussian ED iteration : ground-state energy is -34.9579 | electron energy -35.03 + phonon energy 0.0721121 | electron momentum kIdx = 0
Nq = 	16	0.299483	0.337486	0.299483	0.299483	0.337486	0.507384	0.337486	0.337486	0.507384	0.555272	0.507384	0.299483	0.337486	0.507384	0.337486
Sq = 	1.62874e-17	0.40097	0.581319	0.40097	0.40097	0.581319	0.686644	0.581319	0.581319	0.686644	2.35398	0.686644	0.40097	0.581319	0.686644	0.581319
11 rounds of non-Gaussian ED iteration : ground-state energy is -34.9932 | electron energy -35.0656 + phonon energy 0.0724074 | electron momentum kIdx = 0
Nq = 	16	0.299461	0.33748	0.299461	0.299461	0.33748	0.50737	0.33748	0.33748	0.50737	0.555276	0.50737	0.299461	0.33748	0.50737	0.33748
Sq = 	-4.90721e-18	0.400973	0.581323	0.400973	0.400973	0.581323	0.686654	0.581323	0.581323	0.686654	2.35408	0.686654	0.400973	0.581323	0.686654	0.581323
12 rounds of non-Gaussian ED iteration : ground-state energy is -35.0221 | electron energy -35.0948 + phonon energy 0.0726335 | electron momentum kIdx = 0
Nq = 	16	0.299449	0.337477	0.299449	0.299449	0.337477	0.507364	0.337477	0.337477	0.507364	0.555282	0.507364	0.299449	0.337477	0.507364	0.337477
Sq = 	-4.26102e-18	0.400975	0.581324	0.400975	0.400975	0.581324	0.686658	0.581324	0.581324	0.686658	2.35412	0.686658	0.400975	0.581324	0.686658	0.581324
13 rounds of non-Gaussian ED iteration : ground-state energy is -35.0458 | electron energy -35.1186 + phonon energy 0.07281 | electron momentum kIdx = 0
Nq = 	16	0.299443	0.337476	0.299443	0.299443	0.337476	0.507363	0.337476	0.337476	0.507363	0.555288	0.507363	0.299443	0.337476	0.507363	0.337476
Sq = 	-4.47951e-18	0.400976	0.581325	0.400976	0.400976	0.581325	0.68666	0.581325	0.581325	0.68666	2.35414	0.68666	0.400976	0.581325	0.68666	0.581325
14 rounds of non-Gaussian ED iteration : ground-state energy is -35.0652 | electron energy -35.1381 + phonon energy 0.0729501 | electron momentum kIdx = 0
Nq = 	16	0.299442	0.337476	0.299442	0.299442	0.337476	0.507364	0.337476	0.337476	0.507364	0.555294	0.507364	0.299442	0.337476	0.507364	0.337476
Sq = 	5.38723e-18	0.400976	0.581324	0.400976	0.400976	0.581324	0.68666	0.581324	0.581324	0.68666	2.35414	0.68666	0.400976	0.581324	0.68666	0.581324
15 rounds of non-Gaussian ED iteration : ground-state energy is -35.081 | electron energy -35.1541 + phonon energy 0.073063 | electron momentum kIdx = 0
Nq = 	16	0.299443	0.337476	0.299443	0.299443	0.337476	0.507366	0.337476	0.337476	0.507366	0.555299	0.507366	0.299443	0.337476	0.507366	0.337476
Sq = 	-1.06441e-17	0.400975	0.581323	0.400975	0.400975	0.581323	0.686658	0.581323	0.581323	0.686658	2.35413	0.686658	0.400975	0.581323	0.686658	0.581323
16 rounds of non-Gaussian ED iteration : ground-state energy is -35.094 | electron energy -35.1672 + phonon energy 0.0731551 | electron momentum kIdx = 0
Nq = 	16	0.299445	0.337477	0.299445	0.299445	0.337477	0.507368	0.337477	0.337477	0.507368	0.555304	0.507368	0.299445	0.337477	0.507368	0.337477
Sq = 	-9.9383e-18	0.400975	0.581322	0.400975	0.400975	0.581322	0.686657	0.581322	0.581322	0.686657	2.35412	0.686657	0.400975	0.581322	0.686657	0.581322
17 rounds of non-Gaussian ED iteration : ground-state energy is -35.1047 | electron energy -35.1779 + phonon energy 0.0732311 | electron momentum kIdx = 0
Nq = 	16	0.299448	0.337478	0.299448	0.299448	0.337478	0.507371	0.337478	0.337478	0.507371	0.555309	0.507371	0.299448	0.337478	0.507371	0.337478
Sq = 	2.32914e-18	0.400974	0.581321	0.400974	0.400974	0.581321	0.686655	0.581321	0.581321	0.686655	2.3541	0.686655	0.400974	0.581321	0.686655	0.581321
18 rounds of non-Gaussian ED iteration : ground-state energy is -35.1134 | electron energy -35.1867 + phonon energy 0.0732942 | electron momentum kIdx = 0
Nq = 	16	0.299452	0.337479	0.299452	0.299452	0.337479	0.507374	0.337479	0.337479	0.507374	0.555312	0.507374	0.299452	0.337479	0.507374	0.337479
Sq = 	1.70032e-18	0.400973	0.58132	0.400973	0.400973	0.58132	0.686653	0.58132	0.58132	0.686653	2.35408	0.686653	0.400973	0.58132	0.686653	0.58132
19 rounds of non-Gaussian ED iteration : ground-state energy is -35.1205 | electron energy -35.1938 + phonon energy 0.073347 | electron momentum kIdx = 0
Nq = 	16	0.299455	0.33748	0.299455	0.299455	0.33748	0.507376	0.33748	0.33748	0.507376	0.555316	0.507376	0.299455	0.33748	0.507376	0.33748
Sq = 	-3.09607e-18	0.400973	0.581319	0.400973	0.400973	0.581319	0.686651	0.581319	0.581319	0.686651	2.35407	0.686651	0.400973	0.581319	0.686651	0.581319
20 rounds of non-Gaussian ED iteration : ground-state energy is -35.1263 | electron energy -35.1997 + phonon energy 0.0733914 | electron momentum kIdx = 0
Nq = 	16	0.299459	0.33748	0.299459	0.299459	0.33748	0.507379	0.33748	0.33748	0.507379	0.555319	0.507379	0.299459	0.33748	0.507379	0.33748
Sq = 	-2.40185e-18	0.400972	0.581319	0.400972	0.400972	0.581319	0.68665	0.581319	0.581319	0.68665	2.35405	0.68665	0.400972	0.581319	0.68665	0.581319
21 rounds of non-Gaussian ED iteration : ground-state energy is -35.1311 | electron energy -35.2045 + phonon energy 0.073429 | electron momentum kIdx = 0
Nq = 	16	0.299462	0.337481	0.299462	0.299462	0.337481	0.507381	0.337481	0.337481	0.507381	0.555321	0.507381	0.299462	0.337481	0.507381	0.337481
Sq = 	-7.27546e-20	0.400972	0.581318	0.400972	0.400972	0.581318	0.686648	0.581318	0.581318	0.686648	2.35404	0.686648	0.400972	0.581318	0.686648	0.581318
22 rounds of non-Gaussian ED iteration : ground-state energy is -35.135 | electron energy -35.2085 + phonon energy 0.0734608 | electron momentum kIdx = 0
Nq = 	16	0.299464	0.337482	0.299464	0.299464	0.337482	0.507383	0.337482	0.337482	0.507383	0.555324	0.507383	0.299464	0.337482	0.507383	0.337482
Sq = 	1.50929e-17	0.400971	0.581317	0.400971	0.400971	0.581317	0.686647	0.581317	0.581317	0.686647	2.35402	0.686647	0.400971	0.581317	0.686647	0.581317
23 rounds of non-Gaussian ED iteration : ground-state energy is -35.1382 | electron energy -35.2117 + phonon energy 0.0734879 | electron momentum kIdx = 0
Nq = 	16	0.299467	0.337482	0.299467	0.299467	0.337482	0.507384	0.337482	0.337482	0.507384	0.555325	0.507384	0.299467	0.337482	0.507384	0.337482
Sq = 	-3.96735e-18	0.400971	0.581317	0.400971	0.400971	0.581317	0.686646	0.581317	0.581317	0.686646	2.35401	0.686646	0.400971	0.581317	0.686646	0.581317
24 rounds of non-Gaussian ED iteration : ground-state energy is -35.1408 | electron energy -35.2143 + phonon energy 0.073511 | electron momentum kIdx = 0
Nq = 	16	0.299469	0.337483	0.299469	0.299469	0.337483	0.507386	0.337483	0.337483	0.507386	0.555327	0.507386	0.299469	0.337483	0.507386	0.337483
Sq = 	1.42e-17	0.40097	0.581316	0.40097	0.40097	0.581316	0.686644	0.581316	0.581316	0.686645	2.354	0.686645	0.40097	0.581316	0.686644	0.581316
25 rounds of non-Gaussian ED iteration : ground-state energy is -35.143 | electron energy -35.2165 + phonon energy 0.0735307 | electron momentum kIdx = 0
Nq = 	16	0.299471	0.337483	0.299471	0.299471	0.337483	0.507387	0.337483	0.337483	0.507387	0.555329	0.507387	0.299471	0.337483	0.507387	0.337483
Sq = 	6.32697e-18	0.40097	0.581316	0.40097	0.40097	0.581316	0.686644	0.581316	0.581316	0.686644	2.35399	0.686644	0.40097	0.581316	0.686644	0.581316
26 rounds of non-Gaussian ED iteration : ground-state energy is -35.1447 | electron energy -35.2183 + phonon energy 0.0735476 | electron momentum kIdx = 0
Nq = 	16	0.299473	0.337483	0.299473	0.299473	0.337483	0.507388	0.337483	0.337483	0.507388	0.55533	0.507388	0.299473	0.337483	0.507388	0.337483
Sq = 	6.62148e-19	0.40097	0.581315	0.40097	0.40097	0.581315	0.686643	0.581315	0.581315	0.686643	2.35399	0.686643	0.40097	0.581315	0.686643	0.581315
27 rounds of non-Gaussian ED iteration : ground-state energy is -35.1462 | electron energy -35.2197 + phonon energy 0.073562 | electron momentum kIdx = 0
Nq = 	16	0.299474	0.337484	0.299474	0.299474	0.337484	0.507389	0.337484	0.337484	0.507389	0.555331	0.507389	0.299474	0.337484	0.507389	0.337484
Sq = 	3.00766e-18	0.400969	0.581315	0.400969	0.400969	0.581315	0.686642	0.581315	0.581315	0.686642	2.35398	0.686642	0.400969	0.581315	0.686642	0.581315
28 rounds of non-Gaussian ED iteration : ground-state energy is -35.1474 | electron energy -35.2209 + phonon energy 0.0735743 | electron momentum kIdx = 0
Nq = 	16	0.299476	0.337484	0.299476	0.299476	0.337484	0.50739	0.337484	0.337484	0.50739	0.555332	0.50739	0.299476	0.337484	0.50739	0.337484
Sq = 	-4.37559e-18	0.400969	0.581315	0.400969	0.400969	0.581315	0.686641	0.581315	0.581315	0.686641	2.35397	0.686641	0.400969	0.581315	0.686641	0.581315
29 rounds of non-Gaussian ED iteration : ground-state energy is -35.1483 | electron energy -35.2219 + phonon energy 0.0735849 | electron momentum kIdx = 0
Nq = 	16	0.299477	0.337484	0.299477	0.299477	0.337484	0.507391	0.337484	0.337484	0.507391	0.555333	0.507391	0.299477	0.337484	0.507391	0.337484
Sq = 	1.18583e-18	0.400969	0.581314	0.400969	0.400969	0.581314	0.686641	0.581314	0.581314	0.686641	2.35397	0.686641	0.400969	0.581314	0.686641	0.581314
30 rounds of non-Gaussian ED iteration : ground-state energy is -35.1491 | electron energy -35.2227 + phonon energy 0.073594 | electron momentum kIdx = 0
Nq = 	16	0.299478	0.337484	0.299478	0.299478	0.337484	0.507391	0.337484	0.337484	0.507391	0.555333	0.507391	0.299478	0.337484	0.507391	0.337484
Sq = 	2.12505e-18	0.400969	0.581314	0.400969	0.400969	0.581314	0.68664	0.581314	0.581314	0.68664	2.35396	0.68664	0.400969	0.581314	0.68664	0.581314
31 rounds of non-Gaussian ED iteration : ground-state energy is -35.1498 | electron energy -35.2234 + phonon energy 0.0736018 | electron momentum kIdx = 0
Nq = 	16	0.299479	0.337485	0.299479	0.299479	0.337485	0.507392	0.337485	0.337485	0.507392	0.555334	0.507392	0.299479	0.337485	0.507392	0.337485
Sq = 	-7.44153e-18	0.400968	0.581314	0.400968	0.400969	0.581314	0.68664	0.581314	0.581314	0.68664	2.35396	0.68664	0.400969	0.581314	0.68664	0.581314
32 rounds of non-Gaussian ED iteration : ground-state energy is -35.1503 | electron energy -35.2239 + phonon energy 0.0736085 | electron momentum kIdx = 0
Nq = 	16	0.299479	0.337485	0.299479	0.299479	0.337485	0.507392	0.337485	0.337485	0.507392	0.555334	0.507392	0.299479	0.337485	0.507392	0.337485
Sq = 	9.51413e-18	0.400968	0.581314	0.400968	0.400968	0.581314	0.68664	0.581314	0.581314	0.68664	2.35396	0.68664	0.400968	0.581314	0.68664	0.581314
33 rounds of non-Gaussian ED iteration : ground-state energy is -35.1507 | electron energy -35.2243 + phonon energy 0.0736142 | electron momentum kIdx = 0
Nq = 	16	0.29948	0.337485	0.29948	0.29948	0.337485	0.507393	0.337485	0.337485	0.507393	0.555335	0.507393	0.29948	0.337485	0.507393	0.337485
Sq = 	-1.06062e-17	0.400968	0.581314	0.400968	0.400968	0.581314	0.686639	0.581314	0.581314	0.686639	2.35395	0.686639	0.400968	0.581314	0.686639	0.581314
34 rounds of non-Gaussian ED iteration : ground-state energy is -35.1511 | electron energy -35.2247 + phonon energy 0.0736191 | electron momentum kIdx = 0
Nq = 	16	0.299481	0.337485	0.299481	0.299481	0.337485	0.507393	0.337485	0.337485	0.507393	0.555335	0.507393	0.299481	0.337485	0.507393	0.337485
Sq = 	2.52691e-18	0.400968	0.581314	0.400968	0.400968	0.581314	0.686639	0.581314	0.581314	0.686639	2.35395	0.686639	0.400968	0.581314	0.686639	0.581314
35 rounds of non-Gaussian ED iteration : ground-state energy is -35.1514 | electron energy -35.225 + phonon energy 0.0736234 | electron momentum kIdx = 0
Nq = 	16	0.299481	0.337485	0.299481	0.299481	0.337485	0.507393	0.337485	0.337485	0.507393	0.555335	0.507393	0.299481	0.337485	0.507393	0.337485
Sq = 	1.18579e-18	0.400968	0.581313	0.400968	0.400968	0.581313	0.686639	0.581313	0.581313	0.686639	2.35395	0.686639	0.400968	0.581313	0.686639	0.581313
36 rounds of non-Gaussian ED iteration : ground-state energy is -35.1516 | electron energy -35.2252 + phonon energy 0.073627 | electron momentum kIdx = 0
Nq = 	16	0.299481	0.337485	0.299481	0.299481	0.337485	0.507393	0.337485	0.337485	0.507393	0.555336	0.507393	0.299481	0.337485	0.507393	0.337485
Sq = 	7.32657e-19	0.400968	0.581313	0.400968	0.400968	0.581313	0.686639	0.581313	0.581313	0.686639	2.35395	0.686639	0.400968	0.581313	0.686639	0.581313
37 rounds of non-Gaussian ED iteration : ground-state energy is -35.1518 | electron energy -35.2254 + phonon energy 0.0736301 | electron momentum kIdx = 0
Nq = 	16	0.299482	0.337485	0.299482	0.299482	0.337485	0.507394	0.337485	0.337485	0.507394	0.555336	0.507394	0.299482	0.337485	0.507394	0.337485
Sq = 	4.58655e-18	0.400968	0.581313	0.400968	0.400968	0.581313	0.686639	0.581313	0.581313	0.686639	2.35395	0.686639	0.400968	0.581313	0.686639	0.581313
38 rounds of non-Gaussian ED iteration : ground-state energy is -35.152 | electron energy -35.2256 + phonon energy 0.0736328 | electron momentum kIdx = 0
Nq = 	16	0.299482	0.337485	0.299482	0.299482	0.337485	0.507394	0.337485	0.337485	0.507394	0.555336	0.507394	0.299482	0.337485	0.507394	0.337485
Sq = 	2.11048e-18	0.400968	0.581313	0.400968	0.400968	0.581313	0.686639	0.581313	0.581313	0.686638	2.35394	0.686638	0.400968	0.581313	0.686639	0.581313
39 rounds of non-Gaussian ED iteration : ground-state energy is -35.1521 | electron energy -35.2257 + phonon energy 0.0736351 | electron momentum kIdx = 0
Nq = 	16	0.299482	0.337485	0.299482	0.299482	0.337485	0.507394	0.337485	0.337485	0.507394	0.555336	0.507394	0.299482	0.337485	0.507394	0.337485
