SNEDics v3.21.4 Non-Gaussian ED ground state program		Start at Tue Jul 27 08:45:56 2021

parallized on 32 MPI threads  * 8 OpenMP threads = 256 total threads.
********************************************************************************************************************
********************************************************************************************************************

********************************************************************************************************************
System parameters and configurations
	special program options are enabled: splitted diagonal Hamiltonian | splitted Hamiltonian terms
********************************************************************************************************************
Read input file "model_params.in"
	Hubbard-Holstein model parameters : 	t = 1    U = 8    g = 0.13    W = 0.2    g' = 0.02    
********************************************************************************************************************
Read input file "hilbertspace_params.in"
	Requested 16-site 2D lattice, with 14 electrons (7, 7)
	Boundary : Periodic		Hilbert space representation : momentum-space (restricted to kIdx = 0)
	Conservation: particle number[U(1)]      spin[U(1)]     momentum
********************************************************************************************************************

Cluster Positions:				Cluster symmetry group : D4
 x ... x ... x ... x .....                       x ... x ... x ... x .....
 |           |           :                       |           |           :
 |           |           :                       |           |           :
12    13    14    15     x                       1     5     6     5     x
 |           |           :                       |           |           :
 |           |           :                       |           |           :
 8 --- 9 ---10 ---11 --- x                       2 --- 6 ---10 --- 6 --- x
 |           |           :                       |           |           :
 |           |           :                       |           |           :
 4     5     6     7     x                       1     5     6     5     x
 |           |           :                       |           |           :
 |           |           :                       |           |           :
 0 --- 1 --- 2 --- 3 --- x                       0 --- 1 --- 2 --- 1 --- x
orbital number : 1
********************************************************************************************************************
Read input file "obs_params.in"
	Observable Type : Nq(All),   Sq(All),   N(All),   Delta[s](All),   Delta[d](All),   Delta[s+](All)
** WARNING ** the input observables have non-local factors which have been reinterpreted. The total observable number is 96
********************************************************************************************************************


********************************************************************************************************************
Start calculating the non-Gaussian ED ground state
Maximal iteration number is 1000; energy resolution is 1e-06. Phonon state relaxation time is 2000
W = 0.2 is relatively large. The non-Gaussian ED calculation starts directly.
open output files: NGSED_iteration_obserbles.txt
********************************************************************************************************************
Start the 0 rounds of NGS-ED iteration
	effective electronic model is modified as: kinetic energy t = 1
	                                           effective interaction Vq = [0,0,0,0,0,0,0,0,0,0,0,0,0,0,0,0]
	first Hamiltonian is constructed, size = 8179600 and non-zero numbers = 2178478298
	PARPACK diagonalization completed after 180 matrix-vector product operations.
	iteration results: : total energy is -11.868836 | electron energy -11.868836 + phonon energy 0.000000 | electron momentum kIdx = 0
	Nq(0) = 12.25,	Nq(1) = 0.154193,	Nq(2) = 0.185311,	Nq(3) = 0.154193,	Nq(4) = 0.154193,	Nq(5) = 0.203281,	
	Nq(6) = 0.235634,	Nq(7) = 0.203281,	Nq(8) = 0.185311,	Nq(9) = 0.235634,	Nq(10) = 0.275446,	
	Nq(11) = 0.235634,	Nq(12) = 0.154193,	Nq(13) = 0.203281,	Nq(14) = 0.235634,	Nq(15) = 0.203281;	
	Sq(0) = -1.83137e-18,	Sq(1) = 0.474292,	Sq(2) = 0.766364,	Sq(3) = 0.474292,	Sq(4) = 0.474292,	
	Sq(5) = 0.630724,	Sq(6) = 1.05279,	Sq(7) = 0.630724,	Sq(8) = 0.766364,	Sq(9) = 1.05279,	
	Sq(10) = 2.56755,	Sq(11) = 1.05279,	Sq(12) = 0.474292,	Sq(13) = 0.630724,	Sq(14) = 1.05279,	
	Sq(15) = 0.630724;	N(0) = 1.75464,	N(1) = 1.59086,	N(2) = 0.323321,	N(3) = 1.59086,	
	N(4) = 1.59086,	N(5) = 0.999881,	N(6) = 0.267546,	N(7) = 0.999881,	N(8) = 0.323321,	
	N(9) = 0.267546,	N(10) = 0.165565,	N(11) = 0.267546,	N(12) = 1.59086,	N(13) = 0.999881,	
	N(14) = 0.267546,	N(15) = 0.999881;	Delta[s](0) = 0.079317,	Delta[s](1) = 0.0592502,	Delta[s](2) = 0.0354031,	
	Delta[s](3) = 0.0592502,	Delta[s](4) = 0.0592502,	Delta[s](5) = 0.0422999,	Delta[s](6) = 0.0194599,	Delta[s](7) = 0.0422999,	
	Delta[s](8) = 0.0354031,	Delta[s](9) = 0.0194599,	Delta[s](10) = 8.68938e-05,	Delta[s](11) = 0.0194599,	Delta[s](12) = 0.0592502,	
	Delta[s](13) = 0.0422999,	Delta[s](14) = 0.0194599,	Delta[s](15) = 0.0422999;	Delta[d](0) = 0.275957,	Delta[d](1) = 0.189677,	
	Delta[d](2) = 0.199493,	Delta[d](3) = 0.189677,	Delta[d](4) = 0.189677,	Delta[d](5) = 0.176428,	Delta[d](6) = 0.13233,	
	Delta[d](7) = 0.176428,	Delta[d](8) = 0.199493,	Delta[d](9) = 0.13233,	Delta[d](10) = 0.0533553,	Delta[d](11) = 0.13233,	
	Delta[d](12) = 0.189677,	Delta[d](13) = 0.176428,	Delta[d](14) = 0.13233,	Delta[d](15) = 0.176428;	Delta[s+](0) = 0.559666,	
	Delta[s+](1) = 0.416715,	Delta[s+](2) = 0.199493,	Delta[s+](3) = 0.416715,	Delta[s+](4) = 0.416715,	Delta[s+](5) = 0.29122,	
	Delta[s+](6) = 0.12599,	Delta[s+](7) = 0.29122,	Delta[s+](8) = 0.199493,	Delta[s+](9) = 0.12599,	Delta[s+](10) = 0.0381442,	
	Delta[s+](11) = 0.12599,	Delta[s+](12) = 0.416715,	Delta[s+](13) = 0.29122,	Delta[s+](14) = 0.12599,	Delta[s+](15) = 0.29122
	
The 0-th iteration is completed.	|| time cost : 0h 4m 42.993s
********************************************************************************************************************
Start the 1 rounds of NGS-ED iteration
	effective electronic model is modified as: kinetic energy t = 0.999449
	                                           effective interaction Vq = [     -0.2205,  -0.0156437, -0.00564878,  -0.0156437,  -0.0156437,  -0.0061721, -0.00230748,  -0.0061721, -0.00564878, -0.00230748,-0.000626619, -0.00230748,  -0.0156437,  -0.0061721, -0.00230748,  -0.0061721]
	PARPACK diagonalization completed after 45 matrix-vector product operations.
	iteration results: : total energy is -14.579700 | electron energy -14.579739 + phonon energy 0.000039 | electron momentum kIdx = 0
The 1-th iteration is completed.	|| time cost : 0h 2m 55.526s
********************************************************************************************************************
Start the 2 rounds of NGS-ED iteration
	effective electronic model is modified as: kinetic energy t = 0.999449
	                                           effective interaction Vq = [     -0.2205,  -0.0156555, -0.00564911,  -0.0156555,  -0.0156555, -0.00617253, -0.00230728, -0.00617253, -0.00564911, -0.00230728,-0.000626536, -0.00230728,  -0.0156555, -0.00617253, -0.00230728, -0.00617253]
	PARPACK diagonalization completed after 30 matrix-vector product operations.
	iteration results: : total energy is -14.579700 | electron energy -14.579739 + phonon energy 0.000039 | electron momentum kIdx = 0
The 2-th iteration is completed.	|| time cost : 0h 0m 21.892s
********************************************************************************************************************
Start the 3 rounds of NGS-ED iteration
	effective electronic model is modified as: kinetic energy t = 0.999449
	                                           effective interaction Vq = [     -0.2205,  -0.0156555, -0.00564911,  -0.0156555,  -0.0156555, -0.00617253, -0.00230728, -0.00617253, -0.00564911, -0.00230728,-0.000626536, -0.00230728,  -0.0156555, -0.00617253, -0.00230728, -0.00617253]
	PARPACK diagonalization completed after 30 matrix-vector product operations.
	iteration results: : total energy is -14.579700 | electron energy -14.579739 + phonon energy 0.000039 | electron momentum kIdx = 0
	Nq(0) = 12.25,	Nq(1) = 0.154373,	Nq(2) = 0.18539,	Nq(3) = 0.154373,	Nq(4) = 0.154373,	Nq(5) = 0.20337,	
	Nq(6) = 0.235699,	Nq(7) = 0.20337,	Nq(8) = 0.18539,	Nq(9) = 0.235699,	Nq(10) = 0.275509,	
	Nq(11) = 0.235699,	Nq(12) = 0.154373,	Nq(13) = 0.20337,	Nq(14) = 0.235699,	Nq(15) = 0.20337;	
	Sq(0) = -1.10371e-18,	Sq(1) = 0.474166,	Sq(2) = 0.766231,	Sq(3) = 0.474166,	Sq(4) = 0.474166,	
	Sq(5) = 0.630635,	Sq(6) = 1.05271,	Sq(7) = 0.630635,	Sq(8) = 0.766231,	Sq(9) = 1.05271,	
	Sq(10) = 2.56742,	Sq(11) = 1.05271,	Sq(12) = 0.474166,	Sq(13) = 0.630635,	Sq(14) = 1.05271,	
	Sq(15) = 0.630635;	N(0) = 1.7549,	N(1) = 1.59124,	N(2) = 0.323004,	N(3) = 1.59124,	
	N(4) = 1.59124,	N(5) = 0.999835,	N(6) = 0.267329,	N(7) = 0.999835,	N(8) = 0.323004,	
	N(9) = 0.267329,	N(10) = 0.165462,	N(11) = 0.267329,	N(12) = 1.59124,	N(13) = 0.999835,	
	N(14) = 0.267329,	N(15) = 0.999835;	Delta[s](0) = 0.0794089,	Delta[s](1) = 0.0593208,	Delta[s](2) = 0.0354425,	
	Delta[s](3) = 0.0593208,	Delta[s](4) = 0.0593208,	Delta[s](5) = 0.0423564,	Delta[s](6) = 0.019485,	Delta[s](7) = 0.0423564,	
	Delta[s](8) = 0.0354425,	Delta[s](9) = 0.019485,	Delta[s](10) = 8.70926e-05,	Delta[s](11) = 0.019485,	Delta[s](12) = 0.0593208,	
	Delta[s](13) = 0.0423564,	Delta[s](14) = 0.019485,	Delta[s](15) = 0.0423564;	Delta[d](0) = 0.276229,	Delta[d](1) = 0.189643,	
	Delta[d](2) = 0.199471,	Delta[d](3) = 0.189643,	Delta[d](4) = 0.189643,	Delta[d](5) = 0.176398,	Delta[d](6) = 0.132281,	
	Delta[d](7) = 0.176398,	Delta[d](8) = 0.199471,	Delta[d](9) = 0.132281,	Delta[d](10) = 0.0533417,	Delta[d](11) = 0.132281,	
	Delta[d](12) = 0.189643,	Delta[d](13) = 0.176398,	Delta[d](14) = 0.132281,	Delta[d](15) = 0.176398;	Delta[s+](0) = 0.559761,	
	Delta[s+](1) = 0.416772,	Delta[s+](2) = 0.199471,	Delta[s+](3) = 0.416772,	Delta[s+](4) = 0.416772,	Delta[s+](5) = 0.29123,	
	Delta[s+](6) = 0.125955,	Delta[s+](7) = 0.29123,	Delta[s+](8) = 0.199471,	Delta[s+](9) = 0.125955,	Delta[s+](10) = 0.0381159,	
	Delta[s+](11) = 0.125955,	Delta[s+](12) = 0.416772,	Delta[s+](13) = 0.29123,	Delta[s+](14) = 0.125955,	Delta[s+](15) = 0.29123
	
The 3-th iteration is completed.	|| time cost : 0h 3m 7.083s
********************************************************************************************************************
********************************************************************************************************************
Ground state is obtained after 4 iterations. The current ground-state energy is -14.5797, in which electron energy is -14.5797 and phonon energy is 3.92562e-05
Final variational state is: 
	Gamma_x = [      1,1.01181,1.00516,1.01181,1.01181,1.00618,1.00268,1.00618,1.00516,1.00268,1.00085,1.00268,1.01181,1.00618,1.00268,1.00618]
	lambda_q = [     1.05,0.0473653,0.0221031,0.0473653,0.0473653,0.0241907,0.0130062,0.0241907,0.0221031,0.0130062,0.0063459,0.0130062,0.0473653,0.0241907,0.0130062,0.0241907]
Effective e-e interactions mediated by phonons are:
	momentum-space Vq = [     -0.2205,  -0.0156555, -0.00564911,  -0.0156555,  -0.0156555, -0.00617253, -0.00230728, -0.00617253, -0.00564911, -0.00230728,-0.000626536, -0.00230728,  -0.0156555, -0.00617253, -0.00230728, -0.00617253]
	real-space Vr = [-0.0205604,-0.0154106,-0.0129834,-0.0154106,-0.0154106,-0.0131143,-0.0120736,-0.0131143,-0.0129834,-0.0120736, -0.011579,-0.0120736,-0.0154106,-0.0131143,-0.0120736,-0.0131143]
********************************************************************************************************************
o___o  ----------------------------------------
| L |	Time since last clock: 0h 0m 0.025s
A===A	Time since the beginning: 0h 11m 7.521s
***********************************************


Non-Gaussina ED ground state calculation is completed. The final ground-state energy is -14.5797
********************************************************************************************************************
o___o  ----------------------------------------
| L |	Time since last clock: 0h 0m 0.008s
A===A	Time since the beginning: 0h 11m 7.529s
***********************************************



********************************************************************************************************************
All non-Gaussian ED ground state calculations have been completed. Exit now.
