SNEDics v3.4 Non-Gaussian ED ground state program		Start at Tue Oct  1 14:55:08 2019

parallized on 16 MPI threads  * 8 OpenMP threads = 128 total threads.
********************************************************************************************************************
********************************************************************************************************************

********************************************************************************************************************
System parameters and configurations
********************************************************************************************************************
Special program options are enabled: splitted diagonal Hamiltonian
********************************************************************************************************************
Read input file "model_params.in"
	Hubbard-Holstein model parameters : 	t = 1    U = 8.05    g = 4.7434    W = 5    
********************************************************************************************************************
Read input file "hilbertspace_params.in"
	Requested 16-site 2D lattice, with 16 electrons (8, 8)
	Boundary : Periodic		Hilbert space representation : momentum-space (restricted to kIdx = 0)
	Conservation: particle number[U(1)]      spin[U(1)]     momentum
********************************************************************************************************************

Cluster Positions:				Cluster symmetry group : D4
 x ... x ... x ... x .....                       x ... x ... x ... x .....
 |           |           :                       |           |           :
 |           |           :                       |           |           :
12    13    14    15     x                       1     5     6     5     x
 |           |           :                       |           |           :
 |           |           :                       |           |           :
 8 --- 9 ---10 ---11 --- x                       2 --- 6 ---10 --- 6 --- x
 |           |           :                       |           |           :
 |           |           :                       |           |           :
 4     5     6     7     x                       1     5     6     5     x
 |           |           :                       |           |           :
 |           |           :                       |           |           :
 0 --- 1 --- 2 --- 3 --- x                       0 --- 1 --- 2 --- 1 --- x
orbital number : 1
********************************************************************************************************************
Read input file "obs_params.in"
	Observable Type : Nq(All),   Sq(All),   N(All),   Delta[s](All),   Delta[d](All),   Delta[s+](All)
********************************************************************************************************************
** WARNING ** the input observables have non-local factors which have been reinterpreted. The total observable number is 96
********************************************************************************************************************


********************************************************************************************************************
Start calculating the non-Gaussian ED ground state
** WARNING ** Detected low phonon energy W < 10. The initial state will be prepared through a warm-up process.
********************************************************************************************************************
Start warm-up calculation for scaling factor 2
open output files: NGSEDWarmUpW10Obs.txt
********************************************************************************************************************
Start the 0 rounds of NGS-ED iteration
	effective electronic model is modified as: kinetic energy t = 1
	                                           effective interaction Vq = [-0,-0,-0,-0,-0,-0,-0,-0,-0,-0,-0,-0,-0,-0,-0,-0]
	first Hamiltonian is constructed, non-zero numbers = 2845383612
	PARPACK diagonalization completed after 105 matrix-vector product operations.
	iteration results: : total energy is -8.426279 | electron energy -8.426279 + phonon energy 0.000000 | electron momentum kIdx = 0
	Nq(0) = 16,	Nq(1) = 0.0618411,	Nq(2) = 0.108892,	Nq(3) = 0.0618411,	Nq(4) = 0.0618411,	Nq(5) = 0.108892,	Nq(6) = 0.151101,	Nq(7) = 0.108892,	Nq(8) = 0.108892,	Nq(9) = 0.151101,	Nq(10) = 0.190874,	Nq(11) = 0.151101,	Nq(12) = 0.0618411,	Nq(13) = 0.108892,	Nq(14) = 0.151101,	Nq(15) = 0.108892,	Sq(0) = 4.31882e-19,	Sq(1) = 0.412576,	Sq(2) = 0.641468,	Sq(3) = 0.412576,	Sq(4) = 0.412576,	Sq(5) = 0.641468,	Sq(6) = 0.940224,	Sq(7) = 0.641468,	Sq(8) = 0.641468,	Sq(9) = 0.940224,	Sq(10) = 5.04399,	Sq(11) = 0.940224,	Sq(12) = 0.412576,	Sq(13) = 0.641468,	Sq(14) = 0.940224,	Sq(15) = 0.641468,	N(0) = 1.7733,	N(1) = 1.56664,	N(2) = 1,	N(3) = 1.56664,	N(4) = 1.56664,	N(5) = 1,	N(6) = 0.433357,	N(7) = 1,	N(8) = 1,	N(9) = 0.433357,	N(10) = 0.226702,	N(11) = 0.433357,	N(12) = 1.56664,	N(13) = 1,	N(14) = 0.433357,	N(15) = 1,	Delta[s](0) = 0.0822218,	Delta[s](1) = 0.0685201,	Delta[s](2) = 0.0539859,	Delta[s](3) = 0.0685201,	Delta[s](4) = 0.0685201,	Delta[s](5) = 0.0539859,	Delta[s](6) = 0.0378001,	Delta[s](7) = 0.0539859,	Delta[s](8) = 0.0539859,	Delta[s](9) = 0.0378001,	Delta[s](10) = 0.0165806,	Delta[s](11) = 0.0378001,	Delta[s](12) = 0.0685201,	Delta[s](13) = 0.0539859,	Delta[s](14) = 0.0378001,	Delta[s](15) = 0.0539859,	Delta[d](0) = 0.591279,	Delta[d](1) = 0.455465,	Delta[d](2) = 0.345073,	Delta[d](3) = 0.455465,	Delta[d](4) = 0.455465,	Delta[d](5) = 0.351235,	Delta[d](6) = 0.243994,	Delta[d](7) = 0.351235,	Delta[d](8) = 0.345073,	Delta[d](9) = 0.243994,	Delta[d](10) = 0.126299,	Delta[d](11) = 0.243994,	Delta[d](12) = 0.455465,	Delta[d](13) = 0.351235,	Delta[d](14) = 0.243994,	Delta[d](15) = 0.351235,	Delta[s+](0) = 0.61576,	Delta[s+](1) = 0.487535,	Delta[s+](2) = 0.345073,	Delta[s+](3) = 0.487535,	Delta[s+](4) = 0.487535,	Delta[s+](5) = 0.345073,	Delta[s+](6) = 0.204707,	Delta[s+](7) = 0.345073,	Delta[s+](8) = 0.345073,	Delta[s+](9) = 0.204707,	Delta[s+](10) = 0.078894,	Delta[s+](11) = 0.204707,	Delta[s+](12) = 0.487535,	Delta[s+](13) = 0.345073,	Delta[s+](14) = 0.204707,	Delta[s+](15) = 0.345073
The 0-th iteration is completed.	|| time cost : 0h 8m 22.926s
********************************************************************************************************************
Start the 1 rounds of NGS-ED iteration
	effective electronic model is modified as: kinetic energy t = 0.910763
	                                           effective interaction Vq = [-3.89096,-3.27392,-3.19856,-3.27392,-3.27392,-3.19856,-3.14961,-3.19856,-3.19856,-3.14961,-3.11472,-3.14961,-3.27392,-3.19856,-3.14961,-3.19856]
	PARPACK diagonalization completed after 60 matrix-vector product operations.
	iteration results: : total energy is -79.044979 | electron energy -79.049389 + phonon energy 0.004410 | electron momentum kIdx = 0
The 1-th iteration is completed.	|| time cost : 0h 7m 49.544s
********************************************************************************************************************
Start the 2 rounds of NGS-ED iteration
	effective electronic model is modified as: kinetic energy t = 0.827529
	                                           effective interaction Vq = [-4.41755,-4.13324,-3.98381,-4.13324,-4.13324,-3.98381, -3.9663,-3.98381,-3.98381, -3.9663,-3.89821, -3.9663,-4.13324,-3.98381, -3.9663,-3.98381]
	PARPACK diagonalization completed after 60 matrix-vector product operations.
	iteration results: : total energy is -90.329703 | electron energy -90.392240 + phonon energy 0.062537 | electron momentum kIdx = 0
The 2-th iteration is completed.	|| time cost : 0h 0m 36.687s
********************************************************************************************************************
Start the 3 rounds of NGS-ED iteration
	effective electronic model is modified as: kinetic energy t = 0.787525
	                                           effective interaction Vq = [-4.48881,-4.35927,-4.19333,-4.35927,-4.35927,-4.19333,-4.22269,-4.19333,-4.19333,-4.22269, -4.1232,-4.22269,-4.35927,-4.19333,-4.22269,-4.19333]
	PARPACK diagonalization completed after 75 matrix-vector product operations.
	iteration results: : total energy is -92.446542 | electron energy -92.573384 + phonon energy 0.126842 | electron momentum kIdx = 0
The 3-th iteration is completed.	|| time cost : 0h 0m 41.415s
********************************************************************************************************************
Start the 4 rounds of NGS-ED iteration
	effective electronic model is modified as: kinetic energy t = 0.756844
	                                           effective interaction Vq = [-4.49846,-4.41937,-4.37107,-4.41937,-4.41937,-4.37107, -4.3068,-4.37107,-4.37107, -4.3068,-4.28702, -4.3068,-4.41937,-4.37107, -4.3068,-4.37107]
	PARPACK diagonalization completed after 60 matrix-vector product operations.
	iteration results: : total energy is -93.087503 | electron energy -93.258071 + phonon energy 0.170567 | electron momentum kIdx = 0
The 4-th iteration is completed.	|| time cost : 0h 0m 36.994s
********************************************************************************************************************
Start the 5 rounds of NGS-ED iteration
	effective electronic model is modified as: kinetic energy t = 0.745483
	                                           effective interaction Vq = [-4.49976,-4.43512,-4.41828,-4.43512,-4.43512,-4.41828,-4.33199,-4.41828,-4.41828,-4.33199,-4.34253,-4.33199,-4.43512,-4.41828,-4.33199,-4.41828]
	PARPACK diagonalization completed after 45 matrix-vector product operations.
	iteration results: : total energy is -93.178504 | electron energy -93.372321 + phonon energy 0.193818 | electron momentum kIdx = 0
The 5-th iteration is completed.	|| time cost : 0h 0m 32.064s
********************************************************************************************************************
Start the 6 rounds of NGS-ED iteration
	effective electronic model is modified as: kinetic energy t = 0.741313
	                                           effective interaction Vq = [-4.49994,-4.43989, -4.4327,-4.43989,-4.43989, -4.4327,-4.34042, -4.4327, -4.4327,-4.34042, -4.3639,-4.34042,-4.43989, -4.4327,-4.34042, -4.4327]
	PARPACK diagonalization completed after 45 matrix-vector product operations.
	iteration results: : total energy is -93.190946 | electron energy -93.394360 + phonon energy 0.203414 | electron momentum kIdx = 0
The 6-th iteration is completed.	|| time cost : 0h 0m 31.98s
********************************************************************************************************************
Start the 7 rounds of NGS-ED iteration
	effective electronic model is modified as: kinetic energy t = 0.739778
	                                           effective interaction Vq = [-4.49996,-4.44143,-4.43744,-4.44143,-4.44143,-4.43744,-4.34339,-4.43744,-4.43744,-4.34339,-4.37297,-4.34339,-4.44143,-4.43744,-4.34339,-4.43744]
	PARPACK diagonalization completed after 45 matrix-vector product operations.
	iteration results: : total energy is -93.192656 | electron energy -93.399795 + phonon energy 0.207139 | electron momentum kIdx = 0
The 7-th iteration is completed.	|| time cost : 0h 0m 32.29s
********************************************************************************************************************
Start the 8 rounds of NGS-ED iteration
	effective electronic model is modified as: kinetic energy t = 0.739205
	                                           effective interaction Vq = [-4.49997,-4.44194,-4.43902,-4.44194,-4.44194,-4.43902,-4.34447,-4.43902,-4.43902,-4.34447,-4.37715,-4.34447,-4.44194,-4.43902,-4.34447,-4.43902]
	PARPACK diagonalization completed after 45 matrix-vector product operations.
	iteration results: : total energy is -93.192904 | electron energy -93.401484 + phonon energy 0.208580 | electron momentum kIdx = 0
The 8-th iteration is completed.	|| time cost : 0h 0m 32.046s
********************************************************************************************************************
Start the 9 rounds of NGS-ED iteration
	effective electronic model is modified as: kinetic energy t = 0.738985
	                                           effective interaction Vq = [-4.49997,-4.44212,-4.43954,-4.44212,-4.44212,-4.43954,-4.34486,-4.43954,-4.43954,-4.34486,-4.37922,-4.34486,-4.44212,-4.43954,-4.34486,-4.43954]
	PARPACK diagonalization completed after 45 matrix-vector product operations.
	iteration results: : total energy is -93.192944 | electron energy -93.402095 + phonon energy 0.209150 | electron momentum kIdx = 0
The 9-th iteration is completed.	|| time cost : 0h 0m 32.091s
********************************************************************************************************************
Start the 10 rounds of NGS-ED iteration
	effective electronic model is modified as: kinetic energy t = 0.738898
	                                           effective interaction Vq = [-4.49997,-4.44218, -4.4397,-4.44218,-4.44218, -4.4397,-4.34501, -4.4397, -4.4397,-4.34501, -4.3803,-4.34501,-4.44218, -4.4397,-4.34501, -4.4397]
	PARPACK diagonalization completed after 30 matrix-vector product operations.
	iteration results: : total energy is -93.192953 | electron energy -93.402339 + phonon energy 0.209386 | electron momentum kIdx = 0
	Nq(0) = 16,	Nq(1) = 0.413862,	Nq(2) = 0.781121,	Nq(3) = 0.413862,	Nq(4) = 0.413862,	Nq(5) = 0.781121,	Nq(6) = 0.660944,	Nq(7) = 0.781121,	Nq(8) = 0.781121,	Nq(9) = 0.660944,	Nq(10) = 1.00127,	Nq(11) = 0.660944,	Nq(12) = 0.413862,	Nq(13) = 0.781121,	Nq(14) = 0.660944,	Nq(15) = 0.781121,	Sq(0) = 7.09071e-18,	Sq(1) = 0.308253,	Sq(2) = 0.347717,	Sq(3) = 0.308253,	Sq(4) = 0.308253,	Sq(5) = 0.347717,	Sq(6) = 0.530025,	Sq(7) = 0.347717,	Sq(8) = 0.347717,	Sq(9) = 0.530025,	Sq(10) = 0.573371,	Sq(11) = 0.530025,	Sq(12) = 0.308253,	Sq(13) = 0.347717,	Sq(14) = 0.530025,	Sq(15) = 0.347717,	N(0) = 1.9955,	N(1) = 1.98815,	N(2) = 1,	N(3) = 1.98815,	N(4) = 1.98815,	N(5) = 1,	N(6) = 0.0118498,	N(7) = 1,	N(8) = 1,	N(9) = 0.0118498,	N(10) = 0.00449948,	N(11) = 0.0118498,	N(12) = 1.98815,	N(13) = 1,	N(14) = 0.0118498,	N(15) = 1,	Delta[s](0) = 0.588533,	Delta[s](1) = 0.320743,	Delta[s](2) = 0.292474,	Delta[s](3) = 0.320743,	Delta[s](4) = 0.320743,	Delta[s](5) = 0.292474,	Delta[s](6) = 0.276749,	Delta[s](7) = 0.292474,	Delta[s](8) = 0.292474,	Delta[s](9) = 0.276749,	Delta[s](10) = 0.260268,	Delta[s](11) = 0.276749,	Delta[s](12) = 0.320743,	Delta[s](13) = 0.292474,	Delta[s](14) = 0.276749,	Delta[s](15) = 0.292474,	Delta[d](0) = 0.331301,	Delta[d](1) = 0.284497,	Delta[d](2) = 0.261096,	Delta[d](3) = 0.284497,	Delta[d](4) = 0.284497,	Delta[d](5) = 0.258987,	Delta[d](6) = 0.247357,	Delta[d](7) = 0.258987,	Delta[d](8) = 0.261096,	Delta[d](9) = 0.247357,	Delta[d](10) = 0.187007,	Delta[d](11) = 0.247357,	Delta[d](12) = 0.284497,	Delta[d](13) = 0.258987,	Delta[d](14) = 0.247357,	Delta[d](15) = 0.258987,	Delta[s+](0) = 0.448868,	Delta[s+](1) = 0.3728,	Delta[s+](2) = 0.261096,	Delta[s+](3) = 0.3728,	Delta[s+](4) = 0.3728,	Delta[s+](5) = 0.261096,	Delta[s+](6) = 0.144069,	Delta[s+](7) = 0.261096,	Delta[s+](8) = 0.261096,	Delta[s+](9) = 0.144069,	Delta[s+](10) = 0.0636431,	Delta[s+](11) = 0.144069,	Delta[s+](12) = 0.3728,	Delta[s+](13) = 0.261096,	Delta[s+](14) = 0.144069,	Delta[s+](15) = 0.261096
The 10-th iteration is completed.	|| time cost : 0h 4m 27.592s
********************************************************************************************************************
********************************************************************************************************************
Ground state is obtained after 11 iterations. The current ground-state energy is -93.193, in which electron energy is -93.4023 and phonon energy is 0.209386
final variational state is: 
	Gamma_x = [      1,1.03812,1.07449,1.03812,1.03812,1.07449,1.09391,1.07449,1.07449,1.09391,1.13005,1.09391,1.03812,1.07449,1.09391,1.07449]
	lambda_q = [0.670807,0.594812,0.593208,0.594812,0.594812,0.593208,0.546361,0.593208,0.593208,0.546361,0.561696,0.546361,0.594812,0.593208,0.546361,0.593208]
********************************************************************************************************************
o___o  ----------------------------------------
| L |	Time since last clock: 0h 0m 0s
A===A	Time since the beginning: 0h 25m 15.635s
***********************************************


********************************************************************************************************************
Warm up runs have been completed. Start calculating W = 5 phonon.
open output files: NGSEDIterationObs.txt
********************************************************************************************************************
Start the 0 rounds of NGS-ED iteration
	effective electronic model is modified as: kinetic energy t = 0.738862
	                                           effective interaction Vq = [ -4.1139,-3.87386,-3.86817,-3.87386,-3.87386,-3.86817,-3.69066,-3.86817,-3.86817,-3.69066,-3.75118,-3.69066,-3.87386,-3.86817,-3.69066,-3.86817]
	PARPACK diagonalization completed after 75 matrix-vector product operations.
	iteration results: : total energy is -81.944785 | electron energy -82.049529 + phonon energy 0.104745 | electron momentum kIdx = 0
	Nq(0) = 16,	Nq(1) = 0.338095,	Nq(2) = 0.366068,	Nq(3) = 0.338095,	Nq(4) = 0.338095,	Nq(5) = 0.366068,	Nq(6) = 0.539103,	Nq(7) = 0.366068,	Nq(8) = 0.366068,	Nq(9) = 0.539103,	Nq(10) = 0.585702,	Nq(11) = 0.539103,	Nq(12) = 0.338095,	Nq(13) = 0.366068,	Nq(14) = 0.539103,	Nq(15) = 0.366068,	Sq(0) = -1.29903e-17,	Sq(1) = 0.392263,	Sq(2) = 0.564987,	Sq(3) = 0.392263,	Sq(4) = 0.392263,	Sq(5) = 0.564987,	Sq(6) = 0.657948,	Sq(7) = 0.564987,	Sq(8) = 0.564987,	Sq(9) = 0.657948,	Sq(10) = 2.11834,	Sq(11) = 0.657948,	Sq(12) = 0.392263,	Sq(13) = 0.564987,	Sq(14) = 0.657948,	Sq(15) = 0.564987,	N(0) = 1.99788,	N(1) = 1.99469,	N(2) = 1,	N(3) = 1.99469,	N(4) = 1.99469,	N(5) = 1,	N(6) = 0.005313,	N(7) = 1,	N(8) = 1,	N(9) = 0.005313,	N(10) = 0.00212315,	N(11) = 0.005313,	N(12) = 1.99469,	N(13) = 1,	N(14) = 0.005313,	N(15) = 1,	Delta[s](0) = 0.225698,	Delta[s](1) = 0.218995,	Delta[s](2) = 0.192422,	Delta[s](3) = 0.218995,	Delta[s](4) = 0.218995,	Delta[s](5) = 0.192422,	Delta[s](6) = 0.186383,	Delta[s](7) = 0.192422,	Delta[s](8) = 0.192422,	Delta[s](9) = 0.186383,	Delta[s](10) = 0.143706,	Delta[s](11) = 0.186383,	Delta[s](12) = 0.218995,	Delta[s](13) = 0.192422,	Delta[s](14) = 0.186383,	Delta[s](15) = 0.192422,	Delta[d](0) = 0.535152,	Delta[d](1) = 0.350047,	Delta[d](2) = 0.303597,	Delta[d](3) = 0.350047,	Delta[d](4) = 0.350047,	Delta[d](5) = 0.344383,	Delta[d](6) = 0.268514,	Delta[d](7) = 0.344383,	Delta[d](8) = 0.303597,	Delta[d](9) = 0.268514,	Delta[d](10) = 0.158142,	Delta[d](11) = 0.268514,	Delta[d](12) = 0.350047,	Delta[d](13) = 0.344383,	Delta[d](14) = 0.268514,	Delta[d](15) = 0.344383,	Delta[s+](0) = 0.53053,	Delta[s+](1) = 0.437977,	Delta[s+](2) = 0.303597,	Delta[s+](3) = 0.437977,	Delta[s+](4) = 0.437977,	Delta[s+](5) = 0.303597,	Delta[s+](6) = 0.169908,	Delta[s+](7) = 0.303597,	Delta[s+](8) = 0.303597,	Delta[s+](9) = 0.169908,	Delta[s+](10) = 0.068804,	Delta[s+](11) = 0.169908,	Delta[s+](12) = 0.437977,	Delta[s+](13) = 0.303597,	Delta[s+](14) = 0.169908,	Delta[s+](15) = 0.303597
The 0-th iteration is completed.	|| time cost : 0h 4m 40.177s
********************************************************************************************************************
Start the 1 rounds of NGS-ED iteration
	effective electronic model is modified as: kinetic energy t = 0.726848
	                                           effective interaction Vq = [-4.35794,-4.08417, -3.9138,-4.08417,-4.08417, -3.9138,-3.85003, -3.9138, -3.9138,-3.85003, -3.7997,-3.85003,-4.08417, -3.9138,-3.85003, -3.9138]
	PARPACK diagonalization completed after 60 matrix-vector product operations.
	iteration results: : total energy is -86.167215 | electron energy -86.454737 + phonon energy 0.287522 | electron momentum kIdx = 0
The 1-th iteration is completed.	|| time cost : 0h 0m 36.687s
********************************************************************************************************************
Start the 2 rounds of NGS-ED iteration
	effective electronic model is modified as: kinetic energy t = 0.713068
	                                           effective interaction Vq = [-4.44772,-4.20571,-3.95379,-4.20571,-4.20571,-3.95379,-3.96512,-3.95379,-3.95379,-3.96512,-3.85173,-3.96512,-4.20571,-3.95379,-3.96512,-3.95379]
	PARPACK diagonalization completed after 60 matrix-vector product operations.
	iteration results: : total energy is -87.753059 | electron energy -88.149876 + phonon energy 0.396816 | electron momentum kIdx = 0
The 2-th iteration is completed.	|| time cost : 0h 0m 36.713s
********************************************************************************************************************
Start the 3 rounds of NGS-ED iteration
	effective electronic model is modified as: kinetic energy t = 0.701779
	                                           effective interaction Vq = [-4.48075,-4.27795,-3.98272,-4.27795,-4.27795,-3.98272, -4.0442,-3.98272,-3.98272, -4.0442,-3.88989, -4.0442,-4.27795,-3.98272, -4.0442,-3.98272]
	PARPACK diagonalization completed after 60 matrix-vector product operations.
	iteration results: : total energy is -88.357588 | electron energy -88.817911 + phonon energy 0.460324 | electron momentum kIdx = 0
The 3-th iteration is completed.	|| time cost : 0h 0m 37.015s
********************************************************************************************************************
Start the 4 rounds of NGS-ED iteration
	effective electronic model is modified as: kinetic energy t = 0.693345
	                                           effective interaction Vq = [ -4.4929,-4.32193,-4.00293,-4.32193,-4.32193,-4.00293,-4.09786,-4.00293,-4.00293,-4.09786,-3.91532,-4.09786,-4.32193,-4.00293,-4.09786,-4.00293]
	PARPACK diagonalization completed after 60 matrix-vector product operations.
	iteration results: : total energy is -88.590491 | electron energy -89.090006 + phonon energy 0.499515 | electron momentum kIdx = 0
The 4-th iteration is completed.	|| time cost : 0h 0m 36.735s
********************************************************************************************************************
Start the 5 rounds of NGS-ED iteration
	effective electronic model is modified as: kinetic energy t = 0.687177
	                                           effective interaction Vq = [-4.49737,-4.34939,-4.01819,-4.34939,-4.34939,-4.01819,-4.13406,-4.01819,-4.01819,-4.13406,-3.93188,-4.13406,-4.34939,-4.01819,-4.13406,-4.01819]
	PARPACK diagonalization completed after 75 matrix-vector product operations.
	iteration results: : total energy is -88.681355 | electron energy -89.206304 + phonon energy 0.524949 | electron momentum kIdx = 0
The 5-th iteration is completed.	|| time cost : 0h 0m 41.675s
********************************************************************************************************************
Start the 6 rounds of NGS-ED iteration
	effective electronic model is modified as: kinetic energy t = 0.682376
	                                           effective interaction Vq = [-4.49901,-4.36712,-4.03408,-4.36712,-4.36712,-4.03408,-4.15803,-4.03408,-4.03408,-4.15803,-3.94299,-4.15803,-4.36712,-4.03408,-4.15803,-4.03408]
	PARPACK diagonalization completed after 75 matrix-vector product operations.
	iteration results: : total energy is -88.719212 | electron energy -89.261419 + phonon energy 0.542206 | electron momentum kIdx = 0
The 6-th iteration is completed.	|| time cost : 0h 0m 41.761s
********************************************************************************************************************
Start the 7 rounds of NGS-ED iteration
	effective electronic model is modified as: kinetic energy t = 0.67412
	                                           effective interaction Vq = [-4.49962,-4.37969,-4.09947,-4.37969,-4.37969,-4.09947,-4.16954,-4.09947,-4.09947,-4.16954, -3.9561,-4.16954,-4.37969,-4.09947,-4.16954,-4.09947]
	PARPACK diagonalization completed after 60 matrix-vector product operations.
	iteration results: : total energy is -88.837062 | electron energy -89.394608 + phonon energy 0.557546 | electron momentum kIdx = 0
The 7-th iteration is completed.	|| time cost : 0h 0m 37.04s
********************************************************************************************************************
Start the 8 rounds of NGS-ED iteration
	effective electronic model is modified as: kinetic energy t = 0.656155
	                                           effective interaction Vq = [-4.49984,-4.38307,-4.22757,-4.38307,-4.38307,-4.22757,-4.18222,-4.22757,-4.22757,-4.18222,-4.06485,-4.18222,-4.38307,-4.22757,-4.18222,-4.22757]
	PARPACK diagonalization completed after 60 matrix-vector product operations.
	iteration results: : total energy is -89.059912 | electron energy -89.645041 + phonon energy 0.585130 | electron momentum kIdx = 0
The 8-th iteration is completed.	|| time cost : 0h 0m 36.835s
********************************************************************************************************************
Start the 9 rounds of NGS-ED iteration
	effective electronic model is modified as: kinetic energy t = 0.645858
	                                           effective interaction Vq = [-4.49992,-4.38198,-4.29542,-4.38198,-4.38198,-4.29542,-4.18563,-4.29542,-4.29542,-4.18563,-4.13188,-4.18563,-4.38198,-4.29542,-4.18563,-4.29542]
	PARPACK diagonalization completed after 60 matrix-vector product operations.
	iteration results: : total energy is -89.153241 | electron energy -89.769678 + phonon energy 0.616437 | electron momentum kIdx = 0
The 9-th iteration is completed.	|| time cost : 0h 0m 36.728s
********************************************************************************************************************
Start the 10 rounds of NGS-ED iteration
	effective electronic model is modified as: kinetic energy t = 0.639826
	                                           effective interaction Vq = [-4.49995,-4.37959,-4.33277,-4.37959,-4.37959,-4.33277,-4.18506,-4.33277,-4.33277,-4.18506,-4.17516,-4.18506,-4.37959,-4.33277,-4.18506,-4.33277]
	PARPACK diagonalization completed after 45 matrix-vector product operations.
	iteration results: : total energy is -89.191466 | electron energy -89.831760 + phonon energy 0.640294 | electron momentum kIdx = 0
	Nq(0) = 16,	Nq(1) = 0.42523,	Nq(2) = 0.782729,	Nq(3) = 0.42523,	Nq(4) = 0.42523,	Nq(5) = 0.782729,	Nq(6) = 0.629743,	Nq(7) = 0.782729,	Nq(8) = 0.782729,	Nq(9) = 0.629743,	Nq(10) = 0.876698,	Nq(11) = 0.629743,	Nq(12) = 0.42523,	Nq(13) = 0.782729,	Nq(14) = 0.629743,	Nq(15) = 0.782729,	Sq(0) = 8.10816e-19,	Sq(1) = 0.322622,	Sq(2) = 0.356118,	Sq(3) = 0.322622,	Sq(4) = 0.322622,	Sq(5) = 0.356118,	Sq(6) = 0.548202,	Sq(7) = 0.356118,	Sq(8) = 0.356118,	Sq(9) = 0.548202,	Sq(10) = 0.587032,	Sq(11) = 0.548202,	Sq(12) = 0.322622,	Sq(13) = 0.356118,	Sq(14) = 0.548202,	Sq(15) = 0.356118,	N(0) = 1.99724,	N(1) = 1.99096,	N(2) = 1,	N(3) = 1.99096,	N(4) = 1.99096,	N(5) = 1,	N(6) = 0.00904048,	N(7) = 1,	N(8) = 1,	N(9) = 0.00904048,	N(10) = 0.00275735,	N(11) = 0.00904048,	N(12) = 1.99096,	N(13) = 1,	N(14) = 0.00904048,	N(15) = 1,	Delta[s](0) = 0.43881,	Delta[s](1) = 0.312222,	Delta[s](2) = 0.296548,	Delta[s](3) = 0.312222,	Delta[s](4) = 0.312222,	Delta[s](5) = 0.296548,	Delta[s](6) = 0.286948,	Delta[s](7) = 0.296548,	Delta[s](8) = 0.296548,	Delta[s](9) = 0.286948,	Delta[s](10) = 0.281708,	Delta[s](11) = 0.286948,	Delta[s](12) = 0.312222,	Delta[s](13) = 0.296548,	Delta[s](14) = 0.286948,	Delta[s](15) = 0.296548,	Delta[d](0) = 0.36673,	Delta[d](1) = 0.326619,	Delta[d](2) = 0.304773,	Delta[d](3) = 0.326619,	Delta[d](4) = 0.326619,	Delta[d](5) = 0.303956,	Delta[d](6) = 0.291647,	Delta[d](7) = 0.303956,	Delta[d](8) = 0.304773,	Delta[d](9) = 0.291647,	Delta[d](10) = 0.240949,	Delta[d](11) = 0.291647,	Delta[d](12) = 0.326619,	Delta[d](13) = 0.303956,	Delta[d](14) = 0.291647,	Delta[d](15) = 0.303956,	Delta[s+](0) = 0.498309,	Delta[s+](1) = 0.416838,	Delta[s+](2) = 0.304773,	Delta[s+](3) = 0.416838,	Delta[s+](4) = 0.416838,	Delta[s+](5) = 0.304773,	Delta[s+](6) = 0.188748,	Delta[s+](7) = 0.304773,	Delta[s+](8) = 0.304773,	Delta[s+](9) = 0.188748,	Delta[s+](10) = 0.103436,	Delta[s+](11) = 0.188748,	Delta[s+](12) = 0.416838,	Delta[s+](13) = 0.304773,	Delta[s+](14) = 0.188748,	Delta[s+](15) = 0.304773
The 10-th iteration is completed.	|| time cost : 0h 4m 32.22s
********************************************************************************************************************
Start the 11 rounds of NGS-ED iteration
	effective electronic model is modified as: kinetic energy t = 0.63627
	                                           effective interaction Vq = [-4.49996, -4.3771,-4.35393, -4.3771, -4.3771,-4.35393,-4.18301,-4.35393,-4.35393,-4.18301,-4.20371,-4.18301, -4.3771,-4.35393,-4.18301,-4.35393]
	PARPACK diagonalization completed after 45 matrix-vector product operations.
	iteration results: : total energy is -89.206833 | electron energy -89.863178 + phonon energy 0.656345 | electron momentum kIdx = 0
The 11-th iteration is completed.	|| time cost : 0h 0m 32.323s
********************************************************************************************************************
Start the 12 rounds of NGS-ED iteration
	effective electronic model is modified as: kinetic energy t = 0.634177
	                                           effective interaction Vq = [-4.49997,-4.37494,-4.36618,-4.37494,-4.37494,-4.36618,-4.18065,-4.36618,-4.36618,-4.18065,-4.22279,-4.18065,-4.37494,-4.36618,-4.18065,-4.36618]
	PARPACK diagonalization completed after 45 matrix-vector product operations.
	iteration results: : total energy is -89.212964 | electron energy -89.879527 + phonon energy 0.666564 | electron momentum kIdx = 0
The 12-th iteration is completed.	|| time cost : 0h 0m 32.035s
********************************************************************************************************************
Start the 13 rounds of NGS-ED iteration
	effective electronic model is modified as: kinetic energy t = 0.632951
	                                           effective interaction Vq = [-4.49997,-4.37322,-4.37336,-4.37322,-4.37322,-4.37336,-4.17846,-4.37336,-4.37336,-4.17846,-4.23564,-4.17846,-4.37322,-4.37336,-4.17846,-4.37336]
	PARPACK diagonalization completed after 45 matrix-vector product operations.
	iteration results: : total energy is -89.215416 | electron energy -89.888312 + phonon energy 0.672896 | electron momentum kIdx = 0
The 13-th iteration is completed.	|| time cost : 0h 0m 32.273s
********************************************************************************************************************
Start the 14 rounds of NGS-ED iteration
	effective electronic model is modified as: kinetic energy t = 0.632237
	                                           effective interaction Vq = [-4.49997, -4.3719,-4.37763, -4.3719, -4.3719,-4.37763,-4.17661,-4.37763,-4.37763,-4.17661,-4.24435,-4.17661, -4.3719,-4.37763,-4.17661,-4.37763]
	PARPACK diagonalization completed after 45 matrix-vector product operations.
	iteration results: : total energy is -89.216407 | electron energy -89.893174 + phonon energy 0.676767 | electron momentum kIdx = 0
The 14-th iteration is completed.	|| time cost : 0h 0m 32.016s
********************************************************************************************************************
Start the 15 rounds of NGS-ED iteration
	effective electronic model is modified as: kinetic energy t = 0.631824
	                                           effective interaction Vq = [-4.49997,-4.37093,-4.38018,-4.37093,-4.37093,-4.38018,-4.17514,-4.38018,-4.38018,-4.17514,-4.25029,-4.17514,-4.37093,-4.38018,-4.17514,-4.38018]
	PARPACK diagonalization completed after 45 matrix-vector product operations.
	iteration results: : total energy is -89.216814 | electron energy -89.895931 + phonon energy 0.679117 | electron momentum kIdx = 0
The 15-th iteration is completed.	|| time cost : 0h 0m 32.147s
********************************************************************************************************************
Start the 16 rounds of NGS-ED iteration
	effective electronic model is modified as: kinetic energy t = 0.631587
	                                           effective interaction Vq = [-4.49997,-4.37022,-4.38171,-4.37022,-4.37022,-4.38171,  -4.174,-4.38171,-4.38171,  -4.174,-4.25435,  -4.174,-4.37022,-4.38171,  -4.174,-4.38171]
	PARPACK diagonalization completed after 45 matrix-vector product operations.
	iteration results: : total energy is -89.216984 | electron energy -89.897522 + phonon energy 0.680538 | electron momentum kIdx = 0
The 16-th iteration is completed.	|| time cost : 0h 0m 32.34s
********************************************************************************************************************
Start the 17 rounds of NGS-ED iteration
	effective electronic model is modified as: kinetic energy t = 0.631453
	                                           effective interaction Vq = [-4.49997,-4.36972,-4.38263,-4.36972,-4.36972,-4.38263,-4.17314,-4.38263,-4.38263,-4.17314,-4.25714,-4.17314,-4.36972,-4.38263,-4.17314,-4.38263]
	PARPACK diagonalization completed after 45 matrix-vector product operations.
	iteration results: : total energy is -89.217056 | electron energy -89.898454 + phonon energy 0.681397 | electron momentum kIdx = 0
The 17-th iteration is completed.	|| time cost : 0h 0m 31.936s
********************************************************************************************************************
Start the 18 rounds of NGS-ED iteration
	effective electronic model is modified as: kinetic energy t = 0.631377
	                                           effective interaction Vq = [-4.49997,-4.36936,-4.38319,-4.36936,-4.36936,-4.38319, -4.1725,-4.38319,-4.38319, -4.1725,-4.25906, -4.1725,-4.36936,-4.38319, -4.1725,-4.38319]
	PARPACK diagonalization completed after 30 matrix-vector product operations.
	iteration results: : total energy is -89.217088 | electron energy -89.899004 + phonon energy 0.681916 | electron momentum kIdx = 0
The 18-th iteration is completed.	|| time cost : 0h 0m 27.577s
********************************************************************************************************************
Start the 19 rounds of NGS-ED iteration
	effective electronic model is modified as: kinetic energy t = 0.631335
	                                           effective interaction Vq = [-4.49997,-4.36911,-4.38353,-4.36911,-4.36911,-4.38353,-4.17204,-4.38353,-4.38353,-4.17204,-4.26038,-4.17204,-4.36911,-4.38353,-4.17204,-4.38353]
	PARPACK diagonalization completed after 30 matrix-vector product operations.
	iteration results: : total energy is -89.217102 | electron energy -89.899332 + phonon energy 0.682230 | electron momentum kIdx = 0
The 19-th iteration is completed.	|| time cost : 0h 0m 27.28s
********************************************************************************************************************
Start the 20 rounds of NGS-ED iteration
	effective electronic model is modified as: kinetic energy t = 0.631312
	                                           effective interaction Vq = [-4.49997,-4.36893,-4.38374,-4.36893,-4.36893,-4.38374, -4.1717,-4.38374,-4.38374, -4.1717, -4.2613, -4.1717,-4.36893,-4.38374, -4.1717,-4.38374]
	PARPACK diagonalization completed after 30 matrix-vector product operations.
	iteration results: : total energy is -89.217108 | electron energy -89.899529 + phonon energy 0.682420 | electron momentum kIdx = 0
	Nq(0) = 16,	Nq(1) = 0.410384,	Nq(2) = 0.807817,	Nq(3) = 0.410384,	Nq(4) = 0.410384,	Nq(5) = 0.807817,	Nq(6) = 0.612549,	Nq(7) = 0.807817,	Nq(8) = 0.807817,	Nq(9) = 0.612549,	Nq(10) = 0.937797,	Nq(11) = 0.612549,	Nq(12) = 0.410384,	Nq(13) = 0.807817,	Nq(14) = 0.612549,	Nq(15) = 0.807817,	Sq(0) = 9.24414e-19,	Sq(1) = 0.316826,	Sq(2) = 0.352652,	Sq(3) = 0.316826,	Sq(4) = 0.316826,	Sq(5) = 0.352652,	Sq(6) = 0.540232,	Sq(7) = 0.352652,	Sq(8) = 0.352652,	Sq(9) = 0.540232,	Sq(10) = 0.579423,	Sq(11) = 0.540232,	Sq(12) = 0.316826,	Sq(13) = 0.352652,	Sq(14) = 0.540232,	Sq(15) = 0.352652,	N(0) = 1.99604,	N(1) = 1.98853,	N(2) = 1,	N(3) = 1.98853,	N(4) = 1.98853,	N(5) = 1,	N(6) = 0.0114693,	N(7) = 1,	N(8) = 1,	N(9) = 0.0114693,	N(10) = 0.00395745,	N(11) = 0.0114693,	N(12) = 1.98853,	N(13) = 1,	N(14) = 0.0114693,	N(15) = 1,	Delta[s](0) = 0.437048,	Delta[s](1) = 0.314823,	Delta[s](2) = 0.299398,	Delta[s](3) = 0.314823,	Delta[s](4) = 0.314823,	Delta[s](5) = 0.299398,	Delta[s](6) = 0.290191,	Delta[s](7) = 0.299398,	Delta[s](8) = 0.299398,	Delta[s](9) = 0.290191,	Delta[s](10) = 0.284723,	Delta[s](11) = 0.290191,	Delta[s](12) = 0.314823,	Delta[s](13) = 0.299398,	Delta[s](14) = 0.290191,	Delta[s](15) = 0.299398,	Delta[d](0) = 0.362735,	Delta[d](1) = 0.323323,	Delta[d](2) = 0.301408,	Delta[d](3) = 0.323323,	Delta[d](4) = 0.323323,	Delta[d](5) = 0.30135,	Delta[d](6) = 0.289067,	Delta[d](7) = 0.30135,	Delta[d](8) = 0.301408,	Delta[d](9) = 0.289067,	Delta[d](10) = 0.239997,	Delta[d](11) = 0.289067,	Delta[d](12) = 0.323323,	Delta[d](13) = 0.30135,	Delta[d](14) = 0.289067,	Delta[d](15) = 0.30135,	Delta[s+](0) = 0.489985,	Delta[s+](1) = 0.410182,	Delta[s+](2) = 0.301408,	Delta[s+](3) = 0.410182,	Delta[s+](4) = 0.410182,	Delta[s+](5) = 0.301408,	Delta[s+](6) = 0.187106,	Delta[s+](7) = 0.301408,	Delta[s+](8) = 0.301408,	Delta[s+](9) = 0.187106,	Delta[s+](10) = 0.103379,	Delta[s+](11) = 0.187106,	Delta[s+](12) = 0.410182,	Delta[s+](13) = 0.301408,	Delta[s+](14) = 0.187106,	Delta[s+](15) = 0.301408
The 20-th iteration is completed.	|| time cost : 0h 4m 25.476s
********************************************************************************************************************
Start the 21 rounds of NGS-ED iteration
	effective electronic model is modified as: kinetic energy t = 0.6313
	                                           effective interaction Vq = [-4.49997,-4.36881,-4.38386,-4.36881,-4.36881,-4.38386,-4.17145,-4.38386,-4.38386,-4.17145,-4.26193,-4.17145,-4.36881,-4.38386,-4.17145,-4.38386]
	PARPACK diagonalization completed after 30 matrix-vector product operations.
	iteration results: : total energy is -89.217111 | electron energy -89.899647 + phonon energy 0.682536 | electron momentum kIdx = 0
The 21-th iteration is completed.	|| time cost : 0h 0m 27.451s
********************************************************************************************************************
Start the 22 rounds of NGS-ED iteration
	effective electronic model is modified as: kinetic energy t = 0.631294
	                                           effective interaction Vq = [-4.49997,-4.36873,-4.38394,-4.36873,-4.36873,-4.38394,-4.17128,-4.38394,-4.38394,-4.17128,-4.26237,-4.17128,-4.36873,-4.38394,-4.17128,-4.38394]
	PARPACK diagonalization completed after 30 matrix-vector product operations.
	iteration results: : total energy is -89.217112 | electron energy -89.899718 + phonon energy 0.682606 | electron momentum kIdx = 0
The 22-th iteration is completed.	|| time cost : 0h 0m 27.387s
********************************************************************************************************************
Start the 23 rounds of NGS-ED iteration
	effective electronic model is modified as: kinetic energy t = 0.631291
	                                           effective interaction Vq = [-4.49997,-4.36867,-4.38399,-4.36867,-4.36867,-4.38399,-4.17115,-4.38399,-4.38399,-4.17115,-4.26267,-4.17115,-4.36867,-4.38399,-4.17115,-4.38399]
	PARPACK diagonalization completed after 30 matrix-vector product operations.
	iteration results: : total energy is -89.217113 | electron energy -89.899762 + phonon energy 0.682649 | electron momentum kIdx = 0
The 23-th iteration is completed.	|| time cost : 0h 0m 27.37s
