SNEDics v3.21.4 Non-Gaussian ED ground state program		Start at Wed Jul 28 02:49:17 2021

parallized on 32 MPI threads  * 8 OpenMP threads = 256 total threads.
********************************************************************************************************************
********************************************************************************************************************

********************************************************************************************************************
System parameters and configurations
	special program options are enabled: splitted diagonal Hamiltonian | splitted Hamiltonian terms
********************************************************************************************************************
Read input file "model_params.in"
	Hubbard-Holstein model parameters : 	t = 1    U = 8    g = 0.1    W = 0.2    g' = 0.07    
********************************************************************************************************************
Read input file "hilbertspace_params.in"
	Requested 16-site 2D lattice, with 12 electrons (6, 6)
	Boundary : Periodic		Hilbert space representation : momentum-space (restricted to kIdx = 0)
	Conservation: particle number[U(1)]      spin[U(1)]     momentum
********************************************************************************************************************

Cluster Positions:				Cluster symmetry group : D4
 x ... x ... x ... x .....                       x ... x ... x ... x .....
 |           |           :                       |           |           :
 |           |           :                       |           |           :
12    13    14    15     x                       1     5     6     5     x
 |           |           :                       |           |           :
 |           |           :                       |           |           :
 8 --- 9 ---10 ---11 --- x                       2 --- 6 ---10 --- 6 --- x
 |           |           :                       |           |           :
 |           |           :                       |           |           :
 4     5     6     7     x                       1     5     6     5     x
 |           |           :                       |           |           :
 |           |           :                       |           |           :
 0 --- 1 --- 2 --- 3 --- x                       0 --- 1 --- 2 --- 1 --- x
orbital number : 1
********************************************************************************************************************
Read input file "obs_params.in"
	Observable Type : Nq(All),   Sq(All),   N(All),   Delta[s](All),   Delta[d](All),   Delta[s+](All)
** WARNING ** the input observables have non-local factors which have been reinterpreted. The total observable number is 96
********************************************************************************************************************


********************************************************************************************************************
Start calculating the non-Gaussian ED ground state
Maximal iteration number is 1000; energy resolution is 1e-06. Phonon state relaxation time is 2000
W = 0.2 is relatively large. The non-Gaussian ED calculation starts directly.
open output files: NGSED_iteration_obserbles.txt
********************************************************************************************************************
Start the 0 rounds of NGS-ED iteration
	effective electronic model is modified as: kinetic energy t = 1
	                                           effective interaction Vq = [0,0,0,0,0,0,0,0,0,0,0,0,0,0,0,0]
	first Hamiltonian is constructed, size = 4008592 and non-zero numbers = 969134044
	PARPACK diagonalization completed after 150 matrix-vector product operations.
	iteration results: : total energy is -14.925310 | electron energy -14.925310 + phonon energy 0.000000 | electron momentum kIdx = 0
	Nq(0) = 9,	Nq(1) = 0.191675,	Nq(2) = 0.266183,	Nq(3) = 0.191675,	Nq(4) = 0.191675,	Nq(5) = 0.245517,	
	Nq(6) = 0.314107,	Nq(7) = 0.245517,	Nq(8) = 0.266183,	Nq(9) = 0.314107,	Nq(10) = 0.369338,	
	Nq(11) = 0.314107,	Nq(12) = 0.191675,	Nq(13) = 0.245517,	Nq(14) = 0.314107,	Nq(15) = 0.245517;	
	Sq(0) = 3.02743e-18,	Sq(1) = 0.554662,	Sq(2) = 0.424361,	Sq(3) = 0.554662,	Sq(4) = 0.554662,	
	Sq(5) = 0.79749,	Sq(6) = 1.01287,	Sq(7) = 0.79749,	Sq(8) = 0.424361,	Sq(9) = 1.01287,	
	Sq(10) = 0.784303,	Sq(11) = 1.01287,	Sq(12) = 0.554662,	Sq(13) = 0.79749,	Sq(14) = 1.01287,	
	Sq(15) = 0.79749;	N(0) = 1.76735,	N(1) = 1.6264,	N(2) = 0.74365,	N(3) = 1.6264,	
	N(4) = 1.6264,	N(5) = 0.392302,	N(6) = 0.144321,	N(7) = 0.392302,	N(8) = 0.74365,	
	N(9) = 0.144321,	N(10) = 0.0932732,	N(11) = 0.144321,	N(12) = 1.6264,	N(13) = 0.392302,	
	N(14) = 0.144321,	N(15) = 0.392302;	Delta[s](0) = 0.0656921,	Delta[s](1) = 0.0453738,	Delta[s](2) = 0.030392,	
	Delta[s](3) = 0.0453738,	Delta[s](4) = 0.0453738,	Delta[s](5) = 0.027095,	Delta[s](6) = 0.00925314,	Delta[s](7) = 0.027095,	
	Delta[s](8) = 0.030392,	Delta[s](9) = 0.00925314,	Delta[s](10) = 8.6087e-05,	Delta[s](11) = 0.00925314,	Delta[s](12) = 0.0453738,	
	Delta[s](13) = 0.027095,	Delta[s](14) = 0.00925314,	Delta[s](15) = 0.027095;	Delta[d](0) = 0.229412,	Delta[d](1) = 0.180058,	
	Delta[d](2) = 0.222232,	Delta[d](3) = 0.180058,	Delta[d](4) = 0.180058,	Delta[d](5) = 0.122999,	Delta[d](6) = 0.150452,	
	Delta[d](7) = 0.122999,	Delta[d](8) = 0.222232,	Delta[d](9) = 0.150452,	Delta[d](10) = 0.0768326,	Delta[d](11) = 0.150452,	
	Delta[d](12) = 0.180058,	Delta[d](13) = 0.122999,	Delta[d](14) = 0.150452,	Delta[d](15) = 0.122999;	Delta[s+](0) = 0.529588,	
	Delta[s+](1) = 0.361166,	Delta[s+](2) = 0.222232,	Delta[s+](3) = 0.361166,	Delta[s+](4) = 0.361166,	Delta[s+](5) = 0.177127,	
	Delta[s+](6) = 0.0626492,	Delta[s+](7) = 0.177127,	Delta[s+](8) = 0.222232,	Delta[s+](9) = 0.0626492,	Delta[s+](10) = 0.0156879,	
	Delta[s+](11) = 0.0626492,	Delta[s+](12) = 0.361166,	Delta[s+](13) = 0.177127,	Delta[s+](14) = 0.0626492,	Delta[s+](15) = 0.177127
	
The 0-th iteration is completed.	|| time cost : 0h 2m 4.935s
********************************************************************************************************************
Start the 1 rounds of NGS-ED iteration
	effective electronic model is modified as: kinetic energy t = 0.999005
	                                           effective interaction Vq = [     -0.722, -0.0357012,-0.00431987, -0.0357012, -0.0357012,-0.00400187,-0.00054898,-0.00400187,-0.00431987,-0.00054898, -0.0100291,-0.00054898, -0.0357012,-0.00400187,-0.00054898,-0.00400187]
	PARPACK diagonalization completed after 45 matrix-vector product operations.
	iteration results: : total energy is -21.442663 | electron energy -21.442907 + phonon energy 0.000243 | electron momentum kIdx = 0
The 1-th iteration is completed.	|| time cost : 0h 1m 18.319s
********************************************************************************************************************
Start the 2 rounds of NGS-ED iteration
	effective electronic model is modified as: kinetic energy t = 0.999001
	                                           effective interaction Vq = [      -0.722,  -0.0358282,  -0.0043153,  -0.0358282,  -0.0358282, -0.00399912,-0.000548428, -0.00399912,  -0.0043153,-0.000548428,  -0.0100339,-0.000548428,  -0.0358282, -0.00399912,-0.000548428, -0.00399912]
	PARPACK diagonalization completed after 30 matrix-vector product operations.
	iteration results: : total energy is -21.442663 | electron energy -21.442910 + phonon energy 0.000247 | electron momentum kIdx = 0
The 2-th iteration is completed.	|| time cost : 0h 0m 9.787s
********************************************************************************************************************
Start the 3 rounds of NGS-ED iteration
	effective electronic model is modified as: kinetic energy t = 0.999001
	                                           effective interaction Vq = [      -0.722,  -0.0358287, -0.00431528,  -0.0358287,  -0.0358287, -0.00399911,-0.000548426, -0.00399911, -0.00431528,-0.000548426,  -0.0100339,-0.000548426,  -0.0358287, -0.00399911,-0.000548426, -0.00399911]
	PARPACK diagonalization completed after 30 matrix-vector product operations.
	iteration results: : total energy is -21.442663 | electron energy -21.442910 + phonon energy 0.000247 | electron momentum kIdx = 0
The 3-th iteration is completed.	|| time cost : 0h 0m 9.809s
********************************************************************************************************************
Start the 4 rounds of NGS-ED iteration
	effective electronic model is modified as: kinetic energy t = 0.999001
	                                           effective interaction Vq = [      -0.722,  -0.0358287, -0.00431528,  -0.0358287,  -0.0358287, -0.00399911,-0.000548426, -0.00399911, -0.00431528,-0.000548426,  -0.0100339,-0.000548426,  -0.0358287, -0.00399911,-0.000548426, -0.00399911]
	PARPACK diagonalization completed after 30 matrix-vector product operations.
	iteration results: : total energy is -21.442663 | electron energy -21.442910 + phonon energy 0.000247 | electron momentum kIdx = 0
	Nq(0) = 9,	Nq(1) = 0.192468,	Nq(2) = 0.266,	Nq(3) = 0.192468,	Nq(4) = 0.192468,	Nq(5) = 0.245446,	
	Nq(6) = 0.31391,	Nq(7) = 0.245446,	Nq(8) = 0.266,	Nq(9) = 0.31391,	Nq(10) = 0.369675,	
	Nq(11) = 0.31391,	Nq(12) = 0.192468,	Nq(13) = 0.245446,	Nq(14) = 0.31391,	Nq(15) = 0.245446;	
	Sq(0) = 1.96114e-18,	Sq(1) = 0.55425,	Sq(2) = 0.424419,	Sq(3) = 0.55425,	Sq(4) = 0.55425,	
	Sq(5) = 0.797202,	Sq(6) = 1.01278,	Sq(7) = 0.797202,	Sq(8) = 0.424419,	Sq(9) = 1.01278,	
	Sq(10) = 0.78528,	Sq(11) = 1.01278,	Sq(12) = 0.55425,	Sq(13) = 0.797202,	Sq(14) = 1.01278,	
	Sq(15) = 0.797202;	N(0) = 1.76764,	N(1) = 1.6273,	N(2) = 0.74319,	N(3) = 1.6273,	
	N(4) = 1.6273,	N(5) = 0.391593,	N(6) = 0.144236,	N(7) = 0.391593,	N(8) = 0.74319,	
	N(9) = 0.144236,	N(10) = 0.0934785,	N(11) = 0.144236,	N(12) = 1.6273,	N(13) = 0.391593,	
	N(14) = 0.144236,	N(15) = 0.391593;	Delta[s](0) = 0.0658334,	Delta[s](1) = 0.0454699,	Delta[s](2) = 0.030477,	
	Delta[s](3) = 0.0454699,	Delta[s](4) = 0.0454699,	Delta[s](5) = 0.0271662,	Delta[s](6) = 0.00926633,	Delta[s](7) = 0.0271662,	
	Delta[s](8) = 0.030477,	Delta[s](9) = 0.00926633,	Delta[s](10) = 8.66955e-05,	Delta[s](11) = 0.00926633,	Delta[s](12) = 0.0454699,	
	Delta[s](13) = 0.0271662,	Delta[s](14) = 0.00926633,	Delta[s](15) = 0.0271662;	Delta[d](0) = 0.229597,	Delta[d](1) = 0.180194,	
	Delta[d](2) = 0.222337,	Delta[d](3) = 0.180194,	Delta[d](4) = 0.180194,	Delta[d](5) = 0.123003,	Delta[d](6) = 0.150485,	
	Delta[d](7) = 0.123003,	Delta[d](8) = 0.222337,	Delta[d](9) = 0.150485,	Delta[d](10) = 0.0765515,	Delta[d](11) = 0.150485,	
	Delta[d](12) = 0.180194,	Delta[d](13) = 0.123003,	Delta[d](14) = 0.150485,	Delta[d](15) = 0.123003;	Delta[s+](0) = 0.529969,	
	Delta[s+](1) = 0.361392,	Delta[s+](2) = 0.222337,	Delta[s+](3) = 0.361392,	Delta[s+](4) = 0.361392,	Delta[s+](5) = 0.177196,	
	Delta[s+](6) = 0.0626428,	Delta[s+](7) = 0.177196,	Delta[s+](8) = 0.222337,	Delta[s+](9) = 0.0626428,	Delta[s+](10) = 0.0157084,	
	Delta[s+](11) = 0.0626428,	Delta[s+](12) = 0.361392,	Delta[s+](13) = 0.177196,	Delta[s+](14) = 0.0626428,	Delta[s+](15) = 0.177196
	
The 4-th iteration is completed.	|| time cost : 0h 1m 21.865s
********************************************************************************************************************
********************************************************************************************************************
Ground state is obtained after 5 iterations. The current ground-state energy is -21.4427, in which electron energy is -21.4429 and phonon energy is 0.000246738
Final variational state is: 
	Gamma_x = [      1,1.03389,1.00563,1.03389,1.03389,1.00482,1.00085,1.00482,1.00563,1.00085,1.01842,1.00085,1.03389,1.00482,1.00085,1.00482]
	lambda_q = [        1.9,  0.0771214,  0.0220632,  0.0771214,  0.0771214,  0.0204122,-0.00697702,  0.0204122,  0.0220632,-0.00697702, -0.0283174,-0.00697702,  0.0771214,  0.0204122,-0.00697702,  0.0204122]
Effective e-e interactions mediated by phonons are:
	momentum-space Vq = [      -0.722,  -0.0358287, -0.00431528,  -0.0358287,  -0.0358287, -0.00399911,-0.000548426, -0.00399911, -0.00431528,-0.000548426,  -0.0100339,-0.000548426,  -0.0358287, -0.00399911,-0.000548426, -0.00399911]
	real-space Vr = [-0.0563856,-0.0489079,-0.0452917,-0.0489079,-0.0489079,-0.0452127,-0.0400878,-0.0452127,-0.0452917,-0.0400878, -0.038197,-0.0400878,-0.0489079,-0.0452127,-0.0400878,-0.0452127]
********************************************************************************************************************
o___o  ----------------------------------------
| L |	Time since last clock: 0h 0m 0.01s
A===A	Time since the beginning: 0h 5m 4.726s
***********************************************


Non-Gaussina ED ground state calculation is completed. The final ground-state energy is -21.4427
********************************************************************************************************************
o___o  ----------------------------------------
| L |	Time since last clock: 0h 0m 0.005s
A===A	Time since the beginning: 0h 5m 4.732s
***********************************************



********************************************************************************************************************
All non-Gaussian ED ground state calculations have been completed. Exit now.
