SNEDics v3.4 Non-Gaussian ED ground state program		Start at Tue Oct  1 12:41:22 2019

parallized on 16 MPI threads  * 8 OpenMP threads = 128 total threads.
********************************************************************************************************************
********************************************************************************************************************

********************************************************************************************************************
System parameters and configurations
********************************************************************************************************************
Special program options are enabled: splitted diagonal Hamiltonian
********************************************************************************************************************
Read input file "model_params.in"
	Hubbard-Holstein model parameters : 	t = 1    U = 4.3    g = 3.7417    W = 5    
********************************************************************************************************************
Read input file "hilbertspace_params.in"
	Requested 16-site 2D lattice, with 16 electrons (8, 8)
	Boundary : Periodic		Hilbert space representation : momentum-space (restricted to kIdx = 0)
	Conservation: particle number[U(1)]      spin[U(1)]     momentum
********************************************************************************************************************

Cluster Positions:				Cluster symmetry group : D4
 x ... x ... x ... x .....                       x ... x ... x ... x .....
 |           |           :                       |           |           :
 |           |           :                       |           |           :
12    13    14    15     x                       1     5     6     5     x
 |           |           :                       |           |           :
 |           |           :                       |           |           :
 8 --- 9 ---10 ---11 --- x                       2 --- 6 ---10 --- 6 --- x
 |           |           :                       |           |           :
 |           |           :                       |           |           :
 4     5     6     7     x                       1     5     6     5     x
 |           |           :                       |           |           :
 |           |           :                       |           |           :
 0 --- 1 --- 2 --- 3 --- x                       0 --- 1 --- 2 --- 1 --- x
orbital number : 1
********************************************************************************************************************
Read input file "obs_params.in"
	Observable Type : Nq(All),   Sq(All),   N(All),   Delta[s](All),   Delta[d](All),   Delta[s+](All)
********************************************************************************************************************
** WARNING ** the input observables have non-local factors which have been reinterpreted. The total observable number is 96
********************************************************************************************************************


********************************************************************************************************************
Start calculating the non-Gaussian ED ground state
** WARNING ** Detected low phonon energy W < 10. The initial state will be prepared through a warm-up process.
********************************************************************************************************************
Start warm-up calculation for scaling factor 2
open output files: NGSEDWarmUpW10Obs.txt
********************************************************************************************************************
Start the 0 rounds of NGS-ED iteration
	effective electronic model is modified as: kinetic energy t = 1
	                                           effective interaction Vq = [-0,-0,-0,-0,-0,-0,-0,-0,-0,-0,-0,-0,-0,-0,-0,-0]
	first Hamiltonian is constructed, non-zero numbers = 2845383612
	PARPACK diagonalization completed after 90 matrix-vector product operations.
	iteration results: : total energy is -13.084126 | electron energy -13.084126 + phonon energy 0.000000 | electron momentum kIdx = 0
	Nq(0) = 16,	Nq(1) = 0.146938,	Nq(2) = 0.221472,	Nq(3) = 0.146938,	Nq(4) = 0.146938,	Nq(5) = 0.221472,	Nq(6) = 0.300835,	Nq(7) = 0.221472,	Nq(8) = 0.221472,	Nq(9) = 0.300835,	Nq(10) = 0.366905,	Nq(11) = 0.300835,	Nq(12) = 0.146938,	Nq(13) = 0.221472,	Nq(14) = 0.300835,	Nq(15) = 0.221472,	Sq(0) = 1.66796e-18,	Sq(1) = 0.42744,	Sq(2) = 0.626004,	Sq(3) = 0.42744,	Sq(4) = 0.42744,	Sq(5) = 0.626004,	Sq(6) = 0.815682,	Sq(7) = 0.626004,	Sq(8) = 0.626004,	Sq(9) = 0.815682,	Sq(10) = 3.78466,	Sq(11) = 0.815682,	Sq(12) = 0.42744,	Sq(13) = 0.626004,	Sq(14) = 0.815682,	Sq(15) = 0.626004,	N(0) = 1.92113,	N(1) = 1.82574,	N(2) = 1,	N(3) = 1.82574,	N(4) = 1.82574,	N(5) = 1,	N(6) = 0.174265,	N(7) = 1,	N(8) = 1,	N(9) = 0.174265,	N(10) = 0.0788686,	N(11) = 0.174265,	N(12) = 1.82574,	N(13) = 1,	N(14) = 0.174265,	N(15) = 1,	Delta[s](0) = 0.165113,	Delta[s](1) = 0.140179,	Delta[s](2) = 0.110298,	Delta[s](3) = 0.140179,	Delta[s](4) = 0.140179,	Delta[s](5) = 0.110298,	Delta[s](6) = 0.0821757,	Delta[s](7) = 0.110298,	Delta[s](8) = 0.110298,	Delta[s](9) = 0.0821757,	Delta[s](10) = 0.0270985,	Delta[s](11) = 0.0821757,	Delta[s](12) = 0.140179,	Delta[s](13) = 0.110298,	Delta[s](14) = 0.0821757,	Delta[s](15) = 0.110298,	Delta[d](0) = 0.559627,	Delta[d](1) = 0.386878,	Delta[d](2) = 0.309181,	Delta[d](3) = 0.386878,	Delta[d](4) = 0.386878,	Delta[d](5) = 0.326764,	Delta[d](6) = 0.23573,	Delta[d](7) = 0.326764,	Delta[d](8) = 0.309181,	Delta[d](9) = 0.23573,	Delta[d](10) = 0.105053,	Delta[d](11) = 0.23573,	Delta[d](12) = 0.386878,	Delta[d](13) = 0.326764,	Delta[d](14) = 0.23573,	Delta[d](15) = 0.326764,	Delta[s+](0) = 0.591124,	Delta[s+](1) = 0.46898,	Delta[s+](2) = 0.309181,	Delta[s+](3) = 0.46898,	Delta[s+](4) = 0.46898,	Delta[s+](5) = 0.309181,	Delta[s+](6) = 0.15641,	Delta[s+](7) = 0.309181,	Delta[s+](8) = 0.309181,	Delta[s+](9) = 0.15641,	Delta[s+](10) = 0.0397584,	Delta[s+](11) = 0.15641,	Delta[s+](12) = 0.46898,	Delta[s+](13) = 0.309181,	Delta[s+](14) = 0.15641,	Delta[s+](15) = 0.309181
The 0-th iteration is completed.	|| time cost : 0h 8m 24.98s
********************************************************************************************************************
Start the 1 rounds of NGS-ED iteration
	effective electronic model is modified as: kinetic energy t = 0.931531
	                                           effective interaction Vq = [-2.42112,-2.19573,-2.12523,-2.19573,-2.19573,-2.12523,-2.09696,-2.12523,-2.12523,-2.09696,-2.06938,-2.09696,-2.19573,-2.12523,-2.09696,-2.12523]
	PARPACK diagonalization completed after 60 matrix-vector product operations.
	iteration results: : total energy is -60.922252 | electron energy -60.926737 + phonon energy 0.004485 | electron momentum kIdx = 0
The 1-th iteration is completed.	|| time cost : 0h 7m 48.49s
********************************************************************************************************************
Start the 2 rounds of NGS-ED iteration
	effective electronic model is modified as: kinetic energy t = 0.878298
	                                           effective interaction Vq = [-2.74878,-2.63263, -2.5172,-2.63263,-2.63263, -2.5172,-2.53451, -2.5172, -2.5172,-2.53451,-2.46693,-2.53451,-2.63263, -2.5172,-2.53451, -2.5172]
	PARPACK diagonalization completed after 75 matrix-vector product operations.
	iteration results: : total energy is -68.695543 | electron energy -68.732192 + phonon energy 0.036649 | electron momentum kIdx = 0
The 2-th iteration is completed.	|| time cost : 0h 0m 41.362s
********************************************************************************************************************
Start the 3 rounds of NGS-ED iteration
	effective electronic model is modified as: kinetic energy t = 0.846665
	                                           effective interaction Vq = [-2.79312,-2.72515,-2.69355,-2.72515,-2.72515,-2.69355,-2.64451,-2.69355,-2.69355,-2.64451,-2.64232,-2.64451,-2.72515,-2.69355,-2.64451,-2.69355]
	PARPACK diagonalization completed after 60 matrix-vector product operations.
	iteration results: : total energy is -70.060517 | electron energy -70.130222 + phonon energy 0.069704 | electron momentum kIdx = 0
The 3-th iteration is completed.	|| time cost : 0h 0m 36.788s
********************************************************************************************************************
Start the 4 rounds of NGS-ED iteration
	effective electronic model is modified as: kinetic energy t = 0.835058
	                                           effective interaction Vq = [-2.79912,-2.74789,-2.73521,-2.74789,-2.74789,-2.73521,-2.67499,-2.73521,-2.73521,-2.67499,-2.69756,-2.67499,-2.74789,-2.73521,-2.67499,-2.73521]
	PARPACK diagonalization completed after 45 matrix-vector product operations.
	iteration results: : total energy is -70.241842 | electron energy -70.330204 + phonon energy 0.088361 | electron momentum kIdx = 0
The 4-th iteration is completed.	|| time cost : 0h 0m 32.015s
********************************************************************************************************************
Start the 5 rounds of NGS-ED iteration
	effective electronic model is modified as: kinetic energy t = 0.830825
	                                           effective interaction Vq = [-2.79994,-2.75459,-2.74582,-2.75459,-2.75459,-2.74582,-2.68469,-2.74582,-2.74582,-2.68469,-2.72441,-2.68469,-2.75459,-2.74582,-2.68469,-2.74582]
	PARPACK diagonalization completed after 45 matrix-vector product operations.
	iteration results: : total energy is -70.269503 | electron energy -70.365943 + phonon energy 0.096439 | electron momentum kIdx = 0
The 5-th iteration is completed.	|| time cost : 0h 0m 32.034s
********************************************************************************************************************
Start the 6 rounds of NGS-ED iteration
	effective electronic model is modified as: kinetic energy t = 0.829341
	                                           effective interaction Vq = [-2.80005,-2.75636,-2.74514,-2.75636,-2.75636,-2.74514,-2.68739,-2.74514,-2.74514,-2.68739,-2.74904,-2.68739,-2.75636,-2.74514,-2.68739,-2.74514]
	PARPACK diagonalization completed after 45 matrix-vector product operations.
	iteration results: : total energy is -70.295543 | electron energy -70.395630 + phonon energy 0.100088 | electron momentum kIdx = 0
The 6-th iteration is completed.	|| time cost : 0h 0m 32.026s
********************************************************************************************************************
Start the 7 rounds of NGS-ED iteration
	effective electronic model is modified as: kinetic energy t = 0.832415
	                                           effective interaction Vq = [-2.80006,-2.75302,-2.71794,-2.75302,-2.75302,-2.71794,-2.68226,-2.71794,-2.71794,-2.68226,-2.77795,-2.68226,-2.75302,-2.71794,-2.68226,-2.71794]
	PARPACK diagonalization completed after 45 matrix-vector product operations.
	iteration results: : total energy is -70.389567 | electron energy -70.490217 + phonon energy 0.100650 | electron momentum kIdx = 0
The 7-th iteration is completed.	|| time cost : 0h 0m 32.039s
********************************************************************************************************************
Start the 8 rounds of NGS-ED iteration
	effective electronic model is modified as: kinetic energy t = 0.83896
	                                           effective interaction Vq = [-2.80006,-2.74509,-2.66888,-2.74509,-2.74509,-2.66888,-2.67063,-2.66888,-2.66888,-2.67063,-2.78906,-2.67063,-2.74509,-2.66888,-2.67063,-2.66888]
	PARPACK diagonalization completed after 30 matrix-vector product operations.
	iteration results: : total energy is -70.441453 | electron energy -70.539413 + phonon energy 0.097959 | electron momentum kIdx = 0
The 8-th iteration is completed.	|| time cost : 0h 0m 27.288s
********************************************************************************************************************
Start the 9 rounds of NGS-ED iteration
	effective electronic model is modified as: kinetic energy t = 0.841772
	                                           effective interaction Vq = [-2.80006,-2.74009,-2.64643,-2.74009,-2.74009,-2.64643,-2.66367,-2.64643,-2.64643,-2.66367,-2.79219,-2.66367,-2.74009,-2.64643,-2.66367,-2.64643]
	PARPACK diagonalization completed after 30 matrix-vector product operations.
	iteration results: : total energy is -70.449416 | electron energy -70.545139 + phonon energy 0.095723 | electron momentum kIdx = 0
The 9-th iteration is completed.	|| time cost : 0h 0m 27.352s
********************************************************************************************************************
Start the 10 rounds of NGS-ED iteration
	effective electronic model is modified as: kinetic energy t = 0.84286
	                                           effective interaction Vq = [-2.80006,-2.73764,-2.63807,-2.73764,-2.73764,-2.63807,-2.66037,-2.63807,-2.63807,-2.66037,-2.79317,-2.66037,-2.73764,-2.63807,-2.66037,-2.63807]
	PARPACK diagonalization completed after 30 matrix-vector product operations.
	iteration results: : total energy is -70.450499 | electron energy -70.545139 + phonon energy 0.094639 | electron momentum kIdx = 0
	Nq(0) = 16,	Nq(1) = 0.339127,	Nq(2) = 0.37004,	Nq(3) = 0.339127,	Nq(4) = 0.339127,	Nq(5) = 0.37004,	Nq(6) = 0.603114,	Nq(7) = 0.37004,	Nq(8) = 0.37004,	Nq(9) = 0.603114,	Nq(10) = 4.40749,	Nq(11) = 0.603114,	Nq(12) = 0.339127,	Nq(13) = 0.37004,	Nq(14) = 0.603114,	Nq(15) = 0.37004,	Sq(0) = 1.83541e-18,	Sq(1) = 0.275067,	Sq(2) = 0.330606,	Sq(3) = 0.275067,	Sq(4) = 0.275067,	Sq(5) = 0.330606,	Sq(6) = 0.491984,	Sq(7) = 0.330606,	Sq(8) = 0.330606,	Sq(9) = 0.491984,	Sq(10) = 0.551461,	Sq(11) = 0.491984,	Sq(12) = 0.275067,	Sq(13) = 0.330606,	Sq(14) = 0.491984,	Sq(15) = 0.330606,	N(0) = 1.99005,	N(1) = 1.97299,	N(2) = 1,	N(3) = 1.97299,	N(4) = 1.97299,	N(5) = 1,	N(6) = 0.027009,	N(7) = 1,	N(8) = 1,	N(9) = 0.027009,	N(10) = 0.00994765,	N(11) = 0.027009,	N(12) = 1.97299,	N(13) = 1,	N(14) = 0.027009,	N(15) = 1,	Delta[s](0) = 0.47353,	Delta[s](1) = 0.346381,	Delta[s](2) = 0.333761,	Delta[s](3) = 0.346381,	Delta[s](4) = 0.346381,	Delta[s](5) = 0.333761,	Delta[s](6) = 0.273023,	Delta[s](7) = 0.333761,	Delta[s](8) = 0.333761,	Delta[s](9) = 0.273023,	Delta[s](10) = 0.244637,	Delta[s](11) = 0.273023,	Delta[s](12) = 0.346381,	Delta[s](13) = 0.333761,	Delta[s](14) = 0.273023,	Delta[s](15) = 0.333761,	Delta[d](0) = 0.230328,	Delta[d](1) = 0.227833,	Delta[d](2) = 0.223568,	Delta[d](3) = 0.227833,	Delta[d](4) = 0.227833,	Delta[d](5) = 0.143137,	Delta[d](6) = 0.184187,	Delta[d](7) = 0.143137,	Delta[d](8) = 0.223568,	Delta[d](9) = 0.184187,	Delta[d](10) = 0.0558967,	Delta[d](11) = 0.184187,	Delta[d](12) = 0.227833,	Delta[d](13) = 0.143137,	Delta[d](14) = 0.184187,	Delta[d](15) = 0.143137,	Delta[s+](0) = 0.433877,	Delta[s+](1) = 0.346008,	Delta[s+](2) = 0.223568,	Delta[s+](3) = 0.346008,	Delta[s+](4) = 0.346008,	Delta[s+](5) = 0.223568,	Delta[s+](6) = 0.0990898,	Delta[s+](7) = 0.223568,	Delta[s+](8) = 0.223568,	Delta[s+](9) = 0.0990898,	Delta[s+](10) = 0.0304496,	Delta[s+](11) = 0.0990898,	Delta[s+](12) = 0.346008,	Delta[s+](13) = 0.223568,	Delta[s+](14) = 0.0990898,	Delta[s+](15) = 0.223568
The 10-th iteration is completed.	|| time cost : 0h 4m 31.681s
********************************************************************************************************************
Start the 11 rounds of NGS-ED iteration
	effective electronic model is modified as: kinetic energy t = 0.843279
	                                           effective interaction Vq = [-2.80006,-2.73655,-2.63507,-2.73655,-2.73655,-2.63507,-2.65891,-2.63507,-2.63507,-2.65891,-2.79351,-2.65891,-2.73655,-2.63507,-2.65891,-2.63507]
	PARPACK diagonalization completed after 30 matrix-vector product operations.
	iteration results: : total energy is -70.450648 | electron energy -70.544823 + phonon energy 0.094176 | electron momentum kIdx = 0
The 11-th iteration is completed.	|| time cost : 0h 0m 27.666s
********************************************************************************************************************
Start the 12 rounds of NGS-ED iteration
	effective electronic model is modified as: kinetic energy t = 0.843441
	                                           effective interaction Vq = [-2.80006,-2.73608,  -2.634,-2.73608,-2.73608,  -2.634,-2.65829,  -2.634,  -2.634,-2.65829,-2.79363,-2.65829,-2.73608,  -2.634,-2.65829,  -2.634]
	PARPACK diagonalization completed after 30 matrix-vector product operations.
	iteration results: : total energy is -70.450669 | electron energy -70.544653 + phonon energy 0.093985 | electron momentum kIdx = 0
The 12-th iteration is completed.	|| time cost : 0h 0m 27.344s
********************************************************************************************************************
Start the 13 rounds of NGS-ED iteration
	effective electronic model is modified as: kinetic energy t = 0.843504
	                                           effective interaction Vq = [-2.80006,-2.73589,-2.63362,-2.73589,-2.73589,-2.63362,-2.65803,-2.63362,-2.63362,-2.65803,-2.79367,-2.65803,-2.73589,-2.63362,-2.65803,-2.63362]
	PARPACK diagonalization completed after 30 matrix-vector product operations.
	iteration results: : total energy is -70.450672 | electron energy -70.544579 + phonon energy 0.093908 | electron momentum kIdx = 0
	Nq(0) = 16,	Nq(1) = 0.33832,	Nq(2) = 0.369381,	Nq(3) = 0.33832,	Nq(4) = 0.33832,	Nq(5) = 0.369381,	Nq(6) = 0.602009,	Nq(7) = 0.369381,	Nq(8) = 0.369381,	Nq(9) = 0.602009,	Nq(10) = 4.42002,	Nq(11) = 0.602009,	Nq(12) = 0.33832,	Nq(13) = 0.369381,	Nq(14) = 0.602009,	Nq(15) = 0.369381,	Sq(0) = 7.44668e-18,	Sq(1) = 0.274912,	Sq(2) = 0.330553,	Sq(3) = 0.274912,	Sq(4) = 0.274912,	Sq(5) = 0.330553,	Sq(6) = 0.491953,	Sq(7) = 0.330553,	Sq(8) = 0.330553,	Sq(9) = 0.491953,	Sq(10) = 0.5516,	Sq(11) = 0.491953,	Sq(12) = 0.274912,	Sq(13) = 0.330553,	Sq(14) = 0.491953,	Sq(15) = 0.330553,	N(0) = 1.99002,	N(1) = 1.97286,	N(2) = 1,	N(3) = 1.97286,	N(4) = 1.97286,	N(5) = 1,	N(6) = 0.0271404,	N(7) = 1,	N(8) = 1,	N(9) = 0.0271404,	N(10) = 0.00997999,	N(11) = 0.0271404,	N(12) = 1.97286,	N(13) = 1,	N(14) = 0.0271404,	N(15) = 1,	Delta[s](0) = 0.472578,	Delta[s](1) = 0.346468,	Delta[s](2) = 0.333793,	Delta[s](3) = 0.346468,	Delta[s](4) = 0.346468,	Delta[s](5) = 0.333793,	Delta[s](6) = 0.273128,	Delta[s](7) = 0.333793,	Delta[s](8) = 0.333793,	Delta[s](9) = 0.273128,	Delta[s](10) = 0.245091,	Delta[s](11) = 0.273128,	Delta[s](12) = 0.346468,	Delta[s](13) = 0.333793,	Delta[s](14) = 0.273128,	Delta[s](15) = 0.333793,	Delta[d](0) = 0.230128,	Delta[d](1) = 0.227573,	Delta[d](2) = 0.223429,	Delta[d](3) = 0.227573,	Delta[d](4) = 0.227573,	Delta[d](5) = 0.142918,	Delta[d](6) = 0.183905,	Delta[d](7) = 0.142918,	Delta[d](8) = 0.223429,	Delta[d](9) = 0.183905,	Delta[d](10) = 0.0556586,	Delta[d](11) = 0.183905,	Delta[d](12) = 0.227573,	Delta[d](13) = 0.142918,	Delta[d](14) = 0.183905,	Delta[d](15) = 0.142918,	Delta[s+](0) = 0.433938,	Delta[s+](1) = 0.345923,	Delta[s+](2) = 0.223429,	Delta[s+](3) = 0.345923,	Delta[s+](4) = 0.345923,	Delta[s+](5) = 0.223429,	Delta[s+](6) = 0.0989,	Delta[s+](7) = 0.223429,	Delta[s+](8) = 0.223429,	Delta[s+](9) = 0.0989,	Delta[s+](10) = 0.0303297,	Delta[s+](11) = 0.0989,	Delta[s+](12) = 0.345923,	Delta[s+](13) = 0.223429,	Delta[s+](14) = 0.0989,	Delta[s+](15) = 0.223429
The 13-th iteration is completed.	|| time cost : 0h 4m 26.871s
********************************************************************************************************************
********************************************************************************************************************
Ground state is obtained after 14 iterations. The current ground-state energy is -70.4507, in which electron energy is -70.5446 and phonon energy is 0.0939075
final variational state is: 
	Gamma_x = [      1,1.02466,1.03889,1.02466,1.02466,1.03889,1.06059,1.03889,1.03889,1.06059,1.11871,1.06059,1.02466,1.03889,1.06059,1.03889]
	lambda_q = [0.529156,0.448997, 0.40009,0.448997,0.448997, 0.40009,0.409933, 0.40009, 0.40009,0.409933,0.503906,0.409933,0.448997, 0.40009,0.409933, 0.40009]
********************************************************************************************************************
o___o  ----------------------------------------
| L |	Time since last clock: 0h 0m 0s
A===A	Time since the beginning: 0h 30m 27.943s
***********************************************


********************************************************************************************************************
Warm up runs have been completed. Start calculating W = 5 phonon.
open output files: NGSEDIterationObs.txt
********************************************************************************************************************
Start the 0 rounds of NGS-ED iteration
	effective electronic model is modified as: kinetic energy t = 0.843528
	                                           effective interaction Vq = [-2.55986,-2.35203,-2.19367,-2.35203,-2.35203,-2.19367,-2.22747,-2.19367,-2.19367,-2.22747,-2.50132,-2.22747,-2.35203,-2.19367,-2.22747,-2.19367]
	PARPACK diagonalization completed after 45 matrix-vector product operations.
	iteration results: : total energy is -62.930416 | electron energy -62.977354 + phonon energy 0.046938 | electron momentum kIdx = 0
	Nq(0) = 16,	Nq(1) = 0.33314,	Nq(2) = 0.356212,	Nq(3) = 0.33314,	Nq(4) = 0.33314,	Nq(5) = 0.356212,	Nq(6) = 0.568271,	Nq(7) = 0.356212,	Nq(8) = 0.356212,	Nq(9) = 0.568271,	Nq(10) = 4.09013,	Nq(11) = 0.568271,	Nq(12) = 0.33314,	Nq(13) = 0.356212,	Nq(14) = 0.568271,	Nq(15) = 0.356212,	Sq(0) = 4.94933e-19,	Sq(1) = 0.310744,	Sq(2) = 0.352957,	Sq(3) = 0.310744,	Sq(4) = 0.310744,	Sq(5) = 0.352957,	Sq(6) = 0.551494,	Sq(7) = 0.352957,	Sq(8) = 0.352957,	Sq(9) = 0.551494,	Sq(10) = 0.600261,	Sq(11) = 0.551494,	Sq(12) = 0.310744,	Sq(13) = 0.352957,	Sq(14) = 0.551494,	Sq(15) = 0.352957,	N(0) = 1.99582,	N(1) = 1.98723,	N(2) = 1,	N(3) = 1.98723,	N(4) = 1.98723,	N(5) = 1,	N(6) = 0.0127746,	N(7) = 1,	N(8) = 1,	N(9) = 0.0127746,	N(10) = 0.00417847,	N(11) = 0.0127746,	N(12) = 1.98723,	N(13) = 1,	N(14) = 0.0127746,	N(15) = 1,	Delta[s](0) = 0.402849,	Delta[s](1) = 0.325067,	Delta[s](2) = 0.315448,	Delta[s](3) = 0.325067,	Delta[s](4) = 0.325067,	Delta[s](5) = 0.315448,	Delta[s](6) = 0.266496,	Delta[s](7) = 0.315448,	Delta[s](8) = 0.315448,	Delta[s](9) = 0.266496,	Delta[s](10) = 0.254731,	Delta[s](11) = 0.266496,	Delta[s](12) = 0.325067,	Delta[s](13) = 0.315448,	Delta[s](14) = 0.266496,	Delta[s](15) = 0.315448,	Delta[d](0) = 0.237895,	Delta[d](1) = 0.241247,	Delta[d](2) = 0.238348,	Delta[d](3) = 0.241247,	Delta[d](4) = 0.241247,	Delta[d](5) = 0.150742,	Delta[d](6) = 0.196333,	Delta[d](7) = 0.150742,	Delta[d](8) = 0.238348,	Delta[d](9) = 0.196333,	Delta[d](10) = 0.0635789,	Delta[d](11) = 0.196333,	Delta[d](12) = 0.241247,	Delta[d](13) = 0.150742,	Delta[d](14) = 0.196333,	Delta[d](15) = 0.150742,	Delta[s+](0) = 0.468693,	Delta[s+](1) = 0.368963,	Delta[s+](2) = 0.238348,	Delta[s+](3) = 0.368963,	Delta[s+](4) = 0.368963,	Delta[s+](5) = 0.238348,	Delta[s+](6) = 0.107141,	Delta[s+](7) = 0.238348,	Delta[s+](8) = 0.238348,	Delta[s+](9) = 0.107141,	Delta[s+](10) = 0.034665,	Delta[s+](11) = 0.107141,	Delta[s+](12) = 0.368963,	Delta[s+](13) = 0.238348,	Delta[s+](14) = 0.107141,	Delta[s+](15) = 0.238348
The 0-th iteration is completed.	|| time cost : 0h 4m 31.788s
********************************************************************************************************************
Start the 1 rounds of NGS-ED iteration
	effective electronic model is modified as: kinetic energy t = 0.821124
	                                           effective interaction Vq = [ -2.7117,-2.49357,-2.29505,-2.49357,-2.49357,-2.29505,-2.33686,-2.29505,-2.29505,-2.33686,-2.67063,-2.33686,-2.49357,-2.29505,-2.33686,-2.29505]
	PARPACK diagonalization completed after 30 matrix-vector product operations.
	iteration results: : total energy is -66.121298 | electron energy -66.266539 + phonon energy 0.145240 | electron momentum kIdx = 0
The 1-th iteration is completed.	|| time cost : 0h 0m 27.45s
********************************************************************************************************************
Start the 2 rounds of NGS-ED iteration
	effective electronic model is modified as: kinetic energy t = 0.809508
	                                           effective interaction Vq = [-2.76756,-2.54968,-2.34138,-2.54968,-2.54968,-2.34138,-2.38428,-2.34138,-2.34138,-2.38428,-2.74129,-2.38428,-2.54968,-2.34138,-2.38428,-2.34138]
	PARPACK diagonalization completed after 30 matrix-vector product operations.
	iteration results: : total energy is -67.288641 | electron energy -67.504710 + phonon energy 0.216069 | electron momentum kIdx = 0
The 2-th iteration is completed.	|| time cost : 0h 0m 27.343s
********************************************************************************************************************
Start the 3 rounds of NGS-ED iteration
	effective electronic model is modified as: kinetic energy t = 0.803839
	                                           effective interaction Vq = [ -2.7881,-2.57222,-2.36251,-2.57222,-2.57222,-2.36251,-2.40444,-2.36251,-2.36251,-2.40444,-2.76954,-2.40444,-2.57222,-2.36251,-2.40444,-2.36251]
	PARPACK diagonalization completed after 30 matrix-vector product operations.
	iteration results: : total energy is -67.703805 | electron energy -67.961131 + phonon energy 0.257326 | electron momentum kIdx = 0
The 3-th iteration is completed.	|| time cost : 0h 0m 27.282s
********************************************************************************************************************
Start the 4 rounds of NGS-ED iteration
	effective electronic model is modified as: kinetic energy t = 0.801099
	                                           effective interaction Vq = [-2.79566,-2.58162,-2.37242,-2.58162,-2.58162,-2.37242,-2.41323,-2.37242,-2.37242,-2.41323,-2.78112,-2.41323,-2.58162,-2.37242,-2.41323,-2.37242]
	PARPACK diagonalization completed after 30 matrix-vector product operations.
	iteration results: : total energy is -67.849799 | electron energy -68.129476 + phonon energy 0.279676 | electron momentum kIdx = 0
The 4-th iteration is completed.	|| time cost : 0h 0m 27.394s
********************************************************************************************************************
Start the 5 rounds of NGS-ED iteration
	effective electronic model is modified as: kinetic energy t = 0.799765
	                                           effective interaction Vq = [-2.79845,-2.58567, -2.3772,-2.58567,-2.58567, -2.3772,-2.41718, -2.3772, -2.3772,-2.41718,-2.78613,-2.41718,-2.58567, -2.3772,-2.41718, -2.3772]
	PARPACK diagonalization completed after 30 matrix-vector product operations.
	iteration results: : total energy is -67.901201 | electron energy -68.192607 + phonon energy 0.291406 | electron momentum kIdx = 0
The 5-th iteration is completed.	|| time cost : 0h 0m 27.291s
********************************************************************************************************************
Start the 6 rounds of NGS-ED iteration
	effective electronic model is modified as: kinetic energy t = 0.799112
	                                           effective interaction Vq = [-2.79947,-2.58744,-2.37956,-2.58744,-2.58744,-2.37956,-2.41899,-2.37956,-2.37956,-2.41899,-2.78844,-2.41899,-2.58744,-2.37956,-2.41899,-2.37956]
	PARPACK diagonalization completed after 30 matrix-vector product operations.
	iteration results: : total energy is -67.919422 | electron energy -68.216872 + phonon energy 0.297451 | electron momentum kIdx = 0
The 6-th iteration is completed.	|| time cost : 0h 0m 27.244s
********************************************************************************************************************
Start the 7 rounds of NGS-ED iteration
	effective electronic model is modified as: kinetic energy t = 0.798793
	                                           effective interaction Vq = [-2.79984,-2.58821,-2.38073,-2.58821,-2.58821,-2.38073,-2.41982,-2.38073,-2.38073,-2.41982,-2.78955,-2.41982,-2.58821,-2.38073,-2.41982,-2.38073]
	PARPACK diagonalization completed after 30 matrix-vector product operations.
	iteration results: : total energy is -67.925933 | electron energy -68.226461 + phonon energy 0.300528 | electron momentum kIdx = 0
The 7-th iteration is completed.	|| time cost : 0h 0m 27.366s
********************************************************************************************************************
Start the 8 rounds of NGS-ED iteration
	effective electronic model is modified as: kinetic energy t = 0.798638
	                                           effective interaction Vq = [-2.79998,-2.58854,-2.38131,-2.58854,-2.58854,-2.38131,-2.42019,-2.38131,-2.38131,-2.42019, -2.7901,-2.42019,-2.58854,-2.38131,-2.42019,-2.38131]
	PARPACK diagonalization completed after 30 matrix-vector product operations.
	iteration results: : total energy is -67.928277 | electron energy -68.230357 + phonon energy 0.302080 | electron momentum kIdx = 0
The 8-th iteration is completed.	|| time cost : 0h 0m 27.34s
********************************************************************************************************************
Start the 9 rounds of NGS-ED iteration
	effective electronic model is modified as: kinetic energy t = 0.798564
	                                           effective interaction Vq = [-2.80003,-2.58866,-2.38159,-2.58866,-2.58866,-2.38159,-2.42035,-2.38159,-2.38159,-2.42035,-2.79037,-2.42035,-2.58866,-2.38159,-2.42035,-2.38159]
	PARPACK diagonalization completed after 30 matrix-vector product operations.
	iteration results: : total energy is -67.929125 | electron energy -68.231983 + phonon energy 0.302857 | electron momentum kIdx = 0
The 9-th iteration is completed.	|| time cost : 0h 0m 27.355s
********************************************************************************************************************
Start the 10 rounds of NGS-ED iteration
	effective electronic model is modified as: kinetic energy t = 0.798529
	                                           effective interaction Vq = [-2.80005, -2.5887,-2.38173, -2.5887, -2.5887,-2.38173, -2.4204,-2.38173,-2.38173, -2.4204,-2.79051, -2.4204, -2.5887,-2.38173, -2.4204,-2.38173]
	PARPACK diagonalization completed after 30 matrix-vector product operations.
	iteration results: : total energy is -67.929434 | electron energy -68.232678 + phonon energy 0.303244 | electron momentum kIdx = 0
	Nq(0) = 16,	Nq(1) = 0.285456,	Nq(2) = 0.334804,	Nq(3) = 0.285456,	Nq(4) = 0.285456,	Nq(5) = 0.334804,	Nq(6) = 0.518458,	Nq(7) = 0.334804,	Nq(8) = 0.334804,	Nq(9) = 0.518458,	Nq(10) = 5.41125,	Nq(11) = 0.518458,	Nq(12) = 0.285456,	Nq(13) = 0.334804,	Nq(14) = 0.518458,	Nq(15) = 0.334804,	Sq(0) = 6.74376e-19,	Sq(1) = 0.252331,	Sq(2) = 0.319314,	Sq(3) = 0.252331,	Sq(4) = 0.252331,	Sq(5) = 0.319314,	Sq(6) = 0.473268,	Sq(7) = 0.319314,	Sq(8) = 0.319314,	Sq(9) = 0.473268,	Sq(10) = 0.545994,	Sq(11) = 0.473268,	Sq(12) = 0.252331,	Sq(13) = 0.319314,	Sq(14) = 0.473268,	Sq(15) = 0.319314,	N(0) = 1.98407,	N(1) = 1.95114,	N(2) = 1,	N(3) = 1.95114,	N(4) = 1.95114,	N(5) = 1,	N(6) = 0.0488589,	N(7) = 1,	N(8) = 1,	N(9) = 0.0488589,	N(10) = 0.0159336,	N(11) = 0.0488589,	N(12) = 1.95114,	N(13) = 1,	N(14) = 0.0488589,	N(15) = 1,	Delta[s](0) = 0.41957,	Delta[s](1) = 0.351637,	Delta[s](2) = 0.336982,	Delta[s](3) = 0.351637,	Delta[s](4) = 0.351637,	Delta[s](5) = 0.336982,	Delta[s](6) = 0.297601,	Delta[s](7) = 0.336982,	Delta[s](8) = 0.336982,	Delta[s](9) = 0.297601,	Delta[s](10) = 0.279447,	Delta[s](11) = 0.297601,	Delta[s](12) = 0.351637,	Delta[s](13) = 0.336982,	Delta[s](14) = 0.297601,	Delta[s](15) = 0.336982,	Delta[d](0) = 0.223243,	Delta[d](1) = 0.214908,	Delta[d](2) = 0.222316,	Delta[d](3) = 0.214908,	Delta[d](4) = 0.214908,	Delta[d](5) = 0.143604,	Delta[d](6) = 0.173065,	Delta[d](7) = 0.143604,	Delta[d](8) = 0.222316,	Delta[d](9) = 0.173065,	Delta[d](10) = 0.0639014,	Delta[d](11) = 0.173065,	Delta[d](12) = 0.214908,	Delta[d](13) = 0.143604,	Delta[d](14) = 0.173065,	Delta[d](15) = 0.143604,	Delta[s+](0) = 0.44419,	Delta[s+](1) = 0.345176,	Delta[s+](2) = 0.222316,	Delta[s+](3) = 0.345176,	Delta[s+](4) = 0.345176,	Delta[s+](5) = 0.222316,	Delta[s+](6) = 0.0985229,	Delta[s+](7) = 0.222316,	Delta[s+](8) = 0.222316,	Delta[s+](9) = 0.0985229,	Delta[s+](10) = 0.0353801,	Delta[s+](11) = 0.0985229,	Delta[s+](12) = 0.345176,	Delta[s+](13) = 0.222316,	Delta[s+](14) = 0.0985229,	Delta[s+](15) = 0.222316
The 10-th iteration is completed.	|| time cost : 0h 4m 22.163s
********************************************************************************************************************
Start the 11 rounds of NGS-ED iteration
	effective electronic model is modified as: kinetic energy t = 0.798513
	                                           effective interaction Vq = [-2.80006,-2.58871,-2.38179,-2.58871,-2.58871,-2.38179,-2.42042,-2.38179,-2.38179,-2.42042,-2.79058,-2.42042,-2.58871,-2.38179,-2.42042,-2.38179]
	PARPACK diagonalization completed after 30 matrix-vector product operations.
	iteration results: : total energy is -67.929547 | electron energy -68.232981 + phonon energy 0.303434 | electron momentum kIdx = 0
The 11-th iteration is completed.	|| time cost : 0h 0m 27.413s
********************************************************************************************************************
Start the 12 rounds of NGS-ED iteration
	effective electronic model is modified as: kinetic energy t = 0.798506
	                                           effective interaction Vq = [-2.80006, -2.5887,-2.38182, -2.5887, -2.5887,-2.38182,-2.42042,-2.38182,-2.38182,-2.42042,-2.79062,-2.42042, -2.5887,-2.38182,-2.42042,-2.38182]
	PARPACK diagonalization completed after 30 matrix-vector product operations.
	iteration results: : total energy is -67.929588 | electron energy -68.233115 + phonon energy 0.303527 | electron momentum kIdx = 0
The 12-th iteration is completed.	|| time cost : 0h 0m 27.356s
********************************************************************************************************************
Start the 13 rounds of NGS-ED iteration
	effective electronic model is modified as: kinetic energy t = 0.798504
	                                           effective interaction Vq = [-2.80006, -2.5887,-2.38183, -2.5887, -2.5887,-2.38183,-2.42042,-2.38183,-2.38183,-2.42042,-2.79064,-2.42042, -2.5887,-2.38183,-2.42042,-2.38183]
	PARPACK diagonalization completed after 30 matrix-vector product operations.
	iteration results: : total energy is -67.929603 | electron energy -68.233175 + phonon energy 0.303572 | electron momentum kIdx = 0
The 13-th iteration is completed.	|| time cost : 0h 0m 27.32s
********************************************************************************************************************
Start the 14 rounds of NGS-ED iteration
	effective electronic model is modified as: kinetic energy t = 0.798503
	                                           effective interaction Vq = [-2.80006,-2.58869,-2.38184,-2.58869,-2.58869,-2.38184,-2.42041,-2.38184,-2.38184,-2.42041,-2.79065,-2.42041,-2.58869,-2.38184,-2.42041,-2.38184]
	PARPACK diagonalization completed after 30 matrix-vector product operations.
	iteration results: : total energy is -67.929608 | electron energy -68.233201 + phonon energy 0.303593 | electron momentum kIdx = 0
The 14-th iteration is completed.	|| time cost : 0h 0m 27.302s
********************************************************************************************************************
Start the 15 rounds of NGS-ED iteration
	effective electronic model is modified as: kinetic energy t = 0.798503
	                                           effective interaction Vq = [-2.80006,-2.58868,-2.38184,-2.58868,-2.58868,-2.38184, -2.4204,-2.38184,-2.38184, -2.4204,-2.79065, -2.4204,-2.58868,-2.38184, -2.4204,-2.38184]
	PARPACK diagonalization completed after 30 matrix-vector product operations.
	iteration results: : total energy is -67.929610 | electron energy -68.233213 + phonon energy 0.303602 | electron momentum kIdx = 0
The 15-th iteration is completed.	|| time cost : 0h 0m 27.664s
********************************************************************************************************************
Start the 16 rounds of NGS-ED iteration
	effective electronic model is modified as: kinetic energy t = 0.798503
	                                           effective interaction Vq = [-2.80006,-2.58868,-2.38184,-2.58868,-2.58868,-2.38184, -2.4204,-2.38184,-2.38184, -2.4204,-2.79066, -2.4204,-2.58868,-2.38184, -2.4204,-2.38184]
	PARPACK diagonalization completed after 30 matrix-vector product operations.
	iteration results: : total energy is -67.929611 | electron energy -68.233218 + phonon energy 0.303606 | electron momentum kIdx = 0
The 16-th iteration is completed.	|| time cost : 0h 0m 27.344s
********************************************************************************************************************
Start the 17 rounds of NGS-ED iteration
	effective electronic model is modified as: kinetic energy t = 0.798503
	                                           effective interaction Vq = [-2.80006,-2.58867,-2.38184,-2.58867,-2.58867,-2.38184, -2.4204,-2.38184,-2.38184, -2.4204,-2.79066, -2.4204,-2.58867,-2.38184, -2.4204,-2.38184]
	PARPACK diagonalization completed after 30 matrix-vector product operations.
	iteration results: : total energy is -67.929612 | electron energy -68.233220 + phonon energy 0.303608 | electron momentum kIdx = 0
The 17-th iteration is completed.	|| time cost : 0h 0m 27.331s
********************************************************************************************************************
Start the 18 rounds of NGS-ED iteration
	effective electronic model is modified as: kinetic energy t = 0.798503
	                                           effective interaction Vq = [-2.80006,-2.58867,-2.38184,-2.58867,-2.58867,-2.38184,-2.42039,-2.38184,-2.38184,-2.42039,-2.79066,-2.42039,-2.58867,-2.38184,-2.42039,-2.38184]
	PARPACK diagonalization completed after 30 matrix-vector product operations.
	iteration results: : total energy is -67.929612 | electron energy -68.233220 + phonon energy 0.303609 | electron momentum kIdx = 0
The 18-th iteration is completed.	|| time cost : 0h 0m 27.658s
********************************************************************************************************************
Start the 19 rounds of NGS-ED iteration
	effective electronic model is modified as: kinetic energy t = 0.798504
	                                           effective interaction Vq = [-2.80006,-2.58867,-2.38184,-2.58867,-2.58867,-2.38184,-2.42039,-2.38184,-2.38184,-2.42039,-2.79066,-2.42039,-2.58867,-2.38184,-2.42039,-2.38184]
	PARPACK diagonalization completed after 30 matrix-vector product operations.
	iteration results: : total energy is -67.929612 | electron energy -68.233220 + phonon energy 0.303609 | electron momentum kIdx = 0
The 19-th iteration is completed.	|| time cost : 0h 0m 27.309s
********************************************************************************************************************
Start the 20 rounds of NGS-ED iteration
	effective electronic model is modified as: kinetic energy t = 0.798504
	                                           effective interaction Vq = [-2.80006,-2.58867,-2.38184,-2.58867,-2.58867,-2.38184,-2.42039,-2.38184,-2.38184,-2.42039,-2.79066,-2.42039,-2.58867,-2.38184,-2.42039,-2.38184]
	PARPACK diagonalization completed after 30 matrix-vector product operations.
	iteration results: : total energy is -67.929612 | electron energy -68.233220 + phonon energy 0.303609 | electron momentum kIdx = 0
