SNEDics v3.2 diagonalization test program		Start at Sat Apr 27 11:53:14 2019

parallized on 80 MPI threads  * 6 OpenMP threads = 480 total threads.
************************************************************************************
************************************************************************************

Input file "model_params.in"
Hubbard-Holstein model parameters : 	t = 1    U = 5    g = 0.7071    W = 1    
************************************************************************************
Input file "hilbertspace_params.in"

Cluster Positions:				Cluster symmetry group : D4
 x ... x ... x ... x .....                       x ... x ... x ... x .....
 |           |           :                       |           |           :
 |           |           :                       |           |           :
12    13    14    15     x                       1     5     6     5     x
 |           |           :                       |           |           :
 |           |           :                       |           |           :
 8 --- 9 ---10 ---11 --- x                       2 --- 6 ---10 --- 6 --- x
 |           |           :                       |           |           :
 |           |           :                       |           |           :
 4     5     6     7     x                       1     5     6     5     x
 |           |           :                       |           |           :
 |           |           :                       |           |           :
 0 --- 1 --- 2 --- 3 --- x                       0 --- 1 --- 2 --- 1 --- x
orbital number : 1
************************************************************************************
0 rounds of non-Gaussian ED iteration : ground-state energy is -11.9405 | electron energy -11.9405 + phonon energy 0 | electron momentum kIdx = 0
Nq = 	16	0.12461	0.195263	0.12461	0.12461	0.195263	0.26473	0.195263	0.195263	0.26473	0.325885	0.26473	0.12461	0.195263	0.26473	0.195263
Sq = 	-6.83509e-19	0.427088	0.630149	0.427088	0.427088	0.630149	0.841324	0.630149	0.630149	0.841324	4.09063	0.841324	0.427088	0.630149	0.841324	0.630149
1 rounds of non-Gaussian ED iteration : ground-state energy is -13.5528 | electron energy -13.5529 + phonon energy 1.01109e-06 | electron momentum kIdx = 0
Nq = 	16	0.128385	0.199821	0.128385	0.128385	0.199821	0.270863	0.199821	0.199821	0.270863	0.332882	0.270863	0.128385	0.199821	0.270863	0.199821
Sq = 	-2.18795e-18	0.427294	0.629509	0.427294	0.427294	0.629509	0.836812	0.629509	0.629509	0.836812	4.03772	0.836812	0.427294	0.629509	0.836812	0.629509
2 rounds of non-Gaussian ED iteration : ground-state energy is -14.7805 | electron energy -14.7805 + phonon energy 2.31119e-05 | electron momentum kIdx = 0
Nq = 	16	0.129963	0.201665	0.129963	0.129963	0.201665	0.273306	0.201665	0.201665	0.273306	0.335602	0.273306	0.129963	0.201665	0.273306	0.201665
Sq = 	4.28495e-20	0.427375	0.629265	0.427375	0.427375	0.629265	0.835001	0.629265	0.629265	0.835001	4.01624	0.835001	0.427375	0.629265	0.835001	0.629265
3 rounds of non-Gaussian ED iteration : ground-state energy is -15.7633 | electron energy -15.7634 + phonon energy 0.00010483 | electron momentum kIdx = 0
Nq = 	16	0.130706	0.202506	0.130706	0.130706	0.202506	0.274401	0.202506	0.202506	0.274401	0.336794	0.274401	0.130706	0.202506	0.274401	0.202506
Sq = 	-4.37516e-18	0.427416	0.629162	0.427416	0.427416	0.629162	0.834178	0.629162	0.629162	0.834178	4.0064	0.834178	0.427416	0.629162	0.834178	0.629162
4 rounds of non-Gaussian ED iteration : ground-state energy is -16.5624 | electron energy -16.5627 + phonon energy 0.00025737 | electron momentum kIdx = 0
Nq = 	16	0.131085	0.202922	0.131085	0.131085	0.202922	0.274932	0.202922	0.202922	0.274932	0.337364	0.274932	0.131085	0.202922	0.274932	0.202922
Sq = 	1.89753e-18	0.427438	0.629116	0.427438	0.427438	0.629116	0.833771	0.629116	0.629116	0.833771	4.0015	0.833771	0.427438	0.629116	0.833771	0.629116
5 rounds of non-Gaussian ED iteration : ground-state energy is -17.2152 | electron energy -17.2156 + phonon energy 0.000463797 | electron momentum kIdx = 0
Nq = 	16	0.13129	0.20314	0.13129	0.13129	0.20314	0.275208	0.20314	0.20314	0.275208	0.337656	0.275208	0.13129	0.20314	0.275208	0.20314
Sq = 	-5.85598e-18	0.427451	0.629093	0.427451	0.427451	0.629093	0.833558	0.629093	0.629093	0.833558	3.99892	0.833558	0.427451	0.629093	0.833558	0.629093
6 rounds of non-Gaussian ED iteration : ground-state energy is -17.7492 | electron energy -17.7499 + phonon energy 0.000698744 | electron momentum kIdx = 0
Nq = 	16	0.131405	0.20326	0.131405	0.131405	0.20326	0.275359	0.20326	0.20326	0.275359	0.337816	0.275359	0.131405	0.20326	0.275359	0.20326
Sq = 	-9.14004e-19	0.427458	0.629082	0.427458	0.427458	0.629082	0.83344	0.629082	0.629082	0.83344	3.99749	0.83344	0.427458	0.629082	0.83344	0.629082
7 rounds of non-Gaussian ED iteration : ground-state energy is -18.1862 | electron energy -18.1871 + phonon energy 0.000940243 | electron momentum kIdx = 0
Nq = 	16	0.131473	0.203329	0.131473	0.131473	0.203329	0.275446	0.203329	0.203329	0.275446	0.33791	0.275446	0.131473	0.203329	0.275446	0.203329
Sq = 	6.54628e-18	0.427462	0.629075	0.427462	0.427462	0.629075	0.833372	0.629075	0.629075	0.833372	3.99665	0.833372	0.427462	0.629075	0.833372	0.629075
8 rounds of non-Gaussian ED iteration : ground-state energy is -18.544 | electron energy -18.5451 + phonon energy 0.00117311 | electron momentum kIdx = 0
Nq = 	16	0.131515	0.203371	0.131515	0.131515	0.203371	0.2755	0.203371	0.203371	0.2755	0.337968	0.2755	0.131515	0.203371	0.2755	0.203371
Sq = 	-7.63714e-18	0.427465	0.629071	0.427465	0.427465	0.629071	0.83333	0.629071	0.629071	0.83333	3.99614	0.83333	0.427465	0.629071	0.83333	0.629071
9 rounds of non-Gaussian ED iteration : ground-state energy is -18.8368 | electron energy -18.8382 + phonon energy 0.00138839 | electron momentum kIdx = 0
Nq = 	16	0.131541	0.203399	0.131541	0.131541	0.203399	0.275536	0.203399	0.203399	0.275536	0.338007	0.275536	0.131541	0.203399	0.275536	0.203399
Sq = 	4.26852e-18	0.427466	0.629068	0.427466	0.427467	0.629068	0.833302	0.629068	0.629068	0.833302	3.99581	0.833302	0.427467	0.629068	0.833302	0.629068
10 rounds of non-Gaussian ED iteration : ground-state energy is -19.0766 | electron energy -19.0782 + phonon energy 0.0015818 | electron momentum kIdx = 0
Nq = 	16	0.131559	0.203417	0.131559	0.131559	0.203417	0.27556	0.203417	0.203417	0.27556	0.338034	0.27556	0.131559	0.203417	0.27556	0.203417
Sq = 	7.35954e-18	0.427467	0.629066	0.427467	0.427467	0.629066	0.833284	0.629066	0.629066	0.833284	3.99558	0.833284	0.427467	0.629066	0.833284	0.629066
11 rounds of non-Gaussian ED iteration : ground-state energy is -19.2729 | electron energy -19.2747 + phonon energy 0.00175205 | electron momentum kIdx = 0
Nq = 	16	0.131572	0.203431	0.131572	0.131572	0.203431	0.275578	0.203431	0.203431	0.275578	0.338054	0.275578	0.131572	0.203431	0.275578	0.203431
Sq = 	1.21949e-18	0.427468	0.629065	0.427468	0.427468	0.629065	0.833271	0.629065	0.629065	0.833271	3.99542	0.833271	0.427468	0.629065	0.833271	0.629065
12 rounds of non-Gaussian ED iteration : ground-state energy is -19.4336 | electron energy -19.4355 + phonon energy 0.00189975 | electron momentum kIdx = 0
Nq = 	16	0.131581	0.203441	0.131581	0.131581	0.203441	0.275591	0.203441	0.203441	0.275591	0.338069	0.275591	0.131581	0.203441	0.275591	0.203441
Sq = 	6.45267e-18	0.427468	0.629063	0.427468	0.427468	0.629063	0.833261	0.629063	0.629063	0.833261	3.9953	0.833261	0.427468	0.629063	0.833261	0.629063
13 rounds of non-Gaussian ED iteration : ground-state energy is -19.5652 | electron energy -19.5672 + phonon energy 0.00202649 | electron momentum kIdx = 0
Nq = 	16	0.131588	0.203448	0.131588	0.131588	0.203448	0.275602	0.203448	0.203448	0.275602	0.338081	0.275602	0.131588	0.203448	0.275602	0.203448
Sq = 	-4.19325e-19	0.427469	0.629062	0.427469	0.427469	0.629062	0.833253	0.629062	0.629062	0.833253	3.99521	0.833253	0.427469	0.629062	0.833253	0.629062
14 rounds of non-Gaussian ED iteration : ground-state energy is -19.6729 | electron energy -19.6751 + phonon energy 0.00213436 | electron momentum kIdx = 0
Nq = 	16	0.131594	0.203454	0.131594	0.131594	0.203454	0.27561	0.203454	0.203454	0.27561	0.33809	0.27561	0.131594	0.203454	0.27561	0.203454
Sq = 	4.07418e-18	0.427469	0.629062	0.427469	0.427469	0.629062	0.833247	0.629062	0.629062	0.833247	3.99514	0.833247	0.427469	0.629062	0.833247	0.629062
15 rounds of non-Gaussian ED iteration : ground-state energy is -19.7611 | electron energy -19.7633 + phonon energy 0.00222561 | electron momentum kIdx = 0
Nq = 	16	0.131598	0.203459	0.131598	0.131598	0.203459	0.275616	0.203459	0.203459	0.275616	0.338098	0.275616	0.131598	0.203459	0.275616	0.203459
Sq = 	2.29783e-19	0.427469	0.629061	0.427469	0.427469	0.629061	0.833242	0.629061	0.629061	0.833242	3.99508	0.833242	0.427469	0.629061	0.833242	0.629061
16 rounds of non-Gaussian ED iteration : ground-state energy is -19.8333 | electron energy -19.8356 + phonon energy 0.00230241 | electron momentum kIdx = 0
Nq = 	16	0.131601	0.203463	0.131601	0.131601	0.203463	0.275622	0.203463	0.203463	0.275622	0.338104	0.275622	0.131601	0.203463	0.275622	0.203463
Sq = 	7.96908e-19	0.427469	0.62906	0.427469	0.427469	0.62906	0.833239	0.62906	0.62906	0.833238	3.99504	0.833238	0.427469	0.62906	0.833239	0.62906
17 rounds of non-Gaussian ED iteration : ground-state energy is -19.8924 | electron energy -19.8948 + phonon energy 0.00236681 | electron momentum kIdx = 0
Nq = 	16	0.131604	0.203466	0.131604	0.131604	0.203466	0.275626	0.203466	0.203466	0.275626	0.338109	0.275626	0.131604	0.203466	0.275626	0.203466
Sq = 	-5.42664e-18	0.427469	0.62906	0.427469	0.427469	0.62906	0.833235	0.62906	0.62906	0.833235	3.995	0.833235	0.427469	0.62906	0.833235	0.62906
18 rounds of non-Gaussian ED iteration : ground-state energy is -19.9408 | electron energy -19.9432 + phonon energy 0.00242065 | electron momentum kIdx = 0
Nq = 	16	0.131606	0.203468	0.131606	0.131606	0.203468	0.27563	0.203468	0.203468	0.27563	0.338114	0.27563	0.131606	0.203468	0.27563	0.203468
Sq = 	1.76104e-19	0.427469	0.629059	0.427469	0.427469	0.629059	0.833233	0.629059	0.629059	0.833233	3.99497	0.833233	0.427469	0.629059	0.833233	0.629059
19 rounds of non-Gaussian ED iteration : ground-state energy is -19.9805 | electron energy -19.9829 + phonon energy 0.00246555 | electron momentum kIdx = 0
Nq = 	16	0.131608	0.203471	0.131608	0.131608	0.203471	0.275633	0.203471	0.203471	0.275633	0.338117	0.275633	0.131608	0.203471	0.275633	0.203471
Sq = 	-1.5593e-18	0.427469	0.629059	0.427469	0.427469	0.629059	0.833231	0.629059	0.629059	0.833231	3.99494	0.833231	0.427469	0.629059	0.833231	0.629059
20 rounds of non-Gaussian ED iteration : ground-state energy is -20.0129 | electron energy -20.0154 + phonon energy 0.00250292 | electron momentum kIdx = 0
Nq = 	16	0.13161	0.203472	0.13161	0.13161	0.203472	0.275635	0.203472	0.203472	0.275635	0.33812	0.275635	0.13161	0.203472	0.275635	0.203472
Sq = 	-1.39461e-18	0.427469	0.629059	0.427469	0.427469	0.629059	0.833229	0.629059	0.629059	0.833229	3.99492	0.833229	0.427469	0.629059	0.833229	0.629059
21 rounds of non-Gaussian ED iteration : ground-state energy is -20.0395 | electron energy -20.042 + phonon energy 0.00253398 | electron momentum kIdx = 0
Nq = 	16	0.131611	0.203474	0.131611	0.131611	0.203474	0.275637	0.203474	0.203474	0.275637	0.338122	0.275637	0.131611	0.203474	0.275637	0.203474
Sq = 	-2.67376e-18	0.427469	0.629059	0.427469	0.427469	0.629059	0.833228	0.629059	0.629059	0.833228	3.99491	0.833228	0.427469	0.629059	0.833228	0.629059
22 rounds of non-Gaussian ED iteration : ground-state energy is -20.0612 | electron energy -20.0638 + phonon energy 0.00255976 | electron momentum kIdx = 0
Nq = 	16	0.131612	0.203475	0.131612	0.131612	0.203475	0.275639	0.203475	0.203475	0.275639	0.338124	0.275639	0.131612	0.203475	0.275639	0.203475
Sq = 	-1.76912e-18	0.427469	0.629058	0.427469	0.427469	0.629058	0.833226	0.629058	0.629058	0.833226	3.99489	0.833226	0.427469	0.629058	0.833226	0.629058
23 rounds of non-Gaussian ED iteration : ground-state energy is -20.079 | electron energy -20.0816 + phonon energy 0.00258114 | electron momentum kIdx = 0
Nq = 	16	0.131613	0.203476	0.131613	0.131613	0.203476	0.27564	0.203476	0.203476	0.27564	0.338125	0.27564	0.131613	0.203476	0.27564	0.203476
Sq = 	3.30659e-18	0.427469	0.629058	0.427469	0.427469	0.629058	0.833226	0.629058	0.629058	0.833226	3.99488	0.833226	0.427469	0.629058	0.833226	0.629058
24 rounds of non-Gaussian ED iteration : ground-state energy is -20.0936 | electron energy -20.0962 + phonon energy 0.00259885 | electron momentum kIdx = 0
Nq = 	16	0.131613	0.203477	0.131613	0.131613	0.203477	0.275641	0.203477	0.203477	0.275641	0.338127	0.275641	0.131613	0.203477	0.275641	0.203477
Sq = 	3.8914e-19	0.427469	0.629058	0.427469	0.427469	0.629058	0.833225	0.629058	0.629058	0.833225	3.99487	0.833225	0.427469	0.629058	0.833225	0.629058
25 rounds of non-Gaussian ED iteration : ground-state energy is -20.1055 | electron energy -20.1081 + phonon energy 0.00261351 | electron momentum kIdx = 0
Nq = 	16	0.131614	0.203477	0.131614	0.131614	0.203477	0.275642	0.203477	0.203477	0.275642	0.338128	0.275642	0.131614	0.203477	0.275642	0.203477
Sq = 	-2.02699e-18	0.42747	0.629058	0.42747	0.42747	0.629058	0.833224	0.629058	0.629058	0.833224	3.99486	0.833224	0.42747	0.629058	0.833224	0.629058
26 rounds of non-Gaussian ED iteration : ground-state energy is -20.1153 | electron energy -20.1179 + phonon energy 0.00262564 | electron momentum kIdx = 0
Nq = 	16	0.131614	0.203478	0.131614	0.131614	0.203478	0.275643	0.203478	0.203478	0.275643	0.338129	0.275643	0.131614	0.203478	0.275643	0.203478
Sq = 	-7.73762e-18	0.42747	0.629058	0.42747	0.42747	0.629058	0.833224	0.629058	0.629058	0.833224	3.99486	0.833224	0.42747	0.629058	0.833224	0.629058
27 rounds of non-Gaussian ED iteration : ground-state energy is -20.1233 | electron energy -20.1259 + phonon energy 0.00263568 | electron momentum kIdx = 0
Nq = 	16	0.131615	0.203478	0.131615	0.131615	0.203478	0.275643	0.203478	0.203478	0.275643	0.338129	0.275643	0.131615	0.203478	0.275643	0.203478
Sq = 	2.6306e-18	0.42747	0.629058	0.42747	0.42747	0.629058	0.833223	0.629058	0.629058	0.833223	3.99485	0.833223	0.42747	0.629058	0.833223	0.629058
28 rounds of non-Gaussian ED iteration : ground-state energy is -20.1298 | electron energy -20.1325 + phonon energy 0.00264397 | electron momentum kIdx = 0
Nq = 	16	0.131615	0.203479	0.131615	0.131615	0.203479	0.275644	0.203479	0.203479	0.275644	0.33813	0.275644	0.131615	0.203479	0.275644	0.203479
Sq = 	-5.03934e-20	0.42747	0.629058	0.42747	0.42747	0.629058	0.833223	0.629058	0.629058	0.833223	3.99485	0.833223	0.42747	0.629058	0.833223	0.629058
29 rounds of non-Gaussian ED iteration : ground-state energy is -20.1352 | electron energy -20.1378 + phonon energy 0.00265083 | electron momentum kIdx = 0
Nq = 	16	0.131615	0.203479	0.131615	0.131615	0.203479	0.275644	0.203479	0.203479	0.275644	0.338131	0.275644	0.131615	0.203479	0.275644	0.203479
Sq = 	9.19684e-19	0.42747	0.629058	0.42747	0.42747	0.629058	0.833222	0.629058	0.629058	0.833222	3.99484	0.833222	0.42747	0.629058	0.833222	0.629058
30 rounds of non-Gaussian ED iteration : ground-state energy is -20.1396 | electron energy -20.1422 + phonon energy 0.0026565 | electron momentum kIdx = 0
Nq = 	16	0.131615	0.203479	0.131615	0.131615	0.203479	0.275645	0.203479	0.203479	0.275645	0.338131	0.275645	0.131615	0.203479	0.275645	0.203479
Sq = 	3.24779e-18	0.42747	0.629058	0.42747	0.42747	0.629058	0.833222	0.629058	0.629058	0.833222	3.99484	0.833222	0.42747	0.629058	0.833222	0.629058
31 rounds of non-Gaussian ED iteration : ground-state energy is -20.1432 | electron energy -20.1458 + phonon energy 0.00266118 | electron momentum kIdx = 0
Nq = 	16	0.131616	0.203479	0.131616	0.131616	0.203479	0.275645	0.203479	0.203479	0.275645	0.338131	0.275645	0.131616	0.203479	0.275645	0.203479
Sq = 	-1.60946e-18	0.42747	0.629058	0.42747	0.42747	0.629058	0.833222	0.629058	0.629058	0.833222	3.99484	0.833222	0.42747	0.629058	0.833222	0.629058
32 rounds of non-Gaussian ED iteration : ground-state energy is -20.1461 | electron energy -20.1488 + phonon energy 0.00266504 | electron momentum kIdx = 0
Nq = 	16	0.131616	0.203479	0.131616	0.131616	0.203479	0.275645	0.203479	0.203479	0.275645	0.338132	0.275645	0.131616	0.203479	0.275645	0.203479
Sq = 	-8.24623e-19	0.42747	0.629058	0.42747	0.42747	0.629058	0.833222	0.629058	0.629058	0.833222	3.99484	0.833222	0.42747	0.629058	0.833222	0.629058
33 rounds of non-Gaussian ED iteration : ground-state energy is -20.1485 | electron energy -20.1512 + phonon energy 0.00266824 | electron momentum kIdx = 0
Nq = 	16	0.131616	0.20348	0.131616	0.131616	0.20348	0.275645	0.20348	0.20348	0.275645	0.338132	0.275645	0.131616	0.20348	0.275645	0.20348
Sq = 	-2.51705e-18	0.42747	0.629058	0.42747	0.42747	0.629058	0.833222	0.629058	0.629058	0.833222	3.99483	0.833222	0.42747	0.629058	0.833222	0.629058
34 rounds of non-Gaussian ED iteration : ground-state energy is -20.1505 | electron energy -20.1532 + phonon energy 0.00267087 | electron momentum kIdx = 0
Nq = 	16	0.131616	0.20348	0.131616	0.131616	0.20348	0.275645	0.20348	0.20348	0.275645	0.338132	0.275645	0.131616	0.20348	0.275645	0.20348
Sq = 	-5.95672e-18	0.42747	0.629058	0.42747	0.42747	0.629058	0.833222	0.629058	0.629058	0.833222	3.99483	0.833222	0.42747	0.629058	0.833222	0.629058
35 rounds of non-Gaussian ED iteration : ground-state energy is -20.1521 | electron energy -20.1548 + phonon energy 0.00267305 | electron momentum kIdx = 0
Nq = 	16	0.131616	0.20348	0.131616	0.131616	0.20348	0.275646	0.20348	0.20348	0.275646	0.338132	0.275646	0.131616	0.20348	0.275646	0.20348
Sq = 	-2.39101e-18	0.42747	0.629058	0.42747	0.42747	0.629058	0.833221	0.629058	0.629058	0.833221	3.99483	0.833221	0.42747	0.629058	0.833221	0.629058
36 rounds of non-Gaussian ED iteration : ground-state energy is -20.1534 | electron energy -20.1561 + phonon energy 0.00267485 | electron momentum kIdx = 0
Nq = 	16	0.131616	0.20348	0.131616	0.131616	0.20348	0.275646	0.20348	0.20348	0.275646	0.338132	0.275646	0.131616	0.20348	0.275646	0.20348
Sq = 	1.72486e-18	0.42747	0.629058	0.42747	0.42747	0.629058	0.833221	0.629058	0.629058	0.833221	3.99483	0.833221	0.42747	0.629058	0.833221	0.629058
37 rounds of non-Gaussian ED iteration : ground-state energy is -20.1545 | electron energy -20.1572 + phonon energy 0.00267633 | electron momentum kIdx = 0
Nq = 	16	0.131616	0.20348	0.131616	0.131616	0.20348	0.275646	0.20348	0.20348	0.275646	0.338132	0.275646	0.131616	0.20348	0.275646	0.20348
Sq = 	-2.77042e-18	0.42747	0.629058	0.42747	0.42747	0.629058	0.833221	0.629058	0.629058	0.833221	3.99483	0.833221	0.42747	0.629058	0.833221	0.629058
38 rounds of non-Gaussian ED iteration : ground-state energy is -20.1554 | electron energy -20.1581 + phonon energy 0.00267756 | electron momentum kIdx = 0
Nq = 	16	0.131616	0.20348	0.131616	0.131616	0.20348	0.275646	0.20348	0.20348	0.275646	0.338133	0.275646	0.131616	0.20348	0.275646	0.20348
Sq = 	9.05779e-19	0.42747	0.629058	0.42747	0.42747	0.629058	0.833221	0.629058	0.629058	0.833221	3.99483	0.833221	0.42747	0.629058	0.833221	0.629058
39 rounds of non-Gaussian ED iteration : ground-state energy is -20.1561 | electron energy -20.1588 + phonon energy 0.00267857 | electron momentum kIdx = 0
Nq = 	16	0.131616	0.20348	0.131616	0.131616	0.20348	0.275646	0.20348	0.20348	0.275646	0.338133	0.275646	0.131616	0.20348	0.275646	0.20348
Sq = 	1.74277e-18	0.42747	0.629058	0.42747	0.42747	0.629058	0.833221	0.629058	0.629058	0.833221	3.99483	0.833221	0.42747	0.629058	0.833221	0.629058
40 rounds of non-Gaussian ED iteration : ground-state energy is -20.1567 | electron energy -20.1594 + phonon energy 0.0026794 | electron momentum kIdx = 0
Nq = 	16	0.131616	0.20348	0.131616	0.131616	0.20348	0.275646	0.20348	0.20348	0.275646	0.338133	0.275646	0.131616	0.20348	0.275646	0.20348
Sq = 	2.36983e-18	0.42747	0.629058	0.42747	0.42747	0.629058	0.833221	0.629058	0.629058	0.833221	3.99483	0.833221	0.42747	0.629058	0.833221	0.629058
41 rounds of non-Gaussian ED iteration : ground-state energy is -20.1572 | electron energy -20.1599 + phonon energy 0.00268009 | electron momentum kIdx = 0
Nq = 	16	0.131616	0.20348	0.131616	0.131616	0.20348	0.275646	0.20348	0.20348	0.275646	0.338133	0.275646	0.131616	0.20348	0.275646	0.20348
Sq = 	-4.18081e-19	0.42747	0.629058	0.42747	0.42747	0.629058	0.833221	0.629058	0.629058	0.833221	3.99483	0.833221	0.42747	0.629058	0.833221	0.629058
42 rounds of non-Gaussian ED iteration : ground-state energy is -20.1576 | electron energy -20.1603 + phonon energy 0.00268066 | electron momentum kIdx = 0
Nq = 	16	0.131616	0.20348	0.131616	0.131616	0.20348	0.275646	0.20348	0.20348	0.275646	0.338133	0.275646	0.131616	0.20348	0.275646	0.20348
Sq = 	2.28257e-19	0.42747	0.629058	0.42747	0.42747	0.629058	0.833221	0.629058	0.629058	0.833221	3.99483	0.833221	0.42747	0.629058	0.833221	0.629058
43 rounds of non-Gaussian ED iteration : ground-state energy is -20.1579 | electron energy -20.1606 + phonon energy 0.00268113 | electron momentum kIdx = 0
Nq = 	16	0.131616	0.20348	0.131616	0.131616	0.20348	0.275646	0.20348	0.20348	0.275646	0.338133	0.275646	0.131616	0.20348	0.275646	0.20348
Sq = 	-3.12191e-18	0.42747	0.629058	0.42747	0.42747	0.629058	0.833221	0.629058	0.629058	0.833221	3.99483	0.833221	0.42747	0.629058	0.833221	0.629058
44 rounds of non-Gaussian ED iteration : ground-state energy is -20.1582 | electron energy -20.1609 + phonon energy 0.00268152 | electron momentum kIdx = 0
Nq = 	16	0.131616	0.20348	0.131616	0.131616	0.20348	0.275646	0.20348	0.20348	0.275646	0.338133	0.275646	0.131616	0.20348	0.275646	0.20348
Sq = 	4.86739e-18	0.42747	0.629058	0.42747	0.42747	0.629058	0.833221	0.629058	0.629058	0.833221	3.99483	0.833221	0.42747	0.629058	0.833221	0.629058
45 rounds of non-Gaussian ED iteration : ground-state energy is -20.1584 | electron energy -20.1611 + phonon energy 0.00268184 | electron momentum kIdx = 0
Nq = 	16	0.131616	0.20348	0.131616	0.131616	0.20348	0.275646	0.20348	0.20348	0.275646	0.338133	0.275646	0.131616	0.20348	0.275646	0.20348
Sq = 	2.96703e-18	0.42747	0.629058	0.42747	0.42747	0.629058	0.833221	0.629058	0.629058	0.833221	3.99483	0.833221	0.42747	0.629058	0.833221	0.629058
46 rounds of non-Gaussian ED iteration : ground-state energy is -20.1586 | electron energy -20.1613 + phonon energy 0.0026821 | electron momentum kIdx = 0
Nq = 	16	0.131616	0.20348	0.131616	0.131616	0.20348	0.275646	0.20348	0.20348	0.275646	0.338133	0.275646	0.131616	0.20348	0.275646	0.20348
Sq = 	-6.13875e-18	0.42747	0.629058	0.42747	0.42747	0.629058	0.833221	0.629058	0.629058	0.833221	3.99483	0.833221	0.42747	0.629058	0.833221	0.629058
47 rounds of non-Gaussian ED iteration : ground-state energy is -20.1588 | electron energy -20.1614 + phonon energy 0.00268232 | electron momentum kIdx = 0
Nq = 	16	0.131616	0.20348	0.131616	0.131616	0.20348	0.275646	0.20348	0.20348	0.275646	0.338133	0.275646	0.131616	0.20348	0.275646	0.20348
Sq = 	3.78165e-18	0.42747	0.629058	0.42747	0.42747	0.629058	0.833221	0.629058	0.629058	0.833221	3.99483	0.833221	0.42747	0.629058	0.833221	0.629058
48 rounds of non-Gaussian ED iteration : ground-state energy is -20.1589 | electron energy -20.1616 + phonon energy 0.0026825 | electron momentum kIdx = 0
Nq = 	16	0.131616	0.20348	0.131616	0.131616	0.20348	0.275646	0.20348	0.20348	0.275646	0.338133	0.275646	0.131616	0.20348	0.275646	0.20348
Sq = 	1.79137e-18	0.42747	0.629058	0.42747	0.42747	0.629058	0.833221	0.629058	0.629058	0.833221	3.99483	0.833221	0.42747	0.629058	0.833221	0.629058
49 rounds of non-Gaussian ED iteration : ground-state energy is -20.159 | electron energy -20.1617 + phonon energy 0.00268265 | electron momentum kIdx = 0
Nq = 	16	0.131616	0.20348	0.131616	0.131616	0.20348	0.275646	0.20348	0.20348	0.275646	0.338133	0.275646	0.131616	0.20348	0.275646	0.20348
Sq = 	-6.70208e-18	0.42747	0.629058	0.42747	0.42747	0.629058	0.833221	0.629058	0.629058	0.833221	3.99483	0.833221	0.42747	0.629058	0.833221	0.629058
50 rounds of non-Gaussian ED iteration : ground-state energy is -20.1591 | electron energy -20.1617 + phonon energy 0.00268277 | electron momentum kIdx = 0
Nq = 	16	0.131616	0.20348	0.131616	0.131616	0.20348	0.275646	0.20348	0.20348	0.275646	0.338133	0.275646	0.131616	0.20348	0.275646	0.20348
Sq = 	1.9816e-18	0.42747	0.629058	0.42747	0.42747	0.629058	0.833221	0.629058	0.629058	0.833221	3.99483	0.833221	0.42747	0.629058	0.833221	0.629058
51 rounds of non-Gaussian ED iteration : ground-state energy is -20.1591 | electron energy -20.1618 + phonon energy 0.00268287 | electron momentum kIdx = 0
Nq = 	16	0.131616	0.20348	0.131616	0.131616	0.20348	0.275646	0.20348	0.20348	0.275646	0.338133	0.275646	0.131616	0.20348	0.275646	0.20348
Sq = 	-1.50515e-18	0.42747	0.629058	0.42747	0.42747	0.629058	0.833221	0.629058	0.629058	0.833221	3.99483	0.833221	0.42747	0.629058	0.833221	0.629058
52 rounds of non-Gaussian ED iteration : ground-state energy is -20.1592 | electron energy -20.1619 + phonon energy 0.00268296 | electron momentum kIdx = 0
Nq = 	16	0.131616	0.20348	0.131616	0.131616	0.20348	0.275646	0.20348	0.20348	0.275646	0.338133	0.275646	0.131616	0.20348	0.275646	0.20348
Sq = 	4.47081e-18	0.42747	0.629058	0.42747	0.42747	0.629058	0.833221	0.629058	0.629058	0.833221	3.99483	0.833221	0.42747	0.629058	0.833221	0.629058
53 rounds of non-Gaussian ED iteration : ground-state energy is -20.1592 | electron energy -20.1619 + phonon energy 0.00268303 | electron momentum kIdx = 0
Nq = 	16	0.131616	0.20348	0.131616	0.131616	0.20348	0.275646	0.20348	0.20348	0.275646	0.338133	0.275646	0.131616	0.20348	0.275646	0.20348
Sq = 	1.0557e-18	0.42747	0.629058	0.42747	0.42747	0.629058	0.833221	0.629058	0.629058	0.833221	3.99483	0.833221	0.42747	0.629058	0.833221	0.629058
54 rounds of non-Gaussian ED iteration : ground-state energy is -20.1593 | electron energy -20.1619 + phonon energy 0.00268308 | electron momentum kIdx = 0
Nq = 	16	0.131616	0.20348	0.131616	0.131616	0.20348	0.275646	0.20348	0.20348	0.275646	0.338133	0.275646	0.131616	0.20348	0.275646	0.20348
Sq = 	1.50382e-18	0.42747	0.629058	0.42747	0.42747	0.629058	0.833221	0.629058	0.629058	0.833221	3.99483	0.833221	0.42747	0.629058	0.833221	0.629058
55 rounds of non-Gaussian ED iteration : ground-state energy is -20.1593 | electron energy -20.162 + phonon energy 0.00268313 | electron momentum kIdx = 0
Nq = 	16	0.131616	0.20348	0.131616	0.131616	0.20348	0.275646	0.20348	0.20348	0.275646	0.338133	0.275646	0.131616	0.20348	0.275646	0.20348
Sq = 	4.40173e-18	0.42747	0.629058	0.42747	0.42747	0.629058	0.833221	0.629058	0.629058	0.833221	3.99483	0.833221	0.42747	0.629058	0.833221	0.629058
56 rounds of non-Gaussian ED iteration : ground-state energy is -20.1593 | electron energy -20.162 + phonon energy 0.00268317 | electron momentum kIdx = 0
Nq = 	16	0.131616	0.20348	0.131616	0.131616	0.20348	0.275646	0.20348	0.20348	0.275646	0.338133	0.275646	0.131616	0.20348	0.275646	0.20348
Sq = 	-1.5723e-18	0.42747	0.629058	0.42747	0.42747	0.629058	0.833221	0.629058	0.629058	0.833221	3.99483	0.833221	0.42747	0.629058	0.833221	0.629058
57 rounds of non-Gaussian ED iteration : ground-state energy is -20.1593 | electron energy -20.162 + phonon energy 0.0026832 | electron momentum kIdx = 0
Nq = 	16	0.131616	0.20348	0.131616	0.131616	0.20348	0.275646	0.20348	0.20348	0.275646	0.338133	0.275646	0.131616	0.20348	0.275646	0.20348
Sq = 	-6.46427e-19	0.42747	0.629058	0.42747	0.42747	0.629058	0.833221	0.629058	0.629058	0.833221	3.99483	0.833221	0.42747	0.629058	0.833221	0.629058
58 rounds of non-Gaussian ED iteration : ground-state energy is -20.1593 | electron energy -20.162 + phonon energy 0.00268323 | electron momentum kIdx = 0
Nq = 	16	0.131616	0.20348	0.131616	0.131616	0.20348	0.275646	0.20348	0.20348	0.275646	0.338133	0.275646	0.131616	0.20348	0.275646	0.20348
Sq = 	7.82864e-19	0.42747	0.629058	0.42747	0.42747	0.629058	0.833221	0.629058	0.629058	0.833221	3.99483	0.833221	0.42747	0.629058	0.833221	0.629058
59 rounds of non-Gaussian ED iteration : ground-state energy is -20.1594 | electron energy -20.162 + phonon energy 0.00268325 | electron momentum kIdx = 0
Nq = 	16	0.131616	0.20348	0.131616	0.131616	0.20348	0.275646	0.20348	0.20348	0.275646	0.338133	0.275646	0.131616	0.20348	0.275646	0.20348
Sq = 	1.95531e-19	0.42747	0.629058	0.42747	0.42747	0.629058	0.833221	0.629058	0.629058	0.833221	3.99483	0.833221	0.42747	0.629058	0.833221	0.629058
60 rounds of non-Gaussian ED iteration : ground-state energy is -20.1594 | electron energy -20.1621 + phonon energy 0.00268327 | electron momentum kIdx = 0
Nq = 	16	0.131616	0.20348	0.131616	0.131616	0.20348	0.275646	0.20348	0.20348	0.275646	0.338133	0.275646	0.131616	0.20348	0.275646	0.20348
Sq = 	5.16143e-19	0.42747	0.629058	0.42747	0.42747	0.629058	0.833221	0.629058	0.629058	0.833221	3.99483	0.833221	0.42747	0.629058	0.833221	0.629058
61 rounds of non-Gaussian ED iteration : ground-state energy is -20.1594 | electron energy -20.1621 + phonon energy 0.00268328 | electron momentum kIdx = 0
Nq = 	16	0.131616	0.20348	0.131616	0.131616	0.20348	0.275646	0.20348	0.20348	0.275646	0.338133	0.275646	0.131616	0.20348	0.275646	0.20348
Sq = 	-2.57519e-18	0.42747	0.629058	0.42747	0.42747	0.629058	0.833221	0.629058	0.629058	0.833221	3.99483	0.833221	0.42747	0.629058	0.833221	0.629058
62 rounds of non-Gaussian ED iteration : ground-state energy is -20.1594 | electron energy -20.1621 + phonon energy 0.00268329 | electron momentum kIdx = 0
Nq = 	16	0.131616	0.20348	0.131616	0.131616	0.20348	0.275646	0.20348	0.20348	0.275646	0.338133	0.275646	0.131616	0.20348	0.275646	0.20348
Sq = 	-4.71945e-18	0.42747	0.629058	0.42747	0.42747	0.629058	0.833221	0.629058	0.629058	0.833221	3.99483	0.833221	0.42747	0.629058	0.833221	0.629058
63 rounds of non-Gaussian ED iteration : ground-state energy is -20.1594 | electron energy -20.1621 + phonon energy 0.0026833 | electron momentum kIdx = 0
Nq = 	16	0.131616	0.20348	0.131616	0.131616	0.20348	0.275646	0.20348	0.20348	0.275646	0.338133	0.275646	0.131616	0.20348	0.275646	0.20348
Sq = 	-1.46038e-18	0.42747	0.629058	0.42747	0.42747	0.629058	0.833221	0.629058	0.629058	0.833221	3.99483	0.833221	0.42747	0.629058	0.833221	0.629058
64 rounds of non-Gaussian ED iteration : ground-state energy is -20.1594 | electron energy -20.1621 + phonon energy 0.00268331 | electron momentum kIdx = 0
Nq = 	16	0.131616	0.20348	0.131616	0.131616	0.20348	0.275646	0.20348	0.20348	0.275646	0.338133	0.275646	0.131616	0.20348	0.275646	0.20348
Sq = 	-1.02017e-18	0.42747	0.629058	0.42747	0.42747	0.629058	0.833221	0.629058	0.629058	0.833221	3.99483	0.833221	0.42747	0.629058	0.833221	0.629058
65 rounds of non-Gaussian ED iteration : ground-state energy is -20.1594 | electron energy -20.1621 + phonon energy 0.00268332 | electron momentum kIdx = 0
Nq = 	16	0.131616	0.20348	0.131616	0.131616	0.20348	0.275646	0.20348	0.20348	0.275646	0.338133	0.275646	0.131616	0.20348	0.275646	0.20348
Sq = 	2.12333e-18	0.42747	0.629058	0.42747	0.42747	0.629058	0.833221	0.629058	0.629058	0.833221	3.99483	0.833221	0.42747	0.629058	0.833221	0.629058
66 rounds of non-Gaussian ED iteration : ground-state energy is -20.1594 | electron energy -20.1621 + phonon energy 0.00268332 | electron momentum kIdx = 0
Nq = 	16	0.131616	0.20348	0.131616	0.131616	0.20348	0.275646	0.20348	0.20348	0.275646	0.338133	0.275646	0.131616	0.20348	0.275646	0.20348
Sq = 	2.30109e-18	0.42747	0.629058	0.42747	0.42747	0.629058	0.833221	0.629058	0.629058	0.833221	3.99483	0.833221	0.42747	0.629058	0.833221	0.629058
67 rounds of non-Gaussian ED iteration : ground-state energy is -20.1594 | electron energy -20.1621 + phonon energy 0.00268333 | electron momentum kIdx = 0
Nq = 	16	0.131616	0.20348	0.131616	0.131616	0.20348	0.275646	0.20348	0.20348	0.275646	0.338133	0.275646	0.131616	0.20348	0.275646	0.20348
Sq = 	-5.00809e-19	0.42747	0.629058	0.42747	0.42747	0.629058	0.833221	0.629058	0.629058	0.833221	3.99483	0.833221	0.42747	0.629058	0.833221	0.629058
68 rounds of non-Gaussian ED iteration : ground-state energy is -20.1594 | electron energy -20.1621 + phonon energy 0.00268333 | electron momentum kIdx = 0
Nq = 	16	0.131616	0.20348	0.131616	0.131616	0.20348	0.275646	0.20348	0.20348	0.275646	0.338133	0.275646	0.131616	0.20348	0.275646	0.20348
Sq = 	3.72912e-18	0.42747	0.629058	0.42747	0.42747	0.629058	0.833221	0.629058	0.629058	0.833221	3.99483	0.833221	0.42747	0.629058	0.833221	0.629058
69 rounds of non-Gaussian ED iteration : ground-state energy is -20.1594 | electron energy -20.1621 + phonon energy 0.00268334 | electron momentum kIdx = 0
Nq = 	16	0.131616	0.20348	0.131616	0.131616	0.20348	0.275646	0.20348	0.20348	0.275646	0.338133	0.275646	0.131616	0.20348	0.275646	0.20348
Sq = 	-2.64189e-18	0.42747	0.629058	0.42747	0.42747	0.629058	0.833221	0.629058	0.629058	0.833221	3.99483	0.833221	0.42747	0.629058	0.833221	0.629058
70 rounds of non-Gaussian ED iteration : ground-state energy is -20.1594 | electron energy -20.1621 + phonon energy 0.00268334 | electron momentum kIdx = 0
Nq = 	16	0.131616	0.20348	0.131616	0.131616	0.20348	0.275646	0.20348	0.20348	0.275646	0.338133	0.275646	0.131616	0.20348	0.275646	0.20348
Sq = 	9.01285e-19	0.42747	0.629058	0.42747	0.42747	0.629058	0.833221	0.629058	0.629058	0.833221	3.99483	0.833221	0.42747	0.629058	0.833221	0.629058
71 rounds of non-Gaussian ED iteration : ground-state energy is -20.1594 | electron energy -20.1621 + phonon energy 0.00268334 | electron momentum kIdx = 0
Nq = 	16	0.131616	0.20348	0.131616	0.131616	0.20348	0.275646	0.20348	0.20348	0.275646	0.338133	0.275646	0.131616	0.20348	0.275646	0.20348
Sq = 	2.24537e-18	0.42747	0.629058	0.42747	0.42747	0.629058	0.833221	0.629058	0.629058	0.833221	3.99483	0.833221	0.42747	0.629058	0.833221	0.629058
Ground state is obtained after 72 iterations. The current ground-state energy is -20.1594, in which electron energy is -20.1621 and phonon energy is 0.00268334
o___o  -------------------------------------
| L |	Time since last clock: 6h 0m 24.432s
A===A	Time since the beginning: 6h 0m 24.432s
********************************************

************************************************************************************
