SNEDics v3.21.4 Non-Gaussian ED ground state program		Start at Tue Jul 27 00:45:26 2021

parallized on 32 MPI threads  * 8 OpenMP threads = 256 total threads.
********************************************************************************************************************
********************************************************************************************************************

********************************************************************************************************************
System parameters and configurations
	special program options are enabled: splitted diagonal Hamiltonian | splitted Hamiltonian terms
********************************************************************************************************************
Read input file "model_params.in"
	Hubbard-Holstein model parameters : 	t = 1    U = 8    g = 0.11    W = 0.2    g' = 0.02    
********************************************************************************************************************
Read input file "hilbertspace_params.in"
	Requested 16-site 2D lattice, with 12 electrons (6, 6)
	Boundary : Periodic		Hilbert space representation : momentum-space (restricted to kIdx = 0)
	Conservation: particle number[U(1)]      spin[U(1)]     momentum
********************************************************************************************************************

Cluster Positions:				Cluster symmetry group : D4
 x ... x ... x ... x .....                       x ... x ... x ... x .....
 |           |           :                       |           |           :
 |           |           :                       |           |           :
12    13    14    15     x                       1     5     6     5     x
 |           |           :                       |           |           :
 |           |           :                       |           |           :
 8 --- 9 ---10 ---11 --- x                       2 --- 6 ---10 --- 6 --- x
 |           |           :                       |           |           :
 |           |           :                       |           |           :
 4     5     6     7     x                       1     5     6     5     x
 |           |           :                       |           |           :
 |           |           :                       |           |           :
 0 --- 1 --- 2 --- 3 --- x                       0 --- 1 --- 2 --- 1 --- x
orbital number : 1
********************************************************************************************************************
Read input file "obs_params.in"
	Observable Type : Nq(All),   Sq(All),   N(All),   Delta[s](All),   Delta[d](All),   Delta[s+](All)
** WARNING ** the input observables have non-local factors which have been reinterpreted. The total observable number is 96
********************************************************************************************************************


********************************************************************************************************************
Start calculating the non-Gaussian ED ground state
Maximal iteration number is 1000; energy resolution is 1e-06. Phonon state relaxation time is 2000
W = 0.2 is relatively large. The non-Gaussian ED calculation starts directly.
open output files: NGSED_iteration_obserbles.txt
********************************************************************************************************************
Start the 0 rounds of NGS-ED iteration
	effective electronic model is modified as: kinetic energy t = 1
	                                           effective interaction Vq = [0,0,0,0,0,0,0,0,0,0,0,0,0,0,0,0]
	first Hamiltonian is constructed, size = 4008592 and non-zero numbers = 969134044
	PARPACK diagonalization completed after 150 matrix-vector product operations.
	iteration results: : total energy is -14.925310 | electron energy -14.925310 + phonon energy 0.000000 | electron momentum kIdx = 0
	Nq(0) = 9,	Nq(1) = 0.191675,	Nq(2) = 0.266183,	Nq(3) = 0.191675,	Nq(4) = 0.191675,	Nq(5) = 0.245517,	
	Nq(6) = 0.314107,	Nq(7) = 0.245517,	Nq(8) = 0.266183,	Nq(9) = 0.314107,	Nq(10) = 0.369338,	
	Nq(11) = 0.314107,	Nq(12) = 0.191675,	Nq(13) = 0.245517,	Nq(14) = 0.314107,	Nq(15) = 0.245517;	
	Sq(0) = 3.02743e-18,	Sq(1) = 0.554662,	Sq(2) = 0.424361,	Sq(3) = 0.554662,	Sq(4) = 0.554662,	
	Sq(5) = 0.79749,	Sq(6) = 1.01287,	Sq(7) = 0.79749,	Sq(8) = 0.424361,	Sq(9) = 1.01287,	
	Sq(10) = 0.784303,	Sq(11) = 1.01287,	Sq(12) = 0.554662,	Sq(13) = 0.79749,	Sq(14) = 1.01287,	
	Sq(15) = 0.79749;	N(0) = 1.76735,	N(1) = 1.6264,	N(2) = 0.74365,	N(3) = 1.6264,	
	N(4) = 1.6264,	N(5) = 0.392302,	N(6) = 0.144321,	N(7) = 0.392302,	N(8) = 0.74365,	
	N(9) = 0.144321,	N(10) = 0.0932732,	N(11) = 0.144321,	N(12) = 1.6264,	N(13) = 0.392302,	
	N(14) = 0.144321,	N(15) = 0.392302;	Delta[s](0) = 0.0657655,	Delta[s](1) = 0.0454033,	Delta[s](2) = 0.0304024,	
	Delta[s](3) = 0.0454033,	Delta[s](4) = 0.0454033,	Delta[s](5) = 0.0270947,	Delta[s](6) = 0.00920955,	Delta[s](7) = 0.0270947,	
	Delta[s](8) = 0.0304024,	Delta[s](9) = 0.00920955,	Delta[s](10) = 4.97179e-05,	Delta[s](11) = 0.00920955,	Delta[s](12) = 0.0454033,	
	Delta[s](13) = 0.0270947,	Delta[s](14) = 0.00920955,	Delta[s](15) = 0.0270947;	Delta[d](0) = 0.229509,	Delta[d](1) = 0.180077,	
	Delta[d](2) = 0.222285,	Delta[d](3) = 0.180077,	Delta[d](4) = 0.180077,	Delta[d](5) = 0.122961,	Delta[d](6) = 0.150477,	
	Delta[d](7) = 0.122961,	Delta[d](8) = 0.222285,	Delta[d](9) = 0.150477,	Delta[d](10) = 0.0766424,	Delta[d](11) = 0.150477,	
	Delta[d](12) = 0.180077,	Delta[d](13) = 0.122961,	Delta[d](14) = 0.150477,	Delta[d](15) = 0.122961;	Delta[s+](0) = 0.529822,	
	Delta[s+](1) = 0.361304,	Delta[s+](2) = 0.222285,	Delta[s+](3) = 0.361304,	Delta[s+](4) = 0.361304,	Delta[s+](5) = 0.177147,	
	Delta[s+](6) = 0.0625943,	Delta[s+](7) = 0.177147,	Delta[s+](8) = 0.222285,	Delta[s+](9) = 0.0625943,	Delta[s+](10) = 0.0156456,	
	Delta[s+](11) = 0.0625943,	Delta[s+](12) = 0.361304,	Delta[s+](13) = 0.177147,	Delta[s+](14) = 0.0625943,	Delta[s+](15) = 0.177147
	
The 0-th iteration is completed.	|| time cost : 0h 2m 2.373s
********************************************************************************************************************
Start the 1 rounds of NGS-ED iteration
	effective electronic model is modified as: kinetic energy t = 0.999469
	                                           effective interaction Vq = [     -0.1805,  -0.0136848, -0.00523056,  -0.0136848,  -0.0136848, -0.00484476,  -0.0016833, -0.00484476, -0.00523056,  -0.0016833,-0.000273797,  -0.0016833,  -0.0136848, -0.00484476,  -0.0016833, -0.00484476]
	PARPACK diagonalization completed after 45 matrix-vector product operations.
	iteration results: : total energy is -16.560165 | electron energy -16.560210 + phonon energy 0.000045 | electron momentum kIdx = 0
The 1-th iteration is completed.	|| time cost : 0h 1m 18.381s
********************************************************************************************************************
Start the 2 rounds of NGS-ED iteration
	effective electronic model is modified as: kinetic energy t = 0.999468
	                                           effective interaction Vq = [     -0.1805,     -0.0137, -0.00522993,     -0.0137,     -0.0137, -0.00484453,  -0.0016827, -0.00484453, -0.00522993,  -0.0016827,-0.000273684,  -0.0016827,     -0.0137, -0.00484453,  -0.0016827, -0.00484453]
	PARPACK diagonalization completed after 30 matrix-vector product operations.
	iteration results: : total energy is -16.560165 | electron energy -16.560210 + phonon energy 0.000045 | electron momentum kIdx = 0
The 2-th iteration is completed.	|| time cost : 0h 0m 9.676s
********************************************************************************************************************
Start the 3 rounds of NGS-ED iteration
	effective electronic model is modified as: kinetic energy t = 0.999468
	                                           effective interaction Vq = [     -0.1805,     -0.0137, -0.00522993,     -0.0137,     -0.0137, -0.00484453, -0.00168269, -0.00484453, -0.00522993, -0.00168269,-0.000273684, -0.00168269,     -0.0137, -0.00484453, -0.00168269, -0.00484453]
	PARPACK diagonalization completed after 30 matrix-vector product operations.
	iteration results: : total energy is -16.560165 | electron energy -16.560210 + phonon energy 0.000045 | electron momentum kIdx = 0
	Nq(0) = 9,	Nq(1) = 0.191943,	Nq(2) = 0.266204,	Nq(3) = 0.191943,	Nq(4) = 0.191943,	Nq(5) = 0.245556,	
	Nq(6) = 0.314053,	Nq(7) = 0.245556,	Nq(8) = 0.266204,	Nq(9) = 0.314053,	Nq(10) = 0.369255,	
	Nq(11) = 0.314053,	Nq(12) = 0.191943,	Nq(13) = 0.245556,	Nq(14) = 0.314053,	Nq(15) = 0.245556;	
	Sq(0) = 9.15848e-19,	Sq(1) = 0.554525,	Sq(2) = 0.424388,	Sq(3) = 0.554525,	Sq(4) = 0.554525,	
	Sq(5) = 0.797367,	Sq(6) = 1.0128,	Sq(7) = 0.797367,	Sq(8) = 0.424388,	Sq(9) = 1.0128,	
	Sq(10) = 0.784569,	Sq(11) = 1.0128,	Sq(12) = 0.554525,	Sq(13) = 0.797367,	Sq(14) = 1.0128,	
	Sq(15) = 0.797367;	N(0) = 1.76755,	N(1) = 1.62675,	N(2) = 0.74351,	N(3) = 1.62675,	
	N(4) = 1.62675,	N(5) = 0.392018,	N(6) = 0.144261,	N(7) = 0.392018,	N(8) = 0.74351,	
	N(9) = 0.144261,	N(10) = 0.0933255,	N(11) = 0.144261,	N(12) = 1.62675,	N(13) = 0.392018,	
	N(14) = 0.144261,	N(15) = 0.392018;	Delta[s](0) = 0.0658344,	Delta[s](1) = 0.0454496,	Delta[s](2) = 0.0304411,	
	Delta[s](3) = 0.0454496,	Delta[s](4) = 0.0454496,	Delta[s](5) = 0.0271263,	Delta[s](6) = 0.00921603,	Delta[s](7) = 0.0271263,	
	Delta[s](8) = 0.0304411,	Delta[s](9) = 0.00921603,	Delta[s](10) = 4.98172e-05,	Delta[s](11) = 0.00921603,	Delta[s](12) = 0.0454496,	
	Delta[s](13) = 0.0271263,	Delta[s](14) = 0.00921603,	Delta[s](15) = 0.0271263;	Delta[d](0) = 0.229586,	Delta[d](1) = 0.180129,	
	Delta[d](2) = 0.222329,	Delta[d](3) = 0.180129,	Delta[d](4) = 0.180129,	Delta[d](5) = 0.122963,	Delta[d](6) = 0.150492,	
	Delta[d](7) = 0.122963,	Delta[d](8) = 0.222329,	Delta[d](9) = 0.150492,	Delta[d](10) = 0.0765363,	Delta[d](11) = 0.150492,	
	Delta[d](12) = 0.180129,	Delta[d](13) = 0.122963,	Delta[d](14) = 0.150492,	Delta[d](15) = 0.122963;	Delta[s+](0) = 0.529971,	
	Delta[s+](1) = 0.361394,	Delta[s+](2) = 0.222329,	Delta[s+](3) = 0.361394,	Delta[s+](4) = 0.361394,	Delta[s+](5) = 0.177167,	
	Delta[s+](6) = 0.0625842,	Delta[s+](7) = 0.177167,	Delta[s+](8) = 0.222329,	Delta[s+](9) = 0.0625842,	Delta[s+](10) = 0.0156468,	
	Delta[s+](11) = 0.0625842,	Delta[s+](12) = 0.361394,	Delta[s+](13) = 0.177167,	Delta[s+](14) = 0.0625842,	Delta[s+](15) = 0.177167
	
The 3-th iteration is completed.	|| time cost : 0h 1m 19.179s
********************************************************************************************************************
********************************************************************************************************************
Ground state is obtained after 4 iterations. The current ground-state energy is -16.5602, in which electron energy is -16.5602 and phonon energy is 4.51376e-05
Final variational state is: 
	Gamma_x = [      1, 1.0128,1.00683, 1.0128, 1.0128,1.00584, 1.0026,1.00584,1.00683, 1.0026, 1.0005, 1.0026, 1.0128,1.00584, 1.0026,1.00584]
	lambda_q = [      0.95, 0.0471486, 0.0243096, 0.0471486, 0.0471486,   0.02248,  0.012233,   0.02248, 0.0243096,  0.012233,0.00463294,  0.012233, 0.0471486,   0.02248,  0.012233,   0.02248]
Effective e-e interactions mediated by phonons are:
	momentum-space Vq = [     -0.1805,     -0.0137, -0.00522993,     -0.0137,     -0.0137, -0.00484453, -0.00168269, -0.00484453, -0.00522993, -0.00168269,-0.000273684, -0.00168269,     -0.0137, -0.00484453, -0.00168269, -0.00484453]
	real-space Vr = [ -0.0170089, -0.0127663,  -0.010741, -0.0127663, -0.0127663, -0.0106446,-0.00976198, -0.0106446,  -0.010741,-0.00976198,-0.00931756,-0.00976198, -0.0127663, -0.0106446,-0.00976198, -0.0106446]
********************************************************************************************************************
o___o  ----------------------------------------
| L |	Time since last clock: 0h 0m 0.007s
A===A	Time since the beginning: 0h 4m 49.619s
***********************************************


Non-Gaussina ED ground state calculation is completed. The final ground-state energy is -16.5602
********************************************************************************************************************
o___o  ----------------------------------------
| L |	Time since last clock: 0h 0m 0.003s
A===A	Time since the beginning: 0h 4m 49.622s
***********************************************



********************************************************************************************************************
All non-Gaussian ED ground state calculations have been completed. Exit now.
