SNEDics v3.4 Non-Gaussian ED ground state program		Start at Thu Oct  3 14:54:56 2019

parallized on 16 MPI threads  * 8 OpenMP threads = 128 total threads.
********************************************************************************************************************
********************************************************************************************************************

********************************************************************************************************************
System parameters and configurations
********************************************************************************************************************
Special program options are enabled: splitted diagonal Hamiltonian
********************************************************************************************************************
Read input file "model_params.in"
	Hubbard-Holstein model parameters : 	t = 1    U = 3.4    g = 3.3166    W = 5    
********************************************************************************************************************
Read input file "hilbertspace_params.in"
	Requested 16-site 2D lattice, with 16 electrons (8, 8)
	Boundary : Periodic		Hilbert space representation : momentum-space (restricted to kIdx = 10)
	Conservation: particle number[U(1)]      spin[U(1)]     momentum
********************************************************************************************************************

Cluster Positions:				Cluster symmetry group : D4
 x ... x ... x ... x .....                       x ... x ... x ... x .....
 |           |           :                       |           |           :
 |           |           :                       |           |           :
12    13    14    15     x                       1     5     6     5     x
 |           |           :                       |           |           :
 |           |           :                       |           |           :
 8 --- 9 ---10 ---11 --- x                       2 --- 6 ---10 --- 6 --- x
 |           |           :                       |           |           :
 |           |           :                       |           |           :
 4     5     6     7     x                       1     5     6     5     x
 |           |           :                       |           |           :
 |           |           :                       |           |           :
 0 --- 1 --- 2 --- 3 --- x                       0 --- 1 --- 2 --- 1 --- x
orbital number : 1
********************************************************************************************************************
Read input file "obs_params.in"
	Observable Type : Nq(All),   Sq(All),   N(All),   Delta[s](All),   Delta[d](All),   Delta[s+](All)
********************************************************************************************************************
** WARNING ** the input observables have non-local factors which have been reinterpreted. The total observable number is 96
********************************************************************************************************************


********************************************************************************************************************
Start calculating the non-Gaussian ED ground state
** WARNING ** Detected low phonon energy W < 10. The initial state will be prepared through a warm-up process.
********************************************************************************************************************
Start warm-up calculation for scaling factor 2
open output files: NGSEDWarmUpW10Obs.txt
********************************************************************************************************************
Start the 0 rounds of NGS-ED iteration
	effective electronic model is modified as: kinetic energy t = 1
	                                           effective interaction Vq = [-0,-0,-0,-0,-0,-0,-0,-0,-0,-0,-0,-0,-0,-0,-0,-0]
	first Hamiltonian is constructed, non-zero numbers = 2845334624
	PARPACK diagonalization completed after 90 matrix-vector product operations.
	iteration results: : total energy is -14.668623 | electron energy -14.668623 + phonon energy 0.000000 | electron momentum kIdx = 10
	Nq(0) = 16,	Nq(1) = 0.189382,	Nq(2) = 0.2609,	Nq(3) = 0.189382,	Nq(4) = 0.189382,	Nq(5) = 0.2609,	Nq(6) = 0.360238,	Nq(7) = 0.2609,	Nq(8) = 0.2609,	Nq(9) = 0.360238,	Nq(10) = 0.426087,	Nq(11) = 0.360238,	Nq(12) = 0.189382,	Nq(13) = 0.2609,	Nq(14) = 0.360238,	Nq(15) = 0.2609,	Sq(0) = -1.91118e-18,	Sq(1) = 0.332478,	Sq(2) = 0.425267,	Sq(3) = 0.332478,	Sq(4) = 0.332478,	Sq(5) = 0.425267,	Sq(6) = 0.649137,	Sq(7) = 0.425267,	Sq(8) = 0.425267,	Sq(9) = 0.649137,	Sq(10) = 5.33197,	Sq(11) = 0.649137,	Sq(12) = 0.332478,	Sq(13) = 0.425267,	Sq(14) = 0.649137,	Sq(15) = 0.425267,	N(0) = 1.95022,	N(1) = 1.88686,	N(2) = 1,	N(3) = 1.88686,	N(4) = 1.88686,	N(5) = 1,	N(6) = 0.113136,	N(7) = 1,	N(8) = 1,	N(9) = 0.113136,	N(10) = 0.0497819,	N(11) = 0.113136,	N(12) = 1.88686,	N(13) = 1,	N(14) = 0.113136,	N(15) = 1,	Delta[s](0) = 0.196051,	Delta[s](1) = 0.169862,	Delta[s](2) = 0.130582,	Delta[s](3) = 0.169862,	Delta[s](4) = 0.169862,	Delta[s](5) = 0.130582,	Delta[s](6) = 0.102126,	Delta[s](7) = 0.130582,	Delta[s](8) = 0.130582,	Delta[s](9) = 0.102126,	Delta[s](10) = 0.0274876,	Delta[s](11) = 0.102126,	Delta[s](12) = 0.169862,	Delta[s](13) = 0.130582,	Delta[s](14) = 0.102126,	Delta[s](15) = 0.130582,	Delta[d](0) = 0.51262,	Delta[d](1) = 0.366186,	Delta[d](2) = 0.312607,	Delta[d](3) = 0.366186,	Delta[d](4) = 0.366186,	Delta[d](5) = 0.369685,	Delta[d](6) = 0.292003,	Delta[d](7) = 0.369685,	Delta[d](8) = 0.312607,	Delta[d](9) = 0.292003,	Delta[d](10) = 0.236388,	Delta[d](11) = 0.292003,	Delta[d](12) = 0.366186,	Delta[d](13) = 0.369685,	Delta[d](14) = 0.292003,	Delta[d](15) = 0.369685,	Delta[s+](0) = 0.575548,	Delta[s+](1) = 0.470799,	Delta[s+](2) = 0.312607,	Delta[s+](3) = 0.470799,	Delta[s+](4) = 0.470799,	Delta[s+](5) = 0.312607,	Delta[s+](6) = 0.160766,	Delta[s+](7) = 0.312607,	Delta[s+](8) = 0.312607,	Delta[s+](9) = 0.160766,	Delta[s+](10) = 0.0470243,	Delta[s+](11) = 0.160766,	Delta[s+](12) = 0.470799,	Delta[s+](13) = 0.312607,	Delta[s+](14) = 0.160766,	Delta[s+](15) = 0.312607
The 0-th iteration is completed.	|| time cost : 0h 8m 35.847s
********************************************************************************************************************
Start the 1 rounds of NGS-ED iteration
	effective electronic model is modified as: kinetic energy t = 0.943357
	                                           effective interaction Vq = [-1.90223, -1.7551,-1.69059, -1.7551, -1.7551,-1.69059,-1.67383,-1.69059,-1.69059,-1.67383,-1.64657,-1.67383, -1.7551,-1.69059,-1.67383,-1.69059]
	PARPACK diagonalization completed after 45 matrix-vector product operations.
	iteration results: : total energy is -53.036969 | electron energy -53.040384 + phonon energy 0.003415 | electron momentum kIdx = 10
The 1-th iteration is completed.	|| time cost : 0h 7m 36.834s
********************************************************************************************************************
Start the 2 rounds of NGS-ED iteration
	effective electronic model is modified as: kinetic energy t = 0.902501
	                                           effective interaction Vq = [-2.15967,-2.07154,-1.97644,-2.07154,-2.07154,-1.97644,-1.99201,-1.97644,-1.97644,-1.99201, -1.9355,-1.99201,-2.07154,-1.97644,-1.99201,-1.97644]
	PARPACK diagonalization completed after 45 matrix-vector product operations.
	iteration results: : total energy is -58.734291 | electron energy -58.758840 + phonon energy 0.024548 | electron momentum kIdx = 10
The 2-th iteration is completed.	|| time cost : 0h 0m 32.015s
********************************************************************************************************************
Start the 3 rounds of NGS-ED iteration
	effective electronic model is modified as: kinetic energy t = 0.881318
	                                           effective interaction Vq = [-2.19451,-2.13614,-2.10358,-2.13614,-2.13614,-2.10358, -2.0667,-2.10358,-2.10358, -2.0667,-2.00577, -2.0667,-2.13614,-2.10358, -2.0667,-2.10358]
	PARPACK diagonalization completed after 30 matrix-vector product operations.
	iteration results: : total energy is -59.625127 | electron energy -59.669354 + phonon energy 0.044228 | electron momentum kIdx = 10
The 3-th iteration is completed.	|| time cost : 0h 0m 27.325s
********************************************************************************************************************
Start the 4 rounds of NGS-ED iteration
	effective electronic model is modified as: kinetic energy t = 0.87399
	                                           effective interaction Vq = [-2.19923,-2.15239, -2.1352,-2.15239,-2.15239, -2.1352,-2.08712, -2.1352, -2.1352,-2.08712,-2.02547,-2.08712,-2.15239, -2.1352,-2.08712, -2.1352]
	PARPACK diagonalization completed after 120 matrix-vector product operations.
	iteration results: : total energy is -60.005126 | electron energy -60.059545 + phonon energy 0.054419 | electron momentum kIdx = 10
The 4-th iteration is completed.	|| time cost : 0h 0m 55.499s
********************************************************************************************************************
Start the 5 rounds of NGS-ED iteration
	effective electronic model is modified as: kinetic energy t = 0.869335
	                                           effective interaction Vq = [-2.19987,-2.15461,-2.15095,-2.15461,-2.15461,-2.15095,-2.08931,-2.15095,-2.15095,-2.08931,-2.08918,-2.08931,-2.15461,-2.15095,-2.08931,-2.15095]
	PARPACK diagonalization completed after 45 matrix-vector product operations.
	iteration results: : total energy is -60.043555 | electron energy -60.103702 + phonon energy 0.060147 | electron momentum kIdx = 10
The 5-th iteration is completed.	|| time cost : 0h 0m 32.084s
********************************************************************************************************************
Start the 6 rounds of NGS-ED iteration
	effective electronic model is modified as: kinetic energy t = 0.867593
	                                           effective interaction Vq = [-2.19995,-2.15543,-2.15511,-2.15543,-2.15543,-2.15511,-2.09018,-2.15511,-2.15511,-2.09018,-2.11449,-2.09018,-2.15543,-2.15511,-2.09018,-2.15511]
	PARPACK diagonalization completed after 45 matrix-vector product operations.
	iteration results: : total energy is -60.051349 | electron energy -60.114512 + phonon energy 0.063162 | electron momentum kIdx = 10
The 6-th iteration is completed.	|| time cost : 0h 0m 32.029s
********************************************************************************************************************
Start the 7 rounds of NGS-ED iteration
	effective electronic model is modified as: kinetic energy t = 0.866705
	                                           effective interaction Vq = [-2.19997,-2.15602, -2.1543,-2.15602,-2.15602, -2.1543,-2.09099, -2.1543, -2.1543,-2.09099,-2.13641,-2.09099,-2.15602, -2.1543,-2.09099, -2.1543]
	PARPACK diagonalization completed after 45 matrix-vector product operations.
	iteration results: : total energy is -60.068763 | electron energy -60.133602 + phonon energy 0.064839 | electron momentum kIdx = 10
The 7-th iteration is completed.	|| time cost : 0h 0m 32.026s
********************************************************************************************************************
Start the 8 rounds of NGS-ED iteration
	effective electronic model is modified as: kinetic energy t = 0.868445
	                                           effective interaction Vq = [-2.19997,-2.15592,-2.12941,-2.15592,-2.15592,-2.12941,-2.09104,-2.12941,-2.12941,-2.09104,-2.17403,-2.09104,-2.15592,-2.12941,-2.09104,-2.12941]
	PARPACK diagonalization completed after 45 matrix-vector product operations.
	iteration results: : total energy is -60.180544 | electron energy -60.246110 + phonon energy 0.065566 | electron momentum kIdx = 10
The 8-th iteration is completed.	|| time cost : 0h 0m 32.029s
********************************************************************************************************************
Start the 9 rounds of NGS-ED iteration
	effective electronic model is modified as: kinetic energy t = 0.873214
	                                           effective interaction Vq = [-2.19997,-2.15261,-2.08512,-2.15261,-2.15261,-2.08512,-2.08637,-2.08512,-2.08512,-2.08637,-2.18767,-2.08637,-2.15261,-2.08512,-2.08637,-2.08512]
	PARPACK diagonalization completed after 30 matrix-vector product operations.
	iteration results: : total energy is -60.230130 | electron energy -60.294561 + phonon energy 0.064431 | electron momentum kIdx = 10
The 9-th iteration is completed.	|| time cost : 0h 0m 27.335s
********************************************************************************************************************
Start the 10 rounds of NGS-ED iteration
	effective electronic model is modified as: kinetic energy t = 0.87487
	                                           effective interaction Vq = [-2.19997,-2.15041,-2.06816,-2.15041,-2.15041,-2.06816,-2.08345,-2.06816,-2.06816,-2.08345,-2.19129,-2.08345,-2.15041,-2.06816,-2.08345,-2.06816]
	PARPACK diagonalization completed after 30 matrix-vector product operations.
	iteration results: : total energy is -60.235992 | electron energy -60.299563 + phonon energy 0.063571 | electron momentum kIdx = 10
	Nq(0) = 16,	Nq(1) = 0.353862,	Nq(2) = 0.373883,	Nq(3) = 0.353862,	Nq(4) = 0.353862,	Nq(5) = 0.373883,	Nq(6) = 0.614459,	Nq(7) = 0.373883,	Nq(8) = 0.373883,	Nq(9) = 0.614459,	Nq(10) = 3.93457,	Nq(11) = 0.614459,	Nq(12) = 0.353862,	Nq(13) = 0.373883,	Nq(14) = 0.614459,	Nq(15) = 0.373883,	Sq(0) = 1.1736e-18,	Sq(1) = 0.300308,	Sq(2) = 0.34469,	Sq(3) = 0.300308,	Sq(4) = 0.300308,	Sq(5) = 0.34469,	Sq(6) = 0.526104,	Sq(7) = 0.34469,	Sq(8) = 0.34469,	Sq(9) = 0.526104,	Sq(10) = 0.575059,	Sq(11) = 0.526104,	Sq(12) = 0.300308,	Sq(13) = 0.34469,	Sq(14) = 0.526104,	Sq(15) = 0.34469,	N(0) = 1.99481,	N(1) = 1.98576,	N(2) = 1,	N(3) = 1.98576,	N(4) = 1.98576,	N(5) = 1,	N(6) = 0.0142426,	N(7) = 1,	N(8) = 1,	N(9) = 0.0142426,	N(10) = 0.00518936,	N(11) = 0.0142426,	N(12) = 1.98576,	N(13) = 1,	N(14) = 0.0142426,	N(15) = 1,	Delta[s](0) = 0.473056,	Delta[s](1) = 0.336419,	Delta[s](2) = 0.326416,	Delta[s](3) = 0.336419,	Delta[s](4) = 0.336419,	Delta[s](5) = 0.326416,	Delta[s](6) = 0.254367,	Delta[s](7) = 0.326416,	Delta[s](8) = 0.326416,	Delta[s](9) = 0.254367,	Delta[s](10) = 0.230885,	Delta[s](11) = 0.254367,	Delta[s](12) = 0.336419,	Delta[s](13) = 0.326416,	Delta[s](14) = 0.254367,	Delta[s](15) = 0.326416,	Delta[d](0) = 0.237984,	Delta[d](1) = 0.241789,	Delta[d](2) = 0.232107,	Delta[d](3) = 0.241789,	Delta[d](4) = 0.241789,	Delta[d](5) = 0.142327,	Delta[d](6) = 0.194086,	Delta[d](7) = 0.142327,	Delta[d](8) = 0.232107,	Delta[d](9) = 0.194086,	Delta[d](10) = 0.046623,	Delta[d](11) = 0.194086,	Delta[d](12) = 0.241789,	Delta[d](13) = 0.142327,	Delta[d](14) = 0.194086,	Delta[d](15) = 0.142327,	Delta[s+](0) = 0.453299,	Delta[s+](1) = 0.362678,	Delta[s+](2) = 0.232107,	Delta[s+](3) = 0.362678,	Delta[s+](4) = 0.362678,	Delta[s+](5) = 0.232107,	Delta[s+](6) = 0.0995565,	Delta[s+](7) = 0.232107,	Delta[s+](8) = 0.232107,	Delta[s+](9) = 0.0995565,	Delta[s+](10) = 0.0249538,	Delta[s+](11) = 0.0995565,	Delta[s+](12) = 0.362678,	Delta[s+](13) = 0.232107,	Delta[s+](14) = 0.0995565,	Delta[s+](15) = 0.232107
The 10-th iteration is completed.	|| time cost : 0h 4m 33.559s
********************************************************************************************************************
Start the 11 rounds of NGS-ED iteration
	effective electronic model is modified as: kinetic energy t = 0.875439
	                                           effective interaction Vq = [-2.19997,-2.14935, -2.0625,-2.14935,-2.14935, -2.0625, -2.0821, -2.0625, -2.0625, -2.0821,-2.19239, -2.0821,-2.14935, -2.0625, -2.0821, -2.0625]
	PARPACK diagonalization completed after 30 matrix-vector product operations.
	iteration results: : total energy is -60.236661 | electron energy -60.299886 + phonon energy 0.063225 | electron momentum kIdx = 10
The 11-th iteration is completed.	|| time cost : 0h 0m 27.378s
********************************************************************************************************************
Start the 12 rounds of NGS-ED iteration
	effective electronic model is modified as: kinetic energy t = 0.875636
	                                           effective interaction Vq = [-2.19997,-2.14889,-2.06065,-2.14889,-2.14889,-2.06065,-2.08153,-2.06065,-2.06065,-2.08153,-2.19275,-2.08153,-2.14889,-2.06065,-2.08153,-2.06065]
	PARPACK diagonalization completed after 30 matrix-vector product operations.
	iteration results: : total energy is -60.236738 | electron energy -60.299833 + phonon energy 0.063095 | electron momentum kIdx = 10
The 12-th iteration is completed.	|| time cost : 0h 0m 27.453s
********************************************************************************************************************
Start the 13 rounds of NGS-ED iteration
	effective electronic model is modified as: kinetic energy t = 0.875706
	                                           effective interaction Vq = [-2.19997, -2.1487,-2.06006, -2.1487, -2.1487,-2.06006, -2.0813,-2.06006,-2.06006, -2.0813,-2.19288, -2.0813, -2.1487,-2.06006, -2.0813,-2.06006]
	PARPACK diagonalization completed after 30 matrix-vector product operations.
	iteration results: : total energy is -60.236747 | electron energy -60.299793 + phonon energy 0.063046 | electron momentum kIdx = 10
	Nq(0) = 16,	Nq(1) = 0.352836,	Nq(2) = 0.372895,	Nq(3) = 0.352836,	Nq(4) = 0.352836,	Nq(5) = 0.372895,	Nq(6) = 0.613269,	Nq(7) = 0.372895,	Nq(8) = 0.372895,	Nq(9) = 0.613269,	Nq(10) = 3.95175,	Nq(11) = 0.613269,	Nq(12) = 0.352836,	Nq(13) = 0.372895,	Nq(14) = 0.613269,	Nq(15) = 0.372895,	Sq(0) = -5.32686e-18,	Sq(1) = 0.29997,	Sq(2) = 0.344576,	Sq(3) = 0.29997,	Sq(4) = 0.29997,	Sq(5) = 0.344576,	Sq(6) = 0.525955,	Sq(7) = 0.344576,	Sq(8) = 0.344576,	Sq(9) = 0.525955,	Sq(10) = 0.575306,	Sq(11) = 0.525955,	Sq(12) = 0.29997,	Sq(13) = 0.344576,	Sq(14) = 0.525955,	Sq(15) = 0.344576,	N(0) = 1.99475,	N(1) = 1.9856,	N(2) = 1,	N(3) = 1.9856,	N(4) = 1.9856,	N(5) = 1,	N(6) = 0.0143994,	N(7) = 1,	N(8) = 1,	N(9) = 0.0143994,	N(10) = 0.00525115,	N(11) = 0.0143994,	N(12) = 1.9856,	N(13) = 1,	N(14) = 0.0143994,	N(15) = 1,	Delta[s](0) = 0.471865,	Delta[s](1) = 0.336572,	Delta[s](2) = 0.32648,	Delta[s](3) = 0.336572,	Delta[s](4) = 0.336572,	Delta[s](5) = 0.32648,	Delta[s](6) = 0.254557,	Delta[s](7) = 0.32648,	Delta[s](8) = 0.32648,	Delta[s](9) = 0.254557,	Delta[s](10) = 0.231511,	Delta[s](11) = 0.254557,	Delta[s](12) = 0.336572,	Delta[s](13) = 0.32648,	Delta[s](14) = 0.254557,	Delta[s](15) = 0.32648,	Delta[d](0) = 0.237721,	Delta[d](1) = 0.241386,	Delta[d](2) = 0.231877,	Delta[d](3) = 0.241386,	Delta[d](4) = 0.241386,	Delta[d](5) = 0.142051,	Delta[d](6) = 0.193661,	Delta[d](7) = 0.142051,	Delta[d](8) = 0.231877,	Delta[d](9) = 0.193661,	Delta[d](10) = 0.0463325,	Delta[d](11) = 0.193661,	Delta[d](12) = 0.241386,	Delta[d](13) = 0.142051,	Delta[d](14) = 0.193661,	Delta[d](15) = 0.142051,	Delta[s+](0) = 0.453363,	Delta[s+](1) = 0.36252,	Delta[s+](2) = 0.231877,	Delta[s+](3) = 0.36252,	Delta[s+](4) = 0.36252,	Delta[s+](5) = 0.231877,	Delta[s+](6) = 0.0992801,	Delta[s+](7) = 0.231877,	Delta[s+](8) = 0.231877,	Delta[s+](9) = 0.0992801,	Delta[s+](10) = 0.0248022,	Delta[s+](11) = 0.0992801,	Delta[s+](12) = 0.36252,	Delta[s+](13) = 0.231877,	Delta[s+](14) = 0.0992801,	Delta[s+](15) = 0.231877
The 13-th iteration is completed.	|| time cost : 0h 4m 23.213s
********************************************************************************************************************
********************************************************************************************************************
Ground state is obtained after 14 iterations. The current ground-state energy is -60.2367, in which electron energy is -60.2998 and phonon energy is 0.0630463
final variational state is: 
	Gamma_x = [      1, 1.0203,1.03145, 1.0203, 1.0203,1.03145, 1.0493,1.03145,1.03145, 1.0493,1.09699, 1.0493, 1.0203,1.03145, 1.0493,1.03145]
	lambda_q = [0.469038,0.397387,0.350672,0.397387,0.397387,0.350672, 0.36006,0.350672,0.350672, 0.36006,0.442487, 0.36006,0.397387,0.350672, 0.36006,0.350672]
********************************************************************************************************************
o___o  ----------------------------------------
| L |	Time since last clock: 0h 0m 0s
A===A	Time since the beginning: 0h 30m 34.632s
***********************************************


********************************************************************************************************************
Warm up runs have been completed. Start calculating W = 5 phonon.
open output files: NGSEDIterationObs.txt
********************************************************************************************************************
Start the 0 rounds of NGS-ED iteration
	effective electronic model is modified as: kinetic energy t = 0.87573
	                                           effective interaction Vq = [-2.01124,-1.84637,-1.71122,-1.84637,-1.84637,-1.71122,-1.74013,-1.71122,-1.71122,-1.74013,-1.95613,-1.74013,-1.84637,-1.71122,-1.74013,-1.71122]
	PARPACK diagonalization completed after 45 matrix-vector product operations.
	iteration results: : total energy is -54.333961 | electron energy -54.365476 + phonon energy 0.031514 | electron momentum kIdx = 10
	Nq(0) = 16,	Nq(1) = 0.34871,	Nq(2) = 0.362319,	Nq(3) = 0.34871,	Nq(4) = 0.34871,	Nq(5) = 0.362319,	Nq(6) = 0.585186,	Nq(7) = 0.362319,	Nq(8) = 0.362319,	Nq(9) = 0.585186,	Nq(10) = 3.68324,	Nq(11) = 0.585186,	Nq(12) = 0.34871,	Nq(13) = 0.362319,	Nq(14) = 0.585186,	Nq(15) = 0.362319,	Sq(0) = 4.84248e-18,	Sq(1) = 0.330721,	Sq(2) = 0.361459,	Sq(3) = 0.330721,	Sq(4) = 0.330721,	Sq(5) = 0.361459,	Sq(6) = 0.575901,	Sq(7) = 0.361459,	Sq(8) = 0.361459,	Sq(9) = 0.575901,	Sq(10) = 0.612016,	Sq(11) = 0.575901,	Sq(12) = 0.330721,	Sq(13) = 0.361459,	Sq(14) = 0.575901,	Sq(15) = 0.361459,	N(0) = 1.99799,	N(1) = 1.99403,	N(2) = 1,	N(3) = 1.99403,	N(4) = 1.99403,	N(5) = 1,	N(6) = 0.00597318,	N(7) = 1,	N(8) = 1,	N(9) = 0.00597318,	N(10) = 0.00200899,	N(11) = 0.00597318,	N(12) = 1.99403,	N(13) = 1,	N(14) = 0.00597318,	N(15) = 1,	Delta[s](0) = 0.413742,	Delta[s](1) = 0.319156,	Delta[s](2) = 0.310895,	Delta[s](3) = 0.319156,	Delta[s](4) = 0.319156,	Delta[s](5) = 0.310895,	Delta[s](6) = 0.250126,	Delta[s](7) = 0.310895,	Delta[s](8) = 0.310895,	Delta[s](9) = 0.250126,	Delta[s](10) = 0.240132,	Delta[s](11) = 0.250126,	Delta[s](12) = 0.319156,	Delta[s](13) = 0.310895,	Delta[s](14) = 0.250126,	Delta[s](15) = 0.310895,	Delta[d](0) = 0.243243,	Delta[d](1) = 0.25244,	Delta[d](2) = 0.243637,	Delta[d](3) = 0.25244,	Delta[d](4) = 0.25244,	Delta[d](5) = 0.148294,	Delta[d](6) = 0.203989,	Delta[d](7) = 0.148294,	Delta[d](8) = 0.243637,	Delta[d](9) = 0.203989,	Delta[d](10) = 0.0533415,	Delta[d](11) = 0.203989,	Delta[d](12) = 0.25244,	Delta[d](13) = 0.148294,	Delta[d](14) = 0.203989,	Delta[d](15) = 0.148294,	Delta[s+](0) = 0.480062,	Delta[s+](1) = 0.380486,	Delta[s+](2) = 0.243637,	Delta[s+](3) = 0.380486,	Delta[s+](4) = 0.380486,	Delta[s+](5) = 0.243637,	Delta[s+](6) = 0.106129,	Delta[s+](7) = 0.243637,	Delta[s+](8) = 0.243637,	Delta[s+](9) = 0.106129,	Delta[s+](10) = 0.0284712,	Delta[s+](11) = 0.106129,	Delta[s+](12) = 0.380486,	Delta[s+](13) = 0.243637,	Delta[s+](14) = 0.106129,	Delta[s+](15) = 0.243637
The 0-th iteration is completed.	|| time cost : 0h 4m 36.284s
********************************************************************************************************************
Start the 1 rounds of NGS-ED iteration
	effective electronic model is modified as: kinetic energy t = 0.857199
	                                           effective interaction Vq = [-2.13054,-1.95724,-1.78828,-1.95724,-1.95724,-1.78828,-1.82414,-1.78828,-1.78828,-1.82414,-2.08677,-1.82414,-1.95724,-1.78828,-1.82414,-1.78828]
	PARPACK diagonalization completed after 30 matrix-vector product operations.
	iteration results: : total energy is -56.756530 | electron energy -56.854213 + phonon energy 0.097683 | electron momentum kIdx = 10
The 1-th iteration is completed.	|| time cost : 0h 0m 27.365s
********************************************************************************************************************
Start the 2 rounds of NGS-ED iteration
	effective electronic model is modified as: kinetic energy t = 0.847316
	                                           effective interaction Vq = [-2.17443, -2.0042,-1.82428, -2.0042, -2.0042,-1.82428,-1.86244,-1.82428,-1.82428,-1.86244,-2.14294,-1.86244, -2.0042,-1.82428,-1.86244,-1.82428]
	PARPACK diagonalization completed after 30 matrix-vector product operations.
	iteration results: : total energy is -57.637305 | electron energy -57.785532 + phonon energy 0.148227 | electron momentum kIdx = 10
The 2-th iteration is completed.	|| time cost : 0h 0m 27.348s
********************************************************************************************************************
Start the 3 rounds of NGS-ED iteration
	effective electronic model is modified as: kinetic energy t = 0.842229
	                                           effective interaction Vq = [-2.19057,-2.02511,-1.84148,-2.02511,-2.02511,-1.84148,-1.88021,-1.84148,-1.84148,-1.88021,-2.16684,-1.88021,-2.02511,-1.84148,-1.88021,-1.84148]
	PARPACK diagonalization completed after 30 matrix-vector product operations.
	iteration results: : total energy is -57.952460 | electron energy -58.132080 + phonon energy 0.179621 | electron momentum kIdx = 10
The 3-th iteration is completed.	|| time cost : 0h 0m 27.352s
********************************************************************************************************************
Start the 4 rounds of NGS-ED iteration
	effective electronic model is modified as: kinetic energy t = 0.839628
	                                           effective interaction Vq = [-2.19651,-2.03487,-1.84992,-2.03487,-2.03487,-1.84992,-1.88873,-1.84992,-1.84992,-1.88873,-2.17736,-1.88873,-2.03487,-1.84992,-1.88873,-1.84992]
	PARPACK diagonalization completed after 30 matrix-vector product operations.
	iteration results: : total energy is -58.064504 | electron energy -58.262094 + phonon energy 0.197590 | electron momentum kIdx = 10
The 4-th iteration is completed.	|| time cost : 0h 0m 27.361s
********************************************************************************************************************
Start the 5 rounds of NGS-ED iteration
	effective electronic model is modified as: kinetic energy t = 0.838294
	                                           effective interaction Vq = [ -2.1987, -2.0396,-1.85415, -2.0396, -2.0396,-1.85415,-1.89293,-1.85415,-1.85415,-1.89293,-2.18223,-1.89293, -2.0396,-1.85415,-1.89293,-1.85415]
	PARPACK diagonalization completed after 30 matrix-vector product operations.
	iteration results: : total energy is -58.104368 | electron energy -58.311828 + phonon energy 0.207460 | electron momentum kIdx = 10
The 5-th iteration is completed.	|| time cost : 0h 0m 27.408s
********************************************************************************************************************
Start the 6 rounds of NGS-ED iteration
	effective electronic model is modified as: kinetic energy t = 0.837608
	                                           effective interaction Vq = [ -2.1995,-2.04194, -1.8563,-2.04194,-2.04194, -1.8563,-1.89503, -1.8563, -1.8563,-1.89503,-2.18459,-1.89503,-2.04194, -1.8563,-1.89503, -1.8563]
	PARPACK diagonalization completed after 30 matrix-vector product operations.
	iteration results: : total energy is -58.118613 | electron energy -58.331368 + phonon energy 0.212756 | electron momentum kIdx = 10
The 6-th iteration is completed.	|| time cost : 0h 0m 27.616s
********************************************************************************************************************
Start the 7 rounds of NGS-ED iteration
	effective electronic model is modified as: kinetic energy t = 0.837255
	                                           effective interaction Vq = [ -2.1998,-2.04311,-1.85739,-2.04311,-2.04311,-1.85739,-1.89609,-1.85739,-1.85739,-1.89609,-2.18577,-1.89609,-2.04311,-1.85739,-1.89609,-1.85739]
	PARPACK diagonalization completed after 30 matrix-vector product operations.
	iteration results: : total energy is -58.123729 | electron energy -58.339288 + phonon energy 0.215559 | electron momentum kIdx = 10
The 7-th iteration is completed.	|| time cost : 0h 0m 27.43s
********************************************************************************************************************
Start the 8 rounds of NGS-ED iteration
	effective electronic model is modified as: kinetic energy t = 0.837074
	                                           effective interaction Vq = [ -2.1999, -2.0437,-1.85795, -2.0437, -2.0437,-1.85795,-1.89663,-1.85795,-1.85795,-1.89663,-2.18637,-1.89663, -2.0437,-1.85795,-1.89663,-1.85795]
	PARPACK diagonalization completed after 30 matrix-vector product operations.
	iteration results: : total energy is -58.125576 | electron energy -58.342606 + phonon energy 0.217030 | electron momentum kIdx = 10
The 8-th iteration is completed.	|| time cost : 0h 0m 27.345s
********************************************************************************************************************
Start the 9 rounds of NGS-ED iteration
	effective electronic model is modified as: kinetic energy t = 0.83698
	                                           effective interaction Vq = [-2.19994,  -2.044,-1.85824,  -2.044,  -2.044,-1.85824, -1.8969,-1.85824,-1.85824, -1.8969,-2.18669, -1.8969,  -2.044,-1.85824, -1.8969,-1.85824]
	PARPACK diagonalization completed after 30 matrix-vector product operations.
	iteration results: : total energy is -58.126246 | electron energy -58.344045 + phonon energy 0.217798 | electron momentum kIdx = 10
The 9-th iteration is completed.	|| time cost : 0h 0m 27.351s
********************************************************************************************************************
Start the 10 rounds of NGS-ED iteration
	effective electronic model is modified as: kinetic energy t = 0.836933
	                                           effective interaction Vq = [-2.19996,-2.04414,-1.85838,-2.04414,-2.04414,-1.85838,-1.89703,-1.85838,-1.85838,-1.89703,-2.18685,-1.89703,-2.04414,-1.85838,-1.89703,-1.85838]
	PARPACK diagonalization completed after 30 matrix-vector product operations.
	iteration results: : total energy is -58.126490 | electron energy -58.344688 + phonon energy 0.218198 | electron momentum kIdx = 10
	Nq(0) = 16,	Nq(1) = 0.322013,	Nq(2) = 0.35241,	Nq(3) = 0.322013,	Nq(4) = 0.322013,	Nq(5) = 0.35241,	Nq(6) = 0.559394,	Nq(7) = 0.35241,	Nq(8) = 0.35241,	Nq(9) = 0.559394,	Nq(10) = 4.50189,	Nq(11) = 0.559394,	Nq(12) = 0.322013,	Nq(13) = 0.35241,	Nq(14) = 0.559394,	Nq(15) = 0.35241,	Sq(0) = -3.48197e-18,	Sq(1) = 0.288107,	Sq(2) = 0.340964,	Sq(3) = 0.288107,	Sq(4) = 0.288107,	Sq(5) = 0.340964,	Sq(6) = 0.520068,	Sq(7) = 0.340964,	Sq(8) = 0.340964,	Sq(9) = 0.520068,	Sq(10) = 0.579539,	Sq(11) = 0.520068,	Sq(12) = 0.288107,	Sq(13) = 0.340964,	Sq(14) = 0.520068,	Sq(15) = 0.340964,	N(0) = 1.99256,	N(1) = 1.97745,	N(2) = 1,	N(3) = 1.97745,	N(4) = 1.97745,	N(5) = 1,	N(6) = 0.0225506,	N(7) = 1,	N(8) = 1,	N(9) = 0.0225506,	N(10) = 0.00744492,	N(11) = 0.0225506,	N(12) = 1.97745,	N(13) = 1,	N(14) = 0.0225506,	N(15) = 1,	Delta[s](0) = 0.425093,	Delta[s](1) = 0.33766,	Delta[s](2) = 0.324867,	Delta[s](3) = 0.33766,	Delta[s](4) = 0.33766,	Delta[s](5) = 0.324867,	Delta[s](6) = 0.272555,	Delta[s](7) = 0.324867,	Delta[s](8) = 0.324867,	Delta[s](9) = 0.272555,	Delta[s](10) = 0.255839,	Delta[s](11) = 0.272555,	Delta[s](12) = 0.33766,	Delta[s](13) = 0.324867,	Delta[s](14) = 0.272555,	Delta[s](15) = 0.324867,	Delta[d](0) = 0.238055,	Delta[d](1) = 0.236375,	Delta[d](2) = 0.235735,	Delta[d](3) = 0.236375,	Delta[d](4) = 0.236375,	Delta[d](5) = 0.147801,	Delta[d](6) = 0.189967,	Delta[d](7) = 0.147801,	Delta[d](8) = 0.235735,	Delta[d](9) = 0.189967,	Delta[d](10) = 0.0575034,	Delta[d](11) = 0.189967,	Delta[d](12) = 0.236375,	Delta[d](13) = 0.147801,	Delta[d](14) = 0.189967,	Delta[d](15) = 0.147801,	Delta[s+](0) = 0.468195,	Delta[s+](1) = 0.367801,	Delta[s+](2) = 0.235735,	Delta[s+](3) = 0.367801,	Delta[s+](4) = 0.367801,	Delta[s+](5) = 0.235735,	Delta[s+](6) = 0.101969,	Delta[s+](7) = 0.235735,	Delta[s+](8) = 0.235735,	Delta[s+](9) = 0.101969,	Delta[s+](10) = 0.0307118,	Delta[s+](11) = 0.101969,	Delta[s+](12) = 0.367801,	Delta[s+](13) = 0.235735,	Delta[s+](14) = 0.101969,	Delta[s+](15) = 0.235735
The 10-th iteration is completed.	|| time cost : 0h 4m 26.232s
********************************************************************************************************************
Start the 11 rounds of NGS-ED iteration
	effective electronic model is modified as: kinetic energy t = 0.836908
	                                           effective interaction Vq = [-2.19996,-2.04422,-1.85845,-2.04422,-2.04422,-1.85845, -1.8971,-1.85845,-1.85845, -1.8971,-2.18693, -1.8971,-2.04422,-1.85845, -1.8971,-1.85845]
	PARPACK diagonalization completed after 30 matrix-vector product operations.
	iteration results: : total energy is -58.126579 | electron energy -58.344985 + phonon energy 0.218406 | electron momentum kIdx = 10
The 11-th iteration is completed.	|| time cost : 0h 0m 27.509s
********************************************************************************************************************
Start the 12 rounds of NGS-ED iteration
	effective electronic model is modified as: kinetic energy t = 0.836896
	                                           effective interaction Vq = [-2.19997,-2.04425,-1.85849,-2.04425,-2.04425,-1.85849,-1.89713,-1.85849,-1.85849,-1.89713,-2.18698,-1.89713,-2.04425,-1.85849,-1.89713,-1.85849]
	PARPACK diagonalization completed after 30 matrix-vector product operations.
	iteration results: : total energy is -58.126611 | electron energy -58.345125 + phonon energy 0.218514 | electron momentum kIdx = 10
The 12-th iteration is completed.	|| time cost : 0h 0m 27.349s
********************************************************************************************************************
Start the 13 rounds of NGS-ED iteration
	effective electronic model is modified as: kinetic energy t = 0.83689
	                                           effective interaction Vq = [-2.19997,-2.04427,-1.85851,-2.04427,-2.04427,-1.85851,-1.89715,-1.85851,-1.85851,-1.89715,  -2.187,-1.89715,-2.04427,-1.85851,-1.89715,-1.85851]
	PARPACK diagonalization completed after 30 matrix-vector product operations.
	iteration results: : total energy is -58.126623 | electron energy -58.345193 + phonon energy 0.218570 | electron momentum kIdx = 10
The 13-th iteration is completed.	|| time cost : 0h 0m 27.331s
********************************************************************************************************************
Start the 14 rounds of NGS-ED iteration
	effective electronic model is modified as: kinetic energy t = 0.836887
	                                           effective interaction Vq = [-2.19997,-2.04428,-1.85852,-2.04428,-2.04428,-1.85852,-1.89716,-1.85852,-1.85852,-1.89716,-2.18702,-1.89716,-2.04428,-1.85852,-1.89716,-1.85852]
	PARPACK diagonalization completed after 30 matrix-vector product operations.
	iteration results: : total energy is -58.126628 | electron energy -58.345226 + phonon energy 0.218598 | electron momentum kIdx = 10
The 14-th iteration is completed.	|| time cost : 0h 0m 27.322s
********************************************************************************************************************
Start the 15 rounds of NGS-ED iteration
	effective electronic model is modified as: kinetic energy t = 0.836885
	                                           effective interaction Vq = [-2.19997,-2.04428,-1.85852,-2.04428,-2.04428,-1.85852,-1.89716,-1.85852,-1.85852,-1.89716,-2.18702,-1.89716,-2.04428,-1.85852,-1.89716,-1.85852]
	PARPACK diagonalization completed after 30 matrix-vector product operations.
	iteration results: : total energy is -58.126629 | electron energy -58.345242 + phonon energy 0.218613 | electron momentum kIdx = 10
The 15-th iteration is completed.	|| time cost : 0h 0m 27.498s
********************************************************************************************************************
Start the 16 rounds of NGS-ED iteration
	effective electronic model is modified as: kinetic energy t = 0.836884
	                                           effective interaction Vq = [-2.19997,-2.04428,-1.85853,-2.04428,-2.04428,-1.85853,-1.89716,-1.85853,-1.85853,-1.89716,-2.18703,-1.89716,-2.04428,-1.85853,-1.89716,-1.85853]
	PARPACK diagonalization completed after 30 matrix-vector product operations.
	iteration results: : total energy is -58.126630 | electron energy -58.345251 + phonon energy 0.218621 | electron momentum kIdx = 10
The 16-th iteration is completed.	|| time cost : 0h 0m 27.455s
********************************************************************************************************************
Start the 17 rounds of NGS-ED iteration
	effective electronic model is modified as: kinetic energy t = 0.836884
	                                           effective interaction Vq = [-2.19997,-2.04428,-1.85853,-2.04428,-2.04428,-1.85853,-1.89716,-1.85853,-1.85853,-1.89716,-2.18703,-1.89716,-2.04428,-1.85853,-1.89716,-1.85853]
	PARPACK diagonalization completed after 30 matrix-vector product operations.
	iteration results: : total energy is -58.126630 | electron energy -58.345255 + phonon energy 0.218625 | electron momentum kIdx = 10
The 17-th iteration is completed.	|| time cost : 0h 0m 27.316s
********************************************************************************************************************
Start the 18 rounds of NGS-ED iteration
	effective electronic model is modified as: kinetic energy t = 0.836884
	                                           effective interaction Vq = [-2.19997,-2.04428,-1.85853,-2.04428,-2.04428,-1.85853,-1.89716,-1.85853,-1.85853,-1.89716,-2.18703,-1.89716,-2.04428,-1.85853,-1.89716,-1.85853]
	PARPACK diagonalization completed after 30 matrix-vector product operations.
	iteration results: : total energy is -58.126630 | electron energy -58.345257 + phonon energy 0.218627 | electron momentum kIdx = 10
The 18-th iteration is completed.	|| time cost : 0h 0m 27.478s
********************************************************************************************************************
Start the 19 rounds of NGS-ED iteration
	effective electronic model is modified as: kinetic energy t = 0.836884
	                                           effective interaction Vq = [-2.19997,-2.04428,-1.85853,-2.04428,-2.04428,-1.85853,-1.89716,-1.85853,-1.85853,-1.89716,-2.18703,-1.89716,-2.04428,-1.85853,-1.89716,-1.85853]
	PARPACK diagonalization completed after 30 matrix-vector product operations.
	iteration results: : total energy is -58.126630 | electron energy -58.345258 + phonon energy 0.218628 | electron momentum kIdx = 10
The 19-th iteration is completed.	|| time cost : 0h 0m 27.44s
********************************************************************************************************************
Start the 20 rounds of NGS-ED iteration
	effective electronic model is modified as: kinetic energy t = 0.836884
	                                           effective interaction Vq = [-2.19997,-2.04428,-1.85853,-2.04428,-2.04428,-1.85853,-1.89716,-1.85853,-1.85853,-1.89716,-2.18703,-1.89716,-2.04428,-1.85853,-1.89716,-1.85853]
	PARPACK diagonalization completed after 30 matrix-vector product operations.
	iteration results: : total energy is -58.126630 | electron energy -58.345258 + phonon energy 0.218628 | electron momentum kIdx = 10
