TACC:  Starting up job 4382669 
TACC:  Starting parallel tasks... 
SNEDics v3.4 Non-Gaussian ED ground state program		Start at Mon Sep 23 01:44:08 2019

parallized on 32 MPI threads  * 6 OpenMP threads = 192 total threads.
********************************************************************************************************************
********************************************************************************************************************

********************************************************************************************************************
System parameters and configurations
********************************************************************************************************************
Special program options are enabled: splitted diagonal Hamiltonian
********************************************************************************************************************
Read input file "model_params.in"
	Hubbard-Holstein model parameters : 	t = 1    U = 5    g = 3.873    W = 5    
********************************************************************************************************************
Read input file "hilbertspace_params.in"
	Requested 16-site 2D lattice, with 16 electrons (8, 8)
	Boundary : Periodic		Hilbert space representation : momentum-space (restricted to kIdx = 0)
	Conservation: particle number[U(1)]      spin[U(1)]     momentum
********************************************************************************************************************

Cluster Positions:				Cluster symmetry group : D4
 x ... x ... x ... x .....                       x ... x ... x ... x .....
 |           |           :                       |           |           :
 |           |           :                       |           |           :
12    13    14    15     x                       1     5     6     5     x
 |           |           :                       |           |           :
 |           |           :                       |           |           :
 8 --- 9 ---10 ---11 --- x                       2 --- 6 ---10 --- 6 --- x
 |           |           :                       |           |           :
 |           |           :                       |           |           :
 4     5     6     7     x                       1     5     6     5     x
 |           |           :                       |           |           :
 |           |           :                       |           |           :
 0 --- 1 --- 2 --- 3 --- x                       0 --- 1 --- 2 --- 1 --- x
orbital number : 1
********************************************************************************************************************
Read input file "obs_params.in"
	Observable Type : Nq(All),   Sq(All),   N(All),   Delta[s](All),   Delta[d](All),   Delta[s+](All)
********************************************************************************************************************
** WARNING ** the input observables have non-local factors which have been reinterpreted. The total observable number is 96
********************************************************************************************************************


********************************************************************************************************************
Start calculating the non-Gaussian ED ground state
** WARNING ** Detected low phonon energy W < 10. The initial state will be prepared through a warm-up process.
********************************************************************************************************************
Start warm-up calculation for scaling factor 2
open output files: NGSEDWarmUpW10Obs.txt
********************************************************************************************************************
Start the 0 rounds of NGS-ED iteration
	effective electronic model is modified as: kinetic energy t = 1
	                                           effective interaction Vq = [0,0,0,0,0,0,0,0,0,0,0,0,0,0,0,0]
	first Hamiltonian is constructed, non-zero numbers = 2845383612
	PARPACK diagonalization completed after 105 matrix-vector product operations.
	iteration results: : total energy is -11.940536 | electron energy -11.940536 + phonon energy 0.000000 | electron momentum kIdx = 0
	Nq(0) = 16,	Nq(1) = 0.12461,	Nq(2) = 0.195263,	Nq(3) = 0.12461,	Nq(4) = 0.12461,	Nq(5) = 0.195263,	Nq(6) = 0.26473,	Nq(7) = 0.195263,	Nq(8) = 0.195263,	Nq(9) = 0.26473,	Nq(10) = 0.325885,	Nq(11) = 0.26473,	Nq(12) = 0.12461,	Nq(13) = 0.195263,	Nq(14) = 0.26473,	Nq(15) = 0.195263,	Sq(0) = -7.20117e-19,	Sq(1) = 0.427088,	Sq(2) = 0.630149,	Sq(3) = 0.427088,	Sq(4) = 0.427088,	Sq(5) = 0.630149,	Sq(6) = 0.841324,	Sq(7) = 0.630149,	Sq(8) = 0.630149,	Sq(9) = 0.841324,	Sq(10) = 4.09063,	Sq(11) = 0.841324,	Sq(12) = 0.427088,	Sq(13) = 0.630149,	Sq(14) = 0.841324,	Sq(15) = 0.630149,	N(0) = 1.89623,	N(1) = 1.77549,	N(2) = 1,	N(3) = 1.77549,	N(4) = 1.77549,	N(5) = 1,	N(6) = 0.224512,	N(7) = 1,	N(8) = 1,	N(9) = 0.224512,	N(10) = 0.103775,	N(11) = 0.224512,	N(12) = 1.77549,	N(13) = 1,	N(14) = 0.224512,	N(15) = 1,	Delta[s](0) = 0.145813,	Delta[s](1) = 0.122976,	Delta[s](2) = 0.0970713,	Delta[s](3) = 0.122976,	Delta[s](4) = 0.122976,	Delta[s](5) = 0.0970713,	Delta[s](6) = 0.070705,	Delta[s](7) = 0.0970713,	Delta[s](8) = 0.0970713,	Delta[s](9) = 0.070705,	Delta[s](10) = 0.0244492,	Delta[s](11) = 0.070705,	Delta[s](12) = 0.122976,	Delta[s](13) = 0.0970713,	Delta[s](14) = 0.070705,	Delta[s](15) = 0.0970713,	Delta[d](0) = 0.564379,	Delta[d](1) = 0.402958,	Delta[d](2) = 0.317384,	Delta[d](3) = 0.402958,	Delta[d](4) = 0.402958,	Delta[d](5) = 0.330743,	Delta[d](6) = 0.237145,	Delta[d](7) = 0.330743,	Delta[d](8) = 0.317384,	Delta[d](9) = 0.237145,	Delta[d](10) = 0.110475,	Delta[d](11) = 0.237145,	Delta[d](12) = 0.402958,	Delta[d](13) = 0.330743,	Delta[d](14) = 0.237145,	Delta[d](15) = 0.330743,	Delta[s+](0) = 0.599405,	Delta[s+](1) = 0.474489,	Delta[s+](2) = 0.317384,	Delta[s+](3) = 0.474489,	Delta[s+](4) = 0.474489,	Delta[s+](5) = 0.317384,	Delta[s+](6) = 0.16641,	Delta[s+](7) = 0.317384,	Delta[s+](8) = 0.317384,	Delta[s+](9) = 0.16641,	Delta[s+](10) = 0.047097,	Delta[s+](11) = 0.16641,	Delta[s+](12) = 0.474489,	Delta[s+](13) = 0.317384,	Delta[s+](14) = 0.16641,	Delta[s+](15) = 0.317384
The 0-th iteration is completed.	|| time cost : 0h 6m 42.736s
********************************************************************************************************************
Start the 1 rounds of NGS-ED iteration
	effective electronic model is modified as: kinetic energy t = 0.929178
	                                           effective interaction Vq = [-2.59402,-2.32406,-2.25332,-2.32406,-2.32406,-2.25332,-2.22019,-2.25332,-2.25332,-2.22019,-2.19218,-2.22019,-2.32406,-2.25332,-2.22019,-2.25332]
	PARPACK diagonalization completed after 60 matrix-vector product operations.
	iteration results: : total energy is -62.150071 | electron energy -62.154456 + phonon energy 0.004384 | electron momentum kIdx = 0
The 1-th iteration is completed.	|| time cost : 0h 3m 39.675s
********************************************************************************************************************
Start the 2 rounds of NGS-ED iteration
	effective electronic model is modified as: kinetic energy t = 0.873155
	                                           effective interaction Vq = [-2.94508,-2.80508,-2.68662,-2.80508,-2.80508,-2.68662,-2.69518,-2.68662,-2.68662,-2.69518,-2.63109,-2.69518,-2.80508,-2.68662,-2.69518,-2.68662]
	PARPACK diagonalization completed after 75 matrix-vector product operations.
	iteration results: : total energy is -69.936822 | electron energy -69.975944 + phonon energy 0.039122 | electron momentum kIdx = 0
The 2-th iteration is completed.	|| time cost : 0h 0m 35.983s
********************************************************************************************************************
Start the 3 rounds of NGS-ED iteration
	effective electronic model is modified as: kinetic energy t = 0.839118
	                                           effective interaction Vq = [-2.99259,-2.91411,-2.88281,-2.91411,-2.91411,-2.88281,-2.82262,-2.88281,-2.88281,-2.82262,-2.81587,-2.82262,-2.91411,-2.88281,-2.82262,-2.88281]
	PARPACK diagonalization completed after 60 matrix-vector product operations.
	iteration results: : total energy is -71.409886 | electron energy -71.486102 + phonon energy 0.076216 | electron momentum kIdx = 0
The 3-th iteration is completed.	|| time cost : 0h 0m 31.786s
********************************************************************************************************************
Start the 4 rounds of NGS-ED iteration
	effective electronic model is modified as: kinetic energy t = 0.826662
	                                           effective interaction Vq = [-2.99902,-2.94092, -2.9298,-2.94092,-2.94092, -2.9298,-2.85822, -2.9298, -2.9298,-2.85822,-2.87114,-2.85822,-2.94092, -2.9298,-2.85822, -2.9298]
	PARPACK diagonalization completed after 45 matrix-vector product operations.
	iteration results: : total energy is -71.604480 | electron energy -71.701794 + phonon energy 0.097314 | electron momentum kIdx = 0
The 4-th iteration is completed.	|| time cost : 0h 0m 28.221s
********************************************************************************************************************
Start the 5 rounds of NGS-ED iteration
	effective electronic model is modified as: kinetic energy t = 0.822235
	                                           effective interaction Vq = [-2.99989,-2.94887,-2.94313,-2.94887,-2.94887,-2.94313,-2.86966,-2.94313,-2.94313,-2.86966,-2.89121,-2.86966,-2.94887,-2.94313,-2.86966,-2.94313]
	PARPACK diagonalization completed after 45 matrix-vector product operations.
	iteration results: : total energy is -71.629850 | electron energy -71.735971 + phonon energy 0.106121 | electron momentum kIdx = 0
The 5-th iteration is completed.	|| time cost : 0h 0m 28.153s
********************************************************************************************************************
Start the 6 rounds of NGS-ED iteration
	effective electronic model is modified as: kinetic energy t = 0.820651
	                                           effective interaction Vq = [-3.00001,-2.95146,-2.94719,-2.95146,-2.95146,-2.94719,-2.87358,-2.94719,-2.94719,-2.87358, -2.8999,-2.87358,-2.95146,-2.94719,-2.87358,-2.94719]
	PARPACK diagonalization completed after 45 matrix-vector product operations.
	iteration results: : total energy is -71.633228 | electron energy -71.742716 + phonon energy 0.109488 | electron momentum kIdx = 0
The 6-th iteration is completed.	|| time cost : 0h 0m 27.727s
********************************************************************************************************************
Start the 7 rounds of NGS-ED iteration
	effective electronic model is modified as: kinetic energy t = 0.820068
	                                           effective interaction Vq = [-3.00002,-2.95234,-2.94839,-2.95234,-2.95234,-2.94839,-2.87497,-2.94839,-2.94839,-2.87497,-2.90439,-2.87497,-2.95234,-2.94839,-2.87497,-2.94839]
	PARPACK diagonalization completed after 45 matrix-vector product operations.
	iteration results: : total energy is -71.633726 | electron energy -71.744502 + phonon energy 0.110776 | electron momentum kIdx = 0
The 7-th iteration is completed.	|| time cost : 0h 0m 28.042s
********************************************************************************************************************
Start the 8 rounds of NGS-ED iteration
	effective electronic model is modified as: kinetic energy t = 0.819838
	                                           effective interaction Vq = [-3.00003,-2.95265,-2.94866,-2.95265,-2.95265,-2.94866,-2.87548,-2.94866,-2.94866,-2.87548,-2.90716,-2.87548,-2.95265,-2.94866,-2.87548,-2.94866]
	PARPACK diagonalization completed after 45 matrix-vector product operations.
	iteration results: : total energy is -71.633828 | electron energy -71.745131 + phonon energy 0.111303 | electron momentum kIdx = 0
The 8-th iteration is completed.	|| time cost : 0h 0m 27.595s
********************************************************************************************************************
Start the 9 rounds of NGS-ED iteration
	effective electronic model is modified as: kinetic energy t = 0.819734
	                                           effective interaction Vq = [-3.00003,-2.95276,-2.94864,-2.95276,-2.95276,-2.94864,-2.87568,-2.94864,-2.94864,-2.87568,-2.90915,-2.87568,-2.95276,-2.94864,-2.87568,-2.94864]
	PARPACK diagonalization completed after 45 matrix-vector product operations.
	iteration results: : total energy is -71.633868 | electron energy -71.745418 + phonon energy 0.111550 | electron momentum kIdx = 0
The 9-th iteration is completed.	|| time cost : 0h 0m 24.264s
********************************************************************************************************************
Start the 10 rounds of NGS-ED iteration
	effective electronic model is modified as: kinetic energy t = 0.819677
	                                           effective interaction Vq = [-3.00003,-2.95281,-2.94853,-2.95281,-2.95281,-2.94853,-2.87577,-2.94853,-2.94853,-2.87577,-2.91078,-2.87577,-2.95281,-2.94853,-2.87577,-2.94853]
	PARPACK diagonalization completed after 30 matrix-vector product operations.
	iteration results: : total energy is -71.633894 | electron energy -71.745586 + phonon energy 0.111691 | electron momentum kIdx = 0
	Nq(0) = 16,	Nq(1) = 0.413256,	Nq(2) = 0.764803,	Nq(3) = 0.413256,	Nq(4) = 0.413256,	Nq(5) = 0.764803,	Nq(6) = 0.670081,	Nq(7) = 0.764803,	Nq(8) = 0.764803,	Nq(9) = 0.670081,	Nq(10) = 1.0812,	Nq(11) = 0.670081,	Nq(12) = 0.413256,	Nq(13) = 0.764803,	Nq(14) = 0.670081,	Nq(15) = 0.764803,	Sq(0) = 1.5357e-17,	Sq(1) = 0.306687,	Sq(2) = 0.346958,	Sq(3) = 0.306687,	Sq(4) = 0.306687,	Sq(5) = 0.346958,	Sq(6) = 0.528765,	Sq(7) = 0.346958,	Sq(8) = 0.346958,	Sq(9) = 0.528765,	Sq(10) = 0.573077,	Sq(11) = 0.528765,	Sq(12) = 0.306687,	Sq(13) = 0.346958,	Sq(14) = 0.528765,	Sq(15) = 0.346958,	N(0) = 1.99542,	N(1) = 1.98818,	N(2) = 1,	N(3) = 1.98818,	N(4) = 1.98818,	N(5) = 1,	N(6) = 0.0118239,	N(7) = 1,	N(8) = 1,	N(9) = 0.0118239,	N(10) = 0.00457897,	N(11) = 0.0118239,	N(12) = 1.98818,	N(13) = 1,	N(14) = 0.0118239,	N(15) = 1,	Delta[s](0) = 0.747414,	Delta[s](1) = 0.324547,	Delta[s](2) = 0.282982,	Delta[s](3) = 0.324547,	Delta[s](4) = 0.324547,	Delta[s](5) = 0.282982,	Delta[s](6) = 0.259086,	Delta[s](7) = 0.282982,	Delta[s](8) = 0.282982,	Delta[s](9) = 0.259086,	Delta[s](10) = 0.221844,	Delta[s](11) = 0.259086,	Delta[s](12) = 0.324547,	Delta[s](13) = 0.282982,	Delta[s](14) = 0.259086,	Delta[s](15) = 0.282982,	Delta[d](0) = 0.334195,	Delta[d](1) = 0.280031,	Delta[d](2) = 0.253635,	Delta[d](3) = 0.280031,	Delta[d](4) = 0.280031,	Delta[d](5) = 0.248233,	Delta[d](6) = 0.236937,	Delta[d](7) = 0.248233,	Delta[d](8) = 0.253635,	Delta[d](9) = 0.236937,	Delta[d](10) = 0.162661,	Delta[d](11) = 0.236937,	Delta[d](12) = 0.280031,	Delta[d](13) = 0.248233,	Delta[d](14) = 0.236937,	Delta[d](15) = 0.248233,	Delta[s+](0) = 0.453957,	Delta[s+](1) = 0.375167,	Delta[s+](2) = 0.253635,	Delta[s+](3) = 0.375167,	Delta[s+](4) = 0.375167,	Delta[s+](5) = 0.253635,	Delta[s+](6) = 0.12644,	Delta[s+](7) = 0.253635,	Delta[s+](8) = 0.253635,	Delta[s+](9) = 0.12644,	Delta[s+](10) = 0.0434591,	Delta[s+](11) = 0.12644,	Delta[s+](12) = 0.375167,	Delta[s+](13) = 0.253635,	Delta[s+](14) = 0.12644,	Delta[s+](15) = 0.253635
The 10-th iteration is completed.	|| time cost : 0h 4m 51.268s
********************************************************************************************************************
********************************************************************************************************************
Ground state is obtained after 11 iterations. The current ground-state energy is -71.6339, in which electron energy is -71.7456 and phonon energy is 0.111691
final variational state is: 
	Gamma_x = [      1,1.02757,1.05372,1.02757,1.02757,1.05372,1.06728,1.05372,1.05372,1.06728,1.09572,1.06728,1.02757,1.05372,1.06728,1.05372]
	lambda_q = [0.547716,0.479024, 0.47586,0.479024,0.479024, 0.47586,0.436272, 0.47586, 0.47586,0.436272,0.454025,0.436272,0.479024, 0.47586,0.436272, 0.47586]
********************************************************************************************************************
o___o  ----------------------------------------
| L |	Time since last clock: 0h 0m 0s
A===A	Time since the beginning: 0h 19m 5.454s
***********************************************


********************************************************************************************************************
Warm up runs have been completed. Start calculating W = 5 phonon.
open output files: NGSEDIterationObs.txt
********************************************************************************************************************
Start the 0 rounds of NGS-ED iteration
	effective electronic model is modified as: kinetic energy t = 0.819638
	                                           effective interaction Vq = [-2.74264, -2.5632, -2.5538, -2.5632, -2.5632, -2.5538, -2.4277, -2.5538, -2.5538, -2.4277,-2.48618, -2.4277, -2.5632, -2.5538, -2.4277, -2.5538]
	PARPACK diagonalization completed after 60 matrix-vector product operations.
	iteration results: : total energy is -63.635639 | electron energy -63.691535 + phonon energy 0.055896 | electron momentum kIdx = 0
	Nq(0) = 16,	Nq(1) = 0.382148,	Nq(2) = 0.725874,	Nq(3) = 0.382148,	Nq(4) = 0.382148,	Nq(5) = 0.725874,	Nq(6) = 0.600947,	Nq(7) = 0.725874,	Nq(8) = 0.725874,	Nq(9) = 0.600947,	Nq(10) = 0.8655,	Nq(11) = 0.600947,	Nq(12) = 0.382148,	Nq(13) = 0.725874,	Nq(14) = 0.600947,	Nq(15) = 0.725874,	Sq(0) = 6.00507e-18,	Sq(1) = 0.372838,	Sq(2) = 0.375045,	Sq(3) = 0.372838,	Sq(4) = 0.372838,	Sq(5) = 0.375045,	Sq(6) = 0.620363,	Sq(7) = 0.375045,	Sq(8) = 0.375045,	Sq(9) = 0.620363,	Sq(10) = 0.6238,	Sq(11) = 0.620363,	Sq(12) = 0.372838,	Sq(13) = 0.375045,	Sq(14) = 0.620363,	Sq(15) = 0.375045,	N(0) = 1.99983,	N(1) = 1.99953,	N(2) = 1,	N(3) = 1.99953,	N(4) = 1.99953,	N(5) = 1,	N(6) = 0.000466,	N(7) = 1,	N(8) = 1,	N(9) = 0.000466,	N(10) = 0.000170251,	N(11) = 0.000466,	N(12) = 1.99953,	N(13) = 1,	N(14) = 0.000466,	N(15) = 1,	Delta[s](0) = 0.557007,	Delta[s](1) = 0.298473,	Delta[s](2) = 0.265464,	Delta[s](3) = 0.298473,	Delta[s](4) = 0.298473,	Delta[s](5) = 0.265464,	Delta[s](6) = 0.247096,	Delta[s](7) = 0.265464,	Delta[s](8) = 0.265464,	Delta[s](9) = 0.247096,	Delta[s](10) = 0.244499,	Delta[s](11) = 0.247096,	Delta[s](12) = 0.298473,	Delta[s](13) = 0.265464,	Delta[s](14) = 0.247096,	Delta[s](15) = 0.265464,	Delta[d](0) = 0.346878,	Delta[d](1) = 0.29408,	Delta[d](2) = 0.271969,	Delta[d](3) = 0.29408,	Delta[d](4) = 0.29408,	Delta[d](5) = 0.263044,	Delta[d](6) = 0.249995,	Delta[d](7) = 0.263044,	Delta[d](8) = 0.271969,	Delta[d](9) = 0.249995,	Delta[d](10) = 0.177478,	Delta[d](11) = 0.249995,	Delta[d](12) = 0.29408,	Delta[d](13) = 0.263044,	Delta[d](14) = 0.249995,	Delta[d](15) = 0.263044,	Delta[s+](0) = 0.493821,	Delta[s+](1) = 0.403514,	Delta[s+](2) = 0.271969,	Delta[s+](3) = 0.403514,	Delta[s+](4) = 0.403514,	Delta[s+](5) = 0.271969,	Delta[s+](6) = 0.139634,	Delta[s+](7) = 0.271969,	Delta[s+](8) = 0.271969,	Delta[s+](9) = 0.139634,	Delta[s+](10) = 0.0511483,	Delta[s+](11) = 0.139634,	Delta[s+](12) = 0.403514,	Delta[s+](13) = 0.271969,	Delta[s+](14) = 0.139634,	Delta[s+](15) = 0.271969
The 0-th iteration is completed.	|| time cost : 0h 4m 59.144s
********************************************************************************************************************
Start the 1 rounds of NGS-ED iteration
	effective electronic model is modified as: kinetic energy t = 0.792176
	                                           effective interaction Vq = [-2.90534,-2.71514,-2.71274,-2.71514,-2.71514,-2.71274,-2.54572,-2.71274,-2.71274,-2.54572,-2.60102,-2.54572,-2.71514,-2.71274,-2.54572,-2.71274]
	PARPACK diagonalization completed after 60 matrix-vector product operations.
	iteration results: : total energy is -66.796960 | electron energy -66.966200 + phonon energy 0.169240 | electron momentum kIdx = 0
The 1-th iteration is completed.	|| time cost : 0h 0m 30.491s
********************************************************************************************************************
Start the 2 rounds of NGS-ED iteration
	effective electronic model is modified as: kinetic energy t = 0.77423
	                                           effective interaction Vq = [-2.96519,-2.79065, -2.7933,-2.79065,-2.79065, -2.7933,-2.61386, -2.7933, -2.7933,-2.61386, -2.6705,-2.61386,-2.79065, -2.7933,-2.61386, -2.7933]
	PARPACK diagonalization completed after 45 matrix-vector product operations.
	iteration results: : total energy is -67.960776 | electron energy -68.214293 + phonon energy 0.253517 | electron momentum kIdx = 0
The 2-th iteration is completed.	|| time cost : 0h 0m 24.293s
********************************************************************************************************************
Start the 3 rounds of NGS-ED iteration
	effective electronic model is modified as: kinetic energy t = 0.763063
	                                           effective interaction Vq = [-2.98721,-2.82999,-2.83527,-2.82999,-2.82999,-2.83527, -2.6533,-2.83527,-2.83527, -2.6533,-2.71159, -2.6533,-2.82999,-2.83527, -2.6533,-2.83527]
	PARPACK diagonalization completed after 45 matrix-vector product operations.
	iteration results: : total energy is -68.387008 | electron energy -68.694348 + phonon energy 0.307341 | electron momentum kIdx = 0
The 3-th iteration is completed.	|| time cost : 0h 0m 28.735s
********************************************************************************************************************
Start the 4 rounds of NGS-ED iteration
	effective electronic model is modified as: kinetic energy t = 0.756282
	                                           effective interaction Vq = [-2.99531,-2.85129,-2.85779,-2.85129,-2.85129,-2.85779,-2.67642,-2.85779,-2.85779,-2.67642,-2.73603,-2.67642,-2.85129,-2.85779,-2.67642,-2.85779]
	PARPACK diagonalization completed after 45 matrix-vector product operations.
	iteration results: : total energy is -68.542623 | electron energy -68.882843 + phonon energy 0.340220 | electron momentum kIdx = 0
The 4-th iteration is completed.	|| time cost : 0h 0m 28.116s
********************************************************************************************************************
Start the 5 rounds of NGS-ED iteration
	effective electronic model is modified as: kinetic energy t = 0.752217
	                                           effective interaction Vq = [-2.99829,-2.86317,-2.87015,-2.86317,-2.86317,-2.87015,-2.69014,-2.87015,-2.87015,-2.69014,-2.75073,-2.69014,-2.86317,-2.87015,-2.69014,-2.87015]
	PARPACK diagonalization completed after 45 matrix-vector product operations.
	iteration results: : total energy is -68.599356 | electron energy -68.959328 + phonon energy 0.359972 | electron momentum kIdx = 0
The 5-th iteration is completed.	|| time cost : 0h 0m 27.009s
********************************************************************************************************************
Start the 6 rounds of NGS-ED iteration
	effective electronic model is modified as: kinetic energy t = 0.749795
	                                           effective interaction Vq = [-2.99939,-2.86992,-2.87706,-2.86992,-2.86992,-2.87706,-2.69834,-2.87706,-2.87706,-2.69834,-2.75966,-2.69834,-2.86992,-2.87706,-2.69834,-2.87706]
	PARPACK diagonalization completed after 30 matrix-vector product operations.
	iteration results: : total energy is -68.620033 | electron energy -68.991788 + phonon energy 0.371756 | electron momentum kIdx = 0
The 6-th iteration is completed.	|| time cost : 0h 0m 20.595s
********************************************************************************************************************
Start the 7 rounds of NGS-ED iteration
	effective electronic model is modified as: kinetic energy t = 0.748357
	                                           effective interaction Vq = [-2.99979,-2.87381,-2.88095,-2.87381,-2.87381,-2.88095,-2.70328,-2.88095,-2.88095,-2.70328,-2.76514,-2.70328,-2.87381,-2.88095,-2.70328,-2.88095]
	PARPACK diagonalization completed after 30 matrix-vector product operations.
	iteration results: : total energy is -68.627571 | electron energy -69.006336 + phonon energy 0.378765 | electron momentum kIdx = 0
The 7-th iteration is completed.	|| time cost : 0h 0m 20.727s
********************************************************************************************************************
Start the 8 rounds of NGS-ED iteration
	effective electronic model is modified as: kinetic energy t = 0.747504
	                                           effective interaction Vq = [-2.99994,-2.87607,-2.88316,-2.87607,-2.87607,-2.88316,-2.70627,-2.88316,-2.88316,-2.70627,-2.76852,-2.70627,-2.87607,-2.88316,-2.70627,-2.88316]
	PARPACK diagonalization completed after 30 matrix-vector product operations.
	iteration results: : total energy is -68.630320 | electron energy -69.013253 + phonon energy 0.382932 | electron momentum kIdx = 0
The 8-th iteration is completed.	|| time cost : 0h 0m 20.642s
********************************************************************************************************************
Start the 9 rounds of NGS-ED iteration
	effective electronic model is modified as: kinetic energy t = 0.746999
	                                           effective interaction Vq = [-2.99999,-2.87739,-2.88442,-2.87739,-2.87739,-2.88442,-2.70808,-2.88442,-2.88442,-2.70808,-2.77061,-2.70808,-2.87739,-2.88442,-2.70808,-2.88442]
	PARPACK diagonalization completed after 30 matrix-vector product operations.
	iteration results: : total energy is -68.631324 | electron energy -69.016734 + phonon energy 0.385410 | electron momentum kIdx = 0
The 9-th iteration is completed.	|| time cost : 0h 0m 20.593s
********************************************************************************************************************
Start the 10 rounds of NGS-ED iteration
	effective electronic model is modified as: kinetic energy t = 0.746699
	                                           effective interaction Vq = [-3.00001,-2.87816,-2.88514,-2.87816,-2.87816,-2.88514,-2.70918,-2.88514,-2.88514,-2.70918,-2.77192,-2.70918,-2.87816,-2.88514,-2.70918,-2.88514]
	PARPACK diagonalization completed after 30 matrix-vector product operations.
	iteration results: : total energy is -68.631691 | electron energy -69.018576 + phonon energy 0.386885 | electron momentum kIdx = 0
	Nq(0) = 16,	Nq(1) = 0.409073,	Nq(2) = 0.791296,	Nq(3) = 0.409073,	Nq(4) = 0.409073,	Nq(5) = 0.791296,	Nq(6) = 0.629833,	Nq(7) = 0.791296,	Nq(8) = 0.791296,	Nq(9) = 0.629833,	Nq(10) = 0.939223,	Nq(11) = 0.629833,	Nq(12) = 0.409073,	Nq(13) = 0.791296,	Nq(14) = 0.629833,	Nq(15) = 0.791296,	Sq(0) = 7.77061e-18,	Sq(1) = 0.319203,	Sq(2) = 0.353518,	Sq(3) = 0.319203,	Sq(4) = 0.319203,	Sq(5) = 0.353518,	Sq(6) = 0.544281,	Sq(7) = 0.353518,	Sq(8) = 0.353518,	Sq(9) = 0.544281,	Sq(10) = 0.582328,	Sq(11) = 0.544281,	Sq(12) = 0.319203,	Sq(13) = 0.353518,	Sq(14) = 0.544281,	Sq(15) = 0.353518,	N(0) = 1.9967,	N(1) = 1.99059,	N(2) = 1,	N(3) = 1.99059,	N(4) = 1.99059,	N(5) = 1,	N(6) = 0.00940718,	N(7) = 1,	N(8) = 1,	N(9) = 0.00940718,	N(10) = 0.00330396,	N(11) = 0.00940718,	N(12) = 1.99059,	N(13) = 1,	N(14) = 0.00940718,	N(15) = 1,	Delta[s](0) = 0.56817,	Delta[s](1) = 0.317941,	Delta[s](2) = 0.288626,	Delta[s](3) = 0.317941,	Delta[s](4) = 0.317941,	Delta[s](5) = 0.288626,	Delta[s](6) = 0.27194,	Delta[s](7) = 0.288626,	Delta[s](8) = 0.288626,	Delta[s](9) = 0.27194,	Delta[s](10) = 0.261864,	Delta[s](11) = 0.27194,	Delta[s](12) = 0.317941,	Delta[s](13) = 0.288626,	Delta[s](14) = 0.27194,	Delta[s](15) = 0.288626,	Delta[d](0) = 0.35685,	Delta[d](1) = 0.306485,	Delta[d](2) = 0.281142,	Delta[d](3) = 0.306485,	Delta[d](4) = 0.306485,	Delta[d](5) = 0.279134,	Delta[d](6) = 0.265892,	Delta[d](7) = 0.279134,	Delta[d](8) = 0.281142,	Delta[d](9) = 0.265892,	Delta[d](10) = 0.201486,	Delta[d](11) = 0.265892,	Delta[d](12) = 0.306485,	Delta[d](13) = 0.279134,	Delta[d](14) = 0.265892,	Delta[d](15) = 0.279134,	Delta[s+](0) = 0.485745,	Delta[s+](1) = 0.402527,	Delta[s+](2) = 0.281142,	Delta[s+](3) = 0.402527,	Delta[s+](4) = 0.402527,	Delta[s+](5) = 0.281142,	Delta[s+](6) = 0.153821,	Delta[s+](7) = 0.281142,	Delta[s+](8) = 0.281142,	Delta[s+](9) = 0.153821,	Delta[s+](10) = 0.0670416,	Delta[s+](11) = 0.153821,	Delta[s+](12) = 0.402527,	Delta[s+](13) = 0.281142,	Delta[s+](14) = 0.153821,	Delta[s+](15) = 0.281142
The 10-th iteration is completed.	|| time cost : 0h 4m 20.926s
********************************************************************************************************************
Start the 11 rounds of NGS-ED iteration
	effective electronic model is modified as: kinetic energy t = 0.746521
	                                           effective interaction Vq = [-3.00002,-2.87861,-2.88554,-2.87861,-2.87861,-2.88554,-2.70985,-2.88554,-2.88554,-2.70985,-2.77273,-2.70985,-2.87861,-2.88554,-2.70985,-2.88554]
	PARPACK diagonalization completed after 30 matrix-vector product operations.
	iteration results: : total energy is -68.631825 | electron energy -69.019589 + phonon energy 0.387764 | electron momentum kIdx = 0
The 11-th iteration is completed.	|| time cost : 0h 0m 22.157s
********************************************************************************************************************
Start the 12 rounds of NGS-ED iteration
	effective electronic model is modified as: kinetic energy t = 0.746415
	                                           effective interaction Vq = [-3.00002,-2.87888,-2.88578,-2.87888,-2.87888,-2.88578,-2.71026,-2.88578,-2.88578,-2.71026,-2.77325,-2.71026,-2.87888,-2.88578,-2.71026,-2.88578]
	PARPACK diagonalization completed after 30 matrix-vector product operations.
	iteration results: : total energy is -68.631874 | electron energy -69.020162 + phonon energy 0.388288 | electron momentum kIdx = 0
The 12-th iteration is completed.	|| time cost : 0h 0m 20.624s
********************************************************************************************************************
Start the 13 rounds of NGS-ED iteration
	effective electronic model is modified as: kinetic energy t = 0.746352
	                                           effective interaction Vq = [-3.00003,-2.87904,-2.88591,-2.87904,-2.87904,-2.88591,-2.71051,-2.88591,-2.88591,-2.71051,-2.77357,-2.71051,-2.87904,-2.88591,-2.71051,-2.88591]
	PARPACK diagonalization completed after 30 matrix-vector product operations.
	iteration results: : total energy is -68.631892 | electron energy -69.020494 + phonon energy 0.388601 | electron momentum kIdx = 0
The 13-th iteration is completed.	|| time cost : 0h 0m 20.596s
********************************************************************************************************************
Start the 14 rounds of NGS-ED iteration
	effective electronic model is modified as: kinetic energy t = 0.746315
	                                           effective interaction Vq = [-3.00003,-2.87913,-2.88598,-2.87913,-2.87913,-2.88598,-2.71066,-2.88598,-2.88598,-2.71066,-2.77377,-2.71066,-2.87913,-2.88598,-2.71066,-2.88598]
	PARPACK diagonalization completed after 30 matrix-vector product operations.
	iteration results: : total energy is -68.631899 | electron energy -69.020688 + phonon energy 0.388789 | electron momentum kIdx = 0
The 14-th iteration is completed.	|| time cost : 0h 0m 20.632s
********************************************************************************************************************
Start the 15 rounds of NGS-ED iteration
	effective electronic model is modified as: kinetic energy t = 0.746292
	                                           effective interaction Vq = [-3.00003,-2.87918,-2.88603,-2.87918,-2.87918,-2.88603,-2.71075,-2.88603,-2.88603,-2.71075, -2.7739,-2.71075,-2.87918,-2.88603,-2.71075,-2.88603]
	PARPACK diagonalization completed after 30 matrix-vector product operations.
	iteration results: : total energy is -68.631901 | electron energy -69.020803 + phonon energy 0.388902 | electron momentum kIdx = 0
The 15-th iteration is completed.	|| time cost : 0h 0m 20.617s
********************************************************************************************************************
Start the 16 rounds of NGS-ED iteration
	effective electronic model is modified as: kinetic energy t = 0.746279
	                                           effective interaction Vq = [-3.00003,-2.87922,-2.88605,-2.87922,-2.87922,-2.88605,-2.71081,-2.88605,-2.88605,-2.71081,-2.77398,-2.71081,-2.87922,-2.88605,-2.71081,-2.88605]
	PARPACK diagonalization completed after 30 matrix-vector product operations.
	iteration results: : total energy is -68.631902 | electron energy -69.020872 + phonon energy 0.388969 | electron momentum kIdx = 0
The 16-th iteration is completed.	|| time cost : 0h 0m 20.57s
********************************************************************************************************************
Start the 17 rounds of NGS-ED iteration
	effective electronic model is modified as: kinetic energy t = 0.746271
	                                           effective interaction Vq = [-3.00003,-2.87924,-2.88606,-2.87924,-2.87924,-2.88606,-2.71085,-2.88606,-2.88606,-2.71085,-2.77403,-2.71085,-2.87924,-2.88606,-2.71085,-2.88606]
	PARPACK diagonalization completed after 30 matrix-vector product operations.
	iteration results: : total energy is -68.631902 | electron energy -69.020913 + phonon energy 0.389010 | electron momentum kIdx = 0
The 17-th iteration is completed.	|| time cost : 0h 0m 20.571s
********************************************************************************************************************
Start the 18 rounds of NGS-ED iteration
	effective electronic model is modified as: kinetic energy t = 0.746266
	                                           effective interaction Vq = [-3.00003,-2.87925,-2.88607,-2.87925,-2.87925,-2.88607,-2.71087,-2.88607,-2.88607,-2.71087,-2.77406,-2.71087,-2.87925,-2.88607,-2.71087,-2.88607]
	PARPACK diagonalization completed after 30 matrix-vector product operations.
	iteration results: : total energy is -68.631903 | electron energy -69.020937 + phonon energy 0.389035 | electron momentum kIdx = 0
The 18-th iteration is completed.	|| time cost : 0h 0m 20.579s
********************************************************************************************************************
Start the 19 rounds of NGS-ED iteration
	effective electronic model is modified as: kinetic energy t = 0.746263
	                                           effective interaction Vq = [-3.00003,-2.87925,-2.88607,-2.87925,-2.87925,-2.88607,-2.71088,-2.88607,-2.88607,-2.71088,-2.77408,-2.71088,-2.87925,-2.88607,-2.71088,-2.88607]
	PARPACK diagonalization completed after 30 matrix-vector product operations.
	iteration results: : total energy is -68.631903 | electron energy -69.020952 + phonon energy 0.389050 | electron momentum kIdx = 0
The 19-th iteration is completed.	|| time cost : 0h 0m 24.133s
********************************************************************************************************************
Start the 20 rounds of NGS-ED iteration
	effective electronic model is modified as: kinetic energy t = 0.746261
	                                           effective interaction Vq = [-3.00003,-2.87926,-2.88608,-2.87926,-2.87926,-2.88608,-2.71089,-2.88608,-2.88608,-2.71089, -2.7741,-2.71089,-2.87926,-2.88608,-2.71089,-2.88608]
	PARPACK diagonalization completed after 30 matrix-vector product operations.
	iteration results: : total energy is -68.631903 | electron energy -69.020961 + phonon energy 0.389059 | electron momentum kIdx = 0
	Nq(0) = 16,	Nq(1) = 0.409186,	Nq(2) = 0.791354,	Nq(3) = 0.409186,	Nq(4) = 0.409186,	Nq(5) = 0.791354,	Nq(6) = 0.630165,	Nq(7) = 0.791354,	Nq(8) = 0.791354,	Nq(9) = 0.630165,	Nq(10) = 0.940392,	Nq(11) = 0.630165,	Nq(12) = 0.409186,	Nq(13) = 0.791354,	Nq(14) = 0.630165,	Nq(15) = 0.791354,	Sq(0) = -3.54598e-18,	Sq(1) = 0.318959,	Sq(2) = 0.353392,	Sq(3) = 0.318959,	Sq(4) = 0.318959,	Sq(5) = 0.353392,	Sq(6) = 0.543945,	Sq(7) = 0.353392,	Sq(8) = 0.353392,	Sq(9) = 0.543945,	Sq(10) = 0.58211,	Sq(11) = 0.543945,	Sq(12) = 0.318959,	Sq(13) = 0.353392,	Sq(14) = 0.543945,	Sq(15) = 0.353392,	N(0) = 1.99667,	N(1) = 1.99053,	N(2) = 1,	N(3) = 1.99053,	N(4) = 1.99053,	N(5) = 1,	N(6) = 0.00946986,	N(7) = 1,	N(8) = 1,	N(9) = 0.00946986,	N(10) = 0.00332968,	N(11) = 0.00946986,	N(12) = 1.99053,	N(13) = 1,	N(14) = 0.00946986,	N(15) = 1,	Delta[s](0) = 0.56825,	Delta[s](1) = 0.318033,	Delta[s](2) = 0.288739,	Delta[s](3) = 0.318033,	Delta[s](4) = 0.318033,	Delta[s](5) = 0.288739,	Delta[s](6) = 0.272058,	Delta[s](7) = 0.288739,	Delta[s](8) = 0.288739,	Delta[s](9) = 0.272058,	Delta[s](10) = 0.261911,	Delta[s](11) = 0.272058,	Delta[s](12) = 0.318033,	Delta[s](13) = 0.288739,	Delta[s](14) = 0.272058,	Delta[s](15) = 0.288739,	Delta[d](0) = 0.356871,	Delta[d](1) = 0.306523,	Delta[d](2) = 0.28118,	Delta[d](3) = 0.306523,	Delta[d](4) = 0.306523,	Delta[d](5) = 0.279194,	Delta[d](6) = 0.265952,	Delta[d](7) = 0.279194,	Delta[d](8) = 0.28118,	Delta[d](9) = 0.265952,	Delta[d](10) = 0.201592,	Delta[d](11) = 0.265952,	Delta[d](12) = 0.306523,	Delta[d](13) = 0.279194,	Delta[d](14) = 0.265952,	Delta[d](15) = 0.279194,	Delta[s+](0) = 0.485698,	Delta[s+](1) = 0.402516,	Delta[s+](2) = 0.28118,	Delta[s+](3) = 0.402516,	Delta[s+](4) = 0.402516,	Delta[s+](5) = 0.28118,	Delta[s+](6) = 0.1539,	Delta[s+](7) = 0.28118,	Delta[s+](8) = 0.28118,	Delta[s+](9) = 0.1539,	Delta[s+](10) = 0.0671288,	Delta[s+](11) = 0.1539,	Delta[s+](12) = 0.402516,	Delta[s+](13) = 0.28118,	Delta[s+](14) = 0.1539,	Delta[s+](15) = 0.28118
The 20-th iteration is completed.	|| time cost : 0h 3m 48.199s
********************************************************************************************************************
Start the 21 rounds of NGS-ED iteration
	effective electronic model is modified as: kinetic energy t = 0.74626
	                                           effective interaction Vq = [-3.00003,-2.87926,-2.88608,-2.87926,-2.87926,-2.88608,-2.71089,-2.88608,-2.88608,-2.71089,-2.77411,-2.71089,-2.87926,-2.88608,-2.71089,-2.88608]
	PARPACK diagonalization completed after 30 matrix-vector product operations.
	iteration results: : total energy is -68.631903 | electron energy -69.020967 + phonon energy 0.389064 | electron momentum kIdx = 0
The 21-th iteration is completed.	|| time cost : 0h 0m 20.623s
********************************************************************************************************************
Start the 22 rounds of NGS-ED iteration
	effective electronic model is modified as: kinetic energy t = 0.74626
	                                           effective interaction Vq = [-3.00003,-2.87926,-2.88608,-2.87926,-2.87926,-2.88608, -2.7109,-2.88608,-2.88608, -2.7109,-2.77411, -2.7109,-2.87926,-2.88608, -2.7109,-2.88608]
	PARPACK diagonalization completed after 30 matrix-vector product operations.
	iteration results: : total energy is -68.631903 | electron energy -69.020970 + phonon energy 0.389067 | electron momentum kIdx = 0
The 22-th iteration is completed.	|| time cost : 0h 0m 20.628s
********************************************************************************************************************
Start the 23 rounds of NGS-ED iteration
	effective electronic model is modified as: kinetic energy t = 0.746259
	                                           effective interaction Vq = [-3.00003,-2.87926,-2.88608,-2.87926,-2.87926,-2.88608, -2.7109,-2.88608,-2.88608, -2.7109,-2.77412, -2.7109,-2.87926,-2.88608, -2.7109,-2.88608]
	PARPACK diagonalization completed after 30 matrix-vector product operations.
	iteration results: : total energy is -68.631903 | electron energy -69.020972 + phonon energy 0.389069 | electron momentum kIdx = 0
The 23-th iteration is completed.	|| time cost : 0h 0m 21.292s
