SNEDics v3.22.2 Non-Gaussian ED ground state program		Start at Mon Feb 21 12:25:23 2022

Parallelization: 32 MPI threads  * 8 OpenMP threads = 256 total threads.
********************************************************************************************************************
********************************************************************************************************************

********************************************************************************************************************
System parameters and configurations
	special program options are enabled: splitted diagonal Hamiltonian | splitted Hamiltonian terms
********************************************************************************************************************
Read input file "model_params.in"
	Hubbard-Holstein model parameters : 	t = 1    t' = -0.1    U = 8    g = 0.25    W = 0.13    
********************************************************************************************************************
Read input file "hilbertspace_params.in"
	Requested 16-site 2D lattice, with 6 electrons (3, 3)
	Boundary : Periodic		Hilbert space representation : momentum-space (restricted to kIdx = 0)
	Conservation: particle number[U(1)]      spin[U(1)]     momentum
********************************************************************************************************************

Cluster Positions:				Cluster symmetry group : D4
 x ... x ... x ... x .....                       x ... x ... x ... x .....
 |           |           :                       |           |           :
 |           |           :                       |           |           :
12    13    14    15     x                       1     5     6     5     x
 |           |           :                       |           |           :
 |           |           :                       |           |           :
 8 --- 9 ---10 ---11 --- x                       2 --- 6 ---10 --- 6 --- x
 |           |           :                       |           |           :
 |           |           :                       |           |           :
 4     5     6     7     x                       1     5     6     5     x
 |           |           :                       |           |           :
 |           |           :                       |           |           :
 0 --- 1 --- 2 --- 3 --- x                       0 --- 1 --- 2 --- 1 --- x
orbital number : 1
********************************************************************************************************************
Read input file "obs_params.in"
	Observable Type : Nq(All),   Sq(All),   N(All-Orbital),   Delta[s](All),   Delta[d](All),   Delta[s+](All)
** WARNING ** the input observables have non-local factors which have been reinterpreted. The total observable number is 96
********************************************************************************************************************


********************************************************************************************************************
Start calculating the non-Gaussian ED ground state
Maximal iteration number is 1000; energy resolution is 1e-06. Phonon state relaxation time is 2000
W = 0.13 is relatively large. The non-Gaussian ED calculation starts directly.
open output files: NGSED_iteration_observables.txt
********************************************************************************************************************
Start the 0 rounds of NGS-ED iteration
	effective electronic model is modified as: kinetic energy t = 1, t' = -0.1
	                                           effective interaction Vq = [0,0,0,0,0,0,0,0,0,0,0,0,0,0,0,0]
	first Hamiltonian is constructed, size = 19600 and non-zero numbers = 2024436
	PARPACK diagonalization completed after 75 matrix-vector product operations.
	iteration results: : total energy is -13.996543 | electron energy -13.996543 + phonon energy 0.000000 | electron momentum kIdx = 0
	Nq(0) = 2.25,	Nq(1) = 0.201653,	Nq(2) = 0.225968,	Nq(3) = 0.201653,	Nq(4) = 0.201653,	Nq(5) = 0.229365,	
	Nq(6) = 0.335313,	Nq(7) = 0.229365,	Nq(8) = 0.225968,	Nq(9) = 0.335313,	Nq(10) = 0.361344,	
	Nq(11) = 0.335313,	Nq(12) = 0.201653,	Nq(13) = 0.229365,	Nq(14) = 0.335313,	Nq(15) = 0.229365;	
	Sq(0) = 7.83139e-18,	Sq(1) = 0.231789,	Sq(2) = 0.503388,	Sq(3) = 0.231789,	Sq(4) = 0.231789,	
	Sq(5) = 0.488436,	Sq(6) = 0.399368,	Sq(7) = 0.488436,	Sq(8) = 0.503388,	Sq(9) = 0.399368,	
	Sq(10) = 0.386248,	Sq(11) = 0.399368,	Sq(12) = 0.231789,	Sq(13) = 0.488436,	Sq(14) = 0.399368,	
	Sq(15) = 0.488436;	N(0) = 1.85002,	N(1) = 0.990831,	N(2) = 0.0280886,	N(3) = 0.990831,	
	N(4) = 0.990831,	N(5) = 0.02154,	N(6) = 0.0100772,	N(7) = 0.02154,	N(8) = 0.0280886,	
	N(9) = 0.0100772,	N(10) = 0.00400559,	N(11) = 0.0100772,	N(12) = 0.990831,	N(13) = 0.02154,	
	N(14) = 0.0100772,	N(15) = 0.02154;	Delta[s](0) = 0.0163205,	Delta[s](1) = 0.0115583,	Delta[s](2) = 0.000220103,	
	Delta[s](3) = 0.0115583,	Delta[s](4) = 0.0115583,	Delta[s](5) = 0.000243799,	Delta[s](6) = 6.97311e-05,	Delta[s](7) = 0.000243799,	
	Delta[s](8) = 0.000220103,	Delta[s](9) = 6.97311e-05,	Delta[s](10) = 5.44052e-05,	Delta[s](11) = 6.97311e-05,	Delta[s](12) = 0.0115583,	
	Delta[s](13) = 0.000243799,	Delta[s](14) = 6.97311e-05,	Delta[s](15) = 0.000243799;	Delta[d](0) = 0.00533654,	Delta[d](1) = 0.0326748,	
	Delta[d](2) = 0.00375572,	Delta[d](3) = 0.0326748,	Delta[d](4) = 0.0326748,	Delta[d](5) = 0.0802146,	Delta[d](6) = 0.00628258,	
	Delta[d](7) = 0.0802146,	Delta[d](8) = 0.00375572,	Delta[d](9) = 0.00628258,	Delta[d](10) = 0.00134809,	Delta[d](11) = 0.00628258,	
	Delta[d](12) = 0.0326748,	Delta[d](13) = 0.0802146,	Delta[d](14) = 0.00628258,	Delta[d](15) = 0.0802146;	Delta[s+](0) = 0.249535,	
	Delta[s+](1) = 0.148813,	Delta[s+](2) = 0.00375572,	Delta[s+](3) = 0.148813,	Delta[s+](4) = 0.148813,	Delta[s+](5) = 0.00369419,	
	Delta[s+](6) = 0.000471403,	Delta[s+](7) = 0.00369419,	Delta[s+](8) = 0.00375572,	Delta[s+](9) = 0.000471403,	Delta[s+](10) = 0.000120068,	
	Delta[s+](11) = 0.000471403,	Delta[s+](12) = 0.148813,	Delta[s+](13) = 0.00369419,	Delta[s+](14) = 0.000471403,	Delta[s+](15) = 0.00369419
	
The 0-th iteration is completed.	|| time cost : 0h 0m 0.943s
********************************************************************************************************************
Start the 1 rounds of NGS-ED iteration
	effective electronic model is modified as: kinetic energy t = 0.99513, t' = -0.0993706
	                                           effective interaction Vq = [ -0.480769,-0.0582351,-0.0330274,-0.0582351,-0.0582351,-0.0318907, -0.031352,-0.0318907,-0.0330274, -0.031352,-0.0245196, -0.031352,-0.0582351,-0.0318907, -0.031352,-0.0318907]
	PARPACK diagonalization completed after 30 matrix-vector product operations.
	iteration results: : total energy is -15.148188 | electron energy -15.150751 + phonon energy 0.002563 | electron momentum kIdx = 0
The 1-th iteration is completed.	|| time cost : 0h 0m 0.843s
********************************************************************************************************************
Start the 2 rounds of NGS-ED iteration
	effective electronic model is modified as: kinetic energy t = 0.995123, t' = -0.0993683
	                                           effective interaction Vq = [ -0.480769,-0.0584913,-0.0330206,-0.0584913,-0.0584913, -0.031875,-0.0312992, -0.031875,-0.0330206,-0.0312992, -0.024467,-0.0312992,-0.0584913, -0.031875,-0.0312992, -0.031875]
	PARPACK diagonalization completed after 30 matrix-vector product operations.
	iteration results: : total energy is -15.148189 | electron energy -15.150762 + phonon energy 0.002573 | electron momentum kIdx = 0
The 2-th iteration is completed.	|| time cost : 0h 0m 0.545s
********************************************************************************************************************
Start the 3 rounds of NGS-ED iteration
	effective electronic model is modified as: kinetic energy t = 0.995123, t' = -0.0993682
	                                           effective interaction Vq = [ -0.480769, -0.058494,-0.0330205, -0.058494, -0.058494,-0.0318749,-0.0312985,-0.0318749,-0.0330205,-0.0312985,-0.0244667,-0.0312985, -0.058494,-0.0318749,-0.0312985,-0.0318749]
	PARPACK diagonalization completed after 30 matrix-vector product operations.
	iteration results: : total energy is -15.148189 | electron energy -15.150762 + phonon energy 0.002573 | electron momentum kIdx = 0
The 3-th iteration is completed.	|| time cost : 0h 0m 0.552s
********************************************************************************************************************
Start the 4 rounds of NGS-ED iteration
	effective electronic model is modified as: kinetic energy t = 0.995123, t' = -0.0993682
	                                           effective interaction Vq = [ -0.480769,-0.0584941,-0.0330205,-0.0584941,-0.0584941,-0.0318749,-0.0312985,-0.0318749,-0.0330205,-0.0312985,-0.0244667,-0.0312985,-0.0584941,-0.0318749,-0.0312985,-0.0318749]
	PARPACK diagonalization completed after 30 matrix-vector product operations.
	iteration results: : total energy is -15.148189 | electron energy -15.150762 + phonon energy 0.002573 | electron momentum kIdx = 0
	Nq(0) = 2.25,	Nq(1) = 0.202532,	Nq(2) = 0.22597,	Nq(3) = 0.202532,	Nq(4) = 0.202532,	Nq(5) = 0.229313,	
	Nq(6) = 0.33488,	Nq(7) = 0.229313,	Nq(8) = 0.22597,	Nq(9) = 0.33488,	Nq(10) = 0.360731,	
	Nq(11) = 0.33488,	Nq(12) = 0.202532,	Nq(13) = 0.229313,	Nq(14) = 0.33488,	Nq(15) = 0.229313;	
	Sq(0) = 2.95185e-18,	Sq(1) = 0.231764,	Sq(2) = 0.50277,	Sq(3) = 0.231764,	Sq(4) = 0.231764,	
	Sq(5) = 0.48799,	Sq(6) = 0.399855,	Sq(7) = 0.48799,	Sq(8) = 0.50277,	Sq(9) = 0.399855,	
	Sq(10) = 0.386452,	Sq(11) = 0.399855,	Sq(12) = 0.231764,	Sq(13) = 0.48799,	Sq(14) = 0.399855,	
	Sq(15) = 0.48799;	N(0) = 1.85136,	N(1) = 0.99077,	N(2) = 0.0278192,	N(3) = 0.99077,	
	N(4) = 0.99077,	N(5) = 0.0213744,	N(6) = 0.0100947,	N(7) = 0.0213744,	N(8) = 0.0278192,	
	N(9) = 0.0100947,	N(10) = 0.00404254,	N(11) = 0.0100947,	N(12) = 0.99077,	N(13) = 0.0213744,	
	N(14) = 0.0100947,	N(15) = 0.0213744;	Delta[s](0) = 0.0164154,	Delta[s](1) = 0.0116608,	Delta[s](2) = 0.000216668,	
	Delta[s](3) = 0.0116608,	Delta[s](4) = 0.0116608,	Delta[s](5) = 0.000239827,	Delta[s](6) = 7.01037e-05,	Delta[s](7) = 0.000239827,	
	Delta[s](8) = 0.000216668,	Delta[s](9) = 7.01037e-05,	Delta[s](10) = 5.4623e-05,	Delta[s](11) = 7.01037e-05,	Delta[s](12) = 0.0116608,	
	Delta[s](13) = 0.000239827,	Delta[s](14) = 7.01037e-05,	Delta[s](15) = 0.000239827;	Delta[d](0) = 0.00528243,	Delta[d](1) = 0.0327214,	
	Delta[d](2) = 0.00370205,	Delta[d](3) = 0.0327214,	Delta[d](4) = 0.0327214,	Delta[d](5) = 0.0805049,	Delta[d](6) = 0.00623161,	
	Delta[d](7) = 0.0805049,	Delta[d](8) = 0.00370205,	Delta[d](9) = 0.00623161,	Delta[d](10) = 0.00137721,	Delta[d](11) = 0.00623161,	
	Delta[d](12) = 0.0327214,	Delta[d](13) = 0.0805049,	Delta[d](14) = 0.00623161,	Delta[d](15) = 0.0805049;	Delta[s+](0) = 0.249895,	
	Delta[s+](1) = 0.149174,	Delta[s+](2) = 0.00370205,	Delta[s+](3) = 0.149174,	Delta[s+](4) = 0.149174,	Delta[s+](5) = 0.00363978,	
	Delta[s+](6) = 0.000477432,	Delta[s+](7) = 0.00363978,	Delta[s+](8) = 0.00370205,	Delta[s+](9) = 0.000477432,	Delta[s+](10) = 0.000120524,	
	Delta[s+](11) = 0.000477432,	Delta[s+](12) = 0.149174,	Delta[s+](13) = 0.00363978,	Delta[s+](14) = 0.000477432,	Delta[s+](15) = 0.00363978
	
The 4-th iteration is completed.	|| time cost : 0h 0m 0.726s
********************************************************************************************************************
********************************************************************************************************************
Ground state is obtained after 5 iterations. The current ground-state energy is -15.1482, in which electron energy is -15.1508 and phonon energy is 0.00257323
Final variational state is: 
	Gamma_x = [      1,1.09206,1.05796,1.09206,1.09206,1.05679, 1.0824,1.05679,1.05796, 1.0824,1.06925, 1.0824,1.09206,1.05679, 1.0824,1.05679]
	lambda_q = [  1.92308, 0.120781,0.0672157, 0.120781, 0.120781,0.0648429,0.0636504,0.0648429,0.0672157,0.0636504,0.0495723,0.0636504, 0.120781,0.0648429,0.0636504,0.0648429]
Effective e-e interactions mediated by phonons are:
	momentum-space Vq = [ -0.480769,-0.0584941,-0.0330205,-0.0584941,-0.0584941,-0.0318749,-0.0312985,-0.0318749,-0.0330205,-0.0312985,-0.0244667,-0.0312985,-0.0584941,-0.0318749,-0.0312985,-0.0318749]
	real-space Vr = [-0.0661217,-0.0319184,-0.0277361,-0.0319184,-0.0319184,-0.0274497,-0.0251195,-0.0274497,-0.0277361,-0.0251195,-0.0212254,-0.0251195,-0.0319184,-0.0274497,-0.0251195,-0.0274497]
********************************************************************************************************************
o___o  ----------------------------------------
| L |	Time since last clock: 0h 0m 0.006s
A===A	Time since the beginning: 0h 0m 3.616s
***********************************************


Non-Gaussina ED ground state calculation is completed. The final ground-state energy is -15.1482
********************************************************************************************************************
o___o  ----------------------------------------
| L |	Time since last clock: 0h 0m 0.018s
A===A	Time since the beginning: 0h 0m 3.634s
***********************************************



********************************************************************************************************************
All non-Gaussian ED ground state calculations have been completed. Exit now.
