SNEDics v3.4 Non-Gaussian ED ground state program		Start at Tue Sep 24 13:54:44 2019

parallized on 16 MPI threads  * 8 OpenMP threads = 128 total threads.
********************************************************************************************************************
********************************************************************************************************************

********************************************************************************************************************
System parameters and configurations
********************************************************************************************************************
Special program options are enabled: splitted diagonal Hamiltonian
********************************************************************************************************************
Read input file "model_params.in"
	Hubbard-Holstein model parameters : 	t = 1    U = 2    g = 3.873    W = 5    
********************************************************************************************************************
Read input file "hilbertspace_params.in"
	Requested 16-site 2D lattice, with 14 electrons (7, 7)
	Boundary : Periodic		Hilbert space representation : momentum-space (restricted to kIdx = 0)
	Conservation: particle number[U(1)]      spin[U(1)]     momentum
********************************************************************************************************************

Cluster Positions:				Cluster symmetry group : D4
 x ... x ... x ... x .....                       x ... x ... x ... x .....
 |           |           :                       |           |           :
 |           |           :                       |           |           :
12    13    14    15     x                       1     5     6     5     x
 |           |           :                       |           |           :
 |           |           :                       |           |           :
 8 --- 9 ---10 ---11 --- x                       2 --- 6 ---10 --- 6 --- x
 |           |           :                       |           |           :
 |           |           :                       |           |           :
 4     5     6     7     x                       1     5     6     5     x
 |           |           :                       |           |           :
 |           |           :                       |           |           :
 0 --- 1 --- 2 --- 3 --- x                       0 --- 1 --- 2 --- 1 --- x
orbital number : 1
********************************************************************************************************************
Read input file "obs_params.in"
	Observable Type : Nq(All),   Sq(All),   N(All),   Delta[s](All),   Delta[d](All),   Delta[s+](All)
********************************************************************************************************************
** WARNING ** the input observables have non-local factors which have been reinterpreted. The total observable number is 96
********************************************************************************************************************


********************************************************************************************************************
Start calculating the non-Gaussian ED ground state
** WARNING ** Detected low phonon energy W < 10. The initial state will be prepared through a warm-up process.
********************************************************************************************************************
Start warm-up calculation for scaling factor 2
open output files: NGSEDWarmUpW10Obs.txt
********************************************************************************************************************
Start the 0 rounds of NGS-ED iteration
	effective electronic model is modified as: kinetic energy t = 1
	                                           effective interaction Vq = [-0,-0,-0,-0,-0,-0,-0,-0,-0,-0,-0,-0,-0,-0,-0,-0]
	first Hamiltonian is constructed, non-zero numbers = 2178478298
	PARPACK diagonalization completed after 195 matrix-vector product operations.
	iteration results: : total energy is -19.171045 | electron energy -19.171045 + phonon energy 0.000000 | electron momentum kIdx = 0
	Nq(0) = 12.25,	Nq(1) = 0.279436,	Nq(2) = 0.329205,	Nq(3) = 0.279436,	Nq(4) = 0.279436,	Nq(5) = 0.404041,	Nq(6) = 0.478016,	Nq(7) = 0.404041,	Nq(8) = 0.329205,	Nq(9) = 0.478016,	Nq(10) = 0.527076,	Nq(11) = 0.478016,	Nq(12) = 0.279436,	Nq(13) = 0.404041,	Nq(14) = 0.478016,	Nq(15) = 0.404041,	Sq(0) = -6.45777e-18,	Sq(1) = 0.429144,	Sq(2) = 0.622642,	Sq(3) = 0.429144,	Sq(4) = 0.429144,	Sq(5) = 0.557077,	Sq(6) = 0.742896,	Sq(7) = 0.557077,	Sq(8) = 0.622642,	Sq(9) = 0.742896,	Sq(10) = 1.75679,	Sq(11) = 0.742896,	Sq(12) = 0.429144,	Sq(13) = 0.557077,	Sq(14) = 0.742896,	Sq(15) = 0.557077,	N(0) = 1.97713,	N(1) = 1.95615,	N(2) = 0.0329049,	N(3) = 1.95615,	N(4) = 1.95615,	N(5) = 0.998401,	N(6) = 0.0312702,	N(7) = 0.998401,	N(8) = 0.0329049,	N(9) = 0.0312702,	N(10) = 0.0137669,	N(11) = 0.0312702,	N(12) = 1.95615,	N(13) = 0.998401,	N(14) = 0.0312702,	N(15) = 0.998401,	Delta[s](0) = 0.203132,	Delta[s](1) = 0.164149,	Delta[s](2) = 0.111043,	Delta[s](3) = 0.164149,	Delta[s](4) = 0.164149,	Delta[s](5) = 0.136274,	Delta[s](6) = 0.094041,	Delta[s](7) = 0.136274,	Delta[s](8) = 0.111043,	Delta[s](9) = 0.094041,	Delta[s](10) = 0.0376533,	Delta[s](11) = 0.094041,	Delta[s](12) = 0.164149,	Delta[s](13) = 0.136274,	Delta[s](14) = 0.094041,	Delta[s](15) = 0.136274,	Delta[d](0) = 0.231969,	Delta[d](1) = 0.138755,	Delta[d](2) = 0.152847,	Delta[d](3) = 0.138755,	Delta[d](4) = 0.138755,	Delta[d](5) = 0.141339,	Delta[d](6) = 0.0931642,	Delta[d](7) = 0.141339,	Delta[d](8) = 0.152847,	Delta[d](9) = 0.0931642,	Delta[d](10) = 0.023896,	Delta[d](11) = 0.0931642,	Delta[d](12) = 0.138755,	Delta[d](13) = 0.141339,	Delta[d](14) = 0.0931642,	Delta[d](15) = 0.141339,	Delta[s+](0) = 0.53124,	Delta[s+](1) = 0.397315,	Delta[s+](2) = 0.152847,	Delta[s+](3) = 0.397315,	Delta[s+](4) = 0.397315,	Delta[s+](5) = 0.269606,	Delta[s+](6) = 0.0899307,	Delta[s+](7) = 0.269606,	Delta[s+](8) = 0.152847,	Delta[s+](9) = 0.0899307,	Delta[s+](10) = 0.0172531,	Delta[s+](11) = 0.0899307,	Delta[s+](12) = 0.397315,	Delta[s+](13) = 0.269606,	Delta[s+](14) = 0.0899307,	Delta[s+](15) = 0.269606
The 0-th iteration is completed.	|| time cost : 0h 6m 31.697s
********************************************************************************************************************
Start the 1 rounds of NGS-ED iteration
	effective electronic model is modified as: kinetic energy t = 0.916821
	                                           effective interaction Vq = [-2.59402,-2.45253,-2.35558,-2.45253,-2.45253,-2.40011,-2.35003,-2.40011,-2.35558,-2.35003,-2.30112,-2.35003,-2.45253,-2.40011,-2.35003,-2.40011]
	PARPACK diagonalization completed after 120 matrix-vector product operations.
	iteration results: : total energy is -69.413478 | electron energy -69.421459 + phonon energy 0.007981 | electron momentum kIdx = 0
The 1-th iteration is completed.	|| time cost : 0h 5m 57.859s
********************************************************************************************************************
Start the 2 rounds of NGS-ED iteration
	effective electronic model is modified as: kinetic energy t = 0.846516
	                                           effective interaction Vq = [-2.94508,-2.86823,-2.83093,-2.86823,-2.86823,-2.84244, -2.7999,-2.84244,-2.83093, -2.7999, -2.8228, -2.7999,-2.86823,-2.84244, -2.7999,-2.84244]
	PARPACK diagonalization completed after 45 matrix-vector product operations.
	iteration results: : total energy is -77.499235 | electron energy -77.548095 + phonon energy 0.048860 | electron momentum kIdx = 0
The 2-th iteration is completed.	|| time cost : 0h 0m 23.935s
********************************************************************************************************************
Start the 3 rounds of NGS-ED iteration
	effective electronic model is modified as: kinetic energy t = 0.816514
	                                           effective interaction Vq = [-2.99259,-2.94865,-2.92628,-2.94865,-2.94865,-2.92955,-2.90447,-2.92955,-2.92628,-2.90447,-2.94624,-2.90447,-2.94865,-2.92955,-2.90447,-2.92955]
	PARPACK diagonalization completed after 45 matrix-vector product operations.
	iteration results: : total energy is -78.665959 | electron energy -78.742840 + phonon energy 0.076881 | electron momentum kIdx = 0
The 3-th iteration is completed.	|| time cost : 0h 0m 24.03s
********************************************************************************************************************
Start the 4 rounds of NGS-ED iteration
	effective electronic model is modified as: kinetic energy t = 0.805391
	                                           effective interaction Vq = [-2.99902,-2.96759,-2.94953,-2.96759,-2.96759,-2.95059,-2.93306,-2.95059,-2.94953,-2.93306,-2.97687,-2.93306,-2.96759,-2.95059,-2.93306,-2.95059]
	PARPACK diagonalization completed after 45 matrix-vector product operations.
	iteration results: : total energy is -78.827436 | electron energy -78.916043 + phonon energy 0.088607 | electron momentum kIdx = 0
The 4-th iteration is completed.	|| time cost : 0h 0m 24.055s
********************************************************************************************************************
Start the 5 rounds of NGS-ED iteration
	effective electronic model is modified as: kinetic energy t = 0.801421
	                                           effective interaction Vq = [-2.99989,-2.97305,-2.95632,-2.97305,-2.97305, -2.9567,-2.94219, -2.9567,-2.95632,-2.94219,-2.98522,-2.94219,-2.97305, -2.9567,-2.94219, -2.9567]
	PARPACK diagonalization completed after 45 matrix-vector product operations.
	iteration results: : total energy is -78.849043 | electron energy -78.942106 + phonon energy 0.093063 | electron momentum kIdx = 0
The 5-th iteration is completed.	|| time cost : 0h 0m 24.031s
********************************************************************************************************************
Start the 6 rounds of NGS-ED iteration
	effective electronic model is modified as: kinetic energy t = 0.8
	                                           effective interaction Vq = [-3.00001,-2.97484,-2.95854,-2.97484,-2.97484,-2.95868,-2.94543,-2.95868,-2.95854,-2.94543,-2.98776,-2.94543,-2.97484,-2.95868,-2.94543,-2.95868]
	PARPACK diagonalization completed after 30 matrix-vector product operations.
	iteration results: : total energy is -78.851892 | electron energy -78.946616 + phonon energy 0.094725 | electron momentum kIdx = 0
The 6-th iteration is completed.	|| time cost : 0h 0m 20.44s
********************************************************************************************************************
Start the 7 rounds of NGS-ED iteration
	effective electronic model is modified as: kinetic energy t = 0.799487
	                                           effective interaction Vq = [-3.00002,-2.97545, -2.9593,-2.97545,-2.97545,-2.95936,-2.94663,-2.95936, -2.9593,-2.94663,-2.98858,-2.94663,-2.97545,-2.95936,-2.94663,-2.95936]
	PARPACK diagonalization completed after 30 matrix-vector product operations.
	iteration results: : total energy is -78.852266 | electron energy -78.947604 + phonon energy 0.095337 | electron momentum kIdx = 0
The 7-th iteration is completed.	|| time cost : 0h 0m 20.4s
********************************************************************************************************************
Start the 8 rounds of NGS-ED iteration
	effective electronic model is modified as: kinetic energy t = 0.7993
	                                           effective interaction Vq = [-3.00003,-2.97567,-2.95957,-2.97567,-2.97567,-2.95959,-2.94709,-2.95959,-2.95957,-2.94709,-2.98886,-2.94709,-2.97567,-2.95959,-2.94709,-2.95959]
	PARPACK diagonalization completed after 30 matrix-vector product operations.
	iteration results: : total energy is -78.852316 | electron energy -78.947877 + phonon energy 0.095562 | electron momentum kIdx = 0
The 8-th iteration is completed.	|| time cost : 0h 0m 20.374s
********************************************************************************************************************
Start the 9 rounds of NGS-ED iteration
	effective electronic model is modified as: kinetic energy t = 0.799231
	                                           effective interaction Vq = [-3.00003,-2.97575,-2.95967,-2.97575,-2.97575,-2.95968,-2.94727,-2.95968,-2.95967,-2.94727,-2.98895,-2.94727,-2.97575,-2.95968,-2.94727,-2.95968]
	PARPACK diagonalization completed after 30 matrix-vector product operations.
	iteration results: : total energy is -78.852322 | electron energy -78.947966 + phonon energy 0.095644 | electron momentum kIdx = 0
	Nq(0) = 12.25,	Nq(1) = 0.48444,	Nq(2) = 0.71513,	Nq(3) = 0.48444,	Nq(4) = 0.48444,	Nq(5) = 0.715136,	Nq(6) = 0.904097,	Nq(7) = 0.715136,	Nq(8) = 0.71513,	Nq(9) = 0.904097,	Nq(10) = 2.76205,	Nq(11) = 0.904097,	Nq(12) = 0.48444,	Nq(13) = 0.715136,	Nq(14) = 0.904097,	Nq(15) = 0.715136,	Sq(0) = 1.59072e-18,	Sq(1) = 0.131502,	Sq(2) = 0.200087,	Sq(3) = 0.131502,	Sq(4) = 0.131502,	Sq(5) = 0.200087,	Sq(6) = 0.271514,	Sq(7) = 0.200087,	Sq(8) = 0.200087,	Sq(9) = 0.271514,	Sq(10) = 0.330408,	Sq(11) = 0.271514,	Sq(12) = 0.131502,	Sq(13) = 0.200087,	Sq(14) = 0.271514,	Sq(15) = 0.200087,	N(0) = 1.88288,	N(1) = 1.7234,	N(2) = 0.742317,	N(3) = 1.7234,	N(4) = 1.7234,	N(5) = 0.742317,	N(6) = 0.171538,	N(7) = 0.742317,	N(8) = 0.742317,	N(9) = 0.171538,	N(10) = 0.083484,	N(11) = 0.171538,	N(12) = 1.7234,	N(13) = 0.742317,	N(14) = 0.171538,	N(15) = 0.742317,	Delta[s](0) = 1.06503,	Delta[s](1) = 0.339413,	Delta[s](2) = 0.295541,	Delta[s](3) = 0.339413,	Delta[s](4) = 0.339413,	Delta[s](5) = 0.29554,	Delta[s](6) = 0.256729,	Delta[s](7) = 0.29554,	Delta[s](8) = 0.295541,	Delta[s](9) = 0.256729,	Delta[s](10) = 0.205659,	Delta[s](11) = 0.256729,	Delta[s](12) = 0.339413,	Delta[s](13) = 0.29554,	Delta[s](14) = 0.256729,	Delta[s](15) = 0.29554,	Delta[d](0) = 0.189889,	Delta[d](1) = 0.158756,	Delta[d](2) = 0.158643,	Delta[d](3) = 0.158756,	Delta[d](4) = 0.158756,	Delta[d](5) = 0.139144,	Delta[d](6) = 0.132891,	Delta[d](7) = 0.139144,	Delta[d](8) = 0.158643,	Delta[d](9) = 0.132891,	Delta[d](10) = 0.0908757,	Delta[d](11) = 0.132891,	Delta[d](12) = 0.158756,	Delta[d](13) = 0.139144,	Delta[d](14) = 0.132891,	Delta[d](15) = 0.139144,	Delta[s+](0) = 0.292315,	Delta[s+](1) = 0.236002,	Delta[s+](2) = 0.158643,	Delta[s+](3) = 0.236002,	Delta[s+](4) = 0.236002,	Delta[s+](5) = 0.158643,	Delta[s+](6) = 0.0853627,	Delta[s+](7) = 0.158643,	Delta[s+](8) = 0.158643,	Delta[s+](9) = 0.0853627,	Delta[s+](10) = 0.0481222,	Delta[s+](11) = 0.0853627,	Delta[s+](12) = 0.236002,	Delta[s+](13) = 0.158643,	Delta[s+](14) = 0.0853627,	Delta[s+](15) = 0.158643
The 9-th iteration is completed.	|| time cost : 0h 3m 22.057s
********************************************************************************************************************
********************************************************************************************************************
Ground state is obtained after 10 iterations. The current ground-state energy is -78.8523, in which electron energy is -78.948 and phonon energy is 0.0956439
final variational state is: 
	Gamma_x = [      1,1.02405,1.04493,1.02405,1.02405,1.04493,1.06428,1.04493,1.04493,1.06428,1.09883,1.06428,1.02405,1.04493,1.06428,1.04493]
	lambda_q = [  0.5477,0.498489,0.484228,0.498489,0.498489,0.484231,0.475138,0.484231,0.484228,0.475138, 0.51449,0.475138,0.498489,0.484231,0.475138,0.484231]
********************************************************************************************************************
o___o  ----------------------------------------
| L |	Time since last clock: 0h 0m 0.001s
A===A	Time since the beginning: 0h 18m 28.884s
***********************************************


********************************************************************************************************************
Warm up runs have been completed. Start calculating W = 5 phonon.
open output files: NGSEDIterationObs.txt
********************************************************************************************************************
Start the 0 rounds of NGS-ED iteration
	effective electronic model is modified as: kinetic energy t = 0.799205
	                                           effective interaction Vq = [-2.74261,-2.61884,-2.57845,-2.61884,-2.61884,-2.57845,-2.55164,-2.57845,-2.57845,-2.55164,-2.66174,-2.55164,-2.61884,-2.57845,-2.55164,-2.57845]
	PARPACK diagonalization completed after 45 matrix-vector product operations.
	iteration results: : total energy is -71.206994 | electron energy -71.254831 + phonon energy 0.047837 | electron momentum kIdx = 0
	Nq(0) = 12.25,	Nq(1) = 0.4472,	Nq(2) = 0.659877,	Nq(3) = 0.4472,	Nq(4) = 0.4472,	Nq(5) = 0.659881,	Nq(6) = 0.786756,	Nq(7) = 0.659881,	Nq(8) = 0.659877,	Nq(9) = 0.786756,	Nq(10) = 3.12663,	Nq(11) = 0.786756,	Nq(12) = 0.4472,	Nq(13) = 0.659881,	Nq(14) = 0.786756,	Nq(15) = 0.659881,	Sq(0) = -3.03304e-18,	Sq(1) = 0.163395,	Sq(2) = 0.234614,	Sq(3) = 0.163395,	Sq(4) = 0.163395,	Sq(5) = 0.234614,	Sq(6) = 0.320733,	Sq(7) = 0.234614,	Sq(8) = 0.234614,	Sq(9) = 0.320733,	Sq(10) = 0.384074,	Sq(11) = 0.320733,	Sq(12) = 0.163395,	Sq(13) = 0.234614,	Sq(14) = 0.320733,	Sq(15) = 0.234614,	N(0) = 1.92095,	N(1) = 1.80323,	N(2) = 0.717821,	N(3) = 1.80323,	N(4) = 1.80323,	N(5) = 0.717821,	N(6) = 0.125338,	N(7) = 0.717821,	N(8) = 0.717821,	N(9) = 0.125338,	N(10) = 0.0578387,	N(11) = 0.125338,	N(12) = 1.80323,	N(13) = 0.717821,	N(14) = 0.125338,	N(15) = 0.717821,	Delta[s](0) = 0.788263,	Delta[s](1) = 0.327035,	Delta[s](2) = 0.293983,	Delta[s](3) = 0.327035,	Delta[s](4) = 0.327035,	Delta[s](5) = 0.293983,	Delta[s](6) = 0.262258,	Delta[s](7) = 0.293983,	Delta[s](8) = 0.293983,	Delta[s](9) = 0.262258,	Delta[s](10) = 0.226534,	Delta[s](11) = 0.262258,	Delta[s](12) = 0.327035,	Delta[s](13) = 0.293983,	Delta[s](14) = 0.262258,	Delta[s](15) = 0.293983,	Delta[d](0) = 0.192737,	Delta[d](1) = 0.160162,	Delta[d](2) = 0.163518,	Delta[d](3) = 0.160162,	Delta[d](4) = 0.160162,	Delta[d](5) = 0.137432,	Delta[d](6) = 0.132075,	Delta[d](7) = 0.137432,	Delta[d](8) = 0.163518,	Delta[d](9) = 0.132075,	Delta[d](10) = 0.0840273,	Delta[d](11) = 0.132075,	Delta[d](12) = 0.160162,	Delta[d](13) = 0.137432,	Delta[d](14) = 0.132075,	Delta[d](15) = 0.137432,	Delta[s+](0) = 0.319511,	Delta[s+](1) = 0.250754,	Delta[s+](2) = 0.163518,	Delta[s+](3) = 0.250754,	Delta[s+](4) = 0.250754,	Delta[s+](5) = 0.163518,	Delta[s+](6) = 0.0829051,	Delta[s+](7) = 0.163518,	Delta[s+](8) = 0.163518,	Delta[s+](9) = 0.0829051,	Delta[s+](10) = 0.0437248,	Delta[s+](11) = 0.0829051,	Delta[s+](12) = 0.250754,	Delta[s+](13) = 0.163518,	Delta[s+](14) = 0.0829051,	Delta[s+](15) = 0.163518
The 0-th iteration is completed.	|| time cost : 0h 3m 20.618s
********************************************************************************************************************
Start the 1 rounds of NGS-ED iteration
	effective electronic model is modified as: kinetic energy t = 0.763247
	                                           effective interaction Vq = [-2.90533,-2.77541,-2.73076,-2.77541,-2.77541,-2.73076,-2.69169,-2.73076,-2.73076,-2.69169,-2.84837,-2.69169,-2.77541,-2.73076,-2.69169,-2.73076]
	PARPACK diagonalization completed after 45 matrix-vector product operations.
	iteration results: : total energy is -74.315650 | electron energy -74.477782 + phonon energy 0.162132 | electron momentum kIdx = 0
The 1-th iteration is completed.	|| time cost : 0h 0m 24.031s
********************************************************************************************************************
Start the 2 rounds of NGS-ED iteration
	effective electronic model is modified as: kinetic energy t = 0.740837
	                                           effective interaction Vq = [-2.96519,-2.84586, -2.8011,-2.84586,-2.84586, -2.8011,-2.76012, -2.8011, -2.8011,-2.76012,-2.93334,-2.76012,-2.84586, -2.8011,-2.76012, -2.8011]
	PARPACK diagonalization completed after 45 matrix-vector product operations.
	iteration results: : total energy is -75.491547 | electron energy -75.726112 + phonon energy 0.234565 | electron momentum kIdx = 0
The 2-th iteration is completed.	|| time cost : 0h 0m 24.054s
********************************************************************************************************************
Start the 3 rounds of NGS-ED iteration
	effective electronic model is modified as: kinetic energy t = 0.727749
	                                           effective interaction Vq = [-2.98721,-2.87951, -2.8346,-2.87951,-2.87951, -2.8346, -2.7938, -2.8346, -2.8346, -2.7938,-2.96834, -2.7938,-2.87951, -2.8346, -2.7938, -2.8346]
	PARPACK diagonalization completed after 45 matrix-vector product operations.
	iteration results: : total energy is -75.917001 | electron energy -76.187484 + phonon energy 0.270484 | electron momentum kIdx = 0
The 3-th iteration is completed.	|| time cost : 0h 0m 24.016s
********************************************************************************************************************
Start the 4 rounds of NGS-ED iteration
	effective electronic model is modified as: kinetic energy t = 0.72005
	                                           effective interaction Vq = [-2.99531,-2.89721,-2.85209,-2.89721,-2.89721,-2.85209,-2.81214,-2.85209,-2.85209,-2.81214,-2.98253,-2.81214,-2.89721,-2.85209,-2.81214,-2.85209]
	PARPACK diagonalization completed after 45 matrix-vector product operations.
	iteration results: : total energy is -76.067141 | electron energy -76.355552 + phonon energy 0.288411 | electron momentum kIdx = 0
The 4-th iteration is completed.	|| time cost : 0h 0m 24.025s
********************************************************************************************************************
Start the 5 rounds of NGS-ED iteration
	effective electronic model is modified as: kinetic energy t = 0.715347
	                                           effective interaction Vq = [-2.99829,-2.90736,-2.86221,-2.90736,-2.90736,-2.86221,-2.82342,-2.86221,-2.86221,-2.82342,-2.98849,-2.82342,-2.90736,-2.86221,-2.82342,-2.86221]
	PARPACK diagonalization completed after 30 matrix-vector product operations.
	iteration results: : total energy is -76.120052 | electron energy -76.418380 + phonon energy 0.298329 | electron momentum kIdx = 0
The 5-th iteration is completed.	|| time cost : 0h 0m 20.41s
********************************************************************************************************************
Start the 6 rounds of NGS-ED iteration
	effective electronic model is modified as: kinetic energy t = 0.712336
	                                           effective interaction Vq = [-2.99939,-2.91358,-2.86858,-2.91358,-2.91358,-2.86858,-2.83106,-2.86858,-2.86858,-2.83106,-2.99113,-2.83106,-2.91358,-2.86858,-2.83106,-2.86858]
	PARPACK diagonalization completed after 30 matrix-vector product operations.
	iteration results: : total energy is -76.139002 | electron energy -76.443383 + phonon energy 0.304381 | electron momentum kIdx = 0
The 6-th iteration is completed.	|| time cost : 0h 0m 20.536s
********************************************************************************************************************
Start the 7 rounds of NGS-ED iteration
	effective electronic model is modified as: kinetic energy t = 0.710318
	                                           effective interaction Vq = [-2.99979,-2.91761,-2.87287,-2.91761,-2.91761,-2.87287,-2.83656,-2.87287,-2.87287,-2.83656,-2.99234,-2.83656,-2.91761,-2.87287,-2.83656,-2.87287]
	PARPACK diagonalization completed after 30 matrix-vector product operations.
	iteration results: : total energy is -76.145999 | electron energy -76.454332 + phonon energy 0.308333 | electron momentum kIdx = 0
The 7-th iteration is completed.	|| time cost : 0h 0m 20.579s
********************************************************************************************************************
Start the 8 rounds of NGS-ED iteration
	effective electronic model is modified as: kinetic energy t = 0.70891
	                                           effective interaction Vq = [-2.99994,-2.92031,-2.87588,-2.92031,-2.92031,-2.87588,-2.84067,-2.87588,-2.87588,-2.84067,-2.99288,-2.84067,-2.92031,-2.87588,-2.84067,-2.87588]
	PARPACK diagonalization completed after 30 matrix-vector product operations.
	iteration results: : total energy is -76.148702 | electron energy -76.459739 + phonon energy 0.311037 | electron momentum kIdx = 0
The 8-th iteration is completed.	|| time cost : 0h 0m 20.403s
********************************************************************************************************************
Start the 9 rounds of NGS-ED iteration
	effective electronic model is modified as: kinetic energy t = 0.707894
	                                           effective interaction Vq = [-2.99999,-2.92219,-2.87807,-2.92219,-2.92219,-2.87807,-2.84383,-2.87807,-2.87807,-2.84383,-2.99312,-2.84383,-2.92219,-2.87807,-2.84383,-2.87807]
	PARPACK diagonalization completed after 30 matrix-vector product operations.
	iteration results: : total energy is -76.149813 | electron energy -76.462768 + phonon energy 0.312956 | electron momentum kIdx = 0
The 9-th iteration is completed.	|| time cost : 0h 0m 20.394s
********************************************************************************************************************
Start the 10 rounds of NGS-ED iteration
	effective electronic model is modified as: kinetic energy t = 0.70714
	                                           effective interaction Vq = [-3.00001,-2.92354,-2.87971,-2.92354,-2.92354,-2.87971,-2.84629,-2.87971,-2.87971,-2.84629, -2.9932,-2.84629,-2.92354,-2.87971,-2.84629,-2.87971]
	PARPACK diagonalization completed after 30 matrix-vector product operations.
	iteration results: : total energy is -76.150306 | electron energy -76.464663 + phonon energy 0.314358 | electron momentum kIdx = 0
	Nq(0) = 12.25,	Nq(1) = 0.406469,	Nq(2) = 0.5866,	Nq(3) = 0.406469,	Nq(4) = 0.406469,	Nq(5) = 0.5866,	Nq(6) = 0.726323,	Nq(7) = 0.5866,	Nq(8) = 0.5866,	Nq(9) = 0.726323,	Nq(10) = 4.96149,	Nq(11) = 0.726323,	Nq(12) = 0.406469,	Nq(13) = 0.5866,	Nq(14) = 0.726323,	Nq(15) = 0.5866,	Sq(0) = 4.67812e-19,	Sq(1) = 0.111322,	Sq(2) = 0.174943,	Sq(3) = 0.111322,	Sq(4) = 0.111322,	Sq(5) = 0.174943,	Sq(6) = 0.237903,	Sq(7) = 0.174943,	Sq(8) = 0.174943,	Sq(9) = 0.237903,	Sq(10) = 0.291178,	Sq(11) = 0.237903,	Sq(12) = 0.111322,	Sq(13) = 0.174943,	Sq(14) = 0.237903,	Sq(15) = 0.174943,	N(0) = 1.85287,	N(1) = 1.64325,	N(2) = 0.761583,	N(3) = 1.64325,	N(4) = 1.64325,	N(5) = 0.761583,	N(6) = 0.224947,	N(7) = 0.761583,	N(8) = 0.761583,	N(9) = 0.224947,	N(10) = 0.104829,	N(11) = 0.224947,	N(12) = 1.64325,	N(13) = 0.761583,	N(14) = 0.224947,	N(15) = 0.761583,	Delta[s](0) = 0.696478,	Delta[s](1) = 0.358713,	Delta[s](2) = 0.329798,	Delta[s](3) = 0.358713,	Delta[s](4) = 0.358713,	Delta[s](5) = 0.329798,	Delta[s](6) = 0.306098,	Delta[s](7) = 0.329798,	Delta[s](8) = 0.329798,	Delta[s](9) = 0.306098,	Delta[s](10) = 0.296617,	Delta[s](11) = 0.306098,	Delta[s](12) = 0.358713,	Delta[s](13) = 0.329798,	Delta[s](14) = 0.306098,	Delta[s](15) = 0.329798,	Delta[d](0) = 0.146244,	Delta[d](1) = 0.127554,	Delta[d](2) = 0.135626,	Delta[d](3) = 0.127554,	Delta[d](4) = 0.127554,	Delta[d](5) = 0.11072,	Delta[d](6) = 0.107478,	Delta[d](7) = 0.11072,	Delta[d](8) = 0.135626,	Delta[d](9) = 0.107478,	Delta[d](10) = 0.0764189,	Delta[d](11) = 0.107478,	Delta[d](12) = 0.127554,	Delta[d](13) = 0.11072,	Delta[d](14) = 0.107478,	Delta[d](15) = 0.11072,	Delta[s+](0) = 0.262714,	Delta[s+](1) = 0.201737,	Delta[s+](2) = 0.135626,	Delta[s+](3) = 0.201737,	Delta[s+](4) = 0.201737,	Delta[s+](5) = 0.135626,	Delta[s+](6) = 0.0763493,	Delta[s+](7) = 0.135626,	Delta[s+](8) = 0.135626,	Delta[s+](9) = 0.0763493,	Delta[s+](10) = 0.0467286,	Delta[s+](11) = 0.0763493,	Delta[s+](12) = 0.201737,	Delta[s+](13) = 0.135626,	Delta[s+](14) = 0.0763493,	Delta[s+](15) = 0.135626
The 10-th iteration is completed.	|| time cost : 0h 3m 12.592s
********************************************************************************************************************
Start the 11 rounds of NGS-ED iteration
	effective electronic model is modified as: kinetic energy t = 0.706568
	                                           effective interaction Vq = [-3.00002,-2.92453,-2.88096,-2.92453,-2.92453,-2.88096,-2.84822,-2.88096,-2.88096,-2.84822,-2.99321,-2.84822,-2.92453,-2.88096,-2.84822,-2.88096]
	PARPACK diagonalization completed after 30 matrix-vector product operations.
	iteration results: : total energy is -76.150544 | electron energy -76.465951 + phonon energy 0.315408 | electron momentum kIdx = 0
The 11-th iteration is completed.	|| time cost : 0h 0m 20.468s
********************************************************************************************************************
Start the 12 rounds of NGS-ED iteration
	effective electronic model is modified as: kinetic energy t = 0.706129
	                                           effective interaction Vq = [-3.00002,-2.92527,-2.88192,-2.92527,-2.92527,-2.88192,-2.84975,-2.88192,-2.88192,-2.84975,-2.99319,-2.84975,-2.92527,-2.88192,-2.84975,-2.88192]
	PARPACK diagonalization completed after 30 matrix-vector product operations.
	iteration results: : total energy is -76.150668 | electron energy -76.466877 + phonon energy 0.316209 | electron momentum kIdx = 0
The 12-th iteration is completed.	|| time cost : 0h 0m 20.407s
********************************************************************************************************************
Start the 13 rounds of NGS-ED iteration
	effective electronic model is modified as: kinetic energy t = 0.705786
	                                           effective interaction Vq = [-3.00003,-2.92583,-2.88267,-2.92583,-2.92583,-2.88267,-2.85097,-2.88267,-2.88267,-2.85097,-2.99315,-2.85097,-2.92583,-2.88267,-2.85097,-2.88267]
	PARPACK diagonalization completed after 30 matrix-vector product operations.
	iteration results: : total energy is -76.150738 | electron energy -76.467567 + phonon energy 0.316829 | electron momentum kIdx = 0
The 13-th iteration is completed.	|| time cost : 0h 0m 20.441s
********************************************************************************************************************
Start the 14 rounds of NGS-ED iteration
	effective electronic model is modified as: kinetic energy t = 0.705517
	                                           effective interaction Vq = [-3.00003,-2.92626,-2.88325,-2.92626,-2.92626,-2.88325,-2.85193,-2.88325,-2.88325,-2.85193,-2.99312,-2.85193,-2.92626,-2.88325,-2.85193,-2.88325]
	PARPACK diagonalization completed after 30 matrix-vector product operations.
	iteration results: : total energy is -76.150780 | electron energy -76.468093 + phonon energy 0.317313 | electron momentum kIdx = 0
The 14-th iteration is completed.	|| time cost : 0h 0m 20.413s
********************************************************************************************************************
Start the 15 rounds of NGS-ED iteration
	effective electronic model is modified as: kinetic energy t = 0.705305
	                                           effective interaction Vq = [-3.00003, -2.9266,-2.88372, -2.9266, -2.9266,-2.88372,-2.85271,-2.88372,-2.88372,-2.85271,-2.99308,-2.85271, -2.9266,-2.88372,-2.85271,-2.88372]
	PARPACK diagonalization completed after 30 matrix-vector product operations.
	iteration results: : total energy is -76.150805 | electron energy -76.468500 + phonon energy 0.317695 | electron momentum kIdx = 0
The 15-th iteration is completed.	|| time cost : 0h 0m 20.407s
********************************************************************************************************************
Start the 16 rounds of NGS-ED iteration
	effective electronic model is modified as: kinetic energy t = 0.705136
	                                           effective interaction Vq = [-3.00003,-2.92686,-2.88409,-2.92686,-2.92686,-2.88409,-2.85333,-2.88409,-2.88409,-2.85333,-2.99305,-2.85333,-2.92686,-2.88409,-2.85333,-2.88409]
	PARPACK diagonalization completed after 30 matrix-vector product operations.
	iteration results: : total energy is -76.150821 | electron energy -76.468818 + phonon energy 0.317997 | electron momentum kIdx = 0
The 16-th iteration is completed.	|| time cost : 0h 0m 20.413s
********************************************************************************************************************
Start the 17 rounds of NGS-ED iteration
	effective electronic model is modified as: kinetic energy t = 0.705002
	                                           effective interaction Vq = [-3.00003,-2.92707,-2.88438,-2.92707,-2.92707,-2.88438,-2.85382,-2.88438,-2.88438,-2.85382,-2.99302,-2.85382,-2.92707,-2.88438,-2.85382,-2.88438]
	PARPACK diagonalization completed after 30 matrix-vector product operations.
	iteration results: : total energy is -76.150831 | electron energy -76.469068 + phonon energy 0.318237 | electron momentum kIdx = 0
The 17-th iteration is completed.	|| time cost : 0h 0m 20.414s
********************************************************************************************************************
Start the 18 rounds of NGS-ED iteration
	effective electronic model is modified as: kinetic energy t = 0.704895
	                                           effective interaction Vq = [-3.00003,-2.92723,-2.88461,-2.92723,-2.92723,-2.88461,-2.85422,-2.88461,-2.88461,-2.85422,  -2.993,-2.85422,-2.92723,-2.88461,-2.85422,-2.88461]
	PARPACK diagonalization completed after 30 matrix-vector product operations.
	iteration results: : total energy is -76.150837 | electron energy -76.469266 + phonon energy 0.318429 | electron momentum kIdx = 0
The 18-th iteration is completed.	|| time cost : 0h 0m 20.352s
********************************************************************************************************************
Start the 19 rounds of NGS-ED iteration
	effective electronic model is modified as: kinetic energy t = 0.70481
	                                           effective interaction Vq = [-3.00003,-2.92736, -2.8848,-2.92736,-2.92736, -2.8848,-2.85453, -2.8848, -2.8848,-2.85453,-2.99298,-2.85453,-2.92736, -2.8848,-2.85453, -2.8848]
	PARPACK diagonalization completed after 30 matrix-vector product operations.
	iteration results: : total energy is -76.150841 | electron energy -76.469423 + phonon energy 0.318582 | electron momentum kIdx = 0
The 19-th iteration is completed.	|| time cost : 0h 0m 20.431s
********************************************************************************************************************
Start the 20 rounds of NGS-ED iteration
	effective electronic model is modified as: kinetic energy t = 0.704741
	                                           effective interaction Vq = [-3.00003,-2.92746,-2.88495,-2.92746,-2.92746,-2.88495,-2.85479,-2.88495,-2.88495,-2.85479,-2.99297,-2.85479,-2.92746,-2.88495,-2.85479,-2.88495]
	PARPACK diagonalization completed after 30 matrix-vector product operations.
	iteration results: : total energy is -76.150844 | electron energy -76.469547 + phonon energy 0.318704 | electron momentum kIdx = 0
	Nq(0) = 12.25,	Nq(1) = 0.411719,	Nq(2) = 0.593892,	Nq(3) = 0.411719,	Nq(4) = 0.411719,	Nq(5) = 0.593892,	Nq(6) = 0.739586,	Nq(7) = 0.593892,	Nq(8) = 0.593892,	Nq(9) = 0.739586,	Nq(10) = 4.84993,	Nq(11) = 0.739586,	Nq(12) = 0.411719,	Nq(13) = 0.593892,	Nq(14) = 0.739586,	Nq(15) = 0.593892,	Sq(0) = -6.38169e-19,	Sq(1) = 0.110962,	Sq(2) = 0.17458,	Sq(3) = 0.110962,	Sq(4) = 0.110962,	Sq(5) = 0.17458,	Sq(6) = 0.237374,	Sq(7) = 0.17458,	Sq(8) = 0.17458,	Sq(9) = 0.237374,	Sq(10) = 0.29067,	Sq(11) = 0.237374,	Sq(12) = 0.110962,	Sq(13) = 0.17458,	Sq(14) = 0.237374,	Sq(15) = 0.17458,	N(0) = 1.85223,	N(1) = 1.64344,	N(2) = 0.761875,	N(3) = 1.64344,	N(4) = 1.64344,	N(5) = 0.761875,	N(6) = 0.224402,	N(7) = 0.761875,	N(8) = 0.761875,	N(9) = 0.224402,	N(10) = 0.105164,	N(11) = 0.224402,	N(12) = 1.64344,	N(13) = 0.761875,	N(14) = 0.224402,	N(15) = 0.761875,	Delta[s](0) = 0.701665,	Delta[s](1) = 0.358672,	Delta[s](2) = 0.329776,	Delta[s](3) = 0.358672,	Delta[s](4) = 0.358672,	Delta[s](5) = 0.329776,	Delta[s](6) = 0.306073,	Delta[s](7) = 0.329776,	Delta[s](8) = 0.329776,	Delta[s](9) = 0.306073,	Delta[s](10) = 0.29495,	Delta[s](11) = 0.306073,	Delta[s](12) = 0.358672,	Delta[s](13) = 0.329776,	Delta[s](14) = 0.306073,	Delta[s](15) = 0.329776,	Delta[d](0) = 0.148005,	Delta[d](1) = 0.129296,	Delta[d](2) = 0.136943,	Delta[d](3) = 0.129296,	Delta[d](4) = 0.129296,	Delta[d](5) = 0.112625,	Delta[d](6) = 0.109342,	Delta[d](7) = 0.112625,	Delta[d](8) = 0.136943,	Delta[d](9) = 0.109342,	Delta[d](10) = 0.0785042,	Delta[d](11) = 0.109342,	Delta[d](12) = 0.129296,	Delta[d](13) = 0.112625,	Delta[d](14) = 0.109342,	Delta[d](15) = 0.112625,	Delta[s+](0) = 0.262662,	Delta[s+](1) = 0.202671,	Delta[s+](2) = 0.136943,	Delta[s+](3) = 0.202671,	Delta[s+](4) = 0.202671,	Delta[s+](5) = 0.136943,	Delta[s+](6) = 0.0778413,	Delta[s+](7) = 0.136943,	Delta[s+](8) = 0.136943,	Delta[s+](9) = 0.0778413,	Delta[s+](10) = 0.048035,	Delta[s+](11) = 0.0778413,	Delta[s+](12) = 0.202671,	Delta[s+](13) = 0.136943,	Delta[s+](14) = 0.0778413,	Delta[s+](15) = 0.136943
The 20-th iteration is completed.	|| time cost : 0h 3m 12.98s
********************************************************************************************************************
Start the 21 rounds of NGS-ED iteration
	effective electronic model is modified as: kinetic energy t = 0.704686
	                                           effective interaction Vq = [-3.00003,-2.92755,-2.88507,-2.92755,-2.92755,-2.88507,-2.85499,-2.88507,-2.88507,-2.85499,-2.99296,-2.85499,-2.92755,-2.88507,-2.85499,-2.88507]
	PARPACK diagonalization completed after 30 matrix-vector product operations.
	iteration results: : total energy is -76.150845 | electron energy -76.469647 + phonon energy 0.318801 | electron momentum kIdx = 0
The 21-th iteration is completed.	|| time cost : 0h 0m 20.495s
********************************************************************************************************************
Start the 22 rounds of NGS-ED iteration
	effective electronic model is modified as: kinetic energy t = 0.704643
	                                           effective interaction Vq = [-3.00003,-2.92761,-2.88516,-2.92761,-2.92761,-2.88516,-2.85515,-2.88516,-2.88516,-2.85515,-2.99295,-2.85515,-2.92761,-2.88516,-2.85515,-2.88516]
	PARPACK diagonalization completed after 30 matrix-vector product operations.
	iteration results: : total energy is -76.150846 | electron energy -76.469726 + phonon energy 0.318880 | electron momentum kIdx = 0
The 22-th iteration is completed.	|| time cost : 0h 0m 20.443s
********************************************************************************************************************
Start the 23 rounds of NGS-ED iteration
	effective electronic model is modified as: kinetic energy t = 0.704607
	                                           effective interaction Vq = [-3.00003,-2.92766,-2.88524,-2.92766,-2.92766,-2.88524,-2.85528,-2.88524,-2.88524,-2.85528,-2.99294,-2.85528,-2.92766,-2.88524,-2.85528,-2.88524]
	PARPACK diagonalization completed after 30 matrix-vector product operations.
	iteration results: : total energy is -76.150847 | electron energy -76.469789 + phonon energy 0.318942 | electron momentum kIdx = 0
The 23-th iteration is completed.	|| time cost : 0h 0m 20.704s
********************************************************************************************************************
Start the 24 rounds of NGS-ED iteration
	effective electronic model is modified as: kinetic energy t = 0.704579
	                                           effective interaction Vq = [-3.00003,-2.92771, -2.8853,-2.92771,-2.92771, -2.8853,-2.85539, -2.8853, -2.8853,-2.85539,-2.99293,-2.85539,-2.92771, -2.8853,-2.85539, -2.8853]
	PARPACK diagonalization completed after 30 matrix-vector product operations.
