TACC:  Starting up job 4182562 
TACC:  Starting parallel tasks... 
SNEDics v3.4 Non-Gaussian ED ground state program		Start at Sat Aug 17 21:34:00 2019

parallized on 32 MPI threads  * 6 OpenMP threads = 192 total threads.
********************************************************************************************************************
********************************************************************************************************************

********************************************************************************************************************
System parameters and configurations
********************************************************************************************************************
Special program options are enabled: splitted diagonal Hamiltonian
********************************************************************************************************************
Read input file "model_params.in"
	Hubbard-Holstein model parameters : 	t = 1    U = 6.8    g = 4.4721    W = 5    
********************************************************************************************************************
Read input file "hilbertspace_params.in"
	Requested 16-site 2D lattice, with 16 electrons (8, 8)
	Boundary : Periodic		Hilbert space representation : momentum-space (restricted to kIdx = 10)
	Conservation: particle number[U(1)]      spin[U(1)]     momentum
********************************************************************************************************************

Cluster Positions:				Cluster symmetry group : D4
 x ... x ... x ... x .....                       x ... x ... x ... x .....
 |           |           :                       |           |           :
 |           |           :                       |           |           :
12    13    14    15     x                       1     5     6     5     x
 |           |           :                       |           |           :
 |           |           :                       |           |           :
 8 --- 9 ---10 ---11 --- x                       2 --- 6 ---10 --- 6 --- x
 |           |           :                       |           |           :
 |           |           :                       |           |           :
 4     5     6     7     x                       1     5     6     5     x
 |           |           :                       |           |           :
 |           |           :                       |           |           :
 0 --- 1 --- 2 --- 3 --- x                       0 --- 1 --- 2 --- 1 --- x
orbital number : 1
********************************************************************************************************************
Read input file "obs_params.in"
	Observable Type : Nq[All],   Sq[All],   N[All]
********************************************************************************************************************
** WARNING ** the input observables have non-local factors which have been reinterpreted. The total observable number is 48
********************************************************************************************************************


********************************************************************************************************************
Start calculating the non-Gaussian ED ground state
Input file varState.txt exists. Start iterations from it.
open output files: NGSEDIterationObs.txt
Start the 0 rounds of NGS-ED iteration
	effective electronic model is modified as: kinetic energy t = 0.726022
	                                           effective interaction Vq = [-3.99994,-3.69909,-3.44846,-3.69909,-3.69909,-3.44845,-3.48657,-3.44845,-3.44844,-3.48656,-3.99256,-3.48656,-3.69909,-3.44845,-3.48657,-3.44845]
	first Hamiltonian is constructed, non-zero numbers = 12310659360
	PARPACK diagonalization completed after 60 matrix-vector product operations.
	iteration results: : total energy is -84.153790 | electron energy -84.628798 + phonon energy 0.475009 | electron momentum kIdx = 10
	Nq(0) = 16,	Nq(1) = 0.250686,	Nq(2) = 0.30965,	Nq(3) = 0.250686,	Nq(4) = 0.250684,	Nq(5) = 0.309649,	Nq(6) = 0.465091,	Nq(7) = 0.309649,	Nq(8) = 0.309648,	Nq(9) = 0.465089,	Nq(10) = 6.16612,	Nq(11) = 0.465089,	Nq(12) = 0.250684,	Nq(13) = 0.309649,	Nq(14) = 0.465091,	Nq(15) = 0.309649,	Sq(0) = 1.40213e-18,	Sq(1) = 0.232384,	Sq(2) = 0.306613,	Sq(3) = 0.232384,	Sq(4) = 0.232384,	Sq(5) = 0.306612,	Sq(6) = 0.452575,	Sq(7) = 0.306612,	Sq(8) = 0.306612,	Sq(9) = 0.452574,	Sq(10) = 0.533378,	Sq(11) = 0.452574,	Sq(12) = 0.232384,	Sq(13) = 0.306612,	Sq(14) = 0.452575,	Sq(15) = 0.306612,	N(0) = 1.97588,	N(1) = 1.92602,	N(2) = 0.999996,	N(3) = 1.92602,	N(4) = 1.92602,	N(5) = 1,	N(6) = 0.0739783,	N(7) = 1,	N(8) = 1,	N(9) = 0.0739785,	N(10) = 0.0241192,	N(11) = 0.0739785,	N(12) = 1.92602,	N(13) = 1,	N(14) = 0.0739783,	N(15) = 1
The 0-th iteration is completed.	|| time cost : 0h 5m 34.478s
********************************************************************************************************************
Start the 1 rounds of NGS-ED iteration
	effective electronic model is modified as: kinetic energy t = 0.726046
	                                           effective interaction Vq = [-3.99994,-3.69896,-3.44834,-3.69896,-3.69895,-3.44834, -3.4864,-3.44834,-3.44834, -3.4864,-3.99256, -3.4864,-3.69895,-3.44834, -3.4864,-3.44834]
	PARPACK diagonalization completed after 30 matrix-vector product operations.
	iteration results: : total energy is -84.153793 | electron energy -84.628712 + phonon energy 0.474920 | electron momentum kIdx = 10
The 1-th iteration is completed.	|| time cost : 0h 0m 31.544s
********************************************************************************************************************
Start the 2 rounds of NGS-ED iteration
	effective electronic model is modified as: kinetic energy t = 0.726063
	                                           effective interaction Vq = [-3.99994,-3.69886,-3.44827,-3.69886,-3.69886,-3.44826,-3.48629,-3.44826,-3.44826,-3.48629,-3.99256,-3.48629,-3.69886,-3.44826,-3.48629,-3.44826]
	PARPACK diagonalization completed after 30 matrix-vector product operations.
	iteration results: : total energy is -84.153794 | electron energy -84.628652 + phonon energy 0.474858 | electron momentum kIdx = 10
The 2-th iteration is completed.	|| time cost : 0h 0m 31.439s
********************************************************************************************************************
Start the 3 rounds of NGS-ED iteration
	effective electronic model is modified as: kinetic energy t = 0.726074
	                                           effective interaction Vq = [-3.99994, -3.6988,-3.44821, -3.6988, -3.6988,-3.44821,-3.48621,-3.44821,-3.44821,-3.48621,-3.99256,-3.48621, -3.6988,-3.44821,-3.48621,-3.44821]
	PARPACK diagonalization completed after 30 matrix-vector product operations.
	iteration results: : total energy is -84.153795 | electron energy -84.628610 + phonon energy 0.474815 | electron momentum kIdx = 10
The 3-th iteration is completed.	|| time cost : 0h 0m 31.077s
********************************************************************************************************************
Start the 4 rounds of NGS-ED iteration
	effective electronic model is modified as: kinetic energy t = 0.726082
	                                           effective interaction Vq = [-3.99994,-3.69876,-3.44818,-3.69876,-3.69875,-3.44817,-3.48616,-3.44817,-3.44817,-3.48615,-3.99256,-3.48615,-3.69875,-3.44817,-3.48616,-3.44817]
	PARPACK diagonalization completed after 30 matrix-vector product operations.
	iteration results: : total energy is -84.153796 | electron energy -84.628581 + phonon energy 0.474785 | electron momentum kIdx = 10
The 4-th iteration is completed.	|| time cost : 0h 0m 27.512s
********************************************************************************************************************
Start the 5 rounds of NGS-ED iteration
	effective electronic model is modified as: kinetic energy t = 0.726088
	                                           effective interaction Vq = [-3.99994,-3.69872,-3.44815,-3.69872,-3.69872,-3.44815,-3.48612,-3.44815,-3.44815,-3.48612,-3.99256,-3.48612,-3.69872,-3.44815,-3.48612,-3.44815]
	PARPACK diagonalization completed after 30 matrix-vector product operations.
	iteration results: : total energy is -84.153796 | electron energy -84.628561 + phonon energy 0.474765 | electron momentum kIdx = 10
The 5-th iteration is completed.	|| time cost : 0h 0m 26.12s
********************************************************************************************************************
Start the 6 rounds of NGS-ED iteration
	effective electronic model is modified as: kinetic energy t = 0.726091
	                                           effective interaction Vq = [-3.99994, -3.6987,-3.44813, -3.6987, -3.6987,-3.44813,-3.48609,-3.44813,-3.44813,-3.48609,-3.99256,-3.48609, -3.6987,-3.44813,-3.48609,-3.44813]
	PARPACK diagonalization completed after 30 matrix-vector product operations.
	iteration results: : total energy is -84.153797 | electron energy -84.628547 + phonon energy 0.474750 | electron momentum kIdx = 10
The 6-th iteration is completed.	|| time cost : 0h 0m 26.11s
********************************************************************************************************************
Start the 7 rounds of NGS-ED iteration
	effective electronic model is modified as: kinetic energy t = 0.726094
	                                           effective interaction Vq = [-3.99994,-3.69869,-3.44812,-3.69869,-3.69869,-3.44812,-3.48607,-3.44812,-3.44812,-3.48607,-3.99256,-3.48607,-3.69869,-3.44812,-3.48607,-3.44812]
	PARPACK diagonalization completed after 30 matrix-vector product operations.
	iteration results: : total energy is -84.153797 | electron energy -84.628537 + phonon energy 0.474741 | electron momentum kIdx = 10
The 7-th iteration is completed.	|| time cost : 0h 0m 26.123s
********************************************************************************************************************
Start the 8 rounds of NGS-ED iteration
	effective electronic model is modified as: kinetic energy t = 0.726096
	                                           effective interaction Vq = [-3.99994,-3.69868,-3.44811,-3.69868,-3.69868,-3.44811,-3.48606,-3.44811,-3.44811,-3.48606,-3.99256,-3.48606,-3.69868,-3.44811,-3.48606,-3.44811]
	PARPACK diagonalization completed after 30 matrix-vector product operations.
	iteration results: : total energy is -84.153797 | electron energy -84.628531 + phonon energy 0.474734 | electron momentum kIdx = 10
The 8-th iteration is completed.	|| time cost : 0h 0m 26.111s
********************************************************************************************************************
Start the 9 rounds of NGS-ED iteration
	effective electronic model is modified as: kinetic energy t = 0.726097
	                                           effective interaction Vq = [-3.99994,-3.69867,-3.44811,-3.69867,-3.69867,-3.44811,-3.48605,-3.44811,-3.44811,-3.48605,-3.99257,-3.48605,-3.69867,-3.44811,-3.48605,-3.44811]
	PARPACK diagonalization completed after 30 matrix-vector product operations.
	iteration results: : total energy is -84.153797 | electron energy -84.628526 + phonon energy 0.474729 | electron momentum kIdx = 10
The 9-th iteration is completed.	|| time cost : 0h 0m 26.154s
********************************************************************************************************************
Start the 10 rounds of NGS-ED iteration
	effective electronic model is modified as: kinetic energy t = 0.726098
	                                           effective interaction Vq = [-3.99994,-3.69867, -3.4481,-3.69867,-3.69867, -3.4481,-3.48604, -3.4481, -3.4481,-3.48604,-3.99257,-3.48604,-3.69867, -3.4481,-3.48604, -3.4481]
	PARPACK diagonalization completed after 30 matrix-vector product operations.
	iteration results: : total energy is -84.153797 | electron energy -84.628523 + phonon energy 0.474726 | electron momentum kIdx = 10
	Nq(0) = 16,	Nq(1) = 0.250604,	Nq(2) = 0.309599,	Nq(3) = 0.250604,	Nq(4) = 0.250604,	Nq(5) = 0.309599,	Nq(6) = 0.464965,	Nq(7) = 0.309599,	Nq(8) = 0.309599,	Nq(9) = 0.464965,	Nq(10) = 6.16776,	Nq(11) = 0.464965,	Nq(12) = 0.250604,	Nq(13) = 0.309599,	Nq(14) = 0.464965,	Nq(15) = 0.309599,	Sq(0) = 2.67407e-19,	Sq(1) = 0.232344,	Sq(2) = 0.306585,	Sq(3) = 0.232344,	Sq(4) = 0.232344,	Sq(5) = 0.306585,	Sq(6) = 0.452534,	Sq(7) = 0.306585,	Sq(8) = 0.306585,	Sq(9) = 0.452534,	Sq(10) = 0.533349,	Sq(11) = 0.452534,	Sq(12) = 0.232344,	Sq(13) = 0.306585,	Sq(14) = 0.452534,	Sq(15) = 0.306585,	N(0) = 1.97586,	N(1) = 1.92596,	N(2) = 1,	N(3) = 1.92596,	N(4) = 1.92596,	N(5) = 1,	N(6) = 0.0740399,	N(7) = 1,	N(8) = 1,	N(9) = 0.0740399,	N(10) = 0.0241369,	N(11) = 0.0740399,	N(12) = 1.92596,	N(13) = 1,	N(14) = 0.0740399,	N(15) = 1
The 10-th iteration is completed.	|| time cost : 0h 1m 3.7s
********************************************************************************************************************
Start the 11 rounds of NGS-ED iteration
	effective electronic model is modified as: kinetic energy t = 0.726099
	                                           effective interaction Vq = [-3.99994,-3.69866, -3.4481,-3.69866,-3.69866, -3.4481,-3.48604, -3.4481, -3.4481,-3.48604,-3.99257,-3.48604,-3.69866, -3.4481,-3.48604, -3.4481]
	PARPACK diagonalization completed after 30 matrix-vector product operations.
	iteration results: : total energy is -84.153797 | electron energy -84.628521 + phonon energy 0.474723 | electron momentum kIdx = 10
The 11-th iteration is completed.	|| time cost : 0h 0m 26.119s
********************************************************************************************************************
Start the 12 rounds of NGS-ED iteration
	effective electronic model is modified as: kinetic energy t = 0.726099
	                                           effective interaction Vq = [-3.99994,-3.69866, -3.4481,-3.69866,-3.69866, -3.4481,-3.48604, -3.4481, -3.4481,-3.48604,-3.99257,-3.48604,-3.69866, -3.4481,-3.48604, -3.4481]
	PARPACK diagonalization completed after 30 matrix-vector product operations.
	iteration results: : total energy is -84.153797 | electron energy -84.628519 + phonon energy 0.474722 | electron momentum kIdx = 10
The 12-th iteration is completed.	|| time cost : 0h 0m 26.148s
********************************************************************************************************************
Start the 13 rounds of NGS-ED iteration
	effective electronic model is modified as: kinetic energy t = 0.726099
	                                           effective interaction Vq = [-3.99994,-3.69866, -3.4481,-3.69866,-3.69866, -3.4481,-3.48603, -3.4481, -3.4481,-3.48603,-3.99257,-3.48603,-3.69866, -3.4481,-3.48603, -3.4481]
	PARPACK diagonalization completed after 30 matrix-vector product operations.
	iteration results: : total energy is -84.153797 | electron energy -84.628518 + phonon energy 0.474721 | electron momentum kIdx = 10
The 13-th iteration is completed.	|| time cost : 0h 0m 26.128s
********************************************************************************************************************
Start the 14 rounds of NGS-ED iteration
	effective electronic model is modified as: kinetic energy t = 0.726099
	                                           effective interaction Vq = [-3.99994,-3.69866, -3.4481,-3.69866,-3.69866, -3.4481,-3.48603, -3.4481, -3.4481,-3.48603,-3.99257,-3.48603,-3.69866, -3.4481,-3.48603, -3.4481]
	PARPACK diagonalization completed after 30 matrix-vector product operations.
	iteration results: : total energy is -84.153797 | electron energy -84.628517 + phonon energy 0.474720 | electron momentum kIdx = 10
The 14-th iteration is completed.	|| time cost : 0h 0m 26.103s
********************************************************************************************************************
Start the 15 rounds of NGS-ED iteration
	effective electronic model is modified as: kinetic energy t = 0.7261
	                                           effective interaction Vq = [-3.99994,-3.69866, -3.4481,-3.69866,-3.69866, -3.4481,-3.48603, -3.4481, -3.4481,-3.48603,-3.99257,-3.48603,-3.69866, -3.4481,-3.48603, -3.4481]
	PARPACK diagonalization completed after 30 matrix-vector product operations.
	iteration results: : total energy is -84.153797 | electron energy -84.628517 + phonon energy 0.474720 | electron momentum kIdx = 10
The 15-th iteration is completed.	|| time cost : 0h 0m 26.103s
********************************************************************************************************************
Start the 16 rounds of NGS-ED iteration
	effective electronic model is modified as: kinetic energy t = 0.7261
	                                           effective interaction Vq = [-3.99994,-3.69866, -3.4481,-3.69866,-3.69866, -3.4481,-3.48603, -3.4481, -3.4481,-3.48603,-3.99257,-3.48603,-3.69866, -3.4481,-3.48603, -3.4481]
	PARPACK diagonalization completed after 30 matrix-vector product operations.
	iteration results: : total energy is -84.153797 | electron energy -84.628516 + phonon energy 0.474719 | electron momentum kIdx = 10
	Nq(0) = 16,	Nq(1) = 0.250602,	Nq(2) = 0.309598,	Nq(3) = 0.250602,	Nq(4) = 0.250602,	Nq(5) = 0.309598,	Nq(6) = 0.464962,	Nq(7) = 0.309598,	Nq(8) = 0.309598,	Nq(9) = 0.464962,	Nq(10) = 6.16779,	Nq(11) = 0.464962,	Nq(12) = 0.250602,	Nq(13) = 0.309598,	Nq(14) = 0.464962,	Nq(15) = 0.309598,	Sq(0) = 1.79552e-18,	Sq(1) = 0.232343,	Sq(2) = 0.306585,	Sq(3) = 0.232343,	Sq(4) = 0.232343,	Sq(5) = 0.306585,	Sq(6) = 0.452533,	Sq(7) = 0.306585,	Sq(8) = 0.306585,	Sq(9) = 0.452533,	Sq(10) = 0.533348,	Sq(11) = 0.452533,	Sq(12) = 0.232343,	Sq(13) = 0.306585,	Sq(14) = 0.452533,	Sq(15) = 0.306585,	N(0) = 1.97586,	N(1) = 1.92596,	N(2) = 1,	N(3) = 1.92596,	N(4) = 1.92596,	N(5) = 1,	N(6) = 0.0740414,	N(7) = 1,	N(8) = 1,	N(9) = 0.0740414,	N(10) = 0.0241373,	N(11) = 0.0740414,	N(12) = 1.92596,	N(13) = 1,	N(14) = 0.0740414,	N(15) = 1
The 16-th iteration is completed.	|| time cost : 0h 1m 4.572s
********************************************************************************************************************
********************************************************************************************************************
Ground state is obtained after 17 iterations. The current ground-state energy is -84.1538, in which electron energy is -84.6285 and phonon energy is 0.474719
final variational state is: 
	Gamma_x = [      1,1.08302,1.12231,1.08302,1.08302,1.12231, 1.1856,1.12231,1.12231, 1.1856,1.48448, 1.1856,1.08302,1.12231, 1.1856,1.12231]
	lambda_q = [ 0.89442,0.648949,0.562203,0.648949,0.648949,0.562203,0.573825,0.562203,0.562203,0.573825,0.856027,0.573825,0.648949,0.562203,0.573825,0.562203]
********************************************************************************************************************
o___o  ----------------------------------------
| L |	Time since last clock: 0h 0m 0s
A===A	Time since the beginning: 0h 14m 5.548s
***********************************************


********************************************************************************************************************
Non-Gaussina ED ground state calculation is completed. The final ground-state energy is -84.1538
********************************************************************************************************************
o___o  ----------------------------------------
| L |	Time since last clock: 0h 0m 0.012s
A===A	Time since the beginning: 0h 14m 5.561s
***********************************************



********************************************************************************************************************
All non-Gaussian ED ground state calculations have been completed. Exit now.
TACC:  Shutdown complete. Exiting. 
