SNEDics v3.2 diagonalization test program		Start at Fri May  3 19:39:11 2019

parallized on 80 MPI threads  * 6 OpenMP threads = 480 total threads.
************************************************************************************
************************************************************************************

Input file "model_params.in"
Hubbard-Holstein model parameters : 	t = 1    U = 8    g = 1.8708    W = 1    
************************************************************************************
Input file "hilbertspace_params.in"

Cluster Positions:				Cluster symmetry group : D4
 x ... x ... x ... x .....                       x ... x ... x ... x .....
 |           |           :                       |           |           :
 |           |           :                       |           |           :
12    13    14    15     x                       1     5     6     5     x
 |           |           :                       |           |           :
 |           |           :                       |           |           :
 8 --- 9 ---10 ---11 --- x                       2 --- 6 ---10 --- 6 --- x
 |           |           :                       |           |           :
 |           |           :                       |           |           :
 4     5     6     7     x                       1     5     6     5     x
 |           |           :                       |           |           :
 |           |           :                       |           |           :
 0 --- 1 --- 2 --- 3 --- x                       0 --- 1 --- 2 --- 1 --- x
orbital number : 1
************************************************************************************
** NOTE ** Detected low phonon energy W < 10. The initial state will be prepared through a warm-up process.
starting warm-up calculation for scaling factor 16
0 rounds of non-Gaussian ED iteration : ground-state energy is -8.46888 | electron energy -8.46888 + phonon energy 0 | electron momentum kIdx = 0
Nq = 	16	0.0625034	0.109912	0.0625034	0.0625034	0.109912	0.152438	0.109912	0.109912	0.152438	0.1925	0.152438	0.0625034	0.109912	0.152438	0.109912
Sq = 	2.31488e-18	0.412873	0.641315	0.412873	0.412873	0.641315	0.93882	0.641315	0.641315	0.93882	5.0336	0.93882	0.412873	0.641315	0.93882	0.641315
1 rounds of non-Gaussian ED iteration : ground-state energy is -69.7133 | electron energy -69.7167 + phonon energy 0.00339191 | electron momentum kIdx = 0
Nq = 	16	0.233302	0.301223	0.233302	0.233302	0.301223	0.424618	0.301223	0.301223	0.424618	0.491417	0.424618	0.233302	0.301223	0.424618	0.301223
Sq = 	1.57486e-18	0.416473	0.603797	0.416473	0.416473	0.603796	0.735352	0.603797	0.603796	0.735352	2.83949	0.735352	0.416473	0.603797	0.735352	0.603796
2 rounds of non-Gaussian ED iteration : ground-state energy is -72.8162 | electron energy -72.8422 + phonon energy 0.0260093 | electron momentum kIdx = 0
Nq = 	16	0.274676	0.327829	0.274676	0.274676	0.327829	0.480039	0.327829	0.327829	0.480039	0.536481	0.480039	0.274676	0.327829	0.480039	0.327829
Sq = 	-5.05632e-18	0.406793	0.589227	0.406793	0.406793	0.589227	0.702478	0.589227	0.589227	0.702478	2.50523	0.702478	0.406793	0.589227	0.702478	0.589227
3 rounds of non-Gaussian ED iteration : ground-state energy is -72.9512 | electron energy -72.9875 + phonon energy 0.0362301 | electron momentum kIdx = 0
Nq = 	16	0.280858	0.331226	0.280858	0.280858	0.331226	0.489121	0.331226	0.331226	0.489121	0.542894	0.489121	0.280858	0.331226	0.489121	0.331226
Sq = 	-1.36155e-17	0.405061	0.586721	0.405061	0.405061	0.586721	0.69757	0.586721	0.586721	0.69757	2.45898	0.69757	0.405061	0.586721	0.69757	0.586721
4 rounds of non-Gaussian ED iteration : ground-state energy is -72.9567 | electron energy -72.9953 + phonon energy 0.0385999 | electron momentum kIdx = 0
Nq = 	16	0.281933	0.331785	0.281933	0.281933	0.331785	0.490803	0.331785	0.331785	0.490803	0.54401	0.490803	0.281933	0.331785	0.490803	0.331785
Sq = 	3.86097e-18	0.40474	0.586269	0.40474	0.40474	0.586269	0.696706	0.586269	0.586269	0.696706	2.45093	0.696706	0.40474	0.586269	0.696706	0.586269
Ground state is obtained after 5 iterations. The current ground-state energy is -72.9569, in which electron energy is -72.996 and phonon energy is 0.0390769
final variational state is: 
Gamma_x =       1 1.01335 1.02263 1.01335 1.01335 1.02263 1.03371 1.02263 1.02263 1.03371 1.04164 1.03371 1.01335 1.02263 1.03371 1.02263
lambda_q = 0.467543 0.410115 0.378413 0.410115 0.410115 0.378413 0.378153 0.378413 0.378413 0.378153 0.364678 0.378153 0.410115 0.378413 0.378153 0.378413
o___o  -------------------------------------
| L |	Time since last clock: 0h 28m 36.385s
A===A	Time since the beginning: 0h 28m 36.385s
********************************************

************************************************************************************
starting warm-up calculation for scaling factor 8
0 rounds of non-Gaussian ED iteration : ground-state energy is -65.5637 | electron energy -65.5833 + phonon energy 0.0195384 | electron momentum kIdx = 0
Nq = 	16	0.221308	0.289213	0.221308	0.221308	0.289213	0.405358	0.289213	0.289213	0.405358	0.470924	0.405358	0.221308	0.289213	0.405358	0.289213
Sq = 	-8.08997e-18	0.419158	0.608744	0.419158	0.419158	0.608744	0.74755	0.608744	0.608744	0.74755	2.96784	0.74755	0.419158	0.608744	0.74755	0.608744
1 rounds of non-Gaussian ED iteration : ground-state energy is -69.6436 | electron energy -69.7153 + phonon energy 0.071716 | electron momentum kIdx = 0
Nq = 	16	0.240746	0.302993	0.240746	0.240746	0.302993	0.428722	0.302993	0.302993	0.428722	0.491112	0.428722	0.240746	0.302993	0.428722	0.302993
Sq = 	4.02773e-18	0.415641	0.603281	0.415641	0.415641	0.603281	0.732446	0.603281	0.603281	0.732446	2.80102	0.732446	0.415641	0.603281	0.732446	0.603281
2 rounds of non-Gaussian ED iteration : ground-state energy is -70.4701 | electron energy -70.5723 + phonon energy 0.102206 | electron momentum kIdx = 0
Nq = 	16	0.248973	0.308287	0.248973	0.248973	0.308287	0.438845	0.308287	0.308287	0.438845	0.499355	0.438845	0.248973	0.308287	0.438845	0.308287
Sq = 	-3.88782e-19	0.413952	0.600773	0.413952	0.413952	0.600773	0.726193	0.600773	0.600773	0.726193	2.73444	0.726193	0.413952	0.600773	0.726193	0.600773
3 rounds of non-Gaussian ED iteration : ground-state energy is -70.6371 | electron energy -70.7541 + phonon energy 0.117016 | electron momentum kIdx = 0
Nq = 	16	0.252494	0.310427	0.252494	0.252494	0.310427	0.443292	0.310427	0.310427	0.443292	0.502829	0.443292	0.252494	0.310427	0.443292	0.310427
Sq = 	4.17878e-19	0.413185	0.599662	0.413185	0.413184	0.599662	0.723537	0.599662	0.599662	0.723537	2.70661	0.723537	0.413184	0.599662	0.723537	0.599662
4 rounds of non-Gaussian ED iteration : ground-state energy is -70.6708 | electron energy -70.7946 + phonon energy 0.123845 | electron momentum kIdx = 0
Nq = 	16	0.254027	0.311321	0.254027	0.254027	0.311321	0.445269	0.311321	0.311321	0.445269	0.504327	0.445269	0.254027	0.311321	0.445269	0.311321
Sq = 	6.16341e-18	0.41284	0.599172	0.41284	0.41284	0.599172	0.722387	0.599172	0.599172	0.722387	2.69462	0.722387	0.41284	0.599172	0.722387	0.599172
5 rounds of non-Gaussian ED iteration : ground-state energy is -70.6776 | electron energy -70.8045 + phonon energy 0.126925 | electron momentum kIdx = 0
Nq = 	16	0.254703	0.311703	0.254703	0.254703	0.311703	0.446153	0.311703	0.311703	0.446153	0.50498	0.446153	0.254703	0.311703	0.446153	0.311703
Sq = 	-5.97414e-18	0.412685	0.598955	0.412685	0.412684	0.598955	0.721883	0.598955	0.598955	0.721883	2.68938	0.721883	0.412684	0.598955	0.721883	0.598955
6 rounds of non-Gaussian ED iteration : ground-state energy is -70.679 | electron energy -70.8073 + phonon energy 0.128301 | electron momentum kIdx = 0
Nq = 	16	0.255003	0.311867	0.255003	0.255003	0.311867	0.446549	0.311867	0.311867	0.446549	0.505267	0.446549	0.255003	0.311867	0.446549	0.311867
Sq = 	1.00822e-17	0.412615	0.598859	0.412615	0.412615	0.598859	0.72166	0.598859	0.598859	0.72166	2.68706	0.72166	0.412615	0.598859	0.72166	0.598859
Ground state is obtained after 7 iterations. The current ground-state energy is -70.6792, in which electron energy is -70.8082 and phonon energy is 0.128913
final variational state is: 
Gamma_x =       1 1.03882 1.06002 1.03882 1.03882 1.06002 1.08766 1.06002 1.06002 1.08766 1.10512 1.08766 1.03882 1.06002 1.08766 1.06002
lambda_q = 0.660711 0.516151 0.456037 0.516151 0.516151 0.456037 0.453051 0.456037 0.456037 0.453051   0.4314 0.453051 0.516151 0.456037 0.453051 0.456037
o___o  -------------------------------------
| L |	Time since last clock: 0h 38m 39.75s
A===A	Time since the beginning: 1h 7m 16.136s
********************************************

************************************************************************************
starting warm-up calculation for scaling factor 4
0 rounds of non-Gaussian ED iteration : ground-state energy is -63.247 | electron energy -63.3115 + phonon energy 0.0644564 | electron momentum kIdx = 0
Nq = 	16	0.186539	0.257777	0.186539	0.186539	0.257777	0.353076	0.257777	0.257777	0.353076	0.41809	0.353076	0.186539	0.257777	0.353076	0.257777
Sq = 	7.47155e-18	0.425066	0.619273	0.425066	0.425066	0.619273	0.780023	0.619273	0.619273	0.780023	3.34079	0.780023	0.425066	0.619273	0.780023	0.619273
1 rounds of non-Gaussian ED iteration : ground-state energy is -65.9492 | electron energy -66.0885 + phonon energy 0.139372 | electron momentum kIdx = 0
Nq = 	16	0.189822	0.260231	0.189822	0.189822	0.260231	0.355528	0.260231	0.260231	0.355528	0.420153	0.355528	0.189822	0.260231	0.355528	0.260231
Sq = 	3.04493e-18	0.42493	0.618958	0.42493	0.42493	0.618958	0.77782	0.618958	0.618958	0.77782	3.31231	0.77782	0.42493	0.618958	0.77782	0.618958
2 rounds of non-Gaussian ED iteration : ground-state energy is -67.1552 | electron energy -67.3374 + phonon energy 0.182274 | electron momentum kIdx = 0
Nq = 	16	0.192343	0.262195	0.192343	0.192343	0.262195	0.358111	0.262195	0.262195	0.358111	0.422743	0.358111	0.192343	0.262195	0.358111	0.262195
Sq = 	1.03059e-17	0.424714	0.618545	0.424714	0.424714	0.618545	0.775909	0.618545	0.618545	0.775909	3.28851	0.775909	0.424714	0.618545	0.775909	0.618545
3 rounds of non-Gaussian ED iteration : ground-state energy is -67.6962 | electron energy -67.9022 + phonon energy 0.205968 | electron momentum kIdx = 0
Nq = 	16	0.194181	0.263637	0.194181	0.194181	0.263637	0.3602	0.263637	0.263637	0.3602	0.424878	0.3602	0.194181	0.263637	0.3602	0.263637
Sq = 	-4.04271e-19	0.42452	0.618193	0.42452	0.42452	0.618193	0.774459	0.618193	0.618193	0.774459	3.2707	0.774459	0.42452	0.618193	0.774459	0.618193
4 rounds of non-Gaussian ED iteration : ground-state energy is -67.9392 | electron energy -68.159 + phonon energy 0.219776 | electron momentum kIdx = 0
Nq = 	16	0.195481	0.264653	0.195481	0.195481	0.264653	0.361743	0.264653	0.264653	0.361743	0.426444	0.361743	0.195481	0.264653	0.361743	0.264653
Sq = 	-6.83625e-19	0.424369	0.617928	0.424369	0.424369	0.617928	0.773419	0.617928	0.617928	0.773419	3.25802	0.773419	0.424369	0.617928	0.773419	0.617928
5 rounds of non-Gaussian ED iteration : ground-state energy is -68.0485 | electron energy -68.2768 + phonon energy 0.228315 | electron momentum kIdx = 0
Nq = 	16	0.196387	0.265355	0.196387	0.196387	0.265355	0.36284	0.265355	0.265355	0.362841	0.427546	0.362841	0.196387	0.265355	0.36284	0.265355
Sq = 	-5.20308e-18	0.424259	0.617739	0.424259	0.424259	0.617739	0.772693	0.617739	0.617739	0.772693	3.24918	0.772693	0.424259	0.617739	0.772693	0.617739
6 rounds of non-Gaussian ED iteration : ground-state energy is -68.0976 | electron energy -68.3314 + phonon energy 0.233829 | electron momentum kIdx = 0
Nq = 	16	0.197014	0.265835	0.197014	0.197014	0.265835	0.363607	0.265835	0.265835	0.363607	0.428308	0.363607	0.197014	0.265835	0.363607	0.265835
Sq = 	6.00323e-18	0.424181	0.617607	0.424181	0.424181	0.617607	0.772191	0.617607	0.617607	0.772191	3.24307	0.772191	0.424181	0.617607	0.772191	0.617607
7 rounds of non-Gaussian ED iteration : ground-state energy is -68.1196 | electron energy -68.3571 + phonon energy 0.237486 | electron momentum kIdx = 0
Nq = 	16	0.197445	0.266162	0.197445	0.197445	0.266162	0.364139	0.266162	0.266162	0.364139	0.428832	0.364139	0.197445	0.266162	0.364139	0.266162
Sq = 	1.50534e-19	0.424125	0.617515	0.424125	0.424125	0.617515	0.771846	0.617515	0.617515	0.771846	3.23888	0.771846	0.424125	0.617515	0.771846	0.617515
8 rounds of non-Gaussian ED iteration : ground-state energy is -68.1295 | electron energy -68.3695 + phonon energy 0.239948 | electron momentum kIdx = 0
Nq = 	16	0.197741	0.266385	0.197741	0.197741	0.266385	0.364506	0.266385	0.266385	0.364506	0.42919	0.364506	0.197741	0.266385	0.364506	0.266385
Sq = 	-6.10425e-18	0.424087	0.617452	0.424087	0.424087	0.617452	0.771609	0.617452	0.617452	0.771609	3.23601	0.771609	0.424087	0.617452	0.771609	0.617452
9 rounds of non-Gaussian ED iteration : ground-state energy is -68.134 | electron energy -68.3756 + phonon energy 0.24162 | electron momentum kIdx = 0
Nq = 	16	0.197944	0.266537	0.197944	0.197944	0.266537	0.364759	0.266537	0.266537	0.364759	0.429436	0.364759	0.197944	0.266537	0.364759	0.266537
Sq = 	-1.05249e-20	0.42406	0.617409	0.42406	0.42406	0.617409	0.771447	0.617409	0.617409	0.771447	3.23405	0.771447	0.42406	0.617409	0.771447	0.617409
10 rounds of non-Gaussian ED iteration : ground-state energy is -68.136 | electron energy -68.3788 + phonon energy 0.24276 | electron momentum kIdx = 0
Nq = 	16	0.198084	0.266641	0.198084	0.198084	0.266641	0.364933	0.266641	0.266641	0.364933	0.429604	0.364933	0.198084	0.266641	0.364933	0.266641
Sq = 	-3.75074e-18	0.424042	0.617379	0.424042	0.424042	0.617379	0.771337	0.617379	0.617379	0.771337	3.2327	0.771337	0.424042	0.617379	0.771337	0.617379
Ground state is obtained after 11 iterations. The current ground-state energy is -68.1369, in which electron energy is -68.3804 and phonon energy is 0.243538
final variational state is: 
Gamma_x =       1 1.08589 1.12299 1.08589 1.08589 1.12299 1.17184 1.12299 1.12299 1.17184  1.2046 1.17184 1.08589 1.12299 1.17184 1.12299
lambda_q = 0.932028 0.566094 0.483072 0.566094 0.566094 0.483072 0.471581 0.483072 0.483072 0.471581 0.448956 0.471581 0.566094 0.483072 0.471581 0.483072
o___o  -------------------------------------
| L |	Time since last clock: 0h 58m 29.053s
A===A	Time since the beginning: 2h 5m 45.189s
********************************************

************************************************************************************
starting warm-up calculation for scaling factor 2
0 rounds of non-Gaussian ED iteration : ground-state energy is -61.1426 | electron energy -61.2643 + phonon energy 0.121769 | electron momentum kIdx = 0
Nq = 	16	0.139182	0.209286	0.139182	0.139182	0.209286	0.282323	0.209286	0.209286	0.282323	0.342778	0.282323	0.139182	0.209286	0.282323	0.209286
Sq = 	-5.4529e-18	0.428111	0.629139	0.428111	0.428111	0.629139	0.827409	0.629139	0.629139	0.827409	3.91857	0.827409	0.428111	0.629139	0.827409	0.629139
1 rounds of non-Gaussian ED iteration : ground-state energy is -62.8698 | electron energy -63.0514 + phonon energy 0.181535 | electron momentum kIdx = 0
Nq = 	16	0.134661	0.204215	0.134661	0.134661	0.204215	0.275007	0.204215	0.204215	0.275007	0.334637	0.275007	0.134661	0.204215	0.275007	0.204215
Sq = 	-3.01431e-18	0.428089	0.629964	0.428089	0.428089	0.629964	0.832462	0.629964	0.629964	0.832462	3.97941	0.832462	0.428089	0.629964	0.832462	0.629964
2 rounds of non-Gaussian ED iteration : ground-state energy is -63.982 | electron energy -64.188 + phonon energy 0.206079 | electron momentum kIdx = 0
Nq = 	16	0.131487	0.200716	0.131487	0.131487	0.200716	0.27024	0.200716	0.200716	0.27024	0.329542	0.27024	0.131487	0.200716	0.27024	0.200716
Sq = 	3.70326e-18	0.427976	0.630428	0.427976	0.427976	0.630428	0.83592	0.630428	0.630428	0.83592	4.0211	0.83592	0.427976	0.630428	0.83592	0.630428
3 rounds of non-Gaussian ED iteration : ground-state energy is -64.7164 | electron energy -64.9281 + phonon energy 0.211714 | electron momentum kIdx = 0
Nq = 	16	0.129352	0.19839	0.129352	0.129352	0.19839	0.267158	0.19839	0.19839	0.267158	0.3263	0.267158	0.129352	0.19839	0.267158	0.19839
Sq = 	-6.27974e-18	0.427862	0.630698	0.427862	0.427862	0.630698	0.83822	0.630698	0.630698	0.83822	4.0488	0.83822	0.427862	0.630698	0.83822	0.630698
4 rounds of non-Gaussian ED iteration : ground-state energy is -65.2059 | electron energy -65.415 + phonon energy 0.209067 | electron momentum kIdx = 0
Nq = 	16	0.127899	0.196816	0.127899	0.127899	0.196816	0.265095	0.196816	0.196816	0.265095	0.324133	0.265095	0.127899	0.196816	0.265095	0.196816
Sq = 	4.42654e-18	0.42777	0.630869	0.42777	0.42777	0.630869	0.839781	0.630869	0.630869	0.839781	4.06757	0.839781	0.42777	0.630869	0.839781	0.630869
5 rounds of non-Gaussian ED iteration : ground-state energy is -65.5333 | electron energy -65.7368 + phonon energy 0.20349 | electron momentum kIdx = 0
Nq = 	16	0.126882	0.195717	0.126882	0.126882	0.195717	0.263654	0.195717	0.195717	0.263654	0.322608	0.263654	0.126882	0.195717	0.263654	0.195717
Sq = 	2.75958e-19	0.427701	0.630986	0.427701	0.427701	0.630986	0.840877	0.630986	0.630986	0.840877	4.08072	0.840877	0.427701	0.630986	0.840877	0.630986
6 rounds of non-Gaussian ED iteration : ground-state energy is -65.7525 | electron energy -65.9499 + phonon energy 0.197392 | electron momentum kIdx = 0
Nq = 	16	0.126148	0.194921	0.126148	0.126148	0.194921	0.262608	0.194921	0.194921	0.262608	0.32149	0.262608	0.126148	0.194921	0.262608	0.194921
Sq = 	2.85376e-18	0.427649	0.631072	0.427649	0.427649	0.631072	0.841673	0.631072	0.631072	0.841673	4.09024	0.841673	0.427649	0.631072	0.841673	0.631072
7 rounds of non-Gaussian ED iteration : ground-state energy is -65.8994 | electron energy -66.0911 + phonon energy 0.191746 | electron momentum kIdx = 0
Nq = 	16	0.125605	0.19433	0.125605	0.125605	0.19433	0.261825	0.19433	0.19433	0.261825	0.320645	0.261825	0.125605	0.19433	0.261825	0.19433
Sq = 	-1.42578e-18	0.427611	0.631137	0.427611	0.427611	0.631137	0.842267	0.631137	0.631137	0.842267	4.09732	0.842267	0.427611	0.631137	0.842267	0.631137
8 rounds of non-Gaussian ED iteration : ground-state energy is -65.9978 | electron energy -66.1847 + phonon energy 0.186873 | electron momentum kIdx = 0
Nq = 	16	0.125194	0.19388	0.125194	0.125194	0.19388	0.261226	0.19388	0.19388	0.261226	0.319994	0.261226	0.125194	0.19388	0.261226	0.19388
Sq = 	4.47204e-19	0.427582	0.631187	0.427582	0.427582	0.631187	0.84272	0.631187	0.631187	0.84272	4.10271	0.84272	0.427582	0.631187	0.84272	0.631187
9 rounds of non-Gaussian ED iteration : ground-state energy is -66.0638 | electron energy -66.2466 + phonon energy 0.18281 | electron momentum kIdx = 0
Nq = 	16	0.124879	0.193532	0.124879	0.124879	0.193532	0.260761	0.193532	0.193532	0.260761	0.319485	0.260761	0.124879	0.193532	0.260761	0.193532
Sq = 	1.65892e-18	0.42756	0.631227	0.42756	0.42756	0.631227	0.843071	0.631227	0.631227	0.843071	4.10687	0.843071	0.42756	0.631227	0.843071	0.631227
10 rounds of non-Gaussian ED iteration : ground-state energy is -66.108 | electron energy -66.2874 + phonon energy 0.179486 | electron momentum kIdx = 0
Nq = 	16	0.124634	0.193261	0.124634	0.124634	0.193261	0.260397	0.193261	0.193261	0.260397	0.319083	0.260397	0.124634	0.193261	0.260397	0.193261
Sq = 	-2.25568e-18	0.427543	0.631259	0.427543	0.427543	0.631259	0.843345	0.631259	0.631259	0.843345	4.11012	0.843345	0.427543	0.631259	0.843345	0.631259
11 rounds of non-Gaussian ED iteration : ground-state energy is -66.1376 | electron energy -66.3144 + phonon energy 0.176795 | electron momentum kIdx = 0
Nq = 	16	0.124442	0.193048	0.124442	0.124442	0.193048	0.26011	0.193048	0.193048	0.26011	0.318765	0.26011	0.124442	0.193048	0.26011	0.193048
Sq = 	7.00211e-19	0.427529	0.631285	0.427529	0.427529	0.631285	0.84356	0.631285	0.631285	0.84356	4.11267	0.84356	0.427529	0.631285	0.84356	0.631285
12 rounds of non-Gaussian ED iteration : ground-state energy is -66.1574 | electron energy -66.3321 + phonon energy 0.174629 | electron momentum kIdx = 0
Nq = 	16	0.124291	0.192879	0.124291	0.124291	0.192879	0.259882	0.192879	0.192879	0.259882	0.318511	0.259882	0.124291	0.192879	0.259882	0.192879
Sq = 	-1.49134e-18	0.427519	0.631305	0.427519	0.427519	0.631305	0.843731	0.631305	0.631305	0.843731	4.11469	0.843731	0.427519	0.631305	0.843731	0.631305
13 rounds of non-Gaussian ED iteration : ground-state energy is -66.1707 | electron energy -66.3436 + phonon energy 0.172892 | electron momentum kIdx = 0
Nq = 	16	0.124172	0.192745	0.124172	0.124172	0.192745	0.259702	0.192745	0.192745	0.259702	0.318309	0.259702	0.124172	0.192745	0.259702	0.192745
Sq = 	3.4095e-19	0.427511	0.631321	0.427511	0.427511	0.631321	0.843866	0.631321	0.631321	0.843866	4.11629	0.843866	0.427511	0.631321	0.843866	0.631321
14 rounds of non-Gaussian ED iteration : ground-state energy is -66.1797 | electron energy -66.3512 + phonon energy 0.171502 | electron momentum kIdx = 0
Nq = 	16	0.124077	0.192639	0.124077	0.124077	0.192639	0.259558	0.192639	0.192639	0.259558	0.318148	0.259558	0.124077	0.192639	0.259558	0.192639
Sq = 	5.20656e-20	0.427504	0.631334	0.427504	0.427504	0.631334	0.843973	0.631334	0.631334	0.843973	4.11756	0.843973	0.427504	0.631334	0.843973	0.631334
15 rounds of non-Gaussian ED iteration : ground-state energy is -66.1856 | electron energy -66.356 + phonon energy 0.17039 | electron momentum kIdx = 0
Nq = 	16	0.124002	0.192555	0.124002	0.124002	0.192555	0.259444	0.192555	0.192555	0.259444	0.318019	0.259444	0.124002	0.192555	0.259444	0.192555
Sq = 	-1.72626e-18	0.427499	0.631345	0.427499	0.427499	0.631345	0.844059	0.631345	0.631345	0.844059	4.11857	0.844059	0.427499	0.631345	0.844059	0.631345
16 rounds of non-Gaussian ED iteration : ground-state energy is -66.1896 | electron energy -66.3591 + phonon energy 0.169502 | electron momentum kIdx = 0
Nq = 	16	0.123943	0.192488	0.123943	0.123943	0.192488	0.259352	0.192488	0.192488	0.259352	0.317916	0.259352	0.123943	0.192488	0.259352	0.192488
Sq = 	-8.75772e-19	0.427495	0.631353	0.427495	0.427495	0.631353	0.844127	0.631353	0.631353	0.844127	4.11937	0.844127	0.427495	0.631353	0.844127	0.631353
17 rounds of non-Gaussian ED iteration : ground-state energy is -66.1923 | electron energy -66.3611 + phonon energy 0.168793 | electron momentum kIdx = 0
Nq = 	16	0.123895	0.192434	0.123895	0.123895	0.192434	0.25928	0.192434	0.192434	0.25928	0.317834	0.25928	0.123895	0.192434	0.25928	0.192434
Sq = 	-1.27731e-18	0.427492	0.63136	0.427492	0.427492	0.63136	0.844181	0.63136	0.63136	0.844181	4.12001	0.844181	0.427492	0.63136	0.844181	0.63136
18 rounds of non-Gaussian ED iteration : ground-state energy is -66.1941 | electron energy -66.3624 + phonon energy 0.168227 | electron momentum kIdx = 0
Nq = 	16	0.123857	0.192391	0.123857	0.123857	0.192391	0.259222	0.192391	0.192391	0.259222	0.317768	0.259222	0.123857	0.192391	0.259222	0.192391
Sq = 	7.16683e-19	0.427489	0.631365	0.427489	0.427489	0.631365	0.844225	0.631365	0.631365	0.844225	4.12052	0.844225	0.427489	0.631365	0.844225	0.631365
19 rounds of non-Gaussian ED iteration : ground-state energy is -66.1953 | electron energy -66.3631 + phonon energy 0.167775 | electron momentum kIdx = 0
Nq = 	16	0.123827	0.192357	0.123827	0.123827	0.192357	0.259175	0.192357	0.192357	0.259175	0.317716	0.259175	0.123827	0.192357	0.259175	0.192357
Sq = 	1.63485e-18	0.427487	0.63137	0.427487	0.427487	0.63137	0.844259	0.63137	0.63137	0.844259	4.12093	0.844259	0.427487	0.63137	0.844259	0.63137
Ground state is obtained after 20 iterations. The current ground-state energy is -66.1961, in which electron energy is -66.3636 and phonon energy is 0.167414
final variational state is: 
Gamma_x =       1 1.10203 1.14936 1.10203 1.10203 1.14936  1.1997 1.14936 1.14936  1.1997 1.24335  1.1997 1.10203 1.14936  1.1997 1.14936
lambda_q =   1.3157 0.446892 0.386773 0.446892 0.446892 0.386773 0.369379 0.386773 0.386773 0.369379 0.356652 0.369379 0.446892 0.386773 0.369379 0.386773
o___o  -------------------------------------
| L |	Time since last clock: 1h 43m 21.434s
A===A	Time since the beginning: 3h 49m 6.623s
********************************************

************************************************************************************
Warm up completed
o___o  -------------------------------------
| L |	Time since last clock: 0h 0m 0.027s
A===A	Time since the beginning: 3h 49m 6.651s
********************************************

************************************************************************************
0 rounds of non-Gaussian ED iteration : ground-state energy is -60.1286 | electron energy -60.2123 + phonon energy 0.083707 | electron momentum kIdx = 0
Nq = 	16	0.0963308	0.157848	0.0963308	0.0963308	0.157848	0.214266	0.157848	0.157848	0.214266	0.265912	0.214266	0.0963308	0.157848	0.214266	0.157848
Sq = 	7.49879e-20	0.423761	0.635432	0.423761	0.423761	0.635432	0.880152	0.635432	0.635432	0.880152	4.51637	0.880152	0.423761	0.635432	0.880152	0.635432
1 rounds of non-Gaussian ED iteration : ground-state energy is -61.1578 | electron energy -61.2599 + phonon energy 0.102116 | electron momentum kIdx = 0
Nq = 	16	0.0929506	0.153356	0.0929506	0.0929506	0.153356	0.208417	0.153356	0.153356	0.208417	0.25904	0.208417	0.0929506	0.153356	0.208417	0.153356
Sq = 	5.74836e-19	0.42304	0.635951	0.42304	0.42304	0.635951	0.885137	0.635951	0.635951	0.885137	4.56694	0.885137	0.42304	0.635951	0.885137	0.635951
2 rounds of non-Gaussian ED iteration : ground-state energy is -61.9278 | electron energy -62.0346 + phonon energy 0.10679 | electron momentum kIdx = 0
Nq = 	16	0.0907215	0.150404	0.0907215	0.0907215	0.150404	0.204662	0.150404	0.150404	0.204662	0.254714	0.204662	0.0907215	0.150404	0.204662	0.150404
Sq = 	5.33556e-19	0.422502	0.636257	0.422502	0.422502	0.636257	0.888459	0.636257	0.636257	0.888459	4.59994	0.888459	0.422502	0.636257	0.888459	0.636257
3 rounds of non-Gaussian ED iteration : ground-state energy is -62.5386 | electron energy -62.6437 + phonon energy 0.105086 | electron momentum kIdx = 0
Nq = 	16	0.0893612	0.148609	0.0893612	0.0893612	0.148609	0.202404	0.148609	0.148609	0.202404	0.252134	0.202404	0.0893612	0.148609	0.202404	0.148609
Sq = 	1.58764e-19	0.422151	0.636432	0.422151	0.422151	0.636432	0.890502	0.636432	0.636432	0.890502	4.61995	0.890502	0.422151	0.636432	0.890502	0.636432
4 rounds of non-Gaussian ED iteration : ground-state energy is -63.0334 | electron energy -63.1343 + phonon energy 0.100915 | electron momentum kIdx = 0
Nq = 	16	0.0885324	0.147519	0.0885324	0.0885324	0.147519	0.201038	0.147519	0.147519	0.201038	0.250573	0.201038	0.0885324	0.147519	0.201038	0.147519
Sq = 	1.04427e-19	0.42193	0.636535	0.42193	0.42193	0.636535	0.891753	0.636535	0.636535	0.891753	4.63209	0.891753	0.42193	0.636535	0.891753	0.636535
5 rounds of non-Gaussian ED iteration : ground-state energy is -63.4369 | electron energy -63.533 + phonon energy 0.0961023 | electron momentum kIdx = 0
Nq = 	16	0.0880105	0.146832	0.0880105	0.0880105	0.146832	0.200176	0.146832	0.146832	0.200176	0.249584	0.200176	0.0880105	0.146832	0.200176	0.146832
Sq = 	1.77229e-18	0.421788	0.6366	0.421788	0.421788	0.6366	0.892545	0.6366	0.6366	0.892545	4.63974	0.892545	0.421788	0.6366	0.892545	0.6366
6 rounds of non-Gaussian ED iteration : ground-state energy is -63.7669 | electron energy -63.8583 + phonon energy 0.0914352 | electron momentum kIdx = 0
Nq = 	16	0.0876647	0.146376	0.0876647	0.0876647	0.146376	0.199599	0.146376	0.146376	0.199599	0.248917	0.199599	0.0876647	0.146376	0.199599	0.146376
Sq = 	7.86678e-19	0.421695	0.636645	0.421695	0.421695	0.636645	0.893074	0.636645	0.636645	0.893074	4.64483	0.893074	0.421695	0.636645	0.893074	0.636645
7 rounds of non-Gaussian ED iteration : ground-state energy is -64.0368 | electron energy -64.124 + phonon energy 0.0872116 | electron momentum kIdx = 0
Nq = 	16	0.0874225	0.146054	0.0874225	0.0874225	0.146054	0.199189	0.146054	0.146054	0.199189	0.248438	0.199189	0.0874225	0.146054	0.199189	0.146054
Sq = 	2.5278e-18	0.421629	0.636678	0.421629	0.421629	0.636679	0.893447	0.636678	0.636679	0.893447	4.64841	0.893447	0.421629	0.636678	0.893447	0.636679
8 rounds of non-Gaussian ED iteration : ground-state energy is -64.2577 | electron energy -64.3413 + phonon energy 0.0835111 | electron momentum kIdx = 0
Nq = 	16	0.0872434	0.145815	0.0872434	0.0872434	0.145815	0.198882	0.145815	0.145815	0.198882	0.248076	0.198882	0.0872434	0.145815	0.198882	0.145815
Sq = 	1.93305e-18	0.421582	0.636704	0.421582	0.421582	0.636704	0.893725	0.636704	0.636704	0.893725	4.65108	0.893725	0.421582	0.636704	0.893725	0.636704
9 rounds of non-Gaussian ED iteration : ground-state energy is -64.4386 | electron energy -64.5189 + phonon energy 0.0803201 | electron momentum kIdx = 0
Nq = 	16	0.087105	0.145628	0.087105	0.087105	0.145628	0.19864	0.145628	0.145628	0.19864	0.24779	0.19864	0.087105	0.145628	0.19864	0.145628
Sq = 	-1.0554e-18	0.421545	0.636725	0.421545	0.421545	0.636725	0.893941	0.636725	0.636725	0.893941	4.65316	0.893941	0.421545	0.636725	0.893941	0.636725
10 rounds of non-Gaussian ED iteration : ground-state energy is -64.5866 | electron energy -64.6642 + phonon energy 0.0775902 | electron momentum kIdx = 0
Nq = 	16	0.0869944	0.145478	0.0869944	0.0869944	0.145478	0.198445	0.145478	0.145478	0.198445	0.247557	0.198445	0.0869944	0.145478	0.198445	0.145478
Sq = 	-5.25629e-19	0.421517	0.636743	0.421517	0.421517	0.636743	0.894115	0.636743	0.636743	0.894115	4.65483	0.894115	0.421517	0.636743	0.894115	0.636743
11 rounds of non-Gaussian ED iteration : ground-state energy is -64.7077 | electron energy -64.783 + phonon energy 0.0752631 | electron momentum kIdx = 0
Nq = 	16	0.0869039	0.145355	0.0869039	0.0869039	0.145355	0.198284	0.145355	0.145355	0.198284	0.247364	0.198284	0.0869039	0.145355	0.198284	0.145355
Sq = 	-1.80559e-19	0.421493	0.636758	0.421493	0.421493	0.636758	0.894258	0.636758	0.636758	0.894258	4.6562	0.894258	0.421493	0.636758	0.894258	0.636758
12 rounds of non-Gaussian ED iteration : ground-state energy is -64.8069 | electron energy -64.8802 + phonon energy 0.0732824 | electron momentum kIdx = 0
Nq = 	16	0.0868286	0.145252	0.0868286	0.0868286	0.145252	0.198149	0.145252	0.145252	0.198149	0.247202	0.198149	0.0868286	0.145252	0.198149	0.145252
Sq = 	1.06709e-20	0.421474	0.63677	0.421474	0.421474	0.63677	0.894378	0.63677	0.63677	0.894378	4.65735	0.894378	0.421474	0.63677	0.894378	0.63677
13 rounds of non-Gaussian ED iteration : ground-state energy is -64.8881 | electron energy -64.9597 + phonon energy 0.0715967 | electron momentum kIdx = 0
Nq = 	16	0.0867653	0.145165	0.0867653	0.0867653	0.145165	0.198035	0.145165	0.145165	0.198035	0.247065	0.198035	0.0867653	0.145165	0.198035	0.145165
Sq = 	2.60983e-20	0.421458	0.636781	0.421458	0.421458	0.636781	0.894479	0.636781	0.636781	0.894479	4.65831	0.894479	0.421458	0.636781	0.894479	0.636781
14 rounds of non-Gaussian ED iteration : ground-state energy is -64.9546 | electron energy -65.0247 + phonon energy 0.0701616 | electron momentum kIdx = 0
Nq = 	16	0.0867117	0.145092	0.0867117	0.0867117	0.145092	0.197938	0.145092	0.145092	0.197938	0.246948	0.197938	0.0867117	0.145092	0.197938	0.145092
Sq = 	1.51072e-19	0.421444	0.63679	0.421444	0.421444	0.63679	0.894564	0.63679	0.63679	0.894564	4.65913	0.894564	0.421444	0.63679	0.894564	0.63679
15 rounds of non-Gaussian ED iteration : ground-state energy is -65.009 | electron energy -65.0779 + phonon energy 0.068939 | electron momentum kIdx = 0
Nq = 	16	0.0866662	0.145029	0.0866662	0.0866662	0.145029	0.197855	0.145029	0.145029	0.197855	0.246848	0.197855	0.0866662	0.145029	0.197855	0.145029
Sq = 	3.39054e-19	0.421432	0.636798	0.421432	0.421432	0.636798	0.894637	0.636798	0.636798	0.894637	4.65983	0.894637	0.421432	0.636798	0.894637	0.636798
16 rounds of non-Gaussian ED iteration : ground-state energy is -65.0535 | electron energy -65.1214 + phonon energy 0.0678966 | electron momentum kIdx = 0
Nq = 	16	0.0866274	0.144975	0.0866274	0.0866274	0.144975	0.197785	0.144975	0.144975	0.197785	0.246762	0.197785	0.0866274	0.144975	0.197785	0.144975
Sq = 	5.35155e-19	0.421422	0.636804	0.421422	0.421422	0.636804	0.894699	0.636804	0.636804	0.894699	4.66042	0.894699	0.421422	0.636804	0.894699	0.636804
17 rounds of non-Gaussian ED iteration : ground-state energy is -65.09 | electron energy -65.157 + phonon energy 0.0670071 | electron momentum kIdx = 0
Nq = 	16	0.0865942	0.14493	0.0865942	0.0865942	0.14493	0.197724	0.14493	0.14493	0.197724	0.246689	0.197724	0.0865942	0.14493	0.197724	0.14493
Sq = 	-8.2746e-19	0.421414	0.63681	0.421414	0.421414	0.63681	0.894752	0.63681	0.63681	0.894752	4.66093	0.894752	0.421414	0.63681	0.894752	0.63681
18 rounds of non-Gaussian ED iteration : ground-state energy is -65.1198 | electron energy -65.1861 + phonon energy 0.0662475 | electron momentum kIdx = 0
Nq = 	16	0.0865658	0.144891	0.0865658	0.0865658	0.144891	0.197673	0.144891	0.144891	0.197673	0.246626	0.197673	0.0865658	0.144891	0.197673	0.144891
Sq = 	-1.13156e-18	0.421407	0.636815	0.421407	0.421407	0.636815	0.894798	0.636815	0.636815	0.894798	4.66137	0.894798	0.421407	0.636815	0.894798	0.636815
19 rounds of non-Gaussian ED iteration : ground-state energy is -65.1443 | electron energy -65.2099 + phonon energy 0.0655984 | electron momentum kIdx = 0
Nq = 	16	0.0865416	0.144857	0.0865416	0.0865416	0.144857	0.197628	0.144857	0.144857	0.197628	0.246572	0.197628	0.0865416	0.144857	0.197628	0.144857
Sq = 	8.24157e-19	0.421401	0.636819	0.421401	0.421401	0.636819	0.894837	0.636819	0.636819	0.894837	4.66174	0.894837	0.421401	0.636819	0.894837	0.636819
20 rounds of non-Gaussian ED iteration : ground-state energy is -65.1643 | electron energy -65.2293 + phonon energy 0.0650433 | electron momentum kIdx = 0
Nq = 	16	0.0865208	0.144828	0.0865208	0.0865208	0.144828	0.19759	0.144828	0.144828	0.19759	0.246526	0.19759	0.0865208	0.144828	0.19759	0.144828
Sq = 	-1.43213e-19	0.421395	0.636823	0.421395	0.421395	0.636823	0.89487	0.636823	0.636823	0.89487	4.66206	0.89487	0.421395	0.636823	0.89487	0.636823
21 rounds of non-Gaussian ED iteration : ground-state energy is -65.1807 | electron energy -65.2452 + phonon energy 0.0645684 | electron momentum kIdx = 0
Nq = 	16	0.086503	0.144804	0.086503	0.086503	0.144804	0.197558	0.144804	0.144804	0.197558	0.246486	0.197558	0.086503	0.144804	0.197558	0.144804
Sq = 	8.57473e-19	0.421391	0.636826	0.421391	0.421391	0.636826	0.894899	0.636826	0.636826	0.894899	4.66233	0.894899	0.421391	0.636826	0.894899	0.636826
22 rounds of non-Gaussian ED iteration : ground-state energy is -65.1941 | electron energy -65.2582 + phonon energy 0.0641618 | electron momentum kIdx = 0
Nq = 	16	0.0864877	0.144783	0.0864877	0.0864877	0.144783	0.19753	0.144783	0.144783	0.19753	0.246452	0.19753	0.0864877	0.144783	0.19753	0.144783
Sq = 	3.12305e-19	0.421387	0.636829	0.421387	0.421387	0.636829	0.894923	0.636829	0.636829	0.894923	4.66257	0.894923	0.421387	0.636829	0.894923	0.636829
23 rounds of non-Gaussian ED iteration : ground-state energy is -65.2051 | electron energy -65.2689 + phonon energy 0.0638136 | electron momentum kIdx = 0
Nq = 	16	0.0864747	0.144765	0.0864747	0.0864747	0.144765	0.197506	0.144765	0.144765	0.197506	0.246423	0.197506	0.0864747	0.144765	0.197506	0.144765
Sq = 	-9.94942e-19	0.421384	0.636831	0.421384	0.421384	0.636831	0.894944	0.636831	0.636831	0.894944	4.66277	0.894944	0.421384	0.636831	0.894944	0.636831
24 rounds of non-Gaussian ED iteration : ground-state energy is -65.214 | electron energy -65.2776 + phonon energy 0.0635152 | electron momentum kIdx = 0
Nq = 	16	0.0864635	0.144749	0.0864635	0.0864635	0.144749	0.197485	0.144749	0.144749	0.197485	0.246397	0.197485	0.0864635	0.144749	0.197485	0.144749
Sq = 	-1.43862e-18	0.421381	0.636833	0.421381	0.421381	0.636833	0.894962	0.636833	0.636833	0.894962	4.66294	0.894962	0.421381	0.636833	0.894962	0.636833
25 rounds of non-Gaussian ED iteration : ground-state energy is -65.2214 | electron energy -65.2847 + phonon energy 0.0632595 | electron momentum kIdx = 0
Nq = 	16	0.0864539	0.144736	0.0864539	0.0864539	0.144736	0.197467	0.144736	0.144736	0.197467	0.246376	0.197467	0.0864539	0.144736	0.197467	0.144736
Sq = 	-8.51352e-19	0.421379	0.636835	0.421379	0.421379	0.636835	0.894978	0.636835	0.636835	0.894978	4.66309	0.894978	0.421379	0.636835	0.894978	0.636835
26 rounds of non-Gaussian ED iteration : ground-state energy is -65.2274 | electron energy -65.2905 + phonon energy 0.0630403 | electron momentum kIdx = 0
Nq = 	16	0.0864456	0.144724	0.0864456	0.0864456	0.144724	0.197452	0.144724	0.144724	0.197452	0.246357	0.197452	0.0864456	0.144724	0.197452	0.144724
Sq = 	-6.30042e-19	0.421376	0.636837	0.421376	0.421376	0.636837	0.894991	0.636837	0.636837	0.894991	4.66322	0.894991	0.421376	0.636837	0.894991	0.636837
27 rounds of non-Gaussian ED iteration : ground-state energy is -65.2324 | electron energy -65.2952 + phonon energy 0.0628523 | electron momentum kIdx = 0
Nq = 	16	0.0864386	0.144715	0.0864386	0.0864386	0.144715	0.197439	0.144715	0.144715	0.197439	0.246341	0.197439	0.0864386	0.144715	0.197439	0.144715
Sq = 	-3.49091e-20	0.421375	0.636838	0.421375	0.421375	0.636838	0.895002	0.636838	0.636838	0.895002	4.66333	0.895002	0.421375	0.636838	0.895002	0.636838
28 rounds of non-Gaussian ED iteration : ground-state energy is -65.2364 | electron energy -65.2991 + phonon energy 0.062691 | electron momentum kIdx = 0
Nq = 	16	0.0864325	0.144706	0.0864325	0.0864325	0.144706	0.197428	0.144706	0.144706	0.197428	0.246327	0.197428	0.0864325	0.144706	0.197428	0.144706
Sq = 	6.55419e-19	0.421373	0.636839	0.421373	0.421373	0.636839	0.895012	0.636839	0.636839	0.895012	4.66342	0.895012	0.421373	0.636839	0.895012	0.636839
29 rounds of non-Gaussian ED iteration : ground-state energy is -65.2397 | electron energy -65.3023 + phonon energy 0.0625527 | electron momentum kIdx = 0
Nq = 	16	0.0864273	0.144699	0.0864273	0.0864273	0.144699	0.197418	0.144699	0.144699	0.197418	0.246315	0.197418	0.0864273	0.144699	0.197418	0.144699
Sq = 	-1.12195e-18	0.421372	0.63684	0.421372	0.421372	0.63684	0.89502	0.63684	0.63684	0.89502	4.6635	0.89502	0.421372	0.63684	0.89502	0.63684
30 rounds of non-Gaussian ED iteration : ground-state energy is -65.2424 | electron energy -65.3048 + phonon energy 0.062434 | electron momentum kIdx = 0
Nq = 	16	0.0864229	0.144693	0.0864229	0.0864229	0.144693	0.19741	0.144693	0.144693	0.19741	0.246305	0.19741	0.0864229	0.144693	0.19741	0.144693
Sq = 	1.19964e-18	0.421371	0.636841	0.421371	0.421371	0.636841	0.895028	0.636841	0.636841	0.895028	4.66357	0.895028	0.421371	0.636841	0.895028	0.636841
31 rounds of non-Gaussian ED iteration : ground-state energy is -65.2446 | electron energy -65.307 + phonon energy 0.0623321 | electron momentum kIdx = 0
Nq = 	16	0.086419	0.144687	0.086419	0.086419	0.144687	0.197403	0.144687	0.144687	0.197403	0.246297	0.197403	0.086419	0.144687	0.197403	0.144687
Sq = 	-1.6859e-18	0.42137	0.636841	0.42137	0.42137	0.636841	0.895034	0.636841	0.636841	0.895034	4.66363	0.895034	0.42137	0.636841	0.895034	0.636841
32 rounds of non-Gaussian ED iteration : ground-state energy is -65.2464 | electron energy -65.3087 + phonon energy 0.0622446 | electron momentum kIdx = 0
Nq = 	16	0.0864158	0.144683	0.0864158	0.0864158	0.144683	0.197397	0.144683	0.144683	0.197397	0.246289	0.197397	0.0864158	0.144683	0.197397	0.144683
Sq = 	-1.26464e-18	0.421369	0.636842	0.421369	0.421369	0.636842	0.895039	0.636842	0.636842	0.895039	4.66368	0.895039	0.421369	0.636842	0.895039	0.636842
33 rounds of non-Gaussian ED iteration : ground-state energy is -65.2479 | electron energy -65.3101 + phonon energy 0.0621696 | electron momentum kIdx = 0
Nq = 	16	0.0864129	0.144679	0.0864129	0.0864129	0.144679	0.197392	0.144679	0.144679	0.197392	0.246283	0.197392	0.0864129	0.144679	0.197392	0.144679
Sq = 	1.15892e-18	0.421368	0.636843	0.421368	0.421368	0.636843	0.895044	0.636843	0.636843	0.895044	4.66372	0.895044	0.421368	0.636843	0.895044	0.636843
34 rounds of non-Gaussian ED iteration : ground-state energy is -65.2491 | electron energy -65.3112 + phonon energy 0.0621051 | electron momentum kIdx = 0
