SNEDics v3.4 Non-Gaussian ED ground state program		Start at Tue Oct  1 22:58:56 2019

parallized on 16 MPI threads  * 8 OpenMP threads = 128 total threads.
********************************************************************************************************************
********************************************************************************************************************

********************************************************************************************************************
System parameters and configurations
********************************************************************************************************************
Special program options are enabled: splitted diagonal Hamiltonian
********************************************************************************************************************
Read input file "model_params.in"
	Hubbard-Holstein model parameters : 	t = 1    U = 4.3    g = 3.937    W = 5    
********************************************************************************************************************
Read input file "hilbertspace_params.in"
	Requested 16-site 2D lattice, with 16 electrons (8, 8)
	Boundary : Periodic		Hilbert space representation : momentum-space (restricted to kIdx = 10)
	Conservation: particle number[U(1)]      spin[U(1)]     momentum
********************************************************************************************************************

Cluster Positions:				Cluster symmetry group : D4
 x ... x ... x ... x .....                       x ... x ... x ... x .....
 |           |           :                       |           |           :
 |           |           :                       |           |           :
12    13    14    15     x                       1     5     6     5     x
 |           |           :                       |           |           :
 |           |           :                       |           |           :
 8 --- 9 ---10 ---11 --- x                       2 --- 6 ---10 --- 6 --- x
 |           |           :                       |           |           :
 |           |           :                       |           |           :
 4     5     6     7     x                       1     5     6     5     x
 |           |           :                       |           |           :
 |           |           :                       |           |           :
 0 --- 1 --- 2 --- 3 --- x                       0 --- 1 --- 2 --- 1 --- x
orbital number : 1
********************************************************************************************************************
Read input file "obs_params.in"
	Observable Type : Nq(All),   Sq(All),   N(All),   Delta[s](All),   Delta[d](All),   Delta[s+](All)
********************************************************************************************************************
** WARNING ** the input observables have non-local factors which have been reinterpreted. The total observable number is 96
********************************************************************************************************************


********************************************************************************************************************
Start calculating the non-Gaussian ED ground state
** WARNING ** Detected low phonon energy W < 10. The initial state will be prepared through a warm-up process.
********************************************************************************************************************
Start warm-up calculation for scaling factor 2
open output files: NGSEDWarmUpW10Obs.txt
********************************************************************************************************************
Start the 0 rounds of NGS-ED iteration
	effective electronic model is modified as: kinetic energy t = 1
	                                           effective interaction Vq = [-0,-0,-0,-0,-0,-0,-0,-0,-0,-0,-0,-0,-0,-0,-0,-0]
	first Hamiltonian is constructed, non-zero numbers = 2845334624
	PARPACK diagonalization completed after 90 matrix-vector product operations.
	iteration results: : total energy is -12.927592 | electron energy -12.927592 + phonon energy 0.000000 | electron momentum kIdx = 10
	Nq(0) = 16,	Nq(1) = 0.153475,	Nq(2) = 0.224705,	Nq(3) = 0.153475,	Nq(4) = 0.153475,	Nq(5) = 0.224705,	Nq(6) = 0.306027,	Nq(7) = 0.224705,	Nq(8) = 0.224705,	Nq(9) = 0.306027,	Nq(10) = 0.368685,	Nq(11) = 0.306027,	Nq(12) = 0.153475,	Nq(13) = 0.224705,	Nq(14) = 0.306027,	Nq(15) = 0.224705,	Sq(0) = 3.19674e-20,	Sq(1) = 0.307803,	Sq(2) = 0.417848,	Sq(3) = 0.307803,	Sq(4) = 0.307803,	Sq(5) = 0.417848,	Sq(6) = 0.627635,	Sq(7) = 0.417848,	Sq(8) = 0.417848,	Sq(9) = 0.627635,	Sq(10) = 6.19624,	Sq(11) = 0.627635,	Sq(12) = 0.307803,	Sq(13) = 0.417848,	Sq(14) = 0.627635,	Sq(15) = 0.417848,	N(0) = 1.92182,	N(1) = 1.82476,	N(2) = 1,	N(3) = 1.82476,	N(4) = 1.82476,	N(5) = 1,	N(6) = 0.175243,	N(7) = 1,	N(8) = 1,	N(9) = 0.175243,	N(10) = 0.0781793,	N(11) = 0.175243,	N(12) = 1.82476,	N(13) = 1,	N(14) = 0.175243,	N(15) = 1,	Delta[s](0) = 0.164521,	Delta[s](1) = 0.141617,	Delta[s](2) = 0.112017,	Delta[s](3) = 0.141617,	Delta[s](4) = 0.141617,	Delta[s](5) = 0.112017,	Delta[s](6) = 0.0859895,	Delta[s](7) = 0.112017,	Delta[s](8) = 0.112017,	Delta[s](9) = 0.0859895,	Delta[s](10) = 0.0304093,	Delta[s](11) = 0.0859895,	Delta[s](12) = 0.141617,	Delta[s](13) = 0.112017,	Delta[s](14) = 0.0859895,	Delta[s](15) = 0.112017,	Delta[d](0) = 0.518661,	Delta[d](1) = 0.392989,	Delta[d](2) = 0.332377,	Delta[d](3) = 0.392989,	Delta[d](4) = 0.392989,	Delta[d](5) = 0.378029,	Delta[d](6) = 0.308738,	Delta[d](7) = 0.378029,	Delta[d](8) = 0.332377,	Delta[d](9) = 0.308738,	Delta[d](10) = 0.250464,	Delta[d](11) = 0.308738,	Delta[d](12) = 0.392989,	Delta[d](13) = 0.378029,	Delta[d](14) = 0.308738,	Delta[d](15) = 0.378029,	Delta[s+](0) = 0.587581,	Delta[s+](1) = 0.483093,	Delta[s+](2) = 0.332377,	Delta[s+](3) = 0.483093,	Delta[s+](4) = 0.483093,	Delta[s+](5) = 0.332377,	Delta[s+](6) = 0.186496,	Delta[s+](7) = 0.332377,	Delta[s+](8) = 0.332377,	Delta[s+](9) = 0.186496,	Delta[s+](10) = 0.0714625,	Delta[s+](11) = 0.186496,	Delta[s+](12) = 0.483093,	Delta[s+](13) = 0.332377,	Delta[s+](14) = 0.186496,	Delta[s+](15) = 0.332377
The 0-th iteration is completed.	|| time cost : 0h 8m 27.237s
********************************************************************************************************************
Start the 1 rounds of NGS-ED iteration
	effective electronic model is modified as: kinetic energy t = 0.923805
	                                           effective interaction Vq = [-2.68046,-2.44316,-2.35988,-2.44316,-2.44316,-2.35988,-2.33029,-2.35988,-2.35988,-2.33029,-2.29604,-2.33029,-2.44316,-2.35988,-2.33029,-2.35988]
	PARPACK diagonalization completed after 45 matrix-vector product operations.
	iteration results: : total energy is -66.860249 | electron energy -66.865746 + phonon energy 0.005497 | electron momentum kIdx = 10
The 1-th iteration is completed.	|| time cost : 0h 7m 30.86s
********************************************************************************************************************
Start the 2 rounds of NGS-ED iteration
	effective electronic model is modified as: kinetic energy t = 0.856916
	                                           effective interaction Vq = [-3.04322,-2.92391,-2.89112,-2.92391,-2.92391,-2.89112,-2.82205,-2.89112,-2.89112,-2.82205,-2.74882,-2.82205,-2.92391,-2.89112,-2.82205,-2.89112]
	PARPACK diagonalization completed after 135 matrix-vector product operations.
	iteration results: : total energy is -76.082585 | electron energy -76.130191 + phonon energy 0.047606 | electron momentum kIdx = 10
The 2-th iteration is completed.	|| time cost : 0h 1m 0.193s
********************************************************************************************************************
Start the 3 rounds of NGS-ED iteration
	effective electronic model is modified as: kinetic energy t = 0.827113
	                                           effective interaction Vq = [-3.09231,-3.01566,-3.01252,-3.01566,-3.01566,-3.01252,-2.93241,-3.01252,-3.01252,-2.93241,-2.95377,-2.93241,-3.01566,-3.01252,-2.93241,-3.01252]
	PARPACK diagonalization completed after 45 matrix-vector product operations.
	iteration results: : total energy is -77.444400 | electron energy -77.530873 + phonon energy 0.086473 | electron momentum kIdx = 10
The 3-th iteration is completed.	|| time cost : 0h 0m 32.335s
********************************************************************************************************************
Start the 4 rounds of NGS-ED iteration
	effective electronic model is modified as: kinetic energy t = 0.817308
	                                           effective interaction Vq = [-3.09895,-3.03935,-3.02034,-3.03935,-3.03935,-3.02034, -2.9654,-3.02034,-3.02034, -2.9654,-3.05672, -2.9654,-3.03935,-3.02034, -2.9654,-3.02034]
	PARPACK diagonalization completed after 45 matrix-vector product operations.
	iteration results: : total energy is -77.860133 | electron energy -77.966053 + phonon energy 0.105920 | electron momentum kIdx = 10
The 4-th iteration is completed.	|| time cost : 0h 0m 32.053s
********************************************************************************************************************
Start the 5 rounds of NGS-ED iteration
	effective electronic model is modified as: kinetic energy t = 0.822205
	                                           effective interaction Vq = [-3.09985,-3.03616, -2.9681,-3.03616,-3.03616, -2.9681,-2.96163, -2.9681, -2.9681,-2.96163,-3.08631,-2.96163,-3.03616, -2.9681,-2.96163, -2.9681]
	PARPACK diagonalization completed after 30 matrix-vector product operations.
	iteration results: : total energy is -77.998060 | electron energy -78.107214 + phonon energy 0.109154 | electron momentum kIdx = 10
The 5-th iteration is completed.	|| time cost : 0h 0m 27.482s
********************************************************************************************************************
Start the 6 rounds of NGS-ED iteration
	effective electronic model is modified as: kinetic energy t = 0.825272
	                                           effective interaction Vq = [-3.09997,-3.03015,-2.94064,-3.03015,-3.03015,-2.94064,-2.95392,-2.94064,-2.94064,-2.95392,-3.09292,-2.95392,-3.03015,-2.94064,-2.95392,-2.94064]
	PARPACK diagonalization completed after 30 matrix-vector product operations.
	iteration results: : total energy is -78.019520 | electron energy -78.127611 + phonon energy 0.108091 | electron momentum kIdx = 10
The 6-th iteration is completed.	|| time cost : 0h 0m 27.678s
********************************************************************************************************************
Start the 7 rounds of NGS-ED iteration
	effective electronic model is modified as: kinetic energy t = 0.826714
	                                           effective interaction Vq = [-3.09999,-3.02635,-2.92929,-3.02635,-3.02635,-2.92929,-2.94908,-2.92929,-2.92929,-2.94908,-3.09472,-2.94908,-3.02635,-2.92929,-2.94908,-2.92929]
	PARPACK diagonalization completed after 30 matrix-vector product operations.
	iteration results: : total energy is -78.022615 | electron energy -78.129676 + phonon energy 0.107061 | electron momentum kIdx = 10
The 7-th iteration is completed.	|| time cost : 0h 0m 27.756s
********************************************************************************************************************
Start the 8 rounds of NGS-ED iteration
	effective electronic model is modified as: kinetic energy t = 0.82736
	                                           effective interaction Vq = [-3.09999,-3.02439,-2.92482,-3.02439,-3.02439,-2.92482,-2.94657,-2.92482,-2.92482,-2.94657,-3.09528,-2.94657,-3.02439,-2.92482,-2.94657,-2.92482]
	PARPACK diagonalization completed after 30 matrix-vector product operations.
	iteration results: : total energy is -78.023074 | electron energy -78.129535 + phonon energy 0.106460 | electron momentum kIdx = 10
The 8-th iteration is completed.	|| time cost : 0h 0m 27.413s
********************************************************************************************************************
Start the 9 rounds of NGS-ED iteration
	effective electronic model is modified as: kinetic energy t = 0.827644
	                                           effective interaction Vq = [-3.09999,-3.02345,-2.92306,-3.02345,-3.02345,-2.92306,-2.94537,-2.92306,-2.92306,-2.94537,-3.09547,-2.94537,-3.02345,-2.92306,-2.94537,-2.92306]
	PARPACK diagonalization completed after 30 matrix-vector product operations.
	iteration results: : total energy is -78.023146 | electron energy -78.129300 + phonon energy 0.106154 | electron momentum kIdx = 10
The 9-th iteration is completed.	|| time cost : 0h 0m 27.382s
********************************************************************************************************************
Start the 10 rounds of NGS-ED iteration
	effective electronic model is modified as: kinetic energy t = 0.827767
	                                           effective interaction Vq = [-3.09999,-3.02302,-2.92237,-3.02302,-3.02302,-2.92237,-2.94481,-2.92237,-2.92237,-2.94481,-3.09554,-2.94481,-3.02302,-2.92237,-2.94481,-2.92237]
	PARPACK diagonalization completed after 30 matrix-vector product operations.
	iteration results: : total energy is -78.023158 | electron energy -78.129166 + phonon energy 0.106008 | electron momentum kIdx = 10
	Nq(0) = 16,	Nq(1) = 0.307282,	Nq(2) = 0.359998,	Nq(3) = 0.307282,	Nq(4) = 0.307282,	Nq(5) = 0.359998,	Nq(6) = 0.577021,	Nq(7) = 0.359998,	Nq(8) = 0.359998,	Nq(9) = 0.577021,	Nq(10) = 5.34013,	Nq(11) = 0.577021,	Nq(12) = 0.307282,	Nq(13) = 0.359998,	Nq(14) = 0.577021,	Nq(15) = 0.359998,	Sq(0) = -7.68979e-19,	Sq(1) = 0.232572,	Sq(2) = 0.301014,	Sq(3) = 0.232572,	Sq(4) = 0.232572,	Sq(5) = 0.301014,	Sq(6) = 0.431466,	Sq(7) = 0.301014,	Sq(8) = 0.301014,	Sq(9) = 0.431466,	Sq(10) = 0.500431,	Sq(11) = 0.431466,	Sq(12) = 0.232572,	Sq(13) = 0.301014,	Sq(14) = 0.431466,	Sq(15) = 0.301014,	N(0) = 1.97689,	N(1) = 1.9389,	N(2) = 1,	N(3) = 1.9389,	N(4) = 1.9389,	N(5) = 1,	N(6) = 0.0610996,	N(7) = 1,	N(8) = 1,	N(9) = 0.0610996,	N(10) = 0.0231145,	N(11) = 0.0610996,	N(12) = 1.9389,	N(13) = 1,	N(14) = 0.0610996,	N(15) = 1,	Delta[s](0) = 0.496629,	Delta[s](1) = 0.369047,	Delta[s](2) = 0.35019,	Delta[s](3) = 0.369047,	Delta[s](4) = 0.369047,	Delta[s](5) = 0.35019,	Delta[s](6) = 0.295616,	Delta[s](7) = 0.35019,	Delta[s](8) = 0.35019,	Delta[s](9) = 0.295616,	Delta[s](10) = 0.262246,	Delta[s](11) = 0.295616,	Delta[s](12) = 0.369047,	Delta[s](13) = 0.35019,	Delta[s](14) = 0.295616,	Delta[s](15) = 0.35019,	Delta[d](0) = 0.214272,	Delta[d](1) = 0.203678,	Delta[d](2) = 0.205787,	Delta[d](3) = 0.203678,	Delta[d](4) = 0.203678,	Delta[d](5) = 0.135685,	Delta[d](6) = 0.164185,	Delta[d](7) = 0.135685,	Delta[d](8) = 0.205787,	Delta[d](9) = 0.164185,	Delta[d](10) = 0.0570987,	Delta[d](11) = 0.164185,	Delta[d](12) = 0.203678,	Delta[d](13) = 0.135685,	Delta[d](14) = 0.164185,	Delta[d](15) = 0.135685,	Delta[s+](0) = 0.398145,	Delta[s+](1) = 0.317075,	Delta[s+](2) = 0.205787,	Delta[s+](3) = 0.317075,	Delta[s+](4) = 0.317075,	Delta[s+](5) = 0.205787,	Delta[s+](6) = 0.0919305,	Delta[s+](7) = 0.205787,	Delta[s+](8) = 0.205787,	Delta[s+](9) = 0.0919305,	Delta[s+](10) = 0.0317584,	Delta[s+](11) = 0.0919305,	Delta[s+](12) = 0.317075,	Delta[s+](13) = 0.205787,	Delta[s+](14) = 0.0919305,	Delta[s+](15) = 0.205787
The 10-th iteration is completed.	|| time cost : 0h 4m 51.177s
********************************************************************************************************************
********************************************************************************************************************
Ground state is obtained after 11 iterations. The current ground-state energy is -78.0232, in which electron energy is -78.1292 and phonon energy is 0.106008
final variational state is: 
	Gamma_x = [      1,1.02566,1.04151,1.02566,1.02566,1.04151,1.06414,1.04151,1.04151,1.06414, 1.1275,1.06414,1.02566,1.04151,1.06414,1.04151]
	lambda_q = [0.556767, 0.46893,0.423398, 0.46893, 0.46893,0.423398,  0.4321,0.423398,0.423398,  0.4321,0.535723,  0.4321, 0.46893,0.423398,  0.4321,0.423398]
********************************************************************************************************************
o___o  ----------------------------------------
| L |	Time since last clock: 0h 0m 0s
A===A	Time since the beginning: 0h 25m 11.57s
***********************************************


********************************************************************************************************************
Warm up runs have been completed. Start calculating W = 5 phonon.
open output files: NGSEDIterationObs.txt
********************************************************************************************************************
Start the 0 rounds of NGS-ED iteration
	effective electronic model is modified as: kinetic energy t = 0.827821
	                                           effective interaction Vq = [-2.83403,-2.59288,-2.43751,-2.59288,-2.59288,-2.43751, -2.4688,-2.43751,-2.43751, -2.4688,-2.78329, -2.4688,-2.59288,-2.43751, -2.4688,-2.43751]
	PARPACK diagonalization completed after 30 matrix-vector product operations.
	iteration results: : total energy is -69.585673 | electron energy -69.638643 + phonon energy 0.052971 | electron momentum kIdx = 10
	Nq(0) = 16,	Nq(1) = 0.298366,	Nq(2) = 0.344799,	Nq(3) = 0.298366,	Nq(4) = 0.298366,	Nq(5) = 0.344799,	Nq(6) = 0.540383,	Nq(7) = 0.344799,	Nq(8) = 0.344799,	Nq(9) = 0.540383,	Nq(10) = 5.08847,	Nq(11) = 0.540383,	Nq(12) = 0.298366,	Nq(13) = 0.344799,	Nq(14) = 0.540383,	Nq(15) = 0.344799,	Sq(0) = -3.08919e-18,	Sq(1) = 0.262185,	Sq(2) = 0.325119,	Sq(3) = 0.262185,	Sq(4) = 0.262185,	Sq(5) = 0.325119,	Sq(6) = 0.48399,	Sq(7) = 0.325119,	Sq(8) = 0.325119,	Sq(9) = 0.48399,	Sq(10) = 0.552332,	Sq(11) = 0.48399,	Sq(12) = 0.262185,	Sq(13) = 0.325119,	Sq(14) = 0.48399,	Sq(15) = 0.325119,	N(0) = 1.98719,	N(1) = 1.96046,	N(2) = 1,	N(3) = 1.96046,	N(4) = 1.96046,	N(5) = 1,	N(6) = 0.0395361,	N(7) = 1,	N(8) = 1,	N(9) = 0.0395361,	N(10) = 0.0128133,	N(11) = 0.0395361,	N(12) = 1.96046,	N(13) = 1,	N(14) = 0.0395361,	N(15) = 1,	Delta[s](0) = 0.422884,	Delta[s](1) = 0.347838,	Delta[s](2) = 0.333989,	Delta[s](3) = 0.347838,	Delta[s](4) = 0.347838,	Delta[s](5) = 0.333989,	Delta[s](6) = 0.291242,	Delta[s](7) = 0.333989,	Delta[s](8) = 0.333989,	Delta[s](9) = 0.291242,	Delta[s](10) = 0.272988,	Delta[s](11) = 0.291242,	Delta[s](12) = 0.347838,	Delta[s](13) = 0.333989,	Delta[s](14) = 0.291242,	Delta[s](15) = 0.333989,	Delta[d](0) = 0.221581,	Delta[d](1) = 0.215292,	Delta[d](2) = 0.219892,	Delta[d](3) = 0.215292,	Delta[d](4) = 0.215292,	Delta[d](5) = 0.142134,	Delta[d](6) = 0.174113,	Delta[d](7) = 0.142134,	Delta[d](8) = 0.219892,	Delta[d](9) = 0.174113,	Delta[d](10) = 0.0626255,	Delta[d](11) = 0.174113,	Delta[d](12) = 0.215292,	Delta[d](13) = 0.142134,	Delta[d](14) = 0.174113,	Delta[d](15) = 0.142134,	Delta[s+](0) = 0.434977,	Delta[s+](1) = 0.340149,	Delta[s+](2) = 0.219892,	Delta[s+](3) = 0.340149,	Delta[s+](4) = 0.340149,	Delta[s+](5) = 0.219892,	Delta[s+](6) = 0.0983924,	Delta[s+](7) = 0.219892,	Delta[s+](8) = 0.219892,	Delta[s+](9) = 0.0983924,	Delta[s+](10) = 0.0349008,	Delta[s+](11) = 0.0983924,	Delta[s+](12) = 0.340149,	Delta[s+](13) = 0.219892,	Delta[s+](14) = 0.0983924,	Delta[s+](15) = 0.219892
The 0-th iteration is completed.	|| time cost : 0h 4m 25.625s
********************************************************************************************************************
Start the 1 rounds of NGS-ED iteration
	effective electronic model is modified as: kinetic energy t = 0.804142
	                                           effective interaction Vq = [-3.00215,-2.74398,-2.54872,-2.74398,-2.74398,-2.54872,-2.58726,-2.54872,-2.54872,-2.58726,-2.97295,-2.58726,-2.74398,-2.54872,-2.58726,-2.54872]
	PARPACK diagonalization completed after 30 matrix-vector product operations.
	iteration results: : total energy is -73.319403 | electron energy -73.484386 + phonon energy 0.164984 | electron momentum kIdx = 10
The 1-th iteration is completed.	|| time cost : 0h 0m 27.634s
********************************************************************************************************************
Start the 2 rounds of NGS-ED iteration
	effective electronic model is modified as: kinetic energy t = 0.793346
	                                           effective interaction Vq = [  -3.064,-2.79352,-2.59252,-2.79352,-2.79352,-2.59252,-2.62917,-2.59252,-2.59252,-2.62917,-3.04816,-2.62917,-2.79352,-2.59252,-2.62917,-2.59252]
	PARPACK diagonalization completed after 30 matrix-vector product operations.
	iteration results: : total energy is -74.688718 | electron energy -74.927025 + phonon energy 0.238307 | electron momentum kIdx = 10
The 2-th iteration is completed.	|| time cost : 0h 0m 27.452s
********************************************************************************************************************
Start the 3 rounds of NGS-ED iteration
	effective electronic model is modified as: kinetic energy t = 0.789105
	                                           effective interaction Vq = [-3.08675,-2.80637,-2.60755,-2.80637,-2.80637,-2.60755,-2.64048,-2.60755,-2.60755,-2.64048,-3.07614,-2.64048,-2.80637,-2.60755,-2.64048,-2.60755]
	PARPACK diagonalization completed after 30 matrix-vector product operations.
	iteration results: : total energy is -75.171534 | electron energy -75.447724 + phonon energy 0.276190 | electron momentum kIdx = 10
The 3-th iteration is completed.	|| time cost : 0h 0m 27.745s
********************************************************************************************************************
Start the 4 rounds of NGS-ED iteration
	effective electronic model is modified as: kinetic energy t = 0.787635
	                                           effective interaction Vq = [-3.09512,-2.80754,-2.61183,-2.80754,-2.80754,-2.61183,-2.64156,-2.61183,-2.61183,-2.64156,-3.08677,-2.64156,-2.80754,-2.61183,-2.64156,-2.61183]
	PARPACK diagonalization completed after 30 matrix-vector product operations.
	iteration results: : total energy is -75.339438 | electron energy -75.633883 + phonon energy 0.294445 | electron momentum kIdx = 10
The 4-th iteration is completed.	|| time cost : 0h 0m 27.456s
********************************************************************************************************************
Start the 5 rounds of NGS-ED iteration
	effective electronic model is modified as: kinetic energy t = 0.787251
	                                           effective interaction Vq = [ -3.0982,-2.80556,-2.61235,-2.80556,-2.80556,-2.61235,-2.63976,-2.61235,-2.61235,-2.63976,-3.09109,-2.63976,-2.80556,-2.61235,-2.63976,-2.61235]
	PARPACK diagonalization completed after 30 matrix-vector product operations.
	iteration results: : total energy is -75.398006 | electron energy -75.700918 + phonon energy 0.302912 | electron momentum kIdx = 10
The 5-th iteration is completed.	|| time cost : 0h 0m 27.731s
********************************************************************************************************************
Start the 6 rounds of NGS-ED iteration
	effective electronic model is modified as: kinetic energy t = 0.787265
	                                           effective interaction Vq = [-3.09933,-2.80315,-2.61168,-2.80315,-2.80315,-2.61168, -2.6375,-2.61168,-2.61168, -2.6375,-3.09298, -2.6375,-2.80315,-2.61168, -2.6375,-2.61168]
	PARPACK diagonalization completed after 30 matrix-vector product operations.
	iteration results: : total energy is -75.418642 | electron energy -75.725281 + phonon energy 0.306640 | electron momentum kIdx = 10
The 6-th iteration is completed.	|| time cost : 0h 0m 27.342s
********************************************************************************************************************
Start the 7 rounds of NGS-ED iteration
	effective electronic model is modified as: kinetic energy t = 0.787403
	                                           effective interaction Vq = [-3.09975,-2.80108,-2.61076,-2.80108,-2.80108,-2.61076, -2.6355,-2.61076,-2.61076, -2.6355,-3.09386, -2.6355,-2.80108,-2.61076, -2.6355,-2.61076]
	PARPACK diagonalization completed after 30 matrix-vector product operations.
	iteration results: : total energy is -75.425995 | electron energy -75.734131 + phonon energy 0.308136 | electron momentum kIdx = 10
The 7-th iteration is completed.	|| time cost : 0h 0m 27.414s
********************************************************************************************************************
Start the 8 rounds of NGS-ED iteration
	effective electronic model is modified as: kinetic energy t = 0.787557
	                                           effective interaction Vq = [ -3.0999,-2.79948,-2.60991,-2.79948,-2.79948,-2.60991,-2.63393,-2.60991,-2.60991,-2.63393,-3.09429,-2.63393,-2.79948,-2.60991,-2.63393,-2.60991]
	PARPACK diagonalization completed after 30 matrix-vector product operations.
	iteration results: : total energy is -75.428642 | electron energy -75.737267 + phonon energy 0.308625 | electron momentum kIdx = 10
The 8-th iteration is completed.	|| time cost : 0h 0m 27.435s
********************************************************************************************************************
Start the 9 rounds of NGS-ED iteration
	effective electronic model is modified as: kinetic energy t = 0.787693
	                                           effective interaction Vq = [-3.09996,-2.79831,-2.60923,-2.79831,-2.79831,-2.60923,-2.63275,-2.60923,-2.60923,-2.63275, -3.0945,-2.63275,-2.79831,-2.60923,-2.63275,-2.60923]
	PARPACK diagonalization completed after 30 matrix-vector product operations.
	iteration results: : total energy is -75.429603 | electron energy -75.738294 + phonon energy 0.308691 | electron momentum kIdx = 10
The 9-th iteration is completed.	|| time cost : 0h 0m 27.438s
********************************************************************************************************************
Start the 10 rounds of NGS-ED iteration
	effective electronic model is modified as: kinetic energy t = 0.787799
	                                           effective interaction Vq = [-3.09998,-2.79749,-2.60871,-2.79749,-2.79749,-2.60871,-2.63191,-2.60871,-2.60871,-2.63191,-3.09461,-2.63191,-2.79749,-2.60871,-2.63191,-2.60871]
	PARPACK diagonalization completed after 30 matrix-vector product operations.
	iteration results: : total energy is -75.429954 | electron energy -75.738557 + phonon energy 0.308603 | electron momentum kIdx = 10
	Nq(0) = 16,	Nq(1) = 0.222219,	Nq(2) = 0.297025,	Nq(3) = 0.222219,	Nq(4) = 0.222219,	Nq(5) = 0.297025,	Nq(6) = 0.444081,	Nq(7) = 0.297025,	Nq(8) = 0.297025,	Nq(9) = 0.444081,	Nq(10) = 7.09966,	Nq(11) = 0.444081,	Nq(12) = 0.222219,	Nq(13) = 0.297025,	Nq(14) = 0.444081,	Nq(15) = 0.297025,	Sq(0) = 6.08162e-19,	Sq(1) = 0.194878,	Sq(2) = 0.27357,	Sq(3) = 0.194878,	Sq(4) = 0.194878,	Sq(5) = 0.27357,	Sq(6) = 0.39048,	Sq(7) = 0.27357,	Sq(8) = 0.27357,	Sq(9) = 0.39048,	Sq(10) = 0.470142,	Sq(11) = 0.39048,	Sq(12) = 0.194878,	Sq(13) = 0.27357,	Sq(14) = 0.39048,	Sq(15) = 0.27357,	N(0) = 1.96098,	N(1) = 1.88275,	N(2) = 1,	N(3) = 1.88275,	N(4) = 1.88275,	N(5) = 1,	N(6) = 0.117246,	N(7) = 1,	N(8) = 1,	N(9) = 0.117246,	N(10) = 0.0390224,	N(11) = 0.117246,	N(12) = 1.88275,	N(13) = 1,	N(14) = 0.117246,	N(15) = 1,	Delta[s](0) = 0.439377,	Delta[s](1) = 0.381512,	Delta[s](2) = 0.362644,	Delta[s](3) = 0.381512,	Delta[s](4) = 0.381512,	Delta[s](5) = 0.362644,	Delta[s](6) = 0.330784,	Delta[s](7) = 0.362644,	Delta[s](8) = 0.362644,	Delta[s](9) = 0.330784,	Delta[s](10) = 0.309079,	Delta[s](11) = 0.330784,	Delta[s](12) = 0.381512,	Delta[s](13) = 0.362644,	Delta[s](14) = 0.330784,	Delta[s](15) = 0.362644,	Delta[d](0) = 0.189342,	Delta[d](1) = 0.175055,	Delta[d](2) = 0.190889,	Delta[d](3) = 0.175055,	Delta[d](4) = 0.175055,	Delta[d](5) = 0.121755,	Delta[d](6) = 0.138208,	Delta[d](7) = 0.121755,	Delta[d](8) = 0.190889,	Delta[d](9) = 0.138208,	Delta[d](10) = 0.0540642,	Delta[d](11) = 0.138208,	Delta[d](12) = 0.175055,	Delta[d](13) = 0.121755,	Delta[d](14) = 0.138208,	Delta[d](15) = 0.121755,	Delta[s+](0) = 0.391583,	Delta[s+](1) = 0.299748,	Delta[s+](2) = 0.190889,	Delta[s+](3) = 0.299748,	Delta[s+](4) = 0.299748,	Delta[s+](5) = 0.190889,	Delta[s+](6) = 0.0825388,	Delta[s+](7) = 0.190889,	Delta[s+](8) = 0.190889,	Delta[s+](9) = 0.0825388,	Delta[s+](10) = 0.0314474,	Delta[s+](11) = 0.0825388,	Delta[s+](12) = 0.299748,	Delta[s+](13) = 0.190889,	Delta[s+](14) = 0.0825388,	Delta[s+](15) = 0.190889
The 10-th iteration is completed.	|| time cost : 0h 4m 25.93s
********************************************************************************************************************
Start the 11 rounds of NGS-ED iteration
	effective electronic model is modified as: kinetic energy t = 0.787878
	                                           effective interaction Vq = [-3.09999,-2.79691,-2.60833,-2.79691,-2.79691,-2.60833,-2.63131,-2.60833,-2.60833,-2.63131,-3.09467,-2.63131,-2.79691,-2.60833,-2.63131,-2.60833]
	PARPACK diagonalization completed after 30 matrix-vector product operations.
	iteration results: : total energy is -75.430083 | electron energy -75.738559 + phonon energy 0.308477 | electron momentum kIdx = 10
The 11-th iteration is completed.	|| time cost : 0h 0m 27.672s
********************************************************************************************************************
Start the 12 rounds of NGS-ED iteration
	effective electronic model is modified as: kinetic energy t = 0.787936
	                                           effective interaction Vq = [-3.09999,-2.79651,-2.60806,-2.79651,-2.79651,-2.60806,-2.63089,-2.60806,-2.60806,-2.63089, -3.0947,-2.63089,-2.79651,-2.60806,-2.63089,-2.60806]
	PARPACK diagonalization completed after 30 matrix-vector product operations.
	iteration results: : total energy is -75.430130 | electron energy -75.738488 + phonon energy 0.308358 | electron momentum kIdx = 10
The 12-th iteration is completed.	|| time cost : 0h 0m 27.326s
********************************************************************************************************************
Start the 13 rounds of NGS-ED iteration
	effective electronic model is modified as: kinetic energy t = 0.787976
	                                           effective interaction Vq = [-3.09999,-2.79624,-2.60787,-2.79624,-2.79624,-2.60787, -2.6306,-2.60787,-2.60787, -2.6306,-3.09471, -2.6306,-2.79624,-2.60787, -2.6306,-2.60787]
	PARPACK diagonalization completed after 30 matrix-vector product operations.
	iteration results: : total energy is -75.430148 | electron energy -75.738408 + phonon energy 0.308261 | electron momentum kIdx = 10
The 13-th iteration is completed.	|| time cost : 0h 0m 27.35s
********************************************************************************************************************
Start the 14 rounds of NGS-ED iteration
	effective electronic model is modified as: kinetic energy t = 0.788005
	                                           effective interaction Vq = [-3.09999,-2.79605,-2.60774,-2.79605,-2.79605,-2.60774, -2.6304,-2.60774,-2.60774, -2.6304,-3.09472, -2.6304,-2.79605,-2.60774, -2.6304,-2.60774]
	PARPACK diagonalization completed after 30 matrix-vector product operations.
	iteration results: : total energy is -75.430154 | electron energy -75.738341 + phonon energy 0.308187 | electron momentum kIdx = 10
The 14-th iteration is completed.	|| time cost : 0h 0m 27.43s
********************************************************************************************************************
Start the 15 rounds of NGS-ED iteration
	effective electronic model is modified as: kinetic energy t = 0.788024
	                                           effective interaction Vq = [-3.09999,-2.79592,-2.60765,-2.79592,-2.79592,-2.60765,-2.63026,-2.60765,-2.60765,-2.63026,-3.09473,-2.63026,-2.79592,-2.60765,-2.63026,-2.60765]
	PARPACK diagonalization completed after 30 matrix-vector product operations.
	iteration results: : total energy is -75.430157 | electron energy -75.738289 + phonon energy 0.308133 | electron momentum kIdx = 10
The 15-th iteration is completed.	|| time cost : 0h 0m 27.756s
********************************************************************************************************************
Start the 16 rounds of NGS-ED iteration
	effective electronic model is modified as: kinetic energy t = 0.788038
	                                           effective interaction Vq = [-3.09999,-2.79584,-2.60759,-2.79584,-2.79584,-2.60759,-2.63017,-2.60759,-2.60759,-2.63017,-3.09473,-2.63017,-2.79584,-2.60759,-2.63017,-2.60759]
	PARPACK diagonalization completed after 30 matrix-vector product operations.
	iteration results: : total energy is -75.430158 | electron energy -75.738251 + phonon energy 0.308094 | electron momentum kIdx = 10
The 16-th iteration is completed.	|| time cost : 0h 0m 27.399s
********************************************************************************************************************
Start the 17 rounds of NGS-ED iteration
	effective electronic model is modified as: kinetic energy t = 0.788047
	                                           effective interaction Vq = [-3.09999,-2.79578,-2.60754,-2.79578,-2.79578,-2.60754,-2.63011,-2.60754,-2.60754,-2.63011,-3.09473,-2.63011,-2.79578,-2.60754,-2.63011,-2.60754]
	PARPACK diagonalization completed after 30 matrix-vector product operations.
	iteration results: : total energy is -75.430158 | electron energy -75.738225 + phonon energy 0.308067 | electron momentum kIdx = 10
The 17-th iteration is completed.	|| time cost : 0h 0m 27.434s
********************************************************************************************************************
Start the 18 rounds of NGS-ED iteration
	effective electronic model is modified as: kinetic energy t = 0.788054
	                                           effective interaction Vq = [-3.09999,-2.79574,-2.60751,-2.79574,-2.79574,-2.60751,-2.63006,-2.60751,-2.60751,-2.63006,-3.09473,-2.63006,-2.79574,-2.60751,-2.63006,-2.60751]
	PARPACK diagonalization completed after 30 matrix-vector product operations.
	iteration results: : total energy is -75.430158 | electron energy -75.738206 + phonon energy 0.308048 | electron momentum kIdx = 10
The 18-th iteration is completed.	|| time cost : 0h 0m 27.441s
********************************************************************************************************************
Start the 19 rounds of NGS-ED iteration
	effective electronic model is modified as: kinetic energy t = 0.788058
	                                           effective interaction Vq = [-3.09999,-2.79571,-2.60749,-2.79571,-2.79571,-2.60749,-2.63004,-2.60749,-2.60749,-2.63004,-3.09473,-2.63004,-2.79571,-2.60749,-2.63004,-2.60749]
	PARPACK diagonalization completed after 30 matrix-vector product operations.
	iteration results: : total energy is -75.430158 | electron energy -75.738193 + phonon energy 0.308035 | electron momentum kIdx = 10
The 19-th iteration is completed.	|| time cost : 0h 0m 27.417s
********************************************************************************************************************
Start the 20 rounds of NGS-ED iteration
	effective electronic model is modified as: kinetic energy t = 0.788061
	                                           effective interaction Vq = [-3.09999, -2.7957,-2.60748, -2.7957, -2.7957,-2.60748,-2.63002,-2.60748,-2.60748,-2.63002,-3.09473,-2.63002, -2.7957,-2.60748,-2.63002,-2.60748]
	PARPACK diagonalization completed after 30 matrix-vector product operations.
	iteration results: : total energy is -75.430158 | electron energy -75.738184 + phonon energy 0.308026 | electron momentum kIdx = 10
	Nq(0) = 16,	Nq(1) = 0.22187,	Nq(2) = 0.296769,	Nq(3) = 0.22187,	Nq(4) = 0.22187,	Nq(5) = 0.296769,	Nq(6) = 0.443524,	Nq(7) = 0.296769,	Nq(8) = 0.296769,	Nq(9) = 0.443524,	Nq(10) = 7.10718,	Nq(11) = 0.443524,	Nq(12) = 0.22187,	Nq(13) = 0.296769,	Nq(14) = 0.443524,	Nq(15) = 0.296769,	Sq(0) = -2.36e-18,	Sq(1) = 0.194714,	Sq(2) = 0.273437,	Sq(3) = 0.194714,	Sq(4) = 0.194714,	Sq(5) = 0.273437,	Sq(6) = 0.390292,	Sq(7) = 0.273437,	Sq(8) = 0.273437,	Sq(9) = 0.390292,	Sq(10) = 0.469979,	Sq(11) = 0.390292,	Sq(12) = 0.194714,	Sq(13) = 0.273437,	Sq(14) = 0.390292,	Sq(15) = 0.273437,	N(0) = 1.96089,	N(1) = 1.88245,	N(2) = 1,	N(3) = 1.88245,	N(4) = 1.88245,	N(5) = 1,	N(6) = 0.117555,	N(7) = 1,	N(8) = 1,	N(9) = 0.117555,	N(10) = 0.0391074,	N(11) = 0.117555,	N(12) = 1.88245,	N(13) = 1,	N(14) = 0.117555,	N(15) = 1,	Delta[s](0) = 0.439362,	Delta[s](1) = 0.381594,	Delta[s](2) = 0.36271,	Delta[s](3) = 0.381594,	Delta[s](4) = 0.381594,	Delta[s](5) = 0.36271,	Delta[s](6) = 0.330877,	Delta[s](7) = 0.36271,	Delta[s](8) = 0.36271,	Delta[s](9) = 0.330877,	Delta[s](10) = 0.309178,	Delta[s](11) = 0.330877,	Delta[s](12) = 0.381594,	Delta[s](13) = 0.36271,	Delta[s](14) = 0.330877,	Delta[s](15) = 0.36271,	Delta[d](0) = 0.189255,	Delta[d](1) = 0.174951,	Delta[d](2) = 0.190839,	Delta[d](3) = 0.174951,	Delta[d](4) = 0.174951,	Delta[d](5) = 0.12166,	Delta[d](6) = 0.138088,	Delta[d](7) = 0.12166,	Delta[d](8) = 0.190839,	Delta[d](9) = 0.138088,	Delta[d](10) = 0.0539601,	Delta[d](11) = 0.138088,	Delta[d](12) = 0.174951,	Delta[d](13) = 0.12166,	Delta[d](14) = 0.138088,	Delta[d](15) = 0.12166,	Delta[s+](0) = 0.39163,	Delta[s+](1) = 0.29973,	Delta[s+](2) = 0.190839,	Delta[s+](3) = 0.29973,	Delta[s+](4) = 0.29973,	Delta[s+](5) = 0.190839,	Delta[s+](6) = 0.0824624,	Delta[s+](7) = 0.190839,	Delta[s+](8) = 0.190839,	Delta[s+](9) = 0.0824624,	Delta[s+](10) = 0.0313924,	Delta[s+](11) = 0.0824624,	Delta[s+](12) = 0.29973,	Delta[s+](13) = 0.190839,	Delta[s+](14) = 0.0824624,	Delta[s+](15) = 0.190839
The 20-th iteration is completed.	|| time cost : 0h 4m 21.516s
********************************************************************************************************************
Start the 21 rounds of NGS-ED iteration
	effective electronic model is modified as: kinetic energy t = 0.788063
	                                           effective interaction Vq = [-3.09999,-2.79568,-2.60747,-2.79568,-2.79568,-2.60747,   -2.63,-2.60747,-2.60747,   -2.63,-3.09473,   -2.63,-2.79568,-2.60747,   -2.63,-2.60747]
	PARPACK diagonalization completed after 30 matrix-vector product operations.
	iteration results: : total energy is -75.430158 | electron energy -75.738178 + phonon energy 0.308020 | electron momentum kIdx = 10
The 21-th iteration is completed.	|| time cost : 0h 0m 27.749s
********************************************************************************************************************
Start the 22 rounds of NGS-ED iteration
	effective electronic model is modified as: kinetic energy t = 0.788064
	                                           effective interaction Vq = [-3.09999,-2.79568,-2.60746,-2.79568,-2.79568,-2.60746,-2.62999,-2.60746,-2.60746,-2.62999,-3.09473,-2.62999,-2.79568,-2.60746,-2.62999,-2.60746]
	PARPACK diagonalization completed after 30 matrix-vector product operations.
	iteration results: : total energy is -75.430158 | electron energy -75.738174 + phonon energy 0.308016 | electron momentum kIdx = 10
The 22-th iteration is completed.	|| time cost : 0h 0m 27.49s
********************************************************************************************************************
Start the 23 rounds of NGS-ED iteration
	effective electronic model is modified as: kinetic energy t = 0.788065
	                                           effective interaction Vq = [-3.09999,-2.79567,-2.60746,-2.79567,-2.79567,-2.60746,-2.62999,-2.60746,-2.60746,-2.62999,-3.09473,-2.62999,-2.79567,-2.60746,-2.62999,-2.60746]
	PARPACK diagonalization completed after 30 matrix-vector product operations.
	iteration results: : total energy is -75.430158 | electron energy -75.738171 + phonon energy 0.308013 | electron momentum kIdx = 10
The 23-th iteration is completed.	|| time cost : 0h 0m 27.679s
