SNEDics v3.4 Non-Gaussian ED ground state program		Start at Sat Mar  7 17:28:47 2020

parallized on 16 MPI threads  * 8 OpenMP threads = 128 total threads.
********************************************************************************************************************
********************************************************************************************************************

********************************************************************************************************************
System parameters and configurations
********************************************************************************************************************
Special program options are enabled: splitted diagonal Hamiltonian
********************************************************************************************************************
Read input file "model_params.in"
	Hubbard-Holstein model parameters : 	t = 1    U = 8    g = 2.0736    W = 1    
********************************************************************************************************************
Read input file "hilbertspace_params.in"
	Requested 16-site 2D lattice, with 16 electrons (8, 8)
	Boundary : Periodic		Hilbert space representation : momentum-space (restricted to kIdx = 0)
	Conservation: particle number[U(1)]      spin[U(1)]     momentum
********************************************************************************************************************

Cluster Positions:				Cluster symmetry group : D4
 x ... x ... x ... x .....                       x ... x ... x ... x .....
 |           |           :                       |           |           :
 |           |           :                       |           |           :
12    13    14    15     x                       1     5     6     5     x
 |           |           :                       |           |           :
 |           |           :                       |           |           :
 8 --- 9 ---10 ---11 --- x                       2 --- 6 ---10 --- 6 --- x
 |           |           :                       |           |           :
 |           |           :                       |           |           :
 4     5     6     7     x                       1     5     6     5     x
 |           |           :                       |           |           :
 |           |           :                       |           |           :
 0 --- 1 --- 2 --- 3 --- x                       0 --- 1 --- 2 --- 1 --- x
orbital number : 1
********************************************************************************************************************
Read input file "obs_params.in"
	Observable Type : Nq(All),   Sq(All),   N(All),   Delta[s](All),   Delta[d](All),   Delta[s+](All)
********************************************************************************************************************
** WARNING ** the input observables have non-local factors which have been reinterpreted. The total observable number is 96
********************************************************************************************************************


********************************************************************************************************************
Start calculating the non-Gaussian ED ground state
** WARNING ** Detected low phonon energy W < 10. The initial state will be prepared through a warm-up process.
********************************************************************************************************************
Start warm-up calculation for scaling factor 16
open output files: NGSEDWarmUpW16Obs.txt
********************************************************************************************************************
Start the 0 rounds of NGS-ED iteration
	effective electronic model is modified as: kinetic energy t = 1
	                                           effective interaction Vq = [-0,-0,-0,-0,-0,-0,-0,-0,-0,-0,-0,-0,-0,-0,-0,-0]
	first Hamiltonian is constructed, non-zero numbers = 2845383612
	PARPACK diagonalization completed after 105 matrix-vector product operations.
	iteration results: : total energy is -8.468875 | electron energy -8.468875 + phonon energy 0.000000 | electron momentum kIdx = 0
	Nq(0) = 16,	Nq(1) = 0.0625034,	Nq(2) = 0.109912,	Nq(3) = 0.0625034,	Nq(4) = 0.0625034,	Nq(5) = 0.109912,	Nq(6) = 0.152438,	Nq(7) = 0.109912,	Nq(8) = 0.109912,	Nq(9) = 0.152438,	Nq(10) = 0.1925,	Nq(11) = 0.152438,	Nq(12) = 0.0625034,	Nq(13) = 0.109912,	Nq(14) = 0.152438,	Nq(15) = 0.109912,	Sq(0) = 1.02167e-18,	Sq(1) = 0.412873,	Sq(2) = 0.641315,	Sq(3) = 0.412873,	Sq(4) = 0.412873,	Sq(5) = 0.641315,	Sq(6) = 0.93882,	Sq(7) = 0.641315,	Sq(8) = 0.641315,	Sq(9) = 0.93882,	Sq(10) = 5.0336,	Sq(11) = 0.93882,	Sq(12) = 0.412873,	Sq(13) = 0.641315,	Sq(14) = 0.93882,	Sq(15) = 0.641315,	N(0) = 1.77534,	N(1) = 1.56957,	N(2) = 1,	N(3) = 1.56957,	N(4) = 1.56957,	N(5) = 1,	N(6) = 0.430429,	N(7) = 1,	N(8) = 1,	N(9) = 0.430429,	N(10) = 0.224665,	N(11) = 0.430429,	N(12) = 1.56957,	N(13) = 1,	N(14) = 0.430429,	N(15) = 1,	Delta[s](0) = 0.0825909,	Delta[s](1) = 0.0689514,	Delta[s](2) = 0.0544791,	Delta[s](3) = 0.0689514,	Delta[s](4) = 0.0689514,	Delta[s](5) = 0.0544791,	Delta[s](6) = 0.0383598,	Delta[s](7) = 0.0544791,	Delta[s](8) = 0.0544791,	Delta[s](9) = 0.0383598,	Delta[s](10) = 0.0171578,	Delta[s](11) = 0.0383598,	Delta[s](12) = 0.0689514,	Delta[s](13) = 0.0544791,	Delta[s](14) = 0.0383598,	Delta[s](15) = 0.0544791,	Delta[d](0) = 0.588581,	Delta[d](1) = 0.453266,	Delta[d](2) = 0.343599,	Delta[d](3) = 0.453266,	Delta[d](4) = 0.453266,	Delta[d](5) = 0.349754,	Delta[d](6) = 0.243145,	Delta[d](7) = 0.349754,	Delta[d](8) = 0.343599,	Delta[d](9) = 0.243145,	Delta[d](10) = 0.125941,	Delta[d](11) = 0.243145,	Delta[d](12) = 0.453266,	Delta[d](13) = 0.349754,	Delta[d](14) = 0.243145,	Delta[d](15) = 0.349754,	Delta[s+](0) = 0.613285,	Delta[s+](1) = 0.485595,	Delta[s+](2) = 0.343599,	Delta[s+](3) = 0.485595,	Delta[s+](4) = 0.485595,	Delta[s+](5) = 0.343599,	Delta[s+](6) = 0.203719,	Delta[s+](7) = 0.343599,	Delta[s+](8) = 0.343599,	Delta[s+](9) = 0.203719,	Delta[s+](10) = 0.0784575,	Delta[s+](11) = 0.203719,	Delta[s+](12) = 0.485595,	Delta[s+](13) = 0.343599,	Delta[s+](14) = 0.203719,	Delta[s+](15) = 0.343599
The 0-th iteration is completed.	|| time cost : 0h 8m 17.279s
********************************************************************************************************************
Start the 1 rounds of NGS-ED iteration
	effective electronic model is modified as: kinetic energy t = 0.908106
	                                           effective interaction Vq = [-4.12455,-3.69434,-3.63343,-3.69434,-3.69434,-3.63343, -3.5932,-3.63343,-3.63343, -3.5932,-3.56412, -3.5932,-3.69434,-3.63343, -3.5932,-3.63343]
	PARPACK diagonalization completed after 60 matrix-vector product operations.
	iteration results: : total energy is -85.350146 | electron energy -85.355158 + phonon energy 0.005012 | electron momentum kIdx = 0
The 1-th iteration is completed.	|| time cost : 0h 7m 16.987s
********************************************************************************************************************
Start the 2 rounds of NGS-ED iteration
	effective electronic model is modified as: kinetic energy t = 0.848184
	                                           effective interaction Vq = [-4.29267,-4.19897,-4.10833,-4.19897,-4.19897,-4.10833,-4.11193,-4.10833,-4.10833,-4.11193, -4.0599,-4.11193,-4.19897,-4.10833,-4.11193,-4.10833]
	PARPACK diagonalization completed after 75 matrix-vector product operations.
	iteration results: : total energy is -90.104076 | electron energy -90.147925 + phonon energy 0.043849 | electron momentum kIdx = 0
The 2-th iteration is completed.	|| time cost : 0h 0m 42.291s
********************************************************************************************************************
Start the 3 rounds of NGS-ED iteration
	effective electronic model is modified as: kinetic energy t = 0.82285
	                                           effective interaction Vq = [-4.29953,-4.25842,-4.24413,-4.25842,-4.25842,-4.24413,-4.19407,-4.24413,-4.24413,-4.19407,-4.19306,-4.19407,-4.25842,-4.24413,-4.19407,-4.24413]
	PARPACK diagonalization completed after 60 matrix-vector product operations.
	iteration results: : total energy is -90.608672 | electron energy -90.674289 + phonon energy 0.065617 | electron momentum kIdx = 0
The 3-th iteration is completed.	|| time cost : 0h 0m 37.6s
********************************************************************************************************************
Start the 4 rounds of NGS-ED iteration
	effective electronic model is modified as: kinetic energy t = 0.817652
	                                           effective interaction Vq = [-4.29981,-4.26622,-4.26178,-4.26622,-4.26622,-4.26178,-4.20696,-4.26178,-4.26178,-4.20696,-4.21691,-4.20696,-4.26622,-4.26178,-4.20696,-4.26178]
	PARPACK diagonalization completed after 45 matrix-vector product operations.
	iteration results: : total energy is -90.629639 | electron energy -90.701628 + phonon energy 0.071989 | electron momentum kIdx = 0
The 4-th iteration is completed.	|| time cost : 0h 0m 32.756s
********************************************************************************************************************
Start the 5 rounds of NGS-ED iteration
	effective electronic model is modified as: kinetic energy t = 0.816617
	                                           effective interaction Vq = [-4.29982,-4.26754,-4.26476,-4.26754,-4.26754,-4.26476,-4.20938,-4.26476,-4.26476,-4.20938,-4.22223,-4.20938,-4.26754,-4.26476,-4.20938,-4.26476]
	PARPACK diagonalization completed after 30 matrix-vector product operations.
	iteration results: : total energy is -90.630472 | electron energy -90.703852 + phonon energy 0.073380 | electron momentum kIdx = 0
The 5-th iteration is completed.	|| time cost : 0h 0m 28.123s
********************************************************************************************************************
Start the 6 rounds of NGS-ED iteration
	effective electronic model is modified as: kinetic energy t = 0.816409
	                                           effective interaction Vq = [-4.29982,-4.26777, -4.2653,-4.26777,-4.26777, -4.2653,-4.20986, -4.2653, -4.2653,-4.20986,-4.22356,-4.20986,-4.26777, -4.2653,-4.20986, -4.2653]
	PARPACK diagonalization completed after 30 matrix-vector product operations.
	iteration results: : total energy is -90.630506 | electron energy -90.704178 + phonon energy 0.073672 | electron momentum kIdx = 0
The 6-th iteration is completed.	|| time cost : 0h 0m 28.099s
********************************************************************************************************************
Start the 7 rounds of NGS-ED iteration
	effective electronic model is modified as: kinetic energy t = 0.816366
	                                           effective interaction Vq = [-4.29982,-4.26782,-4.26539,-4.26782,-4.26782,-4.26539,-4.20995,-4.26539,-4.26539,-4.20995,-4.22392,-4.20995,-4.26782,-4.26539,-4.20995,-4.26539]
	PARPACK diagonalization completed after 30 matrix-vector product operations.
	iteration results: : total energy is -90.630508 | electron energy -90.704242 + phonon energy 0.073734 | electron momentum kIdx = 0
	Nq(0) = 16,	Nq(1) = 0.397336,	Nq(2) = 0.751439,	Nq(3) = 0.397336,	Nq(4) = 0.397336,	Nq(5) = 0.751439,	Nq(6) = 0.64864,	Nq(7) = 0.751439,	Nq(8) = 0.751439,	Nq(9) = 0.64864,	Nq(10) = 0.940366,	Nq(11) = 0.64864,	Nq(12) = 0.397336,	Nq(13) = 0.751439,	Nq(14) = 0.64864,	Nq(15) = 0.751439,	Sq(0) = 7.60419e-19,	Sq(1) = 0.334773,	Sq(2) = 0.360007,	Sq(3) = 0.334773,	Sq(4) = 0.334773,	Sq(5) = 0.360007,	Sq(6) = 0.567811,	Sq(7) = 0.360007,	Sq(8) = 0.360007,	Sq(9) = 0.567811,	Sq(10) = 0.596722,	Sq(11) = 0.567811,	Sq(12) = 0.334773,	Sq(13) = 0.360007,	Sq(14) = 0.567811,	Sq(15) = 0.360007,	N(0) = 1.99849,	N(1) = 1.99592,	N(2) = 1,	N(3) = 1.99592,	N(4) = 1.99592,	N(5) = 1,	N(6) = 0.00407701,	N(7) = 1,	N(8) = 1,	N(9) = 0.00407701,	N(10) = 0.00151284,	N(11) = 0.00407701,	N(12) = 1.99592,	N(13) = 1,	N(14) = 0.00407701,	N(15) = 1,	Delta[s](0) = 0.67555,	Delta[s](1) = 0.313237,	Delta[s](2) = 0.273446,	Delta[s](3) = 0.313237,	Delta[s](4) = 0.313237,	Delta[s](5) = 0.273446,	Delta[s](6) = 0.252563,	Delta[s](7) = 0.273446,	Delta[s](8) = 0.273446,	Delta[s](9) = 0.252563,	Delta[s](10) = 0.237026,	Delta[s](11) = 0.252563,	Delta[s](12) = 0.313237,	Delta[s](13) = 0.273446,	Delta[s](14) = 0.252563,	Delta[s](15) = 0.273446,	Delta[d](0) = 0.333466,	Delta[d](1) = 0.278328,	Delta[d](2) = 0.25375,	Delta[d](3) = 0.278328,	Delta[d](4) = 0.278328,	Delta[d](5) = 0.247832,	Delta[d](6) = 0.235172,	Delta[d](7) = 0.247832,	Delta[d](8) = 0.25375,	Delta[d](9) = 0.235172,	Delta[d](10) = 0.162291,	Delta[d](11) = 0.235172,	Delta[d](12) = 0.278328,	Delta[d](13) = 0.247832,	Delta[d](14) = 0.235172,	Delta[d](15) = 0.247832,	Delta[s+](0) = 0.459821,	Delta[s+](1) = 0.377744,	Delta[s+](2) = 0.25375,	Delta[s+](3) = 0.377744,	Delta[s+](4) = 0.377744,	Delta[s+](5) = 0.25375,	Delta[s+](6) = 0.126287,	Delta[s+](7) = 0.25375,	Delta[s+](8) = 0.25375,	Delta[s+](9) = 0.126287,	Delta[s+](10) = 0.0424193,	Delta[s+](11) = 0.126287,	Delta[s+](12) = 0.377744,	Delta[s+](13) = 0.25375,	Delta[s+](14) = 0.126287,	Delta[s+](15) = 0.25375
The 7-th iteration is completed.	|| time cost : 0h 4m 38.769s
********************************************************************************************************************
********************************************************************************************************************
Ground state is obtained after 8 iterations. The current ground-state energy is -90.6305, in which electron energy is -90.7042 and phonon energy is 0.0737336
final variational state is: 
	Gamma_x = [      1,1.01697,1.03344,1.01697,1.01697,1.03344,1.04404,1.03344,1.03344,1.04404,1.05988,1.04404,1.01697,1.03344,1.04404,1.03344]
	lambda_q = [0.518399,0.473685,0.472027,0.473685,0.473685,0.472027,0.443464,0.472027,0.472027,0.443464, 0.44957,0.443464,0.473685,0.472027,0.443464,0.472027]
********************************************************************************************************************
o___o  ----------------------------------------
| L |	Time since last clock: 0h 0m 0s
A===A	Time since the beginning: 0h 23m 1.908s
***********************************************

********************************************************************************************************************
Start warm-up calculation for scaling factor 8
open output files: NGSEDWarmUpW8Obs.txt
********************************************************************************************************************
Start the 0 rounds of NGS-ED iteration
	effective electronic model is modified as: kinetic energy t = 0.816357
	                                           effective interaction Vq = [-3.93095,-3.76133,-3.75443,-3.76133,-3.76133,-3.75443,-3.62857,-3.75443,-3.75443,-3.62857,-3.65657,-3.62857,-3.76133,-3.75443,-3.62857,-3.75443]
	PARPACK diagonalization completed after 75 matrix-vector product operations.
	iteration results: : total energy is -80.506434 | electron energy -80.543307 + phonon energy 0.036874 | electron momentum kIdx = 0
	Nq(0) = 16,	Nq(1) = 0.326916,	Nq(2) = 0.359724,	Nq(3) = 0.326916,	Nq(4) = 0.326916,	Nq(5) = 0.359724,	Nq(6) = 0.537646,	Nq(7) = 0.359724,	Nq(8) = 0.359724,	Nq(9) = 0.537646,	Nq(10) = 0.581217,	Nq(11) = 0.537646,	Nq(12) = 0.326916,	Nq(13) = 0.359724,	Nq(14) = 0.537646,	Nq(15) = 0.359724,	Sq(0) = -1.87321e-18,	Sq(1) = 0.393761,	Sq(2) = 0.568046,	Sq(3) = 0.393761,	Sq(4) = 0.393761,	Sq(5) = 0.568046,	Sq(6) = 0.66356,	Sq(7) = 0.568046,	Sq(8) = 0.568046,	Sq(9) = 0.66356,	Sq(10) = 2.16463,	Sq(11) = 0.66356,	Sq(12) = 0.393761,	Sq(13) = 0.568046,	Sq(14) = 0.66356,	Sq(15) = 0.568046,	N(0) = 1.99738,	N(1) = 1.99336,	N(2) = 1,	N(3) = 1.99336,	N(4) = 1.99336,	N(5) = 1,	N(6) = 0.00664333,	N(7) = 1,	N(8) = 1,	N(9) = 0.00664333,	N(10) = 0.00262005,	N(11) = 0.00664333,	N(12) = 1.99336,	N(13) = 1,	N(14) = 0.00664333,	N(15) = 1,	Delta[s](0) = 0.232746,	Delta[s](1) = 0.223841,	Delta[s](2) = 0.188098,	Delta[s](3) = 0.223841,	Delta[s](4) = 0.223841,	Delta[s](5) = 0.188098,	Delta[s](6) = 0.180096,	Delta[s](7) = 0.188098,	Delta[s](8) = 0.188098,	Delta[s](9) = 0.180096,	Delta[s](10) = 0.121823,	Delta[s](11) = 0.180096,	Delta[s](12) = 0.223841,	Delta[s](13) = 0.188098,	Delta[s](14) = 0.180096,	Delta[s](15) = 0.188098,	Delta[d](0) = 0.528709,	Delta[d](1) = 0.329462,	Delta[d](2) = 0.285772,	Delta[d](3) = 0.329462,	Delta[d](4) = 0.329462,	Delta[d](5) = 0.328997,	Delta[d](6) = 0.250689,	Delta[d](7) = 0.328997,	Delta[d](8) = 0.285772,	Delta[d](9) = 0.250689,	Delta[d](10) = 0.132394,	Delta[d](11) = 0.250689,	Delta[d](12) = 0.329462,	Delta[d](13) = 0.328997,	Delta[d](14) = 0.250689,	Delta[d](15) = 0.328997,	Delta[s+](0) = 0.51565,	Delta[s+](1) = 0.423301,	Delta[s+](2) = 0.285772,	Delta[s+](3) = 0.423301,	Delta[s+](4) = 0.423301,	Delta[s+](5) = 0.285772,	Delta[s+](6) = 0.149808,	Delta[s+](7) = 0.285772,	Delta[s+](8) = 0.285772,	Delta[s+](9) = 0.149808,	Delta[s+](10) = 0.05111,	Delta[s+](11) = 0.149808,	Delta[s+](12) = 0.423301,	Delta[s+](13) = 0.285772,	Delta[s+](14) = 0.149808,	Delta[s+](15) = 0.285772
The 0-th iteration is completed.	|| time cost : 0h 4m 51.153s
********************************************************************************************************************
Start the 1 rounds of NGS-ED iteration
	effective electronic model is modified as: kinetic energy t = 0.784799
	                                           effective interaction Vq = [-4.22534,-4.04356,-3.90156,-4.04356,-4.04356,-3.90156,-3.87679,-3.90156,-3.90156,-3.87679,-3.81298,-3.87679,-4.04356,-3.90156,-3.87679,-3.90156]
	PARPACK diagonalization completed after 60 matrix-vector product operations.
	iteration results: : total energy is -85.731742 | electron energy -85.871609 + phonon energy 0.139867 | electron momentum kIdx = 0
The 1-th iteration is completed.	|| time cost : 0h 0m 37.574s
********************************************************************************************************************
Start the 2 rounds of NGS-ED iteration
	effective electronic model is modified as: kinetic energy t = 0.767028
	                                           effective interaction Vq = [-4.28478,-4.14814,-3.96484,-4.14814,-4.14814,-3.96484, -3.9893,-3.96484,-3.96484, -3.9893,-3.88582, -3.9893,-4.14814,-3.96484, -3.9893,-3.96484]
	PARPACK diagonalization completed after 60 matrix-vector product operations.
	iteration results: : total energy is -86.825423 | electron energy -87.020719 + phonon energy 0.195296 | electron momentum kIdx = 0
The 2-th iteration is completed.	|| time cost : 0h 0m 37.498s
********************************************************************************************************************
Start the 3 rounds of NGS-ED iteration
	effective electronic model is modified as: kinetic energy t = 0.757848
	                                           effective interaction Vq = [-4.29678,-4.19006,-3.99248,-4.19006,-4.19006,-3.99248, -4.0417,-3.99248,-3.99248, -4.0417,-3.91837, -4.0417,-4.19006,-3.99248, -4.0417,-3.99248]
	PARPACK diagonalization completed after 60 matrix-vector product operations.
	iteration results: : total energy is -87.054553 | electron energy -87.276685 + phonon energy 0.222132 | electron momentum kIdx = 0
The 3-th iteration is completed.	|| time cost : 0h 0m 37.448s
********************************************************************************************************************
Start the 4 rounds of NGS-ED iteration
	effective electronic model is modified as: kinetic energy t = 0.753141
	                                           effective interaction Vq = [ -4.2992,-4.20814,-4.00639,-4.20814,-4.20814,-4.00639,-4.06664,-4.00639,-4.00639,-4.06664,-3.93301,-4.06664,-4.20814,-4.00639,-4.06664,-4.00639]
	PARPACK diagonalization completed after 75 matrix-vector product operations.
	iteration results: : total energy is -87.107941 | electron energy -87.343198 + phonon energy 0.235257 | electron momentum kIdx = 0
The 4-th iteration is completed.	|| time cost : 0h 0m 42.289s
********************************************************************************************************************
Start the 5 rounds of NGS-ED iteration
	effective electronic model is modified as: kinetic energy t = 0.740265
	                                           effective interaction Vq = [-4.29969,-4.21615,-4.11738,-4.21615,-4.21615,-4.11738,-4.07523,-4.11738,-4.11738,-4.07523,-3.94358,-4.07523,-4.21615,-4.11738,-4.07523,-4.11738]
	PARPACK diagonalization completed after 60 matrix-vector product operations.
	iteration results: : total energy is -87.299759 | electron energy -87.548763 + phonon energy 0.249004 | electron momentum kIdx = 0
The 5-th iteration is completed.	|| time cost : 0h 0m 37.554s
********************************************************************************************************************
Start the 6 rounds of NGS-ED iteration
	effective electronic model is modified as: kinetic energy t = 0.729323
	                                           effective interaction Vq = [-4.29979,-4.21827,-4.17764,-4.21827,-4.21827,-4.17764,-4.08179,-4.17764,-4.17764,-4.08179,-4.03815,-4.08179,-4.21827,-4.17764,-4.08179,-4.17764]
	PARPACK diagonalization completed after 45 matrix-vector product operations.
	iteration results: : total energy is -87.386721 | electron energy -87.653053 + phonon energy 0.266332 | electron momentum kIdx = 0
The 6-th iteration is completed.	|| time cost : 0h 0m 32.72s
********************************************************************************************************************
Start the 7 rounds of NGS-ED iteration
	effective electronic model is modified as: kinetic energy t = 0.724659
	                                           effective interaction Vq = [-4.29981,-4.21809,-4.20072,-4.21809,-4.21809,-4.20072,-4.08288,-4.20072,-4.20072,-4.08288,-4.08039,-4.08288,-4.21809,-4.20072,-4.08288,-4.20072]
	PARPACK diagonalization completed after 45 matrix-vector product operations.
	iteration results: : total energy is -87.405462 | electron energy -87.684410 + phonon energy 0.278948 | electron momentum kIdx = 0
The 7-th iteration is completed.	|| time cost : 0h 0m 32.595s
********************************************************************************************************************
Start the 8 rounds of NGS-ED iteration
	effective electronic model is modified as: kinetic energy t = 0.722642
	                                           effective interaction Vq = [-4.29982,-4.21757,-4.21015,-4.21757,-4.21757,-4.21015,-4.08262,-4.21015,-4.21015,-4.08262,-4.10032,-4.08262,-4.21757,-4.21015,-4.08262,-4.21015]
	PARPACK diagonalization completed after 45 matrix-vector product operations.
	iteration results: : total energy is -87.409446 | electron energy -87.694997 + phonon energy 0.285551 | electron momentum kIdx = 0
The 8-th iteration is completed.	|| time cost : 0h 0m 32.628s
********************************************************************************************************************
Start the 9 rounds of NGS-ED iteration
	effective electronic model is modified as: kinetic energy t = 0.721767
	                                           effective interaction Vq = [-4.29982,-4.21715,-4.21415,-4.21715,-4.21715,-4.21415,-4.08216,-4.21415,-4.21415,-4.08216,-4.10997,-4.08216,-4.21715,-4.21415,-4.08216,-4.21415]
	PARPACK diagonalization completed after 45 matrix-vector product operations.
	iteration results: : total energy is -87.410293 | electron energy -87.698982 + phonon energy 0.288689 | electron momentum kIdx = 0
The 9-th iteration is completed.	|| time cost : 0h 0m 32.611s
********************************************************************************************************************
Start the 10 rounds of NGS-ED iteration
	effective electronic model is modified as: kinetic energy t = 0.721386
	                                           effective interaction Vq = [-4.29982,-4.21687,-4.21587,-4.21687,-4.21687,-4.21587,-4.08179,-4.21587,-4.21587,-4.08179,-4.11471,-4.08179,-4.21687,-4.21587,-4.08179,-4.21587]
	PARPACK diagonalization completed after 45 matrix-vector product operations.
	iteration results: : total energy is -87.410475 | electron energy -87.700603 + phonon energy 0.290128 | electron momentum kIdx = 0
	Nq(0) = 16,	Nq(1) = 0.396645,	Nq(2) = 0.759815,	Nq(3) = 0.396645,	Nq(4) = 0.396645,	Nq(5) = 0.759815,	Nq(6) = 0.619345,	Nq(7) = 0.759815,	Nq(8) = 0.759815,	Nq(9) = 0.619345,	Nq(10) = 0.892622,	Nq(11) = 0.619345,	Nq(12) = 0.396645,	Nq(13) = 0.759815,	Nq(14) = 0.619345,	Nq(15) = 0.759815,	Sq(0) = -2.96887e-18,	Sq(1) = 0.343964,	Sq(2) = 0.364515,	Sq(3) = 0.343964,	Sq(4) = 0.343964,	Sq(5) = 0.364515,	Sq(6) = 0.579498,	Sq(7) = 0.364515,	Sq(8) = 0.364515,	Sq(9) = 0.579498,	Sq(10) = 0.603584,	Sq(11) = 0.579498,	Sq(12) = 0.343964,	Sq(13) = 0.364515,	Sq(14) = 0.579498,	Sq(15) = 0.364515,	N(0) = 1.99898,	N(1) = 1.99679,	N(2) = 1,	N(3) = 1.99679,	N(4) = 1.99679,	N(5) = 1,	N(6) = 0.00321138,	N(7) = 1,	N(8) = 1,	N(9) = 0.00321138,	N(10) = 0.00102316,	N(11) = 0.00321138,	N(12) = 1.99679,	N(13) = 1,	N(14) = 0.00321138,	N(15) = 1,	Delta[s](0) = 0.504201,	Delta[s](1) = 0.306137,	Delta[s](2) = 0.28199,	Delta[s](3) = 0.306137,	Delta[s](4) = 0.306137,	Delta[s](5) = 0.28199,	Delta[s](6) = 0.268411,	Delta[s](7) = 0.28199,	Delta[s](8) = 0.28199,	Delta[s](9) = 0.268411,	Delta[s](10) = 0.263402,	Delta[s](11) = 0.268411,	Delta[s](12) = 0.306137,	Delta[s](13) = 0.28199,	Delta[s](14) = 0.268411,	Delta[s](15) = 0.28199,	Delta[d](0) = 0.341818,	Delta[d](1) = 0.295952,	Delta[d](2) = 0.274482,	Delta[d](3) = 0.295952,	Delta[d](4) = 0.295952,	Delta[d](5) = 0.269779,	Delta[d](6) = 0.257873,	Delta[d](7) = 0.269779,	Delta[d](8) = 0.274482,	Delta[d](9) = 0.257873,	Delta[d](10) = 0.197457,	Delta[d](11) = 0.257873,	Delta[d](12) = 0.295952,	Delta[d](13) = 0.269779,	Delta[d](14) = 0.257873,	Delta[d](15) = 0.269779,	Delta[s+](0) = 0.475461,	Delta[s+](1) = 0.392244,	Delta[s+](2) = 0.274482,	Delta[s+](3) = 0.392244,	Delta[s+](4) = 0.392244,	Delta[s+](5) = 0.274482,	Delta[s+](6) = 0.153636,	Delta[s+](7) = 0.274482,	Delta[s+](8) = 0.274482,	Delta[s+](9) = 0.153636,	Delta[s+](10) = 0.069705,	Delta[s+](11) = 0.153636,	Delta[s+](12) = 0.392244,	Delta[s+](13) = 0.274482,	Delta[s+](14) = 0.153636,	Delta[s+](15) = 0.274482
The 10-th iteration is completed.	|| time cost : 0h 4m 26.927s
********************************************************************************************************************
Start the 11 rounds of NGS-ED iteration
	effective electronic model is modified as: kinetic energy t = 0.721221
	                                           effective interaction Vq = [-4.29982,-4.21671,-4.21662,-4.21671,-4.21671,-4.21662,-4.08155,-4.21662,-4.21662,-4.08155,-4.11705,-4.08155,-4.21671,-4.21662,-4.08155,-4.21662]
	PARPACK diagonalization completed after 30 matrix-vector product operations.
	iteration results: : total energy is -87.410515 | electron energy -87.701295 + phonon energy 0.290780 | electron momentum kIdx = 0
The 11-th iteration is completed.	|| time cost : 0h 0m 28.137s
********************************************************************************************************************
Start the 12 rounds of NGS-ED iteration
	effective electronic model is modified as: kinetic energy t = 0.721149
	                                           effective interaction Vq = [-4.29982,-4.21662,-4.21695,-4.21662,-4.21662,-4.21695, -4.0814,-4.21695,-4.21695, -4.0814,-4.11821, -4.0814,-4.21662,-4.21695, -4.0814,-4.21695]
	PARPACK diagonalization completed after 30 matrix-vector product operations.
	iteration results: : total energy is -87.410523 | electron energy -87.701598 + phonon energy 0.291075 | electron momentum kIdx = 0
	Nq(0) = 16,	Nq(1) = 0.396369,	Nq(2) = 0.760215,	Nq(3) = 0.396369,	Nq(4) = 0.396369,	Nq(5) = 0.760215,	Nq(6) = 0.618965,	Nq(7) = 0.760215,	Nq(8) = 0.760215,	Nq(9) = 0.618965,	Nq(10) = 0.894822,	Nq(11) = 0.618965,	Nq(12) = 0.396369,	Nq(13) = 0.760215,	Nq(14) = 0.618965,	Nq(15) = 0.760215,	Sq(0) = 6.98529e-19,	Sq(1) = 0.343825,	Sq(2) = 0.364433,	Sq(3) = 0.343825,	Sq(4) = 0.343825,	Sq(5) = 0.364433,	Sq(6) = 0.57931,	Sq(7) = 0.364433,	Sq(8) = 0.364433,	Sq(9) = 0.57931,	Sq(10) = 0.603416,	Sq(11) = 0.57931,	Sq(12) = 0.343825,	Sq(13) = 0.364433,	Sq(14) = 0.57931,	Sq(15) = 0.364433,	N(0) = 1.99896,	N(1) = 1.99676,	N(2) = 1,	N(3) = 1.99676,	N(4) = 1.99676,	N(5) = 1,	N(6) = 0.00324063,	N(7) = 1,	N(8) = 1,	N(9) = 0.00324063,	N(10) = 0.00103595,	N(11) = 0.00324063,	N(12) = 1.99676,	N(13) = 1,	N(14) = 0.00324063,	N(15) = 1,	Delta[s](0) = 0.504165,	Delta[s](1) = 0.306202,	Delta[s](2) = 0.282055,	Delta[s](3) = 0.306202,	Delta[s](4) = 0.306202,	Delta[s](5) = 0.282055,	Delta[s](6) = 0.268492,	Delta[s](7) = 0.282055,	Delta[s](8) = 0.282055,	Delta[s](9) = 0.268492,	Delta[s](10) = 0.263455,	Delta[s](11) = 0.268492,	Delta[s](12) = 0.306202,	Delta[s](13) = 0.282055,	Delta[s](14) = 0.268492,	Delta[s](15) = 0.282055,	Delta[d](0) = 0.341719,	Delta[d](1) = 0.295864,	Delta[d](2) = 0.2744,	Delta[d](3) = 0.295864,	Delta[d](4) = 0.295864,	Delta[d](5) = 0.269713,	Delta[d](6) = 0.2578,	Delta[d](7) = 0.269713,	Delta[d](8) = 0.2744,	Delta[d](9) = 0.2578,	Delta[d](10) = 0.197428,	Delta[d](11) = 0.2578,	Delta[d](12) = 0.295864,	Delta[d](13) = 0.269713,	Delta[d](14) = 0.2578,	Delta[d](15) = 0.269713,	Delta[s+](0) = 0.47528,	Delta[s+](1) = 0.392092,	Delta[s+](2) = 0.2744,	Delta[s+](3) = 0.392092,	Delta[s+](4) = 0.392092,	Delta[s+](5) = 0.2744,	Delta[s+](6) = 0.153587,	Delta[s+](7) = 0.2744,	Delta[s+](8) = 0.2744,	Delta[s+](9) = 0.153587,	Delta[s+](10) = 0.0696968,	Delta[s+](11) = 0.153587,	Delta[s+](12) = 0.392092,	Delta[s+](13) = 0.2744,	Delta[s+](14) = 0.153587,	Delta[s+](15) = 0.2744
The 12-th iteration is completed.	|| time cost : 0h 4m 21.041s
********************************************************************************************************************
********************************************************************************************************************
Ground state is obtained after 13 iterations. The current ground-state energy is -87.4105, in which electron energy is -87.7016 and phonon energy is 0.291075
final variational state is: 
	Gamma_x = [      1,1.05235, 1.1023,1.05235,1.05235, 1.1023,1.12293, 1.1023, 1.1023,1.12293,1.16884,1.12293,1.05235, 1.1023,1.12293, 1.1023]
	lambda_q = [0.733122,0.631117, 0.63144,0.631117,0.631117, 0.63144,0.567862, 0.63144, 0.63144,0.567862,0.582703,0.567862,0.631117, 0.63144,0.567862, 0.63144]
********************************************************************************************************************
o___o  ----------------------------------------
| L |	Time since last clock: 0h 0m 0s
A===A	Time since the beginning: 0h 42m 32.089s
***********************************************

********************************************************************************************************************
Start warm-up calculation for scaling factor 4
open output files: NGSEDWarmUpW4Obs.txt
********************************************************************************************************************
Start the 0 rounds of NGS-ED iteration
	effective electronic model is modified as: kinetic energy t = 0.721118
	                                           effective interaction Vq = [-3.93094, -3.6415,-3.64255, -3.6415, -3.6415,-3.64255, -3.4202,-3.64255,-3.64255, -3.4202,  -3.475, -3.4202, -3.6415,-3.64255, -3.4202,-3.64255]
	PARPACK diagonalization completed after 75 matrix-vector product operations.
	iteration results: : total energy is -77.217692 | electron energy -77.363296 + phonon energy 0.145604 | electron momentum kIdx = 0
	Nq(0) = 16,	Nq(1) = 0.295759,	Nq(2) = 0.346705,	Nq(3) = 0.295759,	Nq(4) = 0.295759,	Nq(5) = 0.346705,	Nq(6) = 0.48534,	Nq(7) = 0.346705,	Nq(8) = 0.346705,	Nq(9) = 0.48534,	Nq(10) = 0.546709,	Nq(11) = 0.48534,	Nq(12) = 0.295759,	Nq(13) = 0.346705,	Nq(14) = 0.48534,	Nq(15) = 0.346705,	Sq(0) = 8.4083e-18,	Sq(1) = 0.404417,	Sq(2) = 0.583146,	Sq(3) = 0.404417,	Sq(4) = 0.404417,	Sq(5) = 0.583146,	Sq(6) = 0.688637,	Sq(7) = 0.583146,	Sq(8) = 0.583146,	Sq(9) = 0.688637,	Sq(10) = 2.37758,	Sq(11) = 0.688637,	Sq(12) = 0.404417,	Sq(13) = 0.583146,	Sq(14) = 0.688637,	Sq(15) = 0.583146,	N(0) = 1.99244,	N(1) = 1.9814,	N(2) = 1,	N(3) = 1.9814,	N(4) = 1.9814,	N(5) = 1,	N(6) = 0.0185983,	N(7) = 1,	N(8) = 1,	N(9) = 0.0185983,	N(10) = 0.00755757,	N(11) = 0.0185983,	N(12) = 1.9814,	N(13) = 1,	N(14) = 0.0185983,	N(15) = 1,	Delta[s](0) = 0.208089,	Delta[s](1) = 0.19918,	Delta[s](2) = 0.177241,	Delta[s](3) = 0.19918,	Delta[s](4) = 0.19918,	Delta[s](5) = 0.177241,	Delta[s](6) = 0.168892,	Delta[s](7) = 0.177241,	Delta[s](8) = 0.177241,	Delta[s](9) = 0.168892,	Delta[s](10) = 0.131844,	Delta[s](11) = 0.168892,	Delta[s](12) = 0.19918,	Delta[s](13) = 0.177241,	Delta[s](14) = 0.168892,	Delta[s](15) = 0.177241,	Delta[d](0) = 0.556788,	Delta[d](1) = 0.375308,	Delta[d](2) = 0.322145,	Delta[d](3) = 0.375308,	Delta[d](4) = 0.375308,	Delta[d](5) = 0.358149,	Delta[d](6) = 0.278874,	Delta[d](7) = 0.358149,	Delta[d](8) = 0.322145,	Delta[d](9) = 0.278874,	Delta[d](10) = 0.163996,	Delta[d](11) = 0.278874,	Delta[d](12) = 0.375308,	Delta[d](13) = 0.358149,	Delta[d](14) = 0.278874,	Delta[d](15) = 0.358149,	Delta[s+](0) = 0.56821,	Delta[s+](1) = 0.465948,	Delta[s+](2) = 0.322145,	Delta[s+](3) = 0.465948,	Delta[s+](4) = 0.465948,	Delta[s+](5) = 0.322145,	Delta[s+](6) = 0.180883,	Delta[s+](7) = 0.322145,	Delta[s+](8) = 0.322145,	Delta[s+](9) = 0.180883,	Delta[s+](10) = 0.0720585,	Delta[s+](11) = 0.180883,	Delta[s+](12) = 0.465948,	Delta[s+](13) = 0.322145,	Delta[s+](14) = 0.180883,	Delta[s+](15) = 0.322145
The 0-th iteration is completed.	|| time cost : 0h 4m 40.115s
********************************************************************************************************************
Start the 1 rounds of NGS-ED iteration
	effective electronic model is modified as: kinetic energy t = 0.725394
	                                           effective interaction Vq = [-4.13407,-3.77858, -3.6182,-3.77858,-3.77858, -3.6182,-3.49908, -3.6182, -3.6182,-3.49908,-3.46238,-3.49908,-3.77858, -3.6182,-3.49908, -3.6182]
	PARPACK diagonalization completed after 45 matrix-vector product operations.
	iteration results: : total energy is -80.644689 | electron energy -80.980932 + phonon energy 0.336243 | electron momentum kIdx = 0
The 1-th iteration is completed.	|| time cost : 0h 0m 33.031s
********************************************************************************************************************
Start the 2 rounds of NGS-ED iteration
	effective electronic model is modified as: kinetic energy t = 0.721228
	                                           effective interaction Vq = [-4.22534,-3.86992, -3.6184,-3.86992,-3.86992, -3.6184,-3.57137, -3.6184, -3.6184,-3.57137,-3.48275,-3.57137,-3.86992, -3.6184,-3.57137, -3.6184]
	PARPACK diagonalization completed after 45 matrix-vector product operations.
	iteration results: : total energy is -82.172796 | electron energy -82.620846 + phonon energy 0.448051 | electron momentum kIdx = 0
The 2-th iteration is completed.	|| time cost : 0h 0m 32.808s
********************************************************************************************************************
Start the 3 rounds of NGS-ED iteration
	effective electronic model is modified as: kinetic energy t = 0.715437
	                                           effective interaction Vq = [-4.26635,-3.93239,-3.62628,-3.93239,-3.93239,-3.62628,-3.62958,-3.62628,-3.62628,-3.62958,-3.50746,-3.62958,-3.93239,-3.62628,-3.62958,-3.62628]
	PARPACK diagonalization completed after 45 matrix-vector product operations.
	iteration results: : total energy is -82.864392 | electron energy -83.377022 + phonon energy 0.512630 | electron momentum kIdx = 0
The 3-th iteration is completed.	|| time cost : 0h 0m 32.796s
********************************************************************************************************************
Start the 4 rounds of NGS-ED iteration
	effective electronic model is modified as: kinetic energy t = 0.710068
	                                           effective interaction Vq = [-4.28478,-3.97586,-3.63536,-3.97586,-3.97586,-3.63536,-3.67445,-3.63536,-3.63536,-3.67445, -3.5288,-3.67445,-3.97586,-3.63536,-3.67445,-3.63536]
	PARPACK diagonalization completed after 45 matrix-vector product operations.
	iteration results: : total energy is -83.179413 | electron energy -83.732728 + phonon energy 0.553315 | electron momentum kIdx = 0
The 4-th iteration is completed.	|| time cost : 0h 0m 32.725s
********************************************************************************************************************
Start the 5 rounds of NGS-ED iteration
	effective electronic model is modified as: kinetic energy t = 0.705624
	                                           effective interaction Vq = [-4.29306, -4.0065,-3.64353, -4.0065, -4.0065,-3.64353, -3.7085,-3.64353,-3.64353, -3.7085,-3.54559, -3.7085, -4.0065,-3.64353, -3.7085,-3.64353]
	PARPACK diagonalization completed after 45 matrix-vector product operations.
	iteration results: : total energy is -83.323551 | electron energy -83.904678 + phonon energy 0.581127 | electron momentum kIdx = 0
The 5-th iteration is completed.	|| time cost : 0h 0m 32.942s
********************************************************************************************************************
Start the 6 rounds of NGS-ED iteration
	effective electronic model is modified as: kinetic energy t = 0.702111
	                                           effective interaction Vq = [-4.29678, -4.0283,-3.65026, -4.0283, -4.0283,-3.65026,-3.73422,-3.65026,-3.65026,-3.73422,-3.55834,-3.73422, -4.0283,-3.65026,-3.73422,-3.65026]
	PARPACK diagonalization completed after 45 matrix-vector product operations.
	iteration results: : total energy is -83.389796 | electron energy -83.990957 + phonon energy 0.601161 | electron momentum kIdx = 0
The 6-th iteration is completed.	|| time cost : 0h 0m 32.732s
********************************************************************************************************************
Start the 7 rounds of NGS-ED iteration
	effective electronic model is modified as: kinetic energy t = 0.699393
	                                           effective interaction Vq = [-4.29845,-4.04395,-3.65561,-4.04395,-4.04395,-3.65561,-3.75364,-3.65561,-3.65561,-3.75364,-3.56789,-3.75364,-4.04395,-3.65561,-3.75364,-3.65561]
	PARPACK diagonalization completed after 45 matrix-vector product operations.
	iteration results: : total energy is -83.420397 | electron energy -84.036396 + phonon energy 0.615999 | electron momentum kIdx = 0
The 7-th iteration is completed.	|| time cost : 0h 0m 32.936s
********************************************************************************************************************
Start the 8 rounds of NGS-ED iteration
	effective electronic model is modified as: kinetic energy t = 0.697314
	                                           effective interaction Vq = [ -4.2992,-4.05526,-3.65977,-4.05526,-4.05526,-3.65977,-3.76829,-3.65977,-3.65977,-3.76829,  -3.575,-3.76829,-4.05526,-3.65977,-3.76829,-3.65977]
	PARPACK diagonalization completed after 45 matrix-vector product operations.
	iteration results: : total energy is -83.434616 | electron energy -84.061751 + phonon energy 0.627135 | electron momentum kIdx = 0
The 8-th iteration is completed.	|| time cost : 0h 0m 32.765s
********************************************************************************************************************
Start the 9 rounds of NGS-ED iteration
	effective electronic model is modified as: kinetic energy t = 0.695734
	                                           effective interaction Vq = [-4.29954,-4.06347,-3.66297,-4.06347,-4.06347,-3.66297,-3.77935,-3.66297,-3.66297,-3.77935,-3.58026,-3.77935,-4.06347,-3.66297,-3.77935,-3.66297]
