SNEDics v3.4 Non-Gaussian ED ground state program		Start at Tue Oct  1 23:54:29 2019

parallized on 16 MPI threads  * 8 OpenMP threads = 128 total threads.
********************************************************************************************************************
********************************************************************************************************************

********************************************************************************************************************
System parameters and configurations
********************************************************************************************************************
Special program options are enabled: splitted diagonal Hamiltonian
********************************************************************************************************************
Read input file "model_params.in"
	Hubbard-Holstein model parameters : 	t = 1    U = 4.8    g = 4    W = 5    
********************************************************************************************************************
Read input file "hilbertspace_params.in"
	Requested 16-site 2D lattice, with 16 electrons (8, 8)
	Boundary : Periodic		Hilbert space representation : momentum-space (restricted to kIdx = 10)
	Conservation: particle number[U(1)]      spin[U(1)]     momentum
********************************************************************************************************************

Cluster Positions:				Cluster symmetry group : D4
 x ... x ... x ... x .....                       x ... x ... x ... x .....
 |           |           :                       |           |           :
 |           |           :                       |           |           :
12    13    14    15     x                       1     5     6     5     x
 |           |           :                       |           |           :
 |           |           :                       |           |           :
 8 --- 9 ---10 ---11 --- x                       2 --- 6 ---10 --- 6 --- x
 |           |           :                       |           |           :
 |           |           :                       |           |           :
 4     5     6     7     x                       1     5     6     5     x
 |           |           :                       |           |           :
 |           |           :                       |           |           :
 0 --- 1 --- 2 --- 3 --- x                       0 --- 1 --- 2 --- 1 --- x
orbital number : 1
********************************************************************************************************************
Read input file "obs_params.in"
	Observable Type : Nq(All),   Sq(All),   N(All),   Delta[s](All),   Delta[d](All),   Delta[s+](All)
********************************************************************************************************************
** WARNING ** the input observables have non-local factors which have been reinterpreted. The total observable number is 96
********************************************************************************************************************


********************************************************************************************************************
Start calculating the non-Gaussian ED ground state
** WARNING ** Detected low phonon energy W < 10. The initial state will be prepared through a warm-up process.
********************************************************************************************************************
Start warm-up calculation for scaling factor 2
open output files: NGSEDWarmUpW10Obs.txt
********************************************************************************************************************
Start the 0 rounds of NGS-ED iteration
	effective electronic model is modified as: kinetic energy t = 1
	                                           effective interaction Vq = [-0,-0,-0,-0,-0,-0,-0,-0,-0,-0,-0,-0,-0,-0,-0,-0]
	first Hamiltonian is constructed, non-zero numbers = 2845334624
	PARPACK diagonalization completed after 90 matrix-vector product operations.
	iteration results: : total energy is -12.080587 | electron energy -12.080587 + phonon energy 0.000000 | electron momentum kIdx = 10
	Nq(0) = 16,	Nq(1) = 0.13571,	Nq(2) = 0.205009,	Nq(3) = 0.13571,	Nq(4) = 0.13571,	Nq(5) = 0.205009,	Nq(6) = 0.278339,	Nq(7) = 0.205009,	Nq(8) = 0.205009,	Nq(9) = 0.278339,	Nq(10) = 0.33813,	Nq(11) = 0.278339,	Nq(12) = 0.13571,	Nq(13) = 0.205009,	Nq(14) = 0.278339,	Nq(15) = 0.205009,	Sq(0) = 2.41906e-18,	Sq(1) = 0.294253,	Sq(2) = 0.412654,	Sq(3) = 0.294253,	Sq(4) = 0.294253,	Sq(5) = 0.412654,	Sq(6) = 0.614615,	Sq(7) = 0.412654,	Sq(8) = 0.412654,	Sq(9) = 0.614615,	Sq(10) = 6.66422,	Sq(11) = 0.614615,	Sq(12) = 0.294253,	Sq(13) = 0.412654,	Sq(14) = 0.614615,	Sq(15) = 0.412654,	N(0) = 1.90386,	N(1) = 1.78676,	N(2) = 1,	N(3) = 1.78676,	N(4) = 1.78676,	N(5) = 1,	N(6) = 0.213235,	N(7) = 1,	N(8) = 1,	N(9) = 0.213235,	N(10) = 0.0961422,	N(11) = 0.213235,	N(12) = 1.78676,	N(13) = 1,	N(14) = 0.213235,	N(15) = 1,	Delta[s](0) = 0.150458,	Delta[s](1) = 0.128668,	Delta[s](2) = 0.102026,	Delta[s](3) = 0.128668,	Delta[s](4) = 0.128668,	Delta[s](5) = 0.102026,	Delta[s](6) = 0.0767903,	Delta[s](7) = 0.102026,	Delta[s](8) = 0.102026,	Delta[s](9) = 0.0767903,	Delta[s](10) = 0.0277395,	Delta[s](11) = 0.0767903,	Delta[s](12) = 0.128668,	Delta[s](13) = 0.102026,	Delta[s](14) = 0.0767903,	Delta[s](15) = 0.102026,	Delta[d](0) = 0.52478,	Delta[d](1) = 0.406651,	Delta[d](2) = 0.341965,	Delta[d](3) = 0.406651,	Delta[d](4) = 0.406651,	Delta[d](5) = 0.383007,	Delta[d](6) = 0.315729,	Delta[d](7) = 0.383007,	Delta[d](8) = 0.341965,	Delta[d](9) = 0.315729,	Delta[d](10) = 0.256035,	Delta[d](11) = 0.315729,	Delta[d](12) = 0.406651,	Delta[d](13) = 0.383007,	Delta[d](14) = 0.315729,	Delta[d](15) = 0.383007,	Delta[s+](0) = 0.592803,	Delta[s+](1) = 0.488727,	Delta[s+](2) = 0.341965,	Delta[s+](3) = 0.488727,	Delta[s+](4) = 0.488727,	Delta[s+](5) = 0.341965,	Delta[s+](6) = 0.199138,	Delta[s+](7) = 0.341965,	Delta[s+](8) = 0.341965,	Delta[s+](9) = 0.199138,	Delta[s+](10) = 0.0839628,	Delta[s+](11) = 0.199138,	Delta[s+](12) = 0.488727,	Delta[s+](13) = 0.341965,	Delta[s+](14) = 0.199138,	Delta[s+](15) = 0.341965
The 0-th iteration is completed.	|| time cost : 0h 8m 38.398s
********************************************************************************************************************
Start the 1 rounds of NGS-ED iteration
	effective electronic model is modified as: kinetic energy t = 0.923257
	                                           effective interaction Vq = [-2.76693,-2.50034,-2.41802,-2.50034,-2.50034,-2.41802,-2.38469,-2.41802,-2.41802,-2.38469,-2.35079,-2.38469,-2.50034,-2.41802,-2.38469,-2.41802]
	PARPACK diagonalization completed after 45 matrix-vector product operations.
	iteration results: : total energy is -66.575980 | electron energy -66.581195 + phonon energy 0.005215 | electron momentum kIdx = 10
The 1-th iteration is completed.	|| time cost : 0h 7m 29.411s
********************************************************************************************************************
Start the 2 rounds of NGS-ED iteration
	effective electronic model is modified as: kinetic energy t = 0.854606
	                                           effective interaction Vq = [-3.14139,-3.01175,-2.97648,-3.01175,-3.01175,-2.97648,-2.90229,-2.97648,-2.97648,-2.90229,-2.82652,-2.90229,-3.01175,-2.97648,-2.90229,-2.97648]
	PARPACK diagonalization completed after 30 matrix-vector product operations.
	iteration results: : total energy is -75.589589 | electron energy -75.638436 + phonon energy 0.048847 | electron momentum kIdx = 10
The 2-th iteration is completed.	|| time cost : 0h 0m 27.278s
********************************************************************************************************************
Start the 3 rounds of NGS-ED iteration
	effective electronic model is modified as: kinetic energy t = 0.826546
	                                           effective interaction Vq = [-3.19207,-3.11531,-3.09777,-3.11531,-3.11531,-3.09777,-3.02738,-3.09777,-3.09777,-3.02738,-2.94833,-3.02738,-3.11531,-3.09777,-3.02738,-3.09777]
	PARPACK diagonalization completed after 30 matrix-vector product operations.
	iteration results: : total energy is -76.821678 | electron energy -76.909246 + phonon energy 0.087569 | electron momentum kIdx = 10
The 3-th iteration is completed.	|| time cost : 0h 0m 27.295s
********************************************************************************************************************
Start the 4 rounds of NGS-ED iteration
	effective electronic model is modified as: kinetic energy t = 0.816218
	                                           effective interaction Vq = [-3.19893,-3.14172,-3.12982,-3.14172,-3.14172,-3.12982,-3.06447,-3.12982,-3.12982,-3.06447,-2.98648,-3.06447,-3.14172,-3.12982,-3.06447,-3.12982]
	PARPACK diagonalization completed after 30 matrix-vector product operations.
	iteration results: : total energy is -76.985677 | electron energy -77.091331 + phonon energy 0.105653 | electron momentum kIdx = 10
The 4-th iteration is completed.	|| time cost : 0h 0m 27.626s
********************************************************************************************************************
Start the 5 rounds of NGS-ED iteration
	effective electronic model is modified as: kinetic energy t = 0.812528
	                                           effective interaction Vq = [-3.19985,-3.14967,-3.13963,-3.14967,-3.14967,-3.13963,-3.07681,-3.13963,-3.13963,-3.07681,-2.99959,-3.07681,-3.14967,-3.13963,-3.07681,-3.13963]
	PARPACK diagonalization completed after 105 matrix-vector product operations.
	iteration results: : total energy is -77.446903 | electron energy -77.559607 + phonon energy 0.112704 | electron momentum kIdx = 10
The 5-th iteration is completed.	|| time cost : 0h 0m 50.903s
********************************************************************************************************************
Start the 6 rounds of NGS-ED iteration
	effective electronic model is modified as: kinetic energy t = 0.80861
	                                           effective interaction Vq = [-3.19998,-3.14787,-3.14854,-3.14787,-3.14787,-3.14854,-3.07374,-3.14854,-3.14854,-3.07374,-3.08841,-3.07374,-3.14787,-3.14854,-3.07374,-3.14854]
	PARPACK diagonalization completed after 45 matrix-vector product operations.
	iteration results: : total energy is -77.506204 | electron energy -77.624772 + phonon energy 0.118567 | electron momentum kIdx = 10
The 6-th iteration is completed.	|| time cost : 0h 0m 31.995s
********************************************************************************************************************
Start the 7 rounds of NGS-ED iteration
	effective electronic model is modified as: kinetic energy t = 0.807205
	                                           effective interaction Vq = [    -3.2,-3.14814,-3.13894,-3.14814,-3.14814,-3.13894,-3.07427,-3.13894,-3.13894,-3.07427, -3.1539,-3.07427,-3.14814,-3.13894,-3.07427,-3.13894]
	PARPACK diagonalization completed after 45 matrix-vector product operations.
	iteration results: : total energy is -77.671930 | electron energy -77.794709 + phonon energy 0.122779 | electron momentum kIdx = 10
The 7-th iteration is completed.	|| time cost : 0h 0m 32.039s
********************************************************************************************************************
Start the 8 rounds of NGS-ED iteration
	effective electronic model is modified as: kinetic energy t = 0.815181
	                                           effective interaction Vq = [    -3.2,-3.14075,-3.07596,-3.14075,-3.14075,-3.07596,-3.06373,-3.07596,-3.07596,-3.06373,-3.18445,-3.06373,-3.14075,-3.07596,-3.06373,-3.07596]
	PARPACK diagonalization completed after 30 matrix-vector product operations.
	iteration results: : total energy is -77.816873 | electron energy -77.937379 + phonon energy 0.120506 | electron momentum kIdx = 10
The 8-th iteration is completed.	|| time cost : 0h 0m 27.392s
********************************************************************************************************************
Start the 9 rounds of NGS-ED iteration
	effective electronic model is modified as: kinetic energy t = 0.819565
	                                           effective interaction Vq = [    -3.2,-3.13308,-3.04026,-3.13308,-3.13308,-3.04026, -3.0532,-3.04026,-3.04026, -3.0532,-3.19167, -3.0532,-3.13308,-3.04026, -3.0532,-3.04026]
	PARPACK diagonalization completed after 30 matrix-vector product operations.
	iteration results: : total energy is -77.841759 | electron energy -77.959214 + phonon energy 0.117455 | electron momentum kIdx = 10
The 9-th iteration is completed.	|| time cost : 0h 0m 27.317s
********************************************************************************************************************
Start the 10 rounds of NGS-ED iteration
	effective electronic model is modified as: kinetic energy t = 0.82144
	                                           effective interaction Vq = [    -3.2,-3.12865,-3.02583,-3.12865,-3.12865,-3.02583,-3.04728,-3.02583,-3.02583,-3.04728,-3.19368,-3.04728,-3.12865,-3.02583,-3.04728,-3.02583]
	PARPACK diagonalization completed after 30 matrix-vector product operations.
	iteration results: : total energy is -77.845350 | electron energy -77.961045 + phonon energy 0.115695 | electron momentum kIdx = 10
	Nq(0) = 16,	Nq(1) = 0.32184,	Nq(2) = 0.364679,	Nq(3) = 0.32184,	Nq(4) = 0.32184,	Nq(5) = 0.364679,	Nq(6) = 0.588756,	Nq(7) = 0.364679,	Nq(8) = 0.364679,	Nq(9) = 0.588756,	Nq(10) = 4.9107,	Nq(11) = 0.588756,	Nq(12) = 0.32184,	Nq(13) = 0.364679,	Nq(14) = 0.588756,	Nq(15) = 0.364679,	Sq(0) = 2.25826e-18,	Sq(1) = 0.251661,	Sq(2) = 0.315176,	Sq(3) = 0.251661,	Sq(4) = 0.251661,	Sq(5) = 0.315176,	Sq(6) = 0.459071,	Sq(7) = 0.315176,	Sq(8) = 0.315176,	Sq(9) = 0.459071,	Sq(10) = 0.524862,	Sq(11) = 0.459071,	Sq(12) = 0.251661,	Sq(13) = 0.315176,	Sq(14) = 0.459071,	Sq(15) = 0.315176,	N(0) = 1.98368,	N(1) = 1.95621,	N(2) = 1,	N(3) = 1.95621,	N(4) = 1.95621,	N(5) = 1,	N(6) = 0.0437875,	N(7) = 1,	N(8) = 1,	N(9) = 0.0437875,	N(10) = 0.0163204,	N(11) = 0.0437875,	N(12) = 1.95621,	N(13) = 1,	N(14) = 0.0437875,	N(15) = 1,	Delta[s](0) = 0.47474,	Delta[s](1) = 0.357334,	Delta[s](2) = 0.342178,	Delta[s](3) = 0.357334,	Delta[s](4) = 0.357334,	Delta[s](5) = 0.342178,	Delta[s](6) = 0.288348,	Delta[s](7) = 0.342178,	Delta[s](8) = 0.342178,	Delta[s](9) = 0.288348,	Delta[s](10) = 0.260041,	Delta[s](11) = 0.288348,	Delta[s](12) = 0.357334,	Delta[s](13) = 0.342178,	Delta[s](14) = 0.288348,	Delta[s](15) = 0.342178,	Delta[d](0) = 0.221453,	Delta[d](1) = 0.214351,	Delta[d](2) = 0.214224,	Delta[d](3) = 0.214351,	Delta[d](4) = 0.214351,	Delta[d](5) = 0.140903,	Delta[d](6) = 0.173875,	Delta[d](7) = 0.140903,	Delta[d](8) = 0.214224,	Delta[d](9) = 0.173875,	Delta[d](10) = 0.0603172,	Delta[d](11) = 0.173875,	Delta[d](12) = 0.214351,	Delta[d](13) = 0.140903,	Delta[d](14) = 0.173875,	Delta[d](15) = 0.140903,	Delta[s+](0) = 0.413784,	Delta[s+](1) = 0.32944,	Delta[s+](2) = 0.214224,	Delta[s+](3) = 0.32944,	Delta[s+](4) = 0.32944,	Delta[s+](5) = 0.214224,	Delta[s+](6) = 0.0969107,	Delta[s+](7) = 0.214224,	Delta[s+](8) = 0.214224,	Delta[s+](9) = 0.0969107,	Delta[s+](10) = 0.0334621,	Delta[s+](11) = 0.0969107,	Delta[s+](12) = 0.32944,	Delta[s+](13) = 0.214224,	Delta[s+](14) = 0.0969107,	Delta[s+](15) = 0.214224
The 10-th iteration is completed.	|| time cost : 0h 4m 33.068s
********************************************************************************************************************
Start the 11 rounds of NGS-ED iteration
	effective electronic model is modified as: kinetic energy t = 0.822226
	                                           effective interaction Vq = [    -3.2,-3.12646,-3.02032,-3.12646,-3.12646,-3.02032,-3.04437,-3.02032,-3.02032,-3.04437,-3.19432,-3.04437,-3.12646,-3.02032,-3.04437,-3.02032]
	PARPACK diagonalization completed after 30 matrix-vector product operations.
	iteration results: : total energy is -77.845877 | electron energy -77.960714 + phonon energy 0.114837 | electron momentum kIdx = 10
The 11-th iteration is completed.	|| time cost : 0h 0m 27.451s
********************************************************************************************************************
Start the 12 rounds of NGS-ED iteration
	effective electronic model is modified as: kinetic energy t = 0.822554
	                                           effective interaction Vq = [    -3.2,-3.12545,-3.01824,-3.12545,-3.12545,-3.01824,-3.04302,-3.01824,-3.01824,-3.04302,-3.19454,-3.04302,-3.12545,-3.01824,-3.04302,-3.01824]
	PARPACK diagonalization completed after 30 matrix-vector product operations.
	iteration results: : total energy is -77.845958 | electron energy -77.960401 + phonon energy 0.114443 | electron momentum kIdx = 10
The 12-th iteration is completed.	|| time cost : 0h 0m 27.338s
********************************************************************************************************************
Start the 13 rounds of NGS-ED iteration
	effective electronic model is modified as: kinetic energy t = 0.82269
	                                           effective interaction Vq = [    -3.2,  -3.125,-3.01745,  -3.125,  -3.125,-3.01745,-3.04242,-3.01745,-3.01745,-3.04242,-3.19461,-3.04242,  -3.125,-3.01745,-3.04242,-3.01745]
	PARPACK diagonalization completed after 30 matrix-vector product operations.
	iteration results: : total energy is -77.845970 | electron energy -77.960238 + phonon energy 0.114268 | electron momentum kIdx = 10
The 13-th iteration is completed.	|| time cost : 0h 0m 27.381s
********************************************************************************************************************
Start the 14 rounds of NGS-ED iteration
	effective electronic model is modified as: kinetic energy t = 0.822747
	                                           effective interaction Vq = [    -3.2, -3.1248,-3.01715, -3.1248, -3.1248,-3.01715,-3.04215,-3.01715,-3.01715,-3.04215,-3.19464,-3.04215, -3.1248,-3.01715,-3.04215,-3.01715]
	PARPACK diagonalization completed after 30 matrix-vector product operations.
	iteration results: : total energy is -77.845972 | electron energy -77.960164 + phonon energy 0.114192 | electron momentum kIdx = 10
	Nq(0) = 16,	Nq(1) = 0.319988,	Nq(2) = 0.363239,	Nq(3) = 0.319988,	Nq(4) = 0.319988,	Nq(5) = 0.363239,	Nq(6) = 0.586107,	Nq(7) = 0.363239,	Nq(8) = 0.363239,	Nq(9) = 0.586107,	Nq(10) = 4.94088,	Nq(11) = 0.586107,	Nq(12) = 0.319988,	Nq(13) = 0.363239,	Nq(14) = 0.586107,	Nq(15) = 0.363239,	Sq(0) = -5.44943e-18,	Sq(1) = 0.251239,	Sq(2) = 0.314986,	Sq(3) = 0.251239,	Sq(4) = 0.251239,	Sq(5) = 0.314986,	Sq(6) = 0.45886,	Sq(7) = 0.314986,	Sq(8) = 0.314986,	Sq(9) = 0.45886,	Sq(10) = 0.524997,	Sq(11) = 0.45886,	Sq(12) = 0.251239,	Sq(13) = 0.314986,	Sq(14) = 0.45886,	Sq(15) = 0.314986,	N(0) = 1.98359,	N(1) = 1.95577,	N(2) = 1,	N(3) = 1.95577,	N(4) = 1.95577,	N(5) = 1,	N(6) = 0.0442258,	N(7) = 1,	N(8) = 1,	N(9) = 0.0442258,	N(10) = 0.0164143,	N(11) = 0.0442258,	N(12) = 1.95577,	N(13) = 1,	N(14) = 0.0442258,	N(15) = 1,	Delta[s](0) = 0.473383,	Delta[s](1) = 0.357554,	Delta[s](2) = 0.342277,	Delta[s](3) = 0.357554,	Delta[s](4) = 0.357554,	Delta[s](5) = 0.342277,	Delta[s](6) = 0.288621,	Delta[s](7) = 0.342277,	Delta[s](8) = 0.342277,	Delta[s](9) = 0.288621,	Delta[s](10) = 0.260598,	Delta[s](11) = 0.288621,	Delta[s](12) = 0.357554,	Delta[s](13) = 0.342277,	Delta[s](14) = 0.288621,	Delta[s](15) = 0.342277,	Delta[d](0) = 0.220957,	Delta[d](1) = 0.213732,	Delta[d](2) = 0.213872,	Delta[d](3) = 0.213732,	Delta[d](4) = 0.213732,	Delta[d](5) = 0.140392,	Delta[d](6) = 0.173212,	Delta[d](7) = 0.140392,	Delta[d](8) = 0.213872,	Delta[d](9) = 0.173212,	Delta[d](10) = 0.0597876,	Delta[d](11) = 0.173212,	Delta[d](12) = 0.213732,	Delta[d](13) = 0.140392,	Delta[d](14) = 0.173212,	Delta[d](15) = 0.140392,	Delta[s+](0) = 0.413823,	Delta[s+](1) = 0.329186,	Delta[s+](2) = 0.213872,	Delta[s+](3) = 0.329186,	Delta[s+](4) = 0.329186,	Delta[s+](5) = 0.213872,	Delta[s+](6) = 0.0964729,	Delta[s+](7) = 0.213872,	Delta[s+](8) = 0.213872,	Delta[s+](9) = 0.0964729,	Delta[s+](10) = 0.0331828,	Delta[s+](11) = 0.0964729,	Delta[s+](12) = 0.329186,	Delta[s+](13) = 0.213872,	Delta[s+](14) = 0.0964729,	Delta[s+](15) = 0.213872
The 14-th iteration is completed.	|| time cost : 0h 4m 41.861s
********************************************************************************************************************
********************************************************************************************************************
Ground state is obtained after 15 iterations. The current ground-state energy is -77.846, in which electron energy is -77.9602 and phonon energy is 0.114192
final variational state is: 
	Gamma_x = [      1,1.02696, 1.0432,1.02696,1.02696, 1.0432,1.06694, 1.0432, 1.0432,1.06694,1.13158,1.06694,1.02696, 1.0432,1.06694, 1.0432]
	lambda_q = [0.565685,0.478921,0.430421,0.478921,0.478921,0.430421,0.440003,0.430421,0.430421,0.440003,0.542559,0.440003,0.478921,0.430421,0.440003,0.430421]
********************************************************************************************************************
o___o  ----------------------------------------
| L |	Time since last clock: 0h 0m 0s
A===A	Time since the beginning: 0h 30m 56.759s
***********************************************


********************************************************************************************************************
Warm up runs have been completed. Start calculating W = 5 phonon.
open output files: NGSEDIterationObs.txt
********************************************************************************************************************
Start the 0 rounds of NGS-ED iteration
	effective electronic model is modified as: kinetic energy t = 0.82277
	                                           effective interaction Vq = [-2.92548,-2.68454,-2.51706,-2.68454,-2.68454,-2.51706,-2.55201,-2.51706,-2.51706,-2.55201,-2.86862,-2.55201,-2.68454,-2.51706,-2.55201,-2.51706]
	PARPACK diagonalization completed after 30 matrix-vector product operations.
	iteration results: : total energy is -69.216642 | electron energy -69.273722 + phonon energy 0.057079 | electron momentum kIdx = 10
	Nq(0) = 16,	Nq(1) = 0.314251,	Nq(2) = 0.349166,	Nq(3) = 0.314251,	Nq(4) = 0.314251,	Nq(5) = 0.349166,	Nq(6) = 0.550302,	Nq(7) = 0.349166,	Nq(8) = 0.349166,	Nq(9) = 0.550302,	Nq(10) = 4.59185,	Nq(11) = 0.550302,	Nq(12) = 0.314251,	Nq(13) = 0.349166,	Nq(14) = 0.550302,	Nq(15) = 0.349166,	Sq(0) = -7.65895e-20,	Sq(1) = 0.287015,	Sq(2) = 0.340753,	Sq(3) = 0.287015,	Sq(4) = 0.287015,	Sq(5) = 0.340753,	Sq(6) = 0.520363,	Sq(7) = 0.340753,	Sq(8) = 0.340753,	Sq(9) = 0.520363,	Sq(10) = 0.580908,	Sq(11) = 0.520363,	Sq(12) = 0.287015,	Sq(13) = 0.340753,	Sq(14) = 0.520363,	Sq(15) = 0.340753,	N(0) = 1.99223,	N(1) = 1.97579,	N(2) = 1,	N(3) = 1.97579,	N(4) = 1.97579,	N(5) = 1,	N(6) = 0.0242108,	N(7) = 1,	N(8) = 1,	N(9) = 0.0242108,	N(10) = 0.00776782,	N(11) = 0.0242108,	N(12) = 1.97579,	N(13) = 1,	N(14) = 0.0242108,	N(15) = 1,	Delta[s](0) = 0.403096,	Delta[s](1) = 0.334311,	Delta[s](2) = 0.323219,	Delta[s](3) = 0.334311,	Delta[s](4) = 0.334311,	Delta[s](5) = 0.323219,	Delta[s](6) = 0.281339,	Delta[s](7) = 0.323219,	Delta[s](8) = 0.323219,	Delta[s](9) = 0.281339,	Delta[s](10) = 0.267519,	Delta[s](11) = 0.281339,	Delta[s](12) = 0.334311,	Delta[s](13) = 0.323219,	Delta[s](14) = 0.281339,	Delta[s](15) = 0.323219,	Delta[d](0) = 0.2301,	Delta[d](1) = 0.22825,	Delta[d](2) = 0.230244,	Delta[d](3) = 0.22825,	Delta[d](4) = 0.22825,	Delta[d](5) = 0.148916,	Delta[d](6) = 0.186064,	Delta[d](7) = 0.148916,	Delta[d](8) = 0.230244,	Delta[d](9) = 0.186064,	Delta[d](10) = 0.067705,	Delta[d](11) = 0.186064,	Delta[d](12) = 0.22825,	Delta[d](13) = 0.148916,	Delta[d](14) = 0.186064,	Delta[d](15) = 0.148916,	Delta[s+](0) = 0.453363,	Delta[s+](1) = 0.354914,	Delta[s+](2) = 0.230244,	Delta[s+](3) = 0.354914,	Delta[s+](4) = 0.354914,	Delta[s+](5) = 0.230244,	Delta[s+](6) = 0.104959,	Delta[s+](7) = 0.230244,	Delta[s+](8) = 0.230244,	Delta[s+](9) = 0.104959,	Delta[s+](10) = 0.0375632,	Delta[s+](11) = 0.104959,	Delta[s+](12) = 0.354914,	Delta[s+](13) = 0.230244,	Delta[s+](14) = 0.104959,	Delta[s+](15) = 0.230244
The 0-th iteration is completed.	|| time cost : 0h 4m 20.862s
********************************************************************************************************************
Start the 1 rounds of NGS-ED iteration
	effective electronic model is modified as: kinetic energy t = 0.798143
	                                           effective interaction Vq = [-3.09901,-2.84517,-2.63479,-2.84517,-2.84517,-2.63479,-2.67778,-2.63479,-2.63479,-2.67778,-3.06426,-2.67778,-2.84517,-2.63479,-2.67778,-2.63479]
	PARPACK diagonalization completed after 30 matrix-vector product operations.
	iteration results: : total energy is -72.989140 | electron energy -73.166140 + phonon energy 0.177000 | electron momentum kIdx = 10
The 1-th iteration is completed.	|| time cost : 0h 0m 27.806s
********************************************************************************************************************
Start the 2 rounds of NGS-ED iteration
	effective electronic model is modified as: kinetic energy t = 0.786155
	                                           effective interaction Vq = [-3.16285,-2.90251,-2.68503,-2.90251,-2.90251,-2.68503,-2.72706,-2.68503,-2.68503,-2.72706,-3.14328,-2.72706,-2.90251,-2.68503,-2.72706,-2.68503]
	PARPACK diagonalization completed after 30 matrix-vector product operations.
	iteration results: : total energy is -74.374353 | electron energy -74.632142 + phonon energy 0.257790 | electron momentum kIdx = 10
The 2-th iteration is completed.	|| time cost : 0h 0m 27.333s
********************************************************************************************************************
Start the 3 rounds of NGS-ED iteration
	effective electronic model is modified as: kinetic energy t = 0.780927
	                                           effective interaction Vq = [-3.18633,-2.92111,-2.70514,-2.92111,-2.92111,-2.70514, -2.7441,-2.70514,-2.70514, -2.7441,-3.17317, -2.7441,-2.92111,-2.70514, -2.7441,-2.70514]
	PARPACK diagonalization completed after 30 matrix-vector product operations.
	iteration results: : total energy is -74.863657 | electron energy -75.164712 + phonon energy 0.301056 | electron momentum kIdx = 10
The 3-th iteration is completed.	|| time cost : 0h 0m 27.32s
********************************************************************************************************************
Start the 4 rounds of NGS-ED iteration
	effective electronic model is modified as: kinetic energy t = 0.778751
	                                           effective interaction Vq = [-3.19497,-2.92631,-2.71303,-2.92631,-2.92631,-2.71303,-2.74926,-2.71303,-2.71303,-2.74926,-3.18469,-2.74926,-2.92631,-2.71303,-2.74926,-2.71303]
	PARPACK diagonalization completed after 30 matrix-vector product operations.
	iteration results: : total energy is -75.034062 | electron energy -75.356786 + phonon energy 0.322724 | electron momentum kIdx = 10
The 4-th iteration is completed.	|| time cost : 0h 0m 27.411s
********************************************************************************************************************
Start the 5 rounds of NGS-ED iteration
	effective electronic model is modified as: kinetic energy t = 0.777888
	                                           effective interaction Vq = [-3.19815,-2.92711,-2.71602,-2.92711,-2.92711,-2.71602,-2.75028,-2.71602,-2.71602,-2.75028,-3.18942,-2.75028,-2.92711,-2.71602,-2.75028,-2.71602]
	PARPACK diagonalization completed after 30 matrix-vector product operations.
	iteration results: : total energy is -75.093566 | electron energy -75.426839 + phonon energy 0.333273 | electron momentum kIdx = 10
The 5-th iteration is completed.	|| time cost : 0h 0m 27.406s
********************************************************************************************************************
Start the 6 rounds of NGS-ED iteration
	effective electronic model is modified as: kinetic energy t = 0.77758
	                                           effective interaction Vq = [-3.19932, -2.9266,-2.71701, -2.9266, -2.9266,-2.71701,-2.74996,-2.71701,-2.71701,-2.74996,-3.19151,-2.74996, -2.9266,-2.71701,-2.74996,-2.71701]
	PARPACK diagonalization completed after 30 matrix-vector product operations.
	iteration results: : total energy is -75.114544 | electron energy -75.452815 + phonon energy 0.338271 | electron momentum kIdx = 10
The 6-th iteration is completed.	|| time cost : 0h 0m 27.344s
********************************************************************************************************************
Start the 7 rounds of NGS-ED iteration
	effective electronic model is modified as: kinetic energy t = 0.777503
	                                           effective interaction Vq = [-3.19975,-2.92581,-2.71722,-2.92581,-2.92581,-2.71722,-2.74929,-2.71722,-2.71722,-2.74929,-3.19248,-2.74929,-2.92581,-2.71722,-2.74929,-2.71722]
	PARPACK diagonalization completed after 30 matrix-vector product operations.
	iteration results: : total energy is -75.122019 | electron energy -75.462573 + phonon energy 0.340554 | electron momentum kIdx = 10
The 7-th iteration is completed.	|| time cost : 0h 0m 27.605s
********************************************************************************************************************
Start the 8 rounds of NGS-ED iteration
	effective electronic model is modified as: kinetic energy t = 0.777513
	                                           effective interaction Vq = [-3.19991,-2.92509,-2.71712,-2.92509,-2.92509,-2.71712,-2.74863,-2.71712,-2.71712,-2.74863,-3.19295,-2.74863,-2.92509,-2.71712,-2.74863,-2.71712]
	PARPACK diagonalization completed after 30 matrix-vector product operations.
	iteration results: : total energy is -75.124708 | electron energy -75.466246 + phonon energy 0.341539 | electron momentum kIdx = 10
The 8-th iteration is completed.	|| time cost : 0h 0m 27.718s
********************************************************************************************************************
Start the 9 rounds of NGS-ED iteration
	effective electronic model is modified as: kinetic energy t = 0.777551
	                                           effective interaction Vq = [-3.19997,-2.92452,-2.71694,-2.92452,-2.92452,-2.71694,-2.74808,-2.71694,-2.71694,-2.74808,-3.19319,-2.74808,-2.92452,-2.71694,-2.74808,-2.71694]
	PARPACK diagonalization completed after 30 matrix-vector product operations.
	iteration results: : total energy is -75.125681 | electron energy -75.467605 + phonon energy 0.341924 | electron momentum kIdx = 10
The 9-th iteration is completed.	|| time cost : 0h 0m 27.328s
********************************************************************************************************************
Start the 10 rounds of NGS-ED iteration
	effective electronic model is modified as: kinetic energy t = 0.777591
	                                           effective interaction Vq = [-3.19999,-2.92409,-2.71677,-2.92409,-2.92409,-2.71677,-2.74765,-2.71677,-2.71677,-2.74765,-3.19331,-2.74765,-2.92409,-2.71677,-2.74765,-2.71677]
	PARPACK diagonalization completed after 30 matrix-vector product operations.
	iteration results: : total energy is -75.126036 | electron energy -75.468079 + phonon energy 0.342043 | electron momentum kIdx = 10
	Nq(0) = 16,	Nq(1) = 0.244673,	Nq(2) = 0.311071,	Nq(3) = 0.244673,	Nq(4) = 0.244673,	Nq(5) = 0.311071,	Nq(6) = 0.469755,	Nq(7) = 0.311071,	Nq(8) = 0.311071,	Nq(9) = 0.469755,	Nq(10) = 6.45268,	Nq(11) = 0.469755,	Nq(12) = 0.244673,	Nq(13) = 0.311071,	Nq(14) = 0.469755,	Nq(15) = 0.311071,	Sq(0) = -5.33871e-19,	Sq(1) = 0.216715,	Sq(2) = 0.292818,	Sq(3) = 0.216715,	Sq(4) = 0.216715,	Sq(5) = 0.292818,	Sq(6) = 0.423978,	Sq(7) = 0.292818,	Sq(8) = 0.292818,	Sq(9) = 0.423978,	Sq(10) = 0.503496,	Sq(11) = 0.423978,	Sq(12) = 0.216715,	Sq(13) = 0.292818,	Sq(14) = 0.423978,	Sq(15) = 0.292818,	N(0) = 1.97131,	N(1) = 1.91224,	N(2) = 1,	N(3) = 1.91224,	N(4) = 1.91224,	N(5) = 1,	N(6) = 0.087756,	N(7) = 1,	N(8) = 1,	N(9) = 0.087756,	N(10) = 0.0286886,	N(11) = 0.087756,	N(12) = 1.91224,	N(13) = 1,	N(14) = 0.087756,	N(15) = 1,	Delta[s](0) = 0.423561,	Delta[s](1) = 0.367973,	Delta[s](2) = 0.351813,	Delta[s](3) = 0.367973,	Delta[s](4) = 0.367973,	Delta[s](5) = 0.351813,	Delta[s](6) = 0.320192,	Delta[s](7) = 0.351813,	Delta[s](8) = 0.351813,	Delta[s](9) = 0.320192,	Delta[s](10) = 0.301309,	Delta[s](11) = 0.320192,	Delta[s](12) = 0.367973,	Delta[s](13) = 0.351813,	Delta[s](14) = 0.320192,	Delta[s](15) = 0.351813,	Delta[d](0) = 0.203183,	Delta[d](1) = 0.190899,	Delta[d](2) = 0.204454,	Delta[d](3) = 0.190899,	Delta[d](4) = 0.190899,	Delta[d](5) = 0.132525,	Delta[d](6) = 0.152764,	Delta[d](7) = 0.132525,	Delta[d](8) = 0.204454,	Delta[d](9) = 0.152764,	Delta[d](10) = 0.0617858,	Delta[d](11) = 0.152764,	Delta[d](12) = 0.190899,	Delta[d](13) = 0.132525,	Delta[d](14) = 0.152764,	Delta[d](15) = 0.132525,	Delta[s+](0) = 0.41427,	Delta[s+](1) = 0.318386,	Delta[s+](2) = 0.204454,	Delta[s+](3) = 0.318386,	Delta[s+](4) = 0.318386,	Delta[s+](5) = 0.204454,	Delta[s+](6) = 0.0907852,	Delta[s+](7) = 0.204454,	Delta[s+](8) = 0.204454,	Delta[s+](9) = 0.0907852,	Delta[s+](10) = 0.0354343,	Delta[s+](11) = 0.0907852,	Delta[s+](12) = 0.318386,	Delta[s+](13) = 0.204454,	Delta[s+](14) = 0.0907852,	Delta[s+](15) = 0.204454
The 10-th iteration is completed.	|| time cost : 0h 4m 20.55s
********************************************************************************************************************
Start the 11 rounds of NGS-ED iteration
	effective electronic model is modified as: kinetic energy t = 0.777626
	                                           effective interaction Vq = [    -3.2,-2.92379,-2.71662,-2.92379,-2.92379,-2.71662,-2.74734,-2.71662,-2.71662,-2.74734,-3.19337,-2.74734,-2.92379,-2.71662,-2.74734,-2.71662]
	PARPACK diagonalization completed after 30 matrix-vector product operations.
	iteration results: : total energy is -75.126166 | electron energy -75.468220 + phonon energy 0.342054 | electron momentum kIdx = 10
The 11-th iteration is completed.	|| time cost : 0h 0m 27.662s
********************************************************************************************************************
Start the 12 rounds of NGS-ED iteration
	effective electronic model is modified as: kinetic energy t = 0.777654
	                                           effective interaction Vq = [    -3.2,-2.92358, -2.7165,-2.92358,-2.92358, -2.7165,-2.74712, -2.7165, -2.7165,-2.74712, -3.1934,-2.74712,-2.92358, -2.7165,-2.74712, -2.7165]
	PARPACK diagonalization completed after 30 matrix-vector product operations.
	iteration results: : total energy is -75.126214 | electron energy -75.468240 + phonon energy 0.342026 | electron momentum kIdx = 10
The 12-th iteration is completed.	|| time cost : 0h 0m 27.432s
********************************************************************************************************************
Start the 13 rounds of NGS-ED iteration
	effective electronic model is modified as: kinetic energy t = 0.777674
	                                           effective interaction Vq = [    -3.2,-2.92343,-2.71641,-2.92343,-2.92343,-2.71641,-2.74697,-2.71641,-2.71641,-2.74697,-3.19342,-2.74697,-2.92343,-2.71641,-2.74697,-2.71641]
	PARPACK diagonalization completed after 30 matrix-vector product operations.
	iteration results: : total energy is -75.126231 | electron energy -75.468221 + phonon energy 0.341990 | electron momentum kIdx = 10
The 13-th iteration is completed.	|| time cost : 0h 0m 27.62s
********************************************************************************************************************
Start the 14 rounds of NGS-ED iteration
	effective electronic model is modified as: kinetic energy t = 0.777689
	                                           effective interaction Vq = [    -3.2,-2.92333,-2.71635,-2.92333,-2.92333,-2.71635,-2.74686,-2.71635,-2.71635,-2.74686,-3.19342,-2.74686,-2.92333,-2.71635,-2.74686,-2.71635]
	PARPACK diagonalization completed after 30 matrix-vector product operations.
	iteration results: : total energy is -75.126238 | electron energy -75.468194 + phonon energy 0.341957 | electron momentum kIdx = 10
The 14-th iteration is completed.	|| time cost : 0h 0m 27.433s
********************************************************************************************************************
Start the 15 rounds of NGS-ED iteration
	effective electronic model is modified as: kinetic energy t = 0.777699
	                                           effective interaction Vq = [    -3.2,-2.92327,-2.71631,-2.92327,-2.92327,-2.71631,-2.74679,-2.71631,-2.71631,-2.74679,-3.19343,-2.74679,-2.92327,-2.71631,-2.74679,-2.71631]
	PARPACK diagonalization completed after 30 matrix-vector product operations.
	iteration results: : total energy is -75.126240 | electron energy -75.468170 + phonon energy 0.341930 | electron momentum kIdx = 10
The 15-th iteration is completed.	|| time cost : 0h 0m 27.663s
********************************************************************************************************************
Start the 16 rounds of NGS-ED iteration
	effective electronic model is modified as: kinetic energy t = 0.777706
	                                           effective interaction Vq = [    -3.2,-2.92322,-2.71628,-2.92322,-2.92322,-2.71628,-2.74674,-2.71628,-2.71628,-2.74674,-3.19343,-2.74674,-2.92322,-2.71628,-2.74674,-2.71628]
	PARPACK diagonalization completed after 30 matrix-vector product operations.
	iteration results: : total energy is -75.126241 | electron energy -75.468151 + phonon energy 0.341910 | electron momentum kIdx = 10
The 16-th iteration is completed.	|| time cost : 0h 0m 27.613s
********************************************************************************************************************
Start the 17 rounds of NGS-ED iteration
	effective electronic model is modified as: kinetic energy t = 0.777711
	                                           effective interaction Vq = [    -3.2,-2.92319,-2.71626,-2.92319,-2.92319,-2.71626, -2.7467,-2.71626,-2.71626, -2.7467,-3.19343, -2.7467,-2.92319,-2.71626, -2.7467,-2.71626]
	PARPACK diagonalization completed after 30 matrix-vector product operations.
	iteration results: : total energy is -75.126241 | electron energy -75.468137 + phonon energy 0.341896 | electron momentum kIdx = 10
The 17-th iteration is completed.	|| time cost : 0h 0m 27.363s
********************************************************************************************************************
Start the 18 rounds of NGS-ED iteration
	effective electronic model is modified as: kinetic energy t = 0.777714
	                                           effective interaction Vq = [    -3.2,-2.92317,-2.71624,-2.92317,-2.92317,-2.71624,-2.74668,-2.71624,-2.71624,-2.74668,-3.19343,-2.74668,-2.92317,-2.71624,-2.74668,-2.71624]
	PARPACK diagonalization completed after 30 matrix-vector product operations.
	iteration results: : total energy is -75.126241 | electron energy -75.468127 + phonon energy 0.341886 | electron momentum kIdx = 10
The 18-th iteration is completed.	|| time cost : 0h 0m 27.34s
********************************************************************************************************************
Start the 19 rounds of NGS-ED iteration
	effective electronic model is modified as: kinetic energy t = 0.777716
	                                           effective interaction Vq = [    -3.2,-2.92315,-2.71623,-2.92315,-2.92315,-2.71623,-2.74666,-2.71623,-2.71623,-2.74666,-3.19343,-2.74666,-2.92315,-2.71623,-2.74666,-2.71623]
	PARPACK diagonalization completed after 30 matrix-vector product operations.
	iteration results: : total energy is -75.126241 | electron energy -75.468120 + phonon energy 0.341878 | electron momentum kIdx = 10
The 19-th iteration is completed.	|| time cost : 0h 0m 27.341s
