SNEDics v3.2 diagonalization test program		Start at Wed May  1 21:50:16 2019

parallized on 80 MPI threads  * 6 OpenMP threads = 480 total threads.
************************************************************************************
************************************************************************************

Input file "model_params.in"
Hubbard-Holstein model parameters : 	t = 1    g = 1.5811    W = 1    
************************************************************************************
Input file "hilbertspace_params.in"

Cluster Positions:				Cluster symmetry group : D4
 x ... x ... x ... x .....                       x ... x ... x ... x .....
 |           |           :                       |           |           :
 |           |           :                       |           |           :
12    13    14    15     x                       1     5     6     5     x
 |           |           :                       |           |           :
 |           |           :                       |           |           :
 8 --- 9 ---10 ---11 --- x                       2 --- 6 ---10 --- 6 --- x
 |           |           :                       |           |           :
 |           |           :                       |           |           :
 4     5     6     7     x                       1     5     6     5     x
 |           |           :                       |           |           :
 |           |           :                       |           |           :
 0 --- 1 --- 2 --- 3 --- x                       0 --- 1 --- 2 --- 1 --- x
orbital number : 1
************************************************************************************
** NOTE ** Detected low phonon energy W < 10. The initial state will be prepared through a warm-up process.
starting warm-up calculation for scaling factor 16
0 rounds of non-Gaussian ED iteration : ground-state energy is -24 | electron energy -24 + phonon energy 0 | electron momentum kIdx = 0
Nq = 	16	0.35572	0.465227	0.35572	0.39428	0.487103	0.60572	0.507462	0.542672	0.64428	0.917633	0.64428	0.39428	0.507462	0.60572	0.487103
Sq = 	8.34467e-18	0.35572	0.425474	0.35572	0.39428	0.540027	0.60572	0.536794	0.565364	0.64428	0.940857	0.64428	0.39428	0.536794	0.60572	0.540027
effective band is asymmetric (tx,ty)=(0.923328,0.923189)
1 rounds of non-Gaussian ED iteration : ground-state energy is -86.2572 | electron energy -86.2653 + phonon energy 0.00802789 | electron momentum kIdx = 0
Nq = 	16	0.452222	0.654121	0.452222	0.453421	0.654805	0.846548	0.657942	0.660076	0.851801	3.7834	0.851801	0.453421	0.657942	0.846548	0.654805
Sq = 	5.92309e-19	0.12533	0.196096	0.12533	0.125481	0.196216	0.265661	0.196232	0.19634	0.265852	0.326947	0.265852	0.125481	0.196232	0.265661	0.196216
effective band is asymmetric (tx,ty)=(0.888148,0.88809)
2 rounds of non-Gaussian ED iteration : ground-state energy is -89.3063 | electron energy -89.3246 + phonon energy 0.0182758 | electron momentum kIdx = 0
Nq = 	16	0.367766	0.536778	0.367766	0.36792	0.536868	0.747144	0.537142	0.537344	0.747827	5.59051	0.747827	0.36792	0.537142	0.747144	0.536868
Sq = 	1.43151e-18	0.108389	0.174777	0.108389	0.1084	0.174785	0.237403	0.174787	0.174794	0.237417	0.294095	0.237417	0.1084	0.174787	0.237403	0.174785
effective band is asymmetric (tx,ty)=(0.883004,0.88299)
3 rounds of non-Gaussian ED iteration : ground-state energy is -89.4263 | electron energy -89.4468 + phonon energy 0.0204762 | electron momentum kIdx = 0
Nq = 	16	0.357711	0.522482	0.357711	0.357742	0.522501	0.733986	0.52255	0.522588	0.734125	5.80603	0.734125	0.357742	0.52255	0.733986	0.522501
Sq = 	-7.62598e-19	0.106746	0.172613	0.106746	0.106748	0.172614	0.234562	0.172614	0.172616	0.234564	0.290746	0.234564	0.106748	0.172614	0.234562	0.172614
effective band is asymmetric (tx,ty)=(0.882362,0.882359)
4 rounds of non-Gaussian ED iteration : ground-state energy is -89.4309 | electron energy -89.4518 + phonon energy 0.0208863 | electron momentum kIdx = 0
Nq = 	16	0.356255	0.520224	0.356255	0.356263	0.520229	0.732018	0.520239	0.520247	0.73205	5.83768	0.73205	0.356263	0.520239	0.732018	0.520229
Sq = 	2.73653e-19	0.10656	0.172365	0.10656	0.10656	0.172365	0.234237	0.172366	0.172366	0.234238	0.290363	0.234238	0.10656	0.172366	0.234237	0.172365
Ground state is obtained after 5 iterations. The current ground-state energy is -89.4311, in which electron energy is -89.4521 and phonon energy is 0.0209545
final variational state is: 
Gamma_x =       1  1.0084 1.01579  1.0084  1.0084 1.01579  1.0233 1.01579 1.01579  1.0233  1.0376  1.0233  1.0084 1.01579  1.0233 1.01579
lambda_q = 0.395142  0.36292 0.352566  0.36292 0.362921 0.352566 0.350338 0.352569 0.352571 0.350342 0.386926 0.350342 0.362921 0.352569 0.350338 0.352566
o___o  -------------------------------------
| L |	Time since last clock: 0h 25m 8.804s
A===A	Time since the beginning: 0h 25m 8.804s
********************************************

************************************************************************************
starting warm-up calculation for scaling factor 8
0 rounds of non-Gaussian ED iteration : ground-state energy is -82.4544 | electron energy -82.4649 + phonon energy 0.0104772 | electron momentum kIdx = 0
Nq = 	16	0.233742	0.339466	0.233742	0.233746	0.339467	0.504903	0.339469	0.339471	0.50491	8.08383	0.50491	0.233746	0.339469	0.504903	0.339467
Sq = 	-1.25638e-18	0.118365	0.186844	0.118365	0.118365	0.186844	0.254252	0.186844	0.186845	0.254253	0.31323	0.254253	0.118365	0.186844	0.254252	0.186844
1 rounds of non-Gaussian ED iteration : ground-state energy is -86.8285 | electron energy -86.8752 + phonon energy 0.046742 | electron momentum kIdx = 0
Nq = 	16	0.162934	0.257621	0.162934	0.162935	0.257622	0.381441	0.257622	0.257623	0.381443	9.77773	0.381443	0.162935	0.257622	0.381441	0.257622
Sq = 	-9.38001e-20	0.0975932	0.160083	0.0975932	0.0975934	0.160083	0.219016	0.160083	0.160083	0.219016	0.272097	0.219016	0.0975934	0.160083	0.219016	0.160083
2 rounds of non-Gaussian ED iteration : ground-state energy is -87.7132 | electron energy -87.7721 + phonon energy 0.0589025 | electron momentum kIdx = 0
Nq = 	16	0.141314	0.230764	0.141314	0.141315	0.230764	0.340005	0.230764	0.230764	0.340006	10.3063	0.340006	0.141315	0.230764	0.340005	0.230764
Sq = 	8.74583e-19	0.092012	0.152737	0.092012	0.0920121	0.152737	0.209572	0.152737	0.152737	0.209572	0.261121	0.209572	0.0920121	0.152737	0.209572	0.152737
3 rounds of non-Gaussian ED iteration : ground-state energy is -87.8928 | electron energy -87.9536 + phonon energy 0.0607534 | electron momentum kIdx = 0
Nq = 	16	0.131794	0.218422	0.131794	0.131794	0.218422	0.320964	0.218422	0.218423	0.320964	10.5347	0.320964	0.131794	0.218422	0.320964	0.218422
Sq = 	6.25358e-20	0.0900003	0.150146	0.0900003	0.0900003	0.150146	0.206349	0.150146	0.150146	0.206349	0.257468	0.206349	0.0900003	0.150146	0.206349	0.150146
4 rounds of non-Gaussian ED iteration : ground-state energy is -87.9306 | electron energy -87.9906 + phonon energy 0.0600284 | electron momentum kIdx = 0
Nq = 	16	0.126559	0.211492	0.126559	0.126559	0.211492	0.310275	0.211492	0.211492	0.310275	10.6598	0.310275	0.126559	0.211492	0.310275	0.211492
Sq = 	2.61019e-19	0.0889725	0.148852	0.0889725	0.0889725	0.148852	0.204781	0.148852	0.148852	0.204781	0.255736	0.204781	0.0889725	0.148852	0.204781	0.148852
5 rounds of non-Gaussian ED iteration : ground-state energy is -87.9391 | electron energy -87.998 + phonon energy 0.0588951 | electron momentum kIdx = 0
Nq = 	16	0.123456	0.207333	0.123456	0.123456	0.207333	0.303865	0.207333	0.207333	0.303865	10.7346	0.303865	0.123456	0.207333	0.303865	0.207333
Sq = 	8.52431e-20	0.0883582	0.148087	0.0883582	0.0883582	0.148087	0.203865	0.148087	0.148087	0.203865	0.254739	0.203865	0.0883582	0.148087	0.203865	0.148087
6 rounds of non-Gaussian ED iteration : ground-state energy is -87.9412 | electron energy -87.9991 + phonon energy 0.0579229 | electron momentum kIdx = 0
Nq = 	16	0.121573	0.204791	0.121573	0.121573	0.204791	0.299948	0.204791	0.204791	0.299948	10.7803	0.299948	0.121573	0.204791	0.299948	0.204791
Sq = 	-1.02449e-18	0.0879761	0.147613	0.0879761	0.0879761	0.147613	0.203301	0.147613	0.147613	0.203301	0.254127	0.203301	0.0879761	0.147613	0.203301	0.147613
Ground state is obtained after 7 iterations. The current ground-state energy is -87.9418, in which electron energy is -87.999 and phonon energy is 0.0572128
final variational state is: 
Gamma_x =       1 1.01679 1.02994 1.01679 1.01679 1.02994 1.04431 1.02994 1.02994 1.04431 1.12906 1.04431 1.01679 1.02994 1.04431 1.02994
lambda_q = 0.558397 0.383282 0.363276 0.383282 0.383282 0.363276 0.362038 0.363276 0.363276 0.362038 0.548338 0.362038 0.383282 0.363276 0.362038 0.363276
o___o  -------------------------------------
| L |	Time since last clock: 0h 34m 3.95s
A===A	Time since the beginning: 0h 59m 12.754s
********************************************

************************************************************************************
starting warm-up calculation for scaling factor 4
0 rounds of non-Gaussian ED iteration : ground-state energy is -80.8121 | electron energy -80.8407 + phonon energy 0.0286064 | electron momentum kIdx = 0
Nq = 	16	0.105674	0.181809	0.105674	0.105674	0.181809	0.264218	0.181809	0.181809	0.264218	11.0887	0.264218	0.105674	0.181809	0.264218	0.181809
Sq = 	1.53531e-18	0.088484	0.149539	0.088484	0.088484	0.149539	0.207313	0.149539	0.149539	0.207313	0.260465	0.207313	0.088484	0.149539	0.207313	0.149539
1 rounds of non-Gaussian ED iteration : ground-state energy is -84.1279 | electron energy -84.2019 + phonon energy 0.0739822 | electron momentum kIdx = 0
Nq = 	16	0.084463	0.150581	0.084463	0.084463	0.150581	0.218209	0.150581	0.150581	0.218209	11.8575	0.218209	0.084463	0.150581	0.218209	0.150581
Sq = 	-1.43362e-19	0.0743771	0.129589	0.0743771	0.0743771	0.129589	0.181033	0.129589	0.129589	0.181033	0.229157	0.181033	0.0743771	0.129589	0.181033	0.129589
2 rounds of non-Gaussian ED iteration : ground-state energy is -85.6045 | electron energy -85.7056 + phonon energy 0.1011 | electron momentum kIdx = 0
Nq = 	16	0.0750775	0.135861	0.0750775	0.0750775	0.135861	0.196725	0.135861	0.135861	0.196725	12.2159	0.196725	0.0750775	0.135861	0.196725	0.135861
Sq = 	5.73036e-19	0.0679675	0.120157	0.0679675	0.0679675	0.120157	0.168653	0.120157	0.120157	0.168653	0.214328	0.168653	0.0679675	0.120157	0.168653	0.120157
3 rounds of non-Gaussian ED iteration : ground-state energy is -86.2345 | electron energy -86.3497 + phonon energy 0.115216 | electron momentum kIdx = 0
Nq = 	16	0.070554	0.128547	0.070554	0.070554	0.128547	0.186063	0.128547	0.128547	0.186063	12.3931	0.186063	0.070554	0.128547	0.186063	0.128547
Sq = 	1.83766e-19	0.0648337	0.115465	0.0648337	0.0648337	0.115465	0.16251	0.115465	0.115465	0.16251	0.20697	0.16251	0.0648337	0.115465	0.16251	0.115465
4 rounds of non-Gaussian ED iteration : ground-state energy is -86.498 | electron energy -86.6207 + phonon energy 0.122742 | electron momentum kIdx = 0
Nq = 	16	0.0682188	0.124712	0.0682188	0.0682188	0.124712	0.180465	0.124712	0.124712	0.180465	12.4859	0.180465	0.0682188	0.124712	0.180465	0.124712
Sq = 	-8.44494e-19	0.0632029	0.113003	0.0632029	0.0632029	0.113003	0.159294	0.113003	0.113003	0.159294	0.203122	0.159294	0.0632029	0.113003	0.159294	0.113003
5 rounds of non-Gaussian ED iteration : ground-state energy is -86.6077 | electron energy -86.7346 + phonon energy 0.126922 | electron momentum kIdx = 0
Nq = 	16	0.0669571	0.122622	0.0669571	0.0669571	0.122622	0.17741	0.122622	0.122622	0.17741	12.5363	0.17741	0.0669571	0.122622	0.17741	0.122622
Sq = 	-5.65116e-19	0.0623177	0.111663	0.0623177	0.0623177	0.111663	0.157545	0.111663	0.111663	0.157545	0.201032	0.157545	0.0623177	0.111663	0.157545	0.111663
6 rounds of non-Gaussian ED iteration : ground-state energy is -86.6536 | electron energy -86.7829 + phonon energy 0.12928 | electron momentum kIdx = 0
Nq = 	16	0.0662548	0.121452	0.0662548	0.0662548	0.121452	0.175698	0.121452	0.121452	0.175698	12.5646	0.175698	0.0662548	0.121452	0.175698	0.121452
Sq = 	-7.16385e-19	0.0618236	0.110913	0.0618236	0.0618236	0.110913	0.156568	0.110913	0.110913	0.156568	0.199865	0.156568	0.0618236	0.110913	0.156568	0.110913
7 rounds of non-Gaussian ED iteration : ground-state energy is -86.673 | electron energy -86.8036 + phonon energy 0.130605 | electron momentum kIdx = 0
Nq = 	16	0.0658559	0.120786	0.0658559	0.0658559	0.120786	0.174721	0.120786	0.120786	0.174721	12.5806	0.174721	0.0658559	0.120786	0.174721	0.120786
Sq = 	6.88397e-19	0.0615425	0.110486	0.0615425	0.0615425	0.110486	0.156013	0.110486	0.110486	0.156013	0.199202	0.156013	0.0615425	0.110486	0.156013	0.110486
8 rounds of non-Gaussian ED iteration : ground-state energy is -86.6813 | electron energy -86.8127 + phonon energy 0.13134 | electron momentum kIdx = 0
Nq = 	16	0.0656262	0.120401	0.0656262	0.0656262	0.120401	0.174157	0.120401	0.120401	0.174157	12.5899	0.174157	0.0656262	0.120401	0.174157	0.120401
Sq = 	3.16152e-19	0.0613805	0.11024	0.0613805	0.0613805	0.11024	0.155692	0.11024	0.11024	0.155692	0.198821	0.155692	0.0613805	0.11024	0.155692	0.11024
9 rounds of non-Gaussian ED iteration : ground-state energy is -86.6849 | electron energy -86.8167 + phonon energy 0.131742 | electron momentum kIdx = 0
Nq = 	16	0.0654928	0.120177	0.0654928	0.0654928	0.120177	0.173828	0.120177	0.120177	0.173828	12.5953	0.173828	0.0654928	0.120177	0.173828	0.120177
Sq = 	-2.14043e-19	0.0612863	0.110097	0.0612863	0.0612863	0.110097	0.155506	0.110097	0.110097	0.155506	0.198599	0.155506	0.0612863	0.110097	0.155506	0.110097
10 rounds of non-Gaussian ED iteration : ground-state energy is -86.6865 | electron energy -86.8184 + phonon energy 0.13196 | electron momentum kIdx = 0
Nq = 	16	0.0654149	0.120046	0.0654149	0.0654149	0.120046	0.173636	0.120046	0.120046	0.173636	12.5985	0.173636	0.0654149	0.120046	0.173636	0.120046
Sq = 	3.39041e-19	0.0612314	0.110013	0.0612314	0.0612314	0.110013	0.155398	0.110013	0.110013	0.155398	0.19847	0.155398	0.0612314	0.110013	0.155398	0.110013
Ground state is obtained after 11 iterations. The current ground-state energy is -86.6872, in which electron energy is -86.8192 and phonon energy is 0.132076
final variational state is: 
Gamma_x =       1 1.01998 1.03638 1.01998 1.01998 1.03638 1.05278 1.03638 1.03638 1.05278 1.39586 1.05278 1.01998 1.03638 1.05278 1.03638
lambda_q =   0.7877 0.317548 0.304306 0.317548 0.317548 0.304306 0.300456 0.304306 0.304306 0.300456 0.772436 0.300456 0.317548 0.304306 0.300456 0.304306
o___o  -------------------------------------
| L |	Time since last clock: 0h 51m 29.608s
A===A	Time since the beginning: 1h 50m 42.363s
********************************************

************************************************************************************
starting warm-up calculation for scaling factor 2
0 rounds of non-Gaussian ED iteration : ground-state energy is -79.6428 | electron energy -79.7088 + phonon energy 0.0660379 | electron momentum kIdx = 0
Nq = 	16	0.0675251	0.122987	0.0675251	0.0675251	0.122987	0.177196	0.122987	0.122987	0.177196	12.4686	0.177196	0.0675251	0.122987	0.177196	0.122987
Sq = 	2.11982e-19	0.064505	0.115571	0.064505	0.064505	0.115571	0.163502	0.115571	0.115571	0.163502	0.209165	0.163502	0.064505	0.115571	0.163502	0.115571
1 rounds of non-Gaussian ED iteration : ground-state energy is -81.9531 | electron energy -82.0767 + phonon energy 0.123528 | electron momentum kIdx = 0
Nq = 	16	0.059184	0.109143	0.059184	0.059184	0.109143	0.157439	0.109143	0.109143	0.157439	12.8437	0.157439	0.059184	0.109143	0.157439	0.109143
Sq = 	1.91249e-19	0.0572104	0.104054	0.0572104	0.0572104	0.104054	0.147959	0.104054	0.104054	0.147959	0.189992	0.147959	0.0572104	0.104054	0.147959	0.104054
2 rounds of non-Gaussian ED iteration : ground-state energy is -83.4389 | electron energy -83.6096 + phonon energy 0.170745 | electron momentum kIdx = 0
Nq = 	16	0.0543919	0.101015	0.0543919	0.0543919	0.101015	0.145871	0.101015	0.101015	0.145871	13.0662	0.145871	0.0543919	0.101015	0.145871	0.101015
Sq = 	-4.39946e-19	0.052926	0.0971025	0.052926	0.052926	0.0971025	0.138523	0.0971025	0.0971025	0.138523	0.178272	0.138523	0.052926	0.0971025	0.138523	0.0971025
3 rounds of non-Gaussian ED iteration : ground-state energy is -84.3542 | electron energy -84.5612 + phonon energy 0.206926 | electron momentum kIdx = 0
Nq = 	16	0.0516693	0.0963396	0.0516693	0.0516693	0.0963396	0.139219	0.0963396	0.0963396	0.139219	13.195	0.139219	0.0516693	0.0963396	0.139219	0.0963396
Sq = 	7.8205e-20	0.050462	0.0930423	0.050462	0.050462	0.0930423	0.13299	0.0930423	0.0930423	0.13299	0.171376	0.13299	0.050462	0.0930423	0.13299	0.0930423
4 rounds of non-Gaussian ED iteration : ground-state energy is -84.9076 | electron energy -85.1415 + phonon energy 0.233937 | electron momentum kIdx = 0
Nq = 	16	0.0501255	0.0936686	0.0501255	0.0501255	0.0936686	0.135418	0.0936686	0.0936686	0.135418	13.2688	0.135418	0.0501255	0.0936686	0.135418	0.0936686
Sq = 	7.30747e-19	0.0490557	0.0907047	0.0490557	0.0490557	0.0907047	0.129798	0.0907047	0.0907047	0.129798	0.16739	0.129798	0.0490557	0.0907047	0.129798	0.0907047
5 rounds of non-Gaussian ED iteration : ground-state energy is -85.2419 | electron energy -85.4956 + phonon energy 0.253764 | electron momentum kIdx = 0
Nq = 	16	0.0492457	0.09214	0.0492457	0.0492457	0.09214	0.133242	0.09214	0.09214	0.133242	13.3111	0.133242	0.0492457	0.09214	0.133242	0.09214
Sq = 	7.39139e-19	0.0482517	0.0893619	0.0482517	0.0482517	0.0893619	0.127962	0.0893619	0.0893619	0.127962	0.165096	0.127962	0.0482517	0.0893619	0.127962	0.0893619
6 rounds of non-Gaussian ED iteration : ground-state energy is -85.4461 | electron energy -85.7142 + phonon energy 0.268079 | electron momentum kIdx = 0
Nq = 	16	0.0487386	0.0912563	0.0487386	0.0487386	0.0912563	0.131983	0.0912563	0.0912563	0.131983	13.3356	0.131983	0.0487386	0.0912563	0.131983	0.0912563
Sq = 	-1.50198e-18	0.0477874	0.0885844	0.0477874	0.0477874	0.0885844	0.126899	0.0885844	0.0885844	0.126899	0.163766	0.126899	0.0477874	0.0885844	0.126899	0.0885844
7 rounds of non-Gaussian ED iteration : ground-state energy is -85.573 | electron energy -85.8512 + phonon energy 0.27824 | electron momentum kIdx = 0
Nq = 	16	0.048441	0.0907369	0.048441	0.048441	0.0907369	0.131241	0.0907369	0.0907369	0.131241	13.3499	0.131241	0.048441	0.0907369	0.131241	0.0907369
Sq = 	2.67832e-19	0.0475147	0.0881273	0.0475147	0.0475147	0.0881273	0.126273	0.0881273	0.0881273	0.126273	0.162984	0.126273	0.0475147	0.0881273	0.126273	0.0881273
8 rounds of non-Gaussian ED iteration : ground-state energy is -85.6532 | electron energy -85.9385 + phonon energy 0.285337 | electron momentum kIdx = 0
Nq = 	16	0.0482627	0.0904251	0.0482627	0.0482627	0.0904251	0.130796	0.0904251	0.0904251	0.130796	13.3586	0.130796	0.0482627	0.0904251	0.130796	0.0904251
Sq = 	-1.71353e-19	0.0473512	0.087853	0.0473512	0.0473512	0.087853	0.125898	0.087853	0.087853	0.125898	0.162515	0.125898	0.0473512	0.087853	0.125898	0.087853
9 rounds of non-Gaussian ED iteration : ground-state energy is -85.7047 | electron energy -85.9949 + phonon energy 0.290223 | electron momentum kIdx = 0
Nq = 	16	0.0481533	0.0902337	0.0481533	0.0481533	0.0902337	0.130522	0.0902337	0.0902337	0.130522	13.3639	0.130522	0.0481533	0.0902337	0.130522	0.0902337
Sq = 	1.12725e-19	0.0472509	0.0876847	0.0472509	0.0472509	0.0876847	0.125668	0.0876847	0.0876847	0.125668	0.162228	0.125668	0.0472509	0.0876847	0.125668	0.0876847
10 rounds of non-Gaussian ED iteration : ground-state energy is -85.7382 | electron energy -86.0318 + phonon energy 0.293546 | electron momentum kIdx = 0
Nq = 	16	0.0480848	0.0901136	0.0480848	0.0480848	0.0901136	0.13035	0.0901136	0.0901136	0.13035	13.3672	0.13035	0.0480848	0.0901136	0.13035	0.0901136
Sq = 	-3.25144e-19	0.047188	0.0875791	0.047188	0.047188	0.0875791	0.125524	0.0875791	0.0875791	0.125524	0.162048	0.125524	0.047188	0.0875791	0.125524	0.0875791
11 rounds of non-Gaussian ED iteration : ground-state energy is -85.7602 | electron energy -86.056 + phonon energy 0.295784 | electron momentum kIdx = 0
Nq = 	16	0.0480409	0.0900367	0.0480409	0.0480409	0.0900367	0.13024	0.0900367	0.0900367	0.13024	13.3693	0.13024	0.0480409	0.0900367	0.13024	0.0900367
Sq = 	-5.31562e-19	0.0471478	0.0875117	0.0471478	0.0471478	0.0875117	0.125432	0.0875117	0.0875117	0.125432	0.161933	0.125432	0.0471478	0.0875117	0.125432	0.0875117
12 rounds of non-Gaussian ED iteration : ground-state energy is -85.7747 | electron energy -86.072 + phonon energy 0.297278 | electron momentum kIdx = 0
Nq = 	16	0.0480124	0.0899867	0.0480124	0.0480124	0.0899867	0.130168	0.0899867	0.0899867	0.130168	13.3707	0.130168	0.0480124	0.0899867	0.130168	0.0899867
Sq = 	-7.28875e-19	0.0471217	0.0874679	0.0471217	0.0471217	0.0874679	0.125372	0.0874679	0.0874679	0.125372	0.161858	0.125372	0.0471217	0.0874679	0.125372	0.0874679
13 rounds of non-Gaussian ED iteration : ground-state energy is -85.7844 | electron energy -86.0827 + phonon energy 0.29827 | electron momentum kIdx = 0
Nq = 	16	0.0479937	0.0899538	0.0479937	0.0479937	0.0899538	0.130121	0.0899538	0.0899538	0.130121	13.3716	0.130121	0.0479937	0.0899538	0.130121	0.0899538
Sq = 	-2.47967e-19	0.0471045	0.0874391	0.0471045	0.0471045	0.0874391	0.125333	0.0874391	0.0874391	0.125333	0.161809	0.125333	0.0471045	0.0874391	0.125333	0.0874391
14 rounds of non-Gaussian ED iteration : ground-state energy is -85.7908 | electron energy -86.0897 + phonon energy 0.298925 | electron momentum kIdx = 0
Nq = 	16	0.0479812	0.0899318	0.0479812	0.0479812	0.0899318	0.130089	0.0899318	0.0899318	0.130089	13.3722	0.130089	0.0479812	0.0899318	0.130089	0.0899318
Sq = 	1.21598e-18	0.047093	0.0874199	0.047093	0.047093	0.0874199	0.125307	0.0874199	0.0874199	0.125307	0.161776	0.125307	0.047093	0.0874199	0.125307	0.0874199
15 rounds of non-Gaussian ED iteration : ground-state energy is -85.7951 | electron energy -86.0945 + phonon energy 0.299355 | electron momentum kIdx = 0
Nq = 	16	0.0479728	0.0899171	0.0479728	0.0479728	0.0899171	0.130068	0.0899171	0.0899171	0.130068	13.3726	0.130068	0.0479728	0.0899171	0.130068	0.0899171
Sq = 	5.16259e-19	0.0470854	0.0874071	0.0470854	0.0470854	0.0874071	0.125289	0.0874071	0.0874071	0.125289	0.161754	0.125289	0.0470854	0.0874071	0.125289	0.0874071
16 rounds of non-Gaussian ED iteration : ground-state energy is -85.798 | electron energy -86.0976 + phonon energy 0.299637 | electron momentum kIdx = 0
Nq = 	16	0.0479672	0.0899072	0.0479672	0.0479672	0.0899072	0.130054	0.0899072	0.0899072	0.130054	13.3729	0.130054	0.0479672	0.0899072	0.130054	0.0899072
Sq = 	1.17423e-18	0.0470802	0.0873985	0.0470802	0.0470802	0.0873985	0.125277	0.0873985	0.0873985	0.125277	0.16174	0.125277	0.0470802	0.0873985	0.125277	0.0873985
17 rounds of non-Gaussian ED iteration : ground-state energy is -85.7999 | electron energy -86.0997 + phonon energy 0.299821 | electron momentum kIdx = 0
Nq = 	16	0.0479634	0.0899005	0.0479634	0.0479634	0.0899005	0.130044	0.0899005	0.0899005	0.130044	13.3731	0.130044	0.0479634	0.0899005	0.130044	0.0899005
Sq = 	4.4084e-19	0.0470767	0.0873926	0.0470767	0.0470767	0.0873926	0.125269	0.0873926	0.0873926	0.125269	0.16173	0.125269	0.0470767	0.0873926	0.125269	0.0873926
18 rounds of non-Gaussian ED iteration : ground-state energy is -85.8012 | electron energy -86.1011 + phonon energy 0.299941 | electron momentum kIdx = 0
Nq = 	16	0.0479608	0.0898959	0.0479608	0.0479608	0.0898959	0.130037	0.0898959	0.0898959	0.130037	13.3732	0.130037	0.0479608	0.0898959	0.130037	0.0898959
Sq = 	1.01808e-18	0.0470744	0.0873887	0.0470744	0.0470744	0.0873887	0.125264	0.0873887	0.0873887	0.125264	0.161723	0.125264	0.0470744	0.0873887	0.125264	0.0873887
Ground state is obtained after 19 iterations. The current ground-state energy is -85.802, in which electron energy is -86.1021 and phonon energy is 0.300019
final variational state is: 
Gamma_x =       1 1.02037 1.03743 1.02037 1.02037 1.03743 1.05392 1.03743 1.03743 1.05392 2.10399 1.05392 1.02037 1.03743 1.05392 1.03743
lambda_q =  1.11062 0.238622 0.229684 0.238622 0.238622 0.229684 0.225962 0.229684 0.229684 0.225962  1.08988 0.225962 0.238622 0.229684 0.225962 0.229684
o___o  -------------------------------------
| L |	Time since last clock: 1h 26m 40.764s
A===A	Time since the beginning: 3h 17m 23.129s
********************************************

************************************************************************************
Warm up completed
o___o  -------------------------------------
| L |	Time since last clock: 0h 0m 0.029s
A===A	Time since the beginning: 3h 17m 23.158s
********************************************

************************************************************************************
0 rounds of non-Gaussian ED iteration : ground-state energy is -78.9128 | electron energy -79.0628 + phonon energy 0.15001 | electron momentum kIdx = 0
Nq = 	16	0.0533606	0.0989507	0.0533606	0.0533606	0.0989507	0.142579	0.0989507	0.0989507	0.142579	13.1001	0.142579	0.0533606	0.0989507	0.142579	0.0989507
Sq = 	7.8221e-19	0.0525628	0.0967273	0.0525628	0.0525628	0.0967273	0.138351	0.0967273	0.0967273	0.138351	0.178461	0.138351	0.0525628	0.0967273	0.138351	0.0967273
1 rounds of non-Gaussian ED iteration : ground-state energy is -80.5488 | electron energy -80.773 + phonon energy 0.224183 | electron momentum kIdx = 0
Nq = 	16	0.0489458	0.0913609	0.0489458	0.0489458	0.0913609	0.131837	0.0913609	0.0913609	0.131837	13.3153	0.131837	0.0489458	0.0913609	0.131837	0.0913609
Sq = 	-4.34018e-19	0.0483795	0.0897475	0.0483795	0.0483795	0.0897475	0.128757	0.0897475	0.0897475	0.128757	0.166411	0.128757	0.0483795	0.0897475	0.128757	0.0897475
2 rounds of non-Gaussian ED iteration : ground-state energy is -81.7848 | electron energy -82.0726 + phonon energy 0.287714 | electron momentum kIdx = 0
Nq = 	16	0.0459663	0.086189	0.0459663	0.0459663	0.086189	0.124531	0.086189	0.086189	0.124531	13.4632	0.124531	0.0459663	0.086189	0.124531	0.086189
Sq = 	7.81022e-19	0.0455233	0.0849006	0.0455233	0.0455233	0.0849006	0.122057	0.0849006	0.0849006	0.122057	0.157955	0.122057	0.0455233	0.0849006	0.122057	0.0849006
3 rounds of non-Gaussian ED iteration : ground-state energy is -82.6783 | electron energy -83.0181 + phonon energy 0.339777 | electron momentum kIdx = 0
Nq = 	16	0.0440542	0.0828461	0.0440542	0.0440542	0.0828461	0.119809	0.0828461	0.0828461	0.119809	13.5592	0.119809	0.0440542	0.0828461	0.119809	0.0828461
Sq = 	1.08289e-18	0.0436789	0.0817373	0.0436789	0.0436789	0.0817373	0.11767	0.0817373	0.0817373	0.11767	0.152402	0.11767	0.0436789	0.0817373	0.11767	0.0817373
4 rounds of non-Gaussian ED iteration : ground-state energy is -83.3109 | electron energy -83.6922 + phonon energy 0.381321 | electron momentum kIdx = 0
Nq = 	16	0.042864	0.0807553	0.042864	0.042864	0.0807553	0.116856	0.0807553	0.0807553	0.116856	13.6195	0.116856	0.042864	0.0807553	0.116856	0.0807553
Sq = 	-4.51958e-19	0.042527	0.0797485	0.042527	0.042527	0.0797485	0.114906	0.0797485	0.0797485	0.114906	0.148899	0.114906	0.042527	0.0797485	0.114906	0.0797485
5 rounds of non-Gaussian ED iteration : ground-state energy is -83.7593 | electron energy -84.1731 + phonon energy 0.413804 | electron momentum kIdx = 0
Nq = 	16	0.0421363	0.079473	0.0421363	0.0421363	0.079473	0.115043	0.079473	0.079473	0.115043	13.6564	0.115043	0.0421363	0.079473	0.115043	0.079473
Sq = 	-1.31945e-19	0.0418214	0.0785255	0.0418214	0.0418214	0.0785255	0.113204	0.0785255	0.0785255	0.113204	0.14674	0.113204	0.0418214	0.0785255	0.113204	0.0785255
6 rounds of non-Gaussian ED iteration : ground-state energy is -84.0829 | electron energy -84.5216 + phonon energy 0.438748 | electron momentum kIdx = 0
Nq = 	16	0.0416949	0.0786938	0.0416949	0.0416949	0.0786938	0.113942	0.0786938	0.0786938	0.113942	13.6789	0.113942	0.0416949	0.0786938	0.113942	0.0786938
Sq = 	3.1385e-19	0.0413931	0.0777812	0.0413931	0.0413931	0.0777812	0.112168	0.0777812	0.0777812	0.112168	0.145424	0.112168	0.0413931	0.0777812	0.112168	0.0777812
7 rounds of non-Gaussian ED iteration : ground-state energy is -84.3224 | electron energy -84.7799 + phonon energy 0.45758 | electron momentum kIdx = 0
Nq = 	16	0.041427	0.0782202	0.041427	0.041427	0.0782202	0.113272	0.0782202	0.0782202	0.113272	13.6926	0.113272	0.041427	0.0782202	0.113272	0.0782202
Sq = 	-5.58199e-20	0.0411329	0.0773286	0.0411329	0.0411329	0.0773286	0.111537	0.0773286	0.0773286	0.111537	0.144624	0.111537	0.0411329	0.0773286	0.111537	0.0773286
8 rounds of non-Gaussian ED iteration : ground-state energy is -84.5044 | electron energy -84.976 + phonon energy 0.471576 | electron momentum kIdx = 0
Nq = 	16	0.041263	0.0779299	0.041263	0.041263	0.0779299	0.112861	0.0779299	0.0779299	0.112861	13.701	0.112861	0.041263	0.0779299	0.112861	0.0779299
Sq = 	3.76023e-20	0.0409735	0.0770511	0.0409735	0.0409735	0.0770511	0.111151	0.0770511	0.0770511	0.111151	0.144133	0.111151	0.0409735	0.0770511	0.111151	0.0770511
9 rounds of non-Gaussian ED iteration : ground-state energy is -84.6461 | electron energy -85.1279 + phonon energy 0.48183 | electron momentum kIdx = 0
Nq = 	16	0.041161	0.0777494	0.041161	0.041161	0.0777494	0.112605	0.0777494	0.0777494	0.112605	13.7062	0.112605	0.041161	0.0777494	0.112605	0.0777494
Sq = 	-5.72889e-19	0.0408745	0.0768786	0.0408745	0.0408745	0.0768786	0.11091	0.0768786	0.0768786	0.11091	0.143828	0.11091	0.0408745	0.0768786	0.11091	0.0768786
10 rounds of non-Gaussian ED iteration : ground-state energy is -84.7582 | electron energy -85.2474 + phonon energy 0.489248 | electron momentum kIdx = 0
Nq = 	16	0.0410965	0.0776349	0.0410965	0.0410965	0.0776349	0.112443	0.0776349	0.0776349	0.112443	13.7095	0.112443	0.0410965	0.0776349	0.112443	0.0776349
Sq = 	-1.79263e-19	0.0408117	0.0767693	0.0408117	0.0408117	0.0767693	0.110758	0.0767693	0.0767693	0.110758	0.143635	0.110758	0.0408117	0.0767693	0.110758	0.0767693
11 rounds of non-Gaussian ED iteration : ground-state energy is -84.848 | electron energy -85.3426 + phonon energy 0.494559 | electron momentum kIdx = 0
Nq = 	16	0.0410546	0.0775607	0.0410546	0.0410546	0.0775607	0.112338	0.0775607	0.0775607	0.112338	13.7116	0.112338	0.0410546	0.0775607	0.112338	0.0775607
Sq = 	1.94957e-19	0.0407711	0.0766986	0.0407711	0.0407711	0.0766986	0.11066	0.0766986	0.0766986	0.11066	0.14351	0.11066	0.0407711	0.0766986	0.11066	0.0766986
12 rounds of non-Gaussian ED iteration : ground-state energy is -84.9206 | electron energy -85.4189 + phonon energy 0.498326 | electron momentum kIdx = 0
Nq = 	16	0.041027	0.0775116	0.041027	0.041027	0.0775116	0.112268	0.0775116	0.0775116	0.112268	13.7131	0.112268	0.041027	0.0775116	0.112268	0.0775116
Sq = 	-5.35645e-19	0.0407443	0.0766518	0.0407443	0.0407443	0.0766518	0.110595	0.0766518	0.0766518	0.110595	0.143427	0.110595	0.0407443	0.0766518	0.110595	0.0766518
13 rounds of non-Gaussian ED iteration : ground-state energy is -84.9796 | electron energy -85.4805 + phonon energy 0.500977 | electron momentum kIdx = 0
Nq = 	16	0.0410083	0.0774784	0.0410083	0.0410083	0.0774784	0.112221	0.0774784	0.0774784	0.112221	13.714	0.112221	0.0410083	0.0774784	0.112221	0.0774784
Sq = 	4.83256e-19	0.0407261	0.0766202	0.0407261	0.0407261	0.0766202	0.110551	0.0766202	0.0766202	0.110551	0.143372	0.110551	0.0407261	0.0766202	0.110551	0.0766202
14 rounds of non-Gaussian ED iteration : ground-state energy is -85.0276 | electron energy -85.5304 + phonon energy 0.502831 | electron momentum kIdx = 0
Nq = 	16	0.0409954	0.0774554	0.0409954	0.0409954	0.0774554	0.112188	0.0774554	0.0774554	0.112188	13.7147	0.112188	0.0409954	0.0774554	0.112188	0.0774554
Sq = 	-3.28001e-19	0.0407136	0.0765985	0.0407136	0.0407136	0.0765985	0.11052	0.0765985	0.0765985	0.11052	0.143333	0.11052	0.0407136	0.0765985	0.11052	0.0765985
15 rounds of non-Gaussian ED iteration : ground-state energy is -85.0668 | electron energy -85.5709 + phonon energy 0.504119 | electron momentum kIdx = 0
Nq = 	16	0.0409863	0.0774393	0.0409863	0.0409863	0.0774393	0.112165	0.0774393	0.0774393	0.112165	13.7151	0.112165	0.0409863	0.0774393	0.112165	0.0774393
Sq = 	-3.93499e-19	0.0407048	0.0765832	0.0407048	0.0407048	0.0765832	0.110499	0.0765832	0.0765832	0.110499	0.143307	0.110499	0.0407048	0.0765832	0.110499	0.0765832
16 rounds of non-Gaussian ED iteration : ground-state energy is -85.0989 | electron energy -85.6039 + phonon energy 0.50501 | electron momentum kIdx = 0
Nq = 	16	0.0409798	0.0774278	0.0409798	0.0409798	0.0774278	0.112149	0.0774278	0.0774278	0.112149	13.7155	0.112149	0.0409798	0.0774278	0.112149	0.0774278
Sq = 	1.82391e-19	0.0406986	0.0765724	0.0406986	0.0406986	0.0765724	0.110484	0.0765724	0.0765724	0.110484	0.143288	0.110484	0.0406986	0.0765724	0.110484	0.0765724
17 rounds of non-Gaussian ED iteration : ground-state energy is -85.1251 | electron energy -85.6307 + phonon energy 0.505622 | electron momentum kIdx = 0
Nq = 	16	0.0409752	0.0774194	0.0409752	0.0409752	0.0774194	0.112137	0.0774194	0.0774194	0.112137	13.7157	0.112137	0.0409752	0.0774194	0.112137	0.0774194
Sq = 	-5.48727e-19	0.0406941	0.0765645	0.0406941	0.0406941	0.0765645	0.110473	0.0765645	0.0765645	0.110473	0.143274	0.110473	0.0406941	0.0765645	0.110473	0.0765645
18 rounds of non-Gaussian ED iteration : ground-state energy is -85.1465 | electron energy -85.6526 + phonon energy 0.506041 | electron momentum kIdx = 0
Nq = 	16	0.0409717	0.0774133	0.0409717	0.0409717	0.0774133	0.112128	0.0774133	0.0774133	0.112128	13.7159	0.112128	0.0409717	0.0774133	0.112128	0.0774133
Sq = 	2.67096e-19	0.0406908	0.0765588	0.0406908	0.0406908	0.0765588	0.110465	0.0765588	0.0765588	0.110465	0.143264	0.110465	0.0406908	0.0765588	0.110465	0.0765588
19 rounds of non-Gaussian ED iteration : ground-state energy is -85.1641 | electron energy -85.6704 + phonon energy 0.506326 | electron momentum kIdx = 0
Nq = 	16	0.0409692	0.0774088	0.0409692	0.0409692	0.0774088	0.112121	0.0774088	0.0774088	0.112121	13.716	0.112121	0.0409692	0.0774088	0.112121	0.0774088
Sq = 	-7.17785e-20	0.0406883	0.0765546	0.0406883	0.0406883	0.0765546	0.110459	0.0765546	0.0765546	0.110459	0.143256	0.110459	0.0406883	0.0765546	0.110459	0.0765546
20 rounds of non-Gaussian ED iteration : ground-state energy is -85.1784 | electron energy -85.6849 + phonon energy 0.506519 | electron momentum kIdx = 0
Nq = 	16	0.0409673	0.0774054	0.0409673	0.0409673	0.0774054	0.112116	0.0774054	0.0774054	0.112116	13.7161	0.112116	0.0409673	0.0774054	0.112116	0.0774054
Sq = 	-5.44475e-19	0.0406865	0.0765514	0.0406865	0.0406865	0.0765514	0.110455	0.0765514	0.0765514	0.110455	0.143251	0.110455	0.0406865	0.0765514	0.110455	0.0765514
21 rounds of non-Gaussian ED iteration : ground-state energy is -85.1902 | electron energy -85.6968 + phonon energy 0.506648 | electron momentum kIdx = 0
Nq = 	16	0.0409659	0.0774028	0.0409659	0.0409659	0.0774028	0.112113	0.0774028	0.0774028	0.112113	13.7162	0.112113	0.0409659	0.0774028	0.112113	0.0774028
Sq = 	2.13089e-19	0.0406851	0.076549	0.0406851	0.0406851	0.076549	0.110452	0.076549	0.076549	0.110452	0.143247	0.110452	0.0406851	0.076549	0.110452	0.076549
22 rounds of non-Gaussian ED iteration : ground-state energy is -85.1998 | electron energy -85.7066 + phonon energy 0.506734 | electron momentum kIdx = 0
Nq = 	16	0.0409648	0.0774008	0.0409648	0.0409648	0.0774008	0.11211	0.0774008	0.0774008	0.11211	13.7162	0.11211	0.0409648	0.0774008	0.11211	0.0774008
Sq = 	4.44527e-19	0.0406841	0.0765472	0.0406841	0.0406841	0.0765472	0.110449	0.0765472	0.0765472	0.110449	0.143244	0.110449	0.0406841	0.0765472	0.110449	0.0765472
23 rounds of non-Gaussian ED iteration : ground-state energy is -85.2077 | electron energy -85.7145 + phonon energy 0.50679 | electron momentum kIdx = 0
Nq = 	16	0.0409639	0.0773993	0.0409639	0.0409639	0.0773993	0.112108	0.0773993	0.0773993	0.112108	13.7163	0.112108	0.0409639	0.0773993	0.112108	0.0773993
Sq = 	-4.61606e-19	0.0406833	0.0765458	0.0406833	0.0406833	0.0765458	0.110447	0.0765458	0.0765458	0.110447	0.143241	0.110447	0.0406833	0.0765458	0.110447	0.0765458
24 rounds of non-Gaussian ED iteration : ground-state energy is -85.2142 | electron energy -85.721 + phonon energy 0.506826 | electron momentum kIdx = 0
Nq = 	16	0.0409633	0.0773981	0.0409633	0.0409633	0.0773981	0.112106	0.0773981	0.0773981	0.112106	13.7163	0.112106	0.0409633	0.0773981	0.112106	0.0773981
Sq = 	-3.72277e-20	0.0406826	0.0765447	0.0406826	0.0406826	0.0765447	0.110446	0.0765447	0.0765447	0.110446	0.143239	0.110446	0.0406826	0.0765447	0.110446	0.0765447
25 rounds of non-Gaussian ED iteration : ground-state energy is -85.2194 | electron energy -85.7263 + phonon energy 0.506849 | electron momentum kIdx = 0
Nq = 	16	0.0409628	0.0773972	0.0409628	0.0409628	0.0773972	0.112105	0.0773972	0.0773972	0.112105	13.7163	0.112105	0.0409628	0.0773972	0.112105	0.0773972
Sq = 	-4.74739e-19	0.0406822	0.0765439	0.0406822	0.0406822	0.0765439	0.110445	0.0765439	0.0765439	0.110445	0.143238	0.110445	0.0406822	0.0765439	0.110445	0.0765439
26 rounds of non-Gaussian ED iteration : ground-state energy is -85.2238 | electron energy -85.7306 + phonon energy 0.506863 | electron momentum kIdx = 0
Nq = 	16	0.0409624	0.0773965	0.0409624	0.0409624	0.0773965	0.112103	0.0773965	0.0773965	0.112103	13.7164	0.112103	0.0409624	0.0773965	0.112103	0.0773965
Sq = 	-6.41634e-19	0.0406818	0.0765432	0.0406818	0.0406818	0.0765432	0.110444	0.0765432	0.0765432	0.110444	0.143237	0.110444	0.0406818	0.0765432	0.110444	0.0765432
27 rounds of non-Gaussian ED iteration : ground-state energy is -85.2273 | electron energy -85.7342 + phonon energy 0.506871 | electron momentum kIdx = 0
Nq = 	16	0.040962	0.0773959	0.040962	0.040962	0.0773959	0.112103	0.0773959	0.0773959	0.112103	13.7164	0.112103	0.040962	0.0773959	0.112103	0.0773959
Sq = 	1.14927e-19	0.0406815	0.0765427	0.0406815	0.0406815	0.0765427	0.110443	0.0765427	0.0765427	0.110443	0.143236	0.110443	0.0406815	0.0765427	0.110443	0.0765427
28 rounds of non-Gaussian ED iteration : ground-state energy is -85.2302 | electron energy -85.7371 + phonon energy 0.506875 | electron momentum kIdx = 0
Nq = 	16	0.0409618	0.0773954	0.0409618	0.0409618	0.0773954	0.112102	0.0773954	0.0773954	0.112102	13.7164	0.112102	0.0409618	0.0773954	0.112102	0.0773954
Sq = 	2.21901e-19	0.0406812	0.0765423	0.0406812	0.0406812	0.0765423	0.110442	0.0765423	0.0765423	0.110442	0.143235	0.110442	0.0406812	0.0765423	0.110442	0.0765423
29 rounds of non-Gaussian ED iteration : ground-state energy is -85.2326 | electron energy -85.7395 + phonon energy 0.506877 | electron momentum kIdx = 0
Nq = 	16	0.0409616	0.0773951	0.0409616	0.0409616	0.0773951	0.112101	0.0773951	0.0773951	0.112101	13.7164	0.112101	0.0409616	0.0773951	0.112101	0.0773951
Sq = 	-1.72472e-20	0.040681	0.0765419	0.040681	0.040681	0.0765419	0.110442	0.0765419	0.0765419	0.110442	0.143235	0.110442	0.040681	0.0765419	0.110442	0.0765419
30 rounds of non-Gaussian ED iteration : ground-state energy is -85.2345 | electron energy -85.7414 + phonon energy 0.506878 | electron momentum kIdx = 0
Nq = 	16	0.0409614	0.0773948	0.0409614	0.0409614	0.0773948	0.112101	0.0773948	0.0773948	0.112101	13.7164	0.112101	0.0409614	0.0773948	0.112101	0.0773948
Sq = 	5.85704e-19	0.0406809	0.0765417	0.0406809	0.0406809	0.0765417	0.110442	0.0765417	0.0765417	0.110442	0.143234	0.110442	0.0406809	0.0765417	0.110442	0.0765417
31 rounds of non-Gaussian ED iteration : ground-state energy is -85.2361 | electron energy -85.743 + phonon energy 0.506877 | electron momentum kIdx = 0
Nq = 	16	0.0409613	0.0773945	0.0409613	0.0409613	0.0773945	0.112101	0.0773945	0.0773945	0.112101	13.7164	0.112101	0.0409613	0.0773945	0.112101	0.0773945
Sq = 	-1.05455e-19	0.0406807	0.0765415	0.0406807	0.0406807	0.0765415	0.110441	0.0765415	0.0765415	0.110441	0.143234	0.110441	0.0406807	0.0765415	0.110441	0.0765415
32 rounds of non-Gaussian ED iteration : ground-state energy is -85.2374 | electron energy -85.7443 + phonon energy 0.506876 | electron momentum kIdx = 0
Nq = 	16	0.0409612	0.0773943	0.0409612	0.0409612	0.0773943	0.1121	0.0773943	0.0773943	0.1121	13.7164	0.1121	0.0409612	0.0773943	0.1121	0.0773943
