TACC:  Starting up job 2104884 
TACC:  Starting parallel tasks... 
SNEDics v3.20.11 Non-Gaussian ED ground state program		Start at Fri Nov 27 13:57:26 2020

parallized on 16 MPI threads  * 7 OpenMP threads = 112 total threads.
********************************************************************************************************************
********************************************************************************************************************

********************************************************************************************************************
System parameters and configurations
********************************************************************************************************************
Special program options are enabled: splitted diagonal Hamiltonian | splitted Hamiltonian terms
********************************************************************************************************************
Read input file "model_params.in"
	Hubbard-Holstein model parameters : 	t = 1    U = 8    g = 0.01    W = 0.2    g' = 0.12    
********************************************************************************************************************
Read input file "hilbertspace_params.in"
	Requested 16-site 2D lattice, with 16 electrons (8, 8)
	Boundary : Periodic		Hilbert space representation : momentum-space (restricted to kIdx = 0)
	Conservation: particle number[U(1)]      spin[U(1)]     momentum
********************************************************************************************************************

Cluster Positions:				Cluster symmetry group : D4
 x ... x ... x ... x .....                       x ... x ... x ... x .....
 |           |           :                       |           |           :
 |           |           :                       |           |           :
12    13    14    15     x                       1     5     6     5     x
 |           |           :                       |           |           :
 |           |           :                       |           |           :
 8 --- 9 ---10 ---11 --- x                       2 --- 6 ---10 --- 6 --- x
 |           |           :                       |           |           :
 |           |           :                       |           |           :
 4     5     6     7     x                       1     5     6     5     x
 |           |           :                       |           |           :
 |           |           :                       |           |           :
 0 --- 1 --- 2 --- 3 --- x                       0 --- 1 --- 2 --- 1 --- x
orbital number : 1
********************************************************************************************************************
Read input file "obs_params.in"
	Observable Type : Nq(All),   Sq(All),   N(All),   Delta[s](All),   Delta[d](All),   Delta[s+](All)
********************************************************************************************************************
** WARNING ** the input observables have non-local factors which have been reinterpreted. The total observable number is 96
********************************************************************************************************************


********************************************************************************************************************
Start calculating the non-Gaussian ED ground state
Maximal iteration number is 1000; energy resolution is 1e-06. Phonon state relaxation time is 2000
Input file varState.dat exists. Start iterations from it.
open output files: NGSEDIterationObs.txt
********************************************************************************************************************
Start the 0 rounds of NGS-ED iteration
	effective electronic model is modified as: kinetic energy t = 0.998486
	                                           effective interaction Vq = [     -1.2005,  -0.0343572,-3.32642e-05,  -0.0343572,   -0.034358,-3.63073e-05,  -0.0153107,-3.63073e-05,-3.32642e-05,  -0.0153106,  -0.0601362,  -0.0153106,   -0.034358,-3.63073e-05,  -0.0153107,-3.63073e-05]
	first Hamiltonian is constructed, non-zero numbers = 12310855584
	PARPACK diagonalization completed after 105 matrix-vector product operations.
	iteration results: : total energy is -27.682727 | electron energy -27.683260 + phonon energy 0.000533 | electron momentum kIdx = 0
	Nq(0) = 16,	Nq(1) = 0.0628214,	Nq(2) = 0.110312,	Nq(3) = 0.0628214,	Nq(4) = 0.0628214,	Nq(5) = 0.110312,	
	Nq(6) = 0.153026,	Nq(7) = 0.110312,	Nq(8) = 0.110312,	Nq(9) = 0.153026,	Nq(10) = 0.193577,	
	Nq(11) = 0.153026,	Nq(12) = 0.0628214,	Nq(13) = 0.110312,	Nq(14) = 0.153026,	Nq(15) = 0.110312;	
	Sq(0) = 8.44226e-19,	Sq(1) = 0.412973,	Sq(2) = 0.641232,	Sq(3) = 0.412973,	Sq(4) = 0.412973,	
	Sq(5) = 0.641232,	Sq(6) = 0.938239,	Sq(7) = 0.641232,	Sq(8) = 0.641232,	Sq(9) = 0.938239,	
	Sq(10) = 5.02892,	Sq(11) = 0.938239,	Sq(12) = 0.412973,	Sq(13) = 0.641232,	Sq(14) = 0.938239,	
	Sq(15) = 0.641232;	N(0) = 1.77611,	N(1) = 1.57096,	N(2) = 1,	N(3) = 1.57096,	
	N(4) = 1.57096,	N(5) = 1,	N(6) = 0.429044,	N(7) = 1,	N(8) = 1,	
	N(9) = 0.429044,	N(10) = 0.223889,	N(11) = 0.429044,	N(12) = 1.57096,	N(13) = 1,	
	N(14) = 0.429044,	N(15) = 1;	Delta[s](0) = 0.0965186,	Delta[s](1) = 0.076465,	Delta[s](2) = 0.0551804,	
	Delta[s](3) = 0.076465,	Delta[s](4) = 0.076465,	Delta[s](5) = 0.0551804,	Delta[s](6) = 0.0314572,	Delta[s](7) = 0.0551804,	
	Delta[s](8) = 0.0551804,	Delta[s](9) = 0.0314572,	Delta[s](10) = 0.000131088,	Delta[s](11) = 0.0314572,	Delta[s](12) = 0.076465,	
	Delta[s](13) = 0.0551804,	Delta[s](14) = 0.0314572,	Delta[s](15) = 0.0551804;	Delta[d](0) = 2.62326,	Delta[d](1) = 1.99112,	
	Delta[d](2) = 1.49832,	Delta[d](3) = 1.99112,	Delta[d](4) = 1.99112,	Delta[d](5) = 1.52882,	Delta[d](6) = 1.05087,	
	Delta[d](7) = 1.52882,	Delta[d](8) = 1.49832,	Delta[d](9) = 1.05087,	Delta[d](10) = 0.514445,	Delta[d](11) = 1.05087,	
	Delta[d](12) = 1.99112,	Delta[d](13) = 1.52882,	Delta[d](14) = 1.05087,	Delta[d](15) = 1.52882;	Delta[s+](0) = 2.72433,	
	Delta[s+](1) = 2.14908,	Delta[s+](2) = 1.49832,	Delta[s+](3) = 2.14908,	Delta[s+](4) = 2.14908,	Delta[s+](5) = 1.49832,	
	Delta[s+](6) = 0.860057,	Delta[s+](7) = 1.49832,	Delta[s+](8) = 1.49832,	Delta[s+](9) = 0.860057,	Delta[s+](10) = 0.301286,	
	Delta[s+](11) = 0.860057,	Delta[s+](12) = 2.14908,	Delta[s+](13) = 1.49832,	Delta[s+](14) = 0.860057,	Delta[s+](15) = 1.49832
	
The 0-th iteration is completed.	|| time cost : 0h 16m 0.058s
********************************************************************************************************************
Start the 1 rounds of NGS-ED iteration
	effective electronic model is modified as: kinetic energy t = 0.999372
	                                           effective interaction Vq = [    -1.2005, -0.0158388,-2.2249e-05, -0.0158388, -0.0158388,-2.2249e-05, -0.0110005,-2.2249e-05,-2.2249e-05, -0.0110005, -0.0451545, -0.0110005, -0.0158388,-2.2249e-05, -0.0110005,-2.2249e-05]
	PARPACK diagonalization completed after 30 matrix-vector product operations.
	iteration results: : total energy is -27.686554 | electron energy -27.686666 + phonon energy 0.000112 | electron momentum kIdx = 0
The 1-th iteration is completed.	|| time cost : 0h 1m 58.173s
********************************************************************************************************************
Start the 2 rounds of NGS-ED iteration
	effective electronic model is modified as: kinetic energy t = 0.999373
	                                           effective interaction Vq = [     -1.2005,  -0.0158244,-2.22407e-05,  -0.0158244,  -0.0158244,-2.22407e-05,  -0.0109958,-2.22407e-05,-2.22407e-05,  -0.0109958,   -0.045113,  -0.0109958,  -0.0158244,-2.22407e-05,  -0.0109958,-2.22407e-05]
	PARPACK diagonalization completed after 30 matrix-vector product operations.
	iteration results: : total energy is -27.686554 | electron energy -27.686666 + phonon energy 0.000112 | electron momentum kIdx = 0
The 2-th iteration is completed.	|| time cost : 0h 2m 13.19s
********************************************************************************************************************
Start the 3 rounds of NGS-ED iteration
	effective electronic model is modified as: kinetic energy t = 0.999373
	                                           effective interaction Vq = [     -1.2005,  -0.0158244,-2.22407e-05,  -0.0158244,  -0.0158244,-2.22407e-05,  -0.0109958,-2.22407e-05,-2.22407e-05,  -0.0109958,  -0.0451129,  -0.0109958,  -0.0158244,-2.22407e-05,  -0.0109958,-2.22407e-05]
	PARPACK diagonalization completed after 30 matrix-vector product operations.
	iteration results: : total energy is -27.686554 | electron energy -27.686666 + phonon energy 0.000112 | electron momentum kIdx = 0
	Nq(0) = 16,	Nq(1) = 0.0627353,	Nq(2) = 0.110222,	Nq(3) = 0.0627353,	Nq(4) = 0.0627353,	Nq(5) = 0.110222,	
	Nq(6) = 0.152893,	Nq(7) = 0.110222,	Nq(8) = 0.110222,	Nq(9) = 0.152893,	Nq(10) = 0.193327,	
	Nq(11) = 0.152893,	Nq(12) = 0.0627353,	Nq(13) = 0.110222,	Nq(14) = 0.152893,	Nq(15) = 0.110222;	
	Sq(0) = -1.7834e-18,	Sq(1) = 0.412942,	Sq(2) = 0.641246,	Sq(3) = 0.412942,	Sq(4) = 0.412942,	
	Sq(5) = 0.641246,	Sq(6) = 0.938383,	Sq(7) = 0.641246,	Sq(8) = 0.641246,	Sq(9) = 0.938383,	
	Sq(10) = 5.03005,	Sq(11) = 0.938383,	Sq(12) = 0.412942,	Sq(13) = 0.641246,	Sq(14) = 0.938383,	
	Sq(15) = 0.641246;	N(0) = 1.77598,	N(1) = 1.57061,	N(2) = 1,	N(3) = 1.57061,	
	N(4) = 1.57061,	N(5) = 1,	N(6) = 0.429391,	N(7) = 1,	N(8) = 1,	
	N(9) = 0.429391,	N(10) = 0.224025,	N(11) = 0.429391,	N(12) = 1.57061,	N(13) = 1,	
	N(14) = 0.429391,	N(15) = 1;	Delta[s](0) = 0.0964337,	Delta[s](1) = 0.076396,	Delta[s](2) = 0.0551273,	
	Delta[s](3) = 0.076396,	Delta[s](4) = 0.076396,	Delta[s](5) = 0.0551273,	Delta[s](6) = 0.031419,	Delta[s](7) = 0.0551273,	
	Delta[s](8) = 0.0551273,	Delta[s](9) = 0.031419,	Delta[s](10) = 0.000130702,	Delta[s](11) = 0.031419,	Delta[s](12) = 0.076396,	
	Delta[s](13) = 0.0551273,	Delta[s](14) = 0.031419,	Delta[s](15) = 0.0551273;	Delta[d](0) = 2.62332,	Delta[d](1) = 1.99141,	
	Delta[d](2) = 1.49843,	Delta[d](3) = 1.99141,	Delta[d](4) = 1.99141,	Delta[d](5) = 1.52896,	Delta[d](6) = 1.05089,	
	Delta[d](7) = 1.52896,	Delta[d](8) = 1.49843,	Delta[d](9) = 1.05089,	Delta[d](10) = 0.514561,	Delta[d](11) = 1.05089,	
	Delta[d](12) = 1.99141,	Delta[d](13) = 1.52896,	Delta[d](14) = 1.05089,	Delta[d](15) = 1.52896;	Delta[s+](0) = 2.72426,	
	Delta[s+](1) = 2.14903,	Delta[s+](2) = 1.49843,	Delta[s+](3) = 2.14903,	Delta[s+](4) = 2.14903,	Delta[s+](5) = 1.49843,	
	Delta[s+](6) = 0.860303,	Delta[s+](7) = 1.49843,	Delta[s+](8) = 1.49843,	Delta[s+](9) = 0.860303,	Delta[s+](10) = 0.301488,	
	Delta[s+](11) = 0.860303,	Delta[s+](12) = 2.14903,	Delta[s+](13) = 1.49843,	Delta[s+](14) = 0.860303,	Delta[s+](15) = 1.49843
	
The 3-th iteration is completed.	|| time cost : 0h 7m 2.226s
********************************************************************************************************************
********************************************************************************************************************
Ground state is obtained after 4 iterations. The current ground-state energy is -27.6866, in which electron energy is -27.6867 and phonon energy is 0.0001117
Final variational state is: 
	Gamma_x = [      1,1.00491,1.00001,1.00491,1.00491,1.00001,1.00835,1.00001,1.00001,1.00835,1.04408,1.00835,1.00491,1.00001,1.00835,1.00001]
	lambda_q = [      2.45, 0.0320599,0.00112468, 0.0320599, 0.0320599,0.00112468,-0.0241576,0.00112468,0.00112468,-0.0241576,-0.0484928,-0.0241576, 0.0320599,0.00112468,-0.0241576,0.00112468]
Effective e-e interactions mediated by phonons are:
	momentum-space Vq = [     -1.2005,  -0.0158244,-2.22407e-05,  -0.0158244,  -0.0158244,-2.22407e-05,  -0.0109958,-2.22407e-05,-2.22407e-05,  -0.0109958,  -0.0451129,  -0.0109958,  -0.0158244,-2.22407e-05,  -0.0109958,-2.22407e-05]
	real-space Vr = [-1.35303,-1.16504,-1.24557,-1.16504,-1.16504,-1.24557,-1.14573,-1.24557,-1.24557,-1.14573,-1.13847,-1.14573,-1.16504,-1.24557,-1.14573,-1.24557]
********************************************************************************************************************
o___o  ----------------------------------------
| L |	Time since last clock: 0h 0m 0.003s
A===A	Time since the beginning: 0h 27m 13.652s
***********************************************


Non-Gaussina ED ground state calculation is completed. The final ground-state energy is -27.6866
********************************************************************************************************************
o___o  ----------------------------------------
| L |	Time since last clock: 0h 0m 0.009s
A===A	Time since the beginning: 0h 27m 13.661s
***********************************************



********************************************************************************************************************
All non-Gaussian ED ground state calculations have been completed. Exit now.
TACC:  Shutdown complete. Exiting. 
