SNEDics v3.4 Non-Gaussian ED ground state program		Start at Tue Oct  1 13:49:37 2019

parallized on 16 MPI threads  * 8 OpenMP threads = 128 total threads.
********************************************************************************************************************
********************************************************************************************************************

********************************************************************************************************************
System parameters and configurations
********************************************************************************************************************
Special program options are enabled: splitted diagonal Hamiltonian
********************************************************************************************************************
Read input file "model_params.in"
	Hubbard-Holstein model parameters : 	t = 1    U = 5.4    g = 4.062    W = 5    
********************************************************************************************************************
Read input file "hilbertspace_params.in"
	Requested 16-site 2D lattice, with 16 electrons (8, 8)
	Boundary : Periodic		Hilbert space representation : momentum-space (restricted to kIdx = 0)
	Conservation: particle number[U(1)]      spin[U(1)]     momentum
********************************************************************************************************************

Cluster Positions:				Cluster symmetry group : D4
 x ... x ... x ... x .....                       x ... x ... x ... x .....
 |           |           :                       |           |           :
 |           |           :                       |           |           :
12    13    14    15     x                       1     5     6     5     x
 |           |           :                       |           |           :
 |           |           :                       |           |           :
 8 --- 9 ---10 ---11 --- x                       2 --- 6 ---10 --- 6 --- x
 |           |           :                       |           |           :
 |           |           :                       |           |           :
 4     5     6     7     x                       1     5     6     5     x
 |           |           :                       |           |           :
 |           |           :                       |           |           :
 0 --- 1 --- 2 --- 3 --- x                       0 --- 1 --- 2 --- 1 --- x
orbital number : 1
********************************************************************************************************************
Read input file "obs_params.in"
	Observable Type : Nq(All),   Sq(All),   N(All),   Delta[s](All),   Delta[d](All),   Delta[s+](All)
********************************************************************************************************************
** WARNING ** the input observables have non-local factors which have been reinterpreted. The total observable number is 96
********************************************************************************************************************


********************************************************************************************************************
Start calculating the non-Gaussian ED ground state
** WARNING ** Detected low phonon energy W < 10. The initial state will be prepared through a warm-up process.
********************************************************************************************************************
Start warm-up calculation for scaling factor 2
open output files: NGSEDWarmUpW10Obs.txt
********************************************************************************************************************
Start the 0 rounds of NGS-ED iteration
	effective electronic model is modified as: kinetic energy t = 1
	                                           effective interaction Vq = [-0,-0,-0,-0,-0,-0,-0,-0,-0,-0,-0,-0,-0,-0,-0,-0]
	first Hamiltonian is constructed, non-zero numbers = 2845383612
	PARPACK diagonalization completed after 90 matrix-vector product operations.
	iteration results: : total energy is -11.352571 | electron energy -11.352571 + phonon energy 0.000000 | electron momentum kIdx = 0
	Nq(0) = 16,	Nq(1) = 0.113319,	Nq(2) = 0.181144,	Nq(3) = 0.113319,	Nq(4) = 0.113319,	Nq(5) = 0.181144,	Nq(6) = 0.245801,	Nq(7) = 0.181144,	Nq(8) = 0.181144,	Nq(9) = 0.245801,	Nq(10) = 0.30393,	Nq(11) = 0.245801,	Nq(12) = 0.113319,	Nq(13) = 0.181144,	Nq(14) = 0.245801,	Nq(15) = 0.181144,	Sq(0) = -2.19431e-19,	Sq(1) = 0.426133,	Sq(2) = 0.632066,	Sq(3) = 0.426133,	Sq(4) = 0.426133,	Sq(5) = 0.632066,	Sq(6) = 0.85557,	Sq(7) = 0.632066,	Sq(8) = 0.632066,	Sq(9) = 0.85557,	Sq(10) = 4.25352,	Sq(11) = 0.85557,	Sq(12) = 0.426133,	Sq(13) = 0.632066,	Sq(14) = 0.85557,	Sq(15) = 0.632066,	N(0) = 1.88106,	N(1) = 1.74611,	N(2) = 1,	N(3) = 1.74611,	N(4) = 1.74611,	N(5) = 1,	N(6) = 0.25389,	N(7) = 1,	N(8) = 1,	N(9) = 0.25389,	N(10) = 0.118944,	N(11) = 0.25389,	N(12) = 1.74611,	N(13) = 1,	N(14) = 0.25389,	N(15) = 1,	Delta[s](0) = 0.134728,	Delta[s](1) = 0.113521,	Delta[s](2) = 0.0899579,	Delta[s](3) = 0.113521,	Delta[s](4) = 0.113521,	Delta[s](5) = 0.0899579,	Delta[s](6) = 0.0652356,	Delta[s](7) = 0.0899579,	Delta[s](8) = 0.0899579,	Delta[s](9) = 0.0652356,	Delta[s](10) = 0.0241366,	Delta[s](11) = 0.0652356,	Delta[s](12) = 0.113521,	Delta[s](13) = 0.0899579,	Delta[s](14) = 0.0652356,	Delta[s](15) = 0.0899579,	Delta[d](0) = 0.567403,	Delta[d](1) = 0.411911,	Delta[d](2) = 0.322125,	Delta[d](3) = 0.411911,	Delta[d](4) = 0.411911,	Delta[d](5) = 0.333568,	Delta[d](6) = 0.23833,	Delta[d](7) = 0.333568,	Delta[d](8) = 0.322125,	Delta[d](9) = 0.23833,	Delta[d](10) = 0.113959,	Delta[d](11) = 0.23833,	Delta[d](12) = 0.411911,	Delta[d](13) = 0.333568,	Delta[d](14) = 0.23833,	Delta[d](15) = 0.333568,	Delta[s+](0) = 0.603116,	Delta[s+](1) = 0.477121,	Delta[s+](2) = 0.322125,	Delta[s+](3) = 0.477121,	Delta[s+](4) = 0.477121,	Delta[s+](5) = 0.322125,	Delta[s+](6) = 0.172629,	Delta[s+](7) = 0.322125,	Delta[s+](8) = 0.322125,	Delta[s+](9) = 0.172629,	Delta[s+](10) = 0.0519979,	Delta[s+](11) = 0.172629,	Delta[s+](12) = 0.477121,	Delta[s+](13) = 0.322125,	Delta[s+](14) = 0.172629,	Delta[s+](15) = 0.322125
The 0-th iteration is completed.	|| time cost : 0h 8m 36.61s
********************************************************************************************************************
Start the 1 rounds of NGS-ED iteration
	effective electronic model is modified as: kinetic energy t = 0.923798
	                                           effective interaction Vq = [-2.85337,-2.53848,-2.46396,-2.53848,-2.53848,-2.46396,-2.42666,-2.46396,-2.46396,-2.42666,-2.39682,-2.42666,-2.53848,-2.46396,-2.42666,-2.46396]
	PARPACK diagonalization completed after 60 matrix-vector product operations.
	iteration results: : total energy is -66.230770 | electron energy -66.235556 + phonon energy 0.004787 | electron momentum kIdx = 0
The 1-th iteration is completed.	|| time cost : 0h 7m 45.416s
********************************************************************************************************************
Start the 2 rounds of NGS-ED iteration
	effective electronic model is modified as: kinetic energy t = 0.861474
	                                           effective interaction Vq = [-3.23953,-3.08506,-2.95698,-3.08506,-3.08506,-2.95698,-2.96649,-2.95698,-2.95698,-2.96649,-2.89705,-2.96649,-3.08506,-2.95698,-2.96649,-2.95698]
	PARPACK diagonalization completed after 75 matrix-vector product operations.
	iteration results: : total energy is -75.051403 | electron energy -75.097134 + phonon energy 0.045730 | electron momentum kIdx = 0
The 2-th iteration is completed.	|| time cost : 0h 0m 41.486s
********************************************************************************************************************
Start the 3 rounds of NGS-ED iteration
	effective electronic model is modified as: kinetic energy t = 0.82353
	                                           effective interaction Vq = [-3.29179,-3.20889,-3.17472,-3.20889,-3.20889,-3.17472,-3.11294,-3.17472,-3.17472,-3.11294,-3.10669,-3.11294,-3.20889,-3.17472,-3.11294,-3.17472]
	PARPACK diagonalization completed after 60 matrix-vector product operations.
	iteration results: : total energy is -76.726661 | electron energy -76.816247 + phonon energy 0.089586 | electron momentum kIdx = 0
The 3-th iteration is completed.	|| time cost : 0h 0m 36.728s
********************************************************************************************************************
Start the 4 rounds of NGS-ED iteration
	effective electronic model is modified as: kinetic energy t = 0.809357
	                                           effective interaction Vq = [-3.29886, -3.2392, -3.2268, -3.2392, -3.2392, -3.2268,-3.15434, -3.2268, -3.2268,-3.15434,-3.17136,-3.15434, -3.2392, -3.2268,-3.15434, -3.2268]
	PARPACK diagonalization completed after 45 matrix-vector product operations.
	iteration results: : total energy is -76.952340 | electron energy -77.066675 + phonon energy 0.114335 | electron momentum kIdx = 0
The 4-th iteration is completed.	|| time cost : 0h 0m 32.033s
********************************************************************************************************************
Start the 5 rounds of NGS-ED iteration
	effective electronic model is modified as: kinetic energy t = 0.804172
	                                           effective interaction Vq = [-3.29982, -3.2482,-3.24127, -3.2482, -3.2482,-3.24127, -3.1679,-3.24127,-3.24127, -3.1679,-3.19736, -3.1679, -3.2482,-3.24127, -3.1679,-3.24127]
	PARPACK diagonalization completed after 45 matrix-vector product operations.
	iteration results: : total energy is -76.982852 | electron energy -77.107685 + phonon energy 0.124833 | electron momentum kIdx = 0
The 5-th iteration is completed.	|| time cost : 0h 0m 32.01s
********************************************************************************************************************
Start the 6 rounds of NGS-ED iteration
	effective electronic model is modified as: kinetic energy t = 0.802212
	                                           effective interaction Vq = [-3.29995,-3.25115,-3.24516,-3.25115,-3.25115,-3.24516,-3.17267,-3.24516,-3.24516,-3.17267,-3.21217,-3.17267,-3.25115,-3.24516,-3.17267,-3.24516]
	PARPACK diagonalization completed after 45 matrix-vector product operations.
	iteration results: : total energy is -76.987999 | electron energy -77.117096 + phonon energy 0.129098 | electron momentum kIdx = 0
The 6-th iteration is completed.	|| time cost : 0h 0m 32.017s
********************************************************************************************************************
Start the 7 rounds of NGS-ED iteration
	effective electronic model is modified as: kinetic energy t = 0.801381
	                                           effective interaction Vq = [-3.29997,-3.25211,-3.24513,-3.25211,-3.25211,-3.24513,-3.17435,-3.24513,-3.24513,-3.17435,-3.22571,-3.17435,-3.25211,-3.24513,-3.17435,-3.24513]
	PARPACK diagonalization completed after 45 matrix-vector product operations.
	iteration results: : total energy is -76.991675 | electron energy -77.122772 + phonon energy 0.131097 | electron momentum kIdx = 0
The 7-th iteration is completed.	|| time cost : 0h 0m 32.054s
********************************************************************************************************************
Start the 8 rounds of NGS-ED iteration
	effective electronic model is modified as: kinetic energy t = 0.801096
	                                           effective interaction Vq = [-3.29997,-3.25202,-3.24075,-3.25202,-3.25202,-3.24075,-3.17437,-3.24075,-3.24075,-3.17437,-3.24663,-3.17437,-3.25202,-3.24075,-3.17437,-3.24075]
	PARPACK diagonalization completed after 45 matrix-vector product operations.
	iteration results: : total energy is -77.016625 | electron energy -77.149187 + phonon energy 0.132562 | electron momentum kIdx = 0
The 8-th iteration is completed.	|| time cost : 0h 0m 31.993s
********************************************************************************************************************
Start the 9 rounds of NGS-ED iteration
	effective electronic model is modified as: kinetic energy t = 0.805981
	                                           effective interaction Vq = [-3.29997,-3.24689,-3.20233,-3.24689,-3.24689,-3.20233,-3.16654,-3.20233,-3.20233,-3.16654,-3.27779,-3.16654,-3.24689,-3.20233,-3.16654,-3.20233]
	PARPACK diagonalization completed after 45 matrix-vector product operations.
	iteration results: : total energy is -77.132944 | electron energy -77.264599 + phonon energy 0.131655 | electron momentum kIdx = 0
The 9-th iteration is completed.	|| time cost : 0h 0m 32.024s
********************************************************************************************************************
Start the 10 rounds of NGS-ED iteration
	effective electronic model is modified as: kinetic energy t = 0.813146
	                                           effective interaction Vq = [-3.29997,-3.23775,-3.14795,-3.23775,-3.23775,-3.14795,-3.15319,-3.14795,-3.14795,-3.15319,-3.28859,-3.15319,-3.23775,-3.14795,-3.15319,-3.14795]
	PARPACK diagonalization completed after 30 matrix-vector product operations.
	iteration results: : total energy is -77.183723 | electron energy -77.311560 + phonon energy 0.127837 | electron momentum kIdx = 0
	Nq(0) = 16,	Nq(1) = 0.341609,	Nq(2) = 0.371119,	Nq(3) = 0.341609,	Nq(4) = 0.341609,	Nq(5) = 0.371119,	Nq(6) = 0.601944,	Nq(7) = 0.371119,	Nq(8) = 0.371119,	Nq(9) = 0.601944,	Nq(10) = 4.32925,	Nq(11) = 0.601944,	Nq(12) = 0.341609,	Nq(13) = 0.371119,	Nq(14) = 0.601944,	Nq(15) = 0.371119,	Sq(0) = 1.94666e-18,	Sq(1) = 0.279617,	Sq(2) = 0.333501,	Sq(3) = 0.279617,	Sq(4) = 0.279617,	Sq(5) = 0.333501,	Sq(6) = 0.498525,	Sq(7) = 0.333501,	Sq(8) = 0.333501,	Sq(9) = 0.498525,	Sq(10) = 0.556258,	Sq(11) = 0.498525,	Sq(12) = 0.279617,	Sq(13) = 0.333501,	Sq(14) = 0.498525,	Sq(15) = 0.333501,	N(0) = 1.99119,	N(1) = 1.97558,	N(2) = 1,	N(3) = 1.97558,	N(4) = 1.97558,	N(5) = 1,	N(6) = 0.0244233,	N(7) = 1,	N(8) = 1,	N(9) = 0.0244233,	N(10) = 0.0088072,	N(11) = 0.0244233,	N(12) = 1.97558,	N(13) = 1,	N(14) = 0.0244233,	N(15) = 1,	Delta[s](0) = 0.45056,	Delta[s](1) = 0.341554,	Delta[s](2) = 0.330691,	Delta[s](3) = 0.341554,	Delta[s](4) = 0.341554,	Delta[s](5) = 0.330691,	Delta[s](6) = 0.277576,	Delta[s](7) = 0.330691,	Delta[s](8) = 0.330691,	Delta[s](9) = 0.277576,	Delta[s](10) = 0.25386,	Delta[s](11) = 0.277576,	Delta[s](12) = 0.341554,	Delta[s](13) = 0.330691,	Delta[s](14) = 0.277576,	Delta[s](15) = 0.330691,	Delta[d](0) = 0.230625,	Delta[d](1) = 0.229221,	Delta[d](2) = 0.225683,	Delta[d](3) = 0.229221,	Delta[d](4) = 0.229221,	Delta[d](5) = 0.147778,	Delta[d](6) = 0.187496,	Delta[d](7) = 0.147778,	Delta[d](8) = 0.225683,	Delta[d](9) = 0.187496,	Delta[d](10) = 0.0648748,	Delta[d](11) = 0.187496,	Delta[d](12) = 0.229221,	Delta[d](13) = 0.147778,	Delta[d](14) = 0.187496,	Delta[d](15) = 0.147778,	Delta[s+](0) = 0.434076,	Delta[s+](1) = 0.345988,	Delta[s+](2) = 0.225683,	Delta[s+](3) = 0.345988,	Delta[s+](4) = 0.345988,	Delta[s+](5) = 0.225683,	Delta[s+](6) = 0.104041,	Delta[s+](7) = 0.225683,	Delta[s+](8) = 0.225683,	Delta[s+](9) = 0.104041,	Delta[s+](10) = 0.0358889,	Delta[s+](11) = 0.104041,	Delta[s+](12) = 0.345988,	Delta[s+](13) = 0.225683,	Delta[s+](14) = 0.104041,	Delta[s+](15) = 0.225683
The 10-th iteration is completed.	|| time cost : 0h 4m 38.193s
********************************************************************************************************************
Start the 11 rounds of NGS-ED iteration
	effective electronic model is modified as: kinetic energy t = 0.816053
	                                           effective interaction Vq = [-3.29997,-3.23229, -3.1248,-3.23229,-3.23229, -3.1248,-3.14557, -3.1248, -3.1248,-3.14557, -3.2916,-3.14557,-3.23229, -3.1248,-3.14557, -3.1248]
	PARPACK diagonalization completed after 30 matrix-vector product operations.
	iteration results: : total energy is -77.191002 | electron energy -77.316041 + phonon energy 0.125039 | electron momentum kIdx = 0
The 11-th iteration is completed.	|| time cost : 0h 0m 27.363s
********************************************************************************************************************
Start the 12 rounds of NGS-ED iteration
	effective electronic model is modified as: kinetic energy t = 0.817192
	                                           effective interaction Vq = [-3.29997,-3.22963,-3.11617,-3.22963,-3.22963,-3.11617,-3.14192,-3.11617,-3.11617,-3.14192,-3.29256,-3.14192,-3.22963,-3.11617,-3.14192,-3.11617]
	PARPACK diagonalization completed after 30 matrix-vector product operations.
	iteration results: : total energy is -77.192010 | electron energy -77.315724 + phonon energy 0.123714 | electron momentum kIdx = 0
The 12-th iteration is completed.	|| time cost : 0h 0m 27.372s
********************************************************************************************************************
Start the 13 rounds of NGS-ED iteration
	effective electronic model is modified as: kinetic energy t = 0.817641
	                                           effective interaction Vq = [-3.29997,-3.22842,-3.11304,-3.22842,-3.22842,-3.11304,-3.14028,-3.11304,-3.11304,-3.14028,-3.29288,-3.14028,-3.22842,-3.11304,-3.14028,-3.11304]
	PARPACK diagonalization completed after 30 matrix-vector product operations.
	iteration results: : total energy is -77.192153 | electron energy -77.315294 + phonon energy 0.123141 | electron momentum kIdx = 0
The 13-th iteration is completed.	|| time cost : 0h 0m 27.344s
********************************************************************************************************************
Start the 14 rounds of NGS-ED iteration
	effective electronic model is modified as: kinetic energy t = 0.817819
	                                           effective interaction Vq = [-3.29997, -3.2279, -3.1119, -3.2279, -3.2279, -3.1119,-3.13956, -3.1119, -3.1119,-3.13956,  -3.293,-3.13956, -3.2279, -3.1119,-3.13956, -3.1119]
	PARPACK diagonalization completed after 30 matrix-vector product operations.
	iteration results: : total energy is -77.192174 | electron energy -77.315075 + phonon energy 0.122901 | electron momentum kIdx = 0
The 14-th iteration is completed.	|| time cost : 0h 0m 27.266s
********************************************************************************************************************
Start the 15 rounds of NGS-ED iteration
	effective electronic model is modified as: kinetic energy t = 0.817889
	                                           effective interaction Vq = [-3.29997,-3.22768,-3.11149,-3.22768,-3.22768,-3.11149,-3.13925,-3.11149,-3.11149,-3.13925,-3.29304,-3.13925,-3.22768,-3.11149,-3.13925,-3.11149]
	PARPACK diagonalization completed after 30 matrix-vector product operations.
	iteration results: : total energy is -77.192177 | electron energy -77.314979 + phonon energy 0.122802 | electron momentum kIdx = 0
	Nq(0) = 16,	Nq(1) = 0.336138,	Nq(2) = 0.36613,	Nq(3) = 0.336138,	Nq(4) = 0.336138,	Nq(5) = 0.36613,	Nq(6) = 0.594881,	Nq(7) = 0.36613,	Nq(8) = 0.36613,	Nq(9) = 0.594881,	Nq(10) = 4.41816,	Nq(11) = 0.594881,	Nq(12) = 0.336138,	Nq(13) = 0.36613,	Nq(14) = 0.594881,	Nq(15) = 0.36613,	Sq(0) = -1.50908e-18,	Sq(1) = 0.278286,	Sq(2) = 0.333005,	Sq(3) = 0.278286,	Sq(4) = 0.278286,	Sq(5) = 0.333005,	Sq(6) = 0.498114,	Sq(7) = 0.333005,	Sq(8) = 0.333005,	Sq(9) = 0.498114,	Sq(10) = 0.557358,	Sq(11) = 0.498114,	Sq(12) = 0.278286,	Sq(13) = 0.333005,	Sq(14) = 0.498114,	Sq(15) = 0.333005,	N(0) = 1.99085,	N(1) = 1.97457,	N(2) = 1,	N(3) = 1.97457,	N(4) = 1.97457,	N(5) = 1,	N(6) = 0.0254326,	N(7) = 1,	N(8) = 1,	N(9) = 0.0254326,	N(10) = 0.00914699,	N(11) = 0.0254326,	N(12) = 1.97457,	N(13) = 1,	N(14) = 0.0254326,	N(15) = 1,	Delta[s](0) = 0.445485,	Delta[s](1) = 0.342159,	Delta[s](2) = 0.330971,	Delta[s](3) = 0.342159,	Delta[s](4) = 0.342159,	Delta[s](5) = 0.330971,	Delta[s](6) = 0.278285,	Delta[s](7) = 0.330971,	Delta[s](8) = 0.330971,	Delta[s](9) = 0.278285,	Delta[s](10) = 0.256422,	Delta[s](11) = 0.278285,	Delta[s](12) = 0.342159,	Delta[s](13) = 0.330971,	Delta[s](14) = 0.278285,	Delta[s](15) = 0.330971,	Delta[d](0) = 0.229221,	Delta[d](1) = 0.227356,	Delta[d](2) = 0.224604,	Delta[d](3) = 0.227356,	Delta[d](4) = 0.227356,	Delta[d](5) = 0.146236,	Delta[d](6) = 0.185476,	Delta[d](7) = 0.146236,	Delta[d](8) = 0.224604,	Delta[d](9) = 0.185476,	Delta[d](10) = 0.0631915,	Delta[d](11) = 0.185476,	Delta[d](12) = 0.227356,	Delta[d](13) = 0.146236,	Delta[d](14) = 0.185476,	Delta[d](15) = 0.146236,	Delta[s+](0) = 0.434483,	Delta[s+](1) = 0.345336,	Delta[s+](2) = 0.224604,	Delta[s+](3) = 0.345336,	Delta[s+](4) = 0.345336,	Delta[s+](5) = 0.224604,	Delta[s+](6) = 0.102632,	Delta[s+](7) = 0.224604,	Delta[s+](8) = 0.224604,	Delta[s+](9) = 0.102632,	Delta[s+](10) = 0.0349736,	Delta[s+](11) = 0.102632,	Delta[s+](12) = 0.345336,	Delta[s+](13) = 0.224604,	Delta[s+](14) = 0.102632,	Delta[s+](15) = 0.224604
The 15-th iteration is completed.	|| time cost : 0h 4m 37.22s
********************************************************************************************************************
********************************************************************************************************************
Ground state is obtained after 16 iterations. The current ground-state energy is -77.1922, in which electron energy is -77.315 and phonon energy is 0.122802
final variational state is: 
	Gamma_x = [      1,1.02839,1.04494,1.02839,1.02839,1.04494,1.06984,1.04494,1.04494,1.06984,1.13534,1.06984,1.02839,1.04494,1.06984,1.04494]
	lambda_q = [0.574453,0.489376,0.437111,0.489376,0.489376,0.437111,0.447629,0.437111,0.437111,0.447629,0.548162,0.447629,0.489376,0.437111,0.447629,0.437111]
********************************************************************************************************************
o___o  ----------------------------------------
| L |	Time since last clock: 0h 0m 0.001s
A===A	Time since the beginning: 0h 31m 57.138s
***********************************************


********************************************************************************************************************
Warm up runs have been completed. Start calculating W = 5 phonon.
open output files: NGSEDIterationObs.txt
********************************************************************************************************************
Start the 0 rounds of NGS-ED iteration
	effective electronic model is modified as: kinetic energy t = 0.817917
	                                           effective interaction Vq = [-3.01688,-2.77825,-2.59576,-2.77825,-2.77825,-2.59576,-2.63468,-2.59576,-2.59576,-2.63468,-2.95086,-2.63468,-2.77825,-2.59576,-2.63468,-2.59576]
	PARPACK diagonalization completed after 45 matrix-vector product operations.
	iteration results: : total energy is -68.413562 | electron energy -68.474943 + phonon energy 0.061381 | electron momentum kIdx = 0
	Nq(0) = 16,	Nq(1) = 0.332923,	Nq(2) = 0.35209,	Nq(3) = 0.332923,	Nq(4) = 0.332923,	Nq(5) = 0.35209,	Nq(6) = 0.558,	Nq(7) = 0.35209,	Nq(8) = 0.35209,	Nq(9) = 0.558,	Nq(10) = 3.96319,	Nq(11) = 0.558,	Nq(12) = 0.332923,	Nq(13) = 0.35209,	Nq(14) = 0.558,	Nq(15) = 0.35209,	Sq(0) = -5.17962e-19,	Sq(1) = 0.323486,	Sq(2) = 0.359858,	Sq(3) = 0.323486,	Sq(4) = 0.323486,	Sq(5) = 0.359858,	Sq(6) = 0.572884,	Sq(7) = 0.359858,	Sq(8) = 0.359858,	Sq(9) = 0.572884,	Sq(10) = 0.615947,	Sq(11) = 0.572884,	Sq(12) = 0.323486,	Sq(13) = 0.359858,	Sq(14) = 0.572884,	Sq(15) = 0.359858,	N(0) = 1.99637,	N(1) = 1.98978,	N(2) = 1,	N(3) = 1.98978,	N(4) = 1.98978,	N(5) = 1,	N(6) = 0.0102207,	N(7) = 1,	N(8) = 1,	N(9) = 0.0102207,	N(10) = 0.00362559,	N(11) = 0.0102207,	N(12) = 1.98978,	N(13) = 1,	N(14) = 0.0102207,	N(15) = 1,	Delta[s](0) = 0.378186,	Delta[s](1) = 0.316241,	Delta[s](2) = 0.308169,	Delta[s](3) = 0.316241,	Delta[s](4) = 0.316241,	Delta[s](5) = 0.308169,	Delta[s](6) = 0.267251,	Delta[s](7) = 0.308169,	Delta[s](8) = 0.308169,	Delta[s](9) = 0.267251,	Delta[s](10) = 0.258548,	Delta[s](11) = 0.267251,	Delta[s](12) = 0.316241,	Delta[s](13) = 0.308169,	Delta[s](14) = 0.267251,	Delta[s](15) = 0.308169,	Delta[d](0) = 0.240218,	Delta[d](1) = 0.245324,	Delta[d](2) = 0.243456,	Delta[d](3) = 0.245324,	Delta[d](4) = 0.245324,	Delta[d](5) = 0.157242,	Delta[d](6) = 0.201877,	Delta[d](7) = 0.157242,	Delta[d](8) = 0.243456,	Delta[d](9) = 0.201877,	Delta[d](10) = 0.0742844,	Delta[d](11) = 0.201877,	Delta[d](12) = 0.245324,	Delta[d](13) = 0.157242,	Delta[d](14) = 0.201877,	Delta[d](15) = 0.157242,	Delta[s+](0) = 0.476296,	Delta[s+](1) = 0.373741,	Delta[s+](2) = 0.243456,	Delta[s+](3) = 0.373741,	Delta[s+](4) = 0.373741,	Delta[s+](5) = 0.243456,	Delta[s+](6) = 0.113729,	Delta[s+](7) = 0.243456,	Delta[s+](8) = 0.243456,	Delta[s+](9) = 0.113729,	Delta[s+](10) = 0.0410707,	Delta[s+](11) = 0.113729,	Delta[s+](12) = 0.373741,	Delta[s+](13) = 0.243456,	Delta[s+](14) = 0.113729,	Delta[s+](15) = 0.243456
The 0-th iteration is completed.	|| time cost : 0h 4m 36.319s
********************************************************************************************************************
Start the 1 rounds of NGS-ED iteration
	effective electronic model is modified as: kinetic energy t = 0.792471
	                                           effective interaction Vq = [-3.19582,-2.94853,-2.71957,-2.94853,-2.94853,-2.71957,-2.76727,-2.71957,-2.71957,-2.76727,-3.15178,-2.76727,-2.94853,-2.71957,-2.76727,-2.71957]
	PARPACK diagonalization completed after 30 matrix-vector product operations.
	iteration results: : total energy is -72.190139 | electron energy -72.378691 + phonon energy 0.188552 | electron momentum kIdx = 0
The 1-th iteration is completed.	|| time cost : 0h 0m 27.439s
********************************************************************************************************************
Start the 2 rounds of NGS-ED iteration
	effective electronic model is modified as: kinetic energy t = 0.779166
	                                           effective interaction Vq = [-3.26166,-3.01498,-2.77679,-3.01498,-3.01498,-2.77679,-2.82504,-2.77679,-2.77679,-2.82504,-3.23539,-2.82504,-3.01498,-2.77679,-2.82504,-2.77679]
	PARPACK diagonalization completed after 30 matrix-vector product operations.
	iteration results: : total energy is -73.579634 | electron energy -73.857167 + phonon energy 0.277532 | electron momentum kIdx = 0
The 2-th iteration is completed.	|| time cost : 0h 0m 27.319s
********************************************************************************************************************
Start the 3 rounds of NGS-ED iteration
	effective electronic model is modified as: kinetic energy t = 0.77275
	                                           effective interaction Vq = [-3.28587,-3.04058,-2.80275,-3.04058,-3.04058,-2.80275,-2.84911,-2.80275,-2.80275,-2.84911,-3.26797,-2.84911,-3.04058,-2.80275,-2.84911,-2.80275]
	PARPACK diagonalization completed after 30 matrix-vector product operations.
	iteration results: : total energy is -74.072657 | electron energy -74.400183 + phonon energy 0.327526 | electron momentum kIdx = 0
The 3-th iteration is completed.	|| time cost : 0h 0m 27.266s
********************************************************************************************************************
Start the 4 rounds of NGS-ED iteration
	effective electronic model is modified as: kinetic energy t = 0.769701
	                                           effective interaction Vq = [-3.29478,-3.05068,-2.81486,-3.05068,-3.05068,-2.81486,-2.85935,-2.81486,-2.81486,-2.85935,-3.28086,-2.85935,-3.05068,-2.81486,-2.85935,-2.81486]
	PARPACK diagonalization completed after 30 matrix-vector product operations.
	iteration results: : total energy is -74.245109 | electron energy -74.598875 + phonon energy 0.353766 | electron momentum kIdx = 0
The 4-th iteration is completed.	|| time cost : 0h 0m 27.318s
********************************************************************************************************************
Start the 5 rounds of NGS-ED iteration
	effective electronic model is modified as: kinetic energy t = 0.768239
	                                           effective interaction Vq = [-3.29806, -3.0548,-2.82071, -3.0548, -3.0548,-2.82071,-2.86387,-2.82071,-2.82071,-2.86387,-3.28627,-2.86387, -3.0548,-2.82071,-2.86387,-2.82071]
	PARPACK diagonalization completed after 30 matrix-vector product operations.
	iteration results: : total energy is -74.305543 | electron energy -74.672744 + phonon energy 0.367201 | electron momentum kIdx = 0
The 5-th iteration is completed.	|| time cost : 0h 0m 27.353s
********************************************************************************************************************
Start the 6 rounds of NGS-ED iteration
	effective electronic model is modified as: kinetic energy t = 0.767533
	                                           effective interaction Vq = [-3.29927, -3.0565,-2.82361, -3.0565, -3.0565,-2.82361,-2.86591,-2.82361,-2.82361,-2.86591,-3.28869,-2.86591, -3.0565,-2.82361,-2.86591,-2.82361]
	PARPACK diagonalization completed after 30 matrix-vector product operations.
	iteration results: : total energy is -74.326906 | electron energy -74.700891 + phonon energy 0.373985 | electron momentum kIdx = 0
The 6-th iteration is completed.	|| time cost : 0h 0m 27.372s
********************************************************************************************************************
Start the 7 rounds of NGS-ED iteration
	effective electronic model is modified as: kinetic energy t = 0.767191
	                                           effective interaction Vq = [-3.29971,-3.05718,-2.82507,-3.05718,-3.05718,-2.82507,-2.86683,-2.82507,-2.82507,-2.86683,-3.28983,-2.86683,-3.05718,-2.82507,-2.86683,-2.82507]
	PARPACK diagonalization completed after 30 matrix-vector product operations.
	iteration results: : total energy is -74.334530 | electron energy -74.711908 + phonon energy 0.377378 | electron momentum kIdx = 0
The 7-th iteration is completed.	|| time cost : 0h 0m 27.335s
********************************************************************************************************************
Start the 8 rounds of NGS-ED iteration
	effective electronic model is modified as: kinetic energy t = 0.767027
	                                           effective interaction Vq = [-3.29987,-3.05744,-2.82581,-3.05744,-3.05744,-2.82581,-2.86724,-2.82581,-2.82581,-2.86724,-3.29037,-2.86724,-3.05744,-2.82581,-2.86724,-2.82581]
	PARPACK diagonalization completed after 30 matrix-vector product operations.
	iteration results: : total energy is -74.337275 | electron energy -74.716335 + phonon energy 0.379060 | electron momentum kIdx = 0
The 8-th iteration is completed.	|| time cost : 0h 0m 27.317s
********************************************************************************************************************
Start the 9 rounds of NGS-ED iteration
	effective electronic model is modified as: kinetic energy t = 0.766949
	                                           effective interaction Vq = [-3.29993,-3.05752,-2.82618,-3.05752,-3.05752,-2.82618,-2.86741,-2.82618,-2.82618,-2.86741,-3.29064,-2.86741,-3.05752,-2.82618,-2.86741,-2.82618]
	PARPACK diagonalization completed after 30 matrix-vector product operations.
	iteration results: : total energy is -74.338269 | electron energy -74.718157 + phonon energy 0.379889 | electron momentum kIdx = 0
The 9-th iteration is completed.	|| time cost : 0h 0m 27.622s
********************************************************************************************************************
Start the 10 rounds of NGS-ED iteration
	effective electronic model is modified as: kinetic energy t = 0.766913
	                                           effective interaction Vq = [-3.29996,-3.05753,-2.82636,-3.05753,-3.05753,-2.82636,-2.86747,-2.82636,-2.82636,-2.86747,-3.29078,-2.86747,-3.05753,-2.82636,-2.86747,-2.82636]
	PARPACK diagonalization completed after 30 matrix-vector product operations.
	iteration results: : total energy is -74.338631 | electron energy -74.718924 + phonon energy 0.380293 | electron momentum kIdx = 0
	Nq(0) = 16,	Nq(1) = 0.275997,	Nq(2) = 0.326894,	Nq(3) = 0.275997,	Nq(4) = 0.275997,	Nq(5) = 0.326894,	Nq(6) = 0.500823,	Nq(7) = 0.326894,	Nq(8) = 0.326894,	Nq(9) = 0.500823,	Nq(10) = 5.57809,	Nq(11) = 0.500823,	Nq(12) = 0.275997,	Nq(13) = 0.326894,	Nq(14) = 0.500823,	Nq(15) = 0.326894,	Sq(0) = 7.57767e-18,	Sq(1) = 0.249928,	Sq(2) = 0.318501,	Sq(3) = 0.249928,	Sq(4) = 0.249928,	Sq(5) = 0.318501,	Sq(6) = 0.473478,	Sq(7) = 0.318501,	Sq(8) = 0.318501,	Sq(9) = 0.473478,	Sq(10) = 0.548637,	Sq(11) = 0.473478,	Sq(12) = 0.249928,	Sq(13) = 0.318501,	Sq(14) = 0.473478,	Sq(15) = 0.318501,	N(0) = 1.9827,	N(1) = 1.94674,	N(2) = 1,	N(3) = 1.94674,	N(4) = 1.94674,	N(5) = 1,	N(6) = 0.0532627,	N(7) = 1,	N(8) = 1,	N(9) = 0.0532627,	N(10) = 0.0173035,	N(11) = 0.0532627,	N(12) = 1.94674,	N(13) = 1,	N(14) = 0.0532627,	N(15) = 1,	Delta[s](0) = 0.401532,	Delta[s](1) = 0.349021,	Delta[s](2) = 0.336246,	Delta[s](3) = 0.349021,	Delta[s](4) = 0.349021,	Delta[s](5) = 0.336246,	Delta[s](6) = 0.304642,	Delta[s](7) = 0.336246,	Delta[s](8) = 0.336246,	Delta[s](9) = 0.304642,	Delta[s](10) = 0.289712,	Delta[s](11) = 0.304642,	Delta[s](12) = 0.349021,	Delta[s](13) = 0.336246,	Delta[s](14) = 0.304642,	Delta[s](15) = 0.336246,	Delta[d](0) = 0.221422,	Delta[d](1) = 0.213203,	Delta[d](2) = 0.223016,	Delta[d](3) = 0.213203,	Delta[d](4) = 0.213203,	Delta[d](5) = 0.146883,	Delta[d](6) = 0.173294,	Delta[d](7) = 0.146883,	Delta[d](8) = 0.223016,	Delta[d](9) = 0.173294,	Delta[d](10) = 0.0723035,	Delta[d](11) = 0.173294,	Delta[d](12) = 0.213203,	Delta[d](13) = 0.146883,	Delta[d](14) = 0.173294,	Delta[d](15) = 0.146883,	Delta[s+](0) = 0.445197,	Delta[s+](1) = 0.343945,	Delta[s+](2) = 0.223016,	Delta[s+](3) = 0.343945,	Delta[s+](4) = 0.343945,	Delta[s+](5) = 0.223016,	Delta[s+](6) = 0.102378,	Delta[s+](7) = 0.223016,	Delta[s+](8) = 0.223016,	Delta[s+](9) = 0.102378,	Delta[s+](10) = 0.0408202,	Delta[s+](11) = 0.102378,	Delta[s+](12) = 0.343945,	Delta[s+](13) = 0.223016,	Delta[s+](14) = 0.102378,	Delta[s+](15) = 0.223016
The 10-th iteration is completed.	|| time cost : 0h 4m 36.213s
********************************************************************************************************************
Start the 11 rounds of NGS-ED iteration
	effective electronic model is modified as: kinetic energy t = 0.766897
	                                           effective interaction Vq = [-3.29996,-3.05751,-2.82645,-3.05751,-3.05751,-2.82645,-2.86749,-2.82645,-2.82645,-2.86749,-3.29085,-2.86749,-3.05751,-2.82645,-2.86749,-2.82645]
	PARPACK diagonalization completed after 30 matrix-vector product operations.
	iteration results: : total energy is -74.338763 | electron energy -74.719252 + phonon energy 0.380489 | electron momentum kIdx = 0
The 11-th iteration is completed.	|| time cost : 0h 0m 27.397s
********************************************************************************************************************
Start the 12 rounds of NGS-ED iteration
	effective electronic model is modified as: kinetic energy t = 0.76689
	                                           effective interaction Vq = [-3.29997,-3.05749,-2.82649,-3.05749,-3.05749,-2.82649,-2.86749,-2.82649,-2.82649,-2.86749,-3.29088,-2.86749,-3.05749,-2.82649,-2.86749,-2.82649]
	PARPACK diagonalization completed after 30 matrix-vector product operations.
	iteration results: : total energy is -74.338811 | electron energy -74.719393 + phonon energy 0.380582 | electron momentum kIdx = 0
The 12-th iteration is completed.	|| time cost : 0h 0m 27.357s
********************************************************************************************************************
Start the 13 rounds of NGS-ED iteration
	effective electronic model is modified as: kinetic energy t = 0.766888
	                                           effective interaction Vq = [-3.29997,-3.05748,-2.82651,-3.05748,-3.05748,-2.82651,-2.86748,-2.82651,-2.82651,-2.86748, -3.2909,-2.86748,-3.05748,-2.82651,-2.86748,-2.82651]
	PARPACK diagonalization completed after 30 matrix-vector product operations.
	iteration results: : total energy is -74.338829 | electron energy -74.719455 + phonon energy 0.380626 | electron momentum kIdx = 0
The 13-th iteration is completed.	|| time cost : 0h 0m 27.268s
********************************************************************************************************************
Start the 14 rounds of NGS-ED iteration
	effective electronic model is modified as: kinetic energy t = 0.766887
	                                           effective interaction Vq = [-3.29997,-3.05746,-2.82652,-3.05746,-3.05746,-2.82652,-2.86747,-2.82652,-2.82652,-2.86747, -3.2909,-2.86747,-3.05746,-2.82652,-2.86747,-2.82652]
	PARPACK diagonalization completed after 30 matrix-vector product operations.
	iteration results: : total energy is -74.338835 | electron energy -74.719481 + phonon energy 0.380646 | electron momentum kIdx = 0
The 14-th iteration is completed.	|| time cost : 0h 0m 27.324s
********************************************************************************************************************
Start the 15 rounds of NGS-ED iteration
	effective electronic model is modified as: kinetic energy t = 0.766887
	                                           effective interaction Vq = [-3.29997,-3.05746,-2.82652,-3.05746,-3.05746,-2.82652,-2.86746,-2.82652,-2.82652,-2.86746,-3.29091,-2.86746,-3.05746,-2.82652,-2.86746,-2.82652]
	PARPACK diagonalization completed after 30 matrix-vector product operations.
	iteration results: : total energy is -74.338838 | electron energy -74.719492 + phonon energy 0.380654 | electron momentum kIdx = 0
The 15-th iteration is completed.	|| time cost : 0h 0m 27.327s
********************************************************************************************************************
Start the 16 rounds of NGS-ED iteration
	effective electronic model is modified as: kinetic energy t = 0.766887
	                                           effective interaction Vq = [-3.29997,-3.05745,-2.82652,-3.05745,-3.05745,-2.82652,-2.86746,-2.82652,-2.82652,-2.86746,-3.29091,-2.86746,-3.05745,-2.82652,-2.86746,-2.82652]
	PARPACK diagonalization completed after 30 matrix-vector product operations.
	iteration results: : total energy is -74.338839 | electron energy -74.719496 + phonon energy 0.380658 | electron momentum kIdx = 0
The 16-th iteration is completed.	|| time cost : 0h 0m 27.372s
********************************************************************************************************************
Start the 17 rounds of NGS-ED iteration
	effective electronic model is modified as: kinetic energy t = 0.766888
	                                           effective interaction Vq = [-3.29997,-3.05744,-2.82652,-3.05744,-3.05744,-2.82652,-2.86746,-2.82652,-2.82652,-2.86746,-3.29091,-2.86746,-3.05744,-2.82652,-2.86746,-2.82652]
	PARPACK diagonalization completed after 30 matrix-vector product operations.
	iteration results: : total energy is -74.338839 | electron energy -74.719498 + phonon energy 0.380659 | electron momentum kIdx = 0
The 17-th iteration is completed.	|| time cost : 0h 0m 27.397s
********************************************************************************************************************
Start the 18 rounds of NGS-ED iteration
	effective electronic model is modified as: kinetic energy t = 0.766888
	                                           effective interaction Vq = [-3.29997,-3.05744,-2.82652,-3.05744,-3.05744,-2.82652,-2.86745,-2.82652,-2.82652,-2.86745,-3.29091,-2.86745,-3.05744,-2.82652,-2.86745,-2.82652]
	PARPACK diagonalization completed after 30 matrix-vector product operations.
	iteration results: : total energy is -74.338839 | electron energy -74.719498 + phonon energy 0.380659 | electron momentum kIdx = 0
The 18-th iteration is completed.	|| time cost : 0h 0m 27.326s
