SNEDics v3.2 diagonalization test program		Start at Sun May 12 12:20:43 2019

parallized on 80 MPI threads  * 3 OpenMP threads = 240 total threads.
************************************************************************************
************************************************************************************

Input file "model_params.in"
Hubbard-Holstein model parameters : 	t = 1    U = 4    g = 4.4721    W = 5    
************************************************************************************
Input file "hilbertspace_params.in"

Cluster Positions:				Cluster symmetry group : D4
 x ... x ... x ... x .....                       x ... x ... x ... x .....
 |           |           :                       |           |           :
 |           |           :                       |           |           :
12    13    14    15     x                       1     5     6     5     x
 |           |           :                       |           |           :
 |           |           :                       |           |           :
 8 --- 9 ---10 ---11 --- x                       2 --- 6 ---10 --- 6 --- x
 |           |           :                       |           |           :
 |           |           :                       |           |           :
 4     5     6     7     x                       1     5     6     5     x
 |           |           :                       |           |           :
 |           |           :                       |           |           :
 0 --- 1 --- 2 --- 3 --- x                       0 --- 1 --- 2 --- 1 --- x
orbital number : 1
************************************************************************************
** NOTE ** Detected low phonon energy W < 10. The initial state will be prepared through a warm-up process.
starting warm-up calculation for scaling factor 2
0 rounds of non-Gaussian ED iteration : ground-state energy is -15.7446 | electron energy -15.7446 + phonon energy 0 | electron momentum kIdx = 0
Nq = 	12.25	0.215838	0.272353	0.215838	0.215838	0.315693	0.368855	0.315693	0.272353	0.368855	0.424219	0.368855	0.215838	0.315693	0.368855	0.315693
Sq = 	4.08774e-18	0.461697	0.680365	0.461697	0.461697	0.590684	0.857215	0.590684	0.680365	0.857215	2.18042	0.857215	0.461697	0.590684	0.857215	0.590684
1 rounds of non-Gaussian ED iteration : ground-state energy is -78.5132 | electron energy -78.5239 + phonon energy 0.0106546 | electron momentum kIdx = 0
Nq = 	12.25	0.498128	0.744093	0.498128	0.498128	0.785199	0.773867	0.785199	0.744093	0.773867	1.14114	0.773867	0.498128	0.785199	0.773867	0.785199
Sq = 	6.86578e-19	0.233014	0.29888	0.233014	0.233014	0.298455	0.420792	0.298455	0.29888	0.420792	0.485098	0.420792	0.233014	0.298455	0.420792	0.298455
2 rounds of non-Gaussian ED iteration : ground-state energy is -89.5831 | electron energy -89.6607 + phonon energy 0.0776246 | electron momentum kIdx = 0
Nq = 	12.25	0.529662	0.77137	0.529662	0.529662	0.785483	0.886334	0.785483	0.77137	0.886334	1.87762	0.886334	0.529662	0.785483	0.886334	0.785483
Sq = 	6.53841e-18	0.152178	0.223334	0.152178	0.152178	0.223214	0.302687	0.223214	0.223334	0.302687	0.364738	0.302687	0.152178	0.223214	0.302687	0.223214
3 rounds of non-Gaussian ED iteration : ground-state energy is -91.3035 | electron energy -91.4215 + phonon energy 0.117986 | electron momentum kIdx = 0
Nq = 	12.25	0.503045	0.735753	0.503045	0.503045	0.739754	0.905424	0.739754	0.735753	0.905424	2.5849	0.905424	0.503045	0.739754	0.905424	0.739754
Sq = 	-4.66493e-19	0.129383	0.197652	0.129383	0.129383	0.197621	0.267804	0.197621	0.197652	0.267804	0.326165	0.267804	0.129383	0.197621	0.267804	0.197621
4 rounds of non-Gaussian ED iteration : ground-state energy is -91.5602 | electron energy -91.6924 + phonon energy 0.132238 | electron momentum kIdx = 0
Nq = 	12.25	0.488648	0.71643	0.488648	0.488648	0.717721	0.906486	0.717721	0.71643	0.906486	2.90345	0.906486	0.488648	0.717721	0.906486	0.717721
Sq = 	6.6801e-19	0.122187	0.189088	0.122187	0.122187	0.189078	0.256427	0.189078	0.189088	0.256427	0.313318	0.256427	0.122187	0.189078	0.256427	0.189078
5 rounds of non-Gaussian ED iteration : ground-state energy is -91.5962 | electron energy -91.7332 + phonon energy 0.137019 | electron momentum kIdx = 0
Nq = 	12.25	0.484559	0.710732	0.484559	0.484559	0.7112	0.908796	0.7112	0.710732	0.908796	2.99314	0.908796	0.484559	0.7112	0.908796	0.7112
Sq = 	2.13175e-18	0.119869	0.186288	0.119869	0.119869	0.186284	0.25272	0.186284	0.186288	0.25272	0.309113	0.25272	0.119869	0.186284	0.25272	0.186284
6 rounds of non-Gaussian ED iteration : ground-state energy is -91.6011 | electron energy -91.7398 + phonon energy 0.138768 | electron momentum kIdx = 0
Nq = 	12.25	0.483504	0.709163	0.483504	0.483504	0.70934	0.910641	0.70934	0.709163	0.910641	3.01584	0.910641	0.483504	0.70934	0.910641	0.70934
Sq = 	-1.81112e-18	0.119083	0.185337	0.119083	0.119083	0.185336	0.251463	0.185336	0.185337	0.251463	0.307689	0.251463	0.119083	0.185336	0.251463	0.185336
Ground state is obtained after 7 iterations. The current ground-state energy is -91.6017, in which electron energy is -91.7411 and phonon energy is 0.139434
final variational state is: 
Gamma_x =       1 1.02914  1.0546 1.02914 1.02914 1.05462 1.07848 1.05462  1.0546 1.07848 1.11902 1.07848 1.02914 1.05462 1.07848 1.05462
lambda_q = 0.631874 0.580886 0.565789 0.580886 0.580886 0.565844 0.557264 0.565844 0.565789 0.557264 0.600359 0.557264 0.580886 0.565844 0.557264 0.565844
o___o  -------------------------------------
| L |	Time since last clock: 0h 28m 59.771s
A===A	Time since the beginning: 0h 28m 59.771s
********************************************

************************************************************************************
Warm up completed
o___o  -------------------------------------
| L |	Time since last clock: 0h 0m 0.035s
A===A	Time since the beginning: 0h 28m 59.807s
********************************************

************************************************************************************
0 rounds of non-Gaussian ED iteration : ground-state energy is -81.5174 | electron energy -81.5871 + phonon energy 0.0697171 | electron momentum kIdx = 0
Nq = 	12.25	0.42812	0.630755	0.42812	0.42812	0.63087	0.749097	0.63087	0.630755	0.749097	3.58053	0.749097	0.42812	0.63087	0.749097	0.63087
Sq = 	1.83024e-18	0.160696	0.23136	0.160696	0.160696	0.231358	0.316427	0.231358	0.23136	0.316427	0.378964	0.316427	0.160696	0.231358	0.316427	0.231358
1 rounds of non-Gaussian ED iteration : ground-state energy is -85.8802 | electron energy -86.1211 + phonon energy 0.240818 | electron momentum kIdx = 0
Nq = 	12.25	0.372963	0.543545	0.372963	0.372963	0.543595	0.648377	0.543595	0.543545	0.648377	5.46567	0.648377	0.372963	0.543595	0.648377	0.543595
Sq = 	-6.29227e-19	0.121792	0.186931	0.121792	0.121792	0.18693	0.254787	0.18693	0.186931	0.254787	0.309602	0.254787	0.121792	0.18693	0.254787	0.18693
2 rounds of non-Gaussian ED iteration : ground-state energy is -87.567 | electron energy -87.89 + phonon energy 0.323016 | electron momentum kIdx = 0
Nq = 	12.25	0.347709	0.494447	0.347709	0.347709	0.49447	0.592387	0.49447	0.494447	0.592387	6.47103	0.592387	0.347709	0.49447	0.592387	0.49447
Sq = 	-1.73183e-18	0.102561	0.163071	0.102561	0.102561	0.163071	0.22265	0.163071	0.163071	0.22265	0.272545	0.22265	0.102561	0.163071	0.22265	0.163071
3 rounds of non-Gaussian ED iteration : ground-state energy is -88.1694 | electron energy -88.5166 + phonon energy 0.347244 | electron momentum kIdx = 0
Nq = 	12.25	0.342363	0.479582	0.342363	0.342363	0.479594	0.57642	0.479594	0.479582	0.57642	6.80588	0.57642	0.342363	0.479594	0.57642	0.479594
Sq = 	1.35941e-18	0.094787	0.153077	0.094787	0.094787	0.153076	0.209217	0.153076	0.153077	0.209217	0.256977	0.209217	0.094787	0.153076	0.209217	0.153076
4 rounds of non-Gaussian ED iteration : ground-state energy is -88.3776 | electron energy -88.7322 + phonon energy 0.354573 | electron momentum kIdx = 0
Nq = 	12.25	0.343357	0.477911	0.343357	0.343357	0.477918	0.576219	0.477918	0.477911	0.576219	6.88008	0.576219	0.343357	0.477918	0.576219	0.477918
Sq = 	1.27136e-18	0.0915541	0.148881	0.0915541	0.0915541	0.14888	0.203547	0.14888	0.148881	0.203547	0.25043	0.203547	0.0915541	0.14888	0.203547	0.14888
5 rounds of non-Gaussian ED iteration : ground-state energy is -88.4499 | electron energy -88.8083 + phonon energy 0.358436 | electron momentum kIdx = 0
Nq = 	12.25	0.346033	0.480501	0.346033	0.346033	0.480506	0.58119	0.480506	0.480501	0.58119	6.86452	0.58119	0.346033	0.480506	0.58119	0.480506
Sq = 	4.56058e-19	0.0900848	0.146984	0.0900848	0.0900848	0.146984	0.200961	0.146984	0.146984	0.200961	0.247475	0.200961	0.0900848	0.146984	0.200961	0.146984
6 rounds of non-Gaussian ED iteration : ground-state energy is -88.4756 | electron energy -88.8372 + phonon energy 0.361583 | electron momentum kIdx = 0
Nq = 	12.25	0.348888	0.484167	0.348888	0.348888	0.48417	0.587446	0.48417	0.484167	0.587446	6.82124	0.587446	0.348888	0.48417	0.587446	0.48417
Sq = 	-3.35202e-18	0.0893496	0.146049	0.0893496	0.0893496	0.146049	0.199672	0.146049	0.146049	0.199672	0.246027	0.199672	0.0893496	0.146049	0.199672	0.146049
7 rounds of non-Gaussian ED iteration : ground-state energy is -88.4852 | electron energy -88.8495 + phonon energy 0.364343 | electron momentum kIdx = 0
Nq = 	12.25	0.351471	0.487821	0.351471	0.351471	0.487823	0.593609	0.487823	0.487821	0.593609	6.77251	0.593609	0.351471	0.487823	0.593609	0.487823
Sq = 	1.64663e-18	0.0889473	0.145549	0.0889473	0.0889473	0.145549	0.198975	0.145549	0.145549	0.198975	0.245261	0.198975	0.0889473	0.145549	0.198975	0.145549
8 rounds of non-Gaussian ED iteration : ground-state energy is -88.4889 | electron energy -88.8556 + phonon energy 0.366709 | electron momentum kIdx = 0
Nq = 	12.25	0.353684	0.491119	0.353684	0.353684	0.491121	0.599217	0.491121	0.491119	0.599217	6.72618	0.599217	0.353684	0.491121	0.599217	0.491121
Sq = 	-1.6308e-18	0.0887086	0.145261	0.0887086	0.0887086	0.145261	0.198567	0.145261	0.145261	0.198567	0.244825	0.198567	0.0887086	0.145261	0.198567	0.145261
9 rounds of non-Gaussian ED iteration : ground-state energy is -88.4905 | electron energy -88.8592 + phonon energy 0.368693 | electron momentum kIdx = 0
Nq = 	12.25	0.355545	0.493984	0.355545	0.355545	0.493985	0.604146	0.493985	0.493984	0.604146	6.6848	0.604146	0.355545	0.493985	0.604146	0.493985
Sq = 	1.71573e-18	0.0885562	0.145083	0.0885562	0.0885562	0.145083	0.198312	0.145083	0.145083	0.198312	0.244562	0.198312	0.0885562	0.145083	0.198312	0.145083
10 rounds of non-Gaussian ED iteration : ground-state energy is -88.4913 | electron energy -88.8616 + phonon energy 0.370339 | electron momentum kIdx = 0
Nq = 	12.25	0.357098	0.496427	0.357098	0.357098	0.496428	0.608404	0.496428	0.496427	0.608404	6.64887	0.608404	0.357098	0.496428	0.608404	0.496428
Sq = 	4.18551e-19	0.0884524	0.144965	0.0884524	0.0884524	0.144965	0.198142	0.144965	0.144965	0.198142	0.244392	0.198142	0.0884524	0.144965	0.198142	0.144965
11 rounds of non-Gaussian ED iteration : ground-state energy is -88.4917 | electron energy -88.8634 + phonon energy 0.371698 | electron momentum kIdx = 0
Nq = 	12.25	0.35839	0.498492	0.35839	0.35839	0.498493	0.612043	0.498493	0.498492	0.612043	6.61814	0.612043	0.35839	0.498493	0.612043	0.498493
Sq = 	2.66102e-18	0.0883776	0.144882	0.0883776	0.0883776	0.144882	0.198022	0.144882	0.144882	0.198022	0.244275	0.198022	0.0883776	0.144882	0.198022	0.144882
12 rounds of non-Gaussian ED iteration : ground-state energy is -88.4919 | electron energy -88.8647 + phonon energy 0.37282 | electron momentum kIdx = 0
Nq = 	12.25	0.359467	0.50023	0.359467	0.359467	0.50023	0.615134	0.50023	0.50023	0.615134	6.59208	0.615134	0.359467	0.50023	0.615134	0.50023
Sq = 	-1.53176e-18	0.0883213	0.144822	0.0883213	0.0883213	0.144822	0.197933	0.144822	0.144822	0.197933	0.244191	0.197933	0.0883213	0.144822	0.197933	0.144822
13 rounds of non-Gaussian ED iteration : ground-state energy is -88.492 | electron energy -88.8658 + phonon energy 0.373748 | electron momentum kIdx = 0
Nq = 	12.25	0.360364	0.501688	0.360364	0.360364	0.501688	0.617748	0.501688	0.501688	0.617748	6.57008	0.617748	0.360364	0.501688	0.617748	0.501688
Sq = 	1.21235e-18	0.0882773	0.144775	0.0882773	0.0882773	0.144775	0.197865	0.144775	0.144775	0.197865	0.244128	0.197865	0.0882773	0.144775	0.197865	0.144775
14 rounds of non-Gaussian ED iteration : ground-state energy is -88.4921 | electron energy -88.8666 + phonon energy 0.374516 | electron momentum kIdx = 0
Nq = 	12.25	0.361112	0.502909	0.361112	0.361112	0.502909	0.619953	0.502909	0.502909	0.619953	6.55156	0.619953	0.361112	0.502909	0.619953	0.502909
Sq = 	2.38079e-19	0.0882422	0.144738	0.0882422	0.0882422	0.144738	0.197811	0.144738	0.144738	0.197811	0.244079	0.197811	0.0882422	0.144738	0.197811	0.144738
15 rounds of non-Gaussian ED iteration : ground-state energy is -88.4922 | electron energy -88.8673 + phonon energy 0.375153 | electron momentum kIdx = 0
Nq = 	12.25	0.361737	0.503933	0.361737	0.361737	0.503933	0.62181	0.503933	0.503933	0.62181	6.536	0.62181	0.361737	0.503933	0.62181	0.503933
Sq = 	1.33244e-18	0.0882136	0.144708	0.0882136	0.0882136	0.144708	0.197767	0.144708	0.144708	0.197767	0.24404	0.197767	0.0882136	0.144708	0.197767	0.144708
16 rounds of non-Gaussian ED iteration : ground-state energy is -88.4922 | electron energy -88.8679 + phonon energy 0.375681 | electron momentum kIdx = 0
Nq = 	12.25	0.362259	0.50479	0.362259	0.362259	0.50479	0.623371	0.50479	0.50479	0.623371	6.52294	0.623371	0.362259	0.50479	0.623371	0.50479
Sq = 	2.86506e-18	0.0881901	0.144684	0.0881901	0.0881901	0.144684	0.197731	0.144684	0.144684	0.197731	0.244008	0.197731	0.0881901	0.144684	0.197731	0.144684
17 rounds of non-Gaussian ED iteration : ground-state energy is -88.4922 | electron energy -88.8684 + phonon energy 0.376121 | electron momentum kIdx = 0
Nq = 	12.25	0.362695	0.505507	0.362695	0.362695	0.505507	0.624683	0.505507	0.505507	0.624683	6.51199	0.624683	0.362695	0.505507	0.624683	0.505507
Sq = 	6.46778e-19	0.0881707	0.144664	0.0881707	0.0881707	0.144664	0.197702	0.144664	0.144664	0.197702	0.243982	0.197702	0.0881707	0.144664	0.197702	0.144664
18 rounds of non-Gaussian ED iteration : ground-state energy is -88.4923 | electron energy -88.8687 + phonon energy 0.376487 | electron momentum kIdx = 0
Nq = 	12.25	0.363061	0.506108	0.363061	0.363061	0.506108	0.625784	0.506108	0.506108	0.625784	6.5028	0.625784	0.363061	0.506108	0.625784	0.506108
Sq = 	1.18834e-18	0.0881545	0.144647	0.0881545	0.0881545	0.144647	0.197678	0.144647	0.144647	0.197678	0.24396	0.197678	0.0881545	0.144647	0.197678	0.144647
19 rounds of non-Gaussian ED iteration : ground-state energy is -88.4923 | electron energy -88.8691 + phonon energy 0.376792 | electron momentum kIdx = 0
Nq = 	12.25	0.363367	0.506612	0.363367	0.363367	0.506612	0.626708	0.506612	0.506612	0.626708	6.49509	0.626708	0.363367	0.506612	0.626708	0.506612
Sq = 	1.80355e-18	0.088141	0.144633	0.088141	0.088141	0.144633	0.197657	0.144633	0.144633	0.197657	0.243942	0.197657	0.088141	0.144633	0.197657	0.144633
20 rounds of non-Gaussian ED iteration : ground-state energy is -88.4923 | electron energy -88.8693 + phonon energy 0.377047 | electron momentum kIdx = 0
Nq = 	12.25	0.363624	0.507034	0.363624	0.363624	0.507034	0.627484	0.507034	0.507034	0.627484	6.48863	0.627484	0.363624	0.507034	0.627484	0.507034
Sq = 	2.34395e-18	0.0881296	0.144622	0.0881296	0.0881296	0.144622	0.19764	0.144622	0.144622	0.19764	0.243927	0.19764	0.0881296	0.144622	0.19764	0.144622
21 rounds of non-Gaussian ED iteration : ground-state energy is -88.4923 | electron energy -88.8696 + phonon energy 0.377259 | electron momentum kIdx = 0
Nq = 	12.25	0.363838	0.507387	0.363838	0.363838	0.507387	0.628134	0.507387	0.507387	0.628134	6.48322	0.628134	0.363838	0.507387	0.628134	0.507387
Sq = 	-5.06366e-19	0.0881202	0.144612	0.0881202	0.0881202	0.144612	0.197626	0.144612	0.144612	0.197626	0.243915	0.197626	0.0881202	0.144612	0.197626	0.144612
22 rounds of non-Gaussian ED iteration : ground-state energy is -88.4923 | electron energy -88.8697 + phonon energy 0.377437 | electron momentum kIdx = 0
Nq = 	12.25	0.364018	0.507683	0.364018	0.364018	0.507683	0.62868	0.507683	0.507683	0.62868	6.47868	0.62868	0.364018	0.507683	0.62868	0.507683
Sq = 	-1.35322e-18	0.0881122	0.144604	0.0881122	0.0881122	0.144604	0.197614	0.144604	0.144604	0.197614	0.243904	0.197614	0.0881122	0.144604	0.197614	0.144604
23 rounds of non-Gaussian ED iteration : ground-state energy is -88.4923 | electron energy -88.8699 + phonon energy 0.377585 | electron momentum kIdx = 0
Nq = 	12.25	0.364169	0.507931	0.364169	0.364169	0.507931	0.629137	0.507931	0.507931	0.629137	6.47487	0.629137	0.364169	0.507931	0.629137	0.507931
Sq = 	9.69518e-19	0.0881056	0.144597	0.0881056	0.0881056	0.144597	0.197604	0.144597	0.144597	0.197604	0.243896	0.197604	0.0881056	0.144597	0.197604	0.144597
24 rounds of non-Gaussian ED iteration : ground-state energy is -88.4923 | electron energy -88.87 + phonon energy 0.377709 | electron momentum kIdx = 0
Nq = 	12.25	0.364296	0.508139	0.364296	0.364296	0.508139	0.629521	0.508139	0.508139	0.629521	6.47168	0.629521	0.364296	0.508139	0.629521	0.508139
Sq = 	-2.38865e-18	0.0881	0.144591	0.0881	0.0881	0.144591	0.197596	0.144591	0.144591	0.197596	0.243888	0.197596	0.0881	0.144591	0.197596	0.144591
25 rounds of non-Gaussian ED iteration : ground-state energy is -88.4923 | electron energy -88.8701 + phonon energy 0.377812 | electron momentum kIdx = 0
Nq = 	12.25	0.364402	0.508314	0.364402	0.364402	0.508314	0.629842	0.508314	0.508314	0.629842	6.469	0.629842	0.364402	0.508314	0.629842	0.508314
Sq = 	-2.7369e-19	0.0880953	0.144586	0.0880953	0.0880953	0.144586	0.197589	0.144586	0.144586	0.197589	0.243882	0.197589	0.0880953	0.144586	0.197589	0.144586
26 rounds of non-Gaussian ED iteration : ground-state energy is -88.4923 | electron energy -88.8702 + phonon energy 0.377899 | electron momentum kIdx = 0
Nq = 	12.25	0.364491	0.50846	0.364491	0.364491	0.50846	0.630112	0.50846	0.50846	0.630112	6.46676	0.630112	0.364491	0.50846	0.630112	0.50846
Sq = 	1.41843e-18	0.0880914	0.144582	0.0880914	0.0880914	0.144582	0.197583	0.144582	0.144582	0.197583	0.243877	0.197583	0.0880914	0.144582	0.197583	0.144582
Ground state is obtained after 27 iterations. The current ground-state energy is -88.4923, in which electron energy is -88.8703 and phonon energy is 0.377972
final variational state is: 
Gamma_x =       1 1.07359  1.1296 1.07359 1.07359  1.1296 1.17926  1.1296  1.1296 1.17926 1.33485 1.17926 1.07359  1.1296 1.17926  1.1296
lambda_q =  0.89442 0.767301 0.729694 0.767301 0.767301 0.729694  0.70886 0.729694 0.729694  0.70886 0.868356  0.70886 0.767301 0.729694  0.70886 0.729694
o___o  -------------------------------------
| L |	Time since last clock: 1h 44m 18.547s
A===A	Time since the beginning: 2h 13m 18.354s
********************************************

************************************************************************************
