SNEDics v3.4 Non-Gaussian ED ground state program		Start at Wed Oct  2 01:44:44 2019

parallized on 16 MPI threads  * 8 OpenMP threads = 128 total threads.
********************************************************************************************************************
********************************************************************************************************************

********************************************************************************************************************
System parameters and configurations
********************************************************************************************************************
Special program options are enabled: splitted diagonal Hamiltonian
********************************************************************************************************************
Read input file "model_params.in"
	Hubbard-Holstein model parameters : 	t = 1    U = 5.13    g = 3.873    W = 5    
********************************************************************************************************************
Read input file "hilbertspace_params.in"
	Requested 16-site 2D lattice, with 16 electrons (8, 8)
	Boundary : Periodic		Hilbert space representation : momentum-space (restricted to kIdx = 10)
	Conservation: particle number[U(1)]      spin[U(1)]     momentum
********************************************************************************************************************

Cluster Positions:				Cluster symmetry group : D4
 x ... x ... x ... x .....                       x ... x ... x ... x .....
 |           |           :                       |           |           :
 |           |           :                       |           |           :
12    13    14    15     x                       1     5     6     5     x
 |           |           :                       |           |           :
 |           |           :                       |           |           :
 8 --- 9 ---10 ---11 --- x                       2 --- 6 ---10 --- 6 --- x
 |           |           :                       |           |           :
 |           |           :                       |           |           :
 4     5     6     7     x                       1     5     6     5     x
 |           |           :                       |           |           :
 |           |           :                       |           |           :
 0 --- 1 --- 2 --- 3 --- x                       0 --- 1 --- 2 --- 1 --- x
orbital number : 1
********************************************************************************************************************
Read input file "obs_params.in"
	Observable Type : Nq(All),   Sq(All),   N(All),   Delta[s](All),   Delta[d](All),   Delta[s+](All)
********************************************************************************************************************
** WARNING ** the input observables have non-local factors which have been reinterpreted. The total observable number is 96
********************************************************************************************************************


********************************************************************************************************************
Start calculating the non-Gaussian ED ground state
** WARNING ** Detected low phonon energy W < 10. The initial state will be prepared through a warm-up process.
********************************************************************************************************************
Start warm-up calculation for scaling factor 2
open output files: NGSEDWarmUpW10Obs.txt
********************************************************************************************************************
Start the 0 rounds of NGS-ED iteration
	effective electronic model is modified as: kinetic energy t = 1
	                                           effective interaction Vq = [-0,-0,-0,-0,-0,-0,-0,-0,-0,-0,-0,-0,-0,-0,-0,-0]
	first Hamiltonian is constructed, non-zero numbers = 2845334624
	PARPACK diagonalization completed after 90 matrix-vector product operations.
	iteration results: : total energy is -11.565739 | electron energy -11.565739 + phonon energy 0.000000 | electron momentum kIdx = 10
	Nq(0) = 16,	Nq(1) = 0.124937,	Nq(2) = 0.192458,	Nq(3) = 0.124937,	Nq(4) = 0.124937,	Nq(5) = 0.192458,	Nq(6) = 0.261146,	Nq(7) = 0.192458,	Nq(8) = 0.192458,	Nq(9) = 0.261146,	Nq(10) = 0.318805,	Nq(11) = 0.261146,	Nq(12) = 0.124937,	Nq(13) = 0.192458,	Nq(14) = 0.261146,	Nq(15) = 0.192458,	Sq(0) = 1.06134e-18,	Sq(1) = 0.285737,	Sq(2) = 0.409068,	Sq(3) = 0.285737,	Sq(4) = 0.285737,	Sq(5) = 0.409068,	Sq(6) = 0.606411,	Sq(7) = 0.409068,	Sq(8) = 0.409068,	Sq(9) = 0.606411,	Sq(10) = 6.95911,	Sq(11) = 0.606411,	Sq(12) = 0.285737,	Sq(13) = 0.409068,	Sq(14) = 0.606411,	Sq(15) = 0.409068,	N(0) = 1.8913,	N(1) = 1.76101,	N(2) = 1,	N(3) = 1.76101,	N(4) = 1.76101,	N(5) = 1,	N(6) = 0.238986,	N(7) = 1,	N(8) = 1,	N(9) = 0.238986,	N(10) = 0.108702,	N(11) = 0.238986,	N(12) = 1.76101,	N(13) = 1,	N(14) = 0.238986,	N(15) = 1,	Delta[s](0) = 0.142882,	Delta[s](1) = 0.12134,	Delta[s](2) = 0.0957345,	Delta[s](3) = 0.12134,	Delta[s](4) = 0.12134,	Delta[s](5) = 0.0957345,	Delta[s](6) = 0.0705292,	Delta[s](7) = 0.0957345,	Delta[s](8) = 0.0957345,	Delta[s](9) = 0.0705292,	Delta[s](10) = 0.0241758,	Delta[s](11) = 0.0705292,	Delta[s](12) = 0.12134,	Delta[s](13) = 0.0957345,	Delta[s](14) = 0.0705292,	Delta[s](15) = 0.0957345,	Delta[d](0) = 0.529383,	Delta[d](1) = 0.414704,	Delta[d](2) = 0.347294,	Delta[d](3) = 0.414704,	Delta[d](4) = 0.414704,	Delta[d](5) = 0.385948,	Delta[d](6) = 0.319152,	Delta[d](7) = 0.385948,	Delta[d](8) = 0.347294,	Delta[d](9) = 0.319152,	Delta[d](10) = 0.258435,	Delta[d](11) = 0.319152,	Delta[d](12) = 0.414704,	Delta[d](13) = 0.385948,	Delta[d](14) = 0.319152,	Delta[d](15) = 0.385948,	Delta[s+](0) = 0.595556,	Delta[s+](1) = 0.491765,	Delta[s+](2) = 0.347294,	Delta[s+](3) = 0.491765,	Delta[s+](4) = 0.491765,	Delta[s+](5) = 0.347294,	Delta[s+](6) = 0.206222,	Delta[s+](7) = 0.347294,	Delta[s+](8) = 0.347294,	Delta[s+](9) = 0.206222,	Delta[s+](10) = 0.091109,	Delta[s+](11) = 0.206222,	Delta[s+](12) = 0.491765,	Delta[s+](13) = 0.347294,	Delta[s+](14) = 0.206222,	Delta[s+](15) = 0.347294
The 0-th iteration is completed.	|| time cost : 0h 8m 47.585s
********************************************************************************************************************
Start the 1 rounds of NGS-ED iteration
	effective electronic model is modified as: kinetic energy t = 0.929152
	                                           effective interaction Vq = [-2.59402,-2.32841,-2.25309,-2.32841,-2.32841,-2.25309,-2.22023,-2.25309,-2.25309,-2.22023,-2.18895,-2.22023,-2.32841,-2.25309,-2.22023,-2.25309]
	PARPACK diagonalization completed after 45 matrix-vector product operations.
	iteration results: : total energy is -61.735876 | electron energy -61.740138 + phonon energy 0.004261 | electron momentum kIdx = 10
The 1-th iteration is completed.	|| time cost : 0h 7m 45.048s
********************************************************************************************************************
Start the 2 rounds of NGS-ED iteration
	effective electronic model is modified as: kinetic energy t = 0.873623
	                                           effective interaction Vq = [-2.94508,-2.80402,-2.68462,-2.80402,-2.80402,-2.68462,-2.69151,-2.68462,-2.68462,-2.69151,-2.62714,-2.69151,-2.80402,-2.68462,-2.69151,-2.68462]
	PARPACK diagonalization completed after 45 matrix-vector product operations.
	iteration results: : total energy is -69.231790 | electron energy -69.270534 + phonon energy 0.038744 | electron momentum kIdx = 10
The 2-th iteration is completed.	|| time cost : 0h 0m 31.956s
********************************************************************************************************************
Start the 3 rounds of NGS-ED iteration
	effective electronic model is modified as: kinetic energy t = 0.84335
	                                           effective interaction Vq = [-2.99259, -2.9112,-2.86875, -2.9112, -2.9112,-2.86875,-2.81657,-2.86875,-2.86875,-2.81657,-2.73985,-2.81657, -2.9112,-2.86875,-2.81657,-2.86875]
	PARPACK diagonalization completed after 30 matrix-vector product operations.
	iteration results: : total energy is -70.520963 | electron energy -70.594116 + phonon energy 0.073152 | electron momentum kIdx = 10
The 3-th iteration is completed.	|| time cost : 0h 0m 27.33s
********************************************************************************************************************
Start the 4 rounds of NGS-ED iteration
	effective electronic model is modified as: kinetic energy t = 0.832443
	                                           effective interaction Vq = [-2.99902,-2.93782,-2.91553,-2.93782,-2.93782,-2.91553, -2.8518,-2.91553,-2.91553, -2.8518,-2.77303, -2.8518,-2.93782,-2.91553, -2.8518,-2.91553]
	PARPACK diagonalization completed after 30 matrix-vector product operations.
	iteration results: : total energy is -70.690632 | electron energy -70.782094 + phonon energy 0.091462 | electron momentum kIdx = 10
The 4-th iteration is completed.	|| time cost : 0h 0m 27.355s
********************************************************************************************************************
Start the 5 rounds of NGS-ED iteration
	effective electronic model is modified as: kinetic energy t = 0.82865
	                                           effective interaction Vq = [-2.99989,-2.94568,-2.92947,-2.94568,-2.94568,-2.92947,-2.86301,-2.92947,-2.92947,-2.86301,-2.78383,-2.86301,-2.94568,-2.92947,-2.86301,-2.92947]
	PARPACK diagonalization completed after 30 matrix-vector product operations.
	iteration results: : total energy is -70.712608 | electron energy -70.811408 + phonon energy 0.098800 | electron momentum kIdx = 10
The 5-th iteration is completed.	|| time cost : 0h 0m 27.655s
********************************************************************************************************************
Start the 6 rounds of NGS-ED iteration
	effective electronic model is modified as: kinetic energy t = 0.827345
	                                           effective interaction Vq = [-3.00001,-2.94819,-2.93398,-2.94819,-2.94819,-2.93398,-2.86676,-2.93398,-2.93398,-2.86676,-2.78749,-2.86676,-2.94819,-2.93398,-2.86676,-2.93398]
	PARPACK diagonalization completed after 30 matrix-vector product operations.
	iteration results: : total energy is -70.715445 | electron energy -70.816911 + phonon energy 0.101466 | electron momentum kIdx = 10
The 6-th iteration is completed.	|| time cost : 0h 0m 27.398s
********************************************************************************************************************
Start the 7 rounds of NGS-ED iteration
	effective electronic model is modified as: kinetic energy t = 0.826898
	                                           effective interaction Vq = [-3.00002,-2.94901, -2.9355,-2.94901,-2.94901, -2.9355,-2.86804, -2.9355, -2.9355,-2.86804,-2.78874,-2.86804,-2.94901, -2.9355,-2.86804, -2.9355]
	PARPACK diagonalization completed after 105 matrix-vector product operations.
	iteration results: : total energy is -70.931351 | electron energy -71.033751 + phonon energy 0.102400 | electron momentum kIdx = 10
The 7-th iteration is completed.	|| time cost : 0h 0m 50.897s
********************************************************************************************************************
Start the 8 rounds of NGS-ED iteration
	effective electronic model is modified as: kinetic energy t = 0.82399
	                                           effective interaction Vq = [-3.00003,-2.94655,-2.94418,-2.94655,-2.94655,-2.94418,-2.86403,-2.94418,-2.94418,-2.86403,-2.85823,-2.86403,-2.94655,-2.94418,-2.86403,-2.94418]
	PARPACK diagonalization completed after 45 matrix-vector product operations.
	iteration results: : total energy is -70.949770 | electron energy -71.055188 + phonon energy 0.105418 | electron momentum kIdx = 10
The 8-th iteration is completed.	|| time cost : 0h 0m 32.346s
********************************************************************************************************************
Start the 9 rounds of NGS-ED iteration
	effective electronic model is modified as: kinetic energy t = 0.822915
	                                           effective interaction Vq = [-3.00003,-2.94565,-2.94687,-2.94565,-2.94565,-2.94687, -2.8625,-2.94687,-2.94687, -2.8625,-2.88286, -2.8625,-2.94565,-2.94687, -2.8625,-2.94687]
	PARPACK diagonalization completed after 30 matrix-vector product operations.
	iteration results: : total energy is -70.952899 | electron energy -71.060663 + phonon energy 0.107764 | electron momentum kIdx = 10
The 9-th iteration is completed.	|| time cost : 0h 0m 27.354s
********************************************************************************************************************
Start the 10 rounds of NGS-ED iteration
	effective electronic model is modified as: kinetic energy t = 0.82247
	                                           effective interaction Vq = [-3.00003,-2.94539,-2.94759,-2.94539,-2.94539,-2.94759,-2.86203,-2.94759,-2.94759,-2.86203,-2.89359,-2.86203,-2.94539,-2.94759,-2.86203,-2.94759]
	PARPACK diagonalization completed after 30 matrix-vector product operations.
	iteration results: : total energy is -70.953590 | electron energy -71.062499 + phonon energy 0.108908 | electron momentum kIdx = 10
	Nq(0) = 16,	Nq(1) = 0.382785,	Nq(2) = 0.764627,	Nq(3) = 0.382785,	Nq(4) = 0.382785,	Nq(5) = 0.764627,	Nq(6) = 0.632226,	Nq(7) = 0.764627,	Nq(8) = 0.764627,	Nq(9) = 0.632226,	Nq(10) = 1.01558,	Nq(11) = 0.632226,	Nq(12) = 0.382785,	Nq(13) = 0.764627,	Nq(14) = 0.632226,	Nq(15) = 0.764627,	Sq(0) = -2.74342e-18,	Sq(1) = 0.336674,	Sq(2) = 0.358162,	Sq(3) = 0.336674,	Sq(4) = 0.336674,	Sq(5) = 0.358162,	Sq(6) = 0.563962,	Sq(7) = 0.358162,	Sq(8) = 0.358162,	Sq(9) = 0.563962,	Sq(10) = 0.585099,	Sq(11) = 0.563962,	Sq(12) = 0.336674,	Sq(13) = 0.358162,	Sq(14) = 0.563962,	Sq(15) = 0.358162,	N(0) = 1.99765,	N(1) = 1.9936,	N(2) = 1,	N(3) = 1.9936,	N(4) = 1.9936,	N(5) = 1,	N(6) = 0.0064013,	N(7) = 1,	N(8) = 1,	N(9) = 0.0064013,	N(10) = 0.00235024,	N(11) = 0.0064013,	N(12) = 1.9936,	N(13) = 1,	N(14) = 0.0064013,	N(15) = 1,	Delta[s](0) = 0.448632,	Delta[s](1) = 0.316863,	Delta[s](2) = 0.275965,	Delta[s](3) = 0.316863,	Delta[s](4) = 0.316863,	Delta[s](5) = 0.275965,	Delta[s](6) = 0.254052,	Delta[s](7) = 0.275965,	Delta[s](8) = 0.275965,	Delta[s](9) = 0.254052,	Delta[s](10) = 0.443606,	Delta[s](11) = 0.254052,	Delta[s](12) = 0.316863,	Delta[s](13) = 0.275965,	Delta[s](14) = 0.254052,	Delta[s](15) = 0.275965,	Delta[d](0) = 0.337849,	Delta[d](1) = 0.281988,	Delta[d](2) = 0.25561,	Delta[d](3) = 0.281988,	Delta[d](4) = 0.281988,	Delta[d](5) = 0.250391,	Delta[d](6) = 0.23859,	Delta[d](7) = 0.250391,	Delta[d](8) = 0.25561,	Delta[d](9) = 0.23859,	Delta[d](10) = 0.163209,	Delta[d](11) = 0.23859,	Delta[d](12) = 0.281988,	Delta[d](13) = 0.250391,	Delta[d](14) = 0.23859,	Delta[d](15) = 0.250391,	Delta[s+](0) = 0.461129,	Delta[s+](1) = 0.379096,	Delta[s+](2) = 0.25561,	Delta[s+](3) = 0.379096,	Delta[s+](4) = 0.379096,	Delta[s+](5) = 0.25561,	Delta[s+](6) = 0.126733,	Delta[s+](7) = 0.25561,	Delta[s+](8) = 0.25561,	Delta[s+](9) = 0.126733,	Delta[s+](10) = 0.0418436,	Delta[s+](11) = 0.126733,	Delta[s+](12) = 0.379096,	Delta[s+](13) = 0.25561,	Delta[s+](14) = 0.126733,	Delta[s+](15) = 0.25561
The 10-th iteration is completed.	|| time cost : 0h 4m 28.142s
********************************************************************************************************************
Start the 11 rounds of NGS-ED iteration
	effective electronic model is modified as: kinetic energy t = 0.822251
	                                           effective interaction Vq = [-3.00003,-2.94537,-2.94762,-2.94537,-2.94537,-2.94762,-2.86196,-2.94762,-2.94762,-2.86196,-2.89955,-2.86196,-2.94537,-2.94762,-2.86196,-2.94762]
	PARPACK diagonalization completed after 30 matrix-vector product operations.
	iteration results: : total energy is -70.953838 | electron energy -71.063311 + phonon energy 0.109473 | electron momentum kIdx = 10
The 11-th iteration is completed.	|| time cost : 0h 0m 27.62s
********************************************************************************************************************
Start the 12 rounds of NGS-ED iteration
	effective electronic model is modified as: kinetic energy t = 0.822115
	                                           effective interaction Vq = [-3.00003,-2.94542, -2.9474,-2.94542,-2.94542, -2.9474,-2.86204, -2.9474, -2.9474,-2.86204, -2.9038,-2.86204,-2.94542, -2.9474,-2.86204, -2.9474]
	PARPACK diagonalization completed after 30 matrix-vector product operations.
	iteration results: : total energy is -70.953992 | electron energy -71.063800 + phonon energy 0.109807 | electron momentum kIdx = 10
The 12-th iteration is completed.	|| time cost : 0h 0m 27.28s
********************************************************************************************************************
Start the 13 rounds of NGS-ED iteration
	effective electronic model is modified as: kinetic energy t = 0.822005
	                                           effective interaction Vq = [-3.00003, -2.9455,-2.94704, -2.9455, -2.9455,-2.94704,-2.86218,-2.94704,-2.94704,-2.86218,-2.90767,-2.86218, -2.9455,-2.94704,-2.86218,-2.94704]
	PARPACK diagonalization completed after 30 matrix-vector product operations.
	iteration results: : total energy is -70.954154 | electron energy -71.064219 + phonon energy 0.110065 | electron momentum kIdx = 10
The 13-th iteration is completed.	|| time cost : 0h 0m 27.297s
********************************************************************************************************************
Start the 14 rounds of NGS-ED iteration
	effective electronic model is modified as: kinetic energy t = 0.821886
	                                           effective interaction Vq = [-3.00003,-2.94561,-2.94651,-2.94561,-2.94561,-2.94651,-2.86236,-2.94651,-2.94651,-2.86236,-2.91223,-2.86236,-2.94561,-2.94651,-2.86236,-2.94651]
	PARPACK diagonalization completed after 30 matrix-vector product operations.
	iteration results: : total energy is -70.954458 | electron energy -71.064789 + phonon energy 0.110332 | electron momentum kIdx = 10
The 14-th iteration is completed.	|| time cost : 0h 0m 27.717s
********************************************************************************************************************
Start the 15 rounds of NGS-ED iteration
	effective electronic model is modified as: kinetic energy t = 0.821713
	                                           effective interaction Vq = [-3.00003,-2.94577,-2.94546,-2.94577,-2.94577,-2.94546,-2.86266,-2.94546,-2.94546,-2.86266,-2.91969,-2.86266,-2.94577,-2.94546,-2.86266,-2.94546]
	PARPACK diagonalization completed after 45 matrix-vector product operations.
	iteration results: : total energy is -70.955895 | electron energy -71.066619 + phonon energy 0.110724 | electron momentum kIdx = 10
The 15-th iteration is completed.	|| time cost : 0h 0m 32.341s
********************************************************************************************************************
Start the 16 rounds of NGS-ED iteration
	effective electronic model is modified as: kinetic energy t = 0.821441
	                                           effective interaction Vq = [-3.00003,-2.94608,-2.94092,-2.94608,-2.94608,-2.94092,-2.86329,-2.94092,-2.94092,-2.86329,-2.94003,-2.86329,-2.94608,-2.94092,-2.86329,-2.94092]
	PARPACK diagonalization completed after 45 matrix-vector product operations.
	iteration results: : total energy is -70.989244 | electron energy -71.100896 + phonon energy 0.111652 | electron momentum kIdx = 10
The 16-th iteration is completed.	|| time cost : 0h 0m 32.019s
********************************************************************************************************************
Start the 17 rounds of NGS-ED iteration
	effective electronic model is modified as: kinetic energy t = 0.827864
	                                           effective interaction Vq = [-3.00003,-2.94379,-2.87978,-2.94379,-2.94379,-2.87978,-2.86024,-2.87978,-2.87978,-2.86024,-2.97796,-2.86024,-2.94379,-2.87978,-2.86024,-2.87978]
	PARPACK diagonalization completed after 30 matrix-vector product operations.
	iteration results: : total energy is -71.131946 | electron energy -71.241915 + phonon energy 0.109968 | electron momentum kIdx = 10
The 17-th iteration is completed.	|| time cost : 0h 0m 27.635s
********************************************************************************************************************
Start the 18 rounds of NGS-ED iteration
	effective electronic model is modified as: kinetic energy t = 0.831639
	                                           effective interaction Vq = [-3.00003,-2.93958,-2.84218,-2.93958,-2.93958,-2.84218,-2.85448,-2.84218,-2.84218,-2.85448,-2.98767,-2.85448,-2.93958,-2.84218,-2.85448,-2.84218]
	PARPACK diagonalization completed after 30 matrix-vector product operations.
	iteration results: : total energy is -71.156989 | electron energy -71.265095 + phonon energy 0.108106 | electron momentum kIdx = 10
The 18-th iteration is completed.	|| time cost : 0h 0m 27.677s
********************************************************************************************************************
Start the 19 rounds of NGS-ED iteration
	effective electronic model is modified as: kinetic energy t = 0.833014
	                                           effective interaction Vq = [-3.00003,-2.93717,-2.82855,-2.93717,-2.93717,-2.82855,-2.85131,-2.82855,-2.82855,-2.85131,-2.99038,-2.85131,-2.93717,-2.82855,-2.85131,-2.82855]
	PARPACK diagonalization completed after 30 matrix-vector product operations.
	iteration results: : total energy is -71.160003 | electron energy -71.267113 + phonon energy 0.107109 | electron momentum kIdx = 10
The 19-th iteration is completed.	|| time cost : 0h 0m 27.606s
********************************************************************************************************************
Start the 20 rounds of NGS-ED iteration
	effective electronic model is modified as: kinetic energy t = 0.833524
	                                           effective interaction Vq = [-3.00003,-2.93603,-2.82386,-2.93603,-2.93603,-2.82386,-2.84983,-2.82386,-2.82386,-2.84983,-2.99124,-2.84983,-2.93603,-2.82386,-2.84983,-2.82386]
	PARPACK diagonalization completed after 30 matrix-vector product operations.
	iteration results: : total energy is -71.160369 | electron energy -71.267046 + phonon energy 0.106677 | electron momentum kIdx = 10
	Nq(0) = 16,	Nq(1) = 0.350257,	Nq(2) = 0.368633,	Nq(3) = 0.350257,	Nq(4) = 0.350257,	Nq(5) = 0.368633,	Nq(6) = 0.602732,	Nq(7) = 0.368633,	Nq(8) = 0.368633,	Nq(9) = 0.602732,	Nq(10) = 3.94457,	Nq(11) = 0.602732,	Nq(12) = 0.350257,	Nq(13) = 0.368633,	Nq(14) = 0.602732,	Nq(15) = 0.368633,	Sq(0) = 1.83685e-18,	Sq(1) = 0.304967,	Sq(2) = 0.347882,	Sq(3) = 0.304967,	Sq(4) = 0.304967,	Sq(5) = 0.347882,	Sq(6) = 0.535263,	Sq(7) = 0.347882,	Sq(8) = 0.347882,	Sq(9) = 0.535263,	Sq(10) = 0.583462,	Sq(11) = 0.535263,	Sq(12) = 0.304967,	Sq(13) = 0.347882,	Sq(14) = 0.535263,	Sq(15) = 0.347882,	N(0) = 1.99556,	N(1) = 1.98735,	N(2) = 1,	N(3) = 1.98735,	N(4) = 1.98735,	N(5) = 1,	N(6) = 0.0126504,	N(7) = 1,	N(8) = 1,	N(9) = 0.0126504,	N(10) = 0.0044442,	N(11) = 0.0126504,	N(12) = 1.98735,	N(13) = 1,	N(14) = 0.0126504,	N(15) = 1,	Delta[s](0) = 0.431476,	Delta[s](1) = 0.330011,	Delta[s](2) = 0.321439,	Delta[s](3) = 0.330011,	Delta[s](4) = 0.330011,	Delta[s](5) = 0.321439,	Delta[s](6) = 0.263951,	Delta[s](7) = 0.321439,	Delta[s](8) = 0.321439,	Delta[s](9) = 0.263951,	Delta[s](10) = 0.248198,	Delta[s](11) = 0.263951,	Delta[s](12) = 0.330011,	Delta[s](13) = 0.321439,	Delta[s](14) = 0.263951,	Delta[s](15) = 0.321439,	Delta[d](0) = 0.236473,	Delta[d](1) = 0.240591,	Delta[d](2) = 0.233739,	Delta[d](3) = 0.240591,	Delta[d](4) = 0.240591,	Delta[d](5) = 0.1483,	Delta[d](6) = 0.196097,	Delta[d](7) = 0.1483,	Delta[d](8) = 0.233739,	Delta[d](9) = 0.196097,	Delta[d](10) = 0.06008,	Delta[d](11) = 0.196097,	Delta[d](12) = 0.240591,	Delta[d](13) = 0.1483,	Delta[d](14) = 0.196097,	Delta[d](15) = 0.1483,	Delta[s+](0) = 0.453547,	Delta[s+](1) = 0.361085,	Delta[s+](2) = 0.233739,	Delta[s+](3) = 0.361085,	Delta[s+](4) = 0.361085,	Delta[s+](5) = 0.233739,	Delta[s+](6) = 0.105655,	Delta[s+](7) = 0.233739,	Delta[s+](8) = 0.233739,	Delta[s+](9) = 0.105655,	Delta[s+](10) = 0.0329061,	Delta[s+](11) = 0.105655,	Delta[s+](12) = 0.361085,	Delta[s+](13) = 0.233739,	Delta[s+](14) = 0.105655,	Delta[s+](15) = 0.233739
The 20-th iteration is completed.	|| time cost : 0h 4m 30.218s
********************************************************************************************************************
Start the 21 rounds of NGS-ED iteration
	effective electronic model is modified as: kinetic energy t = 0.833714
	                                           effective interaction Vq = [-3.00003,-2.93554,-2.82226,-2.93554,-2.93554,-2.82226,-2.84919,-2.82226,-2.82226,-2.84919,-2.99152,-2.84919,-2.93554,-2.82226,-2.84919,-2.82226]
	PARPACK diagonalization completed after 30 matrix-vector product operations.
	iteration results: : total energy is -71.160414 | electron energy -71.266911 + phonon energy 0.106496 | electron momentum kIdx = 10
The 21-th iteration is completed.	|| time cost : 0h 0m 27.664s
********************************************************************************************************************
Start the 22 rounds of NGS-ED iteration
	effective electronic model is modified as: kinetic energy t = 0.833785
	                                           effective interaction Vq = [-3.00003,-2.93533,-2.82172,-2.93533,-2.93533,-2.82172,-2.84892,-2.82172,-2.82172,-2.84892,-2.99162,-2.84892,-2.93533,-2.82172,-2.84892,-2.82172]
	PARPACK diagonalization completed after 30 matrix-vector product operations.
	iteration results: : total energy is -71.160420 | electron energy -71.266843 + phonon energy 0.106423 | electron momentum kIdx = 10
	Nq(0) = 16,	Nq(1) = 0.349952,	Nq(2) = 0.368396,	Nq(3) = 0.349952,	Nq(4) = 0.349952,	Nq(5) = 0.368396,	Nq(6) = 0.602346,	Nq(7) = 0.368396,	Nq(8) = 0.368396,	Nq(9) = 0.602346,	Nq(10) = 3.9495,	Nq(11) = 0.602346,	Nq(12) = 0.349952,	Nq(13) = 0.368396,	Nq(14) = 0.602346,	Nq(15) = 0.368396,	Sq(0) = -2.34743e-18,	Sq(1) = 0.30486,	Sq(2) = 0.34785,	Sq(3) = 0.30486,	Sq(4) = 0.30486,	Sq(5) = 0.34785,	Sq(6) = 0.535216,	Sq(7) = 0.34785,	Sq(8) = 0.34785,	Sq(9) = 0.535216,	Sq(10) = 0.583532,	Sq(11) = 0.535216,	Sq(12) = 0.30486,	Sq(13) = 0.34785,	Sq(14) = 0.535216,	Sq(15) = 0.34785,	N(0) = 1.99554,	N(1) = 1.9873,	N(2) = 1,	N(3) = 1.9873,	N(4) = 1.9873,	N(5) = 1,	N(6) = 0.012704,	N(7) = 1,	N(8) = 1,	N(9) = 0.012704,	N(10) = 0.00446375,	N(11) = 0.012704,	N(12) = 1.9873,	N(13) = 1,	N(14) = 0.012704,	N(15) = 1,	Delta[s](0) = 0.431322,	Delta[s](1) = 0.330053,	Delta[s](2) = 0.321454,	Delta[s](3) = 0.330053,	Delta[s](4) = 0.330053,	Delta[s](5) = 0.321454,	Delta[s](6) = 0.263999,	Delta[s](7) = 0.321454,	Delta[s](8) = 0.321454,	Delta[s](9) = 0.263999,	Delta[s](10) = 0.24828,	Delta[s](11) = 0.263999,	Delta[s](12) = 0.330053,	Delta[s](13) = 0.321454,	Delta[s](14) = 0.263999,	Delta[s](15) = 0.321454,	Delta[d](0) = 0.2364,	Delta[d](1) = 0.240476,	Delta[d](2) = 0.233675,	Delta[d](3) = 0.240476,	Delta[d](4) = 0.240476,	Delta[d](5) = 0.14822,	Delta[d](6) = 0.195974,	Delta[d](7) = 0.14822,	Delta[d](8) = 0.233675,	Delta[d](9) = 0.195974,	Delta[d](10) = 0.0599939,	Delta[d](11) = 0.195974,	Delta[d](12) = 0.240476,	Delta[d](13) = 0.14822,	Delta[d](14) = 0.195974,	Delta[d](15) = 0.14822,	Delta[s+](0) = 0.453566,	Delta[s+](1) = 0.361041,	Delta[s+](2) = 0.233675,	Delta[s+](3) = 0.361041,	Delta[s+](4) = 0.361041,	Delta[s+](5) = 0.233675,	Delta[s+](6) = 0.105573,	Delta[s+](7) = 0.233675,	Delta[s+](8) = 0.233675,	Delta[s+](9) = 0.105573,	Delta[s+](10) = 0.0328572,	Delta[s+](11) = 0.105573,	Delta[s+](12) = 0.361041,	Delta[s+](13) = 0.233675,	Delta[s+](14) = 0.105573,	Delta[s+](15) = 0.233675
The 22-th iteration is completed.	|| time cost : 0h 4m 31.205s
********************************************************************************************************************
********************************************************************************************************************
Ground state is obtained after 23 iterations. The current ground-state energy is -71.1604, in which electron energy is -71.2668 and phonon energy is 0.106423
final variational state is: 
	Gamma_x = [      1,1.02668,1.04161,1.02668,1.02668,1.04161,1.06492,1.04161,1.04161,1.06492,1.12543,1.06492,1.02668,1.04161,1.06492,1.04161]
	lambda_q = [0.547725,0.467237,0.414123,0.467237,0.467237,0.414123,0.424754,0.414123,0.414123,0.424754,0.518792,0.424754,0.467237,0.414123,0.424754,0.414123]
********************************************************************************************************************
o___o  ----------------------------------------
| L |	Time since last clock: 0h 0m 0s
A===A	Time since the beginning: 0h 38m 59.357s
***********************************************


********************************************************************************************************************
Warm up runs have been completed. Start calculating W = 5 phonon.
open output files: NGSEDIterationObs.txt
********************************************************************************************************************
Start the 0 rounds of NGS-ED iteration
	effective electronic model is modified as: kinetic energy t = 0.833812
	                                           effective interaction Vq = [-2.74266,-2.52767,-2.35031,-2.52767,-2.52767,-2.35031,-2.38806,-2.35031,-2.35031,-2.38806,-2.67284,-2.38806,-2.52767,-2.35031,-2.38806,-2.35031]
	PARPACK diagonalization completed after 45 matrix-vector product operations.
	iteration results: : total energy is -63.237567 | electron energy -63.290764 + phonon energy 0.053196 | electron momentum kIdx = 10
	Nq(0) = 16,	Nq(1) = 0.346815,	Nq(2) = 0.354915,	Nq(3) = 0.346815,	Nq(4) = 0.346815,	Nq(5) = 0.354915,	Nq(6) = 0.566458,	Nq(7) = 0.354915,	Nq(8) = 0.354915,	Nq(9) = 0.566458,	Nq(10) = 3.50693,	Nq(11) = 0.566458,	Nq(12) = 0.346815,	Nq(13) = 0.354915,	Nq(14) = 0.566458,	Nq(15) = 0.354915,	Sq(0) = 1.87025e-18,	Sq(1) = 0.351596,	Sq(2) = 0.371249,	Sq(3) = 0.351596,	Sq(4) = 0.351596,	Sq(5) = 0.371249,	Sq(6) = 0.610535,	Sq(7) = 0.371249,	Sq(8) = 0.371249,	Sq(9) = 0.610535,	Sq(10) = 0.634467,	Sq(11) = 0.610535,	Sq(12) = 0.351596,	Sq(13) = 0.371249,	Sq(14) = 0.610535,	Sq(15) = 0.371249,	N(0) = 1.99797,	N(1) = 1.99565,	N(2) = 1,	N(3) = 1.99565,	N(4) = 1.99565,	N(5) = 1,	N(6) = 0.00435451,	N(7) = 1,	N(8) = 1,	N(9) = 0.00435451,	N(10) = 0.00203244,	N(11) = 0.00435451,	N(12) = 1.99565,	N(13) = 1,	N(14) = 0.00435451,	N(15) = 1,	Delta[s](0) = 0.371856,	Delta[s](1) = 0.305296,	Delta[s](2) = 0.298745,	Delta[s](3) = 0.305296,	Delta[s](4) = 0.305296,	Delta[s](5) = 0.298745,	Delta[s](6) = 0.253106,	Delta[s](7) = 0.298745,	Delta[s](8) = 0.298745,	Delta[s](9) = 0.253106,	Delta[s](10) = 0.246821,	Delta[s](11) = 0.253106,	Delta[s](12) = 0.305296,	Delta[s](13) = 0.298745,	Delta[s](14) = 0.253106,	Delta[s](15) = 0.298745,	Delta[d](0) = 0.246278,	Delta[d](1) = 0.257891,	Delta[d](2) = 0.251282,	Delta[d](3) = 0.257891,	Delta[d](4) = 0.257891,	Delta[d](5) = 0.159005,	Delta[d](6) = 0.212231,	Delta[d](7) = 0.159005,	Delta[d](8) = 0.251282,	Delta[d](9) = 0.212231,	Delta[d](10) = 0.0717556,	Delta[d](11) = 0.212231,	Delta[d](12) = 0.257891,	Delta[d](13) = 0.159005,	Delta[d](14) = 0.212231,	Delta[d](15) = 0.159005,	Delta[s+](0) = 0.490915,	Delta[s+](1) = 0.387032,	Delta[s+](2) = 0.251282,	Delta[s+](3) = 0.387032,	Delta[s+](4) = 0.387032,	Delta[s+](5) = 0.251282,	Delta[s+](6) = 0.116728,	Delta[s+](7) = 0.251282,	Delta[s+](8) = 0.251282,	Delta[s+](9) = 0.116728,	Delta[s+](10) = 0.0392155,	Delta[s+](11) = 0.116728,	Delta[s+](12) = 0.387032,	Delta[s+](13) = 0.251282,	Delta[s+](14) = 0.116728,	Delta[s+](15) = 0.251282
The 0-th iteration is completed.	|| time cost : 0h 4m 27.172s
********************************************************************************************************************
Start the 1 rounds of NGS-ED iteration
	effective electronic model is modified as: kinetic energy t = 0.810168
	                                           effective interaction Vq = [-2.90535,-2.68318,-2.46124,-2.68318,-2.68318,-2.46124,-2.50737,-2.46124,-2.46124,-2.50737, -2.8533,-2.50737,-2.68318,-2.46124,-2.50737,-2.46124]
	PARPACK diagonalization completed after 30 matrix-vector product operations.
	iteration results: : total energy is -66.566160 | electron energy -66.728672 + phonon energy 0.162512 | electron momentum kIdx = 10
The 1-th iteration is completed.	|| time cost : 0h 0m 27.329s
********************************************************************************************************************
Start the 2 rounds of NGS-ED iteration
	effective electronic model is modified as: kinetic energy t = 0.797281
	                                           effective interaction Vq = [ -2.9652,-2.74821,-2.51466,-2.74821,-2.74821,-2.51466,-2.56296,-2.51466,-2.51466,-2.56296,-2.93087,-2.56296,-2.74821,-2.51466,-2.56296,-2.51466]
	PARPACK diagonalization completed after 30 matrix-vector product operations.
	iteration results: : total energy is -67.787680 | electron energy -68.030422 + phonon energy 0.242742 | electron momentum kIdx = 10
The 2-th iteration is completed.	|| time cost : 0h 0m 27.323s
********************************************************************************************************************
Start the 3 rounds of NGS-ED iteration
	effective electronic model is modified as: kinetic energy t = 0.790644
	                                           effective interaction Vq = [-2.98721,-2.77625,-2.54059,-2.77625,-2.77625,-2.54059,-2.58877,-2.54059,-2.54059,-2.58877, -2.9627,-2.58877,-2.77625,-2.54059,-2.58877,-2.54059]
	PARPACK diagonalization completed after 30 matrix-vector product operations.
	iteration results: : total energy is -68.223968 | electron energy -68.514576 + phonon energy 0.290609 | electron momentum kIdx = 10
The 3-th iteration is completed.	|| time cost : 0h 0m 27.596s
********************************************************************************************************************
Start the 4 rounds of NGS-ED iteration
	effective electronic model is modified as: kinetic energy t = 0.787254
	                                           effective interaction Vq = [-2.99531,  -2.789,-2.55356,  -2.789,  -2.789,-2.55356, -2.6012,-2.55356,-2.55356, -2.6012,-2.97602, -2.6012,  -2.789,-2.55356, -2.6012,-2.55356]
	PARPACK diagonalization completed after 30 matrix-vector product operations.
	iteration results: : total energy is -68.378014 | electron energy -68.695123 + phonon energy 0.317110 | electron momentum kIdx = 10
The 4-th iteration is completed.	|| time cost : 0h 0m 27.349s
********************************************************************************************************************
Start the 5 rounds of NGS-ED iteration
	effective electronic model is modified as: kinetic energy t = 0.785508
	                                           effective interaction Vq = [-2.99829,-2.79511,-2.56024,-2.79511,-2.79511,-2.56024,-2.60745,-2.56024,-2.56024,-2.60745,-2.98188,-2.60745,-2.79511,-2.56024,-2.60745,-2.56024]
	PARPACK diagonalization completed after 30 matrix-vector product operations.
	iteration results: : total energy is -68.432440 | electron energy -68.763747 + phonon energy 0.331306 | electron momentum kIdx = 10
The 5-th iteration is completed.	|| time cost : 0h 0m 27.733s
********************************************************************************************************************
Start the 6 rounds of NGS-ED iteration
	effective electronic model is modified as: kinetic energy t = 0.784599
	                                           effective interaction Vq = [-2.99939,-2.79814,-2.56376,-2.79814,-2.79814,-2.56376,-2.61071,-2.56376,-2.56376,-2.61071, -2.9846,-2.61071,-2.79814,-2.56376,-2.61071,-2.56376]
	PARPACK diagonalization completed after 30 matrix-vector product operations.
	iteration results: : total energy is -68.451791 | electron energy -68.790577 + phonon energy 0.338787 | electron momentum kIdx = 10
The 6-th iteration is completed.	|| time cost : 0h 0m 27.572s
********************************************************************************************************************
Start the 7 rounds of NGS-ED iteration
	effective electronic model is modified as: kinetic energy t = 0.784122
	                                           effective interaction Vq = [-2.99979,-2.79969,-2.56564,-2.79969,-2.79969,-2.56564,-2.61244,-2.56564,-2.56564,-2.61244,-2.98591,-2.61244,-2.79969,-2.56564,-2.61244,-2.56564]
	PARPACK diagonalization completed after 30 matrix-vector product operations.
	iteration results: : total energy is -68.458722 | electron energy -68.801418 + phonon energy 0.342696 | electron momentum kIdx = 10
The 7-th iteration is completed.	|| time cost : 0h 0m 27.682s
********************************************************************************************************************
Start the 8 rounds of NGS-ED iteration
	effective electronic model is modified as: kinetic energy t = 0.783869
	                                           effective interaction Vq = [-2.99994, -2.8005,-2.56665, -2.8005, -2.8005,-2.56665,-2.61338,-2.56665,-2.56665,-2.61338,-2.98656,-2.61338, -2.8005,-2.56665,-2.61338,-2.56665]
	PARPACK diagonalization completed after 30 matrix-vector product operations.
	iteration results: : total energy is -68.461221 | electron energy -68.805955 + phonon energy 0.344734 | electron momentum kIdx = 10
The 8-th iteration is completed.	|| time cost : 0h 0m 27.325s
********************************************************************************************************************
Start the 9 rounds of NGS-ED iteration
	effective electronic model is modified as: kinetic energy t = 0.783735
	                                           effective interaction Vq = [-2.99999,-2.80092, -2.5672,-2.80092,-2.80092, -2.5672,-2.61389, -2.5672, -2.5672,-2.61389,-2.98688,-2.61389,-2.80092, -2.5672,-2.61389, -2.5672]
	PARPACK diagonalization completed after 30 matrix-vector product operations.
	iteration results: : total energy is -68.462127 | electron energy -68.807923 + phonon energy 0.345796 | electron momentum kIdx = 10
The 9-th iteration is completed.	|| time cost : 0h 0m 27.297s
********************************************************************************************************************
Start the 10 rounds of NGS-ED iteration
	effective electronic model is modified as: kinetic energy t = 0.783662
	                                           effective interaction Vq = [-3.00001,-2.80115, -2.5675,-2.80115,-2.80115, -2.5675,-2.61418, -2.5675, -2.5675,-2.61418,-2.98704,-2.61418,-2.80115, -2.5675,-2.61418, -2.5675]
	PARPACK diagonalization completed after 30 matrix-vector product operations.
	iteration results: : total energy is -68.462457 | electron energy -68.808809 + phonon energy 0.346352 | electron momentum kIdx = 10
