TACC:  Starting up job 1744385 
TACC:  Starting parallel tasks... 
SNEDics v3.4 Non-Gaussian ED ground state program		Start at Sun Oct 11 00:48:50 2020

parallized on 16 MPI threads  * 7 OpenMP threads = 112 total threads.
********************************************************************************************************************
********************************************************************************************************************

********************************************************************************************************************
System parameters and configurations
********************************************************************************************************************
Special program options are enabled: splitted diagonal Hamiltonian
********************************************************************************************************************
Read input file "model_params.in"
	Hubbard-Holstein model parameters : 	t = 1    U = 8    g = 0.07    W = 0.2    g' = 0.11    
********************************************************************************************************************
Read input file "hilbertspace_params.in"
	Requested 16-site 2D lattice, with 14 electrons (7, 7)
	Boundary : Periodic		Hilbert space representation : momentum-space (restricted to kIdx = 0)
	Conservation: particle number[U(1)]      spin[U(1)]     momentum
********************************************************************************************************************

Cluster Positions:				Cluster symmetry group : D4
 x ... x ... x ... x .....                       x ... x ... x ... x .....
 |           |           :                       |           |           :
 |           |           :                       |           |           :
12    13    14    15     x                       1     5     6     5     x
 |           |           :                       |           |           :
 |           |           :                       |           |           :
 8 --- 9 ---10 ---11 --- x                       2 --- 6 ---10 --- 6 --- x
 |           |           :                       |           |           :
 |           |           :                       |           |           :
 4     5     6     7     x                       1     5     6     5     x
 |           |           :                       |           |           :
 |           |           :                       |           |           :
 0 --- 1 --- 2 --- 3 --- x                       0 --- 1 --- 2 --- 1 --- x
orbital number : 1
********************************************************************************************************************
Read input file "obs_params.in"
	Observable Type : Nq(All),   Sq(All),   N(All),   Delta[s](All),   Delta[d](All),   Delta[s+](All)
********************************************************************************************************************
** WARNING ** the input observables have non-local factors which have been reinterpreted. The total observable number is 96
********************************************************************************************************************


********************************************************************************************************************
Start calculating the non-Gaussian ED ground state
** WARNING ** Detected low phonon energy W < 10. The initial state will be prepared through a warm-up process.
********************************************************************************************************************
Start warm-up calculation for scaling factor 64
open output files: NGSEDWarmUpW12.8Obs.txt
********************************************************************************************************************
Start the 0 rounds of NGS-ED iteration
	effective electronic model is modified as: kinetic energy t = 1
	                                           effective interaction Vq = [0,0,0,0,0,0,0,0,0,0,0,0,0,0,0,0]
	first Hamiltonian is constructed, non-zero numbers = 2178478298
	PARPACK diagonalization completed after 165 matrix-vector product operations.
	iteration results: : total energy is -11.868836 | electron energy -11.868836 + phonon energy 0.000000 | electron momentum kIdx = 0
	Nq(0) = 12.25,	Nq(1) = 0.154193,	Nq(2) = 0.185311,	Nq(3) = 0.154193,	Nq(4) = 0.154193,	Nq(5) = 0.203281,	Nq(6) = 0.235634,	Nq(7) = 0.203281,	Nq(8) = 0.185311,	Nq(9) = 0.235634,	Nq(10) = 0.275446,	Nq(11) = 0.235634,	Nq(12) = 0.154193,	Nq(13) = 0.203281,	Nq(14) = 0.235634,	Nq(15) = 0.203281,	Sq(0) = 1.11096e-18,	Sq(1) = 0.474292,	Sq(2) = 0.766364,	Sq(3) = 0.474292,	Sq(4) = 0.474292,	Sq(5) = 0.630724,	Sq(6) = 1.05279,	Sq(7) = 0.630724,	Sq(8) = 0.766364,	Sq(9) = 1.05279,	Sq(10) = 2.56755,	Sq(11) = 1.05279,	Sq(12) = 0.474292,	Sq(13) = 0.630724,	Sq(14) = 1.05279,	Sq(15) = 0.630724,	N(0) = 1.75464,	N(1) = 1.59086,	N(2) = 0.323321,	N(3) = 1.59086,	N(4) = 1.59086,	N(5) = 0.999881,	N(6) = 0.267546,	N(7) = 0.999881,	N(8) = 0.323321,	N(9) = 0.267546,	N(10) = 0.165565,	N(11) = 0.267546,	N(12) = 1.59086,	N(13) = 0.999881,	N(14) = 0.267546,	N(15) = 0.999881,	Delta[s](0) = 0.0786267,	Delta[s](1) = 0.0589128,	Delta[s](2) = 0.0354574,	Delta[s](3) = 0.0589128,	Delta[s](4) = 0.0589128,	Delta[s](5) = 0.0422598,	Delta[s](6) = 0.0198126,	Delta[s](7) = 0.0422598,	Delta[s](8) = 0.0354574,	Delta[s](9) = 0.0198126,	Delta[s](10) = 0.00076774,	Delta[s](11) = 0.0198126,	Delta[s](12) = 0.0589128,	Delta[s](13) = 0.0422598,	Delta[s](14) = 0.0198126,	Delta[s](15) = 0.0422598,	Delta[d](0) = 0.279336,	Delta[d](1) = 0.192913,	Delta[d](2) = 0.202515,	Delta[d](3) = 0.192913,	Delta[d](4) = 0.192913,	Delta[d](5) = 0.179262,	Delta[d](6) = 0.134585,	Delta[d](7) = 0.179262,	Delta[d](8) = 0.202515,	Delta[d](9) = 0.134585,	Delta[d](10) = 0.0543722,	Delta[d](11) = 0.134585,	Delta[d](12) = 0.192913,	Delta[d](13) = 0.179262,	Delta[d](14) = 0.134585,	Delta[d](15) = 0.179262,	Delta[s+](0) = 0.567134,	Delta[s+](1) = 0.422364,	Delta[s+](2) = 0.202515,	Delta[s+](3) = 0.422364,	Delta[s+](4) = 0.422364,	Delta[s+](5) = 0.2953,	Delta[s+](6) = 0.128063,	Delta[s+](7) = 0.2953,	Delta[s+](8) = 0.202515,	Delta[s+](9) = 0.128063,	Delta[s+](10) = 0.0390042,	Delta[s+](11) = 0.128063,	Delta[s+](12) = 0.422364,	Delta[s+](13) = 0.2953,	Delta[s+](14) = 0.128063,	Delta[s+](15) = 0.2953
The 0-th iteration is completed.	|| time cost : 0h 6m 32.22s
********************************************************************************************************************
Start the 1 rounds of NGS-ED iteration
	effective electronic model is modified as: kinetic energy t = 0.995092
	                                           effective interaction Vq = [  -1.19997, -0.363972,-0.0202448, -0.363972, -0.363972,-0.0204572,-0.0909936,-0.0204572,-0.0202448,-0.0909936, -0.542964,-0.0909936, -0.363972,-0.0204572,-0.0909936,-0.0204572]
	PARPACK diagonalization completed after 60 matrix-vector product operations.
	iteration results: : total energy is -26.977463 | electron energy -26.977510 + phonon energy 0.000048 | electron momentum kIdx = 0
The 1-th iteration is completed.	|| time cost : 0h 5m 13.108s
********************************************************************************************************************
Start the 2 rounds of NGS-ED iteration
	effective electronic model is modified as: kinetic energy t = 0.99335
	                                           effective interaction Vq = [  -1.29273, -0.396554,-0.0219052, -0.396554, -0.396554,-0.0221671,-0.0982321,-0.0221671,-0.0219052,-0.0982321, -0.588081,-0.0982321, -0.396554,-0.0221671,-0.0982321,-0.0221671]
	PARPACK diagonalization completed after 60 matrix-vector product operations.
	iteration results: : total energy is -28.126705 | electron energy -28.126870 + phonon energy 0.000166 | electron momentum kIdx = 0
The 2-th iteration is completed.	|| time cost : 0h 0m 27.228s
********************************************************************************************************************
Start the 3 rounds of NGS-ED iteration
	effective electronic model is modified as: kinetic energy t = 0.993029
	                                           effective interaction Vq = [   -1.2999, -0.401459,-0.0221289, -0.401459, -0.401459, -0.022404,-0.0991536, -0.022404,-0.0221289,-0.0991536,  -0.59392,-0.0991536, -0.401459, -0.022404,-0.0991536, -0.022404]
	PARPACK diagonalization completed after 45 matrix-vector product operations.
	iteration results: : total energy is -28.214989 | electron energy -28.215196 + phonon energy 0.000207 | electron momentum kIdx = 0
The 3-th iteration is completed.	|| time cost : 0h 0m 24.409s
********************************************************************************************************************
Start the 4 rounds of NGS-ED iteration
	effective electronic model is modified as: kinetic energy t = 0.992972
	                                           effective interaction Vq = [  -1.30045,  -0.40238,-0.0221632,  -0.40238,  -0.40238,-0.0224418, -0.099284,-0.0224418,-0.0221632, -0.099284, -0.594756, -0.099284,  -0.40238,-0.0224418, -0.099284,-0.0224418]
	PARPACK diagonalization completed after 45 matrix-vector product operations.
	iteration results: : total energy is -28.221796 | electron energy -28.222011 + phonon energy 0.000215 | electron momentum kIdx = 0
The 4-th iteration is completed.	|| time cost : 0h 0m 24.415s
********************************************************************************************************************
Start the 5 rounds of NGS-ED iteration
	effective electronic model is modified as: kinetic energy t = 0.992962
	                                           effective interaction Vq = [   -1.3005, -0.402563,-0.0221685, -0.402563, -0.402563, -0.022448,-0.0993027, -0.022448,-0.0221685,-0.0993027, -0.594878,-0.0993027, -0.402563, -0.022448,-0.0993027, -0.022448]
	PARPACK diagonalization completed after 30 matrix-vector product operations.
	iteration results: : total energy is -28.222321 | electron energy -28.222538 + phonon energy 0.000216 | electron momentum kIdx = 0
The 5-th iteration is completed.	|| time cost : 0h 0m 21.608s
********************************************************************************************************************
Start the 6 rounds of NGS-ED iteration
	effective electronic model is modified as: kinetic energy t = 0.99296
	                                           effective interaction Vq = [   -1.3005, -0.402599,-0.0221694, -0.402599, -0.402599, -0.022449,-0.0993054, -0.022449,-0.0221694,-0.0993054, -0.594896,-0.0993054, -0.402599, -0.022449,-0.0993054, -0.022449]
	PARPACK diagonalization completed after 30 matrix-vector product operations.
	iteration results: : total energy is -28.222362 | electron energy -28.222579 + phonon energy 0.000217 | electron momentum kIdx = 0
	Nq(0) = 12.25,	Nq(1) = 0.160226,	Nq(2) = 0.187034,	Nq(3) = 0.160226,	Nq(4) = 0.160226,	Nq(5) = 0.204886,	Nq(6) = 0.240031,	Nq(7) = 0.204886,	Nq(8) = 0.187034,	Nq(9) = 0.240031,	Nq(10) = 0.292189,	Nq(11) = 0.240031,	Nq(12) = 0.160226,	Nq(13) = 0.204886,	Nq(14) = 0.240031,	Nq(15) = 0.204886,	Sq(0) = -5.6582e-18,	Sq(1) = 0.470841,	Sq(2) = 0.761007,	Sq(3) = 0.470841,	Sq(4) = 0.470841,	Sq(5) = 0.626709,	Sq(6) = 1.05024,	Sq(7) = 0.626709,	Sq(8) = 0.761007,	Sq(9) = 1.05024,	Sq(10) = 2.54998,	Sq(11) = 1.05024,	Sq(12) = 0.470841,	Sq(13) = 0.626709,	Sq(14) = 1.05024,	Sq(15) = 0.626709,	N(0) = 1.76412,	N(1) = 1.60575,	N(2) = 0.316436,	N(3) = 1.60575,	N(4) = 1.60575,	N(5) = 0.997871,	N(6) = 0.257221,	N(7) = 0.997871,	N(8) = 0.316436,	N(9) = 0.257221,	N(10) = 0.159658,	N(11) = 0.257221,	N(12) = 1.60575,	N(13) = 0.997871,	N(14) = 0.257221,	N(15) = 0.997871,	Delta[s](0) = 0.0822414,	Delta[s](1) = 0.0618022,	Delta[s](2) = 0.037451,	Delta[s](3) = 0.0618022,	Delta[s](4) = 0.0618022,	Delta[s](5) = 0.0445549,	Delta[s](6) = 0.0211628,	Delta[s](7) = 0.0445549,	Delta[s](8) = 0.037451,	Delta[s](9) = 0.0211628,	Delta[s](10) = 0.00119273,	Delta[s](11) = 0.0211628,	Delta[s](12) = 0.0618022,	Delta[s](13) = 0.0445549,	Delta[s](14) = 0.0211628,	Delta[s](15) = 0.0445549,	Delta[d](0) = 0.289372,	Delta[d](1) = 0.194928,	Delta[d](2) = 0.20428,	Delta[d](3) = 0.194928,	Delta[d](4) = 0.194928,	Delta[d](5) = 0.181161,	Delta[d](6) = 0.135001,	Delta[d](7) = 0.181161,	Delta[d](8) = 0.20428,	Delta[d](9) = 0.135001,	Delta[d](10) = 0.0548257,	Delta[d](11) = 0.135001,	Delta[d](12) = 0.194928,	Delta[d](13) = 0.181161,	Delta[d](14) = 0.135001,	Delta[d](15) = 0.181161,	Delta[s+](0) = 0.574996,	Delta[s+](1) = 0.428295,	Delta[s+](2) = 0.20428,	Delta[s+](3) = 0.428295,	Delta[s+](4) = 0.428295,	Delta[s+](5) = 0.298811,	Delta[s+](6) = 0.128701,	Delta[s+](7) = 0.298811,	Delta[s+](8) = 0.20428,	Delta[s+](9) = 0.128701,	Delta[s+](10) = 0.0387265,	Delta[s+](11) = 0.128701,	Delta[s+](12) = 0.428295,	Delta[s+](13) = 0.298811,	Delta[s+](14) = 0.128701,	Delta[s+](15) = 0.298811
The 6-th iteration is completed.	|| time cost : 0h 3m 58.331s
********************************************************************************************************************
********************************************************************************************************************
Ground state is obtained after 7 iterations. The current ground-state energy is -28.2224, in which electron energy is -28.2226 and phonon energy is 0.000216624
final variational state is: 
	Gamma_x = [      1,1.00172,1.00015,1.00172,1.00172,1.00016,1.00095,1.00016,1.00015,1.00095,1.00724,1.00095,1.00172,1.00016,1.00095,1.00016]
	lambda_q = [ 0.318709, 0.143861,0.0302567, 0.143861, 0.143861,0.0310923,-0.061644,0.0310923,0.0302567,-0.061644,-0.147583,-0.061644, 0.143861,0.0310923,-0.061644,0.0310923]
The effective e-e interactions mediated by phonons are: [   1.3005, 0.402607,0.0221695, 0.402607, 0.402607,0.0224492,0.0993058,0.0224492,0.0221695,0.0993058, 0.594898,0.0993058, 0.402607,0.0224492,0.0993058,0.0224492]
The real-space interactions mediated by phonons are: [ -4.03718, -1.26963,-0.517456, -1.51917,  -1.3122, -1.84746,-0.517456,-0.477068, -1.84994,-0.477068,-0.517456, -1.84746,  -1.3122, -1.51917,-0.517456, -1.26963]
********************************************************************************************************************
o___o  ----------------------------------------
| L |	Time since last clock: 0h 0m 0s
A===A	Time since the beginning: 0h 17m 21.322s
***********************************************

********************************************************************************************************************
Start warm-up calculation for scaling factor 32
open output files: NGSEDWarmUpW6.4Obs.txt
********************************************************************************************************************
Start the 0 rounds of NGS-ED iteration
	effective electronic model is modified as: kinetic energy t = 0.99296
	                                           effective interaction Vq = [  -1.18887,  -0.33955,-0.0181031,  -0.33955,  -0.33955,-0.0184367,-0.0802934,-0.0184367,-0.0181031,-0.0802934, -0.478397,-0.0802934,  -0.33955,-0.0184367,-0.0802934,-0.0184367]
	PARPACK diagonalization completed after 60 matrix-vector product operations.
	iteration results: : total energy is -26.757840 | electron energy -26.757948 + phonon energy 0.000108 | electron momentum kIdx = 0
	Nq(0) = 12.25,	Nq(1) = 0.159134,	Nq(2) = 0.186525,	Nq(3) = 0.159134,	Nq(4) = 0.159134,	Nq(5) = 0.204356,	Nq(6) = 0.23894,	Nq(7) = 0.204356,	Nq(8) = 0.186525,	Nq(9) = 0.23894,	Nq(10) = 0.288448,	Nq(11) = 0.23894,	Nq(12) = 0.159134,	Nq(13) = 0.204356,	Nq(14) = 0.23894,	Nq(15) = 0.204356,	Sq(0) = -8.19123e-19,	Sq(1) = 0.471297,	Sq(2) = 0.762158,	Sq(3) = 0.471297,	Sq(4) = 0.471297,	Sq(5) = 0.627525,	Sq(6) = 1.0514,	Sq(7) = 0.627525,	Sq(8) = 0.762158,	Sq(9) = 1.0514,	Sq(10) = 2.55359,	Sq(11) = 1.0514,	Sq(12) = 0.471297,	Sq(13) = 0.627525,	Sq(14) = 1.0514,	Sq(15) = 0.627525,	N(0) = 1.76197,	N(1) = 1.60244,	N(2) = 0.318241,	N(3) = 1.60244,	N(4) = 1.60244,	N(5) = 0.998206,	N(6) = 0.259467,	N(7) = 0.998206,	N(8) = 0.318241,	N(9) = 0.259467,	N(10) = 0.161103,	N(11) = 0.259467,	N(12) = 1.60244,	N(13) = 0.998206,	N(14) = 0.259467,	N(15) = 0.998206,	Delta[s](0) = 0.0812109,	Delta[s](1) = 0.061044,	Delta[s](2) = 0.0370205,	Delta[s](3) = 0.061044,	Delta[s](4) = 0.061044,	Delta[s](5) = 0.0440104,	Delta[s](6) = 0.0209591,	Delta[s](7) = 0.0440104,	Delta[s](8) = 0.0370205,	Delta[s](9) = 0.0209591,	Delta[s](10) = 0.00130401,	Delta[s](11) = 0.0209591,	Delta[s](12) = 0.061044,	Delta[s](13) = 0.0440104,	Delta[s](14) = 0.0209591,	Delta[s](15) = 0.0440104,	Delta[d](0) = 0.292043,	Delta[d](1) = 0.197988,	Delta[d](2) = 0.207268,	Delta[d](3) = 0.197988,	Delta[d](4) = 0.197988,	Delta[d](5) = 0.183852,	Delta[d](6) = 0.137256,	Delta[d](7) = 0.183852,	Delta[d](8) = 0.207268,	Delta[d](9) = 0.137256,	Delta[d](10) = 0.0558036,	Delta[d](11) = 0.137256,	Delta[d](12) = 0.197988,	Delta[d](13) = 0.183852,	Delta[d](14) = 0.137256,	Delta[d](15) = 0.183852,	Delta[s+](0) = 0.582116,	Delta[s+](1) = 0.433622,	Delta[s+](2) = 0.207268,	Delta[s+](3) = 0.433622,	Delta[s+](4) = 0.433622,	Delta[s+](5) = 0.302718,	Delta[s+](6) = 0.130753,	Delta[s+](7) = 0.302718,	Delta[s+](8) = 0.207268,	Delta[s+](9) = 0.130753,	Delta[s+](10) = 0.0395741,	Delta[s+](11) = 0.130753,	Delta[s+](12) = 0.433622,	Delta[s+](13) = 0.302718,	Delta[s+](14) = 0.130753,	Delta[s+](15) = 0.302718
The 0-th iteration is completed.	|| time cost : 0h 4m 3.777s
********************************************************************************************************************
Start the 1 rounds of NGS-ED iteration
	effective electronic model is modified as: kinetic energy t = 0.992099
	                                           effective interaction Vq = [  -1.26946, -0.360188,-0.0187848, -0.360188, -0.360188,-0.0192301,-0.0824393,-0.0192301,-0.0187848,-0.0824393, -0.487373,-0.0824393, -0.360188,-0.0192301,-0.0824393,-0.0192301]
	PARPACK diagonalization completed after 45 matrix-vector product operations.
	iteration results: : total energy is -27.748833 | electron energy -27.749183 + phonon energy 0.000350 | electron momentum kIdx = 0
The 1-th iteration is completed.	|| time cost : 0h 0m 24.429s
********************************************************************************************************************
Start the 2 rounds of NGS-ED iteration
	effective electronic model is modified as: kinetic energy t = 0.991778
	                                           effective interaction Vq = [  -1.29187, -0.367306,-0.0189815, -0.367306, -0.367306,-0.0194675,-0.0830214,-0.0194675,-0.0189815,-0.0830214,  -0.49012,-0.0830214, -0.367306,-0.0194675,-0.0830214,-0.0194675]
	PARPACK diagonalization completed after 45 matrix-vector product operations.
	iteration results: : total energy is -28.023863 | electron energy -28.024335 + phonon energy 0.000472 | electron momentum kIdx = 0
The 2-th iteration is completed.	|| time cost : 0h 0m 24.435s
********************************************************************************************************************
Start the 3 rounds of NGS-ED iteration
	effective electronic model is modified as: kinetic energy t = 0.99166
	                                           effective interaction Vq = [   -1.2981, -0.369922,-0.0190399, -0.369922, -0.369922,-0.0195409,-0.0831827,-0.0195409,-0.0190399,-0.0831827, -0.490975,-0.0831827, -0.369922,-0.0195409,-0.0831827,-0.0195409]
	PARPACK diagonalization completed after 45 matrix-vector product operations.
	iteration results: : total energy is -28.100262 | electron energy -28.100782 + phonon energy 0.000521 | electron momentum kIdx = 0
The 3-th iteration is completed.	|| time cost : 0h 0m 24.424s
********************************************************************************************************************
Start the 4 rounds of NGS-ED iteration
	effective electronic model is modified as: kinetic energy t = 0.991616
	                                           effective interaction Vq = [  -1.29983,  -0.37091,-0.0190574,  -0.37091,  -0.37091,-0.0195638,-0.0832278,-0.0195638,-0.0190574,-0.0832278, -0.491243,-0.0832278,  -0.37091,-0.0195638,-0.0832278,-0.0195638]
	PARPACK diagonalization completed after 45 matrix-vector product operations.
	iteration results: : total energy is -28.121493 | electron energy -28.122033 + phonon energy 0.000539 | electron momentum kIdx = 0
The 4-th iteration is completed.	|| time cost : 0h 0m 24.413s
********************************************************************************************************************
Start the 5 rounds of NGS-ED iteration
	effective electronic model is modified as: kinetic energy t = 0.9916
	                                           effective interaction Vq = [  -1.30031, -0.371287,-0.0190626, -0.371287, -0.371287, -0.019571,-0.0832405, -0.019571,-0.0190626,-0.0832405, -0.491328,-0.0832405, -0.371287, -0.019571,-0.0832405, -0.019571]
	PARPACK diagonalization completed after 30 matrix-vector product operations.
	iteration results: : total energy is -28.127395 | electron energy -28.127941 + phonon energy 0.000546 | electron momentum kIdx = 0
The 5-th iteration is completed.	|| time cost : 0h 0m 21.605s
********************************************************************************************************************
Start the 6 rounds of NGS-ED iteration
	effective electronic model is modified as: kinetic energy t = 0.991594
	                                           effective interaction Vq = [  -1.30045, -0.371432,-0.0190642, -0.371432, -0.371432,-0.0195732,-0.0832441,-0.0195732,-0.0190642,-0.0832441, -0.491355,-0.0832441, -0.371432,-0.0195732,-0.0832441,-0.0195732]
	PARPACK diagonalization completed after 30 matrix-vector product operations.
	iteration results: : total energy is -28.129036 | electron energy -28.129584 + phonon energy 0.000549 | electron momentum kIdx = 0
The 6-th iteration is completed.	|| time cost : 0h 0m 21.601s
********************************************************************************************************************
Start the 7 rounds of NGS-ED iteration
	effective electronic model is modified as: kinetic energy t = 0.991592
	                                           effective interaction Vq = [  -1.30049, -0.371488,-0.0190647, -0.371488, -0.371488,-0.0195739,-0.0832452,-0.0195739,-0.0190647,-0.0832452, -0.491363,-0.0832452, -0.371488,-0.0195739,-0.0832452,-0.0195739]
	PARPACK diagonalization completed after 30 matrix-vector product operations.
	iteration results: : total energy is -28.129492 | electron energy -28.130041 + phonon energy 0.000550 | electron momentum kIdx = 0
The 7-th iteration is completed.	|| time cost : 0h 0m 21.647s
********************************************************************************************************************
Start the 8 rounds of NGS-ED iteration
	effective electronic model is modified as: kinetic energy t = 0.991591
	                                           effective interaction Vq = [   -1.3005, -0.371509,-0.0190648, -0.371509, -0.371509,-0.0195741,-0.0832455,-0.0195741,-0.0190648,-0.0832455, -0.491366,-0.0832455, -0.371509,-0.0195741,-0.0832455,-0.0195741]
	PARPACK diagonalization completed after 30 matrix-vector product operations.
	iteration results: : total energy is -28.129619 | electron energy -28.130169 + phonon energy 0.000550 | electron momentum kIdx = 0
	Nq(0) = 12.25,	Nq(1) = 0.159525,	Nq(2) = 0.186466,	Nq(3) = 0.159525,	Nq(4) = 0.159525,	Nq(5) = 0.204237,	Nq(6) = 0.238908,	Nq(7) = 0.204237,	Nq(8) = 0.186466,	Nq(9) = 0.238908,	Nq(10) = 0.288695,	Nq(11) = 0.238908,	Nq(12) = 0.159525,	Nq(13) = 0.204237,	Nq(14) = 0.238908,	Nq(15) = 0.204237,	Sq(0) = 1.02098e-19,	Sq(1) = 0.470954,	Sq(2) = 0.762021,	Sq(3) = 0.470954,	Sq(4) = 0.470954,	Sq(5) = 0.627395,	Sq(6) = 1.05182,	Sq(7) = 0.627395,	Sq(8) = 0.762021,	Sq(9) = 1.05182,	Sq(10) = 2.55299,	Sq(11) = 1.05182,	Sq(12) = 0.470954,	Sq(13) = 0.627395,	Sq(14) = 1.05182,	Sq(15) = 0.627395,	N(0) = 1.76205,	N(1) = 1.60271,	N(2) = 0.318352,	N(3) = 1.60271,	N(4) = 1.60271,	N(5) = 0.998024,	N(6) = 0.259283,	N(7) = 0.998024,	N(8) = 0.318352,	N(9) = 0.259283,	N(10) = 0.161167,	N(11) = 0.259283,	N(12) = 1.60271,	N(13) = 0.998024,	N(14) = 0.259283,	N(15) = 0.998024,	Delta[s](0) = 0.081194,	Delta[s](1) = 0.061055,	Delta[s](2) = 0.0370597,	Delta[s](3) = 0.061055,	Delta[s](4) = 0.061055,	Delta[s](5) = 0.0440396,	Delta[s](6) = 0.0210178,	Delta[s](7) = 0.0440396,	Delta[s](8) = 0.0370597,	Delta[s](9) = 0.0210178,	Delta[s](10) = 0.00138913,	Delta[s](11) = 0.0210178,	Delta[s](12) = 0.061055,	Delta[s](13) = 0.0440396,	Delta[s](14) = 0.0210178,	Delta[s](15) = 0.0440396,	Delta[d](0) = 0.297318,	Delta[d](1) = 0.201355,	Delta[d](2) = 0.210616,	Delta[d](3) = 0.201355,	Delta[d](4) = 0.201355,	Delta[d](5) = 0.186895,	Delta[d](6) = 0.139491,	Delta[d](7) = 0.186895,	Delta[d](8) = 0.210616,	Delta[d](9) = 0.139491,	Delta[d](10) = 0.0568225,	Delta[d](11) = 0.139491,	Delta[d](12) = 0.201355,	Delta[d](13) = 0.186895,	Delta[d](14) = 0.139491,	Delta[d](15) = 0.186895,	Delta[s+](0) = 0.591252,	Delta[s+](1) = 0.440441,	Delta[s+](2) = 0.210616,	Delta[s+](3) = 0.440441,	Delta[s+](4) = 0.440441,	Delta[s+](5) = 0.307469,	Delta[s+](6) = 0.132869,	Delta[s+](7) = 0.307469,	Delta[s+](8) = 0.210616,	Delta[s+](9) = 0.132869,	Delta[s+](10) = 0.0402652,	Delta[s+](11) = 0.132869,	Delta[s+](12) = 0.440441,	Delta[s+](13) = 0.307469,	Delta[s+](14) = 0.132869,	Delta[s+](15) = 0.307469
The 8-th iteration is completed.	|| time cost : 0h 3m 59.388s
********************************************************************************************************************
********************************************************************************************************************
Ground state is obtained after 9 iterations. The current ground-state energy is -28.1296, in which electron energy is -28.1302 and phonon energy is 0.000549861
final variational state is: 
	Gamma_x = [      1,1.00472,1.00036,1.00472,1.00472,1.00039, 1.0021,1.00039,1.00036, 1.0021, 1.0155, 1.0021,1.00472,1.00039, 1.0021,1.00039]
	lambda_q = [  0.450364,  0.168842, 0.0327301,  0.168842,  0.168842, 0.0341292,-0.0649733, 0.0341292, 0.0327301,-0.0649733, -0.153322,-0.0649733,  0.168842, 0.0341292,-0.0649733, 0.0341292]
The effective e-e interactions mediated by phonons are: [   1.3005, 0.371518,0.0190649, 0.371518, 0.371518,0.0195742,0.0832456,0.0195742,0.0190649,0.0832456, 0.491367,0.0832456, 0.371518,0.0195742,0.0832456,0.0195742]
The real-space interactions mediated by phonons are: [ -3.72735, -1.32411,-0.576528, -1.45939, -1.38568, -1.77141,-0.576528, -0.57082,  -1.7517, -0.57082,-0.576528, -1.77141, -1.38568, -1.45939,-0.576528, -1.32411]
********************************************************************************************************************
o___o  ----------------------------------------
| L |	Time since last clock: 0h 0m 0s
A===A	Time since the beginning: 0h 28m 7.045s
***********************************************

********************************************************************************************************************
Start warm-up calculation for scaling factor 16
open output files: NGSEDWarmUpW3.2Obs.txt
********************************************************************************************************************
Start the 0 rounds of NGS-ED iteration
	effective electronic model is modified as: kinetic energy t = 0.991591
	                                           effective interaction Vq = [  -1.18844, -0.300489,-0.0149008, -0.300489, -0.300489, -0.015385,-0.0644591, -0.015385,-0.0149008,-0.0644591, -0.378608,-0.0644591, -0.300489, -0.015385,-0.0644591, -0.015385]
	PARPACK diagonalization completed after 60 matrix-vector product operations.
	iteration results: : total energy is -26.656783 | electron energy -26.657058 + phonon energy 0.000275 | electron momentum kIdx = 0
	Nq(0) = 12.25,	Nq(1) = 0.158337,	Nq(2) = 0.185965,	Nq(3) = 0.158337,	Nq(4) = 0.158337,	Nq(5) = 0.203725,	Nq(6) = 0.237834,	Nq(7) = 0.203725,	Nq(8) = 0.185965,	Nq(9) = 0.237834,	Nq(10) = 0.285131,	Nq(11) = 0.237834,	Nq(12) = 0.158337,	Nq(13) = 0.203725,	Nq(14) = 0.237834,	Nq(15) = 0.203725,	Sq(0) = -3.91132e-18,	Sq(1) = 0.471511,	Sq(2) = 0.7632,	Sq(3) = 0.471511,	Sq(4) = 0.471511,	Sq(5) = 0.628238,	Sq(6) = 1.05285,	Sq(7) = 0.628238,	Sq(8) = 0.7632,	Sq(9) = 1.05285,	Sq(10) = 2.55655,	Sq(11) = 1.05285,	Sq(12) = 0.471511,	Sq(13) = 0.628238,	Sq(14) = 1.05285,	Sq(15) = 0.628238,	N(0) = 1.75986,	N(1) = 1.59934,	N(2) = 0.320185,	N(3) = 1.59934,	N(4) = 1.59934,	N(5) = 0.998401,	N(6) = 0.261554,	N(7) = 0.998401,	N(8) = 0.320185,	N(9) = 0.261554,	N(10) = 0.162593,	N(11) = 0.261554,	N(12) = 1.59934,	N(13) = 0.998401,	N(14) = 0.261554,	N(15) = 0.998401,	Delta[s](0) = 0.0803421,	Delta[s](1) = 0.060383,	Delta[s](2) = 0.036614,	Delta[s](3) = 0.060383,	Delta[s](4) = 0.060383,	Delta[s](5) = 0.0435044,	Delta[s](6) = 0.0207211,	Delta[s](7) = 0.0435044,	Delta[s](8) = 0.036614,	Delta[s](9) = 0.0207211,	Delta[s](10) = 0.00131834,	Delta[s](11) = 0.0207211,	Delta[s](12) = 0.060383,	Delta[s](13) = 0.0435044,	Delta[s](14) = 0.0207211,	Delta[s](15) = 0.0435044,	Delta[d](0) = 0.300296,	Delta[d](1) = 0.204515,	Delta[d](2) = 0.213829,	Delta[d](3) = 0.204515,	Delta[d](4) = 0.204515,	Delta[d](5) = 0.189737,	Delta[d](6) = 0.141843,	Delta[d](7) = 0.189737,	Delta[d](8) = 0.213829,	Delta[d](9) = 0.141843,	Delta[d](10) = 0.0577891,	Delta[d](11) = 0.141843,	Delta[d](12) = 0.204515,	Delta[d](13) = 0.189737,	Delta[d](14) = 0.141843,	Delta[d](15) = 0.189737,	Delta[s+](0) = 0.599253,	Delta[s+](1) = 0.446408,	Delta[s+](2) = 0.213829,	Delta[s+](3) = 0.446408,	Delta[s+](4) = 0.446408,	Delta[s+](5) = 0.311801,	Delta[s+](6) = 0.13503,	Delta[s+](7) = 0.311801,	Delta[s+](8) = 0.213829,	Delta[s+](9) = 0.13503,	Delta[s+](10) = 0.0410844,	Delta[s+](11) = 0.13503,	Delta[s+](12) = 0.446408,	Delta[s+](13) = 0.311801,	Delta[s+](14) = 0.13503,	Delta[s+](15) = 0.311801
The 0-th iteration is completed.	|| time cost : 0h 4m 3.823s
********************************************************************************************************************
Start the 1 rounds of NGS-ED iteration
	effective electronic model is modified as: kinetic energy t = 0.991864
	                                           effective interaction Vq = [  -1.24141, -0.305759, -0.014641, -0.305759, -0.305759,-0.0152316,-0.0623958,-0.0152316, -0.014641,-0.0623958, -0.362544,-0.0623958, -0.305759,-0.0152316,-0.0623958,-0.0152316]
	PARPACK diagonalization completed after 45 matrix-vector product operations.
	iteration results: : total energy is -27.306661 | electron energy -27.307224 + phonon energy 0.000562 | electron momentum kIdx = 0
The 1-th iteration is completed.	|| time cost : 0h 0m 24.453s
********************************************************************************************************************
Start the 2 rounds of NGS-ED iteration
	effective electronic model is modified as: kinetic energy t = 0.991916
	                                           effective interaction Vq = [  -1.26934, -0.308562,-0.0145334, -0.308562, -0.308562,-0.0151649,-0.0616235,-0.0151649,-0.0145334,-0.0616235, -0.357242,-0.0616235, -0.308562,-0.0151649,-0.0616235,-0.0151649]
	PARPACK diagonalization completed after 45 matrix-vector product operations.
	iteration results: : total energy is -27.649002 | electron energy -27.649730 + phonon energy 0.000727 | electron momentum kIdx = 0
The 2-th iteration is completed.	|| time cost : 0h 0m 24.483s
********************************************************************************************************************
Start the 3 rounds of NGS-ED iteration
	effective electronic model is modified as: kinetic energy t = 0.991914
	                                           effective interaction Vq = [  -1.28407, -0.310069,-0.0144891, -0.310069, -0.310069,-0.0151361,-0.0613381,-0.0151361,-0.0144891,-0.0613381, -0.355556,-0.0613381, -0.310069,-0.0151361,-0.0613381,-0.0151361]
	PARPACK diagonalization completed after 45 matrix-vector product operations.
	iteration results: : total energy is -27.829464 | electron energy -27.830281 + phonon energy 0.000817 | electron momentum kIdx = 0
The 3-th iteration is completed.	|| time cost : 0h 0m 24.471s
********************************************************************************************************************
Start the 4 rounds of NGS-ED iteration
	effective electronic model is modified as: kinetic energy t = 0.991903
	                                           effective interaction Vq = [  -1.29184, -0.310885, -0.014471, -0.310885, -0.310885,-0.0151237,-0.0612335,-0.0151237, -0.014471,-0.0612335, -0.355045,-0.0612335, -0.310885,-0.0151237,-0.0612335,-0.0151237]
	PARPACK diagonalization completed after 45 matrix-vector product operations.
	iteration results: : total energy is -27.924610 | electron energy -27.925476 + phonon energy 0.000866 | electron momentum kIdx = 0
The 4-th iteration is completed.	|| time cost : 0h 0m 24.466s
********************************************************************************************************************
Start the 5 rounds of NGS-ED iteration
	effective electronic model is modified as: kinetic energy t = 0.991893
	                                           effective interaction Vq = [  -1.29593,  -0.31133,-0.0144636,  -0.31133,  -0.31133,-0.0151184,-0.0611955,-0.0151184,-0.0144636,-0.0611955, -0.354904,-0.0611955,  -0.31133,-0.0151184,-0.0611955,-0.0151184]
	PARPACK diagonalization completed after 30 matrix-vector product operations.
	iteration results: : total energy is -27.974778 | electron energy -27.975670 + phonon energy 0.000893 | electron momentum kIdx = 0
The 5-th iteration is completed.	|| time cost : 0h 0m 21.619s
********************************************************************************************************************
Start the 6 rounds of NGS-ED iteration
	effective electronic model is modified as: kinetic energy t = 0.991886
	                                           effective interaction Vq = [  -1.29809, -0.311573,-0.0144606, -0.311573, -0.311573,-0.0151161,-0.0611818,-0.0151161,-0.0144606,-0.0611818, -0.354873,-0.0611818, -0.311573,-0.0151161,-0.0611818,-0.0151161]
	PARPACK diagonalization completed after 30 matrix-vector product operations.
	iteration results: : total energy is -28.001230 | electron energy -28.002138 + phonon energy 0.000908 | electron momentum kIdx = 0
The 6-th iteration is completed.	|| time cost : 0h 0m 21.613s
********************************************************************************************************************
Start the 7 rounds of NGS-ED iteration
	effective electronic model is modified as: kinetic energy t = 0.991882
	                                           effective interaction Vq = [  -1.29923, -0.311706,-0.0144594, -0.311706, -0.311706,-0.0151151, -0.061177,-0.0151151,-0.0144594, -0.061177, -0.354872, -0.061177, -0.311706,-0.0151151, -0.061177,-0.0151151]
	PARPACK diagonalization completed after 30 matrix-vector product operations.
	iteration results: : total energy is -28.015178 | electron energy -28.016094 + phonon energy 0.000916 | electron momentum kIdx = 0
The 7-th iteration is completed.	|| time cost : 0h 0m 21.645s
********************************************************************************************************************
Start the 8 rounds of NGS-ED iteration
	effective electronic model is modified as: kinetic energy t = 0.99188
	                                           effective interaction Vq = [  -1.29983,  -0.31178,-0.0144589,  -0.31178,  -0.31178,-0.0151147,-0.0611753,-0.0151147,-0.0144589,-0.0611753, -0.354876,-0.0611753,  -0.31178,-0.0151147,-0.0611753,-0.0151147]
	PARPACK diagonalization completed after 30 matrix-vector product operations.
	iteration results: : total energy is -28.022532 | electron energy -28.023453 + phonon energy 0.000921 | electron momentum kIdx = 0
The 8-th iteration is completed.	|| time cost : 0h 0m 21.631s
********************************************************************************************************************
Start the 9 rounds of NGS-ED iteration
	effective electronic model is modified as: kinetic energy t = 0.991878
	                                           effective interaction Vq = [  -1.30015,  -0.31182,-0.0144587,  -0.31182,  -0.31182,-0.0151145,-0.0611748,-0.0151145,-0.0144587,-0.0611748,  -0.35488,-0.0611748,  -0.31182,-0.0151145,-0.0611748,-0.0151145]
	PARPACK diagonalization completed after 30 matrix-vector product operations.
	iteration results: : total energy is -28.026410 | electron energy -28.027334 + phonon energy 0.000924 | electron momentum kIdx = 0
The 9-th iteration is completed.	|| time cost : 0h 0m 21.707s
********************************************************************************************************************
Start the 10 rounds of NGS-ED iteration
	effective electronic model is modified as: kinetic energy t = 0.991877
	                                           effective interaction Vq = [  -1.30031, -0.311842,-0.0144587, -0.311842, -0.311842,-0.0151145,-0.0611746,-0.0151145,-0.0144587,-0.0611746, -0.354883,-0.0611746, -0.311842,-0.0151145,-0.0611746,-0.0151145]
	PARPACK diagonalization completed after 30 matrix-vector product operations.
	iteration results: : total energy is -28.028455 | electron energy -28.029380 + phonon energy 0.000925 | electron momentum kIdx = 0
The 10-th iteration is completed.	|| time cost : 0h 0m 21.616s
********************************************************************************************************************
Start the 11 rounds of NGS-ED iteration
	effective electronic model is modified as: kinetic energy t = 0.991877
	                                           effective interaction Vq = [   -1.3004, -0.311855,-0.0144586, -0.311855, -0.311855,-0.0151144,-0.0611746,-0.0151144,-0.0144586,-0.0611746, -0.354885,-0.0611746, -0.311855,-0.0151144,-0.0611746,-0.0151144]
	PARPACK diagonalization completed after 30 matrix-vector product operations.
	iteration results: : total energy is -28.029533 | electron energy -28.030459 + phonon energy 0.000926 | electron momentum kIdx = 0
The 11-th iteration is completed.	|| time cost : 0h 0m 21.662s
********************************************************************************************************************
Start the 12 rounds of NGS-ED iteration
	effective electronic model is modified as: kinetic energy t = 0.991877
	                                           effective interaction Vq = [  -1.30045, -0.311861,-0.0144586, -0.311861, -0.311861,-0.0151144,-0.0611746,-0.0151144,-0.0144586,-0.0611746, -0.354886,-0.0611746, -0.311861,-0.0151144,-0.0611746,-0.0151144]
	PARPACK diagonalization completed after 30 matrix-vector product operations.
	iteration results: : total energy is -28.030102 | electron energy -28.031028 + phonon energy 0.000926 | electron momentum kIdx = 0
The 12-th iteration is completed.	|| time cost : 0h 0m 21.671s
********************************************************************************************************************
Start the 13 rounds of NGS-ED iteration
	effective electronic model is modified as: kinetic energy t = 0.991877
	                                           effective interaction Vq = [  -1.30047, -0.311865,-0.0144586, -0.311865, -0.311865,-0.0151144,-0.0611746,-0.0151144,-0.0144586,-0.0611746, -0.354887,-0.0611746, -0.311865,-0.0151144,-0.0611746,-0.0151144]
	PARPACK diagonalization completed after 30 matrix-vector product operations.
	iteration results: : total energy is -28.030402 | electron energy -28.031328 + phonon energy 0.000927 | electron momentum kIdx = 0
The 13-th iteration is completed.	|| time cost : 0h 0m 21.623s
********************************************************************************************************************
Start the 14 rounds of NGS-ED iteration
	effective electronic model is modified as: kinetic energy t = 0.991877
