SNEDics v3.21.4 Non-Gaussian ED ground state program		Start at Mon Jul 26 00:22:32 2021

parallized on 32 MPI threads  * 8 OpenMP threads = 256 total threads.
********************************************************************************************************************
********************************************************************************************************************

********************************************************************************************************************
System parameters and configurations
	special program options are enabled: splitted diagonal Hamiltonian | splitted Hamiltonian terms
********************************************************************************************************************
Read input file "model_params.in"
	Hubbard-Holstein model parameters : 	t = 1    U = 8    g = 0.01    W = 0.2    g' = 0.06    
********************************************************************************************************************
Read input file "hilbertspace_params.in"
	Requested 16-site 2D lattice, with 14 electrons (7, 7)
	Boundary : Periodic		Hilbert space representation : momentum-space (restricted to kIdx = 0)
	Conservation: particle number[U(1)]      spin[U(1)]     momentum
********************************************************************************************************************

Cluster Positions:				Cluster symmetry group : D4
 x ... x ... x ... x .....                       x ... x ... x ... x .....
 |           |           :                       |           |           :
 |           |           :                       |           |           :
12    13    14    15     x                       1     5     6     5     x
 |           |           :                       |           |           :
 |           |           :                       |           |           :
 8 --- 9 ---10 ---11 --- x                       2 --- 6 ---10 --- 6 --- x
 |           |           :                       |           |           :
 |           |           :                       |           |           :
 4     5     6     7     x                       1     5     6     5     x
 |           |           :                       |           |           :
 |           |           :                       |           |           :
 0 --- 1 --- 2 --- 3 --- x                       0 --- 1 --- 2 --- 1 --- x
orbital number : 1
********************************************************************************************************************
Read input file "obs_params.in"
	Observable Type : Nq(All),   Sq(All),   N(All),   Delta[s](All),   Delta[d](All),   Delta[s+](All)
** WARNING ** the input observables have non-local factors which have been reinterpreted. The total observable number is 96
********************************************************************************************************************


********************************************************************************************************************
Start calculating the non-Gaussian ED ground state
Maximal iteration number is 1000; energy resolution is 1e-06. Phonon state relaxation time is 2000
W = 0.2 is relatively large. The non-Gaussian ED calculation starts directly.
open output files: NGSED_iteration_obserbles.txt
********************************************************************************************************************
Start the 0 rounds of NGS-ED iteration
	effective electronic model is modified as: kinetic energy t = 1
	                                           effective interaction Vq = [0,0,0,0,0,0,0,0,0,0,0,0,0,0,0,0]
	first Hamiltonian is constructed, size = 8179600 and non-zero numbers = 2178478298
	PARPACK diagonalization completed after 180 matrix-vector product operations.
	iteration results: : total energy is -11.868836 | electron energy -11.868836 + phonon energy 0.000000 | electron momentum kIdx = 0
	Nq(0) = 12.25,	Nq(1) = 0.154193,	Nq(2) = 0.185311,	Nq(3) = 0.154193,	Nq(4) = 0.154193,	Nq(5) = 0.203281,	
	Nq(6) = 0.235634,	Nq(7) = 0.203281,	Nq(8) = 0.185311,	Nq(9) = 0.235634,	Nq(10) = 0.275446,	
	Nq(11) = 0.235634,	Nq(12) = 0.154193,	Nq(13) = 0.203281,	Nq(14) = 0.235634,	Nq(15) = 0.203281;	
	Sq(0) = -1.83137e-18,	Sq(1) = 0.474292,	Sq(2) = 0.766364,	Sq(3) = 0.474292,	Sq(4) = 0.474292,	
	Sq(5) = 0.630724,	Sq(6) = 1.05279,	Sq(7) = 0.630724,	Sq(8) = 0.766364,	Sq(9) = 1.05279,	
	Sq(10) = 2.56755,	Sq(11) = 1.05279,	Sq(12) = 0.474292,	Sq(13) = 0.630724,	Sq(14) = 1.05279,	
	Sq(15) = 0.630724;	N(0) = 1.75464,	N(1) = 1.59086,	N(2) = 0.323321,	N(3) = 1.59086,	
	N(4) = 1.59086,	N(5) = 0.999881,	N(6) = 0.267546,	N(7) = 0.999881,	N(8) = 0.323321,	
	N(9) = 0.267546,	N(10) = 0.165565,	N(11) = 0.267546,	N(12) = 1.59086,	N(13) = 0.999881,	
	N(14) = 0.267546,	N(15) = 0.999881;	Delta[s](0) = 0.0793462,	Delta[s](1) = 0.0592645,	Delta[s](2) = 0.0353947,	
	Delta[s](3) = 0.0592645,	Delta[s](4) = 0.0592645,	Delta[s](5) = 0.0423051,	Delta[s](6) = 0.0194446,	Delta[s](7) = 0.0423051,	
	Delta[s](8) = 0.0353947,	Delta[s](9) = 0.0194446,	Delta[s](10) = 5.73121e-05,	Delta[s](11) = 0.0194446,	Delta[s](12) = 0.0592645,	
	Delta[s](13) = 0.0423051,	Delta[s](14) = 0.0194446,	Delta[s](15) = 0.0423051;	Delta[d](0) = 0.276032,	Delta[d](1) = 0.189622,	
	Delta[d](2) = 0.199473,	Delta[d](3) = 0.189622,	Delta[d](4) = 0.189622,	Delta[d](5) = 0.176385,	Delta[d](6) = 0.13229,	
	Delta[d](7) = 0.176385,	Delta[d](8) = 0.199473,	Delta[d](9) = 0.13229,	Delta[d](10) = 0.0533119,	Delta[d](11) = 0.13229,	
	Delta[d](12) = 0.189622,	Delta[d](13) = 0.176385,	Delta[d](14) = 0.13229,	Delta[d](15) = 0.176385;	Delta[s+](0) = 0.559758,	
	Delta[s+](1) = 0.416776,	Delta[s+](2) = 0.199473,	Delta[s+](3) = 0.416776,	Delta[s+](4) = 0.416776,	Delta[s+](5) = 0.291241,	
	Delta[s+](6) = 0.125956,	Delta[s+](7) = 0.291241,	Delta[s+](8) = 0.199473,	Delta[s+](9) = 0.125956,	Delta[s+](10) = 0.0381034,	
	Delta[s+](11) = 0.125956,	Delta[s+](12) = 0.416776,	Delta[s+](13) = 0.291241,	Delta[s+](14) = 0.125956,	Delta[s+](15) = 0.291241
	
The 0-th iteration is completed.	|| time cost : 0h 4m 43.9s
********************************************************************************************************************
Start the 1 rounds of NGS-ED iteration
	effective electronic model is modified as: kinetic energy t = 0.999635
	                                           effective interaction Vq = [     -0.3125, -0.00910549, -3.3257e-05, -0.00910549, -0.00910549,-3.63044e-05, -0.00345074,-3.63044e-05, -3.3257e-05, -0.00345074,  -0.0134815, -0.00345074, -0.00910549,-3.63044e-05, -0.00345074,-3.63044e-05]
	PARPACK diagonalization completed after 45 matrix-vector product operations.
	iteration results: : total energy is -15.703375 | electron energy -15.703404 + phonon energy 0.000029 | electron momentum kIdx = 0
The 1-th iteration is completed.	|| time cost : 0h 2m 55.42s
********************************************************************************************************************
Start the 2 rounds of NGS-ED iteration
	effective electronic model is modified as: kinetic energy t = 0.999635
	                                           effective interaction Vq = [     -0.3125, -0.00910977,-3.32498e-05, -0.00910977, -0.00910977,-3.62952e-05, -0.00345106,-3.62952e-05,-3.32498e-05, -0.00345106,  -0.0134932, -0.00345106, -0.00910977,-3.62952e-05, -0.00345106,-3.62952e-05]
	PARPACK diagonalization completed after 30 matrix-vector product operations.
	iteration results: : total energy is -15.703375 | electron energy -15.703404 + phonon energy 0.000029 | electron momentum kIdx = 0
The 2-th iteration is completed.	|| time cost : 0h 0m 21.835s
********************************************************************************************************************
Start the 3 rounds of NGS-ED iteration
	effective electronic model is modified as: kinetic energy t = 0.999635
	                                           effective interaction Vq = [     -0.3125, -0.00910977,-3.32498e-05, -0.00910977, -0.00910977,-3.62952e-05, -0.00345106,-3.62952e-05,-3.32498e-05, -0.00345106,  -0.0134932, -0.00345106, -0.00910977,-3.62952e-05, -0.00345106,-3.62952e-05]
	PARPACK diagonalization completed after 30 matrix-vector product operations.
	iteration results: : total energy is -15.703375 | electron energy -15.703404 + phonon energy 0.000029 | electron momentum kIdx = 0
	Nq(0) = 12.25,	Nq(1) = 0.154312,	Nq(2) = 0.18532,	Nq(3) = 0.154312,	Nq(4) = 0.154312,	Nq(5) = 0.203282,	
	Nq(6) = 0.235721,	Nq(7) = 0.203282,	Nq(8) = 0.18532,	Nq(9) = 0.235721,	Nq(10) = 0.275759,	
	Nq(11) = 0.235721,	Nq(12) = 0.154312,	Nq(13) = 0.203282,	Nq(14) = 0.235721,	Nq(15) = 0.203282;	
	Sq(0) = 1.79661e-18,	Sq(1) = 0.474213,	Sq(2) = 0.766274,	Sq(3) = 0.474213,	Sq(4) = 0.474213,	
	Sq(5) = 0.630644,	Sq(6) = 1.0528,	Sq(7) = 0.630644,	Sq(8) = 0.766274,	Sq(9) = 1.0528,	
	Sq(10) = 2.56717,	Sq(11) = 1.0528,	Sq(12) = 0.474213,	Sq(13) = 0.630644,	Sq(14) = 1.0528,	
	Sq(15) = 0.630644;	N(0) = 1.75481,	N(1) = 1.59112,	N(2) = 0.323242,	N(3) = 1.59112,	
	N(4) = 1.59112,	N(5) = 0.999837,	N(6) = 0.267357,	N(7) = 0.999837,	N(8) = 0.323242,	
	N(9) = 0.267357,	N(10) = 0.165459,	N(11) = 0.267357,	N(12) = 1.59112,	N(13) = 0.999837,	
	N(14) = 0.267357,	N(15) = 0.999837;	Delta[s](0) = 0.0794154,	Delta[s](1) = 0.0593172,	Delta[s](2) = 0.0354282,	
	Delta[s](3) = 0.0593172,	Delta[s](4) = 0.0593172,	Delta[s](5) = 0.0423443,	Delta[s](6) = 0.0194636,	Delta[s](7) = 0.0423443,	
	Delta[s](8) = 0.0354282,	Delta[s](9) = 0.0194636,	Delta[s](10) = 5.74376e-05,	Delta[s](11) = 0.0194636,	Delta[s](12) = 0.0593172,	
	Delta[s](13) = 0.0423443,	Delta[s](14) = 0.0194636,	Delta[s](15) = 0.0423443;	Delta[d](0) = 0.276184,	Delta[d](1) = 0.189616,	
	Delta[d](2) = 0.199456,	Delta[d](3) = 0.189616,	Delta[d](4) = 0.189616,	Delta[d](5) = 0.176379,	Delta[d](6) = 0.132262,	
	Delta[d](7) = 0.176379,	Delta[d](8) = 0.199456,	Delta[d](9) = 0.132262,	Delta[d](10) = 0.0533106,	Delta[d](11) = 0.132262,	
	Delta[d](12) = 0.189616,	Delta[d](13) = 0.176379,	Delta[d](14) = 0.132262,	Delta[d](15) = 0.176379;	Delta[s+](0) = 0.559755,	
	Delta[s+](1) = 0.416776,	Delta[s+](2) = 0.199456,	Delta[s+](3) = 0.416776,	Delta[s+](4) = 0.416776,	Delta[s+](5) = 0.291229,	
	Delta[s+](6) = 0.125935,	Delta[s+](7) = 0.291229,	Delta[s+](8) = 0.199456,	Delta[s+](9) = 0.125935,	Delta[s+](10) = 0.0380864,	
	Delta[s+](11) = 0.125935,	Delta[s+](12) = 0.416776,	Delta[s+](13) = 0.291229,	Delta[s+](14) = 0.125935,	Delta[s+](15) = 0.291229
	
The 3-th iteration is completed.	|| time cost : 0h 3m 6.803s
********************************************************************************************************************
********************************************************************************************************************
Ground state is obtained after 4 iterations. The current ground-state energy is -15.7034, in which electron energy is -15.7034 and phonon energy is 2.93925e-05
Final variational state is: 
	Gamma_x = [      1,1.00685,1.00003,1.00685,1.00685,1.00004,1.00402,1.00004,1.00003,1.00402,1.01853,1.00402,1.00685,1.00004,1.00402,1.00004]
	lambda_q = [      1.25, 0.0360365,0.00169109, 0.0360365, 0.0360365,0.00184895,-0.0159169,0.00184895,0.00169109,-0.0159169, -0.029717,-0.0159169, 0.0360365,0.00184895,-0.0159169,0.00184895]
Effective e-e interactions mediated by phonons are:
	momentum-space Vq = [     -0.3125, -0.00910977,-3.32498e-05, -0.00910977, -0.00910977,-3.62952e-05, -0.00345106,-3.62952e-05,-3.32498e-05, -0.00345106,  -0.0134932, -0.00345106, -0.00910977,-3.62952e-05, -0.00345106,-3.62952e-05]
	real-space Vr = [ -0.023528,-0.0193953,-0.0203697,-0.0193953,-0.0193953,-0.0203704,-0.0179806,-0.0203704,-0.0203697,-0.0179806,-0.0172476,-0.0179806,-0.0193953,-0.0203704,-0.0179806,-0.0203704]
********************************************************************************************************************
o___o  ----------------------------------------
| L |	Time since last clock: 0h 0m 0.008s
A===A	Time since the beginning: 0h 11m 7.968s
***********************************************


Non-Gaussina ED ground state calculation is completed. The final ground-state energy is -15.7034
********************************************************************************************************************
o___o  ----------------------------------------
| L |	Time since last clock: 0h 0m 0.009s
A===A	Time since the beginning: 0h 11m 7.978s
***********************************************



********************************************************************************************************************
All non-Gaussian ED ground state calculations have been completed. Exit now.
