SNEDics v3.4 Non-Gaussian ED ground state program		Start at Wed Sep 25 13:49:07 2019

parallized on 16 MPI threads  * 8 OpenMP threads = 128 total threads.
********************************************************************************************************************
********************************************************************************************************************

********************************************************************************************************************
System parameters and configurations
********************************************************************************************************************
Special program options are enabled: splitted diagonal Hamiltonian
********************************************************************************************************************
Read input file "model_params.in"
	Hubbard-Holstein model parameters : 	t = 1    U = 2.6    g = 3.1623    W = 5    
********************************************************************************************************************
Read input file "hilbertspace_params.in"
	Requested 16-site 2D lattice, with 14 electrons (7, 7)
	Boundary : Periodic		Hilbert space representation : momentum-space (restricted to kIdx = 10)
	Conservation: particle number[U(1)]      spin[U(1)]     momentum
********************************************************************************************************************

Cluster Positions:				Cluster symmetry group : D4
 x ... x ... x ... x .....                       x ... x ... x ... x .....
 |           |           :                       |           |           :
 |           |           :                       |           |           :
12    13    14    15     x                       1     5     6     5     x
 |           |           :                       |           |           :
 |           |           :                       |           |           :
 8 --- 9 ---10 ---11 --- x                       2 --- 6 ---10 --- 6 --- x
 |           |           :                       |           |           :
 |           |           :                       |           |           :
 4     5     6     7     x                       1     5     6     5     x
 |           |           :                       |           |           :
 |           |           :                       |           |           :
 0 --- 1 --- 2 --- 3 --- x                       0 --- 1 --- 2 --- 1 --- x
orbital number : 1
********************************************************************************************************************
Read input file "obs_params.in"
	Observable Type : Nq(All),   Sq(All),   N(All),   Delta[s](All),   Delta[d](All),   Delta[s+](All)
********************************************************************************************************************
** WARNING ** the input observables have non-local factors which have been reinterpreted. The total observable number is 96
********************************************************************************************************************


********************************************************************************************************************
Start calculating the non-Gaussian ED ground state
** WARNING ** Detected low phonon energy W < 10. The initial state will be prepared through a warm-up process.
********************************************************************************************************************
Start warm-up calculation for scaling factor 2
open output files: NGSEDWarmUpW10Obs.txt
********************************************************************************************************************
Start the 0 rounds of NGS-ED iteration
	effective electronic model is modified as: kinetic energy t = 1
	                                           effective interaction Vq = [-0,-0,-0,-0,-0,-0,-0,-0,-0,-0,-0,-0,-0,-0,-0,-0]
	first Hamiltonian is constructed, non-zero numbers = 2178478152
	PARPACK diagonalization completed after 150 matrix-vector product operations.
	iteration results: : total energy is -18.008827 | electron energy -18.008827 + phonon energy 0.000000 | electron momentum kIdx = 10
	Nq(0) = 12.25,	Nq(1) = 0.259472,	Nq(2) = 0.408181,	Nq(3) = 0.259472,	Nq(4) = 0.252041,	Nq(5) = 0.372972,	Nq(6) = 0.440409,	Nq(7) = 0.317085,	Nq(8) = 0.343923,	Nq(9) = 0.445922,	Nq(10) = 0.495568,	Nq(11) = 0.445922,	Nq(12) = 0.252041,	Nq(13) = 0.317085,	Nq(14) = 0.440409,	Nq(15) = 0.372972,	Sq(0) = -3.06724e-18,	Sq(1) = 0.446293,	Sq(2) = 0.516263,	Sq(3) = 0.446293,	Sq(4) = 0.440084,	Sq(5) = 0.577249,	Sq(6) = 0.772076,	Sq(7) = 0.636249,	Sq(8) = 0.621657,	Sq(9) = 0.776549,	Sq(10) = 1.8916,	Sq(11) = 0.776549,	Sq(12) = 0.440084,	Sq(13) = 0.636249,	Sq(14) = 0.772076,	Sq(15) = 0.577249,	N(0) = 1.96256,	N(1) = 1.92926,	N(2) = 0.996306,	N(3) = 1.92926,	N(4) = 1.92825,	N(5) = 0.947279,	N(6) = 0.0507276,	N(7) = 0.103592,	N(8) = 0.99933,	N(9) = 0.0503332,	N(10) = 0.0229207,	N(11) = 0.0503332,	N(12) = 1.92825,	N(13) = 0.103592,	N(14) = 0.0507276,	N(15) = 0.947279,	Delta[s](0) = 0.19267,	Delta[s](1) = 0.152394,	Delta[s](2) = 0.124215,	Delta[s](3) = 0.152394,	Delta[s](4) = 0.152141,	Delta[s](5) = 0.122512,	Delta[s](6) = 0.0787672,	Delta[s](7) = 0.101516,	Delta[s](8) = 0.123667,	Delta[s](9) = 0.0790328,	Delta[s](10) = 0.0234592,	Delta[s](11) = 0.0790328,	Delta[s](12) = 0.152141,	Delta[s](13) = 0.101516,	Delta[s](14) = 0.0787672,	Delta[s](15) = 0.122512,	Delta[d](0) = 0.568745,	Delta[d](1) = 0.28937,	Delta[d](2) = 0.274794,	Delta[d](3) = 0.28937,	Delta[d](4) = 0.288969,	Delta[d](5) = 0.150125,	Delta[d](6) = 0.19362,	Delta[d](7) = 0.309813,	Delta[d](8) = 0.27403,	Delta[d](9) = 0.193435,	Delta[d](10) = 0.0736093,	Delta[d](11) = 0.193435,	Delta[d](12) = 0.288969,	Delta[d](13) = 0.309813,	Delta[d](14) = 0.19362,	Delta[d](15) = 0.150125,	Delta[s+](0) = 0.546132,	Delta[s+](1) = 0.40722,	Delta[s+](2) = 0.274794,	Delta[s+](3) = 0.40722,	Delta[s+](4) = 0.406823,	Delta[s+](5) = 0.268414,	Delta[s+](6) = 0.0909683,	Delta[s+](7) = 0.16246,	Delta[s+](8) = 0.27403,	Delta[s+](9) = 0.0906283,	Delta[s+](10) = 0.0155828,	Delta[s+](11) = 0.0906283,	Delta[s+](12) = 0.406823,	Delta[s+](13) = 0.16246,	Delta[s+](14) = 0.0909683,	Delta[s+](15) = 0.268414
The 0-th iteration is completed.	|| time cost : 0h 6m 24.162s
********************************************************************************************************************
Start the 1 rounds of NGS-ED iteration
	effective electronic model is modified as: kinetic energy (tx,ty)=(0.94461, 0.944966)
	                                           effective interaction Vq = [-1.72935,-1.62715,-1.60035,-1.62715,-1.62416,-1.58813, -1.5511,-1.56325,-1.57621,-1.55332,-1.51954,-1.55332,-1.62416,-1.56325, -1.5511,-1.58813]
	PARPACK diagonalization completed after 180 matrix-vector product operations.
	iteration results: : total energy is -48.569668 | electron energy -48.573123 + phonon energy 0.003454 | electron momentum kIdx = 10
The 1-th iteration is completed.	|| time cost : 0h 6m 7.87s
********************************************************************************************************************
Start the 2 rounds of NGS-ED iteration
	effective electronic model is modified as: kinetic energy (tx,ty)=(0.901838, 0.901996)
	                                           effective interaction Vq = [ -1.9634,-1.89039,-1.86142,-1.89039,-1.88978,-1.85896,-1.82161,-1.85139,-1.85651,-1.82182,-1.88318,-1.82182,-1.88978,-1.85139,-1.82161,-1.85896]
	PARPACK diagonalization completed after 60 matrix-vector product operations.
	iteration results: : total energy is -53.156551 | electron energy -53.181321 + phonon energy 0.024770 | electron momentum kIdx = 10
The 2-th iteration is completed.	|| time cost : 0h 0m 27.923s
********************************************************************************************************************
Start the 3 rounds of NGS-ED iteration
	effective electronic model is modified as: kinetic energy (tx,ty)=(0.886015, 0.886072)
	                                           effective interaction Vq = [-1.99507,-1.94141,-1.91696,-1.94141,-1.94126,-1.91633,-1.88044,-1.91398,-1.91567,-1.88048,-1.95696,-1.88048,-1.94126,-1.91398,-1.88044,-1.91633]
	PARPACK diagonalization completed after 45 matrix-vector product operations.
	iteration results: : total energy is -53.752133 | electron energy -53.795418 + phonon energy 0.043284 | electron momentum kIdx = 10
The 3-th iteration is completed.	|| time cost : 0h 0m 24.524s
********************************************************************************************************************
Start the 4 rounds of NGS-ED iteration
	effective electronic model is modified as: kinetic energy (tx,ty)=(0.88073, 0.880749)
	                                           effective interaction Vq = [-1.99936,-1.95429,-1.93186,-1.95429,-1.95424,-1.93168,-1.89638,-1.93087,-1.93147,-1.89639, -1.9746,-1.89639,-1.95424,-1.93087,-1.89638,-1.93168]
	PARPACK diagonalization completed after 45 matrix-vector product operations.
	iteration results: : total energy is -53.828280 | electron energy -53.880086 + phonon energy 0.051806 | electron momentum kIdx = 10
The 4-th iteration is completed.	|| time cost : 0h 0m 24.526s
********************************************************************************************************************
Start the 5 rounds of NGS-ED iteration
	effective electronic model is modified as: kinetic energy (tx,ty)=(0.879003, 0.879009)
	                                           effective interaction Vq = [-1.99994,-1.95807,-1.93635,-1.95807,-1.95805, -1.9363,-1.90119,  -1.936,-1.93623,-1.90119,-1.97959,-1.90119,-1.95805,  -1.936,-1.90119, -1.9363]
	PARPACK diagonalization completed after 30 matrix-vector product operations.
	iteration results: : total energy is -53.837994 | electron energy -53.892975 + phonon energy 0.054981 | electron momentum kIdx = 10
The 5-th iteration is completed.	|| time cost : 0h 0m 20.729s
********************************************************************************************************************
Start the 6 rounds of NGS-ED iteration
	effective electronic model is modified as: kinetic energy (tx,ty)=(0.878441, 0.878443)
	                                           effective interaction Vq = [-2.00002,-1.95924,-1.93777,-1.95924,-1.95924,-1.93775,-1.90269,-1.93764,-1.93773,-1.90269,-1.98115,-1.90269,-1.95924,-1.93764,-1.90269,-1.93775]
	PARPACK diagonalization completed after 30 matrix-vector product operations.
	iteration results: : total energy is -53.839240 | electron energy -53.895313 + phonon energy 0.056074 | electron momentum kIdx = 10
The 6-th iteration is completed.	|| time cost : 0h 0m 20.677s
********************************************************************************************************************
Start the 7 rounds of NGS-ED iteration
	effective electronic model is modified as: kinetic energy t = 0.878258
	                                           effective interaction Vq = [-2.00003,-1.95962,-1.93822,-1.95962,-1.95962,-1.93822,-1.90316,-1.93818,-1.93821,-1.90317,-1.98166,-1.90317,-1.95962,-1.93818,-1.90316,-1.93822]
	PARPACK diagonalization completed after 30 matrix-vector product operations.
	iteration results: : total energy is -53.839392 | electron energy -53.895830 + phonon energy 0.056438 | electron momentum kIdx = 10
The 7-th iteration is completed.	|| time cost : 0h 0m 20.397s
********************************************************************************************************************
Start the 8 rounds of NGS-ED iteration
	effective electronic model is modified as: kinetic energy t = 0.878199
	                                           effective interaction Vq = [-2.00003,-1.95974,-1.93837,-1.95974,-1.95974,-1.93837,-1.90332,-1.93835,-1.93836,-1.90332,-1.98183,-1.90332,-1.95974,-1.93835,-1.90332,-1.93837]
	PARPACK diagonalization completed after 30 matrix-vector product operations.
	iteration results: : total energy is -53.839419 | electron energy -53.895977 + phonon energy 0.056558 | electron momentum kIdx = 10
	Nq(0) = 12.25,	Nq(1) = 0.384358,	Nq(2) = 0.587886,	Nq(3) = 0.384358,	Nq(4) = 0.384358,	Nq(5) = 0.587886,	Nq(6) = 0.658733,	Nq(7) = 0.587877,	Nq(8) = 0.587885,	Nq(9) = 0.658733,	Nq(10) = 2.276,	Nq(11) = 0.658733,	Nq(12) = 0.384358,	Nq(13) = 0.587877,	Nq(14) = 0.658733,	Nq(15) = 0.587886,	Sq(0) = 8.21816e-18,	Sq(1) = 0.29452,	Sq(2) = 0.336531,	Sq(3) = 0.29452,	Sq(4) = 0.29452,	Sq(5) = 0.336531,	Sq(6) = 0.506755,	Sq(7) = 0.336531,	Sq(8) = 0.336531,	Sq(9) = 0.506755,	Sq(10) = 0.550048,	Sq(11) = 0.506755,	Sq(12) = 0.29452,	Sq(13) = 0.336531,	Sq(14) = 0.506755,	Sq(15) = 0.336531,	N(0) = 1.99041,	N(1) = 1.97472,	N(2) = 0.671943,	N(3) = 1.97472,	N(4) = 1.97472,	N(5) = 0.671945,	N(6) = 0.0178516,	N(7) = 0.671932,	N(8) = 0.671946,	N(9) = 0.0178516,	N(10) = 0.00767166,	N(11) = 0.0178516,	N(12) = 1.97472,	N(13) = 0.671932,	N(14) = 0.0178516,	N(15) = 0.671945,	Delta[s](0) = 0.5391,	Delta[s](1) = 0.276953,	Delta[s](2) = 0.242901,	Delta[s](3) = 0.276953,	Delta[s](4) = 0.276954,	Delta[s](5) = 0.242901,	Delta[s](6) = 0.18882,	Delta[s](7) = 0.242901,	Delta[s](8) = 0.242901,	Delta[s](9) = 0.18882,	Delta[s](10) = 0.253235,	Delta[s](11) = 0.18882,	Delta[s](12) = 0.276954,	Delta[s](13) = 0.242901,	Delta[s](14) = 0.18882,	Delta[s](15) = 0.242901,	Delta[d](0) = 0.22903,	Delta[d](1) = 0.186917,	Delta[d](2) = 0.19161,	Delta[d](3) = 0.186917,	Delta[d](4) = 0.186917,	Delta[d](5) = 0.134029,	Delta[d](6) = 0.140383,	Delta[d](7) = 0.134029,	Delta[d](8) = 0.191611,	Delta[d](9) = 0.140383,	Delta[d](10) = 0.0395811,	Delta[d](11) = 0.140383,	Delta[d](12) = 0.186917,	Delta[d](13) = 0.134029,	Delta[d](14) = 0.140383,	Delta[d](15) = 0.134029,	Delta[s+](0) = 0.431402,	Delta[s+](1) = 0.325034,	Delta[s+](2) = 0.19161,	Delta[s+](3) = 0.325034,	Delta[s+](4) = 0.325034,	Delta[s+](5) = 0.191611,	Delta[s+](6) = 0.071132,	Delta[s+](7) = 0.191609,	Delta[s+](8) = 0.191611,	Delta[s+](9) = 0.071132,	Delta[s+](10) = 0.0190845,	Delta[s+](11) = 0.071132,	Delta[s+](12) = 0.325034,	Delta[s+](13) = 0.191609,	Delta[s+](14) = 0.071132,	Delta[s+](15) = 0.191611
The 8-th iteration is completed.	|| time cost : 0h 3m 22.906s
********************************************************************************************************************
********************************************************************************************************************
Ground state is obtained after 9 iterations. The current ground-state energy is -53.8394, in which electron energy is -53.896 and phonon energy is 0.0565578
final variational state is: 
	Gamma_x = [      1,1.01889, 1.0346,1.01889,1.01889, 1.0346, 1.0462, 1.0346, 1.0346, 1.0462,1.08145, 1.0462,1.01889, 1.0346, 1.0462, 1.0346]
	lambda_q = [0.447162,0.383771,0.368723,0.383771,0.383771,0.368723,0.348899,0.368719,0.368722,0.348899,0.404623,0.348899,0.383771,0.368719,0.348899,0.368723]
********************************************************************************************************************
o___o  ----------------------------------------
| L |	Time since last clock: 0h 0m 0.001s
A===A	Time since the beginning: 0h 18m 13.721s
***********************************************


********************************************************************************************************************
Warm up runs have been completed. Start calculating W = 5 phonon.
open output files: NGSEDIterationObs.txt
********************************************************************************************************************
Start the 0 rounds of NGS-ED iteration
	effective electronic model is modified as: kinetic energy t = 0.87818
	                                           effective interaction Vq = [-1.82835, -1.6908,-1.65224, -1.6908, -1.6908,-1.65224,-1.59799,-1.65223,-1.65224,-1.59799,-1.74048,-1.59799, -1.6908,-1.65223,-1.59799,-1.65224]
	PARPACK diagonalization completed after 30 matrix-vector product operations.
	iteration results: : total energy is -49.047295 | electron energy -49.075593 + phonon energy 0.028299 | electron momentum kIdx = 10
	Nq(0) = 12.25,	Nq(1) = 0.379972,	Nq(2) = 0.567236,	Nq(3) = 0.379972,	Nq(4) = 0.379971,	Nq(5) = 0.567236,	Nq(6) = 0.628925,	Nq(7) = 0.56723,	Nq(8) = 0.567235,	Nq(9) = 0.628925,	Nq(10) = 2.09718,	Nq(11) = 0.628925,	Nq(12) = 0.379971,	Nq(13) = 0.56723,	Nq(14) = 0.628925,	Nq(15) = 0.567236,	Sq(0) = -3.53335e-18,	Sq(1) = 0.324227,	Sq(2) = 0.353721,	Sq(3) = 0.324227,	Sq(4) = 0.324227,	Sq(5) = 0.353721,	Sq(6) = 0.55256,	Sq(7) = 0.353721,	Sq(8) = 0.353721,	Sq(9) = 0.55256,	Sq(10) = 0.584351,	Sq(11) = 0.55256,	Sq(12) = 0.324227,	Sq(13) = 0.353721,	Sq(14) = 0.55256,	Sq(15) = 0.353721,	N(0) = 1.9968,	N(1) = 1.99046,	N(2) = 0.668217,	N(3) = 1.99046,	N(4) = 1.99046,	N(5) = 0.668218,	N(6) = 0.00735528,	N(7) = 0.668205,	N(8) = 0.668219,	N(9) = 0.00735528,	N(10) = 0.0026497,	N(11) = 0.00735528,	N(12) = 1.99046,	N(13) = 0.668205,	N(14) = 0.00735528,	N(15) = 0.668218,	Delta[s](0) = 0.46261,	Delta[s](1) = 0.260818,	Delta[s](2) = 0.23257,	Delta[s](3) = 0.260818,	Delta[s](4) = 0.260818,	Delta[s](5) = 0.23257,	Delta[s](6) = 0.18619,	Delta[s](7) = 0.23257,	Delta[s](8) = 0.23257,	Delta[s](9) = 0.18619,	Delta[s](10) = 0.247026,	Delta[s](11) = 0.18619,	Delta[s](12) = 0.260818,	Delta[s](13) = 0.23257,	Delta[s](14) = 0.18619,	Delta[s](15) = 0.23257,	Delta[d](0) = 0.233206,	Delta[d](1) = 0.194793,	Delta[d](2) = 0.201412,	Delta[d](3) = 0.194793,	Delta[d](4) = 0.194793,	Delta[d](5) = 0.138925,	Delta[d](6) = 0.147755,	Delta[d](7) = 0.138925,	Delta[d](8) = 0.201412,	Delta[d](9) = 0.147755,	Delta[d](10) = 0.0448042,	Delta[d](11) = 0.147755,	Delta[d](12) = 0.194793,	Delta[d](13) = 0.138925,	Delta[d](14) = 0.147755,	Delta[d](15) = 0.138925,	Delta[s+](0) = 0.455213,	Delta[s+](1) = 0.341219,	Delta[s+](2) = 0.201412,	Delta[s+](3) = 0.341219,	Delta[s+](4) = 0.341219,	Delta[s+](5) = 0.201412,	Delta[s+](6) = 0.0771105,	Delta[s+](7) = 0.201411,	Delta[s+](8) = 0.201412,	Delta[s+](9) = 0.0771105,	Delta[s+](10) = 0.021821,	Delta[s+](11) = 0.0771105,	Delta[s+](12) = 0.341219,	Delta[s+](13) = 0.201411,	Delta[s+](14) = 0.0771105,	Delta[s+](15) = 0.201412
The 0-th iteration is completed.	|| time cost : 0h 3m 12.375s
********************************************************************************************************************
Start the 1 rounds of NGS-ED iteration
	effective electronic model is modified as: kinetic energy t = 0.857608
	                                           effective interaction Vq = [-1.93687, -1.7934,-1.74632, -1.7934, -1.7934,-1.74632,-1.67811,-1.74632,-1.74632,-1.67811,-1.85321,-1.67811, -1.7934,-1.74632,-1.67811,-1.74632]
	PARPACK diagonalization completed after 30 matrix-vector product operations.
	iteration results: : total energy is -50.751725 | electron energy -50.840411 + phonon energy 0.088686 | electron momentum kIdx = 10
The 1-th iteration is completed.	|| time cost : 0h 0m 20.431s
********************************************************************************************************************
Start the 2 rounds of NGS-ED iteration
	effective electronic model is modified as: kinetic energy t = 0.845496
	                                           effective interaction Vq = [-1.97679,-1.84094,-1.79312,-1.84094,-1.84094,-1.79312,-1.71876,-1.79311,-1.79312,-1.71876,-1.90781,-1.71876,-1.84094,-1.79311,-1.71876,-1.79312]
	PARPACK diagonalization completed after 30 matrix-vector product operations.
	iteration results: : total energy is -51.368033 | electron energy -51.504074 + phonon energy 0.136041 | electron momentum kIdx = 10
The 2-th iteration is completed.	|| time cost : 0h 0m 20.429s
********************************************************************************************************************
Start the 3 rounds of NGS-ED iteration
	effective electronic model is modified as: kinetic energy t = 0.838589
	                                           effective interaction Vq = [-1.99148,-1.86425,-1.81732,-1.86425,-1.86425,-1.81732,-1.73991,-1.81732,-1.81732,-1.73991,-1.93446,-1.73991,-1.86425,-1.81732,-1.73991,-1.81732]
	PARPACK diagonalization completed after 30 matrix-vector product operations.
	iteration results: : total energy is -51.589618 | electron energy -51.756305 + phonon energy 0.166688 | electron momentum kIdx = 10
The 3-th iteration is completed.	|| time cost : 0h 0m 20.344s
********************************************************************************************************************
Start the 4 rounds of NGS-ED iteration
	effective electronic model is modified as: kinetic energy t = 0.834714
	                                           effective interaction Vq = [-1.99688,-1.87617,-1.83021,-1.87617,-1.87617,-1.83021,-1.75114,-1.83021,-1.83021,-1.75114,-1.94783,-1.75114,-1.87617,-1.83021,-1.75114,-1.83021]
	PARPACK diagonalization completed after 30 matrix-vector product operations.
	iteration results: : total energy is -51.669084 | electron energy -51.854196 + phonon energy 0.185112 | electron momentum kIdx = 10
The 4-th iteration is completed.	|| time cost : 0h 0m 20.36s
********************************************************************************************************************
Start the 5 rounds of NGS-ED iteration
	effective electronic model is modified as: kinetic energy t = 0.832556
	                                           effective interaction Vq = [-1.99887,-1.88244, -1.8372,-1.88244,-1.88244, -1.8372,-1.75719, -1.8372, -1.8372,-1.75719,-1.95473,-1.75719,-1.88244, -1.8372,-1.75719, -1.8372]
	PARPACK diagonalization completed after 30 matrix-vector product operations.
	iteration results: : total energy is -51.697588 | electron energy -51.893379 + phonon energy 0.195791 | electron momentum kIdx = 10
The 5-th iteration is completed.	|| time cost : 0h 0m 20.39s
********************************************************************************************************************
Start the 6 rounds of NGS-ED iteration
	effective electronic model is modified as: kinetic energy t = 0.83136
	                                           effective interaction Vq = [ -1.9996,-1.88579,-1.84104,-1.88579,-1.88579,-1.84104,-1.76047,-1.84104,-1.84104,-1.76047,-1.95839,-1.76047,-1.88579,-1.84104,-1.76047,-1.84104]
	PARPACK diagonalization completed after 30 matrix-vector product operations.
	iteration results: : total energy is -51.707831 | electron energy -51.909687 + phonon energy 0.201856 | electron momentum kIdx = 10
The 6-th iteration is completed.	|| time cost : 0h 0m 21.4s
********************************************************************************************************************
Start the 7 rounds of NGS-ED iteration
	effective electronic model is modified as: kinetic energy t = 0.830698
	                                           effective interaction Vq = [-1.99987, -1.8876,-1.84316, -1.8876, -1.8876,-1.84316,-1.76227,-1.84316,-1.84316,-1.76227,-1.96035,-1.76227, -1.8876,-1.84316,-1.76227,-1.84316]
	PARPACK diagonalization completed after 30 matrix-vector product operations.
	iteration results: : total energy is -51.711522 | electron energy -51.916782 + phonon energy 0.205260 | electron momentum kIdx = 10
The 7-th iteration is completed.	|| time cost : 0h 0m 20.74s
********************************************************************************************************************
Start the 8 rounds of NGS-ED iteration
	effective electronic model is modified as: kinetic energy t = 0.830332
	                                           effective interaction Vq = [-1.99997,-1.88858,-1.84433,-1.88858,-1.88858,-1.84433,-1.76324,-1.84433,-1.84433,-1.76324,-1.96142,-1.76324,-1.88858,-1.84433,-1.76324,-1.84433]
	PARPACK diagonalization completed after 30 matrix-vector product operations.
	iteration results: : total energy is -51.712855 | electron energy -51.920012 + phonon energy 0.207157 | electron momentum kIdx = 10
The 8-th iteration is completed.	|| time cost : 0h 0m 20.609s
********************************************************************************************************************
Start the 9 rounds of NGS-ED iteration
	effective electronic model is modified as: kinetic energy t = 0.83013
	                                           effective interaction Vq = [-2.00001,-1.88912,-1.84499,-1.88912,-1.88912,-1.84499,-1.76378,-1.84499,-1.84499,-1.76378,-1.96201,-1.76378,-1.88912,-1.84499,-1.76378,-1.84499]
	PARPACK diagonalization completed after 30 matrix-vector product operations.
	iteration results: : total energy is -51.713338 | electron energy -51.921549 + phonon energy 0.208211 | electron momentum kIdx = 10
The 9-th iteration is completed.	|| time cost : 0h 0m 20.413s
********************************************************************************************************************
Start the 10 rounds of NGS-ED iteration
	effective electronic model is modified as: kinetic energy t = 0.830018
	                                           effective interaction Vq = [-2.00002,-1.88941,-1.84535,-1.88941,-1.88941,-1.84535,-1.76407,-1.84535,-1.84535,-1.76407,-1.96233,-1.76407,-1.88941,-1.84535,-1.76407,-1.84535]
	PARPACK diagonalization completed after 30 matrix-vector product operations.
	iteration results: : total energy is -51.713514 | electron energy -51.922308 + phonon energy 0.208794 | electron momentum kIdx = 10
	Nq(0) = 12.25,	Nq(1) = 0.377479,	Nq(2) = 0.579692,	Nq(3) = 0.377479,	Nq(4) = 0.377479,	Nq(5) = 0.579692,	Nq(6) = 0.627091,	Nq(7) = 0.579692,	Nq(8) = 0.579692,	Nq(9) = 0.627091,	Nq(10) = 2.45663,	Nq(11) = 0.627091,	Nq(12) = 0.377479,	Nq(13) = 0.579692,	Nq(14) = 0.627091,	Nq(15) = 0.579692,	Sq(0) = -1.2202e-17,	Sq(1) = 0.294708,	Sq(2) = 0.33739,	Sq(3) = 0.294708,	Sq(4) = 0.294708,	Sq(5) = 0.33739,	Sq(6) = 0.510005,	Sq(7) = 0.33739,	Sq(8) = 0.33739,	Sq(9) = 0.510005,	Sq(10) = 0.553747,	Sq(11) = 0.510005,	Sq(12) = 0.294708,	Sq(13) = 0.33739,	Sq(14) = 0.510005,	Sq(15) = 0.33739,	N(0) = 1.99126,	N(1) = 1.97446,	N(2) = 0.671001,	N(3) = 1.97446,	N(4) = 1.97446,	N(5) = 0.671001,	N(6) = 0.0194414,	N(7) = 0.671001,	N(8) = 0.671001,	N(9) = 0.0194414,	N(10) = 0.00711629,	N(11) = 0.0194414,	N(12) = 1.97446,	N(13) = 0.671001,	N(14) = 0.0194414,	N(15) = 0.671001,	Delta[s](0) = 0.469947,	Delta[s](1) = 0.273284,	Delta[s](2) = 0.244741,	Delta[s](3) = 0.273284,	Delta[s](4) = 0.273284,	Delta[s](5) = 0.244741,	Delta[s](6) = 0.203895,	Delta[s](7) = 0.244741,	Delta[s](8) = 0.244741,	Delta[s](9) = 0.203895,	Delta[s](10) = 0.254422,	Delta[s](11) = 0.203895,	Delta[s](12) = 0.273284,	Delta[s](13) = 0.244741,	Delta[s](14) = 0.203895,	Delta[s](15) = 0.244741,	Delta[d](0) = 0.230293,	Delta[d](1) = 0.190069,	Delta[d](2) = 0.198318,	Delta[d](3) = 0.190069,	Delta[d](4) = 0.190069,	Delta[d](5) = 0.141741,	Delta[d](6) = 0.145852,	Delta[d](7) = 0.141741,	Delta[d](8) = 0.198318,	Delta[d](9) = 0.145852,	Delta[d](10) = 0.0535841,	Delta[d](11) = 0.145852,	Delta[d](12) = 0.190069,	Delta[d](13) = 0.141741,	Delta[d](14) = 0.145852,	Delta[d](15) = 0.141741,	Delta[s+](0) = 0.441851,	Delta[s+](1) = 0.331489,	Delta[s+](2) = 0.198318,	Delta[s+](3) = 0.331489,	Delta[s+](4) = 0.331489,	Delta[s+](5) = 0.198318,	Delta[s+](6) = 0.0787276,	Delta[s+](7) = 0.198318,	Delta[s+](8) = 0.198318,	Delta[s+](9) = 0.0787276,	Delta[s+](10) = 0.0261085,	Delta[s+](11) = 0.0787276,	Delta[s+](12) = 0.331489,	Delta[s+](13) = 0.198318,	Delta[s+](14) = 0.0787276,	Delta[s+](15) = 0.198318
The 10-th iteration is completed.	|| time cost : 0h 3m 31.971s
********************************************************************************************************************
Start the 11 rounds of NGS-ED iteration
	effective electronic model is modified as: kinetic energy t = 0.829957
	                                           effective interaction Vq = [-2.00003,-1.88957,-1.84555,-1.88957,-1.88957,-1.84555,-1.76423,-1.84555,-1.84555,-1.76423, -1.9625,-1.76423,-1.88957,-1.84555,-1.76423,-1.84555]
	PARPACK diagonalization completed after 30 matrix-vector product operations.
	iteration results: : total energy is -51.713577 | electron energy -51.922694 + phonon energy 0.209117 | electron momentum kIdx = 10
The 11-th iteration is completed.	|| time cost : 0h 0m 20.594s
********************************************************************************************************************
Start the 12 rounds of NGS-ED iteration
	effective electronic model is modified as: kinetic energy t = 0.829922
	                                           effective interaction Vq = [-2.00003,-1.88966,-1.84567,-1.88966,-1.88966,-1.84567,-1.76432,-1.84567,-1.84567,-1.76432, -1.9626,-1.76432,-1.88966,-1.84567,-1.76432,-1.84567]
	PARPACK diagonalization completed after 30 matrix-vector product operations.
	iteration results: : total energy is -51.713601 | electron energy -51.922896 + phonon energy 0.209295 | electron momentum kIdx = 10
The 12-th iteration is completed.	|| time cost : 0h 0m 20.347s
********************************************************************************************************************
Start the 13 rounds of NGS-ED iteration
	effective electronic model is modified as: kinetic energy t = 0.829904
	                                           effective interaction Vq = [-2.00003, -1.8897,-1.84573, -1.8897, -1.8897,-1.84573,-1.76437,-1.84573,-1.84573,-1.76437,-1.96265,-1.76437, -1.8897,-1.84573,-1.76437,-1.84573]
	PARPACK diagonalization completed after 30 matrix-vector product operations.
	iteration results: : total energy is -51.713609 | electron energy -51.923003 + phonon energy 0.209394 | electron momentum kIdx = 10
The 13-th iteration is completed.	|| time cost : 0h 0m 20.396s
********************************************************************************************************************
Start the 14 rounds of NGS-ED iteration
	effective electronic model is modified as: kinetic energy t = 0.829893
	                                           effective interaction Vq = [-2.00003,-1.88973,-1.84576,-1.88973,-1.88973,-1.84576, -1.7644,-1.84576,-1.84576, -1.7644,-1.96268, -1.7644,-1.88973,-1.84576, -1.7644,-1.84576]
	PARPACK diagonalization completed after 30 matrix-vector product operations.
	iteration results: : total energy is -51.713612 | electron energy -51.923060 + phonon energy 0.209448 | electron momentum kIdx = 10
The 14-th iteration is completed.	|| time cost : 0h 0m 20.374s
********************************************************************************************************************
Start the 15 rounds of NGS-ED iteration
	effective electronic model is modified as: kinetic energy t = 0.829888
	                                           effective interaction Vq = [-2.00003,-1.88974,-1.84578,-1.88974,-1.88974,-1.84578,-1.76441,-1.84578,-1.84578,-1.76441, -1.9627,-1.76441,-1.88974,-1.84578,-1.76441,-1.84578]
	PARPACK diagonalization completed after 30 matrix-vector product operations.
	iteration results: : total energy is -51.713613 | electron energy -51.923091 + phonon energy 0.209478 | electron momentum kIdx = 10
The 15-th iteration is completed.	|| time cost : 0h 0m 20.398s
********************************************************************************************************************
Start the 16 rounds of NGS-ED iteration
	effective electronic model is modified as: kinetic energy t = 0.829884
	                                           effective interaction Vq = [-2.00003,-1.88975,-1.84579,-1.88975,-1.88975,-1.84579,-1.76442,-1.84579,-1.84579,-1.76442,-1.96271,-1.76442,-1.88975,-1.84579,-1.76442,-1.84579]
	PARPACK diagonalization completed after 30 matrix-vector product operations.
	iteration results: : total energy is -51.713614 | electron energy -51.923108 + phonon energy 0.209495 | electron momentum kIdx = 10
The 16-th iteration is completed.	|| time cost : 0h 0m 20.623s
********************************************************************************************************************
Start the 17 rounds of NGS-ED iteration
	effective electronic model is modified as: kinetic energy t = 0.829883
	                                           effective interaction Vq = [-2.00003,-1.88975, -1.8458,-1.88975,-1.88975, -1.8458,-1.76442, -1.8458, -1.8458,-1.76442,-1.96271,-1.76442,-1.88975, -1.8458,-1.76442, -1.8458]
	PARPACK diagonalization completed after 30 matrix-vector product operations.
	iteration results: : total energy is -51.713614 | electron energy -51.923118 + phonon energy 0.209504 | electron momentum kIdx = 10
The 17-th iteration is completed.	|| time cost : 0h 0m 20.601s
********************************************************************************************************************
Start the 18 rounds of NGS-ED iteration
	effective electronic model is modified as: kinetic energy t = 0.829882
	                                           effective interaction Vq = [-2.00003,-1.88976, -1.8458,-1.88976,-1.88976, -1.8458,-1.76443, -1.8458, -1.8458,-1.76443,-1.96272,-1.76443,-1.88976, -1.8458,-1.76443, -1.8458]
	PARPACK diagonalization completed after 30 matrix-vector product operations.
	iteration results: : total energy is -51.713614 | electron energy -51.923123 + phonon energy 0.209509 | electron momentum kIdx = 10
The 18-th iteration is completed.	|| time cost : 0h 0m 20.624s
********************************************************************************************************************
Start the 19 rounds of NGS-ED iteration
	effective electronic model is modified as: kinetic energy t = 0.829881
	                                           effective interaction Vq = [-2.00003,-1.88976,-1.84581,-1.88976,-1.88976,-1.84581,-1.76443,-1.84581,-1.84581,-1.76443,-1.96272,-1.76443,-1.88976,-1.84581,-1.76443,-1.84581]
	PARPACK diagonalization completed after 30 matrix-vector product operations.
	iteration results: : total energy is -51.713614 | electron energy -51.923126 + phonon energy 0.209512 | electron momentum kIdx = 10
The 19-th iteration is completed.	|| time cost : 0h 0m 20.609s
********************************************************************************************************************
Start the 20 rounds of NGS-ED iteration
	effective electronic model is modified as: kinetic energy t = 0.829881
	                                           effective interaction Vq = [-2.00003,-1.88976,-1.84581,-1.88976,-1.88976,-1.84581,-1.76443,-1.84581,-1.84581,-1.76443,-1.96272,-1.76443,-1.88976,-1.84581,-1.76443,-1.84581]
	PARPACK diagonalization completed after 30 matrix-vector product operations.
	iteration results: : total energy is -51.713614 | electron energy -51.923127 + phonon energy 0.209513 | electron momentum kIdx = 10
	Nq(0) = 12.25,	Nq(1) = 0.377465,	Nq(2) = 0.579734,	Nq(3) = 0.377465,	Nq(4) = 0.377465,	Nq(5) = 0.579734,	Nq(6) = 0.627091,	Nq(7) = 0.579734,	Nq(8) = 0.579734,	Nq(9) = 0.627091,	Nq(10) = 2.45735,	Nq(11) = 0.627091,	Nq(12) = 0.377465,	Nq(13) = 0.579734,	Nq(14) = 0.627091,	Nq(15) = 0.579734,	Sq(0) = -5.04703e-18,	Sq(1) = 0.294646,	Sq(2) = 0.337352,	Sq(3) = 0.294646,	Sq(4) = 0.294646,	Sq(5) = 0.337352,	Sq(6) = 0.509913,	Sq(7) = 0.337352,	Sq(8) = 0.337352,	Sq(9) = 0.509913,	Sq(10) = 0.553674,	Sq(11) = 0.509913,	Sq(12) = 0.294646,	Sq(13) = 0.337352,	Sq(14) = 0.509913,	Sq(15) = 0.337352,	N(0) = 1.99124,	N(1) = 1.97442,	N(2) = 0.671009,	N(3) = 1.97442,	N(4) = 1.97442,	N(5) = 0.671009,	N(6) = 0.0194731,	N(7) = 0.671009,	N(8) = 0.671009,	N(9) = 0.0194731,	N(10) = 0.00712812,	N(11) = 0.0194731,	N(12) = 1.97442,	N(13) = 0.671009,	N(14) = 0.0194731,	N(15) = 0.671009,	Delta[s](0) = 0.469948,	Delta[s](1) = 0.27331,	Delta[s](2) = 0.244769,	Delta[s](3) = 0.27331,	Delta[s](4) = 0.27331,	Delta[s](5) = 0.244769,	Delta[s](6) = 0.203937,	Delta[s](7) = 0.244769,	Delta[s](8) = 0.244769,	Delta[s](9) = 0.203937,	Delta[s](10) = 0.254441,	Delta[s](11) = 0.203937,	Delta[s](12) = 0.27331,	Delta[s](13) = 0.244769,	Delta[s](14) = 0.203937,	Delta[s](15) = 0.244769,	Delta[d](0) = 0.23032,	Delta[d](1) = 0.19009,	Delta[d](2) = 0.198343,	Delta[d](3) = 0.19009,	Delta[d](4) = 0.19009,	Delta[d](5) = 0.14177,	Delta[d](6) = 0.145873,	Delta[d](7) = 0.14177,	Delta[d](8) = 0.198343,	Delta[d](9) = 0.145873,	Delta[d](10) = 0.0536159,	Delta[d](11) = 0.145873,	Delta[d](12) = 0.19009,	Delta[d](13) = 0.14177,	Delta[d](14) = 0.145873,	Delta[d](15) = 0.14177,	Delta[s+](0) = 0.441884,	Delta[s+](1) = 0.331516,	Delta[s+](2) = 0.198343,	Delta[s+](3) = 0.331516,	Delta[s+](4) = 0.331516,	Delta[s+](5) = 0.198343,	Delta[s+](6) = 0.0787464,	Delta[s+](7) = 0.198343,	Delta[s+](8) = 0.198343,	Delta[s+](9) = 0.0787464,	Delta[s+](10) = 0.0261245,	Delta[s+](11) = 0.0787464,	Delta[s+](12) = 0.331516,	Delta[s+](13) = 0.198343,	Delta[s+](14) = 0.0787464,	Delta[s+](15) = 0.198343
The 20-th iteration is completed.	|| time cost : 0h 3m 12.99s
********************************************************************************************************************
Start the 21 rounds of NGS-ED iteration
	effective electronic model is modified as: kinetic energy t = 0.829881
	                                           effective interaction Vq = [-2.00003,-1.88976,-1.84581,-1.88976,-1.88976,-1.84581,-1.76443,-1.84581,-1.84581,-1.76443,-1.96272,-1.76443,-1.88976,-1.84581,-1.76443,-1.84581]
	PARPACK diagonalization completed after 30 matrix-vector product operations.
	iteration results: : total energy is -51.713614 | electron energy -51.923128 + phonon energy 0.209514 | electron momentum kIdx = 10
The 21-th iteration is completed.	|| time cost : 0h 0m 20.382s
********************************************************************************************************************
Start the 22 rounds of NGS-ED iteration
	effective electronic model is modified as: kinetic energy t = 0.829881
	                                           effective interaction Vq = [-2.00003,-1.88976,-1.84581,-1.88976,-1.88976,-1.84581,-1.76443,-1.84581,-1.84581,-1.76443,-1.96272,-1.76443,-1.88976,-1.84581,-1.76443,-1.84581]
	PARPACK diagonalization completed after 30 matrix-vector product operations.
	iteration results: : total energy is -51.713614 | electron energy -51.923128 + phonon energy 0.209515 | electron momentum kIdx = 10
The 22-th iteration is completed.	|| time cost : 0h 0m 20.605s
********************************************************************************************************************
Start the 23 rounds of NGS-ED iteration
	effective electronic model is modified as: kinetic energy t = 0.829881
	                                           effective interaction Vq = [-2.00003,-1.88976,-1.84581,-1.88976,-1.88976,-1.84581,-1.76443,-1.84581,-1.84581,-1.76443,-1.96272,-1.76443,-1.88976,-1.84581,-1.76443,-1.84581]
	PARPACK diagonalization completed after 30 matrix-vector product operations.
	iteration results: : total energy is -51.713614 | electron energy -51.923129 + phonon energy 0.209515 | electron momentum kIdx = 10
The 23-th iteration is completed.	|| time cost : 0h 0m 20.606s
********************************************************************************************************************
Start the 24 rounds of NGS-ED iteration
	effective electronic model is modified as: kinetic energy t = 0.829881
	                                           effective interaction Vq = [-2.00003,-1.88976,-1.84581,-1.88976,-1.88976,-1.84581,-1.76443,-1.84581,-1.84581,-1.76443,-1.96272,-1.76443,-1.88976,-1.84581,-1.76443,-1.84581]
	PARPACK diagonalization completed after 30 matrix-vector product operations.
	iteration results: : total energy is -51.713614 | electron energy -51.923129 + phonon energy 0.209515 | electron momentum kIdx = 10
