SNEDics v3.22.2 Non-Gaussian ED ground state program		Start at Thu Feb  3 04:39:38 2022

Parallelization: 32 MPI threads  * 8 OpenMP threads = 256 total threads.
********************************************************************************************************************
********************************************************************************************************************

********************************************************************************************************************
System parameters and configurations
	special program options are enabled: splitted diagonal Hamiltonian | splitted Hamiltonian terms
********************************************************************************************************************
Read input file "model_params.in"
	Hubbard-Holstein model parameters : 	t = 1    t' = -0.1    U = 8    g = 1    W = 1    
********************************************************************************************************************
Read input file "hilbertspace_params.in"
	Requested 16-site 2D lattice, with 12 electrons (6, 6)
	Boundary : Periodic		Hilbert space representation : momentum-space (restricted to kIdx = 0)
	Conservation: particle number[U(1)]      spin[U(1)]     momentum
********************************************************************************************************************

Cluster Positions:				Cluster symmetry group : D4
 x ... x ... x ... x .....                       x ... x ... x ... x .....
 |           |           :                       |           |           :
 |           |           :                       |           |           :
12    13    14    15     x                       1     5     6     5     x
 |           |           :                       |           |           :
 |           |           :                       |           |           :
 8 --- 9 ---10 ---11 --- x                       2 --- 6 ---10 --- 6 --- x
 |           |           :                       |           |           :
 |           |           :                       |           |           :
 4     5     6     7     x                       1     5     6     5     x
 |           |           :                       |           |           :
 |           |           :                       |           |           :
 0 --- 1 --- 2 --- 3 --- x                       0 --- 1 --- 2 --- 1 --- x
orbital number : 1
********************************************************************************************************************
Read input file "obs_params.in"
	Observable Type : Nq(All),   Sq(All),   N(All-Orbital),   Delta[s](All),   Delta[d](All),   Delta[s+](All)
** WARNING ** the input observables have non-local factors which have been reinterpreted. The total observable number is 96
********************************************************************************************************************


********************************************************************************************************************
Start calculating the non-Gaussian ED ground state
Maximal iteration number is 1000; energy resolution is 1e-06. Phonon state relaxation time is 2000
W = 1 is relatively large. The non-Gaussian ED calculation starts directly.
open output files: NGSED_iteration_observables.txt
********************************************************************************************************************
Start the 0 rounds of NGS-ED iteration
	effective electronic model is modified as: kinetic energy t = 1, t' = -0.1
	                                           effective interaction Vq = [0,0,0,0,0,0,0,0,0,0,0,0,0,0,0,0]
	first Hamiltonian is constructed, size = 4008592 and non-zero numbers = 969952250
	PARPACK diagonalization completed after 135 matrix-vector product operations.
	iteration results: : total energy is -14.906067 | electron energy -14.906067 + phonon energy 0.000000 | electron momentum kIdx = 0
	Nq(0) = 9,	Nq(1) = 0.190086,	Nq(2) = 0.251644,	Nq(3) = 0.190086,	Nq(4) = 0.190086,	Nq(5) = 0.266572,	
	Nq(6) = 0.309783,	Nq(7) = 0.266572,	Nq(8) = 0.251644,	Nq(9) = 0.309783,	Nq(10) = 0.3599,	
	Nq(11) = 0.309783,	Nq(12) = 0.190086,	Nq(13) = 0.266572,	Nq(14) = 0.309783,	Nq(15) = 0.266572;	
	Sq(0) = 5.70805e-18,	Sq(1) = 0.529894,	Sq(2) = 0.442775,	Sq(3) = 0.529894,	Sq(4) = 0.529894,	
	Sq(5) = 0.685332,	Sq(6) = 0.996153,	Sq(7) = 0.685332,	Sq(8) = 0.442775,	Sq(9) = 0.996153,	
	Sq(10) = 1.33998,	Sq(11) = 0.996153,	Sq(12) = 0.529894,	Sq(13) = 0.685332,	Sq(14) = 0.996153,	
	Sq(15) = 0.685332;	N(0) = 1.76585,	N(1) = 1.63678,	N(2) = 1.00104,	N(3) = 1.63678,	
	N(4) = 1.63678,	N(5) = 0.244754,	N(6) = 0.153753,	N(7) = 0.244754,	N(8) = 1.00104,	
	N(9) = 0.153753,	N(10) = 0.0909507,	N(11) = 0.153753,	N(12) = 1.63678,	N(13) = 0.244754,	
	N(14) = 0.153753,	N(15) = 0.244754;	Delta[s](0) = 0.0621896,	Delta[s](1) = 0.043387,	Delta[s](2) = 0.0341246,	
	Delta[s](3) = 0.043387,	Delta[s](4) = 0.043387,	Delta[s](5) = 0.026436,	Delta[s](6) = 0.0127718,	Delta[s](7) = 0.026436,	
	Delta[s](8) = 0.0341246,	Delta[s](9) = 0.0127718,	Delta[s](10) = 0.00365809,	Delta[s](11) = 0.0127718,	Delta[s](12) = 0.043387,	
	Delta[s](13) = 0.026436,	Delta[s](14) = 0.0127718,	Delta[s](15) = 0.026436;	Delta[d](0) = 0.499276,	Delta[d](1) = 0.248632,	
	Delta[d](2) = 0.264099,	Delta[d](3) = 0.248632,	Delta[d](4) = 0.248632,	Delta[d](5) = 0.142773,	Delta[d](6) = 0.15431,	
	Delta[d](7) = 0.142773,	Delta[d](8) = 0.264099,	Delta[d](9) = 0.15431,	Delta[d](10) = 0.0929008,	Delta[d](11) = 0.15431,	
	Delta[d](12) = 0.248632,	Delta[d](13) = 0.142773,	Delta[d](14) = 0.15431,	Delta[d](15) = 0.142773;	Delta[s+](0) = 0.528641,	
	Delta[s+](1) = 0.36169,	Delta[s+](2) = 0.264099,	Delta[s+](3) = 0.36169,	Delta[s+](4) = 0.36169,	Delta[s+](5) = 0.16339,	
	Delta[s+](6) = 0.0689946,	Delta[s+](7) = 0.16339,	Delta[s+](8) = 0.264099,	Delta[s+](9) = 0.0689946,	Delta[s+](10) = 0.0179879,	
	Delta[s+](11) = 0.0689946,	Delta[s+](12) = 0.36169,	Delta[s+](13) = 0.16339,	Delta[s+](14) = 0.0689946,	Delta[s+](15) = 0.16339
	
The 0-th iteration is completed.	|| time cost : 0h 2m 1.521s
********************************************************************************************************************
Start the 1 rounds of NGS-ED iteration
	effective electronic model is modified as: kinetic energy t = 0.96617, t' = -0.0959572
	                                           effective interaction Vq = [       -1,-0.461728,-0.351078,-0.461728,-0.461728, -0.36871,-0.305987, -0.36871,-0.351078,-0.305987,-0.276798,-0.305987,-0.461728, -0.36871,-0.305987, -0.36871]
	PARPACK diagonalization completed after 60 matrix-vector product operations.
	iteration results: : total energy is -24.659654 | electron energy -24.685329 + phonon energy 0.025675 | electron momentum kIdx = 0
The 1-th iteration is completed.	|| time cost : 0h 1m 20.074s
********************************************************************************************************************
Start the 2 rounds of NGS-ED iteration
	effective electronic model is modified as: kinetic energy t = 0.965875, t' = -0.0959084
	                                           effective interaction Vq = [       -1, -0.46821,-0.349156, -0.46821, -0.46821,-0.371254,-0.306179,-0.371254,-0.349156,-0.306179,-0.276362,-0.306179, -0.46821,-0.371254,-0.306179,-0.371254]
	PARPACK diagonalization completed after 45 matrix-vector product operations.
	iteration results: : total energy is -24.659729 | electron energy -24.686730 + phonon energy 0.027001 | electron momentum kIdx = 0
The 2-th iteration is completed.	|| time cost : 0h 0m 11.586s
********************************************************************************************************************
Start the 3 rounds of NGS-ED iteration
	effective electronic model is modified as: kinetic energy t = 0.965872, t' = -0.0959074
	                                           effective interaction Vq = [       -1,-0.468452,-0.348985,-0.468452,-0.468452,-0.371295, -0.30613,-0.371295,-0.348985, -0.30613,-0.276299, -0.30613,-0.468452,-0.371295, -0.30613,-0.371295]
	PARPACK diagonalization completed after 30 matrix-vector product operations.
	iteration results: : total energy is -24.659729 | electron energy -24.686737 + phonon energy 0.027008 | electron momentum kIdx = 0
The 3-th iteration is completed.	|| time cost : 0h 0m 9.641s
********************************************************************************************************************
Start the 4 rounds of NGS-ED iteration
	effective electronic model is modified as: kinetic energy t = 0.965872, t' = -0.0959074
	                                           effective interaction Vq = [       -1,-0.468464,-0.348976,-0.468464,-0.468464,-0.371297,-0.306127,-0.371297,-0.348976,-0.306127,-0.276296,-0.306127,-0.468464,-0.371297,-0.306127,-0.371297]
	PARPACK diagonalization completed after 30 matrix-vector product operations.
	iteration results: : total energy is -24.659729 | electron energy -24.686737 + phonon energy 0.027008 | electron momentum kIdx = 0
The 4-th iteration is completed.	|| time cost : 0h 0m 9.634s
********************************************************************************************************************
Start the 5 rounds of NGS-ED iteration
	effective electronic model is modified as: kinetic energy t = 0.965872, t' = -0.0959074
	                                           effective interaction Vq = [       -1,-0.468464,-0.348976,-0.468464,-0.468464,-0.371297,-0.306127,-0.371297,-0.348976,-0.306127,-0.276296,-0.306127,-0.468464,-0.371297,-0.306127,-0.371297]
	PARPACK diagonalization completed after 30 matrix-vector product operations.
	iteration results: : total energy is -24.659729 | electron energy -24.686737 + phonon energy 0.027008 | electron momentum kIdx = 0
	Nq(0) = 9,	Nq(1) = 0.197131,	Nq(2) = 0.253658,	Nq(3) = 0.197131,	Nq(4) = 0.197131,	Nq(5) = 0.273114,	
	Nq(6) = 0.314856,	Nq(7) = 0.273114,	Nq(8) = 0.253658,	Nq(9) = 0.314856,	Nq(10) = 0.364938,	
	Nq(11) = 0.314856,	Nq(12) = 0.197131,	Nq(13) = 0.273114,	Nq(14) = 0.314856,	Nq(15) = 0.273114;	
	Sq(0) = 2.81178e-19,	Sq(1) = 0.523487,	Sq(2) = 0.441413,	Sq(3) = 0.523487,	Sq(4) = 0.523487,	
	Sq(5) = 0.678465,	Sq(6) = 0.987667,	Sq(7) = 0.678465,	Sq(8) = 0.441413,	Sq(9) = 0.987667,	
	Sq(10) = 1.34604,	Sq(11) = 0.987667,	Sq(12) = 0.523487,	Sq(13) = 0.678465,	Sq(14) = 0.987667,	
	Sq(15) = 0.678465;	N(0) = 1.7829,	N(1) = 1.65962,	N(2) = 0.999391,	N(3) = 1.65962,	
	N(4) = 1.65962,	N(5) = 0.227514,	N(6) = 0.145626,	N(7) = 0.227514,	N(8) = 0.999391,	
	N(9) = 0.145626,	N(10) = 0.087279,	N(11) = 0.145626,	N(12) = 1.65962,	N(13) = 0.227514,	
	N(14) = 0.145626,	N(15) = 0.227514;	Delta[s](0) = 0.0675017,	Delta[s](1) = 0.0470959,	Delta[s](2) = 0.0373938,	
	Delta[s](3) = 0.0470959,	Delta[s](4) = 0.0470959,	Delta[s](5) = 0.0289873,	Delta[s](6) = 0.0139278,	Delta[s](7) = 0.0289873,	
	Delta[s](8) = 0.0373938,	Delta[s](9) = 0.0139278,	Delta[s](10) = 0.00399594,	Delta[s](11) = 0.0139278,	Delta[s](12) = 0.0470959,	
	Delta[s](13) = 0.0289873,	Delta[s](14) = 0.0139278,	Delta[s](15) = 0.0289873;	Delta[d](0) = 0.513033,	Delta[d](1) = 0.24984,	
	Delta[d](2) = 0.26576,	Delta[d](3) = 0.24984,	Delta[d](4) = 0.24984,	Delta[d](5) = 0.14223,	Delta[d](6) = 0.153811,	
	Delta[d](7) = 0.14223,	Delta[d](8) = 0.26576,	Delta[d](9) = 0.153811,	Delta[d](10) = 0.0882088,	Delta[d](11) = 0.153811,	
	Delta[d](12) = 0.24984,	Delta[d](13) = 0.14223,	Delta[d](14) = 0.153811,	Delta[d](15) = 0.14223;	Delta[s+](0) = 0.53345,	
	Delta[s+](1) = 0.364615,	Delta[s+](2) = 0.26576,	Delta[s+](3) = 0.364615,	Delta[s+](4) = 0.364615,	Delta[s+](5) = 0.163344,	
	Delta[s+](6) = 0.067849,	Delta[s+](7) = 0.163344,	Delta[s+](8) = 0.26576,	Delta[s+](9) = 0.067849,	Delta[s+](10) = 0.0174608,	
	Delta[s+](11) = 0.067849,	Delta[s+](12) = 0.364615,	Delta[s+](13) = 0.163344,	Delta[s+](14) = 0.067849,	Delta[s+](15) = 0.163344
	
The 5-th iteration is completed.	|| time cost : 0h 1m 19.047s
********************************************************************************************************************
********************************************************************************************************************
Ground state is obtained after 6 iterations. The current ground-state energy is -24.6597, in which electron energy is -24.6867 and phonon energy is 0.0270083
Final variational state is: 
	Gamma_x = [      1,1.08091,1.08218,1.08091,1.08091,1.09371,1.09143,1.09371,1.08218,1.09143,1.09698,1.09143,1.08091,1.09371,1.09143,1.09371]
	lambda_q = [       1,0.270935,0.193139,0.270935,0.270935,0.207092, 0.16701,0.207092,0.193139, 0.16701,0.149292, 0.16701,0.270935,0.207092, 0.16701,0.207092]
Effective e-e interactions mediated by phonons are:
	momentum-space Vq = [       -1,-0.468464,-0.348976,-0.468464,-0.468464,-0.371297,-0.306127,-0.371297,-0.348976,-0.306127,-0.276296,-0.306127,-0.468464,-0.371297,-0.306127,-0.371297]
	real-space Vr = [ -0.409862,-0.0655236,-0.0305663,-0.0655236,-0.0655236,-0.0361465,-0.0249394,-0.0361465,-0.0305663,-0.0249394,-0.0225667,-0.0249394,-0.0655236,-0.0361465,-0.0249394,-0.0361465]
********************************************************************************************************************
o___o  ----------------------------------------
| L |	Time since last clock: 0h 0m 0.009s
A===A	Time since the beginning: 0h 5m 11.515s
***********************************************


Non-Gaussina ED ground state calculation is completed. The final ground-state energy is -24.6597
********************************************************************************************************************
o___o  ----------------------------------------
| L |	Time since last clock: 0h 0m 0.003s
A===A	Time since the beginning: 0h 5m 11.519s
***********************************************



********************************************************************************************************************
All non-Gaussian ED ground state calculations have been completed. Exit now.
