TACC:  Starting up job 1804191 
TACC:  Starting parallel tasks... 
SNEDics v3.4 Non-Gaussian ED ground state program		Start at Tue Oct 20 01:41:59 2020

parallized on 16 MPI threads  * 7 OpenMP threads = 112 total threads.
********************************************************************************************************************
********************************************************************************************************************

********************************************************************************************************************
System parameters and configurations
********************************************************************************************************************
Special program options are enabled: splitted diagonal Hamiltonian
********************************************************************************************************************
Read input file "model_params.in"
	Hubbard-Holstein model parameters : 	t = 1    U = 8    g = 0.04    W = 0.2    
********************************************************************************************************************
Read input file "hilbertspace_params.in"
	Requested 16-site 2D lattice, with 16 electrons (8, 8)
	Boundary : Periodic		Hilbert space representation : momentum-space (restricted to kIdx = 0)
	Conservation: particle number[U(1)]      spin[U(1)]     momentum
********************************************************************************************************************

Cluster Positions:				Cluster symmetry group : D4
 x ... x ... x ... x .....                       x ... x ... x ... x .....
 |           |           :                       |           |           :
 |           |           :                       |           |           :
12    13    14    15     x                       1     5     6     5     x
 |           |           :                       |           |           :
 |           |           :                       |           |           :
 8 --- 9 ---10 ---11 --- x                       2 --- 6 ---10 --- 6 --- x
 |           |           :                       |           |           :
 |           |           :                       |           |           :
 4     5     6     7     x                       1     5     6     5     x
 |           |           :                       |           |           :
 |           |           :                       |           |           :
 0 --- 1 --- 2 --- 3 --- x                       0 --- 1 --- 2 --- 1 --- x
orbital number : 1
********************************************************************************************************************
Read input file "obs_params.in"
	Observable Type : Nq(All),   Sq(All),   N(All),   Delta[s](All),   Delta[d](All),   Delta[s+](All)
********************************************************************************************************************
** WARNING ** the input observables have non-local factors which have been reinterpreted. The total observable number is 96
********************************************************************************************************************


********************************************************************************************************************
Start calculating the non-Gaussian ED ground state
Input file varState.dat exists. Start iterations from it.
open output files: NGSEDIterationObs.txt
********************************************************************************************************************
Start the 0 rounds of NGS-ED iteration
	effective electronic model is modified as: kinetic energy t = 0.999981
	                                           effective interaction Vq = [ -0.00799996,-0.000402155,-0.000355241,-0.000402155,-0.000402155,-0.000355241,-0.000329308,-0.000355241,-0.000355241,-0.000329308,-0.000312418,-0.000329308,-0.000402155,-0.000355241,-0.000329308,-0.000355241]
	first Hamiltonian is constructed, non-zero numbers = 12310855584
	PARPACK diagonalization completed after 105 matrix-vector product operations.
	iteration results: : total energy is -8.597175 | electron energy -8.597176 + phonon energy 0.000000 | electron momentum kIdx = 0
	Nq(0) = 16,	Nq(1) = 0.0625107,	Nq(2) = 0.109923,	Nq(3) = 0.0625107,	Nq(4) = 0.0625107,	Nq(5) = 0.109923,	Nq(6) = 0.152453,	Nq(7) = 0.109923,	Nq(8) = 0.109923,	Nq(9) = 0.152453,	Nq(10) = 0.192518,	Nq(11) = 0.152453,	Nq(12) = 0.0625107,	Nq(13) = 0.109923,	Nq(14) = 0.152453,	Nq(15) = 0.109923,	Sq(0) = 8.78598e-19,	Sq(1) = 0.412877,	Sq(2) = 0.641313,	Sq(3) = 0.412877,	Sq(4) = 0.412877,	Sq(5) = 0.641313,	Sq(6) = 0.938805,	Sq(7) = 0.641313,	Sq(8) = 0.641313,	Sq(9) = 0.938805,	Sq(10) = 5.03349,	Sq(11) = 0.938805,	Sq(12) = 0.412877,	Sq(13) = 0.641313,	Sq(14) = 0.938805,	Sq(15) = 0.641313,	N(0) = 1.77536,	N(1) = 1.5696,	N(2) = 1,	N(3) = 1.5696,	N(4) = 1.5696,	N(5) = 1,	N(6) = 0.430397,	N(7) = 1,	N(8) = 1,	N(9) = 0.430397,	N(10) = 0.224643,	N(11) = 0.430397,	N(12) = 1.5696,	N(13) = 1,	N(14) = 0.430397,	N(15) = 1,	Delta[s](0) = 0.0962558,	Delta[s](1) = 0.0762246,	Delta[s](2) = 0.0549613,	Delta[s](3) = 0.0762246,	Delta[s](4) = 0.0762246,	Delta[s](5) = 0.0549613,	Delta[s](6) = 0.031257,	Delta[s](7) = 0.0549613,	Delta[s](8) = 0.0549613,	Delta[s](9) = 0.031257,	Delta[s](10) = 4.16528e-06,	Delta[s](11) = 0.031257,	Delta[s](12) = 0.0762246,	Delta[s](13) = 0.0549613,	Delta[s](14) = 0.031257,	Delta[s](15) = 0.0549613,	Delta[d](0) = 0.591173,	Delta[d](1) = 0.448841,	Delta[d](2) = 0.337686,	Delta[d](3) = 0.448841,	Delta[d](4) = 0.448841,	Delta[d](5) = 0.344544,	Delta[d](6) = 0.236774,	Delta[d](7) = 0.344544,	Delta[d](8) = 0.337686,	Delta[d](9) = 0.236774,	Delta[d](10) = 0.115953,	Delta[d](11) = 0.236774,	Delta[d](12) = 0.448841,	Delta[d](13) = 0.344544,	Delta[d](14) = 0.236774,	Delta[d](15) = 0.344544,	Delta[s+](0) = 0.613893,	Delta[s+](1) = 0.484244,	Delta[s+](2) = 0.337686,	Delta[s+](3) = 0.484244,	Delta[s+](4) = 0.484244,	Delta[s+](5) = 0.337686,	Delta[s+](6) = 0.193943,	Delta[s+](7) = 0.337686,	Delta[s+](8) = 0.337686,	Delta[s+](9) = 0.193943,	Delta[s+](10) = 0.0680154,	Delta[s+](11) = 0.193943,	Delta[s+](12) = 0.484244,	Delta[s+](13) = 0.337686,	Delta[s+](14) = 0.193943,	Delta[s+](15) = 0.337686
The 0-th iteration is completed.	|| time cost : 0h 14m 26.961s
********************************************************************************************************************
Start the 1 rounds of NGS-ED iteration
	effective electronic model is modified as: kinetic energy t = 0.999981
	                                           effective interaction Vq = [ -0.00799996,-0.000402155,-0.000355241,-0.000402155,-0.000402155,-0.000355241,-0.000329308,-0.000355241,-0.000355241,-0.000329308,-0.000312418,-0.000329308,-0.000402155,-0.000355241,-0.000329308,-0.000355241]
	PARPACK diagonalization completed after 30 matrix-vector product operations.
	iteration results: : total energy is -8.597176 | electron energy -8.597176 + phonon energy 0.000000 | electron momentum kIdx = 0
The 1-th iteration is completed.	|| time cost : 0h 0m 28.867s
********************************************************************************************************************
Start the 2 rounds of NGS-ED iteration
	effective electronic model is modified as: kinetic energy t = 0.999981
	                                           effective interaction Vq = [ -0.00799996,-0.000402155,-0.000355241,-0.000402155,-0.000402155,-0.000355241,-0.000329308,-0.000355241,-0.000355241,-0.000329308,-0.000312418,-0.000329308,-0.000402155,-0.000355241,-0.000329308,-0.000355241]
	PARPACK diagonalization completed after 30 matrix-vector product operations.
	iteration results: : total energy is -8.597176 | electron energy -8.597176 + phonon energy 0.000000 | electron momentum kIdx = 0
The 2-th iteration is completed.	|| time cost : 0h 0m 28.849s
********************************************************************************************************************
Start the 3 rounds of NGS-ED iteration
	effective electronic model is modified as: kinetic energy t = 0.999981
	                                           effective interaction Vq = [ -0.00799996,-0.000402155,-0.000355241,-0.000402155,-0.000402155,-0.000355241,-0.000329308,-0.000355241,-0.000355241,-0.000329308,-0.000312418,-0.000329308,-0.000402155,-0.000355241,-0.000329308,-0.000355241]
	PARPACK diagonalization completed after 30 matrix-vector product operations.
	iteration results: : total energy is -8.597176 | electron energy -8.597176 + phonon energy 0.000000 | electron momentum kIdx = 0
The 3-th iteration is completed.	|| time cost : 0h 0m 28.93s
********************************************************************************************************************
Start the 4 rounds of NGS-ED iteration
	effective electronic model is modified as: kinetic energy t = 0.999981
	                                           effective interaction Vq = [ -0.00799996,-0.000402155,-0.000355241,-0.000402155,-0.000402155,-0.000355241,-0.000329308,-0.000355241,-0.000355241,-0.000329308,-0.000312418,-0.000329308,-0.000402155,-0.000355241,-0.000329308,-0.000355241]
	PARPACK diagonalization completed after 30 matrix-vector product operations.
	iteration results: : total energy is -8.597176 | electron energy -8.597176 + phonon energy 0.000000 | electron momentum kIdx = 0
The 4-th iteration is completed.	|| time cost : 0h 0m 28.841s
********************************************************************************************************************
Start the 5 rounds of NGS-ED iteration
	effective electronic model is modified as: kinetic energy t = 0.999981
	                                           effective interaction Vq = [ -0.00799996,-0.000402155,-0.000355241,-0.000402155,-0.000402155,-0.000355241,-0.000329308,-0.000355241,-0.000355241,-0.000329308,-0.000312418,-0.000329308,-0.000402155,-0.000355241,-0.000329308,-0.000355241]
	PARPACK diagonalization completed after 30 matrix-vector product operations.
	iteration results: : total energy is -8.597176 | electron energy -8.597176 + phonon energy 0.000000 | electron momentum kIdx = 0
The 5-th iteration is completed.	|| time cost : 0h 0m 28.927s
********************************************************************************************************************
Start the 6 rounds of NGS-ED iteration
	effective electronic model is modified as: kinetic energy t = 0.999981
	                                           effective interaction Vq = [ -0.00799997,-0.000402155,-0.000355241,-0.000402155,-0.000402155,-0.000355241,-0.000329308,-0.000355241,-0.000355241,-0.000329308,-0.000312418,-0.000329308,-0.000402155,-0.000355241,-0.000329308,-0.000355241]
	PARPACK diagonalization completed after 30 matrix-vector product operations.
	iteration results: : total energy is -8.597176 | electron energy -8.597176 + phonon energy 0.000000 | electron momentum kIdx = 0
The 6-th iteration is completed.	|| time cost : 0h 0m 28.856s
********************************************************************************************************************
Start the 7 rounds of NGS-ED iteration
	effective electronic model is modified as: kinetic energy t = 0.999981
	                                           effective interaction Vq = [ -0.00799997,-0.000402155,-0.000355241,-0.000402155,-0.000402155,-0.000355241,-0.000329308,-0.000355241,-0.000355241,-0.000329308,-0.000312418,-0.000329308,-0.000402155,-0.000355241,-0.000329308,-0.000355241]
	PARPACK diagonalization completed after 30 matrix-vector product operations.
	iteration results: : total energy is -8.597176 | electron energy -8.597176 + phonon energy 0.000000 | electron momentum kIdx = 0
The 7-th iteration is completed.	|| time cost : 0h 0m 28.923s
********************************************************************************************************************
Start the 8 rounds of NGS-ED iteration
	effective electronic model is modified as: kinetic energy t = 0.999981
	                                           effective interaction Vq = [ -0.00799997,-0.000402155,-0.000355241,-0.000402155,-0.000402155,-0.000355241,-0.000329308,-0.000355241,-0.000355241,-0.000329308,-0.000312418,-0.000329308,-0.000402155,-0.000355241,-0.000329308,-0.000355241]
	PARPACK diagonalization completed after 30 matrix-vector product operations.
	iteration results: : total energy is -8.597176 | electron energy -8.597176 + phonon energy 0.000000 | electron momentum kIdx = 0
The 8-th iteration is completed.	|| time cost : 0h 0m 28.941s
********************************************************************************************************************
Start the 9 rounds of NGS-ED iteration
	effective electronic model is modified as: kinetic energy t = 0.999981
	                                           effective interaction Vq = [ -0.00799997,-0.000402155,-0.000355241,-0.000402155,-0.000402155,-0.000355241,-0.000329308,-0.000355241,-0.000355241,-0.000329308,-0.000312418,-0.000329308,-0.000402155,-0.000355241,-0.000329308,-0.000355241]
	PARPACK diagonalization completed after 30 matrix-vector product operations.
	iteration results: : total energy is -8.597176 | electron energy -8.597176 + phonon energy 0.000000 | electron momentum kIdx = 0
The 9-th iteration is completed.	|| time cost : 0h 0m 28.913s
********************************************************************************************************************
Start the 10 rounds of NGS-ED iteration
	effective electronic model is modified as: kinetic energy t = 0.999981
	                                           effective interaction Vq = [ -0.00799997,-0.000402155,-0.000355241,-0.000402155,-0.000402155,-0.000355241,-0.000329308,-0.000355241,-0.000355241,-0.000329308,-0.000312418,-0.000329308,-0.000402155,-0.000355241,-0.000329308,-0.000355241]
	PARPACK diagonalization completed after 30 matrix-vector product operations.
	iteration results: : total energy is -8.597176 | electron energy -8.597176 + phonon energy 0.000000 | electron momentum kIdx = 0
The 10-th iteration is completed.	|| time cost : 0h 0m 28.846s
********************************************************************************************************************
Start the 11 rounds of NGS-ED iteration
	effective electronic model is modified as: kinetic energy t = 0.999981
	                                           effective interaction Vq = [ -0.00799997,-0.000402155,-0.000355241,-0.000402155,-0.000402155,-0.000355241,-0.000329308,-0.000355241,-0.000355241,-0.000329308,-0.000312418,-0.000329308,-0.000402155,-0.000355241,-0.000329308,-0.000355241]
	PARPACK diagonalization completed after 30 matrix-vector product operations.
	iteration results: : total energy is -8.597176 | electron energy -8.597176 + phonon energy 0.000000 | electron momentum kIdx = 0
The 11-th iteration is completed.	|| time cost : 0h 0m 28.846s
********************************************************************************************************************
Start the 12 rounds of NGS-ED iteration
	effective electronic model is modified as: kinetic energy t = 0.999981
	                                           effective interaction Vq = [ -0.00799997,-0.000402155,-0.000355241,-0.000402155,-0.000402155,-0.000355241,-0.000329308,-0.000355241,-0.000355241,-0.000329308,-0.000312418,-0.000329308,-0.000402155,-0.000355241,-0.000329308,-0.000355241]
	PARPACK diagonalization completed after 30 matrix-vector product operations.
	iteration results: : total energy is -8.597176 | electron energy -8.597176 + phonon energy 0.000000 | electron momentum kIdx = 0
The 12-th iteration is completed.	|| time cost : 0h 0m 28.848s
********************************************************************************************************************
Start the 13 rounds of NGS-ED iteration
	effective electronic model is modified as: kinetic energy t = 0.999981
	                                           effective interaction Vq = [ -0.00799997,-0.000402155,-0.000355241,-0.000402155,-0.000402155,-0.000355241,-0.000329308,-0.000355241,-0.000355241,-0.000329308,-0.000312418,-0.000329308,-0.000402155,-0.000355241,-0.000329308,-0.000355241]
	PARPACK diagonalization completed after 30 matrix-vector product operations.
	iteration results: : total energy is -8.597176 | electron energy -8.597176 + phonon energy 0.000000 | electron momentum kIdx = 0
The 13-th iteration is completed.	|| time cost : 0h 0m 28.866s
********************************************************************************************************************
Start the 14 rounds of NGS-ED iteration
	effective electronic model is modified as: kinetic energy t = 0.999981
	                                           effective interaction Vq = [ -0.00799998,-0.000402155,-0.000355241,-0.000402155,-0.000402155,-0.000355241,-0.000329308,-0.000355241,-0.000355241,-0.000329308,-0.000312418,-0.000329308,-0.000402155,-0.000355241,-0.000329308,-0.000355241]
	PARPACK diagonalization completed after 30 matrix-vector product operations.
	iteration results: : total energy is -8.597176 | electron energy -8.597176 + phonon energy 0.000000 | electron momentum kIdx = 0
The 14-th iteration is completed.	|| time cost : 0h 0m 28.908s
********************************************************************************************************************
Start the 15 rounds of NGS-ED iteration
	effective electronic model is modified as: kinetic energy t = 0.999981
	                                           effective interaction Vq = [ -0.00799998,-0.000402155,-0.000355241,-0.000402155,-0.000402155,-0.000355241,-0.000329308,-0.000355241,-0.000355241,-0.000329308,-0.000312418,-0.000329308,-0.000402155,-0.000355241,-0.000329308,-0.000355241]
	PARPACK diagonalization completed after 30 matrix-vector product operations.
	iteration results: : total energy is -8.597176 | electron energy -8.597176 + phonon energy 0.000000 | electron momentum kIdx = 0
The 15-th iteration is completed.	|| time cost : 0h 0m 28.905s
********************************************************************************************************************
Start the 16 rounds of NGS-ED iteration
	effective electronic model is modified as: kinetic energy t = 0.999981
	                                           effective interaction Vq = [ -0.00799998,-0.000402155,-0.000355241,-0.000402155,-0.000402155,-0.000355241,-0.000329308,-0.000355241,-0.000355241,-0.000329308,-0.000312418,-0.000329308,-0.000402155,-0.000355241,-0.000329308,-0.000355241]
	PARPACK diagonalization completed after 30 matrix-vector product operations.
	iteration results: : total energy is -8.597176 | electron energy -8.597176 + phonon energy 0.000000 | electron momentum kIdx = 0
The 16-th iteration is completed.	|| time cost : 0h 0m 28.867s
********************************************************************************************************************
Start the 17 rounds of NGS-ED iteration
	effective electronic model is modified as: kinetic energy t = 0.999981
	                                           effective interaction Vq = [ -0.00799998,-0.000402155,-0.000355241,-0.000402155,-0.000402155,-0.000355241,-0.000329308,-0.000355241,-0.000355241,-0.000329308,-0.000312418,-0.000329308,-0.000402155,-0.000355241,-0.000329308,-0.000355241]
	PARPACK diagonalization completed after 30 matrix-vector product operations.
	iteration results: : total energy is -8.597176 | electron energy -8.597176 + phonon energy 0.000000 | electron momentum kIdx = 0
The 17-th iteration is completed.	|| time cost : 0h 0m 28.855s
********************************************************************************************************************
Start the 18 rounds of NGS-ED iteration
	effective electronic model is modified as: kinetic energy t = 0.999981
	                                           effective interaction Vq = [ -0.00799998,-0.000402155,-0.000355241,-0.000402155,-0.000402155,-0.000355241,-0.000329308,-0.000355241,-0.000355241,-0.000329308,-0.000312418,-0.000329308,-0.000402155,-0.000355241,-0.000329308,-0.000355241]
	PARPACK diagonalization completed after 30 matrix-vector product operations.
	iteration results: : total energy is -8.597176 | electron energy -8.597176 + phonon energy 0.000000 | electron momentum kIdx = 0
The 18-th iteration is completed.	|| time cost : 0h 0m 28.859s
********************************************************************************************************************
Start the 19 rounds of NGS-ED iteration
	effective electronic model is modified as: kinetic energy t = 0.999981
	                                           effective interaction Vq = [ -0.00799998,-0.000402155,-0.000355241,-0.000402155,-0.000402155,-0.000355241,-0.000329308,-0.000355241,-0.000355241,-0.000329308,-0.000312418,-0.000329308,-0.000402155,-0.000355241,-0.000329308,-0.000355241]
	PARPACK diagonalization completed after 30 matrix-vector product operations.
	iteration results: : total energy is -8.597176 | electron energy -8.597176 + phonon energy 0.000000 | electron momentum kIdx = 0
The 19-th iteration is completed.	|| time cost : 0h 0m 28.867s
********************************************************************************************************************
Start the 20 rounds of NGS-ED iteration
	effective electronic model is modified as: kinetic energy t = 0.999981
	                                           effective interaction Vq = [ -0.00799998,-0.000402155,-0.000355241,-0.000402155,-0.000402155,-0.000355241,-0.000329308,-0.000355241,-0.000355241,-0.000329308,-0.000312418,-0.000329308,-0.000402155,-0.000355241,-0.000329308,-0.000355241]
	PARPACK diagonalization completed after 30 matrix-vector product operations.
	iteration results: : total energy is -8.597176 | electron energy -8.597176 + phonon energy 0.000000 | electron momentum kIdx = 0
The 20-th iteration is completed.	|| time cost : 0h 0m 28.868s
********************************************************************************************************************
Start the 21 rounds of NGS-ED iteration
	effective electronic model is modified as: kinetic energy t = 0.999981
	                                           effective interaction Vq = [ -0.00799998,-0.000402155,-0.000355241,-0.000402155,-0.000402155,-0.000355241,-0.000329308,-0.000355241,-0.000355241,-0.000329308,-0.000312418,-0.000329308,-0.000402155,-0.000355241,-0.000329308,-0.000355241]
	PARPACK diagonalization completed after 30 matrix-vector product operations.
	iteration results: : total energy is -8.597176 | electron energy -8.597176 + phonon energy 0.000000 | electron momentum kIdx = 0
The 21-th iteration is completed.	|| time cost : 0h 0m 28.847s
********************************************************************************************************************
Start the 22 rounds of NGS-ED iteration
	effective electronic model is modified as: kinetic energy t = 0.999981
	                                           effective interaction Vq = [ -0.00799998,-0.000402155,-0.000355241,-0.000402155,-0.000402155,-0.000355241,-0.000329308,-0.000355241,-0.000355241,-0.000329308,-0.000312418,-0.000329308,-0.000402155,-0.000355241,-0.000329308,-0.000355241]
	PARPACK diagonalization completed after 30 matrix-vector product operations.
	iteration results: : total energy is -8.597176 | electron energy -8.597176 + phonon energy 0.000000 | electron momentum kIdx = 0
The 22-th iteration is completed.	|| time cost : 0h 0m 28.837s
********************************************************************************************************************
Start the 23 rounds of NGS-ED iteration
	effective electronic model is modified as: kinetic energy t = 0.999981
	                                           effective interaction Vq = [ -0.00799998,-0.000402155,-0.000355241,-0.000402155,-0.000402155,-0.000355241,-0.000329308,-0.000355241,-0.000355241,-0.000329308,-0.000312418,-0.000329308,-0.000402155,-0.000355241,-0.000329308,-0.000355241]
	PARPACK diagonalization completed after 30 matrix-vector product operations.
	iteration results: : total energy is -8.597176 | electron energy -8.597176 + phonon energy 0.000000 | electron momentum kIdx = 0
The 23-th iteration is completed.	|| time cost : 0h 0m 28.887s
********************************************************************************************************************
Start the 24 rounds of NGS-ED iteration
	effective electronic model is modified as: kinetic energy t = 0.999981
	                                           effective interaction Vq = [ -0.00799998,-0.000402155,-0.000355241,-0.000402155,-0.000402155,-0.000355241,-0.000329308,-0.000355241,-0.000355241,-0.000329308,-0.000312418,-0.000329308,-0.000402155,-0.000355241,-0.000329308,-0.000355241]
	PARPACK diagonalization completed after 30 matrix-vector product operations.
	iteration results: : total energy is -8.597176 | electron energy -8.597176 + phonon energy 0.000000 | electron momentum kIdx = 0
The 24-th iteration is completed.	|| time cost : 0h 0m 28.924s
********************************************************************************************************************
Start the 25 rounds of NGS-ED iteration
	effective electronic model is modified as: kinetic energy t = 0.999981
	                                           effective interaction Vq = [ -0.00799998,-0.000402155,-0.000355241,-0.000402155,-0.000402155,-0.000355241,-0.000329308,-0.000355241,-0.000355241,-0.000329308,-0.000312418,-0.000329308,-0.000402155,-0.000355241,-0.000329308,-0.000355241]
	PARPACK diagonalization completed after 30 matrix-vector product operations.
	iteration results: : total energy is -8.597176 | electron energy -8.597176 + phonon energy 0.000000 | electron momentum kIdx = 0
The 25-th iteration is completed.	|| time cost : 0h 0m 28.896s
********************************************************************************************************************
Start the 26 rounds of NGS-ED iteration
	effective electronic model is modified as: kinetic energy t = 0.999981
	                                           effective interaction Vq = [ -0.00799998,-0.000402155,-0.000355241,-0.000402155,-0.000402155,-0.000355241,-0.000329308,-0.000355241,-0.000355241,-0.000329308,-0.000312418,-0.000329308,-0.000402155,-0.000355241,-0.000329308,-0.000355241]
	PARPACK diagonalization completed after 30 matrix-vector product operations.
	iteration results: : total energy is -8.597176 | electron energy -8.597176 + phonon energy 0.000000 | electron momentum kIdx = 0
The 26-th iteration is completed.	|| time cost : 0h 0m 28.877s
********************************************************************************************************************
Start the 27 rounds of NGS-ED iteration
	effective electronic model is modified as: kinetic energy t = 0.999981
	                                           effective interaction Vq = [ -0.00799999,-0.000402155,-0.000355241,-0.000402155,-0.000402155,-0.000355241,-0.000329308,-0.000355241,-0.000355241,-0.000329308,-0.000312418,-0.000329308,-0.000402155,-0.000355241,-0.000329308,-0.000355241]
	PARPACK diagonalization completed after 30 matrix-vector product operations.
	iteration results: : total energy is -8.597176 | electron energy -8.597176 + phonon energy 0.000000 | electron momentum kIdx = 0
The 27-th iteration is completed.	|| time cost : 0h 0m 28.928s
********************************************************************************************************************
Start the 28 rounds of NGS-ED iteration
	effective electronic model is modified as: kinetic energy t = 0.999981
	                                           effective interaction Vq = [ -0.00799999,-0.000402155,-0.000355241,-0.000402155,-0.000402155,-0.000355241,-0.000329308,-0.000355241,-0.000355241,-0.000329308,-0.000312418,-0.000329308,-0.000402155,-0.000355241,-0.000329308,-0.000355241]
	PARPACK diagonalization completed after 30 matrix-vector product operations.
	iteration results: : total energy is -8.597176 | electron energy -8.597176 + phonon energy 0.000000 | electron momentum kIdx = 0
The 28-th iteration is completed.	|| time cost : 0h 0m 28.906s
********************************************************************************************************************
Start the 29 rounds of NGS-ED iteration
	effective electronic model is modified as: kinetic energy t = 0.999981
	                                           effective interaction Vq = [ -0.00799999,-0.000402155,-0.000355241,-0.000402155,-0.000402155,-0.000355241,-0.000329308,-0.000355241,-0.000355241,-0.000329308,-0.000312418,-0.000329308,-0.000402155,-0.000355241,-0.000329308,-0.000355241]
	PARPACK diagonalization completed after 30 matrix-vector product operations.
	iteration results: : total energy is -8.597176 | electron energy -8.597176 + phonon energy 0.000000 | electron momentum kIdx = 0
The 29-th iteration is completed.	|| time cost : 0h 0m 28.819s
********************************************************************************************************************
Start the 30 rounds of NGS-ED iteration
	effective electronic model is modified as: kinetic energy t = 0.999981
	                                           effective interaction Vq = [ -0.00799999,-0.000402155,-0.000355241,-0.000402155,-0.000402155,-0.000355241,-0.000329308,-0.000355241,-0.000355241,-0.000329308,-0.000312418,-0.000329308,-0.000402155,-0.000355241,-0.000329308,-0.000355241]
	PARPACK diagonalization completed after 30 matrix-vector product operations.
	iteration results: : total energy is -8.597176 | electron energy -8.597176 + phonon energy 0.000000 | electron momentum kIdx = 0
The 30-th iteration is completed.	|| time cost : 0h 0m 28.937s
********************************************************************************************************************
Start the 31 rounds of NGS-ED iteration
	effective electronic model is modified as: kinetic energy t = 0.999981
	                                           effective interaction Vq = [ -0.00799999,-0.000402155,-0.000355241,-0.000402155,-0.000402155,-0.000355241,-0.000329308,-0.000355241,-0.000355241,-0.000329308,-0.000312418,-0.000329308,-0.000402155,-0.000355241,-0.000329308,-0.000355241]
	PARPACK diagonalization completed after 30 matrix-vector product operations.
	iteration results: : total energy is -8.597176 | electron energy -8.597176 + phonon energy 0.000000 | electron momentum kIdx = 0
The 31-th iteration is completed.	|| time cost : 0h 0m 28.943s
********************************************************************************************************************
Start the 32 rounds of NGS-ED iteration
	effective electronic model is modified as: kinetic energy t = 0.999981
	                                           effective interaction Vq = [ -0.00799999,-0.000402155,-0.000355241,-0.000402155,-0.000402155,-0.000355241,-0.000329308,-0.000355241,-0.000355241,-0.000329308,-0.000312418,-0.000329308,-0.000402155,-0.000355241,-0.000329308,-0.000355241]
	PARPACK diagonalization completed after 30 matrix-vector product operations.
	iteration results: : total energy is -8.597176 | electron energy -8.597176 + phonon energy 0.000000 | electron momentum kIdx = 0
The 32-th iteration is completed.	|| time cost : 0h 0m 28.898s
********************************************************************************************************************
Start the 33 rounds of NGS-ED iteration
	effective electronic model is modified as: kinetic energy t = 0.999981
	                                           effective interaction Vq = [ -0.00799999,-0.000402155,-0.000355241,-0.000402155,-0.000402155,-0.000355241,-0.000329308,-0.000355241,-0.000355241,-0.000329308,-0.000312418,-0.000329308,-0.000402155,-0.000355241,-0.000329308,-0.000355241]
	PARPACK diagonalization completed after 30 matrix-vector product operations.
	iteration results: : total energy is -8.597176 | electron energy -8.597176 + phonon energy 0.000000 | electron momentum kIdx = 0
The 33-th iteration is completed.	|| time cost : 0h 0m 28.92s
********************************************************************************************************************
Start the 34 rounds of NGS-ED iteration
	effective electronic model is modified as: kinetic energy t = 0.999981
	                                           effective interaction Vq = [ -0.00799999,-0.000402155,-0.000355241,-0.000402155,-0.000402155,-0.000355241,-0.000329308,-0.000355241,-0.000355241,-0.000329308,-0.000312418,-0.000329308,-0.000402155,-0.000355241,-0.000329308,-0.000355241]
	PARPACK diagonalization completed after 30 matrix-vector product operations.
	iteration results: : total energy is -8.597176 | electron energy -8.597176 + phonon energy 0.000000 | electron momentum kIdx = 0
The 34-th iteration is completed.	|| time cost : 0h 0m 28.846s
********************************************************************************************************************
Start the 35 rounds of NGS-ED iteration
	effective electronic model is modified as: kinetic energy t = 0.999981
	                                           effective interaction Vq = [ -0.00799999,-0.000402155,-0.000355241,-0.000402155,-0.000402155,-0.000355241,-0.000329308,-0.000355241,-0.000355241,-0.000329308,-0.000312418,-0.000329308,-0.000402155,-0.000355241,-0.000329308,-0.000355241]
	PARPACK diagonalization completed after 30 matrix-vector product operations.
	iteration results: : total energy is -8.597176 | electron energy -8.597176 + phonon energy 0.000000 | electron momentum kIdx = 0
The 35-th iteration is completed.	|| time cost : 0h 0m 28.818s
********************************************************************************************************************
Start the 36 rounds of NGS-ED iteration
	effective electronic model is modified as: kinetic energy t = 0.999981
	                                           effective interaction Vq = [ -0.00799999,-0.000402155,-0.000355241,-0.000402155,-0.000402155,-0.000355241,-0.000329308,-0.000355241,-0.000355241,-0.000329308,-0.000312418,-0.000329308,-0.000402155,-0.000355241,-0.000329308,-0.000355241]
	PARPACK diagonalization completed after 30 matrix-vector product operations.
	iteration results: : total energy is -8.597176 | electron energy -8.597176 + phonon energy 0.000000 | electron momentum kIdx = 0
The 36-th iteration is completed.	|| time cost : 0h 0m 28.897s
********************************************************************************************************************
Start the 37 rounds of NGS-ED iteration
	effective electronic model is modified as: kinetic energy t = 0.999981
	                                           effective interaction Vq = [ -0.00799999,-0.000402155,-0.000355241,-0.000402155,-0.000402155,-0.000355241,-0.000329308,-0.000355241,-0.000355241,-0.000329308,-0.000312418,-0.000329308,-0.000402155,-0.000355241,-0.000329308,-0.000355241]
	PARPACK diagonalization completed after 30 matrix-vector product operations.
	iteration results: : total energy is -8.597176 | electron energy -8.597176 + phonon energy 0.000000 | electron momentum kIdx = 0
The 37-th iteration is completed.	|| time cost : 0h 0m 28.821s
********************************************************************************************************************
Start the 38 rounds of NGS-ED iteration
	effective electronic model is modified as: kinetic energy t = 0.999981
	                                           effective interaction Vq = [ -0.00799999,-0.000402155,-0.000355241,-0.000402155,-0.000402155,-0.000355241,-0.000329308,-0.000355241,-0.000355241,-0.000329308,-0.000312418,-0.000329308,-0.000402155,-0.000355241,-0.000329308,-0.000355241]
	PARPACK diagonalization completed after 30 matrix-vector product operations.
	iteration results: : total energy is -8.597176 | electron energy -8.597176 + phonon energy 0.000000 | electron momentum kIdx = 0
The 38-th iteration is completed.	|| time cost : 0h 0m 28.832s
********************************************************************************************************************
Start the 39 rounds of NGS-ED iteration
	effective electronic model is modified as: kinetic energy t = 0.999981
	                                           effective interaction Vq = [ -0.00799999,-0.000402155,-0.000355241,-0.000402155,-0.000402155,-0.000355241,-0.000329308,-0.000355241,-0.000355241,-0.000329308,-0.000312418,-0.000329308,-0.000402155,-0.000355241,-0.000329308,-0.000355241]
	PARPACK diagonalization completed after 30 matrix-vector product operations.
	iteration results: : total energy is -8.597176 | electron energy -8.597176 + phonon energy 0.000000 | electron momentum kIdx = 0
The 39-th iteration is completed.	|| time cost : 0h 0m 28.811s
********************************************************************************************************************
Start the 40 rounds of NGS-ED iteration
	effective electronic model is modified as: kinetic energy t = 0.999981
	                                           effective interaction Vq = [ -0.00799999,-0.000402155,-0.000355241,-0.000402155,-0.000402155,-0.000355241,-0.000329308,-0.000355241,-0.000355241,-0.000329308,-0.000312418,-0.000329308,-0.000402155,-0.000355241,-0.000329308,-0.000355241]
	PARPACK diagonalization completed after 30 matrix-vector product operations.
	iteration results: : total energy is -8.597176 | electron energy -8.597176 + phonon energy 0.000000 | electron momentum kIdx = 0
The 40-th iteration is completed.	|| time cost : 0h 0m 28.868s
********************************************************************************************************************
Start the 41 rounds of NGS-ED iteration
	effective electronic model is modified as: kinetic energy t = 0.999981
	                                           effective interaction Vq = [ -0.00799999,-0.000402155,-0.000355241,-0.000402155,-0.000402155,-0.000355241,-0.000329308,-0.000355241,-0.000355241,-0.000329308,-0.000312418,-0.000329308,-0.000402155,-0.000355241,-0.000329308,-0.000355241]
	PARPACK diagonalization completed after 30 matrix-vector product operations.
	iteration results: : total energy is -8.597176 | electron energy -8.597176 + phonon energy 0.000000 | electron momentum kIdx = 0
The 41-th iteration is completed.	|| time cost : 0h 0m 28.87s
********************************************************************************************************************
Start the 42 rounds of NGS-ED iteration
	effective electronic model is modified as: kinetic energy t = 0.999981
	                                           effective interaction Vq = [ -0.00799999,-0.000402155,-0.000355241,-0.000402155,-0.000402155,-0.000355241,-0.000329308,-0.000355241,-0.000355241,-0.000329308,-0.000312418,-0.000329308,-0.000402155,-0.000355241,-0.000329308,-0.000355241]
	PARPACK diagonalization completed after 30 matrix-vector product operations.
	iteration results: : total energy is -8.597176 | electron energy -8.597176 + phonon energy 0.000000 | electron momentum kIdx = 0
The 42-th iteration is completed.	|| time cost : 0h 0m 28.832s
********************************************************************************************************************
Start the 43 rounds of NGS-ED iteration
	effective electronic model is modified as: kinetic energy t = 0.999981
	                                           effective interaction Vq = [ -0.00799999,-0.000402155,-0.000355241,-0.000402155,-0.000402155,-0.000355241,-0.000329308,-0.000355241,-0.000355241,-0.000329308,-0.000312418,-0.000329308,-0.000402155,-0.000355241,-0.000329308,-0.000355241]
	PARPACK diagonalization completed after 30 matrix-vector product operations.
	iteration results: : total energy is -8.597176 | electron energy -8.597176 + phonon energy 0.000000 | electron momentum kIdx = 0
The 43-th iteration is completed.	|| time cost : 0h 0m 28.882s
********************************************************************************************************************
