TACC:  Starting up job 1744391 
TACC:  Starting parallel tasks... 
SNEDics v3.4 Non-Gaussian ED ground state program		Start at Sun Oct 11 00:48:56 2020

parallized on 16 MPI threads  * 7 OpenMP threads = 112 total threads.
********************************************************************************************************************
********************************************************************************************************************

********************************************************************************************************************
System parameters and configurations
********************************************************************************************************************
Special program options are enabled: splitted diagonal Hamiltonian
********************************************************************************************************************
Read input file "model_params.in"
	Hubbard-Holstein model parameters : 	t = 1    U = 8    g = 0.06    W = 0.2    g' = 0.01    
********************************************************************************************************************
Read input file "hilbertspace_params.in"
	Requested 16-site 2D lattice, with 14 electrons (7, 7)
	Boundary : Periodic		Hilbert space representation : momentum-space (restricted to kIdx = 0)
	Conservation: particle number[U(1)]      spin[U(1)]     momentum
********************************************************************************************************************

Cluster Positions:				Cluster symmetry group : D4
 x ... x ... x ... x .....                       x ... x ... x ... x .....
 |           |           :                       |           |           :
 |           |           :                       |           |           :
12    13    14    15     x                       1     5     6     5     x
 |           |           :                       |           |           :
 |           |           :                       |           |           :
 8 --- 9 ---10 ---11 --- x                       2 --- 6 ---10 --- 6 --- x
 |           |           :                       |           |           :
 |           |           :                       |           |           :
 4     5     6     7     x                       1     5     6     5     x
 |           |           :                       |           |           :
 |           |           :                       |           |           :
 0 --- 1 --- 2 --- 3 --- x                       0 --- 1 --- 2 --- 1 --- x
orbital number : 1
********************************************************************************************************************
Read input file "obs_params.in"
	Observable Type : Nq(All),   Sq(All),   N(All),   Delta[s](All),   Delta[d](All),   Delta[s+](All)
********************************************************************************************************************
** WARNING ** the input observables have non-local factors which have been reinterpreted. The total observable number is 96
********************************************************************************************************************


********************************************************************************************************************
Start calculating the non-Gaussian ED ground state
** WARNING ** Detected low phonon energy W < 10. The initial state will be prepared through a warm-up process.
********************************************************************************************************************
Start warm-up calculation for scaling factor 64
open output files: NGSEDWarmUpW12.8Obs.txt
********************************************************************************************************************
Start the 0 rounds of NGS-ED iteration
	effective electronic model is modified as: kinetic energy t = 1
	                                           effective interaction Vq = [0,0,0,0,0,0,0,0,0,0,0,0,0,0,0,0]
	first Hamiltonian is constructed, non-zero numbers = 2178478298
	PARPACK diagonalization completed after 165 matrix-vector product operations.
	iteration results: : total energy is -11.868836 | electron energy -11.868836 + phonon energy 0.000000 | electron momentum kIdx = 0
	Nq(0) = 12.25,	Nq(1) = 0.154193,	Nq(2) = 0.185311,	Nq(3) = 0.154193,	Nq(4) = 0.154193,	Nq(5) = 0.203281,	Nq(6) = 0.235634,	Nq(7) = 0.203281,	Nq(8) = 0.185311,	Nq(9) = 0.235634,	Nq(10) = 0.275446,	Nq(11) = 0.235634,	Nq(12) = 0.154193,	Nq(13) = 0.203281,	Nq(14) = 0.235634,	Nq(15) = 0.203281,	Sq(0) = 1.11096e-18,	Sq(1) = 0.474292,	Sq(2) = 0.766364,	Sq(3) = 0.474292,	Sq(4) = 0.474292,	Sq(5) = 0.630724,	Sq(6) = 1.05279,	Sq(7) = 0.630724,	Sq(8) = 0.766364,	Sq(9) = 1.05279,	Sq(10) = 2.56755,	Sq(11) = 1.05279,	Sq(12) = 0.474292,	Sq(13) = 0.630724,	Sq(14) = 1.05279,	Sq(15) = 0.630724,	N(0) = 1.75464,	N(1) = 1.59086,	N(2) = 0.323321,	N(3) = 1.59086,	N(4) = 1.59086,	N(5) = 0.999881,	N(6) = 0.267546,	N(7) = 0.999881,	N(8) = 0.323321,	N(9) = 0.267546,	N(10) = 0.165565,	N(11) = 0.267546,	N(12) = 1.59086,	N(13) = 0.999881,	N(14) = 0.267546,	N(15) = 0.999881,	Delta[s](0) = 0.0793429,	Delta[s](1) = 0.0592625,	Delta[s](2) = 0.0353978,	Delta[s](3) = 0.0592625,	Delta[s](4) = 0.0592625,	Delta[s](5) = 0.0423038,	Delta[s](6) = 0.0194462,	Delta[s](7) = 0.0423038,	Delta[s](8) = 0.0353978,	Delta[s](9) = 0.0194462,	Delta[s](10) = 6.14358e-05,	Delta[s](11) = 0.0194462,	Delta[s](12) = 0.0592625,	Delta[s](13) = 0.0423038,	Delta[s](14) = 0.0194462,	Delta[s](15) = 0.0423038,	Delta[d](0) = 0.276283,	Delta[d](1) = 0.189801,	Delta[d](2) = 0.199662,	Delta[d](3) = 0.189801,	Delta[d](4) = 0.189801,	Delta[d](5) = 0.17656,	Delta[d](6) = 0.132419,	Delta[d](7) = 0.17656,	Delta[d](8) = 0.199662,	Delta[d](9) = 0.132419,	Delta[d](10) = 0.0533824,	Delta[d](11) = 0.132419,	Delta[d](12) = 0.189801,	Delta[d](13) = 0.17656,	Delta[d](14) = 0.132419,	Delta[d](15) = 0.17656,	Delta[s+](0) = 0.560229,	Delta[s+](1) = 0.417127,	Delta[s+](2) = 0.199662,	Delta[s+](3) = 0.417127,	Delta[s+](4) = 0.417127,	Delta[s+](5) = 0.291497,	Delta[s+](6) = 0.126083,	Delta[s+](7) = 0.291497,	Delta[s+](8) = 0.199662,	Delta[s+](9) = 0.126083,	Delta[s+](10) = 0.0381529,	Delta[s+](11) = 0.126083,	Delta[s+](12) = 0.417127,	Delta[s+](13) = 0.291497,	Delta[s+](14) = 0.126083,	Delta[s+](15) = 0.291497
The 0-th iteration is completed.	|| time cost : 0h 6m 30.049s
********************************************************************************************************************
Start the 1 rounds of NGS-ED iteration
	effective electronic model is modified as: kinetic energy t = 0.999611
	                                           effective interaction Vq = [-0.0461348,-0.0276899,-0.0148677,-0.0276899,-0.0276899,-0.0150243,-0.0064671,-0.0150243,-0.0148677,-0.0064671,-0.0015846,-0.0064671,-0.0276899,-0.0150243,-0.0064671,-0.0150243]
	PARPACK diagonalization completed after 60 matrix-vector product operations.
	iteration results: : total energy is -12.468777 | electron energy -12.468777 + phonon energy 0.000000 | electron momentum kIdx = 0
The 1-th iteration is completed.	|| time cost : 0h 5m 17.45s
********************************************************************************************************************
Start the 2 rounds of NGS-ED iteration
	effective electronic model is modified as: kinetic energy t = 0.999469
	                                           effective interaction Vq = [ -0.0497012, -0.0301264,  -0.016093, -0.0301264, -0.0301264, -0.0162876,-0.00697483, -0.0162876,  -0.016093,-0.00697483, -0.0017027,-0.00697483, -0.0301264, -0.0162876,-0.00697483, -0.0162876]
	PARPACK diagonalization completed after 45 matrix-vector product operations.
	iteration results: : total energy is -12.513543 | electron energy -12.513543 + phonon energy 0.000000 | electron momentum kIdx = 0
The 2-th iteration is completed.	|| time cost : 0h 0m 24.395s
********************************************************************************************************************
Start the 3 rounds of NGS-ED iteration
	effective electronic model is modified as: kinetic energy t = 0.999442
	                                           effective interaction Vq = [ -0.0499769, -0.0304893, -0.0162581, -0.0304893, -0.0304893, -0.0164631,-0.00703861, -0.0164631, -0.0162581,-0.00703861, -0.0017165,-0.00703861, -0.0304893, -0.0164631,-0.00703861, -0.0164631]
	PARPACK diagonalization completed after 30 matrix-vector product operations.
	iteration results: : total energy is -12.516956 | electron energy -12.516956 + phonon energy 0.000000 | electron momentum kIdx = 0
The 3-th iteration is completed.	|| time cost : 0h 0m 21.59s
********************************************************************************************************************
Start the 4 rounds of NGS-ED iteration
	effective electronic model is modified as: kinetic energy t = 0.999437
	                                           effective interaction Vq = [ -0.0499982, -0.0305564, -0.0162834, -0.0305564, -0.0305564, -0.0164912, -0.0070475, -0.0164912, -0.0162834, -0.0070475,-0.00171826, -0.0070475, -0.0305564, -0.0164912, -0.0070475, -0.0164912]
	PARPACK diagonalization completed after 30 matrix-vector product operations.
	iteration results: : total energy is -12.517218 | electron energy -12.517218 + phonon energy 0.000001 | electron momentum kIdx = 0
The 4-th iteration is completed.	|| time cost : 0h 0m 21.62s
********************************************************************************************************************
Start the 5 rounds of NGS-ED iteration
	effective electronic model is modified as: kinetic energy t = 0.999436
	                                           effective interaction Vq = [ -0.0499999, -0.0305695, -0.0162874, -0.0305695, -0.0305695, -0.0164959,-0.00704875, -0.0164959, -0.0162874,-0.00704875,-0.00171848,-0.00704875, -0.0305695, -0.0164959,-0.00704875, -0.0164959]
	PARPACK diagonalization completed after 30 matrix-vector product operations.
	iteration results: : total energy is -12.517238 | electron energy -12.517239 + phonon energy 0.000001 | electron momentum kIdx = 0
	Nq(0) = 12.25,	Nq(1) = 0.154583,	Nq(2) = 0.185645,	Nq(3) = 0.154583,	Nq(4) = 0.154583,	Nq(5) = 0.203665,	Nq(6) = 0.235969,	Nq(7) = 0.203665,	Nq(8) = 0.185645,	Nq(9) = 0.235969,	Nq(10) = 0.275772,	Nq(11) = 0.235969,	Nq(12) = 0.154583,	Nq(13) = 0.203665,	Nq(14) = 0.235969,	Nq(15) = 0.203665,	Sq(0) = 1.21508e-18,	Sq(1) = 0.474105,	Sq(2) = 0.765939,	Sq(3) = 0.474105,	Sq(4) = 0.474105,	Sq(5) = 0.630472,	Sq(6) = 1.05217,	Sq(7) = 0.630472,	Sq(8) = 0.765939,	Sq(9) = 1.05217,	Sq(10) = 2.56722,	Sq(11) = 1.05217,	Sq(12) = 0.474105,	Sq(13) = 0.630472,	Sq(14) = 1.05217,	Sq(15) = 0.630472,	N(0) = 1.75556,	N(1) = 1.59214,	N(2) = 0.322146,	N(3) = 1.59214,	N(4) = 1.59214,	N(5) = 0.99981,	N(6) = 0.266817,	N(7) = 0.99981,	N(8) = 0.322146,	N(9) = 0.266817,	N(10) = 0.165077,	N(11) = 0.266817,	N(12) = 1.59214,	N(13) = 0.99981,	N(14) = 0.266817,	N(15) = 0.99981,	Delta[s](0) = 0.0796313,	Delta[s](1) = 0.0594923,	Delta[s](2) = 0.035546,	Delta[s](3) = 0.0594923,	Delta[s](4) = 0.0594923,	Delta[s](5) = 0.0424942,	Delta[s](6) = 0.0195515,	Delta[s](7) = 0.0424942,	Delta[s](8) = 0.035546,	Delta[s](9) = 0.0195515,	Delta[s](10) = 8.96487e-05,	Delta[s](11) = 0.0195515,	Delta[s](12) = 0.0594923,	Delta[s](13) = 0.0424942,	Delta[s](14) = 0.0195515,	Delta[s](15) = 0.0424942,	Delta[d](0) = 0.276779,	Delta[d](1) = 0.189775,	Delta[d](2) = 0.199706,	Delta[d](3) = 0.189775,	Delta[d](4) = 0.189775,	Delta[d](5) = 0.176566,	Delta[d](6) = 0.13237,	Delta[d](7) = 0.176566,	Delta[d](8) = 0.199706,	Delta[d](9) = 0.13237,	Delta[d](10) = 0.0533374,	Delta[d](11) = 0.13237,	Delta[d](12) = 0.189775,	Delta[d](13) = 0.176566,	Delta[d](14) = 0.13237,	Delta[d](15) = 0.176566,	Delta[s+](0) = 0.560828,	Delta[s+](1) = 0.417541,	Delta[s+](2) = 0.199706,	Delta[s+](3) = 0.417541,	Delta[s+](4) = 0.417541,	Delta[s+](5) = 0.29172,	Delta[s+](6) = 0.126069,	Delta[s+](7) = 0.29172,	Delta[s+](8) = 0.199706,	Delta[s+](9) = 0.126069,	Delta[s+](10) = 0.0381011,	Delta[s+](11) = 0.126069,	Delta[s+](12) = 0.417541,	Delta[s+](13) = 0.29172,	Delta[s+](14) = 0.126069,	Delta[s+](15) = 0.29172
The 5-th iteration is completed.	|| time cost : 0h 3m 59.181s
********************************************************************************************************************
********************************************************************************************************************
Ground state is obtained after 6 iterations. The current ground-state energy is -12.5172, in which electron energy is -12.5172 and phonon energy is 5.25908e-07
final variational state is: 
	Gamma_x = [      1,1.00013,1.00011,1.00013,1.00013,1.00012,1.00007,1.00012,1.00011,1.00007,1.00002,1.00007,1.00013,1.00012,1.00007,1.00012]
	lambda_q = [ 0.0624711, 0.0394378, 0.0259351, 0.0394378, 0.0394378, 0.0266625, 0.0163801, 0.0266625, 0.0259351, 0.0163801,0.00781053, 0.0163801, 0.0394378, 0.0266625, 0.0163801, 0.0266625]
The effective e-e interactions mediated by phonons are: [      0.05,  0.030572,  0.016288,  0.030572,  0.030572, 0.0164966,0.00704893, 0.0164966,  0.016288,0.00704893,0.00171851,0.00704893,  0.030572, 0.0164966,0.00704893, 0.0164966]
The real-space interactions mediated by phonons are: [  -0.300765, -0.0747486,-0.00514395, -0.0106792, -0.0953277, -0.0361404,-0.00514395, -0.0132798, -0.0183081, -0.0132798,-0.00514395, -0.0361404, -0.0953277, -0.0106792,-0.00514395, -0.0747486]
********************************************************************************************************************
o___o  ----------------------------------------
| L |	Time since last clock: 0h 0m 0s
A===A	Time since the beginning: 0h 16m 54.287s
***********************************************

********************************************************************************************************************
Start warm-up calculation for scaling factor 32
open output files: NGSEDWarmUpW6.4Obs.txt
********************************************************************************************************************
Start the 0 rounds of NGS-ED iteration
	effective electronic model is modified as: kinetic energy t = 0.999436
	                                           effective interaction Vq = [ -0.0457011, -0.0257408, -0.0133005, -0.0257408, -0.0257408, -0.0135494,-0.00569562, -0.0135494, -0.0133005,-0.00569562,-0.00137689,-0.00569562, -0.0257408, -0.0135494,-0.00569562, -0.0135494]
	PARPACK diagonalization completed after 45 matrix-vector product operations.
	iteration results: : total energy is -12.456711 | electron energy -12.456711 + phonon energy 0.000000 | electron momentum kIdx = 0
	Nq(0) = 12.25,	Nq(1) = 0.154515,	Nq(2) = 0.185572,	Nq(3) = 0.154515,	Nq(4) = 0.154515,	Nq(5) = 0.203581,	Nq(6) = 0.23589,	Nq(7) = 0.203581,	Nq(8) = 0.185572,	Nq(9) = 0.23589,	Nq(10) = 0.275694,	Nq(11) = 0.23589,	Nq(12) = 0.154515,	Nq(13) = 0.203581,	Nq(14) = 0.23589,	Nq(15) = 0.203581,	Sq(0) = 5.91813e-18,	Sq(1) = 0.474129,	Sq(2) = 0.766026,	Sq(3) = 0.474129,	Sq(4) = 0.474129,	Sq(5) = 0.630522,	Sq(6) = 1.05232,	Sq(7) = 0.630522,	Sq(8) = 0.766026,	Sq(9) = 1.05232,	Sq(10) = 2.56729,	Sq(11) = 1.05232,	Sq(12) = 0.474129,	Sq(13) = 0.630522,	Sq(14) = 1.05232,	Sq(15) = 0.630522,	N(0) = 1.75536,	N(1) = 1.59187,	N(2) = 0.322396,	N(3) = 1.59187,	N(4) = 1.59187,	N(5) = 0.99982,	N(6) = 0.26697,	N(7) = 0.99982,	N(8) = 0.322396,	N(9) = 0.26697,	N(10) = 0.165189,	N(11) = 0.26697,	N(12) = 1.59187,	N(13) = 0.99982,	N(14) = 0.26697,	N(15) = 0.99982,	Delta[s](0) = 0.079551,	Delta[s](1) = 0.0594343,	Delta[s](2) = 0.0355174,	Delta[s](3) = 0.0594343,	Delta[s](4) = 0.0594343,	Delta[s](5) = 0.042452,	Delta[s](6) = 0.0195391,	Delta[s](7) = 0.042452,	Delta[s](8) = 0.0355174,	Delta[s](9) = 0.0195391,	Delta[s](10) = 0.000103033,	Delta[s](11) = 0.0195391,	Delta[s](12) = 0.0594343,	Delta[s](13) = 0.042452,	Delta[s](14) = 0.0195391,	Delta[s](15) = 0.042452,	Delta[d](0) = 0.276881,	Delta[d](1) = 0.189946,	Delta[d](2) = 0.199852,	Delta[d](3) = 0.189946,	Delta[d](4) = 0.189946,	Delta[d](5) = 0.176712,	Delta[d](6) = 0.132493,	Delta[d](7) = 0.176712,	Delta[d](8) = 0.199852,	Delta[d](9) = 0.132493,	Delta[d](10) = 0.0534049,	Delta[d](11) = 0.132493,	Delta[d](12) = 0.189946,	Delta[d](13) = 0.176712,	Delta[d](14) = 0.132493,	Delta[d](15) = 0.176712,	Delta[s+](0) = 0.561079,	Delta[s+](1) = 0.417738,	Delta[s+](2) = 0.199852,	Delta[s+](3) = 0.417738,	Delta[s+](4) = 0.417738,	Delta[s+](5) = 0.291878,	Delta[s+](6) = 0.126177,	Delta[s+](7) = 0.291878,	Delta[s+](8) = 0.199852,	Delta[s+](9) = 0.126177,	Delta[s+](10) = 0.0381564,	Delta[s+](11) = 0.126177,	Delta[s+](12) = 0.417738,	Delta[s+](13) = 0.291878,	Delta[s+](14) = 0.126177,	Delta[s+](15) = 0.291878
The 0-th iteration is completed.	|| time cost : 0h 4m 1.865s
********************************************************************************************************************
Start the 1 rounds of NGS-ED iteration
	effective electronic model is modified as: kinetic energy t = 0.999351
	                                           effective interaction Vq = [ -0.0488047, -0.0272877, -0.0137975, -0.0272877, -0.0272877, -0.0141296,-0.00584342, -0.0141296, -0.0137975,-0.00584342,-0.00139791,-0.00584342, -0.0272877, -0.0141296,-0.00584342, -0.0141296]
	PARPACK diagonalization completed after 45 matrix-vector product operations.
	iteration results: : total energy is -12.495043 | electron energy -12.495044 + phonon energy 0.000001 | electron momentum kIdx = 0
The 1-th iteration is completed.	|| time cost : 0h 0m 24.503s
********************************************************************************************************************
Start the 2 rounds of NGS-ED iteration
	effective electronic model is modified as: kinetic energy t = 0.99932
	                                           effective interaction Vq = [-0.0496677,-0.0278109,-0.0139405,-0.0278109,-0.0278109,-0.0143034,-0.0058824,-0.0143034,-0.0139405,-0.0058824, -0.001403,-0.0058824,-0.0278109,-0.0143034,-0.0058824,-0.0143034]
	PARPACK diagonalization completed after 45 matrix-vector product operations.
	iteration results: : total energy is -12.505654 | electron energy -12.505655 + phonon energy 0.000001 | electron momentum kIdx = 0
The 2-th iteration is completed.	|| time cost : 0h 0m 24.523s
********************************************************************************************************************
Start the 3 rounds of NGS-ED iteration
	effective electronic model is modified as: kinetic energy t = 0.999309
	                                           effective interaction Vq = [ -0.0499076,  -0.027999, -0.0139828,  -0.027999,  -0.027999, -0.0143571,-0.00589284, -0.0143571, -0.0139828,-0.00589284,-0.00140425,-0.00589284,  -0.027999, -0.0143571,-0.00589284, -0.0143571]
	PARPACK diagonalization completed after 30 matrix-vector product operations.
	iteration results: : total energy is -12.508598 | electron energy -12.508600 + phonon energy 0.000002 | electron momentum kIdx = 0
The 3-th iteration is completed.	|| time cost : 0h 0m 21.696s
********************************************************************************************************************
Start the 4 rounds of NGS-ED iteration
	effective electronic model is modified as: kinetic energy t = 0.999306
	                                           effective interaction Vq = [ -0.0499743, -0.0280684, -0.0139953, -0.0280684, -0.0280684, -0.0143739,-0.00589565, -0.0143739, -0.0139953,-0.00589565,-0.00140456,-0.00589565, -0.0280684, -0.0143739,-0.00589565, -0.0143739]
	PARPACK diagonalization completed after 30 matrix-vector product operations.
	iteration results: : total energy is -12.509416 | electron energy -12.509418 + phonon energy 0.000002 | electron momentum kIdx = 0
The 4-th iteration is completed.	|| time cost : 0h 0m 21.605s
********************************************************************************************************************
Start the 5 rounds of NGS-ED iteration
	effective electronic model is modified as: kinetic energy t = 0.999304
	                                           effective interaction Vq = [ -0.0499929, -0.0280943, -0.0139991, -0.0280943, -0.0280943, -0.0143792,-0.00589641, -0.0143792, -0.0139991,-0.00589641,-0.00140463,-0.00589641, -0.0280943, -0.0143792,-0.00589641, -0.0143792]
	PARPACK diagonalization completed after 30 matrix-vector product operations.
	iteration results: : total energy is -12.509643 | electron energy -12.509645 + phonon energy 0.000002 | electron momentum kIdx = 0
	Nq(0) = 12.25,	Nq(1) = 0.154538,	Nq(2) = 0.185575,	Nq(3) = 0.154538,	Nq(4) = 0.154538,	Nq(5) = 0.203584,	Nq(6) = 0.235887,	Nq(7) = 0.203584,	Nq(8) = 0.185575,	Nq(9) = 0.235887,	Nq(10) = 0.275689,	Nq(11) = 0.235887,	Nq(12) = 0.154538,	Nq(13) = 0.203584,	Nq(14) = 0.235887,	Nq(15) = 0.203584,	Sq(0) = 1.6672e-18,	Sq(1) = 0.474108,	Sq(2) = 0.766016,	Sq(3) = 0.474108,	Sq(4) = 0.474108,	Sq(5) = 0.630514,	Sq(6) = 1.05233,	Sq(7) = 0.630514,	Sq(8) = 0.766016,	Sq(9) = 1.05233,	Sq(10) = 2.56728,	Sq(11) = 1.05233,	Sq(12) = 0.474108,	Sq(13) = 0.630514,	Sq(14) = 1.05233,	Sq(15) = 0.630514,	N(0) = 1.75538,	N(1) = 1.5919,	N(2) = 0.322379,	N(3) = 1.5919,	N(4) = 1.5919,	N(5) = 0.999813,	N(6) = 0.266956,	N(7) = 0.999813,	N(8) = 0.322379,	N(9) = 0.266956,	N(10) = 0.165191,	N(11) = 0.266956,	N(12) = 1.5919,	N(13) = 0.999813,	N(14) = 0.266956,	N(15) = 0.999813,	Delta[s](0) = 0.0795492,	Delta[s](1) = 0.059435,	Delta[s](2) = 0.0355206,	Delta[s](3) = 0.059435,	Delta[s](4) = 0.059435,	Delta[s](5) = 0.0424547,	Delta[s](6) = 0.0195442,	Delta[s](7) = 0.0424547,	Delta[s](8) = 0.0355206,	Delta[s](9) = 0.0195442,	Delta[s](10) = 0.000110405,	Delta[s](11) = 0.0195442,	Delta[s](12) = 0.059435,	Delta[s](13) = 0.0424547,	Delta[s](14) = 0.0195442,	Delta[s](15) = 0.0424547,	Delta[d](0) = 0.277094,	Delta[d](1) = 0.19008,	Delta[d](2) = 0.199983,	Delta[d](3) = 0.19008,	Delta[d](4) = 0.19008,	Delta[d](5) = 0.176831,	Delta[d](6) = 0.132581,	Delta[d](7) = 0.176831,	Delta[d](8) = 0.199983,	Delta[d](9) = 0.132581,	Delta[d](10) = 0.0534472,	Delta[d](11) = 0.132581,	Delta[d](12) = 0.19008,	Delta[d](13) = 0.176831,	Delta[d](14) = 0.132581,	Delta[d](15) = 0.176831,	Delta[s+](0) = 0.561434,	Delta[s+](1) = 0.418002,	Delta[s+](2) = 0.199983,	Delta[s+](3) = 0.418002,	Delta[s+](4) = 0.418002,	Delta[s+](5) = 0.292062,	Delta[s+](6) = 0.126261,	Delta[s+](7) = 0.292062,	Delta[s+](8) = 0.199983,	Delta[s+](9) = 0.126261,	Delta[s+](10) = 0.0381858,	Delta[s+](11) = 0.126261,	Delta[s+](12) = 0.418002,	Delta[s+](13) = 0.292062,	Delta[s+](14) = 0.126261,	Delta[s+](15) = 0.292062
The 5-th iteration is completed.	|| time cost : 0h 3m 58.787s
********************************************************************************************************************
********************************************************************************************************************
Ground state is obtained after 6 iterations. The current ground-state energy is -12.5096, in which electron energy is -12.5096 and phonon energy is 1.64203e-06
final variational state is: 
	Gamma_x = [      1,1.00035,1.00026,1.00035,1.00035,1.00028,1.00015,1.00028,1.00026,1.00015,1.00004,1.00015,1.00035,1.00028,1.00015,1.00028]
	lambda_q = [ 0.0878313, 0.0460377, 0.0280337, 0.0460377, 0.0460377, 0.0292528, 0.0172265, 0.0292528, 0.0280337, 0.0172265,0.00803281, 0.0172265, 0.0460377, 0.0292528, 0.0172265, 0.0292528]
The effective e-e interactions mediated by phonons are: [  0.049998,  0.028104, 0.0140002,  0.028104,  0.028104, 0.0143808,0.00589662, 0.0143808, 0.0140002,0.00589662,0.00140465,0.00589662,  0.028104, 0.0143808,0.00589662, 0.0143808]
The real-space interactions mediated by phonons are: [ -0.272929,-0.0739195,-0.0077903,-0.0150729,-0.0930081,-0.0391099,-0.0077903,-0.0158889,-0.0218798,-0.0158889,-0.0077903,-0.0391099,-0.0930081,-0.0150729,-0.0077903,-0.0739195]
********************************************************************************************************************
o___o  ----------------------------------------
| L |	Time since last clock: 0h 0m 0s
A===A	Time since the beginning: 0h 26m 27.27s
***********************************************

********************************************************************************************************************
Start warm-up calculation for scaling factor 16
open output files: NGSEDWarmUpW3.2Obs.txt
********************************************************************************************************************
Start the 0 rounds of NGS-ED iteration
	effective electronic model is modified as: kinetic energy t = 0.999304
	                                           effective interaction Vq = [ -0.0455792, -0.0226818, -0.0109413, -0.0226818, -0.0226818,  -0.011303,-0.00456288,  -0.011303, -0.0109413,-0.00456288,-0.00107877,-0.00456288, -0.0226818,  -0.011303,-0.00456288,  -0.011303]
	PARPACK diagonalization completed after 45 matrix-vector product operations.
	iteration results: : total energy is -12.447237 | electron energy -12.447237 + phonon energy 0.000001 | electron momentum kIdx = 0
	Nq(0) = 12.25,	Nq(1) = 0.154463,	Nq(2) = 0.1855,	Nq(3) = 0.154463,	Nq(4) = 0.154463,	Nq(5) = 0.203497,	Nq(6) = 0.235806,	Nq(7) = 0.203497,	Nq(8) = 0.1855,	Nq(9) = 0.235806,	Nq(10) = 0.275607,	Nq(11) = 0.235806,	Nq(12) = 0.154463,	Nq(13) = 0.203497,	Nq(14) = 0.235806,	Nq(15) = 0.203497,	Sq(0) = -5.11221e-19,	Sq(1) = 0.474138,	Sq(2) = 0.766108,	Sq(3) = 0.474138,	Sq(4) = 0.474138,	Sq(5) = 0.630568,	Sq(6) = 1.05249,	Sq(7) = 0.630568,	Sq(8) = 0.766108,	Sq(9) = 1.05249,	Sq(10) = 2.56735,	Sq(11) = 1.05249,	Sq(12) = 0.474138,	Sq(13) = 0.630568,	Sq(14) = 1.05249,	Sq(15) = 0.630568,	N(0) = 1.75518,	N(1) = 1.59162,	N(2) = 0.32264,	N(3) = 1.59162,	N(4) = 1.59162,	N(5) = 0.999825,	N(6) = 0.267117,	N(7) = 0.999825,	N(8) = 0.32264,	N(9) = 0.267117,	N(10) = 0.165306,	N(11) = 0.267117,	N(12) = 1.59162,	N(13) = 0.999825,	N(14) = 0.267117,	N(15) = 0.999825,	Delta[s](0) = 0.0794804,	Delta[s](1) = 0.0593817,	Delta[s](2) = 0.0354884,	Delta[s](3) = 0.0593817,	Delta[s](4) = 0.0593817,	Delta[s](5) = 0.0424119,	Delta[s](6) = 0.0195233,	Delta[s](7) = 0.0424119,	Delta[s](8) = 0.0354884,	Delta[s](9) = 0.0195233,	Delta[s](10) = 0.000109092,	Delta[s](11) = 0.0195233,	Delta[s](12) = 0.0593817,	Delta[s](13) = 0.0424119,	Delta[s](14) = 0.0195233,	Delta[s](15) = 0.0424119,	Delta[d](0) = 0.277188,	Delta[d](1) = 0.190229,	Delta[d](2) = 0.200115,	Delta[d](3) = 0.190229,	Delta[d](4) = 0.190229,	Delta[d](5) = 0.176959,	Delta[d](6) = 0.132689,	Delta[d](7) = 0.176959,	Delta[d](8) = 0.200115,	Delta[d](9) = 0.132689,	Delta[d](10) = 0.0535009,	Delta[d](11) = 0.132689,	Delta[d](12) = 0.190229,	Delta[d](13) = 0.176959,	Delta[d](14) = 0.132689,	Delta[d](15) = 0.176959,	Delta[s+](0) = 0.561684,	Delta[s+](1) = 0.418195,	Delta[s+](2) = 0.200115,	Delta[s+](3) = 0.418195,	Delta[s+](4) = 0.418195,	Delta[s+](5) = 0.292213,	Delta[s+](6) = 0.126355,	Delta[s+](7) = 0.292213,	Delta[s+](8) = 0.200115,	Delta[s+](9) = 0.126355,	Delta[s+](10) = 0.0382289,	Delta[s+](11) = 0.126355,	Delta[s+](12) = 0.418195,	Delta[s+](13) = 0.292213,	Delta[s+](14) = 0.126355,	Delta[s+](15) = 0.292213
The 0-th iteration is completed.	|| time cost : 0h 4m 1.676s
********************************************************************************************************************
Start the 1 rounds of NGS-ED iteration
	effective electronic model is modified as: kinetic energy t = 0.999311
	                                           effective interaction Vq = [ -0.0476689, -0.0230553, -0.0107471, -0.0230553, -0.0230553,  -0.011188,-0.00441306,  -0.011188, -0.0107471,-0.00441306,-0.00102893,-0.00441306, -0.0230553,  -0.011188,-0.00441306,  -0.011188]
	PARPACK diagonalization completed after 45 matrix-vector product operations.
	iteration results: : total energy is -12.472869 | electron energy -12.472871 + phonon energy 0.000002 | electron momentum kIdx = 0
The 1-th iteration is completed.	|| time cost : 0h 0m 24.471s
********************************************************************************************************************
Start the 2 rounds of NGS-ED iteration
	effective electronic model is modified as: kinetic energy t = 0.999312
	                                           effective interaction Vq = [ -0.0487708, -0.0232454, -0.0106668, -0.0232454, -0.0232454, -0.0111382,-0.00435682, -0.0111382, -0.0106668,-0.00435682,-0.00101186,-0.00435682, -0.0232454, -0.0111382,-0.00435682, -0.0111382]
	PARPACK diagonalization completed after 45 matrix-vector product operations.
	iteration results: : total energy is -12.486375 | electron energy -12.486377 + phonon energy 0.000002 | electron momentum kIdx = 0
The 2-th iteration is completed.	|| time cost : 0h 0m 24.545s
********************************************************************************************************************
Start the 3 rounds of NGS-ED iteration
	effective electronic model is modified as: kinetic energy t = 0.999312
	                                           effective interaction Vq = [ -0.0493519,  -0.023343, -0.0106338,  -0.023343,  -0.023343, -0.0111168,-0.00433591, -0.0111168, -0.0106338,-0.00433591,-0.00100608,-0.00433591,  -0.023343, -0.0111168,-0.00433591, -0.0111168]
	PARPACK diagonalization completed after 30 matrix-vector product operations.
	iteration results: : total energy is -12.493494 | electron energy -12.493497 + phonon energy 0.000003 | electron momentum kIdx = 0
The 3-th iteration is completed.	|| time cost : 0h 0m 21.705s
********************************************************************************************************************
Start the 4 rounds of NGS-ED iteration
	effective electronic model is modified as: kinetic energy t = 0.999311
	                                           effective interaction Vq = [ -0.0496582, -0.0233933, -0.0106203, -0.0233933, -0.0233933, -0.0111076,-0.00432816, -0.0111076, -0.0106203,-0.00432816,-0.00100413,-0.00432816, -0.0233933, -0.0111076,-0.00432816, -0.0111076]
	PARPACK diagonalization completed after 30 matrix-vector product operations.
	iteration results: : total energy is -12.497247 | electron energy -12.497251 + phonon energy 0.000003 | electron momentum kIdx = 0
The 4-th iteration is completed.	|| time cost : 0h 0m 21.645s
********************************************************************************************************************
Start the 5 rounds of NGS-ED iteration
	effective electronic model is modified as: kinetic energy t = 0.999311
	                                           effective interaction Vq = [ -0.0498198, -0.0234193, -0.0106148, -0.0234193, -0.0234193, -0.0111037,-0.00432529, -0.0111037, -0.0106148,-0.00432529,-0.00100347,-0.00432529, -0.0234193, -0.0111037,-0.00432529, -0.0111037]
	PARPACK diagonalization completed after 30 matrix-vector product operations.
	iteration results: : total energy is -12.499226 | electron energy -12.499230 + phonon energy 0.000003 | electron momentum kIdx = 0
The 5-th iteration is completed.	|| time cost : 0h 0m 21.712s
********************************************************************************************************************
Start the 6 rounds of NGS-ED iteration
	effective electronic model is modified as: kinetic energy t = 0.999311
	                                           effective interaction Vq = [  -0.049905, -0.0234327, -0.0106126, -0.0234327, -0.0234327,  -0.011102,-0.00432423,  -0.011102, -0.0106126,-0.00432423,-0.00100325,-0.00432423, -0.0234327,  -0.011102,-0.00432423,  -0.011102]
	PARPACK diagonalization completed after 30 matrix-vector product operations.
	iteration results: : total energy is -12.500270 | electron energy -12.500273 + phonon energy 0.000003 | electron momentum kIdx = 0
The 6-th iteration is completed.	|| time cost : 0h 0m 21.606s
********************************************************************************************************************
Start the 7 rounds of NGS-ED iteration
	effective electronic model is modified as: kinetic energy t = 0.99931
	                                           effective interaction Vq = [ -0.0499499, -0.0234397, -0.0106117, -0.0234397, -0.0234397, -0.0111013,-0.00432384, -0.0111013, -0.0106117,-0.00432384,-0.00100317,-0.00432384, -0.0234397, -0.0111013,-0.00432384, -0.0111013]
	PARPACK diagonalization completed after 30 matrix-vector product operations.
	iteration results: : total energy is -12.500820 | electron energy -12.500824 + phonon energy 0.000003 | electron momentum kIdx = 0
The 7-th iteration is completed.	|| time cost : 0h 0m 21.587s
********************************************************************************************************************
Start the 8 rounds of NGS-ED iteration
	effective electronic model is modified as: kinetic energy t = 0.99931
	                                           effective interaction Vq = [ -0.0499736, -0.0234433, -0.0106113, -0.0234433, -0.0234433,  -0.011101, -0.0043237,  -0.011101, -0.0106113, -0.0043237,-0.00100315, -0.0043237, -0.0234433,  -0.011101, -0.0043237,  -0.011101]
	PARPACK diagonalization completed after 30 matrix-vector product operations.
	iteration results: : total energy is -12.501110 | electron energy -12.501114 + phonon energy 0.000003 | electron momentum kIdx = 0
The 8-th iteration is completed.	|| time cost : 0h 0m 21.671s
********************************************************************************************************************
Start the 9 rounds of NGS-ED iteration
	effective electronic model is modified as: kinetic energy t = 0.99931
	                                           effective interaction Vq = [ -0.0499861, -0.0234452, -0.0106111, -0.0234452, -0.0234452, -0.0111008,-0.00432365, -0.0111008, -0.0106111,-0.00432365,-0.00100314,-0.00432365, -0.0234452, -0.0111008,-0.00432365, -0.0111008]
	PARPACK diagonalization completed after 30 matrix-vector product operations.
	iteration results: : total energy is -12.501263 | electron energy -12.501267 + phonon energy 0.000003 | electron momentum kIdx = 0
	Nq(0) = 12.25,	Nq(1) = 0.154473,	Nq(2) = 0.185493,	Nq(3) = 0.154473,	Nq(4) = 0.154473,	Nq(5) = 0.20349,	Nq(6) = 0.235799,	Nq(7) = 0.20349,	Nq(8) = 0.185493,	Nq(9) = 0.235799,	Nq(10) = 0.275604,	Nq(11) = 0.235799,	Nq(12) = 0.154473,	Nq(13) = 0.20349,	Nq(14) = 0.235799,	Nq(15) = 0.20349,	Sq(0) = 2.37117e-18,	Sq(1) = 0.474126,	Sq(2) = 0.766108,	Sq(3) = 0.474126,	Sq(4) = 0.474126,	Sq(5) = 0.630566,	Sq(6) = 1.05251,	Sq(7) = 0.630566,	Sq(8) = 0.766108,	Sq(9) = 1.05251,	Sq(10) = 2.56734,	Sq(11) = 1.05251,	Sq(12) = 0.474126,	Sq(13) = 0.630566,	Sq(14) = 1.05251,	Sq(15) = 0.630566,	N(0) = 1.75517,	N(1) = 1.59161,	N(2) = 0.322653,	N(3) = 1.59161,	N(4) = 1.59161,	N(5) = 0.99982,	N(6) = 0.267119,	N(7) = 0.99982,	N(8) = 0.322653,	N(9) = 0.267119,	N(10) = 0.165314,	N(11) = 0.267119,	N(12) = 1.59161,	N(13) = 0.99982,	N(14) = 0.267119,	N(15) = 0.99982,	Delta[s](0) = 0.0794786,	Delta[s](1) = 0.0593804,	Delta[s](2) = 0.0354875,	Delta[s](3) = 0.0593804,	Delta[s](4) = 0.0593804,	Delta[s](5) = 0.0424107,	Delta[s](6) = 0.0195228,	Delta[s](7) = 0.0424107,	Delta[s](8) = 0.0354875,	Delta[s](9) = 0.0195228,	Delta[s](10) = 0.000109227,	Delta[s](11) = 0.0195228,	Delta[s](12) = 0.0593804,	Delta[s](13) = 0.0424107,	Delta[s](14) = 0.0195228,	Delta[s](15) = 0.0424107,	Delta[d](0) = 0.277621,	Delta[d](1) = 0.190518,	Delta[d](2) = 0.200413,	Delta[d](3) = 0.190518,	Delta[d](4) = 0.190518,	Delta[d](5) = 0.177224,	Delta[d](6) = 0.132887,	Delta[d](7) = 0.177224,	Delta[d](8) = 0.200413,	Delta[d](9) = 0.132887,	Delta[d](10) = 0.0535837,	Delta[d](11) = 0.132887,	Delta[d](12) = 0.190518,	Delta[d](13) = 0.177224,	Delta[d](14) = 0.132887,	Delta[d](15) = 0.177224,	Delta[s+](0) = 0.562511,	Delta[s+](1) = 0.418812,	Delta[s+](2) = 0.200413,	Delta[s+](3) = 0.418812,	Delta[s+](4) = 0.418812,	Delta[s+](5) = 0.292643,	Delta[s+](6) = 0.126543,	Delta[s+](7) = 0.292643,	Delta[s+](8) = 0.200413,	Delta[s+](9) = 0.126543,	Delta[s+](10) = 0.0382869,	Delta[s+](11) = 0.126543,	Delta[s+](12) = 0.418812,	Delta[s+](13) = 0.292643,	Delta[s+](14) = 0.126543,	Delta[s+](15) = 0.292643
The 9-th iteration is completed.	|| time cost : 0h 3m 59.197s
********************************************************************************************************************
********************************************************************************************************************
Ground state is obtained after 10 iterations. The current ground-state energy is -12.5013, in which electron energy is -12.5013 and phonon energy is 3.40711e-06
final variational state is: 
	Gamma_x = [      1,1.00077,1.00048,1.00077,1.00077,1.00054,1.00026,1.00054,1.00048,1.00026,1.00007,1.00026,1.00077,1.00054,1.00026,1.00054]
	lambda_q = [  0.123485, 0.0482982, 0.0269475, 0.0482982, 0.0482982, 0.0285672, 0.0161051, 0.0285672, 0.0269475, 0.0161051,0.00735008, 0.0161051, 0.0482982, 0.0285672, 0.0161051, 0.0285672]
The effective e-e interactions mediated by phonons are: [ 0.0499927, 0.0234461, 0.0106111, 0.0234461, 0.0234461, 0.0111008,0.00432363, 0.0111008, 0.0106111,0.00432363,0.00100314,0.00432363, 0.0234461, 0.0111008,0.00432363, 0.0111008]
The real-space interactions mediated by phonons are: [   -0.2277,-0.0711602,-0.0137114,-0.0222387,-0.0872345,-0.0429368,-0.0137114,-0.0211907,-0.0278148,-0.0211907,-0.0137114,-0.0429368,-0.0872345,-0.0222387,-0.0137114,-0.0711602]
********************************************************************************************************************
o___o  ----------------------------------------
| L |	Time since last clock: 0h 0m 0s
A===A	Time since the beginning: 0h 37m 27.088s
***********************************************

********************************************************************************************************************
Start warm-up calculation for scaling factor 8
open output files: NGSEDWarmUpW1.6Obs.txt
********************************************************************************************************************
Start the 0 rounds of NGS-ED iteration
	effective electronic model is modified as: kinetic energy t = 0.99931
	                                           effective interaction Vq = [   -0.045456,  -0.0181249, -0.00798442,  -0.0181249,  -0.0181249, -0.00839029, -0.00322916, -0.00839029, -0.00798442, -0.00322916,-0.000745129, -0.00322916,  -0.0181249, -0.00839029, -0.00322916, -0.00839029]
	PARPACK diagonalization completed after 45 matrix-vector product operations.
	iteration results: : total energy is -12.438201 | electron energy -12.438203 + phonon energy 0.000002 | electron momentum kIdx = 0
