TACC:  Starting up job 1748081 
TACC:  Starting parallel tasks... 
SNEDics v3.4 Non-Gaussian ED ground state program		Start at Sun Oct 11 16:28:47 2020

parallized on 16 MPI threads  * 7 OpenMP threads = 112 total threads.
********************************************************************************************************************
********************************************************************************************************************

********************************************************************************************************************
System parameters and configurations
********************************************************************************************************************
Special program options are enabled: splitted diagonal Hamiltonian
********************************************************************************************************************
Read input file "model_params.in"
	Hubbard-Holstein model parameters : 	t = 1    U = 8    W = 0.2    g' = 0.01    
********************************************************************************************************************
Read input file "hilbertspace_params.in"
	Requested 16-site 2D lattice, with 14 electrons (7, 7)
	Boundary : Periodic		Hilbert space representation : momentum-space (restricted to kIdx = 0)
	Conservation: particle number[U(1)]      spin[U(1)]     momentum
********************************************************************************************************************

Cluster Positions:				Cluster symmetry group : D4
 x ... x ... x ... x .....                       x ... x ... x ... x .....
 |           |           :                       |           |           :
 |           |           :                       |           |           :
12    13    14    15     x                       1     5     6     5     x
 |           |           :                       |           |           :
 |           |           :                       |           |           :
 8 --- 9 ---10 ---11 --- x                       2 --- 6 ---10 --- 6 --- x
 |           |           :                       |           |           :
 |           |           :                       |           |           :
 4     5     6     7     x                       1     5     6     5     x
 |           |           :                       |           |           :
 |           |           :                       |           |           :
 0 --- 1 --- 2 --- 3 --- x                       0 --- 1 --- 2 --- 1 --- x
orbital number : 1
********************************************************************************************************************
Read input file "obs_params.in"
	Observable Type : Nq(All),   Sq(All),   N(All),   Delta[s](All),   Delta[d](All),   Delta[s+](All)
********************************************************************************************************************
** WARNING ** the input observables have non-local factors which have been reinterpreted. The total observable number is 96
********************************************************************************************************************


********************************************************************************************************************
Start calculating the non-Gaussian ED ground state
** WARNING ** Detected low phonon energy W < 10. The initial state will be prepared through a warm-up process.
********************************************************************************************************************
Start warm-up calculation for scaling factor 64
open output files: NGSEDWarmUpW12.8Obs.txt
********************************************************************************************************************
Start the 0 rounds of NGS-ED iteration
	effective electronic model is modified as: kinetic energy t = 1
	                                           effective interaction Vq = [0,0,0,0,0,0,0,0,0,0,0,0,0,0,0,0]
	first Hamiltonian is constructed, non-zero numbers = 2178478298
	PARPACK diagonalization completed after 165 matrix-vector product operations.
	iteration results: : total energy is -11.868836 | electron energy -11.868836 + phonon energy 0.000000 | electron momentum kIdx = 0
	Nq(0) = 12.25,	Nq(1) = 0.154193,	Nq(2) = 0.185311,	Nq(3) = 0.154193,	Nq(4) = 0.154193,	Nq(5) = 0.203281,	Nq(6) = 0.235634,	Nq(7) = 0.203281,	Nq(8) = 0.185311,	Nq(9) = 0.235634,	Nq(10) = 0.275446,	Nq(11) = 0.235634,	Nq(12) = 0.154193,	Nq(13) = 0.203281,	Nq(14) = 0.235634,	Nq(15) = 0.203281,	Sq(0) = 1.11096e-18,	Sq(1) = 0.474292,	Sq(2) = 0.766364,	Sq(3) = 0.474292,	Sq(4) = 0.474292,	Sq(5) = 0.630724,	Sq(6) = 1.05279,	Sq(7) = 0.630724,	Sq(8) = 0.766364,	Sq(9) = 1.05279,	Sq(10) = 2.56755,	Sq(11) = 1.05279,	Sq(12) = 0.474292,	Sq(13) = 0.630724,	Sq(14) = 1.05279,	Sq(15) = 0.630724,	N(0) = 1.75464,	N(1) = 1.59086,	N(2) = 0.323321,	N(3) = 1.59086,	N(4) = 1.59086,	N(5) = 0.999881,	N(6) = 0.267546,	N(7) = 0.999881,	N(8) = 0.323321,	N(9) = 0.267546,	N(10) = 0.165565,	N(11) = 0.267546,	N(12) = 1.59086,	N(13) = 0.999881,	N(14) = 0.267546,	N(15) = 0.999881,	Delta[s](0) = 0.0793967,	Delta[s](1) = 0.0592889,	Delta[s](2) = 0.035389,	Delta[s](3) = 0.0592889,	Delta[s](4) = 0.0592889,	Delta[s](5) = 0.0423094,	Delta[s](6) = 0.0194186,	Delta[s](7) = 0.0423094,	Delta[s](8) = 0.035389,	Delta[s](9) = 0.0194186,	Delta[s](10) = 7.81769e-06,	Delta[s](11) = 0.0194186,	Delta[s](12) = 0.0592889,	Delta[s](13) = 0.0423094,	Delta[s](14) = 0.0194186,	Delta[s](15) = 0.0423094,	Delta[d](0) = 0.276116,	Delta[d](1) = 0.18958,	Delta[d](2) = 0.199469,	Delta[d](3) = 0.18958,	Delta[d](4) = 0.18958,	Delta[d](5) = 0.176365,	Delta[d](6) = 0.132262,	Delta[d](7) = 0.176365,	Delta[d](8) = 0.199469,	Delta[d](9) = 0.132262,	Delta[d](10) = 0.0532909,	Delta[d](11) = 0.132262,	Delta[d](12) = 0.18958,	Delta[d](13) = 0.176365,	Delta[d](14) = 0.132262,	Delta[d](15) = 0.176365,	Delta[s+](0) = 0.559851,	Delta[s+](1) = 0.416837,	Delta[s+](2) = 0.199469,	Delta[s+](3) = 0.416837,	Delta[s+](4) = 0.416837,	Delta[s+](5) = 0.29127,	Delta[s+](6) = 0.125938,	Delta[s+](7) = 0.29127,	Delta[s+](8) = 0.199469,	Delta[s+](9) = 0.125938,	Delta[s+](10) = 0.0380748,	Delta[s+](11) = 0.125938,	Delta[s+](12) = 0.416837,	Delta[s+](13) = 0.29127,	Delta[s+](14) = 0.125938,	Delta[s+](15) = 0.29127
The 0-th iteration is completed.	|| time cost : 0h 6m 29.052s
********************************************************************************************************************
Start the 1 rounds of NGS-ED iteration
	effective electronic model is modified as: kinetic energy t = 0.999951
	                                           effective interaction Vq = [ -0.00738156, -0.00173058,           0, -0.00173058, -0.00173058,-8.13986e-32, -0.00161671,-8.13986e-32,           0, -0.00161671, -0.00633817, -0.00161671, -0.00173058,-8.13986e-32, -0.00161671,-7.32587e-31]
	PARPACK diagonalization completed after 45 matrix-vector product operations.
	iteration results: : total energy is -11.962759 | electron energy -11.962759 + phonon energy 0.000000 | electron momentum kIdx = 0
The 1-th iteration is completed.	|| time cost : 0h 3m 51.332s
********************************************************************************************************************
Start the 2 rounds of NGS-ED iteration
	effective electronic model is modified as: kinetic energy t = 0.999935
	                                           effective interaction Vq = [ -0.00795219,  -0.0018827,           0,  -0.0018827,  -0.0018827, -8.8234e-32, -0.00174355, -8.8234e-32,           0, -0.00174355, -0.00681092, -0.00174355,  -0.0018827, -8.8234e-32, -0.00174355,-7.94106e-31]
	PARPACK diagonalization completed after 30 matrix-vector product operations.
	iteration results: : total energy is -11.969833 | electron energy -11.969833 + phonon energy 0.000000 | electron momentum kIdx = 0
The 2-th iteration is completed.	|| time cost : 0h 0m 46.694s
********************************************************************************************************************
Start the 3 rounds of NGS-ED iteration
	effective electronic model is modified as: kinetic energy t = 0.999933
	                                           effective interaction Vq = [  -0.0079963, -0.00190534,           0, -0.00190534, -0.00190534,-8.91826e-32, -0.00175948,-8.91826e-32,           0, -0.00175948, -0.00686619, -0.00175948, -0.00190534,-8.91826e-32, -0.00175948,-8.02643e-31]
	PARPACK diagonalization completed after 30 matrix-vector product operations.
	iteration results: : total energy is -11.970375 | electron energy -11.970375 + phonon energy 0.000000 | electron momentum kIdx = 0
The 3-th iteration is completed.	|| time cost : 0h 0m 46.686s
********************************************************************************************************************
Start the 4 rounds of NGS-ED iteration
	effective electronic model is modified as: kinetic energy t = 0.999932
	                                           effective interaction Vq = [ -0.00799971, -0.00190952,           0, -0.00190952, -0.00190952,-8.93343e-32, -0.00176169,-8.93343e-32,           0, -0.00176169, -0.00687322, -0.00176169, -0.00190952,-8.93343e-32, -0.00176169,-8.04009e-31]
	PARPACK diagonalization completed after 30 matrix-vector product operations.
	iteration results: : total energy is -11.970417 | electron energy -11.970417 + phonon energy 0.000000 | electron momentum kIdx = 0
	Nq(0) = 12.25,	Nq(1) = 0.154224,	Nq(2) = 0.185327,	Nq(3) = 0.154224,	Nq(4) = 0.154224,	Nq(5) = 0.2033,	Nq(6) = 0.235693,	Nq(7) = 0.2033,	Nq(8) = 0.185327,	Nq(9) = 0.235693,	Nq(10) = 0.275619,	Nq(11) = 0.235693,	Nq(12) = 0.154224,	Nq(13) = 0.2033,	Nq(14) = 0.235693,	Nq(15) = 0.2033,	Sq(0) = 3.60926e-18,	Sq(1) = 0.474284,	Sq(2) = 0.76632,	Sq(3) = 0.474284,	Sq(4) = 0.474284,	Sq(5) = 0.630689,	Sq(6) = 1.05274,	Sq(7) = 0.630689,	Sq(8) = 0.76632,	Sq(9) = 1.05274,	Sq(10) = 2.56739,	Sq(11) = 1.05274,	Sq(12) = 0.474284,	Sq(13) = 0.630689,	Sq(14) = 1.05274,	Sq(15) = 0.630689,	N(0) = 1.75474,	N(1) = 1.591,	N(2) = 0.323254,	N(3) = 1.591,	N(4) = 1.591,	N(5) = 0.999872,	N(6) = 0.267447,	N(7) = 0.999872,	N(8) = 0.323254,	N(9) = 0.267447,	N(10) = 0.165489,	N(11) = 0.267447,	N(12) = 1.591,	N(13) = 0.999872,	N(14) = 0.267447,	N(15) = 0.999872,	Delta[s](0) = 0.0794312,	Delta[s](1) = 0.0593162,	Delta[s](2) = 0.0354084,	Delta[s](3) = 0.0593162,	Delta[s](4) = 0.0593162,	Delta[s](5) = 0.0423305,	Delta[s](6) = 0.019431,	Delta[s](7) = 0.0423305,	Delta[s](8) = 0.0354084,	Delta[s](9) = 0.019431,	Delta[s](10) = 1.07106e-05,	Delta[s](11) = 0.019431,	Delta[s](12) = 0.0593162,	Delta[s](13) = 0.0423305,	Delta[s](14) = 0.019431,	Delta[s](15) = 0.0423305,	Delta[d](0) = 0.276132,	Delta[d](1) = 0.189579,	Delta[d](2) = 0.19947,	Delta[d](3) = 0.189579,	Delta[d](4) = 0.189579,	Delta[d](5) = 0.176368,	Delta[d](6) = 0.132257,	Delta[d](7) = 0.176368,	Delta[d](8) = 0.19947,	Delta[d](9) = 0.132257,	Delta[d](10) = 0.0532852,	Delta[d](11) = 0.132257,	Delta[d](12) = 0.189579,	Delta[d](13) = 0.176368,	Delta[d](14) = 0.132257,	Delta[d](15) = 0.176368,	Delta[s+](0) = 0.559879,	Delta[s+](1) = 0.41686,	Delta[s+](2) = 0.19947,	Delta[s+](3) = 0.41686,	Delta[s+](4) = 0.41686,	Delta[s+](5) = 0.291283,	Delta[s+](6) = 0.125936,	Delta[s+](7) = 0.291283,	Delta[s+](8) = 0.19947,	Delta[s+](9) = 0.125936,	Delta[s+](10) = 0.0380686,	Delta[s+](11) = 0.125936,	Delta[s+](12) = 0.41686,	Delta[s+](13) = 0.291283,	Delta[s+](14) = 0.125936,	Delta[s+](15) = 0.291283
The 4-th iteration is completed.	|| time cost : 0h 4m 22.953s
********************************************************************************************************************
********************************************************************************************************************
Ground state is obtained after 5 iterations. The current ground-state energy is -11.9704, in which electron energy is -11.9704 and phonon energy is 2.51074e-08
final variational state is: 
	Gamma_x = [      1,1.00001,      1,1.00001,1.00001,      1,1.00002,      1,      1,1.00002,1.00008,1.00002,1.00001,      1,1.00002,      1]
	lambda_q = [   0.0249585,  0.00985332,           0,  0.00985332,  0.00985332,-6.20317e-17, -0.00818799, 6.20317e-17,           0, -0.00818799,  -0.0156214, -0.00818799,  0.00985332, 6.20317e-17, -0.00818799, 1.86095e-16]
The effective e-e interactions mediated by phonons are: [ 0.00799998, 0.00191034,          0, 0.00191034, 0.00191034,8.93593e-32,   0.001762,8.93593e-32,          0,   0.001762, 0.00687413,   0.001762, 0.00191034,8.93593e-32,   0.001762,8.04233e-31]
The real-space interactions mediated by phonons are: [ -0.0295635,-0.00333304, -0.0041793, -0.0127804,-0.00142251,  -0.012941, -0.0041793,-0.00294543, -0.0148741,-0.00294543, -0.0041793,  -0.012941,-0.00142251, -0.0127804, -0.0041793,-0.00333304]
********************************************************************************************************************
o___o  ----------------------------------------
| L |	Time since last clock: 0h 0m 0s
A===A	Time since the beginning: 0h 16m 16.72s
***********************************************

********************************************************************************************************************
Start warm-up calculation for scaling factor 32
open output files: NGSEDWarmUpW6.4Obs.txt
********************************************************************************************************************
Start the 0 rounds of NGS-ED iteration
	effective electronic model is modified as: kinetic energy t = 0.999932
	                                           effective interaction Vq = [ -0.00730819, -0.00160819,           0, -0.00160819, -0.00160819,-7.33873e-32, -0.00142365,-7.33873e-32,           0, -0.00142365, -0.00550765, -0.00142365, -0.00160819,-7.33873e-32, -0.00142365,-6.60485e-31]
	PARPACK diagonalization completed after 45 matrix-vector product operations.
	iteration results: : total energy is -11.961064 | electron energy -11.961064 + phonon energy 0.000000 | electron momentum kIdx = 0
	Nq(0) = 12.25,	Nq(1) = 0.154218,	Nq(2) = 0.185323,	Nq(3) = 0.154218,	Nq(4) = 0.154218,	Nq(5) = 0.203294,	Nq(6) = 0.235679,	Nq(7) = 0.203294,	Nq(8) = 0.185323,	Nq(9) = 0.235679,	Nq(10) = 0.275582,	Nq(11) = 0.235679,	Nq(12) = 0.154218,	Nq(13) = 0.203294,	Nq(14) = 0.235679,	Nq(15) = 0.203294,	Sq(0) = 6.38381e-18,	Sq(1) = 0.474285,	Sq(2) = 0.76633,	Sq(3) = 0.474285,	Sq(4) = 0.474285,	Sq(5) = 0.630697,	Sq(6) = 1.05275,	Sq(7) = 0.630697,	Sq(8) = 0.76633,	Sq(9) = 1.05275,	Sq(10) = 2.56742,	Sq(11) = 1.05275,	Sq(12) = 0.474285,	Sq(13) = 0.630697,	Sq(14) = 1.05275,	Sq(15) = 0.630697,	N(0) = 1.75472,	N(1) = 1.59097,	N(2) = 0.323272,	N(3) = 1.59097,	N(4) = 1.59097,	N(5) = 0.999874,	N(6) = 0.267469,	N(7) = 0.999874,	N(8) = 0.323272,	N(9) = 0.267469,	N(10) = 0.165507,	N(11) = 0.267469,	N(12) = 1.59097,	N(13) = 0.999874,	N(14) = 0.267469,	N(15) = 0.999874,	Delta[s](0) = 0.0794218,	Delta[s](1) = 0.0593092,	Delta[s](2) = 0.0354041,	Delta[s](3) = 0.0593092,	Delta[s](4) = 0.0593092,	Delta[s](5) = 0.0423256,	Delta[s](6) = 0.019429,	Delta[s](7) = 0.0423256,	Delta[s](8) = 0.0354041,	Delta[s](9) = 0.019429,	Delta[s](10) = 1.16404e-05,	Delta[s](11) = 0.019429,	Delta[s](12) = 0.0593092,	Delta[s](13) = 0.0423256,	Delta[s](14) = 0.019429,	Delta[s](15) = 0.0423256,	Delta[d](0) = 0.276154,	Delta[d](1) = 0.189598,	Delta[d](2) = 0.199488,	Delta[d](3) = 0.189598,	Delta[d](4) = 0.189598,	Delta[d](5) = 0.176384,	Delta[d](6) = 0.132271,	Delta[d](7) = 0.176384,	Delta[d](8) = 0.199488,	Delta[d](9) = 0.132271,	Delta[d](10) = 0.0532924,	Delta[d](11) = 0.132271,	Delta[d](12) = 0.189598,	Delta[d](13) = 0.176384,	Delta[d](14) = 0.132271,	Delta[d](15) = 0.176384,	Delta[s+](0) = 0.55992,	Delta[s+](1) = 0.41689,	Delta[s+](2) = 0.199488,	Delta[s+](3) = 0.41689,	Delta[s+](4) = 0.41689,	Delta[s+](5) = 0.291305,	Delta[s+](6) = 0.125948,	Delta[s+](7) = 0.291305,	Delta[s+](8) = 0.199488,	Delta[s+](9) = 0.125948,	Delta[s+](10) = 0.0380743,	Delta[s+](11) = 0.125948,	Delta[s+](12) = 0.41689,	Delta[s+](13) = 0.291305,	Delta[s+](14) = 0.125948,	Delta[s+](15) = 0.291305
The 0-th iteration is completed.	|| time cost : 0h 4m 25.426s
********************************************************************************************************************
Start the 1 rounds of NGS-ED iteration
	effective electronic model is modified as: kinetic energy t = 0.999926
	                                           effective interaction Vq = [ -0.00780765, -0.00170492,           0, -0.00170492, -0.00170492,-7.65285e-32, -0.00146055,-7.65285e-32,           0, -0.00146055,  -0.0055917, -0.00146055, -0.00170492,-7.65285e-32, -0.00146055,-6.88756e-31]
	PARPACK diagonalization completed after 30 matrix-vector product operations.
	iteration results: : total energy is -11.967199 | electron energy -11.967199 + phonon energy 0.000000 | electron momentum kIdx = 0
The 1-th iteration is completed.	|| time cost : 0h 0m 46.699s
********************************************************************************************************************
Start the 2 rounds of NGS-ED iteration
	effective electronic model is modified as: kinetic energy t = 0.999924
	                                           effective interaction Vq = [ -0.00794652, -0.00173758,           0, -0.00173758, -0.00173758,-7.74673e-32, -0.00147027,-7.74673e-32,           0, -0.00147027,  -0.0056121, -0.00147027, -0.00173758,-7.74673e-32, -0.00147027,-6.97206e-31]
	PARPACK diagonalization completed after 30 matrix-vector product operations.
	iteration results: : total energy is -11.968903 | electron energy -11.968903 + phonon energy 0.000000 | electron momentum kIdx = 0
The 2-th iteration is completed.	|| time cost : 0h 0m 46.667s
********************************************************************************************************************
Start the 3 rounds of NGS-ED iteration
	effective electronic model is modified as: kinetic energy t = 0.999924
	                                           effective interaction Vq = [ -0.00798513, -0.00174931,           0, -0.00174931, -0.00174931,-7.77569e-32, -0.00147286,-7.77569e-32,           0, -0.00147286, -0.00561709, -0.00147286, -0.00174931,-7.77569e-32, -0.00147286,-6.99812e-31]
	PARPACK diagonalization completed after 30 matrix-vector product operations.
	iteration results: : total energy is -11.969376 | electron energy -11.969376 + phonon energy 0.000000 | electron momentum kIdx = 0
The 3-th iteration is completed.	|| time cost : 0h 0m 46.646s
********************************************************************************************************************
Start the 4 rounds of NGS-ED iteration
	effective electronic model is modified as: kinetic energy t = 0.999924
	                                           effective interaction Vq = [ -0.00799587, -0.00175363,           0, -0.00175363, -0.00175363,-7.78472e-32, -0.00147356,-7.78472e-32,           0, -0.00147356, -0.00561831, -0.00147356, -0.00175363,-7.78472e-32, -0.00147356,-7.00625e-31]
	PARPACK diagonalization completed after 30 matrix-vector product operations.
	iteration results: : total energy is -11.969507 | electron energy -11.969508 + phonon energy 0.000000 | electron momentum kIdx = 0
	Nq(0) = 12.25,	Nq(1) = 0.15422,	Nq(2) = 0.185322,	Nq(3) = 0.15422,	Nq(4) = 0.15422,	Nq(5) = 0.203293,	Nq(6) = 0.23568,	Nq(7) = 0.203293,	Nq(8) = 0.185322,	Nq(9) = 0.23568,	Nq(10) = 0.275584,	Nq(11) = 0.23568,	Nq(12) = 0.15422,	Nq(13) = 0.203293,	Nq(14) = 0.23568,	Nq(15) = 0.203293,	Sq(0) = 3.88785e-18,	Sq(1) = 0.474284,	Sq(2) = 0.766329,	Sq(3) = 0.474284,	Sq(4) = 0.474284,	Sq(5) = 0.630696,	Sq(6) = 1.05275,	Sq(7) = 0.630696,	Sq(8) = 0.766329,	Sq(9) = 1.05275,	Sq(10) = 2.56742,	Sq(11) = 1.05275,	Sq(12) = 0.474284,	Sq(13) = 0.630696,	Sq(14) = 1.05275,	Sq(15) = 0.630696,	N(0) = 1.75472,	N(1) = 1.59097,	N(2) = 0.323272,	N(3) = 1.59097,	N(4) = 1.59097,	N(5) = 0.999873,	N(6) = 0.267468,	N(7) = 0.999873,	N(8) = 0.323272,	N(9) = 0.267468,	N(10) = 0.165507,	N(11) = 0.267468,	N(12) = 1.59097,	N(13) = 0.999873,	N(14) = 0.267468,	N(15) = 0.999873,	Delta[s](0) = 0.0794217,	Delta[s](1) = 0.0593093,	Delta[s](2) = 0.0354044,	Delta[s](3) = 0.0593093,	Delta[s](4) = 0.0593093,	Delta[s](5) = 0.0423257,	Delta[s](6) = 0.0194293,	Delta[s](7) = 0.0423257,	Delta[s](8) = 0.0354044,	Delta[s](9) = 0.0194293,	Delta[s](10) = 1.20874e-05,	Delta[s](11) = 0.0194293,	Delta[s](12) = 0.0593093,	Delta[s](13) = 0.0423257,	Delta[s](14) = 0.0194293,	Delta[s](15) = 0.0423257,	Delta[d](0) = 0.27618,	Delta[d](1) = 0.189615,	Delta[d](2) = 0.199505,	Delta[d](3) = 0.189615,	Delta[d](4) = 0.189615,	Delta[d](5) = 0.1764,	Delta[d](6) = 0.132283,	Delta[d](7) = 0.1764,	Delta[d](8) = 0.199505,	Delta[d](9) = 0.132283,	Delta[d](10) = 0.0532975,	Delta[d](11) = 0.132283,	Delta[d](12) = 0.189615,	Delta[d](13) = 0.1764,	Delta[d](14) = 0.132283,	Delta[d](15) = 0.1764,	Delta[s+](0) = 0.559968,	Delta[s+](1) = 0.416925,	Delta[s+](2) = 0.199505,	Delta[s+](3) = 0.416925,	Delta[s+](4) = 0.416925,	Delta[s+](5) = 0.29133,	Delta[s+](6) = 0.125959,	Delta[s+](7) = 0.29133,	Delta[s+](8) = 0.199505,	Delta[s+](9) = 0.125959,	Delta[s+](10) = 0.0380779,	Delta[s+](11) = 0.125959,	Delta[s+](12) = 0.416925,	Delta[s+](13) = 0.29133,	Delta[s+](14) = 0.125959,	Delta[s+](15) = 0.29133
The 4-th iteration is completed.	|| time cost : 0h 4m 22.776s
********************************************************************************************************************
********************************************************************************************************************
Ground state is obtained after 5 iterations. The current ground-state energy is -11.9695, in which electron energy is -11.9695 and phonon energy is 5.77723e-08
final variational state is: 
	Gamma_x = [      1,1.00002,      1,1.00002,1.00002,      1,1.00004,      1,      1,1.00004,1.00017,1.00004,1.00002,      1,1.00004,      1]
	lambda_q = [   0.0349315,   0.0114935,           0,   0.0114935,   0.0114935,-6.80348e-17, -0.00860977, 6.80348e-17,           0, -0.00860977,  -0.0160657, -0.00860977,   0.0114935, 6.80348e-17, -0.00860977, 2.04104e-16]
The effective e-e interactions mediated by phonons are: [ 0.00799885, 0.00175524,          0, 0.00175524, 0.00175524,7.78754e-32, 0.00147375,7.78754e-32,          0, 0.00147375, 0.00561861, 0.00147375, 0.00175524,7.78754e-32, 0.00147375,7.00879e-31]
The real-space interactions mediated by phonons are: [ -0.0265334,-0.00439367,-0.00448838, -0.0118195,-0.00294321, -0.0121242,-0.00448838,-0.00365811, -0.0136175,-0.00365811,-0.00448838, -0.0121242,-0.00294321, -0.0118195,-0.00448838,-0.00439367]
********************************************************************************************************************
o___o  ----------------------------------------
| L |	Time since last clock: 0h 0m 0s
A===A	Time since the beginning: 0h 27m 24.936s
***********************************************

********************************************************************************************************************
Start warm-up calculation for scaling factor 16
open output files: NGSEDWarmUpW3.2Obs.txt
********************************************************************************************************************
Start the 0 rounds of NGS-ED iteration
	effective electronic model is modified as: kinetic energy t = 0.999923
	                                           effective interaction Vq = [ -0.00727341, -0.00141624,           0, -0.00141624, -0.00141624,-6.12016e-32, -0.00114035,-6.12016e-32,           0, -0.00114035, -0.00431508, -0.00114035, -0.00141624,-6.12016e-32, -0.00114035,-5.50814e-31]
	PARPACK diagonalization completed after 45 matrix-vector product operations.
	iteration results: : total energy is -11.959775 | electron energy -11.959775 + phonon energy 0.000000 | electron momentum kIdx = 0
	Nq(0) = 12.25,	Nq(1) = 0.154213,	Nq(2) = 0.185318,	Nq(3) = 0.154213,	Nq(4) = 0.154213,	Nq(5) = 0.203288,	Nq(6) = 0.235666,	Nq(7) = 0.203288,	Nq(8) = 0.185318,	Nq(9) = 0.235666,	Nq(10) = 0.275548,	Nq(11) = 0.235666,	Nq(12) = 0.154213,	Nq(13) = 0.203288,	Nq(14) = 0.235666,	Nq(15) = 0.203288,	Sq(0) = 2.87886e-18,	Sq(1) = 0.474285,	Sq(2) = 0.766339,	Sq(3) = 0.474285,	Sq(4) = 0.474285,	Sq(5) = 0.630703,	Sq(6) = 1.05277,	Sq(7) = 0.630703,	Sq(8) = 0.766339,	Sq(9) = 1.05277,	Sq(10) = 2.56745,	Sq(11) = 1.05277,	Sq(12) = 0.474285,	Sq(13) = 0.630703,	Sq(14) = 1.05277,	Sq(15) = 0.630703,	N(0) = 1.7547,	N(1) = 1.59094,	N(2) = 0.32329,	N(3) = 1.59094,	N(4) = 1.59094,	N(5) = 0.999874,	N(6) = 0.26749,	N(7) = 0.999874,	N(8) = 0.32329,	N(9) = 0.26749,	N(10) = 0.165524,	N(11) = 0.26749,	N(12) = 1.59094,	N(13) = 0.999874,	N(14) = 0.26749,	N(15) = 0.999874,	Delta[s](0) = 0.0794141,	Delta[s](1) = 0.0593032,	Delta[s](2) = 0.0354001,	Delta[s](3) = 0.0593032,	Delta[s](4) = 0.0593032,	Delta[s](5) = 0.0423209,	Delta[s](6) = 0.0194264,	Delta[s](7) = 0.0423209,	Delta[s](8) = 0.0354001,	Delta[s](9) = 0.0194264,	Delta[s](10) = 1.1294e-05,	Delta[s](11) = 0.0194264,	Delta[s](12) = 0.0593032,	Delta[s](13) = 0.0423209,	Delta[s](14) = 0.0194264,	Delta[s](15) = 0.0423209,	Delta[d](0) = 0.276206,	Delta[d](1) = 0.189636,	Delta[d](2) = 0.199526,	Delta[d](3) = 0.189636,	Delta[d](4) = 0.189636,	Delta[d](5) = 0.176418,	Delta[d](6) = 0.132298,	Delta[d](7) = 0.176418,	Delta[d](8) = 0.199526,	Delta[d](9) = 0.132298,	Delta[d](10) = 0.0533048,	Delta[d](11) = 0.132298,	Delta[d](12) = 0.189636,	Delta[d](13) = 0.176418,	Delta[d](14) = 0.132298,	Delta[d](15) = 0.176418,	Delta[s+](0) = 0.560019,	Delta[s+](1) = 0.416963,	Delta[s+](2) = 0.199526,	Delta[s+](3) = 0.416963,	Delta[s+](4) = 0.416963,	Delta[s+](5) = 0.291357,	Delta[s+](6) = 0.125973,	Delta[s+](7) = 0.291357,	Delta[s+](8) = 0.199526,	Delta[s+](9) = 0.125973,	Delta[s+](10) = 0.0380835,	Delta[s+](11) = 0.125973,	Delta[s+](12) = 0.416963,	Delta[s+](13) = 0.291357,	Delta[s+](14) = 0.125973,	Delta[s+](15) = 0.291357
The 0-th iteration is completed.	|| time cost : 0h 4m 26.028s
********************************************************************************************************************
Start the 1 rounds of NGS-ED iteration
	effective electronic model is modified as: kinetic energy t = 0.999928
	                                           effective interaction Vq = [ -0.00761688, -0.00143976,           0, -0.00143976, -0.00143976,-6.05777e-32, -0.00110287,-6.05777e-32,           0, -0.00110287,  -0.0041157, -0.00110287, -0.00143976,-6.05777e-32, -0.00110287,  -5.452e-31]
	PARPACK diagonalization completed after 30 matrix-vector product operations.
	iteration results: : total energy is -11.963991 | electron energy -11.963991 + phonon energy 0.000000 | electron momentum kIdx = 0
The 1-th iteration is completed.	|| time cost : 0h 0m 46.667s
********************************************************************************************************************
Start the 2 rounds of NGS-ED iteration
	effective electronic model is modified as: kinetic energy t = 0.99993
	                                           effective interaction Vq = [ -0.00779798, -0.00145169,           0, -0.00145169, -0.00145169, -6.0307e-32, -0.00108879, -6.0307e-32,           0, -0.00108879, -0.00404744, -0.00108879, -0.00145169, -6.0307e-32, -0.00108879,-5.42763e-31]
	PARPACK diagonalization completed after 30 matrix-vector product operations.
	iteration results: : total energy is -11.966210 | electron energy -11.966211 + phonon energy 0.000000 | electron momentum kIdx = 0
The 2-th iteration is completed.	|| time cost : 0h 0m 46.628s
********************************************************************************************************************
Start the 3 rounds of NGS-ED iteration
	effective electronic model is modified as: kinetic energy t = 0.99993
	                                           effective interaction Vq = [ -0.00789348, -0.00145778,           0, -0.00145778, -0.00145778,-6.01899e-32, -0.00108356,-6.01899e-32,           0, -0.00108356, -0.00402434, -0.00108356, -0.00145778,-6.01899e-32, -0.00108356,-5.41709e-31]
	PARPACK diagonalization completed after 30 matrix-vector product operations.
	iteration results: : total energy is -11.967380 | electron energy -11.967381 + phonon energy 0.000000 | electron momentum kIdx = 0
The 3-th iteration is completed.	|| time cost : 0h 0m 46.701s
********************************************************************************************************************
Start the 4 rounds of NGS-ED iteration
	effective electronic model is modified as: kinetic energy t = 0.999931
	                                           effective interaction Vq = [ -0.00794383, -0.00146091,           0, -0.00146091, -0.00146091,-6.01393e-32, -0.00108162,-6.01393e-32,           0, -0.00108162, -0.00401655, -0.00108162, -0.00146091,-6.01393e-32, -0.00108162,-5.41254e-31]
	PARPACK diagonalization completed after 30 matrix-vector product operations.
	iteration results: : total energy is -11.967997 | electron energy -11.967997 + phonon energy 0.000000 | electron momentum kIdx = 0
The 4-th iteration is completed.	|| time cost : 0h 0m 46.658s
********************************************************************************************************************
Start the 5 rounds of NGS-ED iteration
	effective electronic model is modified as: kinetic energy t = 0.999931
	                                           effective interaction Vq = [ -0.00797038, -0.00146252,           0, -0.00146252, -0.00146252,-6.01175e-32,  -0.0010809,-6.01175e-32,           0,  -0.0010809, -0.00401394,  -0.0010809, -0.00146252,-6.01175e-32,  -0.0010809,-5.41058e-31]
	PARPACK diagonalization completed after 30 matrix-vector product operations.
	iteration results: : total energy is -11.968323 | electron energy -11.968323 + phonon energy 0.000000 | electron momentum kIdx = 0
The 5-th iteration is completed.	|| time cost : 0h 0m 46.721s
********************************************************************************************************************
Start the 6 rounds of NGS-ED iteration
	effective electronic model is modified as: kinetic energy t = 0.999931
	                                           effective interaction Vq = [ -0.00798438, -0.00146335,           0, -0.00146335, -0.00146335,-6.01081e-32, -0.00108063,-6.01081e-32,           0, -0.00108063, -0.00401306, -0.00108063, -0.00146335,-6.01081e-32, -0.00108063,-5.40973e-31]
	PARPACK diagonalization completed after 30 matrix-vector product operations.
	iteration results: : total energy is -11.968494 | electron energy -11.968494 + phonon energy 0.000000 | electron momentum kIdx = 0
	Nq(0) = 12.25,	Nq(1) = 0.154214,	Nq(2) = 0.185318,	Nq(3) = 0.154214,	Nq(4) = 0.154214,	Nq(5) = 0.203288,	Nq(6) = 0.235665,	Nq(7) = 0.203288,	Nq(8) = 0.185318,	Nq(9) = 0.235665,	Nq(10) = 0.275542,	Nq(11) = 0.235665,	Nq(12) = 0.154214,	Nq(13) = 0.203288,	Nq(14) = 0.235665,	Nq(15) = 0.203288,	Sq(0) = -6.31147e-19,	Sq(1) = 0.474284,	Sq(2) = 0.76634,	Sq(3) = 0.474284,	Sq(4) = 0.474284,	Sq(5) = 0.630704,	Sq(6) = 1.05277,	Sq(7) = 0.630704,	Sq(8) = 0.76634,	Sq(9) = 1.05277,	Sq(10) = 2.56745,	Sq(11) = 1.05277,	Sq(12) = 0.474284,	Sq(13) = 0.630704,	Sq(14) = 1.05277,	Sq(15) = 0.630704,	N(0) = 1.75469,	N(1) = 1.59093,	N(2) = 0.32329,	N(3) = 1.59093,	N(4) = 1.59093,	N(5) = 0.999874,	N(6) = 0.267491,	N(7) = 0.999874,	N(8) = 0.32329,	N(9) = 0.267491,	N(10) = 0.165526,	N(11) = 0.267491,	N(12) = 1.59093,	N(13) = 0.999874,	N(14) = 0.267491,	N(15) = 0.999874,	Delta[s](0) = 0.0794139,	Delta[s](1) = 0.059303,	Delta[s](2) = 0.0353998,	Delta[s](3) = 0.059303,	Delta[s](4) = 0.059303,	Delta[s](5) = 0.0423206,	Delta[s](6) = 0.0194261,	Delta[s](7) = 0.0423206,	Delta[s](8) = 0.0353998,	Delta[s](9) = 0.0194261,	Delta[s](10) = 1.09541e-05,	Delta[s](11) = 0.0194261,	Delta[s](12) = 0.059303,	Delta[s](13) = 0.0423206,	Delta[s](14) = 0.0194261,	Delta[s](15) = 0.0423206,	Delta[d](0) = 0.276267,	Delta[d](1) = 0.189677,	Delta[d](2) = 0.199569,	Delta[d](3) = 0.189677,	Delta[d](4) = 0.189677,	Delta[d](5) = 0.176456,	Delta[d](6) = 0.132326,	Delta[d](7) = 0.176456,	Delta[d](8) = 0.199569,	Delta[d](9) = 0.132326,	Delta[d](10) = 0.0533165,	Delta[d](11) = 0.132326,	Delta[d](12) = 0.189677,	Delta[d](13) = 0.176456,	Delta[d](14) = 0.132326,	Delta[d](15) = 0.176456,	Delta[s+](0) = 0.560139,	Delta[s+](1) = 0.417052,	Delta[s+](2) = 0.199569,	Delta[s+](3) = 0.417052,	Delta[s+](4) = 0.417052,	Delta[s+](5) = 0.29142,	Delta[s+](6) = 0.126,	Delta[s+](7) = 0.29142,	Delta[s+](8) = 0.199569,	Delta[s+](9) = 0.126,	Delta[s+](10) = 0.0380917,	Delta[s+](11) = 0.126,	Delta[s+](12) = 0.417052,	Delta[s+](13) = 0.29142,	Delta[s+](14) = 0.126,	Delta[s+](15) = 0.29142
The 6-th iteration is completed.	|| time cost : 0h 4m 22.909s
********************************************************************************************************************
********************************************************************************************************************
Ground state is obtained after 7 iterations. The current ground-state energy is -11.9685, in which electron energy is -11.9685 and phonon energy is 8.52436e-08
final variational state is: 
	Gamma_x = [      1,1.00005,      1,1.00005,1.00005,      1,1.00006,      1,      1,1.00006,1.00029,1.00006,1.00005,      1,1.00006,      1]
	lambda_q = [   0.0483958,   0.0120551,           0,   0.0120551,   0.0120551,-6.64371e-17, -0.00804908, 6.64371e-17,           0, -0.00804908,  -0.0147011, -0.00804908,   0.0120551, 6.64371e-17, -0.00804908, 1.99311e-16]
The effective e-e interactions mediated by phonons are: [ 0.00799177, 0.00146378,          0, 0.00146378, 0.00146378, 6.0104e-32, 0.00108053, 6.0104e-32,          0, 0.00108053, 0.00401276, 0.00108053, 0.00146378, 6.0104e-32, 0.00108053,5.40936e-31]
The real-space interactions mediated by phonons are: [ -0.0221818,-0.00565505,-0.00506421, -0.0106218,-0.00474549, -0.0110366,-0.00506421,-0.00465358, -0.0120045,-0.00465358,-0.00506421, -0.0110366,-0.00474549, -0.0106218,-0.00506421,-0.00565505]
********************************************************************************************************************
o___o  ----------------------------------------
| L |	Time since last clock: 0h 0m 0s
A===A	Time since the beginning: 0h 40m 7.251s
***********************************************

********************************************************************************************************************
Start warm-up calculation for scaling factor 8
open output files: NGSEDWarmUpW1.6Obs.txt
********************************************************************************************************************
Start the 0 rounds of NGS-ED iteration
	effective electronic model is modified as: kinetic energy t = 0.999931
	                                           effective interaction Vq = [ -0.00720328, -0.00113136,           0, -0.00113136, -0.00113136,-4.54252e-32,-0.000806989,-4.54252e-32,           0,-0.000806989, -0.00298068,-0.000806989, -0.00113136,-4.54252e-32,-0.000806989,-4.08827e-31]
	PARPACK diagonalization completed after 45 matrix-vector product operations.
	iteration results: : total energy is -11.958178 | electron energy -11.958178 + phonon energy 0.000000 | electron momentum kIdx = 0
	Nq(0) = 12.25,	Nq(1) = 0.154208,	Nq(2) = 0.185314,	Nq(3) = 0.154208,	Nq(4) = 0.154208,	Nq(5) = 0.203284,	Nq(6) = 0.235654,	Nq(7) = 0.203284,	Nq(8) = 0.185314,	Nq(9) = 0.235654,	Nq(10) = 0.275514,	Nq(11) = 0.235654,	Nq(12) = 0.154208,	Nq(13) = 0.203284,	Nq(14) = 0.235654,	Nq(15) = 0.203284,	Sq(0) = -3.25908e-19,	Sq(1) = 0.474285,	Sq(2) = 0.766348,	Sq(3) = 0.474285,	Sq(4) = 0.474285,	Sq(5) = 0.63071,	Sq(6) = 1.05278,	Sq(7) = 0.63071,	Sq(8) = 0.766348,	Sq(9) = 1.05278,	Sq(10) = 2.56748,	Sq(11) = 1.05278,	Sq(12) = 0.474285,	Sq(13) = 0.63071,	Sq(14) = 1.05278,	Sq(15) = 0.63071,	N(0) = 1.75468,	N(1) = 1.59091,	N(2) = 0.323304,	N(3) = 1.59091,	N(4) = 1.59091,	N(5) = 0.999876,	N(6) = 0.267509,	N(7) = 0.999876,	N(8) = 0.323304,	N(9) = 0.267509,	N(10) = 0.165539,	N(11) = 0.267509,	N(12) = 1.59091,	N(13) = 0.999876,	N(14) = 0.267509,	N(15) = 0.999876,	Delta[s](0) = 0.0794086,	Delta[s](1) = 0.0592984,	Delta[s](2) = 0.0353962,	Delta[s](3) = 0.0592984,	Delta[s](4) = 0.0592984,	Delta[s](5) = 0.0423167,	Delta[s](6) = 0.0194232,	Delta[s](7) = 0.0423167,	Delta[s](8) = 0.0353962,	Delta[s](9) = 0.0194232,	Delta[s](10) = 9.30824e-06,	Delta[s](11) = 0.0194232,	Delta[s](12) = 0.0592984,	Delta[s](13) = 0.0423167,	Delta[s](14) = 0.0194232,	Delta[s](15) = 0.0423167,	Delta[d](0) = 0.276294,	Delta[d](1) = 0.189698,	Delta[d](2) = 0.19959,	Delta[d](3) = 0.189698,	Delta[d](4) = 0.189698,	Delta[d](5) = 0.176475,	Delta[d](6) = 0.132341,	Delta[d](7) = 0.176475,	Delta[d](8) = 0.19959,	Delta[d](9) = 0.132341,	Delta[d](10) = 0.0533232,	Delta[d](11) = 0.132341,	Delta[d](12) = 0.189698,	Delta[d](13) = 0.176475,	Delta[d](14) = 0.132341,	Delta[d](15) = 0.176475,	Delta[s+](0) = 0.560194,	Delta[s+](1) = 0.417093,	Delta[s+](2) = 0.19959,	Delta[s+](3) = 0.417093,	Delta[s+](4) = 0.417093,	Delta[s+](5) = 0.291448,	Delta[s+](6) = 0.126014,	Delta[s+](7) = 0.291448,	Delta[s+](8) = 0.19959,	Delta[s+](9) = 0.126014,	Delta[s+](10) = 0.0380968,	Delta[s+](11) = 0.126014,	Delta[s+](12) = 0.417093,	Delta[s+](13) = 0.291448,	Delta[s+](14) = 0.126014,	Delta[s+](15) = 0.291448
The 0-th iteration is completed.	|| time cost : 0h 4m 25.403s
********************************************************************************************************************
Start the 1 rounds of NGS-ED iteration
	effective electronic model is modified as: kinetic energy t = 0.999941
	                                           effective interaction Vq = [ -0.00742146, -0.00110713,           0, -0.00110713, -0.00110713,-4.29954e-32,-0.000743583,-4.29954e-32,           0,-0.000743583, -0.00270425,-0.000743583, -0.00110713,-4.29954e-32,-0.000743583,-3.86959e-31]
	PARPACK diagonalization completed after 30 matrix-vector product operations.
	iteration results: : total energy is -11.960876 | electron energy -11.960876 + phonon energy 0.000000 | electron momentum kIdx = 0
The 1-th iteration is completed.	|| time cost : 0h 0m 46.674s
********************************************************************************************************************
Start the 2 rounds of NGS-ED iteration
	effective electronic model is modified as: kinetic energy t = 0.999945
	                                           effective interaction Vq = [ -0.00757989, -0.00109232,           0, -0.00109232, -0.00109232,-4.17444e-32,-0.000715535,-4.17444e-32,           0,-0.000715535, -0.00259302,-0.000715535, -0.00109232,-4.17444e-32,-0.000715535,-3.75699e-31]
	PARPACK diagonalization completed after 30 matrix-vector product operations.
	iteration results: : total energy is -11.962822 | electron energy -11.962822 + phonon energy 0.000000 | electron momentum kIdx = 0
The 2-th iteration is completed.	|| time cost : 0h 0m 46.679s
********************************************************************************************************************
Start the 3 rounds of NGS-ED iteration
	effective electronic model is modified as: kinetic energy t = 0.999947
	                                           effective interaction Vq = [ -0.00769494, -0.00108331,           0, -0.00108331, -0.00108331,-4.11057e-32,-0.000703257,-4.11057e-32,           0,-0.000703257, -0.00254877,-0.000703257, -0.00108331,-4.11057e-32,-0.000703257,-3.69951e-31]
	PARPACK diagonalization completed after 30 matrix-vector product operations.
	iteration results: : total energy is -11.964232 | electron energy -11.964232 + phonon energy 0.000000 | electron momentum kIdx = 0
The 3-th iteration is completed.	|| time cost : 0h 0m 46.748s
********************************************************************************************************************
Start the 4 rounds of NGS-ED iteration
	effective electronic model is modified as: kinetic energy t = 0.999948
