SNEDics v3.4 Non-Gaussian ED ground state program		Start at Sun Sep 22 05:34:12 2019

parallized on 16 MPI threads  * 8 OpenMP threads = 128 total threads.
********************************************************************************************************************
********************************************************************************************************************

********************************************************************************************************************
System parameters and configurations
********************************************************************************************************************
Special program options are enabled: splitted diagonal Hamiltonian
********************************************************************************************************************
Read input file "model_params.in"
	Hubbard-Holstein model parameters : 	t = 1    U = 1.5    g = 2.7386    W = 5    
********************************************************************************************************************
Read input file "hilbertspace_params.in"
	Requested 16-site 2D lattice, with 16 electrons (8, 8)
	Boundary : Periodic		Hilbert space representation : momentum-space (restricted to kIdx = 10)
	Conservation: particle number[U(1)]      spin[U(1)]     momentum
********************************************************************************************************************

Cluster Positions:				Cluster symmetry group : D4
 x ... x ... x ... x .....                       x ... x ... x ... x .....
 |           |           :                       |           |           :
 |           |           :                       |           |           :
12    13    14    15     x                       1     5     6     5     x
 |           |           :                       |           |           :
 |           |           :                       |           |           :
 8 --- 9 ---10 ---11 --- x                       2 --- 6 ---10 --- 6 --- x
 |           |           :                       |           |           :
 |           |           :                       |           |           :
 4     5     6     7     x                       1     5     6     5     x
 |           |           :                       |           |           :
 |           |           :                       |           |           :
 0 --- 1 --- 2 --- 3 --- x                       0 --- 1 --- 2 --- 1 --- x
orbital number : 1
********************************************************************************************************************
Read input file "obs_params.in"
	Observable Type : Nq(All),   Sq(All),   N(All),   Delta[s](All),   Delta[d](All),   Delta[s+](All)
********************************************************************************************************************
** WARNING ** the input observables have non-local factors which have been reinterpreted. The total observable number is 96
********************************************************************************************************************


********************************************************************************************************************
Start calculating the non-Gaussian ED ground state
** WARNING ** Detected low phonon energy W < 10. The initial state will be prepared through a warm-up process.
********************************************************************************************************************
Start warm-up calculation for scaling factor 2
open output files: NGSEDWarmUpW10Obs.txt
********************************************************************************************************************
Start the 0 rounds of NGS-ED iteration
	effective electronic model is modified as: kinetic energy t = 1
	                                           effective interaction Vq = [-0,-0,-0,-0,-0,-0,-0,-0,-0,-0,-0,-0,-0,-0,-0,-0]
	first Hamiltonian is constructed, non-zero numbers = 2845334624
	PARPACK diagonalization completed after 120 matrix-vector product operations.
	iteration results: : total energy is -19.322413 | electron energy -19.322413 + phonon energy 0.000000 | electron momentum kIdx = 10
	Nq(0) = 16,	Nq(1) = 0.280331,	Nq(2) = 0.331504,	Nq(3) = 0.280331,	Nq(4) = 0.280331,	Nq(5) = 0.331504,	Nq(6) = 0.492248,	Nq(7) = 0.331504,	Nq(8) = 0.331504,	Nq(9) = 0.492248,	Nq(10) = 0.546132,	Nq(11) = 0.492248,	Nq(12) = 0.280331,	Nq(13) = 0.331504,	Nq(14) = 0.492248,	Nq(15) = 0.331504,	Sq(0) = -2.31901e-18,	Sq(1) = 0.370873,	Sq(2) = 0.42583,	Sq(3) = 0.370873,	Sq(4) = 0.370873,	Sq(5) = 0.42583,	Sq(6) = 0.660101,	Sq(7) = 0.42583,	Sq(8) = 0.42583,	Sq(9) = 0.660101,	Sq(10) = 3.69565,	Sq(11) = 0.660101,	Sq(12) = 0.370873,	Sq(13) = 0.42583,	Sq(14) = 0.660101,	Sq(15) = 0.42583,	N(0) = 1.99006,	N(1) = 1.97631,	N(2) = 1,	N(3) = 1.97631,	N(4) = 1.97631,	N(5) = 1,	N(6) = 0.0236873,	N(7) = 1,	N(8) = 1,	N(9) = 0.0236873,	N(10) = 0.00993543,	N(11) = 0.0236873,	N(12) = 1.97631,	N(13) = 1,	N(14) = 0.0236873,	N(15) = 1,	Delta[s](0) = 0.257984,	Delta[s](1) = 0.234987,	Delta[s](2) = 0.167455,	Delta[s](3) = 0.234987,	Delta[s](4) = 0.234987,	Delta[s](5) = 0.167455,	Delta[s](6) = 0.14555,	Delta[s](7) = 0.167455,	Delta[s](8) = 0.167455,	Delta[s](9) = 0.14555,	Delta[s](10) = 0.0278782,	Delta[s](11) = 0.14555,	Delta[s](12) = 0.234987,	Delta[s](13) = 0.167455,	Delta[s](14) = 0.14555,	Delta[s](15) = 0.167455,	Delta[d](0) = 0.511642,	Delta[d](1) = 0.31625,	Delta[d](2) = 0.276294,	Delta[d](3) = 0.31625,	Delta[d](4) = 0.31625,	Delta[d](5) = 0.361836,	Delta[d](6) = 0.254646,	Delta[d](7) = 0.361836,	Delta[d](8) = 0.276294,	Delta[d](9) = 0.254646,	Delta[d](10) = 0.214209,	Delta[d](11) = 0.254646,	Delta[d](12) = 0.31625,	Delta[d](13) = 0.361836,	Delta[d](14) = 0.254646,	Delta[d](15) = 0.361836,	Delta[s+](0) = 0.535477,	Delta[s+](1) = 0.436532,	Delta[s+](2) = 0.276294,	Delta[s+](3) = 0.436532,	Delta[s+](4) = 0.436532,	Delta[s+](5) = 0.276294,	Delta[s+](6) = 0.120966,	Delta[s+](7) = 0.276294,	Delta[s+](8) = 0.276294,	Delta[s+](9) = 0.120966,	Delta[s+](10) = 0.0159847,	Delta[s+](11) = 0.120966,	Delta[s+](12) = 0.436532,	Delta[s+](13) = 0.276294,	Delta[s+](14) = 0.120966,	Delta[s+](15) = 0.276294
The 0-th iteration is completed.	|| time cost : 0h 10m 46.366s
********************************************************************************************************************
Start the 1 rounds of NGS-ED iteration
	effective electronic model is modified as: kinetic energy t = 0.958284
	                                           effective interaction Vq = [-1.29698,-1.22283,-1.17232,-1.22283,-1.22283,-1.17232,-1.17168,-1.17232,-1.17232,-1.17168,-1.14725,-1.17168,-1.22283,-1.17232,-1.17168,-1.17232]
	PARPACK diagonalization completed after 180 matrix-vector product operations.
	iteration results: : total energy is -47.775296 | electron energy -47.777434 + phonon energy 0.002139 | electron momentum kIdx = 10
The 1-th iteration is completed.	|| time cost : 0h 10m 20.017s
********************************************************************************************************************
Start the 2 rounds of NGS-ED iteration
	effective electronic model is modified as: kinetic energy t = 0.924573
	                                           effective interaction Vq = [-1.47251,-1.41682,-1.39769,-1.41682,-1.41682,-1.39769,-1.36684,-1.39769,-1.39769,-1.36684,-1.41083,-1.36684,-1.41682,-1.39769,-1.36684,-1.39769]
	PARPACK diagonalization completed after 45 matrix-vector product operations.
	iteration results: : total energy is -52.029503 | electron energy -52.044305 + phonon energy 0.014802 | electron momentum kIdx = 10
The 2-th iteration is completed.	|| time cost : 0h 0m 43.056s
********************************************************************************************************************
Start the 3 rounds of NGS-ED iteration
	effective electronic model is modified as: kinetic energy t = 0.915987
	                                           effective interaction Vq = [-1.49627,-1.45214,-1.40652,-1.45214,-1.45214,-1.40652,-1.40527,-1.40652,-1.40652,-1.40527,-1.47751,-1.40527,-1.45214,-1.40652,-1.40527,-1.40652]
	PARPACK diagonalization completed after 45 matrix-vector product operations.
	iteration results: : total energy is -52.635318 | electron energy -52.660526 + phonon energy 0.025209 | electron momentum kIdx = 10
The 3-th iteration is completed.	|| time cost : 0h 0m 43.039s
********************************************************************************************************************
Start the 4 rounds of NGS-ED iteration
	effective electronic model is modified as: kinetic energy t = 0.913965
	                                           effective interaction Vq = [-1.49948,-1.45944,-1.40372,-1.45944,-1.45944,-1.40372,-1.41319,-1.40372,-1.40372,-1.41319,-1.49083,-1.41319,-1.45944,-1.40372,-1.41319,-1.40372]
	PARPACK diagonalization completed after 30 matrix-vector product operations.
	iteration results: : total energy is -52.715158 | electron energy -52.744685 + phonon energy 0.029527 | electron momentum kIdx = 10
The 4-th iteration is completed.	|| time cost : 0h 0m 35.97s
********************************************************************************************************************
Start the 5 rounds of NGS-ED iteration
	effective electronic model is modified as: kinetic energy t = 0.913409
	                                           effective interaction Vq = [-1.49992,-1.46123,-1.40236,-1.46123,-1.46123,-1.40236,-1.41503,-1.40236,-1.40236,-1.41503,-1.49407,-1.41503,-1.46123,-1.40236,-1.41503,-1.40236]
	PARPACK diagonalization completed after 30 matrix-vector product operations.
	iteration results: : total energy is -52.725429 | electron energy -52.756452 + phonon energy 0.031023 | electron momentum kIdx = 10
The 5-th iteration is completed.	|| time cost : 0h 0m 36.307s
********************************************************************************************************************
Start the 6 rounds of NGS-ED iteration
	effective electronic model is modified as: kinetic energy t = 0.913252
	                                           effective interaction Vq = [-1.49998,-1.46169,-1.40183,-1.46169,-1.46169,-1.40183,-1.41547,-1.40183,-1.40183,-1.41547,-1.49501,-1.41547,-1.46169,-1.40183,-1.41547,-1.40183]
	PARPACK diagonalization completed after 30 matrix-vector product operations.
	iteration results: : total energy is -52.726748 | electron energy -52.758262 + phonon energy 0.031514 | electron momentum kIdx = 10
The 6-th iteration is completed.	|| time cost : 0h 0m 36.279s
********************************************************************************************************************
Start the 7 rounds of NGS-ED iteration
	effective electronic model is modified as: kinetic energy t = 0.913208
	                                           effective interaction Vq = [-1.49998, -1.4618,-1.40164, -1.4618, -1.4618,-1.40164,-1.41556,-1.40164,-1.40164,-1.41556, -1.4953,-1.41556, -1.4618,-1.40164,-1.41556,-1.40164]
	PARPACK diagonalization completed after 30 matrix-vector product operations.
	iteration results: : total energy is -52.726918 | electron energy -52.758589 + phonon energy 0.031671 | electron momentum kIdx = 10
The 7-th iteration is completed.	|| time cost : 0h 0m 36.102s
********************************************************************************************************************
Start the 8 rounds of NGS-ED iteration
	effective electronic model is modified as: kinetic energy t = 0.913196
	                                           effective interaction Vq = [-1.49999,-1.46182,-1.40157,-1.46182,-1.46182,-1.40157,-1.41558,-1.40157,-1.40157,-1.41558, -1.4954,-1.41558,-1.46182,-1.40157,-1.41558,-1.40157]
	PARPACK diagonalization completed after 30 matrix-vector product operations.
	iteration results: : total energy is -52.726940 | electron energy -52.758661 + phonon energy 0.031721 | electron momentum kIdx = 10
	Nq(0) = 16,	Nq(1) = 0.347754,	Nq(2) = 0.380217,	Nq(3) = 0.347754,	Nq(4) = 0.347754,	Nq(5) = 0.380217,	Nq(6) = 0.624031,	Nq(7) = 0.380217,	Nq(8) = 0.380217,	Nq(9) = 0.624031,	Nq(10) = 4.30268,	Nq(11) = 0.624031,	Nq(12) = 0.347754,	Nq(13) = 0.380217,	Nq(14) = 0.624031,	Nq(15) = 0.380217,	Sq(0) = -7.95732e-18,	Sq(1) = 0.271775,	Sq(2) = 0.327384,	Sq(3) = 0.271775,	Sq(4) = 0.271775,	Sq(5) = 0.327384,	Sq(6) = 0.483788,	Sq(7) = 0.327384,	Sq(8) = 0.327384,	Sq(9) = 0.483788,	Sq(10) = 0.542325,	Sq(11) = 0.483788,	Sq(12) = 0.271775,	Sq(13) = 0.327384,	Sq(14) = 0.483788,	Sq(15) = 0.327384,	N(0) = 1.98873,	N(1) = 1.97121,	N(2) = 1,	N(3) = 1.97121,	N(4) = 1.97121,	N(5) = 1,	N(6) = 0.0287905,	N(7) = 1,	N(8) = 1,	N(9) = 0.0287905,	N(10) = 0.0112691,	N(11) = 0.0287905,	N(12) = 1.97121,	N(13) = 1,	N(14) = 0.0287905,	N(15) = 1,	Delta[s](0) = 0.558406,	Delta[s](1) = 0.355895,	Delta[s](2) = 0.339523,	Delta[s](3) = 0.355895,	Delta[s](4) = 0.355895,	Delta[s](5) = 0.339523,	Delta[s](6) = 0.252247,	Delta[s](7) = 0.339523,	Delta[s](8) = 0.339523,	Delta[s](9) = 0.252247,	Delta[s](10) = 0.207451,	Delta[s](11) = 0.252247,	Delta[s](12) = 0.355895,	Delta[s](13) = 0.339523,	Delta[s](14) = 0.252247,	Delta[s](15) = 0.339523,	Delta[d](0) = 0.23555,	Delta[d](1) = 0.232057,	Delta[d](2) = 0.222743,	Delta[d](3) = 0.232057,	Delta[d](4) = 0.232057,	Delta[d](5) = 0.135469,	Delta[d](6) = 0.182772,	Delta[d](7) = 0.135469,	Delta[d](8) = 0.222743,	Delta[d](9) = 0.182772,	Delta[d](10) = 0.0353918,	Delta[d](11) = 0.182772,	Delta[d](12) = 0.232057,	Delta[d](13) = 0.135469,	Delta[d](14) = 0.182772,	Delta[d](15) = 0.135469,	Delta[s+](0) = 0.436214,	Delta[s+](1) = 0.351049,	Delta[s+](2) = 0.222743,	Delta[s+](3) = 0.351049,	Delta[s+](4) = 0.351049,	Delta[s+](5) = 0.222743,	Delta[s+](6) = 0.0903742,	Delta[s+](7) = 0.222743,	Delta[s+](8) = 0.222743,	Delta[s+](9) = 0.0903742,	Delta[s+](10) = 0.0181908,	Delta[s+](11) = 0.0903742,	Delta[s+](12) = 0.351049,	Delta[s+](13) = 0.222743,	Delta[s+](14) = 0.0903742,	Delta[s+](15) = 0.222743
The 8-th iteration is completed.	|| time cost : 0h 5m 44.692s
********************************************************************************************************************
********************************************************************************************************************
Ground state is obtained after 9 iterations. The current ground-state energy is -52.7269, in which electron energy is -52.7587 and phonon energy is 0.031721
final variational state is: 
	Gamma_x = [      1,1.01408,1.02197,1.01408,1.01408,1.02197,1.03445,1.02197,1.02197,1.03445,1.06928,1.03445,1.01408,1.02197,1.03445,1.02197]
	lambda_q = [0.387249,0.325525, 0.28808,0.325525,0.325525, 0.28808,0.295423, 0.28808, 0.28808,0.295423,0.365965,0.295423,0.325525, 0.28808,0.295423, 0.28808]
********************************************************************************************************************
o___o  ----------------------------------------
| L |	Time since last clock: 0h 0m 0s
A===A	Time since the beginning: 0h 30m 41.831s
***********************************************


********************************************************************************************************************
Warm up runs have been completed. Start calculating W = 5 phonon.
open output files: NGSEDIterationObs.txt
********************************************************************************************************************
Start the 0 rounds of NGS-ED iteration
	effective electronic model is modified as: kinetic energy t = 0.913192
	                                           effective interaction Vq = [-1.37123,-1.25313,-1.16292,-1.25313,-1.25313,-1.16292,-1.18172,-1.16292,-1.16292,-1.18172,-1.33481,-1.18172,-1.25313,-1.16292,-1.18172,-1.16292]
	PARPACK diagonalization completed after 45 matrix-vector product operations.
	iteration results: : total energy is -48.602661 | electron energy -48.618530 + phonon energy 0.015868 | electron momentum kIdx = 10
	Nq(0) = 16,	Nq(1) = 0.341023,	Nq(2) = 0.369154,	Nq(3) = 0.341023,	Nq(4) = 0.341023,	Nq(5) = 0.369154,	Nq(6) = 0.601218,	Nq(7) = 0.369154,	Nq(8) = 0.369154,	Nq(9) = 0.601218,	Nq(10) = 4.20902,	Nq(11) = 0.601218,	Nq(12) = 0.341023,	Nq(13) = 0.369154,	Nq(14) = 0.601218,	Nq(15) = 0.369154,	Sq(0) = -4.85367e-18,	Sq(1) = 0.289076,	Sq(2) = 0.339054,	Sq(3) = 0.289076,	Sq(4) = 0.289076,	Sq(5) = 0.339054,	Sq(6) = 0.512371,	Sq(7) = 0.339054,	Sq(8) = 0.339054,	Sq(9) = 0.512371,	Sq(10) = 0.566974,	Sq(11) = 0.512371,	Sq(12) = 0.289076,	Sq(13) = 0.339054,	Sq(14) = 0.512371,	Sq(15) = 0.339054,	N(0) = 1.99304,	N(1) = 1.98032,	N(2) = 1,	N(3) = 1.98032,	N(4) = 1.98032,	N(5) = 1,	N(6) = 0.0196821,	N(7) = 1,	N(8) = 1,	N(9) = 0.0196821,	N(10) = 0.00695691,	N(11) = 0.0196821,	N(12) = 1.98032,	N(13) = 1,	N(14) = 0.0196821,	N(15) = 1,	Delta[s](0) = 0.492209,	Delta[s](1) = 0.344981,	Delta[s](2) = 0.331069,	Delta[s](3) = 0.344981,	Delta[s](4) = 0.344981,	Delta[s](5) = 0.331069,	Delta[s](6) = 0.253052,	Delta[s](7) = 0.331069,	Delta[s](8) = 0.331069,	Delta[s](9) = 0.253052,	Delta[s](10) = 0.2257,	Delta[s](11) = 0.253052,	Delta[s](12) = 0.344981,	Delta[s](13) = 0.331069,	Delta[s](14) = 0.253052,	Delta[s](15) = 0.331069,	Delta[d](0) = 0.237231,	Delta[d](1) = 0.23737,	Delta[d](2) = 0.229416,	Delta[d](3) = 0.23737,	Delta[d](4) = 0.23737,	Delta[d](5) = 0.137349,	Delta[d](6) = 0.187514,	Delta[d](7) = 0.137349,	Delta[d](8) = 0.229416,	Delta[d](9) = 0.187514,	Delta[d](10) = 0.0374135,	Delta[d](11) = 0.187514,	Delta[d](12) = 0.23737,	Delta[d](13) = 0.137349,	Delta[d](14) = 0.187514,	Delta[d](15) = 0.137349,	Delta[s+](0) = 0.453869,	Delta[s+](1) = 0.362057,	Delta[s+](2) = 0.229416,	Delta[s+](3) = 0.362057,	Delta[s+](4) = 0.362057,	Delta[s+](5) = 0.229416,	Delta[s+](6) = 0.0933999,	Delta[s+](7) = 0.229416,	Delta[s+](8) = 0.229416,	Delta[s+](9) = 0.0933999,	Delta[s+](10) = 0.0195951,	Delta[s+](11) = 0.0933999,	Delta[s+](12) = 0.362057,	Delta[s+](13) = 0.229416,	Delta[s+](14) = 0.0933999,	Delta[s+](15) = 0.229416
The 0-th iteration is completed.	|| time cost : 0h 5m 45.957s
********************************************************************************************************************
Start the 1 rounds of NGS-ED iteration
	effective electronic model is modified as: kinetic energy t = 0.899636
	                                           effective interaction Vq = [-1.45262,-1.32588,-1.21233,-1.32588,-1.32588,-1.21233,-1.23675,-1.21233,-1.21233,-1.23675,-1.42282,-1.23675,-1.32588,-1.21233,-1.23675,-1.21233]
	PARPACK diagonalization completed after 30 matrix-vector product operations.
	iteration results: : total energy is -50.273033 | electron energy -50.323043 + phonon energy 0.050010 | electron momentum kIdx = 10
The 1-th iteration is completed.	|| time cost : 0h 0m 36.281s
********************************************************************************************************************
Start the 2 rounds of NGS-ED iteration
	effective electronic model is modified as: kinetic energy t = 0.892624
	                                           effective interaction Vq = [-1.48256,-1.35642,-1.23423,-1.35642,-1.35642,-1.23423, -1.2606,-1.23423,-1.23423, -1.2606,-1.46009, -1.2606,-1.35642,-1.23423, -1.2606,-1.23423]
	PARPACK diagonalization completed after 30 matrix-vector product operations.
	iteration results: : total energy is -50.875894 | electron energy -50.952902 + phonon energy 0.077008 | electron momentum kIdx = 10
The 2-th iteration is completed.	|| time cost : 0h 0m 36.14s
********************************************************************************************************************
Start the 3 rounds of NGS-ED iteration
	effective electronic model is modified as: kinetic energy t = 0.889077
	                                           effective interaction Vq = [-1.49358,-1.36998,-1.24424,-1.36998,-1.36998,-1.24424,-1.27125,-1.24424,-1.24424,-1.27125,-1.47614,-1.27125,-1.36998,-1.24424,-1.27125,-1.24424]
	PARPACK diagonalization completed after 30 matrix-vector product operations.
	iteration results: : total energy is -51.091605 | electron energy -51.185875 + phonon energy 0.094270 | electron momentum kIdx = 10
The 3-th iteration is completed.	|| time cost : 0h 0m 36.11s
********************************************************************************************************************
Start the 4 rounds of NGS-ED iteration
	effective electronic model is modified as: kinetic energy t = 0.887288
	                                           effective interaction Vq = [-1.49763,-1.37626,-1.24893,-1.37626,-1.37626,-1.24893,-1.27614,-1.24893,-1.24893,-1.27614,-1.48338,-1.27614,-1.37626,-1.24893,-1.27614,-1.24893]
	PARPACK diagonalization completed after 30 matrix-vector product operations.
	iteration results: : total energy is -51.168554 | electron energy -51.272941 + phonon energy 0.104387 | electron momentum kIdx = 10
The 4-th iteration is completed.	|| time cost : 0h 0m 36.026s
********************************************************************************************************************
Start the 5 rounds of NGS-ED iteration
	effective electronic model is modified as: kinetic energy t = 0.886384
	                                           effective interaction Vq = [-1.49912,-1.37924,-1.25116,-1.37924,-1.37924,-1.25116,-1.27842,-1.25116,-1.25116,-1.27842,-1.48682,-1.27842,-1.37924,-1.25116,-1.27842,-1.25116]
	PARPACK diagonalization completed after 30 matrix-vector product operations.
	iteration results: : total energy is -51.196035 | electron energy -51.306088 + phonon energy 0.110053 | electron momentum kIdx = 10
The 5-th iteration is completed.	|| time cost : 0h 0m 36.263s
********************************************************************************************************************
Start the 6 rounds of NGS-ED iteration
	effective electronic model is modified as: kinetic energy t = 0.885926
	                                           effective interaction Vq = [-1.49967,-1.38068,-1.25223,-1.38068,-1.38068,-1.25223,-1.27949,-1.25223,-1.25223,-1.27949,-1.48854,-1.27949,-1.38068,-1.25223,-1.27949,-1.25223]
	PARPACK diagonalization completed after 30 matrix-vector product operations.
	iteration results: : total energy is -51.205882 | electron energy -51.319026 + phonon energy 0.113144 | electron momentum kIdx = 10
The 6-th iteration is completed.	|| time cost : 0h 0m 36.136s
********************************************************************************************************************
Start the 7 rounds of NGS-ED iteration
	effective electronic model is modified as: kinetic energy t = 0.885695
	                                           effective interaction Vq = [-1.49987,-1.38136,-1.25274,-1.38136,-1.38136,-1.25274,-1.27998,-1.25274,-1.25274,-1.27998,-1.48942,-1.27998,-1.38136,-1.25274,-1.27998,-1.25274]
	PARPACK diagonalization completed after 30 matrix-vector product operations.
	iteration results: : total energy is -51.209424 | electron energy -51.324228 + phonon energy 0.114804 | electron momentum kIdx = 10
The 7-th iteration is completed.	|| time cost : 0h 0m 36.442s
********************************************************************************************************************
Start the 8 rounds of NGS-ED iteration
	effective electronic model is modified as: kinetic energy t = 0.885579
	                                           effective interaction Vq = [-1.49994,-1.38169,-1.25298,-1.38169,-1.38169,-1.25298, -1.2802,-1.25298,-1.25298, -1.2802,-1.48989, -1.2802,-1.38169,-1.25298, -1.2802,-1.25298]
	PARPACK diagonalization completed after 30 matrix-vector product operations.
	iteration results: : total energy is -51.210703 | electron energy -51.326391 + phonon energy 0.115687 | electron momentum kIdx = 10
The 8-th iteration is completed.	|| time cost : 0h 0m 36.14s
********************************************************************************************************************
Start the 9 rounds of NGS-ED iteration
	effective electronic model is modified as: kinetic energy t = 0.885521
	                                           effective interaction Vq = [-1.49997,-1.38184,-1.25309,-1.38184,-1.38184,-1.25309, -1.2803,-1.25309,-1.25309, -1.2803,-1.49014, -1.2803,-1.38184,-1.25309, -1.2803,-1.25309]
	PARPACK diagonalization completed after 30 matrix-vector product operations.
	iteration results: : total energy is -51.211167 | electron energy -51.327321 + phonon energy 0.116154 | electron momentum kIdx = 10
The 9-th iteration is completed.	|| time cost : 0h 0m 36.158s
********************************************************************************************************************
Start the 10 rounds of NGS-ED iteration
	effective electronic model is modified as: kinetic energy t = 0.885492
	                                           effective interaction Vq = [-1.49998, -1.3819,-1.25314, -1.3819, -1.3819,-1.25314,-1.28033,-1.25314,-1.25314,-1.28033,-1.49027,-1.28033, -1.3819,-1.25314,-1.28033,-1.25314]
	PARPACK diagonalization completed after 30 matrix-vector product operations.
	iteration results: : total energy is -51.211336 | electron energy -51.327735 + phonon energy 0.116399 | electron momentum kIdx = 10
	Nq(0) = 16,	Nq(1) = 0.318522,	Nq(2) = 0.359094,	Nq(3) = 0.318522,	Nq(4) = 0.318522,	Nq(5) = 0.359094,	Nq(6) = 0.57578,	Nq(7) = 0.359094,	Nq(8) = 0.359094,	Nq(9) = 0.57578,	Nq(10) = 4.81845,	Nq(11) = 0.57578,	Nq(12) = 0.318522,	Nq(13) = 0.359094,	Nq(14) = 0.57578,	Nq(15) = 0.359094,	Sq(0) = 2.40635e-18,	Sq(1) = 0.262892,	Sq(2) = 0.323753,	Sq(3) = 0.262892,	Sq(4) = 0.262892,	Sq(5) = 0.323753,	Sq(6) = 0.478191,	Sq(7) = 0.323753,	Sq(8) = 0.323753,	Sq(9) = 0.478191,	Sq(10) = 0.542931,	Sq(11) = 0.478191,	Sq(12) = 0.262892,	Sq(13) = 0.323753,	Sq(14) = 0.478191,	Sq(15) = 0.323753,	N(0) = 1.98732,	N(1) = 1.9639,	N(2) = 1,	N(3) = 1.9639,	N(4) = 1.9639,	N(5) = 1,	N(6) = 0.0361016,	N(7) = 1,	N(8) = 1,	N(9) = 0.0361016,	N(10) = 0.0126769,	N(11) = 0.0361016,	N(12) = 1.9639,	N(13) = 1,	N(14) = 0.0361016,	N(15) = 1,	Delta[s](0) = 0.494013,	Delta[s](1) = 0.35769,	Delta[s](2) = 0.339113,	Delta[s](3) = 0.35769,	Delta[s](4) = 0.35769,	Delta[s](5) = 0.339113,	Delta[s](6) = 0.269279,	Delta[s](7) = 0.339113,	Delta[s](8) = 0.339113,	Delta[s](9) = 0.269279,	Delta[s](10) = 0.238539,	Delta[s](11) = 0.269279,	Delta[s](12) = 0.35769,	Delta[s](13) = 0.339113,	Delta[s](14) = 0.269279,	Delta[s](15) = 0.339113,	Delta[d](0) = 0.231782,	Delta[d](1) = 0.224909,	Delta[d](2) = 0.222977,	Delta[d](3) = 0.224909,	Delta[d](4) = 0.224909,	Delta[d](5) = 0.136232,	Delta[d](6) = 0.17681,	Delta[d](7) = 0.136232,	Delta[d](8) = 0.222977,	Delta[d](9) = 0.17681,	Delta[d](10) = 0.0406095,	Delta[d](11) = 0.17681,	Delta[d](12) = 0.224909,	Delta[d](13) = 0.136232,	Delta[d](14) = 0.17681,	Delta[d](15) = 0.136232,	Delta[s+](0) = 0.443742,	Delta[s+](1) = 0.351804,	Delta[s+](2) = 0.222977,	Delta[s+](3) = 0.351804,	Delta[s+](4) = 0.351804,	Delta[s+](5) = 0.222977,	Delta[s+](6) = 0.0902675,	Delta[s+](7) = 0.222977,	Delta[s+](8) = 0.222977,	Delta[s+](9) = 0.0902675,	Delta[s+](10) = 0.0212606,	Delta[s+](11) = 0.0902675,	Delta[s+](12) = 0.351804,	Delta[s+](13) = 0.222977,	Delta[s+](14) = 0.0902675,	Delta[s+](15) = 0.222977
The 10-th iteration is completed.	|| time cost : 0h 5m 43.58s
********************************************************************************************************************
Start the 11 rounds of NGS-ED iteration
	effective electronic model is modified as: kinetic energy t = 0.885478
	                                           effective interaction Vq = [-1.49998,-1.38193,-1.25316,-1.38193,-1.38193,-1.25316,-1.28035,-1.25316,-1.25316,-1.28035,-1.49034,-1.28035,-1.38193,-1.25316,-1.28035,-1.25316]
	PARPACK diagonalization completed after 30 matrix-vector product operations.
	iteration results: : total energy is -51.211397 | electron energy -51.327925 + phonon energy 0.116528 | electron momentum kIdx = 10
The 11-th iteration is completed.	|| time cost : 0h 0m 44.663s
********************************************************************************************************************
Start the 12 rounds of NGS-ED iteration
	effective electronic model is modified as: kinetic energy t = 0.885472
	                                           effective interaction Vq = [-1.49999,-1.38194,-1.25317,-1.38194,-1.38194,-1.25317,-1.28035,-1.25317,-1.25317,-1.28035,-1.49038,-1.28035,-1.38194,-1.25317,-1.28035,-1.25317]
	PARPACK diagonalization completed after 30 matrix-vector product operations.
	iteration results: : total energy is -51.211419 | electron energy -51.328014 + phonon energy 0.116595 | electron momentum kIdx = 10
The 12-th iteration is completed.	|| time cost : 0h 0m 38.303s
********************************************************************************************************************
Start the 13 rounds of NGS-ED iteration
	effective electronic model is modified as: kinetic energy t = 0.885468
	                                           effective interaction Vq = [-1.49999,-1.38194,-1.25317,-1.38194,-1.38194,-1.25317,-1.28035,-1.25317,-1.25317,-1.28035, -1.4904,-1.28035,-1.38194,-1.25317,-1.28035,-1.25317]
	PARPACK diagonalization completed after 30 matrix-vector product operations.
	iteration results: : total energy is -51.211428 | electron energy -51.328058 + phonon energy 0.116630 | electron momentum kIdx = 10
The 13-th iteration is completed.	|| time cost : 0h 0m 36.093s
********************************************************************************************************************
Start the 14 rounds of NGS-ED iteration
	effective electronic model is modified as: kinetic energy t = 0.885467
	                                           effective interaction Vq = [-1.49999,-1.38194,-1.25318,-1.38194,-1.38194,-1.25318,-1.28034,-1.25318,-1.25318,-1.28034,-1.49041,-1.28034,-1.38194,-1.25318,-1.28034,-1.25318]
	PARPACK diagonalization completed after 30 matrix-vector product operations.
	iteration results: : total energy is -51.211431 | electron energy -51.328079 + phonon energy 0.116648 | electron momentum kIdx = 10
The 14-th iteration is completed.	|| time cost : 0h 0m 36.496s
********************************************************************************************************************
Start the 15 rounds of NGS-ED iteration
	effective electronic model is modified as: kinetic energy t = 0.885466
	                                           effective interaction Vq = [-1.49999,-1.38194,-1.25317,-1.38194,-1.38194,-1.25317,-1.28034,-1.25317,-1.25317,-1.28034,-1.49042,-1.28034,-1.38194,-1.25317,-1.28034,-1.25317]
	PARPACK diagonalization completed after 30 matrix-vector product operations.
	iteration results: : total energy is -51.211432 | electron energy -51.328089 + phonon energy 0.116658 | electron momentum kIdx = 10
The 15-th iteration is completed.	|| time cost : 0h 0m 36.372s
********************************************************************************************************************
Start the 16 rounds of NGS-ED iteration
	effective electronic model is modified as: kinetic energy t = 0.885466
	                                           effective interaction Vq = [-1.49999,-1.38194,-1.25317,-1.38194,-1.38194,-1.25317,-1.28034,-1.25317,-1.25317,-1.28034,-1.49042,-1.28034,-1.38194,-1.25317,-1.28034,-1.25317]
	PARPACK diagonalization completed after 30 matrix-vector product operations.
	iteration results: : total energy is -51.211432 | electron energy -51.328095 + phonon energy 0.116662 | electron momentum kIdx = 10
The 16-th iteration is completed.	|| time cost : 0h 0m 36.299s
********************************************************************************************************************
Start the 17 rounds of NGS-ED iteration
	effective electronic model is modified as: kinetic energy t = 0.885466
	                                           effective interaction Vq = [-1.49999,-1.38194,-1.25317,-1.38194,-1.38194,-1.25317,-1.28034,-1.25317,-1.25317,-1.28034,-1.49043,-1.28034,-1.38194,-1.25317,-1.28034,-1.25317]
	PARPACK diagonalization completed after 30 matrix-vector product operations.
	iteration results: : total energy is -51.211432 | electron energy -51.328097 + phonon energy 0.116665 | electron momentum kIdx = 10
The 17-th iteration is completed.	|| time cost : 0h 0m 36.03s
********************************************************************************************************************
Start the 18 rounds of NGS-ED iteration
	effective electronic model is modified as: kinetic energy t = 0.885466
	                                           effective interaction Vq = [-1.49999,-1.38194,-1.25317,-1.38194,-1.38194,-1.25317,-1.28034,-1.25317,-1.25317,-1.28034,-1.49043,-1.28034,-1.38194,-1.25317,-1.28034,-1.25317]
	PARPACK diagonalization completed after 30 matrix-vector product operations.
	iteration results: : total energy is -51.211432 | electron energy -51.328099 + phonon energy 0.116666 | electron momentum kIdx = 10
The 18-th iteration is completed.	|| time cost : 0h 0m 36.208s
********************************************************************************************************************
Start the 19 rounds of NGS-ED iteration
	effective electronic model is modified as: kinetic energy t = 0.885466
	                                           effective interaction Vq = [-1.49999,-1.38194,-1.25317,-1.38194,-1.38194,-1.25317,-1.28034,-1.25317,-1.25317,-1.28034,-1.49043,-1.28034,-1.38194,-1.25317,-1.28034,-1.25317]
	PARPACK diagonalization completed after 30 matrix-vector product operations.
	iteration results: : total energy is -51.211432 | electron energy -51.328099 + phonon energy 0.116667 | electron momentum kIdx = 10
The 19-th iteration is completed.	|| time cost : 0h 0m 36.168s
********************************************************************************************************************
Start the 20 rounds of NGS-ED iteration
	effective electronic model is modified as: kinetic energy t = 0.885466
	                                           effective interaction Vq = [-1.49999,-1.38194,-1.25317,-1.38194,-1.38194,-1.25317,-1.28034,-1.25317,-1.25317,-1.28034,-1.49043,-1.28034,-1.38194,-1.25317,-1.28034,-1.25317]
	PARPACK diagonalization completed after 30 matrix-vector product operations.
	iteration results: : total energy is -51.211432 | electron energy -51.328100 + phonon energy 0.116667 | electron momentum kIdx = 10
	Nq(0) = 16,	Nq(1) = 0.318473,	Nq(2) = 0.359072,	Nq(3) = 0.318473,	Nq(4) = 0.318473,	Nq(5) = 0.359072,	Nq(6) = 0.575717,	Nq(7) = 0.359072,	Nq(8) = 0.359072,	Nq(9) = 0.575717,	Nq(10) = 4.81947,	Nq(11) = 0.575717,	Nq(12) = 0.318473,	Nq(13) = 0.359072,	Nq(14) = 0.575717,	Nq(15) = 0.359072,	Sq(0) = -1.03871e-18,	Sq(1) = 0.262859,	Sq(2) = 0.323733,	Sq(3) = 0.262859,	Sq(4) = 0.262859,	Sq(5) = 0.323733,	Sq(6) = 0.478151,	Sq(7) = 0.323733,	Sq(8) = 0.323733,	Sq(9) = 0.478151,	Sq(10) = 0.542903,	Sq(11) = 0.478151,	Sq(12) = 0.262859,	Sq(13) = 0.323733,	Sq(14) = 0.478151,	Sq(15) = 0.323733,	N(0) = 1.98732,	N(1) = 1.96387,	N(2) = 1,	N(3) = 1.96387,	N(4) = 1.96387,	N(5) = 1,	N(6) = 0.0361281,	N(7) = 1,	N(8) = 1,	N(9) = 0.0361281,	N(10) = 0.0126848,	N(11) = 0.0361281,	N(12) = 1.96387,	N(13) = 1,	N(14) = 0.0361281,	N(15) = 1,	Delta[s](0) = 0.494,	Delta[s](1) = 0.357706,	Delta[s](2) = 0.339123,	Delta[s](3) = 0.357706,	Delta[s](4) = 0.357706,	Delta[s](5) = 0.339123,	Delta[s](6) = 0.269301,	Delta[s](7) = 0.339123,	Delta[s](8) = 0.339123,	Delta[s](9) = 0.269301,	Delta[s](10) = 0.238562,	Delta[s](11) = 0.269301,	Delta[s](12) = 0.357706,	Delta[s](13) = 0.339123,	Delta[s](14) = 0.269301,	Delta[s](15) = 0.339123,	Delta[d](0) = 0.231801,	Delta[d](1) = 0.224918,	Delta[d](2) = 0.222997,	Delta[d](3) = 0.224918,	Delta[d](4) = 0.224918,	Delta[d](5) = 0.136243,	Delta[d](6) = 0.176814,	Delta[d](7) = 0.136243,	Delta[d](8) = 0.222997,	Delta[d](9) = 0.176814,	Delta[d](10) = 0.0406116,	Delta[d](11) = 0.176814,	Delta[d](12) = 0.224918,	Delta[d](13) = 0.136243,	Delta[d](14) = 0.176814,	Delta[d](15) = 0.136243,	Delta[s+](0) = 0.443791,	Delta[s+](1) = 0.351838,	Delta[s+](2) = 0.222997,	Delta[s+](3) = 0.351838,	Delta[s+](4) = 0.351838,	Delta[s+](5) = 0.222997,	Delta[s+](6) = 0.0902713,	Delta[s+](7) = 0.222997,	Delta[s+](8) = 0.222997,	Delta[s+](9) = 0.0902713,	Delta[s+](10) = 0.021262,	Delta[s+](11) = 0.0902713,	Delta[s+](12) = 0.351838,	Delta[s+](13) = 0.222997,	Delta[s+](14) = 0.0902713,	Delta[s+](15) = 0.222997
The 20-th iteration is completed.	|| time cost : 0h 5m 48.942s
********************************************************************************************************************
Start the 21 rounds of NGS-ED iteration
	effective electronic model is modified as: kinetic energy t = 0.885466
	                                           effective interaction Vq = [-1.49999,-1.38194,-1.25317,-1.38194,-1.38194,-1.25317,-1.28034,-1.25317,-1.25317,-1.28034,-1.49043,-1.28034,-1.38194,-1.25317,-1.28034,-1.25317]
	PARPACK diagonalization completed after 30 matrix-vector product operations.
	iteration results: : total energy is -51.211432 | electron energy -51.328100 + phonon energy 0.116667 | electron momentum kIdx = 10
The 21-th iteration is completed.	|| time cost : 0h 0m 39.96s
********************************************************************************************************************
Start the 22 rounds of NGS-ED iteration
	effective electronic model is modified as: kinetic energy t = 0.885466
	                                           effective interaction Vq = [-1.49999,-1.38194,-1.25317,-1.38194,-1.38194,-1.25317,-1.28034,-1.25317,-1.25317,-1.28034,-1.49043,-1.28034,-1.38194,-1.25317,-1.28034,-1.25317]
	PARPACK diagonalization completed after 30 matrix-vector product operations.
	iteration results: : total energy is -51.211432 | electron energy -51.328100 + phonon energy 0.116667 | electron momentum kIdx = 10
The 22-th iteration is completed.	|| time cost : 0h 0m 40.76s
********************************************************************************************************************
Start the 23 rounds of NGS-ED iteration
	effective electronic model is modified as: kinetic energy t = 0.885466
	                                           effective interaction Vq = [-1.49999,-1.38194,-1.25317,-1.38194,-1.38194,-1.25317,-1.28034,-1.25317,-1.25317,-1.28034,-1.49043,-1.28034,-1.38194,-1.25317,-1.28034,-1.25317]
	PARPACK diagonalization completed after 30 matrix-vector product operations.
	iteration results: : total energy is -51.211432 | electron energy -51.328100 + phonon energy 0.116667 | electron momentum kIdx = 10
The 23-th iteration is completed.	|| time cost : 0h 0m 36.123s
********************************************************************************************************************
Start the 24 rounds of NGS-ED iteration
	effective electronic model is modified as: kinetic energy t = 0.885466
	                                           effective interaction Vq = [-1.49999,-1.38194,-1.25317,-1.38194,-1.38194,-1.25317,-1.28034,-1.25317,-1.25317,-1.28034,-1.49043,-1.28034,-1.38194,-1.25317,-1.28034,-1.25317]
	PARPACK diagonalization completed after 30 matrix-vector product operations.
	iteration results: : total energy is -51.211432 | electron energy -51.328100 + phonon energy 0.116667 | electron momentum kIdx = 10
