SNEDics v3.4 Non-Gaussian ED ground state program		Start at Wed Oct  2 01:06:37 2019

parallized on 16 MPI threads  * 8 OpenMP threads = 128 total threads.
********************************************************************************************************************
********************************************************************************************************************

********************************************************************************************************************
System parameters and configurations
********************************************************************************************************************
Special program options are enabled: splitted diagonal Hamiltonian
********************************************************************************************************************
Read input file "model_params.in"
	Hubbard-Holstein model parameters : 	t = 1    U = 5.6    g = 3.8078    W = 5    
********************************************************************************************************************
Read input file "hilbertspace_params.in"
	Requested 16-site 2D lattice, with 16 electrons (8, 8)
	Boundary : Periodic		Hilbert space representation : momentum-space (restricted to kIdx = 10)
	Conservation: particle number[U(1)]      spin[U(1)]     momentum
********************************************************************************************************************

Cluster Positions:				Cluster symmetry group : D4
 x ... x ... x ... x .....                       x ... x ... x ... x .....
 |           |           :                       |           |           :
 |           |           :                       |           |           :
12    13    14    15     x                       1     5     6     5     x
 |           |           :                       |           |           :
 |           |           :                       |           |           :
 8 --- 9 ---10 ---11 --- x                       2 --- 6 ---10 --- 6 --- x
 |           |           :                       |           |           :
 |           |           :                       |           |           :
 4     5     6     7     x                       1     5     6     5     x
 |           |           :                       |           |           :
 |           |           :                       |           |           :
 0 --- 1 --- 2 --- 3 --- x                       0 --- 1 --- 2 --- 1 --- x
orbital number : 1
********************************************************************************************************************
Read input file "obs_params.in"
	Observable Type : Nq(All),   Sq(All),   N(All),   Delta[s](All),   Delta[d](All),   Delta[s+](All)
********************************************************************************************************************
** WARNING ** the input observables have non-local factors which have been reinterpreted. The total observable number is 96
********************************************************************************************************************


********************************************************************************************************************
Start calculating the non-Gaussian ED ground state
** WARNING ** Detected low phonon energy W < 10. The initial state will be prepared through a warm-up process.
********************************************************************************************************************
Start warm-up calculation for scaling factor 2
open output files: NGSEDWarmUpW10Obs.txt
********************************************************************************************************************
Start the 0 rounds of NGS-ED iteration
	effective electronic model is modified as: kinetic energy t = 1
	                                           effective interaction Vq = [-0,-0,-0,-0,-0,-0,-0,-0,-0,-0,-0,-0,-0,-0,-0,-0]
	first Hamiltonian is constructed, non-zero numbers = 2845334624
	PARPACK diagonalization completed after 90 matrix-vector product operations.
	iteration results: : total energy is -10.889368 | electron energy -10.889368 + phonon energy 0.000000 | electron momentum kIdx = 10
	Nq(0) = 16,	Nq(1) = 0.110958,	Nq(2) = 0.175445,	Nq(3) = 0.110958,	Nq(4) = 0.110958,	Nq(5) = 0.175445,	Nq(6) = 0.238261,	Nq(7) = 0.175445,	Nq(8) = 0.175445,	Nq(9) = 0.238261,	Nq(10) = 0.292703,	Nq(11) = 0.238261,	Nq(12) = 0.110958,	Nq(13) = 0.175445,	Nq(14) = 0.238261,	Nq(15) = 0.175445,	Sq(0) = -2.68987e-18,	Sq(1) = 0.274452,	Sq(2) = 0.40399,	Sq(3) = 0.274452,	Sq(4) = 0.274452,	Sq(5) = 0.40399,	Sq(6) = 0.59587,	Sq(7) = 0.40399,	Sq(8) = 0.40399,	Sq(9) = 0.59587,	Sq(10) = 7.35252,	Sq(11) = 0.59587,	Sq(12) = 0.274452,	Sq(13) = 0.40399,	Sq(14) = 0.59587,	Sq(15) = 0.40399,	N(0) = 1.87263,	N(1) = 1.72416,	N(2) = 1,	N(3) = 1.72416,	N(4) = 1.72416,	N(5) = 1,	N(6) = 0.275835,	N(7) = 1,	N(8) = 1,	N(9) = 0.275835,	N(10) = 0.127371,	N(11) = 0.275835,	N(12) = 1.72416,	N(13) = 1,	N(14) = 0.275835,	N(15) = 1,	Delta[s](0) = 0.131736,	Delta[s](1) = 0.111052,	Delta[s](2) = 0.0872241,	Delta[s](3) = 0.111052,	Delta[s](4) = 0.111052,	Delta[s](5) = 0.0872241,	Delta[s](6) = 0.0627484,	Delta[s](7) = 0.0872241,	Delta[s](8) = 0.0872241,	Delta[s](9) = 0.0627484,	Delta[s](10) = 0.0208394,	Delta[s](11) = 0.0627484,	Delta[s](12) = 0.111052,	Delta[s](13) = 0.0872241,	Delta[s](14) = 0.0627484,	Delta[s](15) = 0.0872241,	Delta[d](0) = 0.535652,	Delta[d](1) = 0.425821,	Delta[d](2) = 0.354934,	Delta[d](3) = 0.425821,	Delta[d](4) = 0.425821,	Delta[d](5) = 0.390352,	Delta[d](6) = 0.32386,	Delta[d](7) = 0.390352,	Delta[d](8) = 0.354934,	Delta[d](9) = 0.32386,	Delta[d](10) = 0.262119,	Delta[d](11) = 0.32386,	Delta[d](12) = 0.425821,	Delta[d](13) = 0.390352,	Delta[d](14) = 0.32386,	Delta[d](15) = 0.390352,	Delta[s+](0) = 0.598364,	Delta[s+](1) = 0.495373,	Delta[s+](2) = 0.354934,	Delta[s+](3) = 0.495373,	Delta[s+](4) = 0.495373,	Delta[s+](5) = 0.354934,	Delta[s+](6) = 0.216975,	Delta[s+](7) = 0.354934,	Delta[s+](8) = 0.354934,	Delta[s+](9) = 0.216975,	Delta[s+](10) = 0.102288,	Delta[s+](11) = 0.216975,	Delta[s+](12) = 0.495373,	Delta[s+](13) = 0.354934,	Delta[s+](14) = 0.216975,	Delta[s+](15) = 0.354934
The 0-th iteration is completed.	|| time cost : 0h 8m 23.758s
********************************************************************************************************************
Start the 1 rounds of NGS-ED iteration
	effective electronic model is modified as: kinetic energy t = 0.933161
	                                           effective interaction Vq = [-2.50741,-2.22884,-2.15906,-2.22884,-2.22884,-2.15906,-2.12579,-2.15906,-2.15906,-2.12579,-2.09638,-2.12579,-2.22884,-2.15906,-2.12579,-2.15906]
	PARPACK diagonalization completed after 45 matrix-vector product operations.
	iteration results: : total energy is -58.460277 | electron energy -58.463827 + phonon energy 0.003550 | electron momentum kIdx = 10
The 1-th iteration is completed.	|| time cost : 0h 7m 24.742s
********************************************************************************************************************
Start the 2 rounds of NGS-ED iteration
	effective electronic model is modified as: kinetic energy t = 0.881399
	                                           effective interaction Vq = [-2.84676,-2.68948,-2.57733,-2.68948,-2.68948,-2.57733,-2.57273,-2.57733,-2.57733,-2.57273,-2.51681,-2.57273,-2.68948,-2.57733,-2.57273,-2.57733]
	PARPACK diagonalization completed after 30 matrix-vector product operations.
	iteration results: : total energy is -65.295635 | electron energy -65.329205 + phonon energy 0.033570 | electron momentum kIdx = 10
The 2-th iteration is completed.	|| time cost : 0h 0m 27.29s
********************************************************************************************************************
Start the 3 rounds of NGS-ED iteration
	effective electronic model is modified as: kinetic energy t = 0.86053
	                                           effective interaction Vq = [-2.89268,-2.79818,-2.67865,-2.79818,-2.79818,-2.67865,-2.69387,-2.67865,-2.67865,-2.69387, -2.6245,-2.69387,-2.79818,-2.67865,-2.69387,-2.67865]
	PARPACK diagonalization completed after 30 matrix-vector product operations.
	iteration results: : total energy is -66.232835 | electron energy -66.294097 + phonon energy 0.061262 | electron momentum kIdx = 10
The 3-th iteration is completed.	|| time cost : 0h 0m 27.62s
********************************************************************************************************************
Start the 4 rounds of NGS-ED iteration
	effective electronic model is modified as: kinetic energy t = 0.852939
	                                           effective interaction Vq = [ -2.8989,-2.82864,-2.70778,-2.82864,-2.82864,-2.70778,  -2.732,-2.70778,-2.70778,  -2.732,-2.65644,  -2.732,-2.82864,-2.70778,  -2.732,-2.70778]
	PARPACK diagonalization completed after 30 matrix-vector product operations.
	iteration results: : total energy is -66.359035 | electron energy -66.433600 + phonon energy 0.074564 | electron momentum kIdx = 10
The 4-th iteration is completed.	|| time cost : 0h 0m 27.283s
********************************************************************************************************************
Start the 5 rounds of NGS-ED iteration
	effective electronic model is modified as: kinetic energy t = 0.85026
	                                           effective interaction Vq = [-2.89974,-2.83834,-2.71687,-2.83834,-2.83834,-2.71687,-2.74499,-2.71687,-2.71687,-2.74499,-2.66658,-2.74499,-2.83834,-2.71687,-2.74499,-2.71687]
	PARPACK diagonalization completed after 30 matrix-vector product operations.
	iteration results: : total energy is -66.375900 | electron energy -66.455670 + phonon energy 0.079770 | electron momentum kIdx = 10
The 5-th iteration is completed.	|| time cost : 0h 0m 27.619s
********************************************************************************************************************
Start the 6 rounds of NGS-ED iteration
	effective electronic model is modified as: kinetic energy t = 0.849322
	                                           effective interaction Vq = [-2.89985,-2.84164,-2.71981,-2.84164,-2.84164,-2.71981,-2.74958,-2.71981,-2.71981,-2.74958,-2.66989,-2.74958,-2.84164,-2.71981,-2.74958,-2.71981]
	PARPACK diagonalization completed after 30 matrix-vector product operations.
	iteration results: : total energy is -66.378150 | electron energy -66.459816 + phonon energy 0.081667 | electron momentum kIdx = 10
The 6-th iteration is completed.	|| time cost : 0h 0m 27.395s
********************************************************************************************************************
Start the 7 rounds of NGS-ED iteration
	effective electronic model is modified as: kinetic energy t = 0.848994
	                                           effective interaction Vq = [-2.89987,-2.84279,-2.72076,-2.84279,-2.84279,-2.72076,-2.75121,-2.72076,-2.72076,-2.75121,-2.67099,-2.75121,-2.84279,-2.72076,-2.75121,-2.72076]
	PARPACK diagonalization completed after 30 matrix-vector product operations.
	iteration results: : total energy is -66.378450 | electron energy -66.460790 + phonon energy 0.082340 | electron momentum kIdx = 10
The 7-th iteration is completed.	|| time cost : 0h 0m 27.651s
********************************************************************************************************************
Start the 8 rounds of NGS-ED iteration
	effective electronic model is modified as: kinetic energy t = 0.84888
	                                           effective interaction Vq = [-2.89987, -2.8432,-2.72108, -2.8432, -2.8432,-2.72108, -2.7518,-2.72108,-2.72108, -2.7518,-2.67135, -2.7518, -2.8432,-2.72108, -2.7518,-2.72108]
	PARPACK diagonalization completed after 30 matrix-vector product operations.
	iteration results: : total energy is -66.378490 | electron energy -66.461068 + phonon energy 0.082578 | electron momentum kIdx = 10
	Nq(0) = 16,	Nq(1) = 0.382218,	Nq(2) = 0.370447,	Nq(3) = 0.382218,	Nq(4) = 0.382218,	Nq(5) = 0.370447,	Nq(6) = 0.615375,	Nq(7) = 0.370447,	Nq(8) = 0.370447,	Nq(9) = 0.615375,	Nq(10) = 0.6079,	Nq(11) = 0.615375,	Nq(12) = 0.382218,	Nq(13) = 0.370447,	Nq(14) = 0.615375,	Nq(15) = 0.370447,	Sq(0) = 3.54559e-18,	Sq(1) = 0.375251,	Sq(2) = 0.410695,	Sq(3) = 0.375251,	Sq(4) = 0.375251,	Sq(5) = 0.410695,	Sq(6) = 0.629346,	Sq(7) = 0.410695,	Sq(8) = 0.410695,	Sq(9) = 0.629346,	Sq(10) = 2.69649,	Sq(11) = 0.629346,	Sq(12) = 0.375251,	Sq(13) = 0.410695,	Sq(14) = 0.629346,	Sq(15) = 0.410695,	N(0) = 1.99986,	N(1) = 1.99979,	N(2) = 1,	N(3) = 1.99979,	N(4) = 1.99979,	N(5) = 1,	N(6) = 0.000205427,	N(7) = 1,	N(8) = 1,	N(9) = 0.000205427,	N(10) = 0.000136498,	N(11) = 0.000205427,	N(12) = 1.99979,	N(13) = 1,	N(14) = 0.000205427,	N(15) = 1,	Delta[s](0) = 0.264198,	Delta[s](1) = 0.262047,	Delta[s](2) = 0.200175,	Delta[s](3) = 0.262047,	Delta[s](4) = 0.262047,	Delta[s](5) = 0.200175,	Delta[s](6) = 0.198044,	Delta[s](7) = 0.200175,	Delta[s](8) = 0.200175,	Delta[s](9) = 0.198044,	Delta[s](10) = 0.10487,	Delta[s](11) = 0.198044,	Delta[s](12) = 0.262047,	Delta[s](13) = 0.200175,	Delta[s](14) = 0.198044,	Delta[s](15) = 0.200175,	Delta[d](0) = 0.493854,	Delta[d](1) = 0.305657,	Delta[d](2) = 0.274216,	Delta[d](3) = 0.305657,	Delta[d](4) = 0.305657,	Delta[d](5) = 0.363841,	Delta[d](6) = 0.252432,	Delta[d](7) = 0.363841,	Delta[d](8) = 0.274216,	Delta[d](9) = 0.252432,	Delta[d](10) = 0.23484,	Delta[d](11) = 0.252432,	Delta[d](12) = 0.305657,	Delta[d](13) = 0.363841,	Delta[d](14) = 0.252432,	Delta[d](15) = 0.363841,	Delta[s+](0) = 0.500747,	Delta[s+](1) = 0.412516,	Delta[s+](2) = 0.274216,	Delta[s+](3) = 0.412516,	Delta[s+](4) = 0.412516,	Delta[s+](5) = 0.274216,	Delta[s+](6) = 0.1329,	Delta[s+](7) = 0.274216,	Delta[s+](8) = 0.274216,	Delta[s+](9) = 0.1329,	Delta[s+](10) = 0.0370263,	Delta[s+](11) = 0.1329,	Delta[s+](12) = 0.412516,	Delta[s+](13) = 0.274216,	Delta[s+](14) = 0.1329,	Delta[s+](15) = 0.274216
The 8-th iteration is completed.	|| time cost : 0h 4m 36.527s
********************************************************************************************************************
********************************************************************************************************************
Ground state is obtained after 9 iterations. The current ground-state energy is -66.3785, in which electron energy is -66.4611 and phonon energy is 0.0825778
final variational state is: 
	Gamma_x = [      1,1.02696,1.04089,1.02696,1.02696,1.04089, 1.0643,1.04089,1.04089, 1.0643,1.07369, 1.0643,1.02696,1.04089, 1.0643,1.04089]
	lambda_q = [0.538438,0.463322,0.404831,0.463322,0.463322,0.404831, 0.41691,0.404831,0.404831, 0.41691,0.387376, 0.41691,0.463322,0.404831, 0.41691,0.404831]
********************************************************************************************************************
o___o  ----------------------------------------
| L |	Time since last clock: 0h 0m 0s
A===A	Time since the beginning: 0h 23m 9.89s
***********************************************


********************************************************************************************************************
Warm up runs have been completed. Start calculating W = 5 phonon.
open output files: NGSEDIterationObs.txt
********************************************************************************************************************
Start the 0 rounds of NGS-ED iteration
	effective electronic model is modified as: kinetic energy t = 0.848839
	                                           effective interaction Vq = [-2.65095,-2.45514,-2.26359,-2.45514,-2.45514,-2.26359,-2.30595,-2.26359,-2.26359,-2.30595, -2.1998,-2.30595,-2.45514,-2.26359,-2.30595,-2.26359]
	PARPACK diagonalization completed after 30 matrix-vector product operations.
	iteration results: : total energy is -59.633137 | electron energy -59.674468 + phonon energy 0.041331 | electron momentum kIdx = 10
	Nq(0) = 16,	Nq(1) = 0.31439,	Nq(2) = 0.341167,	Nq(3) = 0.31439,	Nq(4) = 0.31439,	Nq(5) = 0.341167,	Nq(6) = 0.521713,	Nq(7) = 0.341167,	Nq(8) = 0.341167,	Nq(9) = 0.521713,	Nq(10) = 0.554952,	Nq(11) = 0.521713,	Nq(12) = 0.31439,	Nq(13) = 0.341167,	Nq(14) = 0.521713,	Nq(15) = 0.341167,	Sq(0) = 1.09193e-17,	Sq(1) = 0.374859,	Sq(2) = 0.424522,	Sq(3) = 0.374859,	Sq(4) = 0.374859,	Sq(5) = 0.424522,	Sq(6) = 0.657842,	Sq(7) = 0.424522,	Sq(8) = 0.424522,	Sq(9) = 0.657842,	Sq(10) = 3.3757,	Sq(11) = 0.657842,	Sq(12) = 0.374859,	Sq(13) = 0.424522,	Sq(14) = 0.657842,	Sq(15) = 0.424522,	N(0) = 1.9934,	N(1) = 1.98732,	N(2) = 1,	N(3) = 1.98732,	N(4) = 1.98732,	N(5) = 1,	N(6) = 0.0126823,	N(7) = 1,	N(8) = 1,	N(9) = 0.0126823,	N(10) = 0.00660275,	N(11) = 0.0126823,	N(12) = 1.98732,	N(13) = 1,	N(14) = 0.0126823,	N(15) = 1,	Delta[s](0) = 0.233701,	Delta[s](1) = 0.222123,	Delta[s](2) = 0.179674,	Delta[s](3) = 0.222123,	Delta[s](4) = 0.222123,	Delta[s](5) = 0.179674,	Delta[s](6) = 0.16872,	Delta[s](7) = 0.179674,	Delta[s](8) = 0.179674,	Delta[s](9) = 0.16872,	Delta[s](10) = 0.0980643,	Delta[s](11) = 0.16872,	Delta[s](12) = 0.222123,	Delta[s](13) = 0.179674,	Delta[s](14) = 0.16872,	Delta[s](15) = 0.179674,	Delta[d](0) = 0.509157,	Delta[d](1) = 0.338891,	Delta[d](2) = 0.301263,	Delta[d](3) = 0.338891,	Delta[d](4) = 0.338891,	Delta[d](5) = 0.3785,	Delta[d](6) = 0.281803,	Delta[d](7) = 0.3785,	Delta[d](8) = 0.301263,	Delta[d](9) = 0.281803,	Delta[d](10) = 0.249682,	Delta[d](11) = 0.281803,	Delta[d](12) = 0.338891,	Delta[d](13) = 0.3785,	Delta[d](14) = 0.281803,	Delta[d](15) = 0.3785,	Delta[s+](0) = 0.547133,	Delta[s+](1) = 0.449963,	Delta[s+](2) = 0.301263,	Delta[s+](3) = 0.449963,	Delta[s+](4) = 0.449963,	Delta[s+](5) = 0.301263,	Delta[s+](6) = 0.152613,	Delta[s+](7) = 0.301263,	Delta[s+](8) = 0.301263,	Delta[s+](9) = 0.152613,	Delta[s+](10) = 0.0460199,	Delta[s+](11) = 0.152613,	Delta[s+](12) = 0.449963,	Delta[s+](13) = 0.301263,	Delta[s+](14) = 0.152613,	Delta[s+](15) = 0.301263
The 0-th iteration is completed.	|| time cost : 0h 4m 21.417s
********************************************************************************************************************
Start the 1 rounds of NGS-ED iteration
	effective electronic model is modified as: kinetic energy t = 0.834499
	                                           effective interaction Vq = [ -2.8083,-2.57925,-2.35655,-2.57925,-2.57925,-2.35655,-2.39088,-2.35655,-2.35655,-2.39088,-2.27558,-2.39088,-2.57925,-2.35655,-2.39088,-2.35655]
	PARPACK diagonalization completed after 30 matrix-vector product operations.
	iteration results: : total energy is -62.309337 | electron energy -62.425675 + phonon energy 0.116338 | electron momentum kIdx = 10
The 1-th iteration is completed.	|| time cost : 0h 0m 27.384s
********************************************************************************************************************
Start the 2 rounds of NGS-ED iteration
	effective electronic model is modified as: kinetic energy t = 0.824502
	                                           effective interaction Vq = [-2.86618,-2.64625,-2.40877,-2.64625,-2.64625,-2.40877,-2.44583,-2.40877,-2.40877,-2.44583,-2.32484,-2.44583,-2.64625,-2.40877,-2.44583,-2.40877]
	PARPACK diagonalization completed after 30 matrix-vector product operations.
	iteration results: : total energy is -63.293525 | electron energy -63.460538 + phonon energy 0.167013 | electron momentum kIdx = 10
The 2-th iteration is completed.	|| time cost : 0h 0m 27.409s
********************************************************************************************************************
Start the 3 rounds of NGS-ED iteration
	effective electronic model is modified as: kinetic energy t = 0.818063
	                                           effective interaction Vq = [-2.88748,-2.68367,-2.43819,-2.68367,-2.68367,-2.43819, -2.4799,-2.43819,-2.43819, -2.4799,-2.35458, -2.4799,-2.68367,-2.43819, -2.4799,-2.43819]
	PARPACK diagonalization completed after 30 matrix-vector product operations.
	iteration results: : total energy is -63.655717 | electron energy -63.853539 + phonon energy 0.197822 | electron momentum kIdx = 10
The 3-th iteration is completed.	|| time cost : 0h 0m 27.325s
********************************************************************************************************************
Start the 4 rounds of NGS-ED iteration
	effective electronic model is modified as: kinetic energy t = 0.81406
	                                           effective interaction Vq = [-2.89531,-2.70511,-2.45487,-2.70511,-2.70511,-2.45487,-2.50079,-2.45487,-2.45487,-2.50079,-2.37214,-2.50079,-2.70511,-2.45487,-2.50079,-2.45487]
	PARPACK diagonalization completed after 30 matrix-vector product operations.
	iteration results: : total energy is -63.788985 | electron energy -64.005317 + phonon energy 0.216333 | electron momentum kIdx = 10
The 4-th iteration is completed.	|| time cost : 0h 0m 27.594s
********************************************************************************************************************
Start the 5 rounds of NGS-ED iteration
	effective electronic model is modified as: kinetic energy t = 0.811613
	                                           effective interaction Vq = [-2.89819,-2.71762,-2.46439,-2.71762,-2.71762,-2.46439,-2.51358,-2.46439,-2.46439,-2.51358,-2.38244,-2.51358,-2.71762,-2.46439,-2.51358,-2.46439]
	PARPACK diagonalization completed after 30 matrix-vector product operations.
	iteration results: : total energy is -63.838009 | electron energy -64.065480 + phonon energy 0.227471 | electron momentum kIdx = 10
The 5-th iteration is completed.	|| time cost : 0h 0m 27.372s
********************************************************************************************************************
Start the 6 rounds of NGS-ED iteration
	effective electronic model is modified as: kinetic energy t = 0.81013
	                                           effective interaction Vq = [-2.89925,-2.72501,-2.46985,-2.72501,-2.72501,-2.46985,-2.52142,-2.46985,-2.46985,-2.52142,-2.38847,-2.52142,-2.72501,-2.46985,-2.52142,-2.46985]
	PARPACK diagonalization completed after 30 matrix-vector product operations.
	iteration results: : total energy is -63.856041 | electron energy -64.090228 + phonon energy 0.234187 | electron momentum kIdx = 10
The 6-th iteration is completed.	|| time cost : 0h 0m 27.658s
********************************************************************************************************************
Start the 7 rounds of NGS-ED iteration
	effective electronic model is modified as: kinetic energy t = 0.809234
	                                           effective interaction Vq = [-2.89964,-2.72942,-2.47299,-2.72942,-2.72942,-2.47299,-2.52622,-2.47299,-2.47299,-2.52622,-2.39202,-2.52622,-2.72942,-2.47299,-2.52622,-2.47299]
	PARPACK diagonalization completed after 30 matrix-vector product operations.
	iteration results: : total energy is -63.862673 | electron energy -64.100913 + phonon energy 0.238239 | electron momentum kIdx = 10
The 7-th iteration is completed.	|| time cost : 0h 0m 27.391s
********************************************************************************************************************
Start the 8 rounds of NGS-ED iteration
	effective electronic model is modified as: kinetic energy t = 0.808695
	                                           effective interaction Vq = [-2.89978,-2.73205,-2.47481,-2.73205,-2.73205,-2.47481,-2.52917,-2.47481,-2.47481,-2.52917, -2.3941,-2.52917,-2.73205,-2.47481,-2.52917,-2.47481]
	PARPACK diagonalization completed after 30 matrix-vector product operations.
	iteration results: : total energy is -63.865113 | electron energy -64.105799 + phonon energy 0.240686 | electron momentum kIdx = 10
The 8-th iteration is completed.	|| time cost : 0h 0m 27.635s
********************************************************************************************************************
Start the 9 rounds of NGS-ED iteration
	effective electronic model is modified as: kinetic energy t = 0.808369
	                                           effective interaction Vq = [-2.89984,-2.73363,-2.47586,-2.73363,-2.73363,-2.47586,-2.53098,-2.47586,-2.47586,-2.53098,-2.39533,-2.53098,-2.73363,-2.47586,-2.53098,-2.47586]
	PARPACK diagonalization completed after 30 matrix-vector product operations.
	iteration results: : total energy is -63.866010 | electron energy -64.108173 + phonon energy 0.242163 | electron momentum kIdx = 10
The 9-th iteration is completed.	|| time cost : 0h 0m 27.653s
********************************************************************************************************************
Start the 10 rounds of NGS-ED iteration
	effective electronic model is modified as: kinetic energy t = 0.808173
	                                           effective interaction Vq = [-2.89986,-2.73459,-2.47647,-2.73459,-2.73459,-2.47647,-2.53209,-2.47647,-2.47647,-2.53209,-2.39605,-2.53209,-2.73459,-2.47647,-2.53209,-2.47647]
	PARPACK diagonalization completed after 30 matrix-vector product operations.
	iteration results: : total energy is -63.866340 | electron energy -64.109395 + phonon energy 0.243056 | electron momentum kIdx = 10
	Nq(0) = 16,	Nq(1) = 0.35898,	Nq(2) = 0.355072,	Nq(3) = 0.35898,	Nq(4) = 0.35898,	Nq(5) = 0.355072,	Nq(6) = 0.565741,	Nq(7) = 0.355072,	Nq(8) = 0.355072,	Nq(9) = 0.565741,	Nq(10) = 0.576029,	Nq(11) = 0.565741,	Nq(12) = 0.35898,	Nq(13) = 0.355072,	Nq(14) = 0.565741,	Nq(15) = 0.355072,	Sq(0) = 1.22704e-17,	Sq(1) = 0.376742,	Sq(2) = 0.419288,	Sq(3) = 0.376742,	Sq(4) = 0.376742,	Sq(5) = 0.419288,	Sq(6) = 0.64696,	Sq(7) = 0.419288,	Sq(8) = 0.419288,	Sq(9) = 0.64696,	Sq(10) = 2.98412,	Sq(11) = 0.64696,	Sq(12) = 0.376742,	Sq(13) = 0.419288,	Sq(14) = 0.64696,	Sq(15) = 0.419288,	N(0) = 1.99748,	N(1) = 1.99644,	N(2) = 1,	N(3) = 1.99644,	N(4) = 1.99644,	N(5) = 1,	N(6) = 0.00356149,	N(7) = 1,	N(8) = 1,	N(9) = 0.00356149,	N(10) = 0.00251724,	N(11) = 0.00356149,	N(12) = 1.99644,	N(13) = 1,	N(14) = 0.00356149,	N(15) = 1,	Delta[s](0) = 0.24261,	Delta[s](1) = 0.235487,	Delta[s](2) = 0.192661,	Delta[s](3) = 0.235487,	Delta[s](4) = 0.235487,	Delta[s](5) = 0.192661,	Delta[s](6) = 0.185911,	Delta[s](7) = 0.192661,	Delta[s](8) = 0.192661,	Delta[s](9) = 0.185911,	Delta[s](10) = 0.118502,	Delta[s](11) = 0.185911,	Delta[s](12) = 0.235487,	Delta[s](13) = 0.192661,	Delta[s](14) = 0.185911,	Delta[s](15) = 0.192661,	Delta[d](0) = 0.526132,	Delta[d](1) = 0.348623,	Delta[d](2) = 0.312108,	Delta[d](3) = 0.348623,	Delta[d](4) = 0.348623,	Delta[d](5) = 0.394937,	Delta[d](6) = 0.291834,	Delta[d](7) = 0.394937,	Delta[d](8) = 0.312108,	Delta[d](9) = 0.291834,	Delta[d](10) = 0.265674,	Delta[d](11) = 0.291834,	Delta[d](12) = 0.348623,	Delta[d](13) = 0.394937,	Delta[d](14) = 0.291834,	Delta[d](15) = 0.394937,	Delta[s+](0) = 0.557978,	Delta[s+](1) = 0.460453,	Delta[s+](2) = 0.312108,	Delta[s+](3) = 0.460453,	Delta[s+](4) = 0.460453,	Delta[s+](5) = 0.312108,	Delta[s+](6) = 0.161245,	Delta[s+](7) = 0.312108,	Delta[s+](8) = 0.312108,	Delta[s+](9) = 0.161245,	Delta[s+](10) = 0.0539877,	Delta[s+](11) = 0.161245,	Delta[s+](12) = 0.460453,	Delta[s+](13) = 0.312108,	Delta[s+](14) = 0.161245,	Delta[s+](15) = 0.312108
The 10-th iteration is completed.	|| time cost : 0h 4m 20.847s
********************************************************************************************************************
Start the 11 rounds of NGS-ED iteration
	effective electronic model is modified as: kinetic energy t = 0.808055
	                                           effective interaction Vq = [-2.89986,-2.73516,-2.47683,-2.73516,-2.73516,-2.47683,-2.53277,-2.47683,-2.47683,-2.53277,-2.39648,-2.53277,-2.73516,-2.47683,-2.53277,-2.47683]
	PARPACK diagonalization completed after 30 matrix-vector product operations.
	iteration results: : total energy is -63.866461 | electron energy -64.110056 + phonon energy 0.243595 | electron momentum kIdx = 10
The 11-th iteration is completed.	|| time cost : 0h 0m 27.635s
********************************************************************************************************************
Start the 12 rounds of NGS-ED iteration
	effective electronic model is modified as: kinetic energy t = 0.807984
	                                           effective interaction Vq = [-2.89987,-2.73551,-2.47704,-2.73551,-2.73551,-2.47704,-2.53319,-2.47704,-2.47704,-2.53319,-2.39673,-2.53319,-2.73551,-2.47704,-2.53319,-2.47704]
	PARPACK diagonalization completed after 30 matrix-vector product operations.
	iteration results: : total energy is -63.866506 | electron energy -64.110427 + phonon energy 0.243921 | electron momentum kIdx = 10
The 12-th iteration is completed.	|| time cost : 0h 0m 27.367s
********************************************************************************************************************
Start the 13 rounds of NGS-ED iteration
	effective electronic model is modified as: kinetic energy t = 0.807941
	                                           effective interaction Vq = [-2.89987,-2.73572,-2.47716,-2.73572,-2.73572,-2.47716,-2.53344,-2.47716,-2.47716,-2.53344,-2.39688,-2.53344,-2.73572,-2.47716,-2.53344,-2.47716]
	PARPACK diagonalization completed after 30 matrix-vector product operations.
	iteration results: : total energy is -63.866522 | electron energy -64.110640 + phonon energy 0.244118 | electron momentum kIdx = 10
The 13-th iteration is completed.	|| time cost : 0h 0m 27.304s
********************************************************************************************************************
Start the 14 rounds of NGS-ED iteration
	effective electronic model is modified as: kinetic energy t = 0.807915
	                                           effective interaction Vq = [-2.89987,-2.73584,-2.47723,-2.73584,-2.73584,-2.47723, -2.5336,-2.47723,-2.47723, -2.5336,-2.39697, -2.5336,-2.73584,-2.47723, -2.5336,-2.47723]
	PARPACK diagonalization completed after 30 matrix-vector product operations.
	iteration results: : total energy is -63.866528 | electron energy -64.110765 + phonon energy 0.244237 | electron momentum kIdx = 10
The 14-th iteration is completed.	|| time cost : 0h 0m 27.359s
********************************************************************************************************************
Start the 15 rounds of NGS-ED iteration
	effective electronic model is modified as: kinetic energy t = 0.807899
	                                           effective interaction Vq = [-2.89987,-2.73592,-2.47727,-2.73592,-2.73592,-2.47727, -2.5337,-2.47727,-2.47727, -2.5337,-2.39702, -2.5337,-2.73592,-2.47727, -2.5337,-2.47727]
	PARPACK diagonalization completed after 30 matrix-vector product operations.
	iteration results: : total energy is -63.866530 | electron energy -64.110840 + phonon energy 0.244309 | electron momentum kIdx = 10
The 15-th iteration is completed.	|| time cost : 0h 0m 27.313s
********************************************************************************************************************
Start the 16 rounds of NGS-ED iteration
	effective electronic model is modified as: kinetic energy t = 0.80789
	                                           effective interaction Vq = [-2.89987,-2.73596, -2.4773,-2.73596,-2.73596, -2.4773,-2.53376, -2.4773, -2.4773,-2.53376,-2.39706,-2.53376,-2.73596, -2.4773,-2.53376, -2.4773]
	PARPACK diagonalization completed after 30 matrix-vector product operations.
	iteration results: : total energy is -63.866531 | electron energy -64.110884 + phonon energy 0.244353 | electron momentum kIdx = 10
The 16-th iteration is completed.	|| time cost : 0h 0m 27.331s
********************************************************************************************************************
Start the 17 rounds of NGS-ED iteration
	effective electronic model is modified as: kinetic energy t = 0.807884
	                                           effective interaction Vq = [-2.89987,-2.73599,-2.47731,-2.73599,-2.73599,-2.47731,-2.53379,-2.47731,-2.47731,-2.53379,-2.39708,-2.53379,-2.73599,-2.47731,-2.53379,-2.47731]
	PARPACK diagonalization completed after 30 matrix-vector product operations.
	iteration results: : total energy is -63.866532 | electron energy -64.110911 + phonon energy 0.244379 | electron momentum kIdx = 10
The 17-th iteration is completed.	|| time cost : 0h 0m 27.36s
********************************************************************************************************************
Start the 18 rounds of NGS-ED iteration
	effective electronic model is modified as: kinetic energy t = 0.807881
	                                           effective interaction Vq = [-2.89987,-2.73601,-2.47732,-2.73601,-2.73601,-2.47732,-2.53381,-2.47732,-2.47732,-2.53381,-2.39709,-2.53381,-2.73601,-2.47732,-2.53381,-2.47732]
	PARPACK diagonalization completed after 30 matrix-vector product operations.
	iteration results: : total energy is -63.866532 | electron energy -64.110927 + phonon energy 0.244396 | electron momentum kIdx = 10
The 18-th iteration is completed.	|| time cost : 0h 0m 27.331s
********************************************************************************************************************
Start the 19 rounds of NGS-ED iteration
	effective electronic model is modified as: kinetic energy t = 0.807879
	                                           effective interaction Vq = [-2.89987,-2.73602,-2.47732,-2.73602,-2.73602,-2.47732,-2.53383,-2.47732,-2.47732,-2.53383,-2.39709,-2.53383,-2.73602,-2.47732,-2.53383,-2.47732]
	PARPACK diagonalization completed after 30 matrix-vector product operations.
	iteration results: : total energy is -63.866532 | electron energy -64.110937 + phonon energy 0.244405 | electron momentum kIdx = 10
The 19-th iteration is completed.	|| time cost : 0h 0m 27.387s
********************************************************************************************************************
Start the 20 rounds of NGS-ED iteration
	effective electronic model is modified as: kinetic energy t = 0.807877
	                                           effective interaction Vq = [-2.89987,-2.73602,-2.47733,-2.73602,-2.73602,-2.47733,-2.53384,-2.47733,-2.47733,-2.53384, -2.3971,-2.53384,-2.73602,-2.47733,-2.53384,-2.47733]
	PARPACK diagonalization completed after 30 matrix-vector product operations.
	iteration results: : total energy is -63.866532 | electron energy -64.110943 + phonon energy 0.244411 | electron momentum kIdx = 10
	Nq(0) = 16,	Nq(1) = 0.359256,	Nq(2) = 0.355116,	Nq(3) = 0.359256,	Nq(4) = 0.359256,	Nq(5) = 0.355116,	Nq(6) = 0.566115,	Nq(7) = 0.355116,	Nq(8) = 0.355116,	Nq(9) = 0.566115,	Nq(10) = 0.576133,	Nq(11) = 0.566115,	Nq(12) = 0.359256,	Nq(13) = 0.355116,	Nq(14) = 0.566115,	Nq(15) = 0.355116,	Sq(0) = 5.93911e-19,	Sq(1) = 0.376738,	Sq(2) = 0.419244,	Sq(3) = 0.376738,	Sq(4) = 0.376738,	Sq(5) = 0.419244,	Sq(6) = 0.646875,	Sq(7) = 0.419244,	Sq(8) = 0.419244,	Sq(9) = 0.646875,	Sq(10) = 2.98177,	Sq(11) = 0.646875,	Sq(12) = 0.376738,	Sq(13) = 0.419244,	Sq(14) = 0.646875,	Sq(15) = 0.419244,	N(0) = 1.9975,	N(1) = 1.99648,	N(2) = 1,	N(3) = 1.99648,	N(4) = 1.99648,	N(5) = 1,	N(6) = 0.0035239,	N(7) = 1,	N(8) = 1,	N(9) = 0.0035239,	N(10) = 0.00250007,	N(11) = 0.0035239,	N(12) = 1.99648,	N(13) = 1,	N(14) = 0.0035239,	N(15) = 1,	Delta[s](0) = 0.242663,	Delta[s](1) = 0.235571,	Delta[s](2) = 0.192747,	Delta[s](3) = 0.235571,	Delta[s](4) = 0.235571,	Delta[s](5) = 0.192747,	Delta[s](6) = 0.186022,	Delta[s](7) = 0.192747,	Delta[s](8) = 0.192747,	Delta[s](9) = 0.186022,	Delta[s](10) = 0.11864,	Delta[s](11) = 0.186022,	Delta[s](12) = 0.235571,	Delta[s](13) = 0.192747,	Delta[s](14) = 0.186022,	Delta[s](15) = 0.192747,	Delta[d](0) = 0.526234,	Delta[d](1) = 0.3487,	Delta[d](2) = 0.312192,	Delta[d](3) = 0.3487,	Delta[d](4) = 0.3487,	Delta[d](5) = 0.395046,	Delta[d](6) = 0.29191,	Delta[d](7) = 0.395046,	Delta[d](8) = 0.312192,	Delta[d](9) = 0.29191,	Delta[d](10) = 0.265788,	Delta[d](11) = 0.29191,	Delta[d](12) = 0.3487,	Delta[d](13) = 0.395046,	Delta[d](14) = 0.29191,	Delta[d](15) = 0.395046,	Delta[s+](0) = 0.558064,	Delta[s+](1) = 0.460532,	Delta[s+](2) = 0.312192,	Delta[s+](3) = 0.460532,	Delta[s+](4) = 0.460532,	Delta[s+](5) = 0.312192,	Delta[s+](6) = 0.161314,	Delta[s+](7) = 0.312192,	Delta[s+](8) = 0.312192,	Delta[s+](9) = 0.161314,	Delta[s+](10) = 0.0540517,	Delta[s+](11) = 0.161314,	Delta[s+](12) = 0.460532,	Delta[s+](13) = 0.312192,	Delta[s+](14) = 0.161314,	Delta[s+](15) = 0.312192
The 20-th iteration is completed.	|| time cost : 0h 4m 25.225s
********************************************************************************************************************
Start the 21 rounds of NGS-ED iteration
	effective electronic model is modified as: kinetic energy t = 0.807877
	                                           effective interaction Vq = [-2.89987,-2.73603,-2.47733,-2.73603,-2.73603,-2.47733,-2.53384,-2.47733,-2.47733,-2.53384, -2.3971,-2.53384,-2.73603,-2.47733,-2.53384,-2.47733]
	PARPACK diagonalization completed after 30 matrix-vector product operations.
	iteration results: : total energy is -63.866532 | electron energy -64.110947 + phonon energy 0.244415 | electron momentum kIdx = 10
The 21-th iteration is completed.	|| time cost : 0h 0m 27.602s
********************************************************************************************************************
Start the 22 rounds of NGS-ED iteration
	effective electronic model is modified as: kinetic energy t = 0.807876
	                                           effective interaction Vq = [-2.89987,-2.73603,-2.47733,-2.73603,-2.73603,-2.47733,-2.53384,-2.47733,-2.47733,-2.53384, -2.3971,-2.53384,-2.73603,-2.47733,-2.53384,-2.47733]
	PARPACK diagonalization completed after 30 matrix-vector product operations.
	iteration results: : total energy is -63.866532 | electron energy -64.110949 + phonon energy 0.244417 | electron momentum kIdx = 10
The 22-th iteration is completed.	|| time cost : 0h 0m 27.344s
********************************************************************************************************************
Start the 23 rounds of NGS-ED iteration
	effective electronic model is modified as: kinetic energy t = 0.807876
	                                           effective interaction Vq = [-2.89987,-2.73603,-2.47733,-2.73603,-2.73603,-2.47733,-2.53385,-2.47733,-2.47733,-2.53385, -2.3971,-2.53385,-2.73603,-2.47733,-2.53385,-2.47733]
	PARPACK diagonalization completed after 30 matrix-vector product operations.
	iteration results: : total energy is -63.866532 | electron energy -64.110950 + phonon energy 0.244418 | electron momentum kIdx = 10
The 23-th iteration is completed.	|| time cost : 0h 0m 27.335s
********************************************************************************************************************
Start the 24 rounds of NGS-ED iteration
	effective electronic model is modified as: kinetic energy t = 0.807876
	                                           effective interaction Vq = [-2.89987,-2.73603,-2.47733,-2.73603,-2.73603,-2.47733,-2.53385,-2.47733,-2.47733,-2.53385, -2.3971,-2.53385,-2.73603,-2.47733,-2.53385,-2.47733]
	PARPACK diagonalization completed after 30 matrix-vector product operations.
	iteration results: : total energy is -63.866532 | electron energy -64.110951 + phonon energy 0.244419 | electron momentum kIdx = 10
The 24-th iteration is completed.	|| time cost : 0h 0m 27.428s
********************************************************************************************************************
Start the 25 rounds of NGS-ED iteration
	effective electronic model is modified as: kinetic energy t = 0.807876
	                                           effective interaction Vq = [-2.89987,-2.73603,-2.47733,-2.73603,-2.73603,-2.47733,-2.53385,-2.47733,-2.47733,-2.53385, -2.3971,-2.53385,-2.73603,-2.47733,-2.53385,-2.47733]
	PARPACK diagonalization completed after 30 matrix-vector product operations.
	iteration results: : total energy is -63.866532 | electron energy -64.110951 + phonon energy 0.244420 | electron momentum kIdx = 10
The 25-th iteration is completed.	|| time cost : 0h 0m 27.44s
