SNEDics v3.22.2 Non-Gaussian ED ground state program		Start at Mon May 30 23:52:42 2022

Parallelization: 32 MPI threads  * 8 OpenMP threads = 256 total threads.
********************************************************************************************************************
********************************************************************************************************************

********************************************************************************************************************
System parameters and configurations
	special program options are enabled: splitted diagonal Hamiltonian | splitted Hamiltonian terms
********************************************************************************************************************
Read input file "model_params.in"
	Hubbard-Holstein model parameters : 	t = 1    t' = -0.3    U = 8    g = 0.5    W = 0.2    g' = 0.15    
********************************************************************************************************************
Read input file "hilbertspace_params.in"
	Requested 16-site 2D lattice, with 12 electrons (6, 6)
	Boundary : Periodic		Hilbert space representation : momentum-space (restricted to kIdx = 10)
	Conservation: particle number[U(1)]      spin[U(1)]     momentum
********************************************************************************************************************

Cluster Positions:				Cluster symmetry group : D4
 x ... x ... x ... x .....                       x ... x ... x ... x .....
 |           |           :                       |           |           :
 |           |           :                       |           |           :
12    13    14    15     x                       1     5     6     5     x
 |           |           :                       |           |           :
 |           |           :                       |           |           :
 8 --- 9 ---10 ---11 --- x                       2 --- 6 ---10 --- 6 --- x
 |           |           :                       |           |           :
 |           |           :                       |           |           :
 4     5     6     7     x                       1     5     6     5     x
 |           |           :                       |           |           :
 |           |           :                       |           |           :
 0 --- 1 --- 2 --- 3 --- x                       0 --- 1 --- 2 --- 1 --- x
orbital number : 1
********************************************************************************************************************
Read input file "obs_params.in"
	Observable Type : Nq(All),   Sq(All),   N(All-Orbital),   Delta[s](All),   Delta[d](All),   Delta[s+](All)
** WARNING ** the input observables have non-local factors which have been reinterpreted. The total observable number is 96
********************************************************************************************************************


********************************************************************************************************************
Start calculating the non-Gaussian ED ground state
Maximal iteration number is 1000; energy resolution is 1e-06. Phonon state relaxation time is 2000
W = 0.2 is relatively large. The non-Gaussian ED calculation starts directly.
open output files: NGSED_iteration_observables.txt
********************************************************************************************************************
Start the 0 rounds of NGS-ED iteration
	effective electronic model is modified as: kinetic energy t = 1, t' = -0.3
	                                           effective interaction Vq = [0,0,0,0,0,0,0,0,0,0,0,0,0,0,0,0]
	first Hamiltonian is constructed, size = 4008592 and non-zero numbers = 969952276
	PARPACK diagonalization completed after 120 matrix-vector product operations.
	iteration results: : total energy is -14.904199 | electron energy -14.904199 + phonon energy 0.000000 | electron momentum kIdx = 10
	Nq(0) = 9,	Nq(1) = 0.183693,	Nq(2) = 0.250775,	Nq(3) = 0.183693,	Nq(4) = 0.183693,	Nq(5) = 0.258947,	
	Nq(6) = 0.308855,	Nq(7) = 0.258947,	Nq(8) = 0.250775,	Nq(9) = 0.308855,	Nq(10) = 0.355902,	
	Nq(11) = 0.308855,	Nq(12) = 0.183693,	Nq(13) = 0.258947,	Nq(14) = 0.308855,	Nq(15) = 0.258947;	
	Sq(0) = 3.45099e-18,	Sq(1) = 0.504384,	Sq(2) = 0.469115,	Sq(3) = 0.504384,	Sq(4) = 0.504384,	
	Sq(5) = 0.735911,	Sq(6) = 0.943053,	Sq(7) = 0.735911,	Sq(8) = 0.469115,	Sq(9) = 0.943053,	
	Sq(10) = 1.46495,	Sq(11) = 0.943053,	Sq(12) = 0.504384,	Sq(13) = 0.735911,	Sq(14) = 0.943053,	
	Sq(15) = 0.735911;	N(0) = 1.70338,	N(1) = 1.58882,	N(2) = 1.04187,	N(3) = 1.58882,	
	N(4) = 1.58882,	N(5) = 0.289608,	N(6) = 0.157281,	N(7) = 0.289608,	N(8) = 1.04187,	
	N(9) = 0.157281,	N(10) = 0.0700575,	N(11) = 0.157281,	N(12) = 1.58882,	N(13) = 0.289608,	
	N(14) = 0.157281,	N(15) = 0.289608;	Delta[s](0) = 0.058951,	Delta[s](1) = 0.0408686,	Delta[s](2) = 0.0320764,	
	Delta[s](3) = 0.0408686,	Delta[s](4) = 0.0408686,	Delta[s](5) = 0.0227169,	Delta[s](6) = 0.0128923,	Delta[s](7) = 0.0227169,	
	Delta[s](8) = 0.0320764,	Delta[s](9) = 0.0128923,	Delta[s](10) = 0.00270223,	Delta[s](11) = 0.0128923,	Delta[s](12) = 0.0408686,	
	Delta[s](13) = 0.0227169,	Delta[s](14) = 0.0128923,	Delta[s](15) = 0.0227169;	Delta[d](0) = 0.271705,	Delta[d](1) = 0.218845,	
	Delta[d](2) = 0.260402,	Delta[d](3) = 0.218845,	Delta[d](4) = 0.218845,	Delta[d](5) = 0.148858,	Delta[d](6) = 0.197667,	
	Delta[d](7) = 0.148858,	Delta[d](8) = 0.260402,	Delta[d](9) = 0.197667,	Delta[d](10) = 0.323722,	Delta[d](11) = 0.197667,	
	Delta[d](12) = 0.218845,	Delta[d](13) = 0.148858,	Delta[d](14) = 0.197667,	Delta[d](15) = 0.148858;	Delta[s+](0) = 0.495759,	
	Delta[s+](1) = 0.346492,	Delta[s+](2) = 0.260402,	Delta[s+](3) = 0.346492,	Delta[s+](4) = 0.346492,	Delta[s+](5) = 0.158287,	
	Delta[s+](6) = 0.0728164,	Delta[s+](7) = 0.158287,	Delta[s+](8) = 0.260402,	Delta[s+](9) = 0.0728164,	Delta[s+](10) = 0.0244738,	
	Delta[s+](11) = 0.0728164,	Delta[s+](12) = 0.346492,	Delta[s+](13) = 0.158287,	Delta[s+](14) = 0.0728164,	Delta[s+](15) = 0.158287
	
The 0-th iteration is completed.	|| time cost : 0h 2m 1.747s
********************************************************************************************************************
Start the 1 rounds of NGS-ED iteration
	effective electronic model is modified as: kinetic energy t = 0.983791, t' = -0.291565
	                                           effective interaction Vq = [      -6.05,  -0.570223,  -0.116716,  -0.570223,  -0.570223,  -0.124003, -0.0142098,  -0.124003,  -0.116716, -0.0142098,-0.00308518, -0.0142098,  -0.570223,  -0.124003, -0.0142098,  -0.124003]
	PARPACK diagonalization completed after 45 matrix-vector product operations.
	iteration results: : total energy is -69.635692 | electron energy -69.689541 + phonon energy 0.053848 | electron momentum kIdx = 10
The 1-th iteration is completed.	|| time cost : 0h 1m 18.218s
********************************************************************************************************************
Start the 2 rounds of NGS-ED iteration
	effective electronic model is modified as: kinetic energy t = 0.981734, t' = -0.290343
	                                           effective interaction Vq = [     -6.05, -0.647675, -0.115256, -0.647675, -0.647675, -0.124148,-0.0140108, -0.124148, -0.115256,-0.0140108,-0.0030454,-0.0140108, -0.647675, -0.124148,-0.0140108, -0.124148]
	PARPACK diagonalization completed after 45 matrix-vector product operations.
	iteration results: : total energy is -69.637738 | electron energy -69.710978 + phonon energy 0.073240 | electron momentum kIdx = 10
The 2-th iteration is completed.	|| time cost : 0h 0m 11.457s
********************************************************************************************************************
Start the 3 rounds of NGS-ED iteration
	effective electronic model is modified as: kinetic energy t = 0.981364, t' = -0.290121
	                                           effective interaction Vq = [      -6.05,  -0.661811,  -0.114894,  -0.661811,  -0.661811,  -0.123959, -0.0139914,  -0.123959,  -0.114894, -0.0139914,-0.00304172, -0.0139914,  -0.661811,  -0.123959, -0.0139914,  -0.123959]
	PARPACK diagonalization completed after 45 matrix-vector product operations.
	iteration results: : total energy is -69.637803 | electron energy -69.714801 + phonon energy 0.076998 | electron momentum kIdx = 10
The 3-th iteration is completed.	|| time cost : 0h 0m 11.465s
********************************************************************************************************************
Start the 4 rounds of NGS-ED iteration
	effective electronic model is modified as: kinetic energy t = 0.981293, t' = -0.290078
	                                           effective interaction Vq = [      -6.05,  -0.664489,  -0.114828,  -0.664489,  -0.664489,  -0.123921, -0.0139879,  -0.123921,  -0.114828, -0.0139879,-0.00304107, -0.0139879,  -0.664489,  -0.123921, -0.0139879,  -0.123921]
	PARPACK diagonalization completed after 30 matrix-vector product operations.
	iteration results: : total energy is -69.637805 | electron energy -69.715525 + phonon energy 0.077720 | electron momentum kIdx = 10
The 4-th iteration is completed.	|| time cost : 0h 0m 9.531s
********************************************************************************************************************
Start the 5 rounds of NGS-ED iteration
	effective electronic model is modified as: kinetic energy t = 0.98128, t' = -0.29007
	                                           effective interaction Vq = [      -6.05,     -0.665,  -0.114816,     -0.665,     -0.665,  -0.123914, -0.0139873,  -0.123914,  -0.114816, -0.0139873,-0.00304094, -0.0139873,     -0.665,  -0.123914, -0.0139873,  -0.123914]
	PARPACK diagonalization completed after 30 matrix-vector product operations.
	iteration results: : total energy is -69.637805 | electron energy -69.715663 + phonon energy 0.077858 | electron momentum kIdx = 10
The 5-th iteration is completed.	|| time cost : 0h 0m 9.534s
********************************************************************************************************************
Start the 6 rounds of NGS-ED iteration
	effective electronic model is modified as: kinetic energy t = 0.981277, t' = -0.290069
	                                           effective interaction Vq = [      -6.05,  -0.665097,  -0.114813,  -0.665097,  -0.665097,  -0.123913, -0.0139872,  -0.123913,  -0.114813, -0.0139872,-0.00304092, -0.0139872,  -0.665097,  -0.123913, -0.0139872,  -0.123913]
	PARPACK diagonalization completed after 30 matrix-vector product operations.
	iteration results: : total energy is -69.637805 | electron energy -69.715690 + phonon energy 0.077884 | electron momentum kIdx = 10
The 6-th iteration is completed.	|| time cost : 0h 0m 9.483s
********************************************************************************************************************
Start the 7 rounds of NGS-ED iteration
	effective electronic model is modified as: kinetic energy t = 0.981277, t' = -0.290069
	                                           effective interaction Vq = [      -6.05,  -0.665116,  -0.114813,  -0.665116,  -0.665116,  -0.123912, -0.0139871,  -0.123912,  -0.114813, -0.0139871,-0.00304091, -0.0139871,  -0.665116,  -0.123912, -0.0139871,  -0.123912]
	PARPACK diagonalization completed after 30 matrix-vector product operations.
	iteration results: : total energy is -69.637805 | electron energy -69.715695 + phonon energy 0.077889 | electron momentum kIdx = 10
The 7-th iteration is completed.	|| time cost : 0h 0m 9.518s
********************************************************************************************************************
Start the 8 rounds of NGS-ED iteration
	effective electronic model is modified as: kinetic energy t = 0.981277, t' = -0.290069
	                                           effective interaction Vq = [      -6.05,  -0.665119,  -0.114813,  -0.665119,  -0.665119,  -0.123912, -0.0139871,  -0.123912,  -0.114813, -0.0139871,-0.00304091, -0.0139871,  -0.665119,  -0.123912, -0.0139871,  -0.123912]
	PARPACK diagonalization completed after 30 matrix-vector product operations.
	iteration results: : total energy is -69.637805 | electron energy -69.715696 + phonon energy 0.077890 | electron momentum kIdx = 10
The 8-th iteration is completed.	|| time cost : 0h 0m 9.537s
********************************************************************************************************************
Start the 9 rounds of NGS-ED iteration
	effective electronic model is modified as: kinetic energy t = 0.981277, t' = -0.290069
	                                           effective interaction Vq = [      -6.05,   -0.66512,  -0.114813,   -0.66512,   -0.66512,  -0.123912, -0.0139871,  -0.123912,  -0.114813, -0.0139871,-0.00304091, -0.0139871,   -0.66512,  -0.123912, -0.0139871,  -0.123912]
	PARPACK diagonalization completed after 30 matrix-vector product operations.
	iteration results: : total energy is -69.637805 | electron energy -69.715696 + phonon energy 0.077890 | electron momentum kIdx = 10
The 9-th iteration is completed.	|| time cost : 0h 0m 9.516s
********************************************************************************************************************
Start the 10 rounds of NGS-ED iteration
	effective electronic model is modified as: kinetic energy t = 0.981277, t' = -0.290069
	                                           effective interaction Vq = [      -6.05,   -0.66512,  -0.114813,   -0.66512,   -0.66512,  -0.123912, -0.0139871,  -0.123912,  -0.114813, -0.0139871,-0.00304091, -0.0139871,   -0.66512,  -0.123912, -0.0139871,  -0.123912]
	PARPACK diagonalization completed after 30 matrix-vector product operations.
	iteration results: : total energy is -69.637805 | electron energy -69.715696 + phonon energy 0.077891 | electron momentum kIdx = 10
	Nq(0) = 9,	Nq(1) = 0.198454,	Nq(2) = 0.248278,	Nq(3) = 0.198454,	Nq(4) = 0.198454,	Nq(5) = 0.260202,	
	Nq(6) = 0.306045,	Nq(7) = 0.260202,	Nq(8) = 0.248278,	Nq(9) = 0.306045,	Nq(10) = 0.353603,	
	Nq(11) = 0.306045,	Nq(12) = 0.198454,	Nq(13) = 0.260202,	Nq(14) = 0.306045,	Nq(15) = 0.260202;	
	Sq(0) = -5.83023e-18,	Sq(1) = 0.501881,	Sq(2) = 0.464309,	Sq(3) = 0.501881,	Sq(4) = 0.501881,	
	Sq(5) = 0.72619,	Sq(6) = 0.938288,	Sq(7) = 0.72619,	Sq(8) = 0.464309,	Sq(9) = 0.938288,	
	Sq(10) = 1.49698,	Sq(11) = 0.938288,	Sq(12) = 0.501881,	Sq(13) = 0.72619,	Sq(14) = 0.938288,	
	Sq(15) = 0.72619;	N(0) = 1.71332,	N(1) = 1.60931,	N(2) = 1.03299,	N(3) = 1.60931,	
	N(4) = 1.60931,	N(5) = 0.271756,	N(6) = 0.15558,	N(7) = 0.271756,	N(8) = 1.03299,	
	N(9) = 0.15558,	N(10) = 0.0741048,	N(11) = 0.15558,	N(12) = 1.60931,	N(13) = 0.271756,	
	N(14) = 0.15558,	N(15) = 0.271756;	Delta[s](0) = 0.0616123,	Delta[s](1) = 0.0428616,	Delta[s](2) = 0.0338482,	
	Delta[s](3) = 0.0428616,	Delta[s](4) = 0.0428616,	Delta[s](5) = 0.0241644,	Delta[s](6) = 0.0135657,	Delta[s](7) = 0.0241644,	
	Delta[s](8) = 0.0338482,	Delta[s](9) = 0.0135657,	Delta[s](10) = 0.00280756,	Delta[s](11) = 0.0135657,	Delta[s](12) = 0.0428616,	
	Delta[s](13) = 0.0241644,	Delta[s](14) = 0.0135657,	Delta[s](15) = 0.0241644;	Delta[d](0) = 0.272797,	Delta[d](1) = 0.221332,	
	Delta[d](2) = 0.263153,	Delta[d](3) = 0.221332,	Delta[d](4) = 0.221332,	Delta[d](5) = 0.148815,	Delta[d](6) = 0.196437,	
	Delta[d](7) = 0.148815,	Delta[d](8) = 0.263153,	Delta[d](9) = 0.196437,	Delta[d](10) = 0.328569,	Delta[d](11) = 0.196437,	
	Delta[d](12) = 0.221332,	Delta[d](13) = 0.148815,	Delta[d](14) = 0.196437,	Delta[d](15) = 0.148815;	Delta[s+](0) = 0.504686,	
	Delta[s+](1) = 0.351759,	Delta[s+](2) = 0.263153,	Delta[s+](3) = 0.351759,	Delta[s+](4) = 0.351759,	Delta[s+](5) = 0.159795,	
	Delta[s+](6) = 0.072659,	Delta[s+](7) = 0.159795,	Delta[s+](8) = 0.263153,	Delta[s+](9) = 0.072659,	Delta[s+](10) = 0.0248287,	
	Delta[s+](11) = 0.072659,	Delta[s+](12) = 0.351759,	Delta[s+](13) = 0.159795,	Delta[s+](14) = 0.072659,	Delta[s+](15) = 0.159795
	
The 10-th iteration is completed.	|| time cost : 0h 1m 19.529s
********************************************************************************************************************
********************************************************************************************************************
Ground state is obtained after 11 iterations. The current ground-state energy is -69.6378, in which electron energy is -69.7157 and phonon energy is 0.0778905
Final variational state is: 
	Gamma_x = [      1,1.79902,1.14872,1.79902,1.79902,1.16926,1.02124,1.16926,1.14872,1.02124,1.00531,1.02124,1.79902,1.16926,1.02124,1.16926]
	lambda_q = [       5.5,  0.439888,  0.117577,  0.439888,  0.439888,  0.127145, 0.0356016,  0.127145,  0.117577, 0.0356016,-0.0154431, 0.0356016,  0.439888,  0.127145, 0.0356016,  0.127145]
Effective e-e interactions mediated by phonons are:
	momentum-space Vq = [      -6.05,   -0.66512,  -0.114813,   -0.66512,   -0.66512,  -0.123912, -0.0139871,  -0.123912,  -0.114813, -0.0139871,-0.00304091, -0.0139871,   -0.66512,  -0.123912, -0.0139871,  -0.123912]
	real-space Vr = [-0.593421,-0.459327,-0.361689,-0.459327,-0.459327,-0.363963,-0.296543,-0.363963,-0.361689,-0.296543,-0.253868,-0.296543,-0.459327,-0.363963,-0.296543,-0.363963]
********************************************************************************************************************
o___o  ----------------------------------------
| L |	Time since last clock: 0h 0m 0.009s
A===A	Time since the beginning: 0h 5m 59.548s
***********************************************


Non-Gaussina ED ground state calculation is completed. The final ground-state energy is -69.6378
********************************************************************************************************************
o___o  ----------------------------------------
| L |	Time since last clock: 0h 0m 0.002s
A===A	Time since the beginning: 0h 5m 59.551s
***********************************************



********************************************************************************************************************
All non-Gaussian ED ground state calculations have been completed. Exit now.
