SNEDics v3.22.2 Non-Gaussian ED ground state program		Start at Sun May 29 09:30:30 2022

Parallelization: 32 MPI threads  * 8 OpenMP threads = 256 total threads.
********************************************************************************************************************
********************************************************************************************************************

********************************************************************************************************************
System parameters and configurations
	special program options are enabled: splitted diagonal Hamiltonian | splitted Hamiltonian terms
********************************************************************************************************************
Read input file "model_params.in"
	Hubbard-Holstein model parameters : 	t = 1    U = 8    g = 0.45    W = 0.2    g' = 0.15    
********************************************************************************************************************
Read input file "hilbertspace_params.in"
	Requested 16-site 2D lattice, with 12 electrons (6, 6)
	Boundary : Periodic		Hilbert space representation : momentum-space (restricted to kIdx = 0)
	Conservation: particle number[U(1)]      spin[U(1)]     momentum
********************************************************************************************************************

Cluster Positions:				Cluster symmetry group : D4
 x ... x ... x ... x .....                       x ... x ... x ... x .....
 |           |           :                       |           |           :
 |           |           :                       |           |           :
12    13    14    15     x                       1     5     6     5     x
 |           |           :                       |           |           :
 |           |           :                       |           |           :
 8 --- 9 ---10 ---11 --- x                       2 --- 6 ---10 --- 6 --- x
 |           |           :                       |           |           :
 |           |           :                       |           |           :
 4     5     6     7     x                       1     5     6     5     x
 |           |           :                       |           |           :
 |           |           :                       |           |           :
 0 --- 1 --- 2 --- 3 --- x                       0 --- 1 --- 2 --- 1 --- x
orbital number : 1
********************************************************************************************************************
Read input file "obs_params.in"
	Observable Type : Nq(All),   Sq(All),   N(All-Orbital),   Delta[s](All),   Delta[d](All),   Delta[s+](All)
** WARNING ** the input observables have non-local factors which have been reinterpreted. The total observable number is 96
********************************************************************************************************************


********************************************************************************************************************
Start calculating the non-Gaussian ED ground state
Maximal iteration number is 1000; energy resolution is 1e-06. Phonon state relaxation time is 2000
W = 0.2 is relatively large. The non-Gaussian ED calculation starts directly.
open output files: NGSED_iteration_observables.txt
********************************************************************************************************************
Start the 0 rounds of NGS-ED iteration
	effective electronic model is modified as: kinetic energy t = 1
	                                           effective interaction Vq = [0,0,0,0,0,0,0,0,0,0,0,0,0,0,0,0]
	first Hamiltonian is constructed, size = 4008592 and non-zero numbers = 969134044
	PARPACK diagonalization completed after 150 matrix-vector product operations.
	iteration results: : total energy is -14.925310 | electron energy -14.925310 + phonon energy 0.000000 | electron momentum kIdx = 0
	Nq(0) = 9,	Nq(1) = 0.191675,	Nq(2) = 0.266183,	Nq(3) = 0.191675,	Nq(4) = 0.191675,	Nq(5) = 0.245517,	
	Nq(6) = 0.314107,	Nq(7) = 0.245517,	Nq(8) = 0.266183,	Nq(9) = 0.314107,	Nq(10) = 0.369338,	
	Nq(11) = 0.314107,	Nq(12) = 0.191675,	Nq(13) = 0.245517,	Nq(14) = 0.314107,	Nq(15) = 0.245517;	
	Sq(0) = 3.02743e-18,	Sq(1) = 0.554662,	Sq(2) = 0.424361,	Sq(3) = 0.554662,	Sq(4) = 0.554662,	
	Sq(5) = 0.79749,	Sq(6) = 1.01287,	Sq(7) = 0.79749,	Sq(8) = 0.424361,	Sq(9) = 1.01287,	
	Sq(10) = 0.784303,	Sq(11) = 1.01287,	Sq(12) = 0.554662,	Sq(13) = 0.79749,	Sq(14) = 1.01287,	
	Sq(15) = 0.79749;	N(0) = 1.76735,	N(1) = 1.6264,	N(2) = 0.74365,	N(3) = 1.6264,	
	N(4) = 1.6264,	N(5) = 0.392302,	N(6) = 0.144321,	N(7) = 0.392302,	N(8) = 0.74365,	
	N(9) = 0.144321,	N(10) = 0.0932732,	N(11) = 0.144321,	N(12) = 1.6264,	N(13) = 0.392302,	
	N(14) = 0.144321,	N(15) = 0.392302;	Delta[s](0) = 0.0636476,	Delta[s](1) = 0.0445293,	Delta[s](2) = 0.0301569,	
	Delta[s](3) = 0.0445293,	Delta[s](4) = 0.0445293,	Delta[s](5) = 0.0271544,	Delta[s](6) = 0.0103876,	Delta[s](7) = 0.0271544,	
	Delta[s](8) = 0.0301569,	Delta[s](9) = 0.0103876,	Delta[s](10) = 0.00120366,	Delta[s](11) = 0.0103876,	Delta[s](12) = 0.0445293,	
	Delta[s](13) = 0.0271544,	Delta[s](14) = 0.0103876,	Delta[s](15) = 0.0271544;	Delta[d](0) = 0.226854,	Delta[d](1) = 0.179557,	
	Delta[d](2) = 0.220629,	Delta[d](3) = 0.179557,	Delta[d](4) = 0.179557,	Delta[d](5) = 0.124075,	Delta[d](6) = 0.149971,	
	Delta[d](7) = 0.124075,	Delta[d](8) = 0.220629,	Delta[d](9) = 0.149971,	Delta[d](10) = 0.0813897,	Delta[d](11) = 0.149971,	
	Delta[d](12) = 0.179557,	Delta[d](13) = 0.124075,	Delta[d](14) = 0.149971,	Delta[d](15) = 0.124075;	Delta[s+](0) = 0.522575,	
	Delta[s+](1) = 0.356924,	Delta[s+](2) = 0.220629,	Delta[s+](3) = 0.356924,	Delta[s+](4) = 0.356924,	Delta[s+](5) = 0.17667,	
	Delta[s+](6) = 0.0644289,	Delta[s+](7) = 0.17667,	Delta[s+](8) = 0.220629,	Delta[s+](9) = 0.0644289,	Delta[s+](10) = 0.0171219,	
	Delta[s+](11) = 0.0644289,	Delta[s+](12) = 0.356924,	Delta[s+](13) = 0.17667,	Delta[s+](14) = 0.0644289,	Delta[s+](15) = 0.17667
	
The 0-th iteration is completed.	|| time cost : 0h 2m 2.772s
********************************************************************************************************************
Start the 1 rounds of NGS-ED iteration
	effective electronic model is modified as: kinetic energy t = 0.985848
	                                           effective interaction Vq = [    -5.5125,  -0.509217, -0.0992689,  -0.509217,  -0.509217, -0.0903784,-0.00790202, -0.0903784, -0.0992689,-0.00790202,-0.00701652,-0.00790202,  -0.509217, -0.0903784,-0.00790202, -0.0903784]
	PARPACK diagonalization completed after 45 matrix-vector product operations.
	iteration results: : total energy is -64.785664 | electron energy -64.830599 + phonon energy 0.044936 | electron momentum kIdx = 0
The 1-th iteration is completed.	|| time cost : 0h 1m 17.86s
********************************************************************************************************************
Start the 2 rounds of NGS-ED iteration
	effective electronic model is modified as: kinetic energy t = 0.984169
	                                           effective interaction Vq = [    -5.5125,  -0.569004, -0.0981676,  -0.569004,  -0.569004, -0.0899116,-0.00779813, -0.0899116, -0.0981676,-0.00779813,-0.00695133,-0.00779813,  -0.569004, -0.0899116,-0.00779813, -0.0899116]
	PARPACK diagonalization completed after 45 matrix-vector product operations.
	iteration results: : total energy is -64.787164 | electron energy -64.846965 + phonon energy 0.059801 | electron momentum kIdx = 0
The 2-th iteration is completed.	|| time cost : 0h 0m 11.285s
********************************************************************************************************************
Start the 3 rounds of NGS-ED iteration
	effective electronic model is modified as: kinetic energy t = 0.983914
	                                           effective interaction Vq = [    -5.5125,  -0.578105, -0.0979017,  -0.578105,  -0.578105,  -0.089778, -0.0077887,  -0.089778, -0.0979017, -0.0077887,-0.00694571, -0.0077887,  -0.578105,  -0.089778, -0.0077887,  -0.089778]
	PARPACK diagonalization completed after 30 matrix-vector product operations.
	iteration results: : total energy is -64.787198 | electron energy -64.849403 + phonon energy 0.062205 | electron momentum kIdx = 0
The 3-th iteration is completed.	|| time cost : 0h 0m 9.329s
********************************************************************************************************************
Start the 4 rounds of NGS-ED iteration
	effective electronic model is modified as: kinetic energy t = 0.983874
	                                           effective interaction Vq = [    -5.5125,  -0.579529, -0.0978601,  -0.579529,  -0.579529, -0.0897572,-0.00778729, -0.0897572, -0.0978601,-0.00778729,-0.00694487,-0.00778729,  -0.579529, -0.0897572,-0.00778729, -0.0897572]
	PARPACK diagonalization completed after 30 matrix-vector product operations.
	iteration results: : total energy is -64.787199 | electron energy -64.849784 + phonon energy 0.062586 | electron momentum kIdx = 0
The 4-th iteration is completed.	|| time cost : 0h 0m 9.298s
********************************************************************************************************************
Start the 5 rounds of NGS-ED iteration
	effective electronic model is modified as: kinetic energy t = 0.983868
	                                           effective interaction Vq = [    -5.5125,  -0.579752, -0.0978536,  -0.579752,  -0.579752,  -0.089754,-0.00778707,  -0.089754, -0.0978536,-0.00778707,-0.00694474,-0.00778707,  -0.579752,  -0.089754,-0.00778707,  -0.089754]
	PARPACK diagonalization completed after 30 matrix-vector product operations.
	iteration results: : total energy is -64.787199 | electron energy -64.849844 + phonon energy 0.062645 | electron momentum kIdx = 0
The 5-th iteration is completed.	|| time cost : 0h 0m 9.312s
********************************************************************************************************************
Start the 6 rounds of NGS-ED iteration
	effective electronic model is modified as: kinetic energy t = 0.983867
	                                           effective interaction Vq = [    -5.5125,  -0.579787, -0.0978525,  -0.579787,  -0.579787, -0.0897534,-0.00778703, -0.0897534, -0.0978525,-0.00778703,-0.00694472,-0.00778703,  -0.579787, -0.0897534,-0.00778703, -0.0897534]
	PARPACK diagonalization completed after 30 matrix-vector product operations.
	iteration results: : total energy is -64.787199 | electron energy -64.849853 + phonon energy 0.062655 | electron momentum kIdx = 0
The 6-th iteration is completed.	|| time cost : 0h 0m 9.33s
********************************************************************************************************************
Start the 7 rounds of NGS-ED iteration
	effective electronic model is modified as: kinetic energy t = 0.983867
	                                           effective interaction Vq = [    -5.5125,  -0.579793, -0.0978524,  -0.579793,  -0.579793, -0.0897534,-0.00778703, -0.0897534, -0.0978524,-0.00778703,-0.00694472,-0.00778703,  -0.579793, -0.0897534,-0.00778703, -0.0897534]
	PARPACK diagonalization completed after 30 matrix-vector product operations.
	iteration results: : total energy is -64.787199 | electron energy -64.849855 + phonon energy 0.062656 | electron momentum kIdx = 0
The 7-th iteration is completed.	|| time cost : 0h 0m 9.326s
********************************************************************************************************************
Start the 8 rounds of NGS-ED iteration
	effective electronic model is modified as: kinetic energy t = 0.983867
	                                           effective interaction Vq = [    -5.5125,  -0.579794, -0.0978523,  -0.579794,  -0.579794, -0.0897534,-0.00778702, -0.0897534, -0.0978523,-0.00778702,-0.00694472,-0.00778702,  -0.579794, -0.0897534,-0.00778702, -0.0897534]
	PARPACK diagonalization completed after 30 matrix-vector product operations.
	iteration results: : total energy is -64.787199 | electron energy -64.849855 + phonon energy 0.062656 | electron momentum kIdx = 0
The 8-th iteration is completed.	|| time cost : 0h 0m 9.312s
********************************************************************************************************************
Start the 9 rounds of NGS-ED iteration
	effective electronic model is modified as: kinetic energy t = 0.983867
	                                           effective interaction Vq = [    -5.5125,  -0.579794, -0.0978523,  -0.579794,  -0.579794, -0.0897534,-0.00778702, -0.0897534, -0.0978523,-0.00778702,-0.00694472,-0.00778702,  -0.579794, -0.0897534,-0.00778702, -0.0897534]
	PARPACK diagonalization completed after 30 matrix-vector product operations.
	iteration results: : total energy is -64.787199 | electron energy -64.849855 + phonon energy 0.062656 | electron momentum kIdx = 0
	Nq(0) = 9,	Nq(1) = 0.20554,	Nq(2) = 0.263926,	Nq(3) = 0.20554,	Nq(4) = 0.20554,	Nq(5) = 0.244952,	
	Nq(6) = 0.310669,	Nq(7) = 0.244952,	Nq(8) = 0.263926,	Nq(9) = 0.310669,	Nq(10) = 0.366976,	
	Nq(11) = 0.310669,	Nq(12) = 0.20554,	Nq(13) = 0.244952,	Nq(14) = 0.310669,	Nq(15) = 0.244952;	
	Sq(0) = -1.47897e-18,	Sq(1) = 0.548102,	Sq(2) = 0.42564,	Sq(3) = 0.548102,	Sq(4) = 0.548102,	
	Sq(5) = 0.792519,	Sq(6) = 1.01162,	Sq(7) = 0.792519,	Sq(8) = 0.42564,	Sq(9) = 1.01162,	
	Sq(10) = 0.800259,	Sq(11) = 1.01162,	Sq(12) = 0.548102,	Sq(13) = 0.792519,	Sq(14) = 1.01162,	
	Sq(15) = 0.792519;	N(0) = 1.77222,	N(1) = 1.63982,	N(2) = 0.736568,	N(3) = 1.63982,	
	N(4) = 1.63982,	N(5) = 0.380709,	N(6) = 0.143833,	N(7) = 0.380709,	N(8) = 0.736568,	
	N(9) = 0.143833,	N(10) = 0.0972064,	N(11) = 0.143833,	N(12) = 1.63982,	N(13) = 0.380709,	
	N(14) = 0.143833,	N(15) = 0.380709;	Delta[s](0) = 0.0655113,	Delta[s](1) = 0.0458922,	Delta[s](2) = 0.0314463,	
	Delta[s](3) = 0.0458922,	Delta[s](4) = 0.0458922,	Delta[s](5) = 0.0282612,	Delta[s](6) = 0.0108254,	Delta[s](7) = 0.0282612,	
	Delta[s](8) = 0.0314463,	Delta[s](9) = 0.0108254,	Delta[s](10) = 0.00141877,	Delta[s](11) = 0.0108254,	Delta[s](12) = 0.0458922,	
	Delta[s](13) = 0.0282612,	Delta[s](14) = 0.0108254,	Delta[s](15) = 0.0282612;	Delta[d](0) = 0.229843,	Delta[d](1) = 0.182087,	
	Delta[d](2) = 0.22222,	Delta[d](3) = 0.182087,	Delta[d](4) = 0.182087,	Delta[d](5) = 0.124527,	Delta[d](6) = 0.150583,	
	Delta[d](7) = 0.124527,	Delta[d](8) = 0.22222,	Delta[d](9) = 0.150583,	Delta[d](10) = 0.0779543,	Delta[d](11) = 0.150583,	
	Delta[d](12) = 0.182087,	Delta[d](13) = 0.124527,	Delta[d](14) = 0.150583,	Delta[d](15) = 0.124527;	Delta[s+](0) = 0.527755,	
	Delta[s+](1) = 0.360048,	Delta[s+](2) = 0.22222,	Delta[s+](3) = 0.360048,	Delta[s+](4) = 0.360048,	Delta[s+](5) = 0.177698,	
	Delta[s+](6) = 0.0646574,	Delta[s+](7) = 0.177698,	Delta[s+](8) = 0.22222,	Delta[s+](9) = 0.0646574,	Delta[s+](10) = 0.0176882,	
	Delta[s+](11) = 0.0646574,	Delta[s+](12) = 0.360048,	Delta[s+](13) = 0.177698,	Delta[s+](14) = 0.0646574,	Delta[s+](15) = 0.177698
	
The 9-th iteration is completed.	|| time cost : 0h 1m 19.215s
********************************************************************************************************************
********************************************************************************************************************
Ground state is obtained after 10 iterations. The current ground-state energy is -64.7872, in which electron energy is -64.8499 and phonon energy is 0.0626565
Final variational state is: 
	Gamma_x = [      1,1.70836,1.13374,1.70836,1.70836,1.11312,1.01195,1.11312,1.13374,1.01195,1.01262,1.01195,1.70836,1.11312,1.01195,1.11312]
	lambda_q = [      5.25,  0.408813,  0.111487,  0.408813,  0.408813,   0.10204, 0.0264222,   0.10204,  0.111487, 0.0264222,-0.0235178, 0.0264222,  0.408813,   0.10204, 0.0264222,   0.10204]
Effective e-e interactions mediated by phonons are:
	momentum-space Vq = [    -5.5125,  -0.579794, -0.0978523,  -0.579794,  -0.579794, -0.0897534,-0.00778702, -0.0897534, -0.0978523,-0.00778702,-0.00694472,-0.00778702,  -0.579794, -0.0897534,-0.00778702, -0.0897534]
	real-space Vr = [ -0.52653,-0.415598,-0.334759,-0.415598,-0.415598,-0.332734,-0.272596,-0.332734,-0.334759,-0.272596, -0.23274,-0.272596,-0.415598,-0.332734,-0.272596,-0.332734]
********************************************************************************************************************
o___o  ----------------------------------------
| L |	Time since last clock: 0h 0m 0.011s
A===A	Time since the beginning: 0h 5m 47.056s
***********************************************


Non-Gaussina ED ground state calculation is completed. The final ground-state energy is -64.7872
********************************************************************************************************************
o___o  ----------------------------------------
| L |	Time since last clock: 0h 0m 0.003s
A===A	Time since the beginning: 0h 5m 47.059s
***********************************************



********************************************************************************************************************
All non-Gaussian ED ground state calculations have been completed. Exit now.
