TACC:  Starting up job 4202053 
TACC:  Starting parallel tasks... 
SNEDics v3.4 Non-Gaussian ED ground state program		Start at Tue Aug 20 15:36:23 2019

parallized on 32 MPI threads  * 6 OpenMP threads = 192 total threads.
********************************************************************************************************************
********************************************************************************************************************

********************************************************************************************************************
System parameters and configurations
********************************************************************************************************************
Special program options are enabled: splitted diagonal Hamiltonian
********************************************************************************************************************
Read input file "model_params.in"
	Hubbard-Holstein model parameters : 	t = 1    U = 7.2    g = 3.1623    W = 5    
********************************************************************************************************************
Read input file "hilbertspace_params.in"
	Requested 16-site 2D lattice, with 15 electrons (8, 7)
	Boundary : Periodic		Hilbert space representation : momentum-space (restricted to kIdx = 10)
	Conservation: particle number[U(1)]      spin[U(1)]     momentum
********************************************************************************************************************

Cluster Positions:				Cluster symmetry group : D4
 x ... x ... x ... x .....                       x ... x ... x ... x .....
 |           |           :                       |           |           :
 |           |           :                       |           |           :
12    13    14    15     x                       1     5     6     5     x
 |           |           :                       |           |           :
 |           |           :                       |           |           :
 8 --- 9 ---10 ---11 --- x                       2 --- 6 ---10 --- 6 --- x
 |           |           :                       |           |           :
 |           |           :                       |           |           :
 4     5     6     7     x                       1     5     6     5     x
 |           |           :                       |           |           :
 |           |           :                       |           |           :
 0 --- 1 --- 2 --- 3 --- x                       0 --- 1 --- 2 --- 1 --- x
orbital number : 1
********************************************************************************************************************
Read input file "obs_params.in"
	Observable Type : Nq[All],   Sq[All],   N[All]
********************************************************************************************************************
** WARNING ** the input observables have non-local factors which have been reinterpreted. The total observable number is 48
********************************************************************************************************************


********************************************************************************************************************
Start calculating the non-Gaussian ED ground state
** WARNING ** Detected low phonon energy W < 10. The initial state will be prepared through a warm-up process.
********************************************************************************************************************
Start warm-up calculation for scaling factor 2
open output files: NGSEDWarmUpW10Obs.txt
********************************************************************************************************************
Start the 0 rounds of NGS-ED iteration
	effective electronic model is modified as: kinetic energy t = 1
	                                           effective interaction Vq = [0,0,0,0,0,0,0,0,0,0,0,0,0,0,0,0]
	first Hamiltonian is constructed, non-zero numbers = 2489446524
	PARPACK diagonalization completed after 195 matrix-vector product operations.
	iteration results: : total energy is -10.281864 | electron energy -10.281864 + phonon energy 0.000000 | electron momentum kIdx = 10
	Nq(0) = 14.0625,	Nq(1) = 0.125947,	Nq(2) = 0.1789,	Nq(3) = 0.125947,	Nq(4) = 0.125947,	Nq(5) = 0.171206,	Nq(6) = 0.219297,	Nq(7) = 0.171206,	Nq(8) = 0.1789,	Nq(9) = 0.219297,	Nq(10) = 0.259578,	Nq(11) = 0.219297,	Nq(12) = 0.125947,	Nq(13) = 0.171206,	Nq(14) = 0.219297,	Nq(15) = 0.171206,	Sq(0) = 0.0625,	Sq(1) = 0.485227,	Sq(2) = 0.659766,	Sq(3) = 0.485227,	Sq(4) = 0.485227,	Sq(5) = 1.12881,	Sq(6) = 1.0142,	Sq(7) = 1.12881,	Sq(8) = 0.659766,	Sq(9) = 1.0142,	Sq(10) = 1.35936,	Sq(11) = 1.0142,	Sq(12) = 0.485227,	Sq(13) = 1.12881,	Sq(14) = 1.0142,	Sq(15) = 1.12881,	N(0) = 1.75479,	N(1) = 1.61226,	N(2) = 1.08547,	N(3) = 1.61226,	N(4) = 1.61226,	N(5) = 0.77956,	N(6) = 0.33462,	N(7) = 0.77956,	N(8) = 1.08547,	N(9) = 0.33462,	N(10) = 0.168501,	N(11) = 0.33462,	N(12) = 1.61226,	N(13) = 0.77956,	N(14) = 0.33462,	N(15) = 0.77956
The 0-th iteration is completed.	|| time cost : 0h 2m 33.934s
********************************************************************************************************************
Start the 1 rounds of NGS-ED iteration
	effective electronic model is modified as: kinetic energy t = 0.952035
	                                           effective interaction Vq = [-1.72935,-1.57529,-1.51451,-1.57529,-1.57529,-1.50512,-1.46899,-1.50512,-1.51451,-1.46899,-1.43846,-1.46899,-1.57529,-1.50512,-1.46899,-1.50512]
	PARPACK diagonalization completed after 45 matrix-vector product operations.
	iteration results: : total energy is -38.718265 | electron energy -38.719705 + phonon energy 0.001440 | electron momentum kIdx = 10
The 1-th iteration is completed.	|| time cost : 0h 3m 15.132s
********************************************************************************************************************
Start the 2 rounds of NGS-ED iteration
	effective electronic model is modified as: kinetic energy t = 0.922976
	                                           effective interaction Vq = [ -1.9634,-1.82823,-1.75959,-1.82823,-1.82823,-1.74451,-1.71283,-1.74451,-1.75959,-1.71283,-1.67559,-1.71283,-1.82823,-1.74451,-1.71283,-1.74451]
	PARPACK diagonalization completed after 45 matrix-vector product operations.
	iteration results: : total energy is -42.430592 | electron energy -42.442320 + phonon energy 0.011728 | electron momentum kIdx = 10
The 2-th iteration is completed.	|| time cost : 0h 0m 21.628s
********************************************************************************************************************
Start the 3 rounds of NGS-ED iteration
	effective electronic model is modified as: kinetic energy t = 0.913575
	                                           effective interaction Vq = [-1.99507,-1.88496,-1.81533,-1.88496,-1.88496,-1.79845,-1.76965,-1.79845,-1.81533,-1.76965,-1.73058,-1.76965,-1.88496,-1.79845,-1.76965,-1.79845]
	PARPACK diagonalization completed after 30 matrix-vector product operations.
	iteration results: : total energy is -42.914201 | electron energy -42.934107 + phonon energy 0.019905 | electron momentum kIdx = 10
The 3-th iteration is completed.	|| time cost : 0h 0m 18.265s
********************************************************************************************************************
Start the 4 rounds of NGS-ED iteration
	effective electronic model is modified as: kinetic energy t = 0.910794
	                                           effective interaction Vq = [-1.99936,-1.90029,-1.83013,-1.90029,-1.90029,-1.81258,-1.78481,-1.81258,-1.83013,-1.78481,-1.74508,-1.78481,-1.90029,-1.81258,-1.78481,-1.81258]
	PARPACK diagonalization completed after 30 matrix-vector product operations.
	iteration results: : total energy is -42.977815 | electron energy -43.001022 + phonon energy 0.023207 | electron momentum kIdx = 10
The 4-th iteration is completed.	|| time cost : 0h 0m 18.282s
********************************************************************************************************************
Start the 5 rounds of NGS-ED iteration
	effective electronic model is modified as: kinetic energy t = 0.909985
	                                           effective interaction Vq = [-1.99994,-1.90479,-1.83429,-1.90479,-1.90479,-1.81649,-1.78906,-1.81649,-1.83429,-1.78906,-1.74907,-1.78906,-1.90479,-1.81649,-1.78906,-1.81649]
	PARPACK diagonalization completed after 30 matrix-vector product operations.
	iteration results: : total energy is -42.986261 | electron energy -43.010540 + phonon energy 0.024279 | electron momentum kIdx = 10
The 5-th iteration is completed.	|| time cost : 0h 0m 18.278s
********************************************************************************************************************
Start the 6 rounds of NGS-ED iteration
	effective electronic model is modified as: kinetic energy t = 0.909751
	                                           effective interaction Vq = [-2.00002,-1.90615,-1.83548,-1.90615,-1.90615,-1.81759,-1.79026,-1.81759,-1.83548,-1.79026,-1.75019,-1.79026,-1.90615,-1.81759,-1.79026,-1.81759]
	PARPACK diagonalization completed after 30 matrix-vector product operations.
	iteration results: : total energy is -42.987390 | electron energy -43.011992 + phonon energy 0.024602 | electron momentum kIdx = 10
The 6-th iteration is completed.	|| time cost : 0h 0m 18.223s
********************************************************************************************************************
Start the 7 rounds of NGS-ED iteration
	effective electronic model is modified as: kinetic energy t = 0.909683
	                                           effective interaction Vq = [-2.00003,-1.90656,-1.83583,-1.90656,-1.90656, -1.8179,-1.79061, -1.8179,-1.83583,-1.79061,-1.75051,-1.79061,-1.90656, -1.8179,-1.79061, -1.8179]
	PARPACK diagonalization completed after 30 matrix-vector product operations.
	iteration results: : total energy is -42.987542 | electron energy -43.012238 + phonon energy 0.024696 | electron momentum kIdx = 10
	Nq(0) = 14.0625,	Nq(1) = 0.217457,	Nq(2) = 0.295679,	Nq(3) = 0.217457,	Nq(4) = 0.217457,	Nq(5) = 0.274999,	Nq(6) = 0.369269,	Nq(7) = 0.274999,	Nq(8) = 0.295679,	Nq(9) = 0.369269,	Nq(10) = 0.428334,	Nq(11) = 0.369269,	Nq(12) = 0.217457,	Nq(13) = 0.274999,	Nq(14) = 0.369269,	Nq(15) = 0.274999,	Sq(0) = 0.0625,	Sq(1) = 0.454777,	Sq(2) = 0.643016,	Sq(3) = 0.454777,	Sq(4) = 0.454777,	Sq(5) = 0.992773,	Sq(6) = 0.832993,	Sq(7) = 0.992773,	Sq(8) = 0.643016,	Sq(9) = 0.832993,	Sq(10) = 1.0002,	Sq(11) = 0.832993,	Sq(12) = 0.454777,	Sq(13) = 0.992773,	Sq(14) = 0.832993,	Sq(15) = 0.992773,	N(0) = 1.91203,	N(1) = 1.86182,	N(2) = 1.13377,	N(3) = 1.86182,	N(4) = 1.86182,	N(5) = 0.712115,	N(6) = 0.117579,	N(7) = 0.712115,	N(8) = 1.13377,	N(9) = 0.117579,	N(10) = 0.0543595,	N(11) = 0.117579,	N(12) = 1.86182,	N(13) = 0.712115,	N(14) = 0.117579,	N(15) = 0.712115
The 7-th iteration is completed.	|| time cost : 0h 0m 48.223s
********************************************************************************************************************
********************************************************************************************************************
Ground state is obtained after 8 iterations. The current ground-state energy is -42.9875, in which electron energy is -43.0122 and phonon energy is 0.0246963
final variational state is: 
	Gamma_x = [      1,1.01483,1.02446,1.01483,1.01483,1.02344,1.03284,1.02344,1.02446,1.03284, 1.0399,1.03284,1.01483,1.02344,1.03284,1.02344]
	lambda_q = [0.447067,0.350605,0.319115,0.350605,0.350605,0.312294,0.302538,0.312294,0.319115,0.302538,0.289283,0.302538,0.350605,0.312294,0.302538,0.312294]
********************************************************************************************************************
o___o  ----------------------------------------
| L |	Time since last clock: 0h 0m 0s
A===A	Time since the beginning: 0h 8m 11.968s
***********************************************


********************************************************************************************************************
Warm up runs have been completed. Start calculating W = 5 phonon.
open output files: NGSEDIterationObs.txt
Start the 0 rounds of NGS-ED iteration
	effective electronic model is modified as: kinetic energy t = 0.909663
	                                           effective interaction Vq = [-1.82817,-1.60282, -1.5091,-1.60282,-1.60282, -1.4875,-1.45579, -1.4875, -1.5091,-1.45579,-1.41117,-1.45579,-1.60282, -1.4875,-1.45579, -1.4875]
	PARPACK diagonalization completed after 45 matrix-vector product operations.
	iteration results: : total energy is -39.198439 | electron energy -39.210800 + phonon energy 0.012362 | electron momentum kIdx = 10
	Nq(0) = 14.0625,	Nq(1) = 0.192591,	Nq(2) = 0.266116,	Nq(3) = 0.192591,	Nq(4) = 0.192591,	Nq(5) = 0.249322,	Nq(6) = 0.329583,	Nq(7) = 0.249322,	Nq(8) = 0.266116,	Nq(9) = 0.329583,	Nq(10) = 0.384399,	Nq(11) = 0.329583,	Nq(12) = 0.192591,	Nq(13) = 0.249322,	Nq(14) = 0.329583,	Nq(15) = 0.249322,	Sq(0) = 0.0625,	Sq(1) = 0.465538,	Sq(2) = 0.65049,	Sq(3) = 0.465538,	Sq(4) = 0.465538,	Sq(5) = 1.0333,	Sq(6) = 0.873888,	Sq(7) = 1.0333,	Sq(8) = 0.65049,	Sq(9) = 0.873888,	Sq(10) = 1.08049,	Sq(11) = 0.873888,	Sq(12) = 0.465538,	Sq(13) = 1.0333,	Sq(14) = 0.873888,	Sq(15) = 1.0333,	N(0) = 1.88016,	N(1) = 1.80998,	N(2) = 1.12283,	N(3) = 1.80998,	N(4) = 1.80998,	N(5) = 0.727098,	N(6) = 0.162367,	N(7) = 0.727098,	N(8) = 1.12283,	N(9) = 0.162367,	N(10) = 0.0764005,	N(11) = 0.162367,	N(12) = 1.80998,	N(13) = 0.727098,	N(14) = 0.162367,	N(15) = 0.727098
The 0-th iteration is completed.	|| time cost : 0h 0m 51.603s
********************************************************************************************************************
Start the 1 rounds of NGS-ED iteration
	effective electronic model is modified as: kinetic energy t = 0.904073
	                                           effective interaction Vq = [-1.93681,-1.67413,-1.55557,-1.67413,-1.67413,-1.52883,-1.48303,-1.52883,-1.55557,-1.48303,-1.42607,-1.48303,-1.67413,-1.52883,-1.48303,-1.52883]
	PARPACK diagonalization completed after 30 matrix-vector product operations.
	iteration results: : total energy is -40.755566 | electron energy -40.787606 + phonon energy 0.032040 | electron momentum kIdx = 10
The 1-th iteration is completed.	|| time cost : 0h 0m 18.279s
********************************************************************************************************************
Start the 2 rounds of NGS-ED iteration
	effective electronic model is modified as: kinetic energy t = 0.900831
	                                           effective interaction Vq = [-1.97677,-1.70805,-1.57865,-1.70805,-1.70805,-1.54945,-1.49905,-1.54945,-1.57865,-1.49905,-1.43784,-1.49905,-1.70805,-1.54945,-1.49905,-1.54945]
	PARPACK diagonalization completed after 30 matrix-vector product operations.
	iteration results: : total energy is -41.324993 | electron energy -41.368884 + phonon energy 0.043890 | electron momentum kIdx = 10
The 2-th iteration is completed.	|| time cost : 0h 0m 18.235s
********************************************************************************************************************
Start the 3 rounds of NGS-ED iteration
	effective electronic model is modified as: kinetic energy t = 0.899071
	                                           effective interaction Vq = [-1.99147,-1.72478,-1.59021,-1.72478,-1.72478,-1.55976,-1.50779,-1.55976,-1.59021,-1.50779,-1.44492,-1.50779,-1.72478,-1.55976,-1.50779,-1.55976]
	PARPACK diagonalization completed after 30 matrix-vector product operations.
	iteration results: : total energy is -41.533656 | electron energy -41.583787 + phonon energy 0.050130 | electron momentum kIdx = 10
The 3-th iteration is completed.	|| time cost : 0h 0m 18.205s
********************************************************************************************************************
Start the 4 rounds of NGS-ED iteration
	effective electronic model is modified as: kinetic energy t = 0.898145
	                                           effective interaction Vq = [-1.99688, -1.7332,-1.59602, -1.7332, -1.7332,-1.56492, -1.5124,-1.56492,-1.59602, -1.5124,-1.44881, -1.5124, -1.7332,-1.56492, -1.5124,-1.56492]
	PARPACK diagonalization completed after 30 matrix-vector product operations.
	iteration results: : total energy is -41.610212 | electron energy -41.663528 + phonon energy 0.053316 | electron momentum kIdx = 10
The 4-th iteration is completed.	|| time cost : 0h 0m 20.701s
********************************************************************************************************************
Start the 5 rounds of NGS-ED iteration
	effective electronic model is modified as: kinetic energy t = 0.897665
	                                           effective interaction Vq = [-1.99887,-1.73749,-1.59894,-1.73749,-1.73749,-1.56751,-1.51479,-1.56751,-1.59894,-1.51479,-1.45087,-1.51479,-1.73749,-1.56751,-1.51479,-1.56751]
	PARPACK diagonalization completed after 30 matrix-vector product operations.
	iteration results: : total energy is -41.638321 | electron energy -41.693252 + phonon energy 0.054931 | electron momentum kIdx = 10
The 5-th iteration is completed.	|| time cost : 0h 0m 20.682s
********************************************************************************************************************
Start the 6 rounds of NGS-ED iteration
	effective electronic model is modified as: kinetic energy t = 0.897419
	                                           effective interaction Vq = [ -1.9996,-1.73968,-1.60042,-1.73968,-1.73968, -1.5688,-1.51602, -1.5688,-1.60042,-1.51602,-1.45193,-1.51602,-1.73968, -1.5688,-1.51602, -1.5688]
	PARPACK diagonalization completed after 30 matrix-vector product operations.
	iteration results: : total energy is -41.648648 | electron energy -41.704396 + phonon energy 0.055748 | electron momentum kIdx = 10
The 6-th iteration is completed.	|| time cost : 0h 0m 18.654s
********************************************************************************************************************
Start the 7 rounds of NGS-ED iteration
	effective electronic model is modified as: kinetic energy t = 0.897293
	                                           effective interaction Vq = [-1.99987,-1.74081,-1.60116,-1.74081,-1.74081,-1.56945,-1.51665,-1.56945,-1.60116,-1.51665,-1.45248,-1.51665,-1.74081,-1.56945,-1.51665,-1.56945]
	PARPACK diagonalization completed after 30 matrix-vector product operations.
	iteration results: : total energy is -41.652443 | electron energy -41.708606 + phonon energy 0.056163 | electron momentum kIdx = 10
The 7-th iteration is completed.	|| time cost : 0h 0m 18.262s
********************************************************************************************************************
Start the 8 rounds of NGS-ED iteration
	effective electronic model is modified as: kinetic energy t = 0.897228
	                                           effective interaction Vq = [-1.99997,-1.74139,-1.60154,-1.74139,-1.74139,-1.56978,-1.51697,-1.56978,-1.60154,-1.51697,-1.45276,-1.51697,-1.74139,-1.56978,-1.51697,-1.56978]
	PARPACK diagonalization completed after 30 matrix-vector product operations.
	iteration results: : total energy is -41.653839 | electron energy -41.710211 + phonon energy 0.056372 | electron momentum kIdx = 10
The 8-th iteration is completed.	|| time cost : 0h 0m 18.225s
********************************************************************************************************************
Start the 9 rounds of NGS-ED iteration
	effective electronic model is modified as: kinetic energy t = 0.897196
	                                           effective interaction Vq = [-2.00001,-1.74169,-1.60173,-1.74169,-1.74169,-1.56994,-1.51713,-1.56994,-1.60173,-1.51713,-1.45291,-1.51713,-1.74169,-1.56994,-1.51713,-1.56994]
	PARPACK diagonalization completed after 30 matrix-vector product operations.
	iteration results: : total energy is -41.654352 | electron energy -41.710831 + phonon energy 0.056479 | electron momentum kIdx = 10
The 9-th iteration is completed.	|| time cost : 0h 0m 18.238s
********************************************************************************************************************
Start the 10 rounds of NGS-ED iteration
	effective electronic model is modified as: kinetic energy t = 0.897179
	                                           effective interaction Vq = [-2.00002,-1.74184,-1.60183,-1.74184,-1.74184,-1.57002,-1.51722,-1.57002,-1.60183,-1.51722,-1.45298,-1.51722,-1.74184,-1.57002,-1.51722,-1.57002]
	PARPACK diagonalization completed after 30 matrix-vector product operations.
	iteration results: : total energy is -41.654540 | electron energy -41.711073 + phonon energy 0.056533 | electron momentum kIdx = 10
	Nq(0) = 14.0625,	Nq(1) = 0.198455,	Nq(2) = 0.271491,	Nq(3) = 0.198455,	Nq(4) = 0.198455,	Nq(5) = 0.253807,	Nq(6) = 0.335192,	Nq(7) = 0.253807,	Nq(8) = 0.271491,	Nq(9) = 0.335192,	Nq(10) = 0.389526,	Nq(11) = 0.335192,	Nq(12) = 0.198455,	Nq(13) = 0.253807,	Nq(14) = 0.335192,	Nq(15) = 0.253807,	Sq(0) = 0.0625,	Sq(1) = 0.463902,	Sq(2) = 0.649617,	Sq(3) = 0.463902,	Sq(4) = 0.463902,	Sq(5) = 1.02619,	Sq(6) = 0.866753,	Sq(7) = 1.02619,	Sq(8) = 0.649617,	Sq(9) = 0.866753,	Sq(10) = 1.06606,	Sq(11) = 0.866753,	Sq(12) = 0.463902,	Sq(13) = 1.02619,	Sq(14) = 0.866753,	Sq(15) = 1.02619,	N(0) = 1.88532,	N(1) = 1.81981,	N(2) = 1.12451,	N(3) = 1.81981,	N(4) = 1.81981,	N(5) = 0.724401,	N(6) = 0.153965,	N(7) = 0.724401,	N(8) = 1.12451,	N(9) = 0.153965,	N(10) = 0.0729583,	N(11) = 0.153965,	N(12) = 1.81981,	N(13) = 0.724401,	N(14) = 0.153965,	N(15) = 0.724401
The 10-th iteration is completed.	|| time cost : 0h 0m 48.215s
********************************************************************************************************************
Start the 11 rounds of NGS-ED iteration
	effective electronic model is modified as: kinetic energy t = 0.897171
	                                           effective interaction Vq = [-2.00003,-1.74192,-1.60187,-1.74192,-1.74192,-1.57006,-1.51726,-1.57006,-1.60187,-1.51726,-1.45302,-1.51726,-1.74192,-1.57006,-1.51726,-1.57006]
	PARPACK diagonalization completed after 30 matrix-vector product operations.
	iteration results: : total energy is -41.654610 | electron energy -41.711170 + phonon energy 0.056560 | electron momentum kIdx = 10
The 11-th iteration is completed.	|| time cost : 0h 0m 18.261s
********************************************************************************************************************
Start the 12 rounds of NGS-ED iteration
	effective electronic model is modified as: kinetic energy t = 0.897166
	                                           effective interaction Vq = [-2.00003,-1.74196, -1.6019,-1.74196,-1.74196,-1.57008,-1.51728,-1.57008, -1.6019,-1.51728,-1.45304,-1.51728,-1.74196,-1.57008,-1.51728,-1.57008]
	PARPACK diagonalization completed after 30 matrix-vector product operations.
	iteration results: : total energy is -41.654635 | electron energy -41.711210 + phonon energy 0.056574 | electron momentum kIdx = 10
The 12-th iteration is completed.	|| time cost : 0h 0m 18.214s
********************************************************************************************************************
Start the 13 rounds of NGS-ED iteration
	effective electronic model is modified as: kinetic energy t = 0.897164
	                                           effective interaction Vq = [-2.00003,-1.74198,-1.60191,-1.74198,-1.74198,-1.57009,-1.51729,-1.57009,-1.60191,-1.51729,-1.45305,-1.51729,-1.74198,-1.57009,-1.51729,-1.57009]
	PARPACK diagonalization completed after 30 matrix-vector product operations.
	iteration results: : total energy is -41.654645 | electron energy -41.711226 + phonon energy 0.056581 | electron momentum kIdx = 10
The 13-th iteration is completed.	|| time cost : 0h 0m 18.234s
********************************************************************************************************************
Start the 14 rounds of NGS-ED iteration
	effective electronic model is modified as: kinetic energy t = 0.897163
	                                           effective interaction Vq = [-2.00003,-1.74199,-1.60192,-1.74199,-1.74199, -1.5701, -1.5173, -1.5701,-1.60192, -1.5173,-1.45305, -1.5173,-1.74199, -1.5701, -1.5173, -1.5701]
	PARPACK diagonalization completed after 30 matrix-vector product operations.
	iteration results: : total energy is -41.654648 | electron energy -41.711233 + phonon energy 0.056585 | electron momentum kIdx = 10
The 14-th iteration is completed.	|| time cost : 0h 0m 18.229s
********************************************************************************************************************
Start the 15 rounds of NGS-ED iteration
	effective electronic model is modified as: kinetic energy t = 0.897162
	                                           effective interaction Vq = [-2.00003,  -1.742,-1.60192,  -1.742,  -1.742, -1.5701, -1.5173, -1.5701,-1.60192, -1.5173,-1.45305, -1.5173,  -1.742, -1.5701, -1.5173, -1.5701]
	PARPACK diagonalization completed after 30 matrix-vector product operations.
	iteration results: : total energy is -41.654649 | electron energy -41.711236 + phonon energy 0.056587 | electron momentum kIdx = 10
The 15-th iteration is completed.	|| time cost : 0h 0m 18.277s
********************************************************************************************************************
Start the 16 rounds of NGS-ED iteration
	effective electronic model is modified as: kinetic energy t = 0.897162
	                                           effective interaction Vq = [-2.00003,  -1.742,-1.60192,  -1.742,  -1.742, -1.5701, -1.5173, -1.5701,-1.60192, -1.5173,-1.45305, -1.5173,  -1.742, -1.5701, -1.5173, -1.5701]
	PARPACK diagonalization completed after 30 matrix-vector product operations.
	iteration results: : total energy is -41.654650 | electron energy -41.711238 + phonon energy 0.056588 | electron momentum kIdx = 10
The 16-th iteration is completed.	|| time cost : 0h 0m 18.222s
********************************************************************************************************************
Start the 17 rounds of NGS-ED iteration
	effective electronic model is modified as: kinetic energy t = 0.897162
	                                           effective interaction Vq = [-2.00003,  -1.742,-1.60192,  -1.742,  -1.742, -1.5701, -1.5173, -1.5701,-1.60192, -1.5173,-1.45305, -1.5173,  -1.742, -1.5701, -1.5173, -1.5701]
	PARPACK diagonalization completed after 30 matrix-vector product operations.
	iteration results: : total energy is -41.654650 | electron energy -41.711238 + phonon energy 0.056588 | electron momentum kIdx = 10
The 17-th iteration is completed.	|| time cost : 0h 0m 18.23s
********************************************************************************************************************
Start the 18 rounds of NGS-ED iteration
	effective electronic model is modified as: kinetic energy t = 0.897162
	                                           effective interaction Vq = [-2.00003,  -1.742,-1.60192,  -1.742,  -1.742, -1.5701, -1.5173, -1.5701,-1.60192, -1.5173,-1.45305, -1.5173,  -1.742, -1.5701, -1.5173, -1.5701]
	PARPACK diagonalization completed after 30 matrix-vector product operations.
	iteration results: : total energy is -41.654650 | electron energy -41.711239 + phonon energy 0.056589 | electron momentum kIdx = 10
The 18-th iteration is completed.	|| time cost : 0h 0m 18.287s
********************************************************************************************************************
Start the 19 rounds of NGS-ED iteration
	effective electronic model is modified as: kinetic energy t = 0.897162
	                                           effective interaction Vq = [-2.00003,  -1.742,-1.60192,  -1.742,  -1.742, -1.5701, -1.5173, -1.5701,-1.60192, -1.5173,-1.45306, -1.5173,  -1.742, -1.5701, -1.5173, -1.5701]
	PARPACK diagonalization completed after 30 matrix-vector product operations.
	iteration results: : total energy is -41.654650 | electron energy -41.711239 + phonon energy 0.056589 | electron momentum kIdx = 10
The 19-th iteration is completed.	|| time cost : 0h 0m 18.258s
********************************************************************************************************************
Start the 20 rounds of NGS-ED iteration
	effective electronic model is modified as: kinetic energy t = 0.897162
	                                           effective interaction Vq = [-2.00003,  -1.742,-1.60192,  -1.742,  -1.742, -1.5701, -1.5173, -1.5701,-1.60192, -1.5173,-1.45306, -1.5173,  -1.742, -1.5701, -1.5173, -1.5701]
	PARPACK diagonalization completed after 30 matrix-vector product operations.
	iteration results: : total energy is -41.654650 | electron energy -41.711239 + phonon energy 0.056589 | electron momentum kIdx = 10
	Nq(0) = 14.0625,	Nq(1) = 0.198462,	Nq(2) = 0.271497,	Nq(3) = 0.198462,	Nq(4) = 0.198462,	Nq(5) = 0.253811,	Nq(6) = 0.335199,	Nq(7) = 0.253811,	Nq(8) = 0.271497,	Nq(9) = 0.335199,	Nq(10) = 0.389533,	Nq(11) = 0.335199,	Nq(12) = 0.198462,	Nq(13) = 0.253811,	Nq(14) = 0.335199,	Nq(15) = 0.253811,	Sq(0) = 0.0625,	Sq(1) = 0.4639,	Sq(2) = 0.649615,	Sq(3) = 0.4639,	Sq(4) = 0.4639,	Sq(5) = 1.02618,	Sq(6) = 0.866745,	Sq(7) = 1.02618,	Sq(8) = 0.649615,	Sq(9) = 0.866745,	Sq(10) = 1.06605,	Sq(11) = 0.866745,	Sq(12) = 0.4639,	Sq(13) = 1.02618,	Sq(14) = 0.866745,	Sq(15) = 1.02618,	N(0) = 1.88532,	N(1) = 1.81982,	N(2) = 1.12451,	N(3) = 1.81982,	N(4) = 1.81982,	N(5) = 0.724398,	N(6) = 0.153956,	N(7) = 0.724398,	N(8) = 1.12451,	N(9) = 0.153956,	N(10) = 0.0729544,	N(11) = 0.153956,	N(12) = 1.81982,	N(13) = 0.724398,	N(14) = 0.153956,	N(15) = 0.724398
The 20-th iteration is completed.	|| time cost : 0h 0m 48.146s
********************************************************************************************************************
Start the 21 rounds of NGS-ED iteration
	effective electronic model is modified as: kinetic energy t = 0.897162
	                                           effective interaction Vq = [-2.00003,  -1.742,-1.60192,  -1.742,  -1.742, -1.5701, -1.5173, -1.5701,-1.60192, -1.5173,-1.45306, -1.5173,  -1.742, -1.5701, -1.5173, -1.5701]
	PARPACK diagonalization completed after 30 matrix-vector product operations.
	iteration results: : total energy is -41.654650 | electron energy -41.711239 + phonon energy 0.056589 | electron momentum kIdx = 10
The 21-th iteration is completed.	|| time cost : 0h 0m 18.263s
********************************************************************************************************************
Start the 22 rounds of NGS-ED iteration
	effective electronic model is modified as: kinetic energy t = 0.897162
	                                           effective interaction Vq = [-2.00003,  -1.742,-1.60192,  -1.742,  -1.742, -1.5701, -1.5173, -1.5701,-1.60192, -1.5173,-1.45306, -1.5173,  -1.742, -1.5701, -1.5173, -1.5701]
	PARPACK diagonalization completed after 30 matrix-vector product operations.
	iteration results: : total energy is -41.654650 | electron energy -41.711239 + phonon energy 0.056589 | electron momentum kIdx = 10
The 22-th iteration is completed.	|| time cost : 0h 0m 18.222s
********************************************************************************************************************
Start the 23 rounds of NGS-ED iteration
	effective electronic model is modified as: kinetic energy t = 0.897162
	                                           effective interaction Vq = [-2.00003,  -1.742,-1.60192,  -1.742,  -1.742, -1.5701, -1.5173, -1.5701,-1.60192, -1.5173,-1.45306, -1.5173,  -1.742, -1.5701, -1.5173, -1.5701]
	PARPACK diagonalization completed after 30 matrix-vector product operations.
	iteration results: : total energy is -41.654650 | electron energy -41.711239 + phonon energy 0.056589 | electron momentum kIdx = 10
The 23-th iteration is completed.	|| time cost : 0h 0m 18.229s
********************************************************************************************************************
Start the 24 rounds of NGS-ED iteration
	effective electronic model is modified as: kinetic energy t = 0.897162
	                                           effective interaction Vq = [-2.00003,  -1.742,-1.60192,  -1.742,  -1.742, -1.5701, -1.5173, -1.5701,-1.60192, -1.5173,-1.45306, -1.5173,  -1.742, -1.5701, -1.5173, -1.5701]
	PARPACK diagonalization completed after 30 matrix-vector product operations.
	iteration results: : total energy is -41.654650 | electron energy -41.711239 + phonon energy 0.056589 | electron momentum kIdx = 10
	Nq(0) = 14.0625,	Nq(1) = 0.198462,	Nq(2) = 0.271497,	Nq(3) = 0.198462,	Nq(4) = 0.198462,	Nq(5) = 0.253811,	Nq(6) = 0.335199,	Nq(7) = 0.253811,	Nq(8) = 0.271497,	Nq(9) = 0.335199,	Nq(10) = 0.389533,	Nq(11) = 0.335199,	Nq(12) = 0.198462,	Nq(13) = 0.253811,	Nq(14) = 0.335199,	Nq(15) = 0.253811,	Sq(0) = 0.0625,	Sq(1) = 0.4639,	Sq(2) = 0.649615,	Sq(3) = 0.4639,	Sq(4) = 0.4639,	Sq(5) = 1.02618,	Sq(6) = 0.866745,	Sq(7) = 1.02618,	Sq(8) = 0.649615,	Sq(9) = 0.866745,	Sq(10) = 1.06605,	Sq(11) = 0.866745,	Sq(12) = 0.4639,	Sq(13) = 1.02618,	Sq(14) = 0.866745,	Sq(15) = 1.02618,	N(0) = 1.88532,	N(1) = 1.81982,	N(2) = 1.12451,	N(3) = 1.81982,	N(4) = 1.81982,	N(5) = 0.724398,	N(6) = 0.153956,	N(7) = 0.724398,	N(8) = 1.12451,	N(9) = 0.153956,	N(10) = 0.0729544,	N(11) = 0.153956,	N(12) = 1.81982,	N(13) = 0.724398,	N(14) = 0.153956,	N(15) = 0.724398
The 24-th iteration is completed.	|| time cost : 0h 0m 48.131s
********************************************************************************************************************
********************************************************************************************************************
Ground state is obtained after 25 iterations. The current ground-state energy is -41.6547, in which electron energy is -41.7112 and phonon energy is 0.0565888
final variational state is: 
	Gamma_x = [      1,1.03721,1.05511,1.03721,1.03721,1.05177,1.06926,1.05177,1.05511,1.06926,1.08076,1.06926,1.03721,1.05177,1.06926,1.05177]
	lambda_q = [0.632459,0.405293,0.350288,0.405293,0.405293,0.339228,0.321743,0.339228,0.350288,0.321743,0.301711,0.321743,0.405293,0.339228,0.321743,0.339228]
********************************************************************************************************************
o___o  ----------------------------------------
| L |	Time since last clock: 0h 0m 0s
A===A	Time since the beginning: 0h 17m 56.488s
***********************************************


Non-Gaussina ED ground state calculation is completed. The final ground-state energy is -41.6547
********************************************************************************************************************
o___o  ----------------------------------------
| L |	Time since last clock: 0h 0m 0s
A===A	Time since the beginning: 0h 17m 56.489s
***********************************************



********************************************************************************************************************
All non-Gaussian ED ground state calculations have been completed. Exit now.
TACC:  Shutdown complete. Exiting. 
