SNEDics v3.4 Non-Gaussian ED ground state program		Start at Sat Mar  7 17:28:40 2020

parallized on 16 MPI threads  * 8 OpenMP threads = 128 total threads.
********************************************************************************************************************
********************************************************************************************************************

********************************************************************************************************************
System parameters and configurations
********************************************************************************************************************
Special program options are enabled: splitted diagonal Hamiltonian
********************************************************************************************************************
Read input file "model_params.in"
	Hubbard-Holstein model parameters : 	t = 1    U = 8    g = 2    W = 1    
********************************************************************************************************************
Read input file "hilbertspace_params.in"
	Requested 16-site 2D lattice, with 16 electrons (8, 8)
	Boundary : Periodic		Hilbert space representation : momentum-space (restricted to kIdx = 0)
	Conservation: particle number[U(1)]      spin[U(1)]     momentum
********************************************************************************************************************

Cluster Positions:				Cluster symmetry group : D4
 x ... x ... x ... x .....                       x ... x ... x ... x .....
 |           |           :                       |           |           :
 |           |           :                       |           |           :
12    13    14    15     x                       1     5     6     5     x
 |           |           :                       |           |           :
 |           |           :                       |           |           :
 8 --- 9 ---10 ---11 --- x                       2 --- 6 ---10 --- 6 --- x
 |           |           :                       |           |           :
 |           |           :                       |           |           :
 4     5     6     7     x                       1     5     6     5     x
 |           |           :                       |           |           :
 |           |           :                       |           |           :
 0 --- 1 --- 2 --- 3 --- x                       0 --- 1 --- 2 --- 1 --- x
orbital number : 1
********************************************************************************************************************
Read input file "obs_params.in"
	Observable Type : Nq(All),   Sq(All),   N(All),   Delta[s](All),   Delta[d](All),   Delta[s+](All)
********************************************************************************************************************
** WARNING ** the input observables have non-local factors which have been reinterpreted. The total observable number is 96
********************************************************************************************************************


********************************************************************************************************************
Start calculating the non-Gaussian ED ground state
Input file varState.dat exists. Start iterations from it.
open output files: NGSEDIterationObs.txt
********************************************************************************************************************
Start the 0 rounds of NGS-ED iteration
	effective electronic model is modified as: kinetic energy t = 0.928835
	                                           effective interaction Vq = [      -4,-1.23017,-1.10403,-1.23017,-1.23017,-1.10403,-1.06164,-1.10403,-1.10403,-1.06164,-1.04106,-1.06164,-1.23017,-1.10403,-1.06164,-1.10403]
	first Hamiltonian is constructed, non-zero numbers = 12310855584
	PARPACK diagonalization completed after 90 matrix-vector product operations.
	iteration results: : total energy is -73.422094 | electron energy -73.527277 + phonon energy 0.105183 | electron momentum kIdx = 0
	Nq(0) = 16,	Nq(1) = 0.0936576,	Nq(2) = 0.154533,	Nq(3) = 0.0936576,	Nq(4) = 0.0936576,	Nq(5) = 0.154533,	Nq(6) = 0.21015,	Nq(7) = 0.154533,	Nq(8) = 0.154533,	Nq(9) = 0.21015,	Nq(10) = 0.261442,	Nq(11) = 0.21015,	Nq(12) = 0.0936576,	Nq(13) = 0.154533,	Nq(14) = 0.21015,	Nq(15) = 0.154533,	Sq(0) = 8.77868e-19,	Sq(1) = 0.423126,	Sq(2) = 0.635692,	Sq(3) = 0.423126,	Sq(4) = 0.423126,	Sq(5) = 0.635692,	Sq(6) = 0.883852,	Sq(7) = 0.635692,	Sq(8) = 0.635692,	Sq(9) = 0.883852,	Sq(10) = 4.55407,	Sq(11) = 0.883852,	Sq(12) = 0.423126,	Sq(13) = 0.635692,	Sq(14) = 0.883852,	Sq(15) = 0.635692,	N(0) = 1.84714,	N(1) = 1.68626,	N(2) = 1,	N(3) = 1.68626,	N(4) = 1.68626,	N(5) = 1,	N(6) = 0.313736,	N(7) = 1,	N(8) = 1,	N(9) = 0.313736,	N(10) = 0.152857,	N(11) = 0.313736,	N(12) = 1.68626,	N(13) = 1,	N(14) = 0.313736,	N(15) = 1,	Delta[s](0) = 0.116819,	Delta[s](1) = 0.0975326,	Delta[s](2) = 0.0766492,	Delta[s](3) = 0.0975326,	Delta[s](4) = 0.0975326,	Delta[s](5) = 0.0766492,	Delta[s](6) = 0.0539014,	Delta[s](7) = 0.0766492,	Delta[s](8) = 0.0766492,	Delta[s](9) = 0.0539014,	Delta[s](10) = 0.019485,	Delta[s](11) = 0.0539014,	Delta[s](12) = 0.0975326,	Delta[s](13) = 0.0766492,	Delta[s](14) = 0.0539014,	Delta[s](15) = 0.0766492,	Delta[d](0) = 1.53279,	Delta[d](1) = 1.13943,	Delta[d](2) = 0.879739,	Delta[d](3) = 1.13943,	Delta[d](4) = 1.13943,	Delta[d](5) = 0.902354,	Delta[d](6) = 0.638471,	Delta[d](7) = 0.902354,	Delta[d](8) = 0.879739,	Delta[d](9) = 0.638471,	Delta[d](10) = 0.314742,	Delta[d](11) = 0.638471,	Delta[d](12) = 1.13943,	Delta[d](13) = 0.902354,	Delta[d](14) = 0.638471,	Delta[d](15) = 0.902354,	Delta[s+](0) = 1.62558,	Delta[s+](1) = 1.28419,	Delta[s+](2) = 0.879739,	Delta[s+](3) = 1.28419,	Delta[s+](4) = 1.28419,	Delta[s+](5) = 0.879739,	Delta[s+](6) = 0.487166,	Delta[s+](7) = 0.879739,	Delta[s+](8) = 0.879739,	Delta[s+](9) = 0.487166,	Delta[s+](10) = 0.159673,	Delta[s+](11) = 0.487166,	Delta[s+](12) = 1.28419,	Delta[s+](13) = 0.879739,	Delta[s+](14) = 0.487166,	Delta[s+](15) = 0.879739
The 0-th iteration is completed.	|| time cost : 0h 13m 36.435s
********************************************************************************************************************
Start the 1 rounds of NGS-ED iteration
	effective electronic model is modified as: kinetic energy t = 0.928835
	                                           effective interaction Vq = [      -4,-1.23017,-1.10403,-1.23017,-1.23017,-1.10403,-1.06164,-1.10403,-1.10403,-1.06164,-1.04106,-1.06164,-1.23017,-1.10403,-1.06164,-1.10403]
	PARPACK diagonalization completed after 30 matrix-vector product operations.
	iteration results: : total energy is -73.422094 | electron energy -73.527276 + phonon energy 0.105181 | electron momentum kIdx = 0
The 1-th iteration is completed.	|| time cost : 0h 0m 27.409s
********************************************************************************************************************
Start the 2 rounds of NGS-ED iteration
	effective electronic model is modified as: kinetic energy t = 0.928835
	                                           effective interaction Vq = [      -4,-1.23017,-1.10403,-1.23017,-1.23017,-1.10403,-1.06163,-1.10403,-1.10403,-1.06163,-1.04106,-1.06163,-1.23017,-1.10403,-1.06163,-1.10403]
	PARPACK diagonalization completed after 30 matrix-vector product operations.
	iteration results: : total energy is -73.422095 | electron energy -73.527274 + phonon energy 0.105180 | electron momentum kIdx = 0
The 2-th iteration is completed.	|| time cost : 0h 0m 27.504s
********************************************************************************************************************
Start the 3 rounds of NGS-ED iteration
	effective electronic model is modified as: kinetic energy t = 0.928835
	                                           effective interaction Vq = [      -4,-1.23017,-1.10403,-1.23017,-1.23017,-1.10403,-1.06163,-1.10403,-1.10403,-1.06163,-1.04105,-1.06163,-1.23017,-1.10403,-1.06163,-1.10403]
	PARPACK diagonalization completed after 30 matrix-vector product operations.
	iteration results: : total energy is -73.422095 | electron energy -73.527274 + phonon energy 0.105178 | electron momentum kIdx = 0
The 3-th iteration is completed.	|| time cost : 0h 0m 27.404s
********************************************************************************************************************
Start the 4 rounds of NGS-ED iteration
	effective electronic model is modified as: kinetic energy t = 0.928836
	                                           effective interaction Vq = [      -4,-1.23017,-1.10403,-1.23017,-1.23017,-1.10403,-1.06163,-1.10403,-1.10403,-1.06163,-1.04105,-1.06163,-1.23017,-1.10403,-1.06163,-1.10403]
	PARPACK diagonalization completed after 30 matrix-vector product operations.
	iteration results: : total energy is -73.422096 | electron energy -73.527273 + phonon energy 0.105177 | electron momentum kIdx = 0
The 4-th iteration is completed.	|| time cost : 0h 0m 27.539s
********************************************************************************************************************
Start the 5 rounds of NGS-ED iteration
	effective electronic model is modified as: kinetic energy t = 0.928836
	                                           effective interaction Vq = [      -4,-1.23016,-1.10403,-1.23016,-1.23016,-1.10403,-1.06163,-1.10403,-1.10403,-1.06163,-1.04105,-1.06163,-1.23016,-1.10403,-1.06163,-1.10403]
	PARPACK diagonalization completed after 30 matrix-vector product operations.
	iteration results: : total energy is -73.422096 | electron energy -73.527272 + phonon energy 0.105176 | electron momentum kIdx = 0
The 5-th iteration is completed.	|| time cost : 0h 0m 27.508s
********************************************************************************************************************
Start the 6 rounds of NGS-ED iteration
	effective electronic model is modified as: kinetic energy t = 0.928836
	                                           effective interaction Vq = [      -4,-1.23016,-1.10402,-1.23016,-1.23016,-1.10402,-1.06163,-1.10402,-1.10402,-1.06163,-1.04105,-1.06163,-1.23016,-1.10402,-1.06163,-1.10402]
	PARPACK diagonalization completed after 30 matrix-vector product operations.
	iteration results: : total energy is -73.422096 | electron energy -73.527271 + phonon energy 0.105175 | electron momentum kIdx = 0
The 6-th iteration is completed.	|| time cost : 0h 0m 27.478s
********************************************************************************************************************
Start the 7 rounds of NGS-ED iteration
	effective electronic model is modified as: kinetic energy t = 0.928836
	                                           effective interaction Vq = [      -4,-1.23016,-1.10402,-1.23016,-1.23016,-1.10402,-1.06163,-1.10402,-1.10402,-1.06163,-1.04105,-1.06163,-1.23016,-1.10402,-1.06163,-1.10402]
	PARPACK diagonalization completed after 30 matrix-vector product operations.
	iteration results: : total energy is -73.422097 | electron energy -73.527271 + phonon energy 0.105174 | electron momentum kIdx = 0
The 7-th iteration is completed.	|| time cost : 0h 0m 27.583s
********************************************************************************************************************
Start the 8 rounds of NGS-ED iteration
	effective electronic model is modified as: kinetic energy t = 0.928836
	                                           effective interaction Vq = [      -4,-1.23016,-1.10402,-1.23016,-1.23016,-1.10402,-1.06163,-1.10402,-1.10402,-1.06163,-1.04105,-1.06163,-1.23016,-1.10402,-1.06163,-1.10402]
	PARPACK diagonalization completed after 30 matrix-vector product operations.
	iteration results: : total energy is -73.422097 | electron energy -73.527270 + phonon energy 0.105173 | electron momentum kIdx = 0
The 8-th iteration is completed.	|| time cost : 0h 0m 27.533s
********************************************************************************************************************
Start the 9 rounds of NGS-ED iteration
	effective electronic model is modified as: kinetic energy t = 0.928836
	                                           effective interaction Vq = [      -4,-1.23016,-1.10402,-1.23016,-1.23016,-1.10402,-1.06163,-1.10402,-1.10402,-1.06163,-1.04104,-1.06163,-1.23016,-1.10402,-1.06163,-1.10402]
	PARPACK diagonalization completed after 30 matrix-vector product operations.
	iteration results: : total energy is -73.422097 | electron energy -73.527270 + phonon energy 0.105173 | electron momentum kIdx = 0
The 9-th iteration is completed.	|| time cost : 0h 0m 27.468s
********************************************************************************************************************
Start the 10 rounds of NGS-ED iteration
	effective electronic model is modified as: kinetic energy t = 0.928836
	                                           effective interaction Vq = [      -4,-1.23016,-1.10402,-1.23016,-1.23016,-1.10402,-1.06162,-1.10402,-1.10402,-1.06162,-1.04104,-1.06162,-1.23016,-1.10402,-1.06162,-1.10402]
	PARPACK diagonalization completed after 30 matrix-vector product operations.
	iteration results: : total energy is -73.422097 | electron energy -73.527269 + phonon energy 0.105172 | electron momentum kIdx = 0
	Nq(0) = 16,	Nq(1) = 0.0936571,	Nq(2) = 0.154533,	Nq(3) = 0.0936571,	Nq(4) = 0.0936571,	Nq(5) = 0.154533,	Nq(6) = 0.210149,	Nq(7) = 0.154533,	Nq(8) = 0.154533,	Nq(9) = 0.210149,	Nq(10) = 0.261441,	Nq(11) = 0.210149,	Nq(12) = 0.0936571,	Nq(13) = 0.154533,	Nq(14) = 0.210149,	Nq(15) = 0.154533,	Sq(0) = 8.51597e-19,	Sq(1) = 0.423126,	Sq(2) = 0.635692,	Sq(3) = 0.423126,	Sq(4) = 0.423126,	Sq(5) = 0.635692,	Sq(6) = 0.883853,	Sq(7) = 0.635692,	Sq(8) = 0.635692,	Sq(9) = 0.883853,	Sq(10) = 4.55407,	Sq(11) = 0.883853,	Sq(12) = 0.423126,	Sq(13) = 0.635692,	Sq(14) = 0.883853,	Sq(15) = 0.635692,	N(0) = 1.84714,	N(1) = 1.68626,	N(2) = 1,	N(3) = 1.68626,	N(4) = 1.68626,	N(5) = 1,	N(6) = 0.313738,	N(7) = 1,	N(8) = 1,	N(9) = 0.313738,	N(10) = 0.152858,	N(11) = 0.313738,	N(12) = 1.68626,	N(13) = 1,	N(14) = 0.313738,	N(15) = 1,	Delta[s](0) = 0.116819,	Delta[s](1) = 0.0975323,	Delta[s](2) = 0.0766489,	Delta[s](3) = 0.0975323,	Delta[s](4) = 0.0975323,	Delta[s](5) = 0.0766489,	Delta[s](6) = 0.0539011,	Delta[s](7) = 0.0766489,	Delta[s](8) = 0.0766489,	Delta[s](9) = 0.0539011,	Delta[s](10) = 0.0194847,	Delta[s](11) = 0.0539011,	Delta[s](12) = 0.0975323,	Delta[s](13) = 0.0766489,	Delta[s](14) = 0.0539011,	Delta[s](15) = 0.0766489,	Delta[d](0) = 1.53322,	Delta[d](1) = 1.13975,	Delta[d](2) = 0.879986,	Delta[d](3) = 1.13975,	Delta[d](4) = 1.13975,	Delta[d](5) = 0.902607,	Delta[d](6) = 0.63865,	Delta[d](7) = 0.902607,	Delta[d](8) = 0.879986,	Delta[d](9) = 0.63865,	Delta[d](10) = 0.31483,	Delta[d](11) = 0.63865,	Delta[d](12) = 1.13975,	Delta[d](13) = 0.902607,	Delta[d](14) = 0.63865,	Delta[d](15) = 0.902607,	Delta[s+](0) = 1.62603,	Delta[s+](1) = 1.28455,	Delta[s+](2) = 0.879986,	Delta[s+](3) = 1.28455,	Delta[s+](4) = 1.28455,	Delta[s+](5) = 0.879986,	Delta[s+](6) = 0.487303,	Delta[s+](7) = 0.879986,	Delta[s+](8) = 0.879986,	Delta[s+](9) = 0.487303,	Delta[s+](10) = 0.159718,	Delta[s+](11) = 0.487303,	Delta[s+](12) = 1.28455,	Delta[s+](13) = 0.879986,	Delta[s+](14) = 0.487303,	Delta[s+](15) = 0.879986
The 10-th iteration is completed.	|| time cost : 0h 4m 23.019s
********************************************************************************************************************
Start the 11 rounds of NGS-ED iteration
	effective electronic model is modified as: kinetic energy t = 0.928836
	                                           effective interaction Vq = [      -4,-1.23016,-1.10402,-1.23016,-1.23016,-1.10402,-1.06162,-1.10402,-1.10402,-1.06162,-1.04104,-1.06162,-1.23016,-1.10402,-1.06162,-1.10402]
	PARPACK diagonalization completed after 30 matrix-vector product operations.
	iteration results: : total energy is -73.422097 | electron energy -73.527269 + phonon energy 0.105172 | electron momentum kIdx = 0
The 11-th iteration is completed.	|| time cost : 0h 0m 27.489s
********************************************************************************************************************
Start the 12 rounds of NGS-ED iteration
	effective electronic model is modified as: kinetic energy t = 0.928836
	                                           effective interaction Vq = [      -4,-1.23016,-1.10402,-1.23016,-1.23016,-1.10402,-1.06162,-1.10402,-1.10402,-1.06162,-1.04104,-1.06162,-1.23016,-1.10402,-1.06162,-1.10402]
	PARPACK diagonalization completed after 30 matrix-vector product operations.
	iteration results: : total energy is -73.422097 | electron energy -73.527268 + phonon energy 0.105171 | electron momentum kIdx = 0
The 12-th iteration is completed.	|| time cost : 0h 0m 27.49s
********************************************************************************************************************
Start the 13 rounds of NGS-ED iteration
	effective electronic model is modified as: kinetic energy t = 0.928836
	                                           effective interaction Vq = [      -4,-1.23016,-1.10402,-1.23016,-1.23016,-1.10402,-1.06162,-1.10402,-1.10402,-1.06162,-1.04104,-1.06162,-1.23016,-1.10402,-1.06162,-1.10402]
	PARPACK diagonalization completed after 30 matrix-vector product operations.
	iteration results: : total energy is -73.422097 | electron energy -73.527268 + phonon energy 0.105171 | electron momentum kIdx = 0
The 13-th iteration is completed.	|| time cost : 0h 0m 27.517s
********************************************************************************************************************
Start the 14 rounds of NGS-ED iteration
	effective electronic model is modified as: kinetic energy t = 0.928836
	                                           effective interaction Vq = [      -4,-1.23016,-1.10402,-1.23016,-1.23016,-1.10402,-1.06162,-1.10402,-1.10402,-1.06162,-1.04104,-1.06162,-1.23016,-1.10402,-1.06162,-1.10402]
	PARPACK diagonalization completed after 30 matrix-vector product operations.
	iteration results: : total energy is -73.422097 | electron energy -73.527268 + phonon energy 0.105171 | electron momentum kIdx = 0
The 14-th iteration is completed.	|| time cost : 0h 0m 27.458s
********************************************************************************************************************
Start the 15 rounds of NGS-ED iteration
	effective electronic model is modified as: kinetic energy t = 0.928836
	                                           effective interaction Vq = [      -4,-1.23016,-1.10402,-1.23016,-1.23016,-1.10402,-1.06162,-1.10402,-1.10402,-1.06162,-1.04104,-1.06162,-1.23016,-1.10402,-1.06162,-1.10402]
	PARPACK diagonalization completed after 30 matrix-vector product operations.
	iteration results: : total energy is -73.422097 | electron energy -73.527268 + phonon energy 0.105170 | electron momentum kIdx = 0
The 15-th iteration is completed.	|| time cost : 0h 0m 27.446s
********************************************************************************************************************
Start the 16 rounds of NGS-ED iteration
	effective electronic model is modified as: kinetic energy t = 0.928836
	                                           effective interaction Vq = [      -4,-1.23016,-1.10402,-1.23016,-1.23016,-1.10402,-1.06162,-1.10402,-1.10402,-1.06162,-1.04104,-1.06162,-1.23016,-1.10402,-1.06162,-1.10402]
	PARPACK diagonalization completed after 30 matrix-vector product operations.
	iteration results: : total energy is -73.422097 | electron energy -73.527267 + phonon energy 0.105170 | electron momentum kIdx = 0
The 16-th iteration is completed.	|| time cost : 0h 0m 27.528s
********************************************************************************************************************
Start the 17 rounds of NGS-ED iteration
	effective electronic model is modified as: kinetic energy t = 0.928836
	                                           effective interaction Vq = [      -4,-1.23016,-1.10402,-1.23016,-1.23016,-1.10402,-1.06162,-1.10402,-1.10402,-1.06162,-1.04104,-1.06162,-1.23016,-1.10402,-1.06162,-1.10402]
	PARPACK diagonalization completed after 30 matrix-vector product operations.
	iteration results: : total energy is -73.422097 | electron energy -73.527267 + phonon energy 0.105170 | electron momentum kIdx = 0
The 17-th iteration is completed.	|| time cost : 0h 0m 27.447s
********************************************************************************************************************
Start the 18 rounds of NGS-ED iteration
	effective electronic model is modified as: kinetic energy t = 0.928836
	                                           effective interaction Vq = [      -4,-1.23016,-1.10402,-1.23016,-1.23016,-1.10402,-1.06162,-1.10402,-1.10402,-1.06162,-1.04104,-1.06162,-1.23016,-1.10402,-1.06162,-1.10402]
	PARPACK diagonalization completed after 30 matrix-vector product operations.
	iteration results: : total energy is -73.422097 | electron energy -73.527267 + phonon energy 0.105170 | electron momentum kIdx = 0
The 18-th iteration is completed.	|| time cost : 0h 0m 27.499s
********************************************************************************************************************
Start the 19 rounds of NGS-ED iteration
	effective electronic model is modified as: kinetic energy t = 0.928836
	                                           effective interaction Vq = [      -4,-1.23016,-1.10402,-1.23016,-1.23016,-1.10402,-1.06162,-1.10402,-1.10402,-1.06162,-1.04104,-1.06162,-1.23016,-1.10402,-1.06162,-1.10402]
	PARPACK diagonalization completed after 30 matrix-vector product operations.
	iteration results: : total energy is -73.422097 | electron energy -73.527267 + phonon energy 0.105169 | electron momentum kIdx = 0
The 19-th iteration is completed.	|| time cost : 0h 0m 27.541s
********************************************************************************************************************
Start the 20 rounds of NGS-ED iteration
	effective electronic model is modified as: kinetic energy t = 0.928836
	                                           effective interaction Vq = [      -4,-1.23016,-1.10402,-1.23016,-1.23016,-1.10402,-1.06162,-1.10402,-1.10402,-1.06162,-1.04104,-1.06162,-1.23016,-1.10402,-1.06162,-1.10402]
	PARPACK diagonalization completed after 30 matrix-vector product operations.
	iteration results: : total energy is -73.422097 | electron energy -73.527267 + phonon energy 0.105169 | electron momentum kIdx = 0
	Nq(0) = 16,	Nq(1) = 0.093657,	Nq(2) = 0.154532,	Nq(3) = 0.093657,	Nq(4) = 0.093657,	Nq(5) = 0.154532,	Nq(6) = 0.210149,	Nq(7) = 0.154532,	Nq(8) = 0.154532,	Nq(9) = 0.210149,	Nq(10) = 0.261441,	Nq(11) = 0.210149,	Nq(12) = 0.093657,	Nq(13) = 0.154532,	Nq(14) = 0.210149,	Nq(15) = 0.154532,	Sq(0) = -1.41648e-18,	Sq(1) = 0.423126,	Sq(2) = 0.635692,	Sq(3) = 0.423126,	Sq(4) = 0.423126,	Sq(5) = 0.635692,	Sq(6) = 0.883853,	Sq(7) = 0.635692,	Sq(8) = 0.635692,	Sq(9) = 0.883853,	Sq(10) = 4.55408,	Sq(11) = 0.883853,	Sq(12) = 0.423126,	Sq(13) = 0.635692,	Sq(14) = 0.883853,	Sq(15) = 0.635692,	N(0) = 1.84714,	N(1) = 1.68626,	N(2) = 1,	N(3) = 1.68626,	N(4) = 1.68626,	N(5) = 1,	N(6) = 0.313738,	N(7) = 1,	N(8) = 1,	N(9) = 0.313738,	N(10) = 0.152858,	N(11) = 0.313738,	N(12) = 1.68626,	N(13) = 1,	N(14) = 0.313738,	N(15) = 1,	Delta[s](0) = 0.116819,	Delta[s](1) = 0.0975322,	Delta[s](2) = 0.0766488,	Delta[s](3) = 0.0975322,	Delta[s](4) = 0.0975322,	Delta[s](5) = 0.0766488,	Delta[s](6) = 0.053901,	Delta[s](7) = 0.0766488,	Delta[s](8) = 0.0766488,	Delta[s](9) = 0.053901,	Delta[s](10) = 0.0194846,	Delta[s](11) = 0.053901,	Delta[s](12) = 0.0975322,	Delta[s](13) = 0.0766488,	Delta[s](14) = 0.053901,	Delta[s](15) = 0.0766488,	Delta[d](0) = 1.53338,	Delta[d](1) = 1.13987,	Delta[d](2) = 0.880077,	Delta[d](3) = 1.13987,	Delta[d](4) = 1.13987,	Delta[d](5) = 0.902701,	Delta[d](6) = 0.638716,	Delta[d](7) = 0.902701,	Delta[d](8) = 0.880077,	Delta[d](9) = 0.638716,	Delta[d](10) = 0.314863,	Delta[d](11) = 0.638716,	Delta[d](12) = 1.13987,	Delta[d](13) = 0.902701,	Delta[d](14) = 0.638716,	Delta[d](15) = 0.902701,	Delta[s+](0) = 1.6262,	Delta[s+](1) = 1.28469,	Delta[s+](2) = 0.880077,	Delta[s+](3) = 1.28469,	Delta[s+](4) = 1.28469,	Delta[s+](5) = 0.880077,	Delta[s+](6) = 0.487354,	Delta[s+](7) = 0.880077,	Delta[s+](8) = 0.880077,	Delta[s+](9) = 0.487354,	Delta[s+](10) = 0.159734,	Delta[s+](11) = 0.487354,	Delta[s+](12) = 1.28469,	Delta[s+](13) = 0.880077,	Delta[s+](14) = 0.487354,	Delta[s+](15) = 0.880077
The 20-th iteration is completed.	|| time cost : 0h 4m 23.19s
********************************************************************************************************************
Start the 21 rounds of NGS-ED iteration
	effective electronic model is modified as: kinetic energy t = 0.928836
	                                           effective interaction Vq = [      -4,-1.23016,-1.10402,-1.23016,-1.23016,-1.10402,-1.06162,-1.10402,-1.10402,-1.06162,-1.04104,-1.06162,-1.23016,-1.10402,-1.06162,-1.10402]
	PARPACK diagonalization completed after 30 matrix-vector product operations.
	iteration results: : total energy is -73.422097 | electron energy -73.527267 + phonon energy 0.105169 | electron momentum kIdx = 0
The 21-th iteration is completed.	|| time cost : 0h 0m 27.48s
********************************************************************************************************************
Start the 22 rounds of NGS-ED iteration
	effective electronic model is modified as: kinetic energy t = 0.928836
	                                           effective interaction Vq = [      -4,-1.23016,-1.10402,-1.23016,-1.23016,-1.10402,-1.06162,-1.10402,-1.10402,-1.06162,-1.04104,-1.06162,-1.23016,-1.10402,-1.06162,-1.10402]
	PARPACK diagonalization completed after 30 matrix-vector product operations.
	iteration results: : total energy is -73.422097 | electron energy -73.527267 + phonon energy 0.105169 | electron momentum kIdx = 0
The 22-th iteration is completed.	|| time cost : 0h 0m 27.458s
********************************************************************************************************************
Start the 23 rounds of NGS-ED iteration
	effective electronic model is modified as: kinetic energy t = 0.928836
	                                           effective interaction Vq = [      -4,-1.23016,-1.10402,-1.23016,-1.23016,-1.10402,-1.06162,-1.10402,-1.10402,-1.06162,-1.04104,-1.06162,-1.23016,-1.10402,-1.06162,-1.10402]
	PARPACK diagonalization completed after 30 matrix-vector product operations.
	iteration results: : total energy is -73.422097 | electron energy -73.527266 + phonon energy 0.105169 | electron momentum kIdx = 0
The 23-th iteration is completed.	|| time cost : 0h 0m 27.478s
********************************************************************************************************************
Start the 24 rounds of NGS-ED iteration
	effective electronic model is modified as: kinetic energy t = 0.928836
	                                           effective interaction Vq = [      -4,-1.23016,-1.10402,-1.23016,-1.23016,-1.10402,-1.06162,-1.10402,-1.10402,-1.06162,-1.04104,-1.06162,-1.23016,-1.10402,-1.06162,-1.10402]
	PARPACK diagonalization completed after 30 matrix-vector product operations.
	iteration results: : total energy is -73.422097 | electron energy -73.527266 + phonon energy 0.105169 | electron momentum kIdx = 0
The 24-th iteration is completed.	|| time cost : 0h 0m 27.522s
********************************************************************************************************************
Start the 25 rounds of NGS-ED iteration
	effective electronic model is modified as: kinetic energy t = 0.928836
	                                           effective interaction Vq = [      -4,-1.23016,-1.10402,-1.23016,-1.23016,-1.10402,-1.06162,-1.10402,-1.10402,-1.06162,-1.04104,-1.06162,-1.23016,-1.10402,-1.06162,-1.10402]
	PARPACK diagonalization completed after 30 matrix-vector product operations.
	iteration results: : total energy is -73.422097 | electron energy -73.527266 + phonon energy 0.105169 | electron momentum kIdx = 0
The 25-th iteration is completed.	|| time cost : 0h 0m 27.429s
********************************************************************************************************************
Start the 26 rounds of NGS-ED iteration
	effective electronic model is modified as: kinetic energy t = 0.928836
	                                           effective interaction Vq = [      -4,-1.23016,-1.10402,-1.23016,-1.23016,-1.10402,-1.06162,-1.10402,-1.10402,-1.06162,-1.04104,-1.06162,-1.23016,-1.10402,-1.06162,-1.10402]
	PARPACK diagonalization completed after 30 matrix-vector product operations.
	iteration results: : total energy is -73.422097 | electron energy -73.527266 + phonon energy 0.105169 | electron momentum kIdx = 0
The 26-th iteration is completed.	|| time cost : 0h 0m 27.514s
********************************************************************************************************************
Start the 27 rounds of NGS-ED iteration
	effective electronic model is modified as: kinetic energy t = 0.928836
	                                           effective interaction Vq = [      -4,-1.23016,-1.10402,-1.23016,-1.23016,-1.10402,-1.06162,-1.10402,-1.10402,-1.06162,-1.04104,-1.06162,-1.23016,-1.10402,-1.06162,-1.10402]
	PARPACK diagonalization completed after 30 matrix-vector product operations.
	iteration results: : total energy is -73.422097 | electron energy -73.527266 + phonon energy 0.105169 | electron momentum kIdx = 0
The 27-th iteration is completed.	|| time cost : 0h 0m 27.433s
********************************************************************************************************************
Start the 28 rounds of NGS-ED iteration
	effective electronic model is modified as: kinetic energy t = 0.928836
	                                           effective interaction Vq = [      -4,-1.23016,-1.10402,-1.23016,-1.23016,-1.10402,-1.06162,-1.10402,-1.10402,-1.06162,-1.04104,-1.06162,-1.23016,-1.10402,-1.06162,-1.10402]
	PARPACK diagonalization completed after 30 matrix-vector product operations.
	iteration results: : total energy is -73.422097 | electron energy -73.527266 + phonon energy 0.105169 | electron momentum kIdx = 0
The 28-th iteration is completed.	|| time cost : 0h 0m 27.543s
********************************************************************************************************************
Start the 29 rounds of NGS-ED iteration
	effective electronic model is modified as: kinetic energy t = 0.928836
	                                           effective interaction Vq = [      -4,-1.23016,-1.10402,-1.23016,-1.23016,-1.10402,-1.06162,-1.10402,-1.10402,-1.06162,-1.04104,-1.06162,-1.23016,-1.10402,-1.06162,-1.10402]
	PARPACK diagonalization completed after 30 matrix-vector product operations.
	iteration results: : total energy is -73.422097 | electron energy -73.527266 + phonon energy 0.105169 | electron momentum kIdx = 0
The 29-th iteration is completed.	|| time cost : 0h 0m 27.456s
********************************************************************************************************************
Start the 30 rounds of NGS-ED iteration
	effective electronic model is modified as: kinetic energy t = 0.928836
	                                           effective interaction Vq = [      -4,-1.23016,-1.10402,-1.23016,-1.23016,-1.10402,-1.06162,-1.10402,-1.10402,-1.06162,-1.04104,-1.06162,-1.23016,-1.10402,-1.06162,-1.10402]
	PARPACK diagonalization completed after 30 matrix-vector product operations.
	iteration results: : total energy is -73.422097 | electron energy -73.527266 + phonon energy 0.105169 | electron momentum kIdx = 0
	Nq(0) = 16,	Nq(1) = 0.093657,	Nq(2) = 0.154532,	Nq(3) = 0.093657,	Nq(4) = 0.093657,	Nq(5) = 0.154532,	Nq(6) = 0.210149,	Nq(7) = 0.154532,	Nq(8) = 0.154532,	Nq(9) = 0.210149,	Nq(10) = 0.261441,	Nq(11) = 0.210149,	Nq(12) = 0.093657,	Nq(13) = 0.154532,	Nq(14) = 0.210149,	Nq(15) = 0.154532,	Sq(0) = -4.07029e-19,	Sq(1) = 0.423126,	Sq(2) = 0.635692,	Sq(3) = 0.423126,	Sq(4) = 0.423126,	Sq(5) = 0.635692,	Sq(6) = 0.883853,	Sq(7) = 0.635692,	Sq(8) = 0.635692,	Sq(9) = 0.883853,	Sq(10) = 4.55408,	Sq(11) = 0.883853,	Sq(12) = 0.423126,	Sq(13) = 0.635692,	Sq(14) = 0.883853,	Sq(15) = 0.635692,	N(0) = 1.84714,	N(1) = 1.68626,	N(2) = 1,	N(3) = 1.68626,	N(4) = 1.68626,	N(5) = 1,	N(6) = 0.313738,	N(7) = 1,	N(8) = 1,	N(9) = 0.313738,	N(10) = 0.152858,	N(11) = 0.313738,	N(12) = 1.68626,	N(13) = 1,	N(14) = 0.313738,	N(15) = 1,	Delta[s](0) = 0.116819,	Delta[s](1) = 0.0975322,	Delta[s](2) = 0.0766488,	Delta[s](3) = 0.0975322,	Delta[s](4) = 0.0975322,	Delta[s](5) = 0.0766488,	Delta[s](6) = 0.053901,	Delta[s](7) = 0.0766488,	Delta[s](8) = 0.0766488,	Delta[s](9) = 0.053901,	Delta[s](10) = 0.0194846,	Delta[s](11) = 0.053901,	Delta[s](12) = 0.0975322,	Delta[s](13) = 0.0766488,	Delta[s](14) = 0.053901,	Delta[s](15) = 0.0766488,	Delta[d](0) = 1.53344,	Delta[d](1) = 1.13991,	Delta[d](2) = 0.880111,	Delta[d](3) = 1.13991,	Delta[d](4) = 1.13991,	Delta[d](5) = 0.902735,	Delta[d](6) = 0.638741,	Delta[d](7) = 0.902735,	Delta[d](8) = 0.880111,	Delta[d](9) = 0.638741,	Delta[d](10) = 0.314875,	Delta[d](11) = 0.638741,	Delta[d](12) = 1.13991,	Delta[d](13) = 0.902735,	Delta[d](14) = 0.638741,	Delta[d](15) = 0.902735,	Delta[s+](0) = 1.62626,	Delta[s+](1) = 1.28474,	Delta[s+](2) = 0.880111,	Delta[s+](3) = 1.28474,	Delta[s+](4) = 1.28474,	Delta[s+](5) = 0.880111,	Delta[s+](6) = 0.487372,	Delta[s+](7) = 0.880111,	Delta[s+](8) = 0.880111,	Delta[s+](9) = 0.487372,	Delta[s+](10) = 0.15974,	Delta[s+](11) = 0.487372,	Delta[s+](12) = 1.28474,	Delta[s+](13) = 0.880111,	Delta[s+](14) = 0.487372,	Delta[s+](15) = 0.880111
The 30-th iteration is completed.	|| time cost : 0h 4m 25.226s
********************************************************************************************************************
Start the 31 rounds of NGS-ED iteration
	effective electronic model is modified as: kinetic energy t = 0.928836
	                                           effective interaction Vq = [      -4,-1.23016,-1.10402,-1.23016,-1.23016,-1.10402,-1.06162,-1.10402,-1.10402,-1.06162,-1.04104,-1.06162,-1.23016,-1.10402,-1.06162,-1.10402]
	PARPACK diagonalization completed after 30 matrix-vector product operations.
	iteration results: : total energy is -73.422097 | electron energy -73.527266 + phonon energy 0.105169 | electron momentum kIdx = 0
The 31-th iteration is completed.	|| time cost : 0h 0m 27.411s
********************************************************************************************************************
Start the 32 rounds of NGS-ED iteration
	effective electronic model is modified as: kinetic energy t = 0.928836
	                                           effective interaction Vq = [      -4,-1.23016,-1.10402,-1.23016,-1.23016,-1.10402,-1.06162,-1.10402,-1.10402,-1.06162,-1.04104,-1.06162,-1.23016,-1.10402,-1.06162,-1.10402]
	PARPACK diagonalization completed after 30 matrix-vector product operations.
	iteration results: : total energy is -73.422097 | electron energy -73.527266 + phonon energy 0.105169 | electron momentum kIdx = 0
The 32-th iteration is completed.	|| time cost : 0h 0m 27.482s
********************************************************************************************************************
Start the 33 rounds of NGS-ED iteration
	effective electronic model is modified as: kinetic energy t = 0.928836
	                                           effective interaction Vq = [      -4,-1.23016,-1.10402,-1.23016,-1.23016,-1.10402,-1.06162,-1.10402,-1.10402,-1.06162,-1.04104,-1.06162,-1.23016,-1.10402,-1.06162,-1.10402]
	PARPACK diagonalization completed after 30 matrix-vector product operations.
	iteration results: : total energy is -73.422097 | electron energy -73.527266 + phonon energy 0.105169 | electron momentum kIdx = 0
The 33-th iteration is completed.	|| time cost : 0h 0m 27.471s
********************************************************************************************************************
Start the 34 rounds of NGS-ED iteration
	effective electronic model is modified as: kinetic energy t = 0.928836
	                                           effective interaction Vq = [      -4,-1.23016,-1.10402,-1.23016,-1.23016,-1.10402,-1.06162,-1.10402,-1.10402,-1.06162,-1.04104,-1.06162,-1.23016,-1.10402,-1.06162,-1.10402]
	PARPACK diagonalization completed after 30 matrix-vector product operations.
	iteration results: : total energy is -73.422097 | electron energy -73.527266 + phonon energy 0.105168 | electron momentum kIdx = 0
The 34-th iteration is completed.	|| time cost : 0h 0m 27.469s
********************************************************************************************************************
Start the 35 rounds of NGS-ED iteration
	effective electronic model is modified as: kinetic energy t = 0.928836
	                                           effective interaction Vq = [      -4,-1.23016,-1.10402,-1.23016,-1.23016,-1.10402,-1.06162,-1.10402,-1.10402,-1.06162,-1.04104,-1.06162,-1.23016,-1.10402,-1.06162,-1.10402]
	PARPACK diagonalization completed after 30 matrix-vector product operations.
	iteration results: : total energy is -73.422097 | electron energy -73.527266 + phonon energy 0.105168 | electron momentum kIdx = 0
The 35-th iteration is completed.	|| time cost : 0h 0m 27.448s
********************************************************************************************************************
Start the 36 rounds of NGS-ED iteration
	effective electronic model is modified as: kinetic energy t = 0.928836
	                                           effective interaction Vq = [      -4,-1.23016,-1.10402,-1.23016,-1.23016,-1.10402,-1.06162,-1.10402,-1.10402,-1.06162,-1.04104,-1.06162,-1.23016,-1.10402,-1.06162,-1.10402]
	PARPACK diagonalization completed after 30 matrix-vector product operations.
	iteration results: : total energy is -73.422097 | electron energy -73.527266 + phonon energy 0.105168 | electron momentum kIdx = 0
The 36-th iteration is completed.	|| time cost : 0h 0m 27.504s
********************************************************************************************************************
Start the 37 rounds of NGS-ED iteration
	effective electronic model is modified as: kinetic energy t = 0.928836
	                                           effective interaction Vq = [      -4,-1.23016,-1.10402,-1.23016,-1.23016,-1.10402,-1.06162,-1.10402,-1.10402,-1.06162,-1.04104,-1.06162,-1.23016,-1.10402,-1.06162,-1.10402]
	PARPACK diagonalization completed after 30 matrix-vector product operations.
	iteration results: : total energy is -73.422097 | electron energy -73.527266 + phonon energy 0.105168 | electron momentum kIdx = 0
The 37-th iteration is completed.	|| time cost : 0h 0m 27.441s
********************************************************************************************************************
Start the 38 rounds of NGS-ED iteration
	effective electronic model is modified as: kinetic energy t = 0.928836
	                                           effective interaction Vq = [      -4,-1.23016,-1.10402,-1.23016,-1.23016,-1.10402,-1.06162,-1.10402,-1.10402,-1.06162,-1.04104,-1.06162,-1.23016,-1.10402,-1.06162,-1.10402]
	PARPACK diagonalization completed after 30 matrix-vector product operations.
	iteration results: : total energy is -73.422097 | electron energy -73.527266 + phonon energy 0.105168 | electron momentum kIdx = 0
The 38-th iteration is completed.	|| time cost : 0h 0m 27.522s
********************************************************************************************************************
Start the 39 rounds of NGS-ED iteration
	effective electronic model is modified as: kinetic energy t = 0.928836
	                                           effective interaction Vq = [      -4,-1.23016,-1.10402,-1.23016,-1.23016,-1.10402,-1.06162,-1.10402,-1.10402,-1.06162,-1.04104,-1.06162,-1.23016,-1.10402,-1.06162,-1.10402]
	PARPACK diagonalization completed after 30 matrix-vector product operations.
