SNEDics v3.4 Non-Gaussian ED ground state program		Start at Tue Oct  1 21:21:58 2019

parallized on 16 MPI threads  * 8 OpenMP threads = 128 total threads.
********************************************************************************************************************
********************************************************************************************************************

********************************************************************************************************************
System parameters and configurations
********************************************************************************************************************
Special program options are enabled: splitted diagonal Hamiltonian
********************************************************************************************************************
Read input file "model_params.in"
	Hubbard-Holstein model parameters : 	t = 1    U = 3.6    g = 4    W = 5    
********************************************************************************************************************
Read input file "hilbertspace_params.in"
	Requested 16-site 2D lattice, with 16 electrons (8, 8)
	Boundary : Periodic		Hilbert space representation : momentum-space (restricted to kIdx = 10)
	Conservation: particle number[U(1)]      spin[U(1)]     momentum
********************************************************************************************************************

Cluster Positions:				Cluster symmetry group : D4
 x ... x ... x ... x .....                       x ... x ... x ... x .....
 |           |           :                       |           |           :
 |           |           :                       |           |           :
12    13    14    15     x                       1     5     6     5     x
 |           |           :                       |           |           :
 |           |           :                       |           |           :
 8 --- 9 ---10 ---11 --- x                       2 --- 6 ---10 --- 6 --- x
 |           |           :                       |           |           :
 |           |           :                       |           |           :
 4     5     6     7     x                       1     5     6     5     x
 |           |           :                       |           |           :
 |           |           :                       |           |           :
 0 --- 1 --- 2 --- 3 --- x                       0 --- 1 --- 2 --- 1 --- x
orbital number : 1
********************************************************************************************************************
Read input file "obs_params.in"
	Observable Type : Nq(All),   Sq(All),   N(All),   Delta[s](All),   Delta[d](All),   Delta[s+](All)
********************************************************************************************************************
** WARNING ** the input observables have non-local factors which have been reinterpreted. The total observable number is 96
********************************************************************************************************************


********************************************************************************************************************
Start calculating the non-Gaussian ED ground state
** WARNING ** Detected low phonon energy W < 10. The initial state will be prepared through a warm-up process.
********************************************************************************************************************
Start warm-up calculation for scaling factor 2
open output files: NGSEDWarmUpW10Obs.txt
********************************************************************************************************************
Start the 0 rounds of NGS-ED iteration
	effective electronic model is modified as: kinetic energy t = 1
	                                           effective interaction Vq = [-0,-0,-0,-0,-0,-0,-0,-0,-0,-0,-0,-0,-0,-0,-0,-0]
	first Hamiltonian is constructed, non-zero numbers = 2845334624
	PARPACK diagonalization completed after 90 matrix-vector product operations.
	iteration results: : total energy is -14.256866 | electron energy -14.256866 + phonon energy 0.000000 | electron momentum kIdx = 10
	Nq(0) = 16,	Nq(1) = 0.181003,	Nq(2) = 0.252876,	Nq(3) = 0.181003,	Nq(4) = 0.181003,	Nq(5) = 0.252876,	Nq(6) = 0.347747,	Nq(7) = 0.252876,	Nq(8) = 0.252876,	Nq(9) = 0.347747,	Nq(10) = 0.413181,	Nq(11) = 0.347747,	Nq(12) = 0.181003,	Nq(13) = 0.252876,	Nq(14) = 0.347747,	Nq(15) = 0.252876,	Sq(0) = -6.52295e-18,	Sq(1) = 0.327112,	Sq(2) = 0.423921,	Sq(3) = 0.327112,	Sq(4) = 0.327112,	Sq(5) = 0.423921,	Sq(6) = 0.64488,	Sq(7) = 0.423921,	Sq(8) = 0.423921,	Sq(9) = 0.64488,	Sq(10) = 5.52307,	Sq(11) = 0.64488,	Sq(12) = 0.327112,	Sq(13) = 0.423921,	Sq(14) = 0.64488,	Sq(15) = 0.423921,	N(0) = 1.94439,	N(1) = 1.87397,	N(2) = 1,	N(3) = 1.87397,	N(4) = 1.87397,	N(5) = 1,	N(6) = 0.126029,	N(7) = 1,	N(8) = 1,	N(9) = 0.126029,	N(10) = 0.0556109,	N(11) = 0.126029,	N(12) = 1.87397,	N(13) = 1,	N(14) = 0.126029,	N(15) = 1,	Delta[s](0) = 0.183699,	Delta[s](1) = 0.160235,	Delta[s](2) = 0.126464,	Delta[s](3) = 0.160235,	Delta[s](4) = 0.160235,	Delta[s](5) = 0.126464,	Delta[s](6) = 0.100682,	Delta[s](7) = 0.126464,	Delta[s](8) = 0.126464,	Delta[s](9) = 0.100682,	Delta[s](10) = 0.0365657,	Delta[s](11) = 0.100682,	Delta[s](12) = 0.160235,	Delta[s](13) = 0.126464,	Delta[s](14) = 0.100682,	Delta[s](15) = 0.126464,	Delta[d](0) = 0.510811,	Delta[d](1) = 0.373815,	Delta[d](2) = 0.319191,	Delta[d](3) = 0.373815,	Delta[d](4) = 0.373815,	Delta[d](5) = 0.371949,	Delta[d](6) = 0.298289,	Delta[d](7) = 0.371949,	Delta[d](8) = 0.319191,	Delta[d](9) = 0.298289,	Delta[d](10) = 0.243142,	Delta[d](11) = 0.298289,	Delta[d](12) = 0.373815,	Delta[d](13) = 0.371949,	Delta[d](14) = 0.298289,	Delta[d](15) = 0.371949,	Delta[s+](0) = 0.57742,	Delta[s+](1) = 0.473415,	Delta[s+](2) = 0.319191,	Delta[s+](3) = 0.473415,	Delta[s+](4) = 0.473415,	Delta[s+](5) = 0.319191,	Delta[s+](6) = 0.17052,	Delta[s+](7) = 0.319191,	Delta[s+](8) = 0.319191,	Delta[s+](9) = 0.17052,	Delta[s+](10) = 0.0566077,	Delta[s+](11) = 0.17052,	Delta[s+](12) = 0.473415,	Delta[s+](13) = 0.319191,	Delta[s+](14) = 0.17052,	Delta[s+](15) = 0.319191
The 0-th iteration is completed.	|| time cost : 0h 8m 36.845s
********************************************************************************************************************
Start the 1 rounds of NGS-ED iteration
	effective electronic model is modified as: kinetic energy t = 0.918953
	                                           effective interaction Vq = [-2.76693, -2.5503,-2.46011, -2.5503, -2.5503,-2.46011,-2.43511,-2.46011,-2.46011,-2.43511,-2.39764,-2.43511, -2.5503,-2.46011,-2.43511,-2.46011]
	PARPACK diagonalization completed after 165 matrix-vector product operations.
	iteration results: : total energy is -72.656626 | electron energy -72.663353 + phonon energy 0.006727 | electron momentum kIdx = 10
The 1-th iteration is completed.	|| time cost : 0h 8m 3.757s
********************************************************************************************************************
Start the 2 rounds of NGS-ED iteration
	effective electronic model is modified as: kinetic energy t = 0.845626
	                                           effective interaction Vq = [-3.14139,-3.02692,-3.00098,-3.02692,-3.02692,-3.00098,-2.93266,-3.00098,-3.00098,-2.93266,-3.00889,-2.93266,-3.02692,-3.00098,-2.93266,-3.00098]
	PARPACK diagonalization completed after 45 matrix-vector product operations.
	iteration results: : total energy is -82.767156 | electron energy -82.821667 + phonon energy 0.054510 | electron momentum kIdx = 10
The 2-th iteration is completed.	|| time cost : 0h 0m 31.983s
********************************************************************************************************************
Start the 3 rounds of NGS-ED iteration
	effective electronic model is modified as: kinetic energy t = 0.824963
	                                           effective interaction Vq = [-3.19207,-3.10611,-3.04095,-3.10611,-3.10611,-3.04095,-3.02979,-3.04095,-3.04095,-3.02979,-3.16399,-3.02979,-3.10611,-3.04095,-3.02979,-3.04095]
	PARPACK diagonalization completed after 45 matrix-vector product operations.
	iteration results: : total energy is -84.400010 | electron energy -84.487986 + phonon energy 0.087977 | electron momentum kIdx = 10
The 3-th iteration is completed.	|| time cost : 0h 0m 32s
********************************************************************************************************************
Start the 4 rounds of NGS-ED iteration
	effective electronic model is modified as: kinetic energy t = 0.822679
	                                           effective interaction Vq = [-3.19893,-3.11083,-3.02992,-3.11083,-3.11083,-3.02992,-3.03766,-3.02992,-3.02992,-3.03766,-3.19049,-3.03766,-3.11083,-3.02992,-3.03766,-3.02992]
	PARPACK diagonalization completed after 30 matrix-vector product operations.
	iteration results: : total energy is -84.624837 | electron energy -84.721694 + phonon energy 0.096857 | electron momentum kIdx = 10
The 4-th iteration is completed.	|| time cost : 0h 0m 27.605s
********************************************************************************************************************
Start the 5 rounds of NGS-ED iteration
	effective electronic model is modified as: kinetic energy t = 0.823139
	                                           effective interaction Vq = [-3.19985,-3.10729,-3.02112,-3.10729,-3.10729,-3.02112,-3.03422,-3.02112,-3.02112,-3.03422,-3.19568,-3.03422,-3.10729,-3.02112,-3.03422,-3.02112]
	PARPACK diagonalization completed after 30 matrix-vector product operations.
	iteration results: : total energy is -84.654293 | electron energy -84.752849 + phonon energy 0.098555 | electron momentum kIdx = 10
The 5-th iteration is completed.	|| time cost : 0h 0m 27.587s
********************************************************************************************************************
Start the 6 rounds of NGS-ED iteration
	effective electronic model is modified as: kinetic energy t = 0.823715
	                                           effective interaction Vq = [-3.19998,-3.10433,-3.01642,-3.10433,-3.10433,-3.01642,-3.03095,-3.01642,-3.01642,-3.03095,-3.19697,-3.03095,-3.10433,-3.01642,-3.03095,-3.01642]
	PARPACK diagonalization completed after 30 matrix-vector product operations.
	iteration results: : total energy is -84.658194 | electron energy -84.756841 + phonon energy 0.098647 | electron momentum kIdx = 10
The 6-th iteration is completed.	|| time cost : 0h 0m 27.304s
********************************************************************************************************************
Start the 7 rounds of NGS-ED iteration
	effective electronic model is modified as: kinetic energy t = 0.82409
	                                           effective interaction Vq = [    -3.2,-3.10258, -3.0141,-3.10258,-3.10258, -3.0141,-3.02893, -3.0141, -3.0141,-3.02893,-3.19735,-3.02893,-3.10258, -3.0141,-3.02893, -3.0141]
	PARPACK diagonalization completed after 30 matrix-vector product operations.
	iteration results: : total energy is -84.658738 | electron energy -84.757189 + phonon energy 0.098451 | electron momentum kIdx = 10
The 7-th iteration is completed.	|| time cost : 0h 0m 27.589s
********************************************************************************************************************
Start the 8 rounds of NGS-ED iteration
	effective electronic model is modified as: kinetic energy t = 0.8243
	                                           effective interaction Vq = [    -3.2,-3.10164,-3.01297,-3.10164,-3.10164,-3.01297,-3.02782,-3.01297,-3.01297,-3.02782,-3.19748,-3.02782,-3.10164,-3.01297,-3.02782,-3.01297]
	PARPACK diagonalization completed after 30 matrix-vector product operations.
	iteration results: : total energy is -84.658820 | electron energy -84.757096 + phonon energy 0.098275 | electron momentum kIdx = 10
The 8-th iteration is completed.	|| time cost : 0h 0m 27.247s
********************************************************************************************************************
Start the 9 rounds of NGS-ED iteration
	effective electronic model is modified as: kinetic energy t = 0.824411
	                                           effective interaction Vq = [    -3.2,-3.10115,-3.01242,-3.10115,-3.10115,-3.01242,-3.02724,-3.01242,-3.01242,-3.02724,-3.19752,-3.02724,-3.10115,-3.01242,-3.02724,-3.01242]
	PARPACK diagonalization completed after 30 matrix-vector product operations.
	iteration results: : total energy is -84.658834 | electron energy -84.756998 + phonon energy 0.098163 | electron momentum kIdx = 10
	Nq(0) = 16,	Nq(1) = 0.252444,	Nq(2) = 0.332071,	Nq(3) = 0.252444,	Nq(4) = 0.252444,	Nq(5) = 0.332071,	Nq(6) = 0.515275,	Nq(7) = 0.332071,	Nq(8) = 0.332071,	Nq(9) = 0.515275,	Nq(10) = 6.88924,	Nq(11) = 0.515275,	Nq(12) = 0.252444,	Nq(13) = 0.332071,	Nq(14) = 0.515275,	Nq(15) = 0.332071,	Sq(0) = -1.61539e-18,	Sq(1) = 0.177649,	Sq(2) = 0.252682,	Sq(3) = 0.177649,	Sq(4) = 0.177649,	Sq(5) = 0.252682,	Sq(6) = 0.350157,	Sq(7) = 0.252682,	Sq(8) = 0.252682,	Sq(9) = 0.350157,	Sq(10) = 0.42014,	Sq(11) = 0.350157,	Sq(12) = 0.177649,	Sq(13) = 0.252682,	Sq(14) = 0.350157,	Sq(15) = 0.252682,	N(0) = 1.94767,	N(1) = 1.86577,	N(2) = 1,	N(3) = 1.86577,	N(4) = 1.86577,	N(5) = 1,	N(6) = 0.134234,	N(7) = 1,	N(8) = 1,	N(9) = 0.134234,	N(10) = 0.052326,	N(11) = 0.134234,	N(12) = 1.86577,	N(13) = 1,	N(14) = 0.134234,	N(15) = 1,	Delta[s](0) = 0.540538,	Delta[s](1) = 0.403753,	Delta[s](2) = 0.37394,	Delta[s](3) = 0.403753,	Delta[s](4) = 0.403753,	Delta[s](5) = 0.37394,	Delta[s](6) = 0.323892,	Delta[s](7) = 0.37394,	Delta[s](8) = 0.37394,	Delta[s](9) = 0.323892,	Delta[s](10) = 0.281511,	Delta[s](11) = 0.323892,	Delta[s](12) = 0.403753,	Delta[s](13) = 0.37394,	Delta[s](14) = 0.323892,	Delta[s](15) = 0.37394,	Delta[d](0) = 0.184277,	Delta[d](1) = 0.167598,	Delta[d](2) = 0.177005,	Delta[d](3) = 0.167598,	Delta[d](4) = 0.167598,	Delta[d](5) = 0.117724,	Delta[d](6) = 0.133439,	Delta[d](7) = 0.117724,	Delta[d](8) = 0.177005,	Delta[d](9) = 0.133439,	Delta[d](10) = 0.0512813,	Delta[d](11) = 0.133439,	Delta[d](12) = 0.167598,	Delta[d](13) = 0.117724,	Delta[d](14) = 0.133439,	Delta[d](15) = 0.117724,	Delta[s+](0) = 0.343432,	Delta[s+](1) = 0.273069,	Delta[s+](2) = 0.177005,	Delta[s+](3) = 0.273069,	Delta[s+](4) = 0.273069,	Delta[s+](5) = 0.177005,	Delta[s+](6) = 0.0786691,	Delta[s+](7) = 0.177005,	Delta[s+](8) = 0.177005,	Delta[s+](9) = 0.0786691,	Delta[s+](10) = 0.0296224,	Delta[s+](11) = 0.0786691,	Delta[s+](12) = 0.273069,	Delta[s+](13) = 0.177005,	Delta[s+](14) = 0.0786691,	Delta[s+](15) = 0.177005
The 9-th iteration is completed.	|| time cost : 0h 4m 21.827s
********************************************************************************************************************
********************************************************************************************************************
Ground state is obtained after 10 iterations. The current ground-state energy is -84.6588, in which electron energy is -84.757 and phonon energy is 0.0981634
final variational state is: 
	Gamma_x = [      1,1.02372, 1.0398,1.02372,1.02372, 1.0398,1.06062, 1.0398, 1.0398,1.06062,1.12572,1.06062,1.02372, 1.0398,1.06062, 1.0398]
	lambda_q = [ 0.56566,0.466141,0.428629,0.466141,0.466141,0.428629,0.434136,0.428629,0.428629,0.434136,0.549997,0.434136,0.466141,0.428629,0.434136,0.428629]
********************************************************************************************************************
o___o  ----------------------------------------
| L |	Time since last clock: 0h 0m 0s
A===A	Time since the beginning: 0h 24m 23.749s
***********************************************


********************************************************************************************************************
Warm up runs have been completed. Start calculating W = 5 phonon.
open output files: NGSEDIterationObs.txt
********************************************************************************************************************
Start the 0 rounds of NGS-ED iteration
	effective electronic model is modified as: kinetic energy t = 0.824467
	                                           effective interaction Vq = [-2.92542,-2.64269,-2.51042,-2.64269,-2.64269,-2.51042,-2.53072,-2.51042,-2.51042,-2.53072,-2.88749,-2.53072,-2.64269,-2.51042,-2.53072,-2.51042]
	PARPACK diagonalization completed after 30 matrix-vector product operations.
	iteration results: : total energy is -75.789906 | electron energy -75.838956 + phonon energy 0.049050 | electron momentum kIdx = 10
	Nq(0) = 16,	Nq(1) = 0.233785,	Nq(2) = 0.310204,	Nq(3) = 0.233785,	Nq(4) = 0.233785,	Nq(5) = 0.310204,	Nq(6) = 0.470793,	Nq(7) = 0.310204,	Nq(8) = 0.310204,	Nq(9) = 0.470793,	Nq(10) = 6.91131,	Nq(11) = 0.470793,	Nq(12) = 0.233785,	Nq(13) = 0.310204,	Nq(14) = 0.470793,	Nq(15) = 0.310204,	Sq(0) = -1.38317e-18,	Sq(1) = 0.194625,	Sq(2) = 0.271771,	Sq(3) = 0.194625,	Sq(4) = 0.194625,	Sq(5) = 0.271771,	Sq(6) = 0.384739,	Sq(7) = 0.271771,	Sq(8) = 0.271771,	Sq(9) = 0.384739,	Sq(10) = 0.461069,	Sq(11) = 0.384739,	Sq(12) = 0.194625,	Sq(13) = 0.271771,	Sq(14) = 0.384739,	Sq(15) = 0.271771,	N(0) = 1.96106,	N(1) = 1.88625,	N(2) = 1,	N(3) = 1.88625,	N(4) = 1.88625,	N(5) = 1,	N(6) = 0.11375,	N(7) = 1,	N(8) = 1,	N(9) = 0.11375,	N(10) = 0.0389416,	N(11) = 0.11375,	N(12) = 1.88625,	N(13) = 1,	N(14) = 0.11375,	N(15) = 1,	Delta[s](0) = 0.46178,	Delta[s](1) = 0.385903,	Delta[s](2) = 0.364236,	Delta[s](3) = 0.385903,	Delta[s](4) = 0.385903,	Delta[s](5) = 0.364236,	Delta[s](6) = 0.326302,	Delta[s](7) = 0.364236,	Delta[s](8) = 0.364236,	Delta[s](9) = 0.326302,	Delta[s](10) = 0.299412,	Delta[s](11) = 0.326302,	Delta[s](12) = 0.385903,	Delta[s](13) = 0.364236,	Delta[s](14) = 0.326302,	Delta[s](15) = 0.364236,	Delta[d](0) = 0.186672,	Delta[d](1) = 0.172109,	Delta[d](2) = 0.185297,	Delta[d](3) = 0.172109,	Delta[d](4) = 0.172109,	Delta[d](5) = 0.119174,	Delta[d](6) = 0.136186,	Delta[d](7) = 0.119174,	Delta[d](8) = 0.185297,	Delta[d](9) = 0.136186,	Delta[d](10) = 0.0515607,	Delta[d](11) = 0.136186,	Delta[d](12) = 0.172109,	Delta[d](13) = 0.119174,	Delta[d](14) = 0.136186,	Delta[d](15) = 0.119174,	Delta[s+](0) = 0.373723,	Delta[s+](1) = 0.28951,	Delta[s+](2) = 0.185297,	Delta[s+](3) = 0.28951,	Delta[s+](4) = 0.28951,	Delta[s+](5) = 0.185297,	Delta[s+](6) = 0.0804141,	Delta[s+](7) = 0.185297,	Delta[s+](8) = 0.185297,	Delta[s+](9) = 0.0804141,	Delta[s+](10) = 0.0299881,	Delta[s+](11) = 0.0804141,	Delta[s+](12) = 0.28951,	Delta[s+](13) = 0.185297,	Delta[s+](14) = 0.0804141,	Delta[s+](15) = 0.185297
The 0-th iteration is completed.	|| time cost : 0h 4m 21.804s
********************************************************************************************************************
Start the 1 rounds of NGS-ED iteration
	effective electronic model is modified as: kinetic energy t = 0.802669
	                                           effective interaction Vq = [-3.09899,-2.77904,-2.61309,-2.77904,-2.77904,-2.61309,-2.63701,-2.61309,-2.61309,-2.63701,-3.08347,-2.63701,-2.77904,-2.61309,-2.63701,-2.61309]
	PARPACK diagonalization completed after 30 matrix-vector product operations.
	iteration results: : total energy is -79.966674 | electron energy -80.119220 + phonon energy 0.152546 | electron momentum kIdx = 10
The 1-th iteration is completed.	|| time cost : 0h 0m 27.315s
********************************************************************************************************************
Start the 2 rounds of NGS-ED iteration
	effective electronic model is modified as: kinetic energy t = 0.796167
	                                           effective interaction Vq = [-3.16284,-2.79938,-2.63386,-2.79938,-2.79938,-2.63386,-2.65246,-2.63386,-2.63386,-2.65246,-3.15667,-2.65246,-2.79938,-2.63386,-2.65246,-2.63386]
	PARPACK diagonalization completed after 30 matrix-vector product operations.
	iteration results: : total energy is -81.499547 | electron energy -81.709176 + phonon energy 0.209629 | electron momentum kIdx = 10
The 2-th iteration is completed.	|| time cost : 0h 0m 27.642s
********************************************************************************************************************
Start the 3 rounds of NGS-ED iteration
	effective electronic model is modified as: kinetic energy t = 0.795988
	                                           effective interaction Vq = [-3.18633, -2.7844,-2.62584, -2.7844, -2.7844,-2.62584, -2.6384,-2.62584,-2.62584, -2.6384,-3.18215, -2.6384, -2.7844,-2.62584, -2.6384,-2.62584]
	PARPACK diagonalization completed after 30 matrix-vector product operations.
	iteration results: : total energy is -82.038120 | electron energy -82.271177 + phonon energy 0.233057 | electron momentum kIdx = 10
The 3-th iteration is completed.	|| time cost : 0h 0m 27.562s
********************************************************************************************************************
Start the 4 rounds of NGS-ED iteration
	effective electronic model is modified as: kinetic energy t = 0.797592
	                                           effective interaction Vq = [-3.19497,-2.76371,-2.61176,-2.76371,-2.76371,-2.61176,-2.61947,-2.61176,-2.61176,-2.61947,-3.19121,-2.61947,-2.76371,-2.61176,-2.61947,-2.61176]
	PARPACK diagonalization completed after 30 matrix-vector product operations.
	iteration results: : total energy is -82.225053 | electron energy -82.466358 + phonon energy 0.241305 | electron momentum kIdx = 10
The 4-th iteration is completed.	|| time cost : 0h 0m 27.602s
********************************************************************************************************************
Start the 5 rounds of NGS-ED iteration
	effective electronic model is modified as: kinetic energy t = 0.799371
	                                           effective interaction Vq = [-3.19815,-2.74587,-2.59883,-2.74587,-2.74587,-2.59883,-2.60298,-2.59883,-2.59883,-2.60298,-3.19468,-2.60298,-2.74587,-2.59883,-2.60298,-2.59883]
	PARPACK diagonalization completed after 30 matrix-vector product operations.
	iteration results: : total energy is -82.290334 | electron energy -82.533661 + phonon energy 0.243327 | electron momentum kIdx = 10
The 5-th iteration is completed.	|| time cost : 0h 0m 27.277s
********************************************************************************************************************
Start the 6 rounds of NGS-ED iteration
	effective electronic model is modified as: kinetic energy t = 0.800869
	                                           effective interaction Vq = [-3.19932,-2.73233,-2.58868,-2.73233,-2.73233,-2.58868,-2.59029,-2.58868,-2.58868,-2.59029,-3.19614,-2.59029,-2.73233,-2.58868,-2.59029,-2.58868]
	PARPACK diagonalization completed after 30 matrix-vector product operations.
	iteration results: : total energy is -82.313451 | electron energy -82.556404 + phonon energy 0.242953 | electron momentum kIdx = 10
The 6-th iteration is completed.	|| time cost : 0h 0m 27.598s
********************************************************************************************************************
Start the 7 rounds of NGS-ED iteration
	effective electronic model is modified as: kinetic energy t = 0.802014
	                                           effective interaction Vq = [-3.19975, -2.7226,-2.58117, -2.7226, -2.7226,-2.58117,  -2.581,-2.58117,-2.58117,  -2.581, -3.1968,  -2.581, -2.7226,-2.58117,  -2.581,-2.58117]
	PARPACK diagonalization completed after 30 matrix-vector product operations.
	iteration results: : total energy is -82.321768 | electron energy -82.563589 + phonon energy 0.241821 | electron momentum kIdx = 10
The 7-th iteration is completed.	|| time cost : 0h 0m 27.634s
********************************************************************************************************************
Start the 8 rounds of NGS-ED iteration
	effective electronic model is modified as: kinetic energy t = 0.802851
	                                           effective interaction Vq = [-3.19991,-2.71577, -2.5758,-2.71577,-2.71577, -2.5758, -2.5744, -2.5758, -2.5758, -2.5744,-3.19711, -2.5744,-2.71577, -2.5758, -2.5744, -2.5758]
	PARPACK diagonalization completed after 30 matrix-vector product operations.
	iteration results: : total energy is -82.324804 | electron energy -82.565414 + phonon energy 0.240610 | electron momentum kIdx = 10
The 8-th iteration is completed.	|| time cost : 0h 0m 27.308s
********************************************************************************************************************
Start the 9 rounds of NGS-ED iteration
	effective electronic model is modified as: kinetic energy t = 0.803446
	                                           effective interaction Vq = [-3.19997,-2.71104,-2.57203,-2.71104,-2.71104,-2.57203,-2.56978,-2.57203,-2.57203,-2.56978,-3.19727,-2.56978,-2.71104,-2.57203,-2.56978,-2.57203]
	PARPACK diagonalization completed after 30 matrix-vector product operations.
	iteration results: : total energy is -82.325928 | electron energy -82.565493 + phonon energy 0.239565 | electron momentum kIdx = 10
The 9-th iteration is completed.	|| time cost : 0h 0m 27.295s
********************************************************************************************************************
Start the 10 rounds of NGS-ED iteration
	effective electronic model is modified as: kinetic energy t = 0.803864
	                                           effective interaction Vq = [-3.19999, -2.7078,-2.56941, -2.7078, -2.7078,-2.56941,-2.56657,-2.56941,-2.56941,-2.56657,-3.19735,-2.56657, -2.7078,-2.56941,-2.56657,-2.56941]
	PARPACK diagonalization completed after 30 matrix-vector product operations.
	iteration results: : total energy is -82.326349 | electron energy -82.565093 + phonon energy 0.238744 | electron momentum kIdx = 10
	Nq(0) = 16,	Nq(1) = 0.142544,	Nq(2) = 0.224692,	Nq(3) = 0.142544,	Nq(4) = 0.142544,	Nq(5) = 0.224692,	Nq(6) = 0.324888,	Nq(7) = 0.224692,	Nq(8) = 0.224692,	Nq(9) = 0.324888,	Nq(10) = 9.54871,	Nq(11) = 0.324888,	Nq(12) = 0.142544,	Nq(13) = 0.224692,	Nq(14) = 0.324888,	Nq(15) = 0.224692,	Sq(0) = -2.03519e-18,	Sq(1) = 0.128659,	Sq(2) = 0.203877,	Sq(3) = 0.128659,	Sq(4) = 0.128659,	Sq(5) = 0.203877,	Sq(6) = 0.284999,	Sq(7) = 0.203877,	Sq(8) = 0.203877,	Sq(9) = 0.284999,	Sq(10) = 0.355517,	Sq(11) = 0.284999,	Sq(12) = 0.128659,	Sq(13) = 0.203877,	Sq(14) = 0.284999,	Sq(15) = 0.203877,	N(0) = 1.9074,	N(1) = 1.74918,	N(2) = 1,	N(3) = 1.74918,	N(4) = 1.74918,	N(5) = 1,	N(6) = 0.250815,	N(7) = 1,	N(8) = 1,	N(9) = 0.250815,	N(10) = 0.0925988,	N(11) = 0.250815,	N(12) = 1.74918,	N(13) = 1,	N(14) = 0.250815,	N(15) = 1,	Delta[s](0) = 0.467609,	Delta[s](1) = 0.421488,	Delta[s](2) = 0.398532,	Delta[s](3) = 0.421488,	Delta[s](4) = 0.421488,	Delta[s](5) = 0.398532,	Delta[s](6) = 0.372379,	Delta[s](7) = 0.398532,	Delta[s](8) = 0.398532,	Delta[s](9) = 0.372379,	Delta[s](10) = 0.349026,	Delta[s](11) = 0.372379,	Delta[s](12) = 0.421488,	Delta[s](13) = 0.398532,	Delta[s](14) = 0.372379,	Delta[s](15) = 0.398532,	Delta[d](0) = 0.13565,	Delta[d](1) = 0.12136,	Delta[d](2) = 0.143138,	Delta[d](3) = 0.12136,	Delta[d](4) = 0.12136,	Delta[d](5) = 0.0844928,	Delta[d](6) = 0.090905,	Delta[d](7) = 0.0844928,	Delta[d](8) = 0.143138,	Delta[d](9) = 0.090905,	Delta[d](10) = 0.0332032,	Delta[d](11) = 0.090905,	Delta[d](12) = 0.12136,	Delta[d](13) = 0.0844928,	Delta[d](14) = 0.090905,	Delta[d](15) = 0.0844928,	Delta[s+](0) = 0.312981,	Delta[s+](1) = 0.23289,	Delta[s+](2) = 0.143138,	Delta[s+](3) = 0.23289,	Delta[s+](4) = 0.23289,	Delta[s+](5) = 0.143138,	Delta[s+](6) = 0.0578023,	Delta[s+](7) = 0.143138,	Delta[s+](8) = 0.143138,	Delta[s+](9) = 0.0578023,	Delta[s+](10) = 0.0211228,	Delta[s+](11) = 0.0578023,	Delta[s+](12) = 0.23289,	Delta[s+](13) = 0.143138,	Delta[s+](14) = 0.0578023,	Delta[s+](15) = 0.143138
The 10-th iteration is completed.	|| time cost : 0h 4m 21.953s
********************************************************************************************************************
Start the 11 rounds of NGS-ED iteration
	effective electronic model is modified as: kinetic energy t = 0.804153
	                                           effective interaction Vq = [    -3.2,-2.70558, -2.5676,-2.70558,-2.70558, -2.5676,-2.56437, -2.5676, -2.5676,-2.56437,-3.19739,-2.56437,-2.70558, -2.5676,-2.56437, -2.5676]
	PARPACK diagonalization completed after 30 matrix-vector product operations.
	iteration results: : total energy is -82.326508 | electron energy -82.564640 + phonon energy 0.238132 | electron momentum kIdx = 10
The 11-th iteration is completed.	|| time cost : 0h 0m 27.727s
********************************************************************************************************************
Start the 12 rounds of NGS-ED iteration
	effective electronic model is modified as: kinetic energy t = 0.804353
	                                           effective interaction Vq = [    -3.2,-2.70408,-2.56636,-2.70408,-2.70408,-2.56636,-2.56286,-2.56636,-2.56636,-2.56286,-3.19742,-2.56286,-2.70408,-2.56636,-2.56286,-2.56636]
	PARPACK diagonalization completed after 30 matrix-vector product operations.
	iteration results: : total energy is -82.326569 | electron energy -82.564259 + phonon energy 0.237690 | electron momentum kIdx = 10
The 12-th iteration is completed.	|| time cost : 0h 0m 27.589s
********************************************************************************************************************
Start the 13 rounds of NGS-ED iteration
	effective electronic model is modified as: kinetic energy t = 0.804489
	                                           effective interaction Vq = [    -3.2,-2.70306,-2.56552,-2.70306,-2.70306,-2.56552,-2.56183,-2.56552,-2.56552,-2.56183,-3.19743,-2.56183,-2.70306,-2.56552,-2.56183,-2.56552]
	PARPACK diagonalization completed after 30 matrix-vector product operations.
	iteration results: : total energy is -82.326593 | electron energy -82.563969 + phonon energy 0.237376 | electron momentum kIdx = 10
The 13-th iteration is completed.	|| time cost : 0h 0m 27.293s
********************************************************************************************************************
Start the 14 rounds of NGS-ED iteration
	effective electronic model is modified as: kinetic energy t = 0.804582
	                                           effective interaction Vq = [    -3.2,-2.70236,-2.56494,-2.70236,-2.70236,-2.56494,-2.56112,-2.56494,-2.56494,-2.56112,-3.19744,-2.56112,-2.70236,-2.56494,-2.56112,-2.56494]
	PARPACK diagonalization completed after 30 matrix-vector product operations.
	iteration results: : total energy is -82.326602 | electron energy -82.563759 + phonon energy 0.237157 | electron momentum kIdx = 10
The 14-th iteration is completed.	|| time cost : 0h 0m 27.311s
********************************************************************************************************************
Start the 15 rounds of NGS-ED iteration
	effective electronic model is modified as: kinetic energy t = 0.804646
	                                           effective interaction Vq = [    -3.2,-2.70189,-2.56455,-2.70189,-2.70189,-2.56455,-2.56065,-2.56455,-2.56455,-2.56065,-3.19744,-2.56065,-2.70189,-2.56455,-2.56065,-2.56455]
	PARPACK diagonalization completed after 30 matrix-vector product operations.
	iteration results: : total energy is -82.326606 | electron energy -82.563611 + phonon energy 0.237005 | electron momentum kIdx = 10
The 15-th iteration is completed.	|| time cost : 0h 0m 27.626s
********************************************************************************************************************
Start the 16 rounds of NGS-ED iteration
	effective electronic model is modified as: kinetic energy t = 0.804689
	                                           effective interaction Vq = [    -3.2,-2.70158,-2.56429,-2.70158,-2.70158,-2.56429,-2.56033,-2.56429,-2.56429,-2.56033,-3.19744,-2.56033,-2.70158,-2.56429,-2.56033,-2.56429]
	PARPACK diagonalization completed after 30 matrix-vector product operations.
	iteration results: : total energy is -82.326607 | electron energy -82.563508 + phonon energy 0.236901 | electron momentum kIdx = 10
The 16-th iteration is completed.	|| time cost : 0h 0m 27.624s
********************************************************************************************************************
Start the 17 rounds of NGS-ED iteration
	effective electronic model is modified as: kinetic energy t = 0.804718
	                                           effective interaction Vq = [    -3.2,-2.70136,-2.56411,-2.70136,-2.70136,-2.56411,-2.56011,-2.56411,-2.56411,-2.56011,-3.19745,-2.56011,-2.70136,-2.56411,-2.56011,-2.56411]
	PARPACK diagonalization completed after 30 matrix-vector product operations.
	iteration results: : total energy is -82.326608 | electron energy -82.563437 + phonon energy 0.236830 | electron momentum kIdx = 10
The 17-th iteration is completed.	|| time cost : 0h 0m 27.266s
********************************************************************************************************************
Start the 18 rounds of NGS-ED iteration
	effective electronic model is modified as: kinetic energy t = 0.804738
	                                           effective interaction Vq = [    -3.2,-2.70122,-2.56398,-2.70122,-2.70122,-2.56398,-2.55996,-2.56398,-2.56398,-2.55996,-3.19745,-2.55996,-2.70122,-2.56398,-2.55996,-2.56398]
	PARPACK diagonalization completed after 30 matrix-vector product operations.
	iteration results: : total energy is -82.326608 | electron energy -82.563389 + phonon energy 0.236781 | electron momentum kIdx = 10
The 18-th iteration is completed.	|| time cost : 0h 0m 27.382s
********************************************************************************************************************
Start the 19 rounds of NGS-ED iteration
	effective electronic model is modified as: kinetic energy t = 0.804752
	                                           effective interaction Vq = [    -3.2,-2.70112, -2.5639,-2.70112,-2.70112, -2.5639,-2.55986, -2.5639, -2.5639,-2.55986,-3.19745,-2.55986,-2.70112, -2.5639,-2.55986, -2.5639]
	PARPACK diagonalization completed after 30 matrix-vector product operations.
	iteration results: : total energy is -82.326608 | electron energy -82.563356 + phonon energy 0.236748 | electron momentum kIdx = 10
The 19-th iteration is completed.	|| time cost : 0h 0m 27.255s
********************************************************************************************************************
Start the 20 rounds of NGS-ED iteration
	effective electronic model is modified as: kinetic energy t = 0.804761
	                                           effective interaction Vq = [    -3.2,-2.70105,-2.56385,-2.70105,-2.70105,-2.56385,-2.55979,-2.56385,-2.56385,-2.55979,-3.19745,-2.55979,-2.70105,-2.56385,-2.55979,-2.56385]
	PARPACK diagonalization completed after 30 matrix-vector product operations.
	iteration results: : total energy is -82.326608 | electron energy -82.563333 + phonon energy 0.236725 | electron momentum kIdx = 10
	Nq(0) = 16,	Nq(1) = 0.141879,	Nq(2) = 0.223918,	Nq(3) = 0.141879,	Nq(4) = 0.141879,	Nq(5) = 0.223918,	Nq(6) = 0.323601,	Nq(7) = 0.223918,	Nq(8) = 0.223918,	Nq(9) = 0.323601,	Nq(10) = 9.56783,	Nq(11) = 0.323601,	Nq(12) = 0.141879,	Nq(13) = 0.223918,	Nq(14) = 0.323601,	Nq(15) = 0.223918,	Sq(0) = -2.18985e-18,	Sq(1) = 0.128285,	Sq(2) = 0.203463,	Sq(3) = 0.128285,	Sq(4) = 0.128285,	Sq(5) = 0.203463,	Sq(6) = 0.284467,	Sq(7) = 0.203463,	Sq(8) = 0.203463,	Sq(9) = 0.284467,	Sq(10) = 0.354958,	Sq(11) = 0.284467,	Sq(12) = 0.128285,	Sq(13) = 0.203463,	Sq(14) = 0.284467,	Sq(15) = 0.203463,	N(0) = 1.90696,	N(1) = 1.7481,	N(2) = 1,	N(3) = 1.7481,	N(4) = 1.7481,	N(5) = 1,	N(6) = 0.251901,	N(7) = 1,	N(8) = 1,	N(9) = 0.251901,	N(10) = 0.0930414,	N(11) = 0.251901,	N(12) = 1.7481,	N(13) = 1,	N(14) = 0.251901,	N(15) = 1,	Delta[s](0) = 0.467519,	Delta[s](1) = 0.42167,	Delta[s](2) = 0.398737,	Delta[s](3) = 0.42167,	Delta[s](4) = 0.42167,	Delta[s](5) = 0.398737,	Delta[s](6) = 0.37266,	Delta[s](7) = 0.398737,	Delta[s](8) = 0.398737,	Delta[s](9) = 0.37266,	Delta[s](10) = 0.349366,	Delta[s](11) = 0.37266,	Delta[s](12) = 0.42167,	Delta[s](13) = 0.398737,	Delta[s](14) = 0.37266,	Delta[s](15) = 0.398737,	Delta[d](0) = 0.135299,	Delta[d](1) = 0.121024,	Delta[d](2) = 0.14287,	Delta[d](3) = 0.121024,	Delta[d](4) = 0.121024,	Delta[d](5) = 0.0841901,	Delta[d](6) = 0.0905595,	Delta[d](7) = 0.0841901,	Delta[d](8) = 0.14287,	Delta[d](9) = 0.0905595,	Delta[d](10) = 0.03295,	Delta[d](11) = 0.0905595,	Delta[d](12) = 0.121024,	Delta[d](13) = 0.0841901,	Delta[d](14) = 0.0905595,	Delta[d](15) = 0.0841901,	Delta[s+](0) = 0.312801,	Delta[s+](1) = 0.232622,	Delta[s+](2) = 0.14287,	Delta[s+](3) = 0.232622,	Delta[s+](4) = 0.232622,	Delta[s+](5) = 0.14287,	Delta[s+](6) = 0.0575837,	Delta[s+](7) = 0.14287,	Delta[s+](8) = 0.14287,	Delta[s+](9) = 0.0575837,	Delta[s+](10) = 0.0209763,	Delta[s+](11) = 0.0575837,	Delta[s+](12) = 0.232622,	Delta[s+](13) = 0.14287,	Delta[s+](14) = 0.0575837,	Delta[s+](15) = 0.14287
The 20-th iteration is completed.	|| time cost : 0h 4m 22.891s
********************************************************************************************************************
Start the 21 rounds of NGS-ED iteration
	effective electronic model is modified as: kinetic energy t = 0.804767
	                                           effective interaction Vq = [    -3.2,-2.70101,-2.56381,-2.70101,-2.70101,-2.56381,-2.55974,-2.56381,-2.56381,-2.55974,-3.19745,-2.55974,-2.70101,-2.56381,-2.55974,-2.56381]
	PARPACK diagonalization completed after 30 matrix-vector product operations.
	iteration results: : total energy is -82.326608 | electron energy -82.563318 + phonon energy 0.236710 | electron momentum kIdx = 10
The 21-th iteration is completed.	|| time cost : 0h 0m 27.347s
********************************************************************************************************************
Start the 22 rounds of NGS-ED iteration
	effective electronic model is modified as: kinetic energy t = 0.804771
	                                           effective interaction Vq = [    -3.2,-2.70098,-2.56378,-2.70098,-2.70098,-2.56378,-2.55971,-2.56378,-2.56378,-2.55971,-3.19745,-2.55971,-2.70098,-2.56378,-2.55971,-2.56378]
	PARPACK diagonalization completed after 30 matrix-vector product operations.
	iteration results: : total energy is -82.326608 | electron energy -82.563308 + phonon energy 0.236700 | electron momentum kIdx = 10
The 22-th iteration is completed.	|| time cost : 0h 0m 27.264s
********************************************************************************************************************
Start the 23 rounds of NGS-ED iteration
	effective electronic model is modified as: kinetic energy t = 0.804774
	                                           effective interaction Vq = [    -3.2,-2.70096,-2.56377,-2.70096,-2.70096,-2.56377,-2.55969,-2.56377,-2.56377,-2.55969,-3.19745,-2.55969,-2.70096,-2.56377,-2.55969,-2.56377]
	PARPACK diagonalization completed after 30 matrix-vector product operations.
	iteration results: : total energy is -82.326608 | electron energy -82.563301 + phonon energy 0.236693 | electron momentum kIdx = 10
The 23-th iteration is completed.	|| time cost : 0h 0m 27.586s
********************************************************************************************************************
Start the 24 rounds of NGS-ED iteration
	effective electronic model is modified as: kinetic energy t = 0.804776
	                                           effective interaction Vq = [    -3.2,-2.70094,-2.56375,-2.70094,-2.70094,-2.56375,-2.55968,-2.56375,-2.56375,-2.55968,-3.19745,-2.55968,-2.70094,-2.56375,-2.55968,-2.56375]
	PARPACK diagonalization completed after 30 matrix-vector product operations.
	iteration results: : total energy is -82.326608 | electron energy -82.563296 + phonon energy 0.236688 | electron momentum kIdx = 10
The 24-th iteration is completed.	|| time cost : 0h 0m 27.305s
