SNEDics v3.4 Non-Gaussian ED ground state program		Start at Tue Sep 24 18:59:22 2019

parallized on 16 MPI threads  * 8 OpenMP threads = 128 total threads.
********************************************************************************************************************
********************************************************************************************************************

********************************************************************************************************************
System parameters and configurations
********************************************************************************************************************
Special program options are enabled: splitted diagonal Hamiltonian
********************************************************************************************************************
Read input file "model_params.in"
	Hubbard-Holstein model parameters : 	t = 1    g = 2.2361    W = 5    
********************************************************************************************************************
Read input file "hilbertspace_params.in"
	Requested 16-site 2D lattice, with 14 electrons (7, 7)
	Boundary : Periodic		Hilbert space representation : momentum-space (restricted to kIdx = 10)
	Conservation: particle number[U(1)]      spin[U(1)]     momentum
********************************************************************************************************************

Cluster Positions:				Cluster symmetry group : D4
 x ... x ... x ... x .....                       x ... x ... x ... x .....
 |           |           :                       |           |           :
 |           |           :                       |           |           :
12    13    14    15     x                       1     5     6     5     x
 |           |           :                       |           |           :
 |           |           :                       |           |           :
 8 --- 9 ---10 ---11 --- x                       2 --- 6 ---10 --- 6 --- x
 |           |           :                       |           |           :
 |           |           :                       |           |           :
 4     5     6     7     x                       1     5     6     5     x
 |           |           :                       |           |           :
 |           |           :                       |           |           :
 0 --- 1 --- 2 --- 3 --- x                       0 --- 1 --- 2 --- 1 --- x
orbital number : 1
********************************************************************************************************************
Read input file "obs_params.in"
	Observable Type : Nq(All),   Sq(All),   N(All),   Delta[s](All),   Delta[d](All),   Delta[s+](All)
********************************************************************************************************************
** WARNING ** the input observables have non-local factors which have been reinterpreted. The total observable number is 96
********************************************************************************************************************


********************************************************************************************************************
Start calculating the non-Gaussian ED ground state
** WARNING ** Detected low phonon energy W < 10. The initial state will be prepared through a warm-up process.
********************************************************************************************************************
Start warm-up calculation for scaling factor 2
open output files: NGSEDWarmUpW10Obs.txt
********************************************************************************************************************
Start the 0 rounds of NGS-ED iteration
	effective electronic model is modified as: kinetic energy t = 1
	                                           effective interaction Vq = [-0,-0,-0,-0,-0,-0,-0,-0,-0,-0,-0,-0,-0,-0,-0,-0]
	first Hamiltonian is constructed, non-zero numbers = 5976392
	PARPACK diagonalization completed after 30 matrix-vector product operations.
	iteration results: : total energy is -24.000000 | electron energy -24.000000 + phonon energy 0.000000 | electron momentum kIdx = 10
	Nq(0) = 12.25,	Nq(1) = 0.374739,	Nq(2) = 0.448534,	Nq(3) = 0.374739,	Nq(4) = 0.375261,	Nq(5) = 0.498898,	Nq(6) = 0.624739,	Nq(7) = 0.517159,	Nq(8) = 0.457995,	Nq(9) = 0.625261,	Nq(10) = 1.02206,	Nq(11) = 0.625261,	Nq(12) = 0.375261,	Nq(13) = 0.517159,	Nq(14) = 0.624739,	Nq(15) = 0.498898,	Sq(0) = -1.90595e-18,	Sq(1) = 0.374739,	Sq(2) = 0.477844,	Sq(3) = 0.374739,	Sq(4) = 0.375261,	Sq(5) = 0.511427,	Sq(6) = 0.624739,	Sq(7) = 0.478262,	Sq(8) = 0.492891,	Sq(9) = 0.625261,	Sq(10) = 0.83918,	Sq(11) = 0.625261,	Sq(12) = 0.375261,	Sq(13) = 0.478262,	Sq(14) = 0.624739,	Sq(15) = 0.511427,	N(0) = 2,	N(1) = 2,	N(2) = 0.509716,	N(3) = 2,	N(4) = 2,	N(5) = 0.30313,	N(6) = 8.40487e-26,	N(7) = 0.5993,	N(8) = 0.505534,	N(9) = 8.56863e-26,	N(10) = 3.13185e-26,	N(11) = 8.40724e-26,	N(12) = 2,	N(13) = 0.630066,	N(14) = 8.52828e-26,	N(15) = 1.45225,	Delta[s](0) = 0.355769,	Delta[s](1) = 0.212782,	Delta[s](2) = 0.198912,	Delta[s](3) = 0.274454,	Delta[s](4) = 0.210874,	Delta[s](5) = 0.157135,	Delta[s](6) = 0.100662,	Delta[s](7) = 0.194283,	Delta[s](8) = 0.203354,	Delta[s](9) = 0.102126,	Delta[s](10) = 0.0748492,	Delta[s](11) = 0.163799,	Delta[s](12) = 0.275918,	Delta[s](13) = 0.188052,	Delta[s](14) = 0.165706,	Delta[s](15) = 0.226678,	Delta[d](0) = 0.392181,	Delta[d](1) = 0.17101,	Delta[d](2) = 0.189461,	Delta[d](3) = 0.205826,	Delta[d](4) = 0.175689,	Delta[d](5) = 0.146142,	Delta[d](6) = 0.119442,	Delta[d](7) = 0.208195,	Delta[d](8) = 0.185783,	Delta[d](9) = 0.10884,	Delta[d](10) = 0.0459127,	Delta[d](11) = 0.143477,	Delta[d](12) = 0.195188,	Delta[d](13) = 0.16744,	Delta[d](14) = 0.138856,	Delta[d](15) = 0.133258,	Delta[s+](0) = 0.493353,	Delta[s+](1) = 0.351982,	Delta[s+](2) = 0.190186,	Delta[s+](3) = 0.387981,	Delta[s+](4) = 0.360367,	Delta[s+](5) = 0.176961,	Delta[s+](6) = 0.0564125,	Delta[s+](7) = 0.216877,	Delta[s+](8) = 0.192881,	Delta[s+](9) = 0.049369,	Delta[s+](10) = 0.00482881,	Delta[s+](11) = 0.0855267,	Delta[s+](12) = 0.38099,	Delta[s+](13) = 0.18674,	Delta[s+](14) = 0.0771108,	Delta[s+](15) = 0.287885
The 0-th iteration is completed.	|| time cost : 0h 5m 27.796s
********************************************************************************************************************
Start the 1 rounds of NGS-ED iteration
	effective electronic model is modified as: kinetic energy (tx,ty)=(0.969377, 0.969358)
	                                           effective interaction Vq = [-0.864689,-0.826665,-0.801328,-0.826665,-0.826665,-0.807704,  -0.7967,-0.809727,-0.802554,-0.796726,-0.809619,-0.796726,-0.826665,-0.809727,  -0.7967,-0.807704]
	PARPACK diagonalization completed after 90 matrix-vector product operations.
	iteration results: : total energy is -41.520142 | electron energy -41.521325 + phonon energy 0.001183 | electron momentum kIdx = 10
The 1-th iteration is completed.	|| time cost : 0h 5m 46.765s
********************************************************************************************************************
Start the 2 rounds of NGS-ED iteration
	effective electronic model is modified as: kinetic energy (tx,ty)=(0.947857, 0.947849)
	                                           effective interaction Vq = [-0.981712,-0.945898,-0.930606,-0.945898,-0.945898,-0.931954,-0.915011,-0.932395,-0.930841, -0.91502, -0.95448, -0.91502,-0.945898,-0.932395,-0.915011,-0.931954]
	PARPACK diagonalization completed after 45 matrix-vector product operations.
	iteration results: : total energy is -43.740668 | electron energy -43.748008 + phonon energy 0.007340 | electron momentum kIdx = 10
The 2-th iteration is completed.	|| time cost : 0h 0m 22.832s
********************************************************************************************************************
Start the 3 rounds of NGS-ED iteration
	effective electronic model is modified as: kinetic energy (tx,ty)=(0.940204, 0.940202)
	                                           effective interaction Vq = [ -0.99755,-0.969417,-0.957319,-0.969417,-0.969417,-0.957674,-0.940056,-0.957793,-0.957377,-0.940059,-0.981873,-0.940059,-0.969417,-0.957793,-0.940056,-0.957674]
	PARPACK diagonalization completed after 45 matrix-vector product operations.
	iteration results: : total energy is -44.017617 | electron energy -44.030080 + phonon energy 0.012463 | electron momentum kIdx = 10
The 3-th iteration is completed.	|| time cost : 0h 0m 23.065s
********************************************************************************************************************
Start the 4 rounds of NGS-ED iteration
	effective electronic model is modified as: kinetic energy t = 0.937737
	                                           effective interaction Vq = [-0.999693,-0.975454,-0.964311,-0.975454,-0.975454,-0.964418,-0.946653,-0.964454,-0.964328,-0.946654,-0.988393,-0.946654,-0.975454,-0.964454,-0.946653,-0.964418]
	PARPACK diagonalization completed after 30 matrix-vector product operations.
	iteration results: : total energy is -44.052503 | electron energy -44.067274 + phonon energy 0.014770 | electron momentum kIdx = 10
The 4-th iteration is completed.	|| time cost : 0h 0m 19.434s
********************************************************************************************************************
Start the 5 rounds of NGS-ED iteration
	effective electronic model is modified as: kinetic energy t = 0.936958
	                                           effective interaction Vq = [-0.999983,-0.977226,-0.966358,-0.977226,-0.977226,-0.966392,-0.948554,-0.966404,-0.966363,-0.948554,-0.990257,-0.948554,-0.977226,-0.966404,-0.948554,-0.966392]
	PARPACK diagonalization completed after 30 matrix-vector product operations.
	iteration results: : total energy is -44.056942 | electron energy -44.072549 + phonon energy 0.015607 | electron momentum kIdx = 10
The 5-th iteration is completed.	|| time cost : 0h 0m 19.362s
********************************************************************************************************************
Start the 6 rounds of NGS-ED iteration
	effective electronic model is modified as: kinetic energy t = 0.936713
	                                           effective interaction Vq = [ -1.00002,-0.977773,-0.966982,-0.977773,-0.977773,-0.966993,-0.949118,-0.966997,-0.966984,-0.949118,-0.990842,-0.949118,-0.977773,-0.966997,-0.949118,-0.966993]
	PARPACK diagonalization completed after 30 matrix-vector product operations.
	iteration results: : total energy is -44.057513 | electron energy -44.073400 + phonon energy 0.015887 | electron momentum kIdx = 10
The 6-th iteration is completed.	|| time cost : 0h 0m 19.385s
********************************************************************************************************************
Start the 7 rounds of NGS-ED iteration
	effective electronic model is modified as: kinetic energy t = 0.936637
	                                           effective interaction Vq = [ -1.00003,-0.977944,-0.967175,-0.977944,-0.977944,-0.967179,-0.949287, -0.96718,-0.967176,-0.949287,-0.991033,-0.949287,-0.977944, -0.96718,-0.949287,-0.967179]
	PARPACK diagonalization completed after 30 matrix-vector product operations.
	iteration results: : total energy is -44.057587 | electron energy -44.073564 + phonon energy 0.015978 | electron momentum kIdx = 10
	Nq(0) = 12.25,	Nq(1) = 0.386125,	Nq(2) = 0.603641,	Nq(3) = 0.386125,	Nq(4) = 0.386125,	Nq(5) = 0.603642,	Nq(6) = 0.684824,	Nq(7) = 0.603643,	Nq(8) = 0.603641,	Nq(9) = 0.684824,	Nq(10) = 2.49853,	Nq(11) = 0.684824,	Nq(12) = 0.386125,	Nq(13) = 0.603643,	Nq(14) = 0.684824,	Nq(15) = 0.603642,	Sq(0) = 4.60811e-18,	Sq(1) = 0.266607,	Sq(2) = 0.317812,	Sq(3) = 0.266607,	Sq(4) = 0.266607,	Sq(5) = 0.317812,	Sq(6) = 0.464422,	Sq(7) = 0.317812,	Sq(8) = 0.317812,	Sq(9) = 0.464422,	Sq(10) = 0.514832,	Sq(11) = 0.464422,	Sq(12) = 0.266607,	Sq(13) = 0.317812,	Sq(14) = 0.464422,	Sq(15) = 0.317812,	N(0) = 1.98048,	N(1) = 1.95099,	N(2) = 0.677948,	N(3) = 1.95099,	N(4) = 1.95099,	N(5) = 0.67795,	N(6) = 0.0331374,	N(7) = 0.67795,	N(8) = 0.677947,	N(9) = 0.0331374,	N(10) = 0.0153027,	N(11) = 0.0331374,	N(12) = 1.95099,	N(13) = 0.67795,	N(14) = 0.0331374,	N(15) = 0.67795,	Delta[s](0) = 0.692895,	Delta[s](1) = 0.297201,	Delta[s](2) = 0.248149,	Delta[s](3) = 0.297201,	Delta[s](4) = 0.297201,	Delta[s](5) = 0.248149,	Delta[s](6) = 0.17527,	Delta[s](7) = 0.248149,	Delta[s](8) = 0.248149,	Delta[s](9) = 0.17527,	Delta[s](10) = 0.255418,	Delta[s](11) = 0.17527,	Delta[s](12) = 0.297201,	Delta[s](13) = 0.248149,	Delta[s](14) = 0.17527,	Delta[s](15) = 0.248149,	Delta[d](0) = 0.23052,	Delta[d](1) = 0.180926,	Delta[d](2) = 0.183372,	Delta[d](3) = 0.180926,	Delta[d](4) = 0.180926,	Delta[d](5) = 0.127576,	Delta[d](6) = 0.13123,	Delta[d](7) = 0.127576,	Delta[d](8) = 0.183372,	Delta[d](9) = 0.13123,	Delta[d](10) = 0.0259112,	Delta[d](11) = 0.13123,	Delta[d](12) = 0.180926,	Delta[d](13) = 0.127576,	Delta[d](14) = 0.13123,	Delta[d](15) = 0.127576,	Delta[s+](0) = 0.417396,	Delta[s+](1) = 0.315982,	Delta[s+](2) = 0.183372,	Delta[s+](3) = 0.315982,	Delta[s+](4) = 0.315982,	Delta[s+](5) = 0.183372,	Delta[s+](6) = 0.0614099,	Delta[s+](7) = 0.183372,	Delta[s+](8) = 0.183372,	Delta[s+](9) = 0.0614099,	Delta[s+](10) = 0.0118771,	Delta[s+](11) = 0.0614099,	Delta[s+](12) = 0.315982,	Delta[s+](13) = 0.183372,	Delta[s+](14) = 0.0614099,	Delta[s+](15) = 0.183372
The 7-th iteration is completed.	|| time cost : 0h 3m 31.555s
********************************************************************************************************************
********************************************************************************************************************
Ground state is obtained after 8 iterations. The current ground-state energy is -44.0576, in which electron energy is -44.0736 and phonon energy is 0.0159777
final variational state is: 
	Gamma_x = [      1, 1.0098,1.01805, 1.0098, 1.0098,1.01805,1.02417,1.01805,1.01805,1.02417,1.04358,1.02417, 1.0098,1.01805,1.02417,1.01805]
	lambda_q = [0.316126,0.269296,0.258967,0.269296,0.269296,0.258968,0.245034,0.258968,0.258967,0.245034,0.286344,0.245034,0.269296,0.258968,0.245034,0.258968]
********************************************************************************************************************
o___o  ----------------------------------------
| L |	Time since last clock: 0h 0m 0s
A===A	Time since the beginning: 0h 16m 30.197s
***********************************************


********************************************************************************************************************
Warm up runs have been completed. Start calculating W = 5 phonon.
open output files: NGSEDIterationObs.txt
********************************************************************************************************************
Start the 0 rounds of NGS-ED iteration
	effective electronic model is modified as: kinetic energy t = 0.936613
	                                           effective interaction Vq = [-0.914101,-0.841743,-0.822832,-0.841743,-0.841743,-0.822834,-0.795633,-0.822835,-0.822833,-0.795633,-0.870624,-0.795633,-0.841743,-0.822835,-0.795633,-0.822834]
	PARPACK diagonalization completed after 30 matrix-vector product operations.
	iteration results: : total energy is -41.571408 | electron energy -41.579411 + phonon energy 0.008003 | electron momentum kIdx = 10
	Nq(0) = 12.25,	Nq(1) = 0.383895,	Nq(2) = 0.594847,	Nq(3) = 0.383895,	Nq(4) = 0.383895,	Nq(5) = 0.594848,	Nq(6) = 0.669376,	Nq(7) = 0.594848,	Nq(8) = 0.594847,	Nq(9) = 0.669376,	Nq(10) = 2.41951,	Nq(11) = 0.669376,	Nq(12) = 0.383895,	Nq(13) = 0.594848,	Nq(14) = 0.669376,	Nq(15) = 0.594848,	Sq(0) = 1.88359e-18,	Sq(1) = 0.279498,	Sq(2) = 0.326841,	Sq(3) = 0.279498,	Sq(4) = 0.279498,	Sq(5) = 0.326841,	Sq(6) = 0.484323,	Sq(7) = 0.326841,	Sq(8) = 0.326841,	Sq(9) = 0.484323,	Sq(10) = 0.53199,	Sq(11) = 0.484323,	Sq(12) = 0.279498,	Sq(13) = 0.326841,	Sq(14) = 0.484323,	Sq(15) = 0.326841,	N(0) = 1.98574,	N(1) = 1.96318,	N(2) = 0.674673,	N(3) = 1.96318,	N(4) = 1.96318,	N(5) = 0.674674,	N(6) = 0.0255448,	N(7) = 0.674674,	N(8) = 0.674672,	N(9) = 0.0255448,	N(10) = 0.0113213,	N(11) = 0.0255448,	N(12) = 1.96318,	N(13) = 0.674674,	N(14) = 0.0255448,	N(15) = 0.674674,	Delta[s](0) = 0.637046,	Delta[s](1) = 0.289194,	Delta[s](2) = 0.244734,	Delta[s](3) = 0.289194,	Delta[s](4) = 0.289194,	Delta[s](5) = 0.244733,	Delta[s](6) = 0.177222,	Delta[s](7) = 0.244733,	Delta[s](8) = 0.244734,	Delta[s](9) = 0.177222,	Delta[s](10) = 0.25473,	Delta[s](11) = 0.177222,	Delta[s](12) = 0.289194,	Delta[s](13) = 0.244733,	Delta[s](14) = 0.177222,	Delta[s](15) = 0.244733,	Delta[d](0) = 0.23248,	Delta[d](1) = 0.184282,	Delta[d](2) = 0.187757,	Delta[d](3) = 0.184282,	Delta[d](4) = 0.184282,	Delta[d](5) = 0.129666,	Delta[d](6) = 0.134307,	Delta[d](7) = 0.129666,	Delta[d](8) = 0.187757,	Delta[d](9) = 0.134307,	Delta[d](10) = 0.0277462,	Delta[d](11) = 0.134307,	Delta[d](12) = 0.184282,	Delta[d](13) = 0.129666,	Delta[d](14) = 0.134307,	Delta[d](15) = 0.129666,	Delta[s+](0) = 0.429061,	Delta[s+](1) = 0.323652,	Delta[s+](2) = 0.187757,	Delta[s+](3) = 0.323652,	Delta[s+](4) = 0.323652,	Delta[s+](5) = 0.187757,	Delta[s+](6) = 0.063727,	Delta[s+](7) = 0.187757,	Delta[s+](8) = 0.187757,	Delta[s+](9) = 0.063727,	Delta[s+](10) = 0.0127938,	Delta[s+](11) = 0.063727,	Delta[s+](12) = 0.323652,	Delta[s+](13) = 0.187757,	Delta[s+](14) = 0.063727,	Delta[s+](15) = 0.187757
The 0-th iteration is completed.	|| time cost : 0h 3m 12.76s
********************************************************************************************************************
Start the 1 rounds of NGS-ED iteration
	effective electronic model is modified as: kinetic energy t = 0.924712
	                                           effective interaction Vq = [-0.968418,-0.891857,-0.869137,-0.891857,-0.891857,-0.869138,-0.834978,-0.869138,-0.869137,-0.834978,-0.926266,-0.834978,-0.891857,-0.869138,-0.834978,-0.869138]
	PARPACK diagonalization completed after 30 matrix-vector product operations.
	iteration results: : total energy is -42.426156 | electron energy -42.451823 + phonon energy 0.025667 | electron momentum kIdx = 10
The 1-th iteration is completed.	|| time cost : 0h 0m 19.458s
********************************************************************************************************************
Start the 2 rounds of NGS-ED iteration
	effective electronic model is modified as: kinetic energy t = 0.918101
	                                           effective interaction Vq = [  -0.9884,-0.914539,-0.890786,-0.914539,-0.914539,-0.890787,-0.853417,-0.890787,-0.890786,-0.853417, -0.95187,-0.853417,-0.914539,-0.890787,-0.853417,-0.890787]
	PARPACK diagonalization completed after 30 matrix-vector product operations.
	iteration results: : total energy is -42.728984 | electron energy -42.769326 + phonon energy 0.040342 | electron momentum kIdx = 10
The 2-th iteration is completed.	|| time cost : 0h 0m 19.387s
********************************************************************************************************************
Start the 3 rounds of NGS-ED iteration
	effective electronic model is modified as: kinetic energy t = 0.914518
	                                           effective interaction Vq = [-0.995751,-0.925465,-0.901434,-0.925465,-0.925465,-0.901434,-0.862415,-0.901434,-0.901434,-0.862415,-0.964194,-0.862415,-0.925465,-0.901434,-0.862415,-0.901434]
	PARPACK diagonalization completed after 30 matrix-vector product operations.
	iteration results: : total energy is -42.836666 | electron energy -42.886788 + phonon energy 0.050122 | electron momentum kIdx = 10
The 3-th iteration is completed.	|| time cost : 0h 0m 19.39s
********************************************************************************************************************
Start the 4 rounds of NGS-ED iteration
	effective electronic model is modified as: kinetic energy t = 0.912596
	                                           effective interaction Vq = [-0.998455,-0.930947,-0.906839,-0.930947,-0.930947,-0.906839,-0.866913,-0.906839,-0.906839,-0.866913,-0.970397,-0.866913,-0.930947,-0.906839,-0.866913,-0.906839]
	PARPACK diagonalization completed after 30 matrix-vector product operations.
	iteration results: : total energy is -42.875110 | electron energy -42.931164 + phonon energy 0.056054 | electron momentum kIdx = 10
The 4-th iteration is completed.	|| time cost : 0h 0m 19.346s
********************************************************************************************************************
Start the 5 rounds of NGS-ED iteration
	effective electronic model is modified as: kinetic energy t = 0.911569
	                                           effective interaction Vq = [ -0.99945,-0.933766,-0.909634,-0.933766,-0.933766,-0.909635,-0.869189,-0.909635,-0.909634,-0.869189,-0.973635,-0.869189,-0.933766,-0.909635,-0.869189,-0.909635]
	PARPACK diagonalization completed after 30 matrix-vector product operations.
	iteration results: : total energy is -42.888893 | electron energy -42.948371 + phonon energy 0.059477 | electron momentum kIdx = 10
The 5-th iteration is completed.	|| time cost : 0h 0m 19.345s
********************************************************************************************************************
Start the 6 rounds of NGS-ED iteration
	effective electronic model is modified as: kinetic energy t = 0.911021
	                                           effective interaction Vq = [-0.999816,-0.935234,-0.911095,-0.935234,-0.935234,-0.911095,-0.870348,-0.911095,-0.911095,-0.870348,-0.975368,-0.870348,-0.935234,-0.911095,-0.870348,-0.911095]
	PARPACK diagonalization completed after 30 matrix-vector product operations.
	iteration results: : total energy is -42.893855 | electron energy -42.955255 + phonon energy 0.061400 | electron momentum kIdx = 10
The 6-th iteration is completed.	|| time cost : 0h 0m 19.354s
********************************************************************************************************************
Start the 7 rounds of NGS-ED iteration
	effective electronic model is modified as: kinetic energy t = 0.910729
	                                           effective interaction Vq = [ -0.99995,-0.936005,-0.911863,-0.936005,-0.936005,-0.911863,-0.870939,-0.911863,-0.911863,-0.870939,-0.976312,-0.870939,-0.936005,-0.911863,-0.870939,-0.911863]
	PARPACK diagonalization completed after 30 matrix-vector product operations.
	iteration results: : total energy is -42.895647 | electron energy -42.958110 + phonon energy 0.062463 | electron momentum kIdx = 10
The 7-th iteration is completed.	|| time cost : 0h 0m 19.369s
********************************************************************************************************************
Start the 8 rounds of NGS-ED iteration
	effective electronic model is modified as: kinetic energy t = 0.910574
	                                           effective interaction Vq = [       -1, -0.93641,-0.912268, -0.93641, -0.93641,-0.912268, -0.87124,-0.912268,-0.912268, -0.87124, -0.97683, -0.87124, -0.93641,-0.912268, -0.87124,-0.912268]
	PARPACK diagonalization completed after 30 matrix-vector product operations.
	iteration results: : total energy is -42.896297 | electron energy -42.959341 + phonon energy 0.063044 | electron momentum kIdx = 10
The 8-th iteration is completed.	|| time cost : 0h 0m 19.381s
********************************************************************************************************************
Start the 9 rounds of NGS-ED iteration
	effective electronic model is modified as: kinetic energy t = 0.910491
	                                           effective interaction Vq = [ -1.00002,-0.936623,-0.912481,-0.936623,-0.936623,-0.912481,-0.871393,-0.912481,-0.912481,-0.871393,-0.977118,-0.871393,-0.936623,-0.912481,-0.871393,-0.912481]
	PARPACK diagonalization completed after 30 matrix-vector product operations.
	iteration results: : total energy is -42.896533 | electron energy -42.959895 + phonon energy 0.063361 | electron momentum kIdx = 10
The 9-th iteration is completed.	|| time cost : 0h 0m 19.373s
********************************************************************************************************************
Start the 10 rounds of NGS-ED iteration
	effective electronic model is modified as: kinetic energy t = 0.910447
	                                           effective interaction Vq = [ -1.00002,-0.936736,-0.912594,-0.936736,-0.936736,-0.912594,-0.871471,-0.912594,-0.912594,-0.871471,-0.977277,-0.871471,-0.936736,-0.912594,-0.871471,-0.912594]
	PARPACK diagonalization completed after 30 matrix-vector product operations.
	iteration results: : total energy is -42.896619 | electron energy -42.960153 + phonon energy 0.063534 | electron momentum kIdx = 10
	Nq(0) = 12.25,	Nq(1) = 0.382046,	Nq(2) = 0.598823,	Nq(3) = 0.382046,	Nq(4) = 0.382046,	Nq(5) = 0.598823,	Nq(6) = 0.666643,	Nq(7) = 0.598823,	Nq(8) = 0.598823,	Nq(9) = 0.666643,	Nq(10) = 2.61497,	Nq(11) = 0.666643,	Nq(12) = 0.382046,	Nq(13) = 0.598823,	Nq(14) = 0.666643,	Nq(15) = 0.598823,	Sq(0) = -2.43641e-18,	Sq(1) = 0.26602,	Sq(2) = 0.317862,	Sq(3) = 0.26602,	Sq(4) = 0.26602,	Sq(5) = 0.317862,	Sq(6) = 0.465024,	Sq(7) = 0.317862,	Sq(8) = 0.317862,	Sq(9) = 0.465024,	Sq(10) = 0.515979,	Sq(11) = 0.465024,	Sq(12) = 0.26602,	Sq(13) = 0.317862,	Sq(14) = 0.465024,	Sq(15) = 0.317862,	N(0) = 1.98113,	N(1) = 1.95076,	N(2) = 0.677356,	N(3) = 1.95076,	N(4) = 1.95076,	N(5) = 0.677356,	N(6) = 0.0342141,	N(7) = 0.677356,	N(8) = 0.677356,	N(9) = 0.0342141,	N(10) = 0.0148482,	N(11) = 0.0342141,	N(12) = 1.95076,	N(13) = 0.677356,	N(14) = 0.0342141,	N(15) = 0.677356,	Delta[s](0) = 0.639447,	Delta[s](1) = 0.295099,	Delta[s](2) = 0.250123,	Delta[s](3) = 0.295099,	Delta[s](4) = 0.295099,	Delta[s](5) = 0.250123,	Delta[s](6) = 0.186865,	Delta[s](7) = 0.250123,	Delta[s](8) = 0.250123,	Delta[s](9) = 0.186865,	Delta[s](10) = 0.258297,	Delta[s](11) = 0.186865,	Delta[s](12) = 0.295099,	Delta[s](13) = 0.250123,	Delta[s](14) = 0.186865,	Delta[s](15) = 0.250123,	Delta[d](0) = 0.229741,	Delta[d](1) = 0.181299,	Delta[d](2) = 0.185849,	Delta[d](3) = 0.181299,	Delta[d](4) = 0.181299,	Delta[d](5) = 0.130664,	Delta[d](6) = 0.133075,	Delta[d](7) = 0.130664,	Delta[d](8) = 0.185849,	Delta[d](9) = 0.133075,	Delta[d](10) = 0.0326899,	Delta[d](11) = 0.133075,	Delta[d](12) = 0.181299,	Delta[d](13) = 0.130664,	Delta[d](14) = 0.133075,	Delta[d](15) = 0.130664,	Delta[s+](0) = 0.421472,	Delta[s+](1) = 0.318054,	Delta[s+](2) = 0.185849,	Delta[s+](3) = 0.318054,	Delta[s+](4) = 0.318054,	Delta[s+](5) = 0.185849,	Delta[s+](6) = 0.0646481,	Delta[s+](7) = 0.185849,	Delta[s+](8) = 0.185849,	Delta[s+](9) = 0.0646481,	Delta[s+](10) = 0.0150398,	Delta[s+](11) = 0.0646481,	Delta[s+](12) = 0.318054,	Delta[s+](13) = 0.185849,	Delta[s+](14) = 0.0646481,	Delta[s+](15) = 0.185849
The 10-th iteration is completed.	|| time cost : 0h 3m 15.308s
********************************************************************************************************************
Start the 11 rounds of NGS-ED iteration
	effective electronic model is modified as: kinetic energy t = 0.910423
	                                           effective interaction Vq = [ -1.00003,-0.936795,-0.912653,-0.936795,-0.936795,-0.912653, -0.87151,-0.912653,-0.912653, -0.87151,-0.977366, -0.87151,-0.936795,-0.912653, -0.87151,-0.912653]
	PARPACK diagonalization completed after 30 matrix-vector product operations.
	iteration results: : total energy is -42.896651 | electron energy -42.960277 + phonon energy 0.063627 | electron momentum kIdx = 10
The 11-th iteration is completed.	|| time cost : 0h 0m 19.374s
********************************************************************************************************************
Start the 12 rounds of NGS-ED iteration
	effective electronic model is modified as: kinetic energy t = 0.910411
	                                           effective interaction Vq = [ -1.00003,-0.936826,-0.912685,-0.936826,-0.936826,-0.912685,-0.871529,-0.912685,-0.912685,-0.871529,-0.977416,-0.871529,-0.936826,-0.912685,-0.871529,-0.912685]
	PARPACK diagonalization completed after 30 matrix-vector product operations.
	iteration results: : total energy is -42.896662 | electron energy -42.960340 + phonon energy 0.063678 | electron momentum kIdx = 10
The 12-th iteration is completed.	|| time cost : 0h 0m 19.351s
********************************************************************************************************************
Start the 13 rounds of NGS-ED iteration
	effective electronic model is modified as: kinetic energy t = 0.910404
	                                           effective interaction Vq = [ -1.00003,-0.936842,-0.912701,-0.936842,-0.936842,-0.912701,-0.871539,-0.912701,-0.912701,-0.871539,-0.977443,-0.871539,-0.936842,-0.912701,-0.871539,-0.912701]
	PARPACK diagonalization completed after 30 matrix-vector product operations.
	iteration results: : total energy is -42.896666 | electron energy -42.960371 + phonon energy 0.063705 | electron momentum kIdx = 10
The 13-th iteration is completed.	|| time cost : 0h 0m 19.357s
********************************************************************************************************************
Start the 14 rounds of NGS-ED iteration
	effective electronic model is modified as: kinetic energy t = 0.910401
	                                           effective interaction Vq = [ -1.00003, -0.93685, -0.91271, -0.93685, -0.93685, -0.91271,-0.871544, -0.91271, -0.91271,-0.871544,-0.977459,-0.871544, -0.93685, -0.91271,-0.871544, -0.91271]
	PARPACK diagonalization completed after 30 matrix-vector product operations.
	iteration results: : total energy is -42.896668 | electron energy -42.960388 + phonon energy 0.063720 | electron momentum kIdx = 10
The 14-th iteration is completed.	|| time cost : 0h 0m 19.463s
********************************************************************************************************************
Start the 15 rounds of NGS-ED iteration
	effective electronic model is modified as: kinetic energy t = 0.910399
	                                           effective interaction Vq = [ -1.00003,-0.936855,-0.912715,-0.936855,-0.936855,-0.912715,-0.871546,-0.912715,-0.912715,-0.871546,-0.977467,-0.871546,-0.936855,-0.912715,-0.871546,-0.912715]
	PARPACK diagonalization completed after 30 matrix-vector product operations.
	iteration results: : total energy is -42.896668 | electron energy -42.960396 + phonon energy 0.063728 | electron momentum kIdx = 10
The 15-th iteration is completed.	|| time cost : 0h 0m 19.408s
********************************************************************************************************************
Start the 16 rounds of NGS-ED iteration
	effective electronic model is modified as: kinetic energy t = 0.910398
	                                           effective interaction Vq = [ -1.00003,-0.936857,-0.912717,-0.936857,-0.936857,-0.912717,-0.871547,-0.912717,-0.912717,-0.871547,-0.977472,-0.871547,-0.936857,-0.912717,-0.871547,-0.912717]
	PARPACK diagonalization completed after 30 matrix-vector product operations.
	iteration results: : total energy is -42.896668 | electron energy -42.960401 + phonon energy 0.063732 | electron momentum kIdx = 10
The 16-th iteration is completed.	|| time cost : 0h 0m 19.443s
********************************************************************************************************************
Start the 17 rounds of NGS-ED iteration
	effective electronic model is modified as: kinetic energy t = 0.910397
	                                           effective interaction Vq = [ -1.00003,-0.936858,-0.912718,-0.936858,-0.936858,-0.912718,-0.871548,-0.912718,-0.912718,-0.871548,-0.977475,-0.871548,-0.936858,-0.912718,-0.871548,-0.912718]
	PARPACK diagonalization completed after 30 matrix-vector product operations.
	iteration results: : total energy is -42.896669 | electron energy -42.960403 + phonon energy 0.063735 | electron momentum kIdx = 10
The 17-th iteration is completed.	|| time cost : 0h 0m 19.344s
********************************************************************************************************************
Start the 18 rounds of NGS-ED iteration
	effective electronic model is modified as: kinetic energy t = 0.910397
	                                           effective interaction Vq = [ -1.00003,-0.936859,-0.912719,-0.936859,-0.936859,-0.912719,-0.871548,-0.912719,-0.912719,-0.871548,-0.977476,-0.871548,-0.936859,-0.912719,-0.871548,-0.912719]
	PARPACK diagonalization completed after 30 matrix-vector product operations.
	iteration results: : total energy is -42.896669 | electron energy -42.960405 + phonon energy 0.063736 | electron momentum kIdx = 10
The 18-th iteration is completed.	|| time cost : 0h 0m 19.346s
********************************************************************************************************************
Start the 19 rounds of NGS-ED iteration
	effective electronic model is modified as: kinetic energy t = 0.910397
	                                           effective interaction Vq = [ -1.00003,-0.936859,-0.912719,-0.936859,-0.936859,-0.912719,-0.871548,-0.912719,-0.912719,-0.871548,-0.977477,-0.871548,-0.936859,-0.912719,-0.871548,-0.912719]
	PARPACK diagonalization completed after 30 matrix-vector product operations.
	iteration results: : total energy is -42.896669 | electron energy -42.960405 + phonon energy 0.063737 | electron momentum kIdx = 10
The 19-th iteration is completed.	|| time cost : 0h 0m 19.42s
********************************************************************************************************************
Start the 20 rounds of NGS-ED iteration
	effective electronic model is modified as: kinetic energy t = 0.910397
	                                           effective interaction Vq = [ -1.00003,-0.936859, -0.91272,-0.936859,-0.936859, -0.91272,-0.871548, -0.91272, -0.91272,-0.871548,-0.977478,-0.871548,-0.936859, -0.91272,-0.871548, -0.91272]
	PARPACK diagonalization completed after 30 matrix-vector product operations.
	iteration results: : total energy is -42.896669 | electron energy -42.960406 + phonon energy 0.063737 | electron momentum kIdx = 10
	Nq(0) = 12.25,	Nq(1) = 0.382032,	Nq(2) = 0.598824,	Nq(3) = 0.382032,	Nq(4) = 0.382032,	Nq(5) = 0.598824,	Nq(6) = 0.666618,	Nq(7) = 0.598824,	Nq(8) = 0.598824,	Nq(9) = 0.666618,	Nq(10) = 2.6155,	Nq(11) = 0.666618,	Nq(12) = 0.382032,	Nq(13) = 0.598824,	Nq(14) = 0.666618,	Nq(15) = 0.598824,	Sq(0) = 4.00941e-18,	Sq(1) = 0.265995,	Sq(2) = 0.317845,	Sq(3) = 0.265995,	Sq(4) = 0.265995,	Sq(5) = 0.317845,	Sq(6) = 0.464989,	Sq(7) = 0.317845,	Sq(8) = 0.317845,	Sq(9) = 0.464989,	Sq(10) = 0.51595,	Sq(11) = 0.464989,	Sq(12) = 0.265995,	Sq(13) = 0.317845,	Sq(14) = 0.464989,	Sq(15) = 0.317845,	N(0) = 1.98112,	N(1) = 1.95073,	N(2) = 0.677361,	N(3) = 1.95073,	N(4) = 1.95073,	N(5) = 0.677361,	N(6) = 0.0342331,	N(7) = 0.677361,	N(8) = 0.677361,	N(9) = 0.0342331,	N(10) = 0.0148549,	N(11) = 0.0342331,	N(12) = 1.95073,	N(13) = 0.677361,	N(14) = 0.0342331,	N(15) = 0.677361,	Delta[s](0) = 0.639442,	Delta[s](1) = 0.295111,	Delta[s](2) = 0.250132,	Delta[s](3) = 0.295111,	Delta[s](4) = 0.295111,	Delta[s](5) = 0.250132,	Delta[s](6) = 0.186884,	Delta[s](7) = 0.250132,	Delta[s](8) = 0.250132,	Delta[s](9) = 0.186884,	Delta[s](10) = 0.258308,	Delta[s](11) = 0.186884,	Delta[s](12) = 0.295111,	Delta[s](13) = 0.250132,	Delta[s](14) = 0.186884,	Delta[s](15) = 0.250132,	Delta[d](0) = 0.229753,	Delta[d](1) = 0.181306,	Delta[d](2) = 0.18586,	Delta[d](3) = 0.181306,	Delta[d](4) = 0.181306,	Delta[d](5) = 0.130675,	Delta[d](6) = 0.13308,	Delta[d](7) = 0.130675,	Delta[d](8) = 0.18586,	Delta[d](9) = 0.13308,	Delta[d](10) = 0.0326994,	Delta[d](11) = 0.13308,	Delta[d](12) = 0.181306,	Delta[d](13) = 0.130675,	Delta[d](14) = 0.13308,	Delta[d](15) = 0.130675,	Delta[s+](0) = 0.421494,	Delta[s+](1) = 0.31807,	Delta[s+](2) = 0.18586,	Delta[s+](3) = 0.31807,	Delta[s+](4) = 0.31807,	Delta[s+](5) = 0.18586,	Delta[s+](6) = 0.0646532,	Delta[s+](7) = 0.18586,	Delta[s+](8) = 0.18586,	Delta[s+](9) = 0.0646532,	Delta[s+](10) = 0.015044,	Delta[s+](11) = 0.0646532,	Delta[s+](12) = 0.31807,	Delta[s+](13) = 0.18586,	Delta[s+](14) = 0.0646532,	Delta[s+](15) = 0.18586
The 20-th iteration is completed.	|| time cost : 0h 3m 13.617s
********************************************************************************************************************
Start the 21 rounds of NGS-ED iteration
	effective electronic model is modified as: kinetic energy t = 0.910397
	                                           effective interaction Vq = [ -1.00003,-0.936859, -0.91272,-0.936859,-0.936859, -0.91272,-0.871548, -0.91272, -0.91272,-0.871548,-0.977478,-0.871548,-0.936859, -0.91272,-0.871548, -0.91272]
	PARPACK diagonalization completed after 30 matrix-vector product operations.
	iteration results: : total energy is -42.896669 | electron energy -42.960406 + phonon energy 0.063737 | electron momentum kIdx = 10
The 21-th iteration is completed.	|| time cost : 0h 0m 19.385s
********************************************************************************************************************
Start the 22 rounds of NGS-ED iteration
	effective electronic model is modified as: kinetic energy t = 0.910397
	                                           effective interaction Vq = [ -1.00003,-0.936859, -0.91272,-0.936859,-0.936859, -0.91272,-0.871548, -0.91272, -0.91272,-0.871548,-0.977478,-0.871548,-0.936859, -0.91272,-0.871548, -0.91272]
	PARPACK diagonalization completed after 30 matrix-vector product operations.
	iteration results: : total energy is -42.896669 | electron energy -42.960406 + phonon energy 0.063737 | electron momentum kIdx = 10
The 22-th iteration is completed.	|| time cost : 0h 0m 19.365s
********************************************************************************************************************
Start the 23 rounds of NGS-ED iteration
	effective electronic model is modified as: kinetic energy t = 0.910397
	                                           effective interaction Vq = [ -1.00003,-0.936859, -0.91272,-0.936859,-0.936859, -0.91272,-0.871548, -0.91272, -0.91272,-0.871548,-0.977478,-0.871548,-0.936859, -0.91272,-0.871548, -0.91272]
	PARPACK diagonalization completed after 30 matrix-vector product operations.
	iteration results: : total energy is -42.896669 | electron energy -42.960406 + phonon energy 0.063738 | electron momentum kIdx = 10
