SNEDics v3.22.2 Non-Gaussian ED ground state program		Start at Wed Jun  8 03:07:17 2022

Parallelization: 32 MPI threads  * 8 OpenMP threads = 256 total threads.
********************************************************************************************************************
********************************************************************************************************************

********************************************************************************************************************
System parameters and configurations
	special program options are enabled: splitted diagonal Hamiltonian | splitted Hamiltonian terms
********************************************************************************************************************
Read input file "model_params.in"
	Hubbard-Holstein model parameters : 	t = 1    U = 8    g = 0.65    W = 0.2    g' = 0.05    
********************************************************************************************************************
Read input file "hilbertspace_params.in"
	Requested 16-site 2D lattice, with 12 electrons (6, 6)
	Boundary : Periodic		Hilbert space representation : momentum-space (restricted to kIdx = 10)
	Conservation: particle number[U(1)]      spin[U(1)]     momentum
********************************************************************************************************************

Cluster Positions:				Cluster symmetry group : D4
 x ... x ... x ... x .....                       x ... x ... x ... x .....
 |           |           :                       |           |           :
 |           |           :                       |           |           :
12    13    14    15     x                       1     5     6     5     x
 |           |           :                       |           |           :
 |           |           :                       |           |           :
 8 --- 9 ---10 ---11 --- x                       2 --- 6 ---10 --- 6 --- x
 |           |           :                       |           |           :
 |           |           :                       |           |           :
 4     5     6     7     x                       1     5     6     5     x
 |           |           :                       |           |           :
 |           |           :                       |           |           :
 0 --- 1 --- 2 --- 3 --- x                       0 --- 1 --- 2 --- 1 --- x
orbital number : 1
********************************************************************************************************************
Read input file "obs_params.in"
	Observable Type : Nq(All),   Sq(All),   N(All-Orbital),   Delta[s](All),   Delta[d](All),   Delta[s+](All)
** WARNING ** the input observables have non-local factors which have been reinterpreted. The total observable number is 96
********************************************************************************************************************


********************************************************************************************************************
Start calculating the non-Gaussian ED ground state
Maximal iteration number is 1000; energy resolution is 1e-06. Phonon state relaxation time is 2000
W = 0.2 is relatively large. The non-Gaussian ED calculation starts directly.
open output files: NGSED_iteration_observables.txt
********************************************************************************************************************
Start the 0 rounds of NGS-ED iteration
	effective electronic model is modified as: kinetic energy t = 1
	                                           effective interaction Vq = [0,0,0,0,0,0,0,0,0,0,0,0,0,0,0,0]
	first Hamiltonian is constructed, size = 4008592 and non-zero numbers = 969134084
	PARPACK diagonalization completed after 150 matrix-vector product operations.
	iteration results: : total energy is -14.925310 | electron energy -14.925310 + phonon energy 0.000000 | electron momentum kIdx = 10
	Nq(0) = 9,	Nq(1) = 0.191675,	Nq(2) = 0.238629,	Nq(3) = 0.191675,	Nq(4) = 0.191675,	Nq(5) = 0.259295,	
	Nq(6) = 0.314107,	Nq(7) = 0.259295,	Nq(8) = 0.238629,	Nq(9) = 0.314107,	Nq(10) = 0.369338,	
	Nq(11) = 0.314107,	Nq(12) = 0.191675,	Nq(13) = 0.259295,	Nq(14) = 0.314107,	Nq(15) = 0.259295;	
	Sq(0) = -1.73566e-18,	Sq(1) = 0.554662,	Sq(2) = 0.921866,	Sq(3) = 0.554662,	Sq(4) = 0.554662,	
	Sq(5) = 0.548737,	Sq(6) = 1.01287,	Sq(7) = 0.548737,	Sq(8) = 0.921866,	Sq(9) = 1.01287,	
	Sq(10) = 0.784303,	Sq(11) = 1.01287,	Sq(12) = 0.554662,	Sq(13) = 0.548737,	Sq(14) = 1.01287,	
	Sq(15) = 0.548737;	N(0) = 1.76735,	N(1) = 1.6264,	N(2) = 0.275186,	N(3) = 1.6264,	
	N(4) = 1.6264,	N(5) = 0.626534,	N(6) = 0.144321,	N(7) = 0.626534,	N(8) = 0.275186,	
	N(9) = 0.144321,	N(10) = 0.0932732,	N(11) = 0.144321,	N(12) = 1.6264,	N(13) = 0.626534,	
	N(14) = 0.144321,	N(15) = 0.626534;	Delta[s](0) = 0.0622027,	Delta[s](1) = 0.0438574,	Delta[s](2) = 0.0262573,	
	Delta[s](3) = 0.0438574,	Delta[s](4) = 0.0438574,	Delta[s](5) = 0.0291356,	Delta[s](6) = 0.0111038,	Delta[s](7) = 0.0291356,	
	Delta[s](8) = 0.0262573,	Delta[s](9) = 0.0111038,	Delta[s](10) = 0.0023453,	Delta[s](11) = 0.0111038,	Delta[s](12) = 0.0438574,	
	Delta[s](13) = 0.0291356,	Delta[s](14) = 0.0111038,	Delta[s](15) = 0.0291356;	Delta[d](0) = 0.193944,	Delta[d](1) = 0.130064,	
	Delta[d](2) = 0.162122,	Delta[d](3) = 0.130064,	Delta[d](4) = 0.130064,	Delta[d](5) = 0.119021,	Delta[d](6) = 0.0904168,	
	Delta[d](7) = 0.119021,	Delta[d](8) = 0.162122,	Delta[d](9) = 0.0904168,	Delta[d](10) = 0.0417868,	Delta[d](11) = 0.0904168,	
	Delta[d](12) = 0.130064,	Delta[d](13) = 0.119021,	Delta[d](14) = 0.0904168,	Delta[d](15) = 0.119021;	Delta[s+](0) = 0.5192,	
	Delta[s+](1) = 0.354847,	Delta[s+](2) = 0.162122,	Delta[s+](3) = 0.354847,	Delta[s+](4) = 0.354847,	Delta[s+](5) = 0.20544,	
	Delta[s+](6) = 0.0653964,	Delta[s+](7) = 0.20544,	Delta[s+](8) = 0.162122,	Delta[s+](9) = 0.0653964,	Delta[s+](10) = 0.018053,	
	Delta[s+](11) = 0.0653964,	Delta[s+](12) = 0.354847,	Delta[s+](13) = 0.20544,	Delta[s+](14) = 0.0653964,	Delta[s+](15) = 0.20544
	
The 0-th iteration is completed.	|| time cost : 0h 2m 2.615s
********************************************************************************************************************
Start the 1 rounds of NGS-ED iteration
	effective electronic model is modified as: kinetic energy t = 0.975578
	                                           effective interaction Vq = [   -3.6125, -0.516224, -0.209884, -0.516224, -0.516224, -0.237943, -0.127371, -0.237943, -0.209884, -0.127371,-0.0712079, -0.127371, -0.516224, -0.237943, -0.127371, -0.237943]
	PARPACK diagonalization completed after 45 matrix-vector product operations.
	iteration results: : total energy is -47.849198 | electron energy -47.922923 + phonon energy 0.073726 | electron momentum kIdx = 10
The 1-th iteration is completed.	|| time cost : 0h 1m 17.889s
********************************************************************************************************************
Start the 2 rounds of NGS-ED iteration
	effective electronic model is modified as: kinetic energy t = 0.974325
	                                           effective interaction Vq = [   -3.6125, -0.564323, -0.210237, -0.564323, -0.564323, -0.237861, -0.125914, -0.237861, -0.210237, -0.125914,-0.0702451, -0.125914, -0.564323, -0.237861, -0.125914, -0.237861]
	PARPACK diagonalization completed after 30 matrix-vector product operations.
	iteration results: : total energy is -47.850182 | electron energy -47.936329 + phonon energy 0.086148 | electron momentum kIdx = 10
The 2-th iteration is completed.	|| time cost : 0h 0m 9.332s
********************************************************************************************************************
Start the 3 rounds of NGS-ED iteration
	effective electronic model is modified as: kinetic energy t = 0.974157
	                                           effective interaction Vq = [   -3.6125, -0.571472,  -0.21003, -0.571472, -0.571472, -0.237304, -0.125719, -0.237304,  -0.21003, -0.125719,-0.0701806, -0.125719, -0.571472, -0.237304, -0.125719, -0.237304]
	PARPACK diagonalization completed after 30 matrix-vector product operations.
	iteration results: : total energy is -47.850203 | electron energy -47.938047 + phonon energy 0.087844 | electron momentum kIdx = 10
The 3-th iteration is completed.	|| time cost : 0h 0m 9.349s
********************************************************************************************************************
Start the 4 rounds of NGS-ED iteration
	effective electronic model is modified as: kinetic energy t = 0.974131
	                                           effective interaction Vq = [   -3.6125, -0.572584, -0.209996, -0.572584, -0.572584, -0.237201, -0.125694, -0.237201, -0.209996, -0.125694,-0.0701733, -0.125694, -0.572584, -0.237201, -0.125694, -0.237201]
	PARPACK diagonalization completed after 30 matrix-vector product operations.
	iteration results: : total energy is -47.850204 | electron energy -47.938311 + phonon energy 0.088107 | electron momentum kIdx = 10
The 4-th iteration is completed.	|| time cost : 0h 0m 9.329s
********************************************************************************************************************
Start the 5 rounds of NGS-ED iteration
	effective electronic model is modified as: kinetic energy t = 0.974127
	                                           effective interaction Vq = [   -3.6125, -0.572758,  -0.20999, -0.572758, -0.572758, -0.237184,  -0.12569, -0.237184,  -0.20999,  -0.12569,-0.0701722,  -0.12569, -0.572758, -0.237184,  -0.12569, -0.237184]
	PARPACK diagonalization completed after 30 matrix-vector product operations.
	iteration results: : total energy is -47.850204 | electron energy -47.938352 + phonon energy 0.088148 | electron momentum kIdx = 10
The 5-th iteration is completed.	|| time cost : 0h 0m 9.357s
********************************************************************************************************************
Start the 6 rounds of NGS-ED iteration
	effective electronic model is modified as: kinetic energy t = 0.974127
	                                           effective interaction Vq = [  -3.6125,-0.572785,-0.209989,-0.572785,-0.572785,-0.237182, -0.12569,-0.237182,-0.209989, -0.12569,-0.070172, -0.12569,-0.572785,-0.237182, -0.12569,-0.237182]
	PARPACK diagonalization completed after 30 matrix-vector product operations.
	iteration results: : total energy is -47.850204 | electron energy -47.938358 + phonon energy 0.088155 | electron momentum kIdx = 10
The 6-th iteration is completed.	|| time cost : 0h 0m 9.339s
********************************************************************************************************************
Start the 7 rounds of NGS-ED iteration
	effective electronic model is modified as: kinetic energy t = 0.974127
	                                           effective interaction Vq = [  -3.6125,-0.572789,-0.209989,-0.572789,-0.572789,-0.237181,-0.125689,-0.237181,-0.209989,-0.125689,-0.070172,-0.125689,-0.572789,-0.237181,-0.125689,-0.237181]
	PARPACK diagonalization completed after 30 matrix-vector product operations.
	iteration results: : total energy is -47.850204 | electron energy -47.938359 + phonon energy 0.088156 | electron momentum kIdx = 10
The 7-th iteration is completed.	|| time cost : 0h 0m 9.382s
********************************************************************************************************************
Start the 8 rounds of NGS-ED iteration
	effective electronic model is modified as: kinetic energy t = 0.974127
	                                           effective interaction Vq = [  -3.6125, -0.57279,-0.209989, -0.57279, -0.57279,-0.237181,-0.125689,-0.237181,-0.209989,-0.125689,-0.070172,-0.125689, -0.57279,-0.237181,-0.125689,-0.237181]
	PARPACK diagonalization completed after 30 matrix-vector product operations.
	iteration results: : total energy is -47.850204 | electron energy -47.938360 + phonon energy 0.088156 | electron momentum kIdx = 10
The 8-th iteration is completed.	|| time cost : 0h 0m 9.356s
********************************************************************************************************************
Start the 9 rounds of NGS-ED iteration
	effective electronic model is modified as: kinetic energy t = 0.974127
	                                           effective interaction Vq = [  -3.6125, -0.57279,-0.209989, -0.57279, -0.57279,-0.237181,-0.125689,-0.237181,-0.209989,-0.125689,-0.070172,-0.125689, -0.57279,-0.237181,-0.125689,-0.237181]
	PARPACK diagonalization completed after 30 matrix-vector product operations.
	iteration results: : total energy is -47.850204 | electron energy -47.938360 + phonon energy 0.088156 | electron momentum kIdx = 10
	Nq(0) = 9,	Nq(1) = 0.203519,	Nq(2) = 0.240437,	Nq(3) = 0.203519,	Nq(4) = 0.203519,	Nq(5) = 0.260567,	
	Nq(6) = 0.313368,	Nq(7) = 0.260567,	Nq(8) = 0.240437,	Nq(9) = 0.313368,	Nq(10) = 0.36779,	
	Nq(11) = 0.313368,	Nq(12) = 0.203519,	Nq(13) = 0.260567,	Nq(14) = 0.313368,	Nq(15) = 0.260567;	
	Sq(0) = 2.07712e-18,	Sq(1) = 0.548416,	Sq(2) = 0.914113,	Sq(3) = 0.548416,	Sq(4) = 0.548416,	
	Sq(5) = 0.54737,	Sq(6) = 1.0087,	Sq(7) = 0.54737,	Sq(8) = 0.914113,	Sq(9) = 1.0087,	
	Sq(10) = 0.795361,	Sq(11) = 1.0087,	Sq(12) = 0.548416,	Sq(13) = 0.54737,	Sq(14) = 1.0087,	
	Sq(15) = 0.54737;	N(0) = 1.77705,	N(1) = 1.64322,	N(2) = 0.259794,	N(3) = 1.64322,	
	N(4) = 1.64322,	N(5) = 0.617851,	N(6) = 0.141164,	N(7) = 0.617851,	N(8) = 0.259794,	
	N(9) = 0.141164,	N(10) = 0.0944161,	N(11) = 0.141164,	N(12) = 1.64322,	N(13) = 0.617851,	
	N(14) = 0.141164,	N(15) = 0.617851;	Delta[s](0) = 0.0653445,	Delta[s](1) = 0.0461208,	Delta[s](2) = 0.0278446,	
	Delta[s](3) = 0.0461208,	Delta[s](4) = 0.0461208,	Delta[s](5) = 0.0309814,	Delta[s](6) = 0.0117989,	Delta[s](7) = 0.0309814,	
	Delta[s](8) = 0.0278446,	Delta[s](9) = 0.0117989,	Delta[s](10) = 0.00259998,	Delta[s](11) = 0.0117989,	Delta[s](12) = 0.0461208,	
	Delta[s](13) = 0.0309814,	Delta[s](14) = 0.0117989,	Delta[s](15) = 0.0309814;	Delta[d](0) = 0.199152,	Delta[d](1) = 0.129621,	
	Delta[d](2) = 0.16256,	Delta[d](3) = 0.129621,	Delta[d](4) = 0.129621,	Delta[d](5) = 0.11981,	Delta[d](6) = 0.0890136,	
	Delta[d](7) = 0.11981,	Delta[d](8) = 0.16256,	Delta[d](9) = 0.0890136,	Delta[d](10) = 0.040621,	Delta[d](11) = 0.0890136,	
	Delta[d](12) = 0.129621,	Delta[d](13) = 0.11981,	Delta[d](14) = 0.0890136,	Delta[d](15) = 0.11981;	Delta[s+](0) = 0.524371,	
	Delta[s+](1) = 0.358011,	Delta[s+](2) = 0.16256,	Delta[s+](3) = 0.358011,	Delta[s+](4) = 0.358011,	Delta[s+](5) = 0.206718,	
	Delta[s+](6) = 0.0651287,	Delta[s+](7) = 0.206718,	Delta[s+](8) = 0.16256,	Delta[s+](9) = 0.0651287,	Delta[s+](10) = 0.0181706,	
	Delta[s+](11) = 0.0651287,	Delta[s+](12) = 0.358011,	Delta[s+](13) = 0.206718,	Delta[s+](14) = 0.0651287,	Delta[s+](15) = 0.206718
	
The 9-th iteration is completed.	|| time cost : 0h 1m 19.468s
********************************************************************************************************************
********************************************************************************************************************
Ground state is obtained after 10 iterations. The current ground-state energy is -47.8502, in which electron energy is -47.9384 and phonon energy is 0.0881561
Final variational state is: 
	Gamma_x = [      1,1.69086,1.27561,1.69086,1.69086,1.34379,1.21106,1.34379,1.27561,1.21106,1.13472,1.21106,1.69086,1.34379,1.21106,1.34379]
	lambda_q = [     4.25, 0.403577, 0.165757, 0.403577, 0.403577, 0.187877, 0.116741, 0.187877, 0.165757, 0.116741,0.0793688, 0.116741, 0.403577, 0.187877, 0.116741, 0.187877]
Effective e-e interactions mediated by phonons are:
	momentum-space Vq = [  -3.6125, -0.57279,-0.209989, -0.57279, -0.57279,-0.237181,-0.125689,-0.237181,-0.209989,-0.125689,-0.070172,-0.125689, -0.57279,-0.237181,-0.125689,-0.237181]
	real-space Vr = [-0.490331,-0.277283, -0.19712,-0.277283,-0.277283,-0.203918,-0.165508,-0.203918, -0.19712,-0.165508,-0.141091,-0.165508,-0.277283,-0.203918,-0.165508,-0.203918]
********************************************************************************************************************
o___o  ----------------------------------------
| L |	Time since last clock: 0h 0m 0.007s
A===A	Time since the beginning: 0h 5m 45.427s
***********************************************


Non-Gaussina ED ground state calculation is completed. The final ground-state energy is -47.8502
********************************************************************************************************************
o___o  ----------------------------------------
| L |	Time since last clock: 0h 0m 0.002s
A===A	Time since the beginning: 0h 5m 45.43s
***********************************************



********************************************************************************************************************
All non-Gaussian ED ground state calculations have been completed. Exit now.
