TACC:  Starting up job 4225736 
TACC:  Starting parallel tasks... 
SNEDics v3.4 Non-Gaussian ED ground state program		Start at Sat Aug 24 20:07:24 2019

parallized on 32 MPI threads  * 6 OpenMP threads = 192 total threads.
********************************************************************************************************************
********************************************************************************************************************

********************************************************************************************************************
System parameters and configurations
********************************************************************************************************************
Special program options are enabled: splitted diagonal Hamiltonian
********************************************************************************************************************
Read input file "model_params.in"
	Hubbard-Holstein model parameters : 	t = 1    U = 8    g = 2.2361    W = 1    
********************************************************************************************************************
Read input file "hilbertspace_params.in"
	Requested 16-site 2D lattice, with 14 electrons (7, 7)
	Boundary : Periodic		Hilbert space representation : momentum-space (restricted to kIdx = 10)
	Conservation: particle number[U(1)]      spin[U(1)]     momentum
********************************************************************************************************************

Cluster Positions:				Cluster symmetry group : D4
 x ... x ... x ... x .....                       x ... x ... x ... x .....
 |           |           :                       |           |           :
 |           |           :                       |           |           :
12    13    14    15     x                       1     5     6     5     x
 |           |           :                       |           |           :
 |           |           :                       |           |           :
 8 --- 9 ---10 ---11 --- x                       2 --- 6 ---10 --- 6 --- x
 |           |           :                       |           |           :
 |           |           :                       |           |           :
 4     5     6     7     x                       1     5     6     5     x
 |           |           :                       |           |           :
 |           |           :                       |           |           :
 0 --- 1 --- 2 --- 3 --- x                       0 --- 1 --- 2 --- 1 --- x
orbital number : 1
********************************************************************************************************************
Read input file "obs_params.in"
	Observable Type : Nq[All],   Sq[All],   N[All]
********************************************************************************************************************
** WARNING ** the input observables have non-local factors which have been reinterpreted. The total observable number is 48
********************************************************************************************************************


********************************************************************************************************************
Start calculating the non-Gaussian ED ground state
** WARNING ** Detected low phonon energy W < 10. The initial state will be prepared through a warm-up process.
********************************************************************************************************************
Start warm-up calculation for scaling factor 16
open output files: NGSEDWarmUpW16Obs.txt
********************************************************************************************************************
Start the 0 rounds of NGS-ED iteration
	effective electronic model is modified as: kinetic energy t = 1
	                                           effective interaction Vq = [0,0,0,0,0,0,0,0,0,0,0,0,0,0,0,0]
	first Hamiltonian is constructed, non-zero numbers = 2178478152
	PARPACK diagonalization completed after 165 matrix-vector product operations.
	iteration results: : total energy is -11.824901 | electron energy -11.824901 + phonon energy 0.000000 | electron momentum kIdx = 10
	Nq(0) = 12.25,	Nq(1) = 0.142448,	Nq(2) = 0.198978,	Nq(3) = 0.142448,	Nq(4) = 0.150488,	Nq(5) = 0.192579,	Nq(6) = 0.244207,	Nq(7) = 0.208643,	Nq(8) = 0.215699,	Nq(9) = 0.238913,	Nq(10) = 0.276826,	Nq(11) = 0.238913,	Nq(12) = 0.150488,	Nq(13) = 0.208643,	Nq(14) = 0.244207,	Nq(15) = 0.192579,	Sq(0) = 2.29312e-18,	Sq(1) = 0.503728,	Sq(2) = 0.702587,	Sq(3) = 0.503728,	Sq(4) = 0.507894,	Sq(5) = 0.735806,	Sq(6) = 1.02087,	Sq(7) = 0.662179,	Sq(8) = 0.553072,	Sq(9) = 0.970686,	Sq(10) = 2.64596,	Sq(11) = 0.970686,	Sq(12) = 0.507894,	Sq(13) = 0.662179,	Sq(14) = 1.02087,	Sq(15) = 0.735806,	N(0) = 1.75477,	N(1) = 1.59743,	N(2) = 0.978303,	N(3) = 1.59743,	N(4) = 1.60975,	N(5) = 0.327078,	N(6) = 0.273689,	N(7) = 0.964424,	N(8) = 1.01464,	N(9) = 0.271577,	N(10) = 0.164398,	N(11) = 0.271577,	N(12) = 1.60975,	N(13) = 0.964424,	N(14) = 0.273689,	N(15) = 0.327078
The 0-th iteration is completed.	|| time cost : 0h 2m 8.696s
********************************************************************************************************************
Start the 1 rounds of NGS-ED iteration
	effective electronic model is modified as: kinetic energy (tx,ty)=(0.872692, 0.871972)
	                                           effective interaction Vq = [-4.79633,-4.57141,-4.46719,-4.57141,-4.58946,-4.45928,-4.39308,-4.48757,-4.50221,-4.38659,-4.32023,-4.38659,-4.58946,-4.48757,-4.39308,-4.45928]
	PARPACK diagonalization completed after 105 matrix-vector product operations.
	iteration results: : total energy is -90.716355 | electron energy -90.727189 + phonon energy 0.010834 | electron momentum kIdx = 10
The 1-th iteration is completed.	|| time cost : 0h 2m 59.458s
********************************************************************************************************************
Start the 2 rounds of NGS-ED iteration
	effective electronic model is modified as: kinetic energy (tx,ty)=(0.807669, 0.806667)
	                                           effective interaction Vq = [-4.99184,-4.93116,-4.87015,-4.93116,-4.93275,-4.88577,-4.84938,-4.93686,-4.89843,-4.84881,-4.78383,-4.84881,-4.93275,-4.93686,-4.84938,-4.88577]
	PARPACK diagonalization completed after 120 matrix-vector product operations.
	iteration results: : total energy is -95.828510 | electron energy -95.896155 + phonon energy 0.067646 | electron momentum kIdx = 10
The 2-th iteration is completed.	|| time cost : 0h 0m 37.006s
********************************************************************************************************************
Start the 3 rounds of NGS-ED iteration
	effective electronic model is modified as: kinetic energy (tx,ty)=(0.789092, 0.788868)
	                                           effective interaction Vq = [ -4.9998,-4.96397,-4.93734,-4.96397,-4.96421,-4.93965, -4.9101,-4.95091,-4.94194,-4.91007,-4.96497,-4.91007,-4.96421,-4.95091, -4.9101,-4.93965]
	PARPACK diagonalization completed after 45 matrix-vector product operations.
	iteration results: : total energy is -96.293149 | electron energy -96.380143 + phonon energy 0.086994 | electron momentum kIdx = 10
The 3-th iteration is completed.	|| time cost : 0h 0m 21.256s
********************************************************************************************************************
Start the 4 rounds of NGS-ED iteration
	effective electronic model is modified as: kinetic energy (tx,ty)=(0.785782, 0.785735)
	                                           effective interaction Vq = [-5.00013,-4.96621,-4.94752,-4.96621,-4.96626,-4.94792,-4.91675,-4.95062,-4.94842,-4.91675,-4.98623,-4.91675,-4.96626,-4.95062,-4.91675,-4.94792]
	PARPACK diagonalization completed after 45 matrix-vector product operations.
	iteration results: : total energy is -96.318788 | electron energy -96.409637 + phonon energy 0.090849 | electron momentum kIdx = 10
The 4-th iteration is completed.	|| time cost : 0h 0m 20.808s
********************************************************************************************************************
Start the 5 rounds of NGS-ED iteration
	effective electronic model is modified as: kinetic energy (tx,ty)=(0.785217, 0.785207)
	                                           effective interaction Vq = [-5.00014,-4.96626,-4.94939,-4.96626,-4.96626,-4.94946,-4.91752,-4.95012,-4.94958,-4.91752,-4.98944,-4.91752,-4.96626,-4.95012,-4.91752,-4.94946]
	PARPACK diagonalization completed after 30 matrix-vector product operations.
	iteration results: : total energy is -96.319881 | electron energy -96.411487 + phonon energy 0.091606 | electron momentum kIdx = 10
The 5-th iteration is completed.	|| time cost : 0h 0m 15.389s
********************************************************************************************************************
Start the 6 rounds of NGS-ED iteration
	effective electronic model is modified as: kinetic energy (tx,ty)=(0.785123, 0.785121)
	                                           effective interaction Vq = [-5.00014, -4.9662,-4.94976, -4.9662, -4.9662,-4.94977,-4.91759,-4.94994, -4.9498,-4.91759,-4.99003,-4.91759, -4.9662,-4.94994,-4.91759,-4.94977]
	PARPACK diagonalization completed after 30 matrix-vector product operations.
	iteration results: : total energy is -96.319925 | electron energy -96.411678 + phonon energy 0.091754 | electron momentum kIdx = 10
	Nq(0) = 12.25,	Nq(1) = 0.383433,	Nq(2) = 0.608062,	Nq(3) = 0.383433,	Nq(4) = 0.383432,	Nq(5) = 0.608058,	Nq(6) = 0.680407,	Nq(7) = 0.608164,	Nq(8) = 0.608074,	Nq(9) = 0.680407,	Nq(10) = 2.78612,	Nq(11) = 0.680407,	Nq(12) = 0.383432,	Nq(13) = 0.608164,	Nq(14) = 0.680407,	Nq(15) = 0.608058,	Sq(0) = -1.33693e-17,	Sq(1) = 0.247864,	Sq(2) = 0.304419,	Sq(3) = 0.247864,	Sq(4) = 0.247864,	Sq(5) = 0.304417,	Sq(6) = 0.437615,	Sq(7) = 0.304418,	Sq(8) = 0.304418,	Sq(9) = 0.437615,	Sq(10) = 0.491523,	Sq(11) = 0.437615,	Sq(12) = 0.247864,	Sq(13) = 0.304418,	Sq(14) = 0.437615,	Sq(15) = 0.304417,	N(0) = 1.97268,	N(1) = 1.93032,	N(2) = 0.682675,	N(3) = 1.93032,	N(4) = 1.93032,	N(5) = 0.682669,	N(6) = 0.0471684,	N(7) = 0.682775,	N(8) = 0.682676,	N(9) = 0.0471688,	N(10) = 0.021134,	N(11) = 0.0471688,	N(12) = 1.93032,	N(13) = 0.682775,	N(14) = 0.0471684,	N(15) = 0.682669
The 6-th iteration is completed.	|| time cost : 0h 0m 40.219s
********************************************************************************************************************
********************************************************************************************************************
Ground state is obtained after 7 iterations. The current ground-state energy is -96.3199, in which electron energy is -96.4117 and phonon energy is 0.0917539
final variational state is: 
	Gamma_x = [      1,1.01829,1.03488,1.01829,1.01829,1.03488,1.04876,1.03488,1.03488,1.04876,1.07704,1.04876,1.01829,1.03488,1.04876,1.03488]
	lambda_q = [0.559017,0.512953,0.502953,0.512953,0.512953,0.502954,0.487191,0.502976,0.502958,0.487192,0.534029,0.487192,0.512953,0.502976,0.487191,0.502954]
********************************************************************************************************************
o___o  ----------------------------------------
| L |	Time since last clock: 0h 0m 0s
A===A	Time since the beginning: 0h 7m 22.835s
***********************************************

********************************************************************************************************************
Start warm-up calculation for scaling factor 8
open output files: NGSEDWarmUpW8Obs.txt
********************************************************************************************************************
Start the 0 rounds of NGS-ED iteration
	effective electronic model is modified as: kinetic energy t = 0.785108
	                                           effective interaction Vq = [-4.57117,-4.38352,-4.33831,-4.38352,-4.38353,-4.33831,-4.26378,-4.33841,-4.33833,-4.26378,-4.47359,-4.26378,-4.38353,-4.33841,-4.26378,-4.33831]
	PARPACK diagonalization completed after 45 matrix-vector product operations.
	iteration results: : total energy is -85.067535 | electron energy -85.113425 + phonon energy 0.045890 | electron momentum kIdx = 10
	Nq(0) = 12.25,	Nq(1) = 0.374537,	Nq(2) = 0.566086,	Nq(3) = 0.374537,	Nq(4) = 0.374538,	Nq(5) = 0.566082,	Nq(6) = 0.614321,	Nq(7) = 0.566159,	Nq(8) = 0.566092,	Nq(9) = 0.614323,	Nq(10) = 2.29132,	Nq(11) = 0.614323,	Nq(12) = 0.374538,	Nq(13) = 0.566159,	Nq(14) = 0.614321,	Nq(15) = 0.566082,	Sq(0) = -7.59413e-18,	Sq(1) = 0.31573,	Sq(2) = 0.349567,	Sq(3) = 0.31573,	Sq(4) = 0.315731,	Sq(5) = 0.349567,	Sq(6) = 0.542091,	Sq(7) = 0.349567,	Sq(8) = 0.349568,	Sq(9) = 0.542092,	Sq(10) = 0.577892,	Sq(11) = 0.542092,	Sq(12) = 0.315731,	Sq(13) = 0.349567,	Sq(14) = 0.542091,	Sq(15) = 0.349567,	N(0) = 1.99562,	N(1) = 1.98615,	N(2) = 0.668462,	N(3) = 1.98615,	N(4) = 1.98615,	N(5) = 0.668447,	N(6) = 0.0112659,	N(7) = 0.668601,	N(8) = 0.668452,	N(9) = 0.011266,	N(10) = 0.00371155,	N(11) = 0.011266,	N(12) = 1.98615,	N(13) = 0.668601,	N(14) = 0.0112659,	N(15) = 0.668447
The 0-th iteration is completed.	|| time cost : 0h 0m 43.181s
********************************************************************************************************************
Start the 1 rounds of NGS-ED iteration
	effective electronic model is modified as: kinetic energy t = 0.725354
	                                           effective interaction Vq = [-4.91354,-4.74201,-4.68895,-4.74201,-4.74201,-4.68895,-4.59569,  -4.689,-4.68896,-4.59569, -4.8384,-4.59569,-4.74201,  -4.689,-4.59569,-4.68895]
	PARPACK diagonalization completed after 45 matrix-vector product operations.
	iteration results: : total energy is -91.225763 | electron energy -91.431650 + phonon energy 0.205886 | electron momentum kIdx = 10
The 1-th iteration is completed.	|| time cost : 0h 0m 18.233s
********************************************************************************************************************
Start the 2 rounds of NGS-ED iteration
	effective electronic model is modified as: kinetic energy t = 0.69607
	                                           effective interaction Vq = [-4.98266,-4.84905, -4.8077,-4.84905,-4.84905, -4.8077,-4.71555,-4.80772, -4.8077,-4.71555,-4.94346,-4.71555,-4.84905,-4.80772,-4.71555, -4.8077]
	PARPACK diagonalization completed after 45 matrix-vector product operations.
	iteration results: : total energy is -92.526335 | electron energy -92.814753 + phonon energy 0.288418 | electron momentum kIdx = 10
The 2-th iteration is completed.	|| time cost : 0h 0m 18.205s
********************************************************************************************************************
Start the 3 rounds of NGS-ED iteration
	effective electronic model is modified as: kinetic energy t = 0.682471
	                                           effective interaction Vq = [-4.99661,-4.88655,-4.85201,-4.88655,-4.88655,-4.85201,-4.76422,-4.85202,-4.85201,-4.76422,-4.97264,-4.76422,-4.88655,-4.85202,-4.76422,-4.85201]
	PARPACK diagonalization completed after 30 matrix-vector product operations.
	iteration results: : total energy is -92.788153 | electron energy -93.109831 + phonon energy 0.321678 | electron momentum kIdx = 10
The 3-th iteration is completed.	|| time cost : 0h 0m 15.313s
********************************************************************************************************************
Start the 4 rounds of NGS-ED iteration
	effective electronic model is modified as: kinetic energy t = 0.676222
	                                           effective interaction Vq = [-4.99943, -4.9016,-4.87019, -4.9016, -4.9016,-4.87019, -4.7862,-4.87019,-4.87019, -4.7862, -4.9815, -4.7862, -4.9016,-4.87019, -4.7862,-4.87019]
	PARPACK diagonalization completed after 30 matrix-vector product operations.
	iteration results: : total energy is -92.840085 | electron energy -93.175895 + phonon energy 0.335810 | electron momentum kIdx = 10
The 4-th iteration is completed.	|| time cost : 0h 0m 15.344s
********************************************************************************************************************
Start the 5 rounds of NGS-ED iteration
	effective electronic model is modified as: kinetic energy t = 0.673331
	                                           effective interaction Vq = [      -5,-4.90814, -4.8781,-4.90814,-4.90814, -4.8781,-4.79677,-4.87811, -4.8781,-4.79677,-4.98447,-4.79677,-4.90814,-4.87811,-4.79677, -4.8781]
	PARPACK diagonalization completed after 30 matrix-vector product operations.
	iteration results: : total energy is -92.850457 | electron energy -93.192631 + phonon energy 0.342174 | electron momentum kIdx = 10
The 5-th iteration is completed.	|| time cost : 0h 0m 15.368s
********************************************************************************************************************
Start the 6 rounds of NGS-ED iteration
	effective electronic model is modified as: kinetic energy t = 0.671979
	                                           effective interaction Vq = [-5.00011,-4.91112,-4.88166,-4.91112,-4.91112,-4.88166,-4.80203,-4.88166,-4.88166,-4.80203,-4.98551,-4.80203,-4.91112,-4.88166,-4.80203,-4.88166]
	PARPACK diagonalization completed after 30 matrix-vector product operations.
	iteration results: : total energy is -92.852559 | electron energy -93.197679 + phonon energy 0.345120 | electron momentum kIdx = 10
The 6-th iteration is completed.	|| time cost : 0h 0m 15.342s
********************************************************************************************************************
Start the 7 rounds of NGS-ED iteration
	effective electronic model is modified as: kinetic energy t = 0.67134
	                                           effective interaction Vq = [-5.00014, -4.9125,-4.88329, -4.9125, -4.9125,-4.88329,-4.80468,-4.88329,-4.88329,-4.80468,-4.98589,-4.80468, -4.9125,-4.88329,-4.80468,-4.88329]
	PARPACK diagonalization completed after 30 matrix-vector product operations.
	iteration results: : total energy is -92.852993 | electron energy -93.199499 + phonon energy 0.346506 | electron momentum kIdx = 10
The 7-th iteration is completed.	|| time cost : 0h 0m 15.4s
********************************************************************************************************************
Start the 8 rounds of NGS-ED iteration
	effective electronic model is modified as: kinetic energy t = 0.671034
	                                           effective interaction Vq = [-5.00014,-4.91316,-4.88404,-4.91316,-4.91316,-4.88404,-4.80604,-4.88404,-4.88404,-4.80604,-4.98602,-4.80604,-4.91316,-4.88404,-4.80604,-4.88404]
	PARPACK diagonalization completed after 30 matrix-vector product operations.
	iteration results: : total energy is -92.853084 | electron energy -93.200251 + phonon energy 0.347167 | electron momentum kIdx = 10
The 8-th iteration is completed.	|| time cost : 0h 0m 15.493s
********************************************************************************************************************
Start the 9 rounds of NGS-ED iteration
	effective electronic model is modified as: kinetic energy t = 0.670886
	                                           effective interaction Vq = [-5.00014,-4.91348, -4.8844,-4.91348,-4.91348, -4.8844,-4.80674, -4.8844, -4.8844,-4.80674,-4.98606,-4.80674,-4.91348, -4.8844,-4.80674, -4.8844]
	PARPACK diagonalization completed after 30 matrix-vector product operations.
	iteration results: : total energy is -92.853104 | electron energy -93.200589 + phonon energy 0.347486 | electron momentum kIdx = 10
	Nq(0) = 12.25,	Nq(1) = 0.368263,	Nq(2) = 0.595721,	Nq(3) = 0.368263,	Nq(4) = 0.368263,	Nq(5) = 0.595721,	Nq(6) = 0.636318,	Nq(7) = 0.595721,	Nq(8) = 0.595721,	Nq(9) = 0.636318,	Nq(10) = 3.39536,	Nq(11) = 0.636318,	Nq(12) = 0.368263,	Nq(13) = 0.595721,	Nq(14) = 0.636318,	Nq(15) = 0.595721,	Sq(0) = 2.04434e-18,	Sq(1) = 0.227956,	Sq(2) = 0.289352,	Sq(3) = 0.227956,	Sq(4) = 0.227956,	Sq(5) = 0.289352,	Sq(6) = 0.411443,	Sq(7) = 0.289352,	Sq(8) = 0.289352,	Sq(9) = 0.411443,	Sq(10) = 0.468281,	Sq(11) = 0.411443,	Sq(12) = 0.227956,	Sq(13) = 0.289352,	Sq(14) = 0.411443,	Sq(15) = 0.289352,	N(0) = 1.9644,	N(1) = 1.90257,	N(2) = 0.687213,	N(3) = 1.90257,	N(4) = 1.90257,	N(5) = 0.687213,	N(6) = 0.0686594,	N(7) = 0.687213,	N(8) = 0.687213,	N(9) = 0.0686594,	N(10) = 0.0274151,	N(11) = 0.0686594,	N(12) = 1.90257,	N(13) = 0.687213,	N(14) = 0.0686594,	N(15) = 0.687213
The 9-th iteration is completed.	|| time cost : 0h 0m 40.26s
********************************************************************************************************************
********************************************************************************************************************
Ground state is obtained after 10 iterations. The current ground-state energy is -92.8531, in which electron energy is -93.2006 and phonon energy is 0.347486
final variational state is: 
	Gamma_x = [      1,1.05393,1.10054,1.05393,1.05393,1.10054,1.13332,1.10054,1.10054,1.13332,1.23564,1.13332,1.05393,1.10054,1.13332,1.10054]
	lambda_q = [0.790503,0.686589,0.670381,0.686589,0.686589,0.670381,0.635241,0.670381,0.670381,0.635241,0.748638,0.635241,0.686589,0.670381,0.635241,0.670381]
********************************************************************************************************************
o___o  ----------------------------------------
| L |	Time since last clock: 0h 0m 0s
A===A	Time since the beginning: 0h 10m 54.98s
***********************************************

********************************************************************************************************************
Start warm-up calculation for scaling factor 4
open output files: NGSEDWarmUpW4Obs.txt
********************************************************************************************************************
Start the 0 rounds of NGS-ED iteration
	effective electronic model is modified as: kinetic energy t = 0.670814
	                                           effective interaction Vq = [  -4.571,-4.25551,-4.19851,-4.25551,-4.25551,-4.19851,-4.06773,-4.19851,-4.19851,-4.06773,-4.45428,-4.06773,-4.25551,-4.19851,-4.06773,-4.19851]
	PARPACK diagonalization completed after 30 matrix-vector product operations.
	iteration results: : total energy is -81.062360 | electron energy -81.236181 + phonon energy 0.173821 | electron momentum kIdx = 10
	Nq(0) = 12.25,	Nq(1) = 0.354153,	Nq(2) = 0.54776,	Nq(3) = 0.354153,	Nq(4) = 0.354153,	Nq(5) = 0.54776,	Nq(6) = 0.563944,	Nq(7) = 0.54776,	Nq(8) = 0.54776,	Nq(9) = 0.563944,	Nq(10) = 2.71086,	Nq(11) = 0.563944,	Nq(12) = 0.354153,	Nq(13) = 0.54776,	Nq(14) = 0.563944,	Nq(15) = 0.54776,	Sq(0) = 3.50211e-18,	Sq(1) = 0.312054,	Sq(2) = 0.347127,	Sq(3) = 0.312054,	Sq(4) = 0.312054,	Sq(5) = 0.347127,	Sq(6) = 0.542643,	Sq(7) = 0.347127,	Sq(8) = 0.347127,	Sq(9) = 0.542643,	Sq(10) = 0.578641,	Sq(11) = 0.542643,	Sq(12) = 0.312054,	Sq(13) = 0.347127,	Sq(14) = 0.542643,	Sq(15) = 0.347127,	N(0) = 1.99387,	N(1) = 1.9783,	N(2) = 0.667722,	N(3) = 1.9783,	N(4) = 1.9783,	N(5) = 0.667722,	N(6) = 0.0202154,	N(7) = 0.667722,	N(8) = 0.667722,	N(9) = 0.0202154,	N(10) = 0.00571692,	N(11) = 0.0202154,	N(12) = 1.9783,	N(13) = 0.667722,	N(14) = 0.0202154,	N(15) = 0.667722
The 0-th iteration is completed.	|| time cost : 0h 0m 40.243s
********************************************************************************************************************
Start the 1 rounds of NGS-ED iteration
	effective electronic model is modified as: kinetic energy t = 0.640666
	                                           effective interaction Vq = [-4.80731,-4.47871,-4.41177,-4.47871,-4.47871,-4.41177,-4.24138,-4.41177,-4.41177,-4.24138,-4.72794,-4.24138,-4.47871,-4.41177,-4.24138,-4.41177]
	PARPACK diagonalization completed after 30 matrix-vector product operations.
	iteration results: : total energy is -85.217341 | electron energy -85.692162 + phonon energy 0.474821 | electron momentum kIdx = 10
The 1-th iteration is completed.	|| time cost : 0h 0m 15.356s
********************************************************************************************************************
Start the 2 rounds of NGS-ED iteration
	effective electronic model is modified as: kinetic energy t = 0.615519
	                                           effective interaction Vq = [ -4.9135, -4.5991, -4.5447, -4.5991, -4.5991, -4.5447,-4.35269, -4.5447, -4.5447,-4.35269,-4.87512,-4.35269, -4.5991, -4.5447,-4.35269, -4.5447]
	PARPACK diagonalization completed after 30 matrix-vector product operations.
	iteration results: : total energy is -87.185619 | electron energy -87.855033 + phonon energy 0.669414 | electron momentum kIdx = 10
The 2-th iteration is completed.	|| time cost : 0h 0m 15.365s
********************************************************************************************************************
Start the 3 rounds of NGS-ED iteration
	effective electronic model is modified as: kinetic energy t = 0.59683
	                                           effective interaction Vq = [-4.96121,-4.66819,-4.62467,-4.66819,-4.66819,-4.62467,-4.42286,-4.62467,-4.62467,-4.42286,-4.94137,-4.42286,-4.66819,-4.62467,-4.42286,-4.62467]
	PARPACK diagonalization completed after 30 matrix-vector product operations.
	iteration results: : total energy is -88.064458 | electron energy -88.829964 + phonon energy 0.765506 | electron momentum kIdx = 10
The 3-th iteration is completed.	|| time cost : 0h 0m 15.33s
********************************************************************************************************************
Start the 4 rounds of NGS-ED iteration
	effective electronic model is modified as: kinetic energy t = 0.583594
	                                           effective interaction Vq = [-4.98265, -4.7116,-4.67363, -4.7116, -4.7116,-4.67363,-4.46956,-4.67363,-4.67363,-4.46956,-4.96924,-4.46956, -4.7116,-4.67363,-4.46956,-4.67363]
	PARPACK diagonalization completed after 30 matrix-vector product operations.
	iteration results: : total energy is -88.441781 | electron energy -89.252249 + phonon energy 0.810468 | electron momentum kIdx = 10
The 4-th iteration is completed.	|| time cost : 0h 0m 15.351s
********************************************************************************************************************
Start the 5 rounds of NGS-ED iteration
	effective electronic model is modified as: kinetic energy t = 0.574446
	                                           effective interaction Vq = [-4.99228,-4.74033,-4.70468,-4.74033,-4.74033,-4.70468,-4.50215,-4.70468,-4.70468,-4.50215,-4.98111,-4.50215,-4.74033,-4.70468,-4.50215,-4.70468]
	PARPACK diagonalization completed after 30 matrix-vector product operations.
	iteration results: : total energy is -88.603033 | electron energy -89.437062 + phonon energy 0.834030 | electron momentum kIdx = 10
The 5-th iteration is completed.	|| time cost : 0h 0m 15.356s
********************************************************************************************************************
Start the 6 rounds of NGS-ED iteration
	effective electronic model is modified as: kinetic energy t = 0.568152
	                                           effective interaction Vq = [-4.99661,-4.75987,-4.72502,-4.75987,-4.75987,-4.72502,-4.52564,-4.72502,-4.72502,-4.52564,-4.98642,-4.52564,-4.75987,-4.72502,-4.52564,-4.72502]
	PARPACK diagonalization completed after 30 matrix-vector product operations.
	iteration results: : total energy is -88.672911 | electron energy -89.521401 + phonon energy 0.848490 | electron momentum kIdx = 10
The 6-th iteration is completed.	|| time cost : 0h 0m 15.335s
********************************************************************************************************************
Start the 7 rounds of NGS-ED iteration
	effective electronic model is modified as: kinetic energy t = 0.563792
	                                           effective interaction Vq = [-4.99856,-4.77337,-4.73868,-4.77337,-4.77337,-4.73868,-4.54293,-4.73868,-4.73868,-4.54293,-4.98894,-4.54293,-4.77337,-4.73868,-4.54293,-4.73868]
	PARPACK diagonalization completed after 30 matrix-vector product operations.
	iteration results: : total energy is -88.703781 | electron energy -89.562184 + phonon energy 0.858402 | electron momentum kIdx = 10
The 7-th iteration is completed.	|| time cost : 0h 0m 15.353s
********************************************************************************************************************
Start the 8 rounds of NGS-ED iteration
	effective electronic model is modified as: kinetic energy t = 0.560737
	                                           effective interaction Vq = [-4.99943,-4.78281,-4.74802,-4.78281,-4.78281,-4.74802,-4.55583,-4.74802,-4.74802,-4.55583,-4.99017,-4.55583,-4.78281,-4.74802,-4.55583,-4.74802]
	PARPACK diagonalization completed after 30 matrix-vector product operations.
	iteration results: : total energy is -88.717675 | electron energy -89.583259 + phonon energy 0.865584 | electron momentum kIdx = 10
The 8-th iteration is completed.	|| time cost : 0h 0m 15.353s
********************************************************************************************************************
Start the 9 rounds of NGS-ED iteration
	effective electronic model is modified as: kinetic energy t = 0.558571
	                                           effective interaction Vq = [-4.99982,-4.78947, -4.7545,-4.78947,-4.78947, -4.7545,-4.56554, -4.7545, -4.7545,-4.56554,-4.99079,-4.56554,-4.78947, -4.7545,-4.56554, -4.7545]
	PARPACK diagonalization completed after 30 matrix-vector product operations.
	iteration results: : total energy is -88.724032 | electron energy -89.594944 + phonon energy 0.870912 | electron momentum kIdx = 10
The 9-th iteration is completed.	|| time cost : 0h 0m 15.325s
********************************************************************************************************************
Start the 10 rounds of NGS-ED iteration
	effective electronic model is modified as: kinetic energy t = 0.557018
	                                           effective interaction Vq = [      -5,-4.79421,-4.75902,-4.79421,-4.79421,-4.75902,-4.57291,-4.75902,-4.75902,-4.57291, -4.9911,-4.57291,-4.79421,-4.75902,-4.57291,-4.75902]
	PARPACK diagonalization completed after 30 matrix-vector product operations.
	iteration results: : total energy is -88.726985 | electron energy -89.601888 + phonon energy 0.874903 | electron momentum kIdx = 10
	Nq(0) = 12.25,	Nq(1) = 0.322684,	Nq(2) = 0.528574,	Nq(3) = 0.322684,	Nq(4) = 0.322684,	Nq(5) = 0.528574,	Nq(6) = 0.518931,	Nq(7) = 0.528574,	Nq(8) = 0.528574,	Nq(9) = 0.518931,	Nq(10) = 5.10789,	Nq(11) = 0.518931,	Nq(12) = 0.322684,	Nq(13) = 0.528574,	Nq(14) = 0.518931,	Nq(15) = 0.528574,	Sq(0) = 2.64386e-18,	Sq(1) = 0.187743,	Sq(2) = 0.25188,	Sq(3) = 0.187743,	Sq(4) = 0.187743,	Sq(5) = 0.25188,	Sq(6) = 0.357104,	Sq(7) = 0.25188,	Sq(8) = 0.25188,	Sq(9) = 0.357104,	Sq(10) = 0.41354,	Sq(11) = 0.357104,	Sq(12) = 0.187743,	Sq(13) = 0.25188,	Sq(14) = 0.357104,	Sq(15) = 0.25188,	N(0) = 1.93819,	N(1) = 1.8157,	N(2) = 0.697162,	N(3) = 1.8157,	N(4) = 1.8157,	N(5) = 0.697162,	N(6) = 0.14162,	N(7) = 0.697162,	N(8) = 0.697162,	N(9) = 0.14162,	N(10) = 0.0495593,	N(11) = 0.14162,	N(12) = 1.8157,	N(13) = 0.697162,	N(14) = 0.14162,	N(15) = 0.697162
The 10-th iteration is completed.	|| time cost : 0h 0m 40.159s
********************************************************************************************************************
Start the 11 rounds of NGS-ED iteration
	effective electronic model is modified as: kinetic energy t = 0.555894
	                                           effective interaction Vq = [-5.00008,-4.79761,-4.76222,-4.79761,-4.79761,-4.76222,-4.57852,-4.76222,-4.76222,-4.57852,-4.99125,-4.57852,-4.79761,-4.76222,-4.57852,-4.76222]
	PARPACK diagonalization completed after 30 matrix-vector product operations.
	iteration results: : total energy is -88.728375 | electron energy -89.606279 + phonon energy 0.877905 | electron momentum kIdx = 10
The 11-th iteration is completed.	|| time cost : 0h 0m 15.378s
********************************************************************************************************************
Start the 12 rounds of NGS-ED iteration
	effective electronic model is modified as: kinetic energy t = 0.555075
	                                           effective interaction Vq = [-5.00011,-4.80006,-4.76448,-4.80006,-4.80006,-4.76448, -4.5828,-4.76448,-4.76448, -4.5828,-4.99133, -4.5828,-4.80006,-4.76448, -4.5828,-4.76448]
	PARPACK diagonalization completed after 30 matrix-vector product operations.
	iteration results: : total energy is -88.729038 | electron energy -89.609204 + phonon energy 0.880165 | electron momentum kIdx = 10
The 12-th iteration is completed.	|| time cost : 0h 0m 16.393s
********************************************************************************************************************
Start the 13 rounds of NGS-ED iteration
	effective electronic model is modified as: kinetic energy t = 0.554474
	                                           effective interaction Vq = [-5.00013,-4.80183,-4.76609,-4.80183,-4.80183,-4.76609,-4.58607,-4.76609,-4.76609,-4.58607,-4.99136,-4.58607,-4.80183,-4.76609,-4.58607,-4.76609]
	PARPACK diagonalization completed after 30 matrix-vector product operations.
	iteration results: : total energy is -88.729359 | electron energy -89.611228 + phonon energy 0.881869 | electron momentum kIdx = 10
The 13-th iteration is completed.	|| time cost : 0h 0m 18.048s
********************************************************************************************************************
Start the 14 rounds of NGS-ED iteration
	effective electronic model is modified as: kinetic energy t = 0.554031
	                                           effective interaction Vq = [-5.00014,-4.80311,-4.76725,-4.80311,-4.80311,-4.76725,-4.58857,-4.76725,-4.76725,-4.58857,-4.99137,-4.58857,-4.80311,-4.76725,-4.58857,-4.76725]
	PARPACK diagonalization completed after 30 matrix-vector product operations.
	iteration results: : total energy is -88.729517 | electron energy -89.612670 + phonon energy 0.883153 | electron momentum kIdx = 10
The 14-th iteration is completed.	|| time cost : 0h 0m 16.245s
********************************************************************************************************************
Start the 15 rounds of NGS-ED iteration
	effective electronic model is modified as: kinetic energy t = 0.553703
	                                           effective interaction Vq = [-5.00014,-4.80405,-4.76808,-4.80405,-4.80405,-4.76808,-4.59048,-4.76808,-4.76808,-4.59048,-4.99137,-4.59048,-4.80405,-4.76808,-4.59048,-4.76808]
	PARPACK diagonalization completed after 30 matrix-vector product operations.
	iteration results: : total energy is -88.729595 | electron energy -89.613716 + phonon energy 0.884121 | electron momentum kIdx = 10
The 15-th iteration is completed.	|| time cost : 0h 0m 15.37s
********************************************************************************************************************
Start the 16 rounds of NGS-ED iteration
	effective electronic model is modified as: kinetic energy t = 0.55346
	                                           effective interaction Vq = [-5.00014,-4.80474,-4.76867,-4.80474,-4.80474,-4.76867,-4.59195,-4.76867,-4.76867,-4.59195,-4.99137,-4.59195,-4.80474,-4.76867,-4.59195,-4.76867]
	PARPACK diagonalization completed after 30 matrix-vector product operations.
	iteration results: : total energy is -88.729635 | electron energy -89.614485 + phonon energy 0.884850 | electron momentum kIdx = 10
The 16-th iteration is completed.	|| time cost : 0h 0m 15.329s
********************************************************************************************************************
Start the 17 rounds of NGS-ED iteration
	effective electronic model is modified as: kinetic energy t = 0.553279
	                                           effective interaction Vq = [-5.00014,-4.80525, -4.7691,-4.80525,-4.80525, -4.7691,-4.59307, -4.7691, -4.7691,-4.59307,-4.99137,-4.59307,-4.80525, -4.7691,-4.59307, -4.7691]
	PARPACK diagonalization completed after 30 matrix-vector product operations.
	iteration results: : total energy is -88.729655 | electron energy -89.615055 + phonon energy 0.885400 | electron momentum kIdx = 10
The 17-th iteration is completed.	|| time cost : 0h 0m 15.361s
********************************************************************************************************************
Start the 18 rounds of NGS-ED iteration
	effective electronic model is modified as: kinetic energy t = 0.553143
	                                           effective interaction Vq = [-5.00014,-4.80562,-4.76941,-4.80562,-4.80562,-4.76941,-4.59393,-4.76941,-4.76941,-4.59393,-4.99136,-4.59393,-4.80562,-4.76941,-4.59393,-4.76941]
	PARPACK diagonalization completed after 30 matrix-vector product operations.
	iteration results: : total energy is -88.729666 | electron energy -89.615480 + phonon energy 0.885815 | electron momentum kIdx = 10
The 18-th iteration is completed.	|| time cost : 0h 0m 15.379s
********************************************************************************************************************
Start the 19 rounds of NGS-ED iteration
	effective electronic model is modified as: kinetic energy t = 0.553042
	                                           effective interaction Vq = [-5.00014, -4.8059,-4.76964, -4.8059, -4.8059,-4.76964,-4.59459,-4.76964,-4.76964,-4.59459,-4.99136,-4.59459, -4.8059,-4.76964,-4.59459,-4.76964]
	PARPACK diagonalization completed after 30 matrix-vector product operations.
	iteration results: : total energy is -88.729671 | electron energy -89.615798 + phonon energy 0.886127 | electron momentum kIdx = 10
	Nq(0) = 12.25,	Nq(1) = 0.324952,	Nq(2) = 0.530983,	Nq(3) = 0.324952,	Nq(4) = 0.324952,	Nq(5) = 0.530983,	Nq(6) = 0.52481,	Nq(7) = 0.530983,	Nq(8) = 0.530983,	Nq(9) = 0.52481,	Nq(10) = 5.07176,	Nq(11) = 0.52481,	Nq(12) = 0.324952,	Nq(13) = 0.530983,	Nq(14) = 0.52481,	Nq(15) = 0.530983,	Sq(0) = -9.04872e-19,	Sq(1) = 0.187038,	Sq(2) = 0.251527,	Sq(3) = 0.187038,	Sq(4) = 0.187038,	Sq(5) = 0.251527,	Sq(6) = 0.355845,	Sq(7) = 0.251527,	Sq(8) = 0.251527,	Sq(9) = 0.355845,	Sq(10) = 0.412606,	Sq(11) = 0.355845,	Sq(12) = 0.187038,	Sq(13) = 0.251527,	Sq(14) = 0.355845,	Sq(15) = 0.251527,	N(0) = 1.93795,	N(1) = 1.81539,	N(2) = 0.698244,	N(3) = 1.81539,	N(4) = 1.81539,	N(5) = 0.698244,	N(6) = 0.140394,	N(7) = 0.698244,	N(8) = 0.698244,	N(9) = 0.140394,	N(10) = 0.0494498,	N(11) = 0.140394,	N(12) = 1.81539,	N(13) = 0.698244,	N(14) = 0.140394,	N(15) = 0.698244
The 19-th iteration is completed.	|| time cost : 0h 0m 40.148s
********************************************************************************************************************
********************************************************************************************************************
Ground state is obtained after 20 iterations. The current ground-state energy is -88.7297, in which electron energy is -89.6158 and phonon energy is 0.886127
final variational state is: 
	Gamma_x = [      1,1.13658,1.24832,1.13658,1.13658,1.24832,1.30178,1.24832,1.24832,1.30178,1.63159,1.30178,1.13658,1.24832,1.30178,1.24832]
	lambda_q = [ 1.11794,0.897798,0.878079,0.897798,0.897798,0.878079, 0.79983,0.878079,0.878079, 0.79983, 1.07118, 0.79983,0.897798,0.878079, 0.79983,0.878079]
********************************************************************************************************************
o___o  ----------------------------------------
| L |	Time since last clock: 0h 0m 0s
A===A	Time since the beginning: 0h 17m 21.166s
***********************************************

********************************************************************************************************************
Start warm-up calculation for scaling factor 2
open output files: NGSEDWarmUpW2Obs.txt
