SNEDics v3.4 Non-Gaussian ED ground state program		Start at Sat Mar  7 17:29:00 2020

parallized on 16 MPI threads  * 8 OpenMP threads = 128 total threads.
********************************************************************************************************************
********************************************************************************************************************

********************************************************************************************************************
System parameters and configurations
********************************************************************************************************************
Special program options are enabled: splitted diagonal Hamiltonian
********************************************************************************************************************
Read input file "model_params.in"
	Hubbard-Holstein model parameters : 	t = 1    U = 8    g = 2.0976    W = 1    
********************************************************************************************************************
Read input file "hilbertspace_params.in"
	Requested 16-site 2D lattice, with 16 electrons (8, 8)
	Boundary : Periodic		Hilbert space representation : momentum-space (restricted to kIdx = 0)
	Conservation: particle number[U(1)]      spin[U(1)]     momentum
********************************************************************************************************************

Cluster Positions:				Cluster symmetry group : D4
 x ... x ... x ... x .....                       x ... x ... x ... x .....
 |           |           :                       |           |           :
 |           |           :                       |           |           :
12    13    14    15     x                       1     5     6     5     x
 |           |           :                       |           |           :
 |           |           :                       |           |           :
 8 --- 9 ---10 ---11 --- x                       2 --- 6 ---10 --- 6 --- x
 |           |           :                       |           |           :
 |           |           :                       |           |           :
 4     5     6     7     x                       1     5     6     5     x
 |           |           :                       |           |           :
 |           |           :                       |           |           :
 0 --- 1 --- 2 --- 3 --- x                       0 --- 1 --- 2 --- 1 --- x
orbital number : 1
********************************************************************************************************************
Read input file "obs_params.in"
	Observable Type : Nq(All),   Sq(All),   N(All),   Delta[s](All),   Delta[d](All),   Delta[s+](All)
********************************************************************************************************************
** WARNING ** the input observables have non-local factors which have been reinterpreted. The total observable number is 96
********************************************************************************************************************


********************************************************************************************************************
Start calculating the non-Gaussian ED ground state
** WARNING ** Detected low phonon energy W < 10. The initial state will be prepared through a warm-up process.
********************************************************************************************************************
Start warm-up calculation for scaling factor 16
open output files: NGSEDWarmUpW16Obs.txt
********************************************************************************************************************
Start the 0 rounds of NGS-ED iteration
	effective electronic model is modified as: kinetic energy t = 1
	                                           effective interaction Vq = [-0,-0,-0,-0,-0,-0,-0,-0,-0,-0,-0,-0,-0,-0,-0,-0]
	first Hamiltonian is constructed, non-zero numbers = 2845383612
	PARPACK diagonalization completed after 105 matrix-vector product operations.
	iteration results: : total energy is -8.468875 | electron energy -8.468875 + phonon energy 0.000000 | electron momentum kIdx = 0
	Nq(0) = 16,	Nq(1) = 0.0625034,	Nq(2) = 0.109912,	Nq(3) = 0.0625034,	Nq(4) = 0.0625034,	Nq(5) = 0.109912,	Nq(6) = 0.152438,	Nq(7) = 0.109912,	Nq(8) = 0.109912,	Nq(9) = 0.152438,	Nq(10) = 0.1925,	Nq(11) = 0.152438,	Nq(12) = 0.0625034,	Nq(13) = 0.109912,	Nq(14) = 0.152438,	Nq(15) = 0.109912,	Sq(0) = 1.02167e-18,	Sq(1) = 0.412873,	Sq(2) = 0.641315,	Sq(3) = 0.412873,	Sq(4) = 0.412873,	Sq(5) = 0.641315,	Sq(6) = 0.93882,	Sq(7) = 0.641315,	Sq(8) = 0.641315,	Sq(9) = 0.93882,	Sq(10) = 5.0336,	Sq(11) = 0.93882,	Sq(12) = 0.412873,	Sq(13) = 0.641315,	Sq(14) = 0.93882,	Sq(15) = 0.641315,	N(0) = 1.77534,	N(1) = 1.56957,	N(2) = 1,	N(3) = 1.56957,	N(4) = 1.56957,	N(5) = 1,	N(6) = 0.430429,	N(7) = 1,	N(8) = 1,	N(9) = 0.430429,	N(10) = 0.224665,	N(11) = 0.430429,	N(12) = 1.56957,	N(13) = 1,	N(14) = 0.430429,	N(15) = 1,	Delta[s](0) = 0.0823215,	Delta[s](1) = 0.0688081,	Delta[s](2) = 0.0544697,	Delta[s](3) = 0.0688081,	Delta[s](4) = 0.0688081,	Delta[s](5) = 0.0544697,	Delta[s](6) = 0.0384999,	Delta[s](7) = 0.0544697,	Delta[s](8) = 0.0544697,	Delta[s](9) = 0.0384999,	Delta[s](10) = 0.0174957,	Delta[s](11) = 0.0384999,	Delta[s](12) = 0.0688081,	Delta[s](13) = 0.0544697,	Delta[s](14) = 0.0384999,	Delta[s](15) = 0.0544697,	Delta[d](0) = 0.588662,	Delta[d](1) = 0.453469,	Delta[d](2) = 0.343809,	Delta[d](3) = 0.453469,	Delta[d](4) = 0.453469,	Delta[d](5) = 0.349949,	Delta[d](6) = 0.243341,	Delta[d](7) = 0.349949,	Delta[d](8) = 0.343809,	Delta[d](9) = 0.243341,	Delta[d](10) = 0.126189,	Delta[d](11) = 0.243341,	Delta[d](12) = 0.453469,	Delta[d](13) = 0.349949,	Delta[d](14) = 0.243341,	Delta[d](15) = 0.349949,	Delta[s+](0) = 0.613408,	Delta[s+](1) = 0.485734,	Delta[s+](2) = 0.343809,	Delta[s+](3) = 0.485734,	Delta[s+](4) = 0.485734,	Delta[s+](5) = 0.343809,	Delta[s+](6) = 0.203986,	Delta[s+](7) = 0.343809,	Delta[s+](8) = 0.343809,	Delta[s+](9) = 0.203986,	Delta[s+](10) = 0.078714,	Delta[s+](11) = 0.203986,	Delta[s+](12) = 0.485734,	Delta[s+](13) = 0.343809,	Delta[s+](14) = 0.203986,	Delta[s+](15) = 0.343809
The 0-th iteration is completed.	|| time cost : 0h 8m 17.389s
********************************************************************************************************************
Start the 1 rounds of NGS-ED iteration
	effective electronic model is modified as: kinetic energy t = 0.905993
	                                           effective interaction Vq = [-4.22058,-3.78126, -3.7191,-3.78126,-3.78126, -3.7191,-3.67807, -3.7191, -3.7191,-3.67807,-3.64843,-3.67807,-3.78126, -3.7191,-3.67807, -3.7191]
	PARPACK diagonalization completed after 60 matrix-vector product operations.
	iteration results: : total energy is -87.367431 | electron energy -87.372664 + phonon energy 0.005234 | electron momentum kIdx = 0
The 1-th iteration is completed.	|| time cost : 0h 7m 18.429s
********************************************************************************************************************
Start the 2 rounds of NGS-ED iteration
	effective electronic model is modified as: kinetic energy t = 0.843958
	                                           effective interaction Vq = [-4.39262,-4.30102,-4.20818,-4.30102,-4.30102,-4.20818,-4.21476,-4.20818,-4.20818,-4.21476,-4.15993,-4.21476,-4.30102,-4.20818,-4.21476,-4.20818]
	PARPACK diagonalization completed after 75 matrix-vector product operations.
	iteration results: : total energy is -92.555973 | electron energy -92.602257 + phonon energy 0.046284 | electron momentum kIdx = 0
The 2-th iteration is completed.	|| time cost : 0h 0m 41.46s
********************************************************************************************************************
Start the 3 rounds of NGS-ED iteration
	effective electronic model is modified as: kinetic energy t = 0.818062
	                                           effective interaction Vq = [-4.39963,-4.35974,-4.34497,-4.35974,-4.35974,-4.34497,-4.29723,-4.34497,-4.34497,-4.29723,-4.29723,-4.29723,-4.35974,-4.34497,-4.29723,-4.34497]
	PARPACK diagonalization completed after 60 matrix-vector product operations.
	iteration results: : total energy is -93.080432 | electron energy -93.149103 + phonon energy 0.068671 | electron momentum kIdx = 0
The 3-th iteration is completed.	|| time cost : 0h 0m 36.802s
********************************************************************************************************************
Start the 4 rounds of NGS-ED iteration
	effective electronic model is modified as: kinetic energy t = 0.812673
	                                           effective interaction Vq = [-4.39991,-4.36743,-4.36261,-4.36743,-4.36743,-4.36261,-4.31023,-4.36261,-4.36261,-4.31023,-4.32303,-4.31023,-4.36743,-4.36261,-4.31023,-4.36261]
	PARPACK diagonalization completed after 45 matrix-vector product operations.
	iteration results: : total energy is -93.102713 | electron energy -93.177887 + phonon energy 0.075174 | electron momentum kIdx = 0
The 4-th iteration is completed.	|| time cost : 0h 0m 32.063s
********************************************************************************************************************
Start the 5 rounds of NGS-ED iteration
	effective electronic model is modified as: kinetic energy t = 0.811555
	                                           effective interaction Vq = [-4.39993,-4.36876,-4.36545,-4.36876,-4.36876,-4.36545,-4.31274,-4.36545,-4.36545,-4.31274,-4.33022,-4.31274,-4.36876,-4.36545,-4.31274,-4.36545]
	PARPACK diagonalization completed after 45 matrix-vector product operations.
	iteration results: : total energy is -93.103709 | electron energy -93.180370 + phonon energy 0.076661 | electron momentum kIdx = 0
The 5-th iteration is completed.	|| time cost : 0h 0m 32.1s
********************************************************************************************************************
Start the 6 rounds of NGS-ED iteration
	effective electronic model is modified as: kinetic energy t = 0.811299
	                                           effective interaction Vq = [-4.39993,-4.36901,-4.36584,-4.36901,-4.36901,-4.36584,-4.31326,-4.36584,-4.36584,-4.31326,-4.33309,-4.31326,-4.36901,-4.36584,-4.31326,-4.36584]
	PARPACK diagonalization completed after 30 matrix-vector product operations.
	iteration results: : total energy is -93.103790 | electron energy -93.180813 + phonon energy 0.077024 | electron momentum kIdx = 0
The 6-th iteration is completed.	|| time cost : 0h 0m 27.355s
********************************************************************************************************************
Start the 7 rounds of NGS-ED iteration
	effective electronic model is modified as: kinetic energy t = 0.811225
	                                           effective interaction Vq = [-4.39993,-4.36906,-4.36581,-4.36906,-4.36906,-4.36581,-4.31338,-4.36581,-4.36581,-4.31338,-4.33464,-4.31338,-4.36906,-4.36581,-4.31338,-4.36581]
	PARPACK diagonalization completed after 30 matrix-vector product operations.
	iteration results: : total energy is -93.103811 | electron energy -93.180948 + phonon energy 0.077137 | electron momentum kIdx = 0
	Nq(0) = 16,	Nq(1) = 0.406392,	Nq(2) = 0.755693,	Nq(3) = 0.406392,	Nq(4) = 0.406392,	Nq(5) = 0.755693,	Nq(6) = 0.665017,	Nq(7) = 0.755693,	Nq(8) = 0.755693,	Nq(9) = 0.665017,	Nq(10) = 1.03632,	Nq(11) = 0.665017,	Nq(12) = 0.406392,	Nq(13) = 0.755693,	Nq(14) = 0.665017,	Nq(15) = 0.755693,	Sq(0) = 2.36394e-18,	Sq(1) = 0.317603,	Sq(2) = 0.352272,	Sq(3) = 0.317603,	Sq(4) = 0.317603,	Sq(5) = 0.352272,	Sq(6) = 0.544217,	Sq(7) = 0.352272,	Sq(8) = 0.352272,	Sq(9) = 0.544217,	Sq(10) = 0.582974,	Sq(11) = 0.544217,	Sq(12) = 0.317603,	Sq(13) = 0.352272,	Sq(14) = 0.544217,	Sq(15) = 0.352272,	N(0) = 1.99685,	N(1) = 1.99184,	N(2) = 1,	N(3) = 1.99184,	N(4) = 1.99184,	N(5) = 1,	N(6) = 0.00815574,	N(7) = 1,	N(8) = 1,	N(9) = 0.00815574,	N(10) = 0.00314568,	N(11) = 0.00815574,	N(12) = 1.99184,	N(13) = 1,	N(14) = 0.00815574,	N(15) = 1,	Delta[s](0) = 0.709354,	Delta[s](1) = 0.319365,	Delta[s](2) = 0.280179,	Delta[s](3) = 0.319365,	Delta[s](4) = 0.319365,	Delta[s](5) = 0.280179,	Delta[s](6) = 0.258367,	Delta[s](7) = 0.280179,	Delta[s](8) = 0.280179,	Delta[s](9) = 0.258367,	Delta[s](10) = 0.226701,	Delta[s](11) = 0.258367,	Delta[s](12) = 0.319365,	Delta[s](13) = 0.280179,	Delta[s](14) = 0.258367,	Delta[s](15) = 0.280179,	Delta[d](0) = 0.329077,	Delta[d](1) = 0.276077,	Delta[d](2) = 0.251129,	Delta[d](3) = 0.276077,	Delta[d](4) = 0.276077,	Delta[d](5) = 0.245141,	Delta[d](6) = 0.233979,	Delta[d](7) = 0.245141,	Delta[d](8) = 0.251129,	Delta[d](9) = 0.233979,	Delta[d](10) = 0.161459,	Delta[d](11) = 0.233979,	Delta[d](12) = 0.276077,	Delta[d](13) = 0.245141,	Delta[d](14) = 0.233979,	Delta[d](15) = 0.245141,	Delta[s+](0) = 0.450785,	Delta[s+](1) = 0.37161,	Delta[s+](2) = 0.251129,	Delta[s+](3) = 0.37161,	Delta[s+](4) = 0.37161,	Delta[s+](5) = 0.251129,	Delta[s+](6) = 0.126133,	Delta[s+](7) = 0.251129,	Delta[s+](8) = 0.251129,	Delta[s+](9) = 0.126133,	Delta[s+](10) = 0.0439062,	Delta[s+](11) = 0.126133,	Delta[s+](12) = 0.37161,	Delta[s+](13) = 0.251129,	Delta[s+](14) = 0.126133,	Delta[s+](15) = 0.251129
The 7-th iteration is completed.	|| time cost : 0h 4m 45.837s
********************************************************************************************************************
********************************************************************************************************************
Ground state is obtained after 8 iterations. The current ground-state energy is -93.1038, in which electron energy is -93.1809 and phonon energy is 0.0771373
final variational state is: 
	Gamma_x = [      1,1.01729,1.03398,1.01729,1.01729,1.03398,1.04506,1.03398,1.03398,1.04506,1.06227,1.04506,1.01729,1.03398,1.04506,1.03398]
	lambda_q = [0.524399, 0.48049,0.478173, 0.48049, 0.48049,0.478173,0.450871,0.478173,0.478173,0.450871,0.461019,0.450871, 0.48049,0.478173,0.450871,0.478173]
********************************************************************************************************************
o___o  ----------------------------------------
| L |	Time since last clock: 0h 0m 0s
A===A	Time since the beginning: 0h 23m 11.439s
***********************************************

********************************************************************************************************************
Start warm-up calculation for scaling factor 8
open output files: NGSEDWarmUpW8Obs.txt
********************************************************************************************************************
Start the 0 rounds of NGS-ED iteration
	effective electronic model is modified as: kinetic energy t = 0.811193
	                                           effective interaction Vq = [-4.02247,-3.85444,-3.84472,-3.85444,-3.85444,-3.84472,-3.72367,-3.84472,-3.84472,-3.72367,-3.77006,-3.72367,-3.85444,-3.84472,-3.72367,-3.84472]
	PARPACK diagonalization completed after 75 matrix-vector product operations.
	iteration results: : total energy is -82.442245 | electron energy -82.480839 + phonon energy 0.038595 | electron momentum kIdx = 0
	Nq(0) = 16,	Nq(1) = 0.343648,	Nq(2) = 0.366484,	Nq(3) = 0.343648,	Nq(4) = 0.343648,	Nq(5) = 0.366484,	Nq(6) = 0.557616,	Nq(7) = 0.366484,	Nq(8) = 0.366484,	Nq(9) = 0.557616,	Nq(10) = 0.596019,	Nq(11) = 0.557616,	Nq(12) = 0.343648,	Nq(13) = 0.366484,	Nq(14) = 0.557616,	Nq(15) = 0.366484,	Sq(0) = 1.61499e-18,	Sq(1) = 0.388927,	Sq(2) = 0.560711,	Sq(3) = 0.388927,	Sq(4) = 0.388927,	Sq(5) = 0.560711,	Sq(6) = 0.651941,	Sq(7) = 0.560711,	Sq(8) = 0.560711,	Sq(9) = 0.651941,	Sq(10) = 2.07228,	Sq(11) = 0.651941,	Sq(12) = 0.388927,	Sq(13) = 0.560711,	Sq(14) = 0.651941,	Sq(15) = 0.560711,	N(0) = 1.99867,	N(1) = 1.99663,	N(2) = 1,	N(3) = 1.99663,	N(4) = 1.99663,	N(5) = 1,	N(6) = 0.00336893,	N(7) = 1,	N(8) = 1,	N(9) = 0.00336893,	N(10) = 0.00132988,	N(11) = 0.00336893,	N(12) = 1.99663,	N(13) = 1,	N(14) = 0.00336893,	N(15) = 1,	Delta[s](0) = 0.237754,	Delta[s](1) = 0.23058,	Delta[s](2) = 0.193686,	Delta[s](3) = 0.23058,	Delta[s](4) = 0.23058,	Delta[s](5) = 0.193686,	Delta[s](6) = 0.187324,	Delta[s](7) = 0.193686,	Delta[s](8) = 0.193686,	Delta[s](9) = 0.187324,	Delta[s](10) = 0.128505,	Delta[s](11) = 0.187324,	Delta[s](12) = 0.23058,	Delta[s](13) = 0.193686,	Delta[s](14) = 0.187324,	Delta[s](15) = 0.193686,	Delta[d](0) = 0.524995,	Delta[d](1) = 0.32548,	Delta[d](2) = 0.283391,	Delta[d](3) = 0.32548,	Delta[d](4) = 0.32548,	Delta[d](5) = 0.328066,	Delta[d](6) = 0.25068,	Delta[d](7) = 0.328066,	Delta[d](8) = 0.283391,	Delta[d](9) = 0.25068,	Delta[d](10) = 0.134474,	Delta[d](11) = 0.25068,	Delta[d](12) = 0.32548,	Delta[d](13) = 0.328066,	Delta[d](14) = 0.25068,	Delta[d](15) = 0.328066,	Delta[s+](0) = 0.507601,	Delta[s+](1) = 0.417861,	Delta[s+](2) = 0.283391,	Delta[s+](3) = 0.417861,	Delta[s+](4) = 0.417861,	Delta[s+](5) = 0.283391,	Delta[s+](6) = 0.149623,	Delta[s+](7) = 0.283391,	Delta[s+](8) = 0.283391,	Delta[s+](9) = 0.149623,	Delta[s+](10) = 0.0526907,	Delta[s+](11) = 0.149623,	Delta[s+](12) = 0.417861,	Delta[s+](13) = 0.283391,	Delta[s+](14) = 0.149623,	Delta[s+](15) = 0.283391
The 0-th iteration is completed.	|| time cost : 0h 4m 39.951s
********************************************************************************************************************
Start the 1 rounds of NGS-ED iteration
	effective electronic model is modified as: kinetic energy t = 0.777824
	                                           effective interaction Vq = [-4.32372,-4.14876,-4.00199,-4.14876,-4.14876,-4.00199,-3.98495,-4.00199,-4.00199,-3.98495,-3.92366,-3.98495,-4.14876,-4.00199,-3.98495,-4.00199]
	PARPACK diagonalization completed after 75 matrix-vector product operations.
	iteration results: : total energy is -87.854831 | electron energy -88.003128 + phonon energy 0.148297 | electron momentum kIdx = 0
The 1-th iteration is completed.	|| time cost : 0h 0m 41.543s
********************************************************************************************************************
Start the 2 rounds of NGS-ED iteration
	effective electronic model is modified as: kinetic energy t = 0.748063
	                                           effective interaction Vq = [-4.38454, -4.2592,-4.18085, -4.2592, -4.2592,-4.18085,-4.10169,-4.18085,-4.18085,-4.10169,-3.99878,-4.10169, -4.2592,-4.18085,-4.10169,-4.18085]
	PARPACK diagonalization completed after 60 matrix-vector product operations.
	iteration results: : total energy is -89.341796 | electron energy -89.556160 + phonon energy 0.214363 | electron momentum kIdx = 0
The 2-th iteration is completed.	|| time cost : 0h 0m 36.77s
********************************************************************************************************************
Start the 3 rounds of NGS-ED iteration
	effective electronic model is modified as: kinetic energy t = 0.728407
	                                           effective interaction Vq = [-4.39682,-4.29723, -4.2675,-4.29723,-4.29723, -4.2675,-4.15384, -4.2675, -4.2675,-4.15384,-4.12679,-4.15384,-4.29723, -4.2675,-4.15384, -4.2675]
	PARPACK diagonalization completed after 45 matrix-vector product operations.
	iteration results: : total energy is -89.720656 | electron energy -89.977629 + phonon energy 0.256973 | electron momentum kIdx = 0
The 3-th iteration is completed.	|| time cost : 0h 0m 32.127s
********************************************************************************************************************
Start the 4 rounds of NGS-ED iteration
	effective electronic model is modified as: kinetic energy t = 0.719615
	                                           effective interaction Vq = [ -4.3993,-4.31118,-4.29932,-4.31118,-4.31118,-4.29932,-4.17508,-4.29932,-4.29932,-4.17508, -4.1824,-4.17508,-4.31118,-4.29932,-4.17508,-4.29932]
	PARPACK diagonalization completed after 45 matrix-vector product operations.
	iteration results: : total energy is -89.798667 | electron energy -90.080162 + phonon energy 0.281495 | electron momentum kIdx = 0
The 4-th iteration is completed.	|| time cost : 0h 0m 32.07s
********************************************************************************************************************
Start the 5 rounds of NGS-ED iteration
	effective electronic model is modified as: kinetic energy t = 0.715679
	                                           effective interaction Vq = [ -4.3998,-4.31665,-4.31193,-4.31665,-4.31665,-4.31193,-4.18416,-4.31193,-4.31193,-4.18416,-4.20814,-4.18416,-4.31665,-4.31193,-4.18416,-4.31193]
	PARPACK diagonalization completed after 45 matrix-vector product operations.
	iteration results: : total energy is -89.814582 | electron energy -90.108211 + phonon energy 0.293630 | electron momentum kIdx = 0
The 5-th iteration is completed.	|| time cost : 0h 0m 32.121s
********************************************************************************************************************
Start the 6 rounds of NGS-ED iteration
	effective electronic model is modified as: kinetic energy t = 0.713915
	                                           effective interaction Vq = [ -4.3999,-4.31886,-4.31715,-4.31886,-4.31886,-4.31715,-4.18813,-4.31715,-4.31715,-4.18813, -4.2205,-4.18813,-4.31886,-4.31715,-4.18813,-4.31715]
	PARPACK diagonalization completed after 45 matrix-vector product operations.
	iteration results: : total energy is -89.817827 | electron energy -90.117164 + phonon energy 0.299337 | electron momentum kIdx = 0
The 6-th iteration is completed.	|| time cost : 0h 0m 32.106s
********************************************************************************************************************
Start the 7 rounds of NGS-ED iteration
	effective electronic model is modified as: kinetic energy t = 0.713124
	                                           effective interaction Vq = [-4.39992,-4.31977,-4.31936,-4.31977,-4.31977,-4.31936,-4.18988,-4.31936,-4.31936,-4.18988,-4.22657,-4.18988,-4.31977,-4.31936,-4.18988,-4.31936]
	PARPACK diagonalization completed after 30 matrix-vector product operations.
	iteration results: : total energy is -89.818493 | electron energy -90.120470 + phonon energy 0.301977 | electron momentum kIdx = 0
The 7-th iteration is completed.	|| time cost : 0h 0m 27.419s
********************************************************************************************************************
Start the 8 rounds of NGS-ED iteration
	effective electronic model is modified as: kinetic energy t = 0.712768
	                                           effective interaction Vq = [-4.39992,-4.32014, -4.3203,-4.32014,-4.32014, -4.3203,-4.19066, -4.3203, -4.3203,-4.19066, -4.2296,-4.19066,-4.32014, -4.3203,-4.19066, -4.3203]
	PARPACK diagonalization completed after 30 matrix-vector product operations.
	iteration results: : total energy is -89.818631 | electron energy -90.121825 + phonon energy 0.303194 | electron momentum kIdx = 0
The 8-th iteration is completed.	|| time cost : 0h 0m 27.471s
********************************************************************************************************************
Start the 9 rounds of NGS-ED iteration
	effective electronic model is modified as: kinetic energy t = 0.712607
	                                           effective interaction Vq = [-4.39993,-4.32029,-4.32071,-4.32029,-4.32029,-4.32071,  -4.191,-4.32071,-4.32071,  -4.191,-4.23112,  -4.191,-4.32029,-4.32071,  -4.191,-4.32071]
	PARPACK diagonalization completed after 30 matrix-vector product operations.
	iteration results: : total energy is -89.818661 | electron energy -90.122417 + phonon energy 0.303756 | electron momentum kIdx = 0
The 9-th iteration is completed.	|| time cost : 0h 0m 27.38s
********************************************************************************************************************
Start the 10 rounds of NGS-ED iteration
	effective electronic model is modified as: kinetic energy t = 0.712534
	                                           effective interaction Vq = [-4.39993,-4.32035,-4.32088,-4.32035,-4.32035,-4.32088,-4.19116,-4.32088,-4.32088,-4.19116,-4.23189,-4.19116,-4.32035,-4.32088,-4.19116,-4.32088]
	PARPACK diagonalization completed after 30 matrix-vector product operations.
	iteration results: : total energy is -89.818667 | electron energy -90.122684 + phonon energy 0.304017 | electron momentum kIdx = 0
	Nq(0) = 16,	Nq(1) = 0.405936,	Nq(2) = 0.777916,	Nq(3) = 0.405936,	Nq(4) = 0.405936,	Nq(5) = 0.777916,	Nq(6) = 0.635532,	Nq(7) = 0.777916,	Nq(8) = 0.777916,	Nq(9) = 0.635532,	Nq(10) = 0.933633,	Nq(11) = 0.635532,	Nq(12) = 0.405936,	Nq(13) = 0.777916,	Nq(14) = 0.635532,	Nq(15) = 0.777916,	Sq(0) = 8.06397e-18,	Sq(1) = 0.324782,	Sq(2) = 0.355997,	Sq(3) = 0.324782,	Sq(4) = 0.324782,	Sq(5) = 0.355997,	Sq(6) = 0.552553,	Sq(7) = 0.355997,	Sq(8) = 0.355997,	Sq(9) = 0.552553,	Sq(10) = 0.587674,	Sq(11) = 0.552553,	Sq(12) = 0.324782,	Sq(13) = 0.355997,	Sq(14) = 0.552553,	Sq(15) = 0.355997,	N(0) = 1.99745,	N(1) = 1.99274,	N(2) = 1,	N(3) = 1.99274,	N(4) = 1.99274,	N(5) = 1,	N(6) = 0.00725583,	N(7) = 1,	N(8) = 1,	N(9) = 0.00725583,	N(10) = 0.00254911,	N(11) = 0.00725583,	N(12) = 1.99274,	N(13) = 1,	N(14) = 0.00725583,	N(15) = 1,	Delta[s](0) = 0.520043,	Delta[s](1) = 0.313483,	Delta[s](2) = 0.289514,	Delta[s](3) = 0.313483,	Delta[s](4) = 0.313483,	Delta[s](5) = 0.289514,	Delta[s](6) = 0.276077,	Delta[s](7) = 0.289514,	Delta[s](8) = 0.289514,	Delta[s](9) = 0.276077,	Delta[s](10) = 0.268136,	Delta[s](11) = 0.276077,	Delta[s](12) = 0.313483,	Delta[s](13) = 0.289514,	Delta[s](14) = 0.276077,	Delta[s](15) = 0.289514,	Delta[d](0) = 0.339433,	Delta[d](1) = 0.294303,	Delta[d](2) = 0.272031,	Delta[d](3) = 0.294303,	Delta[d](4) = 0.294303,	Delta[d](5) = 0.269459,	Delta[d](6) = 0.257524,	Delta[d](7) = 0.269459,	Delta[d](8) = 0.272031,	Delta[d](9) = 0.257524,	Delta[d](10) = 0.199529,	Delta[d](11) = 0.257524,	Delta[d](12) = 0.294303,	Delta[d](13) = 0.269459,	Delta[d](14) = 0.257524,	Delta[d](15) = 0.269459,	Delta[s+](0) = 0.464815,	Delta[s+](1) = 0.385342,	Delta[s+](2) = 0.272031,	Delta[s+](3) = 0.385342,	Delta[s+](4) = 0.385342,	Delta[s+](5) = 0.272031,	Delta[s+](6) = 0.154255,	Delta[s+](7) = 0.272031,	Delta[s+](8) = 0.272031,	Delta[s+](9) = 0.154255,	Delta[s+](10) = 0.0720518,	Delta[s+](11) = 0.154255,	Delta[s+](12) = 0.385342,	Delta[s+](13) = 0.272031,	Delta[s+](14) = 0.154255,	Delta[s+](15) = 0.272031
The 10-th iteration is completed.	|| time cost : 0h 4m 44.597s
********************************************************************************************************************
********************************************************************************************************************
Ground state is obtained after 11 iterations. The current ground-state energy is -89.8187, in which electron energy is -90.1227 and phonon energy is 0.304017
final variational state is: 
	Gamma_x = [      1,1.05331,1.10416,1.05331,1.05331,1.10416,1.12614,1.10416,1.10416,1.12614,1.17408,1.12614,1.05331,1.10416,1.12614,1.10416]
	lambda_q = [0.741581,0.641894,0.642257,0.641894,0.641894,0.642257,0.580096,0.642257,0.642257,0.580096,0.596855,0.580096,0.641894,0.642257,0.580096,0.642257]
********************************************************************************************************************
o___o  ----------------------------------------
| L |	Time since last clock: 0h 0m 0s
A===A	Time since the beginning: 0h 37m 24.999s
***********************************************

********************************************************************************************************************
Start warm-up calculation for scaling factor 4
open output files: NGSEDWarmUpW4Obs.txt
********************************************************************************************************************
Start the 0 rounds of NGS-ED iteration
	effective electronic model is modified as: kinetic energy t = 0.712501
	                                           effective interaction Vq = [-4.02239,-3.73764,-3.73882,-3.73764,-3.73764,-3.73882,-3.52119,-3.73882,-3.73882,-3.52119,-3.58291,-3.52119,-3.73764,-3.73882,-3.52119,-3.73882]
	PARPACK diagonalization completed after 75 matrix-vector product operations.
	iteration results: : total energy is -79.050044 | electron energy -79.202113 + phonon energy 0.152070 | electron momentum kIdx = 0
	Nq(0) = 16,	Nq(1) = 0.313209,	Nq(2) = 0.355963,	Nq(3) = 0.313209,	Nq(4) = 0.313209,	Nq(5) = 0.355963,	Nq(6) = 0.505002,	Nq(7) = 0.355963,	Nq(8) = 0.355963,	Nq(9) = 0.505002,	Nq(10) = 0.562259,	Nq(11) = 0.505002,	Nq(12) = 0.313209,	Nq(13) = 0.355963,	Nq(14) = 0.505002,	Nq(15) = 0.355963,	Sq(0) = 9.61869e-18,	Sq(1) = 0.399914,	Sq(2) = 0.576183,	Sq(3) = 0.399914,	Sq(4) = 0.399914,	Sq(5) = 0.576183,	Sq(6) = 0.676126,	Sq(7) = 0.576183,	Sq(8) = 0.576183,	Sq(9) = 0.676126,	Sq(10) = 2.26786,	Sq(11) = 0.676126,	Sq(12) = 0.399914,	Sq(13) = 0.576183,	Sq(14) = 0.676126,	Sq(15) = 0.576183,	N(0) = 1.99508,	N(1) = 1.98773,	N(2) = 1,	N(3) = 1.98773,	N(4) = 1.98773,	N(5) = 1,	N(6) = 0.0122691,	N(7) = 1,	N(8) = 1,	N(9) = 0.0122691,	N(10) = 0.00492221,	N(11) = 0.0122691,	N(12) = 1.98773,	N(13) = 1,	N(14) = 0.0122691,	N(15) = 1,	Delta[s](0) = 0.213683,	Delta[s](1) = 0.205898,	Delta[s](2) = 0.183705,	Delta[s](3) = 0.205898,	Delta[s](4) = 0.205898,	Delta[s](5) = 0.183705,	Delta[s](6) = 0.176526,	Delta[s](7) = 0.183705,	Delta[s](8) = 0.183705,	Delta[s](9) = 0.176526,	Delta[s](10) = 0.139833,	Delta[s](11) = 0.176526,	Delta[s](12) = 0.205898,	Delta[s](13) = 0.183705,	Delta[s](14) = 0.176526,	Delta[s](15) = 0.183705,	Delta[d](0) = 0.551976,	Delta[d](1) = 0.371087,	Delta[d](2) = 0.319823,	Delta[d](3) = 0.371087,	Delta[d](4) = 0.371087,	Delta[d](5) = 0.3574,	Delta[d](6) = 0.279574,	Delta[d](7) = 0.3574,	Delta[d](8) = 0.319823,	Delta[d](9) = 0.279574,	Delta[d](10) = 0.167458,	Delta[d](11) = 0.279574,	Delta[d](12) = 0.371087,	Delta[d](13) = 0.3574,	Delta[d](14) = 0.279574,	Delta[d](15) = 0.3574,	Delta[s+](0) = 0.558897,	Delta[s+](1) = 0.459985,	Delta[s+](2) = 0.319823,	Delta[s+](3) = 0.459985,	Delta[s+](4) = 0.459985,	Delta[s+](5) = 0.319823,	Delta[s+](6) = 0.181378,	Delta[s+](7) = 0.319823,	Delta[s+](8) = 0.319823,	Delta[s+](9) = 0.181378,	Delta[s+](10) = 0.0746406,	Delta[s+](11) = 0.181378,	Delta[s+](12) = 0.459985,	Delta[s+](13) = 0.319823,	Delta[s+](14) = 0.181378,	Delta[s+](15) = 0.319823
The 0-th iteration is completed.	|| time cost : 0h 4m 36.972s
********************************************************************************************************************
Start the 1 rounds of NGS-ED iteration
	effective electronic model is modified as: kinetic energy t = 0.714847
	                                           effective interaction Vq = [-4.23029,-3.88929,-3.72473,-3.88929,-3.88929,-3.72473,-3.61499,-3.72473,-3.72473,-3.61499,-3.57823,-3.61499,-3.88929,-3.72473,-3.61499,-3.72473]
	PARPACK diagonalization completed after 45 matrix-vector product operations.
	iteration results: : total energy is -82.586263 | electron energy -82.943320 + phonon energy 0.357057 | electron momentum kIdx = 0
The 1-th iteration is completed.	|| time cost : 0h 0m 32.085s
********************************************************************************************************************
Start the 2 rounds of NGS-ED iteration
	effective electronic model is modified as: kinetic energy t = 0.708962
	                                           effective interaction Vq = [ -4.3237,-3.99075, -3.7317,-3.99075,-3.99075, -3.7317,  -3.699, -3.7317, -3.7317,  -3.699,-3.60426,  -3.699,-3.99075, -3.7317,  -3.699, -3.7317]
	PARPACK diagonalization completed after 45 matrix-vector product operations.
	iteration results: : total energy is -84.170425 | electron energy -84.650728 + phonon energy 0.480303 | electron momentum kIdx = 0
The 2-th iteration is completed.	|| time cost : 0h 0m 32.088s
********************************************************************************************************************
Start the 3 rounds of NGS-ED iteration
	effective electronic model is modified as: kinetic energy t = 0.701696
	                                           effective interaction Vq = [-4.36568,-4.06026,-3.74403,-4.06026,-4.06026,-3.74403,-3.76641,-3.74403,-3.74403,-3.76641,-3.63285,-3.76641,-4.06026,-3.74403,-3.76641,-3.74403]
	PARPACK diagonalization completed after 45 matrix-vector product operations.
	iteration results: : total energy is -84.891980 | electron energy -85.445156 + phonon energy 0.553176 | electron momentum kIdx = 0
The 3-th iteration is completed.	|| time cost : 0h 0m 32.06s
********************************************************************************************************************
Start the 4 rounds of NGS-ED iteration
	effective electronic model is modified as: kinetic energy t = 0.695095
	                                           effective interaction Vq = [-4.38454,-4.10864,-3.75608,-4.10864,-4.10864,-3.75608,-3.81852,-3.75608,-3.75608,-3.81852,-3.65679,-3.81852,-4.10864,-3.75608,-3.81852,-3.75608]
	PARPACK diagonalization completed after 45 matrix-vector product operations.
	iteration results: : total energy is -85.223438 | electron energy -85.823355 + phonon energy 0.599917 | electron momentum kIdx = 0
The 4-th iteration is completed.	|| time cost : 0h 0m 32.161s
********************************************************************************************************************
Start the 5 rounds of NGS-ED iteration
	effective electronic model is modified as: kinetic energy t = 0.689639
	                                           effective interaction Vq = [-4.39301,-4.14272,-3.76626,-4.14272,-4.14272,-3.76626, -3.8583,-3.76626,-3.76626, -3.8583,-3.67528, -3.8583,-4.14272,-3.76626, -3.8583,-3.76626]
	PARPACK diagonalization completed after 45 matrix-vector product operations.
	iteration results: : total energy is -85.376757 | electron energy -86.008994 + phonon energy 0.632238 | electron momentum kIdx = 0
The 5-th iteration is completed.	|| time cost : 0h 0m 32.076s
********************************************************************************************************************
Start the 6 rounds of NGS-ED iteration
	effective electronic model is modified as: kinetic energy t = 0.685307
	                                           effective interaction Vq = [-4.39682,-4.16697,-3.77437,-4.16697,-4.16697,-3.77437,-3.88858,-3.77437,-3.77437,-3.88858,-3.68913,-3.88858,-4.16697,-3.77437,-3.88858,-3.77437]
	PARPACK diagonalization completed after 45 matrix-vector product operations.
	iteration results: : total energy is -85.448193 | electron energy -86.103877 + phonon energy 0.655684 | electron momentum kIdx = 0
The 6-th iteration is completed.	|| time cost : 0h 0m 32.181s
********************************************************************************************************************
Start the 7 rounds of NGS-ED iteration
	effective electronic model is modified as: kinetic energy t = 0.681933
	                                           effective interaction Vq = [-4.39853,-4.18436,-3.78066,-4.18436,-4.18436,-3.78066,-3.91162,-3.78066,-3.78066,-3.91162,-3.69935,-3.91162,-4.18436,-3.78066,-3.91162,-3.78066]
	PARPACK diagonalization completed after 45 matrix-vector product operations.
	iteration results: : total energy is -85.481753 | electron energy -86.154891 + phonon energy 0.673137 | electron momentum kIdx = 0
The 7-th iteration is completed.	|| time cost : 0h 0m 32.144s
********************************************************************************************************************
Start the 8 rounds of NGS-ED iteration
	effective electronic model is modified as: kinetic energy t = 0.679333
	                                           effective interaction Vq = [ -4.3993,-4.19693,-3.78549,-4.19693,-4.19693,-3.78549,-3.92916,-3.78549,-3.78549,-3.92916,-3.70684,-3.92916,-4.19693,-3.78549,-3.92916,-3.78549]
	PARPACK diagonalization completed after 45 matrix-vector product operations.
	iteration results: : total energy is -85.497670 | electron energy -86.183963 + phonon energy 0.686293 | electron momentum kIdx = 0
The 8-th iteration is completed.	|| time cost : 0h 0m 32.099s
********************************************************************************************************************
Start the 9 rounds of NGS-ED iteration
	effective electronic model is modified as: kinetic energy t = 0.677342
	                                           effective interaction Vq = [-4.39964,-4.20607,-3.78915,-4.20607,-4.20607,-3.78915,-3.94253,-3.78915,-3.78915,-3.94253,-3.71232,-3.94253,-4.20607,-3.78915,-3.94253,-3.78915]
	PARPACK diagonalization completed after 45 matrix-vector product operations.
	iteration results: : total energy is -85.505301 | electron energy -86.201566 + phonon energy 0.696266 | electron momentum kIdx = 0
The 9-th iteration is completed.	|| time cost : 0h 0m 32.125s
********************************************************************************************************************
Start the 10 rounds of NGS-ED iteration
	effective electronic model is modified as: kinetic energy t = 0.675823
	                                           effective interaction Vq = [ -4.3998,-4.21274,-3.79192,-4.21274,-4.21274,-3.79192,-3.95273,-3.79192,-3.79192,-3.95273, -3.7163,-3.95273,-4.21274,-3.79192,-3.95273,-3.79192]
	PARPACK diagonalization completed after 45 matrix-vector product operations.
	iteration results: : total energy is -85.509004 | electron energy -86.212847 + phonon energy 0.703844 | electron momentum kIdx = 0
	Nq(0) = 16,	Nq(1) = 0.434561,	Nq(2) = 0.357562,	Nq(3) = 0.434561,	Nq(4) = 0.434561,	Nq(5) = 0.357562,	Nq(6) = 0.622731,	Nq(7) = 0.357562,	Nq(8) = 0.357562,	Nq(9) = 0.622731,	Nq(10) = 0.579391,	Nq(11) = 0.622731,	Nq(12) = 0.434561,	Nq(13) = 0.357562,	Nq(14) = 0.622731,	Nq(15) = 0.357562,	Sq(0) = 4.85075e-18,	Sq(1) = 0.369889,	Sq(2) = 0.543138,	Sq(3) = 0.369889,	Sq(4) = 0.369889,	Sq(5) = 0.543138,	Sq(6) = 0.622477,	Sq(7) = 0.543138,	Sq(8) = 0.543138,	Sq(9) = 0.622477,	Sq(10) = 1.81778,	Sq(11) = 0.622477,	Sq(12) = 0.369889,	Sq(13) = 0.543138,	Sq(14) = 0.622477,	Sq(15) = 0.543138,	N(0) = 1.99868,	N(1) = 1.9965,	N(2) = 1,	N(3) = 1.9965,	N(4) = 1.9965,	N(5) = 1,	N(6) = 0.00349771,	N(7) = 1,	N(8) = 1,	N(9) = 0.00349771,	N(10) = 0.00131987,	N(11) = 0.00349771,	N(12) = 1.9965,	N(13) = 1,	N(14) = 0.00349771,	N(15) = 1,	Delta[s](0) = 0.23753,	Delta[s](1) = 0.23584,	Delta[s](2) = 0.212647,	Delta[s](3) = 0.23584,	Delta[s](4) = 0.23584,	Delta[s](5) = 0.212647,	Delta[s](6) = 0.210835,	Delta[s](7) = 0.212647,	Delta[s](8) = 0.212647,	Delta[s](9) = 0.210835,	Delta[s](10) = 0.176855,	Delta[s](11) = 0.210835,	Delta[s](12) = 0.23584,	Delta[s](13) = 0.212647,	Delta[s](14) = 0.210835,	Delta[s](15) = 0.212647,	Delta[d](0) = 0.592627,	Delta[d](1) = 0.400979,	Delta[d](2) = 0.354126,	Delta[d](3) = 0.400979,	Delta[d](4) = 0.400979,	Delta[d](5) = 0.396099,	Delta[d](6) = 0.319016,	Delta[d](7) = 0.396099,	Delta[d](8) = 0.354126,	Delta[d](9) = 0.319016,	Delta[d](10) = 0.211182,	Delta[d](11) = 0.319016,	Delta[d](12) = 0.400979,	Delta[d](13) = 0.396099,	Delta[d](14) = 0.319016,	Delta[d](15) = 0.396099,	Delta[s+](0) = 0.596529,	Delta[s+](1) = 0.493943,	Delta[s+](2) = 0.354126,	Delta[s+](3) = 0.493943,	Delta[s+](4) = 0.493943,	Delta[s+](5) = 0.354126,	Delta[s+](6) = 0.208765,	Delta[s+](7) = 0.354126,	Delta[s+](8) = 0.354126,	Delta[s+](9) = 0.208765,	Delta[s+](10) = 0.100051,	Delta[s+](11) = 0.208765,	Delta[s+](12) = 0.493943,	Delta[s+](13) = 0.354126,	Delta[s+](14) = 0.208765,	Delta[s+](15) = 0.354126
The 10-th iteration is completed.	|| time cost : 0h 4m 29.009s
********************************************************************************************************************
Start the 11 rounds of NGS-ED iteration
	effective electronic model is modified as: kinetic energy t = 0.674667
	                                           effective interaction Vq = [-4.39987,-4.21764,-3.79401,-4.21764,-4.21764,-3.79401,-3.96051,-3.79401,-3.79401,-3.96051,-3.71921,-3.96051,-4.21764,-3.79401,-3.96051,-3.79401]
