SNEDics v3.4 Non-Gaussian ED ground state program		Start at Fri Sep 27 16:30:24 2019

parallized on 16 MPI threads  * 8 OpenMP threads = 128 total threads.
********************************************************************************************************************
********************************************************************************************************************

********************************************************************************************************************
System parameters and configurations
********************************************************************************************************************
Special program options are enabled: splitted diagonal Hamiltonian
********************************************************************************************************************
Read input file "model_params.in"
	Hubbard-Holstein model parameters : 	t = 1    U = 8    g = 3.1623    W = 5    
********************************************************************************************************************
Read input file "hilbertspace_params.in"
	Requested 16-site 2D lattice, with 12 electrons (6, 6)
	Boundary : Periodic		Hilbert space representation : momentum-space (restricted to kIdx = 10)
	Conservation: particle number[U(1)]      spin[U(1)]     momentum
********************************************************************************************************************

Cluster Positions:				Cluster symmetry group : D4
 x ... x ... x ... x .....                       x ... x ... x ... x .....
 |           |           :                       |           |           :
 |           |           :                       |           |           :
12    13    14    15     x                       1     5     6     5     x
 |           |           :                       |           |           :
 |           |           :                       |           |           :
 8 --- 9 ---10 ---11 --- x                       2 --- 6 ---10 --- 6 --- x
 |           |           :                       |           |           :
 |           |           :                       |           |           :
 4     5     6     7     x                       1     5     6     5     x
 |           |           :                       |           |           :
 |           |           :                       |           |           :
 0 --- 1 --- 2 --- 3 --- x                       0 --- 1 --- 2 --- 1 --- x
orbital number : 1
********************************************************************************************************************
Read input file "obs_params.in"
	Observable Type : Nq(All),   Sq(All),   N(All),   Delta[s](All),   Delta[d](All),   Delta[s+](All)
********************************************************************************************************************
** WARNING ** the input observables have non-local factors which have been reinterpreted. The total observable number is 96
********************************************************************************************************************


********************************************************************************************************************
Start calculating the non-Gaussian ED ground state
** WARNING ** Detected low phonon energy W < 10. The initial state will be prepared through a warm-up process.
********************************************************************************************************************
Start warm-up calculation for scaling factor 2
open output files: NGSEDWarmUpW10Obs.txt
********************************************************************************************************************
Start the 0 rounds of NGS-ED iteration
	effective electronic model is modified as: kinetic energy t = 1
	                                           effective interaction Vq = [-0,-0,-0,-0,-0,-0,-0,-0,-0,-0,-0,-0,-0,-0,-0,-0]
	first Hamiltonian is constructed, non-zero numbers = 969134084
	PARPACK diagonalization completed after 150 matrix-vector product operations.
	iteration results: : total energy is -14.925310 | electron energy -14.925310 + phonon energy 0.000000 | electron momentum kIdx = 10
	Nq(0) = 9,	Nq(1) = 0.191675,	Nq(2) = 0.238629,	Nq(3) = 0.191675,	Nq(4) = 0.191675,	Nq(5) = 0.259295,	Nq(6) = 0.314107,	Nq(7) = 0.259295,	Nq(8) = 0.238629,	Nq(9) = 0.314107,	Nq(10) = 0.369338,	Nq(11) = 0.314107,	Nq(12) = 0.191675,	Nq(13) = 0.259295,	Nq(14) = 0.314107,	Nq(15) = 0.259295,	Sq(0) = -3.06892e-18,	Sq(1) = 0.554662,	Sq(2) = 0.921866,	Sq(3) = 0.554662,	Sq(4) = 0.554662,	Sq(5) = 0.548737,	Sq(6) = 1.01287,	Sq(7) = 0.548737,	Sq(8) = 0.921866,	Sq(9) = 1.01287,	Sq(10) = 0.784303,	Sq(11) = 1.01287,	Sq(12) = 0.554662,	Sq(13) = 0.548737,	Sq(14) = 1.01287,	Sq(15) = 0.548737,	N(0) = 1.76735,	N(1) = 1.6264,	N(2) = 0.275186,	N(3) = 1.6264,	N(4) = 1.6264,	N(5) = 0.626534,	N(6) = 0.144321,	N(7) = 0.626534,	N(8) = 0.275186,	N(9) = 0.144321,	N(10) = 0.0932732,	N(11) = 0.144321,	N(12) = 1.6264,	N(13) = 0.626534,	N(14) = 0.144321,	N(15) = 0.626534,	Delta[s](0) = 0.0584824,	Delta[s](1) = 0.0420919,	Delta[s](2) = 0.0264591,	Delta[s](3) = 0.0420919,	Delta[s](4) = 0.0420919,	Delta[s](5) = 0.0291062,	Delta[s](6) = 0.0129382,	Delta[s](7) = 0.0291062,	Delta[s](8) = 0.0264591,	Delta[s](9) = 0.0129382,	Delta[s](10) = 0.00550406,	Delta[s](11) = 0.0129382,	Delta[s](12) = 0.0420919,	Delta[s](13) = 0.0291062,	Delta[s](14) = 0.0129382,	Delta[s](15) = 0.0291062,	Delta[d](0) = 0.195968,	Delta[d](1) = 0.132132,	Delta[d](2) = 0.164537,	Delta[d](3) = 0.132132,	Delta[d](4) = 0.132132,	Delta[d](5) = 0.121563,	Delta[d](6) = 0.092811,	Delta[d](7) = 0.121563,	Delta[d](8) = 0.164537,	Delta[d](9) = 0.092811,	Delta[d](10) = 0.0448978,	Delta[d](11) = 0.092811,	Delta[d](12) = 0.132132,	Delta[d](13) = 0.121563,	Delta[d](14) = 0.092811,	Delta[d](15) = 0.121563,	Delta[s+](0) = 0.518982,	Delta[s+](1) = 0.355266,	Delta[s+](2) = 0.164537,	Delta[s+](3) = 0.355266,	Delta[s+](4) = 0.355266,	Delta[s+](5) = 0.20709,	Delta[s+](6) = 0.0682639,	Delta[s+](7) = 0.20709,	Delta[s+](8) = 0.164537,	Delta[s+](9) = 0.0682639,	Delta[s+](10) = 0.0203969,	Delta[s+](11) = 0.0682639,	Delta[s+](12) = 0.355266,	Delta[s+](13) = 0.20709,	Delta[s+](14) = 0.0682639,	Delta[s+](15) = 0.20709
The 0-th iteration is completed.	|| time cost : 0h 3m 1.403s
********************************************************************************************************************
Start the 1 rounds of NGS-ED iteration
	effective electronic model is modified as: kinetic energy t = 0.946952
	                                           effective interaction Vq = [-1.72935,-1.61631,-1.54911,-1.61631,-1.61631,-1.56335,-1.52524,-1.56335,-1.54911,-1.52524,-1.49937,-1.52524,-1.61631,-1.56335,-1.52524,-1.56335]
	PARPACK diagonalization completed after 45 matrix-vector product operations.
	iteration results: : total energy is -35.988747 | electron energy -35.990885 + phonon energy 0.002138 | electron momentum kIdx = 10
The 1-th iteration is completed.	|| time cost : 0h 2m 30.807s
********************************************************************************************************************
Start the 2 rounds of NGS-ED iteration
	effective electronic model is modified as: kinetic energy t = 0.918069
	                                           effective interaction Vq = [ -1.9634,-1.85283,-1.76442,-1.85283,-1.85283,-1.78263,-1.74334,-1.78263,-1.76442,-1.74334, -1.7208,-1.74334,-1.85283,-1.78263,-1.74334,-1.78263]
	PARPACK diagonalization completed after 30 matrix-vector product operations.
	iteration results: : total energy is -38.514488 | electron energy -38.528213 + phonon energy 0.013725 | electron momentum kIdx = 10
The 2-th iteration is completed.	|| time cost : 0h 0m 8.988s
********************************************************************************************************************
Start the 3 rounds of NGS-ED iteration
	effective electronic model is modified as: kinetic energy t = 0.909334
	                                           effective interaction Vq = [-1.99507,-1.90298,-1.81012,-1.90298,-1.90298,-1.82944,-1.79083,-1.82944,-1.81012,-1.79083,-1.77025,-1.79083,-1.90298,-1.82944,-1.79083,-1.82944]
	PARPACK diagonalization completed after 30 matrix-vector product operations.
	iteration results: : total energy is -38.833424 | electron energy -38.855290 + phonon energy 0.021867 | electron momentum kIdx = 10
The 3-th iteration is completed.	|| time cost : 0h 0m 9.108s
********************************************************************************************************************
Start the 4 rounds of NGS-ED iteration
	effective electronic model is modified as: kinetic energy t = 0.906857
	                                           effective interaction Vq = [-1.99936,-1.91616,-1.82159,-1.91616,-1.91616,-1.84136,-1.80292,-1.84136,-1.82159,-1.80292,-1.78303,-1.80292,-1.91616,-1.84136,-1.80292,-1.84136]
	PARPACK diagonalization completed after 30 matrix-vector product operations.
	iteration results: : total energy is -38.874760 | electron energy -38.899694 + phonon energy 0.024934 | electron momentum kIdx = 10
The 4-th iteration is completed.	|| time cost : 0h 0m 8.989s
********************************************************************************************************************
Start the 5 rounds of NGS-ED iteration
	effective electronic model is modified as: kinetic energy t = 0.906161
	                                           effective interaction Vq = [-1.99994,-1.91996,-1.82464,-1.91996,-1.91996,-1.84458,-1.80616,-1.84458,-1.82464,-1.80616,-1.78649,-1.80616,-1.91996,-1.84458,-1.80616,-1.84458]
	PARPACK diagonalization completed after 30 matrix-vector product operations.
	iteration results: : total energy is -38.880207 | electron energy -38.906091 + phonon energy 0.025884 | electron momentum kIdx = 10
The 5-th iteration is completed.	|| time cost : 0h 0m 9.096s
********************************************************************************************************************
Start the 6 rounds of NGS-ED iteration
	effective electronic model is modified as: kinetic energy t = 0.905965
	                                           effective interaction Vq = [-2.00002,-1.92109,-1.82546,-1.92109,-1.92109,-1.84546,-1.80704,-1.84546,-1.82546,-1.80704,-1.78744,-1.80704,-1.92109,-1.84546,-1.80704,-1.84546]
	PARPACK diagonalization completed after 30 matrix-vector product operations.
	iteration results: : total energy is -38.880932 | electron energy -38.907091 + phonon energy 0.026159 | electron momentum kIdx = 10
The 6-th iteration is completed.	|| time cost : 0h 0m 9.01s
********************************************************************************************************************
Start the 7 rounds of NGS-ED iteration
	effective electronic model is modified as: kinetic energy t = 0.90591
	                                           effective interaction Vq = [-2.00003,-1.92143,-1.82569,-1.92143,-1.92143,-1.84571,-1.80729,-1.84571,-1.82569,-1.80729,-1.78771,-1.80729,-1.92143,-1.84571,-1.80729,-1.84571]
	PARPACK diagonalization completed after 30 matrix-vector product operations.
	iteration results: : total energy is -38.881029 | electron energy -38.907266 + phonon energy 0.026237 | electron momentum kIdx = 10
	Nq(0) = 9,	Nq(1) = 0.238918,	Nq(2) = 0.279523,	Nq(3) = 0.238918,	Nq(4) = 0.238918,	Nq(5) = 0.304143,	Nq(6) = 0.38636,	Nq(7) = 0.304143,	Nq(8) = 0.279523,	Nq(9) = 0.38636,	Nq(10) = 0.475714,	Nq(11) = 0.38636,	Nq(12) = 0.238918,	Nq(13) = 0.304143,	Nq(14) = 0.38636,	Nq(15) = 0.304143,	Sq(0) = 3.13323e-18,	Sq(1) = 0.510222,	Sq(2) = 0.851372,	Sq(3) = 0.510222,	Sq(4) = 0.510222,	Sq(5) = 0.525773,	Sq(6) = 0.908269,	Sq(7) = 0.525773,	Sq(8) = 0.851372,	Sq(9) = 0.908269,	Sq(10) = 0.767753,	Sq(11) = 0.908269,	Sq(12) = 0.510222,	Sq(13) = 0.525773,	Sq(14) = 0.908269,	Sq(15) = 0.525773,	N(0) = 1.88856,	N(1) = 1.80288,	N(2) = 0.145376,	N(3) = 1.80288,	N(4) = 1.80288,	N(5) = 0.5622,	N(6) = 0.0783037,	N(7) = 0.5622,	N(8) = 0.145376,	N(9) = 0.0783037,	N(10) = 0.0471724,	N(11) = 0.0783037,	N(12) = 1.80288,	N(13) = 0.5622,	N(14) = 0.0783037,	N(15) = 0.5622,	Delta[s](0) = 0.0998976,	Delta[s](1) = 0.0740437,	Delta[s](2) = 0.0527995,	Delta[s](3) = 0.0740437,	Delta[s](4) = 0.0740437,	Delta[s](5) = 0.0578317,	Delta[s](6) = 0.0313732,	Delta[s](7) = 0.0578317,	Delta[s](8) = 0.0527995,	Delta[s](9) = 0.0313732,	Delta[s](10) = 0.0177315,	Delta[s](11) = 0.0313732,	Delta[s](12) = 0.0740437,	Delta[s](13) = 0.0578317,	Delta[s](14) = 0.0313732,	Delta[s](15) = 0.0578317,	Delta[d](0) = 0.213554,	Delta[d](1) = 0.12471,	Delta[d](2) = 0.163855,	Delta[d](3) = 0.12471,	Delta[d](4) = 0.12471,	Delta[d](5) = 0.126077,	Delta[d](6) = 0.0808898,	Delta[d](7) = 0.126077,	Delta[d](8) = 0.163855,	Delta[d](9) = 0.0808898,	Delta[d](10) = 0.0349193,	Delta[d](11) = 0.0808898,	Delta[d](12) = 0.12471,	Delta[d](13) = 0.126077,	Delta[d](14) = 0.0808898,	Delta[d](15) = 0.126077,	Delta[s+](0) = 0.541156,	Delta[s+](1) = 0.370253,	Delta[s+](2) = 0.163855,	Delta[s+](3) = 0.370253,	Delta[s+](4) = 0.370253,	Delta[s+](5) = 0.212757,	Delta[s+](6) = 0.0642531,	Delta[s+](7) = 0.212757,	Delta[s+](8) = 0.163855,	Delta[s+](9) = 0.0642531,	Delta[s+](10) = 0.0182126,	Delta[s+](11) = 0.0642531,	Delta[s+](12) = 0.370253,	Delta[s+](13) = 0.212757,	Delta[s+](14) = 0.0642531,	Delta[s+](15) = 0.212757
The 7-th iteration is completed.	|| time cost : 0h 1m 27.063s
********************************************************************************************************************
********************************************************************************************************************
Ground state is obtained after 8 iterations. The current ground-state energy is -38.881, in which electron energy is -38.9073 and phonon energy is 0.0262369
final variational state is: 
	Gamma_x = [      1,1.01529,1.02353,1.01529,1.01529, 1.0247,1.03362, 1.0247,1.02353,1.03362,1.04266,1.03362,1.01529, 1.0247,1.03362, 1.0247]
	lambda_q = [0.447067,0.358619,0.315202,0.358619,0.358619,0.323018,0.308409,0.323018,0.315202,0.308409,0.301529,0.308409,0.358619,0.323018,0.308409,0.323018]
********************************************************************************************************************
o___o  ----------------------------------------
| L |	Time since last clock: 0h 0m 0s
A===A	Time since the beginning: 0h 7m 44.468s
***********************************************


********************************************************************************************************************
Warm up runs have been completed. Start calculating W = 5 phonon.
open output files: NGSEDIterationObs.txt
********************************************************************************************************************
Start the 0 rounds of NGS-ED iteration
	effective electronic model is modified as: kinetic energy t = 0.905895
	                                           effective interaction Vq = [-1.82817,-1.62508,-1.49676,-1.62508,-1.62508,-1.52126,-1.47498,-1.52126,-1.49676,-1.47498,-1.45245,-1.47498,-1.62508,-1.52126,-1.47498,-1.52126]
	PARPACK diagonalization completed after 45 matrix-vector product operations.
	iteration results: : total energy is -35.853440 | electron energy -35.866569 + phonon energy 0.013129 | electron momentum kIdx = 10
	Nq(0) = 9,	Nq(1) = 0.226517,	Nq(2) = 0.267743,	Nq(3) = 0.226517,	Nq(4) = 0.226517,	Nq(5) = 0.290915,	Nq(6) = 0.364272,	Nq(7) = 0.290915,	Nq(8) = 0.267743,	Nq(9) = 0.364272,	Nq(10) = 0.442503,	Nq(11) = 0.364272,	Nq(12) = 0.226517,	Nq(13) = 0.290915,	Nq(14) = 0.364272,	Nq(15) = 0.290915,	Sq(0) = -7.77643e-18,	Sq(1) = 0.522476,	Sq(2) = 0.871157,	Sq(3) = 0.522476,	Sq(4) = 0.522476,	Sq(5) = 0.532396,	Sq(6) = 0.939084,	Sq(7) = 0.532396,	Sq(8) = 0.871157,	Sq(9) = 0.939084,	Sq(10) = 0.777058,	Sq(11) = 0.939084,	Sq(12) = 0.522476,	Sq(13) = 0.532396,	Sq(14) = 0.939084,	Sq(15) = 0.532396,	N(0) = 1.86116,	N(1) = 1.75956,	N(2) = 0.177023,	N(3) = 1.75956,	N(4) = 1.75956,	N(5) = 0.577171,	N(6) = 0.0947882,	N(7) = 0.577171,	N(8) = 0.177023,	N(9) = 0.0947882,	N(10) = 0.0587167,	N(11) = 0.0947882,	N(12) = 1.75956,	N(13) = 0.577171,	N(14) = 0.0947882,	N(15) = 0.577171,	Delta[s](0) = 0.0847961,	Delta[s](1) = 0.0635992,	Delta[s](2) = 0.0452518,	Delta[s](3) = 0.0635992,	Delta[s](4) = 0.0635992,	Delta[s](5) = 0.0491712,	Delta[s](6) = 0.0274034,	Delta[s](7) = 0.0491712,	Delta[s](8) = 0.0452518,	Delta[s](9) = 0.0274034,	Delta[s](10) = 0.0164081,	Delta[s](11) = 0.0274034,	Delta[s](12) = 0.0635992,	Delta[s](13) = 0.0491712,	Delta[s](14) = 0.0274034,	Delta[s](15) = 0.0491712,	Delta[d](0) = 0.213165,	Delta[d](1) = 0.132592,	Delta[d](2) = 0.170419,	Delta[d](3) = 0.132592,	Delta[d](4) = 0.132592,	Delta[d](5) = 0.129529,	Delta[d](6) = 0.0893277,	Delta[d](7) = 0.129529,	Delta[d](8) = 0.170419,	Delta[d](9) = 0.0893277,	Delta[d](10) = 0.041388,	Delta[d](11) = 0.0893277,	Delta[d](12) = 0.132592,	Delta[d](13) = 0.129529,	Delta[d](14) = 0.0893277,	Delta[d](15) = 0.129529,	Delta[s+](0) = 0.547921,	Delta[s+](1) = 0.375383,	Delta[s+](2) = 0.170419,	Delta[s+](3) = 0.375383,	Delta[s+](4) = 0.375383,	Delta[s+](5) = 0.217824,	Delta[s+](6) = 0.0698257,	Delta[s+](7) = 0.217824,	Delta[s+](8) = 0.170419,	Delta[s+](9) = 0.0698257,	Delta[s+](10) = 0.0214766,	Delta[s+](11) = 0.0698257,	Delta[s+](12) = 0.375383,	Delta[s+](13) = 0.217824,	Delta[s+](14) = 0.0698257,	Delta[s+](15) = 0.217824
The 0-th iteration is completed.	|| time cost : 0h 1m 32.933s
********************************************************************************************************************
Start the 1 rounds of NGS-ED iteration
	effective electronic model is modified as: kinetic energy t = 0.896733
	                                           effective interaction Vq = [-1.93681,-1.71215,-1.55254,-1.71215,-1.71215,-1.58388, -1.5213,-1.58388,-1.55254, -1.5213, -1.4889, -1.5213,-1.71215,-1.58388, -1.5213,-1.58388]
	PARPACK diagonalization completed after 30 matrix-vector product operations.
	iteration results: : total energy is -36.885888 | electron energy -36.921944 + phonon energy 0.036057 | electron momentum kIdx = 10
The 1-th iteration is completed.	|| time cost : 0h 0m 9.094s
********************************************************************************************************************
Start the 2 rounds of NGS-ED iteration
	effective electronic model is modified as: kinetic energy t = 0.891936
	                                           effective interaction Vq = [-1.97677,-1.75265,-1.57846,-1.75265,-1.75265,  -1.613,-1.54429,  -1.613,-1.57846,-1.54429,-1.50877,-1.54429,-1.75265,  -1.613,-1.54429,  -1.613]
	PARPACK diagonalization completed after 30 matrix-vector product operations.
	iteration results: : total energy is -37.259357 | electron energy -37.310458 + phonon energy 0.051101 | electron momentum kIdx = 10
The 2-th iteration is completed.	|| time cost : 0h 0m 8.968s
********************************************************************************************************************
Start the 3 rounds of NGS-ED iteration
	effective electronic model is modified as: kinetic energy t = 0.889485
	                                           effective interaction Vq = [-1.99147,-1.77237,-1.59078,-1.77237,-1.77237,-1.62691,-1.55566,-1.62691,-1.59078,-1.55566, -1.5191,-1.55566,-1.77237,-1.62691,-1.55566,-1.62691]
	PARPACK diagonalization completed after 30 matrix-vector product operations.
	iteration results: : total energy is -37.395168 | electron energy -37.454577 + phonon energy 0.059409 | electron momentum kIdx = 10
The 3-th iteration is completed.	|| time cost : 0h 0m 8.965s
********************************************************************************************************************
Start the 4 rounds of NGS-ED iteration
	effective electronic model is modified as: kinetic energy t = 0.888246
	                                           effective interaction Vq = [-1.99688,-1.78223, -1.5967,-1.78223,-1.78223,-1.63364,-1.56129,-1.63364, -1.5967,-1.56129,-1.52437,-1.56129,-1.78223,-1.63364,-1.56129,-1.63364]
	PARPACK diagonalization completed after 30 matrix-vector product operations.
	iteration results: : total energy is -37.444733 | electron energy -37.508470 + phonon energy 0.063737 | electron momentum kIdx = 10
The 4-th iteration is completed.	|| time cost : 0h 0m 9.009s
********************************************************************************************************************
Start the 5 rounds of NGS-ED iteration
	effective electronic model is modified as: kinetic energy t = 0.887624
	                                           effective interaction Vq = [-1.99887,-1.78724,-1.59956,-1.78724,-1.78724,-1.63692,-1.56406,-1.63692,-1.59956,-1.56406,-1.52702,-1.56406,-1.78724,-1.63692,-1.56406,-1.63692]
	PARPACK diagonalization completed after 30 matrix-vector product operations.
	iteration results: : total energy is -37.462867 | electron energy -37.528805 + phonon energy 0.065938 | electron momentum kIdx = 10
The 5-th iteration is completed.	|| time cost : 0h 0m 8.996s
********************************************************************************************************************
Start the 6 rounds of NGS-ED iteration
	effective electronic model is modified as: kinetic energy t = 0.887312
	                                           effective interaction Vq = [ -1.9996, -1.7898,-1.60095, -1.7898, -1.7898,-1.63853,-1.56543,-1.63853,-1.60095,-1.56543,-1.52835,-1.56543, -1.7898,-1.63853,-1.56543,-1.63853]
	PARPACK diagonalization completed after 30 matrix-vector product operations.
	iteration results: : total energy is -37.469512 | electron energy -37.536557 + phonon energy 0.067045 | electron momentum kIdx = 10
The 6-th iteration is completed.	|| time cost : 0h 0m 8.979s
********************************************************************************************************************
Start the 7 rounds of NGS-ED iteration
	effective electronic model is modified as: kinetic energy t = 0.887156
	                                           effective interaction Vq = [-1.99987,-1.79112,-1.60162,-1.79112,-1.79112,-1.63932, -1.5661,-1.63932,-1.60162, -1.5661,-1.52901, -1.5661,-1.79112,-1.63932, -1.5661,-1.63932]
	PARPACK diagonalization completed after 30 matrix-vector product operations.
	iteration results: : total energy is -37.471950 | electron energy -37.539549 + phonon energy 0.067598 | electron momentum kIdx = 10
The 7-th iteration is completed.	|| time cost : 0h 0m 9.01s
********************************************************************************************************************
Start the 8 rounds of NGS-ED iteration
	effective electronic model is modified as: kinetic energy t = 0.887078
	                                           effective interaction Vq = [-1.99997, -1.7918,-1.60195, -1.7918, -1.7918, -1.6397,-1.56643, -1.6397,-1.60195,-1.56643,-1.52934,-1.56643, -1.7918, -1.6397,-1.56643, -1.6397]
	PARPACK diagonalization completed after 30 matrix-vector product operations.
	iteration results: : total energy is -37.472846 | electron energy -37.540720 + phonon energy 0.067874 | electron momentum kIdx = 10
The 8-th iteration is completed.	|| time cost : 0h 0m 9.078s
********************************************************************************************************************
Start the 9 rounds of NGS-ED iteration
	effective electronic model is modified as: kinetic energy t = 0.887039
	                                           effective interaction Vq = [-2.00001,-1.79215,-1.60211,-1.79215,-1.79215,-1.63989, -1.5666,-1.63989,-1.60211, -1.5666,-1.52951, -1.5666,-1.79215,-1.63989, -1.5666,-1.63989]
	PARPACK diagonalization completed after 30 matrix-vector product operations.
	iteration results: : total energy is -37.473175 | electron energy -37.541187 + phonon energy 0.068012 | electron momentum kIdx = 10
The 9-th iteration is completed.	|| time cost : 0h 0m 9.008s
********************************************************************************************************************
Start the 10 rounds of NGS-ED iteration
	effective electronic model is modified as: kinetic energy t = 0.887019
	                                           effective interaction Vq = [-2.00002,-1.79233,-1.60219,-1.79233,-1.79233,-1.63998,-1.56668,-1.63998,-1.60219,-1.56668,-1.52959,-1.56668,-1.79233,-1.63998,-1.56668,-1.63998]
	PARPACK diagonalization completed after 30 matrix-vector product operations.
	iteration results: : total energy is -37.473296 | electron energy -37.541376 + phonon energy 0.068081 | electron momentum kIdx = 10
	Nq(0) = 9,	Nq(1) = 0.231371,	Nq(2) = 0.269668,	Nq(3) = 0.231371,	Nq(4) = 0.231371,	Nq(5) = 0.293409,	Nq(6) = 0.366673,	Nq(7) = 0.293409,	Nq(8) = 0.269668,	Nq(9) = 0.366673,	Nq(10) = 0.44498,	Nq(11) = 0.366673,	Nq(12) = 0.231371,	Nq(13) = 0.293409,	Nq(14) = 0.366673,	Nq(15) = 0.293409,	Sq(0) = -2.31791e-18,	Sq(1) = 0.519666,	Sq(2) = 0.866958,	Sq(3) = 0.519666,	Sq(4) = 0.519666,	Sq(5) = 0.531229,	Sq(6) = 0.933786,	Sq(7) = 0.531229,	Sq(8) = 0.866958,	Sq(9) = 0.933786,	Sq(10) = 0.777228,	Sq(11) = 0.933786,	Sq(12) = 0.519666,	Sq(13) = 0.531229,	Sq(14) = 0.933786,	Sq(15) = 0.531229,	N(0) = 1.86636,	N(1) = 1.76856,	N(2) = 0.169747,	N(3) = 1.76856,	N(4) = 1.76856,	N(5) = 0.573631,	N(6) = 0.0920247,	N(7) = 0.573631,	N(8) = 0.169747,	N(9) = 0.0920247,	N(10) = 0.0573011,	N(11) = 0.0920247,	N(12) = 1.76856,	N(13) = 0.573631,	N(14) = 0.0920247,	N(15) = 0.573631,	Delta[s](0) = 0.0855399,	Delta[s](1) = 0.0646786,	Delta[s](2) = 0.046731,	Delta[s](3) = 0.0646786,	Delta[s](4) = 0.0646786,	Delta[s](5) = 0.0506147,	Delta[s](6) = 0.029176,	Delta[s](7) = 0.0506147,	Delta[s](8) = 0.046731,	Delta[s](9) = 0.029176,	Delta[s](10) = 0.0181854,	Delta[s](11) = 0.029176,	Delta[s](12) = 0.0646786,	Delta[s](13) = 0.0506147,	Delta[s](14) = 0.029176,	Delta[s](15) = 0.0506147,	Delta[d](0) = 0.221149,	Delta[d](1) = 0.138223,	Delta[d](2) = 0.1772,	Delta[d](3) = 0.138223,	Delta[d](4) = 0.138223,	Delta[d](5) = 0.135301,	Delta[d](6) = 0.0934636,	Delta[d](7) = 0.135301,	Delta[d](8) = 0.1772,	Delta[d](9) = 0.0934636,	Delta[d](10) = 0.043988,	Delta[d](11) = 0.0934636,	Delta[d](12) = 0.138223,	Delta[d](13) = 0.135301,	Delta[d](14) = 0.0934636,	Delta[d](15) = 0.135301,	Delta[s+](0) = 0.567355,	Delta[s+](1) = 0.388954,	Delta[s+](2) = 0.1772,	Delta[s+](3) = 0.388954,	Delta[s+](4) = 0.388954,	Delta[s+](5) = 0.226202,	Delta[s+](6) = 0.0734118,	Delta[s+](7) = 0.226202,	Delta[s+](8) = 0.1772,	Delta[s+](9) = 0.0734118,	Delta[s+](10) = 0.0231407,	Delta[s+](11) = 0.0734118,	Delta[s+](12) = 0.388954,	Delta[s+](13) = 0.226202,	Delta[s+](14) = 0.0734118,	Delta[s+](15) = 0.226202
The 10-th iteration is completed.	|| time cost : 0h 1m 23.463s
********************************************************************************************************************
Start the 11 rounds of NGS-ED iteration
	effective electronic model is modified as: kinetic energy t = 0.887009
	                                           effective interaction Vq = [-2.00003,-1.79243,-1.60223,-1.79243,-1.79243,-1.64003,-1.56672,-1.64003,-1.60223,-1.56672,-1.52963,-1.56672,-1.79243,-1.64003,-1.56672,-1.64003]
	PARPACK diagonalization completed after 30 matrix-vector product operations.
	iteration results: : total energy is -37.473340 | electron energy -37.541455 + phonon energy 0.068115 | electron momentum kIdx = 10
The 11-th iteration is completed.	|| time cost : 0h 0m 9.091s
********************************************************************************************************************
Start the 12 rounds of NGS-ED iteration
	effective electronic model is modified as: kinetic energy t = 0.887004
	                                           effective interaction Vq = [-2.00003,-1.79248,-1.60225,-1.79248,-1.79248,-1.64005,-1.56674,-1.64005,-1.60225,-1.56674,-1.52965,-1.56674,-1.79248,-1.64005,-1.56674,-1.64005]
	PARPACK diagonalization completed after 30 matrix-vector product operations.
	iteration results: : total energy is -37.473356 | electron energy -37.541488 + phonon energy 0.068132 | electron momentum kIdx = 10
The 12-th iteration is completed.	|| time cost : 0h 0m 9.091s
********************************************************************************************************************
Start the 13 rounds of NGS-ED iteration
	effective electronic model is modified as: kinetic energy t = 0.887002
	                                           effective interaction Vq = [-2.00003, -1.7925,-1.60225, -1.7925, -1.7925,-1.64006,-1.56675,-1.64006,-1.60225,-1.56675,-1.52966,-1.56675, -1.7925,-1.64006,-1.56675,-1.64006]
	PARPACK diagonalization completed after 30 matrix-vector product operations.
	iteration results: : total energy is -37.473362 | electron energy -37.541503 + phonon energy 0.068140 | electron momentum kIdx = 10
The 13-th iteration is completed.	|| time cost : 0h 0m 8.983s
********************************************************************************************************************
Start the 14 rounds of NGS-ED iteration
	effective electronic model is modified as: kinetic energy t = 0.887001
	                                           effective interaction Vq = [-2.00003,-1.79251,-1.60226,-1.79251,-1.79251,-1.64007,-1.56675,-1.64007,-1.60226,-1.56675,-1.52967,-1.56675,-1.79251,-1.64007,-1.56675,-1.64007]
	PARPACK diagonalization completed after 30 matrix-vector product operations.
	iteration results: : total energy is -37.473365 | electron energy -37.541509 + phonon energy 0.068145 | electron momentum kIdx = 10
The 14-th iteration is completed.	|| time cost : 0h 0m 9.085s
********************************************************************************************************************
Start the 15 rounds of NGS-ED iteration
	effective electronic model is modified as: kinetic energy t = 0.887
	                                           effective interaction Vq = [-2.00003,-1.79252,-1.60226,-1.79252,-1.79252,-1.64007,-1.56675,-1.64007,-1.60226,-1.56675,-1.52967,-1.56675,-1.79252,-1.64007,-1.56675,-1.64007]
	PARPACK diagonalization completed after 30 matrix-vector product operations.
	iteration results: : total energy is -37.473365 | electron energy -37.541512 + phonon energy 0.068147 | electron momentum kIdx = 10
The 15-th iteration is completed.	|| time cost : 0h 0m 9.002s
********************************************************************************************************************
Start the 16 rounds of NGS-ED iteration
	effective electronic model is modified as: kinetic energy t = 0.887
	                                           effective interaction Vq = [-2.00003,-1.79253,-1.60226,-1.79253,-1.79253,-1.64007,-1.56675,-1.64007,-1.60226,-1.56675,-1.52967,-1.56675,-1.79253,-1.64007,-1.56675,-1.64007]
	PARPACK diagonalization completed after 30 matrix-vector product operations.
	iteration results: : total energy is -37.473366 | electron energy -37.541513 + phonon energy 0.068148 | electron momentum kIdx = 10
The 16-th iteration is completed.	|| time cost : 0h 0m 9.078s
********************************************************************************************************************
Start the 17 rounds of NGS-ED iteration
	effective electronic model is modified as: kinetic energy t = 0.887
	                                           effective interaction Vq = [-2.00003,-1.79253,-1.60226,-1.79253,-1.79253,-1.64007,-1.56676,-1.64007,-1.60226,-1.56676,-1.52967,-1.56676,-1.79253,-1.64007,-1.56676,-1.64007]
	PARPACK diagonalization completed after 30 matrix-vector product operations.
	iteration results: : total energy is -37.473366 | electron energy -37.541514 + phonon energy 0.068148 | electron momentum kIdx = 10
The 17-th iteration is completed.	|| time cost : 0h 0m 9.114s
********************************************************************************************************************
Start the 18 rounds of NGS-ED iteration
	effective electronic model is modified as: kinetic energy t = 0.886999
	                                           effective interaction Vq = [-2.00003,-1.79253,-1.60226,-1.79253,-1.79253,-1.64007,-1.56676,-1.64007,-1.60226,-1.56676,-1.52967,-1.56676,-1.79253,-1.64007,-1.56676,-1.64007]
	PARPACK diagonalization completed after 30 matrix-vector product operations.
	iteration results: : total energy is -37.473366 | electron energy -37.541514 + phonon energy 0.068149 | electron momentum kIdx = 10
The 18-th iteration is completed.	|| time cost : 0h 0m 8.956s
********************************************************************************************************************
Start the 19 rounds of NGS-ED iteration
	effective electronic model is modified as: kinetic energy t = 0.886999
	                                           effective interaction Vq = [-2.00003,-1.79253,-1.60226,-1.79253,-1.79253,-1.64007,-1.56676,-1.64007,-1.60226,-1.56676,-1.52967,-1.56676,-1.79253,-1.64007,-1.56676,-1.64007]
	PARPACK diagonalization completed after 30 matrix-vector product operations.
	iteration results: : total energy is -37.473366 | electron energy -37.541514 + phonon energy 0.068149 | electron momentum kIdx = 10
The 19-th iteration is completed.	|| time cost : 0h 0m 9.09s
********************************************************************************************************************
Start the 20 rounds of NGS-ED iteration
	effective electronic model is modified as: kinetic energy t = 0.886999
	                                           effective interaction Vq = [-2.00003,-1.79253,-1.60226,-1.79253,-1.79253,-1.64007,-1.56676,-1.64007,-1.60226,-1.56676,-1.52967,-1.56676,-1.79253,-1.64007,-1.56676,-1.64007]
	PARPACK diagonalization completed after 30 matrix-vector product operations.
	iteration results: : total energy is -37.473366 | electron energy -37.541515 + phonon energy 0.068149 | electron momentum kIdx = 10
	Nq(0) = 9,	Nq(1) = 0.231377,	Nq(2) = 0.269669,	Nq(3) = 0.231377,	Nq(4) = 0.231377,	Nq(5) = 0.293411,	Nq(6) = 0.366674,	Nq(7) = 0.293411,	Nq(8) = 0.269669,	Nq(9) = 0.366674,	Nq(10) = 0.444983,	Nq(11) = 0.366674,	Nq(12) = 0.231377,	Nq(13) = 0.293411,	Nq(14) = 0.366674,	Nq(15) = 0.293411,	Sq(0) = -2.70487e-18,	Sq(1) = 0.519663,	Sq(2) = 0.866954,	Sq(3) = 0.519663,	Sq(4) = 0.519663,	Sq(5) = 0.531228,	Sq(6) = 0.933781,	Sq(7) = 0.531228,	Sq(8) = 0.866954,	Sq(9) = 0.933781,	Sq(10) = 0.777231,	Sq(11) = 0.933781,	Sq(12) = 0.519663,	Sq(13) = 0.531228,	Sq(14) = 0.933781,	Sq(15) = 0.531228,	N(0) = 1.86636,	N(1) = 1.76856,	N(2) = 0.16974,	N(3) = 1.76856,	N(4) = 1.76856,	N(5) = 0.573627,	N(6) = 0.0920226,	N(7) = 0.573627,	N(8) = 0.16974,	N(9) = 0.0920226,	N(10) = 0.0573003,	N(11) = 0.0920226,	N(12) = 1.76856,	N(13) = 0.573627,	N(14) = 0.0920226,	N(15) = 0.573627,	Delta[s](0) = 0.0855403,	Delta[s](1) = 0.0646794,	Delta[s](2) = 0.0467323,	Delta[s](3) = 0.0646794,	Delta[s](4) = 0.0646794,	Delta[s](5) = 0.0506159,	Delta[s](6) = 0.0291778,	Delta[s](7) = 0.0506159,	Delta[s](8) = 0.0467323,	Delta[s](9) = 0.0291778,	Delta[s](10) = 0.0181871,	Delta[s](11) = 0.0291778,	Delta[s](12) = 0.0646794,	Delta[s](13) = 0.0506159,	Delta[s](14) = 0.0291778,	Delta[s](15) = 0.0506159,	Delta[d](0) = 0.221204,	Delta[d](1) = 0.138259,	Delta[d](2) = 0.177244,	Delta[d](3) = 0.138259,	Delta[d](4) = 0.138259,	Delta[d](5) = 0.135335,	Delta[d](6) = 0.0934879,	Delta[d](7) = 0.135335,	Delta[d](8) = 0.177244,	Delta[d](9) = 0.0934879,	Delta[d](10) = 0.0440001,	Delta[d](11) = 0.0934879,	Delta[d](12) = 0.138259,	Delta[d](13) = 0.135335,	Delta[d](14) = 0.0934879,	Delta[d](15) = 0.135335,	Delta[s+](0) = 0.567495,	Delta[s+](1) = 0.38905,	Delta[s+](2) = 0.177244,	Delta[s+](3) = 0.38905,	Delta[s+](4) = 0.38905,	Delta[s+](5) = 0.226259,	Delta[s+](6) = 0.0734312,	Delta[s+](7) = 0.226259,	Delta[s+](8) = 0.177244,	Delta[s+](9) = 0.0734312,	Delta[s+](10) = 0.0231475,	Delta[s+](11) = 0.0734312,	Delta[s+](12) = 0.38905,	Delta[s+](13) = 0.226259,	Delta[s+](14) = 0.0734312,	Delta[s+](15) = 0.226259
The 20-th iteration is completed.	|| time cost : 0h 1m 23.157s
********************************************************************************************************************
Start the 21 rounds of NGS-ED iteration
	effective electronic model is modified as: kinetic energy t = 0.886999
	                                           effective interaction Vq = [-2.00003,-1.79253,-1.60226,-1.79253,-1.79253,-1.64007,-1.56676,-1.64007,-1.60226,-1.56676,-1.52967,-1.56676,-1.79253,-1.64007,-1.56676,-1.64007]
	PARPACK diagonalization completed after 30 matrix-vector product operations.
	iteration results: : total energy is -37.473366 | electron energy -37.541515 + phonon energy 0.068149 | electron momentum kIdx = 10
The 21-th iteration is completed.	|| time cost : 0h 0m 8.974s
********************************************************************************************************************
Start the 22 rounds of NGS-ED iteration
	effective electronic model is modified as: kinetic energy t = 0.886999
	                                           effective interaction Vq = [-2.00003,-1.79253,-1.60226,-1.79253,-1.79253,-1.64007,-1.56676,-1.64007,-1.60226,-1.56676,-1.52967,-1.56676,-1.79253,-1.64007,-1.56676,-1.64007]
	PARPACK diagonalization completed after 30 matrix-vector product operations.
	iteration results: : total energy is -37.473366 | electron energy -37.541515 + phonon energy 0.068149 | electron momentum kIdx = 10
The 22-th iteration is completed.	|| time cost : 0h 0m 8.977s
********************************************************************************************************************
Start the 23 rounds of NGS-ED iteration
	effective electronic model is modified as: kinetic energy t = 0.886999
	                                           effective interaction Vq = [-2.00003,-1.79253,-1.60226,-1.79253,-1.79253,-1.64007,-1.56676,-1.64007,-1.60226,-1.56676,-1.52967,-1.56676,-1.79253,-1.64007,-1.56676,-1.64007]
	PARPACK diagonalization completed after 30 matrix-vector product operations.
	iteration results: : total energy is -37.473366 | electron energy -37.541515 + phonon energy 0.068149 | electron momentum kIdx = 10
The 23-th iteration is completed.	|| time cost : 0h 0m 8.992s
********************************************************************************************************************
Start the 24 rounds of NGS-ED iteration
	effective electronic model is modified as: kinetic energy t = 0.886999
	                                           effective interaction Vq = [-2.00003,-1.79253,-1.60226,-1.79253,-1.79253,-1.64007,-1.56676,-1.64007,-1.60226,-1.56676,-1.52967,-1.56676,-1.79253,-1.64007,-1.56676,-1.64007]
	PARPACK diagonalization completed after 30 matrix-vector product operations.
	iteration results: : total energy is -37.473366 | electron energy -37.541515 + phonon energy 0.068149 | electron momentum kIdx = 10
