SNEDics v3.22.2 Non-Gaussian ED ground state program		Start at Wed Jun 15 00:05:57 2022

Parallelization: 32 MPI threads  * 8 OpenMP threads = 256 total threads.
********************************************************************************************************************
********************************************************************************************************************

********************************************************************************************************************
System parameters and configurations
	special program options are enabled: splitted diagonal Hamiltonian | splitted Hamiltonian terms
********************************************************************************************************************
Read input file "model_params.in"
	Hubbard-Holstein model parameters : 	t = 1    t' = -0.3    U = 8    g = 0.75    W = 0.2    g' = 0.6    
********************************************************************************************************************
Read input file "hilbertspace_params.in"
	Requested 16-site 2D lattice, with 8 electrons (4, 4)
	Boundary : Periodic		Hilbert space representation : momentum-space (restricted to kIdx = 10)
	Conservation: particle number[U(1)]      spin[U(1)]     momentum
********************************************************************************************************************

Cluster Positions:				Cluster symmetry group : D4
 x ... x ... x ... x .....                       x ... x ... x ... x .....
 |           |           :                       |           |           :
 |           |           :                       |           |           :
12    13    14    15     x                       1     5     6     5     x
 |           |           :                       |           |           :
 |           |           :                       |           |           :
 8 --- 9 ---10 ---11 --- x                       2 --- 6 ---10 --- 6 --- x
 |           |           :                       |           |           :
 |           |           :                       |           |           :
 4     5     6     7     x                       1     5     6     5     x
 |           |           :                       |           |           :
 |           |           :                       |           |           :
 0 --- 1 --- 2 --- 3 --- x                       0 --- 1 --- 2 --- 1 --- x
orbital number : 1
********************************************************************************************************************
Read input file "obs_params.in"
	Observable Type : Nq(All),   Sq(All),   N(All-Orbital),   Delta[s](All),   Delta[d](All),   Delta[s+](All)
** WARNING ** the input observables have non-local factors which have been reinterpreted. The total observable number is 96
********************************************************************************************************************


********************************************************************************************************************
Start calculating the non-Gaussian ED ground state
Maximal iteration number is 1000; energy resolution is 1e-06. Phonon state relaxation time is 2000
W = 0.2 is relatively large. The non-Gaussian ED calculation starts directly.
open output files: NGSED_iteration_observables.txt
********************************************************************************************************************
Start the 0 rounds of NGS-ED iteration
	effective electronic model is modified as: kinetic energy t = 1, t' = -0.3
	                                           effective interaction Vq = [0,0,0,0,0,0,0,0,0,0,0,0,0,0,0,0]
	first Hamiltonian is constructed, size = 207168 and non-zero numbers = 32240256
	PARPACK diagonalization completed after 105 matrix-vector product operations.
	iteration results: : total energy is -14.405877 | electron energy -14.405877 + phonon energy 0.000000 | electron momentum kIdx = 10
	Nq(0) = 4,	Nq(1) = 0.191255,	Nq(2) = 0.234333,	Nq(3) = 0.191255,	Nq(4) = 0.191255,	Nq(5) = 0.305984,	
	Nq(6) = 0.331756,	Nq(7) = 0.305984,	Nq(8) = 0.234333,	Nq(9) = 0.331756,	Nq(10) = 0.361611,	
	Nq(11) = 0.331756,	Nq(12) = 0.191255,	Nq(13) = 0.305984,	Nq(14) = 0.331756,	Nq(15) = 0.305984;	
	Sq(0) = -3.48352e-18,	Sq(1) = 0.388709,	Sq(2) = 0.400904,	Sq(3) = 0.388709,	Sq(4) = 0.388709,	
	Sq(5) = 0.66772,	Sq(6) = 0.571758,	Sq(7) = 0.66772,	Sq(8) = 0.400904,	Sq(9) = 0.571758,	
	Sq(10) = 0.539189,	Sq(11) = 0.571758,	Sq(12) = 0.388709,	Sq(13) = 0.66772,	Sq(14) = 0.571758,	
	Sq(15) = 0.66772;	N(0) = 1.74885,	N(1) = 0.991935,	N(2) = 0.972078,	N(3) = 0.991935,	
	N(4) = 0.991935,	N(5) = 0.0652548,	N(6) = 0.0181601,	N(7) = 0.0652548,	N(8) = 0.972078,	
	N(9) = 0.0181601,	N(10) = 0.00559157,	N(11) = 0.0181601,	N(12) = 0.991935,	N(13) = 0.0652548,	
	N(14) = 0.0181601,	N(15) = 0.0652548;	Delta[s](0) = 0.00507852,	Delta[s](1) = 0.0048095,	Delta[s](2) = 0.00465086,	
	Delta[s](3) = 0.0048095,	Delta[s](4) = 0.0048095,	Delta[s](5) = 0.00450935,	Delta[s](6) = 0.0043329,	Delta[s](7) = 0.00450935,	
	Delta[s](8) = 0.00465086,	Delta[s](9) = 0.0043329,	Delta[s](10) = 0.00414023,	Delta[s](11) = 0.0043329,	Delta[s](12) = 0.0048095,	
	Delta[s](13) = 0.00450935,	Delta[s](14) = 0.0043329,	Delta[s](15) = 0.00450935;	Delta[d](0) = 0.0359767,	Delta[d](1) = 0.0528734,	
	Delta[d](2) = 0.0877645,	Delta[d](3) = 0.0528734,	Delta[d](4) = 0.0528734,	Delta[d](5) = 0.0721921,	Delta[d](6) = 0.112323,	
	Delta[d](7) = 0.0721921,	Delta[d](8) = 0.0877645,	Delta[d](9) = 0.112323,	Delta[d](10) = 0.160521,	Delta[d](11) = 0.112323,	
	Delta[d](12) = 0.0528734,	Delta[d](13) = 0.0721921,	Delta[d](14) = 0.112323,	Delta[d](15) = 0.0721921;	Delta[s+](0) = 0.0963488,	
	Delta[s+](1) = 0.0805023,	Delta[s+](2) = 0.0877645,	Delta[s+](3) = 0.0805023,	Delta[s+](4) = 0.0805023,	Delta[s+](5) = 0.0575932,	
	Delta[s+](6) = 0.0594059,	Delta[s+](7) = 0.0575932,	Delta[s+](8) = 0.0877645,	Delta[s+](9) = 0.0594059,	Delta[s+](10) = 0.0548875,	
	Delta[s+](11) = 0.0594059,	Delta[s+](12) = 0.0805023,	Delta[s+](13) = 0.0575932,	Delta[s+](14) = 0.0594059,	Delta[s+](15) = 0.0575932
	
The 0-th iteration is completed.	|| time cost : 0h 0m 5.401s
********************************************************************************************************************
Start the 1 rounds of NGS-ED iteration
	effective electronic model is modified as: kinetic energy t = 0.486909, t' = -0.111471
	                                           effective interaction Vq = [ -49.6125, -17.4481, -1.04078, -17.4481, -17.4481, -1.66716,-0.232015, -1.66716, -1.04078,-0.232015,  -11.898,-0.232015, -17.4481, -1.66716,-0.232015, -1.66716]
	PARPACK diagonalization completed after 45 matrix-vector product operations.
	iteration results: : total energy is -308.646172 | electron energy -312.888968 + phonon energy 4.242796 | electron momentum kIdx = 10
The 1-th iteration is completed.	|| time cost : 0h 0m 3.067s
********************************************************************************************************************
Start the 2 rounds of NGS-ED iteration
	effective electronic model is modified as: kinetic energy t = 1.07092e-12, t' = -3.56906e-15
	                                           effective interaction Vq = [-49.6125,-19.0125, -2.8125,-19.0125,-19.0125, -2.8125, -1.0125, -2.8125, -2.8125, -1.0125,-13.6125, -1.0125,-19.0125, -2.8125, -1.0125, -2.8125]
	PARPACK diagonalization completed after 30 matrix-vector product operations.
	iteration results: : total energy is -329.800000 | electron energy -329.800000 + phonon energy 0.000000 | electron momentum kIdx = 10
The 2-th iteration is completed.	|| time cost : 0h 0m 0.349s
********************************************************************************************************************
Start the 3 rounds of NGS-ED iteration
	effective electronic model is modified as: kinetic energy (tx,ty)=(1.03518e-12, 1.06664e-12), t' = -3.45306e-15
	                                           effective interaction Vq = [-49.6125,-19.0125,-2.81228,-19.0125,-19.0125, -2.8125, -1.0125, -2.8125, -2.8125, -1.0125,-13.6125, -1.0125,-19.0125, -2.8125, -1.0125, -2.8125]
	PARPACK diagonalization completed after 30 matrix-vector product operations.
	iteration results: : total energy is -329.800000 | electron energy -329.800000 + phonon energy 0.000000 | electron momentum kIdx = 10
The 3-th iteration is completed.	|| time cost : 0h 0m 0.354s
********************************************************************************************************************
Start the 4 rounds of NGS-ED iteration
	effective electronic model is modified as: kinetic energy t = 1.07074e-12, t' = -3.56955e-15
	                                           effective interaction Vq = [-49.6125,-19.0125, -2.8125,-19.0125,-19.0125, -2.8125, -1.0125, -2.8125, -2.8125, -1.0125,-13.6125, -1.0125,-19.0125, -2.8125, -1.0125, -2.8125]
	PARPACK diagonalization completed after 30 matrix-vector product operations.
	iteration results: : total energy is -329.800000 | electron energy -329.800000 + phonon energy 0.000000 | electron momentum kIdx = 10
The 4-th iteration is completed.	|| time cost : 0h 0m 0.345s
********************************************************************************************************************
Start the 5 rounds of NGS-ED iteration
	effective electronic model is modified as: kinetic energy t = 1.07125e-12, t' = -3.57045e-15
	                                           effective interaction Vq = [-49.6125,-19.0125, -2.8125,-19.0125,-19.0125, -2.8125, -1.0125, -2.8125, -2.8125, -1.0125,-13.6125, -1.0125,-19.0125, -2.8125, -1.0125, -2.8125]
	PARPACK diagonalization completed after 30 matrix-vector product operations.
	iteration results: : total energy is -329.800000 | electron energy -329.800000 + phonon energy 0.000000 | electron momentum kIdx = 10
The 5-th iteration is completed.	|| time cost : 0h 0m 0.347s
********************************************************************************************************************
Start the 6 rounds of NGS-ED iteration
	effective electronic model is modified as: kinetic energy t = 1.07144e-12, t' = -3.56939e-15
	                                           effective interaction Vq = [-49.6125,-19.0125, -2.8125,-19.0125,-19.0125, -2.8125, -1.0125, -2.8125, -2.8125, -1.0125,-13.6125, -1.0125,-19.0125, -2.8125, -1.0125, -2.8125]
	PARPACK diagonalization completed after 30 matrix-vector product operations.
	iteration results: : total energy is -329.800000 | electron energy -329.800000 + phonon energy 0.000000 | electron momentum kIdx = 10
The 6-th iteration is completed.	|| time cost : 0h 0m 0.35s
********************************************************************************************************************
Start the 7 rounds of NGS-ED iteration
	effective electronic model is modified as: kinetic energy t = 1.07126e-12, t' = -3.56934e-15
	                                           effective interaction Vq = [-49.6125,-19.0125, -2.8125,-19.0125,-19.0125, -2.8125, -1.0125, -2.8125, -2.8125, -1.0125,-13.6125, -1.0125,-19.0125, -2.8125, -1.0125, -2.8125]
	PARPACK diagonalization completed after 30 matrix-vector product operations.
	iteration results: : total energy is -329.800000 | electron energy -329.800000 + phonon energy 0.000000 | electron momentum kIdx = 10
The 7-th iteration is completed.	|| time cost : 0h 0m 0.345s
********************************************************************************************************************
Start the 8 rounds of NGS-ED iteration
	effective electronic model is modified as: kinetic energy t = 1.07118e-12, t' = -3.5691e-15
	                                           effective interaction Vq = [-49.6125,-19.0125, -2.8125,-19.0125,-19.0125, -2.8125, -1.0125, -2.8125, -2.8125, -1.0125,-13.6125, -1.0125,-19.0125, -2.8125, -1.0125, -2.8125]
	PARPACK diagonalization completed after 30 matrix-vector product operations.
	iteration results: : total energy is -329.800000 | electron energy -329.800000 + phonon energy 0.000000 | electron momentum kIdx = 10
The 8-th iteration is completed.	|| time cost : 0h 0m 0.346s
********************************************************************************************************************
Start the 9 rounds of NGS-ED iteration
	effective electronic model is modified as: kinetic energy t = 1.07134e-12, t' = -3.57031e-15
	                                           effective interaction Vq = [-49.6125,-19.0125, -2.8125,-19.0125,-19.0125, -2.8125, -1.0125, -2.8125, -2.8125, -1.0125,-13.6125, -1.0125,-19.0125, -2.8125, -1.0125, -2.8125]
	PARPACK diagonalization completed after 30 matrix-vector product operations.
	iteration results: : total energy is -329.800000 | electron energy -329.800000 + phonon energy 0.000000 | electron momentum kIdx = 10
The 9-th iteration is completed.	|| time cost : 0h 0m 0.35s
********************************************************************************************************************
Start the 10 rounds of NGS-ED iteration
	effective electronic model is modified as: kinetic energy t = 1.07035e-12, t' = -3.56893e-15
	                                           effective interaction Vq = [-49.6125,-19.0125, -2.8125,-19.0125,-19.0125, -2.8125, -1.0125, -2.8125, -2.8125, -1.0125,-13.6125, -1.0125,-19.0125, -2.8125, -1.0125, -2.8125]
	PARPACK diagonalization completed after 30 matrix-vector product operations.
	iteration results: : total energy is -329.800000 | electron energy -329.800000 + phonon energy 0.000000 | electron momentum kIdx = 10
The 10-th iteration is completed.	|| time cost : 0h 0m 0.347s
********************************************************************************************************************
Start the 11 rounds of NGS-ED iteration
	effective electronic model is modified as: kinetic energy t = 1.06916e-12, t' = -3.56789e-15
	                                           effective interaction Vq = [-49.6125,-19.0125, -2.8125,-19.0125,-19.0125, -2.8125, -1.0125, -2.8125, -2.8125, -1.0125,-13.6125, -1.0125,-19.0125, -2.8125, -1.0125, -2.8125]
	PARPACK diagonalization completed after 30 matrix-vector product operations.
	iteration results: : total energy is -329.800000 | electron energy -329.800000 + phonon energy 0.000000 | electron momentum kIdx = 10
The 11-th iteration is completed.	|| time cost : 0h 0m 0.345s
********************************************************************************************************************
Start the 12 rounds of NGS-ED iteration
	effective electronic model is modified as: kinetic energy t = 1.06896e-12, t' = -3.56823e-15
	                                           effective interaction Vq = [-49.6125,-19.0125, -2.8125,-19.0125,-19.0125, -2.8125, -1.0125, -2.8125, -2.8125, -1.0125,-13.6125, -1.0125,-19.0125, -2.8125, -1.0125, -2.8125]
	PARPACK diagonalization completed after 30 matrix-vector product operations.
	iteration results: : total energy is -329.800000 | electron energy -329.800000 + phonon energy 0.000000 | electron momentum kIdx = 10
The 12-th iteration is completed.	|| time cost : 0h 0m 0.352s
********************************************************************************************************************
Start the 13 rounds of NGS-ED iteration
	effective electronic model is modified as: kinetic energy t = 1.07113e-12, t' = -3.56877e-15
	                                           effective interaction Vq = [-49.6125,-19.0125, -2.8125,-19.0125,-19.0125, -2.8125, -1.0125, -2.8125, -2.8125, -1.0125,-13.6125, -1.0125,-19.0125, -2.8125, -1.0125, -2.8125]
	PARPACK diagonalization completed after 30 matrix-vector product operations.
	iteration results: : total energy is -329.800000 | electron energy -329.800000 + phonon energy 0.000000 | electron momentum kIdx = 10
The 13-th iteration is completed.	|| time cost : 0h 0m 0.347s
********************************************************************************************************************
Start the 14 rounds of NGS-ED iteration
	effective electronic model is modified as: kinetic energy t = 1.07135e-12, t' = -3.56905e-15
	                                           effective interaction Vq = [-49.6125,-19.0125, -2.8125,-19.0125,-19.0125, -2.8125, -1.0125, -2.8125, -2.8125, -1.0125,-13.6125, -1.0125,-19.0125, -2.8125, -1.0125, -2.8125]
	PARPACK diagonalization completed after 30 matrix-vector product operations.
	iteration results: : total energy is -329.800000 | electron energy -329.800000 + phonon energy 0.000000 | electron momentum kIdx = 10
The 14-th iteration is completed.	|| time cost : 0h 0m 0.347s
********************************************************************************************************************
Start the 15 rounds of NGS-ED iteration
	effective electronic model is modified as: kinetic energy t = 1.07093e-12, t' = -3.56801e-15
	                                           effective interaction Vq = [-49.6125,-19.0125, -2.8125,-19.0125,-19.0125, -2.8125, -1.0125, -2.8125, -2.8125, -1.0125,-13.6125, -1.0125,-19.0125, -2.8125, -1.0125, -2.8125]
	PARPACK diagonalization completed after 30 matrix-vector product operations.
	iteration results: : total energy is -329.800000 | electron energy -329.800000 + phonon energy 0.000000 | electron momentum kIdx = 10
The 15-th iteration is completed.	|| time cost : 0h 0m 0.344s
********************************************************************************************************************
Start the 16 rounds of NGS-ED iteration
	effective electronic model is modified as: kinetic energy t = 1.06898e-12, t' = -3.5658e-15
	                                           effective interaction Vq = [-49.6125,-19.0125, -2.8125,-19.0125,-19.0125, -2.8125, -1.0125, -2.8125, -2.8125, -1.0125,-13.6125, -1.0125,-19.0125, -2.8125, -1.0125, -2.8125]
	PARPACK diagonalization completed after 30 matrix-vector product operations.
	iteration results: : total energy is -329.800000 | electron energy -329.800000 + phonon energy 0.000000 | electron momentum kIdx = 10
The 16-th iteration is completed.	|| time cost : 0h 0m 0.345s
********************************************************************************************************************
Start the 17 rounds of NGS-ED iteration
	effective electronic model is modified as: kinetic energy t = 1.07236e-12, t' = -3.5705e-15
	                                           effective interaction Vq = [-49.6125,-19.0125, -2.8125,-19.0125,-19.0125, -2.8125, -1.0125, -2.8125, -2.8125, -1.0125,-13.6125, -1.0125,-19.0125, -2.8125, -1.0125, -2.8125]
	PARPACK diagonalization completed after 30 matrix-vector product operations.
	iteration results: : total energy is -329.800000 | electron energy -329.800000 + phonon energy 0.000000 | electron momentum kIdx = 10
The 17-th iteration is completed.	|| time cost : 0h 0m 0.346s
********************************************************************************************************************
Start the 18 rounds of NGS-ED iteration
	effective electronic model is modified as: kinetic energy t = 1.07677e-12, t' = -3.57087e-15
	                                           effective interaction Vq = [-49.6125,-19.0125, -2.8125,-19.0125,-19.0125, -2.8125, -1.0125, -2.8125, -2.8125, -1.0125,-13.6125, -1.0125,-19.0125, -2.8125, -1.0125, -2.8125]
	PARPACK diagonalization completed after 30 matrix-vector product operations.
	iteration results: : total energy is -329.800000 | electron energy -329.800000 + phonon energy 0.000000 | electron momentum kIdx = 10
The 18-th iteration is completed.	|| time cost : 0h 0m 0.347s
********************************************************************************************************************
Start the 19 rounds of NGS-ED iteration
	effective electronic model is modified as: kinetic energy t = 1.06402e-12, t' = -3.57006e-15
	                                           effective interaction Vq = [-49.6125,-19.0125, -2.8125,-19.0125,-19.0125, -2.8125, -1.0125, -2.8125, -2.8125, -1.0125,-13.6125, -1.0125,-19.0125, -2.8125, -1.0125, -2.8125]
	PARPACK diagonalization completed after 30 matrix-vector product operations.
	iteration results: : total energy is -329.800000 | electron energy -329.800000 + phonon energy 0.000000 | electron momentum kIdx = 10
The 19-th iteration is completed.	|| time cost : 0h 0m 0.346s
********************************************************************************************************************
Start the 20 rounds of NGS-ED iteration
	effective electronic model is modified as: kinetic energy t = 1.07108e-12, t' = -3.56837e-15
	                                           effective interaction Vq = [-49.6125,-19.0125, -2.8125,-19.0125,-19.0125, -2.8125, -1.0125, -2.8125, -2.8125, -1.0125,-13.6125, -1.0125,-19.0125, -2.8125, -1.0125, -2.8125]
	PARPACK diagonalization completed after 30 matrix-vector product operations.
	iteration results: : total energy is -329.800000 | electron energy -329.800000 + phonon energy 0.000000 | electron momentum kIdx = 10
The 20-th iteration is completed.	|| time cost : 0h 0m 0.352s
********************************************************************************************************************
Start the 21 rounds of NGS-ED iteration
	effective electronic model is modified as: kinetic energy t = 1.07192e-12, t' = -3.56913e-15
	                                           effective interaction Vq = [-49.6125,-19.0125, -2.8125,-19.0125,-19.0125, -2.8125, -1.0125, -2.8125, -2.8125, -1.0125,-13.6125, -1.0125,-19.0125, -2.8125, -1.0125, -2.8125]
	PARPACK diagonalization completed after 30 matrix-vector product operations.
	iteration results: : total energy is -329.800000 | electron energy -329.800000 + phonon energy 0.000000 | electron momentum kIdx = 10
The 21-th iteration is completed.	|| time cost : 0h 0m 0.346s
********************************************************************************************************************
Start the 22 rounds of NGS-ED iteration
	effective electronic model is modified as: kinetic energy t = 1.07048e-12, t' = -3.56906e-15
	                                           effective interaction Vq = [-49.6125,-19.0125, -2.8125,-19.0125,-19.0125, -2.8125, -1.0125, -2.8125, -2.8125, -1.0125,-13.6125, -1.0125,-19.0125, -2.8125, -1.0125, -2.8125]
	PARPACK diagonalization completed after 30 matrix-vector product operations.
	iteration results: : total energy is -329.800000 | electron energy -329.800000 + phonon energy 0.000000 | electron momentum kIdx = 10
The 22-th iteration is completed.	|| time cost : 0h 0m 0.345s
********************************************************************************************************************
Start the 23 rounds of NGS-ED iteration
	effective electronic model is modified as: kinetic energy t = 1.07073e-12, t' = -3.56912e-15
	                                           effective interaction Vq = [-49.6125,-19.0125, -2.8125,-19.0125,-19.0125, -2.8125, -1.0125, -2.8125, -2.8125, -1.0125,-13.6125, -1.0125,-19.0125, -2.8125, -1.0125, -2.8125]
	PARPACK diagonalization completed after 30 matrix-vector product operations.
	iteration results: : total energy is -329.800000 | electron energy -329.800000 + phonon energy 0.000000 | electron momentum kIdx = 10
The 23-th iteration is completed.	|| time cost : 0h 0m 0.35s
********************************************************************************************************************
Start the 24 rounds of NGS-ED iteration
	effective electronic model is modified as: kinetic energy t = 1.07028e-12, t' = -3.56905e-15
	                                           effective interaction Vq = [-49.6125,-19.0125, -2.8125,-19.0125,-19.0125, -2.8125, -1.0125, -2.8125, -2.8125, -1.0125,-13.6125, -1.0125,-19.0125, -2.8125, -1.0125, -2.8125]
	PARPACK diagonalization completed after 30 matrix-vector product operations.
	iteration results: : total energy is -329.800000 | electron energy -329.800000 + phonon energy 0.000000 | electron momentum kIdx = 10
The 24-th iteration is completed.	|| time cost : 0h 0m 0.348s
********************************************************************************************************************
Start the 25 rounds of NGS-ED iteration
	effective electronic model is modified as: kinetic energy t = 1.07537e-12, t' = -3.56996e-15
	                                           effective interaction Vq = [-49.6125,-19.0125, -2.8125,-19.0125,-19.0125, -2.8125, -1.0125, -2.8125, -2.8125, -1.0125,-13.6125, -1.0125,-19.0125, -2.8125, -1.0125, -2.8125]
	PARPACK diagonalization completed after 30 matrix-vector product operations.
	iteration results: : total energy is -329.800000 | electron energy -329.800000 + phonon energy 0.000000 | electron momentum kIdx = 10
The 25-th iteration is completed.	|| time cost : 0h 0m 0.346s
********************************************************************************************************************
Start the 26 rounds of NGS-ED iteration
	effective electronic model is modified as: kinetic energy t = 1.07031e-12, t' = -3.5682e-15
	                                           effective interaction Vq = [-49.6125,-19.0125, -2.8125,-19.0125,-19.0125, -2.8125, -1.0125, -2.8125, -2.8125, -1.0125,-13.6125, -1.0125,-19.0125, -2.8125, -1.0125, -2.8125]
	PARPACK diagonalization completed after 30 matrix-vector product operations.
	iteration results: : total energy is -329.800000 | electron energy -329.800000 + phonon energy 0.000000 | electron momentum kIdx = 10
The 26-th iteration is completed.	|| time cost : 0h 0m 0.353s
********************************************************************************************************************
Start the 27 rounds of NGS-ED iteration
	effective electronic model is modified as: kinetic energy t = 1.07005e-12, t' = -3.5684e-15
	                                           effective interaction Vq = [-49.6125,-19.0125, -2.8125,-19.0125,-19.0125, -2.8125, -1.0125, -2.8125, -2.8125, -1.0125,-13.6125, -1.0125,-19.0125, -2.8125, -1.0125, -2.8125]
	PARPACK diagonalization completed after 30 matrix-vector product operations.
	iteration results: : total energy is -329.800000 | electron energy -329.800000 + phonon energy 0.000000 | electron momentum kIdx = 10
The 27-th iteration is completed.	|| time cost : 0h 0m 0.346s
********************************************************************************************************************
Start the 28 rounds of NGS-ED iteration
	effective electronic model is modified as: kinetic energy t = 1.07036e-12, t' = -3.56977e-15
	                                           effective interaction Vq = [-49.6125,-19.0125, -2.8125,-19.0125,-19.0125, -2.8125, -1.0125, -2.8125, -2.8125, -1.0125,-13.6125, -1.0125,-19.0125, -2.8125, -1.0125, -2.8125]
	PARPACK diagonalization completed after 30 matrix-vector product operations.
	iteration results: : total energy is -329.800000 | electron energy -329.800000 + phonon energy 0.000000 | electron momentum kIdx = 10
The 28-th iteration is completed.	|| time cost : 0h 0m 0.345s
********************************************************************************************************************
Start the 29 rounds of NGS-ED iteration
	effective electronic model is modified as: kinetic energy t = 1.07097e-12, t' = -3.56872e-15
	                                           effective interaction Vq = [-49.6125,-19.0125, -2.8125,-19.0125,-19.0125, -2.8125, -1.0125, -2.8125, -2.8125, -1.0125,-13.6125, -1.0125,-19.0125, -2.8125, -1.0125, -2.8125]
	PARPACK diagonalization completed after 30 matrix-vector product operations.
	iteration results: : total energy is -329.800000 | electron energy -329.800000 + phonon energy 0.000000 | electron momentum kIdx = 10
The 29-th iteration is completed.	|| time cost : 0h 0m 0.353s
********************************************************************************************************************
Start the 30 rounds of NGS-ED iteration
	effective electronic model is modified as: kinetic energy t = 1.07049e-12, t' = -3.56962e-15
	                                           effective interaction Vq = [-49.6125,-19.0125, -2.8125,-19.0125,-19.0125, -2.8125, -1.0125, -2.8125, -2.8125, -1.0125,-13.6125, -1.0125,-19.0125, -2.8125, -1.0125, -2.8125]
	PARPACK diagonalization completed after 30 matrix-vector product operations.
	iteration results: : total energy is -329.800000 | electron energy -329.800000 + phonon energy 0.000000 | electron momentum kIdx = 10
The 30-th iteration is completed.	|| time cost : 0h 0m 0.347s
********************************************************************************************************************
Start the 31 rounds of NGS-ED iteration
	effective electronic model is modified as: kinetic energy t = 1.06902e-12, t' = -3.56848e-15
	                                           effective interaction Vq = [-49.6125,-19.0125, -2.8125,-19.0125,-19.0125, -2.8125, -1.0125, -2.8125, -2.8125, -1.0125,-13.6125, -1.0125,-19.0125, -2.8125, -1.0125, -2.8125]
	PARPACK diagonalization completed after 30 matrix-vector product operations.
	iteration results: : total energy is -329.800000 | electron energy -329.800000 + phonon energy 0.000000 | electron momentum kIdx = 10
The 31-th iteration is completed.	|| time cost : 0h 0m 0.349s
********************************************************************************************************************
Start the 32 rounds of NGS-ED iteration
	effective electronic model is modified as: kinetic energy t = 1.07043e-12, t' = -3.56907e-15
	                                           effective interaction Vq = [-49.6125,-19.0125, -2.8125,-19.0125,-19.0125, -2.8125, -1.0125, -2.8125, -2.8125, -1.0125,-13.6125, -1.0125,-19.0125, -2.8125, -1.0125, -2.8125]
	PARPACK diagonalization completed after 30 matrix-vector product operations.
	iteration results: : total energy is -329.800000 | electron energy -329.800000 + phonon energy 0.000000 | electron momentum kIdx = 10
The 32-th iteration is completed.	|| time cost : 0h 0m 0.352s
********************************************************************************************************************
Start the 33 rounds of NGS-ED iteration
	effective electronic model is modified as: kinetic energy t = 1.07047e-12, t' = -3.56908e-15
	                                           effective interaction Vq = [-49.6125,-19.0125, -2.8125,-19.0125,-19.0125, -2.8125, -1.0125, -2.8125, -2.8125, -1.0125,-13.6125, -1.0125,-19.0125, -2.8125, -1.0125, -2.8125]
	PARPACK diagonalization completed after 30 matrix-vector product operations.
	iteration results: : total energy is -329.800000 | electron energy -329.800000 + phonon energy 0.000000 | electron momentum kIdx = 10
The 33-th iteration is completed.	|| time cost : 0h 0m 0.346s
********************************************************************************************************************
Start the 34 rounds of NGS-ED iteration
	effective electronic model is modified as: kinetic energy t = 1.07047e-12, t' = -3.56902e-15
	                                           effective interaction Vq = [-49.6125,-19.0125, -2.8125,-19.0125,-19.0125, -2.8125, -1.0125, -2.8125, -2.8125, -1.0125,-13.6125, -1.0125,-19.0125, -2.8125, -1.0125, -2.8125]
	PARPACK diagonalization completed after 30 matrix-vector product operations.
	iteration results: : total energy is -329.800000 | electron energy -329.800000 + phonon energy 0.000000 | electron momentum kIdx = 10
The 34-th iteration is completed.	|| time cost : 0h 0m 0.345s
********************************************************************************************************************
Start the 35 rounds of NGS-ED iteration
	effective electronic model is modified as: kinetic energy t = 1.07045e-12, t' = -3.56842e-15
	                                           effective interaction Vq = [-49.6125,-19.0125, -2.8125,-19.0125,-19.0125, -2.8125, -1.0125, -2.8125, -2.8125, -1.0125,-13.6125, -1.0125,-19.0125, -2.8125, -1.0125, -2.8125]
	PARPACK diagonalization completed after 30 matrix-vector product operations.
	iteration results: : total energy is -329.800000 | electron energy -329.800000 + phonon energy 0.000000 | electron momentum kIdx = 10
The 35-th iteration is completed.	|| time cost : 0h 0m 0.347s
********************************************************************************************************************
Start the 36 rounds of NGS-ED iteration
	effective electronic model is modified as: kinetic energy t = 1.07068e-12, t' = -3.56814e-15
	                                           effective interaction Vq = [-49.6125,-19.0125, -2.8125,-19.0125,-19.0125, -2.8125, -1.0125, -2.8125, -2.8125, -1.0125,-13.6125, -1.0125,-19.0125, -2.8125, -1.0125, -2.8125]
	PARPACK diagonalization completed after 30 matrix-vector product operations.
	iteration results: : total energy is -329.800000 | electron energy -329.800000 + phonon energy 0.000000 | electron momentum kIdx = 10
The 36-th iteration is completed.	|| time cost : 0h 0m 0.346s
********************************************************************************************************************
Start the 37 rounds of NGS-ED iteration
	effective electronic model is modified as: kinetic energy t = 1.06967e-12, t' = -3.56989e-15
	                                           effective interaction Vq = [-49.6125,-19.0125, -2.8125,-19.0125,-19.0125, -2.8125, -1.0125, -2.8125, -2.8125, -1.0125,-13.6125, -1.0125,-19.0125, -2.8125, -1.0125, -2.8125]
	PARPACK diagonalization completed after 30 matrix-vector product operations.
	iteration results: : total energy is -329.800000 | electron energy -329.800000 + phonon energy 0.000000 | electron momentum kIdx = 10
The 37-th iteration is completed.	|| time cost : 0h 0m 0.346s
********************************************************************************************************************
Start the 38 rounds of NGS-ED iteration
	effective electronic model is modified as: kinetic energy t = 1.07026e-12, t' = -3.56907e-15
	                                           effective interaction Vq = [-49.6125,-19.0125, -2.8125,-19.0125,-19.0125, -2.8125, -1.0125, -2.8125, -2.8125, -1.0125,-13.6125, -1.0125,-19.0125, -2.8125, -1.0125, -2.8125]
	PARPACK diagonalization completed after 30 matrix-vector product operations.
	iteration results: : total energy is -329.800000 | electron energy -329.800000 + phonon energy 0.000000 | electron momentum kIdx = 10
The 38-th iteration is completed.	|| time cost : 0h 0m 0.349s
********************************************************************************************************************
Start the 39 rounds of NGS-ED iteration
	effective electronic model is modified as: kinetic energy t = 1.03578e-12, t' = -3.56885e-15
	                                           effective interaction Vq = [-49.6125,-19.0125, -2.8125,-19.0125,-19.0125, -2.8125, -1.0125, -2.8125, -2.8125, -1.0125,-13.6124, -1.0125,-19.0125, -2.8125, -1.0125, -2.8125]
	PARPACK diagonalization completed after 30 matrix-vector product operations.
	iteration results: : total energy is -329.800000 | electron energy -329.800000 + phonon energy 0.000000 | electron momentum kIdx = 10
The 39-th iteration is completed.	|| time cost : 0h 0m 0.348s
********************************************************************************************************************
Start the 40 rounds of NGS-ED iteration
	effective electronic model is modified as: kinetic energy t = 1.07174e-12, t' = -3.56997e-15
	                                           effective interaction Vq = [-49.6125,-19.0125, -2.8125,-19.0125,-19.0125, -2.8125, -1.0125, -2.8125, -2.8125, -1.0125,-13.6125, -1.0125,-19.0125, -2.8125, -1.0125, -2.8125]
	PARPACK diagonalization completed after 30 matrix-vector product operations.
	iteration results: : total energy is -329.800000 | electron energy -329.800000 + phonon energy 0.000000 | electron momentum kIdx = 10
The 40-th iteration is completed.	|| time cost : 0h 0m 0.35s
********************************************************************************************************************
Start the 41 rounds of NGS-ED iteration
	effective electronic model is modified as: kinetic energy t = 1.0705e-12, t' = -3.56847e-15
	                                           effective interaction Vq = [-49.6125,-19.0125, -2.8125,-19.0125,-19.0125, -2.8125, -1.0125, -2.8125, -2.8125, -1.0125,-13.6125, -1.0125,-19.0125, -2.8125, -1.0125, -2.8125]
	PARPACK diagonalization completed after 30 matrix-vector product operations.
	iteration results: : total energy is -329.800000 | electron energy -329.800000 + phonon energy 0.000000 | electron momentum kIdx = 10
The 41-th iteration is completed.	|| time cost : 0h 0m 0.343s
********************************************************************************************************************
Start the 42 rounds of NGS-ED iteration
	effective electronic model is modified as: kinetic energy (tx,ty)=(1.07202e-12, 1.07066e-12), t' = -3.57359e-15
	                                           effective interaction Vq = [-49.6125,-19.0125, -2.8125,-19.0125,-19.0125, -2.8125, -1.0125, -2.8125, -2.8125, -1.0125,-13.6125, -1.0125,-19.0125, -2.8125, -1.0125, -2.8125]
	PARPACK diagonalization completed after 30 matrix-vector product operations.
	iteration results: : total energy is -329.800000 | electron energy -329.800000 + phonon energy 0.000000 | electron momentum kIdx = 10
The 42-th iteration is completed.	|| time cost : 0h 0m 0.351s
********************************************************************************************************************
Start the 43 rounds of NGS-ED iteration
	effective electronic model is modified as: kinetic energy t = 1.06996e-12, t' = -3.56735e-15
	                                           effective interaction Vq = [-49.6125,-19.0125, -2.8125,-19.0125,-19.0125, -2.8125, -1.0125, -2.8125, -2.8125, -1.0125,-13.6125, -1.0125,-19.0125, -2.8125, -1.0125, -2.8125]
	PARPACK diagonalization completed after 30 matrix-vector product operations.
	iteration results: : total energy is -329.800000 | electron energy -329.800000 + phonon energy 0.000000 | electron momentum kIdx = 10
The 43-th iteration is completed.	|| time cost : 0h 0m 0.352s
********************************************************************************************************************
Start the 44 rounds of NGS-ED iteration
	effective electronic model is modified as: kinetic energy t = 1.07226e-12, t' = -3.57057e-15
	                                           effective interaction Vq = [-49.6125,-19.0125, -2.8125,-19.0125,-19.0125, -2.8125, -1.0125, -2.8125, -2.8125, -1.0125,-13.6125, -1.0125,-19.0125, -2.8125, -1.0125, -2.8125]
	PARPACK diagonalization completed after 30 matrix-vector product operations.
	iteration results: : total energy is -329.800000 | electron energy -329.800000 + phonon energy 0.000000 | electron momentum kIdx = 10
The 44-th iteration is completed.	|| time cost : 0h 0m 0.346s
********************************************************************************************************************
Start the 45 rounds of NGS-ED iteration
	effective electronic model is modified as: kinetic energy t = 1.07046e-12, t' = -3.56856e-15
	                                           effective interaction Vq = [-49.6125,-19.0125, -2.8125,-19.0125,-19.0125, -2.8125, -1.0125, -2.8125, -2.8125, -1.0125,-13.6125, -1.0125,-19.0125, -2.8125, -1.0125, -2.8125]
	PARPACK diagonalization completed after 30 matrix-vector product operations.
	iteration results: : total energy is -329.800000 | electron energy -329.800000 + phonon energy 0.000000 | electron momentum kIdx = 10
The 45-th iteration is completed.	|| time cost : 0h 0m 0.349s
********************************************************************************************************************
Start the 46 rounds of NGS-ED iteration
	effective electronic model is modified as: kinetic energy t = 1.07036e-12, t' = -3.56837e-15
