TACC:  Starting up job 1740086 
TACC:  Starting parallel tasks... 
SNEDics v3.4 Non-Gaussian ED ground state program		Start at Thu Oct  8 22:48:44 2020

parallized on 16 MPI threads  * 7 OpenMP threads = 112 total threads.
********************************************************************************************************************
********************************************************************************************************************

********************************************************************************************************************
System parameters and configurations
********************************************************************************************************************
Special program options are enabled: splitted diagonal Hamiltonian
********************************************************************************************************************
Read input file "model_params.in"
	Hubbard-Holstein model parameters : 	t = 1    U = 8    g = 0.3    W = 0.25    g' = 0.08    
********************************************************************************************************************
Read input file "hilbertspace_params.in"
	Requested 16-site 2D lattice, with 8 electrons (4, 4)
	Boundary : Periodic		Hilbert space representation : momentum-space (restricted to kIdx = 0)
	Conservation: particle number[U(1)]      spin[U(1)]     momentum
********************************************************************************************************************

Cluster Positions:				Cluster symmetry group : D4
 x ... x ... x ... x .....                       x ... x ... x ... x .....
 |           |           :                       |           |           :
 |           |           :                       |           |           :
12    13    14    15     x                       1     5     6     5     x
 |           |           :                       |           |           :
 |           |           :                       |           |           :
 8 --- 9 ---10 ---11 --- x                       2 --- 6 ---10 --- 6 --- x
 |           |           :                       |           |           :
 |           |           :                       |           |           :
 4     5     6     7     x                       1     5     6     5     x
 |           |           :                       |           |           :
 |           |           :                       |           |           :
 0 --- 1 --- 2 --- 3 --- x                       0 --- 1 --- 2 --- 1 --- x
orbital number : 1
********************************************************************************************************************
Read input file "obs_params.in"
	Observable Type : Nq(All),   Sq(All),   N(All),   Delta[s](All),   Delta[d](All),   Delta[s+](All)
********************************************************************************************************************
** WARNING ** the input observables have non-local factors which have been reinterpreted. The total observable number is 96
********************************************************************************************************************


********************************************************************************************************************
Start calculating the non-Gaussian ED ground state
** WARNING ** Detected low phonon energy W < 10. The initial state will be prepared through a warm-up process.
********************************************************************************************************************
Start warm-up calculation for scaling factor 64
open output files: NGSEDWarmUpW16Obs.txt
********************************************************************************************************************
Start the 0 rounds of NGS-ED iteration
	effective electronic model is modified as: kinetic energy t = 1
	                                           effective interaction Vq = [0,0,0,0,0,0,0,0,0,0,0,0,0,0,0,0]
	first Hamiltonian is constructed, non-zero numbers = 32207050
	PARPACK diagonalization completed after 90 matrix-vector product operations.
	iteration results: : total energy is -16.460627 | electron energy -16.460627 + phonon energy 0.000000 | electron momentum kIdx = 0
	Nq(0) = 4,	Nq(1) = 0.217892,	Nq(2) = 0.275693,	Nq(3) = 0.217892,	Nq(4) = 0.217892,	Nq(5) = 0.260941,	Nq(6) = 0.370592,	Nq(7) = 0.260941,	Nq(8) = 0.275693,	Nq(9) = 0.370592,	Nq(10) = 0.4202,	Nq(11) = 0.370592,	Nq(12) = 0.217892,	Nq(13) = 0.260941,	Nq(14) = 0.370592,	Nq(15) = 0.260941,	Sq(0) = 2.65648e-18,	Sq(1) = 0.41044,	Sq(2) = 0.343979,	Sq(3) = 0.41044,	Sq(4) = 0.41044,	Sq(5) = 0.572101,	Sq(6) = 0.615629,	Sq(7) = 0.572101,	Sq(8) = 0.343979,	Sq(9) = 0.615629,	Sq(10) = 0.550078,	Sq(11) = 0.615629,	Sq(12) = 0.41044,	Sq(13) = 0.572101,	Sq(14) = 0.615629,	Sq(15) = 0.572101,	N(0) = 1.82882,	N(1) = 1.37933,	N(2) = 0.0780726,	N(3) = 1.37933,	N(4) = 1.37933,	N(5) = 0.0780398,	N(6) = 0.0412646,	N(7) = 0.0780398,	N(8) = 0.0780726,	N(9) = 0.0412646,	N(10) = 0.0205069,	N(11) = 0.0412646,	N(12) = 1.37933,	N(13) = 0.0780398,	N(14) = 0.0412646,	N(15) = 0.0780398,	Delta[s](0) = 0.0387629,	Delta[s](1) = 0.0209289,	Delta[s](2) = 0.00987414,	Delta[s](3) = 0.0209289,	Delta[s](4) = 0.0209289,	Delta[s](5) = 0.0100463,	Delta[s](6) = 0.000504989,	Delta[s](7) = 0.0100463,	Delta[s](8) = 0.00987414,	Delta[s](9) = 0.000504989,	Delta[s](10) = 0.000210301,	Delta[s](11) = 0.000504989,	Delta[s](12) = 0.0209289,	Delta[s](13) = 0.0100463,	Delta[s](14) = 0.000504989,	Delta[s](15) = 0.0100463,	Delta[d](0) = 0.281606,	Delta[d](1) = 0.059583,	Delta[d](2) = 0.0816192,	Delta[d](3) = 0.059583,	Delta[d](4) = 0.059583,	Delta[d](5) = 0.0581321,	Delta[d](6) = 0.0125714,	Delta[d](7) = 0.0581321,	Delta[d](8) = 0.0816192,	Delta[d](9) = 0.0125714,	Delta[d](10) = 0.00859689,	Delta[d](11) = 0.0125714,	Delta[d](12) = 0.059583,	Delta[d](13) = 0.0581321,	Delta[d](14) = 0.0125714,	Delta[d](15) = 0.0581321,	Delta[s+](0) = 0.411999,	Delta[s+](1) = 0.233436,	Delta[s+](2) = 0.0816192,	Delta[s+](3) = 0.233436,	Delta[s+](4) = 0.233436,	Delta[s+](5) = 0.0767217,	Delta[s+](6) = 0.00375855,	Delta[s+](7) = 0.0767217,	Delta[s+](8) = 0.0816192,	Delta[s+](9) = 0.00375855,	Delta[s+](10) = 0.000882709,	Delta[s+](11) = 0.00375855,	Delta[s+](12) = 0.233436,	Delta[s+](13) = 0.0767217,	Delta[s+](14) = 0.00375855,	Delta[s+](15) = 0.0767217
The 0-th iteration is completed.	|| time cost : 0h 0m 6.644s
********************************************************************************************************************
Start the 1 rounds of NGS-ED iteration
	effective electronic model is modified as: kinetic energy t = 0.991702
	                                           effective interaction Vq = [   -1.47492,    -0.7836,  -0.325609,    -0.7836,    -0.7836,    -0.3244, -0.0703643,    -0.3244,  -0.325609, -0.0703643,-0.00141705, -0.0703643,    -0.7836,    -0.3244, -0.0703643,    -0.3244]
	PARPACK diagonalization completed after 45 matrix-vector product operations.
	iteration results: : total energy is -23.558256 | electron energy -23.558318 + phonon energy 0.000061 | electron momentum kIdx = 0
The 1-th iteration is completed.	|| time cost : 0h 0m 5.013s
********************************************************************************************************************
Start the 2 rounds of NGS-ED iteration
	effective electronic model is modified as: kinetic energy t = 0.989082
	                                           effective interaction Vq = [   -1.53505,  -0.827758,  -0.343464,  -0.827758,  -0.827758,  -0.342128, -0.0739188,  -0.342128,  -0.343464, -0.0739188,-0.00148362, -0.0739188,  -0.827758,  -0.342128, -0.0739188,  -0.342128]
	PARPACK diagonalization completed after 30 matrix-vector product operations.
	iteration results: : total energy is -23.828386 | electron energy -23.828570 + phonon energy 0.000184 | electron momentum kIdx = 0
The 2-th iteration is completed.	|| time cost : 0h 0m 0.334s
********************************************************************************************************************
Start the 3 rounds of NGS-ED iteration
	effective electronic model is modified as: kinetic energy t = 0.988661
	                                           effective interaction Vq = [    -1.5375,  -0.832573,  -0.345406,  -0.832573,  -0.832573,  -0.344045, -0.0742826,  -0.344045,  -0.345406, -0.0742826,-0.00148991, -0.0742826,  -0.832573,  -0.344045, -0.0742826,  -0.344045]
	PARPACK diagonalization completed after 30 matrix-vector product operations.
	iteration results: : total energy is -23.838916 | electron energy -23.839136 + phonon energy 0.000220 | electron momentum kIdx = 0
The 3-th iteration is completed.	|| time cost : 0h 0m 0.335s
********************************************************************************************************************
Start the 4 rounds of NGS-ED iteration
	effective electronic model is modified as: kinetic energy t = 0.988597
	                                           effective interaction Vq = [    -1.5376,  -0.833297,  -0.345663,  -0.833297,  -0.833297,  -0.344294, -0.0743263,  -0.344294,  -0.345663, -0.0743263,-0.00149058, -0.0743263,  -0.833297,  -0.344294, -0.0743263,  -0.344294]
	PARPACK diagonalization completed after 30 matrix-vector product operations.
	iteration results: : total energy is -23.839334 | electron energy -23.839560 + phonon energy 0.000226 | electron momentum kIdx = 0
The 4-th iteration is completed.	|| time cost : 0h 0m 0.334s
********************************************************************************************************************
Start the 5 rounds of NGS-ED iteration
	effective electronic model is modified as: kinetic energy t = 0.988587
	                                           effective interaction Vq = [    -1.5376,  -0.833415,  -0.345698,  -0.833415,  -0.833415,  -0.344327, -0.0743316,  -0.344327,  -0.345698, -0.0743316,-0.00149066, -0.0743316,  -0.833415,  -0.344327, -0.0743316,  -0.344327]
	PARPACK diagonalization completed after 30 matrix-vector product operations.
	iteration results: : total energy is -23.839350 | electron energy -23.839578 + phonon energy 0.000227 | electron momentum kIdx = 0
	Nq(0) = 4,	Nq(1) = 0.246259,	Nq(2) = 0.279719,	Nq(3) = 0.246259,	Nq(4) = 0.246259,	Nq(5) = 0.264099,	Nq(6) = 0.354514,	Nq(7) = 0.264099,	Nq(8) = 0.279719,	Nq(9) = 0.354514,	Nq(10) = 0.394173,	Nq(11) = 0.354514,	Nq(12) = 0.246259,	Nq(13) = 0.264099,	Nq(14) = 0.354514,	Nq(15) = 0.264099,	Sq(0) = 2.96601e-18,	Sq(1) = 0.401696,	Sq(2) = 0.345983,	Sq(3) = 0.401696,	Sq(4) = 0.401696,	Sq(5) = 0.570464,	Sq(6) = 0.610591,	Sq(7) = 0.570464,	Sq(8) = 0.345983,	Sq(9) = 0.610591,	Sq(10) = 0.563933,	Sq(11) = 0.610591,	Sq(12) = 0.401696,	Sq(13) = 0.570464,	Sq(14) = 0.610591,	Sq(15) = 0.570464,	N(0) = 1.84941,	N(1) = 1.38848,	N(2) = 0.0670684,	N(3) = 1.38848,	N(4) = 1.38848,	N(5) = 0.0667262,	N(6) = 0.0425842,	N(7) = 0.0667262,	N(8) = 0.0670684,	N(9) = 0.0425842,	N(10) = 0.0252921,	N(11) = 0.0425842,	N(12) = 1.38848,	N(13) = 0.0667262,	N(14) = 0.0425842,	N(15) = 0.0667262,	Delta[s](0) = 0.0429753,	Delta[s](1) = 0.0232805,	Delta[s](2) = 0.0108504,	Delta[s](3) = 0.0232805,	Delta[s](4) = 0.0232805,	Delta[s](5) = 0.0113401,	Delta[s](6) = 0.000766786,	Delta[s](7) = 0.0113401,	Delta[s](8) = 0.0108504,	Delta[s](9) = 0.000766786,	Delta[s](10) = 0.00032203,	Delta[s](11) = 0.000766786,	Delta[s](12) = 0.0232805,	Delta[s](13) = 0.0113401,	Delta[s](14) = 0.000766786,	Delta[s](15) = 0.0113401,	Delta[d](0) = 0.30458,	Delta[d](1) = 0.0592291,	Delta[d](2) = 0.0833948,	Delta[d](3) = 0.0592291,	Delta[d](4) = 0.0592291,	Delta[d](5) = 0.0635024,	Delta[d](6) = 0.0125015,	Delta[d](7) = 0.0635024,	Delta[d](8) = 0.0833948,	Delta[d](9) = 0.0125015,	Delta[d](10) = 0.00970117,	Delta[d](11) = 0.0125015,	Delta[d](12) = 0.0592291,	Delta[d](13) = 0.0635024,	Delta[d](14) = 0.0125015,	Delta[d](15) = 0.0635024,	Delta[s+](0) = 0.427975,	Delta[s+](1) = 0.243425,	Delta[s+](2) = 0.0833948,	Delta[s+](3) = 0.243425,	Delta[s+](4) = 0.243425,	Delta[s+](5) = 0.0793856,	Delta[s+](6) = 0.00462124,	Delta[s+](7) = 0.0793856,	Delta[s+](8) = 0.0833948,	Delta[s+](9) = 0.00462124,	Delta[s+](10) = 0.00129871,	Delta[s+](11) = 0.00462124,	Delta[s+](12) = 0.243425,	Delta[s+](13) = 0.0793856,	Delta[s+](14) = 0.00462124,	Delta[s+](15) = 0.0793856
The 5-th iteration is completed.	|| time cost : 0h 0m 3.544s
********************************************************************************************************************
********************************************************************************************************************
Ground state is obtained after 6 iterations. The current ground-state energy is -23.8394, in which electron energy is -23.8396 and phonon energy is 0.000227371
final variational state is: 
	Gamma_x = [      1,1.00283,1.00201,1.00283,1.00283,1.00196,1.00061,1.00196,1.00201,1.00061,1.00002,1.00061,1.00283,1.00196,1.00061,1.00196]
	lambda_q = [  0.309979,  0.201533,  0.120107,  0.201533,  0.201533,  0.118707, 0.0540553,  0.118707,  0.120107, 0.0540553,-0.0073859, 0.0540553,  0.201533,  0.118707, 0.0540553,  0.118707]
The effective e-e interactions mediated by phonons are: [    1.5376,  0.833434,  0.345703,  0.833434,  0.833434,  0.344332, 0.0743323,  0.344332,  0.345703, 0.0743323,0.00149066, 0.0743323,  0.833434,  0.344332, 0.0743323,  0.344332]
The real-space interactions mediated by phonons are: [ -7.23889, -2.42711,-0.216435, -0.53768, -3.05431, -1.35933,-0.216435,-0.443478,-0.853168,-0.443478,-0.216435, -1.35933, -3.05431, -0.53768,-0.216435, -2.42711]
********************************************************************************************************************
o___o  ----------------------------------------
| L |	Time since last clock: 0h 0m 0s
A===A	Time since the beginning: 0h 0m 16.206s
***********************************************

********************************************************************************************************************
Start warm-up calculation for scaling factor 32
open output files: NGSEDWarmUpW8Obs.txt
********************************************************************************************************************
Start the 0 rounds of NGS-ED iteration
	effective electronic model is modified as: kinetic energy t = 0.988586
	                                           effective interaction Vq = [   -1.40565,  -0.723914,  -0.292251,  -0.723914,  -0.723914,  -0.290174, -0.0622434,  -0.290174,  -0.292251, -0.0622434,-0.00123483, -0.0622434,  -0.723914,  -0.290174, -0.0622434,  -0.290174]
	PARPACK diagonalization completed after 30 matrix-vector product operations.
	iteration results: : total energy is -23.100365 | electron energy -23.100478 + phonon energy 0.000114 | electron momentum kIdx = 0
	Nq(0) = 4,	Nq(1) = 0.242221,	Nq(2) = 0.278995,	Nq(3) = 0.242221,	Nq(4) = 0.242221,	Nq(5) = 0.263562,	Nq(6) = 0.356671,	Nq(7) = 0.263562,	Nq(8) = 0.278995,	Nq(9) = 0.356671,	Nq(10) = 0.397615,	Nq(11) = 0.356671,	Nq(12) = 0.242221,	Nq(13) = 0.263562,	Nq(14) = 0.356671,	Nq(15) = 0.263562,	Sq(0) = -1.20183e-19,	Sq(1) = 0.403075,	Sq(2) = 0.345725,	Sq(3) = 0.403075,	Sq(4) = 0.403075,	Sq(5) = 0.570932,	Sq(6) = 0.611262,	Sq(7) = 0.570932,	Sq(8) = 0.345725,	Sq(9) = 0.611262,	Sq(10) = 0.562057,	Sq(11) = 0.611262,	Sq(12) = 0.403075,	Sq(13) = 0.570932,	Sq(14) = 0.611262,	Sq(15) = 0.570932,	N(0) = 1.84623,	N(1) = 1.38744,	N(2) = 0.0684069,	N(3) = 1.38744,	N(4) = 1.38744,	N(5) = 0.0681275,	N(6) = 0.0425092,	N(7) = 0.0681275,	N(8) = 0.0684069,	N(9) = 0.0425092,	N(10) = 0.0246358,	N(11) = 0.0425092,	N(12) = 1.38744,	N(13) = 0.0681275,	N(14) = 0.0425092,	N(15) = 0.0681275,	Delta[s](0) = 0.0417238,	Delta[s](1) = 0.0227237,	Delta[s](2) = 0.010718,	Delta[s](3) = 0.0227237,	Delta[s](4) = 0.0227237,	Delta[s](5) = 0.0111444,	Delta[s](6) = 0.000920636,	Delta[s](7) = 0.0111444,	Delta[s](8) = 0.010718,	Delta[s](9) = 0.000920636,	Delta[s](10) = 0.000393912,	Delta[s](11) = 0.000920636,	Delta[s](12) = 0.0227237,	Delta[s](13) = 0.0111444,	Delta[s](14) = 0.000920636,	Delta[s](15) = 0.0111444,	Delta[d](0) = 0.303763,	Delta[d](1) = 0.061114,	Delta[d](2) = 0.0850657,	Delta[d](3) = 0.061114,	Delta[d](4) = 0.061114,	Delta[d](5) = 0.0637291,	Delta[d](6) = 0.0135225,	Delta[d](7) = 0.0637291,	Delta[d](8) = 0.0850657,	Delta[d](9) = 0.0135225,	Delta[d](10) = 0.0100618,	Delta[d](11) = 0.0135225,	Delta[d](12) = 0.061114,	Delta[d](13) = 0.0637291,	Delta[d](14) = 0.0135225,	Delta[d](15) = 0.0637291,	Delta[s+](0) = 0.432395,	Delta[s+](1) = 0.245992,	Delta[s+](2) = 0.0850657,	Delta[s+](3) = 0.245992,	Delta[s+](4) = 0.245992,	Delta[s+](5) = 0.0807996,	Delta[s+](6) = 0.00499746,	Delta[s+](7) = 0.0807996,	Delta[s+](8) = 0.0850657,	Delta[s+](9) = 0.00499746,	Delta[s+](10) = 0.00132059,	Delta[s+](11) = 0.00499746,	Delta[s+](12) = 0.245992,	Delta[s+](13) = 0.0807996,	Delta[s+](14) = 0.00499746,	Delta[s+](15) = 0.0807996
The 0-th iteration is completed.	|| time cost : 0h 0m 3.54s
********************************************************************************************************************
Start the 1 rounds of NGS-ED iteration
	effective electronic model is modified as: kinetic energy t = 0.985221
	                                           effective interaction Vq = [   -1.51096,  -0.780765,  -0.312689,  -0.780765,  -0.780765,  -0.309978, -0.0663088,  -0.309978,  -0.312689, -0.0663088,-0.00130616, -0.0663088,  -0.780765,  -0.309978, -0.0663088,  -0.309978]
	PARPACK diagonalization completed after 30 matrix-vector product operations.
	iteration results: : total energy is -23.553909 | electron energy -23.554429 + phonon energy 0.000520 | electron momentum kIdx = 0
The 1-th iteration is completed.	|| time cost : 0h 0m 0.339s
********************************************************************************************************************
Start the 2 rounds of NGS-ED iteration
	effective electronic model is modified as: kinetic energy t = 0.983997
	                                           effective interaction Vq = [  -1.53222, -0.797337, -0.318241, -0.797337, -0.797337, -0.315303,-0.0673329, -0.315303, -0.318241,-0.0673329,-0.0013226,-0.0673329, -0.797337, -0.315303,-0.0673329, -0.315303]
	PARPACK diagonalization completed after 30 matrix-vector product operations.
	iteration results: : total energy is -23.642981 | electron energy -23.643777 + phonon energy 0.000796 | electron momentum kIdx = 0
The 2-th iteration is completed.	|| time cost : 0h 0m 0.334s
********************************************************************************************************************
Start the 3 rounds of NGS-ED iteration
	effective electronic model is modified as: kinetic energy t = 0.98357
	                                           effective interaction Vq = [   -1.53651,  -0.802841,  -0.319884,  -0.802841,  -0.802841,  -0.316856, -0.0676098,  -0.316856,  -0.319884, -0.0676098,-0.00132659, -0.0676098,  -0.802841,  -0.316856, -0.0676098,  -0.316856]
	PARPACK diagonalization completed after 30 matrix-vector product operations.
	iteration results: : total energy is -23.660664 | electron energy -23.661587 + phonon energy 0.000923 | electron momentum kIdx = 0
The 3-th iteration is completed.	|| time cost : 0h 0m 0.336s
********************************************************************************************************************
Start the 4 rounds of NGS-ED iteration
	effective electronic model is modified as: kinetic energy t = 0.983422
	                                           effective interaction Vq = [   -1.53738,  -0.804786,  -0.320385,  -0.804786,  -0.804786,  -0.317322, -0.0676862,  -0.317322,  -0.320385, -0.0676862,-0.00132757, -0.0676862,  -0.804786,  -0.317322, -0.0676862,  -0.317322]
	PARPACK diagonalization completed after 30 matrix-vector product operations.
	iteration results: : total energy is -23.664197 | electron energy -23.665171 + phonon energy 0.000973 | electron momentum kIdx = 0
The 4-th iteration is completed.	|| time cost : 0h 0m 0.336s
********************************************************************************************************************
Start the 5 rounds of NGS-ED iteration
	effective electronic model is modified as: kinetic energy t = 0.983371
	                                           effective interaction Vq = [  -1.53756, -0.805491, -0.320539, -0.805491, -0.805491, -0.317463,-0.0677073, -0.317463, -0.320539,-0.0677073,-0.0013278,-0.0677073, -0.805491, -0.317463,-0.0677073, -0.317463]
	PARPACK diagonalization completed after 30 matrix-vector product operations.
	iteration results: : total energy is -23.664906 | electron energy -23.665899 + phonon energy 0.000992 | electron momentum kIdx = 0
The 5-th iteration is completed.	|| time cost : 0h 0m 0.334s
********************************************************************************************************************
Start the 6 rounds of NGS-ED iteration
	effective electronic model is modified as: kinetic energy t = 0.983353
	                                           effective interaction Vq = [   -1.53759,  -0.805749,  -0.320587,  -0.805749,  -0.805749,  -0.317506, -0.0677131,  -0.317506,  -0.320587, -0.0677131,-0.00132786, -0.0677131,  -0.805749,  -0.317506, -0.0677131,  -0.317506]
	PARPACK diagonalization completed after 30 matrix-vector product operations.
	iteration results: : total energy is -23.665049 | electron energy -23.666048 + phonon energy 0.000999 | electron momentum kIdx = 0
The 6-th iteration is completed.	|| time cost : 0h 0m 0.336s
********************************************************************************************************************
Start the 7 rounds of NGS-ED iteration
	effective electronic model is modified as: kinetic energy t = 0.983346
	                                           effective interaction Vq = [    -1.5376,  -0.805844,  -0.320601,  -0.805844,  -0.805844,  -0.317519, -0.0677147,  -0.317519,  -0.320601, -0.0677147,-0.00132787, -0.0677147,  -0.805844,  -0.317519, -0.0677147,  -0.317519]
	PARPACK diagonalization completed after 30 matrix-vector product operations.
	iteration results: : total energy is -23.665077 | electron energy -23.666079 + phonon energy 0.001002 | electron momentum kIdx = 0
	Nq(0) = 4,	Nq(1) = 0.245378,	Nq(2) = 0.278915,	Nq(3) = 0.245378,	Nq(4) = 0.245378,	Nq(5) = 0.263558,	Nq(6) = 0.354777,	Nq(7) = 0.263558,	Nq(8) = 0.278915,	Nq(9) = 0.354777,	Nq(10) = 0.395042,	Nq(11) = 0.354777,	Nq(12) = 0.245378,	Nq(13) = 0.263558,	Nq(14) = 0.354777,	Nq(15) = 0.263558,	Sq(0) = 3.00706e-18,	Sq(1) = 0.402231,	Sq(2) = 0.345911,	Sq(3) = 0.402231,	Sq(4) = 0.402231,	Sq(5) = 0.571148,	Sq(6) = 0.610845,	Sq(7) = 0.571148,	Sq(8) = 0.345911,	Sq(9) = 0.610845,	Sq(10) = 0.563562,	Sq(11) = 0.610845,	Sq(12) = 0.402231,	Sq(13) = 0.571148,	Sq(14) = 0.610845,	Sq(15) = 0.571148,	N(0) = 1.84747,	N(1) = 1.38758,	N(2) = 0.0677422,	N(3) = 1.38758,	N(4) = 1.38758,	N(5) = 0.0674183,	N(6) = 0.0429469,	N(7) = 0.0674183,	N(8) = 0.0677422,	N(9) = 0.0429469,	N(10) = 0.0252517,	N(11) = 0.0429469,	N(12) = 1.38758,	N(13) = 0.0674183,	N(14) = 0.0429469,	N(15) = 0.0674183,	Delta[s](0) = 0.0417049,	Delta[s](1) = 0.0227864,	Delta[s](2) = 0.0107689,	Delta[s](3) = 0.0227864,	Delta[s](4) = 0.0227864,	Delta[s](5) = 0.0112219,	Delta[s](6) = 0.00103712,	Delta[s](7) = 0.0112219,	Delta[s](8) = 0.0107689,	Delta[s](9) = 0.00103712,	Delta[s](10) = 0.00043672,	Delta[s](11) = 0.00103712,	Delta[s](12) = 0.0227864,	Delta[s](13) = 0.0112219,	Delta[s](14) = 0.00103712,	Delta[s](15) = 0.0112219,	Delta[d](0) = 0.308475,	Delta[d](1) = 0.0623432,	Delta[d](2) = 0.0865992,	Delta[d](3) = 0.0623432,	Delta[d](4) = 0.0623432,	Delta[d](5) = 0.0650509,	Delta[d](6) = 0.0141359,	Delta[d](7) = 0.0650509,	Delta[d](8) = 0.0865992,	Delta[d](9) = 0.0141359,	Delta[d](10) = 0.0105037,	Delta[d](11) = 0.0141359,	Delta[d](12) = 0.0623432,	Delta[d](13) = 0.0650509,	Delta[d](14) = 0.0141359,	Delta[d](15) = 0.0650509,	Delta[s+](0) = 0.439375,	Delta[s+](1) = 0.25012,	Delta[s+](2) = 0.0865992,	Delta[s+](3) = 0.25012,	Delta[s+](4) = 0.25012,	Delta[s+](5) = 0.0823479,	Delta[s+](6) = 0.00538953,	Delta[s+](7) = 0.0823479,	Delta[s+](8) = 0.0865992,	Delta[s+](9) = 0.00538953,	Delta[s+](10) = 0.0014185,	Delta[s+](11) = 0.00538953,	Delta[s+](12) = 0.25012,	Delta[s+](13) = 0.0823479,	Delta[s+](14) = 0.00538953,	Delta[s+](15) = 0.0823479
The 7-th iteration is completed.	|| time cost : 0h 0m 3.574s
********************************************************************************************************************
********************************************************************************************************************
Ground state is obtained after 8 iterations. The current ground-state energy is -23.6651, in which electron energy is -23.6661 and phonon energy is 0.00100186
final variational state is: 
	Gamma_x = [      1,1.00891,1.00557,1.00891,1.00891,1.00536,1.00162,1.00536,1.00557,1.00162,1.00004,1.00162,1.00891,1.00536,1.00162,1.00536]
	lambda_q = [   0.438193,   0.254099,   0.141959,   0.254099,   0.254099,   0.139265,   0.062449,   0.139265,   0.141959,   0.062449,-0.00830983,   0.062449,   0.254099,   0.139265,   0.062449,   0.139265]
The effective e-e interactions mediated by phonons are: [    1.5376,  0.805879,  0.320606,  0.805879,  0.805879,  0.317523, 0.0677151,  0.317523,  0.320606, 0.0677151,0.00132787, 0.0677151,  0.805879,  0.317523, 0.0677151,  0.317523]
The real-space interactions mediated by phonons are: [ -6.94461, -2.40721,-0.246448,-0.591738,  -3.0126, -1.39072,-0.246448,  -0.4783,-0.910047,  -0.4783,-0.246448, -1.39072,  -3.0126,-0.591738,-0.246448, -2.40721]
********************************************************************************************************************
o___o  ----------------------------------------
| L |	Time since last clock: 0h 0m 0s
A===A	Time since the beginning: 0h 0m 25.34s
***********************************************

********************************************************************************************************************
Start warm-up calculation for scaling factor 16
open output files: NGSEDWarmUpW4Obs.txt
********************************************************************************************************************
Start the 0 rounds of NGS-ED iteration
	effective electronic model is modified as: kinetic energy t = 0.983344
	                                           effective interaction Vq = [   -1.40538,   -0.67682,  -0.260092,   -0.67682,   -0.67682,  -0.256657, -0.0543433,  -0.256657,  -0.260092, -0.0543433,-0.00105336, -0.0543433,   -0.67682,  -0.256657, -0.0543433,  -0.256657]
	PARPACK diagonalization completed after 30 matrix-vector product operations.
	iteration results: : total energy is -22.894332 | electron energy -22.894834 + phonon energy 0.000501 | electron momentum kIdx = 0
	Nq(0) = 4,	Nq(1) = 0.240593,	Nq(2) = 0.278132,	Nq(3) = 0.240593,	Nq(4) = 0.240593,	Nq(5) = 0.262983,	Nq(6) = 0.357329,	Nq(7) = 0.262983,	Nq(8) = 0.278132,	Nq(9) = 0.357329,	Nq(10) = 0.399103,	Nq(11) = 0.357329,	Nq(12) = 0.240593,	Nq(13) = 0.262983,	Nq(14) = 0.357329,	Nq(15) = 0.262983,	Sq(0) = -2.69919e-18,	Sq(1) = 0.403848,	Sq(2) = 0.345613,	Sq(3) = 0.403848,	Sq(4) = 0.403848,	Sq(5) = 0.571626,	Sq(6) = 0.611641,	Sq(7) = 0.571626,	Sq(8) = 0.345613,	Sq(9) = 0.611641,	Sq(10) = 0.561329,	Sq(11) = 0.611641,	Sq(12) = 0.403848,	Sq(13) = 0.571626,	Sq(14) = 0.611641,	Sq(15) = 0.571626,	N(0) = 1.84376,	N(1) = 1.38635,	N(2) = 0.0693505,	N(3) = 1.38635,	N(4) = 1.38635,	N(5) = 0.0690948,	N(6) = 0.0428231,	N(7) = 0.0690948,	N(8) = 0.0693505,	N(9) = 0.0428231,	N(10) = 0.0244734,	N(11) = 0.0428231,	N(12) = 1.38635,	N(13) = 0.0690948,	N(14) = 0.0428231,	N(15) = 0.0690948,	Delta[s](0) = 0.0405981,	Delta[s](1) = 0.0222441,	Delta[s](2) = 0.0105911,	Delta[s](3) = 0.0222441,	Delta[s](4) = 0.0222441,	Delta[s](5) = 0.0109797,	Delta[s](6) = 0.00109124,	Delta[s](7) = 0.0109797,	Delta[s](8) = 0.0105911,	Delta[s](9) = 0.00109124,	Delta[s](10) = 0.000452418,	Delta[s](11) = 0.00109124,	Delta[s](12) = 0.0222441,	Delta[s](13) = 0.0109797,	Delta[s](14) = 0.00109124,	Delta[s](15) = 0.0109797,	Delta[d](0) = 0.308463,	Delta[d](1) = 0.0640975,	Delta[d](2) = 0.0882115,	Delta[d](3) = 0.0640975,	Delta[d](4) = 0.0640975,	Delta[d](5) = 0.0652483,	Delta[d](6) = 0.0149148,	Delta[d](7) = 0.0652483,	Delta[d](8) = 0.0882115,	Delta[d](9) = 0.0149148,	Delta[d](10) = 0.0106986,	Delta[d](11) = 0.0149148,	Delta[d](12) = 0.0640975,	Delta[d](13) = 0.0652483,	Delta[d](14) = 0.0149148,	Delta[d](15) = 0.0652483,	Delta[s+](0) = 0.444493,	Delta[s+](1) = 0.252972,	Delta[s+](2) = 0.0882115,	Delta[s+](3) = 0.252972,	Delta[s+](4) = 0.252972,	Delta[s+](5) = 0.0836847,	Delta[s+](6) = 0.00558447,	Delta[s+](7) = 0.0836847,	Delta[s+](8) = 0.0882115,	Delta[s+](9) = 0.00558447,	Delta[s+](10) = 0.00140353,	Delta[s+](11) = 0.00558447,	Delta[s+](12) = 0.252972,	Delta[s+](13) = 0.0836847,	Delta[s+](14) = 0.00558447,	Delta[s+](15) = 0.0836847
The 0-th iteration is completed.	|| time cost : 0h 0m 3.574s
********************************************************************************************************************
Start the 1 rounds of NGS-ED iteration
	effective electronic model is modified as: kinetic energy t = 0.981709
	                                           effective interaction Vq = [   -1.47819,  -0.705857,  -0.266268,  -0.705857,  -0.705857,  -0.261983, -0.0551981,  -0.261983,  -0.266268, -0.0551981,-0.00105744, -0.0551981,  -0.705857,  -0.261983, -0.0551981,  -0.261983]
	PARPACK diagonalization completed after 30 matrix-vector product operations.
	iteration results: : total energy is -23.193532 | electron energy -23.194856 + phonon energy 0.001324 | electron momentum kIdx = 0
The 1-th iteration is completed.	|| time cost : 0h 0m 0.338s
********************************************************************************************************************
Start the 2 rounds of NGS-ED iteration
	effective electronic model is modified as: kinetic energy t = 0.980814
	                                           effective interaction Vq = [   -1.51091,  -0.720896,  -0.269132,  -0.720896,  -0.720896,  -0.264437, -0.0555543,  -0.264437,  -0.269132, -0.0555543,-0.00105878, -0.0555543,  -0.720896,  -0.264437, -0.0555543,  -0.264437]
	PARPACK diagonalization completed after 30 matrix-vector product operations.
	iteration results: : total energy is -23.326830 | electron energy -23.328827 + phonon energy 0.001997 | electron momentum kIdx = 0
The 2-th iteration is completed.	|| time cost : 0h 0m 0.335s
********************************************************************************************************************
Start the 3 rounds of NGS-ED iteration
	effective electronic model is modified as: kinetic energy t = 0.980328
	                                           effective interaction Vq = [   -1.52561,  -0.728933,  -0.270483,  -0.728933,  -0.728933,  -0.265586,  -0.055704,  -0.265586,  -0.270483,  -0.055704,-0.00105918,  -0.055704,  -0.728933,  -0.265586,  -0.055704,  -0.265586]
	PARPACK diagonalization completed after 30 matrix-vector product operations.
	iteration results: : total energy is -23.386382 | electron energy -23.388837 + phonon energy 0.002456 | electron momentum kIdx = 0
The 3-th iteration is completed.	|| time cost : 0h 0m 0.336s
********************************************************************************************************************
Start the 4 rounds of NGS-ED iteration
	effective electronic model is modified as: kinetic energy t = 0.980065
	                                           effective interaction Vq = [   -1.53221,  -0.733312,  -0.271126,  -0.733312,  -0.733312,   -0.26613, -0.0557671,   -0.26613,  -0.271126, -0.0557671,-0.00105928, -0.0557671,  -0.733312,   -0.26613, -0.0557671,   -0.26613]
	PARPACK diagonalization completed after 30 matrix-vector product operations.
	iteration results: : total energy is -23.413036 | electron energy -23.415779 + phonon energy 0.002743 | electron momentum kIdx = 0
The 4-th iteration is completed.	|| time cost : 0h 0m 0.336s
********************************************************************************************************************
Start the 5 rounds of NGS-ED iteration
	effective electronic model is modified as: kinetic energy t = 0.979921
	                                           effective interaction Vq = [  -1.53518, -0.735727, -0.271434, -0.735727, -0.735727,  -0.26639,-0.0557937,  -0.26639, -0.271434,-0.0557937,-0.0010593,-0.0557937, -0.735727,  -0.26639,-0.0557937,  -0.26639]
	PARPACK diagonalization completed after 30 matrix-vector product operations.
	iteration results: : total energy is -23.424980 | electron energy -23.427895 + phonon energy 0.002915 | electron momentum kIdx = 0
The 5-th iteration is completed.	|| time cost : 0h 0m 0.336s
********************************************************************************************************************
Start the 6 rounds of NGS-ED iteration
	effective electronic model is modified as: kinetic energy t = 0.979843
	                                           effective interaction Vq = [   -1.53651,  -0.737069,  -0.271583,  -0.737069,  -0.737069,  -0.266515, -0.0558048,  -0.266515,  -0.271583, -0.0558048,-0.00105929, -0.0558048,  -0.737069,  -0.266515, -0.0558048,  -0.266515]
	PARPACK diagonalization completed after 30 matrix-vector product operations.
	iteration results: : total energy is -23.430337 | electron energy -23.433353 + phonon energy 0.003016 | electron momentum kIdx = 0
The 6-th iteration is completed.	|| time cost : 0h 0m 0.338s
********************************************************************************************************************
Start the 7 rounds of NGS-ED iteration
	effective electronic model is modified as: kinetic energy t = 0.9798
	                                           effective interaction Vq = [   -1.53711,  -0.737818,  -0.271654,  -0.737818,  -0.737818,  -0.266575, -0.0558094,  -0.266575,  -0.271654, -0.0558094,-0.00105927, -0.0558094,  -0.737818,  -0.266575, -0.0558094,  -0.266575]
	PARPACK diagonalization completed after 30 matrix-vector product operations.
	iteration results: : total energy is -23.432741 | electron energy -23.435814 + phonon energy 0.003073 | electron momentum kIdx = 0
The 7-th iteration is completed.	|| time cost : 0h 0m 0.341s
********************************************************************************************************************
Start the 8 rounds of NGS-ED iteration
	effective electronic model is modified as: kinetic energy t = 0.979777
	                                           effective interaction Vq = [   -1.53738,  -0.738237,  -0.271689,  -0.738237,  -0.738237,  -0.266604, -0.0558113,  -0.266604,  -0.271689, -0.0558113,-0.00105926, -0.0558113,  -0.738237,  -0.266604, -0.0558113,  -0.266604]
	PARPACK diagonalization completed after 30 matrix-vector product operations.
	iteration results: : total energy is -23.433820 | electron energy -23.436926 + phonon energy 0.003106 | electron momentum kIdx = 0
The 8-th iteration is completed.	|| time cost : 0h 0m 0.334s
********************************************************************************************************************
Start the 9 rounds of NGS-ED iteration
	effective electronic model is modified as: kinetic energy t = 0.979764
	                                           effective interaction Vq = [    -1.5375,  -0.738472,  -0.271706,  -0.738472,  -0.738472,  -0.266618, -0.0558121,  -0.266618,  -0.271706, -0.0558121,-0.00105926, -0.0558121,  -0.738472,  -0.266618, -0.0558121,  -0.266618]
	PARPACK diagonalization completed after 30 matrix-vector product operations.
	iteration results: : total energy is -23.434305 | electron energy -23.437429 + phonon energy 0.003124 | electron momentum kIdx = 0
The 9-th iteration is completed.	|| time cost : 0h 0m 0.336s
********************************************************************************************************************
Start the 10 rounds of NGS-ED iteration
	effective electronic model is modified as: kinetic energy t = 0.979756
	                                           effective interaction Vq = [   -1.53756,  -0.738603,  -0.271714,  -0.738603,  -0.738603,  -0.266625, -0.0558124,  -0.266625,  -0.271714, -0.0558124,-0.00105925, -0.0558124,  -0.738603,  -0.266625, -0.0558124,  -0.266625]
	PARPACK diagonalization completed after 30 matrix-vector product operations.
	iteration results: : total energy is -23.434522 | electron energy -23.437657 + phonon energy 0.003135 | electron momentum kIdx = 0
	Nq(0) = 4,	Nq(1) = 0.243109,	Nq(2) = 0.277784,	Nq(3) = 0.243109,	Nq(4) = 0.243109,	Nq(5) = 0.262752,	Nq(6) = 0.355966,	Nq(7) = 0.262752,	Nq(8) = 0.277784,	Nq(9) = 0.355966,	Nq(10) = 0.39737,	Nq(11) = 0.355966,	Nq(12) = 0.243109,	Nq(13) = 0.262752,	Nq(14) = 0.355966,	Nq(15) = 0.262752,	Sq(0) = -1.89068e-19,	Sq(1) = 0.403174,	Sq(2) = 0.345709,	Sq(3) = 0.403174,	Sq(4) = 0.403174,	Sq(5) = 0.571996,	Sq(6) = 0.611288,	Sq(7) = 0.571996,	Sq(8) = 0.345709,	Sq(9) = 0.611288,	Sq(10) = 0.562502,	Sq(11) = 0.611288,	Sq(12) = 0.403174,	Sq(13) = 0.571996,	Sq(14) = 0.611288,	Sq(15) = 0.571996,	N(0) = 1.84454,	N(1) = 1.38645,	N(2) = 0.0688063,	N(3) = 1.38645,	N(4) = 1.38645,	N(5) = 0.0685193,	N(6) = 0.0432653,	N(7) = 0.0685193,	N(8) = 0.0688063,	N(9) = 0.0432653,	N(10) = 0.0249121,	N(11) = 0.0432653,	N(12) = 1.38645,	N(13) = 0.0685193,	N(14) = 0.0432653,	N(15) = 0.0685193,	Delta[s](0) = 0.0404615,	Delta[s](1) = 0.0222489,	Delta[s](2) = 0.0106199,	Delta[s](3) = 0.0222489,	Delta[s](4) = 0.0222489,	Delta[s](5) = 0.0110273,	Delta[s](6) = 0.00120852,	Delta[s](7) = 0.0110273,	Delta[s](8) = 0.0106199,	Delta[s](9) = 0.00120852,	Delta[s](10) = 0.000482828,	Delta[s](11) = 0.00120852,	Delta[s](12) = 0.0222489,	Delta[s](13) = 0.0110273,	Delta[s](14) = 0.00120852,	Delta[s](15) = 0.0110273,	Delta[d](0) = 0.319571,	Delta[d](1) = 0.0670505,	Delta[d](2) = 0.0918893,	Delta[d](3) = 0.0670505,	Delta[d](4) = 0.0670505,	Delta[d](5) = 0.0679592,	Delta[d](6) = 0.0160187,	Delta[d](7) = 0.0679592,	Delta[d](8) = 0.0918893,	Delta[d](9) = 0.0160187,	Delta[d](10) = 0.011386,	Delta[d](11) = 0.0160187,	Delta[d](12) = 0.0670505,	Delta[d](13) = 0.0679592,	Delta[d](14) = 0.0160187,	Delta[d](15) = 0.0679592,	Delta[s+](0) = 0.461843,	Delta[s+](1) = 0.262994,	Delta[s+](2) = 0.0918893,	Delta[s+](3) = 0.262994,	Delta[s+](4) = 0.262994,	Delta[s+](5) = 0.0872553,	Delta[s+](6) = 0.0061419,	Delta[s+](7) = 0.0872553,	Delta[s+](8) = 0.0918893,	Delta[s+](9) = 0.0061419,	Delta[s+](10) = 0.00152715,	Delta[s+](11) = 0.0061419,	Delta[s+](12) = 0.262994,	Delta[s+](13) = 0.0872553,	Delta[s+](14) = 0.0061419,	Delta[s+](15) = 0.0872553
The 10-th iteration is completed.	|| time cost : 0h 0m 3.543s
********************************************************************************************************************
Start the 11 rounds of NGS-ED iteration
	effective electronic model is modified as: kinetic energy t = 0.979752
	                                           effective interaction Vq = [   -1.53758,  -0.738677,  -0.271718,  -0.738677,  -0.738677,  -0.266628, -0.0558125,  -0.266628,  -0.271718, -0.0558125,-0.00105925, -0.0558125,  -0.738677,  -0.266628, -0.0558125,  -0.266628]
	PARPACK diagonalization completed after 30 matrix-vector product operations.
	iteration results: : total energy is -23.434620 | electron energy -23.437761 + phonon energy 0.003141 | electron momentum kIdx = 0
The 11-th iteration is completed.	|| time cost : 0h 0m 0.337s
********************************************************************************************************************
Start the 12 rounds of NGS-ED iteration
	effective electronic model is modified as: kinetic energy t = 0.97975
	                                           effective interaction Vq = [   -1.53759,  -0.738719,   -0.27172,  -0.738719,  -0.738719,   -0.26663, -0.0558125,   -0.26663,   -0.27172, -0.0558125,-0.00105925, -0.0558125,  -0.738719,   -0.26663, -0.0558125,   -0.26663]
