SNEDics v3.2 diagonalization test program		Start at Fri May  3 19:36:08 2019

parallized on 80 MPI threads  * 6 OpenMP threads = 480 total threads.
************************************************************************************
************************************************************************************

Input file "model_params.in"
Hubbard-Holstein model parameters : 	t = 1    U = 2    g = 1.8708    W = 1    
************************************************************************************
Input file "hilbertspace_params.in"

Cluster Positions:				Cluster symmetry group : D4
 x ... x ... x ... x .....                       x ... x ... x ... x .....
 |           |           :                       |           |           :
 |           |           :                       |           |           :
12    13    14    15     x                       1     5     6     5     x
 |           |           :                       |           |           :
 |           |           :                       |           |           :
 8 --- 9 ---10 ---11 --- x                       2 --- 6 ---10 --- 6 --- x
 |           |           :                       |           |           :
 |           |           :                       |           |           :
 4     5     6     7     x                       1     5     6     5     x
 |           |           :                       |           |           :
 |           |           :                       |           |           :
 0 --- 1 --- 2 --- 3 --- x                       0 --- 1 --- 2 --- 1 --- x
orbital number : 1
************************************************************************************
** NOTE ** Detected low phonon energy W < 10. The initial state will be prepared through a warm-up process.
starting warm-up calculation for scaling factor 16
0 rounds of non-Gaussian ED iteration : ground-state energy is -18.0176 | electron energy -18.0176 + phonon energy 0 | electron momentum kIdx = 0
Nq = 	16	0.245211	0.311045	0.245211	0.245211	0.311045	0.446617	0.311045	0.311045	0.446617	0.513491	0.446617	0.245211	0.311045	0.446617	0.311045
Sq = 	1.62176e-18	0.413058	0.598296	0.413058	0.413058	0.598296	0.72336	0.598296	0.598296	0.72336	2.71747	0.72336	0.413058	0.598296	0.72336	0.598296
1 rounds of non-Gaussian ED iteration : ground-state energy is -99.2883 | electron energy -99.3002 + phonon energy 0.0118926 | electron momentum kIdx = 0
Nq = 	16	0.535468	0.760972	0.535468	0.535468	0.760972	0.938173	0.760972	0.760972	0.938172	2.32629	0.938172	0.535468	0.760972	0.938173	0.760972
Sq = 	2.10474e-18	0.133264	0.205122	0.133264	0.133264	0.205122	0.277447	0.205122	0.205122	0.277447	0.339738	0.277447	0.133264	0.205122	0.277447	0.205122
2 rounds of non-Gaussian ED iteration : ground-state energy is -104.31 | electron energy -104.342 + phonon energy 0.0324247 | electron momentum kIdx = 0
Nq = 	16	0.390433	0.572131	0.390433	0.390433	0.572131	0.788736	0.572131	0.572131	0.788736	5.23848	0.788736	0.390433	0.572131	0.788736	0.572131
Sq = 	3.00176e-18	0.102927	0.16764	0.102927	0.102927	0.16764	0.227898	0.16764	0.16764	0.227898	0.282912	0.227898	0.102927	0.16764	0.227898	0.16764
3 rounds of non-Gaussian ED iteration : ground-state energy is -104.547 | electron energy -104.582 + phonon energy 0.0355002 | electron momentum kIdx = 0
Nq = 	16	0.34249	0.503985	0.34249	0.34249	0.503985	0.713752	0.503985	0.503985	0.713752	6.21381	0.713752	0.34249	0.503985	0.713752	0.503985
Sq = 	-9.92196e-19	0.099412	0.162871	0.099412	0.099412	0.162871	0.221717	0.162871	0.162871	0.221717	0.27557	0.221717	0.099412	0.162871	0.221717	0.162871
4 rounds of non-Gaussian ED iteration : ground-state energy is -104.559 | electron energy -104.595 + phonon energy 0.0355012 | electron momentum kIdx = 0
Nq = 	16	0.32621	0.479769	0.32621	0.32621	0.479769	0.684854	0.479769	0.479769	0.684854	6.545	0.684854	0.32621	0.479769	0.684854	0.479769
Sq = 	-4.91513e-19	0.0991909	0.162528	0.0991909	0.0991909	0.162528	0.221293	0.162528	0.162528	0.221293	0.275031	0.221293	0.0991909	0.162528	0.221293	0.162528
5 rounds of non-Gaussian ED iteration : ground-state energy is -104.561 | electron energy -104.596 + phonon energy 0.0352084 | electron momentum kIdx = 0
Nq = 	16	0.31669	0.465598	0.31669	0.31669	0.465598	0.667362	0.465598	0.465598	0.667362	6.73719	0.667362	0.31669	0.465598	0.667362	0.465598
Sq = 	7.63794e-19	0.0992492	0.162574	0.0992492	0.0992492	0.162574	0.22137	0.162574	0.162574	0.22137	0.275095	0.22137	0.0992492	0.162574	0.22137	0.162574
Ground state is obtained after 6 iterations. The current ground-state energy is -104.561, in which electron energy is -104.596 and phonon energy is 0.0349422
final variational state is: 
Gamma_x =       1 1.01085 1.02039 1.01085 1.01085 1.02039 1.03017 1.02039 1.02039 1.03017 1.04903 1.03017 1.01085 1.02039 1.03017 1.02039
lambda_q = 0.467668 0.428233 0.416011 0.428233 0.428233 0.416011 0.414285 0.416011 0.416011 0.414285 0.459863 0.414285 0.428233 0.416011 0.414285 0.416011
o___o  -------------------------------------
| L |	Time since last clock: 0h 33m 19.544s
A===A	Time since the beginning: 0h 33m 19.544s
********************************************

************************************************************************************
starting warm-up calculation for scaling factor 8
0 rounds of non-Gaussian ED iteration : ground-state energy is -94.9031 | electron energy -94.9205 + phonon energy 0.0174711 | electron momentum kIdx = 0
Nq = 	16	0.188512	0.285478	0.188512	0.188512	0.285478	0.425342	0.285478	0.285478	0.425342	9.00891	0.425342	0.188512	0.285478	0.425342	0.285478
Sq = 	-2.77088e-18	0.113124	0.180333	0.113124	0.113124	0.180333	0.2461	0.180333	0.180333	0.2461	0.303912	0.2461	0.113124	0.180333	0.2461	0.180333
1 rounds of non-Gaussian ED iteration : ground-state energy is -101.219 | electron energy -101.294 + phonon energy 0.0753554 | electron momentum kIdx = 0
Nq = 	16	0.118035	0.199983	0.118035	0.118035	0.199983	0.293013	0.199983	0.199983	0.293013	10.942	0.293013	0.118035	0.199983	0.293013	0.199983
Sq = 	-1.33268e-18	0.0839498	0.141867	0.0839498	0.0839498	0.141867	0.195552	0.141867	0.141867	0.195552	0.244739	0.195552	0.0839498	0.141867	0.195552	0.141867
2 rounds of non-Gaussian ED iteration : ground-state energy is -102.515 | electron energy -102.601 + phonon energy 0.0857769 | electron momentum kIdx = 0
Nq = 	16	0.0986938	0.17272	0.0986938	0.0986938	0.17272	0.251944	0.17272	0.17272	0.251944	11.5061	0.251944	0.0986938	0.17272	0.251944	0.17272
Sq = 	1.38263e-18	0.0765281	0.131632	0.0765281	0.0765281	0.131632	0.182428	0.131632	0.131632	0.182428	0.229397	0.182428	0.0765281	0.131632	0.182428	0.131632
3 rounds of non-Gaussian ED iteration : ground-state energy is -102.78 | electron energy -102.864 + phonon energy 0.0836283 | electron momentum kIdx = 0
Nq = 	16	0.0905895	0.160619	0.0905895	0.0905895	0.160619	0.233821	0.160619	0.160619	0.233821	11.7449	0.233821	0.0905895	0.160619	0.233821	0.160619
Sq = 	-4.52426e-19	0.0736111	0.127639	0.0736111	0.0736111	0.127639	0.177445	0.127639	0.127639	0.177445	0.223705	0.177445	0.0736111	0.127639	0.177445	0.127639
4 rounds of non-Gaussian ED iteration : ground-state energy is -102.836 | electron energy -102.916 + phonon energy 0.0802371 | electron momentum kIdx = 0
Nq = 	16	0.0863893	0.154173	0.0863893	0.0863893	0.154173	0.224182	0.154173	0.154173	0.224182	11.8717	0.224182	0.0863893	0.154173	0.224182	0.154173
Sq = 	-3.73083e-19	0.072039	0.125491	0.072039	0.072039	0.125491	0.174797	0.125491	0.125491	0.174797	0.220717	0.174797	0.072039	0.125491	0.174797	0.125491
5 rounds of non-Gaussian ED iteration : ground-state energy is -102.849 | electron energy -102.926 + phonon energy 0.0775257 | electron momentum kIdx = 0
Nq = 	16	0.084062	0.150548	0.084062	0.084062	0.150548	0.218766	0.150548	0.150548	0.218766	11.9436	0.218766	0.084062	0.150548	0.218766	0.150548
Sq = 	-4.49262e-19	0.0711178	0.124226	0.0711178	0.0711178	0.124226	0.173242	0.124226	0.124226	0.173242	0.218968	0.173242	0.0711178	0.124226	0.173242	0.124226
6 rounds of non-Gaussian ED iteration : ground-state energy is -102.852 | electron energy -102.928 + phonon energy 0.0756651 | electron momentum kIdx = 0
Nq = 	16	0.0827463	0.148481	0.0827463	0.0827463	0.148481	0.215679	0.148481	0.148481	0.215679	11.985	0.215679	0.0827463	0.148481	0.215679	0.148481
Sq = 	-1.46714e-18	0.0705755	0.123479	0.0705755	0.0705755	0.123479	0.172323	0.123479	0.123479	0.172323	0.217933	0.172323	0.0705755	0.123479	0.172323	0.123479
Ground state is obtained after 7 iterations. The current ground-state energy is -102.853, in which electron energy is -102.927 and phonon energy is 0.0744767
final variational state is: 
Gamma_x =       1 1.01737 1.03202 1.01737 1.01737 1.03202 1.04703 1.03202 1.03202 1.04703 1.15833 1.04703 1.01737 1.03202 1.04703 1.03202
lambda_q = 0.660711 0.415121 0.400143 0.415121 0.415121 0.400143 0.397361 0.400143 0.400143 0.397361 0.651612 0.397361 0.415121 0.400143 0.397361 0.400143
o___o  -------------------------------------
| L |	Time since last clock: 0h 37m 48.409s
A===A	Time since the beginning: 1h 11m 7.954s
********************************************

************************************************************************************
starting warm-up calculation for scaling factor 4
0 rounds of non-Gaussian ED iteration : ground-state energy is -92.9909 | electron energy -93.0281 + phonon energy 0.0372383 | electron momentum kIdx = 0
Nq = 	16	0.0770354	0.138478	0.0770354	0.0770354	0.138478	0.199793	0.138478	0.138478	0.199793	12.0876	0.199793	0.0770354	0.138478	0.199793	0.138478
Sq = 	-4.69899e-19	0.0714496	0.125892	0.0714496	0.0714496	0.125892	0.176959	0.125892	0.125892	0.176959	0.225183	0.176959	0.0714496	0.125892	0.176959	0.125892
1 rounds of non-Gaussian ED iteration : ground-state energy is -97.8826 | electron energy -97.9798 + phonon energy 0.0971692 | electron momentum kIdx = 0
Nq = 	16	0.0596991	0.110291	0.0596991	0.0596991	0.110291	0.159476	0.110291	0.110291	0.159476	12.8421	0.159476	0.0596991	0.110291	0.159476	0.110291
Sq = 	1.43622e-18	0.0568251	0.10317	0.0568251	0.0568251	0.10317	0.146384	0.10317	0.10317	0.146384	0.187597	0.146384	0.0568251	0.10317	0.146384	0.10317
2 rounds of non-Gaussian ED iteration : ground-state energy is -100.025 | electron energy -100.154 + phonon energy 0.129814 | electron momentum kIdx = 0
Nq = 	16	0.0524866	0.0979694	0.0524866	0.0524866	0.0979694	0.14183	0.0979694	0.0979694	0.14183	13.1706	0.14183	0.0524866	0.0979694	0.14183	0.0979694
Sq = 	4.40569e-19	0.0506597	0.093182	0.0506597	0.0506597	0.093182	0.132906	0.093182	0.093182	0.132906	0.170945	0.132906	0.0506597	0.093182	0.132906	0.093182
3 rounds of non-Gaussian ED iteration : ground-state energy is -100.916 | electron energy -101.062 + phonon energy 0.145729 | electron momentum kIdx = 0
Nq = 	16	0.0491799	0.0921957	0.0491799	0.0491798	0.0921957	0.133537	0.0921957	0.0921957	0.133537	13.3246	0.133537	0.0491798	0.0921957	0.133537	0.0921957
Sq = 	2.9006e-20	0.0478053	0.088475	0.0478053	0.0478053	0.088475	0.126542	0.088475	0.088475	0.126542	0.163072	0.126542	0.0478053	0.088475	0.126542	0.088475
4 rounds of non-Gaussian ED iteration : ground-state energy is -101.281 | electron energy -101.435 + phonon energy 0.154054 | electron momentum kIdx = 0
Nq = 	16	0.0475509	0.0893212	0.0475509	0.0475509	0.0893212	0.129398	0.0893212	0.0893212	0.129398	13.4014	0.129398	0.0475509	0.0893212	0.129398	0.0893212
Sq = 	8.02305e-19	0.0463906	0.086123	0.0463906	0.0463906	0.086123	0.123359	0.086123	0.086123	0.123359	0.159133	0.123359	0.0463906	0.086123	0.123359	0.086123
5 rounds of non-Gaussian ED iteration : ground-state energy is -101.43 | electron energy -101.589 + phonon energy 0.158708 | electron momentum kIdx = 0
Nq = 	16	0.0467116	0.0878315	0.0467116	0.0467116	0.0878315	0.127249	0.0878315	0.0878315	0.127249	13.4412	0.127249	0.0467116	0.0878315	0.127249	0.0878315
Sq = 	6.09178e-19	0.045659	0.0849017	0.045659	0.045659	0.0849017	0.121706	0.0849017	0.0849017	0.121706	0.157087	0.121706	0.045659	0.0849017	0.121706	0.0849017
6 rounds of non-Gaussian ED iteration : ground-state energy is -101.492 | electron energy -101.653 + phonon energy 0.161365 | electron momentum kIdx = 0
Nq = 	16	0.0462659	0.0870378	0.0462659	0.0462659	0.0870378	0.126102	0.0870378	0.0870378	0.126102	13.4624	0.126102	0.0462659	0.0870378	0.126102	0.0870378
Sq = 	-6.90087e-20	0.0452695	0.0842505	0.0452695	0.0452695	0.0842505	0.120825	0.0842505	0.0842505	0.120825	0.155997	0.120825	0.0452695	0.0842505	0.120825	0.0842505
7 rounds of non-Gaussian ED iteration : ground-state energy is -101.518 | electron energy -101.681 + phonon energy 0.162873 | electron momentum kIdx = 0
Nq = 	16	0.0460241	0.0866063	0.0460241	0.0460241	0.0866063	0.125477	0.0866063	0.0866063	0.125477	13.474	0.125477	0.0460241	0.0866063	0.125477	0.0866063
Sq = 	-6.55744e-20	0.0450579	0.0838963	0.0450579	0.0450579	0.0838963	0.120346	0.0838963	0.0838963	0.120346	0.155404	0.120346	0.0450579	0.0838963	0.120346	0.0838963
8 rounds of non-Gaussian ED iteration : ground-state energy is -101.529 | electron energy -101.693 + phonon energy 0.163717 | electron momentum kIdx = 0
Nq = 	16	0.0458908	0.0863682	0.0458908	0.0458908	0.0863682	0.125132	0.0863682	0.0863682	0.125132	13.4803	0.125132	0.0458908	0.0863682	0.125132	0.0863682
Sq = 	8.76388e-19	0.0449412	0.0837008	0.0449412	0.0449412	0.0837008	0.120081	0.0837008	0.0837008	0.120081	0.155077	0.120081	0.0449412	0.0837008	0.120081	0.0837008
9 rounds of non-Gaussian ED iteration : ground-state energy is -101.534 | electron energy -101.698 + phonon energy 0.164183 | electron momentum kIdx = 0
Nq = 	16	0.0458166	0.0862355	0.0458166	0.0458166	0.0862355	0.12494	0.0862355	0.0862355	0.12494	13.4839	0.12494	0.0458166	0.0862355	0.12494	0.0862355
Sq = 	6.32465e-19	0.0448761	0.0835919	0.0448761	0.0448761	0.0835919	0.119934	0.0835919	0.0835919	0.119934	0.154895	0.119934	0.0448761	0.0835919	0.119934	0.0835919
10 rounds of non-Gaussian ED iteration : ground-state energy is -101.536 | electron energy -101.701 + phonon energy 0.164438 | electron momentum kIdx = 0
Nq = 	16	0.045775	0.0861611	0.045775	0.045775	0.0861611	0.124832	0.0861611	0.0861611	0.124832	13.4859	0.124832	0.045775	0.0861611	0.124832	0.0861611
Sq = 	7.40086e-19	0.0448396	0.0835308	0.0448396	0.0448396	0.0835308	0.119851	0.0835308	0.0835308	0.119851	0.154793	0.119851	0.0448396	0.0835308	0.119851	0.0835308
Ground state is obtained after 11 iterations. The current ground-state energy is -101.537, in which electron energy is -101.702 and phonon energy is 0.164576
final variational state is: 
Gamma_x =       1 1.01863 1.03487 1.01863 1.01863 1.03487 1.05059 1.03487 1.03487 1.05059  1.4628 1.05059 1.01863 1.03487 1.05059 1.03487
lambda_q = 0.932028 0.332961 0.323403 0.332961 0.332961 0.323403  0.31927 0.323403 0.323403  0.31927 0.919099  0.31927 0.332961 0.323403  0.31927 0.323403
o___o  -------------------------------------
| L |	Time since last clock: 0h 57m 16.468s
A===A	Time since the beginning: 2h 8m 24.422s
********************************************

************************************************************************************
starting warm-up calculation for scaling factor 2
0 rounds of non-Gaussian ED iteration : ground-state energy is -91.7614 | electron energy -91.8437 + phonon energy 0.0822881 | electron momentum kIdx = 0
Nq = 	16	0.0491212	0.0915905	0.0491212	0.0491212	0.0915905	0.132072	0.0915905	0.0915905	0.132072	13.3049	0.132072	0.0491212	0.0915905	0.132072	0.0915905
Sq = 	-1.55212e-19	0.0486216	0.0901951	0.0486216	0.0486216	0.0901951	0.129438	0.0901951	0.0901951	0.129438	0.167345	0.129438	0.0486216	0.0901951	0.129438	0.0901951
1 rounds of non-Gaussian ED iteration : ground-state energy is -95.1988 | electron energy -95.3555 + phonon energy 0.156668 | electron momentum kIdx = 0
Nq = 	16	0.0419754	0.0791159	0.0419754	0.0419754	0.0791159	0.114445	0.0791159	0.0791159	0.114445	13.6638	0.114445	0.0419754	0.0791159	0.114445	0.0791159
Sq = 	-1.94612e-19	0.0417109	0.0783679	0.0417109	0.0417109	0.0783679	0.11304	0.0783679	0.0783679	0.11304	0.1466	0.11304	0.0417109	0.0783679	0.11304	0.0783679
2 rounds of non-Gaussian ED iteration : ground-state energy is -97.369 | electron energy -97.5838 + phonon energy 0.214779 | electron momentum kIdx = 0
Nq = 	16	0.0380303	0.072102	0.0380303	0.0380303	0.072102	0.104517	0.072102	0.072102	0.104517	13.8664	0.104517	0.0380303	0.072102	0.104517	0.072102
Sq = 	-3.18763e-19	0.0378727	0.0716504	0.0378727	0.0378727	0.0716504	0.103668	0.0716504	0.0716504	0.103668	0.134691	0.103668	0.0378727	0.0716504	0.103668	0.0716504
3 rounds of non-Gaussian ED iteration : ground-state energy is -98.6707 | electron energy -98.9278 + phonon energy 0.257148 | electron momentum kIdx = 0
Nq = 	16	0.035893	0.0682634	0.035893	0.035893	0.0682634	0.0990726	0.0682634	0.0682634	0.0990726	13.9776	0.0990726	0.035893	0.0682634	0.0990726	0.0682634
Sq = 	4.14799e-19	0.0357862	0.0679545	0.0357862	0.0357862	0.0679545	0.0984913	0.0679545	0.0679545	0.0984913	0.128099	0.0984913	0.0357862	0.0679545	0.0984913	0.0679545
4 rounds of non-Gaussian ED iteration : ground-state energy is -99.4384 | electron energy -99.7258 + phonon energy 0.287465 | electron momentum kIdx = 0
Nq = 	16	0.0347397	0.0661803	0.0347397	0.0347397	0.0661803	0.0961137	0.0661803	0.0661803	0.0961137	14.038	0.0961137	0.0347397	0.0661803	0.0961137	0.0661803
Sq = 	-3.34419e-19	0.0346582	0.0659438	0.0346582	0.0346582	0.0659438	0.0956694	0.0659438	0.0659438	0.0956694	0.124501	0.0956694	0.0346582	0.0659438	0.0956694	0.0659438
5 rounds of non-Gaussian ED iteration : ground-state energy is -99.8944 | electron energy -100.203 + phonon energy 0.308943 | electron momentum kIdx = 0
Nq = 	16	0.0341142	0.0650469	0.0341142	0.0341142	0.0650469	0.0945018	0.0650469	0.0650469	0.0945018	14.0709	0.0945018	0.0341142	0.0650469	0.0945018	0.0650469
Sq = 	3.67344e-20	0.0340459	0.0648488	0.0340459	0.0340459	0.0648488	0.094131	0.0648488	0.0648488	0.094131	0.122539	0.094131	0.0340459	0.0648488	0.094131	0.0648488
6 rounds of non-Gaussian ED iteration : ground-state energy is -100.171 | electron energy -100.495 + phonon energy 0.323971 | electron momentum kIdx = 0
Nq = 	16	0.0337703	0.0644225	0.0337703	0.0337703	0.0644225	0.0936128	0.0644225	0.0644225	0.0936128	14.089	0.0936128	0.0337703	0.0644225	0.0936128	0.0644225
Sq = 	-1.56105e-19	0.0337091	0.0642454	0.0337091	0.0337091	0.0642454	0.0932829	0.0642454	0.0642454	0.0932829	0.121457	0.0932829	0.0337091	0.0642454	0.0932829	0.0642454
7 rounds of non-Gaussian ED iteration : ground-state energy is -100.342 | electron energy -100.677 + phonon energy 0.334328 | electron momentum kIdx = 0
Nq = 	16	0.0335772	0.0640713	0.0335772	0.0335772	0.0640713	0.0931123	0.0640713	0.0640713	0.0931123	14.0992	0.0931123	0.0335772	0.0640713	0.0931123	0.0640713
Sq = 	6.68284e-19	0.0335199	0.0639061	0.0335199	0.0335199	0.0639061	0.092806	0.0639061	0.0639061	0.092806	0.120848	0.092806	0.0335199	0.0639061	0.092806	0.0639061
8 rounds of non-Gaussian ED iteration : ground-state energy is -100.451 | electron energy -100.792 + phonon energy 0.341355 | electron momentum kIdx = 0
Nq = 	16	0.0334658	0.0638687	0.0334658	0.0334658	0.0638687	0.092823	0.0638687	0.0638687	0.092823	14.1051	0.092823	0.0334658	0.0638687	0.092823	0.0638687
Sq = 	-2.21397e-19	0.0334107	0.0637104	0.0334107	0.0334107	0.0637104	0.0925309	0.0637104	0.0637104	0.0925309	0.120497	0.0925309	0.0334107	0.0637104	0.0925309	0.0637104
9 rounds of non-Gaussian ED iteration : ground-state energy is -100.521 | electron energy -100.867 + phonon energy 0.346052 | electron momentum kIdx = 0
Nq = 	16	0.0333998	0.0637484	0.0333998	0.0333998	0.0637484	0.0926512	0.0637484	0.0637484	0.0926512	14.1086	0.0926512	0.0333998	0.0637484	0.0926512	0.0637484
Sq = 	-2.4537e-19	0.033346	0.0635943	0.033346	0.033346	0.0635943	0.0923678	0.0635943	0.0635943	0.0923678	0.120289	0.0923678	0.033346	0.0635943	0.0923678	0.0635943
10 rounds of non-Gaussian ED iteration : ground-state energy is -100.567 | electron energy -100.916 + phonon energy 0.349151 | electron momentum kIdx = 0
Nq = 	16	0.0333596	0.0636751	0.0333596	0.0333596	0.0636751	0.0925463	0.0636751	0.0636751	0.0925463	14.1107	0.0925463	0.0333596	0.0636751	0.0925463	0.0636751
Sq = 	-5.27818e-19	0.0333066	0.0635236	0.0333066	0.0333066	0.0635236	0.0922685	0.0635236	0.0635236	0.0922685	0.120163	0.0922685	0.0333066	0.0635236	0.0922685	0.0635236
11 rounds of non-Gaussian ED iteration : ground-state energy is -100.598 | electron energy -100.949 + phonon energy 0.351175 | electron momentum kIdx = 0
Nq = 	16	0.0333346	0.0636294	0.0333346	0.0333346	0.0636294	0.0924808	0.0636294	0.0636294	0.0924808	14.112	0.0924808	0.0333346	0.0636294	0.0924808	0.0636294
Sq = 	2.90042e-19	0.033282	0.0634796	0.033282	0.033282	0.0634796	0.0922067	0.0634796	0.0634796	0.0922067	0.120084	0.0922067	0.033282	0.0634796	0.0922067	0.0634796
12 rounds of non-Gaussian ED iteration : ground-state energy is -100.618 | electron energy -100.97 + phonon energy 0.352485 | electron momentum kIdx = 0
Nq = 	16	0.0333186	0.0636003	0.0333186	0.0333186	0.0636003	0.0924391	0.0636003	0.0636003	0.0924391	14.1129	0.0924391	0.0333186	0.0636003	0.0924391	0.0636003
Sq = 	5.63053e-19	0.0332664	0.0634516	0.0332664	0.0332664	0.0634516	0.0921674	0.0634516	0.0634516	0.0921674	0.120034	0.0921674	0.0332664	0.0634516	0.0921674	0.0634516
13 rounds of non-Gaussian ED iteration : ground-state energy is -100.631 | electron energy -100.984 + phonon energy 0.353327 | electron momentum kIdx = 0
Nq = 	16	0.0333084	0.0635816	0.0333084	0.0333084	0.0635816	0.0924121	0.0635816	0.0635816	0.0924121	14.1134	0.0924121	0.0333084	0.0635816	0.0924121	0.0635816
Sq = 	2.5547e-19	0.0332563	0.0634335	0.0332563	0.0332563	0.0634335	0.092142	0.0634335	0.0634335	0.092142	0.120002	0.092142	0.0332563	0.0634335	0.092142	0.0634335
14 rounds of non-Gaussian ED iteration : ground-state energy is -100.64 | electron energy -100.994 + phonon energy 0.353864 | electron momentum kIdx = 0
Nq = 	16	0.0333017	0.0635693	0.0333017	0.0333017	0.0635693	0.0923945	0.0635693	0.0635693	0.0923945	14.1138	0.0923945	0.0333017	0.0635693	0.0923945	0.0635693
Sq = 	5.90084e-20	0.0332498	0.0634217	0.0332498	0.0332498	0.0634217	0.0921255	0.0634217	0.0634217	0.0921255	0.119981	0.0921255	0.0332498	0.0634217	0.0921255	0.0634217
15 rounds of non-Gaussian ED iteration : ground-state energy is -100.646 | electron energy -101 + phonon energy 0.354206 | electron momentum kIdx = 0
Nq = 	16	0.0332972	0.0635612	0.0332972	0.0332972	0.0635612	0.0923829	0.0635612	0.0635612	0.0923829	14.114	0.0923829	0.0332972	0.0635612	0.0923829	0.0635612
Sq = 	2.30381e-19	0.0332454	0.063414	0.0332454	0.0332454	0.063414	0.0921146	0.063414	0.063414	0.0921146	0.119967	0.0921146	0.0332454	0.063414	0.0921146	0.063414
16 rounds of non-Gaussian ED iteration : ground-state energy is -100.65 | electron energy -101.004 + phonon energy 0.354422 | electron momentum kIdx = 0
Nq = 	16	0.0332943	0.0635559	0.0332943	0.0332943	0.0635559	0.0923751	0.0635559	0.0635559	0.0923751	14.1142	0.0923751	0.0332943	0.0635559	0.0923751	0.0635559
Sq = 	8.3075e-20	0.0332426	0.0634089	0.0332426	0.0332426	0.0634089	0.0921075	0.0634089	0.0634089	0.0921075	0.119958	0.0921075	0.0332426	0.0634089	0.0921075	0.0634089
17 rounds of non-Gaussian ED iteration : ground-state energy is -100.653 | electron energy -101.007 + phonon energy 0.354558 | electron momentum kIdx = 0
Nq = 	16	0.0332924	0.0635523	0.0332924	0.0332924	0.0635523	0.09237	0.0635523	0.0635523	0.09237	14.1143	0.09237	0.0332924	0.0635523	0.09237	0.0635523
Sq = 	7.6773e-19	0.0332406	0.0634054	0.0332406	0.0332406	0.0634054	0.0921027	0.0634054	0.0634054	0.0921027	0.119952	0.0921027	0.0332406	0.0634054	0.0921027	0.0634054
18 rounds of non-Gaussian ED iteration : ground-state energy is -100.654 | electron energy -101.009 + phonon energy 0.354644 | electron momentum kIdx = 0
Nq = 	16	0.0332911	0.0635499	0.0332911	0.0332911	0.0635499	0.0923665	0.0635499	0.0635499	0.0923665	14.1143	0.0923665	0.0332911	0.0635499	0.0923665	0.0635499
Sq = 	-3.01346e-21	0.0332394	0.0634032	0.0332394	0.0332394	0.0634032	0.0920995	0.0634032	0.0634032	0.0920995	0.119947	0.0920995	0.0332394	0.0634032	0.0920995	0.0634032
19 rounds of non-Gaussian ED iteration : ground-state energy is -100.656 | electron energy -101.01 + phonon energy 0.354697 | electron momentum kIdx = 0
Nq = 	16	0.0332902	0.0635483	0.0332902	0.0332902	0.0635483	0.0923642	0.0635483	0.0635483	0.0923642	14.1144	0.0923642	0.0332902	0.0635483	0.0923642	0.0635483
Sq = 	3.24124e-19	0.0332385	0.0634016	0.0332385	0.0332385	0.0634016	0.0920973	0.0634016	0.0634016	0.0920973	0.119945	0.0920973	0.0332385	0.0634016	0.0920973	0.0634016
Ground state is obtained after 20 iterations. The current ground-state energy is -100.656, in which electron energy is -101.011 and phonon energy is 0.354731
final variational state is: 
Gamma_x =       1 1.01766  1.0333 1.01766 1.01766  1.0333  1.0482  1.0333  1.0333  1.0482 2.24811  1.0482 1.01766  1.0333  1.0482  1.0333
lambda_q =   1.3157 0.243245 0.237083 0.243245 0.243245 0.237083 0.233755 0.237083 0.237083 0.233755  1.29817 0.233755 0.243245 0.237083 0.233755 0.237083
o___o  -------------------------------------
| L |	Time since last clock: 1h 41m 13.635s
A===A	Time since the beginning: 3h 49m 38.059s
********************************************

************************************************************************************
Warm up completed
o___o  -------------------------------------
| L |	Time since last clock: 0h 0m 0.027s
A===A	Time since the beginning: 3h 49m 38.085s
********************************************

************************************************************************************
0 rounds of non-Gaussian ED iteration : ground-state energy is -91.0436 | electron energy -91.221 + phonon energy 0.177365 | electron momentum kIdx = 0
Nq = 	16	0.0383544	0.0724839	0.0383544	0.0383544	0.0724839	0.104842	0.0724839	0.0724839	0.104842	13.844	0.104842	0.0383544	0.0724839	0.104842	0.0724839
Sq = 	1.14592e-19	0.0384155	0.0727153	0.0384155	0.0384155	0.0727153	0.105339	0.0727153	0.0727153	0.105339	0.137042	0.105339	0.0384155	0.0727153	0.105339	0.0727153
1 rounds of non-Gaussian ED iteration : ground-state energy is -93.5145 | electron energy -93.7845 + phonon energy 0.270035 | electron momentum kIdx = 0
Nq = 	16	0.0345116	0.0656178	0.0345116	0.0345116	0.0656178	0.0951453	0.0656178	0.0656178	0.0951453	14.0464	0.0951453	0.0345116	0.0656178	0.0951453	0.0656178
Sq = 	3.0699e-19	0.034582	0.0658855	0.034582	0.034582	0.0658855	0.0957181	0.0658855	0.0658855	0.0957181	0.124727	0.0957181	0.034582	0.0658855	0.0957181	0.0658855
2 rounds of non-Gaussian ED iteration : ground-state energy is -95.3403 | electron energy -95.6866 + phonon energy 0.346248 | electron momentum kIdx = 0
Nq = 	16	0.0320028	0.0610918	0.0320028	0.0320028	0.0610918	0.0887442	0.0610918	0.0610918	0.0887442	14.1802	0.0887442	0.0320028	0.0610918	0.0887442	0.0610918
Sq = 	6.89411e-20	0.0320743	0.0613604	0.0320743	0.0320743	0.0613604	0.089315	0.0613604	0.0613604	0.089315	0.116508	0.089315	0.0320743	0.0613604	0.089315	0.0613604
3 rounds of non-Gaussian ED iteration : ground-state energy is -96.6171 | electron energy -97.023 + phonon energy 0.40596 | electron momentum kIdx = 0
Nq = 	16	0.0304683	0.058305	0.0304683	0.0304683	0.058305	0.0847961	0.058305	0.058305	0.0847961	14.2627	0.0847961	0.0304683	0.058305	0.0847961	0.058305
Sq = 	1.2691e-19	0.0305391	0.0585689	0.0305391	0.0305391	0.0585689	0.0853538	0.0585689	0.0585689	0.0853538	0.111416	0.0853538	0.0305391	0.0585689	0.0853538	0.0585689
4 rounds of non-Gaussian ED iteration : ground-state energy is -97.4927 | electron energy -97.9443 + phonon energy 0.451616 | electron momentum kIdx = 0
Nq = 	16	0.0295626	0.0566534	0.0295626	0.0295626	0.0566534	0.0824531	0.0566534	0.0566534	0.0824531	14.3116	0.0824531	0.0295626	0.0566534	0.0824531	0.0566534
Sq = 	-1.99114e-19	0.0296327	0.0569131	0.0296327	0.0296327	0.0569131	0.0830004	0.0569131	0.0569131	0.0830004	0.108388	0.0830004	0.0296327	0.0569131	0.0830004	0.0569131
5 rounds of non-Gaussian ED iteration : ground-state energy is -98.0996 | electron energy -98.5856 + phonon energy 0.485958 | electron momentum kIdx = 0
Nq = 	16	0.0290383	0.0556948	0.0290383	0.0290383	0.0556948	0.0810919	0.0556948	0.0556948	0.0810919	14.34	0.0810919	0.0290383	0.0556948	0.0810919	0.0556948
Sq = 	-1.56861e-20	0.0291079	0.0559519	0.0291079	0.0291079	0.0559519	0.0816329	0.0559519	0.0559519	0.0816329	0.106628	0.0816329	0.0291079	0.0559519	0.0816329	0.0559519
6 rounds of non-Gaussian ED iteration : ground-state energy is -98.5329 | electron energy -99.0443 + phonon energy 0.51141 | electron momentum kIdx = 0
Nq = 	16	0.028737	0.0551431	0.028737	0.028737	0.0551431	0.0803079	0.0551431	0.0551431	0.0803079	14.3563	0.0803079	0.028737	0.0551431	0.0803079	0.0551431
Sq = 	-1.82631e-19	0.0288063	0.0553987	0.0288063	0.0288063	0.0553987	0.0808455	0.0553987	0.0553987	0.0808455	0.105614	0.0808455	0.0288063	0.0553987	0.0808455	0.0553987
7 rounds of non-Gaussian ED iteration : ground-state energy is -98.8535 | electron energy -99.3835 + phonon energy 0.529994 | electron momentum kIdx = 0
Nq = 	16	0.0285633	0.0548248	0.0285633	0.0285633	0.0548248	0.0798553	0.0548248	0.0548248	0.0798553	14.3658	0.0798553	0.0285633	0.0548248	0.0798553	0.0548248
Sq = 	3.31921e-20	0.0286324	0.0550796	0.0286324	0.0286324	0.0550796	0.0803912	0.0550796	0.0550796	0.0803912	0.105029	0.0803912	0.0286324	0.0550796	0.0803912	0.0550796
8 rounds of non-Gaussian ED iteration : ground-state energy is -99.0986 | electron energy -99.642 + phonon energy 0.543364 | electron momentum kIdx = 0
Nq = 	16	0.028462	0.0546389	0.028462	0.028462	0.0546389	0.079591	0.0546389	0.0546389	0.079591	14.3713	0.079591	0.028462	0.0546389	0.079591	0.0546389
Sq = 	2.69257e-19	0.028531	0.0548934	0.028531	0.028531	0.0548934	0.080126	0.0548934	0.0548934	0.080126	0.104688	0.080126	0.028531	0.0548934	0.080126	0.0548934
9 rounds of non-Gaussian ED iteration : ground-state energy is -99.2907 | electron energy -99.8436 + phonon energy 0.55285 | electron momentum kIdx = 0
Nq = 	16	0.0284018	0.0545284	0.0284018	0.0284018	0.0545284	0.0794336	0.0545284	0.0545284	0.0794336	14.3746	0.0794336	0.0284018	0.0545284	0.0794336	0.0545284
Sq = 	-1.55091e-19	0.0284707	0.0547826	0.0284707	0.0284707	0.0547826	0.0799683	0.0547826	0.0547826	0.0799683	0.104485	0.0799683	0.0284707	0.0547826	0.0799683	0.0547826
10 rounds of non-Gaussian ED iteration : ground-state energy is -99.4439 | electron energy -100.003 + phonon energy 0.559496 | electron momentum kIdx = 0
Nq = 	16	0.0283651	0.054461	0.0283651	0.0283651	0.054461	0.0793376	0.054461	0.054461	0.0793376	14.3765	0.0793376	0.0283651	0.054461	0.0793376	0.054461
Sq = 	-4.73704e-19	0.028434	0.0547152	0.028434	0.028434	0.0547152	0.0798723	0.0547152	0.0547152	0.0798723	0.104361	0.0798723	0.028434	0.0547152	0.0798723	0.0547152
11 rounds of non-Gaussian ED iteration : ground-state energy is -99.5673 | electron energy -100.131 + phonon energy 0.564104 | electron momentum kIdx = 0
Nq = 	16	0.0283421	0.0544188	0.0283421	0.0283421	0.0544188	0.0792774	0.0544188	0.0544188	0.0792774	14.3778	0.0792774	0.0283421	0.0544188	0.0792774	0.0544188
Sq = 	-2.38925e-19	0.028411	0.0546729	0.028411	0.028411	0.0546729	0.0798122	0.0546729	0.0546729	0.0798122	0.104284	0.0798122	0.028411	0.0546729	0.0798122	0.0546729
12 rounds of non-Gaussian ED iteration : ground-state energy is -99.6675 | electron energy -100.235 + phonon energy 0.567267 | electron momentum kIdx = 0
Nq = 	16	0.0283273	0.0543916	0.0283273	0.0283273	0.0543916	0.0792386	0.0543916	0.0543916	0.0792386	14.3786	0.0792386	0.0283273	0.0543916	0.0792386	0.0543916
Sq = 	-2.88804e-20	0.0283962	0.0546458	0.0283962	0.0283962	0.0546458	0.0797736	0.0546458	0.0546458	0.0797736	0.104234	0.0797736	0.0283962	0.0546458	0.0797736	0.0546458
13 rounds of non-Gaussian ED iteration : ground-state energy is -99.7491 | electron energy -100.319 + phonon energy 0.569422 | electron momentum kIdx = 0
Nq = 	16	0.0283176	0.0543737	0.0283176	0.0283176	0.0543737	0.0792129	0.0543737	0.0543737	0.0792129	14.3791	0.0792129	0.0283176	0.0543737	0.0792129	0.0543737
Sq = 	9.95073e-20	0.0283864	0.0546279	0.0283864	0.0283864	0.0546279	0.0797481	0.0546279	0.0546279	0.0797481	0.104202	0.0797481	0.0283864	0.0546279	0.0797481	0.0546279
14 rounds of non-Gaussian ED iteration : ground-state energy is -99.8157 | electron energy -100.387 + phonon energy 0.57088 | electron momentum kIdx = 0
Nq = 	16	0.028311	0.0543615	0.028311	0.028311	0.0543615	0.0791955	0.0543615	0.0543615	0.0791955	14.3795	0.0791955	0.028311	0.0543615	0.0791955	0.0543615
Sq = 	-4.37945e-19	0.0283798	0.0546158	0.0283798	0.0283798	0.0546158	0.0797309	0.0546158	0.0546158	0.0797309	0.104179	0.0797309	0.0283798	0.0546158	0.0797309	0.0546158
15 rounds of non-Gaussian ED iteration : ground-state energy is -99.8702 | electron energy -100.442 + phonon energy 0.57186 | electron momentum kIdx = 0
Nq = 	16	0.0283064	0.0543531	0.0283064	0.0283064	0.0543531	0.0791834	0.0543531	0.0543531	0.0791834	14.3797	0.0791834	0.0283064	0.0543531	0.0791834	0.0543531
Sq = 	-4.45055e-19	0.0283752	0.0546074	0.0283752	0.0283752	0.0546074	0.079719	0.0546074	0.0546074	0.079719	0.104164	0.079719	0.0283752	0.0546074	0.079719	0.0546074
16 rounds of non-Gaussian ED iteration : ground-state energy is -99.9147 | electron energy -100.487 + phonon energy 0.572514 | electron momentum kIdx = 0
Nq = 	16	0.0283032	0.0543471	0.0283032	0.0283032	0.0543471	0.0791749	0.0543471	0.0543471	0.0791749	14.3799	0.0791749	0.0283032	0.0543471	0.0791749	0.0543471
Sq = 	-8.28612e-21	0.028372	0.0546015	0.028372	0.028372	0.0546015	0.0797106	0.0546015	0.0546015	0.0797106	0.104153	0.0797106	0.028372	0.0546015	0.0797106	0.0546015
17 rounds of non-Gaussian ED iteration : ground-state energy is -99.9512 | electron energy -100.524 + phonon energy 0.572948 | electron momentum kIdx = 0
Nq = 	16	0.0283009	0.0543428	0.0283009	0.0283009	0.0543428	0.0791687	0.0543428	0.0543428	0.0791687	14.38	0.0791687	0.0283009	0.0543428	0.0791687	0.0543428
Sq = 	-5.93304e-19	0.0283697	0.0545972	0.0283697	0.0283697	0.0545972	0.0797046	0.0545972	0.0545972	0.0797046	0.104146	0.0797046	0.0283697	0.0545972	0.0797046	0.0545972
18 rounds of non-Gaussian ED iteration : ground-state energy is -99.981 | electron energy -100.554 + phonon energy 0.573233 | electron momentum kIdx = 0
Nq = 	16	0.0282992	0.0543397	0.0282992	0.0282992	0.0543397	0.0791642	0.0543397	0.0543397	0.0791642	14.3801	0.0791642	0.0282992	0.0543397	0.0791642	0.0543397
Sq = 	2.19049e-19	0.028368	0.0545941	0.028368	0.028368	0.0545941	0.0797002	0.0545941	0.0545941	0.0797002	0.10414	0.0797002	0.028368	0.0545941	0.0797002	0.0545941
19 rounds of non-Gaussian ED iteration : ground-state energy is -100.005 | electron energy -100.579 + phonon energy 0.57342 | electron momentum kIdx = 0
Nq = 	16	0.0282979	0.0543374	0.0282979	0.0282979	0.0543374	0.0791608	0.0543374	0.0543374	0.0791608	14.3802	0.0791608	0.0282979	0.0543374	0.0791608	0.0543374
Sq = 	-5.29324e-20	0.0283667	0.0545918	0.0283667	0.0283667	0.0545918	0.0796969	0.0545918	0.0545918	0.0796969	0.104136	0.0796969	0.0283667	0.0545918	0.0796969	0.0545918
20 rounds of non-Gaussian ED iteration : ground-state energy is -100.025 | electron energy -100.599 + phonon energy 0.573541 | electron momentum kIdx = 0
Nq = 	16	0.028297	0.0543356	0.028297	0.028297	0.0543356	0.0791583	0.0543356	0.0543356	0.0791583	14.3803	0.0791583	0.028297	0.0543356	0.0791583	0.0543356
Sq = 	7.77277e-20	0.0283658	0.0545901	0.0283658	0.0283658	0.0545901	0.0796945	0.0545901	0.0545901	0.0796945	0.104133	0.0796945	0.0283658	0.0545901	0.0796945	0.0545901
21 rounds of non-Gaussian ED iteration : ground-state energy is -100.042 | electron energy -100.615 + phonon energy 0.573618 | electron momentum kIdx = 0
Nq = 	16	0.0282962	0.0543343	0.0282962	0.0282962	0.0543343	0.0791563	0.0543343	0.0543343	0.0791563	14.3803	0.0791563	0.0282962	0.0543343	0.0791563	0.0543343
Sq = 	7.23094e-20	0.0283651	0.0545888	0.0283651	0.0283651	0.0545888	0.0796926	0.0545888	0.0545888	0.0796926	0.10413	0.0796926	0.0283651	0.0545888	0.0796926	0.0545888
22 rounds of non-Gaussian ED iteration : ground-state energy is -100.055 | electron energy -100.629 + phonon energy 0.573666 | electron momentum kIdx = 0
Nq = 	16	0.0282957	0.0543333	0.0282957	0.0282957	0.0543333	0.0791549	0.0543333	0.0543333	0.0791549	14.3803	0.0791549	0.0282957	0.0543333	0.0791549	0.0543333
Sq = 	2.73585e-20	0.0283645	0.0545878	0.0283645	0.0283645	0.0545878	0.0796912	0.0545878	0.0545878	0.0796912	0.104128	0.0796912	0.0283645	0.0545878	0.0796912	0.0545878
23 rounds of non-Gaussian ED iteration : ground-state energy is -100.066 | electron energy -100.64 + phonon energy 0.573696 | electron momentum kIdx = 0
Nq = 	16	0.0282953	0.0543325	0.0282953	0.0282953	0.0543325	0.0791537	0.0543325	0.0543325	0.0791537	14.3803	0.0791537	0.0282953	0.0543325	0.0791537	0.0543325
Sq = 	3.95659e-19	0.0283641	0.054587	0.0283641	0.0283641	0.054587	0.0796901	0.054587	0.054587	0.0796901	0.104127	0.0796901	0.0283641	0.054587	0.0796901	0.054587
24 rounds of non-Gaussian ED iteration : ground-state energy is -100.075 | electron energy -100.649 + phonon energy 0.573713 | electron momentum kIdx = 0
Nq = 	16	0.0282949	0.0543318	0.0282949	0.0282949	0.0543318	0.0791528	0.0543318	0.0543318	0.0791528	14.3804	0.0791528	0.0282949	0.0543318	0.0791528	0.0543318
Sq = 	-2.17663e-19	0.0283638	0.0545864	0.0283638	0.0283638	0.0545864	0.0796892	0.0545864	0.0545864	0.0796892	0.104126	0.0796892	0.0283638	0.0545864	0.0796892	0.0545864
25 rounds of non-Gaussian ED iteration : ground-state energy is -100.083 | electron energy -100.656 + phonon energy 0.573723 | electron momentum kIdx = 0
Nq = 	16	0.0282947	0.0543313	0.0282947	0.0282947	0.0543313	0.0791521	0.0543313	0.0543313	0.0791521	14.3804	0.0791521	0.0282947	0.0543313	0.0791521	0.0543313
Sq = 	2.50416e-19	0.0283635	0.0545859	0.0283635	0.0283635	0.0545859	0.0796885	0.0545859	0.0545859	0.0796885	0.104125	0.0796885	0.0283635	0.0545859	0.0796885	0.0545859
26 rounds of non-Gaussian ED iteration : ground-state energy is -100.089 | electron energy -100.662 + phonon energy 0.573728 | electron momentum kIdx = 0
Nq = 	16	0.0282944	0.054331	0.0282944	0.0282944	0.054331	0.0791515	0.054331	0.0543309	0.0791515	14.3804	0.0791515	0.0282944	0.054331	0.0791515	0.054331
Sq = 	9.28871e-20	0.0283633	0.0545855	0.0283633	0.0283633	0.0545855	0.079688	0.0545855	0.0545855	0.079688	0.104124	0.079688	0.0283633	0.0545855	0.079688	0.0545855
27 rounds of non-Gaussian ED iteration : ground-state energy is -100.093 | electron energy -100.667 + phonon energy 0.573729 | electron momentum kIdx = 0
Nq = 	16	0.0282943	0.0543306	0.0282943	0.0282943	0.0543306	0.079151	0.0543306	0.0543306	0.079151	14.3804	0.079151	0.0282943	0.0543306	0.079151	0.0543306
Sq = 	2.91217e-19	0.0283631	0.0545852	0.0283631	0.0283631	0.0545852	0.0796875	0.0545852	0.0545852	0.0796875	0.104124	0.0796875	0.0283631	0.0545852	0.0796875	0.0545852
28 rounds of non-Gaussian ED iteration : ground-state energy is -100.098 | electron energy -100.671 + phonon energy 0.573729 | electron momentum kIdx = 0
Nq = 	16	0.0282941	0.0543304	0.0282941	0.0282941	0.0543304	0.0791506	0.0543304	0.0543304	0.0791506	14.3804	0.0791506	0.0282941	0.0543304	0.0791506	0.0543304
Sq = 	-3.54301e-19	0.028363	0.054585	0.028363	0.028363	0.054585	0.0796872	0.054585	0.054585	0.0796872	0.104123	0.0796872	0.028363	0.054585	0.0796872	0.054585
29 rounds of non-Gaussian ED iteration : ground-state energy is -100.101 | electron energy -100.675 + phonon energy 0.573729 | electron momentum kIdx = 0
Nq = 	16	0.028294	0.0543302	0.028294	0.028294	0.0543302	0.0791503	0.0543302	0.0543302	0.0791503	14.3804	0.0791503	0.028294	0.0543302	0.0791503	0.0543302
Sq = 	-4.81996e-20	0.0283629	0.0545848	0.0283629	0.0283629	0.0545848	0.0796869	0.0545848	0.0545848	0.0796869	0.104123	0.0796869	0.0283629	0.0545848	0.0796869	0.0545848
