TACC:  Starting up job 4310494 
TACC:  Starting parallel tasks... 
SNEDics v3.4 Non-Gaussian ED ground state program		Start at Wed Sep 11 04:19:12 2019

parallized on 32 MPI threads  * 6 OpenMP threads = 192 total threads.
********************************************************************************************************************
********************************************************************************************************************

********************************************************************************************************************
System parameters and configurations
********************************************************************************************************************
Special program options are enabled: splitted diagonal Hamiltonian
********************************************************************************************************************
Read input file "model_params.in"
	Hubbard-Holstein model parameters : 	t = 1    U = 7.3    g = 4.4721    W = 5    
********************************************************************************************************************
Read input file "hilbertspace_params.in"
	Requested 16-site 2D lattice, with 16 electrons (8, 8)
	Boundary : Periodic		Hilbert space representation : momentum-space (restricted to kIdx = 0)
	Conservation: particle number[U(1)]      spin[U(1)]     momentum
********************************************************************************************************************

Cluster Positions:				Cluster symmetry group : D4
 x ... x ... x ... x .....                       x ... x ... x ... x .....
 |           |           :                       |           |           :
 |           |           :                       |           |           :
12    13    14    15     x                       1     5     6     5     x
 |           |           :                       |           |           :
 |           |           :                       |           |           :
 8 --- 9 ---10 ---11 --- x                       2 --- 6 ---10 --- 6 --- x
 |           |           :                       |           |           :
 |           |           :                       |           |           :
 4     5     6     7     x                       1     5     6     5     x
 |           |           :                       |           |           :
 |           |           :                       |           |           :
 0 --- 1 --- 2 --- 3 --- x                       0 --- 1 --- 2 --- 1 --- x
orbital number : 1
********************************************************************************************************************
Read input file "obs_params.in"
	Observable Type : Nq(All),   Sq(All),   N(All),   Delta[s](All),   Delta[d](All),   Delta[s+](All)
********************************************************************************************************************
** WARNING ** the input observables have non-local factors which have been reinterpreted. The total observable number is 96
********************************************************************************************************************


********************************************************************************************************************
Start calculating the non-Gaussian ED ground state
Input file varState.dat exists. Start iterations from it.
open output files: NGSEDIterationObs.txt
********************************************************************************************************************
Start the 0 rounds of NGS-ED iteration
	effective electronic model is modified as: kinetic energy t = 0.720122
	                                           effective interaction Vq = [-3.99994,-3.86418,-3.53381,-3.86418,-3.86418,-3.53381,-3.66038,-3.53381,-3.53381,-3.66038,-3.45398,-3.66038,-3.86418,-3.53381,-3.66038,-3.53381]
	first Hamiltonian is constructed, non-zero numbers = 12310855584
	PARPACK diagonalization completed after 210 matrix-vector product operations.
	iteration results: : total energy is -80.812318 | electron energy -81.274250 + phonon energy 0.461932 | electron momentum kIdx = 0
	Nq(0) = 16,	Nq(1) = 0.430658,	Nq(2) = 0.364987,	Nq(3) = 0.430658,	Nq(4) = 0.430658,	Nq(5) = 0.364987,	Nq(6) = 0.638284,	Nq(7) = 0.364987,	Nq(8) = 0.364987,	Nq(9) = 0.638284,	Nq(10) = 0.591475,	Nq(11) = 0.638284,	Nq(12) = 0.430658,	Nq(13) = 0.364987,	Nq(14) = 0.638284,	Nq(15) = 0.364987,	Sq(0) = 1.70758e-17,	Sq(1) = 0.367527,	Sq(2) = 0.537585,	Sq(3) = 0.367527,	Sq(4) = 0.367527,	Sq(5) = 0.537585,	Sq(6) = 0.615999,	Sq(7) = 0.537585,	Sq(8) = 0.537585,	Sq(9) = 0.615999,	Sq(10) = 1.78322,	Sq(11) = 0.615999,	Sq(12) = 0.367527,	Sq(13) = 0.537585,	Sq(14) = 0.615999,	Sq(15) = 0.537585,	N(0) = 1.99953,	N(1) = 1.9974,	N(2) = 1,	N(3) = 1.9974,	N(4) = 1.9974,	N(5) = 1,	N(6) = 0.00260258,	N(7) = 1,	N(8) = 1,	N(9) = 0.00260258,	N(10) = 0.000472896,	N(11) = 0.00260258,	N(12) = 1.9974,	N(13) = 1,	N(14) = 0.00260258,	N(15) = 1,	Delta[s](0) = 0.246565,	Delta[s](1) = 0.245897,	Delta[s](2) = 0.213649,	Delta[s](3) = 0.245897,	Delta[s](4) = 0.245897,	Delta[s](5) = 0.213649,	Delta[s](6) = 0.212696,	Delta[s](7) = 0.213649,	Delta[s](8) = 0.213649,	Delta[s](9) = 0.212696,	Delta[s](10) = 0.165751,	Delta[s](11) = 0.212696,	Delta[s](12) = 0.245897,	Delta[s](13) = 0.213649,	Delta[s](14) = 0.212696,	Delta[s](15) = 0.213649,	Delta[d](0) = 0.561411,	Delta[d](1) = 0.360862,	Delta[d](2) = 0.319388,	Delta[d](3) = 0.360862,	Delta[d](4) = 0.360862,	Delta[d](5) = 0.364707,	Delta[d](6) = 0.288178,	Delta[d](7) = 0.364707,	Delta[d](8) = 0.319388,	Delta[d](9) = 0.288178,	Delta[d](10) = 0.178124,	Delta[d](11) = 0.288178,	Delta[d](12) = 0.360862,	Delta[d](13) = 0.364707,	Delta[d](14) = 0.288178,	Delta[d](15) = 0.364707,	Delta[s+](0) = 0.549073,	Delta[s+](1) = 0.453838,	Delta[s+](2) = 0.319388,	Delta[s+](3) = 0.453838,	Delta[s+](4) = 0.453838,	Delta[s+](5) = 0.319388,	Delta[s+](6) = 0.179747,	Delta[s+](7) = 0.319388,	Delta[s+](8) = 0.319388,	Delta[s+](9) = 0.179747,	Delta[s+](10) = 0.0787375,	Delta[s+](11) = 0.179747,	Delta[s+](12) = 0.453838,	Delta[s+](13) = 0.319388,	Delta[s+](14) = 0.179747,	Delta[s+](15) = 0.319388
The 0-th iteration is completed.	|| time cost : 0h 10m 9.172s
********************************************************************************************************************
Start the 1 rounds of NGS-ED iteration
	effective electronic model is modified as: kinetic energy t = 0.720113
	                                           effective interaction Vq = [-3.99994,-3.86421,-3.53382,-3.86421,-3.86421,-3.53382,-3.66045,-3.53382,-3.53382,-3.66045,  -3.454,-3.66045,-3.86421,-3.53382,-3.66045,-3.53382]
	PARPACK diagonalization completed after 30 matrix-vector product operations.
	iteration results: : total energy is -80.812318 | electron energy -81.274295 + phonon energy 0.461977 | electron momentum kIdx = 0
The 1-th iteration is completed.	|| time cost : 0h 0m 25.029s
********************************************************************************************************************
Start the 2 rounds of NGS-ED iteration
	effective electronic model is modified as: kinetic energy t = 0.720106
	                                           effective interaction Vq = [-3.99994,-3.86423,-3.53383,-3.86423,-3.86423,-3.53383,-3.66049,-3.53383,-3.53383,-3.66049,-3.45401,-3.66049,-3.86423,-3.53383,-3.66049,-3.53383]
	PARPACK diagonalization completed after 30 matrix-vector product operations.
	iteration results: : total energy is -80.812318 | electron energy -81.274325 + phonon energy 0.462007 | electron momentum kIdx = 0
The 2-th iteration is completed.	|| time cost : 0h 0m 24.299s
********************************************************************************************************************
Start the 3 rounds of NGS-ED iteration
	effective electronic model is modified as: kinetic energy t = 0.720102
	                                           effective interaction Vq = [-3.99994,-3.86425,-3.53384,-3.86425,-3.86425,-3.53384,-3.66053,-3.53384,-3.53384,-3.66053,-3.45401,-3.66053,-3.86425,-3.53384,-3.66053,-3.53384]
	PARPACK diagonalization completed after 30 matrix-vector product operations.
	iteration results: : total energy is -80.812318 | electron energy -81.274345 + phonon energy 0.462027 | electron momentum kIdx = 0
The 3-th iteration is completed.	|| time cost : 0h 0m 24.086s
********************************************************************************************************************
Start the 4 rounds of NGS-ED iteration
	effective electronic model is modified as: kinetic energy t = 0.720099
	                                           effective interaction Vq = [-3.99994,-3.86425,-3.53384,-3.86425,-3.86425,-3.53384,-3.66055,-3.53384,-3.53384,-3.66055,-3.45402,-3.66055,-3.86425,-3.53384,-3.66055,-3.53384]
	PARPACK diagonalization completed after 30 matrix-vector product operations.
	iteration results: : total energy is -80.812318 | electron energy -81.274358 + phonon energy 0.462040 | electron momentum kIdx = 0
The 4-th iteration is completed.	|| time cost : 0h 0m 23.697s
********************************************************************************************************************
Start the 5 rounds of NGS-ED iteration
	effective electronic model is modified as: kinetic energy t = 0.720097
	                                           effective interaction Vq = [-3.99994,-3.86426,-3.53385,-3.86426,-3.86426,-3.53385,-3.66056,-3.53385,-3.53385,-3.66056,-3.45402,-3.66056,-3.86426,-3.53385,-3.66056,-3.53385]
	PARPACK diagonalization completed after 30 matrix-vector product operations.
	iteration results: : total energy is -80.812318 | electron energy -81.274367 + phonon energy 0.462049 | electron momentum kIdx = 0
The 5-th iteration is completed.	|| time cost : 0h 0m 23.996s
********************************************************************************************************************
Start the 6 rounds of NGS-ED iteration
	effective electronic model is modified as: kinetic energy t = 0.720096
	                                           effective interaction Vq = [-3.99994,-3.86426,-3.53385,-3.86426,-3.86426,-3.53385,-3.66057,-3.53385,-3.53385,-3.66057,-3.45402,-3.66057,-3.86426,-3.53385,-3.66057,-3.53385]
	PARPACK diagonalization completed after 30 matrix-vector product operations.
	iteration results: : total energy is -80.812318 | electron energy -81.274373 + phonon energy 0.462055 | electron momentum kIdx = 0
The 6-th iteration is completed.	|| time cost : 0h 0m 23.866s
********************************************************************************************************************
Start the 7 rounds of NGS-ED iteration
	effective electronic model is modified as: kinetic energy t = 0.720095
	                                           effective interaction Vq = [-3.99994,-3.86427,-3.53385,-3.86427,-3.86427,-3.53385,-3.66058,-3.53385,-3.53385,-3.66058,-3.45402,-3.66058,-3.86427,-3.53385,-3.66058,-3.53385]
	PARPACK diagonalization completed after 30 matrix-vector product operations.
	iteration results: : total energy is -80.812318 | electron energy -81.274377 + phonon energy 0.462059 | electron momentum kIdx = 0
The 7-th iteration is completed.	|| time cost : 0h 0m 23.79s
********************************************************************************************************************
Start the 8 rounds of NGS-ED iteration
	effective electronic model is modified as: kinetic energy t = 0.720094
	                                           effective interaction Vq = [-3.99994,-3.86427,-3.53385,-3.86427,-3.86427,-3.53385,-3.66058,-3.53385,-3.53385,-3.66058,-3.45403,-3.66058,-3.86427,-3.53385,-3.66058,-3.53385]
	PARPACK diagonalization completed after 30 matrix-vector product operations.
	iteration results: : total energy is -80.812318 | electron energy -81.274380 + phonon energy 0.462061 | electron momentum kIdx = 0
The 8-th iteration is completed.	|| time cost : 0h 0m 23.747s
********************************************************************************************************************
Start the 9 rounds of NGS-ED iteration
	effective electronic model is modified as: kinetic energy t = 0.720094
	                                           effective interaction Vq = [-3.99994,-3.86427,-3.53385,-3.86427,-3.86427,-3.53385,-3.66059,-3.53385,-3.53385,-3.66059,-3.45403,-3.66059,-3.86427,-3.53385,-3.66059,-3.53385]
	PARPACK diagonalization completed after 30 matrix-vector product operations.
	iteration results: : total energy is -80.812318 | electron energy -81.274381 + phonon energy 0.462063 | electron momentum kIdx = 0
The 9-th iteration is completed.	|| time cost : 0h 0m 20.714s
********************************************************************************************************************
Start the 10 rounds of NGS-ED iteration
	effective electronic model is modified as: kinetic energy t = 0.720094
	                                           effective interaction Vq = [-3.99994,-3.86427,-3.53385,-3.86427,-3.86427,-3.53385,-3.66059,-3.53385,-3.53385,-3.66059,-3.45403,-3.66059,-3.86427,-3.53385,-3.66059,-3.53385]
	PARPACK diagonalization completed after 30 matrix-vector product operations.
	iteration results: : total energy is -80.812318 | electron energy -81.274383 + phonon energy 0.462064 | electron momentum kIdx = 0
	Nq(0) = 16,	Nq(1) = 0.430694,	Nq(2) = 0.364985,	Nq(3) = 0.430694,	Nq(4) = 0.430694,	Nq(5) = 0.364985,	Nq(6) = 0.638356,	Nq(7) = 0.364985,	Nq(8) = 0.364985,	Nq(9) = 0.638356,	Nq(10) = 0.591471,	Nq(11) = 0.638356,	Nq(12) = 0.430694,	Nq(13) = 0.364985,	Nq(14) = 0.638356,	Nq(15) = 0.364985,	Sq(0) = 2.93972e-19,	Sq(1) = 0.367512,	Sq(2) = 0.537568,	Sq(3) = 0.367512,	Sq(4) = 0.367512,	Sq(5) = 0.537568,	Sq(6) = 0.615976,	Sq(7) = 0.537568,	Sq(8) = 0.537568,	Sq(9) = 0.615976,	Sq(10) = 1.78306,	Sq(11) = 0.615976,	Sq(12) = 0.367512,	Sq(13) = 0.537568,	Sq(14) = 0.615976,	Sq(15) = 0.537568,	N(0) = 1.99953,	N(1) = 1.99739,	N(2) = 1,	N(3) = 1.99739,	N(4) = 1.99739,	N(5) = 1,	N(6) = 0.0026056,	N(7) = 1,	N(8) = 1,	N(9) = 0.0026056,	N(10) = 0.000473119,	N(11) = 0.0026056,	N(12) = 1.99739,	N(13) = 1,	N(14) = 0.0026056,	N(15) = 1,	Delta[s](0) = 0.246574,	Delta[s](1) = 0.245909,	Delta[s](2) = 0.213661,	Delta[s](3) = 0.245909,	Delta[s](4) = 0.245909,	Delta[s](5) = 0.213661,	Delta[s](6) = 0.212711,	Delta[s](7) = 0.213661,	Delta[s](8) = 0.213661,	Delta[s](9) = 0.212711,	Delta[s](10) = 0.165768,	Delta[s](11) = 0.212711,	Delta[s](12) = 0.245909,	Delta[s](13) = 0.213661,	Delta[s](14) = 0.212711,	Delta[s](15) = 0.213661,	Delta[d](0) = 0.561392,	Delta[d](1) = 0.360855,	Delta[d](2) = 0.319385,	Delta[d](3) = 0.360855,	Delta[d](4) = 0.360855,	Delta[d](5) = 0.364704,	Delta[d](6) = 0.288178,	Delta[d](7) = 0.364704,	Delta[d](8) = 0.319385,	Delta[d](9) = 0.288178,	Delta[d](10) = 0.178133,	Delta[d](11) = 0.288178,	Delta[d](12) = 0.360855,	Delta[d](13) = 0.364704,	Delta[d](14) = 0.288178,	Delta[d](15) = 0.364704,	Delta[s+](0) = 0.549058,	Delta[s+](1) = 0.453826,	Delta[s+](2) = 0.319385,	Delta[s+](3) = 0.453826,	Delta[s+](4) = 0.453826,	Delta[s+](5) = 0.319385,	Delta[s+](6) = 0.17975,	Delta[s+](7) = 0.319385,	Delta[s+](8) = 0.319385,	Delta[s+](9) = 0.17975,	Delta[s+](10) = 0.0787444,	Delta[s+](11) = 0.17975,	Delta[s+](12) = 0.453826,	Delta[s+](13) = 0.319385,	Delta[s+](14) = 0.17975,	Delta[s+](15) = 0.319385
The 10-th iteration is completed.	|| time cost : 0h 3m 46.705s
********************************************************************************************************************
Start the 11 rounds of NGS-ED iteration
	effective electronic model is modified as: kinetic energy t = 0.720094
	                                           effective interaction Vq = [-3.99994,-3.86427,-3.53385,-3.86427,-3.86427,-3.53385,-3.66059,-3.53385,-3.53385,-3.66059,-3.45403,-3.66059,-3.86427,-3.53385,-3.66059,-3.53385]
	PARPACK diagonalization completed after 30 matrix-vector product operations.
	iteration results: : total energy is -80.812318 | electron energy -81.274383 + phonon energy 0.462065 | electron momentum kIdx = 0
The 11-th iteration is completed.	|| time cost : 0h 0m 20.645s
********************************************************************************************************************
Start the 12 rounds of NGS-ED iteration
	effective electronic model is modified as: kinetic energy t = 0.720094
	                                           effective interaction Vq = [-3.99994,-3.86427,-3.53385,-3.86427,-3.86427,-3.53385,-3.66059,-3.53385,-3.53385,-3.66059,-3.45403,-3.66059,-3.86427,-3.53385,-3.66059,-3.53385]
	PARPACK diagonalization completed after 30 matrix-vector product operations.
	iteration results: : total energy is -80.812318 | electron energy -81.274384 + phonon energy 0.462066 | electron momentum kIdx = 0
	Nq(0) = 16,	Nq(1) = 0.430695,	Nq(2) = 0.364985,	Nq(3) = 0.430695,	Nq(4) = 0.430695,	Nq(5) = 0.364985,	Nq(6) = 0.638357,	Nq(7) = 0.364985,	Nq(8) = 0.364985,	Nq(9) = 0.638357,	Nq(10) = 0.591471,	Nq(11) = 0.638357,	Nq(12) = 0.430695,	Nq(13) = 0.364985,	Nq(14) = 0.638357,	Nq(15) = 0.364985,	Sq(0) = -1.40258e-17,	Sq(1) = 0.367512,	Sq(2) = 0.537568,	Sq(3) = 0.367512,	Sq(4) = 0.367512,	Sq(5) = 0.537568,	Sq(6) = 0.615976,	Sq(7) = 0.537568,	Sq(8) = 0.537568,	Sq(9) = 0.615976,	Sq(10) = 1.78306,	Sq(11) = 0.615976,	Sq(12) = 0.367512,	Sq(13) = 0.537568,	Sq(14) = 0.615976,	Sq(15) = 0.537568,	N(0) = 1.99953,	N(1) = 1.99739,	N(2) = 1,	N(3) = 1.99739,	N(4) = 1.99739,	N(5) = 1,	N(6) = 0.00260563,	N(7) = 1,	N(8) = 1,	N(9) = 0.00260563,	N(10) = 0.000473121,	N(11) = 0.00260563,	N(12) = 1.99739,	N(13) = 1,	N(14) = 0.00260563,	N(15) = 1,	Delta[s](0) = 0.246574,	Delta[s](1) = 0.24591,	Delta[s](2) = 0.213661,	Delta[s](3) = 0.24591,	Delta[s](4) = 0.24591,	Delta[s](5) = 0.213661,	Delta[s](6) = 0.212711,	Delta[s](7) = 0.213661,	Delta[s](8) = 0.213661,	Delta[s](9) = 0.212711,	Delta[s](10) = 0.165768,	Delta[s](11) = 0.212711,	Delta[s](12) = 0.24591,	Delta[s](13) = 0.213661,	Delta[s](14) = 0.212711,	Delta[s](15) = 0.213661,	Delta[d](0) = 0.561392,	Delta[d](1) = 0.360855,	Delta[d](2) = 0.319385,	Delta[d](3) = 0.360855,	Delta[d](4) = 0.360855,	Delta[d](5) = 0.364704,	Delta[d](6) = 0.288178,	Delta[d](7) = 0.364704,	Delta[d](8) = 0.319385,	Delta[d](9) = 0.288178,	Delta[d](10) = 0.178133,	Delta[d](11) = 0.288178,	Delta[d](12) = 0.360855,	Delta[d](13) = 0.364704,	Delta[d](14) = 0.288178,	Delta[d](15) = 0.364704,	Delta[s+](0) = 0.549057,	Delta[s+](1) = 0.453826,	Delta[s+](2) = 0.319385,	Delta[s+](3) = 0.453826,	Delta[s+](4) = 0.453826,	Delta[s+](5) = 0.319385,	Delta[s+](6) = 0.17975,	Delta[s+](7) = 0.319385,	Delta[s+](8) = 0.319385,	Delta[s+](9) = 0.17975,	Delta[s+](10) = 0.0787444,	Delta[s+](11) = 0.17975,	Delta[s+](12) = 0.453826,	Delta[s+](13) = 0.319385,	Delta[s+](14) = 0.17975,	Delta[s+](15) = 0.319385
The 12-th iteration is completed.	|| time cost : 0h 4m 26.382s
********************************************************************************************************************
********************************************************************************************************************
Ground state is obtained after 13 iterations. The current ground-state energy is -80.8123, in which electron energy is -81.2744 and phonon energy is 0.462066
final variational state is: 
	Gamma_x = [      1,1.10888,1.13988,1.10888,1.10888,1.13988,1.23282,1.13988,1.13988,1.23282,1.24446,1.23282,1.10888,1.13988,1.23282,1.13988]
	lambda_q = [ 0.89442,  0.7297,0.589106,  0.7297,  0.7297,0.589106,0.633903,0.589106,0.589106,0.633903,0.563993,0.633903,  0.7297,0.589106,0.633903,0.589106]
********************************************************************************************************************
o___o  ----------------------------------------
| L |	Time since last clock: 0h 0m 0s
A===A	Time since the beginning: 0h 22m 16.134s
***********************************************


Non-Gaussina ED ground state calculation is completed. The final ground-state energy is -80.8123
********************************************************************************************************************
o___o  ----------------------------------------
| L |	Time since last clock: 0h 0m 0.001s
A===A	Time since the beginning: 0h 22m 16.135s
***********************************************



********************************************************************************************************************
All non-Gaussian ED ground state calculations have been completed. Exit now.
TACC:  Shutdown complete. Exiting. 
