SNEDics v3.22.2 Non-Gaussian ED ground state program		Start at Thu Jun 30 09:41:24 2022

Parallelization: 32 MPI threads  * 8 OpenMP threads = 256 total threads.
********************************************************************************************************************
********************************************************************************************************************

********************************************************************************************************************
System parameters and configurations
	special program options are enabled: splitted diagonal Hamiltonian | splitted Hamiltonian terms
********************************************************************************************************************
Read input file "model_params.in"
	Hubbard-Holstein model parameters : 	t = 1    U = 8    g = 0.95    W = 0.2    g' = 0.5    
********************************************************************************************************************
Read input file "hilbertspace_params.in"
	Requested 16-site 2D lattice, with 12 electrons (6, 6)
	Boundary : Periodic		Hilbert space representation : momentum-space (restricted to kIdx = 0)
	Conservation: particle number[U(1)]      spin[U(1)]     momentum
********************************************************************************************************************

Cluster Positions:				Cluster symmetry group : D4
 x ... x ... x ... x .....                       x ... x ... x ... x .....
 |           |           :                       |           |           :
 |           |           :                       |           |           :
12    13    14    15     x                       1     5     6     5     x
 |           |           :                       |           |           :
 |           |           :                       |           |           :
 8 --- 9 ---10 ---11 --- x                       2 --- 6 ---10 --- 6 --- x
 |           |           :                       |           |           :
 |           |           :                       |           |           :
 4     5     6     7     x                       1     5     6     5     x
 |           |           :                       |           |           :
 |           |           :                       |           |           :
 0 --- 1 --- 2 --- 3 --- x                       0 --- 1 --- 2 --- 1 --- x
orbital number : 1
********************************************************************************************************************
Read input file "obs_params.in"
	Observable Type : Nq(All),   Sq(All),   N(All-Orbital),   Delta[s](All),   Delta[d](All),   Delta[s+](All)
** WARNING ** the input observables have non-local factors which have been reinterpreted. The total observable number is 96
********************************************************************************************************************


********************************************************************************************************************
Start calculating the non-Gaussian ED ground state
Maximal iteration number is 1000; energy resolution is 1e-06. Phonon state relaxation time is 2000
W = 0.2 is relatively large. The non-Gaussian ED calculation starts directly.
open output files: NGSED_iteration_observables.txt
********************************************************************************************************************
Start the 0 rounds of NGS-ED iteration
	effective electronic model is modified as: kinetic energy t = 1
	                                           effective interaction Vq = [0,0,0,0,0,0,0,0,0,0,0,0,0,0,0,0]
	first Hamiltonian is constructed, size = 4008592 and non-zero numbers = 969134044
	PARPACK diagonalization completed after 150 matrix-vector product operations.
	iteration results: : total energy is -14.925310 | electron energy -14.925310 + phonon energy 0.000000 | electron momentum kIdx = 0
	Nq(0) = 9,	Nq(1) = 0.191675,	Nq(2) = 0.266183,	Nq(3) = 0.191675,	Nq(4) = 0.191675,	Nq(5) = 0.245517,	
	Nq(6) = 0.314107,	Nq(7) = 0.245517,	Nq(8) = 0.266183,	Nq(9) = 0.314107,	Nq(10) = 0.369338,	
	Nq(11) = 0.314107,	Nq(12) = 0.191675,	Nq(13) = 0.245517,	Nq(14) = 0.314107,	Nq(15) = 0.245517;	
	Sq(0) = 3.02743e-18,	Sq(1) = 0.554662,	Sq(2) = 0.424361,	Sq(3) = 0.554662,	Sq(4) = 0.554662,	
	Sq(5) = 0.79749,	Sq(6) = 1.01287,	Sq(7) = 0.79749,	Sq(8) = 0.424361,	Sq(9) = 1.01287,	
	Sq(10) = 0.784303,	Sq(11) = 1.01287,	Sq(12) = 0.554662,	Sq(13) = 0.79749,	Sq(14) = 1.01287,	
	Sq(15) = 0.79749;	N(0) = 1.76735,	N(1) = 1.6264,	N(2) = 0.74365,	N(3) = 1.6264,	
	N(4) = 1.6264,	N(5) = 0.392302,	N(6) = 0.144321,	N(7) = 0.392302,	N(8) = 0.74365,	
	N(9) = 0.144321,	N(10) = 0.0932732,	N(11) = 0.144321,	N(12) = 1.6264,	N(13) = 0.392302,	
	N(14) = 0.144321,	N(15) = 0.392302;	Delta[s](0) = 0.0357277,	Delta[s](1) = 0.0319258,	Delta[s](2) = 0.0284355,	
	Delta[s](3) = 0.0319258,	Delta[s](4) = 0.0319258,	Delta[s](5) = 0.0281854,	Delta[s](6) = 0.024729,	Delta[s](7) = 0.0281854,	
	Delta[s](8) = 0.0284355,	Delta[s](9) = 0.024729,	Delta[s](10) = 0.0214907,	Delta[s](11) = 0.024729,	Delta[s](12) = 0.0319258,	
	Delta[s](13) = 0.0281854,	Delta[s](14) = 0.024729,	Delta[s](15) = 0.0281854;	Delta[d](0) = 0.19892,	Delta[d](1) = 0.175596,	
	Delta[d](2) = 0.189573,	Delta[d](3) = 0.175596,	Delta[d](4) = 0.175596,	Delta[d](5) = 0.142307,	Delta[d](6) = 0.143525,	
	Delta[d](7) = 0.142307,	Delta[d](8) = 0.189573,	Delta[d](9) = 0.143525,	Delta[d](10) = 0.123777,	Delta[d](11) = 0.143525,	
	Delta[d](12) = 0.175596,	Delta[d](13) = 0.142307,	Delta[d](14) = 0.143525,	Delta[d](15) = 0.142307;	Delta[s+](0) = 0.379318,	
	Delta[s+](1) = 0.272128,	Delta[s+](2) = 0.189573,	Delta[s+](3) = 0.272128,	Delta[s+](4) = 0.272128,	Delta[s+](5) = 0.168769,	
	Delta[s+](6) = 0.0995923,	Delta[s+](7) = 0.168769,	Delta[s+](8) = 0.189573,	Delta[s+](9) = 0.0995923,	Delta[s+](10) = 0.0527298,	
	Delta[s+](11) = 0.0995923,	Delta[s+](12) = 0.272128,	Delta[s+](13) = 0.168769,	Delta[s+](14) = 0.0995923,	Delta[s+](15) = 0.168769
	
The 0-th iteration is completed.	|| time cost : 0h 2m 3.216s
********************************************************************************************************************
Start the 1 rounds of NGS-ED iteration
	effective electronic model is modified as: kinetic energy t = 0.674413
	                                           effective interaction Vq = [   -43.5125,   -16.3609,    -1.8857,   -16.3609,   -16.3609,   -1.51666,-0.00124069,   -1.51666,    -1.8857,-0.00124069,   -2.68671,-0.00124069,   -16.3609,   -1.51666,-0.00124069,   -1.51666]
	PARPACK diagonalization completed after 105 matrix-vector product operations.
	iteration results: : total energy is -525.360641 | electron energy -529.378246 + phonon energy 4.017605 | electron momentum kIdx = 0
The 1-th iteration is completed.	|| time cost : 0h 1m 25.105s
********************************************************************************************************************
Start the 2 rounds of NGS-ED iteration
	effective electronic model is modified as: kinetic energy t = 4.55368e-11
	                                           effective interaction Vq = [-43.5125,-19.0125, -4.5125,-19.0125,-19.0125, -4.5125, -0.0125, -4.5125, -4.5125, -0.0125, -5.5125, -0.0125,-19.0125, -4.5125, -0.0125, -4.5125]
	PARPACK diagonalization completed after 30 matrix-vector product operations.
	iteration results: : total energy is -566.300000 | electron energy -566.300000 + phonon energy 0.000000 | electron momentum kIdx = 0
The 2-th iteration is completed.	|| time cost : 0h 0m 8.888s
********************************************************************************************************************
Start the 3 rounds of NGS-ED iteration
	effective electronic model is modified as: kinetic energy t = 4.54927e-11
	                                           effective interaction Vq = [-43.5125,-19.0125, -4.5125,-19.0125,-19.0125, -4.5125, -0.0125, -4.5125, -4.5125, -0.0125, -5.5125, -0.0125,-19.0125, -4.5125, -0.0125, -4.5125]
	PARPACK diagonalization completed after 30 matrix-vector product operations.
	iteration results: : total energy is -566.300000 | electron energy -566.300000 + phonon energy 0.000000 | electron momentum kIdx = 0
The 3-th iteration is completed.	|| time cost : 0h 0m 8.903s
********************************************************************************************************************
Start the 4 rounds of NGS-ED iteration
	effective electronic model is modified as: kinetic energy t = 1.32121e-11
	                                           effective interaction Vq = [-43.5125,-19.0125, -4.5125,-19.0125,-19.0125, -4.5125, -0.0125, -4.5125, -4.5125, -0.0125,-5.36092, -0.0125,-19.0125, -4.5125, -0.0125, -4.5125]
	PARPACK diagonalization completed after 30 matrix-vector product operations.
	iteration results: : total energy is -566.300000 | electron energy -566.300000 + phonon energy 0.000000 | electron momentum kIdx = 0
The 4-th iteration is completed.	|| time cost : 0h 0m 8.853s
********************************************************************************************************************
Start the 5 rounds of NGS-ED iteration
	effective electronic model is modified as: kinetic energy t = 3.80273e-11
	                                           effective interaction Vq = [-43.5125,-19.0125, -4.5125,-19.0125,-19.0125, -4.5125, -0.0125, -4.5125, -4.5125, -0.0125,-5.50882, -0.0125,-19.0125, -4.5125, -0.0125, -4.5125]
	PARPACK diagonalization completed after 30 matrix-vector product operations.
	iteration results: : total energy is -566.300000 | electron energy -566.300000 + phonon energy 0.000000 | electron momentum kIdx = 0
The 5-th iteration is completed.	|| time cost : 0h 0m 13.859s
********************************************************************************************************************
Start the 6 rounds of NGS-ED iteration
	effective electronic model is modified as: kinetic energy t = 1.42767e-09
	                                           effective interaction Vq = [  -43.5125,  -19.0125,   -4.5125,  -19.0125,  -19.0125,   -4.5125,   -0.0125,   -4.5125,   -4.5125,   -0.0125,-0.0332812,   -0.0125,  -19.0125,   -4.5125,   -0.0125,   -4.5125]
	PARPACK diagonalization completed after 30 matrix-vector product operations.
	iteration results: : total energy is -566.300000 | electron energy -566.300000 + phonon energy 0.000000 | electron momentum kIdx = 0
The 6-th iteration is completed.	|| time cost : 0h 0m 10.237s
********************************************************************************************************************
Start the 7 rounds of NGS-ED iteration
	effective electronic model is modified as: kinetic energy t = 1.42716e-09
	                                           effective interaction Vq = [ -43.5125, -19.0125,  -4.5125, -19.0125, -19.0125,  -4.5125,  -0.0125,  -4.5125,  -4.5125,  -0.0125,-0.116707,  -0.0125, -19.0125,  -4.5125,  -0.0125,  -4.5125]
	PARPACK diagonalization completed after 30 matrix-vector product operations.
	iteration results: : total energy is -566.300000 | electron energy -566.300000 + phonon energy 0.000000 | electron momentum kIdx = 0
The 7-th iteration is completed.	|| time cost : 0h 0m 9.943s
********************************************************************************************************************
Start the 8 rounds of NGS-ED iteration
	effective electronic model is modified as: kinetic energy t = 1.42684e-09
	                                           effective interaction Vq = [ -43.5125, -19.0125,  -4.5125, -19.0125, -19.0125,  -4.5125,  -0.0125,  -4.5125,  -4.5125,  -0.0125,-0.146679,  -0.0125, -19.0125,  -4.5125,  -0.0125,  -4.5125]
	PARPACK diagonalization completed after 30 matrix-vector product operations.
	iteration results: : total energy is -566.300000 | electron energy -566.300000 + phonon energy 0.000000 | electron momentum kIdx = 0
The 8-th iteration is completed.	|| time cost : 0h 0m 9.694s
********************************************************************************************************************
Start the 9 rounds of NGS-ED iteration
	effective electronic model is modified as: kinetic energy t = 1.4261e-09
	                                           effective interaction Vq = [-43.5125,-19.0125, -4.5125,-19.0125,-19.0125, -4.5125, -0.0125, -4.5125, -4.5125, -0.0125,-0.19822, -0.0125,-19.0125, -4.5125, -0.0125, -4.5125]
	PARPACK diagonalization completed after 30 matrix-vector product operations.
	iteration results: : total energy is -566.300000 | electron energy -566.300000 + phonon energy 0.000000 | electron momentum kIdx = 0
The 9-th iteration is completed.	|| time cost : 0h 0m 9.634s
********************************************************************************************************************
Start the 10 rounds of NGS-ED iteration
	effective electronic model is modified as: kinetic energy t = 1.42597e-09
	                                           effective interaction Vq = [ -43.5125, -19.0125,  -4.5125, -19.0125, -19.0125,  -4.5125,  -0.0125,  -4.5125,  -4.5125,  -0.0125,-0.205969,  -0.0125, -19.0125,  -4.5125,  -0.0125,  -4.5125]
	PARPACK diagonalization completed after 30 matrix-vector product operations.
	iteration results: : total energy is -566.300000 | electron energy -566.300000 + phonon energy 0.000000 | electron momentum kIdx = 0
The 10-th iteration is completed.	|| time cost : 0h 0m 9.842s
********************************************************************************************************************
Start the 11 rounds of NGS-ED iteration
	effective electronic model is modified as: kinetic energy t = 1.42661e-09
	                                           effective interaction Vq = [ -43.5125, -19.0125,  -4.5125, -19.0125, -19.0125,  -4.5125,  -0.0125,  -4.5125,  -4.5125,  -0.0125,-0.164207,  -0.0125, -19.0125,  -4.5125,  -0.0125,  -4.5125]
	PARPACK diagonalization completed after 30 matrix-vector product operations.
	iteration results: : total energy is -566.300000 | electron energy -566.300000 + phonon energy 0.000000 | electron momentum kIdx = 0
The 11-th iteration is completed.	|| time cost : 0h 0m 9.897s
********************************************************************************************************************
Start the 12 rounds of NGS-ED iteration
	effective electronic model is modified as: kinetic energy t = 1.42673e-09
	                                           effective interaction Vq = [-43.5125,-19.0125, -4.5125,-19.0125,-19.0125, -4.5125, -0.0125, -4.5125, -4.5125, -0.0125, -0.1556, -0.0125,-19.0125, -4.5125, -0.0125, -4.5125]
	PARPACK diagonalization completed after 30 matrix-vector product operations.
	iteration results: : total energy is -566.300000 | electron energy -566.300000 + phonon energy 0.000000 | electron momentum kIdx = 0
The 12-th iteration is completed.	|| time cost : 0h 0m 9.966s
********************************************************************************************************************
Start the 13 rounds of NGS-ED iteration
	effective electronic model is modified as: kinetic energy t = 1.42691e-09
	                                           effective interaction Vq = [ -43.5125, -19.0125,  -4.5125, -19.0125, -19.0125,  -4.5125,  -0.0125,  -4.5125,  -4.5125,  -0.0125,-0.140703,  -0.0125, -19.0125,  -4.5125,  -0.0125,  -4.5125]
	PARPACK diagonalization completed after 30 matrix-vector product operations.
	iteration results: : total energy is -566.300000 | electron energy -566.300000 + phonon energy 0.000000 | electron momentum kIdx = 0
The 13-th iteration is completed.	|| time cost : 0h 0m 10.482s
********************************************************************************************************************
Start the 14 rounds of NGS-ED iteration
	effective electronic model is modified as: kinetic energy t = 1.42732e-09
	                                           effective interaction Vq = [  -43.5125,  -19.0125,   -4.5125,  -19.0125,  -19.0125,   -4.5125,   -0.0125,   -4.5125,   -4.5125,   -0.0125,-0.0988039,   -0.0125,  -19.0125,   -4.5125,   -0.0125,   -4.5125]
	PARPACK diagonalization completed after 30 matrix-vector product operations.
	iteration results: : total energy is -566.300000 | electron energy -566.300000 + phonon energy 0.000000 | electron momentum kIdx = 0
The 14-th iteration is completed.	|| time cost : 0h 0m 9.734s
********************************************************************************************************************
Start the 15 rounds of NGS-ED iteration
	effective electronic model is modified as: kinetic energy t = 1.42629e-09
	                                           effective interaction Vq = [ -43.5125, -19.0125,  -4.5125, -19.0125, -19.0125,  -4.5125,  -0.0125,  -4.5125,  -4.5125,  -0.0125,-0.186263,  -0.0125, -19.0125,  -4.5125,  -0.0125,  -4.5125]
	PARPACK diagonalization completed after 30 matrix-vector product operations.
	iteration results: : total energy is -566.300000 | electron energy -566.300000 + phonon energy 0.000000 | electron momentum kIdx = 0
The 15-th iteration is completed.	|| time cost : 0h 0m 10.566s
********************************************************************************************************************
Start the 16 rounds of NGS-ED iteration
	effective electronic model is modified as: kinetic energy t = 1.42736e-09
	                                           effective interaction Vq = [  -43.5125,  -19.0125,   -4.5125,  -19.0125,  -19.0125,   -4.5125,   -0.0125,   -4.5125,   -4.5125,   -0.0125,-0.0941013,   -0.0125,  -19.0125,   -4.5125,   -0.0125,   -4.5125]
	PARPACK diagonalization completed after 30 matrix-vector product operations.
	iteration results: : total energy is -566.300000 | electron energy -566.300000 + phonon energy 0.000000 | electron momentum kIdx = 0
The 16-th iteration is completed.	|| time cost : 0h 0m 10.596s
********************************************************************************************************************
Start the 17 rounds of NGS-ED iteration
	effective electronic model is modified as: kinetic energy t = 1.42737e-09
	                                           effective interaction Vq = [  -43.5125,  -19.0125,   -4.5125,  -19.0125,  -19.0125,   -4.5125,   -0.0125,   -4.5125,   -4.5125,   -0.0125,-0.0929859,   -0.0125,  -19.0125,   -4.5125,   -0.0125,   -4.5125]
	PARPACK diagonalization completed after 30 matrix-vector product operations.
	iteration results: : total energy is -566.300000 | electron energy -566.300000 + phonon energy 0.000000 | electron momentum kIdx = 0
The 17-th iteration is completed.	|| time cost : 0h 0m 9.724s
********************************************************************************************************************
Start the 18 rounds of NGS-ED iteration
	effective electronic model is modified as: kinetic energy t = 1.42629e-09
	                                           effective interaction Vq = [ -43.5125, -19.0125,  -4.5125, -19.0125, -19.0125,  -4.5125,  -0.0125,  -4.5125,  -4.5125,  -0.0125,-0.186133,  -0.0125, -19.0125,  -4.5125,  -0.0125,  -4.5125]
	PARPACK diagonalization completed after 30 matrix-vector product operations.
	iteration results: : total energy is -566.300000 | electron energy -566.300000 + phonon energy 0.000000 | electron momentum kIdx = 0
The 18-th iteration is completed.	|| time cost : 0h 0m 9.666s
********************************************************************************************************************
Start the 19 rounds of NGS-ED iteration
	effective electronic model is modified as: kinetic energy t = 1.42608e-09
	                                           effective interaction Vq = [ -43.5125, -19.0125,  -4.5125, -19.0125, -19.0125,  -4.5125,  -0.0125,  -4.5125,  -4.5125,  -0.0125,-0.199384,  -0.0125, -19.0125,  -4.5125,  -0.0125,  -4.5125]
	PARPACK diagonalization completed after 30 matrix-vector product operations.
	iteration results: : total energy is -566.300000 | electron energy -566.300000 + phonon energy 0.000000 | electron momentum kIdx = 0
The 19-th iteration is completed.	|| time cost : 0h 0m 9.924s
********************************************************************************************************************
Start the 20 rounds of NGS-ED iteration
	effective electronic model is modified as: kinetic energy t = 1.42681e-09
	                                           effective interaction Vq = [ -43.5125, -19.0125,  -4.5125, -19.0125, -19.0125,  -4.5125,  -0.0125,  -4.5125,  -4.5125,  -0.0125,-0.149292,  -0.0125, -19.0125,  -4.5125,  -0.0125,  -4.5125]
	PARPACK diagonalization completed after 30 matrix-vector product operations.
	iteration results: : total energy is -566.300000 | electron energy -566.300000 + phonon energy 0.000000 | electron momentum kIdx = 0
The 20-th iteration is completed.	|| time cost : 0h 0m 11.127s
********************************************************************************************************************
Start the 21 rounds of NGS-ED iteration
	effective electronic model is modified as: kinetic energy t = 1.42751e-09
	                                           effective interaction Vq = [  -43.5125,  -19.0125,   -4.5125,  -19.0125,  -19.0125,   -4.5125,   -0.0125,   -4.5125,   -4.5125,   -0.0125,-0.0723344,   -0.0125,  -19.0125,   -4.5125,   -0.0125,   -4.5125]
	PARPACK diagonalization completed after 30 matrix-vector product operations.
	iteration results: : total energy is -566.300000 | electron energy -566.300000 + phonon energy 0.000000 | electron momentum kIdx = 0
The 21-th iteration is completed.	|| time cost : 0h 0m 9.991s
********************************************************************************************************************
Start the 22 rounds of NGS-ED iteration
	effective electronic model is modified as: kinetic energy t = 1.4269e-09
	                                           effective interaction Vq = [ -43.5125, -19.0125,  -4.5125, -19.0125, -19.0125,  -4.5125,  -0.0125,  -4.5125,  -4.5125,  -0.0125,-0.141148,  -0.0125, -19.0125,  -4.5125,  -0.0125,  -4.5125]
	PARPACK diagonalization completed after 30 matrix-vector product operations.
	iteration results: : total energy is -566.300000 | electron energy -566.300000 + phonon energy 0.000000 | electron momentum kIdx = 0
The 22-th iteration is completed.	|| time cost : 0h 0m 9.715s
********************************************************************************************************************
Start the 23 rounds of NGS-ED iteration
	effective electronic model is modified as: kinetic energy t = 1.42627e-09
	                                           effective interaction Vq = [ -43.5125, -19.0125,  -4.5125, -19.0125, -19.0125,  -4.5125,  -0.0125,  -4.5125,  -4.5125,  -0.0125,-0.187742,  -0.0125, -19.0125,  -4.5125,  -0.0125,  -4.5125]
	PARPACK diagonalization completed after 30 matrix-vector product operations.
	iteration results: : total energy is -566.300000 | electron energy -566.300000 + phonon energy 0.000000 | electron momentum kIdx = 0
The 23-th iteration is completed.	|| time cost : 0h 0m 9.624s
********************************************************************************************************************
Start the 24 rounds of NGS-ED iteration
	effective electronic model is modified as: kinetic energy t = 1.4259e-09
	                                           effective interaction Vq = [ -43.5125, -19.0125,  -4.5125, -19.0125, -19.0125,  -4.5125,  -0.0125,  -4.5125,  -4.5125,  -0.0125,-0.210235,  -0.0125, -19.0125,  -4.5125,  -0.0125,  -4.5125]
	PARPACK diagonalization completed after 30 matrix-vector product operations.
	iteration results: : total energy is -566.300000 | electron energy -566.300000 + phonon energy 0.000000 | electron momentum kIdx = 0
The 24-th iteration is completed.	|| time cost : 0h 0m 9.592s
********************************************************************************************************************
Start the 25 rounds of NGS-ED iteration
	effective electronic model is modified as: kinetic energy t = 1.42581e-09
	                                           effective interaction Vq = [ -43.5125, -19.0125,  -4.5125, -19.0125, -19.0125,  -4.5125,  -0.0125,  -4.5125,  -4.5125,  -0.0125,-0.215213,  -0.0125, -19.0125,  -4.5125,  -0.0125,  -4.5125]
	PARPACK diagonalization completed after 30 matrix-vector product operations.
	iteration results: : total energy is -566.300000 | electron energy -566.300000 + phonon energy 0.000000 | electron momentum kIdx = 0
The 25-th iteration is completed.	|| time cost : 0h 0m 9.762s
********************************************************************************************************************
Start the 26 rounds of NGS-ED iteration
	effective electronic model is modified as: kinetic energy t = 1.42641e-09
	                                           effective interaction Vq = [-43.5125,-19.0125, -4.5125,-19.0125,-19.0125, -4.5125, -0.0125, -4.5125, -4.5125, -0.0125, -0.1787, -0.0125,-19.0125, -4.5125, -0.0125, -4.5125]
	PARPACK diagonalization completed after 30 matrix-vector product operations.
	iteration results: : total energy is -566.300000 | electron energy -566.300000 + phonon energy 0.000000 | electron momentum kIdx = 0
The 26-th iteration is completed.	|| time cost : 0h 0m 9.692s
********************************************************************************************************************
Start the 27 rounds of NGS-ED iteration
	effective electronic model is modified as: kinetic energy t = 1.42617e-09
	                                           effective interaction Vq = [ -43.5125, -19.0125,  -4.5125, -19.0125, -19.0125,  -4.5125,  -0.0125,  -4.5125,  -4.5125,  -0.0125,-0.194205,  -0.0125, -19.0125,  -4.5125,  -0.0125,  -4.5125]
	PARPACK diagonalization completed after 30 matrix-vector product operations.
	iteration results: : total energy is -566.300000 | electron energy -566.300000 + phonon energy 0.000000 | electron momentum kIdx = 0
The 27-th iteration is completed.	|| time cost : 0h 0m 9.984s
********************************************************************************************************************
Start the 28 rounds of NGS-ED iteration
	effective electronic model is modified as: kinetic energy t = 1.4269e-09
	                                           effective interaction Vq = [ -43.5125, -19.0125,  -4.5125, -19.0125, -19.0125,  -4.5125,  -0.0125,  -4.5125,  -4.5125,  -0.0125,-0.140975,  -0.0125, -19.0125,  -4.5125,  -0.0125,  -4.5125]
	PARPACK diagonalization completed after 30 matrix-vector product operations.
	iteration results: : total energy is -566.300000 | electron energy -566.300000 + phonon energy 0.000000 | electron momentum kIdx = 0
The 28-th iteration is completed.	|| time cost : 0h 0m 9.762s
********************************************************************************************************************
Start the 29 rounds of NGS-ED iteration
	effective electronic model is modified as: kinetic energy t = 1.42641e-09
	                                           effective interaction Vq = [ -43.5125, -19.0125,  -4.5125, -19.0125, -19.0125,  -4.5125,  -0.0125,  -4.5125,  -4.5125,  -0.0125,-0.178344,  -0.0125, -19.0125,  -4.5125,  -0.0125,  -4.5125]
	PARPACK diagonalization completed after 30 matrix-vector product operations.
	iteration results: : total energy is -566.300000 | electron energy -566.300000 + phonon energy 0.000000 | electron momentum kIdx = 0
The 29-th iteration is completed.	|| time cost : 0h 0m 9.82s
********************************************************************************************************************
Start the 30 rounds of NGS-ED iteration
	effective electronic model is modified as: kinetic energy t = 1.42659e-09
	                                           effective interaction Vq = [ -43.5125, -19.0125,  -4.5125, -19.0125, -19.0125,  -4.5125,  -0.0125,  -4.5125,  -4.5125,  -0.0125,-0.165565,  -0.0125, -19.0125,  -4.5125,  -0.0125,  -4.5125]
	PARPACK diagonalization completed after 30 matrix-vector product operations.
	iteration results: : total energy is -566.300000 | electron energy -566.300000 + phonon energy 0.000000 | electron momentum kIdx = 0
The 30-th iteration is completed.	|| time cost : 0h 0m 9.809s
********************************************************************************************************************
Start the 31 rounds of NGS-ED iteration
	effective electronic model is modified as: kinetic energy t = 1.42656e-09
	                                           effective interaction Vq = [ -43.5125, -19.0125,  -4.5125, -19.0125, -19.0125,  -4.5125,  -0.0125,  -4.5125,  -4.5125,  -0.0125,-0.167668,  -0.0125, -19.0125,  -4.5125,  -0.0125,  -4.5125]
	PARPACK diagonalization completed after 30 matrix-vector product operations.
	iteration results: : total energy is -566.300000 | electron energy -566.300000 + phonon energy 0.000000 | electron momentum kIdx = 0
The 31-th iteration is completed.	|| time cost : 0h 0m 10.797s
********************************************************************************************************************
Start the 32 rounds of NGS-ED iteration
	effective electronic model is modified as: kinetic energy t = 1.42744e-09
	                                           effective interaction Vq = [  -43.5125,  -19.0125,   -4.5125,  -19.0125,  -19.0125,   -4.5125,   -0.0125,   -4.5125,   -4.5125,   -0.0125,-0.0833295,   -0.0125,  -19.0125,   -4.5125,   -0.0125,   -4.5125]
	PARPACK diagonalization completed after 30 matrix-vector product operations.
	iteration results: : total energy is -566.300000 | electron energy -566.300000 + phonon energy 0.000000 | electron momentum kIdx = 0
The 32-th iteration is completed.	|| time cost : 0h 0m 9.722s
********************************************************************************************************************
Start the 33 rounds of NGS-ED iteration
	effective electronic model is modified as: kinetic energy t = 1.42624e-09
	                                           effective interaction Vq = [ -43.5125, -19.0125,  -4.5125, -19.0125, -19.0125,  -4.5125,  -0.0125,  -4.5125,  -4.5125,  -0.0125,-0.189816,  -0.0125, -19.0125,  -4.5125,  -0.0125,  -4.5125]
	PARPACK diagonalization completed after 30 matrix-vector product operations.
	iteration results: : total energy is -566.300000 | electron energy -566.300000 + phonon energy 0.000000 | electron momentum kIdx = 0
The 33-th iteration is completed.	|| time cost : 0h 0m 9.899s
********************************************************************************************************************
Start the 34 rounds of NGS-ED iteration
	effective electronic model is modified as: kinetic energy t = 1.42675e-09
	                                           effective interaction Vq = [-43.5125,-19.0125, -4.5125,-19.0125,-19.0125, -4.5125, -0.0125, -4.5125, -4.5125, -0.0125,-0.15401, -0.0125,-19.0125, -4.5125, -0.0125, -4.5125]
	PARPACK diagonalization completed after 30 matrix-vector product operations.
	iteration results: : total energy is -566.300000 | electron energy -566.300000 + phonon energy 0.000000 | electron momentum kIdx = 0
The 34-th iteration is completed.	|| time cost : 0h 0m 10.079s
********************************************************************************************************************
Start the 35 rounds of NGS-ED iteration
	effective electronic model is modified as: kinetic energy t = 1.42702e-09
	                                           effective interaction Vq = [-43.5125,-19.0125, -4.5125,-19.0125,-19.0125, -4.5125, -0.0125, -4.5125, -4.5125, -0.0125,-0.13028, -0.0125,-19.0125, -4.5125, -0.0125, -4.5125]
	PARPACK diagonalization completed after 30 matrix-vector product operations.
	iteration results: : total energy is -566.300000 | electron energy -566.300000 + phonon energy 0.000000 | electron momentum kIdx = 0
The 35-th iteration is completed.	|| time cost : 0h 0m 9.639s
********************************************************************************************************************
Start the 36 rounds of NGS-ED iteration
	effective electronic model is modified as: kinetic energy t = 1.42594e-09
	                                           effective interaction Vq = [-43.5125,-19.0125, -4.5125,-19.0125,-19.0125, -4.5125, -0.0125, -4.5125, -4.5125, -0.0125,-0.20754, -0.0125,-19.0125, -4.5125, -0.0125, -4.5125]
	PARPACK diagonalization completed after 30 matrix-vector product operations.
	iteration results: : total energy is -566.300000 | electron energy -566.300000 + phonon energy 0.000000 | electron momentum kIdx = 0
The 36-th iteration is completed.	|| time cost : 0h 0m 10.018s
********************************************************************************************************************
Start the 37 rounds of NGS-ED iteration
	effective electronic model is modified as: kinetic energy t = 1.42691e-09
	                                           effective interaction Vq = [ -43.5125, -19.0125,  -4.5125, -19.0125, -19.0125,  -4.5125,  -0.0125,  -4.5125,  -4.5125,  -0.0125,-0.140702,  -0.0125, -19.0125,  -4.5125,  -0.0125,  -4.5125]
	PARPACK diagonalization completed after 30 matrix-vector product operations.
	iteration results: : total energy is -566.300000 | electron energy -566.300000 + phonon energy 0.000000 | electron momentum kIdx = 0
The 37-th iteration is completed.	|| time cost : 0h 0m 9.903s
********************************************************************************************************************
Start the 38 rounds of NGS-ED iteration
	effective electronic model is modified as: kinetic energy t = 1.42675e-09
	                                           effective interaction Vq = [ -43.5125, -19.0125,  -4.5125, -19.0125, -19.0125,  -4.5125,  -0.0125,  -4.5125,  -4.5125,  -0.0125,-0.153999,  -0.0125, -19.0125,  -4.5125,  -0.0125,  -4.5125]
	PARPACK diagonalization completed after 30 matrix-vector product operations.
	iteration results: : total energy is -566.300000 | electron energy -566.300000 + phonon energy 0.000000 | electron momentum kIdx = 0
The 38-th iteration is completed.	|| time cost : 0h 0m 9.523s
********************************************************************************************************************
Start the 39 rounds of NGS-ED iteration
	effective electronic model is modified as: kinetic energy t = 1.42527e-09
	                                           effective interaction Vq = [ -43.5125, -19.0125,  -4.5125, -19.0125, -19.0125,  -4.5125,  -0.0125,  -4.5125,  -4.5125,  -0.0125,-0.243221,  -0.0125, -19.0125,  -4.5125,  -0.0125,  -4.5125]
	PARPACK diagonalization completed after 30 matrix-vector product operations.
	iteration results: : total energy is -566.300000 | electron energy -566.300000 + phonon energy 0.000000 | electron momentum kIdx = 0
The 39-th iteration is completed.	|| time cost : 0h 0m 10.691s
********************************************************************************************************************
Start the 40 rounds of NGS-ED iteration
	effective electronic model is modified as: kinetic energy t = 1.4274e-09
	                                           effective interaction Vq = [ -43.5125, -19.0125,  -4.5125, -19.0125, -19.0125,  -4.5125,  -0.0125,  -4.5125,  -4.5125,  -0.0125,-0.088433,  -0.0125, -19.0125,  -4.5125,  -0.0125,  -4.5125]
	PARPACK diagonalization completed after 30 matrix-vector product operations.
	iteration results: : total energy is -566.300000 | electron energy -566.300000 + phonon energy 0.000000 | electron momentum kIdx = 0
The 40-th iteration is completed.	|| time cost : 0h 0m 9.994s
********************************************************************************************************************
Start the 41 rounds of NGS-ED iteration
	effective electronic model is modified as: kinetic energy t = 1.42689e-09
	                                           effective interaction Vq = [ -43.5125, -19.0125,  -4.5125, -19.0125, -19.0125,  -4.5125,  -0.0125,  -4.5125,  -4.5125,  -0.0125,-0.142377,  -0.0125, -19.0125,  -4.5125,  -0.0125,  -4.5125]
	PARPACK diagonalization completed after 30 matrix-vector product operations.
	iteration results: : total energy is -566.300000 | electron energy -566.300000 + phonon energy 0.000000 | electron momentum kIdx = 0
The 41-th iteration is completed.	|| time cost : 0h 0m 10.601s
********************************************************************************************************************
Start the 42 rounds of NGS-ED iteration
	effective electronic model is modified as: kinetic energy t = 1.42737e-09
	                                           effective interaction Vq = [  -43.5125,  -19.0125,   -4.5125,  -19.0125,  -19.0125,   -4.5125,   -0.0125,   -4.5125,   -4.5125,   -0.0125,-0.0921929,   -0.0125,  -19.0125,   -4.5125,   -0.0125,   -4.5125]
	PARPACK diagonalization completed after 30 matrix-vector product operations.
	iteration results: : total energy is -566.300000 | electron energy -566.300000 + phonon energy 0.000000 | electron momentum kIdx = 0
The 42-th iteration is completed.	|| time cost : 0h 0m 9.849s
********************************************************************************************************************
Start the 43 rounds of NGS-ED iteration
	effective electronic model is modified as: kinetic energy t = 1.42658e-09
	                                           effective interaction Vq = [ -43.5125, -19.0125,  -4.5125, -19.0125, -19.0125,  -4.5125,  -0.0125,  -4.5125,  -4.5125,  -0.0125,-0.166479,  -0.0125, -19.0125,  -4.5125,  -0.0125,  -4.5125]
	PARPACK diagonalization completed after 30 matrix-vector product operations.
	iteration results: : total energy is -566.300000 | electron energy -566.300000 + phonon energy 0.000000 | electron momentum kIdx = 0
The 43-th iteration is completed.	|| time cost : 0h 0m 10.817s
********************************************************************************************************************
Start the 44 rounds of NGS-ED iteration
	effective electronic model is modified as: kinetic energy t = 1.42744e-09
	                                           effective interaction Vq = [  -43.5125,  -19.0125,   -4.5125,  -19.0125,  -19.0125,   -4.5125,   -0.0125,   -4.5125,   -4.5125,   -0.0125,-0.0831372,   -0.0125,  -19.0125,   -4.5125,   -0.0125,   -4.5125]
	PARPACK diagonalization completed after 30 matrix-vector product operations.
	iteration results: : total energy is -566.300000 | electron energy -566.300000 + phonon energy 0.000000 | electron momentum kIdx = 0
The 44-th iteration is completed.	|| time cost : 0h 0m 9.904s
********************************************************************************************************************
Start the 45 rounds of NGS-ED iteration
	effective electronic model is modified as: kinetic energy t = 1.42676e-09
	                                           effective interaction Vq = [-43.5125,-19.0125, -4.5125,-19.0125,-19.0125, -4.5125, -0.0125, -4.5125, -4.5125, -0.0125,-0.15257, -0.0125,-19.0125, -4.5125, -0.0125, -4.5125]
	PARPACK diagonalization completed after 30 matrix-vector product operations.
	iteration results: : total energy is -566.300000 | electron energy -566.300000 + phonon energy 0.000000 | electron momentum kIdx = 0
The 45-th iteration is completed.	|| time cost : 0h 0m 10.032s
********************************************************************************************************************
Start the 46 rounds of NGS-ED iteration
	effective electronic model is modified as: kinetic energy t = 1.42695e-09
	                                           effective interaction Vq = [ -43.5125, -19.0125,  -4.5125, -19.0125, -19.0125,  -4.5125,  -0.0125,  -4.5125,  -4.5125,  -0.0125,-0.136969,  -0.0125, -19.0125,  -4.5125,  -0.0125,  -4.5125]
	PARPACK diagonalization completed after 30 matrix-vector product operations.
	iteration results: : total energy is -566.300000 | electron energy -566.300000 + phonon energy 0.000000 | electron momentum kIdx = 0
