SNEDics v3.22.2 Non-Gaussian ED ground state program		Start at Wed Jun 15 17:44:29 2022

Parallelization: 32 MPI threads  * 8 OpenMP threads = 256 total threads.
********************************************************************************************************************
********************************************************************************************************************

********************************************************************************************************************
System parameters and configurations
	special program options are enabled: splitted diagonal Hamiltonian | splitted Hamiltonian terms
********************************************************************************************************************
Read input file "model_params.in"
	Hubbard-Holstein model parameters : 	t = 1    t' = -0.3    U = 8    g = 0.8    W = 0.2    
********************************************************************************************************************
Read input file "hilbertspace_params.in"
	Requested 16-site 2D lattice, with 12 electrons (6, 6)
	Boundary : Periodic		Hilbert space representation : momentum-space (restricted to kIdx = 10)
	Conservation: particle number[U(1)]      spin[U(1)]     momentum
********************************************************************************************************************

Cluster Positions:				Cluster symmetry group : D4
 x ... x ... x ... x .....                       x ... x ... x ... x .....
 |           |           :                       |           |           :
 |           |           :                       |           |           :
12    13    14    15     x                       1     5     6     5     x
 |           |           :                       |           |           :
 |           |           :                       |           |           :
 8 --- 9 ---10 ---11 --- x                       2 --- 6 ---10 --- 6 --- x
 |           |           :                       |           |           :
 |           |           :                       |           |           :
 4     5     6     7     x                       1     5     6     5     x
 |           |           :                       |           |           :
 |           |           :                       |           |           :
 0 --- 1 --- 2 --- 3 --- x                       0 --- 1 --- 2 --- 1 --- x
orbital number : 1
********************************************************************************************************************
Read input file "obs_params.in"
	Observable Type : Nq(All),   Sq(All),   N(All-Orbital),   Delta[s](All),   Delta[d](All),   Delta[s+](All)
** WARNING ** the input observables have non-local factors which have been reinterpreted. The total observable number is 96
********************************************************************************************************************


********************************************************************************************************************
Start calculating the non-Gaussian ED ground state
Maximal iteration number is 1000; energy resolution is 1e-06. Phonon state relaxation time is 2000
W = 0.2 is relatively large. The non-Gaussian ED calculation starts directly.
open output files: NGSED_iteration_observables.txt
********************************************************************************************************************
Start the 0 rounds of NGS-ED iteration
	effective electronic model is modified as: kinetic energy t = 1, t' = -0.3
	                                           effective interaction Vq = [0,0,0,0,0,0,0,0,0,0,0,0,0,0,0,0]
	first Hamiltonian is constructed, size = 4008592 and non-zero numbers = 969952276
	PARPACK diagonalization completed after 120 matrix-vector product operations.
	iteration results: : total energy is -14.904199 | electron energy -14.904199 + phonon energy 0.000000 | electron momentum kIdx = 10
	Nq(0) = 9,	Nq(1) = 0.183693,	Nq(2) = 0.250775,	Nq(3) = 0.183693,	Nq(4) = 0.183693,	Nq(5) = 0.258947,	
	Nq(6) = 0.308855,	Nq(7) = 0.258947,	Nq(8) = 0.250775,	Nq(9) = 0.308855,	Nq(10) = 0.355902,	
	Nq(11) = 0.308855,	Nq(12) = 0.183693,	Nq(13) = 0.258947,	Nq(14) = 0.308855,	Nq(15) = 0.258947;	
	Sq(0) = 3.45099e-18,	Sq(1) = 0.504384,	Sq(2) = 0.469115,	Sq(3) = 0.504384,	Sq(4) = 0.504384,	
	Sq(5) = 0.735911,	Sq(6) = 0.943053,	Sq(7) = 0.735911,	Sq(8) = 0.469115,	Sq(9) = 0.943053,	
	Sq(10) = 1.46495,	Sq(11) = 0.943053,	Sq(12) = 0.504384,	Sq(13) = 0.735911,	Sq(14) = 0.943053,	
	Sq(15) = 0.735911;	N(0) = 1.70338,	N(1) = 1.58882,	N(2) = 1.04187,	N(3) = 1.58882,	
	N(4) = 1.58882,	N(5) = 0.289608,	N(6) = 0.157281,	N(7) = 0.289608,	N(8) = 1.04187,	
	N(9) = 0.157281,	N(10) = 0.0700575,	N(11) = 0.157281,	N(12) = 1.58882,	N(13) = 0.289608,	
	N(14) = 0.157281,	N(15) = 0.289608;	Delta[s](0) = 0.0552676,	Delta[s](1) = 0.039256,	Delta[s](2) = 0.0315144,	
	Delta[s](3) = 0.039256,	Delta[s](4) = 0.039256,	Delta[s](5) = 0.0231968,	Delta[s](6) = 0.0145205,	Delta[s](7) = 0.0231968,	
	Delta[s](8) = 0.0315144,	Delta[s](9) = 0.0145205,	Delta[s](10) = 0.0055276,	Delta[s](11) = 0.0145205,	Delta[s](12) = 0.039256,	
	Delta[s](13) = 0.0231968,	Delta[s](14) = 0.0145205,	Delta[s](15) = 0.0231968;	Delta[d](0) = 0.267717,	Delta[d](1) = 0.217107,	
	Delta[d](2) = 0.257456,	Delta[d](3) = 0.217107,	Delta[d](4) = 0.217107,	Delta[d](5) = 0.15004,	Delta[d](6) = 0.196978,	
	Delta[d](7) = 0.15004,	Delta[d](8) = 0.257456,	Delta[d](9) = 0.196978,	Delta[d](10) = 0.318374,	Delta[d](11) = 0.196978,	
	Delta[d](12) = 0.217107,	Delta[d](13) = 0.15004,	Delta[d](14) = 0.196978,	Delta[d](15) = 0.15004;	Delta[s+](0) = 0.487052,	
	Delta[s+](1) = 0.34128,	Delta[s+](2) = 0.257456,	Delta[s+](3) = 0.34128,	Delta[s+](4) = 0.34128,	Delta[s+](5) = 0.158916,	
	Delta[s+](6) = 0.0754867,	Delta[s+](7) = 0.158916,	Delta[s+](8) = 0.257456,	Delta[s+](9) = 0.0754867,	Delta[s+](10) = 0.0272396,	
	Delta[s+](11) = 0.0754867,	Delta[s+](12) = 0.34128,	Delta[s+](13) = 0.158916,	Delta[s+](14) = 0.0754867,	Delta[s+](15) = 0.158916
	
The 0-th iteration is completed.	|| time cost : 0h 2m 1.73s
********************************************************************************************************************
Start the 1 rounds of NGS-ED iteration
	effective electronic model is modified as: kinetic energy t = 0.953989, t' = -0.283481
	                                           effective interaction Vq = [     -3.2,-0.594422,-0.422889,-0.594422,-0.594422, -0.46826,-0.378643, -0.46826,-0.422889,-0.378643,-0.342428,-0.378643,-0.594422, -0.46826,-0.378643, -0.46826]
	PARPACK diagonalization completed after 45 matrix-vector product operations.
	iteration results: : total energy is -44.381701 | electron energy -44.595591 + phonon energy 0.213890 | electron momentum kIdx = 10
The 1-th iteration is completed.	|| time cost : 0h 1m 18.125s
********************************************************************************************************************
Start the 2 rounds of NGS-ED iteration
	effective electronic model is modified as: kinetic energy t = 0.951934, t' = -0.282552
	                                           effective interaction Vq = [     -3.2,-0.641723,-0.421248,-0.641723,-0.641723,-0.490495,-0.383858,-0.490495,-0.421248,-0.383858,-0.346081,-0.383858,-0.641723,-0.490495,-0.383858,-0.490495]
	PARPACK diagonalization completed after 45 matrix-vector product operations.
	iteration results: : total energy is -44.382727 | electron energy -44.624168 + phonon energy 0.241441 | electron momentum kIdx = 10
The 2-th iteration is completed.	|| time cost : 0h 0m 11.507s
********************************************************************************************************************
Start the 3 rounds of NGS-ED iteration
	effective electronic model is modified as: kinetic energy t = 0.951776, t' = -0.282454
	                                           effective interaction Vq = [     -3.2,-0.648919,-0.418893,-0.648919,-0.648919,-0.492327,-0.383004,-0.492327,-0.418893,-0.383004,-0.345251,-0.383004,-0.648919,-0.492327,-0.383004,-0.492327]
	PARPACK diagonalization completed after 30 matrix-vector product operations.
	iteration results: : total energy is -44.382749 | electron energy -44.626120 + phonon energy 0.243371 | electron momentum kIdx = 10
The 3-th iteration is completed.	|| time cost : 0h 0m 9.57s
********************************************************************************************************************
Start the 4 rounds of NGS-ED iteration
	effective electronic model is modified as: kinetic energy t = 0.951754, t' = -0.282438
	                                           effective interaction Vq = [     -3.2,-0.650228,-0.418425,-0.650228,-0.650228,-0.492515,-0.382799,-0.492515,-0.418425,-0.382799,-0.345082,-0.382799,-0.650228,-0.492515,-0.382799,-0.492515]
	PARPACK diagonalization completed after 30 matrix-vector product operations.
	iteration results: : total energy is -44.382749 | electron energy -44.626367 + phonon energy 0.243618 | electron momentum kIdx = 10
The 4-th iteration is completed.	|| time cost : 0h 0m 9.598s
********************************************************************************************************************
Start the 5 rounds of NGS-ED iteration
	effective electronic model is modified as: kinetic energy t = 0.951751, t' = -0.282435
	                                           effective interaction Vq = [     -3.2,-0.650475,-0.418342,-0.650475,-0.650475,-0.492533,-0.382761,-0.492533,-0.418342,-0.382761,-0.345055,-0.382761,-0.650475,-0.492533,-0.382761,-0.492533]
	PARPACK diagonalization completed after 30 matrix-vector product operations.
	iteration results: : total energy is -44.382749 | electron energy -44.626408 + phonon energy 0.243658 | electron momentum kIdx = 10
The 5-th iteration is completed.	|| time cost : 0h 0m 9.566s
********************************************************************************************************************
Start the 6 rounds of NGS-ED iteration
	effective electronic model is modified as: kinetic energy t = 0.95175, t' = -0.282435
	                                           effective interaction Vq = [     -3.2,-0.650522,-0.418327,-0.650522,-0.650522,-0.492534,-0.382755,-0.492534,-0.418327,-0.382755, -0.34505,-0.382755,-0.650522,-0.492534,-0.382755,-0.492534]
	PARPACK diagonalization completed after 30 matrix-vector product operations.
	iteration results: : total energy is -44.382749 | electron energy -44.626415 + phonon energy 0.243666 | electron momentum kIdx = 10
The 6-th iteration is completed.	|| time cost : 0h 0m 9.563s
********************************************************************************************************************
Start the 7 rounds of NGS-ED iteration
	effective electronic model is modified as: kinetic energy t = 0.95175, t' = -0.282434
	                                           effective interaction Vq = [     -3.2,-0.650531,-0.418324,-0.650531,-0.650531,-0.492534,-0.382753,-0.492534,-0.418324,-0.382753,-0.345049,-0.382753,-0.650531,-0.492534,-0.382753,-0.492534]
	PARPACK diagonalization completed after 30 matrix-vector product operations.
	iteration results: : total energy is -44.382749 | electron energy -44.626416 + phonon energy 0.243667 | electron momentum kIdx = 10
The 7-th iteration is completed.	|| time cost : 0h 0m 9.553s
********************************************************************************************************************
Start the 8 rounds of NGS-ED iteration
	effective electronic model is modified as: kinetic energy t = 0.95175, t' = -0.282434
	                                           effective interaction Vq = [     -3.2,-0.650533,-0.418324,-0.650533,-0.650533,-0.492534,-0.382753,-0.492534,-0.418324,-0.382753,-0.345049,-0.382753,-0.650533,-0.492534,-0.382753,-0.492534]
	PARPACK diagonalization completed after 30 matrix-vector product operations.
	iteration results: : total energy is -44.382749 | electron energy -44.626417 + phonon energy 0.243667 | electron momentum kIdx = 10
The 8-th iteration is completed.	|| time cost : 0h 0m 9.562s
********************************************************************************************************************
Start the 9 rounds of NGS-ED iteration
	effective electronic model is modified as: kinetic energy t = 0.95175, t' = -0.282434
	                                           effective interaction Vq = [     -3.2,-0.650533,-0.418324,-0.650533,-0.650533,-0.492534,-0.382753,-0.492534,-0.418324,-0.382753,-0.345049,-0.382753,-0.650533,-0.492534,-0.382753,-0.492534]
	PARPACK diagonalization completed after 30 matrix-vector product operations.
	iteration results: : total energy is -44.382749 | electron energy -44.626417 + phonon energy 0.243667 | electron momentum kIdx = 10
The 9-th iteration is completed.	|| time cost : 0h 0m 9.571s
********************************************************************************************************************
Start the 10 rounds of NGS-ED iteration
	effective electronic model is modified as: kinetic energy t = 0.95175, t' = -0.282434
	                                           effective interaction Vq = [     -3.2,-0.650533,-0.418324,-0.650533,-0.650533,-0.492534,-0.382753,-0.492534,-0.418324,-0.382753,-0.345049,-0.382753,-0.650533,-0.492534,-0.382753,-0.492534]
	PARPACK diagonalization completed after 30 matrix-vector product operations.
	iteration results: : total energy is -44.382749 | electron energy -44.626417 + phonon energy 0.243667 | electron momentum kIdx = 10
	Nq(0) = 9,	Nq(1) = 0.194301,	Nq(2) = 0.252658,	Nq(3) = 0.194301,	Nq(4) = 0.194301,	Nq(5) = 0.268178,	
	Nq(6) = 0.314839,	Nq(7) = 0.268178,	Nq(8) = 0.252658,	Nq(9) = 0.314839,	Nq(10) = 0.36268,	
	Nq(11) = 0.314839,	Nq(12) = 0.194301,	Nq(13) = 0.268178,	Nq(14) = 0.314839,	Nq(15) = 0.268178;	
	Sq(0) = 4.90262e-19,	Sq(1) = 0.497705,	Sq(2) = 0.460409,	Sq(3) = 0.497705,	Sq(4) = 0.497705,	
	Sq(5) = 0.723322,	Sq(6) = 0.933832,	Sq(7) = 0.723322,	Sq(8) = 0.460409,	Sq(9) = 0.933832,	
	Sq(10) = 1.48248,	Sq(11) = 0.933832,	Sq(12) = 0.497705,	Sq(13) = 0.723322,	Sq(14) = 0.933832,	
	Sq(15) = 0.723322;	N(0) = 1.73075,	N(1) = 1.62355,	N(2) = 1.03544,	N(3) = 1.62355,	
	N(4) = 1.62355,	N(5) = 0.262569,	N(6) = 0.146383,	N(7) = 0.262569,	N(8) = 1.03544,	
	N(9) = 0.146383,	N(10) = 0.0683464,	N(11) = 0.146383,	N(12) = 1.62355,	N(13) = 0.262569,	
	N(14) = 0.146383,	N(15) = 0.262569;	Delta[s](0) = 0.061866,	Delta[s](1) = 0.044166,	Delta[s](2) = 0.0357999,	
	Delta[s](3) = 0.044166,	Delta[s](4) = 0.044166,	Delta[s](5) = 0.0265342,	Delta[s](6) = 0.0165253,	Delta[s](7) = 0.0265342,	
	Delta[s](8) = 0.0357999,	Delta[s](9) = 0.0165253,	Delta[s](10) = 0.00626619,	Delta[s](11) = 0.0165253,	Delta[s](12) = 0.044166,	
	Delta[s](13) = 0.0265342,	Delta[s](14) = 0.0165253,	Delta[s](15) = 0.0265342;	Delta[d](0) = 0.267741,	Delta[d](1) = 0.218769,	
	Delta[d](2) = 0.260472,	Delta[d](3) = 0.218769,	Delta[d](4) = 0.218769,	Delta[d](5) = 0.148854,	Delta[d](6) = 0.196194,	
	Delta[d](7) = 0.148854,	Delta[d](8) = 0.260472,	Delta[d](9) = 0.196194,	Delta[d](10) = 0.327369,	Delta[d](11) = 0.196194,	
	Delta[d](12) = 0.218769,	Delta[d](13) = 0.148854,	Delta[d](14) = 0.196194,	Delta[d](15) = 0.148854;	Delta[s+](0) = 0.497195,	
	Delta[s+](1) = 0.347325,	Delta[s+](2) = 0.260472,	Delta[s+](3) = 0.347325,	Delta[s+](4) = 0.347325,	Delta[s+](5) = 0.159714,	
	Delta[s+](6) = 0.0740569,	Delta[s+](7) = 0.159714,	Delta[s+](8) = 0.260472,	Delta[s+](9) = 0.0740569,	Delta[s+](10) = 0.0264167,	
	Delta[s+](11) = 0.0740569,	Delta[s+](12) = 0.347325,	Delta[s+](13) = 0.159714,	Delta[s+](14) = 0.0740569,	Delta[s+](15) = 0.159714
	
The 10-th iteration is completed.	|| time cost : 0h 1m 19.849s
********************************************************************************************************************
********************************************************************************************************************
Ground state is obtained after 11 iterations. The current ground-state energy is -44.3827, in which electron energy is -44.6264 and phonon energy is 0.243667
Final variational state is: 
	Gamma_x = [      1,1.76033,1.63249,1.76033,1.76033,1.81628,1.74106,1.81628,1.63249,1.74106,1.77813,1.74106,1.76033,1.81628,1.74106,1.81628]
	lambda_q = [       4,0.429659,0.270606,0.429659,0.429659,0.320689,0.246837,0.320689,0.270606,0.246837,0.221805,0.246837,0.429659,0.320689,0.246837,0.320689]
Effective e-e interactions mediated by phonons are:
	momentum-space Vq = [     -3.2,-0.650533,-0.418324,-0.650533,-0.650533,-0.492534,-0.382753,-0.492534,-0.418324,-0.382753,-0.345049,-0.382753,-0.650533,-0.492534,-0.382753,-0.492534]
	real-space Vr = [-0.655311,-0.211907,-0.150723,-0.211907,-0.211907,-0.169275,-0.144962,-0.169275,-0.150723,-0.144962,-0.138668,-0.144962,-0.211907,-0.169275,-0.144962,-0.169275]
********************************************************************************************************************
o___o  ----------------------------------------
| L |	Time since last clock: 0h 0m 0.009s
A===A	Time since the beginning: 0h 5m 58.208s
***********************************************


Non-Gaussina ED ground state calculation is completed. The final ground-state energy is -44.3827
********************************************************************************************************************
o___o  ----------------------------------------
| L |	Time since last clock: 0h 0m 0.004s
A===A	Time since the beginning: 0h 5m 58.212s
***********************************************



********************************************************************************************************************
All non-Gaussian ED ground state calculations have been completed. Exit now.
