SNEDics v3.22.2 Non-Gaussian ED ground state program		Start at Sun Feb  6 11:46:25 2022

Parallelization: 32 MPI threads  * 8 OpenMP threads = 256 total threads.
********************************************************************************************************************
********************************************************************************************************************

********************************************************************************************************************
System parameters and configurations
	special program options are enabled: splitted diagonal Hamiltonian | splitted Hamiltonian terms
********************************************************************************************************************
Read input file "model_params.in"
	Hubbard-Holstein model parameters : 	t = 1    U = 8    g = 0.25    W = 0.2    
********************************************************************************************************************
Read input file "hilbertspace_params.in"
	Requested 16-site 2D lattice, with 6 electrons (3, 3)
	Boundary : Periodic		Hilbert space representation : momentum-space (restricted to kIdx = 10)
	Conservation: particle number[U(1)]      spin[U(1)]     momentum
********************************************************************************************************************

Cluster Positions:				Cluster symmetry group : D4
 x ... x ... x ... x .....                       x ... x ... x ... x .....
 |           |           :                       |           |           :
 |           |           :                       |           |           :
12    13    14    15     x                       1     5     6     5     x
 |           |           :                       |           |           :
 |           |           :                       |           |           :
 8 --- 9 ---10 ---11 --- x                       2 --- 6 ---10 --- 6 --- x
 |           |           :                       |           |           :
 |           |           :                       |           |           :
 4     5     6     7     x                       1     5     6     5     x
 |           |           :                       |           |           :
 |           |           :                       |           |           :
 0 --- 1 --- 2 --- 3 --- x                       0 --- 1 --- 2 --- 1 --- x
orbital number : 1
********************************************************************************************************************
Read input file "obs_params.in"
	Observable Type : Nq(All),   Sq(All),   N(All-Orbital),   Delta[s](All),   Delta[d](All),   Delta[s+](All)
** WARNING ** the input observables have non-local factors which have been reinterpreted. The total observable number is 96
********************************************************************************************************************


********************************************************************************************************************
Start calculating the non-Gaussian ED ground state
Maximal iteration number is 1000; energy resolution is 1e-06. Phonon state relaxation time is 2000
W = 0.2 is relatively large. The non-Gaussian ED calculation starts directly.
open output files: NGSED_iteration_observables.txt
********************************************************************************************************************
Start the 0 rounds of NGS-ED iteration
	effective electronic model is modified as: kinetic energy t = 1
	                                           effective interaction Vq = [0,0,0,0,0,0,0,0,0,0,0,0,0,0,0,0]
	first Hamiltonian is constructed, size = 19600 and non-zero numbers = 2019872
	PARPACK diagonalization completed after 60 matrix-vector product operations.
	iteration results: : total energy is -14.416134 | electron energy -14.416134 + phonon energy 0.000000 | electron momentum kIdx = 10
	Nq(0) = 2.25,	Nq(1) = 0.192806,	Nq(2) = 0.222283,	Nq(3) = 0.192806,	Nq(4) = 0.192806,	Nq(5) = 0.251824,	
	Nq(6) = 0.332797,	Nq(7) = 0.251824,	Nq(8) = 0.222283,	Nq(9) = 0.332797,	Nq(10) = 0.367139,	
	Nq(11) = 0.332797,	Nq(12) = 0.192806,	Nq(13) = 0.251824,	Nq(14) = 0.332797,	Nq(15) = 0.251824;	
	Sq(0) = 3.31478e-18,	Sq(1) = 0.286998,	Sq(2) = 0.615925,	Sq(3) = 0.286998,	Sq(4) = 0.286998,	
	Sq(5) = 0.355894,	Sq(6) = 0.408173,	Sq(7) = 0.355894,	Sq(8) = 0.615925,	Sq(9) = 0.408173,	
	Sq(10) = 0.392474,	Sq(11) = 0.408173,	Sq(12) = 0.286998,	Sq(13) = 0.355894,	Sq(14) = 0.408173,	
	Sq(15) = 0.355894;	N(0) = 1.87049,	N(1) = 0.973055,	N(2) = 0.0411854,	N(3) = 0.973055,	
	N(4) = 0.973055,	N(5) = 0.0197973,	N(6) = 0.0172846,	N(7) = 0.0197973,	N(8) = 0.0411854,	
	N(9) = 0.0172846,	N(10) = 0.00658694,	N(11) = 0.0172846,	N(12) = 0.973055,	N(13) = 0.0197973,	
	N(14) = 0.0172846,	N(15) = 0.0197973;	Delta[s](0) = 0.0186468,	Delta[s](1) = 0.0119815,	Delta[s](2) = 0.000154156,	
	Delta[s](3) = 0.0119815,	Delta[s](4) = 0.0119815,	Delta[s](5) = 0.00458251,	Delta[s](6) = 0.000106675,	Delta[s](7) = 0.00458251,	
	Delta[s](8) = 0.000154156,	Delta[s](9) = 0.000106675,	Delta[s](10) = 6.99035e-05,	Delta[s](11) = 0.000106675,	Delta[s](12) = 0.0119815,	
	Delta[s](13) = 0.00458251,	Delta[s](14) = 0.000106675,	Delta[s](15) = 0.00458251;	Delta[d](0) = 0.00196583,	Delta[d](1) = 0.0197235,	
	Delta[d](2) = 0.00238509,	Delta[d](3) = 0.0197235,	Delta[d](4) = 0.0197235,	Delta[d](5) = 0.0297897,	Delta[d](6) = 0.00329424,	
	Delta[d](7) = 0.0297897,	Delta[d](8) = 0.00238509,	Delta[d](9) = 0.00329424,	Delta[d](10) = 0.000514985,	Delta[d](11) = 0.00329424,	
	Delta[d](12) = 0.0197235,	Delta[d](13) = 0.0297897,	Delta[d](14) = 0.00329424,	Delta[d](15) = 0.0297897;	Delta[s+](0) = 0.255574,	
	Delta[s+](1) = 0.145608,	Delta[s+](2) = 0.00238509,	Delta[s+](3) = 0.145608,	Delta[s+](4) = 0.145608,	Delta[s+](5) = 0.0390545,	
	Delta[s+](6) = 0.000996371,	Delta[s+](7) = 0.0390545,	Delta[s+](8) = 0.00238509,	Delta[s+](9) = 0.000996371,	Delta[s+](10) = 0.000161025,	
	Delta[s+](11) = 0.000996371,	Delta[s+](12) = 0.145608,	Delta[s+](13) = 0.0390545,	Delta[s+](14) = 0.000996371,	Delta[s+](15) = 0.0390545
	
The 0-th iteration is completed.	|| time cost : 0h 0m 0.859s
********************************************************************************************************************
Start the 1 rounds of NGS-ED iteration
	effective electronic model is modified as: kinetic energy t = 0.995857
	                                           effective interaction Vq = [   -0.3125,-0.0473987,-0.0283913,-0.0473987,-0.0473987, -0.032123,-0.0287637, -0.032123,-0.0283913,-0.0287637,-0.0240107,-0.0287637,-0.0473987, -0.032123,-0.0287637, -0.032123]
	PARPACK diagonalization completed after 30 matrix-vector product operations.
	iteration results: : total energy is -15.184048 | electron energy -15.185366 + phonon energy 0.001318 | electron momentum kIdx = 10
The 1-th iteration is completed.	|| time cost : 0h 0m 0.829s
********************************************************************************************************************
Start the 2 rounds of NGS-ED iteration
	effective electronic model is modified as: kinetic energy t = 0.995855
	                                           effective interaction Vq = [   -0.3125,-0.0475076,-0.0283879,-0.0475076,-0.0475076,-0.0321232, -0.028737,-0.0321232,-0.0283879, -0.028737,-0.0239727, -0.028737,-0.0475076,-0.0321232, -0.028737,-0.0321232]
	PARPACK diagonalization completed after 30 matrix-vector product operations.
	iteration results: : total energy is -15.184048 | electron energy -15.185368 + phonon energy 0.001320 | electron momentum kIdx = 10
The 2-th iteration is completed.	|| time cost : 0h 0m 0.524s
********************************************************************************************************************
Start the 3 rounds of NGS-ED iteration
	effective electronic model is modified as: kinetic energy t = 0.995855
	                                           effective interaction Vq = [   -0.3125,-0.0475083, -0.028388,-0.0475083,-0.0475083,-0.0321231,-0.0287368,-0.0321231, -0.028388,-0.0287368,-0.0239725,-0.0287368,-0.0475083,-0.0321231,-0.0287368,-0.0321231]
	PARPACK diagonalization completed after 30 matrix-vector product operations.
	iteration results: : total energy is -15.184048 | electron energy -15.185368 + phonon energy 0.001320 | electron momentum kIdx = 10
The 3-th iteration is completed.	|| time cost : 0h 0m 0.558s
********************************************************************************************************************
Start the 4 rounds of NGS-ED iteration
	effective electronic model is modified as: kinetic energy t = 0.995855
	                                           effective interaction Vq = [   -0.3125,-0.0475083, -0.028388,-0.0475083,-0.0475083,-0.0321231,-0.0287368,-0.0321231, -0.028388,-0.0287368,-0.0239725,-0.0287368,-0.0475083,-0.0321231,-0.0287368,-0.0321231]
	PARPACK diagonalization completed after 30 matrix-vector product operations.
	iteration results: : total energy is -15.184048 | electron energy -15.185368 + phonon energy 0.001320 | electron momentum kIdx = 10
	Nq(0) = 2.25,	Nq(1) = 0.193322,	Nq(2) = 0.222315,	Nq(3) = 0.193322,	Nq(4) = 0.193322,	Nq(5) = 0.251891,	
	Nq(6) = 0.332576,	Nq(7) = 0.251891,	Nq(8) = 0.222315,	Nq(9) = 0.332576,	Nq(10) = 0.366663,	
	Nq(11) = 0.332576,	Nq(12) = 0.193322,	Nq(13) = 0.251891,	Nq(14) = 0.332576,	Nq(15) = 0.251891;	
	Sq(0) = -6.22822e-18,	Sq(1) = 0.286783,	Sq(2) = 0.615514,	Sq(3) = 0.286783,	Sq(4) = 0.286783,	
	Sq(5) = 0.355836,	Sq(6) = 0.408357,	Sq(7) = 0.355836,	Sq(8) = 0.615514,	Sq(9) = 0.408357,	
	Sq(10) = 0.392624,	Sq(11) = 0.408357,	Sq(12) = 0.286783,	Sq(13) = 0.355836,	Sq(14) = 0.408357,	
	Sq(15) = 0.355836;	N(0) = 1.87136,	N(1) = 0.973129,	N(2) = 0.0408505,	N(3) = 0.973129,	
	N(4) = 0.973129,	N(5) = 0.0196897,	N(6) = 0.0172603,	N(7) = 0.0196897,	N(8) = 0.0408505,	
	N(9) = 0.0172603,	N(10) = 0.00662354,	N(11) = 0.0172603,	N(12) = 0.973129,	N(13) = 0.0196897,	
	N(14) = 0.0172603,	N(15) = 0.0196897;	Delta[s](0) = 0.0187353,	Delta[s](1) = 0.0120603,	Delta[s](2) = 0.000153529,	
	Delta[s](3) = 0.0120603,	Delta[s](4) = 0.0120603,	Delta[s](5) = 0.0046098,	Delta[s](6) = 0.000107569,	Delta[s](7) = 0.0046098,	
	Delta[s](8) = 0.000153529,	Delta[s](9) = 0.000107569,	Delta[s](10) = 7.02266e-05,	Delta[s](11) = 0.000107569,	Delta[s](12) = 0.0120603,	
	Delta[s](13) = 0.0046098,	Delta[s](14) = 0.000107569,	Delta[s](15) = 0.0046098;	Delta[d](0) = 0.00195564,	Delta[d](1) = 0.0197918,	
	Delta[d](2) = 0.00236234,	Delta[d](3) = 0.0197918,	Delta[d](4) = 0.0197918,	Delta[d](5) = 0.0298438,	Delta[d](6) = 0.00327349,	
	Delta[d](7) = 0.0298438,	Delta[d](8) = 0.00236234,	Delta[d](9) = 0.00327349,	Delta[d](10) = 0.000522269,	Delta[d](11) = 0.00327349,	
	Delta[d](12) = 0.0197918,	Delta[d](13) = 0.0298438,	Delta[d](14) = 0.00327349,	Delta[d](15) = 0.0298438;	Delta[s+](0) = 0.255782,	
	Delta[s+](1) = 0.145831,	Delta[s+](2) = 0.00236234,	Delta[s+](3) = 0.145831,	Delta[s+](4) = 0.145831,	Delta[s+](5) = 0.0390712,	
	Delta[s+](6) = 0.000999893,	Delta[s+](7) = 0.0390712,	Delta[s+](8) = 0.00236234,	Delta[s+](9) = 0.000999893,	Delta[s+](10) = 0.000162712,	
	Delta[s+](11) = 0.000999893,	Delta[s+](12) = 0.145831,	Delta[s+](13) = 0.0390712,	Delta[s+](14) = 0.000999893,	Delta[s+](15) = 0.0390712
	
The 4-th iteration is completed.	|| time cost : 0h 0m 0.712s
********************************************************************************************************************
********************************************************************************************************************
Ground state is obtained after 5 iterations. The current ground-state energy is -15.184, in which electron energy is -15.1854 and phonon energy is 0.00131956
Final variational state is: 
	Gamma_x = [      1,  1.045,1.03128,  1.045,  1.045,1.04014,1.04772,1.04014,1.03128,1.04772,  1.044,1.04772,  1.045,1.04014,1.04772,1.04014]
	lambda_q = [     1.25,0.0989315,0.0581275,0.0989315,0.0989315, 0.065988,0.0588594, 0.065988,0.0581275,0.0588594,0.0489016,0.0588594,0.0989315, 0.065988,0.0588594, 0.065988]
Effective e-e interactions mediated by phonons are:
	momentum-space Vq = [   -0.3125,-0.0475083, -0.028388,-0.0475083,-0.0475083,-0.0321231,-0.0287368,-0.0321231, -0.028388,-0.0287368,-0.0239725,-0.0287368,-0.0475083,-0.0321231,-0.0287368,-0.0321231]
	real-space Vr = [-0.0516701,-0.0203794,-0.0165472,-0.0203794,-0.0203794, -0.017481,-0.0156865, -0.017481,-0.0165472,-0.0156865,-0.0135475,-0.0156865,-0.0203794, -0.017481,-0.0156865, -0.017481]
********************************************************************************************************************
o___o  ----------------------------------------
| L |	Time since last clock: 0h 0m 0.004s
A===A	Time since the beginning: 0h 0m 3.49s
***********************************************


Non-Gaussina ED ground state calculation is completed. The final ground-state energy is -15.184
********************************************************************************************************************
o___o  ----------------------------------------
| L |	Time since last clock: 0h 0m 0.002s
A===A	Time since the beginning: 0h 0m 3.493s
***********************************************



********************************************************************************************************************
All non-Gaussian ED ground state calculations have been completed. Exit now.
