SNEDics v3.4 Non-Gaussian ED ground state program		Start at Sun Mar  1 13:05:06 2020

parallized on 16 MPI threads  * 8 OpenMP threads = 128 total threads.
********************************************************************************************************************
********************************************************************************************************************

********************************************************************************************************************
System parameters and configurations
********************************************************************************************************************
Special program options are enabled: splitted diagonal Hamiltonian
********************************************************************************************************************
Read input file "model_params.in"
	Hubbard-Holstein model parameters : 	t = 1    U = 8    g = 5.7271    W = 8    
********************************************************************************************************************
Read input file "hilbertspace_params.in"
	Requested 16-site 2D lattice, with 16 electrons (8, 8)
	Boundary : Periodic		Hilbert space representation : momentum-space (restricted to kIdx = 10)
	Conservation: particle number[U(1)]      spin[U(1)]     momentum
********************************************************************************************************************

Cluster Positions:				Cluster symmetry group : D4
 x ... x ... x ... x .....                       x ... x ... x ... x .....
 |           |           :                       |           |           :
 |           |           :                       |           |           :
12    13    14    15     x                       1     5     6     5     x
 |           |           :                       |           |           :
 |           |           :                       |           |           :
 8 --- 9 ---10 ---11 --- x                       2 --- 6 ---10 --- 6 --- x
 |           |           :                       |           |           :
 |           |           :                       |           |           :
 4     5     6     7     x                       1     5     6     5     x
 |           |           :                       |           |           :
 |           |           :                       |           |           :
 0 --- 1 --- 2 --- 3 --- x                       0 --- 1 --- 2 --- 1 --- x
orbital number : 1
********************************************************************************************************************
Read input file "obs_params.in"
	Observable Type : Nq(All),   Sq(All),   N(All),   Delta[s](All),   Delta[d](All),   Delta[s+](All)
********************************************************************************************************************
** WARNING ** the input observables have non-local factors which have been reinterpreted. The total observable number is 96
********************************************************************************************************************


********************************************************************************************************************
Start calculating the non-Gaussian ED ground state
** WARNING ** Detected low phonon energy W < 10. The initial state will be prepared through a warm-up process.
********************************************************************************************************************
Start warm-up calculation for scaling factor 2
open output files: NGSEDWarmUpW16Obs.txt
********************************************************************************************************************
Start the 0 rounds of NGS-ED iteration
	effective electronic model is modified as: kinetic energy t = 1
	                                           effective interaction Vq = [-0,-0,-0,-0,-0,-0,-0,-0,-0,-0,-0,-0,-0,-0,-0,-0]
	first Hamiltonian is constructed, non-zero numbers = 2845334624
	PARPACK diagonalization completed after 105 matrix-vector product operations.
	iteration results: : total energy is -8.284915 | electron energy -8.284915 + phonon energy 0.000000 | electron momentum kIdx = 10
	Nq(0) = 16,	Nq(1) = 0.0623747,	Nq(2) = 0.108897,	Nq(3) = 0.0623747,	Nq(4) = 0.0623747,	Nq(5) = 0.108897,	Nq(6) = 0.15084,	Nq(7) = 0.108897,	Nq(8) = 0.108897,	Nq(9) = 0.15084,	Nq(10) = 0.189673,	Nq(11) = 0.15084,	Nq(12) = 0.0623747,	Nq(13) = 0.108897,	Nq(14) = 0.15084,	Nq(15) = 0.108897,	Sq(0) = 3.91852e-19,	Sq(1) = 0.234593,	Sq(2) = 0.384437,	Sq(3) = 0.234593,	Sq(4) = 0.234593,	Sq(5) = 0.384437,	Sq(6) = 0.569544,	Sq(7) = 0.384437,	Sq(8) = 0.384437,	Sq(9) = 0.569544,	Sq(10) = 8.78091,	Sq(11) = 0.569544,	Sq(12) = 0.234593,	Sq(13) = 0.384437,	Sq(14) = 0.569544,	Sq(15) = 0.384437,	N(0) = 1.77141,	N(1) = 1.55608,	N(2) = 1,	N(3) = 1.55608,	N(4) = 1.55608,	N(5) = 1,	N(6) = 0.443921,	N(7) = 1,	N(8) = 1,	N(9) = 0.443921,	N(10) = 0.228587,	N(11) = 0.443921,	N(12) = 1.55608,	N(13) = 1,	N(14) = 0.443921,	N(15) = 1,	Delta[s](0) = 0.0819668,	Delta[s](1) = 0.0685144,	Delta[s](2) = 0.0539931,	Delta[s](3) = 0.0685144,	Delta[s](4) = 0.0685144,	Delta[s](5) = 0.0539931,	Delta[s](6) = 0.0378996,	Delta[s](7) = 0.0539931,	Delta[s](8) = 0.0539931,	Delta[s](9) = 0.0378996,	Delta[s](10) = 0.0163754,	Delta[s](11) = 0.0378996,	Delta[s](12) = 0.0685144,	Delta[s](13) = 0.0539931,	Delta[s](14) = 0.0378996,	Delta[s](15) = 0.0539931,	Delta[d](0) = 0.562074,	Delta[d](1) = 0.469277,	Delta[d](2) = 0.388057,	Delta[d](3) = 0.469277,	Delta[d](4) = 0.469277,	Delta[d](5) = 0.411407,	Delta[d](6) = 0.341709,	Delta[d](7) = 0.411407,	Delta[d](8) = 0.388057,	Delta[d](9) = 0.341709,	Delta[d](10) = 0.27705,	Delta[d](11) = 0.341709,	Delta[d](12) = 0.469277,	Delta[d](13) = 0.411407,	Delta[d](14) = 0.341709,	Delta[d](15) = 0.411407,	Delta[s+](0) = 0.602036,	Delta[s+](1) = 0.505815,	Delta[s+](2) = 0.388057,	Delta[s+](3) = 0.505815,	Delta[s+](4) = 0.505815,	Delta[s+](5) = 0.388057,	Delta[s+](6) = 0.268611,	Delta[s+](7) = 0.388057,	Delta[s+](8) = 0.388057,	Delta[s+](9) = 0.268611,	Delta[s+](10) = 0.159551,	Delta[s+](11) = 0.268611,	Delta[s+](12) = 0.505815,	Delta[s+](13) = 0.388057,	Delta[s+](14) = 0.268611,	Delta[s+](15) = 0.388057
The 0-th iteration is completed.	|| time cost : 0h 8m 8.397s
********************************************************************************************************************
Start the 1 rounds of NGS-ED iteration
	effective electronic model is modified as: kinetic energy t = 0.912023
	                                           effective interaction Vq = [-3.93284,-3.52721,-3.46606,-3.52721,-3.52721,-3.46606,-3.42703,-3.46606,-3.46606,-3.42703,-3.39683,-3.42703,-3.52721,-3.46606,-3.42703,-3.46606]
	PARPACK diagonalization completed after 45 matrix-vector product operations.
	iteration results: : total energy is -81.361483 | electron energy -81.365940 + phonon energy 0.004457 | electron momentum kIdx = 10
The 1-th iteration is completed.	|| time cost : 0h 7m 15.891s
********************************************************************************************************************
Start the 2 rounds of NGS-ED iteration
	effective electronic model is modified as: kinetic energy t = 0.856155
	                                           effective interaction Vq = [-4.09315,-3.99843,-3.91068,-3.99843,-3.99843,-3.91068,-3.91014,-3.91068,-3.91068,-3.91014,-3.86077,-3.91014,-3.99843,-3.91068,-3.91014,-3.91068]
	PARPACK diagonalization completed after 30 matrix-vector product operations.
	iteration results: : total energy is -85.489860 | electron energy -85.529177 + phonon energy 0.039317 | electron momentum kIdx = 10
The 2-th iteration is completed.	|| time cost : 0h 0m 27.795s
********************************************************************************************************************
Start the 3 rounds of NGS-ED iteration
	effective electronic model is modified as: kinetic energy t = 0.842064
	                                           effective interaction Vq = [-4.09968,-4.05479,-3.96952,-4.05479,-4.05479,-3.96952, -3.9859,-3.96952,-3.96952, -3.9859,-3.92854, -3.9859,-4.05479,-3.96952, -3.9859,-3.96952]
	PARPACK diagonalization completed after 30 matrix-vector product operations.
	iteration results: : total energy is -85.685133 | electron energy -85.739779 + phonon energy 0.054646 | electron momentum kIdx = 10
The 3-th iteration is completed.	|| time cost : 0h 0m 27.834s
********************************************************************************************************************
Start the 4 rounds of NGS-ED iteration
	effective electronic model is modified as: kinetic energy t = 0.839051
	                                           effective interaction Vq = [-4.09995,-4.06394,-3.97946,-4.06394,-4.06394,-3.97946,-4.00048,-3.97946,-3.97946,-4.00048,-3.94054,-4.00048,-4.06394,-3.97946,-4.00048,-3.97946]
	PARPACK diagonalization completed after 30 matrix-vector product operations.
	iteration results: : total energy is -85.693583 | electron energy -85.751908 + phonon energy 0.058325 | electron momentum kIdx = 10
The 4-th iteration is completed.	|| time cost : 0h 0m 27.822s
********************************************************************************************************************
Start the 5 rounds of NGS-ED iteration
	effective electronic model is modified as: kinetic energy t = 0.83843
	                                           effective interaction Vq = [-4.09996,-4.06569,-3.98128,-4.06569,-4.06569,-3.98128,-4.00354,-3.98128,-3.98128,-4.00354,-3.94282,-4.00354,-4.06569,-3.98128,-4.00354,-3.98128]
	PARPACK diagonalization completed after 30 matrix-vector product operations.
	iteration results: : total energy is -85.693939 | electron energy -85.753054 + phonon energy 0.059114 | electron momentum kIdx = 10
The 5-th iteration is completed.	|| time cost : 0h 0m 27.766s
********************************************************************************************************************
Start the 6 rounds of NGS-ED iteration
	effective electronic model is modified as: kinetic energy t = 0.838302
	                                           effective interaction Vq = [-4.09996,-4.06605,-3.98162,-4.06605,-4.06605,-3.98162, -4.0042,-3.98162,-3.98162, -4.0042,-3.94326, -4.0042,-4.06605,-3.98162, -4.0042,-3.98162]
	PARPACK diagonalization completed after 30 matrix-vector product operations.
	iteration results: : total energy is -85.693955 | electron energy -85.753234 + phonon energy 0.059279 | electron momentum kIdx = 10
	Nq(0) = 16,	Nq(1) = 0.386883,	Nq(2) = 0.373864,	Nq(3) = 0.386883,	Nq(4) = 0.386883,	Nq(5) = 0.373864,	Nq(6) = 0.627413,	Nq(7) = 0.373864,	Nq(8) = 0.373864,	Nq(9) = 0.627413,	Nq(10) = 0.61568,	Nq(11) = 0.627413,	Nq(12) = 0.386883,	Nq(13) = 0.373864,	Nq(14) = 0.627413,	Nq(15) = 0.373864,	Sq(0) = -2.56003e-19,	Sq(1) = 0.374534,	Sq(2) = 0.40847,	Sq(3) = 0.374534,	Sq(4) = 0.374534,	Sq(5) = 0.40847,	Sq(6) = 0.624899,	Sq(7) = 0.40847,	Sq(8) = 0.40847,	Sq(9) = 0.624899,	Sq(10) = 2.6354,	Sq(11) = 0.624899,	Sq(12) = 0.374534,	Sq(13) = 0.40847,	Sq(14) = 0.624899,	Sq(15) = 0.40847,	N(0) = 1.99998,	N(1) = 1.99986,	N(2) = 1,	N(3) = 1.99986,	N(4) = 1.99986,	N(5) = 1,	N(6) = 0.000136974,	N(7) = 1,	N(8) = 1,	N(9) = 0.000136974,	N(10) = 1.56361e-05,	N(11) = 0.000136974,	N(12) = 1.99986,	N(13) = 1,	N(14) = 0.000136974,	N(15) = 1,	Delta[s](0) = 0.264332,	Delta[s](1) = 0.264102,	Delta[s](2) = 0.20279,	Delta[s](3) = 0.264102,	Delta[s](4) = 0.264102,	Delta[s](5) = 0.20279,	Delta[s](6) = 0.202369,	Delta[s](7) = 0.20279,	Delta[s](8) = 0.20279,	Delta[s](9) = 0.202369,	Delta[s](10) = 0.111068,	Delta[s](11) = 0.202369,	Delta[s](12) = 0.264102,	Delta[s](13) = 0.20279,	Delta[s](14) = 0.202369,	Delta[s](15) = 0.20279,	Delta[d](0) = 0.480674,	Delta[d](1) = 0.297537,	Delta[d](2) = 0.267486,	Delta[d](3) = 0.297537,	Delta[d](4) = 0.297537,	Delta[d](5) = 0.355367,	Delta[d](6) = 0.246373,	Delta[d](7) = 0.355367,	Delta[d](8) = 0.267486,	Delta[d](9) = 0.246373,	Delta[d](10) = 0.231054,	Delta[d](11) = 0.246373,	Delta[d](12) = 0.297537,	Delta[d](13) = 0.355367,	Delta[d](14) = 0.246373,	Delta[d](15) = 0.355367,	Delta[s+](0) = 0.485051,	Delta[s+](1) = 0.400258,	Delta[s+](2) = 0.267486,	Delta[s+](3) = 0.400258,	Delta[s+](4) = 0.400258,	Delta[s+](5) = 0.267486,	Delta[s+](6) = 0.131276,	Delta[s+](7) = 0.267486,	Delta[s+](8) = 0.267486,	Delta[s+](9) = 0.131276,	Delta[s+](10) = 0.0383604,	Delta[s+](11) = 0.131276,	Delta[s+](12) = 0.400258,	Delta[s+](13) = 0.267486,	Delta[s+](14) = 0.131276,	Delta[s+](15) = 0.267486
The 6-th iteration is completed.	|| time cost : 0h 4m 46.32s
********************************************************************************************************************
********************************************************************************************************************
Ground state is obtained after 7 iterations. The current ground-state energy is -85.694, in which electron energy is -85.7532 and phonon energy is 0.0592791
final variational state is: 
	Gamma_x = [      1,1.01651,1.02738,1.01651,1.01651,1.02738,1.04246,1.02738,1.02738,1.04246,1.05084,1.04246,1.01651,1.02738,1.04246,1.02738]
	lambda_q = [0.506202,0.460219,0.420231,0.460219,0.460219,0.420231,0.428902,0.420231,0.420231,0.428902,0.407271,0.428902,0.460219,0.420231,0.428902,0.420231]
********************************************************************************************************************
o___o  ----------------------------------------
| L |	Time since last clock: 0h 0m 0s
A===A	Time since the beginning: 0h 22m 1.828s
***********************************************


********************************************************************************************************************
Warm up runs have been completed. Start calculating W = 8 phonon.
open output files: NGSEDIterationObs.txt
********************************************************************************************************************
Start the 0 rounds of NGS-ED iteration
	effective electronic model is modified as: kinetic energy t = 0.838276
	                                           effective interaction Vq = [-3.74822,-3.57703,-3.40066,-3.57703,-3.57703,-3.40066,-3.44107,-3.40066,-3.40066,-3.44107,-3.33801,-3.44107,-3.57703,-3.40066,-3.44107,-3.40066]
	PARPACK diagonalization completed after 30 matrix-vector product operations.
	iteration results: : total energy is -76.558910 | electron energy -76.588566 + phonon energy 0.029657 | electron momentum kIdx = 10
	Nq(0) = 16,	Nq(1) = 0.302282,	Nq(2) = 0.335878,	Nq(3) = 0.302282,	Nq(4) = 0.302282,	Nq(5) = 0.335878,	Nq(6) = 0.507776,	Nq(7) = 0.335878,	Nq(8) = 0.335878,	Nq(9) = 0.507776,	Nq(10) = 0.545797,	Nq(11) = 0.507776,	Nq(12) = 0.302282,	Nq(13) = 0.335878,	Nq(14) = 0.507776,	Nq(15) = 0.335878,	Sq(0) = 1.27629e-18,	Sq(1) = 0.373428,	Sq(2) = 0.425887,	Sq(3) = 0.373428,	Sq(4) = 0.373428,	Sq(5) = 0.425887,	Sq(6) = 0.660507,	Sq(7) = 0.425887,	Sq(8) = 0.425887,	Sq(9) = 0.660507,	Sq(10) = 3.50764,	Sq(11) = 0.660507,	Sq(12) = 0.373428,	Sq(13) = 0.425887,	Sq(14) = 0.660507,	Sq(15) = 0.425887,	N(0) = 1.99149,	N(1) = 1.98296,	N(2) = 1,	N(3) = 1.98296,	N(4) = 1.98296,	N(5) = 1,	N(6) = 0.0170438,	N(7) = 1,	N(8) = 1,	N(9) = 0.0170438,	N(10) = 0.00851273,	N(11) = 0.0170438,	N(12) = 1.98296,	N(13) = 1,	N(14) = 0.0170438,	N(15) = 1,	Delta[s](0) = 0.221984,	Delta[s](1) = 0.211399,	Delta[s](2) = 0.176575,	Delta[s](3) = 0.211399,	Delta[s](4) = 0.211399,	Delta[s](5) = 0.176575,	Delta[s](6) = 0.166501,	Delta[s](7) = 0.176575,	Delta[s](8) = 0.176575,	Delta[s](9) = 0.166501,	Delta[s](10) = 0.107614,	Delta[s](11) = 0.166501,	Delta[s](12) = 0.211399,	Delta[s](13) = 0.176575,	Delta[s](14) = 0.166501,	Delta[s](15) = 0.176575,	Delta[d](0) = 0.491987,	Delta[d](1) = 0.337631,	Delta[d](2) = 0.300527,	Delta[d](3) = 0.337631,	Delta[d](4) = 0.337631,	Delta[d](5) = 0.3704,	Delta[d](6) = 0.282579,	Delta[d](7) = 0.3704,	Delta[d](8) = 0.300527,	Delta[d](9) = 0.282579,	Delta[d](10) = 0.250673,	Delta[d](11) = 0.282579,	Delta[d](12) = 0.337631,	Delta[d](13) = 0.3704,	Delta[d](14) = 0.282579,	Delta[d](15) = 0.3704,	Delta[s+](0) = 0.536368,	Delta[s+](1) = 0.442182,	Delta[s+](2) = 0.300527,	Delta[s+](3) = 0.442182,	Delta[s+](4) = 0.442182,	Delta[s+](5) = 0.300527,	Delta[s+](6) = 0.158692,	Delta[s+](7) = 0.300527,	Delta[s+](8) = 0.300527,	Delta[s+](9) = 0.158692,	Delta[s+](10) = 0.0539231,	Delta[s+](11) = 0.158692,	Delta[s+](12) = 0.442182,	Delta[s+](13) = 0.300527,	Delta[s+](14) = 0.158692,	Delta[s+](15) = 0.300527
The 0-th iteration is completed.	|| time cost : 0h 4m 37.756s
********************************************************************************************************************
Start the 1 rounds of NGS-ED iteration
	effective electronic model is modified as: kinetic energy t = 0.802915
	                                           effective interaction Vq = [-4.02894,-3.83659,-3.64207,-3.83659,-3.83659,-3.64207,-3.66578,-3.64207,-3.64207,-3.66578,-3.56137,-3.66578,-3.83659,-3.64207,-3.66578,-3.64207]
	PARPACK diagonalization completed after 30 matrix-vector product operations.
	iteration results: : total energy is -81.555284 | electron energy -81.670975 + phonon energy 0.115691 | electron momentum kIdx = 10
The 1-th iteration is completed.	|| time cost : 0h 0m 27.95s
********************************************************************************************************************
Start the 2 rounds of NGS-ED iteration
	effective electronic model is modified as: kinetic energy t = 0.784665
	                                           effective interaction Vq = [-4.08562,-3.93298, -3.7352,-3.93298,-3.93298, -3.7352,-3.76559, -3.7352, -3.7352,-3.76559,-3.65588,-3.76559,-3.93298, -3.7352,-3.76559, -3.7352]
	PARPACK diagonalization completed after 30 matrix-vector product operations.
	iteration results: : total energy is -82.585828 | electron energy -82.753200 + phonon energy 0.167373 | electron momentum kIdx = 10
The 2-th iteration is completed.	|| time cost : 0h 0m 27.829s
********************************************************************************************************************
Start the 3 rounds of NGS-ED iteration
	effective electronic model is modified as: kinetic energy t = 0.775802
	                                           effective interaction Vq = [-4.09706,-3.97166,-3.77336,-3.97166,-3.97166,-3.77336,-3.81097,-3.77336,-3.77336,-3.81097,-3.69654,-3.81097,-3.97166,-3.77336,-3.81097,-3.77336]
	PARPACK diagonalization completed after 30 matrix-vector product operations.
	iteration results: : total energy is -82.797523 | electron energy -82.990790 + phonon energy 0.193267 | electron momentum kIdx = 10
The 3-th iteration is completed.	|| time cost : 0h 0m 27.738s
********************************************************************************************************************
Start the 4 rounds of NGS-ED iteration
	effective electronic model is modified as: kinetic energy t = 0.771607
	                                           effective interaction Vq = [-4.09937,-3.98818,-3.78959,-3.98818,-3.98818,-3.78959,-3.83213,-3.78959,-3.78959,-3.83213, -3.7144,-3.83213,-3.98818,-3.78959,-3.83213,-3.78959]
	PARPACK diagonalization completed after 30 matrix-vector product operations.
	iteration results: : total energy is -82.840908 | electron energy -83.046614 + phonon energy 0.205705 | electron momentum kIdx = 10
The 4-th iteration is completed.	|| time cost : 0h 0m 27.865s
********************************************************************************************************************
Start the 5 rounds of NGS-ED iteration
	effective electronic model is modified as: kinetic energy t = 0.769643
	                                           effective interaction Vq = [-4.09984,-3.99551,-3.79664,-3.99551,-3.99551,-3.79664,-3.84215,-3.79664,-3.79664,-3.84215,-3.72235,-3.84215,-3.99551,-3.79664,-3.84215,-3.79664]
	PARPACK diagonalization completed after 30 matrix-vector product operations.
	iteration results: : total energy is -82.849793 | electron energy -83.061386 + phonon energy 0.211592 | electron momentum kIdx = 10
The 5-th iteration is completed.	|| time cost : 0h 0m 27.773s
********************************************************************************************************************
Start the 6 rounds of NGS-ED iteration
	effective electronic model is modified as: kinetic energy t = 0.768727
	                                           effective interaction Vq = [-4.09994,-3.99883,-3.79974,-3.99883,-3.99883,-3.79974,-3.84694,-3.79974,-3.79974,-3.84694,-3.72592,-3.84694,-3.99883,-3.79974,-3.84694,-3.79974]
	PARPACK diagonalization completed after 30 matrix-vector product operations.
	iteration results: : total energy is -82.851614 | electron energy -83.065975 + phonon energy 0.214362 | electron momentum kIdx = 10
The 6-th iteration is completed.	|| time cost : 0h 0m 27.834s
********************************************************************************************************************
Start the 7 rounds of NGS-ED iteration
	effective electronic model is modified as: kinetic energy t = 0.7683
	                                           effective interaction Vq = [-4.09995,-4.00036, -3.8011,-4.00036,-4.00036, -3.8011,-3.84923, -3.8011, -3.8011,-3.84923,-3.72752,-3.84923,-4.00036, -3.8011,-3.84923, -3.8011]
	PARPACK diagonalization completed after 30 matrix-vector product operations.
	iteration results: : total energy is -82.851987 | electron energy -83.067648 + phonon energy 0.215661 | electron momentum kIdx = 10
The 7-th iteration is completed.	|| time cost : 0h 0m 27.81s
********************************************************************************************************************
Start the 8 rounds of NGS-ED iteration
	effective electronic model is modified as: kinetic energy t = 0.768101
	                                           effective interaction Vq = [-4.09996,-4.00106,-3.80171,-4.00106,-4.00106,-3.80171,-3.85033,-3.80171,-3.80171,-3.85033,-3.72825,-3.85033,-4.00106,-3.80171,-3.85033,-3.80171]
	PARPACK diagonalization completed after 30 matrix-vector product operations.
	iteration results: : total energy is -82.852064 | electron energy -83.068334 + phonon energy 0.216271 | electron momentum kIdx = 10
The 8-th iteration is completed.	|| time cost : 0h 0m 27.739s
********************************************************************************************************************
Start the 9 rounds of NGS-ED iteration
	effective electronic model is modified as: kinetic energy t = 0.768008
	                                           effective interaction Vq = [-4.09996,-4.00139,-3.80198,-4.00139,-4.00139,-3.80198,-3.85086,-3.80198,-3.80198,-3.85086,-3.72858,-3.85086,-4.00139,-3.80198,-3.85086,-3.80198]
	PARPACK diagonalization completed after 30 matrix-vector product operations.
	iteration results: : total energy is -82.852080 | electron energy -83.068636 + phonon energy 0.216557 | electron momentum kIdx = 10
The 9-th iteration is completed.	|| time cost : 0h 0m 27.832s
********************************************************************************************************************
Start the 10 rounds of NGS-ED iteration
	effective electronic model is modified as: kinetic energy t = 0.767965
	                                           effective interaction Vq = [-4.09996,-4.00154, -3.8021,-4.00154,-4.00154, -3.8021,-3.85111, -3.8021, -3.8021,-3.85111,-3.72873,-3.85111,-4.00154, -3.8021,-3.85111, -3.8021]
	PARPACK diagonalization completed after 30 matrix-vector product operations.
	iteration results: : total energy is -82.852083 | electron energy -83.068774 + phonon energy 0.216691 | electron momentum kIdx = 10
	Nq(0) = 16,	Nq(1) = 0.373305,	Nq(2) = 0.362362,	Nq(3) = 0.373305,	Nq(4) = 0.373305,	Nq(5) = 0.362362,	Nq(6) = 0.590235,	Nq(7) = 0.362362,	Nq(8) = 0.362362,	Nq(9) = 0.590235,	Nq(10) = 0.588885,	Nq(11) = 0.590235,	Nq(12) = 0.373305,	Nq(13) = 0.362362,	Nq(14) = 0.590235,	Nq(15) = 0.362362,	Sq(0) = 6.70071e-18,	Sq(1) = 0.376286,	Sq(2) = 0.415394,	Sq(3) = 0.376286,	Sq(4) = 0.376286,	Sq(5) = 0.415394,	Sq(6) = 0.638824,	Sq(7) = 0.415394,	Sq(8) = 0.415394,	Sq(9) = 0.638824,	Sq(10) = 2.82997,	Sq(11) = 0.638824,	Sq(12) = 0.376286,	Sq(13) = 0.415394,	Sq(14) = 0.638824,	Sq(15) = 0.415394,	N(0) = 1.99897,	N(1) = 1.99868,	N(2) = 1,	N(3) = 1.99868,	N(4) = 1.99868,	N(5) = 1,	N(6) = 0.00131666,	N(7) = 1,	N(8) = 1,	N(9) = 0.00131666,	N(10) = 0.00102779,	N(11) = 0.00131666,	N(12) = 1.99868,	N(13) = 1,	N(14) = 0.00131666,	N(15) = 1,	Delta[s](0) = 0.241354,	Delta[s](1) = 0.237348,	Delta[s](2) = 0.199551,	Delta[s](3) = 0.237348,	Delta[s](4) = 0.237348,	Delta[s](5) = 0.199551,	Delta[s](6) = 0.195735,	Delta[s](7) = 0.199551,	Delta[s](8) = 0.199551,	Delta[s](9) = 0.195735,	Delta[s](10) = 0.137623,	Delta[s](11) = 0.195735,	Delta[s](12) = 0.237348,	Delta[s](13) = 0.199551,	Delta[s](14) = 0.195735,	Delta[s](15) = 0.199551,	Delta[d](0) = 0.491146,	Delta[d](1) = 0.331125,	Delta[d](2) = 0.297918,	Delta[d](3) = 0.331125,	Delta[d](4) = 0.331125,	Delta[d](5) = 0.374683,	Delta[d](6) = 0.279926,	Delta[d](7) = 0.374683,	Delta[d](8) = 0.297918,	Delta[d](9) = 0.279926,	Delta[d](10) = 0.259606,	Delta[d](11) = 0.279926,	Delta[d](12) = 0.331125,	Delta[d](13) = 0.374683,	Delta[d](14) = 0.279926,	Delta[d](15) = 0.374683,	Delta[s+](0) = 0.519797,	Delta[s+](1) = 0.431279,	Delta[s+](2) = 0.297918,	Delta[s+](3) = 0.431279,	Delta[s+](4) = 0.431279,	Delta[s+](5) = 0.297918,	Delta[s+](6) = 0.160807,	Delta[s+](7) = 0.297918,	Delta[s+](8) = 0.297918,	Delta[s+](9) = 0.160807,	Delta[s+](10) = 0.0611509,	Delta[s+](11) = 0.160807,	Delta[s+](12) = 0.431279,	Delta[s+](13) = 0.297918,	Delta[s+](14) = 0.160807,	Delta[s+](15) = 0.297918
The 10-th iteration is completed.	|| time cost : 0h 4m 27.473s
********************************************************************************************************************
Start the 11 rounds of NGS-ED iteration
	effective electronic model is modified as: kinetic energy t = 0.767944
	                                           effective interaction Vq = [-4.09996,-4.00161,-3.80216,-4.00161,-4.00161,-3.80216,-3.85123,-3.80216,-3.80216,-3.85123, -3.7288,-3.85123,-4.00161,-3.80216,-3.85123,-3.80216]
	PARPACK diagonalization completed after 30 matrix-vector product operations.
	iteration results: : total energy is -82.852083 | electron energy -83.068838 + phonon energy 0.216754 | electron momentum kIdx = 10
The 11-th iteration is completed.	|| time cost : 0h 0m 27.909s
********************************************************************************************************************
Start the 12 rounds of NGS-ED iteration
	effective electronic model is modified as: kinetic energy t = 0.767935
	                                           effective interaction Vq = [-4.09996,-4.00164,-3.80218,-4.00164,-4.00164,-3.80218,-3.85129,-3.80218,-3.80218,-3.85129,-3.72883,-3.85129,-4.00164,-3.80218,-3.85129,-3.80218]
	PARPACK diagonalization completed after 30 matrix-vector product operations.
	iteration results: : total energy is -82.852084 | electron energy -83.068867 + phonon energy 0.216784 | electron momentum kIdx = 10
The 12-th iteration is completed.	|| time cost : 0h 0m 27.82s
********************************************************************************************************************
Start the 13 rounds of NGS-ED iteration
	effective electronic model is modified as: kinetic energy t = 0.76793
	                                           effective interaction Vq = [-4.09996,-4.00166,-3.80219,-4.00166,-4.00166,-3.80219,-3.85132,-3.80219,-3.80219,-3.85132,-3.72885,-3.85132,-4.00166,-3.80219,-3.85132,-3.80219]
	PARPACK diagonalization completed after 30 matrix-vector product operations.
	iteration results: : total energy is -82.852084 | electron energy -83.068881 + phonon energy 0.216798 | electron momentum kIdx = 10
The 13-th iteration is completed.	|| time cost : 0h 0m 27.799s
********************************************************************************************************************
Start the 14 rounds of NGS-ED iteration
	effective electronic model is modified as: kinetic energy t = 0.767928
	                                           effective interaction Vq = [-4.09996,-4.00166, -3.8022,-4.00166,-4.00166, -3.8022,-3.85133, -3.8022, -3.8022,-3.85133,-3.72885,-3.85133,-4.00166, -3.8022,-3.85133, -3.8022]
	PARPACK diagonalization completed after 30 matrix-vector product operations.
	iteration results: : total energy is -82.852084 | electron energy -83.068888 + phonon energy 0.216804 | electron momentum kIdx = 10
The 14-th iteration is completed.	|| time cost : 0h 0m 27.825s
********************************************************************************************************************
Start the 15 rounds of NGS-ED iteration
	effective electronic model is modified as: kinetic energy t = 0.767927
	                                           effective interaction Vq = [-4.09996,-4.00167, -3.8022,-4.00167,-4.00167, -3.8022,-3.85134, -3.8022, -3.8022,-3.85134,-3.72885,-3.85134,-4.00167, -3.8022,-3.85134, -3.8022]
	PARPACK diagonalization completed after 30 matrix-vector product operations.
	iteration results: : total energy is -82.852084 | electron energy -83.068891 + phonon energy 0.216807 | electron momentum kIdx = 10
The 15-th iteration is completed.	|| time cost : 0h 0m 27.804s
********************************************************************************************************************
Start the 16 rounds of NGS-ED iteration
	effective electronic model is modified as: kinetic energy t = 0.767927
	                                           effective interaction Vq = [-4.09996,-4.00167, -3.8022,-4.00167,-4.00167, -3.8022,-3.85134, -3.8022, -3.8022,-3.85134,-3.72886,-3.85134,-4.00167, -3.8022,-3.85134, -3.8022]
	PARPACK diagonalization completed after 30 matrix-vector product operations.
	iteration results: : total energy is -82.852084 | electron energy -83.068893 + phonon energy 0.216809 | electron momentum kIdx = 10
The 16-th iteration is completed.	|| time cost : 0h 0m 27.783s
********************************************************************************************************************
Start the 17 rounds of NGS-ED iteration
	effective electronic model is modified as: kinetic energy t = 0.767927
	                                           effective interaction Vq = [-4.09996,-4.00167, -3.8022,-4.00167,-4.00167, -3.8022,-3.85134, -3.8022, -3.8022,-3.85134,-3.72886,-3.85134,-4.00167, -3.8022,-3.85134, -3.8022]
	PARPACK diagonalization completed after 30 matrix-vector product operations.
	iteration results: : total energy is -82.852084 | electron energy -83.068893 + phonon energy 0.216810 | electron momentum kIdx = 10
The 17-th iteration is completed.	|| time cost : 0h 0m 27.773s
********************************************************************************************************************
Start the 18 rounds of NGS-ED iteration
	effective electronic model is modified as: kinetic energy t = 0.767927
	                                           effective interaction Vq = [-4.09996,-4.00167, -3.8022,-4.00167,-4.00167, -3.8022,-3.85134, -3.8022, -3.8022,-3.85134,-3.72886,-3.85134,-4.00167, -3.8022,-3.85134, -3.8022]
	PARPACK diagonalization completed after 30 matrix-vector product operations.
	iteration results: : total energy is -82.852084 | electron energy -83.068894 + phonon energy 0.216810 | electron momentum kIdx = 10
	Nq(0) = 16,	Nq(1) = 0.373334,	Nq(2) = 0.362366,	Nq(3) = 0.373334,	Nq(4) = 0.373334,	Nq(5) = 0.362366,	Nq(6) = 0.590292,	Nq(7) = 0.362366,	Nq(8) = 0.362366,	Nq(9) = 0.590292,	Nq(10) = 0.588897,	Nq(11) = 0.590292,	Nq(12) = 0.373334,	Nq(13) = 0.362366,	Nq(14) = 0.590292,	Nq(15) = 0.362366,	Sq(0) = 2.17637e-18,	Sq(1) = 0.376284,	Sq(2) = 0.415388,	Sq(3) = 0.376284,	Sq(4) = 0.376284,	Sq(5) = 0.415388,	Sq(6) = 0.638811,	Sq(7) = 0.415388,	Sq(8) = 0.415388,	Sq(9) = 0.638811,	Sq(10) = 2.8297,	Sq(11) = 0.638811,	Sq(12) = 0.376284,	Sq(13) = 0.415388,	Sq(14) = 0.638811,	Sq(15) = 0.415388,	N(0) = 1.99897,	N(1) = 1.99869,	N(2) = 1,	N(3) = 1.99869,	N(4) = 1.99869,	N(5) = 1,	N(6) = 0.00131396,	N(7) = 1,	N(8) = 1,	N(9) = 0.00131396,	N(10) = 0.00102638,	N(11) = 0.00131396,	N(12) = 1.99869,	N(13) = 1,	N(14) = 0.00131396,	N(15) = 1,	Delta[s](0) = 0.241362,	Delta[s](1) = 0.237359,	Delta[s](2) = 0.199561,	Delta[s](3) = 0.237359,	Delta[s](4) = 0.237359,	Delta[s](5) = 0.199561,	Delta[s](6) = 0.195748,	Delta[s](7) = 0.199561,	Delta[s](8) = 0.199561,	Delta[s](9) = 0.195748,	Delta[s](10) = 0.137638,	Delta[s](11) = 0.195748,	Delta[s](12) = 0.237359,	Delta[s](13) = 0.199561,	Delta[s](14) = 0.195748,	Delta[s](15) = 0.199561,	Delta[d](0) = 0.491138,	Delta[d](1) = 0.33112,	Delta[d](2) = 0.297916,	Delta[d](3) = 0.33112,	Delta[d](4) = 0.33112,	Delta[d](5) = 0.37468,	Delta[d](6) = 0.279923,	Delta[d](7) = 0.37468,	Delta[d](8) = 0.297916,	Delta[d](9) = 0.279923,	Delta[d](10) = 0.259609,	Delta[d](11) = 0.279923,	Delta[d](12) = 0.33112,	Delta[d](13) = 0.37468,	Delta[d](14) = 0.279923,	Delta[d](15) = 0.37468,	Delta[s+](0) = 0.519786,	Delta[s+](1) = 0.431271,	Delta[s+](2) = 0.297916,	Delta[s+](3) = 0.431271,	Delta[s+](4) = 0.431271,	Delta[s+](5) = 0.297916,	Delta[s+](6) = 0.160808,	Delta[s+](7) = 0.297916,	Delta[s+](8) = 0.297916,	Delta[s+](9) = 0.160808,	Delta[s+](10) = 0.0611555,	Delta[s+](11) = 0.160808,	Delta[s+](12) = 0.431271,	Delta[s+](13) = 0.297916,	Delta[s+](14) = 0.160808,	Delta[s+](15) = 0.297916
The 18-th iteration is completed.	|| time cost : 0h 4m 30.859s
********************************************************************************************************************
********************************************************************************************************************
Ground state is obtained after 19 iterations. The current ground-state energy is -82.8521, in which electron energy is -83.0689 and phonon energy is 0.21681
final variational state is: 
	Gamma_x = [      1,1.05133,1.07579,1.05133,1.05133,1.07579,1.11859,1.07579,1.07579,1.11859,1.13499,1.11859,1.05133,1.07579,1.11859,1.07579]
	lambda_q = [0.715887,0.605044,0.522963,0.605044,0.605044,0.522963,0.539601,0.522963,0.522963,0.539601,0.500509,0.539601,0.605044,0.522963,0.539601,0.522963]
********************************************************************************************************************
o___o  ----------------------------------------
| L |	Time since last clock: 0h 0m 0s
A===A	Time since the beginning: 0h 43m 3.008s
***********************************************


Non-Gaussina ED ground state calculation is completed. The final ground-state energy is -82.8521
********************************************************************************************************************
o___o  ----------------------------------------
| L |	Time since last clock: 0h 0m 0.006s
A===A	Time since the beginning: 0h 43m 3.014s
***********************************************



********************************************************************************************************************
All non-Gaussian ED ground state calculations have been completed. Exit now.
