TACC:  Starting up job 4310486 
TACC:  Starting parallel tasks... 
SNEDics v3.4 Non-Gaussian ED ground state program		Start at Wed Sep 11 04:13:27 2019

parallized on 32 MPI threads  * 6 OpenMP threads = 192 total threads.
********************************************************************************************************************
********************************************************************************************************************

********************************************************************************************************************
System parameters and configurations
********************************************************************************************************************
Special program options are enabled: splitted diagonal Hamiltonian
********************************************************************************************************************
Read input file "model_params.in"
	Hubbard-Holstein model parameters : 	t = 1    U = 6.5    g = 4.4721    W = 5    
********************************************************************************************************************
Read input file "hilbertspace_params.in"
	Requested 16-site 2D lattice, with 16 electrons (8, 8)
	Boundary : Periodic		Hilbert space representation : momentum-space (restricted to kIdx = 0)
	Conservation: particle number[U(1)]      spin[U(1)]     momentum
********************************************************************************************************************

Cluster Positions:				Cluster symmetry group : D4
 x ... x ... x ... x .....                       x ... x ... x ... x .....
 |           |           :                       |           |           :
 |           |           :                       |           |           :
12    13    14    15     x                       1     5     6     5     x
 |           |           :                       |           |           :
 |           |           :                       |           |           :
 8 --- 9 ---10 ---11 --- x                       2 --- 6 ---10 --- 6 --- x
 |           |           :                       |           |           :
 |           |           :                       |           |           :
 4     5     6     7     x                       1     5     6     5     x
 |           |           :                       |           |           :
 |           |           :                       |           |           :
 0 --- 1 --- 2 --- 3 --- x                       0 --- 1 --- 2 --- 1 --- x
orbital number : 1
********************************************************************************************************************
Read input file "obs_params.in"
	Observable Type : Nq(All),   Sq(All),   N(All),   Delta[s](All),   Delta[d](All),   Delta[s+](All)
********************************************************************************************************************
** WARNING ** the input observables have non-local factors which have been reinterpreted. The total observable number is 96
********************************************************************************************************************


********************************************************************************************************************
Start calculating the non-Gaussian ED ground state
Input file varState.dat exists. Start iterations from it.
open output files: NGSEDIterationObs.txt
********************************************************************************************************************
Start the 0 rounds of NGS-ED iteration
	effective electronic model is modified as: kinetic energy t = 0.733076
	                                           effective interaction Vq = [-3.99994,-3.64173,-3.41232,-3.64173,-3.64173,-3.41232,-3.43787,-3.41232,-3.41232,-3.43787,-3.99448,-3.43787,-3.64173,-3.41232,-3.43787,-3.41232]
	first Hamiltonian is constructed, non-zero numbers = 12310855584
	PARPACK diagonalization completed after 60 matrix-vector product operations.
	iteration results: : total energy is -85.824690 | electron energy -86.263872 + phonon energy 0.439182 | electron momentum kIdx = 0
	Nq(0) = 16,	Nq(1) = 0.218365,	Nq(2) = 0.289486,	Nq(3) = 0.218365,	Nq(4) = 0.218365,	Nq(5) = 0.289486,	Nq(6) = 0.42788,	Nq(7) = 0.289486,	Nq(8) = 0.289486,	Nq(9) = 0.42788,	Nq(10) = 7.0696,	Nq(11) = 0.42788,	Nq(12) = 0.218365,	Nq(13) = 0.289486,	Nq(14) = 0.42788,	Nq(15) = 0.289486,	Sq(0) = 6.16401e-20,	Sq(1) = 0.201532,	Sq(2) = 0.281091,	Sq(3) = 0.201532,	Sq(4) = 0.201532,	Sq(5) = 0.281091,	Sq(6) = 0.406518,	Sq(7) = 0.281091,	Sq(8) = 0.281091,	Sq(9) = 0.406518,	Sq(10) = 0.489759,	Sq(11) = 0.406518,	Sq(12) = 0.201532,	Sq(13) = 0.281091,	Sq(14) = 0.406518,	Sq(15) = 0.281091,	N(0) = 1.96305,	N(1) = 1.88737,	N(2) = 1,	N(3) = 1.88737,	N(4) = 1.88737,	N(5) = 1,	N(6) = 0.112625,	N(7) = 1,	N(8) = 1,	N(9) = 0.112625,	N(10) = 0.0369525,	N(11) = 0.112625,	N(12) = 1.88737,	N(13) = 1,	N(14) = 0.112625,	N(15) = 1,	Delta[s](0) = 0.40635,	Delta[s](1) = 0.370308,	Delta[s](2) = 0.357351,	Delta[s](3) = 0.370308,	Delta[s](4) = 0.370308,	Delta[s](5) = 0.357351,	Delta[s](6) = 0.335638,	Delta[s](7) = 0.357351,	Delta[s](8) = 0.357351,	Delta[s](9) = 0.335638,	Delta[s](10) = 0.321504,	Delta[s](11) = 0.335638,	Delta[s](12) = 0.370308,	Delta[s](13) = 0.357351,	Delta[s](14) = 0.335638,	Delta[s](15) = 0.357351,	Delta[d](0) = 0.191988,	Delta[d](1) = 0.180186,	Delta[d](2) = 0.197562,	Delta[d](3) = 0.180186,	Delta[d](4) = 0.180186,	Delta[d](5) = 0.130057,	Delta[d](6) = 0.145376,	Delta[d](7) = 0.130057,	Delta[d](8) = 0.197562,	Delta[d](9) = 0.145376,	Delta[d](10) = 0.0680831,	Delta[d](11) = 0.145376,	Delta[d](12) = 0.180186,	Delta[d](13) = 0.130057,	Delta[d](14) = 0.145376,	Delta[d](15) = 0.130057,	Delta[s+](0) = 0.403451,	Delta[s+](1) = 0.306231,	Delta[s+](2) = 0.197562,	Delta[s+](3) = 0.306231,	Delta[s+](4) = 0.306231,	Delta[s+](5) = 0.197562,	Delta[s+](6) = 0.0915323,	Delta[s+](7) = 0.197562,	Delta[s+](8) = 0.197562,	Delta[s+](9) = 0.0915323,	Delta[s+](10) = 0.0405655,	Delta[s+](11) = 0.0915323,	Delta[s+](12) = 0.306231,	Delta[s+](13) = 0.197562,	Delta[s+](14) = 0.0915323,	Delta[s+](15) = 0.197562
The 0-th iteration is completed.	|| time cost : 0h 8m 20.125s
********************************************************************************************************************
Start the 1 rounds of NGS-ED iteration
	effective electronic model is modified as: kinetic energy t = 0.733083
	                                           effective interaction Vq = [-3.99994,-3.64169,-3.41229,-3.64169,-3.64169,-3.41229,-3.43782,-3.41229,-3.41229,-3.43782,-3.99448,-3.43782,-3.64169,-3.41229,-3.43782,-3.41229]
	PARPACK diagonalization completed after 30 matrix-vector product operations.
	iteration results: : total energy is -85.824690 | electron energy -86.263849 + phonon energy 0.439159 | electron momentum kIdx = 0
The 1-th iteration is completed.	|| time cost : 0h 0m 20.609s
********************************************************************************************************************
Start the 2 rounds of NGS-ED iteration
	effective electronic model is modified as: kinetic energy t = 0.733087
	                                           effective interaction Vq = [-3.99994,-3.64166,-3.41226,-3.64166,-3.64166,-3.41226,-3.43779,-3.41226,-3.41226,-3.43779,-3.99448,-3.43779,-3.64166,-3.41226,-3.43779,-3.41226]
	PARPACK diagonalization completed after 30 matrix-vector product operations.
	iteration results: : total energy is -85.824690 | electron energy -86.263832 + phonon energy 0.439143 | electron momentum kIdx = 0
The 2-th iteration is completed.	|| time cost : 0h 0m 20.558s
********************************************************************************************************************
Start the 3 rounds of NGS-ED iteration
	effective electronic model is modified as: kinetic energy t = 0.733091
	                                           effective interaction Vq = [-3.99994,-3.64164,-3.41225,-3.64164,-3.64164,-3.41225,-3.43777,-3.41225,-3.41225,-3.43777,-3.99448,-3.43777,-3.64164,-3.41225,-3.43777,-3.41225]
	PARPACK diagonalization completed after 30 matrix-vector product operations.
	iteration results: : total energy is -85.824690 | electron energy -86.263821 + phonon energy 0.439131 | electron momentum kIdx = 0
The 3-th iteration is completed.	|| time cost : 0h 0m 20.572s
********************************************************************************************************************
Start the 4 rounds of NGS-ED iteration
	effective electronic model is modified as: kinetic energy t = 0.733093
	                                           effective interaction Vq = [-3.99994,-3.64163,-3.41224,-3.64163,-3.64163,-3.41224,-3.43775,-3.41224,-3.41224,-3.43775,-3.99448,-3.43775,-3.64163,-3.41224,-3.43775,-3.41224]
	PARPACK diagonalization completed after 30 matrix-vector product operations.
	iteration results: : total energy is -85.824690 | electron energy -86.263813 + phonon energy 0.439123 | electron momentum kIdx = 0
The 4-th iteration is completed.	|| time cost : 0h 0m 20.576s
********************************************************************************************************************
Start the 5 rounds of NGS-ED iteration
	effective electronic model is modified as: kinetic energy t = 0.733095
	                                           effective interaction Vq = [-3.99994,-3.64162,-3.41223,-3.64162,-3.64162,-3.41223,-3.43774,-3.41223,-3.41223,-3.43774,-3.99448,-3.43774,-3.64162,-3.41223,-3.43774,-3.41223]
	PARPACK diagonalization completed after 30 matrix-vector product operations.
	iteration results: : total energy is -85.824690 | electron energy -86.263807 + phonon energy 0.439117 | electron momentum kIdx = 0
The 5-th iteration is completed.	|| time cost : 0h 0m 21.55s
********************************************************************************************************************
Start the 6 rounds of NGS-ED iteration
	effective electronic model is modified as: kinetic energy t = 0.733096
	                                           effective interaction Vq = [-3.99994,-3.64161,-3.41222,-3.64161,-3.64161,-3.41222,-3.43773,-3.41222,-3.41222,-3.43773,-3.99448,-3.43773,-3.64161,-3.41222,-3.43773,-3.41222]
	PARPACK diagonalization completed after 30 matrix-vector product operations.
	iteration results: : total energy is -85.824690 | electron energy -86.263803 + phonon energy 0.439113 | electron momentum kIdx = 0
The 6-th iteration is completed.	|| time cost : 0h 0m 21.674s
********************************************************************************************************************
Start the 7 rounds of NGS-ED iteration
	effective electronic model is modified as: kinetic energy t = 0.733097
	                                           effective interaction Vq = [-3.99994,-3.64161,-3.41222,-3.64161,-3.64161,-3.41222,-3.43773,-3.41222,-3.41222,-3.43773,-3.99448,-3.43773,-3.64161,-3.41222,-3.43773,-3.41222]
	PARPACK diagonalization completed after 30 matrix-vector product operations.
	iteration results: : total energy is -85.824690 | electron energy -86.263800 + phonon energy 0.439110 | electron momentum kIdx = 0
The 7-th iteration is completed.	|| time cost : 0h 0m 20.6s
********************************************************************************************************************
Start the 8 rounds of NGS-ED iteration
	effective electronic model is modified as: kinetic energy t = 0.733097
	                                           effective interaction Vq = [-3.99994, -3.6416,-3.41222, -3.6416, -3.6416,-3.41222,-3.43772,-3.41222,-3.41222,-3.43772,-3.99448,-3.43772, -3.6416,-3.41222,-3.43772,-3.41222]
	PARPACK diagonalization completed after 30 matrix-vector product operations.
	iteration results: : total energy is -85.824690 | electron energy -86.263798 + phonon energy 0.439108 | electron momentum kIdx = 0
The 8-th iteration is completed.	|| time cost : 0h 0m 20.536s
********************************************************************************************************************
Start the 9 rounds of NGS-ED iteration
	effective electronic model is modified as: kinetic energy t = 0.733097
	                                           effective interaction Vq = [-3.99994, -3.6416,-3.41221, -3.6416, -3.6416,-3.41221,-3.43772,-3.41221,-3.41221,-3.43772,-3.99448,-3.43772, -3.6416,-3.41221,-3.43772,-3.41221]
	PARPACK diagonalization completed after 30 matrix-vector product operations.
	iteration results: : total energy is -85.824690 | electron energy -86.263796 + phonon energy 0.439107 | electron momentum kIdx = 0
The 9-th iteration is completed.	|| time cost : 0h 0m 20.538s
********************************************************************************************************************
Start the 10 rounds of NGS-ED iteration
	effective electronic model is modified as: kinetic energy t = 0.733098
	                                           effective interaction Vq = [-3.99994, -3.6416,-3.41221, -3.6416, -3.6416,-3.41221,-3.43772,-3.41221,-3.41221,-3.43772,-3.99448,-3.43772, -3.6416,-3.41221,-3.43772,-3.41221]
	PARPACK diagonalization completed after 30 matrix-vector product operations.
	iteration results: : total energy is -85.824690 | electron energy -86.263795 + phonon energy 0.439106 | electron momentum kIdx = 0
	Nq(0) = 16,	Nq(1) = 0.218343,	Nq(2) = 0.28947,	Nq(3) = 0.218343,	Nq(4) = 0.218343,	Nq(5) = 0.28947,	Nq(6) = 0.427845,	Nq(7) = 0.28947,	Nq(8) = 0.28947,	Nq(9) = 0.427845,	Nq(10) = 7.07009,	Nq(11) = 0.427845,	Nq(12) = 0.218343,	Nq(13) = 0.28947,	Nq(14) = 0.427845,	Nq(15) = 0.28947,	Sq(0) = 1.43222e-18,	Sq(1) = 0.20152,	Sq(2) = 0.281082,	Sq(3) = 0.20152,	Sq(4) = 0.20152,	Sq(5) = 0.281082,	Sq(6) = 0.406505,	Sq(7) = 0.281082,	Sq(8) = 0.281082,	Sq(9) = 0.406505,	Sq(10) = 0.489747,	Sq(11) = 0.406505,	Sq(12) = 0.20152,	Sq(13) = 0.281082,	Sq(14) = 0.406505,	Sq(15) = 0.281082,	N(0) = 1.96304,	N(1) = 1.88735,	N(2) = 1,	N(3) = 1.88735,	N(4) = 1.88735,	N(5) = 1,	N(6) = 0.112647,	N(7) = 1,	N(8) = 1,	N(9) = 0.112647,	N(10) = 0.036959,	N(11) = 0.112647,	N(12) = 1.88735,	N(13) = 1,	N(14) = 0.112647,	N(15) = 1,	Delta[s](0) = 0.406353,	Delta[s](1) = 0.370314,	Delta[s](2) = 0.357356,	Delta[s](3) = 0.370314,	Delta[s](4) = 0.370314,	Delta[s](5) = 0.357356,	Delta[s](6) = 0.335644,	Delta[s](7) = 0.357356,	Delta[s](8) = 0.357356,	Delta[s](9) = 0.335644,	Delta[s](10) = 0.32151,	Delta[s](11) = 0.335644,	Delta[s](12) = 0.370314,	Delta[s](13) = 0.357356,	Delta[s](14) = 0.335644,	Delta[s](15) = 0.357356,	Delta[d](0) = 0.191979,	Delta[d](1) = 0.180177,	Delta[d](2) = 0.197555,	Delta[d](3) = 0.180177,	Delta[d](4) = 0.180177,	Delta[d](5) = 0.130048,	Delta[d](6) = 0.145365,	Delta[d](7) = 0.130048,	Delta[d](8) = 0.197555,	Delta[d](9) = 0.145365,	Delta[d](10) = 0.0680744,	Delta[d](11) = 0.145365,	Delta[d](12) = 0.180177,	Delta[d](13) = 0.130048,	Delta[d](14) = 0.145365,	Delta[d](15) = 0.130048,	Delta[s+](0) = 0.403447,	Delta[s+](1) = 0.306224,	Delta[s+](2) = 0.197555,	Delta[s+](3) = 0.306224,	Delta[s+](4) = 0.306224,	Delta[s+](5) = 0.197555,	Delta[s+](6) = 0.0915252,	Delta[s+](7) = 0.197555,	Delta[s+](8) = 0.197555,	Delta[s+](9) = 0.0915252,	Delta[s+](10) = 0.0405606,	Delta[s+](11) = 0.0915252,	Delta[s+](12) = 0.306224,	Delta[s+](13) = 0.197555,	Delta[s+](14) = 0.0915252,	Delta[s+](15) = 0.197555
The 10-th iteration is completed.	|| time cost : 0h 3m 51.696s
********************************************************************************************************************
Start the 11 rounds of NGS-ED iteration
	effective electronic model is modified as: kinetic energy t = 0.733098
	                                           effective interaction Vq = [-3.99994, -3.6416,-3.41221, -3.6416, -3.6416,-3.41221,-3.43772,-3.41221,-3.41221,-3.43772,-3.99448,-3.43772, -3.6416,-3.41221,-3.43772,-3.41221]
	PARPACK diagonalization completed after 30 matrix-vector product operations.
	iteration results: : total energy is -85.824690 | electron energy -86.263795 + phonon energy 0.439105 | electron momentum kIdx = 0
The 11-th iteration is completed.	|| time cost : 0h 0m 23.023s
********************************************************************************************************************
Start the 12 rounds of NGS-ED iteration
	effective electronic model is modified as: kinetic energy t = 0.733098
	                                           effective interaction Vq = [-3.99994, -3.6416,-3.41221, -3.6416, -3.6416,-3.41221,-3.43771,-3.41221,-3.41221,-3.43771,-3.99448,-3.43771, -3.6416,-3.41221,-3.43771,-3.41221]
	PARPACK diagonalization completed after 30 matrix-vector product operations.
	iteration results: : total energy is -85.824690 | electron energy -86.263794 + phonon energy 0.439104 | electron momentum kIdx = 0
The 12-th iteration is completed.	|| time cost : 0h 0m 20.629s
********************************************************************************************************************
Start the 13 rounds of NGS-ED iteration
	effective electronic model is modified as: kinetic energy t = 0.733098
	                                           effective interaction Vq = [-3.99994, -3.6416,-3.41221, -3.6416, -3.6416,-3.41221,-3.43771,-3.41221,-3.41221,-3.43771,-3.99448,-3.43771, -3.6416,-3.41221,-3.43771,-3.41221]
	PARPACK diagonalization completed after 30 matrix-vector product operations.
	iteration results: : total energy is -85.824690 | electron energy -86.263794 + phonon energy 0.439104 | electron momentum kIdx = 0
	Nq(0) = 16,	Nq(1) = 0.218343,	Nq(2) = 0.289469,	Nq(3) = 0.218343,	Nq(4) = 0.218343,	Nq(5) = 0.289469,	Nq(6) = 0.427844,	Nq(7) = 0.289469,	Nq(8) = 0.289469,	Nq(9) = 0.427844,	Nq(10) = 7.0701,	Nq(11) = 0.427844,	Nq(12) = 0.218343,	Nq(13) = 0.289469,	Nq(14) = 0.427844,	Nq(15) = 0.289469,	Sq(0) = -3.83313e-18,	Sq(1) = 0.20152,	Sq(2) = 0.281082,	Sq(3) = 0.20152,	Sq(4) = 0.20152,	Sq(5) = 0.281082,	Sq(6) = 0.406504,	Sq(7) = 0.281082,	Sq(8) = 0.281082,	Sq(9) = 0.406504,	Sq(10) = 0.489747,	Sq(11) = 0.406504,	Sq(12) = 0.20152,	Sq(13) = 0.281082,	Sq(14) = 0.406504,	Sq(15) = 0.281082,	N(0) = 1.96304,	N(1) = 1.88735,	N(2) = 1,	N(3) = 1.88735,	N(4) = 1.88735,	N(5) = 1,	N(6) = 0.112647,	N(7) = 1,	N(8) = 1,	N(9) = 0.112647,	N(10) = 0.0369591,	N(11) = 0.112647,	N(12) = 1.88735,	N(13) = 1,	N(14) = 0.112647,	N(15) = 1,	Delta[s](0) = 0.406353,	Delta[s](1) = 0.370314,	Delta[s](2) = 0.357356,	Delta[s](3) = 0.370314,	Delta[s](4) = 0.370314,	Delta[s](5) = 0.357356,	Delta[s](6) = 0.335644,	Delta[s](7) = 0.357356,	Delta[s](8) = 0.357356,	Delta[s](9) = 0.335644,	Delta[s](10) = 0.32151,	Delta[s](11) = 0.335644,	Delta[s](12) = 0.370314,	Delta[s](13) = 0.357356,	Delta[s](14) = 0.335644,	Delta[s](15) = 0.357356,	Delta[d](0) = 0.191979,	Delta[d](1) = 0.180176,	Delta[d](2) = 0.197555,	Delta[d](3) = 0.180176,	Delta[d](4) = 0.180176,	Delta[d](5) = 0.130048,	Delta[d](6) = 0.145365,	Delta[d](7) = 0.130048,	Delta[d](8) = 0.197555,	Delta[d](9) = 0.145365,	Delta[d](10) = 0.0680742,	Delta[d](11) = 0.145365,	Delta[d](12) = 0.180176,	Delta[d](13) = 0.130048,	Delta[d](14) = 0.145365,	Delta[d](15) = 0.130048,	Delta[s+](0) = 0.403447,	Delta[s+](1) = 0.306224,	Delta[s+](2) = 0.197555,	Delta[s+](3) = 0.306224,	Delta[s+](4) = 0.306224,	Delta[s+](5) = 0.197555,	Delta[s+](6) = 0.0915251,	Delta[s+](7) = 0.197555,	Delta[s+](8) = 0.197555,	Delta[s+](9) = 0.0915251,	Delta[s+](10) = 0.0405605,	Delta[s+](11) = 0.0915251,	Delta[s+](12) = 0.306224,	Delta[s+](13) = 0.197555,	Delta[s+](14) = 0.0915251,	Delta[s+](15) = 0.197555
The 13-th iteration is completed.	|| time cost : 0h 3m 46.275s
********************************************************************************************************************
********************************************************************************************************************
Ground state is obtained after 14 iterations. The current ground-state energy is -85.8247, in which electron energy is -86.2638 and phonon energy is 0.439104
final variational state is: 
	Gamma_x = [      1,1.07595,1.11546,1.07595,1.07595,1.11546,1.17321,1.11546,1.11546,1.17321,1.48032,1.17321,1.07595,1.11546,1.17321,1.11546]
	lambda_q = [ 0.89442,0.626711,0.551572,0.626711,0.626711,0.551572,0.559093,0.551572,0.551572,0.559093,0.861383,0.559093,0.626711,0.551572,0.559093,0.551572]
********************************************************************************************************************
o___o  ----------------------------------------
| L |	Time since last clock: 0h 0m 0s
A===A	Time since the beginning: 0h 19m 48.967s
***********************************************


Non-Gaussina ED ground state calculation is completed. The final ground-state energy is -85.8247
********************************************************************************************************************
o___o  ----------------------------------------
| L |	Time since last clock: 0h 0m 0s
A===A	Time since the beginning: 0h 19m 48.968s
***********************************************



********************************************************************************************************************
All non-Gaussian ED ground state calculations have been completed. Exit now.
TACC:  Shutdown complete. Exiting. 
