TACC:  Starting up job 4098194 
TACC:  Starting parallel tasks... 
SNEDics v3.4 Non-Gaussian ED ground state program		Start at Mon Aug  5 23:49:11 2019

parallized on 32 MPI threads  * 6 OpenMP threads = 192 total threads.
********************************************************************************************************************
********************************************************************************************************************

********************************************************************************************************************
System parameters and configurations
********************************************************************************************************************
Special program options are enabled: splitted diagonal Hamiltonian
********************************************************************************************************************
Read input file "model_params.in"
	Hubbard-Holstein model parameters : 	t = 1    U = 6.6    g = 4.4721    W = 5    
********************************************************************************************************************
Read input file "hilbertspace_params.in"
	Requested 16-site 2D lattice, with 16 electrons (8, 8)
	Boundary : Periodic		Hilbert space representation : momentum-space (restricted to kIdx = 0)
	Conservation: particle number[U(1)]      spin[U(1)]     momentum
********************************************************************************************************************

Cluster Positions:				Cluster symmetry group : D4
 x ... x ... x ... x .....                       x ... x ... x ... x .....
 |           |           :                       |           |           :
 |           |           :                       |           |           :
12    13    14    15     x                       1     5     6     5     x
 |           |           :                       |           |           :
 |           |           :                       |           |           :
 8 --- 9 ---10 ---11 --- x                       2 --- 6 ---10 --- 6 --- x
 |           |           :                       |           |           :
 |           |           :                       |           |           :
 4     5     6     7     x                       1     5     6     5     x
 |           |           :                       |           |           :
 |           |           :                       |           |           :
 0 --- 1 --- 2 --- 3 --- x                       0 --- 1 --- 2 --- 1 --- x
orbital number : 1
********************************************************************************************************************
Read input file "obs_params.in"
	Observable Type : Nq[All],   Sq[All]
********************************************************************************************************************
** WARNING ** the input observables have non-local factors which have been reinterpreted. The total observable number is 32
********************************************************************************************************************


********************************************************************************************************************
Start calculating the non-Gaussian ED ground state
** WARNING ** Detected low phonon energy W < 10. The initial state will be prepared through a warm-up process.
********************************************************************************************************************
Start warm-up calculation for scaling factor 2
open output files: NGSEDWarmUpW10Obs.txt
********************************************************************************************************************
Start the 0 rounds of NGS-ED iteration
	effective electronic model is modified as: kinetic energy t = 1
	                                           effective interaction Vq = [0,0,0,0,0,0,0,0,0,0,0,0,0,0,0,0]
	first Hamiltonian is constructed, non-zero numbers = 2845383612
	PARPACK diagonalization completed after 105 matrix-vector product operations.
	iteration results: : total energy is -9.84063 | electron energy -9.84063 + phonon energy 0 | electron momentum kIdx = 0
	Nq(0) = 16,	Nq(1) = 0.085422,	Nq(2) = 0.14367,	Nq(3) = 0.085422,	Nq(4) = 0.085422,	Nq(5) = 0.14367,	Nq(6) = 0.196524,	Nq(7) = 0.14367,	Nq(8) = 0.14367,	Nq(9) = 0.196524,	Nq(10) = 0.245678,	Nq(11) = 0.196524,	Nq(12) = 0.085422,	Nq(13) = 0.14367,	Nq(14) = 0.196524,	Nq(15) = 0.14367,	Sq(0) = -1.92124e-18,	Sq(1) = 0.420961,	Sq(2) = 0.636747,	Sq(3) = 0.420961,	Sq(4) = 0.420961,	Sq(5) = 0.636747,	Sq(6) = 0.896279,	Sq(7) = 0.636747,	Sq(8) = 0.636747,	Sq(9) = 0.896279,	Sq(10) = 4.67508,	Sq(11) = 0.896279,	Sq(12) = 0.420961,	Sq(13) = 0.636747,	Sq(14) = 0.896279,	Sq(15) = 0.636747
The 0-th iteration is completed.	|| time cost : 0h 3m 10.628s
********************************************************************************************************************
Start the 1 rounds of NGS-ED iteration
	effective electronic model is modified as: kinetic energy t = 0.913689
	                                           effective interaction Vq = [ -3.4586,-3.00543,-2.92631,-3.00543,-3.00543,-2.92631,-2.88039,-2.92631,-2.92631,-2.88039, -2.8469,-2.88039,-3.00543,-2.92631,-2.88039,-2.92631]
	PARPACK diagonalization completed after 60 matrix-vector product operations.
	iteration results: : total energy is -74.7898 | electron energy -74.795 + phonon energy 0.00512086 | electron momentum kIdx = 0
	Nq(0) = 16,	Nq(1) = 0.322314,	Nq(2) = 0.352778,	Nq(3) = 0.322314,	Nq(4) = 0.322314,	Nq(5) = 0.352778,	Nq(6) = 0.536891,	Nq(7) = 0.352778,	Nq(8) = 0.352778,	Nq(9) = 0.536891,	Nq(10) = 0.574718,	Nq(11) = 0.536891,	Nq(12) = 0.322314,	Nq(13) = 0.352778,	Nq(14) = 0.536891,	Nq(15) = 0.352778,	Sq(0) = 9.97788e-18,	Sq(1) = 0.394487,	Sq(2) = 0.570689,	Sq(3) = 0.394487,	Sq(4) = 0.394487,	Sq(5) = 0.570689,	Sq(6) = 0.668037,	Sq(7) = 0.570689,	Sq(8) = 0.570689,	Sq(9) = 0.668037,	Sq(10) = 2.19756,	Sq(11) = 0.668037,	Sq(12) = 0.394487,	Sq(13) = 0.570689,	Sq(14) = 0.668037,	Sq(15) = 0.570689
The 1-th iteration is completed.	|| time cost : 0h 5m 2.979s
********************************************************************************************************************
Start the 2 rounds of NGS-ED iteration
	effective electronic model is modified as: kinetic energy t = 0.837497
	                                           effective interaction Vq = [-3.92667,-3.72245,-3.57655,-3.72245,-3.72245,-3.57655,-3.58056,-3.57655,-3.57655,-3.58056,-3.50512,-3.58056,-3.72245,-3.57655,-3.58056,-3.57655]
	PARPACK diagonalization completed after 75 matrix-vector product operations.
	iteration results: : total energy is -85.654 | electron energy -85.7137 + phonon energy 0.0596775 | electron momentum kIdx = 0
	Nq(0) = 16,	Nq(1) = 0.431119,	Nq(2) = 0.735876,	Nq(3) = 0.431119,	Nq(4) = 0.431119,	Nq(5) = 0.735876,	Nq(6) = 0.669584,	Nq(7) = 0.735876,	Nq(8) = 0.735876,	Nq(9) = 0.669584,	Nq(10) = 0.902806,	Nq(11) = 0.669584,	Nq(12) = 0.431119,	Nq(13) = 0.735876,	Nq(14) = 0.669584,	Nq(15) = 0.735876,	Sq(0) = -9.03058e-18,	Sq(1) = 0.32769,	Sq(2) = 0.357996,	Sq(3) = 0.32769,	Sq(4) = 0.32769,	Sq(5) = 0.357996,	Sq(6) = 0.556719,	Sq(7) = 0.357996,	Sq(8) = 0.357996,	Sq(9) = 0.556719,	Sq(10) = 0.593508,	Sq(11) = 0.556719,	Sq(12) = 0.32769,	Sq(13) = 0.357996,	Sq(14) = 0.556719,	Sq(15) = 0.357996
The 2-th iteration is completed.	|| time cost : 0h 1m 39.662s
********************************************************************************************************************
Start the 3 rounds of NGS-ED iteration
	effective electronic model is modified as: kinetic energy t = 0.790135
	                                           effective interaction Vq = [-3.99002,-3.89187,-3.85285,-3.89187,-3.89187,-3.85285,-3.78169,-3.85285,-3.85285,-3.78169,  -3.775,-3.78169,-3.89187,-3.85285,-3.78169,-3.85285]
	PARPACK diagonalization completed after 60 matrix-vector product operations.
	iteration results: : total energy is -87.8415 | electron energy -87.962 + phonon energy 0.120465 | electron momentum kIdx = 0
	Nq(0) = 16,	Nq(1) = 0.434132,	Nq(2) = 0.7859,	Nq(3) = 0.434132,	Nq(4) = 0.434132,	Nq(5) = 0.7859,	Nq(6) = 0.689394,	Nq(7) = 0.7859,	Nq(8) = 0.7859,	Nq(9) = 0.689394,	Nq(10) = 1.02927,	Nq(11) = 0.689394,	Nq(12) = 0.434132,	Nq(13) = 0.7859,	Nq(14) = 0.689394,	Nq(15) = 0.7859,	Sq(0) = -3.83575e-18,	Sq(1) = 0.289839,	Sq(2) = 0.338097,	Sq(3) = 0.289839,	Sq(4) = 0.289839,	Sq(5) = 0.338097,	Sq(6) = 0.504236,	Sq(7) = 0.338097,	Sq(8) = 0.338097,	Sq(9) = 0.504236,	Sq(10) = 0.556342,	Sq(11) = 0.504236,	Sq(12) = 0.289839,	Sq(13) = 0.338097,	Sq(14) = 0.504236,	Sq(15) = 0.338097
The 3-th iteration is completed.	|| time cost : 0h 1m 37.102s
********************************************************************************************************************
Start the 4 rounds of NGS-ED iteration
	effective electronic model is modified as: kinetic energy t = 0.77174
	                                           effective interaction Vq = [-3.99859, -3.9329,-3.91888, -3.9329, -3.9329,-3.91888,-3.83988,-3.91888,-3.91888,-3.83988,-3.86103,-3.83988, -3.9329,-3.91888,-3.83988,-3.91888]
	PARPACK diagonalization completed after 45 matrix-vector product operations.
	iteration results: : total energy is -88.1491 | electron energy -88.3034 + phonon energy 0.154226 | electron momentum kIdx = 0
	Nq(0) = 16,	Nq(1) = 0.434218,	Nq(2) = 0.787512,	Nq(3) = 0.434218,	Nq(4) = 0.434218,	Nq(5) = 0.787512,	Nq(6) = 0.697552,	Nq(7) = 0.787512,	Nq(8) = 0.787512,	Nq(9) = 0.697552,	Nq(10) = 1.15167,	Nq(11) = 0.697552,	Nq(12) = 0.434218,	Nq(13) = 0.787512,	Nq(14) = 0.697552,	Nq(15) = 0.787512,	Sq(0) = 7.55948e-18,	Sq(1) = 0.278,	Sq(2) = 0.331137,	Sq(3) = 0.278,	Sq(4) = 0.278,	Sq(5) = 0.331137,	Sq(6) = 0.488269,	Sq(7) = 0.331137,	Sq(8) = 0.331137,	Sq(9) = 0.488269,	Sq(10) = 0.544279,	Sq(11) = 0.488269,	Sq(12) = 0.278,	Sq(13) = 0.331137,	Sq(14) = 0.488269,	Sq(15) = 0.331137
The 4-th iteration is completed.	|| time cost : 0h 1m 32.338s
********************************************************************************************************************
Start the 5 rounds of NGS-ED iteration
	effective electronic model is modified as: kinetic energy t = 0.764722
	                                           effective interaction Vq = [-3.99975,-3.94504,-3.93678,-3.94504,-3.94504,-3.93678,-3.85951,-3.93678,-3.93678,-3.85951,-3.89837,-3.85951,-3.94504,-3.93678,-3.85951,-3.93678]
	PARPACK diagonalization completed after 45 matrix-vector product operations.
	iteration results: : total energy is -88.1941 | electron energy -88.3628 + phonon energy 0.168722 | electron momentum kIdx = 0
	Nq(0) = 16,	Nq(1) = 0.432979,	Nq(2) = 0.764798,	Nq(3) = 0.432979,	Nq(4) = 0.432979,	Nq(5) = 0.764798,	Nq(6) = 0.699972,	Nq(7) = 0.764798,	Nq(8) = 0.764798,	Nq(9) = 0.699972,	Nq(10) = 1.35611,	Nq(11) = 0.699972,	Nq(12) = 0.432979,	Nq(13) = 0.764798,	Nq(14) = 0.699972,	Nq(15) = 0.764798,	Sq(0) = 4.40596e-18,	Sq(1) = 0.272399,	Sq(2) = 0.328048,	Sq(3) = 0.272399,	Sq(4) = 0.272399,	Sq(5) = 0.328048,	Sq(6) = 0.481417,	Sq(7) = 0.328048,	Sq(8) = 0.328048,	Sq(9) = 0.481417,	Sq(10) = 0.539741,	Sq(11) = 0.481417,	Sq(12) = 0.272399,	Sq(13) = 0.328048,	Sq(14) = 0.481417,	Sq(15) = 0.328048
The 5-th iteration is completed.	|| time cost : 0h 1m 47.653s
********************************************************************************************************************
Start the 6 rounds of NGS-ED iteration
	effective electronic model is modified as: kinetic energy t = 0.761951
	                                           effective interaction Vq = [-3.99991,-3.94889,-3.94025,-3.94889,-3.94889,-3.94025,-3.86647,-3.94025,-3.94025,-3.86647,-3.92497,-3.86647,-3.94889,-3.94025,-3.86647,-3.94025]
	PARPACK diagonalization completed after 45 matrix-vector product operations.
	iteration results: : total energy is -88.2101 | electron energy -88.3852 + phonon energy 0.175044 | electron momentum kIdx = 0
	Nq(0) = 16,	Nq(1) = 0.421505,	Nq(2) = 0.669111,	Nq(3) = 0.421505,	Nq(4) = 0.421505,	Nq(5) = 0.669111,	Nq(6) = 0.69023,	Nq(7) = 0.669111,	Nq(8) = 0.669111,	Nq(9) = 0.69023,	Nq(10) = 2.07826,	Nq(11) = 0.69023,	Nq(12) = 0.421505,	Nq(13) = 0.669111,	Nq(14) = 0.69023,	Nq(15) = 0.669111,	Sq(0) = -2.14227e-18,	Sq(1) = 0.266788,	Sq(2) = 0.325498,	Sq(3) = 0.266788,	Sq(4) = 0.266788,	Sq(5) = 0.325498,	Sq(6) = 0.475723,	Sq(7) = 0.325498,	Sq(8) = 0.325498,	Sq(9) = 0.475723,	Sq(10) = 0.537097,	Sq(11) = 0.475723,	Sq(12) = 0.266788,	Sq(13) = 0.325498,	Sq(14) = 0.475723,	Sq(15) = 0.325498
The 6-th iteration is completed.	|| time cost : 0h 1m 44.884s
********************************************************************************************************************
Start the 7 rounds of NGS-ED iteration
	effective electronic model is modified as: kinetic energy t = 0.761738
	                                           effective interaction Vq = [-3.99993,-3.94859,-3.93081,-3.94859,-3.94859,-3.93081,-3.86655,-3.93081,-3.93081,-3.86655,-3.95876,-3.86655,-3.94859,-3.93081,-3.86655,-3.93081]
	PARPACK diagonalization completed after 45 matrix-vector product operations.
	iteration results: : total energy is -88.2822 | electron energy -88.4605 + phonon energy 0.178262 | electron momentum kIdx = 0
	Nq(0) = 16,	Nq(1) = 0.363276,	Nq(2) = 0.422137,	Nq(3) = 0.363276,	Nq(4) = 0.363276,	Nq(5) = 0.422137,	Nq(6) = 0.630582,	Nq(7) = 0.422137,	Nq(8) = 0.422137,	Nq(9) = 0.630582,	Nq(10) = 4.07285,	Nq(11) = 0.630582,	Nq(12) = 0.363276,	Nq(13) = 0.422137,	Nq(14) = 0.630582,	Nq(15) = 0.422137,	Sq(0) = -3.10874e-18,	Sq(1) = 0.263348,	Sq(2) = 0.323325,	Sq(3) = 0.263348,	Sq(4) = 0.263348,	Sq(5) = 0.323325,	Sq(6) = 0.472823,	Sq(7) = 0.323325,	Sq(8) = 0.323325,	Sq(9) = 0.472823,	Sq(10) = 0.534253,	Sq(11) = 0.472823,	Sq(12) = 0.263348,	Sq(13) = 0.323325,	Sq(14) = 0.472823,	Sq(15) = 0.323325
The 7-th iteration is completed.	|| time cost : 0h 1m 32.344s
********************************************************************************************************************
Start the 8 rounds of NGS-ED iteration
	effective electronic model is modified as: kinetic energy t = 0.771084
	                                           effective interaction Vq = [-3.99994,-3.93754,-3.86749,-3.93754,-3.93754,-3.86749,-3.84994,-3.86749,-3.86749,-3.84994,-3.98408,-3.84994,-3.93754,-3.86749,-3.84994,-3.86749]
	PARPACK diagonalization completed after 45 matrix-vector product operations.
	iteration results: : total energy is -88.4127 | electron energy -88.5873 + phonon energy 0.174627 | electron momentum kIdx = 0
	Nq(0) = 16,	Nq(1) = 0.33397,	Nq(2) = 0.373193,	Nq(3) = 0.33397,	Nq(4) = 0.33397,	Nq(5) = 0.373193,	Nq(6) = 0.597449,	Nq(7) = 0.373193,	Nq(8) = 0.373193,	Nq(9) = 0.597449,	Nq(10) = 4.64052,	Nq(11) = 0.597449,	Nq(12) = 0.33397,	Nq(13) = 0.373193,	Nq(14) = 0.597449,	Nq(15) = 0.373193,	Sq(0) = 2.73848e-18,	Sq(1) = 0.260913,	Sq(2) = 0.321664,	Sq(3) = 0.260913,	Sq(4) = 0.260913,	Sq(5) = 0.321664,	Sq(6) = 0.471626,	Sq(7) = 0.321664,	Sq(8) = 0.321664,	Sq(9) = 0.471626,	Sq(10) = 0.534515,	Sq(11) = 0.471626,	Sq(12) = 0.260913,	Sq(13) = 0.321664,	Sq(14) = 0.471626,	Sq(15) = 0.321664
The 8-th iteration is completed.	|| time cost : 0h 1m 32.332s
********************************************************************************************************************
Start the 9 rounds of NGS-ED iteration
	effective electronic model is modified as: kinetic energy t = 0.777692
	                                           effective interaction Vq = [-3.99994,-3.92603,-3.81986,-3.92603,-3.92603,-3.81986, -3.8335,-3.81986,-3.81986, -3.8335,-3.99093, -3.8335,-3.92603,-3.81986, -3.8335,-3.81986]
	PARPACK diagonalization completed after 30 matrix-vector product operations.
	iteration results: : total energy is -88.445 | electron energy -88.6142 + phonon energy 0.169182 | electron momentum kIdx = 0
	Nq(0) = 16,	Nq(1) = 0.324885,	Nq(2) = 0.364311,	Nq(3) = 0.324885,	Nq(4) = 0.324885,	Nq(5) = 0.364311,	Nq(6) = 0.585925,	Nq(7) = 0.364311,	Nq(8) = 0.364311,	Nq(9) = 0.585925,	Nq(10) = 4.79105,	Nq(11) = 0.585925,	Nq(12) = 0.324885,	Nq(13) = 0.364311,	Nq(14) = 0.585925,	Nq(15) = 0.364311,	Sq(0) = -4.95206e-18,	Sq(1) = 0.259063,	Sq(2) = 0.320779,	Sq(3) = 0.259063,	Sq(4) = 0.259063,	Sq(5) = 0.320779,	Sq(6) = 0.470841,	Sq(7) = 0.320779,	Sq(8) = 0.320779,	Sq(9) = 0.470841,	Sq(10) = 0.535549,	Sq(11) = 0.470841,	Sq(12) = 0.259063,	Sq(13) = 0.320779,	Sq(14) = 0.470841,	Sq(15) = 0.320779
The 9-th iteration is completed.	|| time cost : 0h 1m 36.89s
********************************************************************************************************************
Start the 10 rounds of NGS-ED iteration
	effective electronic model is modified as: kinetic energy t = 0.780583
	                                           effective interaction Vq = [-3.99994,-3.91931,-3.79936,-3.91931,-3.91931,-3.79936,-3.82416,-3.79936,-3.79936,-3.82416,-3.99293,-3.82416,-3.91931,-3.79936,-3.82416,-3.79936]
	PARPACK diagonalization completed after 30 matrix-vector product operations.
	iteration results: : total energy is -88.4503 | electron energy -88.616 + phonon energy 0.165724 | electron momentum kIdx = 0
	Nq(0) = 16,	Nq(1) = 0.321215,	Nq(2) = 0.361148,	Nq(3) = 0.321215,	Nq(4) = 0.321215,	Nq(5) = 0.361148,	Nq(6) = 0.580939,	Nq(7) = 0.361148,	Nq(8) = 0.361148,	Nq(9) = 0.580939,	Nq(10) = 4.85121,	Nq(11) = 0.580939,	Nq(12) = 0.321215,	Nq(13) = 0.361148,	Nq(14) = 0.580939,	Nq(15) = 0.361148,	Sq(0) = 1.50568e-18,	Sq(1) = 0.258227,	Sq(2) = 0.320402,	Sq(3) = 0.258227,	Sq(4) = 0.258227,	Sq(5) = 0.320402,	Sq(6) = 0.470492,	Sq(7) = 0.320402,	Sq(8) = 0.320402,	Sq(9) = 0.470492,	Sq(10) = 0.536,	Sq(11) = 0.470492,	Sq(12) = 0.258227,	Sq(13) = 0.320402,	Sq(14) = 0.470492,	Sq(15) = 0.320402
The 10-th iteration is completed.	|| time cost : 0h 1m 28.655s
********************************************************************************************************************
Start the 11 rounds of NGS-ED iteration
	effective electronic model is modified as: kinetic energy t = 0.781827
	                                           effective interaction Vq = [-3.99994,-3.91591,-3.79117,-3.91591,-3.91591,-3.79117,-3.81946,-3.79117,-3.79117,-3.81946,-3.99358,-3.81946,-3.91591,-3.79117,-3.81946,-3.79117]
	PARPACK diagonalization completed after 30 matrix-vector product operations.
********************************************************************************************************************
Ground state is obtained after 11 iterations. The current ground-state energy is -88.4512, in which electron energy is -88.6152 and phonon energy is 0.164002
final variational state is: 
	Gamma_x = [      1,1.03279,1.05301,1.03279,1.03279,1.05301, 1.0815,1.05301,1.05301, 1.0815,1.15523, 1.0815,1.03279,1.05301, 1.0815,1.05301]
	lambda_q = [ 0.63244,0.540783,0.487964,0.540783,0.540783,0.487964, 0.49811,0.487964,0.487964, 0.49811,0.607248, 0.49811,0.540783,0.487964, 0.49811,0.487964]
********************************************************************************************************************
o___o  ----------------------------------------
| L |	Time since last clock: 0h 0m 8.283s
A===A	Time since the beginning: 0h 22m 53.755s
***********************************************


********************************************************************************************************************
Warm up runs have been completed. Start calculating W = 5 phonon.
open output files: NGSEDIterationObs.txt
Start the 0 rounds of NGS-ED iteration
	effective electronic model is modified as: kinetic energy t = 0.781827
	                                           effective interaction Vq = [-3.65677,-3.37464,-3.17391,-3.37464,-3.37464,-3.17391,-3.21463,-3.17391,-3.17391,-3.21463, -3.5876,-3.21463,-3.37464,-3.17391,-3.21463,-3.17391]
	PARPACK diagonalization completed after 45 matrix-vector product operations.
	iteration results: : total energy is -77.8308 | electron energy -77.9128 + phonon energy 0.0820008 | electron momentum kIdx = 0
	Nq(0) = 16,	Nq(1) = 0.318684,	Nq(2) = 0.344988,	Nq(3) = 0.318684,	Nq(4) = 0.318684,	Nq(5) = 0.344988,	Nq(6) = 0.539731,	Nq(7) = 0.344988,	Nq(8) = 0.344988,	Nq(9) = 0.539731,	Nq(10) = 4.28586,	Nq(11) = 0.539731,	Nq(12) = 0.318684,	Nq(13) = 0.344988,	Nq(14) = 0.539731,	Nq(15) = 0.344988,	Sq(0) = 4.57767e-18,	Sq(1) = 0.310228,	Sq(2) = 0.354359,	Sq(3) = 0.310228,	Sq(4) = 0.310228,	Sq(5) = 0.354359,	Sq(6) = 0.558327,	Sq(7) = 0.354359,	Sq(8) = 0.354359,	Sq(9) = 0.558327,	Sq(10) = 0.610169,	Sq(11) = 0.558327,	Sq(12) = 0.310228,	Sq(13) = 0.354359,	Sq(14) = 0.558327,	Sq(15) = 0.354359
The 0-th iteration is completed.	|| time cost : 0h 1m 32.678s
********************************************************************************************************************
Start the 1 rounds of NGS-ED iteration
	effective electronic model is modified as: kinetic energy t = 0.752876
	                                           effective interaction Vq = [-3.87369,-3.58113,-3.32652,-3.58113,-3.58113,-3.32652,-3.37779,-3.32652,-3.32652,-3.37779, -3.8354,-3.37779,-3.58113,-3.32652,-3.37779,-3.32652]
	PARPACK diagonalization completed after 30 matrix-vector product operations.
	iteration results: : total energy is -82.5589 | electron energy -82.8098 + phonon energy 0.250954 | electron momentum kIdx = 0
	Nq(0) = 16,	Nq(1) = 0.274091,	Nq(2) = 0.32326,	Nq(3) = 0.274091,	Nq(4) = 0.274091,	Nq(5) = 0.32326,	Nq(6) = 0.493719,	Nq(7) = 0.32326,	Nq(8) = 0.32326,	Nq(9) = 0.493719,	Nq(10) = 5.56655,	Nq(11) = 0.493719,	Nq(12) = 0.274091,	Nq(13) = 0.32326,	Nq(14) = 0.493719,	Nq(15) = 0.32326,	Sq(0) = -8.58602e-19,	Sq(1) = 0.253316,	Sq(2) = 0.32142,	Sq(3) = 0.253316,	Sq(4) = 0.253316,	Sq(5) = 0.32142,	Sq(6) = 0.481012,	Sq(7) = 0.32142,	Sq(8) = 0.32142,	Sq(9) = 0.481012,	Sq(10) = 0.556818,	Sq(11) = 0.481012,	Sq(12) = 0.253316,	Sq(13) = 0.32142,	Sq(14) = 0.481012,	Sq(15) = 0.32142
The 1-th iteration is completed.	|| time cost : 0h 1m 31.285s
********************************************************************************************************************
Start the 2 rounds of NGS-ED iteration
	effective electronic model is modified as: kinetic energy t = 0.738626
	                                           effective interaction Vq = [-3.95349,-3.65233,-3.39234,-3.65233,-3.65233,-3.39234,-3.44175,-3.39234,-3.39234,-3.44175,-3.93516,-3.44175,-3.65233,-3.39234,-3.44175,-3.39234]
	PARPACK diagonalization completed after 30 matrix-vector product operations.
	iteration results: : total energy is -84.3137 | electron energy -84.6722 + phonon energy 0.358526 | electron momentum kIdx = 0
	Nq(0) = 16,	Nq(1) = 0.249473,	Nq(2) = 0.309132,	Nq(3) = 0.249473,	Nq(4) = 0.249473,	Nq(5) = 0.309132,	Nq(6) = 0.466057,	Nq(7) = 0.309132,	Nq(8) = 0.309132,	Nq(9) = 0.466057,	Nq(10) = 6.23617,	Nq(11) = 0.466057,	Nq(12) = 0.249473,	Nq(13) = 0.309132,	Nq(14) = 0.466057,	Nq(15) = 0.309132,	Sq(0) = -9.99272e-19,	Sq(1) = 0.228675,	Sq(2) = 0.303489,	Sq(3) = 0.228675,	Sq(4) = 0.228675,	Sq(5) = 0.303489,	Sq(6) = 0.446054,	Sq(7) = 0.303489,	Sq(8) = 0.303489,	Sq(9) = 0.446054,	Sq(10) = 0.527064,	Sq(11) = 0.446054,	Sq(12) = 0.228675,	Sq(13) = 0.303489,	Sq(14) = 0.446054,	Sq(15) = 0.303489
The 2-th iteration is completed.	|| time cost : 0h 1m 28.649s
********************************************************************************************************************
Start the 3 rounds of NGS-ED iteration
	effective electronic model is modified as: kinetic energy t = 0.732713
	                                           effective interaction Vq = [-3.98285,-3.67209,-3.41748,-3.67209,-3.67209,-3.41748,-3.46186,-3.41748,-3.41748,-3.46186, -3.9714,-3.46186,-3.67209,-3.41748,-3.46186,-3.41748]
	PARPACK diagonalization completed after 30 matrix-vector product operations.
	iteration results: : total energy is -84.9313 | electron energy -85.3426 + phonon energy 0.411308 | electron momentum kIdx = 0
	Nq(0) = 16,	Nq(1) = 0.239092,	Nq(2) = 0.302807,	Nq(3) = 0.239092,	Nq(4) = 0.239092,	Nq(5) = 0.302807,	Nq(6) = 0.453734,	Nq(7) = 0.302807,	Nq(8) = 0.302807,	Nq(9) = 0.453734,	Nq(10) = 6.51565,	Nq(11) = 0.453734,	Nq(12) = 0.239092,	Nq(13) = 0.302807,	Nq(14) = 0.453734,	Nq(15) = 0.302807,	Sq(0) = -1.59013e-18,	Sq(1) = 0.219169,	Sq(2) = 0.29596,	Sq(3) = 0.219169,	Sq(4) = 0.219169,	Sq(5) = 0.29596,	Sq(6) = 0.432317,	Sq(7) = 0.29596,	Sq(8) = 0.29596,	Sq(9) = 0.432317,	Sq(10) = 0.514508,	Sq(11) = 0.432317,	Sq(12) = 0.219169,	Sq(13) = 0.29596,	Sq(14) = 0.432317,	Sq(15) = 0.29596
The 3-th iteration is completed.	|| time cost : 0h 1m 28.622s
********************************************************************************************************************
Start the 4 rounds of NGS-ED iteration
	effective electronic model is modified as: kinetic energy t = 0.730504
	                                           effective interaction Vq = [-3.99365,-3.67518,-3.42638,-3.67518,-3.67518,-3.42638,-3.46631,-3.42638,-3.42638,-3.46631,-3.98463,-3.46631,-3.67518,-3.42638,-3.46631,-3.42638]
	PARPACK diagonalization completed after 30 matrix-vector product operations.
	iteration results: : total energy is -85.1446 | electron energy -85.5801 + phonon energy 0.435493 | electron momentum kIdx = 0
	Nq(0) = 16,	Nq(1) = 0.234626,	Nq(2) = 0.300083,	Nq(3) = 0.234626,	Nq(4) = 0.234626,	Nq(5) = 0.300083,	Nq(6) = 0.44824,	Nq(7) = 0.300083,	Nq(8) = 0.300083,	Nq(9) = 0.44824,	Nq(10) = 6.63248,	Nq(11) = 0.44824,	Nq(12) = 0.234626,	Nq(13) = 0.300083,	Nq(14) = 0.44824,	Nq(15) = 0.300083,	Sq(0) = -4.98097e-19,	Sq(1) = 0.215379,	Sq(2) = 0.292875,	Sq(3) = 0.215379,	Sq(4) = 0.215379,	Sq(5) = 0.292875,	Sq(6) = 0.426852,	Sq(7) = 0.292875,	Sq(8) = 0.292875,	Sq(9) = 0.426852,	Sq(10) = 0.509388,	Sq(11) = 0.426852,	Sq(12) = 0.215379,	Sq(13) = 0.292875,	Sq(14) = 0.426852,	Sq(15) = 0.292875
The 4-th iteration is completed.	|| time cost : 0h 1m 34.786s
********************************************************************************************************************
Start the 5 rounds of NGS-ED iteration
	effective electronic model is modified as: kinetic energy t = 0.729801
	                                           effective interaction Vq = [-3.99762, -3.6736,-3.42911, -3.6736, -3.6736,-3.42911,-3.46579,-3.42911,-3.42911,-3.46579, -3.9898,-3.46579, -3.6736,-3.42911,-3.46579,-3.42911]
	PARPACK diagonalization completed after 30 matrix-vector product operations.
	iteration results: : total energy is -85.2187 | electron energy -85.665 + phonon energy 0.446274 | electron momentum kIdx = 0
	Nq(0) = 16,	Nq(1) = 0.232458,	Nq(2) = 0.298778,	Nq(3) = 0.232458,	Nq(4) = 0.232458,	Nq(5) = 0.298778,	Nq(6) = 0.445483,	Nq(7) = 0.298778,	Nq(8) = 0.298778,	Nq(9) = 0.445483,	Nq(10) = 6.68682,	Nq(11) = 0.445483,	Nq(12) = 0.232458,	Nq(13) = 0.298778,	Nq(14) = 0.445483,	Nq(15) = 0.298778,	Sq(0) = -2.86312e-18,	Sq(1) = 0.213693,	Sq(2) = 0.291498,	Sq(3) = 0.213693,	Sq(4) = 0.213693,	Sq(5) = 0.291498,	Sq(6) = 0.424464,	Sq(7) = 0.291498,	Sq(8) = 0.291498,	Sq(9) = 0.424464,	Sq(10) = 0.507136,	Sq(11) = 0.424464,	Sq(12) = 0.213693,	Sq(13) = 0.291498,	Sq(14) = 0.424464,	Sq(15) = 0.291498
The 5-th iteration is completed.	|| time cost : 0h 1m 31.613s
********************************************************************************************************************
Start the 6 rounds of NGS-ED iteration
	effective electronic model is modified as: kinetic energy t = 0.729683
	                                           effective interaction Vq = [-3.99909,-3.67114,-3.42952,-3.67114,-3.67114,-3.42952,-3.46396,-3.42952,-3.42952,-3.46396,-3.99198,-3.46396,-3.67114,-3.42952,-3.46396,-3.42952]
	PARPACK diagonalization completed after 30 matrix-vector product operations.
	iteration results: : total energy is -85.2448 | electron energy -85.6956 + phonon energy 0.450844 | electron momentum kIdx = 0
	Nq(0) = 16,	Nq(1) = 0.231268,	Nq(2) = 0.298064,	Nq(3) = 0.231268,	Nq(4) = 0.231268,	Nq(5) = 0.298064,	Nq(6) = 0.443916,	Nq(7) = 0.298064,	Nq(8) = 0.298064,	Nq(9) = 0.443916,	Nq(10) = 6.71538,	Nq(11) = 0.443916,	Nq(12) = 0.231268,	Nq(13) = 0.298064,	Nq(14) = 0.443916,	Nq(15) = 0.298064,	Sq(0) = -4.32239e-19,	Sq(1) = 0.212848,	Sq(2) = 0.290812,	Sq(3) = 0.212848,	Sq(4) = 0.212848,	Sq(5) = 0.290812,	Sq(6) = 0.423299,	Sq(7) = 0.290812,	Sq(8) = 0.290812,	Sq(9) = 0.423299,	Sq(10) = 0.506043,	Sq(11) = 0.423299,	Sq(12) = 0.212848,	Sq(13) = 0.290812,	Sq(14) = 0.423299,	Sq(15) = 0.290812
The 6-th iteration is completed.	|| time cost : 0h 1m 28.618s
********************************************************************************************************************
Start the 7 rounds of NGS-ED iteration
	effective electronic model is modified as: kinetic energy t = 0.729772
	                                           effective interaction Vq = [-3.99962,-3.66889,-3.42911,-3.66889,-3.66889,-3.42911,-3.46204,-3.42911,-3.42911,-3.46204,-3.99297,-3.46204,-3.66889,-3.42911,-3.46204,-3.42911]
	PARPACK diagonalization completed after 30 matrix-vector product operations.
	iteration results: : total energy is -85.254 | electron energy -85.7066 + phonon energy 0.452578 | electron momentum kIdx = 0
	Nq(0) = 16,	Nq(1) = 0.230556,	Nq(2) = 0.297634,	Nq(3) = 0.230556,	Nq(4) = 0.230556,	Nq(5) = 0.297634,	Nq(6) = 0.442948,	Nq(7) = 0.297634,	Nq(8) = 0.297634,	Nq(9) = 0.442948,	Nq(10) = 6.73186,	Nq(11) = 0.442948,	Nq(12) = 0.230556,	Nq(13) = 0.297634,	Nq(14) = 0.442948,	Nq(15) = 0.297634,	Sq(0) = -1.26866e-18,	Sq(1) = 0.212382,	Sq(2) = 0.290437,	Sq(3) = 0.212382,	Sq(4) = 0.212382,	Sq(5) = 0.290437,	Sq(6) = 0.422676,	Sq(7) = 0.290437,	Sq(8) = 0.290437,	Sq(9) = 0.422676,	Sq(10) = 0.505465,	Sq(11) = 0.422676,	Sq(12) = 0.212382,	Sq(13) = 0.290437,	Sq(14) = 0.422676,	Sq(15) = 0.290437
The 7-th iteration is completed.	|| time cost : 0h 1m 28.644s
********************************************************************************************************************
Start the 8 rounds of NGS-ED iteration
	effective electronic model is modified as: kinetic energy t = 0.729916
	                                           effective interaction Vq = [-3.99982,-3.66711,-3.42848,-3.66711,-3.66711,-3.42848, -3.4604,-3.42848,-3.42848, -3.4604,-3.99344, -3.4604,-3.66711,-3.42848, -3.4604,-3.42848]
	PARPACK diagonalization completed after 30 matrix-vector product operations.
	iteration results: : total energy is -85.2574 | electron energy -85.7105 + phonon energy 0.453069 | electron momentum kIdx = 0
	Nq(0) = 16,	Nq(1) = 0.230107,	Nq(2) = 0.297359,	Nq(3) = 0.230107,	Nq(4) = 0.230107,	Nq(5) = 0.297359,	Nq(6) = 0.442318,	Nq(7) = 0.297359,	Nq(8) = 0.297359,	Nq(9) = 0.442318,	Nq(10) = 6.742,	Nq(11) = 0.442318,	Nq(12) = 0.230107,	Nq(13) = 0.297359,	Nq(14) = 0.442318,	Nq(15) = 0.297359,	Sq(0) = -4.71584e-18,	Sq(1) = 0.212106,	Sq(2) = 0.290217,	Sq(3) = 0.212106,	Sq(4) = 0.212106,	Sq(5) = 0.290217,	Sq(6) = 0.42232,	Sq(7) = 0.290217,	Sq(8) = 0.290217,	Sq(9) = 0.42232,	Sq(10) = 0.50514,	Sq(11) = 0.42232,	Sq(12) = 0.212106,	Sq(13) = 0.290217,	Sq(14) = 0.42232,	Sq(15) = 0.290217
The 8-th iteration is completed.	|| time cost : 0h 1m 30.001s
********************************************************************************************************************
Start the 9 rounds of NGS-ED iteration
	effective electronic model is modified as: kinetic energy t = 0.730057
	                                           effective interaction Vq = [-3.99989,-3.66577,-3.42786,-3.66577,-3.66577,-3.42786,-3.45911,-3.42786,-3.42786,-3.45911,-3.99367,-3.45911,-3.66577,-3.42786,-3.45911,-3.42786]
	PARPACK diagonalization completed after 30 matrix-vector product operations.
	iteration results: : total energy is -85.2586 | electron energy -85.7117 + phonon energy 0.453056 | electron momentum kIdx = 0
	Nq(0) = 16,	Nq(1) = 0.229814,	Nq(2) = 0.297176,	Nq(3) = 0.229814,	Nq(4) = 0.229814,	Nq(5) = 0.297176,	Nq(6) = 0.441898,	Nq(7) = 0.297176,	Nq(8) = 0.297176,	Nq(9) = 0.441898,	Nq(10) = 6.74849,	Nq(11) = 0.441898,	Nq(12) = 0.229814,	Nq(13) = 0.297176,	Nq(14) = 0.441898,	Nq(15) = 0.297176,	Sq(0) = 5.51448e-18,	Sq(1) = 0.211934,	Sq(2) = 0.290083,	Sq(3) = 0.211934,	Sq(4) = 0.211934,	Sq(5) = 0.290083,	Sq(6) = 0.422106,	Sq(7) = 0.290083,	Sq(8) = 0.290083,	Sq(9) = 0.422106,	Sq(10) = 0.504948,	Sq(11) = 0.422106,	Sq(12) = 0.211934,	Sq(13) = 0.290083,	Sq(14) = 0.422106,	Sq(15) = 0.290083
The 9-th iteration is completed.	|| time cost : 0h 1m 28.631s
********************************************************************************************************************
Start the 10 rounds of NGS-ED iteration
	effective electronic model is modified as: kinetic energy t = 0.730174
	                                           effective interaction Vq = [-3.99992, -3.6648,-3.42734, -3.6648, -3.6648,-3.42734,-3.45813,-3.42734,-3.42734,-3.45813,-3.99378,-3.45813, -3.6648,-3.42734,-3.45813,-3.42734]
	PARPACK diagonalization completed after 30 matrix-vector product operations.
	iteration results: : total energy is -85.2591 | electron energy -85.7119 + phonon energy 0.452871 | electron momentum kIdx = 0
	Nq(0) = 16,	Nq(1) = 0.229619,	Nq(2) = 0.297052,	Nq(3) = 0.229619,	Nq(4) = 0.229619,	Nq(5) = 0.297052,	Nq(6) = 0.441612,	Nq(7) = 0.297052,	Nq(8) = 0.297052,	Nq(9) = 0.441612,	Nq(10) = 6.75277,	Nq(11) = 0.441612,	Nq(12) = 0.229619,	Nq(13) = 0.297052,	Nq(14) = 0.441612,	Nq(15) = 0.297052,	Sq(0) = -8.2975e-19,	Sq(1) = 0.211825,	Sq(2) = 0.289997,	Sq(3) = 0.211825,	Sq(4) = 0.211825,	Sq(5) = 0.289997,	Sq(6) = 0.421972,	Sq(7) = 0.289997,	Sq(8) = 0.289997,	Sq(9) = 0.421972,	Sq(10) = 0.50483,	Sq(11) = 0.421972,	Sq(12) = 0.211825,	Sq(13) = 0.289997,	Sq(14) = 0.421972,	Sq(15) = 0.289997
The 10-th iteration is completed.	|| time cost : 0h 1m 28.645s
********************************************************************************************************************
Start the 11 rounds of NGS-ED iteration
	effective electronic model is modified as: kinetic energy t = 0.730266
	                                           effective interaction Vq = [-3.99993,-3.66411,-3.42694,-3.66411,-3.66411,-3.42694,-3.45741,-3.42694,-3.42694,-3.45741,-3.99384,-3.45741,-3.66411,-3.42694,-3.45741,-3.42694]
	PARPACK diagonalization completed after 30 matrix-vector product operations.
	iteration results: : total energy is -85.2592 | electron energy -85.7119 + phonon energy 0.452656 | electron momentum kIdx = 0
	Nq(0) = 16,	Nq(1) = 0.229487,	Nq(2) = 0.296967,	Nq(3) = 0.229487,	Nq(4) = 0.229487,	Nq(5) = 0.296967,	Nq(6) = 0.441415,	Nq(7) = 0.296967,	Nq(8) = 0.296967,	Nq(9) = 0.441415,	Nq(10) = 6.75563,	Nq(11) = 0.441415,	Nq(12) = 0.229487,	Nq(13) = 0.296967,	Nq(14) = 0.441415,	Nq(15) = 0.296967,	Sq(0) = -1.2256e-18,	Sq(1) = 0.211752,	Sq(2) = 0.289941,	Sq(3) = 0.211752,	Sq(4) = 0.211752,	Sq(5) = 0.289941,	Sq(6) = 0.421886,	Sq(7) = 0.289941,	Sq(8) = 0.289941,	Sq(9) = 0.421886,	Sq(10) = 0.504755,	Sq(11) = 0.421886,	Sq(12) = 0.211752,	Sq(13) = 0.289941,	Sq(14) = 0.421886,	Sq(15) = 0.289941
The 11-th iteration is completed.	|| time cost : 0h 1m 35.13s
********************************************************************************************************************
Start the 12 rounds of NGS-ED iteration
	effective electronic model is modified as: kinetic energy t = 0.730335
	                                           effective interaction Vq = [-3.99993,-3.66362,-3.42663,-3.66362,-3.66362,-3.42663,-3.45689,-3.42663,-3.42663,-3.45689,-3.99387,-3.45689,-3.66362,-3.42663,-3.45689,-3.42663]
	PARPACK diagonalization completed after 30 matrix-vector product operations.
	iteration results: : total energy is -85.2593 | electron energy -85.7117 + phonon energy 0.452463 | electron momentum kIdx = 0
	Nq(0) = 16,	Nq(1) = 0.229397,	Nq(2) = 0.296908,	Nq(3) = 0.229397,	Nq(4) = 0.229397,	Nq(5) = 0.296908,	Nq(6) = 0.441279,	Nq(7) = 0.296908,	Nq(8) = 0.296908,	Nq(9) = 0.441279,	Nq(10) = 6.75758,	Nq(11) = 0.441279,	Nq(12) = 0.229397,	Nq(13) = 0.296908,	Nq(14) = 0.441279,	Nq(15) = 0.296908,	Sq(0) = 3.70361e-18,	Sq(1) = 0.211704,	Sq(2) = 0.289904,	Sq(3) = 0.211704,	Sq(4) = 0.211704,	Sq(5) = 0.289904,	Sq(6) = 0.421829,	Sq(7) = 0.289904,	Sq(8) = 0.289904,	Sq(9) = 0.421829,	Sq(10) = 0.504706,	Sq(11) = 0.421829,	Sq(12) = 0.211704,	Sq(13) = 0.289904,	Sq(14) = 0.421829,	Sq(15) = 0.289904
The 12-th iteration is completed.	|| time cost : 0h 1m 28.621s
********************************************************************************************************************
Start the 13 rounds of NGS-ED iteration
	effective electronic model is modified as: kinetic energy t = 0.730386
	                                           effective interaction Vq = [-3.99993,-3.66328,-3.42639,-3.66328,-3.66328,-3.42639,-3.45652,-3.42639,-3.42639,-3.45652,-3.99389,-3.45652,-3.66328,-3.42639,-3.45652,-3.42639]
	PARPACK diagonalization completed after 30 matrix-vector product operations.
	iteration results: : total energy is -85.2593 | electron energy -85.7116 + phonon energy 0.452306 | electron momentum kIdx = 0
	Nq(0) = 16,	Nq(1) = 0.229335,	Nq(2) = 0.296866,	Nq(3) = 0.229335,	Nq(4) = 0.229335,	Nq(5) = 0.296866,	Nq(6) = 0.441185,	Nq(7) = 0.296866,	Nq(8) = 0.296866,	Nq(9) = 0.441185,	Nq(10) = 6.75892,	Nq(11) = 0.441185,	Nq(12) = 0.229335,	Nq(13) = 0.296866,	Nq(14) = 0.441185,	Nq(15) = 0.296866,	Sq(0) = -9.75234e-19,	Sq(1) = 0.211671,	Sq(2) = 0.289879,	Sq(3) = 0.211671,	Sq(4) = 0.211671,	Sq(5) = 0.289879,	Sq(6) = 0.421792,	Sq(7) = 0.289879,	Sq(8) = 0.289879,	Sq(9) = 0.421792,	Sq(10) = 0.504674,	Sq(11) = 0.421792,	Sq(12) = 0.211671,	Sq(13) = 0.289879,	Sq(14) = 0.421792,	Sq(15) = 0.289879
The 13-th iteration is completed.	|| time cost : 0h 1m 28.632s
********************************************************************************************************************
Start the 14 rounds of NGS-ED iteration
	effective electronic model is modified as: kinetic energy t = 0.730423
	                                           effective interaction Vq = [-3.99994,-3.66303,-3.42623,-3.66303,-3.66303,-3.42623,-3.45625,-3.42623,-3.42623,-3.45625, -3.9939,-3.45625,-3.66303,-3.42623,-3.45625,-3.42623]
	PARPACK diagonalization completed after 30 matrix-vector product operations.
	iteration results: : total energy is -85.2593 | electron energy -85.7115 + phonon energy 0.452187 | electron momentum kIdx = 0
	Nq(0) = 16,	Nq(1) = 0.229293,	Nq(2) = 0.296838,	Nq(3) = 0.229293,	Nq(4) = 0.229293,	Nq(5) = 0.296838,	Nq(6) = 0.441119,	Nq(7) = 0.296838,	Nq(8) = 0.296838,	Nq(9) = 0.441119,	Nq(10) = 6.75984,	Nq(11) = 0.441119,	Nq(12) = 0.229293,	Nq(13) = 0.296838,	Nq(14) = 0.441119,	Nq(15) = 0.296838,	Sq(0) = -6.35699e-18,	Sq(1) = 0.211649,	Sq(2) = 0.289862,	Sq(3) = 0.211649,	Sq(4) = 0.211649,	Sq(5) = 0.289862,	Sq(6) = 0.421766,	Sq(7) = 0.289862,	Sq(8) = 0.289862,	Sq(9) = 0.421766,	Sq(10) = 0.504653,	Sq(11) = 0.421766,	Sq(12) = 0.211649,	Sq(13) = 0.289862,	Sq(14) = 0.421766,	Sq(15) = 0.289862
The 14-th iteration is completed.	|| time cost : 0h 1m 32.175s
********************************************************************************************************************
Start the 15 rounds of NGS-ED iteration
	effective electronic model is modified as: kinetic energy t = 0.730449
	                                           effective interaction Vq = [-3.99994,-3.66286, -3.4261,-3.66286,-3.66286, -3.4261,-3.45606, -3.4261, -3.4261,-3.45606, -3.9939,-3.45606,-3.66286, -3.4261,-3.45606, -3.4261]
	PARPACK diagonalization completed after 30 matrix-vector product operations.
	iteration results: : total energy is -85.2593 | electron energy -85.7114 + phonon energy 0.452098 | electron momentum kIdx = 0
	Nq(0) = 16,	Nq(1) = 0.229263,	Nq(2) = 0.296818,	Nq(3) = 0.229263,	Nq(4) = 0.229263,	Nq(5) = 0.296818,	Nq(6) = 0.441073,	Nq(7) = 0.296818,	Nq(8) = 0.296818,	Nq(9) = 0.441073,	Nq(10) = 6.76049,	Nq(11) = 0.441073,	Nq(12) = 0.229263,	Nq(13) = 0.296818,	Nq(14) = 0.441073,	Nq(15) = 0.296818,	Sq(0) = 2.10881e-18,	Sq(1) = 0.211633,	Sq(2) = 0.28985,	Sq(3) = 0.211633,	Sq(4) = 0.211633,	Sq(5) = 0.28985,	Sq(6) = 0.421748,	Sq(7) = 0.28985,	Sq(8) = 0.28985,	Sq(9) = 0.421748,	Sq(10) = 0.504638,	Sq(11) = 0.421748,	Sq(12) = 0.211633,	Sq(13) = 0.28985,	Sq(14) = 0.421748,	Sq(15) = 0.28985
