TACC:  Starting up job 1744448 
TACC:  Starting parallel tasks... 
SNEDics v3.4 Non-Gaussian ED ground state program		Start at Sun Oct 11 00:51:19 2020

parallized on 16 MPI threads  * 7 OpenMP threads = 112 total threads.
********************************************************************************************************************
********************************************************************************************************************

********************************************************************************************************************
System parameters and configurations
********************************************************************************************************************
Special program options are enabled: splitted diagonal Hamiltonian
********************************************************************************************************************
Read input file "model_params.in"
	Hubbard-Holstein model parameters : 	t = 1    U = 8    g = 0.03    W = 0.2    g' = 0.1    
********************************************************************************************************************
Read input file "hilbertspace_params.in"
	Requested 16-site 2D lattice, with 14 electrons (7, 7)
	Boundary : Periodic		Hilbert space representation : momentum-space (restricted to kIdx = 0)
	Conservation: particle number[U(1)]      spin[U(1)]     momentum
********************************************************************************************************************

Cluster Positions:				Cluster symmetry group : D4
 x ... x ... x ... x .....                       x ... x ... x ... x .....
 |           |           :                       |           |           :
 |           |           :                       |           |           :
12    13    14    15     x                       1     5     6     5     x
 |           |           :                       |           |           :
 |           |           :                       |           |           :
 8 --- 9 ---10 ---11 --- x                       2 --- 6 ---10 --- 6 --- x
 |           |           :                       |           |           :
 |           |           :                       |           |           :
 4     5     6     7     x                       1     5     6     5     x
 |           |           :                       |           |           :
 |           |           :                       |           |           :
 0 --- 1 --- 2 --- 3 --- x                       0 --- 1 --- 2 --- 1 --- x
orbital number : 1
********************************************************************************************************************
Read input file "obs_params.in"
	Observable Type : Nq(All),   Sq(All),   N(All),   Delta[s](All),   Delta[d](All),   Delta[s+](All)
********************************************************************************************************************
** WARNING ** the input observables have non-local factors which have been reinterpreted. The total observable number is 96
********************************************************************************************************************


********************************************************************************************************************
Start calculating the non-Gaussian ED ground state
** WARNING ** Detected low phonon energy W < 10. The initial state will be prepared through a warm-up process.
********************************************************************************************************************
Start warm-up calculation for scaling factor 64
open output files: NGSEDWarmUpW12.8Obs.txt
********************************************************************************************************************
Start the 0 rounds of NGS-ED iteration
	effective electronic model is modified as: kinetic energy t = 1
	                                           effective interaction Vq = [0,0,0,0,0,0,0,0,0,0,0,0,0,0,0,0]
	first Hamiltonian is constructed, non-zero numbers = 2178478298
	PARPACK diagonalization completed after 165 matrix-vector product operations.
	iteration results: : total energy is -11.868836 | electron energy -11.868836 + phonon energy 0.000000 | electron momentum kIdx = 0
	Nq(0) = 12.25,	Nq(1) = 0.154193,	Nq(2) = 0.185311,	Nq(3) = 0.154193,	Nq(4) = 0.154193,	Nq(5) = 0.203281,	Nq(6) = 0.235634,	Nq(7) = 0.203281,	Nq(8) = 0.185311,	Nq(9) = 0.235634,	Nq(10) = 0.275446,	Nq(11) = 0.235634,	Nq(12) = 0.154193,	Nq(13) = 0.203281,	Nq(14) = 0.235634,	Nq(15) = 0.203281,	Sq(0) = 1.11096e-18,	Sq(1) = 0.474292,	Sq(2) = 0.766364,	Sq(3) = 0.474292,	Sq(4) = 0.474292,	Sq(5) = 0.630724,	Sq(6) = 1.05279,	Sq(7) = 0.630724,	Sq(8) = 0.766364,	Sq(9) = 1.05279,	Sq(10) = 2.56755,	Sq(11) = 1.05279,	Sq(12) = 0.474292,	Sq(13) = 0.630724,	Sq(14) = 1.05279,	Sq(15) = 0.630724,	N(0) = 1.75464,	N(1) = 1.59086,	N(2) = 0.323321,	N(3) = 1.59086,	N(4) = 1.59086,	N(5) = 0.999881,	N(6) = 0.267546,	N(7) = 0.999881,	N(8) = 0.323321,	N(9) = 0.267546,	N(10) = 0.165565,	N(11) = 0.267546,	N(12) = 1.59086,	N(13) = 0.999881,	N(14) = 0.267546,	N(15) = 0.999881,	Delta[s](0) = 0.0787081,	Delta[s](1) = 0.0589513,	Delta[s](2) = 0.0354365,	Delta[s](3) = 0.0589513,	Delta[s](4) = 0.0589513,	Delta[s](5) = 0.0422743,	Delta[s](6) = 0.0197694,	Delta[s](7) = 0.0422743,	Delta[s](8) = 0.0354365,	Delta[s](9) = 0.0197694,	Delta[s](10) = 0.000688462,	Delta[s](11) = 0.0197694,	Delta[s](12) = 0.0589513,	Delta[s](13) = 0.0422743,	Delta[s](14) = 0.0197694,	Delta[s](15) = 0.0422743,	Delta[d](0) = 0.277798,	Delta[d](1) = 0.191443,	Delta[d](2) = 0.201124,	Delta[d](3) = 0.191443,	Delta[d](4) = 0.191443,	Delta[d](5) = 0.177962,	Delta[d](6) = 0.133573,	Delta[d](7) = 0.177962,	Delta[d](8) = 0.201124,	Delta[d](9) = 0.133573,	Delta[d](10) = 0.0539346,	Delta[d](11) = 0.133573,	Delta[d](12) = 0.191443,	Delta[d](13) = 0.177962,	Delta[d](14) = 0.133573,	Delta[d](15) = 0.177962,	Delta[s+](0) = 0.563601,	Delta[s+](1) = 0.41971,	Delta[s+](2) = 0.201124,	Delta[s+](3) = 0.41971,	Delta[s+](4) = 0.41971,	Delta[s+](5) = 0.293396,	Delta[s+](6) = 0.127135,	Delta[s+](7) = 0.293396,	Delta[s+](8) = 0.201124,	Delta[s+](9) = 0.127135,	Delta[s+](10) = 0.0386537,	Delta[s+](11) = 0.127135,	Delta[s+](12) = 0.41971,	Delta[s+](13) = 0.293396,	Delta[s+](14) = 0.127135,	Delta[s+](15) = 0.293396
The 0-th iteration is completed.	|| time cost : 0h 6m 29.553s
********************************************************************************************************************
Start the 1 rounds of NGS-ED iteration
	effective electronic model is modified as: kinetic energy t = 0.995608
	                                           effective interaction Vq = [  -0.853032,  -0.228931,-0.00371823,  -0.228931,  -0.228931,-0.00375727,  -0.116873,-0.00375727,-0.00371823,  -0.116873,  -0.542931,  -0.116873,  -0.228931,-0.00375727,  -0.116873,-0.00375727]
	PARPACK diagonalization completed after 60 matrix-vector product operations.
	iteration results: : total energy is -22.655597 | electron energy -22.655642 + phonon energy 0.000046 | electron momentum kIdx = 0
The 1-th iteration is completed.	|| time cost : 0h 5m 16.163s
********************************************************************************************************************
Start the 2 rounds of NGS-ED iteration
	effective electronic model is modified as: kinetic energy t = 0.994118
	                                           effective interaction Vq = [  -0.918975,  -0.249262,-0.00402306,  -0.249262,  -0.249262,-0.00407157,  -0.126221,-0.00407157,-0.00402306,  -0.126221,  -0.588031,  -0.126221,  -0.249262,-0.00407157,  -0.126221,-0.00407157]
	PARPACK diagonalization completed after 45 matrix-vector product operations.
	iteration results: : total energy is -23.473041 | electron energy -23.473196 + phonon energy 0.000155 | electron momentum kIdx = 0
The 2-th iteration is completed.	|| time cost : 0h 0m 24.357s
********************************************************************************************************************
Start the 3 rounds of NGS-ED iteration
	effective electronic model is modified as: kinetic energy t = 0.993856
	                                           effective interaction Vq = [  -0.924073,   -0.25231,-0.00406409,   -0.25231,   -0.25231,-0.00411513,  -0.127416,-0.00411513,-0.00406409,  -0.127416,  -0.593863,  -0.127416,   -0.25231,-0.00411513,  -0.127416,-0.00411513]
	PARPACK diagonalization completed after 45 matrix-vector product operations.
	iteration results: : total energy is -23.535789 | electron energy -23.535981 + phonon energy 0.000192 | electron momentum kIdx = 0
The 3-th iteration is completed.	|| time cost : 0h 0m 24.37s
********************************************************************************************************************
Start the 4 rounds of NGS-ED iteration
	effective electronic model is modified as: kinetic energy t = 0.993812
	                                           effective interaction Vq = [  -0.924467,  -0.252878,-0.00407036,  -0.252878,  -0.252878,-0.00412209,  -0.127586,-0.00412209,-0.00407036,  -0.127586,  -0.594697,  -0.127586,  -0.252878,-0.00412209,  -0.127586,-0.00412209]
	PARPACK diagonalization completed after 30 matrix-vector product operations.
	iteration results: : total energy is -23.540627 | electron energy -23.540826 + phonon energy 0.000199 | electron momentum kIdx = 0
The 4-th iteration is completed.	|| time cost : 0h 0m 21.544s
********************************************************************************************************************
Start the 5 rounds of NGS-ED iteration
	effective electronic model is modified as: kinetic energy t = 0.993805
	                                           effective interaction Vq = [  -0.924497,   -0.25299,-0.00407135,   -0.25299,   -0.25299,-0.00412323,  -0.127611,-0.00412323,-0.00407135,  -0.127611,  -0.594818,  -0.127611,   -0.25299,-0.00412323,  -0.127611,-0.00412323]
	PARPACK diagonalization completed after 30 matrix-vector product operations.
	iteration results: : total energy is -23.541001 | electron energy -23.541201 + phonon energy 0.000200 | electron momentum kIdx = 0
The 5-th iteration is completed.	|| time cost : 0h 0m 21.569s
********************************************************************************************************************
Start the 6 rounds of NGS-ED iteration
	effective electronic model is modified as: kinetic energy t = 0.993803
	                                           effective interaction Vq = [    -0.9245,  -0.253013, -0.0040715,  -0.253013,  -0.253013,-0.00412341,  -0.127614,-0.00412341, -0.0040715,  -0.127614,  -0.594836,  -0.127614,  -0.253013,-0.00412341,  -0.127614,-0.00412341]
	PARPACK diagonalization completed after 30 matrix-vector product operations.
	iteration results: : total energy is -23.541029 | electron energy -23.541230 + phonon energy 0.000200 | electron momentum kIdx = 0
	Nq(0) = 12.25,	Nq(1) = 0.158183,	Nq(2) = 0.186767,	Nq(3) = 0.158183,	Nq(4) = 0.158183,	Nq(5) = 0.204789,	Nq(6) = 0.240433,	Nq(7) = 0.204789,	Nq(8) = 0.186767,	Nq(9) = 0.240433,	Nq(10) = 0.291796,	Nq(11) = 0.240433,	Nq(12) = 0.158183,	Nq(13) = 0.204789,	Nq(14) = 0.240433,	Nq(15) = 0.204789,	Sq(0) = 5.26732e-18,	Sq(1) = 0.472544,	Sq(2) = 0.761943,	Sq(3) = 0.472544,	Sq(4) = 0.472544,	Sq(5) = 0.627334,	Sq(6) = 1.04904,	Sq(7) = 0.627334,	Sq(8) = 0.761943,	Sq(9) = 1.04904,	Sq(10) = 2.5515,	Sq(11) = 1.04904,	Sq(12) = 0.472544,	Sq(13) = 0.627334,	Sq(14) = 1.04904,	Sq(15) = 0.627334,	N(0) = 1.76312,	N(1) = 1.60367,	N(2) = 0.317364,	N(3) = 1.60367,	N(4) = 1.60367,	N(5) = 0.998617,	N(6) = 0.258395,	N(7) = 0.998617,	N(8) = 0.317364,	N(9) = 0.258395,	N(10) = 0.159412,	N(11) = 0.258395,	N(12) = 1.60367,	N(13) = 0.998617,	N(14) = 0.258395,	N(15) = 0.998617,	Delta[s](0) = 0.0819116,	Delta[s](1) = 0.061504,	Delta[s](2) = 0.0372418,	Delta[s](3) = 0.061504,	Delta[s](4) = 0.061504,	Delta[s](5) = 0.0442823,	Delta[s](6) = 0.0209732,	Delta[s](7) = 0.0442823,	Delta[s](8) = 0.0372418,	Delta[s](9) = 0.0209732,	Delta[s](10) = 0.00104125,	Delta[s](11) = 0.0209732,	Delta[s](12) = 0.061504,	Delta[s](13) = 0.0442823,	Delta[s](14) = 0.0209732,	Delta[s](15) = 0.0442823,	Delta[d](0) = 0.282417,	Delta[d](1) = 0.192161,	Delta[d](2) = 0.201775,	Delta[d](3) = 0.192161,	Delta[d](4) = 0.192161,	Delta[d](5) = 0.178806,	Delta[d](6) = 0.133492,	Delta[d](7) = 0.178806,	Delta[d](8) = 0.201775,	Delta[d](9) = 0.133492,	Delta[d](10) = 0.0538185,	Delta[d](11) = 0.133492,	Delta[d](12) = 0.192161,	Delta[d](13) = 0.178806,	Delta[d](14) = 0.133492,	Delta[d](15) = 0.178806,	Delta[s+](0) = 0.567916,	Delta[s+](1) = 0.423085,	Delta[s+](2) = 0.201775,	Delta[s+](3) = 0.423085,	Delta[s+](4) = 0.423085,	Delta[s+](5) = 0.295369,	Delta[s+](6) = 0.127238,	Delta[s+](7) = 0.295369,	Delta[s+](8) = 0.201775,	Delta[s+](9) = 0.127238,	Delta[s+](10) = 0.0382212,	Delta[s+](11) = 0.127238,	Delta[s+](12) = 0.423085,	Delta[s+](13) = 0.295369,	Delta[s+](14) = 0.127238,	Delta[s+](15) = 0.295369
The 6-th iteration is completed.	|| time cost : 0h 3m 58.812s
********************************************************************************************************************
********************************************************************************************************************
Ground state is obtained after 7 iterations. The current ground-state energy is -23.541, in which electron energy is -23.5412 and phonon energy is 0.000200168
final variational state is: 
	Gamma_x = [      1,1.00108,1.00003,1.00108,1.00108,1.00003,1.00122,1.00003,1.00003,1.00122,1.00723,1.00122,1.00108,1.00003,1.00122,1.00003]
	lambda_q = [  0.268715,  0.113798, 0.0129643,  0.113798,  0.113798, 0.0133261,-0.0699297, 0.0133261, 0.0129643,-0.0699297, -0.147555,-0.0699297,  0.113798, 0.0133261,-0.0699297, 0.0133261]
The effective e-e interactions mediated by phonons are: [    0.9245,  0.253017,0.00407152,  0.253017,  0.253017,0.00412344,  0.127615,0.00412344,0.00407152,  0.127615,  0.594839,  0.127615,  0.253017,0.00412344,  0.127615,0.00412344]
The real-space interactions mediated by phonons are: [  -3.0665,-0.666539,-0.422537,  -1.2703,-0.580466, -1.40603,-0.422537,-0.338847, -1.51099,-0.338847,-0.422537, -1.40603,-0.580466,  -1.2703,-0.422537,-0.666539]
********************************************************************************************************************
o___o  ----------------------------------------
| L |	Time since last clock: 0h 0m 0s
A===A	Time since the beginning: 0h 17m 16.373s
***********************************************

********************************************************************************************************************
Start warm-up calculation for scaling factor 32
open output files: NGSEDWarmUpW6.4Obs.txt
********************************************************************************************************************
Start the 0 rounds of NGS-ED iteration
	effective electronic model is modified as: kinetic energy t = 0.993803
	                                           effective interaction Vq = [  -0.845141,   -0.21324,-0.00332456,   -0.21324,   -0.21324,-0.00338649,  -0.103201,-0.00338649,-0.00332456,  -0.103201,  -0.478333,  -0.103201,   -0.21324,-0.00338649,  -0.103201,-0.00338649]
	PARPACK diagonalization completed after 60 matrix-vector product operations.
	iteration results: : total energy is -22.485791 | electron energy -22.485891 + phonon energy 0.000100 | electron momentum kIdx = 0
	Nq(0) = 12.25,	Nq(1) = 0.157436,	Nq(2) = 0.186332,	Nq(3) = 0.157436,	Nq(4) = 0.157436,	Nq(5) = 0.204305,	Nq(6) = 0.239283,	Nq(7) = 0.204305,	Nq(8) = 0.186332,	Nq(9) = 0.239283,	Nq(10) = 0.288153,	Nq(11) = 0.239283,	Nq(12) = 0.157436,	Nq(13) = 0.204305,	Nq(14) = 0.239283,	Nq(15) = 0.204305,	Sq(0) = -1.74615e-18,	Sq(1) = 0.47275,	Sq(2) = 0.762932,	Sq(3) = 0.47275,	Sq(4) = 0.47275,	Sq(5) = 0.628049,	Sq(6) = 1.05029,	Sq(7) = 0.628049,	Sq(8) = 0.762932,	Sq(9) = 1.05029,	Sq(10) = 2.55485,	Sq(11) = 1.05029,	Sq(12) = 0.47275,	Sq(13) = 0.628049,	Sq(14) = 1.05029,	Sq(15) = 0.628049,	N(0) = 1.76116,	N(1) = 1.60076,	N(2) = 0.31896,	N(3) = 1.60076,	N(4) = 1.60076,	N(5) = 0.998824,	N(6) = 0.260429,	N(7) = 0.998824,	N(8) = 0.31896,	N(9) = 0.260429,	N(10) = 0.160874,	N(11) = 0.260429,	N(12) = 1.60076,	N(13) = 0.998824,	N(14) = 0.260429,	N(15) = 0.998824,	Delta[s](0) = 0.0810067,	Delta[s](1) = 0.0608338,	Delta[s](2) = 0.0368405,	Delta[s](3) = 0.0608338,	Delta[s](4) = 0.0608338,	Delta[s](5) = 0.0438019,	Delta[s](6) = 0.020776,	Delta[s](7) = 0.0438019,	Delta[s](8) = 0.0368405,	Delta[s](9) = 0.020776,	Delta[s](10) = 0.00112267,	Delta[s](11) = 0.020776,	Delta[s](12) = 0.0608338,	Delta[s](13) = 0.0438019,	Delta[s](14) = 0.020776,	Delta[s](15) = 0.0438019,	Delta[d](0) = 0.28461,	Delta[d](1) = 0.19433,	Delta[d](2) = 0.203881,	Delta[d](3) = 0.19433,	Delta[d](4) = 0.19433,	Delta[d](5) = 0.180691,	Delta[d](6) = 0.135078,	Delta[d](7) = 0.180691,	Delta[d](8) = 0.203881,	Delta[d](9) = 0.135078,	Delta[d](10) = 0.0545651,	Delta[d](11) = 0.135078,	Delta[d](12) = 0.19433,	Delta[d](13) = 0.180691,	Delta[d](14) = 0.135078,	Delta[d](15) = 0.180691,	Delta[s+](0) = 0.572829,	Delta[s+](1) = 0.42674,	Delta[s+](2) = 0.203881,	Delta[s+](3) = 0.42674,	Delta[s+](4) = 0.42674,	Delta[s+](5) = 0.298044,	Delta[s+](6) = 0.128681,	Delta[s+](7) = 0.298044,	Delta[s+](8) = 0.203881,	Delta[s+](9) = 0.128681,	Delta[s+](10) = 0.0388456,	Delta[s+](11) = 0.128681,	Delta[s+](12) = 0.42674,	Delta[s+](13) = 0.298044,	Delta[s+](14) = 0.128681,	Delta[s+](15) = 0.298044
The 0-th iteration is completed.	|| time cost : 0h 4m 5.289s
********************************************************************************************************************
Start the 1 rounds of NGS-ED iteration
	effective electronic model is modified as: kinetic energy t = 0.993165
	                                           effective interaction Vq = [  -0.902435,  -0.226151,-0.00344949,  -0.226151,  -0.226151,-0.00353203,  -0.105966,-0.00353203,-0.00344949,  -0.105966,  -0.487268,  -0.105966,  -0.226151,-0.00353203,  -0.105966,-0.00353203]
	PARPACK diagonalization completed after 45 matrix-vector product operations.
	iteration results: : total energy is -23.190012 | electron energy -23.190329 + phonon energy 0.000318 | electron momentum kIdx = 0
The 1-th iteration is completed.	|| time cost : 0h 0m 24.383s
********************************************************************************************************************
Start the 2 rounds of NGS-ED iteration
	effective electronic model is modified as: kinetic energy t = 0.992936
	                                           effective interaction Vq = [  -0.918365,   -0.23057,-0.00348544,   -0.23057,   -0.23057,-0.00357553,  -0.106721,-0.00357553,-0.00348544,  -0.106721,  -0.489994,  -0.106721,   -0.23057,-0.00357553,  -0.106721,-0.00357553]
	PARPACK diagonalization completed after 45 matrix-vector product operations.
	iteration results: : total energy is -23.385476 | electron energy -23.385896 + phonon energy 0.000420 | electron momentum kIdx = 0
The 2-th iteration is completed.	|| time cost : 0h 0m 24.375s
********************************************************************************************************************
Start the 3 rounds of NGS-ED iteration
	effective electronic model is modified as: kinetic energy t = 0.992855
	                                           effective interaction Vq = [  -0.922794,   -0.23218,-0.00349606,   -0.23218,   -0.23218,-0.00358896,  -0.106931,-0.00358896,-0.00349606,  -0.106931,  -0.490839,  -0.106931,   -0.23218,-0.00358896,  -0.106931,-0.00358896]
	PARPACK diagonalization completed after 45 matrix-vector product operations.
	iteration results: : total energy is -23.439778 | electron energy -23.440237 + phonon energy 0.000459 | electron momentum kIdx = 0
The 3-th iteration is completed.	|| time cost : 0h 0m 24.398s
********************************************************************************************************************
Start the 4 rounds of NGS-ED iteration
	effective electronic model is modified as: kinetic energy t = 0.992826
	                                           effective interaction Vq = [  -0.924026,  -0.232783,-0.00349923,  -0.232783,  -0.232783,-0.00359315,   -0.10699,-0.00359315,-0.00349923,   -0.10699,  -0.491103,   -0.10699,  -0.232783,-0.00359315,   -0.10699,-0.00359315]
	PARPACK diagonalization completed after 45 matrix-vector product operations.
	iteration results: : total energy is -23.454869 | electron energy -23.455342 + phonon energy 0.000473 | electron momentum kIdx = 0
The 4-th iteration is completed.	|| time cost : 0h 0m 24.367s
********************************************************************************************************************
Start the 5 rounds of NGS-ED iteration
	effective electronic model is modified as: kinetic energy t = 0.992815
	                                           effective interaction Vq = [  -0.924368,  -0.233011,-0.00350017,  -0.233011,  -0.233011,-0.00359446,  -0.107007,-0.00359446,-0.00350017,  -0.107007,  -0.491186,  -0.107007,  -0.233011,-0.00359446,  -0.107007,-0.00359446]
	PARPACK diagonalization completed after 30 matrix-vector product operations.
	iteration results: : total energy is -23.459065 | electron energy -23.459542 + phonon energy 0.000477 | electron momentum kIdx = 0
The 5-th iteration is completed.	|| time cost : 0h 0m 21.56s
********************************************************************************************************************
Start the 6 rounds of NGS-ED iteration
	effective electronic model is modified as: kinetic energy t = 0.992811
	                                           effective interaction Vq = [  -0.924463,  -0.233097,-0.00350046,  -0.233097,  -0.233097,-0.00359487,  -0.107012,-0.00359487,-0.00350046,  -0.107012,  -0.491212,  -0.107012,  -0.233097,-0.00359487,  -0.107012,-0.00359487]
	PARPACK diagonalization completed after 30 matrix-vector product operations.
	iteration results: : total energy is -23.460231 | electron energy -23.460710 + phonon energy 0.000479 | electron momentum kIdx = 0
The 6-th iteration is completed.	|| time cost : 0h 0m 21.559s
********************************************************************************************************************
Start the 7 rounds of NGS-ED iteration
	effective electronic model is modified as: kinetic energy t = 0.99281
	                                           effective interaction Vq = [   -0.92449,   -0.23313,-0.00350054,   -0.23313,   -0.23313,  -0.003595,  -0.107013,  -0.003595,-0.00350054,  -0.107013,  -0.491221,  -0.107013,   -0.23313,  -0.003595,  -0.107013,  -0.003595]
	PARPACK diagonalization completed after 30 matrix-vector product operations.
	iteration results: : total energy is -23.460555 | electron energy -23.461035 + phonon energy 0.000479 | electron momentum kIdx = 0
The 7-th iteration is completed.	|| time cost : 0h 0m 21.574s
********************************************************************************************************************
Start the 8 rounds of NGS-ED iteration
	effective electronic model is modified as: kinetic energy t = 0.992809
	                                           effective interaction Vq = [  -0.924497,  -0.233143,-0.00350057,  -0.233143,  -0.233143,-0.00359504,  -0.107013,-0.00359504,-0.00350057,  -0.107013,  -0.491223,  -0.107013,  -0.233143,-0.00359504,  -0.107013,-0.00359504]
	PARPACK diagonalization completed after 30 matrix-vector product operations.
	iteration results: : total energy is -23.460645 | electron energy -23.461125 + phonon energy 0.000480 | electron momentum kIdx = 0
	Nq(0) = 12.25,	Nq(1) = 0.157673,	Nq(2) = 0.186288,	Nq(3) = 0.157673,	Nq(4) = 0.157673,	Nq(5) = 0.204223,	Nq(6) = 0.239303,	Nq(7) = 0.204223,	Nq(8) = 0.186288,	Nq(9) = 0.239303,	Nq(10) = 0.288421,	Nq(11) = 0.239303,	Nq(12) = 0.157673,	Nq(13) = 0.204223,	Nq(14) = 0.239303,	Nq(15) = 0.204223,	Sq(0) = 1.26598e-18,	Sq(1) = 0.472548,	Sq(2) = 0.762842,	Sq(3) = 0.472548,	Sq(4) = 0.472548,	Sq(5) = 0.627955,	Sq(6) = 1.05054,	Sq(7) = 0.627955,	Sq(8) = 0.762842,	Sq(9) = 1.05054,	Sq(10) = 2.55435,	Sq(11) = 1.05054,	Sq(12) = 0.472548,	Sq(13) = 0.627955,	Sq(14) = 1.05054,	Sq(15) = 0.627955,	N(0) = 1.76123,	N(1) = 1.60097,	N(2) = 0.31903,	N(3) = 1.60097,	N(4) = 1.60097,	N(5) = 0.998716,	N(6) = 0.260276,	N(7) = 0.998716,	N(8) = 0.31903,	N(9) = 0.260276,	N(10) = 0.160874,	N(11) = 0.260276,	N(12) = 1.60097,	N(13) = 0.998716,	N(14) = 0.260276,	N(15) = 0.998716,	Delta[s](0) = 0.0810023,	Delta[s](1) = 0.0608467,	Delta[s](2) = 0.036872,	Delta[s](3) = 0.0608467,	Delta[s](4) = 0.0608467,	Delta[s](5) = 0.043826,	Delta[s](6) = 0.0208193,	Delta[s](7) = 0.043826,	Delta[s](8) = 0.036872,	Delta[s](9) = 0.0208193,	Delta[s](10) = 0.0011815,	Delta[s](11) = 0.0208193,	Delta[s](12) = 0.0608467,	Delta[s](13) = 0.043826,	Delta[s](14) = 0.0208193,	Delta[s](15) = 0.043826,	Delta[d](0) = 0.288106,	Delta[d](1) = 0.196605,	Delta[d](2) = 0.20616,	Delta[d](3) = 0.196605,	Delta[d](4) = 0.196605,	Delta[d](5) = 0.182758,	Delta[d](6) = 0.1366,	Delta[d](7) = 0.182758,	Delta[d](8) = 0.20616,	Delta[d](9) = 0.1366,	Delta[d](10) = 0.055244,	Delta[d](11) = 0.1366,	Delta[d](12) = 0.196605,	Delta[d](13) = 0.182758,	Delta[d](14) = 0.1366,	Delta[d](15) = 0.182758,	Delta[s+](0) = 0.579066,	Delta[s+](1) = 0.431399,	Delta[s+](2) = 0.20616,	Delta[s+](3) = 0.431399,	Delta[s+](4) = 0.431399,	Delta[s+](5) = 0.301295,	Delta[s+](6) = 0.130123,	Delta[s+](7) = 0.301295,	Delta[s+](8) = 0.20616,	Delta[s+](9) = 0.130123,	Delta[s+](10) = 0.0393099,	Delta[s+](11) = 0.130123,	Delta[s+](12) = 0.431399,	Delta[s+](13) = 0.301295,	Delta[s+](14) = 0.130123,	Delta[s+](15) = 0.301295
The 8-th iteration is completed.	|| time cost : 0h 4m 1.482s
********************************************************************************************************************
********************************************************************************************************************
Ground state is obtained after 9 iterations. The current ground-state energy is -23.4606, in which electron energy is -23.4611 and phonon energy is 0.00047963
final variational state is: 
	Gamma_x = [      1,1.00295,1.00007,1.00295,1.00295,1.00007, 1.0027,1.00007,1.00007, 1.0027,1.01548, 1.0027,1.00295,1.00007, 1.0027,1.00007]
	lambda_q = [  0.379719,  0.133301, 0.0140201,  0.133301,  0.133301, 0.0146254,-0.0737275, 0.0146254, 0.0140201,-0.0737275, -0.153257,-0.0737275,  0.133301, 0.0146254,-0.0737275, 0.0146254]
The effective e-e interactions mediated by phonons are: [  0.924499,  0.233147,0.00350058,  0.233147,  0.233147,0.00359505,  0.107014,0.00359505,0.00350058,  0.107014,  0.491224,  0.107014,  0.233147,0.00359505,  0.107014,0.00359505]
The real-space interactions mediated by phonons are: [ -2.79775,-0.740928,-0.461705, -1.19761,-0.685543, -1.33413,-0.461705,-0.411324, -1.40834,-0.411324,-0.461705, -1.33413,-0.685543, -1.19761,-0.461705,-0.740928]
********************************************************************************************************************
o___o  ----------------------------------------
| L |	Time since last clock: 0h 0m 0s
A===A	Time since the beginning: 0h 28m 5.365s
***********************************************

********************************************************************************************************************
Start warm-up calculation for scaling factor 16
open output files: NGSEDWarmUpW3.2Obs.txt
********************************************************************************************************************
Start the 0 rounds of NGS-ED iteration
	effective electronic model is modified as: kinetic energy t = 0.992809
	                                           effective interaction Vq = [  -0.844837,  -0.188413,-0.00273582,  -0.188413,  -0.188413,-0.00282561,  -0.082875,-0.00282561,-0.00273582,  -0.082875,  -0.378481,  -0.082875,  -0.188413,-0.00282561,  -0.082875,-0.00282561]
	PARPACK diagonalization completed after 60 matrix-vector product operations.
	iteration results: : total energy is -22.400615 | electron energy -22.400855 + phonon energy 0.000240 | electron momentum kIdx = 0
	Nq(0) = 12.25,	Nq(1) = 0.156869,	Nq(2) = 0.185864,	Nq(3) = 0.156869,	Nq(4) = 0.156869,	Nq(5) = 0.203759,	Nq(6) = 0.238178,	Nq(7) = 0.203759,	Nq(8) = 0.185864,	Nq(9) = 0.238178,	Nq(10) = 0.284967,	Nq(11) = 0.238178,	Nq(12) = 0.156869,	Nq(13) = 0.203759,	Nq(14) = 0.238178,	Nq(15) = 0.203759,	Sq(0) = 9.29982e-19,	Sq(1) = 0.472817,	Sq(2) = 0.763832,	Sq(3) = 0.472817,	Sq(4) = 0.472817,	Sq(5) = 0.628679,	Sq(6) = 1.0517,	Sq(7) = 0.628679,	Sq(8) = 0.763832,	Sq(9) = 1.0517,	Sq(10) = 2.55762,	Sq(11) = 1.0517,	Sq(12) = 0.472817,	Sq(13) = 0.628679,	Sq(14) = 1.0517,	Sq(15) = 0.628679,	N(0) = 1.75927,	N(1) = 1.59804,	N(2) = 0.32063,	N(3) = 1.59804,	N(4) = 1.59804,	N(5) = 0.998949,	N(6) = 0.262302,	N(7) = 0.998949,	N(8) = 0.32063,	N(9) = 0.262302,	N(10) = 0.162311,	N(11) = 0.262302,	N(12) = 1.59804,	N(13) = 0.998949,	N(14) = 0.262302,	N(15) = 0.998949,	Delta[s](0) = 0.0802668,	Delta[s](1) = 0.060262,	Delta[s](2) = 0.0364666,	Delta[s](3) = 0.060262,	Delta[s](4) = 0.060262,	Delta[s](5) = 0.0433585,	Delta[s](6) = 0.0205442,	Delta[s](7) = 0.0433585,	Delta[s](8) = 0.0364666,	Delta[s](9) = 0.0205442,	Delta[s](10) = 0.00110321,	Delta[s](11) = 0.0205442,	Delta[s](12) = 0.060262,	Delta[s](13) = 0.0433585,	Delta[s](14) = 0.0205442,	Delta[s](15) = 0.0433585,	Delta[d](0) = 0.290651,	Delta[d](1) = 0.198943,	Delta[d](2) = 0.208519,	Delta[d](3) = 0.198943,	Delta[d](4) = 0.198943,	Delta[d](5) = 0.184837,	Delta[d](6) = 0.138315,	Delta[d](7) = 0.184837,	Delta[d](8) = 0.208519,	Delta[d](9) = 0.138315,	Delta[d](10) = 0.0560038,	Delta[d](11) = 0.138315,	Delta[d](12) = 0.198943,	Delta[d](13) = 0.184837,	Delta[d](14) = 0.138315,	Delta[d](15) = 0.184837,	Delta[s+](0) = 0.584881,	Delta[s+](1) = 0.435713,	Delta[s+](2) = 0.208519,	Delta[s+](3) = 0.435713,	Delta[s+](4) = 0.435713,	Delta[s+](5) = 0.304412,	Delta[s+](6) = 0.131698,	Delta[s+](7) = 0.304412,	Delta[s+](8) = 0.208519,	Delta[s+](9) = 0.131698,	Delta[s+](10) = 0.0399259,	Delta[s+](11) = 0.131698,	Delta[s+](12) = 0.435713,	Delta[s+](13) = 0.304412,	Delta[s+](14) = 0.131698,	Delta[s+](15) = 0.304412
The 0-th iteration is completed.	|| time cost : 0h 4m 5.504s
********************************************************************************************************************
Start the 1 rounds of NGS-ED iteration
	effective electronic model is modified as: kinetic energy t = 0.993174
	                                           effective interaction Vq = [  -0.882494,  -0.191636,-0.00268781,  -0.191636,  -0.191636,-0.00279719, -0.0802276,-0.00279719,-0.00268781, -0.0802276,  -0.362384, -0.0802276,  -0.191636,-0.00279719, -0.0802276,-0.00279719]
	PARPACK diagonalization completed after 45 matrix-vector product operations.
	iteration results: : total energy is -22.862783 | electron energy -22.863265 + phonon energy 0.000482 | electron momentum kIdx = 0
The 1-th iteration is completed.	|| time cost : 0h 0m 24.389s
********************************************************************************************************************
Start the 2 rounds of NGS-ED iteration
	effective electronic model is modified as: kinetic energy t = 0.993272
	                                           effective interaction Vq = [  -0.902351,   -0.19332,-0.00266785,   -0.19332,   -0.19332,-0.00278476, -0.0792384,-0.00278476,-0.00266785, -0.0792384,  -0.357068, -0.0792384,   -0.19332,-0.00278476, -0.0792384,-0.00278476]
	PARPACK diagonalization completed after 45 matrix-vector product operations.
	iteration results: : total energy is -23.106158 | electron energy -23.106767 + phonon energy 0.000609 | electron momentum kIdx = 0
The 2-th iteration is completed.	|| time cost : 0h 0m 24.348s
********************************************************************************************************************
Start the 3 rounds of NGS-ED iteration
	effective electronic model is modified as: kinetic energy t = 0.993294
	                                           effective interaction Vq = [  -0.912821,   -0.19421,-0.00265961,   -0.19421,   -0.19421,-0.00277935, -0.0788738,-0.00277935,-0.00265961, -0.0788738,  -0.355376, -0.0788738,   -0.19421,-0.00277935, -0.0788738,-0.00277935]
	PARPACK diagonalization completed after 45 matrix-vector product operations.
	iteration results: : total energy is -23.234443 | electron energy -23.235115 + phonon energy 0.000672 | electron momentum kIdx = 0
The 3-th iteration is completed.	|| time cost : 0h 0m 24.362s
********************************************************************************************************************
Start the 4 rounds of NGS-ED iteration
	effective electronic model is modified as: kinetic energy t = 0.993295
	                                           effective interaction Vq = [  -0.918342,  -0.194683,-0.00265621,  -0.194683,  -0.194683,-0.00277701, -0.0787406,-0.00277701,-0.00265621, -0.0787406,  -0.354861, -0.0787406,  -0.194683,-0.00277701, -0.0787406,-0.00277701]
	PARPACK diagonalization completed after 45 matrix-vector product operations.
	iteration results: : total energy is -23.302079 | electron energy -23.302783 + phonon energy 0.000704 | electron momentum kIdx = 0
The 4-th iteration is completed.	|| time cost : 0h 0m 24.381s
********************************************************************************************************************
Start the 5 rounds of NGS-ED iteration
	effective electronic model is modified as: kinetic energy t = 0.993291
	                                           effective interaction Vq = [  -0.921253,  -0.194935,-0.00265482,  -0.194935,  -0.194935,-0.00277599, -0.0786924,-0.00277599,-0.00265482, -0.0786924,  -0.354719, -0.0786924,  -0.194935,-0.00277599, -0.0786924,-0.00277599]
	PARPACK diagonalization completed after 30 matrix-vector product operations.
	iteration results: : total energy is -23.337741 | electron energy -23.338462 + phonon energy 0.000720 | electron momentum kIdx = 0
The 5-th iteration is completed.	|| time cost : 0h 0m 21.605s
********************************************************************************************************************
Start the 6 rounds of NGS-ED iteration
	effective electronic model is modified as: kinetic energy t = 0.993289
	                                           effective interaction Vq = [  -0.922788,  -0.195071,-0.00265425,  -0.195071,  -0.195071,-0.00277555, -0.0786752,-0.00277555,-0.00265425, -0.0786752,  -0.354687, -0.0786752,  -0.195071,-0.00277555, -0.0786752,-0.00277555]
	PARPACK diagonalization completed after 30 matrix-vector product operations.
	iteration results: : total energy is -23.356546 | electron energy -23.357275 + phonon energy 0.000729 | electron momentum kIdx = 0
The 6-th iteration is completed.	|| time cost : 0h 0m 21.566s
********************************************************************************************************************
Start the 7 rounds of NGS-ED iteration
	effective electronic model is modified as: kinetic energy t = 0.993287
	                                           effective interaction Vq = [  -0.923597,  -0.195143,-0.00265402,  -0.195143,  -0.195143,-0.00277537, -0.0786692,-0.00277537,-0.00265402, -0.0786692,  -0.354685, -0.0786692,  -0.195143,-0.00277537, -0.0786692,-0.00277537]
	PARPACK diagonalization completed after 30 matrix-vector product operations.
	iteration results: : total energy is -23.366461 | electron energy -23.367195 + phonon energy 0.000734 | electron momentum kIdx = 0
The 7-th iteration is completed.	|| time cost : 0h 0m 21.595s
********************************************************************************************************************
Start the 8 rounds of NGS-ED iteration
	effective electronic model is modified as: kinetic energy t = 0.993285
	                                           effective interaction Vq = [  -0.924024,  -0.195183,-0.00265392,  -0.195183,  -0.195183,-0.00277528, -0.0786672,-0.00277528,-0.00265392, -0.0786672,  -0.354689, -0.0786672,  -0.195183,-0.00277528, -0.0786672,-0.00277528]
	PARPACK diagonalization completed after 30 matrix-vector product operations.
	iteration results: : total energy is -23.371689 | electron energy -23.372426 + phonon energy 0.000737 | electron momentum kIdx = 0
The 8-th iteration is completed.	|| time cost : 0h 0m 21.568s
********************************************************************************************************************
Start the 9 rounds of NGS-ED iteration
	effective electronic model is modified as: kinetic energy t = 0.993285
	                                           effective interaction Vq = [  -0.924249,  -0.195204,-0.00265388,  -0.195204,  -0.195204,-0.00277525, -0.0786665,-0.00277525,-0.00265388, -0.0786665,  -0.354693, -0.0786665,  -0.195204,-0.00277525, -0.0786665,-0.00277525]
	PARPACK diagonalization completed after 30 matrix-vector product operations.
	iteration results: : total energy is -23.374446 | electron energy -23.375184 + phonon energy 0.000738 | electron momentum kIdx = 0
The 9-th iteration is completed.	|| time cost : 0h 0m 21.561s
********************************************************************************************************************
Start the 10 rounds of NGS-ED iteration
	effective electronic model is modified as: kinetic energy t = 0.993284
	                                           effective interaction Vq = [  -0.924368,  -0.195215,-0.00265387,  -0.195215,  -0.195215,-0.00277523, -0.0786663,-0.00277523,-0.00265387, -0.0786663,  -0.354696, -0.0786663,  -0.195215,-0.00277523, -0.0786663,-0.00277523]
	PARPACK diagonalization completed after 30 matrix-vector product operations.
	iteration results: : total energy is -23.375900 | electron energy -23.376638 + phonon energy 0.000739 | electron momentum kIdx = 0
The 10-th iteration is completed.	|| time cost : 0h 0m 21.575s
********************************************************************************************************************
Start the 11 rounds of NGS-ED iteration
	effective electronic model is modified as: kinetic energy t = 0.993284
	                                           effective interaction Vq = [   -0.92443,  -0.195221,-0.00265386,  -0.195221,  -0.195221,-0.00277523, -0.0786663,-0.00277523,-0.00265386, -0.0786663,  -0.354697, -0.0786663,  -0.195221,-0.00277523, -0.0786663,-0.00277523]
	PARPACK diagonalization completed after 30 matrix-vector product operations.
	iteration results: : total energy is -23.376666 | electron energy -23.377405 + phonon energy 0.000739 | electron momentum kIdx = 0
The 11-th iteration is completed.	|| time cost : 0h 0m 21.565s
********************************************************************************************************************
Start the 12 rounds of NGS-ED iteration
	effective electronic model is modified as: kinetic energy t = 0.993284
	                                           effective interaction Vq = [  -0.924463,  -0.195225,-0.00265386,  -0.195225,  -0.195225,-0.00277522, -0.0786663,-0.00277522,-0.00265386, -0.0786663,  -0.354698, -0.0786663,  -0.195225,-0.00277522, -0.0786663,-0.00277522]
	PARPACK diagonalization completed after 30 matrix-vector product operations.
	iteration results: : total energy is -23.377070 | electron energy -23.377810 + phonon energy 0.000739 | electron momentum kIdx = 0
The 12-th iteration is completed.	|| time cost : 0h 0m 21.565s
********************************************************************************************************************
Start the 13 rounds of NGS-ED iteration
	effective electronic model is modified as: kinetic energy t = 0.993284
	                                           effective interaction Vq = [  -0.924481,  -0.195227,-0.00265386,  -0.195227,  -0.195227,-0.00277522, -0.0786663,-0.00277522,-0.00265386, -0.0786663,  -0.354699, -0.0786663,  -0.195227,-0.00277522, -0.0786663,-0.00277522]
	PARPACK diagonalization completed after 30 matrix-vector product operations.
