TACC:  Starting up job 1813865 
TACC:  Starting parallel tasks... 
SNEDics v3.4 Non-Gaussian ED ground state program		Start at Fri Oct 23 16:07:44 2020

parallized on 16 MPI threads  * 7 OpenMP threads = 112 total threads.
********************************************************************************************************************
********************************************************************************************************************

********************************************************************************************************************
System parameters and configurations
********************************************************************************************************************
Special program options are enabled: splitted diagonal Hamiltonian
********************************************************************************************************************
Read input file "model_params.in"
	Hubbard-Holstein model parameters : 	t = 1    g = 1.4142    W = 1    
********************************************************************************************************************
Read input file "hilbertspace_params.in"
	Requested 16-site 2D lattice, with 14 electrons (7, 7)
	Boundary : Periodic		Hilbert space representation : momentum-space (restricted to kIdx = 0)
	Conservation: particle number[U(1)]      spin[U(1)]     momentum
********************************************************************************************************************

Cluster Positions:				Cluster symmetry group : D4
 x ... x ... x ... x .....                       x ... x ... x ... x .....
 |           |           :                       |           |           :
 |           |           :                       |           |           :
12    13    14    15     x                       1     5     6     5     x
 |           |           :                       |           |           :
 |           |           :                       |           |           :
 8 --- 9 ---10 ---11 --- x                       2 --- 6 ---10 --- 6 --- x
 |           |           :                       |           |           :
 |           |           :                       |           |           :
 4     5     6     7     x                       1     5     6     5     x
 |           |           :                       |           |           :
 |           |           :                       |           |           :
 0 --- 1 --- 2 --- 3 --- x                       0 --- 1 --- 2 --- 1 --- x
orbital number : 1
********************************************************************************************************************
Read input file "obs_params.in"
	Observable Type : Nq(All),   Sq(All),   N(All),   Delta[s](All),   Delta[d](All),   Delta[s+](All)
********************************************************************************************************************
** WARNING ** the input observables have non-local factors which have been reinterpreted. The total observable number is 96
********************************************************************************************************************


********************************************************************************************************************
Start calculating the non-Gaussian ED ground state
** WARNING ** Detected low phonon energy W < 10. The initial state will be prepared through a warm-up process.
********************************************************************************************************************
Start warm-up calculation for scaling factor 16
open output files: NGSEDWarmUpW16Obs.txt
********************************************************************************************************************
Start the 0 rounds of NGS-ED iteration
	effective electronic model is modified as: kinetic energy t = 1
	                                           effective interaction Vq = [0,0,0,0,0,0,0,0,0,0,0,0,0,0,0,0]
	first Hamiltonian is constructed, non-zero numbers = 5976538
	PARPACK diagonalization completed after 30 matrix-vector product operations.
	iteration results: : total energy is -24.000000 | electron energy -24.000000 + phonon energy 0.000000 | electron momentum kIdx = 0
	Nq(0) = 12.25,	Nq(1) = 0.376654,	Nq(2) = 0.534116,	Nq(3) = 0.376654,	Nq(4) = 0.373346,	Nq(5) = 0.525503,	Nq(6) = 0.626654,	Nq(7) = 0.508088,	Nq(8) = 0.556401,	Nq(9) = 0.623346,	Nq(10) = 0.784407,	Nq(11) = 0.623346,	Nq(12) = 0.373346,	Nq(13) = 0.508088,	Nq(14) = 0.626654,	Nq(15) = 0.525503,	Sq(0) = -1.14562e-17,	Sq(1) = 0.376654,	Sq(2) = 0.492094,	Sq(3) = 0.376654,	Sq(4) = 0.373346,	Sq(5) = 0.480378,	Sq(6) = 0.626654,	Sq(7) = 0.497064,	Sq(8) = 0.519244,	Sq(9) = 0.623346,	Sq(10) = 0.841672,	Sq(11) = 0.623346,	Sq(12) = 0.373346,	Sq(13) = 0.497064,	Sq(14) = 0.626654,	Sq(15) = 0.480378,	N(0) = 2,	N(1) = 2,	N(2) = 0.334696,	N(3) = 2,	N(4) = 2,	N(5) = 0.739773,	N(6) = 5.91222e-27,	N(7) = 0.747219,	N(8) = 0.361167,	N(9) = 5.87019e-27,	N(10) = 2.13495e-27,	N(11) = 5.79903e-27,	N(12) = 2,	N(13) = 0.81328,	N(14) = 5.86168e-27,	N(15) = 1.00386,	Delta[s](0) = 0.328492,	Delta[s](1) = 0.231911,	Delta[s](2) = 0.199562,	Delta[s](3) = 0.241491,	Delta[s](4) = 0.230062,	Delta[s](5) = 0.18229,	Delta[s](6) = 0.13176,	Delta[s](7) = 0.19565,	Delta[s](8) = 0.222065,	Delta[s](9) = 0.136273,	Delta[s](10) = 0.070703,	Delta[s](11) = 0.145853,	Delta[s](12) = 0.246004,	Delta[s](13) = 0.193381,	Delta[s](14) = 0.147703,	Delta[s](15) = 0.192853,	Delta[d](0) = 0.260299,	Delta[d](1) = 0.175436,	Delta[d](2) = 0.179451,	Delta[d](3) = 0.17468,	Delta[d](4) = 0.166933,	Delta[d](5) = 0.14555,	Delta[d](6) = 0.121686,	Delta[d](7) = 0.138168,	Delta[d](8) = 0.163804,	Delta[d](9) = 0.10973,	Delta[d](10) = 0.0771269,	Delta[d](11) = 0.109821,	Delta[d](12) = 0.163021,	Delta[d](13) = 0.144064,	Delta[d](14) = 0.118052,	Delta[d](15) = 0.146119,	Delta[s+](0) = 0.486415,	Delta[s+](1) = 0.362575,	Delta[s+](2) = 0.160768,	Delta[s+](3) = 0.363183,	Delta[s+](4) = 0.370525,	Delta[s+](5) = 0.250616,	Delta[s+](6) = 0.0712682,	Delta[s+](7) = 0.212759,	Delta[s+](8) = 0.182604,	Delta[s+](9) = 0.074999,	Delta[s+](10) = 0.00985849,	Delta[s+](11) = 0.0748422,	Delta[s+](12) = 0.36667,	Delta[s+](13) = 0.204744,	Delta[s+](14) = 0.067163,	Delta[s+](15) = 0.24345
The 0-th iteration is completed.	|| time cost : 0h 5m 13.063s
********************************************************************************************************************
Start the 1 rounds of NGS-ED iteration
	effective electronic model is modified as: kinetic energy (tx,ty)=(0.938245, 0.938178)
	                                           effective interaction Vq = [-1.91844,-1.86992, -1.8489,-1.86992,-1.86992,  -1.848,-1.82856,-1.84537,-1.85255,-1.82833,-1.82296,-1.82833,-1.86992,-1.84537,-1.82856,  -1.848]
	PARPACK diagonalization completed after 75 matrix-vector product operations.
	iteration results: : total energy is -65.275772 | electron energy -65.281004 + phonon energy 0.005232 | electron momentum kIdx = 0
The 1-th iteration is completed.	|| time cost : 0h 5m 11.844s
********************************************************************************************************************
Start the 2 rounds of NGS-ED iteration
	effective electronic model is modified as: kinetic energy (tx,ty)=(0.910209, 0.910189)
	                                           effective interaction Vq = [-1.99664,-1.97872,-1.97015,-1.97872,-1.97872,-1.97007,-1.96013,-1.96977,-1.97056,-1.96011,-1.97585,-1.96011,-1.97872,-1.96977,-1.96013,-1.97007]
	PARPACK diagonalization completed after 45 matrix-vector product operations.
	iteration results: : total energy is -67.187515 | electron energy -67.201292 + phonon energy 0.013777 | electron momentum kIdx = 0
The 2-th iteration is completed.	|| time cost : 0h 0m 22.93s
********************************************************************************************************************
Start the 3 rounds of NGS-ED iteration
	effective electronic model is modified as: kinetic energy (tx,ty)=(0.904354, 0.90435)
	                                           effective interaction Vq = [-1.99983,-1.98873,  -1.982,-1.98873,-1.98873,-1.98199,-1.97496,-1.98194,-1.98206,-1.97496,-1.99094,-1.97496,-1.98873,-1.98194,-1.97496,-1.98199]
	PARPACK diagonalization completed after 45 matrix-vector product operations.
	iteration results: : total energy is -67.264011 | electron energy -67.280474 + phonon energy 0.016463 | electron momentum kIdx = 0
The 3-th iteration is completed.	|| time cost : 0h 0m 23s
********************************************************************************************************************
Start the 4 rounds of NGS-ED iteration
	effective electronic model is modified as: kinetic energy t = 0.903235
	                                           effective interaction Vq = [-1.99996,-1.99024,-1.98381,-1.99024,-1.99024,-1.98381,-1.97742, -1.9838,-1.98382,-1.97742, -1.9931,-1.97742,-1.99024, -1.9838,-1.97742,-1.98381]
	PARPACK diagonalization completed after 30 matrix-vector product operations.
	iteration results: : total energy is -67.266985 | electron energy -67.284058 + phonon energy 0.017072 | electron momentum kIdx = 0
The 4-th iteration is completed.	|| time cost : 0h 0m 20.536s
********************************************************************************************************************
Start the 5 rounds of NGS-ED iteration
	effective electronic model is modified as: kinetic energy t = 0.903022
	                                           effective interaction Vq = [-1.99996,-1.99051,-1.98413,-1.99051,-1.99051,-1.98413,-1.97789,-1.98413,-1.98413,-1.97789,-1.99348,-1.97789,-1.99051,-1.98413,-1.97789,-1.98413]
	PARPACK diagonalization completed after 30 matrix-vector product operations.
	iteration results: : total energy is -67.267093 | electron energy -67.284288 + phonon energy 0.017195 | electron momentum kIdx = 0
The 5-th iteration is completed.	|| time cost : 0h 0m 20.583s
********************************************************************************************************************
Start the 6 rounds of NGS-ED iteration
	effective electronic model is modified as: kinetic energy t = 0.902982
	                                           effective interaction Vq = [-1.99996,-1.99056,-1.98419,-1.99056,-1.99056,-1.98419,-1.97798,-1.98419,-1.98419,-1.97798,-1.99355,-1.97798,-1.99056,-1.98419,-1.97798,-1.98419]
	PARPACK diagonalization completed after 30 matrix-vector product operations.
	iteration results: : total energy is -67.267096 | electron energy -67.284315 + phonon energy 0.017219 | electron momentum kIdx = 0
	Nq(0) = 12.25,	Nq(1) = 0.485804,	Nq(2) = 0.728768,	Nq(3) = 0.485804,	Nq(4) = 0.485804,	Nq(5) = 0.728768,	Nq(6) = 0.903798,	Nq(7) = 0.728768,	Nq(8) = 0.728769,	Nq(9) = 0.903798,	Nq(10) = 2.33057,	Nq(11) = 0.903798,	Nq(12) = 0.485804,	Nq(13) = 0.728768,	Nq(14) = 0.903798,	Nq(15) = 0.728768,	Sq(0) = 8.35036e-19,	Sq(1) = 0.149874,	Sq(2) = 0.220794,	Sq(3) = 0.149874,	Sq(4) = 0.149874,	Sq(5) = 0.220794,	Sq(6) = 0.300406,	Sq(7) = 0.220794,	Sq(8) = 0.220794,	Sq(9) = 0.300406,	Sq(10) = 0.362528,	Sq(11) = 0.300406,	Sq(12) = 0.149874,	Sq(13) = 0.220794,	Sq(14) = 0.300406,	Sq(15) = 0.220794,	N(0) = 1.90544,	N(1) = 1.77502,	N(2) = 0.727405,	N(3) = 1.77502,	N(4) = 1.77502,	N(5) = 0.727405,	N(6) = 0.140464,	N(7) = 0.727405,	N(8) = 0.727405,	N(9) = 0.140464,	N(10) = 0.0682034,	N(11) = 0.140464,	N(12) = 1.77502,	N(13) = 0.727405,	N(14) = 0.140464,	N(15) = 0.727405,	Delta[s](0) = 1.46883,	Delta[s](1) = 0.326623,	Delta[s](2) = 0.260998,	Delta[s](3) = 0.326623,	Delta[s](4) = 0.326622,	Delta[s](5) = 0.260998,	Delta[s](6) = 0.200629,	Delta[s](7) = 0.260998,	Delta[s](8) = 0.260998,	Delta[s](9) = 0.200629,	Delta[s](10) = 0.111973,	Delta[s](11) = 0.200629,	Delta[s](12) = 0.326622,	Delta[s](13) = 0.260998,	Delta[s](14) = 0.200629,	Delta[s](15) = 0.260998,	Delta[d](0) = 0.212163,	Delta[d](1) = 0.167672,	Delta[d](2) = 0.164343,	Delta[d](3) = 0.167672,	Delta[d](4) = 0.167672,	Delta[d](5) = 0.142027,	Delta[d](6) = 0.133215,	Delta[d](7) = 0.142027,	Delta[d](8) = 0.164343,	Delta[d](9) = 0.133215,	Delta[d](10) = 0.0750361,	Delta[d](11) = 0.133215,	Delta[d](12) = 0.167672,	Delta[d](13) = 0.142027,	Delta[d](14) = 0.133215,	Delta[d](15) = 0.142027,	Delta[s+](0) = 0.321032,	Delta[s+](1) = 0.257876,	Delta[s+](2) = 0.164343,	Delta[s+](3) = 0.257876,	Delta[s+](4) = 0.257876,	Delta[s+](5) = 0.164343,	Delta[s+](6) = 0.0751555,	Delta[s+](7) = 0.164343,	Delta[s+](8) = 0.164343,	Delta[s+](9) = 0.0751555,	Delta[s+](10) = 0.0338677,	Delta[s+](11) = 0.0751555,	Delta[s+](12) = 0.257876,	Delta[s+](13) = 0.164343,	Delta[s+](14) = 0.0751555,	Delta[s+](15) = 0.164343
The 6-th iteration is completed.	|| time cost : 0h 3m 58.416s
********************************************************************************************************************
********************************************************************************************************************
Ground state is obtained after 7 iterations. The current ground-state energy is -67.2671, in which electron energy is -67.2843 and phonon energy is 0.0172191
final variational state is: 
	Gamma_x = [      1,1.00778,1.01484,1.00778,1.00778,1.01484,1.02142,1.01484,1.01484,1.02142,1.03156,1.02142,1.00778,1.01484,1.02142,1.01484]
	lambda_q = [0.353545,0.329317,0.322165,0.329317,0.329317,0.322165,0.316497,0.322165,0.322165,0.316497,0.333554,0.316497,0.329317,0.322165,0.316497,0.322165]
The effective e-e interactions mediated by phonons are: [1.99996,1.99057, 1.9842,1.99057,1.99057, 1.9842,1.97799, 1.9842, 1.9842,1.97799,1.99356,1.97799,1.99057, 1.9842,1.97799, 1.9842]
The real-space interactions mediated by phonons are: [    -31.773,  -0.025565,-0.00303149, -0.0155779, -0.0315402, -0.0291848,-0.00303149, 0.00728532, -0.0251241, 0.00728532,-0.00303149, -0.0291848, -0.0315402, -0.0155779,-0.00303149,  -0.025565]
********************************************************************************************************************
o___o  ----------------------------------------
| L |	Time since last clock: 0h 0m 0s
A===A	Time since the beginning: 0h 15m 50.376s
***********************************************

********************************************************************************************************************
Start warm-up calculation for scaling factor 8
open output files: NGSEDWarmUpW8Obs.txt
********************************************************************************************************************
Start the 0 rounds of NGS-ED iteration
	effective electronic model is modified as: kinetic energy t = 0.902974
	                                           effective interaction Vq = [-1.82838,-1.76691,-1.74697,-1.76691,-1.76691,-1.74697,-1.73059,-1.74697,-1.74697,-1.73059,-1.77834,-1.73059,-1.76691,-1.74697,-1.73059,-1.74697]
	PARPACK diagonalization completed after 45 matrix-vector product operations.
	iteration results: : total energy is -62.349051 | electron energy -62.357663 + phonon energy 0.008612 | electron momentum kIdx = 0
	Nq(0) = 12.25,	Nq(1) = 0.471988,	Nq(2) = 0.706603,	Nq(3) = 0.471988,	Nq(4) = 0.471988,	Nq(5) = 0.706603,	Nq(6) = 0.845216,	Nq(7) = 0.706603,	Nq(8) = 0.706604,	Nq(9) = 0.845216,	Nq(10) = 2.40119,	Nq(11) = 0.845216,	Nq(12) = 0.471988,	Nq(13) = 0.706603,	Nq(14) = 0.845216,	Nq(15) = 0.706603,	Sq(0) = 5.96503e-18,	Sq(1) = 0.169408,	Sq(2) = 0.241269,	Sq(3) = 0.169408,	Sq(4) = 0.169408,	Sq(5) = 0.241269,	Sq(6) = 0.330131,	Sq(7) = 0.241269,	Sq(8) = 0.241269,	Sq(9) = 0.330132,	Sq(10) = 0.394596,	Sq(11) = 0.330132,	Sq(12) = 0.169408,	Sq(13) = 0.241269,	Sq(14) = 0.330131,	Sq(15) = 0.241269,	N(0) = 1.92617,	N(1) = 1.82099,	N(2) = 0.713646,	N(3) = 1.82099,	N(4) = 1.82099,	N(5) = 0.713646,	N(6) = 0.113499,	N(7) = 0.713646,	N(8) = 0.713646,	N(9) = 0.113499,	N(10) = 0.054003,	N(11) = 0.113499,	N(12) = 1.82099,	N(13) = 0.713646,	N(14) = 0.113499,	N(15) = 0.713646,	Delta[s](0) = 1.18874,	Delta[s](1) = 0.320625,	Delta[s](2) = 0.267375,	Delta[s](3) = 0.320625,	Delta[s](4) = 0.320625,	Delta[s](5) = 0.267375,	Delta[s](6) = 0.215919,	Delta[s](7) = 0.267375,	Delta[s](8) = 0.267375,	Delta[s](9) = 0.215919,	Delta[s](10) = 0.140651,	Delta[s](11) = 0.215919,	Delta[s](12) = 0.320625,	Delta[s](13) = 0.267375,	Delta[s](14) = 0.215919,	Delta[s](15) = 0.267375,	Delta[d](0) = 0.214731,	Delta[d](1) = 0.17019,	Delta[d](2) = 0.168475,	Delta[d](3) = 0.17019,	Delta[d](4) = 0.17019,	Delta[d](5) = 0.143146,	Delta[d](6) = 0.135163,	Delta[d](7) = 0.143146,	Delta[d](8) = 0.168475,	Delta[d](9) = 0.135163,	Delta[d](10) = 0.0742426,	Delta[d](11) = 0.135163,	Delta[d](12) = 0.17019,	Delta[d](13) = 0.143146,	Delta[d](14) = 0.135163,	Delta[d](15) = 0.143146,	Delta[s+](0) = 0.336343,	Delta[s+](1) = 0.266734,	Delta[s+](2) = 0.168475,	Delta[s+](3) = 0.266734,	Delta[s+](4) = 0.266734,	Delta[s+](5) = 0.168475,	Delta[s+](6) = 0.0759169,	Delta[s+](7) = 0.168475,	Delta[s+](8) = 0.168475,	Delta[s+](9) = 0.0759169,	Delta[s+](10) = 0.0333844,	Delta[s+](11) = 0.0759169,	Delta[s+](12) = 0.266734,	Delta[s+](13) = 0.168475,	Delta[s+](14) = 0.0759169,	Delta[s+](15) = 0.168475
The 0-th iteration is completed.	|| time cost : 0h 4m 0.508s
********************************************************************************************************************
Start the 1 rounds of NGS-ED iteration
	effective electronic model is modified as: kinetic energy t = 0.869481
	                                           effective interaction Vq = [-1.96532,-1.90814,-1.88713,-1.90814,-1.90814,-1.88713,-1.86603,-1.88713,-1.88713,-1.86603,-1.92572,-1.86603,-1.90814,-1.88713,-1.86603,-1.88713]
	PARPACK diagonalization completed after 45 matrix-vector product operations.
	iteration results: : total energy is -64.992062 | electron energy -65.034503 + phonon energy 0.042441 | electron momentum kIdx = 0
The 1-th iteration is completed.	|| time cost : 0h 0m 22.863s
********************************************************************************************************************
Start the 2 rounds of NGS-ED iteration
	effective electronic model is modified as: kinetic energy t = 0.853904
	                                           effective interaction Vq = [-1.99297,-1.94901,-1.92953,-1.94901,-1.94901,-1.92953, -1.9106,-1.92953,-1.92953, -1.9106,-1.96735, -1.9106,-1.94901,-1.92953, -1.9106,-1.92953]
	PARPACK diagonalization completed after 45 matrix-vector product operations.
	iteration results: : total energy is -65.517041 | electron energy -65.580630 + phonon energy 0.063589 | electron momentum kIdx = 0
The 2-th iteration is completed.	|| time cost : 0h 0m 22.851s
********************************************************************************************************************
Start the 3 rounds of NGS-ED iteration
	effective electronic model is modified as: kinetic energy t = 0.846989
	                                           effective interaction Vq = [-1.99855,-1.96293,-1.94454,-1.96293,-1.96293,-1.94454,-1.92748,-1.94454,-1.94454,-1.92748, -1.9801,-1.92748,-1.96293,-1.94454,-1.92748,-1.94454]
	PARPACK diagonalization completed after 45 matrix-vector product operations.
	iteration results: : total energy is -65.620189 | electron energy -65.693947 + phonon energy 0.073758 | electron momentum kIdx = 0
The 3-th iteration is completed.	|| time cost : 0h 0m 22.832s
********************************************************************************************************************
Start the 4 rounds of NGS-ED iteration
	effective electronic model is modified as: kinetic energy t = 0.843943
	                                           effective interaction Vq = [-1.99968,-1.96831,-1.95048,-1.96831,-1.96831,-1.95048,-1.93454,-1.95048,-1.95048,-1.93454, -1.9844,-1.93454,-1.96831,-1.95048,-1.93454,-1.95048]
	PARPACK diagonalization completed after 30 matrix-vector product operations.
	iteration results: : total energy is -65.640442 | electron energy -65.718792 + phonon energy 0.078349 | electron momentum kIdx = 0
The 4-th iteration is completed.	|| time cost : 0h 0m 20.512s
********************************************************************************************************************
Start the 5 rounds of NGS-ED iteration
	effective electronic model is modified as: kinetic energy t = 0.842599
	                                           effective interaction Vq = [ -1.9999,-1.97054,-1.95298,-1.97054,-1.97054,-1.95298,-1.93767,-1.95298,-1.95298,-1.93767,-1.98594,-1.93767,-1.97054,-1.95298,-1.93767,-1.95298]
	PARPACK diagonalization completed after 30 matrix-vector product operations.
	iteration results: : total energy is -65.644436 | electron energy -65.724813 + phonon energy 0.080377 | electron momentum kIdx = 0
The 5-th iteration is completed.	|| time cost : 0h 0m 20.601s
********************************************************************************************************************
Start the 6 rounds of NGS-ED iteration
	effective electronic model is modified as: kinetic energy t = 0.842002
	                                           effective interaction Vq = [-1.99995, -1.9715,-1.95407, -1.9715, -1.9715,-1.95407,-1.93909,-1.95407,-1.95407,-1.93909, -1.9865,-1.93909, -1.9715,-1.95407,-1.93909,-1.95407]
	PARPACK diagonalization completed after 30 matrix-vector product operations.
	iteration results: : total energy is -65.645230 | electron energy -65.726495 + phonon energy 0.081266 | electron momentum kIdx = 0
The 6-th iteration is completed.	|| time cost : 0h 0m 20.508s
********************************************************************************************************************
Start the 7 rounds of NGS-ED iteration
	effective electronic model is modified as: kinetic energy t = 0.841735
	                                           effective interaction Vq = [-1.99996,-1.97193,-1.95456,-1.97193,-1.97193,-1.95456,-1.93975,-1.95456,-1.95456,-1.93975, -1.9867,-1.93975,-1.97193,-1.95456,-1.93975,-1.95456]
	PARPACK diagonalization completed after 30 matrix-vector product operations.
	iteration results: : total energy is -65.645388 | electron energy -65.727044 + phonon energy 0.081655 | electron momentum kIdx = 0
The 7-th iteration is completed.	|| time cost : 0h 0m 20.593s
********************************************************************************************************************
Start the 8 rounds of NGS-ED iteration
	effective electronic model is modified as: kinetic energy t = 0.841614
	                                           effective interaction Vq = [-1.99996,-1.97212,-1.95478,-1.97212,-1.97212,-1.95478,-1.94007,-1.95478,-1.95478,-1.94007,-1.98676,-1.94007,-1.97212,-1.95478,-1.94007,-1.95478]
	PARPACK diagonalization completed after 30 matrix-vector product operations.
	iteration results: : total energy is -65.645421 | electron energy -65.727247 + phonon energy 0.081826 | electron momentum kIdx = 0
	Nq(0) = 12.25,	Nq(1) = 0.481086,	Nq(2) = 0.712256,	Nq(3) = 0.481086,	Nq(4) = 0.481086,	Nq(5) = 0.712256,	Nq(6) = 0.887258,	Nq(7) = 0.712256,	Nq(8) = 0.712256,	Nq(9) = 0.887258,	Nq(10) = 2.69416,	Nq(11) = 0.887258,	Nq(12) = 0.481086,	Nq(13) = 0.712256,	Nq(14) = 0.887258,	Nq(15) = 0.712256,	Sq(0) = -1.77648e-18,	Sq(1) = 0.140273,	Sq(2) = 0.210095,	Sq(3) = 0.140273,	Sq(4) = 0.140273,	Sq(5) = 0.210095,	Sq(6) = 0.285353,	Sq(7) = 0.210095,	Sq(8) = 0.210095,	Sq(9) = 0.285353,	Sq(10) = 0.345854,	Sq(11) = 0.285353,	Sq(12) = 0.140273,	Sq(13) = 0.210095,	Sq(14) = 0.285353,	Sq(15) = 0.210095,	N(0) = 1.8944,	N(1) = 1.74846,	N(2) = 0.734983,	N(3) = 1.74846,	N(4) = 1.74846,	N(5) = 0.734983,	N(6) = 0.156546,	N(7) = 0.734983,	N(8) = 0.734983,	N(9) = 0.156546,	N(10) = 0.0756777,	N(11) = 0.156546,	N(12) = 1.74846,	N(13) = 0.734983,	N(14) = 0.156546,	N(15) = 0.734983,	Delta[s](0) = 1.19334,	Delta[s](1) = 0.335001,	Delta[s](2) = 0.282768,	Delta[s](3) = 0.335001,	Delta[s](4) = 0.335001,	Delta[s](5) = 0.282768,	Delta[s](6) = 0.235717,	Delta[s](7) = 0.282768,	Delta[s](8) = 0.282768,	Delta[s](9) = 0.235717,	Delta[s](10) = 0.172718,	Delta[s](11) = 0.235717,	Delta[s](12) = 0.335001,	Delta[s](13) = 0.282768,	Delta[s](14) = 0.235717,	Delta[s](15) = 0.282768,	Delta[d](0) = 0.198761,	Delta[d](1) = 0.162229,	Delta[d](2) = 0.161466,	Delta[d](3) = 0.162229,	Delta[d](4) = 0.162229,	Delta[d](5) = 0.139814,	Delta[d](6) = 0.132621,	Delta[d](7) = 0.139814,	Delta[d](8) = 0.161466,	Delta[d](9) = 0.132621,	Delta[d](10) = 0.0836147,	Delta[d](11) = 0.132621,	Delta[d](12) = 0.162229,	Delta[d](13) = 0.139814,	Delta[d](14) = 0.132621,	Delta[d](15) = 0.139814,	Delta[s+](0) = 0.307168,	Delta[s+](1) = 0.246627,	Delta[s+](2) = 0.161466,	Delta[s+](3) = 0.246627,	Delta[s+](4) = 0.246627,	Delta[s+](5) = 0.161466,	Delta[s+](6) = 0.0807375,	Delta[s+](7) = 0.161466,	Delta[s+](8) = 0.161466,	Delta[s+](9) = 0.0807375,	Delta[s+](10) = 0.041621,	Delta[s+](11) = 0.0807375,	Delta[s+](12) = 0.246627,	Delta[s+](13) = 0.161466,	Delta[s+](14) = 0.0807375,	Delta[s+](15) = 0.161466
The 8-th iteration is completed.	|| time cost : 0h 3m 55.589s
********************************************************************************************************************
********************************************************************************************************************
Ground state is obtained after 9 iterations. The current ground-state energy is -65.6454, in which electron energy is -65.7272 and phonon energy is 0.0818262
final variational state is: 
	Gamma_x = [      1,1.02527,1.04642,1.02527,1.02527,1.04642,1.06535,1.04642,1.04642,1.06535,1.10549,1.06535,1.02527,1.04642,1.06535,1.04642]
	lambda_q = [0.499886,0.441099,0.424927,0.441099,0.441099,0.424927,0.413576,0.424927,0.424927,0.413576,0.459393,0.413576,0.441099,0.424927,0.413576,0.424927]
The effective e-e interactions mediated by phonons are: [1.99996,1.97221,1.95488,1.97221,1.97221,1.95488,1.94022,1.95488,1.95488,1.94022,1.98677,1.94022,1.97221,1.95488,1.94022,1.95488]
The real-space interactions mediated by phonons are: [  -31.3657,-0.0643337,-0.0104188,-0.0503184, -0.077179,  -0.08495,-0.0104188, 0.0192745,-0.0769757, 0.0192745,-0.0104188,  -0.08495, -0.077179,-0.0503184,-0.0104188,-0.0643337]
********************************************************************************************************************
o___o  ----------------------------------------
| L |	Time since last clock: 0h 0m 0s
A===A	Time since the beginning: 0h 26m 17.237s
***********************************************

********************************************************************************************************************
Start warm-up calculation for scaling factor 4
open output files: NGSEDWarmUpW4Obs.txt
********************************************************************************************************************
Start the 0 rounds of NGS-ED iteration
	effective electronic model is modified as: kinetic energy t = 0.841559
	                                           effective interaction Vq = [-1.82821,-1.71693,-1.68148,-1.71693,-1.71693,-1.68148,-1.65534,-1.68148,-1.68148,-1.65534,-1.75453,-1.65534,-1.71693,-1.68148,-1.65534,-1.68148]
	PARPACK diagonalization completed after 45 matrix-vector product operations.
	iteration results: : total energy is -60.347773 | electron energy -60.388724 + phonon energy 0.040951 | electron momentum kIdx = 0
	Nq(0) = 12.25,	Nq(1) = 0.454511,	Nq(2) = 0.672248,	Nq(3) = 0.454511,	Nq(4) = 0.454511,	Nq(5) = 0.672248,	Nq(6) = 0.80415,	Nq(7) = 0.672248,	Nq(8) = 0.672248,	Nq(9) = 0.80415,	Nq(10) = 2.96878,	Nq(11) = 0.80415,	Nq(12) = 0.454511,	Nq(13) = 0.672248,	Nq(14) = 0.80415,	Nq(15) = 0.672248,	Sq(0) = 2.46359e-18,	Sq(1) = 0.162468,	Sq(2) = 0.233802,	Sq(3) = 0.162468,	Sq(4) = 0.162468,	Sq(5) = 0.233802,	Sq(6) = 0.319403,	Sq(7) = 0.233802,	Sq(8) = 0.233802,	Sq(9) = 0.319403,	Sq(10) = 0.382796,	Sq(11) = 0.319403,	Sq(12) = 0.162468,	Sq(13) = 0.233802,	Sq(14) = 0.319403,	Sq(15) = 0.233802,	N(0) = 1.91988,	N(1) = 1.80241,	N(2) = 0.718379,	N(3) = 1.80241,	N(4) = 1.80241,	N(5) = 0.718379,	N(6) = 0.125437,	N(7) = 0.718379,	N(8) = 0.718379,	N(9) = 0.125437,	N(10) = 0.0584688,	N(11) = 0.125437,	N(12) = 1.80241,	N(13) = 0.718379,	N(14) = 0.125437,	N(15) = 0.718379,	Delta[s](0) = 0.967104,	Delta[s](1) = 0.327933,	Delta[s](2) = 0.284061,	Delta[s](3) = 0.327933,	Delta[s](4) = 0.327933,	Delta[s](5) = 0.284061,	Delta[s](6) = 0.242196,	Delta[s](7) = 0.284061,	Delta[s](8) = 0.284061,	Delta[s](9) = 0.242196,	Delta[s](10) = 0.191469,	Delta[s](11) = 0.242196,	Delta[s](12) = 0.327933,	Delta[s](13) = 0.284061,	Delta[s](14) = 0.242196,	Delta[s](15) = 0.284061,	Delta[d](0) = 0.200999,	Delta[d](1) = 0.163134,	Delta[d](2) = 0.165033,	Delta[d](3) = 0.163134,	Delta[d](4) = 0.163134,	Delta[d](5) = 0.138106,	Delta[d](6) = 0.131623,	Delta[d](7) = 0.138106,	Delta[d](8) = 0.165033,	Delta[d](9) = 0.131623,	Delta[d](10) = 0.0774946,	Delta[d](11) = 0.131623,	Delta[d](12) = 0.163134,	Delta[d](13) = 0.138106,	Delta[d](14) = 0.131623,	Delta[d](15) = 0.138106,	Delta[s+](0) = 0.327858,	Delta[s+](1) = 0.257902,	Delta[s+](2) = 0.165033,	Delta[s+](3) = 0.257902,	Delta[s+](4) = 0.257902,	Delta[s+](5) = 0.165033,	Delta[s+](6) = 0.0784913,	Delta[s+](7) = 0.165033,	Delta[s+](8) = 0.165033,	Delta[s+](9) = 0.0784913,	Delta[s+](10) = 0.0380493,	Delta[s+](11) = 0.0784913,	Delta[s+](12) = 0.257902,	Delta[s+](13) = 0.165033,	Delta[s+](14) = 0.0784913,	Delta[s+](15) = 0.165033
The 0-th iteration is completed.	|| time cost : 0h 3m 58.465s
********************************************************************************************************************
Start the 1 rounds of NGS-ED iteration
	effective electronic model is modified as: kinetic energy t = 0.819393
	                                           effective interaction Vq = [-1.92279, -1.8042,-1.76404, -1.8042, -1.8042,-1.76404,-1.72884,-1.76404,-1.76404,-1.72884,-1.86268,-1.72884, -1.8042,-1.76404,-1.72884,-1.76404]
	PARPACK diagonalization completed after 45 matrix-vector product operations.
	iteration results: : total energy is -62.042088 | electron energy -62.158286 + phonon energy 0.116198 | electron momentum kIdx = 0
The 1-th iteration is completed.	|| time cost : 0h 0m 22.848s
********************************************************************************************************************
Start the 2 rounds of NGS-ED iteration
	effective electronic model is modified as: kinetic energy t = 0.804575
	                                           effective interaction Vq = [-1.96529,-1.85023,-1.80858,-1.85023,-1.85023,-1.80858,-1.77046,-1.80858,-1.80858,-1.77046,-1.92283,-1.77046,-1.85023,-1.80858,-1.77046,-1.80858]
	PARPACK diagonalization completed after 45 matrix-vector product operations.
	iteration results: : total energy is -62.809717 | electron energy -62.985054 + phonon energy 0.175337 | electron momentum kIdx = 0
The 2-th iteration is completed.	|| time cost : 0h 0m 22.924s
********************************************************************************************************************
Start the 3 rounds of NGS-ED iteration
	effective electronic model is modified as: kinetic energy t = 0.795192
	                                           effective interaction Vq = [-1.98438,-1.87515, -1.8328,-1.87515,-1.87515, -1.8328,-1.79364, -1.8328, -1.8328,-1.79364,-1.95444,-1.79364,-1.87515, -1.8328,-1.79364, -1.8328]
	PARPACK diagonalization completed after 45 matrix-vector product operations.
	iteration results: : total energy is -63.150864 | electron energy -63.365100 + phonon energy 0.214236 | electron momentum kIdx = 0
The 3-th iteration is completed.	|| time cost : 0h 0m 22.939s
********************************************************************************************************************
Start the 4 rounds of NGS-ED iteration
	effective electronic model is modified as: kinetic energy t = 0.789361
	                                           effective interaction Vq = [-1.99296,-1.88923,-1.84637,-1.88923,-1.88923,-1.84637,-1.80684,-1.84637,-1.84637,-1.80684,-1.97073,-1.80684,-1.88923,-1.84637,-1.80684,-1.84637]
	PARPACK diagonalization completed after 45 matrix-vector product operations.
	iteration results: : total energy is -63.299971 | electron energy -63.538368 + phonon energy 0.238397 | electron momentum kIdx = 0
The 4-th iteration is completed.	|| time cost : 0h 0m 22.983s
********************************************************************************************************************
Start the 5 rounds of NGS-ED iteration
	effective electronic model is modified as: kinetic energy t = 0.78573
	                                           effective interaction Vq = [-1.99682,-1.89753,-1.85427,-1.89753,-1.89753,-1.85427,-1.81467,-1.85427,-1.85427,-1.81467,-1.97921,-1.81467,-1.89753,-1.85427,-1.81467,-1.85427]
	PARPACK diagonalization completed after 30 matrix-vector product operations.
	iteration results: : total energy is -63.364530 | electron energy -63.617759 + phonon energy 0.253229 | electron momentum kIdx = 0
The 5-th iteration is completed.	|| time cost : 0h 0m 20.666s
********************************************************************************************************************
Start the 6 rounds of NGS-ED iteration
	effective electronic model is modified as: kinetic energy t = 0.783443
	                                           effective interaction Vq = [-1.99855,-1.90262,-1.85906,-1.90262,-1.90262,-1.85906,-1.81955,-1.85906,-1.85906,-1.81955,-1.98373,-1.81955,-1.90262,-1.85906,-1.81955,-1.85906]
	PARPACK diagonalization completed after 30 matrix-vector product operations.
	iteration results: : total energy is -63.392410 | electron energy -63.654786 + phonon energy 0.262376 | electron momentum kIdx = 0
The 6-th iteration is completed.	|| time cost : 0h 0m 20.702s
********************************************************************************************************************
Start the 7 rounds of NGS-ED iteration
	effective electronic model is modified as: kinetic energy t = 0.781979
	                                           effective interaction Vq = [-1.99933,-1.90584,-1.86207,-1.90584,-1.90584,-1.86207,-1.82272,-1.86207,-1.86207,-1.82272, -1.9862,-1.82272,-1.90584,-1.86207,-1.82272,-1.86207]
	PARPACK diagonalization completed after 30 matrix-vector product operations.
	iteration results: : total energy is -63.404474 | electron energy -63.672544 + phonon energy 0.268070 | electron momentum kIdx = 0
The 7-th iteration is completed.	|| time cost : 0h 0m 20.632s
********************************************************************************************************************
Start the 8 rounds of NGS-ED iteration
	effective electronic model is modified as: kinetic energy t = 0.781027
	                                           effective interaction Vq = [-1.99968,-1.90793,-1.86401,-1.90793,-1.90793,-1.86401,-1.82487,-1.86401,-1.86401,-1.82487,-1.98758,-1.82487,-1.90793,-1.86401,-1.82487,-1.86401]
	PARPACK diagonalization completed after 30 matrix-vector product operations.
	iteration results: : total energy is -63.409720 | electron energy -63.681373 + phonon energy 0.271652 | electron momentum kIdx = 0
The 8-th iteration is completed.	|| time cost : 0h 0m 20.659s
********************************************************************************************************************
Start the 9 rounds of NGS-ED iteration
	effective electronic model is modified as: kinetic energy t = 0.780395
	                                           effective interaction Vq = [-1.99983,-1.90932,-1.86531,-1.90932,-1.90932,-1.86531,-1.82636,-1.86531,-1.86531,-1.82636,-1.98836,-1.82636,-1.90932,-1.86531,-1.82636,-1.86531]
	PARPACK diagonalization completed after 30 matrix-vector product operations.
	iteration results: : total energy is -63.412015 | electron energy -63.685950 + phonon energy 0.273935 | electron momentum kIdx = 0
The 9-th iteration is completed.	|| time cost : 0h 0m 20.654s
********************************************************************************************************************
Start the 10 rounds of NGS-ED iteration
	effective electronic model is modified as: kinetic energy t = 0.779969
	                                           effective interaction Vq = [ -1.9999,-1.91025,-1.86619,-1.91025,-1.91025,-1.86619,-1.82743,-1.86619,-1.86619,-1.82743, -1.9888,-1.82743,-1.91025,-1.86619,-1.82743,-1.86619]
	PARPACK diagonalization completed after 30 matrix-vector product operations.
	iteration results: : total energy is -63.413026 | electron energy -63.688435 + phonon energy 0.275409 | electron momentum kIdx = 0
The 10-th iteration is completed.	|| time cost : 0h 0m 20.627s
********************************************************************************************************************
Start the 11 rounds of NGS-ED iteration
	effective electronic model is modified as: kinetic energy t = 0.779675
	                                           effective interaction Vq = [-1.99994, -1.9109, -1.8668, -1.9109, -1.9109, -1.8668,-1.82821, -1.8668, -1.8668,-1.82821,-1.98905,-1.82821, -1.9109, -1.8668,-1.82821, -1.8668]
	PARPACK diagonalization completed after 30 matrix-vector product operations.
	iteration results: : total energy is -63.413475 | electron energy -63.689852 + phonon energy 0.276376 | electron momentum kIdx = 0
The 11-th iteration is completed.	|| time cost : 0h 0m 20.707s
********************************************************************************************************************
Start the 12 rounds of NGS-ED iteration
	effective electronic model is modified as: kinetic energy t = 0.779469
	                                           effective interaction Vq = [-1.99995,-1.91135,-1.86723,-1.91135,-1.91135,-1.86723,-1.82879,-1.86723,-1.86723,-1.82879,-1.98919,-1.82879,-1.91135,-1.86723,-1.82879,-1.86723]
	PARPACK diagonalization completed after 30 matrix-vector product operations.
	iteration results: : total energy is -63.413676 | electron energy -63.690699 + phonon energy 0.277023 | electron momentum kIdx = 0
The 12-th iteration is completed.	|| time cost : 0h 0m 20.663s
********************************************************************************************************************
Start the 13 rounds of NGS-ED iteration
	effective electronic model is modified as: kinetic energy t = 0.779321
	                                           effective interaction Vq = [-1.99996,-1.91167,-1.86755,-1.91167,-1.91167,-1.86755,-1.82923,-1.86755,-1.86755,-1.82923,-1.98927,-1.82923,-1.91167,-1.86755,-1.82923,-1.86755]
	PARPACK diagonalization completed after 30 matrix-vector product operations.
	iteration results: : total energy is -63.413767 | electron energy -63.691231 + phonon energy 0.277464 | electron momentum kIdx = 0
The 13-th iteration is completed.	|| time cost : 0h 0m 20.691s
********************************************************************************************************************
Start the 14 rounds of NGS-ED iteration
	effective electronic model is modified as: kinetic energy t = 0.779214
	                                           effective interaction Vq = [-1.99996, -1.9119,-1.86778, -1.9119, -1.9119,-1.86778,-1.82956,-1.86778,-1.86778,-1.82956, -1.9893,-1.82956, -1.9119,-1.86778,-1.82956,-1.86778]
	PARPACK diagonalization completed after 30 matrix-vector product operations.
	iteration results: : total energy is -63.413808 | electron energy -63.691578 + phonon energy 0.277770 | electron momentum kIdx = 0
