SNEDics v3.21.4 Non-Gaussian ED ground state program		Start at Mon Jul 26 13:38:09 2021

parallized on 32 MPI threads  * 8 OpenMP threads = 256 total threads.
********************************************************************************************************************
********************************************************************************************************************

********************************************************************************************************************
System parameters and configurations
	special program options are enabled: splitted diagonal Hamiltonian | splitted Hamiltonian terms
********************************************************************************************************************
Read input file "model_params.in"
	Hubbard-Holstein model parameters : 	t = 1    U = 8    g = 0.04    W = 0.2    g' = 0.14    
********************************************************************************************************************
Read input file "hilbertspace_params.in"
	Requested 16-site 2D lattice, with 14 electrons (7, 7)
	Boundary : Periodic		Hilbert space representation : momentum-space (restricted to kIdx = 0)
	Conservation: particle number[U(1)]      spin[U(1)]     momentum
********************************************************************************************************************

Cluster Positions:				Cluster symmetry group : D4
 x ... x ... x ... x .....                       x ... x ... x ... x .....
 |           |           :                       |           |           :
 |           |           :                       |           |           :
12    13    14    15     x                       1     5     6     5     x
 |           |           :                       |           |           :
 |           |           :                       |           |           :
 8 --- 9 ---10 ---11 --- x                       2 --- 6 ---10 --- 6 --- x
 |           |           :                       |           |           :
 |           |           :                       |           |           :
 4     5     6     7     x                       1     5     6     5     x
 |           |           :                       |           |           :
 |           |           :                       |           |           :
 0 --- 1 --- 2 --- 3 --- x                       0 --- 1 --- 2 --- 1 --- x
orbital number : 1
********************************************************************************************************************
Read input file "obs_params.in"
	Observable Type : Nq(All),   Sq(All),   N(All),   Delta[s](All),   Delta[d](All),   Delta[s+](All)
** WARNING ** the input observables have non-local factors which have been reinterpreted. The total observable number is 96
********************************************************************************************************************


********************************************************************************************************************
Start calculating the non-Gaussian ED ground state
Maximal iteration number is 1000; energy resolution is 1e-06. Phonon state relaxation time is 2000
W = 0.2 is relatively large. The non-Gaussian ED calculation starts directly.
open output files: NGSED_iteration_obserbles.txt
********************************************************************************************************************
Start the 0 rounds of NGS-ED iteration
	effective electronic model is modified as: kinetic energy t = 1
	                                           effective interaction Vq = [0,0,0,0,0,0,0,0,0,0,0,0,0,0,0,0]
	first Hamiltonian is constructed, size = 8179600 and non-zero numbers = 2178478298
	PARPACK diagonalization completed after 180 matrix-vector product operations.
	iteration results: : total energy is -11.868836 | electron energy -11.868836 + phonon energy 0.000000 | electron momentum kIdx = 0
	Nq(0) = 12.25,	Nq(1) = 0.154193,	Nq(2) = 0.185311,	Nq(3) = 0.154193,	Nq(4) = 0.154193,	Nq(5) = 0.203281,	
	Nq(6) = 0.235634,	Nq(7) = 0.203281,	Nq(8) = 0.185311,	Nq(9) = 0.235634,	Nq(10) = 0.275446,	
	Nq(11) = 0.235634,	Nq(12) = 0.154193,	Nq(13) = 0.203281,	Nq(14) = 0.235634,	Nq(15) = 0.203281;	
	Sq(0) = -1.83137e-18,	Sq(1) = 0.474292,	Sq(2) = 0.766364,	Sq(3) = 0.474292,	Sq(4) = 0.474292,	
	Sq(5) = 0.630724,	Sq(6) = 1.05279,	Sq(7) = 0.630724,	Sq(8) = 0.766364,	Sq(9) = 1.05279,	
	Sq(10) = 2.56755,	Sq(11) = 1.05279,	Sq(12) = 0.474292,	Sq(13) = 0.630724,	Sq(14) = 1.05279,	
	Sq(15) = 0.630724;	N(0) = 1.75464,	N(1) = 1.59086,	N(2) = 0.323321,	N(3) = 1.59086,	
	N(4) = 1.59086,	N(5) = 0.999881,	N(6) = 0.267546,	N(7) = 0.999881,	N(8) = 0.323321,	
	N(9) = 0.267546,	N(10) = 0.165565,	N(11) = 0.267546,	N(12) = 1.59086,	N(13) = 0.999881,	
	N(14) = 0.267546,	N(15) = 0.999881;	Delta[s](0) = 0.0790717,	Delta[s](1) = 0.0591319,	Delta[s](2) = 0.0354258,	
	Delta[s](3) = 0.0591319,	Delta[s](4) = 0.0591319,	Delta[s](5) = 0.0422821,	Delta[s](6) = 0.0195861,	Delta[s](7) = 0.0422821,	
	Delta[s](8) = 0.0354258,	Delta[s](9) = 0.0195861,	Delta[s](10) = 0.000326607,	Delta[s](11) = 0.0195861,	Delta[s](12) = 0.0591319,	
	Delta[s](13) = 0.0422821,	Delta[s](14) = 0.0195861,	Delta[s](15) = 0.0422821;	Delta[d](0) = 0.275629,	Delta[d](1) = 0.189896,	
	Delta[d](2) = 0.199536,	Delta[d](3) = 0.189896,	Delta[d](4) = 0.189896,	Delta[d](5) = 0.176534,	Delta[d](6) = 0.132475,	
	Delta[d](7) = 0.176534,	Delta[d](8) = 0.199536,	Delta[d](9) = 0.132475,	Delta[d](10) = 0.0534383,	Delta[d](11) = 0.132475,	
	Delta[d](12) = 0.189896,	Delta[d](13) = 0.176534,	Delta[d](14) = 0.132475,	Delta[d](15) = 0.176534;	Delta[s+](0) = 0.559379,	
	Delta[s+](1) = 0.416542,	Delta[s+](2) = 0.199536,	Delta[s+](3) = 0.416542,	Delta[s+](4) = 0.416542,	Delta[s+](5) = 0.291149,	
	Delta[s+](6) = 0.126085,	Delta[s+](7) = 0.291149,	Delta[s+](8) = 0.199536,	Delta[s+](9) = 0.126085,	Delta[s+](10) = 0.0382671,	
	Delta[s+](11) = 0.126085,	Delta[s+](12) = 0.416542,	Delta[s+](13) = 0.291149,	Delta[s+](14) = 0.126085,	Delta[s+](15) = 0.291149
	
The 0-th iteration is completed.	|| time cost : 0h 4m 46.961s
********************************************************************************************************************
Start the 1 rounds of NGS-ED iteration
	effective electronic model is modified as: kinetic energy t = 0.997913
	                                           effective interaction Vq = [        -1.8,  -0.0571064,-0.000533214,  -0.0571064,  -0.0571064,-0.000582117,  -0.0166975,-0.000582117,-0.000533214,  -0.0166975,  -0.0747481,  -0.0166975,  -0.0571064,-0.000582117,  -0.0166975,-0.000582117]
	PARPACK diagonalization completed after 60 matrix-vector product operations.
	iteration results: : total energy is -33.954883 | electron energy -33.955836 + phonon energy 0.000954 | electron momentum kIdx = 0
The 1-th iteration is completed.	|| time cost : 0h 2m 59.846s
********************************************************************************************************************
Start the 2 rounds of NGS-ED iteration
	effective electronic model is modified as: kinetic energy t = 0.9979
	                                           effective interaction Vq = [        -1.8,  -0.0572994,-0.000532561,  -0.0572994,  -0.0572994,-0.000581252,  -0.0167028,-0.000581252,-0.000532561,  -0.0167028,  -0.0751807,  -0.0167028,  -0.0572994,-0.000581252,  -0.0167028,-0.000581252]
	PARPACK diagonalization completed after 30 matrix-vector product operations.
	iteration results: : total energy is -33.954883 | electron energy -33.955856 + phonon energy 0.000972 | electron momentum kIdx = 0
The 2-th iteration is completed.	|| time cost : 0h 0m 21.981s
********************************************************************************************************************
Start the 3 rounds of NGS-ED iteration
	effective electronic model is modified as: kinetic energy t = 0.9979
	                                           effective interaction Vq = [        -1.8,  -0.0573001,-0.000532558,  -0.0573001,  -0.0573001,-0.000581248,  -0.0167028,-0.000581248,-0.000532558,  -0.0167028,  -0.0751831,  -0.0167028,  -0.0573001,-0.000581248,  -0.0167028,-0.000581248]
	PARPACK diagonalization completed after 30 matrix-vector product operations.
	iteration results: : total energy is -33.954883 | electron energy -33.955856 + phonon energy 0.000973 | electron momentum kIdx = 0
The 3-th iteration is completed.	|| time cost : 0h 0m 21.863s
********************************************************************************************************************
Start the 4 rounds of NGS-ED iteration
	effective electronic model is modified as: kinetic energy t = 0.9979
	                                           effective interaction Vq = [        -1.8,  -0.0573001,-0.000532558,  -0.0573001,  -0.0573001,-0.000581248,  -0.0167028,-0.000581248,-0.000532558,  -0.0167028,  -0.0751831,  -0.0167028,  -0.0573001,-0.000581248,  -0.0167028,-0.000581248]
	PARPACK diagonalization completed after 30 matrix-vector product operations.
	iteration results: : total energy is -33.954883 | electron energy -33.955856 + phonon energy 0.000973 | electron momentum kIdx = 0
	Nq(0) = 12.25,	Nq(1) = 0.154943,	Nq(2) = 0.18535,	Nq(3) = 0.154943,	Nq(4) = 0.154943,	Nq(5) = 0.203265,	
	Nq(6) = 0.236057,	Nq(7) = 0.203265,	Nq(8) = 0.18535,	Nq(9) = 0.236057,	Nq(10) = 0.277196,	
	Nq(11) = 0.236057,	Nq(12) = 0.154943,	Nq(13) = 0.203265,	Nq(14) = 0.236057,	Nq(15) = 0.203265;	
	Sq(0) = -2.84185e-18,	Sq(1) = 0.47376,	Sq(2) = 0.765837,	Sq(3) = 0.47376,	Sq(4) = 0.47376,	
	Sq(5) = 0.630265,	Sq(6) = 1.05297,	Sq(7) = 0.630265,	Sq(8) = 0.765837,	Sq(9) = 1.05297,	
	Sq(10) = 2.56538,	Sq(11) = 1.05297,	Sq(12) = 0.47376,	Sq(13) = 0.630265,	Sq(14) = 1.05297,	
	Sq(15) = 0.630265;	N(0) = 1.75552,	N(1) = 1.59231,	N(2) = 0.32292,	N(3) = 1.59231,	
	N(4) = 1.59231,	N(5) = 0.999603,	N(6) = 0.266487,	N(7) = 0.999603,	N(8) = 0.32292,	
	N(9) = 0.266487,	N(10) = 0.165038,	N(11) = 0.266487,	N(12) = 1.59231,	N(13) = 0.999603,	
	N(14) = 0.266487,	N(15) = 0.999603;	Delta[s](0) = 0.0794546,	Delta[s](1) = 0.0594247,	Delta[s](2) = 0.0356107,	
	Delta[s](3) = 0.0594247,	Delta[s](4) = 0.0594247,	Delta[s](5) = 0.0425008,	Delta[s](6) = 0.0196925,	Delta[s](7) = 0.0425008,	
	Delta[s](8) = 0.0356107,	Delta[s](9) = 0.0196925,	Delta[s](10) = 0.000330957,	Delta[s](11) = 0.0196925,	Delta[s](12) = 0.0594247,	
	Delta[s](13) = 0.0425008,	Delta[s](14) = 0.0196925,	Delta[s](15) = 0.0425008;	Delta[d](0) = 0.276681,	Delta[d](1) = 0.189891,	
	Delta[d](2) = 0.199455,	Delta[d](3) = 0.189891,	Delta[d](4) = 0.189891,	Delta[d](5) = 0.176514,	Delta[d](6) = 0.13232,	
	Delta[d](7) = 0.176514,	Delta[d](8) = 0.199455,	Delta[d](9) = 0.13232,	Delta[d](10) = 0.0534529,	Delta[d](11) = 0.13232,	
	Delta[d](12) = 0.189891,	Delta[d](13) = 0.176514,	Delta[d](14) = 0.13232,	Delta[d](15) = 0.176514;	Delta[s+](0) = 0.559382,	
	Delta[s+](1) = 0.416552,	Delta[s+](2) = 0.199455,	Delta[s+](3) = 0.416552,	Delta[s+](4) = 0.416552,	Delta[s+](5) = 0.29108,	
	Delta[s+](6) = 0.125967,	Delta[s+](7) = 0.29108,	Delta[s+](8) = 0.199455,	Delta[s+](9) = 0.125967,	Delta[s+](10) = 0.0381762,	
	Delta[s+](11) = 0.125967,	Delta[s+](12) = 0.416552,	Delta[s+](13) = 0.29108,	Delta[s+](14) = 0.125967,	Delta[s+](15) = 0.29108
	
The 4-th iteration is completed.	|| time cost : 0h 3m 10.111s
********************************************************************************************************************
********************************************************************************************************************
Ground state is obtained after 5 iterations. The current ground-state energy is -33.9549, in which electron energy is -33.9559 and phonon energy is 0.000972523
Final variational state is: 
	Gamma_x = [      1,  1.044,1.00049,  1.044,  1.044,1.00058,1.01961,1.00058,1.00049,1.01961,1.10797,1.01961,  1.044,1.00058,1.01961,1.00058]
	lambda_q = [         3, 0.0921871,0.00677161, 0.0921871, 0.0921871, 0.0074026,-0.0353171, 0.0074026,0.00677161,-0.0353171,-0.0733254,-0.0353171, 0.0921871, 0.0074026,-0.0353171, 0.0074026]
Effective e-e interactions mediated by phonons are:
	momentum-space Vq = [        -1.8,  -0.0573001,-0.000532558,  -0.0573001,  -0.0573001,-0.000581248,  -0.0167028,-0.000581248,-0.000532558,  -0.0167028,  -0.0751831,  -0.0167028,  -0.0573001,-0.000581248,  -0.0167028,-0.000581248]
	real-space Vr = [ -0.135912, -0.112876,  -0.11712, -0.112876, -0.112876, -0.117132, -0.102726, -0.117132,  -0.11712, -0.102726,-0.0989101, -0.102726, -0.112876, -0.117132, -0.102726, -0.117132]
********************************************************************************************************************
o___o  ----------------------------------------
| L |	Time since last clock: 0h 0m 0.009s
A===A	Time since the beginning: 0h 11m 40.772s
***********************************************


Non-Gaussina ED ground state calculation is completed. The final ground-state energy is -33.9549
********************************************************************************************************************
o___o  ----------------------------------------
| L |	Time since last clock: 0h 0m 0.003s
A===A	Time since the beginning: 0h 11m 40.776s
***********************************************



********************************************************************************************************************
All non-Gaussian ED ground state calculations have been completed. Exit now.
