TACC:  Starting up job 4238625 
TACC:  Starting parallel tasks... 
SNEDics v3.4 Non-Gaussian ED ground state program		Start at Tue Aug 27 03:22:36 2019

parallized on 32 MPI threads  * 6 OpenMP threads = 192 total threads.
********************************************************************************************************************
********************************************************************************************************************

********************************************************************************************************************
System parameters and configurations
********************************************************************************************************************
Special program options are enabled: splitted diagonal Hamiltonian
********************************************************************************************************************
Read input file "model_params.in"
	Hubbard-Holstein model parameters : 	t = 1    U = 7.1    g = 2    W = 1    
********************************************************************************************************************
Read input file "hilbertspace_params.in"
	Requested 16-site 2D lattice, with 14 electrons (7, 7)
	Boundary : Periodic		Hilbert space representation : momentum-space (restricted to kIdx = 0)
	Conservation: particle number[U(1)]      spin[U(1)]     momentum
********************************************************************************************************************

Cluster Positions:				Cluster symmetry group : D4
 x ... x ... x ... x .....                       x ... x ... x ... x .....
 |           |           :                       |           |           :
 |           |           :                       |           |           :
12    13    14    15     x                       1     5     6     5     x
 |           |           :                       |           |           :
 |           |           :                       |           |           :
 8 --- 9 ---10 ---11 --- x                       2 --- 6 ---10 --- 6 --- x
 |           |           :                       |           |           :
 |           |           :                       |           |           :
 4     5     6     7     x                       1     5     6     5     x
 |           |           :                       |           |           :
 |           |           :                       |           |           :
 0 --- 1 --- 2 --- 3 --- x                       0 --- 1 --- 2 --- 1 --- x
orbital number : 1
********************************************************************************************************************
Read input file "obs_params.in"
	Observable Type : Nq[All],   Sq[All],   N[All]
********************************************************************************************************************
** WARNING ** the input observables have non-local factors which have been reinterpreted. The total observable number is 48
********************************************************************************************************************


********************************************************************************************************************
Start calculating the non-Gaussian ED ground state
** WARNING ** Detected low phonon energy W < 10. The initial state will be prepared through a warm-up process.
********************************************************************************************************************
Start warm-up calculation for scaling factor 16
open output files: NGSEDWarmUpW16Obs.txt
********************************************************************************************************************
Start the 0 rounds of NGS-ED iteration
	effective electronic model is modified as: kinetic energy t = 1
	                                           effective interaction Vq = [0,0,0,0,0,0,0,0,0,0,0,0,0,0,0,0]
	first Hamiltonian is constructed, non-zero numbers = 2178478298
	PARPACK diagonalization completed after 180 matrix-vector product operations.
	iteration results: : total energy is -12.492134 | electron energy -12.492134 + phonon energy 0.000000 | electron momentum kIdx = 0
	Nq(0) = 12.25,	Nq(1) = 0.162515,	Nq(2) = 0.199719,	Nq(3) = 0.162515,	Nq(4) = 0.162515,	Nq(5) = 0.220834,	Nq(6) = 0.25676,	Nq(7) = 0.220834,	Nq(8) = 0.199719,	Nq(9) = 0.25676,	Nq(10) = 0.300466,	Nq(11) = 0.25676,	Nq(12) = 0.162515,	Nq(13) = 0.220834,	Nq(14) = 0.25676,	Nq(15) = 0.220834,	Sq(0) = 3.46341e-18,	Sq(1) = 0.475147,	Sq(2) = 0.750369,	Sq(3) = 0.475147,	Sq(4) = 0.475147,	Sq(5) = 0.62219,	Sq(6) = 1.01537,	Sq(7) = 0.62219,	Sq(8) = 0.750369,	Sq(9) = 1.01537,	Sq(10) = 2.5381,	Sq(11) = 1.01537,	Sq(12) = 0.475147,	Sq(13) = 0.62219,	Sq(14) = 1.01537,	Sq(15) = 0.62219,	N(0) = 1.7919,	N(1) = 1.64229,	N(2) = 0.277054,	N(3) = 1.64229,	N(4) = 1.64229,	N(5) = 0.999618,	N(6) = 0.236668,	N(7) = 0.999618,	N(8) = 0.277054,	N(9) = 0.236668,	N(10) = 0.139686,	N(11) = 0.236668,	N(12) = 1.64229,	N(13) = 0.999618,	N(14) = 0.236668,	N(15) = 0.999618
The 0-th iteration is completed.	|| time cost : 0h 2m 9.791s
********************************************************************************************************************
Start the 1 rounds of NGS-ED iteration
	effective electronic model is modified as: kinetic energy t = 0.89654
	                                           effective interaction Vq = [-3.83695,-3.67054,-3.55674,-3.67054,-3.67054,-3.58586,-3.50771,-3.58586,-3.55674,-3.50771,-3.45975,-3.50771,-3.67054,-3.58586,-3.50771,-3.58586]
	PARPACK diagonalization completed after 60 matrix-vector product operations.
	iteration results: : total energy is -74.833010 | electron energy -74.841015 + phonon energy 0.008005 | electron momentum kIdx = 0
The 1-th iteration is completed.	|| time cost : 0h 2m 51.512s
********************************************************************************************************************
Start the 2 rounds of NGS-ED iteration
	effective electronic model is modified as: kinetic energy t = 0.845834
	                                           effective interaction Vq = [-3.99335,  -3.938,-3.93703,  -3.938,  -3.938,-3.89397,-3.85943,-3.89397,-3.93703,-3.85943,-3.80098,-3.85943,  -3.938,-3.89397,-3.85943,-3.89397]
	PARPACK diagonalization completed after 45 matrix-vector product operations.
	iteration results: : total energy is -78.373504 | electron energy -78.419696 + phonon energy 0.046192 | electron momentum kIdx = 0
The 2-th iteration is completed.	|| time cost : 0h 0m 22.206s
********************************************************************************************************************
Start the 3 rounds of NGS-ED iteration
	effective electronic model is modified as: kinetic energy t = 0.83445
	                                           effective interaction Vq = [-3.99973,-3.96515,-3.97443,-3.96515,-3.96515,-3.93136,-3.90719,-3.93136,-3.97443,-3.90719,-3.85164,-3.90719,-3.96515,-3.93136,-3.90719,-3.93136]
	PARPACK diagonalization completed after 105 matrix-vector product operations.
	iteration results: : total energy is -78.692222 | electron energy -78.750946 + phonon energy 0.058724 | electron momentum kIdx = 0
The 3-th iteration is completed.	|| time cost : 0h 0m 38.981s
********************************************************************************************************************
Start the 4 rounds of NGS-ED iteration
	effective electronic model is modified as: kinetic energy t = 0.829899
	                                           effective interaction Vq = [-3.99999,-3.96978,-3.97103,-3.96978,-3.96978,-3.96109, -3.9167,-3.96109,-3.97103, -3.9167,-3.87849, -3.9167,-3.96978,-3.96109, -3.9167,-3.96109]
	PARPACK diagonalization completed after 45 matrix-vector product operations.
	iteration results: : total energy is -78.718873 | electron energy -78.781561 + phonon energy 0.062689 | electron momentum kIdx = 0
The 4-th iteration is completed.	|| time cost : 0h 0m 21.077s
********************************************************************************************************************
Start the 5 rounds of NGS-ED iteration
	effective electronic model is modified as: kinetic energy t = 0.828902
	                                           effective interaction Vq = [      -4,-3.97063,-3.96892,-3.97063,-3.97063,-3.96648,-3.91859,-3.96648,-3.96892,-3.91859,-3.88759,-3.91859,-3.97063,-3.96648,-3.91859,-3.96648]
	PARPACK diagonalization completed after 45 matrix-vector product operations.
	iteration results: : total energy is -78.720383 | electron energy -78.784214 + phonon energy 0.063831 | electron momentum kIdx = 0
The 5-th iteration is completed.	|| time cost : 0h 0m 21.184s
********************************************************************************************************************
Start the 6 rounds of NGS-ED iteration
	effective electronic model is modified as: kinetic energy t = 0.828635
	                                           effective interaction Vq = [      -4,-3.97084,-3.96809,-3.97084,-3.97084,-3.96749,-3.91906,-3.96749,-3.96809,-3.91906,-3.89213,-3.91906,-3.97084,-3.96749,-3.91906,-3.96749]
	PARPACK diagonalization completed after 45 matrix-vector product operations.
	iteration results: : total energy is -78.720520 | electron energy -78.784673 + phonon energy 0.064152 | electron momentum kIdx = 0
The 6-th iteration is completed.	|| time cost : 0h 0m 21.101s
********************************************************************************************************************
Start the 7 rounds of NGS-ED iteration
	effective electronic model is modified as: kinetic energy t = 0.82853
	                                           effective interaction Vq = [      -4,-3.97092,-3.96776,-3.97092,-3.97092,-3.96761,-3.91923,-3.96761,-3.96776,-3.91923,-3.89499,-3.91923,-3.97092,-3.96761,-3.91923,-3.96761]
	PARPACK diagonalization completed after 45 matrix-vector product operations.
	iteration results: : total energy is -78.720558 | electron energy -78.784836 + phonon energy 0.064278 | electron momentum kIdx = 0
The 7-th iteration is completed.	|| time cost : 0h 0m 21.143s
********************************************************************************************************************
Start the 8 rounds of NGS-ED iteration
	effective electronic model is modified as: kinetic energy t = 0.82847
	                                           effective interaction Vq = [      -4,-3.97097,-3.96761,-3.97097,-3.97097,-3.96757,-3.91932,-3.96757,-3.96761,-3.91932,  -3.897,-3.91932,-3.97097,-3.96757,-3.91932,-3.96757]
	PARPACK diagonalization completed after 45 matrix-vector product operations.
	iteration results: : total energy is -78.720577 | electron energy -78.784925 + phonon energy 0.064348 | electron momentum kIdx = 0
	Nq(0) = 12.25,	Nq(1) = 0.407679,	Nq(2) = 0.754432,	Nq(3) = 0.407679,	Nq(4) = 0.407679,	Nq(5) = 0.754386,	Nq(6) = 0.670983,	Nq(7) = 0.754386,	Nq(8) = 0.754432,	Nq(9) = 0.670983,	Nq(10) = 0.773885,	Nq(11) = 0.670983,	Nq(12) = 0.407679,	Nq(13) = 0.754386,	Nq(14) = 0.670983,	Nq(15) = 0.754386,	Sq(0) = 1.22347e-18,	Sq(1) = 0.318904,	Sq(2) = 0.351537,	Sq(3) = 0.318904,	Sq(4) = 0.318904,	Sq(5) = 0.351537,	Sq(6) = 0.542872,	Sq(7) = 0.351537,	Sq(8) = 0.351537,	Sq(9) = 0.542872,	Sq(10) = 0.578729,	Sq(11) = 0.542872,	Sq(12) = 0.318904,	Sq(13) = 0.351537,	Sq(14) = 0.542872,	Sq(15) = 0.351537,	N(0) = 1.99588,	N(1) = 1.98918,	N(2) = 0.668825,	N(3) = 1.98918,	N(4) = 1.98918,	N(5) = 0.668906,	N(6) = 0.00771601,	N(7) = 0.668906,	N(8) = 0.668825,	N(9) = 0.00771601,	N(10) = 0.00325497,	N(11) = 0.00771601,	N(12) = 1.98918,	N(13) = 0.668906,	N(14) = 0.00771601,	N(15) = 0.668906
The 8-th iteration is completed.	|| time cost : 0h 0m 51.412s
********************************************************************************************************************
********************************************************************************************************************
Ground state is obtained after 9 iterations. The current ground-state energy is -78.7206, in which electron energy is -78.7849 and phonon energy is 0.0643483
final variational state is: 
	Gamma_x = [      1,  1.016,1.03142,  1.016,  1.016,1.03142, 1.0417,1.03142,1.03142, 1.0417,1.05305, 1.0417,  1.016,1.03142, 1.0417,1.03142]
	lambda_q = [     0.5,0.457427,0.454942,0.457427,0.457427,0.454936,0.429018,0.454936,0.454942,0.429018,0.420358,0.429018,0.457427,0.454936,0.429018,0.454936]
********************************************************************************************************************
o___o  ----------------------------------------
| L |	Time since last clock: 0h 0m 0s
A===A	Time since the beginning: 0h 8m 18.41s
***********************************************

********************************************************************************************************************
Start warm-up calculation for scaling factor 8
open output files: NGSEDWarmUpW8Obs.txt
********************************************************************************************************************
Start the 0 rounds of NGS-ED iteration
	effective electronic model is modified as: kinetic energy t = 0.828428
	                                           effective interaction Vq = [-3.65685,-3.50128, -3.4913,-3.50128,-3.50128,-3.49128,-3.38133,-3.49128, -3.4913,-3.38133, -3.3422,-3.38133,-3.50128,-3.49128,-3.38133,-3.49128]
	PARPACK diagonalization completed after 120 matrix-vector product operations.
	iteration results: : total energy is -70.088673 | electron energy -70.120872 + phonon energy 0.032199 | electron momentum kIdx = 0
	Nq(0) = 12.25,	Nq(1) = 0.373372,	Nq(2) = 0.462332,	Nq(3) = 0.373372,	Nq(4) = 0.373372,	Nq(5) = 0.453569,	Nq(6) = 0.589664,	Nq(7) = 0.453569,	Nq(8) = 0.462332,	Nq(9) = 0.589664,	Nq(10) = 0.595668,	Nq(11) = 0.589664,	Nq(12) = 0.373372,	Nq(13) = 0.453569,	Nq(14) = 0.589664,	Nq(15) = 0.453569,	Sq(0) = 1.6162e-17,	Sq(1) = 0.381873,	Sq(2) = 0.625445,	Sq(3) = 0.381873,	Sq(4) = 0.381873,	Sq(5) = 0.648338,	Sq(6) = 0.638685,	Sq(7) = 0.648338,	Sq(8) = 0.625445,	Sq(9) = 0.638685,	Sq(10) = 0.636771,	Sq(11) = 0.638685,	Sq(12) = 0.381873,	Sq(13) = 0.648338,	Sq(14) = 0.638685,	Sq(15) = 0.648338,	N(0) = 1.99943,	N(1) = 1.99892,	N(2) = 0.701436,	N(3) = 1.99892,	N(4) = 1.99892,	N(5) = 0.649674,	N(6) = 0.000727074,	N(7) = 0.649674,	N(8) = 0.701436,	N(9) = 0.000727074,	N(10) = 0.000402252,	N(11) = 0.000727074,	N(12) = 1.99892,	N(13) = 0.649674,	N(14) = 0.000727074,	N(15) = 0.649674
The 0-th iteration is completed.	|| time cost : 0h 0m 57.105s
********************************************************************************************************************
Start the 1 rounds of NGS-ED iteration
	effective electronic model is modified as: kinetic energy t = 0.790186
	                                           effective interaction Vq = [-3.93072, -3.7796,-3.69495, -3.7796, -3.7796,-3.69021,-3.63066,-3.69021,-3.69495,-3.63066,-3.53318,-3.63066, -3.7796,-3.69021,-3.63066,-3.69021]
	PARPACK diagonalization completed after 75 matrix-vector product operations.
	iteration results: : total energy is -74.357037 | electron energy -74.487611 + phonon energy 0.130574 | electron momentum kIdx = 0
The 1-th iteration is completed.	|| time cost : 0h 0m 28.122s
********************************************************************************************************************
Start the 2 rounds of NGS-ED iteration
	effective electronic model is modified as: kinetic energy t = 0.762786
	                                           effective interaction Vq = [-3.98601,-3.86959,-3.84257,-3.86959,-3.86959,-3.83945,-3.72879,-3.83945,-3.84257,-3.72879,-3.61681,-3.72879,-3.86959,-3.83945,-3.72879,-3.83945]
	PARPACK diagonalization completed after 45 matrix-vector product operations.
	iteration results: : total energy is -75.425780 | electron energy -75.618029 + phonon energy 0.192249 | electron momentum kIdx = 0
The 2-th iteration is completed.	|| time cost : 0h 0m 18.458s
********************************************************************************************************************
Start the 3 rounds of NGS-ED iteration
	effective electronic model is modified as: kinetic energy t = 0.750477
	                                           effective interaction Vq = [-3.99718,-3.90057,-3.89251,-3.90057,-3.90057,-3.89087,-3.76729,-3.89087,-3.89251,-3.76729,-3.65352,-3.76729,-3.90057,-3.89087,-3.76729,-3.89087]
	PARPACK diagonalization completed after 45 matrix-vector product operations.
	iteration results: : total energy is -75.640925 | electron energy -75.866089 + phonon energy 0.225164 | electron momentum kIdx = 0
The 3-th iteration is completed.	|| time cost : 0h 0m 21.992s
********************************************************************************************************************
Start the 4 rounds of NGS-ED iteration
	effective electronic model is modified as: kinetic energy t = 0.745022
	                                           effective interaction Vq = [-3.99943,-3.91244,-3.91121,-3.91244,-3.91244,-3.91035,-3.78357,-3.91035,-3.91121,-3.78357,-3.67047,-3.78357,-3.91244,-3.91035,-3.78357,-3.91035]
	PARPACK diagonalization completed after 45 matrix-vector product operations.
	iteration results: : total energy is -75.683656 | electron energy -75.924415 + phonon energy 0.240760 | electron momentum kIdx = 0
The 4-th iteration is completed.	|| time cost : 0h 0m 21.297s
********************************************************************************************************************
Start the 5 rounds of NGS-ED iteration
	effective electronic model is modified as: kinetic energy t = 0.742618
	                                           effective interaction Vq = [-3.99988,-3.91727,-3.91867,-3.91727,-3.91727,-3.91821,-3.79075,-3.91821,-3.91867,-3.79075,-3.67851,-3.79075,-3.91727,-3.91821,-3.79075,-3.91821]
	PARPACK diagonalization completed after 45 matrix-vector product operations.
	iteration results: : total energy is -75.692096 | electron energy -75.939935 + phonon energy 0.247839 | electron momentum kIdx = 0
The 5-th iteration is completed.	|| time cost : 0h 0m 20.626s
********************************************************************************************************************
Start the 6 rounds of NGS-ED iteration
	effective electronic model is modified as: kinetic energy t = 0.741559
	                                           effective interaction Vq = [-3.99998, -3.9193,-3.92173, -3.9193, -3.9193,-3.92148,-3.79398,-3.92148,-3.92173,-3.79398,-3.68236,-3.79398, -3.9193,-3.92148,-3.79398,-3.92148]
	PARPACK diagonalization completed after 45 matrix-vector product operations.
	iteration results: : total energy is -75.693762 | electron energy -75.944766 + phonon energy 0.251004 | electron momentum kIdx = 0
The 6-th iteration is completed.	|| time cost : 0h 0m 19.05s
********************************************************************************************************************
Start the 7 rounds of NGS-ED iteration
	effective electronic model is modified as: kinetic energy t = 0.741092
	                                           effective interaction Vq = [      -4,-3.92016,  -3.923,-3.92016,-3.92016,-3.92287,-3.79545,-3.92287,  -3.923,-3.79545,-3.68423,-3.79545,-3.92016,-3.92287,-3.79545,-3.92287]
	PARPACK diagonalization completed after 45 matrix-vector product operations.
	iteration results: : total energy is -75.694091 | electron energy -75.946504 + phonon energy 0.252413 | electron momentum kIdx = 0
The 7-th iteration is completed.	|| time cost : 0h 0m 18.153s
********************************************************************************************************************
Start the 8 rounds of NGS-ED iteration
	effective electronic model is modified as: kinetic energy t = 0.740886
	                                           effective interaction Vq = [      -4,-3.92054,-3.92353,-3.92054,-3.92054,-3.92346,-3.79612,-3.92346,-3.92353,-3.79612,-3.68513,-3.79612,-3.92054,-3.92346,-3.79612,-3.92346]
	PARPACK diagonalization completed after 30 matrix-vector product operations.
	iteration results: : total energy is -75.694156 | electron energy -75.947196 + phonon energy 0.253040 | electron momentum kIdx = 0
The 8-th iteration is completed.	|| time cost : 0h 0m 15.317s
********************************************************************************************************************
Start the 9 rounds of NGS-ED iteration
	effective electronic model is modified as: kinetic energy t = 0.740794
	                                           effective interaction Vq = [      -4, -3.9207,-3.92375, -3.9207, -3.9207,-3.92371,-3.79643,-3.92371,-3.92375,-3.79643,-3.68557,-3.79643, -3.9207,-3.92371,-3.79643,-3.92371]
	PARPACK diagonalization completed after 30 matrix-vector product operations.
	iteration results: : total energy is -75.694169 | electron energy -75.947489 + phonon energy 0.253320 | electron momentum kIdx = 0
	Nq(0) = 12.25,	Nq(1) = 0.401461,	Nq(2) = 0.785698,	Nq(3) = 0.401461,	Nq(4) = 0.401461,	Nq(5) = 0.785638,	Nq(6) = 0.636468,	Nq(7) = 0.785638,	Nq(8) = 0.785698,	Nq(9) = 0.636468,	Nq(10) = 0.625165,	Nq(11) = 0.636468,	Nq(12) = 0.401461,	Nq(13) = 0.785638,	Nq(14) = 0.636468,	Nq(15) = 0.785638,	Sq(0) = -2.03325e-18,	Sq(1) = 0.328173,	Sq(2) = 0.357164,	Sq(3) = 0.328173,	Sq(4) = 0.328173,	Sq(5) = 0.357164,	Sq(6) = 0.554461,	Sq(7) = 0.357164,	Sq(8) = 0.357164,	Sq(9) = 0.554461,	Sq(10) = 0.585655,	Sq(11) = 0.554461,	Sq(12) = 0.328173,	Sq(13) = 0.357164,	Sq(14) = 0.554461,	Sq(15) = 0.357164,	N(0) = 1.99674,	N(1) = 1.99059,	N(2) = 0.668418,	N(3) = 1.99059,	N(4) = 1.99059,	N(5) = 0.668533,	N(6) = 0.0068935,	N(7) = 0.668533,	N(8) = 0.668418,	N(9) = 0.0068935,	N(10) = 0.0023458,	N(11) = 0.0068935,	N(12) = 1.99059,	N(13) = 0.668533,	N(14) = 0.0068935,	N(15) = 0.668533
The 9-th iteration is completed.	|| time cost : 0h 0m 40.208s
********************************************************************************************************************
********************************************************************************************************************
Ground state is obtained after 10 iterations. The current ground-state energy is -75.6942, in which electron energy is -75.9475 and phonon energy is 0.25332
final variational state is: 
	Gamma_x = [      1,1.04971,1.09776,1.04971,1.04971,1.09775,1.11728,1.09775,1.09776,1.11728,1.13398,1.11728,1.04971,1.09775,1.11728,1.09775]
	lambda_q = [0.707037,0.607587,0.609536,0.607587,0.607587,0.609523,0.547645,0.609523,0.609536,0.547645,0.508921,0.547645,0.607587,0.609523,0.547645,0.609523]
********************************************************************************************************************
o___o  ----------------------------------------
| L |	Time since last clock: 0h 0m 0s
A===A	Time since the beginning: 0h 12m 38.744s
***********************************************

********************************************************************************************************************
Start warm-up calculation for scaling factor 4
open output files: NGSEDWarmUpW4Obs.txt
********************************************************************************************************************
Start the 0 rounds of NGS-ED iteration
	effective electronic model is modified as: kinetic energy t = 0.740754
	                                           effective interaction Vq = [-3.65669,-3.38405,-3.39015,-3.38405,-3.38405,-3.39011, -3.1815,-3.39011,-3.39015, -3.1815,-3.03536, -3.1815,-3.38405,-3.39011, -3.1815,-3.39011]
	PARPACK diagonalization completed after 150 matrix-vector product operations.
	iteration results: : total energy is -66.824140 | electron energy -66.950863 + phonon energy 0.126723 | electron momentum kIdx = 0
	Nq(0) = 12.25,	Nq(1) = 0.349721,	Nq(2) = 0.372294,	Nq(3) = 0.349721,	Nq(4) = 0.349721,	Nq(5) = 0.487427,	Nq(6) = 0.541585,	Nq(7) = 0.487427,	Nq(8) = 0.372294,	Nq(9) = 0.541585,	Nq(10) = 0.549426,	Nq(11) = 0.541585,	Nq(12) = 0.349721,	Nq(13) = 0.487427,	Nq(14) = 0.541585,	Nq(15) = 0.487427,	Sq(0) = -3.4086e-18,	Sq(1) = 0.394931,	Sq(2) = 0.573588,	Sq(3) = 0.394931,	Sq(4) = 0.394931,	Sq(5) = 0.525308,	Sq(6) = 0.665806,	Sq(7) = 0.525308,	Sq(8) = 0.573588,	Sq(9) = 0.665806,	Sq(10) = 1.4497,	Sq(11) = 0.665806,	Sq(12) = 0.394931,	Sq(13) = 0.525308,	Sq(14) = 0.665806,	Sq(15) = 0.525308,	N(0) = 1.99684,	N(1) = 1.99286,	N(2) = 0.00440419,	N(3) = 1.99286,	N(4) = 1.99286,	N(5) = 0.999861,	N(6) = 0.0052297,	N(7) = 0.99986,	N(8) = 0.00440419,	N(9) = 0.0052297,	N(10) = 0.00255367,	N(11) = 0.0052297,	N(12) = 1.99286,	N(13) = 0.999861,	N(14) = 0.0052297,	N(15) = 0.999861
The 0-th iteration is completed.	|| time cost : 0h 1m 7.478s
********************************************************************************************************************
Start the 1 rounds of NGS-ED iteration
	effective electronic model is modified as: kinetic energy t = 0.731401
	                                           effective interaction Vq = [-3.84574,-3.54408,-3.38345,-3.54408,-3.54408,-3.47703,-3.28816,-3.47703,-3.38345,-3.28816,-3.11057,-3.28816,-3.54408,-3.47703,-3.28816,-3.47703]
	PARPACK diagonalization completed after 45 matrix-vector product operations.
	iteration results: : total energy is -69.408450 | electron energy -69.718699 + phonon energy 0.310249 | electron momentum kIdx = 0
The 1-th iteration is completed.	|| time cost : 0h 0m 21.257s
********************************************************************************************************************
Start the 2 rounds of NGS-ED iteration
	effective electronic model is modified as: kinetic energy t = 0.719936
	                                           effective interaction Vq = [-3.93069,-3.64571,-3.39424,-3.64571,-3.64571,-3.54041,-3.37349,-3.54041,-3.39424,-3.37349,-3.17947,-3.37349,-3.64571,-3.54041,-3.37349,-3.54041]
	PARPACK diagonalization completed after 45 matrix-vector product operations.
	iteration results: : total energy is -70.575978 | electron energy -71.010554 + phonon energy 0.434576 | electron momentum kIdx = 0
The 2-th iteration is completed.	|| time cost : 0h 0m 21.103s
********************************************************************************************************************
Start the 3 rounds of NGS-ED iteration
	effective electronic model is modified as: kinetic energy t = 0.709962
	                                           effective interaction Vq = [-3.96886,-3.71143,-3.40786,-3.71143,-3.71143,-3.58431,-3.43682,-3.58431,-3.40786,-3.43682,-3.23198,-3.43682,-3.71143,-3.58431,-3.43682,-3.58431]
	PARPACK diagonalization completed after 45 matrix-vector product operations.
	iteration results: : total energy is -71.108863 | electron energy -71.622915 + phonon energy 0.514053 | electron momentum kIdx = 0
The 3-th iteration is completed.	|| time cost : 0h 0m 18.828s
********************************************************************************************************************
Start the 4 rounds of NGS-ED iteration
	effective electronic model is modified as: kinetic energy t = 0.702145
	                                           effective interaction Vq = [-3.98601,-3.75458, -3.4199,-3.75458,-3.75458,-3.61417,-3.48267,-3.61417, -3.4199,-3.48267,-3.26975,-3.48267,-3.75458,-3.61417,-3.48267,-3.61417]
	PARPACK diagonalization completed after 45 matrix-vector product operations.
	iteration results: : total energy is -71.352980 | electron energy -71.919102 + phonon energy 0.566123 | electron momentum kIdx = 0
The 4-th iteration is completed.	|| time cost : 0h 0m 19.418s
********************************************************************************************************************
Start the 5 rounds of NGS-ED iteration
	effective electronic model is modified as: kinetic energy t = 0.696286
	                                           effective interaction Vq = [-3.99371,-3.78332, -3.4295,-3.78332,-3.78332,-3.63438,-3.51566,-3.63438, -3.4295,-3.51566,-3.29638,-3.51566,-3.78332,-3.63438,-3.51566,-3.63438]
	PARPACK diagonalization completed after 45 matrix-vector product operations.
	iteration results: : total energy is -71.465034 | electron energy -72.066324 + phonon energy 0.601290 | electron momentum kIdx = 0
The 5-th iteration is completed.	|| time cost : 0h 0m 20.855s
********************************************************************************************************************
Start the 6 rounds of NGS-ED iteration
	effective electronic model is modified as: kinetic energy t = 0.691992
	                                           effective interaction Vq = [-3.99717,-3.80267,-3.43682,-3.80267,-3.80267,-3.64805,-3.53939,-3.64805,-3.43683,-3.53939,-3.31504,-3.53939,-3.80267,-3.64805,-3.53939,-3.64805]
	PARPACK diagonalization completed after 45 matrix-vector product operations.
	iteration results: : total energy is -71.516557 | electron energy -72.142131 + phonon energy 0.625575 | electron momentum kIdx = 0
The 6-th iteration is completed.	|| time cost : 0h 0m 20.826s
********************************************************************************************************************
Start the 7 rounds of NGS-ED iteration
	effective electronic model is modified as: kinetic energy t = 0.68888
	                                           effective interaction Vq = [-3.99873,-3.81583, -3.4423,-3.81583,-3.81583, -3.6573, -3.5565, -3.6573, -3.4423, -3.5565, -3.3281, -3.5565,-3.81583, -3.6573, -3.5565, -3.6573]
	PARPACK diagonalization completed after 135 matrix-vector product operations.
	iteration results: : total energy is -71.619011 | electron energy -72.261594 + phonon energy 0.642582 | electron momentum kIdx = 0
The 7-th iteration is completed.	|| time cost : 0h 0m 39.09s
********************************************************************************************************************
Start the 8 rounds of NGS-ED iteration
	effective electronic model is modified as: kinetic energy t = 0.678776
	                                           effective interaction Vq = [-3.99943,-3.81983,-3.50246,-3.81983,-3.81983,-3.73854,-3.56685,-3.73854,-3.50246,-3.56685,-3.34111,-3.56685,-3.81983,-3.73854,-3.56685,-3.73854]
	PARPACK diagonalization completed after 60 matrix-vector product operations.
	iteration results: : total energy is -71.717829 | electron energy -72.380616 + phonon energy 0.662786 | electron momentum kIdx = 0
The 8-th iteration is completed.	|| time cost : 0h 0m 24.142s
********************************************************************************************************************
Start the 9 rounds of NGS-ED iteration
	effective electronic model is modified as: kinetic energy t = 0.671158
	                                           effective interaction Vq = [-3.99974,-3.82203, -3.5693,-3.82203,-3.82203,-3.78969, -3.5723,-3.78969, -3.5693, -3.5723,-3.35033, -3.5723,-3.82203,-3.78969, -3.5723,-3.78969]
	PARPACK diagonalization completed after 60 matrix-vector product operations.
	iteration results: : total energy is -71.776389 | electron energy -72.462003 + phonon energy 0.685614 | electron momentum kIdx = 0
The 9-th iteration is completed.	|| time cost : 0h 0m 24.14s
********************************************************************************************************************
Start the 10 rounds of NGS-ED iteration
	effective electronic model is modified as: kinetic energy t = 0.665741
	                                           effective interaction Vq = [-3.99988,-3.82295,-3.62689,-3.82295,-3.82295,-3.82114,-3.57479,-3.82114,-3.62689,-3.57479,-3.35646,-3.57479,-3.82295,-3.82114,-3.57479,-3.82114]
	PARPACK diagonalization completed after 60 matrix-vector product operations.
	iteration results: : total energy is -71.809168 | electron energy -72.515108 + phonon energy 0.705940 | electron momentum kIdx = 0
	Nq(0) = 12.25,	Nq(1) = 0.406359,	Nq(2) = 0.567985,	Nq(3) = 0.406359,	Nq(4) = 0.406359,	Nq(5) = 0.85353,	Nq(6) = 0.594059,	Nq(7) = 0.85353,	Nq(8) = 0.567985,	Nq(9) = 0.594059,	Nq(10) = 0.569756,	Nq(11) = 0.594059,	Nq(12) = 0.406359,	Nq(13) = 0.85353,	Nq(14) = 0.594059,	Nq(15) = 0.85353,	Sq(0) = -2.32876e-18,	Sq(1) = 0.34672,	Sq(2) = 0.370899,	Sq(3) = 0.34672,	Sq(4) = 0.34672,	Sq(5) = 0.387803,	Sq(6) = 0.584729,	Sq(7) = 0.387803,	Sq(8) = 0.370899,	Sq(9) = 0.584729,	Sq(10) = 0.609676,	Sq(11) = 0.584729,	Sq(12) = 0.34672,	Sq(13) = 0.387803,	Sq(14) = 0.584729,	Sq(15) = 0.387803,	N(0) = 1.9956,	N(1) = 1.99295,	N(2) = 1.16742,	N(3) = 1.99295,	N(4) = 1.99295,	N(5) = 0.419012,	N(6) = 0.00524349,	N(7) = 0.419012,	N(8) = 1.16742,	N(9) = 0.00524349,	N(10) = 0.000729223,	N(11) = 0.00524349,	N(12) = 1.99295,	N(13) = 0.419012,	N(14) = 0.00524349,	N(15) = 0.419012
The 10-th iteration is completed.	|| time cost : 0h 0m 57.492s
********************************************************************************************************************
Start the 11 rounds of NGS-ED iteration
	effective electronic model is modified as: kinetic energy t = 0.661937
	                                           effective interaction Vq = [-3.99995,-3.82312,-3.67354,-3.82312,-3.82312,-3.84035,-3.57558,-3.84035,-3.67354,-3.57558, -3.3604,-3.57558,-3.82312,-3.84035,-3.57558,-3.84035]
	PARPACK diagonalization completed after 45 matrix-vector product operations.
	iteration results: : total energy is -71.827575 | electron energy -72.549767 + phonon energy 0.722192 | electron momentum kIdx = 0
The 11-th iteration is completed.	|| time cost : 0h 0m 21.202s
********************************************************************************************************************
Start the 12 rounds of NGS-ED iteration
	effective electronic model is modified as: kinetic energy t = 0.659269
	                                           effective interaction Vq = [-3.99998, -3.8229,-3.71061, -3.8229, -3.8229,-3.85192,-3.57547,-3.85192,-3.71061,-3.57547,-3.36287,-3.57547, -3.8229,-3.85192,-3.57547,-3.85192]
	PARPACK diagonalization completed after 45 matrix-vector product operations.
	iteration results: : total energy is -71.838248 | electron energy -72.572719 + phonon energy 0.734471 | electron momentum kIdx = 0
The 12-th iteration is completed.	|| time cost : 0h 0m 21.005s
********************************************************************************************************************
Start the 13 rounds of NGS-ED iteration
	effective electronic model is modified as: kinetic energy t = 0.657397
	                                           effective interaction Vq = [-3.99999,-3.82251,-3.73991,-3.82251,-3.82251, -3.8587,-3.57492, -3.8587,-3.73991,-3.57492,-3.36438,-3.57492,-3.82251, -3.8587,-3.57492, -3.8587]
	PARPACK diagonalization completed after 45 matrix-vector product operations.
	iteration results: : total energy is -71.844717 | electron energy -72.588177 + phonon energy 0.743460 | electron momentum kIdx = 0
The 13-th iteration is completed.	|| time cost : 0h 0m 20.701s
********************************************************************************************************************
Start the 14 rounds of NGS-ED iteration
	effective electronic model is modified as: kinetic energy t = 0.656081
	                                           effective interaction Vq = [      -4,-3.82206,-3.76305,-3.82206,-3.82206,-3.86244,-3.57418,-3.86244,-3.76305,-3.57418,-3.36527,-3.57418,-3.82206,-3.86244,-3.57418,-3.86244]
	PARPACK diagonalization completed after 45 matrix-vector product operations.
	iteration results: : total energy is -71.848810 | electron energy -72.598735 + phonon energy 0.749925 | electron momentum kIdx = 0
The 14-th iteration is completed.	|| time cost : 0h 0m 20.618s
********************************************************************************************************************
Start the 15 rounds of NGS-ED iteration
	effective electronic model is modified as: kinetic energy t = 0.655157
	                                           effective interaction Vq = [      -4,-3.82163,-3.78132,-3.82163,-3.82163,-3.86425,-3.57342,-3.86425,-3.78132,-3.57342,-3.36578,-3.57342,-3.82163,-3.86425,-3.57342,-3.86425]
	PARPACK diagonalization completed after 45 matrix-vector product operations.
	iteration results: : total energy is -71.851491 | electron energy -72.606018 + phonon energy 0.754527 | electron momentum kIdx = 0
The 15-th iteration is completed.	|| time cost : 0h 0m 20.697s
********************************************************************************************************************
Start the 16 rounds of NGS-ED iteration
	effective electronic model is modified as: kinetic energy t = 0.654508
	                                           effective interaction Vq = [      -4,-3.82124, -3.7958,-3.82124,-3.82124,-3.86486,-3.57271,-3.86486, -3.7958,-3.57271,-3.36604,-3.57271,-3.82124,-3.86486,-3.57271,-3.86486]
	PARPACK diagonalization completed after 45 matrix-vector product operations.
	iteration results: : total energy is -71.853289 | electron energy -72.611072 + phonon energy 0.757784 | electron momentum kIdx = 0
The 16-th iteration is completed.	|| time cost : 0h 0m 20.95s
********************************************************************************************************************
Start the 17 rounds of NGS-ED iteration
	effective electronic model is modified as: kinetic energy t = 0.654053
	                                           effective interaction Vq = [      -4, -3.8209,-3.80729, -3.8209, -3.8209,-3.86475,-3.57208,-3.86475,-3.80729,-3.57208,-3.36615,-3.57208, -3.8209,-3.86475,-3.57208,-3.86475]
	PARPACK diagonalization completed after 45 matrix-vector product operations.
	iteration results: : total energy is -71.854512 | electron energy -72.614591 + phonon energy 0.760078 | electron momentum kIdx = 0
The 17-th iteration is completed.	|| time cost : 0h 0m 20.857s
********************************************************************************************************************
Start the 18 rounds of NGS-ED iteration
	effective electronic model is modified as: kinetic energy t = 0.653734
	                                           effective interaction Vq = [      -4,-3.82062,-3.81643,-3.82062,-3.82062, -3.8642,-3.57153, -3.8642,-3.81643,-3.57153,-3.36618,-3.57153,-3.82062, -3.8642,-3.57153, -3.8642]
	PARPACK diagonalization completed after 45 matrix-vector product operations.
	iteration results: : total energy is -71.855353 | electron energy -72.617042 + phonon energy 0.761690 | electron momentum kIdx = 0
The 18-th iteration is completed.	|| time cost : 0h 0m 20.379s
********************************************************************************************************************
Start the 19 rounds of NGS-ED iteration
	effective electronic model is modified as: kinetic energy t = 0.653512
	                                           effective interaction Vq = [      -4,-3.82039,-3.82373,-3.82039,-3.82039,-3.86344,-3.57108,-3.86344,-3.82373,-3.57108,-3.36617,-3.57108,-3.82039,-3.86344,-3.57108,-3.86344]
	PARPACK diagonalization completed after 45 matrix-vector product operations.
	iteration results: : total energy is -71.855932 | electron energy -72.618751 + phonon energy 0.762819 | electron momentum kIdx = 0
The 19-th iteration is completed.	|| time cost : 0h 0m 20.321s
********************************************************************************************************************
Start the 20 rounds of NGS-ED iteration
	effective electronic model is modified as: kinetic energy t = 0.653357
	                                           effective interaction Vq = [      -4,-3.82021,-3.82958,-3.82021,-3.82021,-3.86257,-3.57071,-3.86257,-3.82958,-3.57071,-3.36613,-3.57071,-3.82021,-3.86257,-3.57071,-3.86257]
	PARPACK diagonalization completed after 30 matrix-vector product operations.
	iteration results: : total energy is -71.856333 | electron energy -72.619939 + phonon energy 0.763607 | electron momentum kIdx = 0
