SNEDics v3.22.2 Non-Gaussian ED ground state program		Start at Fri May  6 09:29:50 2022

Parallelization: 32 MPI threads  * 8 OpenMP threads = 256 total threads.
********************************************************************************************************************
********************************************************************************************************************

********************************************************************************************************************
System parameters and configurations
	special program options are enabled: splitted diagonal Hamiltonian | splitted Hamiltonian terms
********************************************************************************************************************
Read input file "model_params.in"
	Hubbard-Holstein model parameters : 	t = 1    t' = -0.3    U = 8    g = 0.25    W = 0.2    g' = 0.2    
********************************************************************************************************************
Read input file "hilbertspace_params.in"
	Requested 16-site 2D lattice, with 8 electrons (4, 4)
	Boundary : Periodic		Hilbert space representation : momentum-space (restricted to kIdx = 10)
	Conservation: particle number[U(1)]      spin[U(1)]     momentum
********************************************************************************************************************

Cluster Positions:				Cluster symmetry group : D4
 x ... x ... x ... x .....                       x ... x ... x ... x .....
 |           |           :                       |           |           :
 |           |           :                       |           |           :
12    13    14    15     x                       1     5     6     5     x
 |           |           :                       |           |           :
 |           |           :                       |           |           :
 8 --- 9 ---10 ---11 --- x                       2 --- 6 ---10 --- 6 --- x
 |           |           :                       |           |           :
 |           |           :                       |           |           :
 4     5     6     7     x                       1     5     6     5     x
 |           |           :                       |           |           :
 |           |           :                       |           |           :
 0 --- 1 --- 2 --- 3 --- x                       0 --- 1 --- 2 --- 1 --- x
orbital number : 1
********************************************************************************************************************
Read input file "obs_params.in"
	Observable Type : Nq(All),   Sq(All),   N(All-Orbital),   Delta[s](All),   Delta[d](All),   Delta[s+](All)
** WARNING ** the input observables have non-local factors which have been reinterpreted. The total observable number is 96
********************************************************************************************************************


********************************************************************************************************************
Start calculating the non-Gaussian ED ground state
Maximal iteration number is 1000; energy resolution is 1e-06. Phonon state relaxation time is 2000
W = 0.2 is relatively large. The non-Gaussian ED calculation starts directly.
open output files: NGSED_iteration_observables.txt
********************************************************************************************************************
Start the 0 rounds of NGS-ED iteration
	effective electronic model is modified as: kinetic energy t = 1, t' = -0.3
	                                           effective interaction Vq = [0,0,0,0,0,0,0,0,0,0,0,0,0,0,0,0]
	first Hamiltonian is constructed, size = 207168 and non-zero numbers = 32240256
	PARPACK diagonalization completed after 105 matrix-vector product operations.
	iteration results: : total energy is -14.405877 | electron energy -14.405877 + phonon energy 0.000000 | electron momentum kIdx = 10
	Nq(0) = 4,	Nq(1) = 0.191255,	Nq(2) = 0.234333,	Nq(3) = 0.191255,	Nq(4) = 0.191255,	Nq(5) = 0.305984,	
	Nq(6) = 0.331756,	Nq(7) = 0.305984,	Nq(8) = 0.234333,	Nq(9) = 0.331756,	Nq(10) = 0.361611,	
	Nq(11) = 0.331756,	Nq(12) = 0.191255,	Nq(13) = 0.305984,	Nq(14) = 0.331756,	Nq(15) = 0.305984;	
	Sq(0) = -3.48352e-18,	Sq(1) = 0.388709,	Sq(2) = 0.400904,	Sq(3) = 0.388709,	Sq(4) = 0.388709,	
	Sq(5) = 0.66772,	Sq(6) = 0.571758,	Sq(7) = 0.66772,	Sq(8) = 0.400904,	Sq(9) = 0.571758,	
	Sq(10) = 0.539189,	Sq(11) = 0.571758,	Sq(12) = 0.388709,	Sq(13) = 0.66772,	Sq(14) = 0.571758,	
	Sq(15) = 0.66772;	N(0) = 1.74885,	N(1) = 0.991935,	N(2) = 0.972078,	N(3) = 0.991935,	
	N(4) = 0.991935,	N(5) = 0.0652548,	N(6) = 0.0181601,	N(7) = 0.0652548,	N(8) = 0.972078,	
	N(9) = 0.0181601,	N(10) = 0.00559157,	N(11) = 0.0181601,	N(12) = 0.991935,	N(13) = 0.0652548,	
	N(14) = 0.0181601,	N(15) = 0.0652548;	Delta[s](0) = 0.0132074,	Delta[s](1) = 0.009682,	Delta[s](2) = 0.00864054,	
	Delta[s](3) = 0.009682,	Delta[s](4) = 0.009682,	Delta[s](5) = 0.000599523,	Delta[s](6) = 0.000351313,	Delta[s](7) = 0.000599523,	
	Delta[s](8) = 0.00864054,	Delta[s](9) = 0.000351313,	Delta[s](10) = 0.000107586,	Delta[s](11) = 0.000351313,	Delta[s](12) = 0.009682,	
	Delta[s](13) = 0.000599523,	Delta[s](14) = 0.000351313,	Delta[s](15) = 0.000599523;	Delta[d](0) = 0.0196608,	Delta[d](1) = 0.0627719,	
	Delta[d](2) = 0.127094,	Delta[d](3) = 0.0627719,	Delta[d](4) = 0.0627719,	Delta[d](5) = 0.0790449,	Delta[d](6) = 0.159757,	
	Delta[d](7) = 0.0790449,	Delta[d](8) = 0.127094,	Delta[d](9) = 0.159757,	Delta[d](10) = 0.2791,	Delta[d](11) = 0.159757,	
	Delta[d](12) = 0.0627719,	Delta[d](13) = 0.0790449,	Delta[d](14) = 0.159757,	Delta[d](15) = 0.0790449;	Delta[s+](0) = 0.225867,	
	Delta[s+](1) = 0.153307,	Delta[s+](2) = 0.127094,	Delta[s+](3) = 0.153307,	Delta[s+](4) = 0.153307,	Delta[s+](5) = 0.00983832,	
	Delta[s+](6) = 0.0211778,	Delta[s+](7) = 0.00983832,	Delta[s+](8) = 0.127094,	Delta[s+](9) = 0.0211778,	Delta[s+](10) = 0.00336277,	
	Delta[s+](11) = 0.0211778,	Delta[s+](12) = 0.153307,	Delta[s+](13) = 0.00983832,	Delta[s+](14) = 0.0211778,	Delta[s+](15) = 0.00983832
	
The 0-th iteration is completed.	|| time cost : 0h 0m 4.909s
********************************************************************************************************************
Start the 1 rounds of NGS-ED iteration
	effective electronic model is modified as: kinetic energy t = 0.985649, t' = -0.293107
	                                           effective interaction Vq = [   -5.5125, -0.424463,-0.0299935, -0.424463, -0.424463,-0.0396922,-0.0102554,-0.0396922,-0.0299935,-0.0102554, -0.143394,-0.0102554, -0.424463,-0.0396922,-0.0102554,-0.0396922]
	PARPACK diagonalization completed after 30 matrix-vector product operations.
	iteration results: : total energy is -36.667469 | electron energy -36.699833 + phonon energy 0.032364 | electron momentum kIdx = 10
The 1-th iteration is completed.	|| time cost : 0h 0m 3.436s
********************************************************************************************************************
Start the 2 rounds of NGS-ED iteration
	effective electronic model is modified as: kinetic energy t = 0.984215, t' = -0.292252
	                                           effective interaction Vq = [   -5.5125, -0.463548,-0.0296707, -0.463548, -0.463548,-0.0392903,-0.0101173,-0.0392903,-0.0296707,-0.0101173, -0.144372,-0.0101173, -0.463548,-0.0392903,-0.0101173,-0.0392903]
	PARPACK diagonalization completed after 30 matrix-vector product operations.
	iteration results: : total energy is -36.668362 | electron energy -36.709164 + phonon energy 0.040802 | electron momentum kIdx = 10
The 2-th iteration is completed.	|| time cost : 0h 0m 0.804s
********************************************************************************************************************
Start the 3 rounds of NGS-ED iteration
	effective electronic model is modified as: kinetic energy t = 0.984052, t' = -0.292152
	                                           effective interaction Vq = [   -5.5125, -0.468087,-0.0296412, -0.468087, -0.468087,-0.0392441,-0.0101075,-0.0392441,-0.0296412,-0.0101075, -0.144159,-0.0101075, -0.468087,-0.0392441,-0.0101075,-0.0392441]
	PARPACK diagonalization completed after 30 matrix-vector product operations.
	iteration results: : total energy is -36.668373 | electron energy -36.710200 + phonon energy 0.041826 | electron momentum kIdx = 10
The 3-th iteration is completed.	|| time cost : 0h 0m 0.793s
********************************************************************************************************************
Start the 4 rounds of NGS-ED iteration
	effective electronic model is modified as: kinetic energy t = 0.984033, t' = -0.29214
	                                           effective interaction Vq = [   -5.5125, -0.468625,-0.0296379, -0.468625, -0.468625, -0.039239,-0.0101064, -0.039239,-0.0296379,-0.0101064, -0.144124,-0.0101064, -0.468625, -0.039239,-0.0101064, -0.039239]
	PARPACK diagonalization completed after 30 matrix-vector product operations.
	iteration results: : total energy is -36.668374 | electron energy -36.710322 + phonon energy 0.041948 | electron momentum kIdx = 10
The 4-th iteration is completed.	|| time cost : 0h 0m 0.796s
********************************************************************************************************************
Start the 5 rounds of NGS-ED iteration
	effective electronic model is modified as: kinetic energy t = 0.984031, t' = -0.292138
	                                           effective interaction Vq = [   -5.5125, -0.468689,-0.0296375, -0.468689, -0.468689,-0.0392384,-0.0101063,-0.0392384,-0.0296375,-0.0101063,  -0.14412,-0.0101063, -0.468689,-0.0392384,-0.0101063,-0.0392384]
	PARPACK diagonalization completed after 30 matrix-vector product operations.
	iteration results: : total energy is -36.668374 | electron energy -36.710336 + phonon energy 0.041963 | electron momentum kIdx = 10
The 5-th iteration is completed.	|| time cost : 0h 0m 0.762s
********************************************************************************************************************
Start the 6 rounds of NGS-ED iteration
	effective electronic model is modified as: kinetic energy t = 0.98403, t' = -0.292138
	                                           effective interaction Vq = [   -5.5125, -0.468697,-0.0296375, -0.468697, -0.468697,-0.0392383,-0.0101063,-0.0392383,-0.0296375,-0.0101063, -0.144119,-0.0101063, -0.468697,-0.0392383,-0.0101063,-0.0392383]
	PARPACK diagonalization completed after 30 matrix-vector product operations.
	iteration results: : total energy is -36.668374 | electron energy -36.710338 + phonon energy 0.041965 | electron momentum kIdx = 10
The 6-th iteration is completed.	|| time cost : 0h 0m 0.798s
********************************************************************************************************************
Start the 7 rounds of NGS-ED iteration
	effective electronic model is modified as: kinetic energy t = 0.98403, t' = -0.292138
	                                           effective interaction Vq = [   -5.5125, -0.468698,-0.0296375, -0.468698, -0.468698,-0.0392383,-0.0101063,-0.0392383,-0.0296375,-0.0101063, -0.144119,-0.0101063, -0.468698,-0.0392383,-0.0101063,-0.0392383]
	PARPACK diagonalization completed after 30 matrix-vector product operations.
	iteration results: : total energy is -36.668374 | electron energy -36.710338 + phonon energy 0.041965 | electron momentum kIdx = 10
The 7-th iteration is completed.	|| time cost : 0h 0m 0.801s
********************************************************************************************************************
Start the 8 rounds of NGS-ED iteration
	effective electronic model is modified as: kinetic energy t = 0.98403, t' = -0.292138
	                                           effective interaction Vq = [   -5.5125, -0.468698,-0.0296375, -0.468698, -0.468698,-0.0392383,-0.0101063,-0.0392383,-0.0296375,-0.0101063, -0.144119,-0.0101063, -0.468698,-0.0392383,-0.0101063,-0.0392383]
	PARPACK diagonalization completed after 30 matrix-vector product operations.
	iteration results: : total energy is -36.668374 | electron energy -36.710338 + phonon energy 0.041965 | electron momentum kIdx = 10
	Nq(0) = 4,	Nq(1) = 0.20293,	Nq(2) = 0.23117,	Nq(3) = 0.20293,	Nq(4) = 0.20293,	Nq(5) = 0.302349,	
	Nq(6) = 0.326669,	Nq(7) = 0.302349,	Nq(8) = 0.23117,	Nq(9) = 0.326669,	Nq(10) = 0.362984,	
	Nq(11) = 0.326669,	Nq(12) = 0.20293,	Nq(13) = 0.302349,	Nq(14) = 0.326669,	Nq(15) = 0.302349;	
	Sq(0) = -2.68896e-18,	Sq(1) = 0.388591,	Sq(2) = 0.399863,	Sq(3) = 0.388591,	Sq(4) = 0.388591,	
	Sq(5) = 0.663462,	Sq(6) = 0.574357,	Sq(7) = 0.663462,	Sq(8) = 0.399863,	Sq(9) = 0.574357,	
	Sq(10) = 0.541516,	Sq(11) = 0.574357,	Sq(12) = 0.388591,	Sq(13) = 0.663462,	Sq(14) = 0.574357,	
	Sq(15) = 0.663462;	N(0) = 1.76276,	N(1) = 0.989854,	N(2) = 0.973101,	N(3) = 0.989854,	
	N(4) = 0.989854,	N(5) = 0.0625539,	N(6) = 0.0188125,	N(7) = 0.0625539,	N(8) = 0.973101,	
	N(9) = 0.0188125,	N(10) = 0.00615307,	N(11) = 0.0188125,	N(12) = 0.989854,	N(13) = 0.0625539,	
	N(14) = 0.0188125,	N(15) = 0.0625539;	Delta[s](0) = 0.0135902,	Delta[s](1) = 0.0102217,	Delta[s](2) = 0.00897562,	
	Delta[s](3) = 0.0102217,	Delta[s](4) = 0.0102217,	Delta[s](5) = 0.000623758,	Delta[s](6) = 0.000379462,	Delta[s](7) = 0.000623758,	
	Delta[s](8) = 0.00897562,	Delta[s](9) = 0.000379462,	Delta[s](10) = 0.000116511,	Delta[s](11) = 0.000379462,	Delta[s](12) = 0.0102217,	
	Delta[s](13) = 0.000623758,	Delta[s](14) = 0.000379462,	Delta[s](15) = 0.000623758;	Delta[d](0) = 0.0183385,	Delta[d](1) = 0.0626939,	
	Delta[d](2) = 0.127752,	Delta[d](3) = 0.0626939,	Delta[d](4) = 0.0626939,	Delta[d](5) = 0.0790574,	Delta[d](6) = 0.159972,	
	Delta[d](7) = 0.0790574,	Delta[d](8) = 0.127752,	Delta[d](9) = 0.159972,	Delta[d](10) = 0.278244,	Delta[d](11) = 0.159972,	
	Delta[d](12) = 0.0626939,	Delta[d](13) = 0.0790574,	Delta[d](14) = 0.159972,	Delta[d](15) = 0.0790574;	Delta[s+](0) = 0.229405,	
	Delta[s+](1) = 0.157045,	Delta[s+](2) = 0.127752,	Delta[s+](3) = 0.157045,	Delta[s+](4) = 0.157045,	Delta[s+](5) = 0.00966721,	
	Delta[s+](6) = 0.0214025,	Delta[s+](7) = 0.00966721,	Delta[s+](8) = 0.127752,	Delta[s+](9) = 0.0214025,	Delta[s+](10) = 0.00359183,	
	Delta[s+](11) = 0.0214025,	Delta[s+](12) = 0.157045,	Delta[s+](13) = 0.00966721,	Delta[s+](14) = 0.0214025,	Delta[s+](15) = 0.00966721
	
The 8-th iteration is completed.	|| time cost : 0h 0m 2.963s
********************************************************************************************************************
********************************************************************************************************************
Ground state is obtained after 9 iterations. The current ground-state energy is -36.6684, in which electron energy is -36.7103 and phonon energy is 0.0419648
Final variational state is: 
	Gamma_x = [      1,1.54064,1.03396,1.54064,1.54064,1.05897,1.01625,1.05897,1.03396,1.01625,1.28702,1.01625,1.54064,1.05897,1.01625,1.05897]
	lambda_q = [      5.25,  0.383118, 0.0607512,  0.383118,  0.383118, 0.0811079,-0.0344803, 0.0811079, 0.0607512,-0.0344803, -0.134297,-0.0344803,  0.383118, 0.0811079,-0.0344803, 0.0811079]
Effective e-e interactions mediated by phonons are:
	momentum-space Vq = [   -5.5125, -0.468698,-0.0296375, -0.468698, -0.468698,-0.0392383,-0.0101063,-0.0392383,-0.0296375,-0.0101063, -0.144119,-0.0101063, -0.468698,-0.0392383,-0.0101063,-0.0392383]
	real-space Vr = [-0.486754,-0.392848,-0.347434,-0.392848,-0.392848,-0.349834,  -0.2782,-0.349834,-0.347434,  -0.2782,-0.247352,  -0.2782,-0.392848,-0.349834,  -0.2782,-0.349834]
********************************************************************************************************************
o___o  ----------------------------------------
| L |	Time since last clock: 0h 0m 0.008s
A===A	Time since the beginning: 0h 0m 16.075s
***********************************************


Non-Gaussina ED ground state calculation is completed. The final ground-state energy is -36.6684
********************************************************************************************************************
o___o  ----------------------------------------
| L |	Time since last clock: 0h 0m 0.003s
A===A	Time since the beginning: 0h 0m 16.078s
***********************************************



********************************************************************************************************************
All non-Gaussian ED ground state calculations have been completed. Exit now.
