TACC:  Starting up job 1741874 
TACC:  Starting parallel tasks... 
SNEDics v3.4 Non-Gaussian ED ground state program		Start at Fri Oct  9 18:17:03 2020

parallized on 16 MPI threads  * 7 OpenMP threads = 112 total threads.
********************************************************************************************************************
********************************************************************************************************************

********************************************************************************************************************
System parameters and configurations
********************************************************************************************************************
Special program options are enabled: splitted diagonal Hamiltonian
********************************************************************************************************************
Read input file "model_params.in"
	Hubbard-Holstein model parameters : 	t = 1    U = 8    g = 0.3    W = 0.2    g' = 0.05    
********************************************************************************************************************
Read input file "hilbertspace_params.in"
	Requested 16-site 2D lattice, with 12 electrons (6, 6)
	Boundary : Periodic		Hilbert space representation : momentum-space (restricted to kIdx = 0)
	Conservation: particle number[U(1)]      spin[U(1)]     momentum
********************************************************************************************************************

Cluster Positions:				Cluster symmetry group : D4
 x ... x ... x ... x .....                       x ... x ... x ... x .....
 |           |           :                       |           |           :
 |           |           :                       |           |           :
12    13    14    15     x                       1     5     6     5     x
 |           |           :                       |           |           :
 |           |           :                       |           |           :
 8 --- 9 ---10 ---11 --- x                       2 --- 6 ---10 --- 6 --- x
 |           |           :                       |           |           :
 |           |           :                       |           |           :
 4     5     6     7     x                       1     5     6     5     x
 |           |           :                       |           |           :
 |           |           :                       |           |           :
 0 --- 1 --- 2 --- 3 --- x                       0 --- 1 --- 2 --- 1 --- x
orbital number : 1
********************************************************************************************************************
Read input file "obs_params.in"
	Observable Type : Nq(All),   Sq(All),   N(All),   Delta[s](All),   Delta[d](All),   Delta[s+](All)
********************************************************************************************************************
** WARNING ** the input observables have non-local factors which have been reinterpreted. The total observable number is 96
********************************************************************************************************************


********************************************************************************************************************
Start calculating the non-Gaussian ED ground state
** WARNING ** Detected low phonon energy W < 10. The initial state will be prepared through a warm-up process.
********************************************************************************************************************
Start warm-up calculation for scaling factor 64
open output files: NGSEDWarmUpW12.8Obs.txt
********************************************************************************************************************
Start the 0 rounds of NGS-ED iteration
	effective electronic model is modified as: kinetic energy t = 1
	                                           effective interaction Vq = [0,0,0,0,0,0,0,0,0,0,0,0,0,0,0,0]
	first Hamiltonian is constructed, non-zero numbers = 969134044
	PARPACK diagonalization completed after 165 matrix-vector product operations.
	iteration results: : total energy is -14.925310 | electron energy -14.925310 + phonon energy 0.000000 | electron momentum kIdx = 0
	Nq(0) = 9,	Nq(1) = 0.191675,	Nq(2) = 0.266183,	Nq(3) = 0.191675,	Nq(4) = 0.191675,	Nq(5) = 0.245517,	Nq(6) = 0.314107,	Nq(7) = 0.245517,	Nq(8) = 0.266183,	Nq(9) = 0.314107,	Nq(10) = 0.369338,	Nq(11) = 0.314107,	Nq(12) = 0.191675,	Nq(13) = 0.245517,	Nq(14) = 0.314107,	Nq(15) = 0.245517,	Sq(0) = 2.48391e-18,	Sq(1) = 0.554662,	Sq(2) = 0.424361,	Sq(3) = 0.554662,	Sq(4) = 0.554662,	Sq(5) = 0.79749,	Sq(6) = 1.01287,	Sq(7) = 0.79749,	Sq(8) = 0.424361,	Sq(9) = 1.01287,	Sq(10) = 0.784303,	Sq(11) = 1.01287,	Sq(12) = 0.554662,	Sq(13) = 0.79749,	Sq(14) = 1.01287,	Sq(15) = 0.79749,	N(0) = 1.76735,	N(1) = 1.6264,	N(2) = 0.74365,	N(3) = 1.6264,	N(4) = 1.6264,	N(5) = 0.392302,	N(6) = 0.144321,	N(7) = 0.392302,	N(8) = 0.74365,	N(9) = 0.144321,	N(10) = 0.0932732,	N(11) = 0.144321,	N(12) = 1.6264,	N(13) = 0.392302,	N(14) = 0.144321,	N(15) = 0.392302,	Delta[s](0) = 0.0642971,	Delta[s](1) = 0.0447555,	Delta[s](2) = 0.0302911,	Delta[s](3) = 0.0447555,	Delta[s](4) = 0.0447555,	Delta[s](5) = 0.0271555,	Delta[s](6) = 0.00997346,	Delta[s](7) = 0.0271555,	Delta[s](8) = 0.0302911,	Delta[s](9) = 0.00997346,	Delta[s](10) = 0.00103291,	Delta[s](11) = 0.00997346,	Delta[s](12) = 0.0447555,	Delta[s](13) = 0.0271555,	Delta[s](14) = 0.00997346,	Delta[s](15) = 0.0271555,	Delta[d](0) = 0.233304,	Delta[d](1) = 0.183879,	Delta[d](2) = 0.2264,	Delta[d](3) = 0.183879,	Delta[d](4) = 0.183879,	Delta[d](5) = 0.126386,	Delta[d](6) = 0.153804,	Delta[d](7) = 0.126386,	Delta[d](8) = 0.2264,	Delta[d](9) = 0.153804,	Delta[d](10) = 0.0805402,	Delta[d](11) = 0.153804,	Delta[d](12) = 0.183879,	Delta[d](13) = 0.126386,	Delta[d](14) = 0.153804,	Delta[d](15) = 0.126386,	Delta[s+](0) = 0.537696,	Delta[s+](1) = 0.36696,	Delta[s+](2) = 0.2264,	Delta[s+](3) = 0.36696,	Delta[s+](4) = 0.36696,	Delta[s+](5) = 0.181,	Delta[s+](6) = 0.0651717,	Delta[s+](7) = 0.181,	Delta[s+](8) = 0.2264,	Delta[s+](9) = 0.0651717,	Delta[s+](10) = 0.0169792,	Delta[s+](11) = 0.0651717,	Delta[s+](12) = 0.36696,	Delta[s+](13) = 0.181,	Delta[s+](14) = 0.0651717,	Delta[s+](15) = 0.181
The 0-th iteration is completed.	|| time cost : 0h 2m 52.233s
********************************************************************************************************************
Start the 1 rounds of NGS-ED iteration
	effective electronic model is modified as: kinetic energy t = 0.989785
	                                           effective interaction Vq = [  -1.15337,  -0.69827, -0.382547,  -0.69827,  -0.69827,  -0.37972, -0.165964,  -0.37972, -0.382547, -0.165964,-0.0408546, -0.165964,  -0.69827,  -0.37972, -0.165964,  -0.37972]
	PARPACK diagonalization completed after 45 matrix-vector product operations.
	iteration results: : total energy is -26.478193 | electron energy -26.478276 + phonon energy 0.000083 | electron momentum kIdx = 0
The 1-th iteration is completed.	|| time cost : 0h 2m 18.275s
********************************************************************************************************************
Start the 2 rounds of NGS-ED iteration
	effective electronic model is modified as: kinetic energy t = 0.985671
	                                           effective interaction Vq = [  -1.24253, -0.762331, -0.415845, -0.762331, -0.762331, -0.412653, -0.179571, -0.412653, -0.415845, -0.179571,-0.0440397, -0.179571, -0.762331, -0.412653, -0.179571, -0.412653]
	PARPACK diagonalization completed after 45 matrix-vector product operations.
	iteration results: : total energy is -27.325395 | electron energy -27.325732 + phonon energy 0.000337 | electron momentum kIdx = 0
The 2-th iteration is completed.	|| time cost : 0h 0m 10.299s
********************************************************************************************************************
Start the 3 rounds of NGS-ED iteration
	effective electronic model is modified as: kinetic energy t = 0.984814
	                                           effective interaction Vq = [  -1.24942, -0.772076, -0.420738, -0.772076, -0.772076, -0.417446, -0.181426, -0.417446, -0.420738, -0.181426,-0.0444455, -0.181426, -0.772076, -0.417446, -0.181426, -0.417446]
	PARPACK diagonalization completed after 30 matrix-vector product operations.
	iteration results: : total energy is -27.389200 | electron energy -27.389646 + phonon energy 0.000446 | electron momentum kIdx = 0
The 3-th iteration is completed.	|| time cost : 0h 0m 9.194s
********************************************************************************************************************
Start the 4 rounds of NGS-ED iteration
	effective electronic model is modified as: kinetic energy t = 0.984647
	                                           effective interaction Vq = [  -1.24996, -0.773982, -0.421598, -0.773982, -0.773982, -0.418269, -0.181715, -0.418269, -0.421598, -0.181715,-0.0445034, -0.181715, -0.773982, -0.418269, -0.181715, -0.418269]
	PARPACK diagonalization completed after 30 matrix-vector product operations.
	iteration results: : total energy is -27.394068 | electron energy -27.394541 + phonon energy 0.000473 | electron momentum kIdx = 0
The 4-th iteration is completed.	|| time cost : 0h 0m 9.204s
********************************************************************************************************************
Start the 5 rounds of NGS-ED iteration
	effective electronic model is modified as: kinetic energy t = 0.984614
	                                           effective interaction Vq = [     -1.25, -0.774382, -0.421754, -0.774382, -0.774382, -0.418415, -0.181761, -0.418415, -0.421754, -0.181761,-0.0445117, -0.181761, -0.774382, -0.418415, -0.181761, -0.418415]
	PARPACK diagonalization completed after 30 matrix-vector product operations.
	iteration results: : total energy is -27.394442 | electron energy -27.394921 + phonon energy 0.000479 | electron momentum kIdx = 0
The 5-th iteration is completed.	|| time cost : 0h 0m 9.182s
********************************************************************************************************************
Start the 6 rounds of NGS-ED iteration
	effective electronic model is modified as: kinetic energy t = 0.984607
	                                           effective interaction Vq = [     -1.25, -0.774468, -0.421783, -0.774468, -0.774468, -0.418441, -0.181768, -0.418441, -0.421783, -0.181768,-0.0445129, -0.181768, -0.774468, -0.418441, -0.181768, -0.418441]
	PARPACK diagonalization completed after 30 matrix-vector product operations.
	iteration results: : total energy is -27.394471 | electron energy -27.394951 + phonon energy 0.000480 | electron momentum kIdx = 0
	Nq(0) = 9,	Nq(1) = 0.209059,	Nq(2) = 0.272192,	Nq(3) = 0.209059,	Nq(4) = 0.209059,	Nq(5) = 0.252454,	Nq(6) = 0.315798,	Nq(7) = 0.252454,	Nq(8) = 0.272192,	Nq(9) = 0.315798,	Nq(10) = 0.368147,	Nq(11) = 0.315798,	Nq(12) = 0.209059,	Nq(13) = 0.252454,	Nq(14) = 0.315798,	Nq(15) = 0.252454,	Sq(0) = 2.31464e-18,	Sq(1) = 0.544735,	Sq(2) = 0.425449,	Sq(3) = 0.544735,	Sq(4) = 0.544735,	Sq(5) = 0.786725,	Sq(6) = 1.00162,	Sq(7) = 0.786725,	Sq(8) = 0.425449,	Sq(9) = 1.00162,	Sq(10) = 0.795017,	Sq(11) = 1.00162,	Sq(12) = 0.544735,	Sq(13) = 0.786725,	Sq(14) = 1.00162,	Sq(15) = 0.786725,	N(0) = 1.79011,	N(1) = 1.65852,	N(2) = 0.733903,	N(3) = 1.65852,	N(4) = 1.65852,	N(5) = 0.368673,	N(6) = 0.135388,	N(7) = 0.368673,	N(8) = 0.733903,	N(9) = 0.135388,	N(10) = 0.0917745,	N(11) = 0.135388,	N(12) = 1.65852,	N(13) = 0.368673,	N(14) = 0.135388,	N(15) = 0.368673,	Delta[s](0) = 0.0711312,	Delta[s](1) = 0.0497079,	Delta[s](2) = 0.0345531,	Delta[s](3) = 0.0497079,	Delta[s](4) = 0.0497079,	Delta[s](5) = 0.0308608,	Delta[s](6) = 0.011648,	Delta[s](7) = 0.0308608,	Delta[s](8) = 0.0345531,	Delta[s](9) = 0.011648,	Delta[s](10) = 0.00178206,	Delta[s](11) = 0.011648,	Delta[s](12) = 0.0497079,	Delta[s](13) = 0.0308608,	Delta[s](14) = 0.011648,	Delta[s](15) = 0.0308608,	Delta[d](0) = 0.241261,	Delta[d](1) = 0.189866,	Delta[d](2) = 0.233028,	Delta[d](3) = 0.189866,	Delta[d](4) = 0.189866,	Delta[d](5) = 0.129108,	Delta[d](6) = 0.157202,	Delta[d](7) = 0.129108,	Delta[d](8) = 0.233028,	Delta[d](9) = 0.157202,	Delta[d](10) = 0.0752134,	Delta[d](11) = 0.157202,	Delta[d](12) = 0.189866,	Delta[d](13) = 0.129108,	Delta[d](14) = 0.157202,	Delta[d](15) = 0.129108,	Delta[s+](0) = 0.55546,	Delta[s+](1) = 0.3786,	Delta[s+](2) = 0.233028,	Delta[s+](3) = 0.3786,	Delta[s+](4) = 0.3786,	Delta[s+](5) = 0.185071,	Delta[s+](6) = 0.0655654,	Delta[s+](7) = 0.185071,	Delta[s+](8) = 0.233028,	Delta[s+](9) = 0.0655654,	Delta[s+](10) = 0.0172776,	Delta[s+](11) = 0.0655654,	Delta[s+](12) = 0.3786,	Delta[s+](13) = 0.185071,	Delta[s+](14) = 0.0655654,	Delta[s+](15) = 0.185071
The 6-th iteration is completed.	|| time cost : 0h 1m 41.655s
********************************************************************************************************************
********************************************************************************************************************
Ground state is obtained after 7 iterations. The current ground-state energy is -27.3945, in which electron energy is -27.395 and phonon energy is 0.000479885
final variational state is: 
	Gamma_x = [      1,1.00384, 1.0036,1.00384,1.00384,1.00346,1.00208,1.00346, 1.0036,1.00208,1.00064,1.00208,1.00384,1.00346,1.00208,1.00346]
	lambda_q = [  0.31246, 0.205354, 0.140553, 0.205354, 0.205354, 0.137849,0.0872608, 0.137849, 0.140553,0.0872608,0.0417958,0.0872608, 0.205354, 0.137849,0.0872608, 0.137849]
The effective e-e interactions mediated by phonons are: [     1.25, 0.774486, 0.421788, 0.774486, 0.774486, 0.418446,  0.18177, 0.418446, 0.421788,  0.18177,0.0445131,  0.18177, 0.774486, 0.418446,  0.18177, 0.418446]
The real-space interactions mediated by phonons are: [  -7.6369, -1.86941,-0.122816,-0.240662, -2.39092,-0.882214,-0.122816,-0.320564,-0.464307,-0.320564,-0.122816,-0.882214, -2.39092,-0.240662,-0.122816, -1.86941]
********************************************************************************************************************
o___o  ----------------------------------------
| L |	Time since last clock: 0h 0m 0s
A===A	Time since the beginning: 0h 7m 30.046s
***********************************************

********************************************************************************************************************
Start warm-up calculation for scaling factor 32
open output files: NGSEDWarmUpW6.4Obs.txt
********************************************************************************************************************
Start the 0 rounds of NGS-ED iteration
	effective electronic model is modified as: kinetic energy t = 0.984606
	                                           effective interaction Vq = [   -1.1427, -0.659436,  -0.35062, -0.659436, -0.659436, -0.346261, -0.148716, -0.346261,  -0.35062, -0.148716,-0.0361065, -0.148716, -0.659436, -0.346261, -0.148716, -0.346261]
	PARPACK diagonalization completed after 45 matrix-vector product operations.
	iteration results: : total energy is -26.177396 | electron energy -26.177636 + phonon energy 0.000240 | electron momentum kIdx = 0
	Nq(0) = 9,	Nq(1) = 0.206064,	Nq(2) = 0.270793,	Nq(3) = 0.206064,	Nq(4) = 0.206064,	Nq(5) = 0.250925,	Nq(6) = 0.314988,	Nq(7) = 0.250925,	Nq(8) = 0.270793,	Nq(9) = 0.314988,	Nq(10) = 0.367817,	Nq(11) = 0.314988,	Nq(12) = 0.206064,	Nq(13) = 0.250925,	Nq(14) = 0.314988,	Nq(15) = 0.250925,	Sq(0) = -1.26988e-18,	Sq(1) = 0.546506,	Sq(2) = 0.425341,	Sq(3) = 0.546506,	Sq(4) = 0.546506,	Sq(5) = 0.788789,	Sq(6) = 1.00425,	Sq(7) = 0.788789,	Sq(8) = 0.425341,	Sq(9) = 1.00425,	Sq(10) = 0.793835,	Sq(11) = 1.00425,	Sq(12) = 0.546506,	Sq(13) = 0.788789,	Sq(14) = 1.00425,	Sq(15) = 0.788789,	N(0) = 1.78552,	N(1) = 1.65227,	N(2) = 0.735624,	N(3) = 1.65227,	N(4) = 1.65227,	N(5) = 0.373096,	N(6) = 0.137317,	N(7) = 0.373096,	N(8) = 0.735624,	N(9) = 0.137317,	N(10) = 0.0924907,	N(11) = 0.137317,	N(12) = 1.65227,	N(13) = 0.373096,	N(14) = 0.137317,	N(15) = 0.373096,	Delta[s](0) = 0.0690783,	Delta[s](1) = 0.0484002,	Delta[s](2) = 0.0335883,	Delta[s](3) = 0.0484002,	Delta[s](4) = 0.0484002,	Delta[s](5) = 0.0300905,	Delta[s](6) = 0.011606,	Delta[s](7) = 0.0300905,	Delta[s](8) = 0.0335883,	Delta[s](9) = 0.011606,	Delta[s](10) = 0.00201342,	Delta[s](11) = 0.011606,	Delta[s](12) = 0.0484002,	Delta[s](13) = 0.0300905,	Delta[s](14) = 0.011606,	Delta[s](15) = 0.0300905,	Delta[d](0) = 0.243793,	Delta[d](1) = 0.192271,	Delta[d](2) = 0.235784,	Delta[d](3) = 0.192271,	Delta[d](4) = 0.192271,	Delta[d](5) = 0.1313,	Delta[d](6) = 0.159477,	Delta[d](7) = 0.1313,	Delta[d](8) = 0.235784,	Delta[d](9) = 0.159477,	Delta[d](10) = 0.0787425,	Delta[d](11) = 0.159477,	Delta[d](12) = 0.192271,	Delta[d](13) = 0.1313,	Delta[d](14) = 0.159477,	Delta[d](15) = 0.1313,	Delta[s+](0) = 0.560816,	Delta[s+](1) = 0.382458,	Delta[s+](2) = 0.235784,	Delta[s+](3) = 0.382458,	Delta[s+](4) = 0.382458,	Delta[s+](5) = 0.187751,	Delta[s+](6) = 0.0672691,	Delta[s+](7) = 0.187751,	Delta[s+](8) = 0.235784,	Delta[s+](9) = 0.0672691,	Delta[s+](10) = 0.0180061,	Delta[s+](11) = 0.0672691,	Delta[s+](12) = 0.382458,	Delta[s+](13) = 0.187751,	Delta[s+](14) = 0.0672691,	Delta[s+](15) = 0.187751
The 0-th iteration is completed.	|| time cost : 0h 1m 42.681s
********************************************************************************************************************
Start the 1 rounds of NGS-ED iteration
	effective electronic model is modified as: kinetic energy t = 0.981762
	                                           effective interaction Vq = [  -1.22017, -0.702118, -0.369206, -0.702118, -0.702118, -0.363412, -0.154722, -0.363412, -0.369206, -0.154722,-0.0372561, -0.154722, -0.702118, -0.363412, -0.154722, -0.363412]
	PARPACK diagonalization completed after 45 matrix-vector product operations.
	iteration results: : total energy is -26.890762 | electron energy -26.891630 + phonon energy 0.000868 | electron momentum kIdx = 0
The 1-th iteration is completed.	|| time cost : 0h 0m 10.302s
********************************************************************************************************************
Start the 2 rounds of NGS-ED iteration
	effective electronic model is modified as: kinetic energy t = 0.980647
	                                           effective interaction Vq = [  -1.24171, -0.717462, -0.375334, -0.717462, -0.717462, -0.368971, -0.156512, -0.368971, -0.375334, -0.156512,-0.0375716, -0.156512, -0.717462, -0.368971, -0.156512, -0.368971]
	PARPACK diagonalization completed after 45 matrix-vector product operations.
	iteration results: : total energy is -27.087093 | electron energy -27.088382 + phonon energy 0.001289 | electron momentum kIdx = 0
The 2-th iteration is completed.	|| time cost : 0h 0m 10.304s
********************************************************************************************************************
Start the 3 rounds of NGS-ED iteration
	effective electronic model is modified as: kinetic energy t = 0.980219
	                                           effective interaction Vq = [  -1.24769, -0.723403, -0.377455, -0.723403, -0.723403, -0.370855, -0.157064, -0.370855, -0.377455, -0.157064,-0.0376605, -0.157064, -0.723403, -0.370855, -0.157064, -0.370855]
	PARPACK diagonalization completed after 30 matrix-vector product operations.
	iteration results: : total energy is -27.141381 | electron energy -27.142880 + phonon energy 0.001499 | electron momentum kIdx = 0
The 3-th iteration is completed.	|| time cost : 0h 0m 9.193s
********************************************************************************************************************
Start the 4 rounds of NGS-ED iteration
	effective electronic model is modified as: kinetic energy t = 0.980054
	                                           effective interaction Vq = [  -1.24936, -0.725786, -0.378204, -0.725786, -0.725786, -0.371506, -0.157236, -0.371506, -0.378204, -0.157236,-0.0376858, -0.157236, -0.725786, -0.371506, -0.157236, -0.371506]
	PARPACK diagonalization completed after 30 matrix-vector product operations.
	iteration results: : total energy is -27.156430 | electron energy -27.158022 + phonon energy 0.001592 | electron momentum kIdx = 0
The 4-th iteration is completed.	|| time cost : 0h 0m 9.191s
********************************************************************************************************************
Start the 5 rounds of NGS-ED iteration
	effective electronic model is modified as: kinetic energy t = 0.979991
	                                           effective interaction Vq = [ -1.24982,-0.726758,-0.378471,-0.726758,-0.726758,-0.371732,-0.157291,-0.371732,-0.378471,-0.157291,-0.037693,-0.157291,-0.726758,-0.371732,-0.157291,-0.371732]
	PARPACK diagonalization completed after 30 matrix-vector product operations.
	iteration results: : total energy is -27.160606 | electron energy -27.162237 + phonon energy 0.001631 | electron momentum kIdx = 0
The 5-th iteration is completed.	|| time cost : 0h 0m 9.182s
********************************************************************************************************************
Start the 6 rounds of NGS-ED iteration
	effective electronic model is modified as: kinetic energy t = 0.979966
	                                           effective interaction Vq = [  -1.24995, -0.727157, -0.378566, -0.727157, -0.727157, -0.371812, -0.157308, -0.371812, -0.378566, -0.157308,-0.0376951, -0.157308, -0.727157, -0.371812, -0.157308, -0.371812]
	PARPACK diagonalization completed after 30 matrix-vector product operations.
	iteration results: : total energy is -27.161767 | electron energy -27.163413 + phonon energy 0.001647 | electron momentum kIdx = 0
The 6-th iteration is completed.	|| time cost : 0h 0m 9.187s
********************************************************************************************************************
Start the 7 rounds of NGS-ED iteration
	effective electronic model is modified as: kinetic energy t = 0.979956
	                                           effective interaction Vq = [  -1.24999, -0.727322,   -0.3786, -0.727322, -0.727322, -0.371839, -0.157313, -0.371839,   -0.3786, -0.157313,-0.0376957, -0.157313, -0.727322, -0.371839, -0.157313, -0.371839]
	PARPACK diagonalization completed after 30 matrix-vector product operations.
	iteration results: : total energy is -27.162089 | electron energy -27.163742 + phonon energy 0.001653 | electron momentum kIdx = 0
The 7-th iteration is completed.	|| time cost : 0h 0m 9.189s
********************************************************************************************************************
Start the 8 rounds of NGS-ED iteration
	effective electronic model is modified as: kinetic energy t = 0.979953
	                                           effective interaction Vq = [     -1.25,  -0.72739, -0.378612,  -0.72739,  -0.72739, -0.371849, -0.157315, -0.371849, -0.378612, -0.157315,-0.0376959, -0.157315,  -0.72739, -0.371849, -0.157315, -0.371849]
	PARPACK diagonalization completed after 30 matrix-vector product operations.
	iteration results: : total energy is -27.162179 | electron energy -27.163834 + phonon energy 0.001656 | electron momentum kIdx = 0
	Nq(0) = 9,	Nq(1) = 0.207594,	Nq(2) = 0.270819,	Nq(3) = 0.207594,	Nq(4) = 0.207594,	Nq(5) = 0.251035,	Nq(6) = 0.314473,	Nq(7) = 0.251035,	Nq(8) = 0.270819,	Nq(9) = 0.314473,	Nq(10) = 0.367007,	Nq(11) = 0.314473,	Nq(12) = 0.207594,	Nq(13) = 0.251035,	Nq(14) = 0.314473,	Nq(15) = 0.251035,	Sq(0) = -1.97763e-18,	Sq(1) = 0.545846,	Sq(2) = 0.425496,	Sq(3) = 0.545846,	Sq(4) = 0.545846,	Sq(5) = 0.788239,	Sq(6) = 1.00409,	Sq(7) = 0.788239,	Sq(8) = 0.425496,	Sq(9) = 1.00409,	Sq(10) = 0.79526,	Sq(11) = 1.00409,	Sq(12) = 0.545846,	Sq(13) = 0.788239,	Sq(14) = 1.00409,	Sq(15) = 0.788239,	N(0) = 1.78612,	N(1) = 1.65355,	N(2) = 0.734953,	N(3) = 1.65355,	N(4) = 1.65355,	N(5) = 0.371926,	N(6) = 0.137278,	N(7) = 0.371926,	N(8) = 0.734953,	N(9) = 0.137278,	N(10) = 0.0929562,	N(11) = 0.137278,	N(12) = 1.65355,	N(13) = 0.371926,	N(14) = 0.137278,	N(15) = 0.371926,	Delta[s](0) = 0.0690288,	Delta[s](1) = 0.0484439,	Delta[s](2) = 0.0337104,	Delta[s](3) = 0.0484439,	Delta[s](4) = 0.0484439,	Delta[s](5) = 0.0302236,	Delta[s](6) = 0.0117994,	Delta[s](7) = 0.0302236,	Delta[s](8) = 0.0337104,	Delta[s](9) = 0.0117994,	Delta[s](10) = 0.00220758,	Delta[s](11) = 0.0117994,	Delta[s](12) = 0.0484439,	Delta[s](13) = 0.0302236,	Delta[s](14) = 0.0117994,	Delta[s](15) = 0.0302236,	Delta[d](0) = 0.248187,	Delta[d](1) = 0.195931,	Delta[d](2) = 0.239952,	Delta[d](3) = 0.195931,	Delta[d](4) = 0.195931,	Delta[d](5) = 0.133816,	Delta[d](6) = 0.16235,	Delta[d](7) = 0.133816,	Delta[d](8) = 0.239952,	Delta[d](9) = 0.16235,	Delta[d](10) = 0.0802401,	Delta[d](11) = 0.16235,	Delta[d](12) = 0.195931,	Delta[d](13) = 0.133816,	Delta[d](14) = 0.16235,	Delta[d](15) = 0.133816,	Delta[s+](0) = 0.570501,	Delta[s+](1) = 0.389079,	Delta[s+](2) = 0.239952,	Delta[s+](3) = 0.389079,	Delta[s+](4) = 0.389079,	Delta[s+](5) = 0.191138,	Delta[s+](6) = 0.0687,	Delta[s+](7) = 0.191138,	Delta[s+](8) = 0.239952,	Delta[s+](9) = 0.0687,	Delta[s+](10) = 0.0185666,	Delta[s+](11) = 0.0687,	Delta[s+](12) = 0.389079,	Delta[s+](13) = 0.191138,	Delta[s+](14) = 0.0687,	Delta[s+](15) = 0.191138
The 8-th iteration is completed.	|| time cost : 0h 1m 42.481s
********************************************************************************************************************
********************************************************************************************************************
Ground state is obtained after 9 iterations. The current ground-state energy is -27.1622, in which electron energy is -27.1638 and phonon energy is 0.00165564
final variational state is: 
	Gamma_x = [      1,1.01098,1.00917,1.01098,1.01098,1.00862, 1.0049,1.00862,1.00917, 1.0049,1.00143, 1.0049,1.01098,1.00862, 1.0049,1.00862]
	lambda_q = [ 0.441534, 0.247059, 0.159554, 0.247059, 0.247059, 0.154664,0.0951098, 0.154664, 0.159554,0.0951098,0.0445419,0.0951098, 0.247059, 0.154664,0.0951098, 0.154664]
The effective e-e interactions mediated by phonons are: [     1.25, 0.727418, 0.378616, 0.727418, 0.727418, 0.371852, 0.157315, 0.371852, 0.378616, 0.157315,0.0376959, 0.157315, 0.727418, 0.371852, 0.157315, 0.371852]
The real-space interactions mediated by phonons are: [ -7.07127, -1.85732, -0.17378,-0.321778, -2.35251,-0.938852, -0.17378,-0.367575,-0.557518,-0.367575, -0.17378,-0.938852, -2.35251,-0.321778, -0.17378, -1.85732]
********************************************************************************************************************
o___o  ----------------------------------------
| L |	Time since last clock: 0h 0m 0s
A===A	Time since the beginning: 0h 12m 1.76s
***********************************************

********************************************************************************************************************
Start warm-up calculation for scaling factor 16
open output files: NGSEDWarmUpW3.2Obs.txt
********************************************************************************************************************
Start the 0 rounds of NGS-ED iteration
	effective electronic model is modified as: kinetic energy t = 0.979951
	                                           effective interaction Vq = [  -1.14229, -0.595267, -0.301466, -0.595267, -0.595267, -0.294646, -0.123229, -0.294646, -0.301466, -0.123229,-0.0292848, -0.123229, -0.595267, -0.294646, -0.123229, -0.294646]
	PARPACK diagonalization completed after 45 matrix-vector product operations.
	iteration results: : total energy is -25.919940 | electron energy -25.920769 + phonon energy 0.000828 | electron momentum kIdx = 0
	Nq(0) = 9,	Nq(1) = 0.204192,	Nq(2) = 0.269388,	Nq(3) = 0.204192,	Nq(4) = 0.204192,	Nq(5) = 0.24946,	Nq(6) = 0.313714,	Nq(7) = 0.24946,	Nq(8) = 0.269388,	Nq(9) = 0.313714,	Nq(10) = 0.366703,	Nq(11) = 0.313714,	Nq(12) = 0.204192,	Nq(13) = 0.24946,	Nq(14) = 0.313714,	Nq(15) = 0.24946,	Sq(0) = 1.43719e-18,	Sq(1) = 0.547845,	Sq(2) = 0.425359,	Sq(3) = 0.547845,	Sq(4) = 0.547845,	Sq(5) = 0.790496,	Sq(6) = 1.00683,	Sq(7) = 0.790496,	Sq(8) = 0.425359,	Sq(9) = 1.00683,	Sq(10) = 0.793648,	Sq(11) = 1.00683,	Sq(12) = 0.547845,	Sq(13) = 0.790496,	Sq(14) = 1.00683,	Sq(15) = 0.790496,	N(0) = 1.78114,	N(1) = 1.6467,	N(2) = 0.736944,	N(3) = 1.6467,	N(4) = 1.6467,	N(5) = 0.376807,	N(6) = 0.139328,	N(7) = 0.376807,	N(8) = 0.736944,	N(9) = 0.139328,	N(10) = 0.0936263,	N(11) = 0.139328,	N(12) = 1.6467,	N(13) = 0.376807,	N(14) = 0.139328,	N(15) = 0.376807,	Delta[s](0) = 0.0672752,	Delta[s](1) = 0.0472357,	Delta[s](2) = 0.0327252,	Delta[s](3) = 0.0472357,	Delta[s](4) = 0.0472357,	Delta[s](5) = 0.0293878,	Delta[s](6) = 0.0115235,	Delta[s](7) = 0.0293878,	Delta[s](8) = 0.0327252,	Delta[s](9) = 0.0115235,	Delta[s](10) = 0.0021566,	Delta[s](11) = 0.0115235,	Delta[s](12) = 0.0472357,	Delta[s](13) = 0.0293878,	Delta[s](14) = 0.0115235,	Delta[s](15) = 0.0293878,	Delta[d](0) = 0.250816,	Delta[d](1) = 0.198215,	Delta[d](2) = 0.242715,	Delta[d](3) = 0.198215,	Delta[d](4) = 0.198215,	Delta[d](5) = 0.135767,	Delta[d](6) = 0.164528,	Delta[d](7) = 0.135767,	Delta[d](8) = 0.242715,	Delta[d](9) = 0.164528,	Delta[d](10) = 0.0833296,	Delta[d](11) = 0.164528,	Delta[d](12) = 0.198215,	Delta[d](13) = 0.135767,	Delta[d](14) = 0.164528,	Delta[d](15) = 0.135767,	Delta[s+](0) = 0.576271,	Delta[s+](1) = 0.393165,	Delta[s+](2) = 0.242715,	Delta[s+](3) = 0.393165,	Delta[s+](4) = 0.393165,	Delta[s+](5) = 0.193701,	Delta[s+](6) = 0.0700931,	Delta[s+](7) = 0.193701,	Delta[s+](8) = 0.242715,	Delta[s+](9) = 0.0700931,	Delta[s+](10) = 0.0190441,	Delta[s+](11) = 0.0700931,	Delta[s+](12) = 0.393165,	Delta[s+](13) = 0.193701,	Delta[s+](14) = 0.0700931,	Delta[s+](15) = 0.193701
The 0-th iteration is completed.	|| time cost : 0h 1m 42.926s
********************************************************************************************************************
Start the 1 rounds of NGS-ED iteration
	effective electronic model is modified as: kinetic energy t = 0.979565
	                                           effective interaction Vq = [   -1.1932, -0.610064, -0.302959, -0.610064, -0.610064, -0.294533, -0.121567, -0.294533, -0.302959, -0.121567,-0.0285516, -0.121567, -0.610064, -0.294533, -0.121567, -0.294533]
	PARPACK diagonalization completed after 45 matrix-vector product operations.
	iteration results: : total energy is -26.380358 | electron energy -26.382183 + phonon energy 0.001825 | electron momentum kIdx = 0
The 1-th iteration is completed.	|| time cost : 0h 0m 10.298s
********************************************************************************************************************
Start the 2 rounds of NGS-ED iteration
	effective electronic model is modified as: kinetic energy t = 0.979293
	                                           effective interaction Vq = [  -1.22005, -0.618472, -0.303866, -0.618472, -0.618472, -0.294676,  -0.12091, -0.294676, -0.303866,  -0.12091,-0.0282678,  -0.12091, -0.618472, -0.294676,  -0.12091, -0.294676]
	PARPACK diagonalization completed after 45 matrix-vector product operations.
	iteration results: : total energy is -26.622707 | electron energy -26.625279 + phonon energy 0.002572 | electron momentum kIdx = 0
The 2-th iteration is completed.	|| time cost : 0h 0m 10.288s
********************************************************************************************************************
Start the 3 rounds of NGS-ED iteration
	effective electronic model is modified as: kinetic energy t = 0.979115
	                                           effective interaction Vq = [  -1.23421, -0.623316, -0.304406, -0.623316, -0.623316, -0.294846, -0.120656, -0.294846, -0.304406, -0.120656,-0.0281593, -0.120656, -0.623316, -0.294846, -0.120656, -0.294846]
	PARPACK diagonalization completed after 30 matrix-vector product operations.
	iteration results: : total energy is -26.750361 | electron energy -26.753423 + phonon energy 0.003063 | electron momentum kIdx = 0
The 3-th iteration is completed.	|| time cost : 0h 0m 9.199s
********************************************************************************************************************
Start the 4 rounds of NGS-ED iteration
	effective electronic model is modified as: kinetic energy t = 0.979004
	                                           effective interaction Vq = [  -1.24167, -0.626131, -0.304722, -0.626131, -0.626131,  -0.29498, -0.120561,  -0.29498, -0.304722, -0.120561,-0.0281182, -0.120561, -0.626131,  -0.29498, -0.120561,  -0.29498]
	PARPACK diagonalization completed after 30 matrix-vector product operations.
	iteration results: : total energy is -26.817627 | electron energy -26.820995 + phonon energy 0.003369 | electron momentum kIdx = 0
The 4-th iteration is completed.	|| time cost : 0h 0m 9.192s
********************************************************************************************************************
Start the 5 rounds of NGS-ED iteration
	effective electronic model is modified as: kinetic energy t = 0.978936
	                                           effective interaction Vq = [  -1.24561, -0.627777, -0.304904, -0.627777, -0.627777, -0.295071, -0.120527, -0.295071, -0.304904, -0.120527,-0.0281027, -0.120527, -0.627777, -0.295071, -0.120527, -0.295071]
	PARPACK diagonalization completed after 30 matrix-vector product operations.
	iteration results: : total energy is -26.853080 | electron energy -26.856635 + phonon energy 0.003555 | electron momentum kIdx = 0
The 5-th iteration is completed.	|| time cost : 0h 0m 9.184s
********************************************************************************************************************
Start the 6 rounds of NGS-ED iteration
	effective electronic model is modified as: kinetic energy t = 0.978895
	                                           effective interaction Vq = [ -1.24768,-0.628743,-0.305009,-0.628743,-0.628743, -0.29513,-0.120516, -0.29513,-0.305009,-0.120516,-0.028097,-0.120516,-0.628743, -0.29513,-0.120516, -0.29513]
	PARPACK diagonalization completed after 30 matrix-vector product operations.
	iteration results: : total energy is -26.871770 | electron energy -26.875436 + phonon energy 0.003666 | electron momentum kIdx = 0
The 6-th iteration is completed.	|| time cost : 0h 0m 9.185s
********************************************************************************************************************
Start the 7 rounds of NGS-ED iteration
	effective electronic model is modified as: kinetic energy t = 0.978871
	                                           effective interaction Vq = [ -1.24878,-0.629313,-0.305068,-0.629313,-0.629313,-0.295165,-0.120513,-0.295165,-0.305068,-0.120513,-0.028095,-0.120513,-0.629313,-0.295165,-0.120513,-0.295165]
	PARPACK diagonalization completed after 30 matrix-vector product operations.
	iteration results: : total energy is -26.881623 | electron energy -26.885355 + phonon energy 0.003732 | electron momentum kIdx = 0
The 7-th iteration is completed.	|| time cost : 0h 0m 9.187s
********************************************************************************************************************
Start the 8 rounds of NGS-ED iteration
	effective electronic model is modified as: kinetic energy t = 0.978856
	                                           effective interaction Vq = [  -1.24936, -0.629649, -0.305102, -0.629649, -0.629649, -0.295187, -0.120513, -0.295187, -0.305102, -0.120513,-0.0280943, -0.120513, -0.629649, -0.295187, -0.120513, -0.295187]
	PARPACK diagonalization completed after 30 matrix-vector product operations.
	iteration results: : total energy is -26.886817 | electron energy -26.890588 + phonon energy 0.003771 | electron momentum kIdx = 0
The 8-th iteration is completed.	|| time cost : 0h 0m 9.185s
********************************************************************************************************************
Start the 9 rounds of NGS-ED iteration
	effective electronic model is modified as: kinetic energy t = 0.978848
	                                           effective interaction Vq = [ -1.24966,-0.629847,-0.305121,-0.629847,-0.629847,-0.295199,-0.120513,-0.295199,-0.305121,-0.120513,-0.028094,-0.120513,-0.629847,-0.295199,-0.120513,-0.295199]
	PARPACK diagonalization completed after 30 matrix-vector product operations.
	iteration results: : total energy is -26.889556 | electron energy -26.893350 + phonon energy 0.003794 | electron momentum kIdx = 0
The 9-th iteration is completed.	|| time cost : 0h 0m 9.193s
********************************************************************************************************************
Start the 10 rounds of NGS-ED iteration
	effective electronic model is modified as: kinetic energy t = 0.978843
	                                           effective interaction Vq = [ -1.24982,-0.629965,-0.305131,-0.629965,-0.629965,-0.295206,-0.120513,-0.295206,-0.305131,-0.120513,-0.028094,-0.120513,-0.629965,-0.295206,-0.120513,-0.295206]
	PARPACK diagonalization completed after 30 matrix-vector product operations.
	iteration results: : total energy is -26.891000 | electron energy -26.894808 + phonon energy 0.003808 | electron momentum kIdx = 0
	Nq(0) = 9,	Nq(1) = 0.205124,	Nq(2) = 0.269194,	Nq(3) = 0.205124,	Nq(4) = 0.205124,	Nq(5) = 0.249299,	Nq(6) = 0.313384,	Nq(7) = 0.249299,	Nq(8) = 0.269194,	Nq(9) = 0.313384,	Nq(10) = 0.366463,	Nq(11) = 0.313384,	Nq(12) = 0.205124,	Nq(13) = 0.249299,	Nq(14) = 0.313384,	Nq(15) = 0.249299,	Sq(0) = 2.66517e-18,	Sq(1) = 0.547445,	Sq(2) = 0.425432,	Sq(3) = 0.547445,	Sq(4) = 0.547445,	Sq(5) = 0.790252,	Sq(6) = 1.00688,	Sq(7) = 0.790252,	Sq(8) = 0.425432,	Sq(9) = 1.00688,	Sq(10) = 0.794767,	Sq(11) = 1.00688,	Sq(12) = 0.547445,	Sq(13) = 0.790252,	Sq(14) = 1.00688,	Sq(15) = 0.790252,	N(0) = 1.78119,	N(1) = 1.64731,	N(2) = 0.736445,	N(3) = 1.64731,	N(4) = 1.64731,	N(5) = 0.376243,	N(6) = 0.139436,	N(7) = 0.376243,	N(8) = 0.736445,	N(9) = 0.139436,	N(10) = 0.0939748,	N(11) = 0.139436,	N(12) = 1.64731,	N(13) = 0.376243,	N(14) = 0.139436,	N(15) = 0.376243,	Delta[s](0) = 0.0672285,	Delta[s](1) = 0.0472381,	Delta[s](2) = 0.0327586,	Delta[s](3) = 0.0472381,	Delta[s](4) = 0.0472381,	Delta[s](5) = 0.0294314,	Delta[s](6) = 0.0115997,	Delta[s](7) = 0.0294314,	Delta[s](8) = 0.0327586,	Delta[s](9) = 0.0115997,	Delta[s](10) = 0.00221689,	Delta[s](11) = 0.0115997,	Delta[s](12) = 0.0472381,	Delta[s](13) = 0.0294314,	Delta[s](14) = 0.0115997,	Delta[s](15) = 0.0294314,	Delta[d](0) = 0.260756,	Delta[d](1) = 0.2062,	Delta[d](2) = 0.252295,	Delta[d](3) = 0.2062,	Delta[d](4) = 0.2062,	Delta[d](5) = 0.141237,	Delta[d](6) = 0.171029,	Delta[d](7) = 0.141237,	Delta[d](8) = 0.252295,	Delta[d](9) = 0.171029,	Delta[d](10) = 0.0867226,	Delta[d](11) = 0.171029,	Delta[d](12) = 0.2062,	Delta[d](13) = 0.141237,	Delta[d](14) = 0.171029,	Delta[d](15) = 0.141237,	Delta[s+](0) = 0.598934,	Delta[s+](1) = 0.408633,	Delta[s+](2) = 0.252295,	Delta[s+](3) = 0.408633,	Delta[s+](4) = 0.408633,	Delta[s+](5) = 0.201402,	Delta[s+](6) = 0.0730045,	Delta[s+](7) = 0.201402,	Delta[s+](8) = 0.252295,	Delta[s+](9) = 0.0730045,	Delta[s+](10) = 0.0199348,	Delta[s+](11) = 0.0730045,	Delta[s+](12) = 0.408633,	Delta[s+](13) = 0.201402,	Delta[s+](14) = 0.0730045,	Delta[s+](15) = 0.201402
The 10-th iteration is completed.	|| time cost : 0h 1m 41.463s
********************************************************************************************************************
Start the 11 rounds of NGS-ED iteration
	effective electronic model is modified as: kinetic energy t = 0.97884
	                                           effective interaction Vq = [ -1.24991,-0.630034,-0.305137,-0.630034,-0.630034, -0.29521,-0.120513, -0.29521,-0.305137,-0.120513,-0.028094,-0.120513,-0.630034, -0.29521,-0.120513, -0.29521]
	PARPACK diagonalization completed after 30 matrix-vector product operations.
