TACC:  Starting up job 4238629 
TACC:  Starting parallel tasks... 
SNEDics v3.4 Non-Gaussian ED ground state program		Start at Tue Aug 27 03:22:36 2019

parallized on 32 MPI threads  * 6 OpenMP threads = 192 total threads.
********************************************************************************************************************
********************************************************************************************************************

********************************************************************************************************************
System parameters and configurations
********************************************************************************************************************
Special program options are enabled: splitted diagonal Hamiltonian
********************************************************************************************************************
Read input file "model_params.in"
	Hubbard-Holstein model parameters : 	t = 1    U = 7.5    g = 2    W = 1    
********************************************************************************************************************
Read input file "hilbertspace_params.in"
	Requested 16-site 2D lattice, with 14 electrons (7, 7)
	Boundary : Periodic		Hilbert space representation : momentum-space (restricted to kIdx = 0)
	Conservation: particle number[U(1)]      spin[U(1)]     momentum
********************************************************************************************************************

Cluster Positions:				Cluster symmetry group : D4
 x ... x ... x ... x .....                       x ... x ... x ... x .....
 |           |           :                       |           |           :
 |           |           :                       |           |           :
12    13    14    15     x                       1     5     6     5     x
 |           |           :                       |           |           :
 |           |           :                       |           |           :
 8 --- 9 ---10 ---11 --- x                       2 --- 6 ---10 --- 6 --- x
 |           |           :                       |           |           :
 |           |           :                       |           |           :
 4     5     6     7     x                       1     5     6     5     x
 |           |           :                       |           |           :
 |           |           :                       |           |           :
 0 --- 1 --- 2 --- 3 --- x                       0 --- 1 --- 2 --- 1 --- x
orbital number : 1
********************************************************************************************************************
Read input file "obs_params.in"
	Observable Type : Nq[All],   Sq[All],   N[All]
********************************************************************************************************************
** WARNING ** the input observables have non-local factors which have been reinterpreted. The total observable number is 48
********************************************************************************************************************


********************************************************************************************************************
Start calculating the non-Gaussian ED ground state
** WARNING ** Detected low phonon energy W < 10. The initial state will be prepared through a warm-up process.
********************************************************************************************************************
Start warm-up calculation for scaling factor 16
open output files: NGSEDWarmUpW16Obs.txt
********************************************************************************************************************
Start the 0 rounds of NGS-ED iteration
	effective electronic model is modified as: kinetic energy t = 1
	                                           effective interaction Vq = [0,0,0,0,0,0,0,0,0,0,0,0,0,0,0,0]
	first Hamiltonian is constructed, non-zero numbers = 2178478298
	PARPACK diagonalization completed after 180 matrix-vector product operations.
	iteration results: : total energy is -12.201635 | electron energy -12.201635 + phonon energy 0.000000 | electron momentum kIdx = 0
	Nq(0) = 12.25,	Nq(1) = 0.158535,	Nq(2) = 0.192961,	Nq(3) = 0.158535,	Nq(4) = 0.158535,	Nq(5) = 0.212563,	Nq(6) = 0.246836,	Nq(7) = 0.212563,	Nq(8) = 0.192961,	Nq(9) = 0.246836,	Nq(10) = 0.288785,	Nq(11) = 0.246836,	Nq(12) = 0.158535,	Nq(13) = 0.212563,	Nq(14) = 0.246836,	Nq(15) = 0.212563,	Sq(0) = 8.00116e-19,	Sq(1) = 0.474905,	Sq(2) = 0.75776,	Sq(3) = 0.474905,	Sq(4) = 0.474905,	Sq(5) = 0.625926,	Sq(6) = 1.03254,	Sq(7) = 0.625926,	Sq(8) = 0.75776,	Sq(9) = 1.03254,	Sq(10) = 2.55457,	Sq(11) = 1.03254,	Sq(12) = 0.474905,	Sq(13) = 0.625926,	Sq(14) = 1.03254,	Sq(15) = 0.625926,	N(0) = 1.77518,	N(1) = 1.61876,	N(2) = 0.297866,	N(3) = 1.61876,	N(4) = 1.61876,	N(5) = 0.999768,	N(6) = 0.250913,	N(7) = 0.999768,	N(8) = 0.297866,	N(9) = 0.250913,	N(10) = 0.151308,	N(11) = 0.250913,	N(12) = 1.61876,	N(13) = 0.999768,	N(14) = 0.250913,	N(15) = 0.999768
The 0-th iteration is completed.	|| time cost : 0h 2m 9.709s
********************************************************************************************************************
Start the 1 rounds of NGS-ED iteration
	effective electronic model is modified as: kinetic energy t = 0.896998
	                                           effective interaction Vq = [-3.83695,-3.67021,-3.55319,-3.67021,-3.67021,-3.58163,-3.50169,-3.58163,-3.55319,-3.50169,-3.45273,-3.50169,-3.67021,-3.58163,-3.50169,-3.58163]
	PARPACK diagonalization completed after 45 matrix-vector product operations.
	iteration results: : total energy is -73.712616 | electron energy -73.720188 + phonon energy 0.007572 | electron momentum kIdx = 0
The 1-th iteration is completed.	|| time cost : 0h 2m 38.892s
********************************************************************************************************************
Start the 2 rounds of NGS-ED iteration
	effective electronic model is modified as: kinetic energy t = 0.850581
	                                           effective interaction Vq = [-3.99335,-3.93299,-3.84277,-3.93299,-3.93299,-3.88763,-3.84891,-3.88763,-3.84277,-3.84891,-3.79192,-3.84891,-3.93299,-3.88763,-3.84891,-3.88763]
	PARPACK diagonalization completed after 60 matrix-vector product operations.
	iteration results: : total energy is -76.850998 | electron energy -76.894972 + phonon energy 0.043975 | electron momentum kIdx = 0
The 2-th iteration is completed.	|| time cost : 0h 0m 23.34s
********************************************************************************************************************
Start the 3 rounds of NGS-ED iteration
	effective electronic model is modified as: kinetic energy t = 0.836712
	                                           effective interaction Vq = [-3.99973,-3.96297,-3.96057,-3.96297,-3.96297,-3.92707,-3.90035,-3.92707,-3.96057,-3.90035, -3.8425,-3.90035,-3.96297,-3.92707,-3.90035,-3.92707]
	PARPACK diagonalization completed after 120 matrix-vector product operations.
	iteration results: : total energy is -77.164350 | electron energy -77.221824 + phonon energy 0.057473 | electron momentum kIdx = 0
The 3-th iteration is completed.	|| time cost : 0h 0m 36.685s
********************************************************************************************************************
Start the 4 rounds of NGS-ED iteration
	effective electronic model is modified as: kinetic energy t = 0.832132
	                                           effective interaction Vq = [-3.99999, -3.9671,-3.96753, -3.9671, -3.9671, -3.9583,-3.90873, -3.9583,-3.96753,-3.90873, -3.8532,-3.90873, -3.9671, -3.9583,-3.90873, -3.9583]
	PARPACK diagonalization completed after 45 matrix-vector product operations.
	iteration results: : total energy is -77.189705 | electron energy -77.251326 + phonon energy 0.061622 | electron momentum kIdx = 0
The 4-th iteration is completed.	|| time cost : 0h 0m 18.969s
********************************************************************************************************************
Start the 5 rounds of NGS-ED iteration
	effective electronic model is modified as: kinetic energy t = 0.831258
	                                           effective interaction Vq = [      -4, -3.9677,-3.96709, -3.9677, -3.9677,-3.96446, -3.9101,-3.96446,-3.96709, -3.9101,-3.85505, -3.9101, -3.9677,-3.96446, -3.9101,-3.96446]
	PARPACK diagonalization completed after 45 matrix-vector product operations.
	iteration results: : total energy is -77.191046 | electron energy -77.253692 + phonon energy 0.062646 | electron momentum kIdx = 0
The 5-th iteration is completed.	|| time cost : 0h 0m 18.356s
********************************************************************************************************************
Start the 6 rounds of NGS-ED iteration
	effective electronic model is modified as: kinetic energy t = 0.831095
	                                           effective interaction Vq = [      -4,-3.96778,-3.96657,-3.96778,-3.96778,-3.96582,-3.91033,-3.96582,-3.96657,-3.91033,-3.85538,-3.91033,-3.96778,-3.96582,-3.91033,-3.96582]
	PARPACK diagonalization completed after 45 matrix-vector product operations.
	iteration results: : total energy is -77.191121 | electron energy -77.253971 + phonon energy 0.062850 | electron momentum kIdx = 0
The 6-th iteration is completed.	|| time cost : 0h 0m 18.261s
********************************************************************************************************************
Start the 7 rounds of NGS-ED iteration
	effective electronic model is modified as: kinetic energy t = 0.831065
	                                           effective interaction Vq = [      -4,-3.96779,-3.96635,-3.96779,-3.96779,-3.96613,-3.91037,-3.96613,-3.96635,-3.91037,-3.85543,-3.91037,-3.96779,-3.96613,-3.91037,-3.96613]
	PARPACK diagonalization completed after 30 matrix-vector product operations.
	iteration results: : total energy is -77.191126 | electron energy -77.254014 + phonon energy 0.062888 | electron momentum kIdx = 0
	Nq(0) = 12.25,	Nq(1) = 0.38832,	Nq(2) = 0.745548,	Nq(3) = 0.38832,	Nq(4) = 0.38832,	Nq(5) = 0.745163,	Nq(6) = 0.636459,	Nq(7) = 0.745163,	Nq(8) = 0.745548,	Nq(9) = 0.636459,	Nq(10) = 0.631301,	Nq(11) = 0.636459,	Nq(12) = 0.38832,	Nq(13) = 0.745163,	Nq(14) = 0.636459,	Nq(15) = 0.745163,	Sq(0) = -8.5006e-18,	Sq(1) = 0.349957,	Sq(2) = 0.365804,	Sq(3) = 0.349957,	Sq(4) = 0.349957,	Sq(5) = 0.365806,	Sq(6) = 0.587032,	Sq(7) = 0.365806,	Sq(8) = 0.365804,	Sq(9) = 0.587032,	Sq(10) = 0.605048,	Sq(11) = 0.587032,	Sq(12) = 0.349957,	Sq(13) = 0.365806,	Sq(14) = 0.587032,	Sq(15) = 0.365806,	N(0) = 1.99912,	N(1) = 1.99748,	N(2) = 0.666504,	N(3) = 1.99748,	N(4) = 1.99748,	N(5) = 0.667502,	N(6) = 0.00181923,	N(7) = 0.667502,	N(8) = 0.666504,	N(9) = 0.00181923,	N(10) = 0.000666011,	N(11) = 0.00181923,	N(12) = 1.99748,	N(13) = 0.667502,	N(14) = 0.00181923,	N(15) = 0.667502
The 7-th iteration is completed.	|| time cost : 0h 0m 40.321s
********************************************************************************************************************
********************************************************************************************************************
Ground state is obtained after 8 iterations. The current ground-state energy is -77.1911, in which electron energy is -77.254 and phonon energy is 0.062888
final variational state is: 
	Gamma_x = [      1,1.01598,1.03158,1.01598,1.01598,1.03157,1.04132,1.03157,1.03158,1.04132,1.04978,1.04132,1.01598,1.03157,1.04132,1.03157]
	lambda_q = [0.499999,0.455136,0.454089,0.455136,0.455136,0.454046,0.425157,0.454046,0.454089,0.425157,0.404948,0.425157,0.455136,0.454046,0.425157,0.454046]
********************************************************************************************************************
o___o  ----------------------------------------
| L |	Time since last clock: 0h 0m 0s
A===A	Time since the beginning: 0h 7m 24.537s
***********************************************

********************************************************************************************************************
Start warm-up calculation for scaling factor 8
open output files: NGSEDWarmUpW8Obs.txt
********************************************************************************************************************
Start the 0 rounds of NGS-ED iteration
	effective electronic model is modified as: kinetic energy t = 0.831059
	                                           effective interaction Vq = [-3.65685,-3.49209,-3.48785,-3.49209,-3.49209,-3.48768,-3.36404,-3.48768,-3.48785,-3.36404, -3.2696,-3.36404,-3.49209,-3.48768,-3.36404,-3.48768]
	PARPACK diagonalization completed after 105 matrix-vector product operations.
	iteration results: : total energy is -68.998016 | electron energy -69.029464 + phonon energy 0.031448 | electron momentum kIdx = 0
	Nq(0) = 12.25,	Nq(1) = 0.350997,	Nq(2) = 0.506169,	Nq(3) = 0.350997,	Nq(4) = 0.350997,	Nq(5) = 0.400818,	Nq(6) = 0.55695,	Nq(7) = 0.400818,	Nq(8) = 0.506169,	Nq(9) = 0.55695,	Nq(10) = 0.565602,	Nq(11) = 0.55695,	Nq(12) = 0.350997,	Nq(13) = 0.400818,	Nq(14) = 0.55695,	Nq(15) = 0.400818,	Sq(0) = 1.08969e-17,	Sq(1) = 0.394283,	Sq(2) = 0.387285,	Sq(3) = 0.394283,	Sq(4) = 0.394283,	Sq(5) = 0.814161,	Sq(6) = 0.667261,	Sq(7) = 0.814161,	Sq(8) = 0.387286,	Sq(9) = 0.667261,	Sq(10) = 0.659608,	Sq(11) = 0.667261,	Sq(12) = 0.394283,	Sq(13) = 0.814161,	Sq(14) = 0.667261,	Sq(15) = 0.814161,	N(0) = 1.99533,	N(1) = 1.99358,	N(2) = 1.32989,	N(3) = 1.99358,	N(4) = 1.99358,	N(5) = 0.337608,	N(6) = 0.00450892,	N(7) = 0.337608,	N(8) = 1.32989,	N(9) = 0.00450892,	N(10) = 0.00211396,	N(11) = 0.00450892,	N(12) = 1.99358,	N(13) = 0.337608,	N(14) = 0.00450892,	N(15) = 0.337608
The 0-th iteration is completed.	|| time cost : 0h 0m 54.524s
********************************************************************************************************************
Start the 1 rounds of NGS-ED iteration
	effective electronic model is modified as: kinetic energy t = 0.794283
	                                           effective interaction Vq = [-3.93072,-3.76822,-3.71497,-3.76822,-3.76822,-3.65581,-3.60855,-3.65581,-3.71497,-3.60855,-3.49258,-3.60855,-3.76822,-3.65581,-3.60855,-3.65581]
	PARPACK diagonalization completed after 60 matrix-vector product operations.
	iteration results: : total energy is -72.990517 | electron energy -73.115711 + phonon energy 0.125194 | electron momentum kIdx = 0
The 1-th iteration is completed.	|| time cost : 0h 0m 21.106s
********************************************************************************************************************
Start the 2 rounds of NGS-ED iteration
	effective electronic model is modified as: kinetic energy t = 0.776315
	                                           effective interaction Vq = [-3.98601,-3.85978,-3.82803,-3.85978,-3.85978,-3.69833,-3.70585,-3.69833,-3.82803,-3.70585,-3.58376,-3.70585,-3.85978,-3.69833,-3.70585,-3.69833]
	PARPACK diagonalization completed after 60 matrix-vector product operations.
	iteration results: : total energy is -73.850114 | electron energy -74.029387 + phonon energy 0.179272 | electron momentum kIdx = 0
The 2-th iteration is completed.	|| time cost : 0h 0m 21.084s
********************************************************************************************************************
Start the 3 rounds of NGS-ED iteration
	effective electronic model is modified as: kinetic energy t = 0.765152
	                                           effective interaction Vq = [-3.99718,-3.89311,-3.89837,-3.89311,-3.89311,-3.73681,-3.74696,-3.73681,-3.89837,-3.74696,-3.62346,-3.74696,-3.89311,-3.73681,-3.74696,-3.73681]
	PARPACK diagonalization completed after 60 matrix-vector product operations.
	iteration results: : total energy is -74.064979 | electron energy -74.272195 + phonon energy 0.207216 | electron momentum kIdx = 0
The 3-th iteration is completed.	|| time cost : 0h 0m 21.041s
********************************************************************************************************************
Start the 4 rounds of NGS-ED iteration
	effective electronic model is modified as: kinetic energy t = 0.757667
	                                           effective interaction Vq = [-3.99943,-3.90599,-3.92766,-3.90599,-3.90599,-3.78587,-3.76483,-3.78587,-3.92766,-3.76483,-3.64147,-3.76483,-3.90599,-3.78587,-3.76483,-3.78587]
	PARPACK diagonalization completed after 45 matrix-vector product operations.
	iteration results: : total energy is -74.128008 | electron energy -74.351154 + phonon energy 0.223146 | electron momentum kIdx = 0
The 4-th iteration is completed.	|| time cost : 0h 0m 18.359s
********************************************************************************************************************
Start the 5 rounds of NGS-ED iteration
	effective electronic model is modified as: kinetic energy t = 0.752566
	                                           effective interaction Vq = [-3.99988,-3.91125, -3.9382,-3.91125,-3.91125,-3.82992,-3.77269,-3.82992, -3.9382,-3.77269,-3.64982,-3.77269,-3.91125,-3.82992,-3.77269,-3.82992]
	PARPACK diagonalization completed after 45 matrix-vector product operations.
	iteration results: : total energy is -74.156276 | electron energy -74.389326 + phonon energy 0.233050 | electron momentum kIdx = 0
The 5-th iteration is completed.	|| time cost : 0h 0m 21.146s
********************************************************************************************************************
Start the 6 rounds of NGS-ED iteration
	effective electronic model is modified as: kinetic energy t = 0.749199
	                                           effective interaction Vq = [-3.99998,-3.91341,-3.93949,-3.91341,-3.91341,-3.86331,-3.77602,-3.86331,-3.93949,-3.77602,-3.65373,-3.77602,-3.91341,-3.86331,-3.77602,-3.86331]
	PARPACK diagonalization completed after 45 matrix-vector product operations.
	iteration results: : total energy is -74.172422 | electron energy -74.411891 + phonon energy 0.239469 | electron momentum kIdx = 0
The 6-th iteration is completed.	|| time cost : 0h 0m 21.85s
********************************************************************************************************************
Start the 7 rounds of NGS-ED iteration
	effective electronic model is modified as: kinetic energy t = 0.747212
	                                           effective interaction Vq = [      -4,-3.91424,-3.93633,-3.91424,-3.91424,-3.88505,-3.77728,-3.88505,-3.93633,-3.77728,-3.65553,-3.77728,-3.91424,-3.88505,-3.77728,-3.88505]
	PARPACK diagonalization completed after 45 matrix-vector product operations.
	iteration results: : total energy is -74.180756 | electron energy -74.424258 + phonon energy 0.243502 | electron momentum kIdx = 0
The 7-th iteration is completed.	|| time cost : 0h 0m 21.321s
********************************************************************************************************************
Start the 8 rounds of NGS-ED iteration
	effective electronic model is modified as: kinetic energy t = 0.746153
	                                           effective interaction Vq = [      -4,-3.91452,-3.93182,-3.91452,-3.91452,-3.89802,-3.77766,-3.89802,-3.93183,-3.77766,-3.65633,-3.77766,-3.91452,-3.89802,-3.77766,-3.89802]
	PARPACK diagonalization completed after 45 matrix-vector product operations.
	iteration results: : total energy is -74.184491 | electron energy -74.430339 + phonon energy 0.245848 | electron momentum kIdx = 0
The 8-th iteration is completed.	|| time cost : 0h 0m 20.817s
********************************************************************************************************************
Start the 9 rounds of NGS-ED iteration
	effective electronic model is modified as: kinetic energy t = 0.745623
	                                           effective interaction Vq = [      -4,-3.91458,-3.92757,-3.91458,-3.91458,-3.90551,-3.77773,-3.90551,-3.92758,-3.77773,-3.65668,-3.77773,-3.91458,-3.90551,-3.77773,-3.90551]
	PARPACK diagonalization completed after 45 matrix-vector product operations.
	iteration results: : total energy is -74.186042 | electron energy -74.433155 + phonon energy 0.247113 | electron momentum kIdx = 0
The 9-th iteration is completed.	|| time cost : 0h 0m 20.869s
********************************************************************************************************************
Start the 10 rounds of NGS-ED iteration
	effective electronic model is modified as: kinetic energy t = 0.745369
	                                           effective interaction Vq = [      -4,-3.91458,-3.92415,-3.91458,-3.91458,-3.90982, -3.7777,-3.90982,-3.92415, -3.7777,-3.65682, -3.7777,-3.91458,-3.90982, -3.7777,-3.90982]
	PARPACK diagonalization completed after 45 matrix-vector product operations.
	iteration results: : total energy is -74.186670 | electron energy -74.434427 + phonon energy 0.247757 | electron momentum kIdx = 0
	Nq(0) = 12.25,	Nq(1) = 0.388322,	Nq(2) = 0.77186,	Nq(3) = 0.388322,	Nq(4) = 0.388322,	Nq(5) = 0.739401,	Nq(6) = 0.608135,	Nq(7) = 0.739401,	Nq(8) = 0.771882,	Nq(9) = 0.608136,	Nq(10) = 0.59578,	Nq(11) = 0.608136,	Nq(12) = 0.388322,	Nq(13) = 0.739401,	Nq(14) = 0.608135,	Nq(15) = 0.739401,	Sq(0) = 1.51915e-18,	Sq(1) = 0.357237,	Sq(2) = 0.370965,	Sq(3) = 0.357237,	Sq(4) = 0.357237,	Sq(5) = 0.371414,	Sq(6) = 0.59902,	Sq(7) = 0.371414,	Sq(8) = 0.370965,	Sq(9) = 0.599021,	Sq(10) = 0.614428,	Sq(11) = 0.599021,	Sq(12) = 0.357237,	Sq(13) = 0.371414,	Sq(14) = 0.59902,	Sq(15) = 0.371414,	N(0) = 1.99939,	N(1) = 1.99784,	N(2) = 0.609849,	N(3) = 1.99784,	N(4) = 1.99784,	N(5) = 0.695593,	N(6) = 0.00170145,	N(7) = 0.695593,	N(8) = 0.609847,	N(9) = 0.00170149,	N(10) = 0.000369078,	N(11) = 0.00170149,	N(12) = 1.99784,	N(13) = 0.695593,	N(14) = 0.00170145,	N(15) = 0.695593
The 10-th iteration is completed.	|| time cost : 0h 0m 52.139s
********************************************************************************************************************
Start the 11 rounds of NGS-ED iteration
	effective electronic model is modified as: kinetic energy t = 0.745249
	                                           effective interaction Vq = [      -4,-3.91456,-3.92161,-3.91456,-3.91456,-3.91232,-3.77766,-3.91232,-3.92161,-3.77766,-3.65687,-3.77766,-3.91456,-3.91232,-3.77766,-3.91232]
	PARPACK diagonalization completed after 45 matrix-vector product operations.
	iteration results: : total energy is -74.186924 | electron energy -74.434997 + phonon energy 0.248073 | electron momentum kIdx = 0
The 11-th iteration is completed.	|| time cost : 0h 0m 20.962s
********************************************************************************************************************
Start the 12 rounds of NGS-ED iteration
	effective electronic model is modified as: kinetic energy t = 0.745194
	                                           effective interaction Vq = [      -4,-3.91455,-3.91981,-3.91455,-3.91455, -3.9138,-3.77762, -3.9138,-3.91981,-3.77762,-3.65689,-3.77762,-3.91455, -3.9138,-3.77762, -3.9138]
	PARPACK diagonalization completed after 30 matrix-vector product operations.
	iteration results: : total energy is -74.187028 | electron energy -74.435250 + phonon energy 0.248222 | electron momentum kIdx = 0
The 12-th iteration is completed.	|| time cost : 0h 0m 17.867s
********************************************************************************************************************
Start the 13 rounds of NGS-ED iteration
	effective electronic model is modified as: kinetic energy t = 0.745169
	                                           effective interaction Vq = [      -4,-3.91454,-3.91857,-3.91454,-3.91454,-3.91469, -3.7776,-3.91469,-3.91858, -3.7776, -3.6569, -3.7776,-3.91454,-3.91469, -3.7776,-3.91469]
	PARPACK diagonalization completed after 45 matrix-vector product operations.
	iteration results: : total energy is -74.187071 | electron energy -74.435363 + phonon energy 0.248292 | electron momentum kIdx = 0
The 13-th iteration is completed.	|| time cost : 0h 0m 20.947s
********************************************************************************************************************
Start the 14 rounds of NGS-ED iteration
	effective electronic model is modified as: kinetic energy t = 0.745157
	                                           effective interaction Vq = [      -4,-3.91454,-3.91774,-3.91454,-3.91454,-3.91523,-3.77759,-3.91523,-3.91775,-3.77759,-3.65691,-3.77759,-3.91454,-3.91523,-3.77759,-3.91523]
	PARPACK diagonalization completed after 30 matrix-vector product operations.
	iteration results: : total energy is -74.187090 | electron energy -74.435414 + phonon energy 0.248324 | electron momentum kIdx = 0
The 14-th iteration is completed.	|| time cost : 0h 0m 17.918s
********************************************************************************************************************
Start the 15 rounds of NGS-ED iteration
	effective electronic model is modified as: kinetic energy t = 0.745152
	                                           effective interaction Vq = [      -4,-3.91453,-3.91718,-3.91453,-3.91453,-3.91557,-3.77758,-3.91557,-3.91719,-3.77758,-3.65691,-3.77758,-3.91453,-3.91557,-3.77758,-3.91557]
	PARPACK diagonalization completed after 30 matrix-vector product operations.
	iteration results: : total energy is -74.187098 | electron energy -74.435437 + phonon energy 0.248339 | electron momentum kIdx = 0
	Nq(0) = 12.25,	Nq(1) = 0.38818,	Nq(2) = 0.75329,	Nq(3) = 0.38818,	Nq(4) = 0.38818,	Nq(5) = 0.74973,	Nq(6) = 0.607926,	Nq(7) = 0.74973,	Nq(8) = 0.753355,	Nq(9) = 0.607928,	Nq(10) = 0.595686,	Nq(11) = 0.607928,	Nq(12) = 0.38818,	Nq(13) = 0.74973,	Nq(14) = 0.607926,	Nq(15) = 0.74973,	Sq(0) = -1.33249e-17,	Sq(1) = 0.357121,	Sq(2) = 0.371008,	Sq(3) = 0.357121,	Sq(4) = 0.357121,	Sq(5) = 0.371028,	Sq(6) = 0.598849,	Sq(7) = 0.371028,	Sq(8) = 0.371009,	Sq(9) = 0.59885,	Sq(10) = 0.61431,	Sq(11) = 0.59885,	Sq(12) = 0.357121,	Sq(13) = 0.371028,	Sq(14) = 0.598849,	Sq(15) = 0.371028,	N(0) = 1.9994,	N(1) = 1.99782,	N(2) = 0.660611,	N(3) = 1.99782,	N(4) = 1.99782,	N(5) = 0.67021,	N(6) = 0.00172504,	N(7) = 0.67021,	N(8) = 0.660603,	N(9) = 0.00172514,	N(10) = 0.000376696,	N(11) = 0.00172514,	N(12) = 1.99782,	N(13) = 0.67021,	N(14) = 0.00172504,	N(15) = 0.67021
The 15-th iteration is completed.	|| time cost : 0h 0m 40.275s
********************************************************************************************************************
********************************************************************************************************************
Ground state is obtained after 16 iterations. The current ground-state energy is -74.1871, in which electron energy is -74.4354 and phonon energy is 0.248339
final variational state is: 
	Gamma_x = [      1,1.04962,1.09747,1.04962,1.04962,1.09721,1.11553,1.09721,1.09747,1.11553,1.13095,1.11553,1.04962,1.09721,1.11553,1.09721]
	lambda_q = [0.707106,0.603745,0.605137,0.603745,0.603744,0.604502,0.540363,0.604502,0.605144,0.540364,0.500015,0.540364,0.603744,0.604502,0.540363,0.604502]
********************************************************************************************************************
o___o  ----------------------------------------
| L |	Time since last clock: 0h 0m 0s
A===A	Time since the beginning: 0h 14m 16.771s
***********************************************

********************************************************************************************************************
Start warm-up calculation for scaling factor 4
open output files: NGSEDWarmUpW4Obs.txt
********************************************************************************************************************
Start the 0 rounds of NGS-ED iteration
	effective electronic model is modified as: kinetic energy t = 0.74515
	                                           effective interaction Vq = [-3.65685,-3.37193,-3.37633,-3.37193,-3.37193,-3.37432,-3.15494,-3.37432,-3.37636,-3.15494,-3.00006,-3.15494,-3.37193,-3.37432,-3.15494,-3.37432]
	PARPACK diagonalization completed after 120 matrix-vector product operations.
	iteration results: : total energy is -65.836531 | electron energy -65.960703 + phonon energy 0.124173 | electron momentum kIdx = 0
	Nq(0) = 12.25,	Nq(1) = 0.319871,	Nq(2) = 0.358001,	Nq(3) = 0.319871,	Nq(4) = 0.319871,	Nq(5) = 0.456126,	Nq(6) = 0.50336,	Nq(7) = 0.456126,	Nq(8) = 0.358003,	Nq(9) = 0.50336,	Nq(10) = 0.523998,	Nq(11) = 0.50336,	Nq(12) = 0.319871,	Nq(13) = 0.456126,	Nq(14) = 0.50336,	Nq(15) = 0.456126,	Sq(0) = 5.29558e-18,	Sq(1) = 0.410653,	Sq(2) = 0.597363,	Sq(3) = 0.410653,	Sq(4) = 0.410653,	Sq(5) = 0.542045,	Sq(6) = 0.700052,	Sq(7) = 0.542045,	Sq(8) = 0.597362,	Sq(9) = 0.700052,	Sq(10) = 1.58684,	Sq(11) = 0.700052,	Sq(12) = 0.410653,	Sq(13) = 0.542045,	Sq(14) = 0.700052,	Sq(15) = 0.542045,	N(0) = 1.99035,	N(1) = 1.98015,	N(2) = 0.0132332,	N(3) = 1.98015,	N(4) = 1.98015,	N(5) = 0.999428,	N(6) = 0.0144866,	N(7) = 0.999428,	N(8) = 0.0132332,	N(9) = 0.0144866,	N(10) = 0.00691839,	N(11) = 0.0144866,	N(12) = 1.98015,	N(13) = 0.999428,	N(14) = 0.0144866,	N(15) = 0.999428
The 0-th iteration is completed.	|| time cost : 0h 1m 6.535s
********************************************************************************************************************
Start the 1 rounds of NGS-ED iteration
	effective electronic model is modified as: kinetic energy t = 0.73849
	                                           effective interaction Vq = [-3.84581,-3.51902,-3.36095,-3.51902,-3.51902,-3.44893, -3.2447,-3.44893,-3.36097, -3.2447,-3.06897, -3.2447,-3.51902,-3.44893, -3.2447,-3.44893]
	PARPACK diagonalization completed after 45 matrix-vector product operations.
	iteration results: : total energy is -68.361898 | electron energy -68.657845 + phonon energy 0.295947 | electron momentum kIdx = 0
The 1-th iteration is completed.	|| time cost : 0h 0m 20.194s
********************************************************************************************************************
Start the 2 rounds of NGS-ED iteration
	effective electronic model is modified as: kinetic energy t = 0.729157
	                                           effective interaction Vq = [-3.93072,-3.61244,-3.36644,-3.61244,-3.61244,-3.50508,-3.31861,-3.50508,-3.36645,-3.31862,-3.13343,-3.31862,-3.61244,-3.50508,-3.31861,-3.50508]
	PARPACK diagonalization completed after 45 matrix-vector product operations.
	iteration results: : total energy is -69.494801 | electron energy -69.904496 + phonon energy 0.409695 | electron momentum kIdx = 0
The 2-th iteration is completed.	|| time cost : 0h 0m 18.247s
********************************************************************************************************************
Start the 3 rounds of NGS-ED iteration
	effective electronic model is modified as: kinetic energy t = 0.720873
	                                           effective interaction Vq = [-3.96887,-3.67289,-3.37666,-3.67289,-3.67289, -3.5447,-3.37393, -3.5447,-3.37666,-3.37393,-3.18286,-3.37393,-3.67289, -3.5447,-3.37393, -3.5447]
	PARPACK diagonalization completed after 45 matrix-vector product operations.
	iteration results: : total energy is -70.007845 | electron energy -70.489163 + phonon energy 0.481318 | electron momentum kIdx = 0
The 3-th iteration is completed.	|| time cost : 0h 0m 18.233s
********************************************************************************************************************
Start the 4 rounds of NGS-ED iteration
	effective electronic model is modified as: kinetic energy t = 0.714383
	                                           effective interaction Vq = [-3.98601,-3.71264,-3.38636,-3.71264,-3.71264,-3.57198,-3.41399,-3.57198,-3.38636,-3.41399,-3.21848,-3.41399,-3.71264,-3.57198,-3.41399,-3.57198]
	PARPACK diagonalization completed after 30 matrix-vector product operations.
	iteration results: : total energy is -70.240857 | electron energy -70.768667 + phonon energy 0.527810 | electron momentum kIdx = 0
The 4-th iteration is completed.	|| time cost : 0h 0m 15.366s
********************************************************************************************************************
Start the 5 rounds of NGS-ED iteration
	effective electronic model is modified as: kinetic energy t = 0.709553
	                                           effective interaction Vq = [-3.99372,-3.73911,-3.39424,-3.73911,-3.73911,-3.59061, -3.4427,-3.59061,-3.39424, -3.4427,-3.24359, -3.4427,-3.73911,-3.59061, -3.4427,-3.59061]
	PARPACK diagonalization completed after 45 matrix-vector product operations.
	iteration results: : total energy is -70.346813 | electron energy -70.905839 + phonon energy 0.559026 | electron momentum kIdx = 0
The 5-th iteration is completed.	|| time cost : 0h 0m 18.281s
********************************************************************************************************************
Start the 6 rounds of NGS-ED iteration
	effective electronic model is modified as: kinetic energy t = 0.706045
	                                           effective interaction Vq = [-3.99718,-3.75693,-3.40026,-3.75693,-3.75693, -3.6033,-3.46323, -3.6033,-3.40027,-3.46323,-3.26117,-3.46323,-3.75693, -3.6033,-3.46323, -3.6033]
	PARPACK diagonalization completed after 30 matrix-vector product operations.
	iteration results: : total energy is -70.395034 | electron energy -70.975515 + phonon energy 0.580481 | electron momentum kIdx = 0
The 6-th iteration is completed.	|| time cost : 0h 0m 15.389s
********************************************************************************************************************
Start the 7 rounds of NGS-ED iteration
	effective electronic model is modified as: kinetic energy t = 0.703529
	                                           effective interaction Vq = [-3.99873,-3.76903,-3.40474,-3.76903,-3.76903,-3.61195, -3.4779,-3.61195,-3.40474, -3.4779,-3.27343, -3.4779,-3.76903,-3.61195, -3.4779,-3.61195]
	PARPACK diagonalization completed after 30 matrix-vector product operations.
	iteration results: : total energy is -70.417000 | electron energy -71.012430 + phonon energy 0.595431 | electron momentum kIdx = 0
The 7-th iteration is completed.	|| time cost : 0h 0m 15.38s
********************************************************************************************************************
Start the 8 rounds of NGS-ED iteration
	effective electronic model is modified as: kinetic energy t = 0.701738
	                                           effective interaction Vq = [-3.99943, -3.7773,-3.40802, -3.7773, -3.7773,-3.61784, -3.4884,-3.61784,-3.40802, -3.4884,-3.28199, -3.4884, -3.7773,-3.61784, -3.4884,-3.61784]
	PARPACK diagonalization completed after 30 matrix-vector product operations.
	iteration results: : total energy is -70.427016 | electron energy -71.032943 + phonon energy 0.605927 | electron momentum kIdx = 0
The 8-th iteration is completed.	|| time cost : 0h 0m 15.416s
********************************************************************************************************************
Start the 9 rounds of NGS-ED iteration
	effective electronic model is modified as: kinetic energy t = 0.700467
	                                           effective interaction Vq = [-3.99974,-3.78297,-3.41039,-3.78297,-3.78297,-3.62186,-3.49592,-3.62186,-3.41039,-3.49592,-3.28796,-3.49592,-3.78297,-3.62186,-3.49592,-3.62186]
	PARPACK diagonalization completed after 30 matrix-vector product operations.
	iteration results: : total energy is -70.431589 | electron energy -71.044915 + phonon energy 0.613326 | electron momentum kIdx = 0
The 9-th iteration is completed.	|| time cost : 0h 0m 15.365s
********************************************************************************************************************
Start the 10 rounds of NGS-ED iteration
	effective electronic model is modified as: kinetic energy t = 0.699568
	                                           effective interaction Vq = [-3.99988,-3.78689, -3.4121,-3.78689,-3.78689,-3.62461,-3.50132,-3.62461, -3.4121,-3.50132,-3.29212,-3.50132,-3.78689,-3.62461,-3.50132,-3.62461]
	PARPACK diagonalization completed after 30 matrix-vector product operations.
	iteration results: : total energy is -70.433680 | electron energy -71.052232 + phonon energy 0.618553 | electron momentum kIdx = 0
	Nq(0) = 12.25,	Nq(1) = 0.387837,	Nq(2) = 0.356696,	Nq(3) = 0.387837,	Nq(4) = 0.387837,	Nq(5) = 0.486207,	Nq(6) = 0.564484,	Nq(7) = 0.486207,	Nq(8) = 0.356696,	Nq(9) = 0.564484,	Nq(10) = 0.555229,	Nq(11) = 0.564484,	Nq(12) = 0.387837,	Nq(13) = 0.486207,	Nq(14) = 0.564484,	Nq(15) = 0.486207,	Sq(0) = -7.50038e-18,	Sq(1) = 0.38554,	Sq(2) = 0.566023,	Sq(3) = 0.38554,	Sq(4) = 0.38554,	Sq(5) = 0.517038,	Sq(6) = 0.65219,	Sq(7) = 0.517038,	Sq(8) = 0.566023,	Sq(9) = 0.65219,	Sq(10) = 1.37615,	Sq(11) = 0.65219,	Sq(12) = 0.38554,	Sq(13) = 0.517038,	Sq(14) = 0.65219,	Sq(15) = 0.517038,	N(0) = 1.99748,	N(1) = 1.99542,	N(2) = 0.00317873,	N(3) = 1.99542,	N(4) = 1.99542,	N(5) = 1.00001,	N(6) = 0.00320987,	N(7) = 1.00001,	N(8) = 0.00317873,	N(9) = 0.00320987,	N(10) = 0.0015811,	N(11) = 0.00320987,	N(12) = 1.99542,	N(13) = 1.00001,	N(14) = 0.00320987,	N(15) = 1.00001
The 10-th iteration is completed.	|| time cost : 0h 0m 40.252s
********************************************************************************************************************
Start the 11 rounds of NGS-ED iteration
	effective electronic model is modified as: kinetic energy t = 0.698932
	                                           effective interaction Vq = [-3.99995,-3.78959,-3.41333,-3.78959,-3.78959,-3.62648,-3.50519,-3.62648,-3.41333,-3.50519,-3.29504,-3.50519,-3.78959,-3.62648,-3.50519,-3.62648]
	PARPACK diagonalization completed after 30 matrix-vector product operations.
	iteration results: : total energy is -70.434637 | electron energy -71.056886 + phonon energy 0.622249 | electron momentum kIdx = 0
The 11-th iteration is completed.	|| time cost : 0h 0m 15.452s
********************************************************************************************************************
Start the 12 rounds of NGS-ED iteration
	effective electronic model is modified as: kinetic energy t = 0.698484
	                                           effective interaction Vq = [-3.99998,-3.79146,-3.41421,-3.79146,-3.79146,-3.62776,-3.50796,-3.62776,-3.41421,-3.50796,-3.29707,-3.50796,-3.79146,-3.62776,-3.50796,-3.62776]
	PARPACK diagonalization completed after 30 matrix-vector product operations.
	iteration results: : total energy is -70.435076 | electron energy -71.059941 + phonon energy 0.624864 | electron momentum kIdx = 0
The 12-th iteration is completed.	|| time cost : 0h 0m 15.396s
********************************************************************************************************************
Start the 13 rounds of NGS-ED iteration
	effective electronic model is modified as: kinetic energy t = 0.698167
	                                           effective interaction Vq = [-3.99999,-3.79276,-3.41483,-3.79276,-3.79276,-3.62864,-3.50996,-3.62864,-3.41483,-3.50996,-3.29849,-3.50996,-3.79276,-3.62864,-3.50996,-3.62864]
	PARPACK diagonalization completed after 30 matrix-vector product operations.
	iteration results: : total energy is -70.435278 | electron energy -71.061994 + phonon energy 0.626716 | electron momentum kIdx = 0
The 13-th iteration is completed.	|| time cost : 0h 0m 15.358s
********************************************************************************************************************
Start the 14 rounds of NGS-ED iteration
	effective electronic model is modified as: kinetic energy t = 0.697943
	                                           effective interaction Vq = [      -4,-3.79366,-3.41527,-3.79366,-3.79366,-3.62924,-3.51139,-3.62924,-3.41527,-3.51139,-3.29948,-3.51139,-3.79366,-3.62924,-3.51139,-3.62924]
	PARPACK diagonalization completed after 30 matrix-vector product operations.
	iteration results: : total energy is -70.435371 | electron energy -71.063398 + phonon energy 0.628027 | electron momentum kIdx = 0
