SNEDics v3.2 diagonalization test program		Start at Fri Apr 26 23:06:38 2019

parallized on 80 MPI threads  * 6 OpenMP threads = 480 total threads.
************************************************************************************
************************************************************************************

Input file "model_params.in"
Hubbard-Holstein model parameters : 	t = 1    U = 4    g = 2    W = 1    
************************************************************************************
Input file "hilbertspace_params.in"

Cluster Positions:				Cluster symmetry group : D4
 x ... x ... x ... x .....                       x ... x ... x ... x .....
 |           |           :                       |           |           :
 |           |           :                       |           |           :
12    13    14    15     x                       1     5     6     5     x
 |           |           :                       |           |           :
 |           |           :                       |           |           :
 8 --- 9 ---10 ---11 --- x                       2 --- 6 ---10 --- 6 --- x
 |           |           :                       |           |           :
 |           |           :                       |           |           :
 4     5     6     7     x                       1     5     6     5     x
 |           |           :                       |           |           :
 |           |           :                       |           |           :
 0 --- 1 --- 2 --- 3 --- x                       0 --- 1 --- 2 --- 1 --- x
orbital number : 1
************************************************************************************
0 rounds of non-Gaussian ED iteration : ground-state energy is -13.6219 | electron energy -13.6219 + phonon energy 0 | electron momentum kIdx = 0
Nq = 	16	0.157533	0.233127	0.157533	0.157533	0.233127	0.317451	0.233127	0.233127	0.317451	0.385325	0.317451	0.157533	0.233127	0.317451	0.233127
Sq = 	5.23095e-19	0.426995	0.623805	0.426995	0.426995	0.623805	0.804409	0.623805	0.623805	0.804409	3.64753	0.804409	0.426995	0.623805	0.804409	0.623805
1 rounds of non-Gaussian ED iteration : ground-state energy is -27.0589 | electron energy -27.059 + phonon energy 7.99687e-05 | electron momentum kIdx = 0
Nq = 	16	0.201628	0.275656	0.201628	0.201628	0.275656	0.381939	0.275656	0.275656	0.381939	0.452168	0.381939	0.201628	0.275656	0.381939	0.275656
Sq = 	-3.27069e-18	0.422134	0.613151	0.422134	0.422134	0.613151	0.76238	0.613151	0.613151	0.76238	3.14267	0.76238	0.422134	0.613151	0.76238	0.613151
2 rounds of non-Gaussian ED iteration : ground-state energy is -37.3621 | electron energy -37.3644 + phonon energy 0.00225711 | electron momentum kIdx = 0
Nq = 	16	0.232301	0.298842	0.232301	0.232301	0.298842	0.420933	0.298842	0.298842	0.420933	0.487257	0.420933	0.232301	0.298842	0.420933	0.298842
Sq = 	-3.20267e-18	0.416952	0.604863	0.416952	0.416952	0.604863	0.737508	0.604863	0.604863	0.737508	2.85974	0.737508	0.416952	0.604863	0.737508	0.604863
3 rounds of non-Gaussian ED iteration : ground-state energy is -45.6108 | electron energy -45.6231 + phonon energy 0.0122875 | electron momentum kIdx = 0
Nq = 	16	0.258348	0.314325	0.258348	0.258348	0.314325	0.450042	0.314325	0.314325	0.450042	0.510113	0.450042	0.258348	0.314325	0.450042	0.314325
Sq = 	4.43316e-18	0.411968	0.597669	0.411968	0.411968	0.597669	0.719004	0.597669	0.597669	0.719004	2.66048	0.719004	0.411968	0.597669	0.719004	0.597669
4 rounds of non-Gaussian ED iteration : ground-state energy is -52.3298 | electron energy -52.3656 + phonon energy 0.0358342 | electron momentum kIdx = 0
Nq = 	16	0.28336	0.325986	0.28336	0.28336	0.325986	0.475227	0.325986	0.325986	0.475227	0.527538	0.475227	0.28336	0.325986	0.475227	0.325986
Sq = 	-2.60678e-20	0.406881	0.590716	0.406881	0.406881	0.590716	0.703096	0.590716	0.590716	0.703096	2.498	0.703096	0.406881	0.590716	0.703096	0.590716
5 rounds of non-Gaussian ED iteration : ground-state energy is -57.848 | electron energy -57.9241 + phonon energy 0.0761363 | electron momentum kIdx = 0
Nq = 	16	0.309519	0.335414	0.309519	0.309519	0.335414	0.499422	0.335414	0.335414	0.499422	0.542274	0.499422	0.309519	0.335414	0.499422	0.335414
Sq = 	9.16281e-18	0.401353	0.583401	0.401353	0.401353	0.583401	0.687974	0.583401	0.583401	0.687974	2.35176	0.687974	0.401353	0.583401	0.687974	0.583401
6 rounds of non-Gaussian ED iteration : ground-state energy is -62.4052 | electron energy -62.5396 + phonon energy 0.134387 | electron momentum kIdx = 0
Nq = 	16	0.338823	0.343289	0.338823	0.338823	0.343289	0.52444	0.343289	0.343289	0.52444	0.555416	0.52444	0.338823	0.343289	0.52444	0.343289
Sq = 	-1.88482e-18	0.395027	0.575188	0.395027	0.395027	0.575188	0.672495	0.575188	0.575188	0.672495	2.21058	0.672495	0.395027	0.575188	0.672495	0.575188
7 rounds of non-Gaussian ED iteration : ground-state energy is -66.1899 | electron energy -66.4006 + phonon energy 0.210689 | electron momentum kIdx = 0
Nq = 	16	0.373827	0.349821	0.373827	0.373827	0.349821	0.551682	0.349821	0.349821	0.551682	0.567183	0.551682	0.373827	0.349821	0.551682	0.349821
Sq = 	1.35426e-19	0.387439	0.56545	0.387439	0.387439	0.56545	0.655676	0.56545	0.56545	0.655676	2.06669	0.655676	0.387439	0.56545	0.655676	0.56545
8 rounds of non-Gaussian ED iteration : ground-state energy is -69.3574 | electron energy -69.6622 + phonon energy 0.304737 | electron momentum kIdx = 0
Nq = 	16	0.420677	0.357037	0.420677	0.420677	0.357037	0.578124	0.357037	0.357037	0.578124	0.576955	0.578124	0.420677	0.357037	0.578124	0.357037
Sq = 	4.02552e-18	0.375511	0.549994	0.375511	0.375511	0.549994	0.642716	0.549994	0.549994	0.642716	1.91275	0.642716	0.375511	0.549994	0.642716	0.549994
9 rounds of non-Gaussian ED iteration : ground-state energy is -72.0376 | electron energy -72.4537 + phonon energy 0.416054 | electron momentum kIdx = 0
Nq = 	16	0.483694	0.358502	0.483694	0.483694	0.358502	0.616038	0.358502	0.358502	0.616038	0.583493	0.616038	0.483694	0.358502	0.616038	0.358502
Sq = 	-1.66423e-18	0.365039	0.536629	0.365039	0.365039	0.536629	0.612597	0.536629	0.536629	0.612597	1.73625	0.612597	0.365039	0.536629	0.612597	0.536629
10 rounds of non-Gaussian ED iteration : ground-state energy is -74.3608 | electron energy -74.9047 + phonon energy 0.543985 | electron momentum kIdx = 0
Nq = 	16	0.611743	0.362928	0.611743	0.611743	0.362928	0.644032	0.362928	0.362928	0.644032	0.586273	0.644032	0.611743	0.362928	0.644032	0.362928
Sq = 	9.83867e-18	0.344553	0.508509	0.344553	0.344553	0.508509	0.578048	0.508509	0.508509	0.578048	1.4716	0.578048	0.344553	0.508509	0.578048	0.508509
11 rounds of non-Gaussian ED iteration : ground-state energy is -76.5465 | electron energy -77.2324 + phonon energy 0.685883 | electron momentum kIdx = 0
Nq = 	16	1.05512	0.38481	1.05512	1.05511	0.384809	0.570001	0.384809	0.384808	0.569999	0.632854	0.569999	1.05511	0.384809	0.570001	0.384809
Sq = 	-8.10809e-18	0.299628	0.423786	0.299628	0.299628	0.423785	0.498168	0.423785	0.423784	0.498167	0.823953	0.498167	0.299628	0.423785	0.498168	0.423785
12 rounds of non-Gaussian ED iteration : ground-state energy is -79.012 | electron energy -79.8329 + phonon energy 0.820909 | electron momentum kIdx = 0
Nq = 	16	1.68448	0.339402	1.68448	1.67369	0.339031	0.439931	0.339031	0.33866	0.439454	0.526278	0.439454	1.67369	0.339031	0.439931	0.339031
Sq = 	6.33421e-19	0.237322	0.329401	0.237322	0.237183	0.329055	0.385262	0.329055	0.328708	0.384889	0.500774	0.384889	0.237183	0.329055	0.385262	0.329055
13 rounds of non-Gaussian ED iteration : ground-state energy is -81.5337 | electron energy -82.446 + phonon energy 0.912248 | electron momentum kIdx = 0
Nq = 	16	3.68666	0.348354	3.68666	0.384291	0.298101	0.408646	0.298101	0.248043	0.337545	0.41228	0.337545	0.384291	0.298101	0.408646	0.298101
Sq = 	3.49428e-19	0.190482	0.326085	0.190482	0.207062	0.281608	0.349075	0.281608	0.236907	0.296016	0.389952	0.296016	0.207062	0.281608	0.349075	0.281608
14 rounds of non-Gaussian ED iteration : ground-state energy is -83.7576 | electron energy -84.7217 + phonon energy 0.964093 | electron momentum kIdx = 0
Nq = 	16	4.03057	0.305726	4.03057	0.378166	0.279119	0.375473	0.279119	0.249295	0.318293	0.358946	0.318293	0.378166	0.279119	0.375473	0.279119
Sq = 	2.20264e-19	0.157224	0.27877	0.157224	0.200681	0.257318	0.309182	0.257318	0.232976	0.275028	0.339304	0.275028	0.200681	0.257318	0.309182	0.257318
15 rounds of non-Gaussian ED iteration : ground-state energy is -86.1394 | electron energy -87.1322 + phonon energy 0.99283 | electron momentum kIdx = 0
Nq = 	16	7.50143	0.0669462	7.50143	2.84722e-06	0.0334357	0.0672836	0.0334357	3.64934e-06	0.0335277	0.066634	0.0335277	2.84722e-06	0.0334357	0.0672836	0.0334357
Sq = 	8.23864e-20	0.0330276	0.0660348	0.0330276	2.08432e-06	0.0330192	0.066011	0.0330192	3.20503e-06	0.0330084	0.0659631	0.0330084	2.08432e-06	0.0330192	0.066011	0.0330192
16 rounds of non-Gaussian ED iteration : ground-state energy is -88.8119 | electron energy -89.5493 + phonon energy 0.737385 | electron momentum kIdx = 0
Nq = 	16	7.62043	0.0505682	7.62043	1.44248e-08	0.0252689	0.0507366	0.0252689	2.69437e-08	0.0253303	0.0505519	0.0253303	1.44248e-08	0.0252689	0.0507366	0.0252689
Sq = 	6.80663e-20	0.0253012	0.0506017	0.0253012	1.42023e-08	0.025301	0.0506012	0.025301	2.72652e-08	0.0253009	0.0506009	0.0253009	1.42023e-08	0.025301	0.0506012	0.025301
17 rounds of non-Gaussian ED iteration : ground-state energy is -90.7829 | electron energy -91.3333 + phonon energy 0.55038 | electron momentum kIdx = 0
Nq = 	16	7.68784	0.041495	7.68784	3.34262e-08	0.0207388	0.0415847	0.0207388	6.373e-08	0.0207756	0.0415243	0.0207756	3.34262e-08	0.0207388	0.0415847	0.0207388
Sq = 	-1.1606e-19	0.0208503	0.0417025	0.0208503	3.39195e-08	0.0208513	0.0417048	0.0208513	6.49613e-08	0.0208525	0.0417078	0.0208525	3.39195e-08	0.0208513	0.0417048	0.0208513
18 rounds of non-Gaussian ED iteration : ground-state energy is -92.2364 | electron energy -92.6528 + phonon energy 0.41639 | electron momentum kIdx = 0
Nq = 	16	7.73049	0.0358063	7.73049	4.45556e-08	0.0178973	0.0358562	0.0178973	8.62684e-08	0.017919	0.0358337	0.017919	4.45556e-08	0.0178973	0.0358562	0.0178973
Sq = 	6.89792e-20	0.0180134	0.0360289	0.0180134	4.54791e-08	0.0180145	0.0360313	0.0180145	8.83986e-08	0.0180157	0.0360341	0.0180157	4.54791e-08	0.0180145	0.0360313	0.0180145
19 rounds of non-Gaussian ED iteration : ground-state energy is -93.3148 | electron energy -93.637 + phonon energy 0.322144 | electron momentum kIdx = 0
Nq = 	16	7.75876	0.0320492	7.75876	4.38004e-08	0.0160204	0.0320784	0.0160204	8.52662e-08	0.0160334	0.0320684	0.0160334	4.38004e-08	0.0160204	0.0320784	0.0160204
Sq = 	-1.35698e-19	0.0161267	0.0322552	0.0161267	4.4683e-08	0.0161276	0.0322572	0.0161276	8.73283e-08	0.0161286	0.0322595	0.0161286	4.4683e-08	0.0161276	0.0322572	0.0161276
20 rounds of non-Gaussian ED iteration : ground-state energy is -94.121 | electron energy -94.3777 + phonon energy 0.256731 | electron momentum kIdx = 0
Nq = 	16	7.77807	0.0294881	7.77807	4.0073e-08	0.0147409	0.029506	0.0147409	7.82326e-08	0.014749	0.0295006	0.014749	4.0073e-08	0.0147409	0.029506	0.0147409
Sq = 	6.92219e-20	0.0148366	0.0296748	0.0148366	4.08292e-08	0.0148374	0.0296765	0.0148374	8.00224e-08	0.0148383	0.0296785	0.0148383	4.08292e-08	0.0148374	0.0296765	0.0148374
21 rounds of non-Gaussian ED iteration : ground-state energy is -94.7274 | electron energy -94.9391 + phonon energy 0.211743 | electron momentum kIdx = 0
Nq = 	16	7.79164	0.0276876	7.79164	3.62712e-08	0.0138414	0.0276992	0.0138414	7.09393e-08	0.0138467	0.0276957	0.0138467	3.62712e-08	0.0138414	0.0276992	0.0138414
Sq = 	1.45864e-19	0.0139285	0.0278583	0.0139285	3.69161e-08	0.0139292	0.0278598	0.0139292	7.24801e-08	0.0139299	0.0278615	0.0139299	3.69161e-08	0.0139292	0.0278598	0.0139292
22 rounds of non-Gaussian ED iteration : ground-state energy is -95.186 | electron energy -95.367 + phonon energy 0.18101 | electron momentum kIdx = 0
Nq = 	16	7.80149	0.0263825	7.80149	3.30958e-08	0.0131894	0.0263903	0.0131894	6.48108e-08	0.0131929	0.0263877	0.0131929	3.30958e-08	0.0131894	0.0263903	0.0131894
Sq = 	-1.1781e-19	0.0132698	0.0265409	0.0132698	3.36563e-08	0.0132704	0.0265422	0.0132704	6.61592e-08	0.0132711	0.0265437	0.0132711	3.36563e-08	0.0132704	0.0265422	0.0132704
23 rounds of non-Gaussian ED iteration : ground-state energy is -95.5345 | electron energy -95.6946 + phonon energy 0.160139 | electron momentum kIdx = 0
Nq = 	16	7.80882	0.0254104	7.80882	3.05907e-08	0.0127037	0.0254157	0.0127037	5.99605e-08	0.0127061	0.0254136	0.0127061	3.05907e-08	0.0127037	0.0254157	0.0127037
Sq = 	1.14583e-21	0.0127791	0.0255593	0.0127791	3.1089e-08	0.0127796	0.0255605	0.0127796	6.11653e-08	0.0127803	0.0255619	0.0127803	3.1089e-08	0.0127796	0.0255605	0.0127796
24 rounds of non-Gaussian ED iteration : ground-state energy is -95.8003 | electron energy -95.9463 + phonon energy 0.146055 | electron momentum kIdx = 0
Nq = 	16	7.8144	0.0246698	7.8144	2.86437e-08	0.0123337	0.0246735	0.0123337	5.61835e-08	0.0123354	0.0246718	0.0123354	2.86437e-08	0.0123337	0.0246735	0.0123337
Sq = 	-1.13994e-20	0.0124052	0.0248114	0.0124052	2.9096e-08	0.0124057	0.0248126	0.0124057	5.72811e-08	0.0124063	0.0248139	0.0124063	2.9096e-08	0.0124057	0.0248126	0.0124057
25 rounds of non-Gaussian ED iteration : ground-state energy is -96.0039 | electron energy -96.1405 + phonon energy 0.136625 | electron momentum kIdx = 0
Nq = 	16	7.81873	0.0240957	7.81873	2.71304e-08	0.0120468	0.0240983	0.0120468	5.32438e-08	0.012048	0.0240967	0.012048	2.71304e-08	0.0120468	0.0240983	0.0120468
Sq = 	-9.82993e-20	0.0121153	0.0242317	0.0121153	2.75483e-08	0.0121159	0.0242328	0.0121159	5.42607e-08	0.0121164	0.024234	0.0121164	2.75483e-08	0.0121159	0.0242328	0.0121159
26 rounds of non-Gaussian ED iteration : ground-state energy is -96.1604 | electron energy -96.2907 + phonon energy 0.130377 | electron momentum kIdx = 0
Nq = 	16	7.82214	0.0236445	7.82214	2.59475e-08	0.0118214	0.0236463	0.0118214	5.09437e-08	0.0118222	0.0236449	0.0118222	2.59475e-08	0.0118214	0.0236463	0.0118214
Sq = 	-7.71614e-20	0.0118876	0.0237761	0.0118876	2.63392e-08	0.0118881	0.0237771	0.0118881	5.1899e-08	0.0118886	0.0237782	0.0118886	2.63392e-08	0.0118881	0.0237771	0.0118881
27 rounds of non-Gaussian ED iteration : ground-state energy is -96.2811 | electron energy -96.4074 + phonon energy 0.126297 | electron momentum kIdx = 0
Nq = 	16	7.82484	0.0232861	7.82484	2.50159e-08	0.0116423	0.0232873	0.0116423	4.9131e-08	0.0116428	0.023286	0.0116428	2.50159e-08	0.0116423	0.0232873	0.0116423
Sq = 	-1.46346e-19	0.0117067	0.0234142	0.0117067	2.53874e-08	0.0117071	0.0234152	0.0117071	5.00387e-08	0.0117076	0.0234163	0.0117076	2.53874e-08	0.0117071	0.0234152	0.0117071
28 rounds of non-Gaussian ED iteration : ground-state energy is -96.3746 | electron energy -96.4983 + phonon energy 0.123688 | electron momentum kIdx = 0
Nq = 	16	7.827	0.0229991	7.827	2.42766e-08	0.0114989	0.0229998	0.0114989	4.76916e-08	0.0114992	0.0229986	0.0114992	2.42766e-08	0.0114989	0.0229998	0.0114989
Sq = 	-8.255e-20	0.0115618	0.0231244	0.0115618	2.46324e-08	0.0115622	0.0231254	0.0115622	4.85621e-08	0.0115627	0.0231264	0.0115627	2.46324e-08	0.0115622	0.0231254	0.0115622
29 rounds of non-Gaussian ED iteration : ground-state energy is -96.4473 | electron energy -96.5694 + phonon energy 0.122074 | electron momentum kIdx = 0
Nq = 	16	7.82875	0.0227676	7.82875	2.36856e-08	0.0113832	0.022768	0.0113832	4.65405e-08	0.0113834	0.0227669	0.0113834	2.36856e-08	0.0113832	0.022768	0.0113832
Sq = 	-5.23359e-20	0.0114449	0.0228908	0.0114449	2.4029e-08	0.0114454	0.0228917	0.0114454	4.73816e-08	0.0114459	0.0228927	0.0114459	2.4029e-08	0.0114454	0.0228917	0.0114454
30 rounds of non-Gaussian ED iteration : ground-state energy is -96.504 | electron energy -96.6251 + phonon energy 0.121125 | electron momentum kIdx = 0
Nq = 	16	7.83017	0.0225799	7.83017	2.32099e-08	0.0112894	0.02258	0.0112894	4.56138e-08	0.0112895	0.0225789	0.0112895	2.32099e-08	0.0112894	0.02258	0.0112894
Sq = 	1.33426e-19	0.0113502	0.0227013	0.0113502	2.35435e-08	0.0113506	0.0227022	0.0113506	4.64315e-08	0.0113511	0.0227031	0.0113511	2.35435e-08	0.0113506	0.0227022	0.0113506
31 rounds of non-Gaussian ED iteration : ground-state energy is -96.5483 | electron energy -96.669 + phonon energy 0.120618 | electron momentum kIdx = 0
Nq = 	16	7.83132	0.0224269	7.83132	2.28248e-08	0.011213	0.0224269	0.011213	4.48633e-08	0.0112129	0.0224258	0.0112129	2.28248e-08	0.011213	0.0224269	0.011213
Sq = 	-6.99856e-20	0.011273	0.0225469	0.011273	2.31505e-08	0.0112734	0.0225477	0.0112734	4.56623e-08	0.0112739	0.0225487	0.0112739	2.31505e-08	0.0112734	0.0225477	0.0112734
32 rounds of non-Gaussian ED iteration : ground-state energy is -96.5832 | electron energy -96.7036 + phonon energy 0.1204 | electron momentum kIdx = 0
Nq = 	16	7.83226	0.0223018	7.83226	2.25114e-08	0.0111504	0.0223016	0.0111504	4.42523e-08	0.0111503	0.0223005	0.0111503	2.25114e-08	0.0111504	0.0223016	0.0111504
Sq = 	-6.54518e-21	0.0112099	0.0224205	0.0112099	2.28307e-08	0.0112103	0.0224214	0.0112103	4.50361e-08	0.0112107	0.0224224	0.0112107	2.28307e-08	0.0112103	0.0224214	0.0112103
33 rounds of non-Gaussian ED iteration : ground-state energy is -96.6106 | electron energy -96.731 + phonon energy 0.120367 | electron momentum kIdx = 0
Nq = 	16	7.83304	0.022199	7.83304	2.22551e-08	0.0110991	0.0221987	0.0110991	4.37525e-08	0.0110989	0.0221977	0.0110989	2.22551e-08	0.0110991	0.0221987	0.0110991
Sq = 	-5.72544e-20	0.011158	0.0223169	0.011158	2.25692e-08	0.0111584	0.0223177	0.0111584	4.4524e-08	0.0111589	0.0223187	0.0111589	2.25692e-08	0.0111584	0.0223177	0.0111584
34 rounds of non-Gaussian ED iteration : ground-state energy is -96.6323 | electron energy -96.7528 + phonon energy 0.120448 | electron momentum kIdx = 0
Nq = 	16	7.83367	0.0221145	7.83367	2.20446e-08	0.0110568	0.022114	0.0110568	4.3342e-08	0.0110566	0.022113	0.0110566	2.20446e-08	0.0110568	0.022114	0.0110568
Sq = 	1.292e-19	0.0111153	0.0222315	0.0111153	2.23545e-08	0.0111157	0.0222323	0.0111157	4.41034e-08	0.0111162	0.0222333	0.0111162	2.23545e-08	0.0111157	0.0222323	0.0111157
35 rounds of non-Gaussian ED iteration : ground-state energy is -96.6495 | electron energy -96.7701 + phonon energy 0.120595 | electron momentum kIdx = 0
Nq = 	16	7.8342	0.0220446	7.8342	2.1871e-08	0.0110219	0.0220441	0.0110219	4.30036e-08	0.0110217	0.0220431	0.0110217	2.1871e-08	0.0110219	0.0220441	0.0110219
Sq = 	-8.16696e-20	0.0110801	0.022161	0.0110801	2.21775e-08	0.0110805	0.0221618	0.0110805	4.37567e-08	0.0110809	0.0221627	0.0110809	2.21775e-08	0.0110805	0.0221618	0.0110805
36 rounds of non-Gaussian ED iteration : ground-state energy is -96.6632 | electron energy -96.784 + phonon energy 0.120778 | electron momentum kIdx = 0
Nq = 	16	7.83464	0.0219868	7.83464	2.17275e-08	0.0109931	0.0219862	0.0109931	4.27237e-08	0.0109928	0.0219853	0.0109928	2.17275e-08	0.0109931	0.0219862	0.0109931
Sq = 	-1.06817e-21	0.0110509	0.0221026	0.0110509	2.20311e-08	0.0110513	0.0221035	0.0110513	4.347e-08	0.0110517	0.0221044	0.0110517	2.20311e-08	0.0110513	0.0221035	0.0110513
37 rounds of non-Gaussian ED iteration : ground-state energy is -96.6741 | electron energy -96.795 + phonon energy 0.120975 | electron momentum kIdx = 0
Nq = 	16	7.835	0.0219389	7.835	2.16085e-08	0.0109691	0.0219382	0.0109691	4.24915e-08	0.0109688	0.0219373	0.0109688	2.16085e-08	0.0109691	0.0219382	0.0109691
Sq = 	-9.67087e-20	0.0110267	0.0220542	0.0110267	2.19097e-08	0.0110271	0.0220551	0.0110271	4.32321e-08	0.0110275	0.022056	0.0110275	2.19097e-08	0.0110271	0.0220551	0.0110271
38 rounds of non-Gaussian ED iteration : ground-state energy is -96.6828 | electron energy -96.8039 + phonon energy 0.121173 | electron momentum kIdx = 0
Nq = 	16	7.8353	0.021899	7.8353	2.15095e-08	0.0109492	0.0218984	0.0109492	4.22983e-08	0.0109489	0.0218974	0.0109489	2.15095e-08	0.0109492	0.0218984	0.0109492
Sq = 	8.75505e-20	0.0110066	0.022014	0.0110066	2.18087e-08	0.011007	0.0220149	0.011007	4.30343e-08	0.0110074	0.0220158	0.0110074	2.18087e-08	0.011007	0.0220149	0.011007
39 rounds of non-Gaussian ED iteration : ground-state energy is -96.6897 | electron energy -96.8111 + phonon energy 0.121365 | electron momentum kIdx = 0
Nq = 	16	7.83555	0.0218658	7.83555	2.14269e-08	0.0109326	0.0218652	0.0109326	4.21373e-08	0.0109323	0.0218642	0.0109323	2.14269e-08	0.0109326	0.0218652	0.0109326
Sq = 	1.27836e-19	0.0109899	0.0219805	0.0109899	2.17246e-08	0.0109903	0.0219814	0.0109903	4.28694e-08	0.0109907	0.0219823	0.0109907	2.17246e-08	0.0109903	0.0219814	0.0109903
40 rounds of non-Gaussian ED iteration : ground-state energy is -96.6953 | electron energy -96.8169 + phonon energy 0.121544 | electron momentum kIdx = 0
Nq = 	16	7.83576	0.0218382	7.83576	2.1358e-08	0.0109188	0.0218375	0.0109188	4.20028e-08	0.0109185	0.0218365	0.0109185	2.1358e-08	0.0109188	0.0218375	0.0109188
Sq = 	1.78894e-19	0.0109759	0.0219526	0.0109759	2.16543e-08	0.0109763	0.0219535	0.0109763	4.27317e-08	0.0109767	0.0219544	0.0109767	2.16543e-08	0.0109763	0.0219535	0.0109763
41 rounds of non-Gaussian ED iteration : ground-state energy is -96.6998 | electron energy -96.8215 + phonon energy 0.12171 | electron momentum kIdx = 0
Nq = 	16	7.83593	0.0218151	7.83593	2.13003e-08	0.0109073	0.0218144	0.0109073	4.18903e-08	0.0109069	0.0218134	0.0109069	2.13003e-08	0.0109073	0.0218144	0.0109073
Sq = 	-3.91793e-20	0.0109643	0.0219293	0.0109643	2.15955e-08	0.0109647	0.0219302	0.0109647	4.26164e-08	0.0109651	0.0219311	0.0109651	2.15955e-08	0.0109647	0.0219302	0.0109647
42 rounds of non-Gaussian ED iteration : ground-state energy is -96.7035 | electron energy -96.8253 + phonon energy 0.12186 | electron momentum kIdx = 0
Nq = 	16	7.83608	0.0217958	7.83608	2.1252e-08	0.0108976	0.0217951	0.0108976	4.17959e-08	0.0108973	0.0217941	0.0108973	2.1252e-08	0.0108976	0.0217951	0.0108976
Sq = 	7.39266e-20	0.0109545	0.0219099	0.0109545	2.15462e-08	0.0109549	0.0219107	0.0109549	4.25198e-08	0.0109554	0.0219116	0.0109554	2.15462e-08	0.0109549	0.0219107	0.0109549
43 rounds of non-Gaussian ED iteration : ground-state energy is -96.7064 | electron energy -96.8284 + phonon energy 0.121995 | electron momentum kIdx = 0
Nq = 	16	7.8362	0.0217797	7.8362	2.12114e-08	0.0108896	0.0217789	0.0108896	4.17167e-08	0.0108892	0.021778	0.0108892	2.12114e-08	0.0108896	0.0217789	0.0108896
Sq = 	-9.9192e-20	0.0109464	0.0218936	0.0109464	2.15048e-08	0.0109468	0.0218944	0.0109468	4.24387e-08	0.0109472	0.0218953	0.0109472	2.15048e-08	0.0109468	0.0218944	0.0109468
44 rounds of non-Gaussian ED iteration : ground-state energy is -96.7087 | electron energy -96.8309 + phonon energy 0.122115 | electron momentum kIdx = 0
Nq = 	16	7.8363	0.0217662	7.8363	2.11772e-08	0.0108828	0.0217654	0.0108828	4.16501e-08	0.0108824	0.0217644	0.0108824	2.11772e-08	0.0108828	0.0217654	0.0108828
Sq = 	1.10862e-19	0.0109396	0.0218799	0.0109396	2.147e-08	0.01094	0.0218807	0.01094	4.23705e-08	0.0109404	0.0218816	0.0109404	2.147e-08	0.01094	0.0218807	0.01094
45 rounds of non-Gaussian ED iteration : ground-state energy is -96.7107 | electron energy -96.8329 + phonon energy 0.122222 | electron momentum kIdx = 0
Nq = 	16	7.83639	0.0217548	7.83639	2.11485e-08	0.0108771	0.021754	0.0108771	4.15941e-08	0.0108768	0.0217531	0.0108768	2.11485e-08	0.0108771	0.021754	0.0108771
Sq = 	-3.05834e-20	0.0109339	0.0218685	0.0109339	2.14407e-08	0.0109342	0.0218693	0.0109342	4.23131e-08	0.0109347	0.0218702	0.0109347	2.14407e-08	0.0109342	0.0218693	0.0109342
46 rounds of non-Gaussian ED iteration : ground-state energy is -96.7122 | electron energy -96.8345 + phonon energy 0.122315 | electron momentum kIdx = 0
Nq = 	16	7.83646	0.0217453	7.83646	2.11243e-08	0.0108724	0.0217445	0.0108724	4.15469e-08	0.010872	0.0217436	0.010872	2.11243e-08	0.0108724	0.0217445	0.0108724
Sq = 	-3.96011e-20	0.0109291	0.0218589	0.0109291	2.14161e-08	0.0109294	0.0218597	0.0109294	4.22648e-08	0.0109299	0.0218606	0.0109299	2.14161e-08	0.0109294	0.0218597	0.0109294
47 rounds of non-Gaussian ED iteration : ground-state energy is -96.7135 | electron energy -96.8359 + phonon energy 0.122398 | electron momentum kIdx = 0
Nq = 	16	7.83652	0.0217373	7.83652	2.1104e-08	0.0108684	0.0217365	0.0108684	4.15071e-08	0.010868	0.0217356	0.010868	2.1104e-08	0.0108684	0.0217365	0.0108684
Sq = 	5.92674e-20	0.010925	0.0218508	0.010925	2.13953e-08	0.0109254	0.0218516	0.0109254	4.22241e-08	0.0109258	0.0218525	0.0109258	2.13953e-08	0.0109254	0.0218516	0.0109254
48 rounds of non-Gaussian ED iteration : ground-state energy is -96.7145 | electron energy -96.837 + phonon energy 0.12247 | electron momentum kIdx = 0
Nq = 	16	7.83657	0.0217306	7.83657	2.10867e-08	0.010865	0.0217298	0.010865	4.14735e-08	0.0108646	0.0217289	0.0108646	2.10867e-08	0.010865	0.0217298	0.010865
Sq = 	-2.07961e-20	0.0109216	0.021844	0.0109216	2.13777e-08	0.010922	0.0218448	0.010922	4.21897e-08	0.0109224	0.0218457	0.0109224	2.13777e-08	0.010922	0.0218448	0.010922
49 rounds of non-Gaussian ED iteration : ground-state energy is -96.7153 | electron energy -96.8379 + phonon energy 0.122532 | electron momentum kIdx = 0
Nq = 	16	7.83661	0.0217249	7.83661	2.10722e-08	0.0108622	0.0217241	0.0108622	4.14452e-08	0.0108618	0.0217232	0.0108618	2.10722e-08	0.0108622	0.0217241	0.0108622
Sq = 	8.74772e-20	0.0109188	0.0218383	0.0109188	2.13629e-08	0.0109192	0.0218391	0.0109192	4.21606e-08	0.0109196	0.02184	0.0109196	2.13629e-08	0.0109192	0.0218391	0.0109192
50 rounds of non-Gaussian ED iteration : ground-state energy is -96.716 | electron energy -96.8386 + phonon energy 0.122587 | electron momentum kIdx = 0
Nq = 	16	7.83665	0.0217202	7.83665	2.10599e-08	0.0108598	0.0217194	0.0108598	4.14212e-08	0.0108594	0.0217185	0.0108594	2.10599e-08	0.0108598	0.0217194	0.0108598
Sq = 	-4.65659e-20	0.0109164	0.0218335	0.0109164	2.13504e-08	0.0109168	0.0218343	0.0109168	4.21361e-08	0.0109172	0.0218352	0.0109172	2.13504e-08	0.0109168	0.0218343	0.0109168
51 rounds of non-Gaussian ED iteration : ground-state energy is -96.7166 | electron energy -96.8392 + phonon energy 0.122634 | electron momentum kIdx = 0
Nq = 	16	7.83668	0.0217162	7.83668	2.10496e-08	0.0108578	0.0217154	0.0108578	4.14009e-08	0.0108574	0.0217145	0.0108574	2.10496e-08	0.0108578	0.0217154	0.0108578
Sq = 	5.91196e-20	0.0109144	0.0218295	0.0109144	2.13398e-08	0.0109147	0.0218303	0.0109147	4.21153e-08	0.0109152	0.0218312	0.0109152	2.13398e-08	0.0109147	0.0218303	0.0109147
52 rounds of non-Gaussian ED iteration : ground-state energy is -96.717 | electron energy -96.8397 + phonon energy 0.122675 | electron momentum kIdx = 0
Nq = 	16	7.8367	0.0217128	7.8367	2.10408e-08	0.0108562	0.021712	0.0108562	4.13838e-08	0.0108558	0.0217111	0.0108558	2.10408e-08	0.0108562	0.021712	0.0108562
Sq = 	9.12116e-21	0.0109127	0.0218261	0.0109127	2.13309e-08	0.010913	0.0218269	0.010913	4.20978e-08	0.0109135	0.0218278	0.0109135	2.13309e-08	0.010913	0.0218269	0.010913
53 rounds of non-Gaussian ED iteration : ground-state energy is -96.7174 | electron energy -96.8401 + phonon energy 0.12271 | electron momentum kIdx = 0
Nq = 	16	7.83672	0.02171	7.83672	2.10333e-08	0.0108547	0.0217091	0.0108547	4.13693e-08	0.0108543	0.0217082	0.0108543	2.10333e-08	0.0108547	0.0217091	0.0108547
Sq = 	2.45445e-20	0.0109112	0.0218232	0.0109112	2.13233e-08	0.0109116	0.021824	0.0109116	4.20829e-08	0.010912	0.0218249	0.010912	2.13233e-08	0.0109116	0.021824	0.0109116
54 rounds of non-Gaussian ED iteration : ground-state energy is -96.7177 | electron energy -96.8404 + phonon energy 0.12274 | electron momentum kIdx = 0
Nq = 	16	7.83674	0.0217076	7.83674	2.1027e-08	0.0108535	0.0217067	0.0108535	4.1357e-08	0.0108531	0.0217058	0.0108531	2.1027e-08	0.0108535	0.0217067	0.0108535
Sq = 	-1.56248e-19	0.01091	0.0218208	0.01091	2.13169e-08	0.0109104	0.0218216	0.0109104	4.20704e-08	0.0109108	0.0218225	0.0109108	2.13169e-08	0.0109104	0.0218216	0.0109104
55 rounds of non-Gaussian ED iteration : ground-state energy is -96.7179 | electron energy -96.8407 + phonon energy 0.122767 | electron momentum kIdx = 0
Nq = 	16	7.83676	0.0217056	7.83676	2.10217e-08	0.0108525	0.0217047	0.0108525	4.13466e-08	0.0108521	0.0217038	0.0108521	2.10217e-08	0.0108525	0.0217047	0.0108525
Sq = 	-5.50437e-20	0.010909	0.0218188	0.010909	2.13114e-08	0.0109094	0.0218196	0.0109094	4.20597e-08	0.0109098	0.0218205	0.0109098	2.13114e-08	0.0109094	0.0218196	0.0109094
56 rounds of non-Gaussian ED iteration : ground-state energy is -96.7181 | electron energy -96.8409 + phonon energy 0.122789 | electron momentum kIdx = 0
Nq = 	16	7.83677	0.0217039	7.83677	2.10172e-08	0.0108517	0.021703	0.0108517	4.13378e-08	0.0108513	0.0217021	0.0108513	2.10172e-08	0.0108517	0.021703	0.0108517
Sq = 	-9.99291e-21	0.0109081	0.021817	0.0109081	2.13068e-08	0.0109085	0.0218179	0.0109085	4.20507e-08	0.0109089	0.0218187	0.0109089	2.13068e-08	0.0109085	0.0218179	0.0109085
57 rounds of non-Gaussian ED iteration : ground-state energy is -96.7183 | electron energy -96.8411 + phonon energy 0.122809 | electron momentum kIdx = 0
Nq = 	16	7.83678	0.0217024	7.83678	2.10134e-08	0.010851	0.0217016	0.010851	4.13303e-08	0.0108505	0.0217007	0.0108505	2.10134e-08	0.010851	0.0217016	0.010851
Sq = 	3.86348e-20	0.0109074	0.0218156	0.0109074	2.13029e-08	0.0109078	0.0218164	0.0109078	4.2043e-08	0.0109082	0.0218173	0.0109082	2.13029e-08	0.0109078	0.0218164	0.0109078
58 rounds of non-Gaussian ED iteration : ground-state energy is -96.7184 | electron energy -96.8412 + phonon energy 0.122825 | electron momentum kIdx = 0
Nq = 	16	7.83679	0.0217012	7.83679	2.10101e-08	0.0108504	0.0217004	0.0108504	4.13239e-08	0.0108499	0.0216995	0.0108499	2.10101e-08	0.0108504	0.0217004	0.0108504
Sq = 	7.35365e-20	0.0109068	0.0218144	0.0109068	2.12996e-08	0.0109072	0.0218152	0.0109072	4.20365e-08	0.0109076	0.0218161	0.0109076	2.12996e-08	0.0109072	0.0218152	0.0109072
59 rounds of non-Gaussian ED iteration : ground-state energy is -96.7185 | electron energy -96.8413 + phonon energy 0.12284 | electron momentum kIdx = 0
Nq = 	16	7.8368	0.0217002	7.8368	2.10074e-08	0.0108498	0.0216993	0.0108498	4.13186e-08	0.0108494	0.0216984	0.0108494	2.10074e-08	0.0108498	0.0216993	0.0108498
Sq = 	-4.35169e-20	0.0109063	0.0218133	0.0109063	2.12968e-08	0.0109067	0.0218141	0.0109067	4.2031e-08	0.0109071	0.021815	0.0109071	2.12968e-08	0.0109067	0.0218141	0.0109067
srun: Job step aborted: Waiting up to 32 seconds for job step to finish.
slurmstepd: error: *** STEP 13182222.0 ON nid04098 CANCELLED AT 2019-04-27T04:06:47 DUE TO TIME LIMIT ***
srun: got SIGCONT
srun: forcing job termination
