TACC:  Starting up job 1743424 
TACC:  Starting parallel tasks... 
SNEDics v3.4 Non-Gaussian ED ground state program		Start at Sat Oct 10 15:37:17 2020

parallized on 16 MPI threads  * 7 OpenMP threads = 112 total threads.
********************************************************************************************************************
********************************************************************************************************************

********************************************************************************************************************
System parameters and configurations
********************************************************************************************************************
Special program options are enabled: splitted diagonal Hamiltonian
********************************************************************************************************************
Read input file "model_params.in"
	Hubbard-Holstein model parameters : 	t = 1    U = 8    g = 0.13    W = 0.2    g' = 0.07    
********************************************************************************************************************
Read input file "hilbertspace_params.in"
	Requested 16-site 2D lattice, with 14 electrons (7, 7)
	Boundary : Periodic		Hilbert space representation : momentum-space (restricted to kIdx = 0)
	Conservation: particle number[U(1)]      spin[U(1)]     momentum
********************************************************************************************************************

Cluster Positions:				Cluster symmetry group : D4
 x ... x ... x ... x .....                       x ... x ... x ... x .....
 |           |           :                       |           |           :
 |           |           :                       |           |           :
12    13    14    15     x                       1     5     6     5     x
 |           |           :                       |           |           :
 |           |           :                       |           |           :
 8 --- 9 ---10 ---11 --- x                       2 --- 6 ---10 --- 6 --- x
 |           |           :                       |           |           :
 |           |           :                       |           |           :
 4     5     6     7     x                       1     5     6     5     x
 |           |           :                       |           |           :
 |           |           :                       |           |           :
 0 --- 1 --- 2 --- 3 --- x                       0 --- 1 --- 2 --- 1 --- x
orbital number : 1
********************************************************************************************************************
Read input file "obs_params.in"
	Observable Type : Nq(All),   Sq(All),   N(All),   Delta[s](All),   Delta[d](All),   Delta[s+](All)
********************************************************************************************************************
** WARNING ** the input observables have non-local factors which have been reinterpreted. The total observable number is 96
********************************************************************************************************************


********************************************************************************************************************
Start calculating the non-Gaussian ED ground state
** WARNING ** Detected low phonon energy W < 10. The initial state will be prepared through a warm-up process.
********************************************************************************************************************
Start warm-up calculation for scaling factor 64
open output files: NGSEDWarmUpW12.8Obs.txt
********************************************************************************************************************
Start the 0 rounds of NGS-ED iteration
	effective electronic model is modified as: kinetic energy t = 1
	                                           effective interaction Vq = [0,0,0,0,0,0,0,0,0,0,0,0,0,0,0,0]
	first Hamiltonian is constructed, non-zero numbers = 2178478298
	PARPACK diagonalization completed after 165 matrix-vector product operations.
	iteration results: : total energy is -11.868836 | electron energy -11.868836 + phonon energy 0.000000 | electron momentum kIdx = 0
	Nq(0) = 12.25,	Nq(1) = 0.154193,	Nq(2) = 0.185311,	Nq(3) = 0.154193,	Nq(4) = 0.154193,	Nq(5) = 0.203281,	Nq(6) = 0.235634,	Nq(7) = 0.203281,	Nq(8) = 0.185311,	Nq(9) = 0.235634,	Nq(10) = 0.275446,	Nq(11) = 0.235634,	Nq(12) = 0.154193,	Nq(13) = 0.203281,	Nq(14) = 0.235634,	Nq(15) = 0.203281,	Sq(0) = 1.11096e-18,	Sq(1) = 0.474292,	Sq(2) = 0.766364,	Sq(3) = 0.474292,	Sq(4) = 0.474292,	Sq(5) = 0.630724,	Sq(6) = 1.05279,	Sq(7) = 0.630724,	Sq(8) = 0.766364,	Sq(9) = 1.05279,	Sq(10) = 2.56755,	Sq(11) = 1.05279,	Sq(12) = 0.474292,	Sq(13) = 0.630724,	Sq(14) = 1.05279,	Sq(15) = 0.630724,	N(0) = 1.75464,	N(1) = 1.59086,	N(2) = 0.323321,	N(3) = 1.59086,	N(4) = 1.59086,	N(5) = 0.999881,	N(6) = 0.267546,	N(7) = 0.999881,	N(8) = 0.323321,	N(9) = 0.267546,	N(10) = 0.165565,	N(11) = 0.267546,	N(12) = 1.59086,	N(13) = 0.999881,	N(14) = 0.267546,	N(15) = 0.999881,	Delta[s](0) = 0.0789892,	Delta[s](1) = 0.059091,	Delta[s](2) = 0.0354543,	Delta[s](3) = 0.059091,	Delta[s](4) = 0.059091,	Delta[s](5) = 0.0422652,	Delta[s](6) = 0.0196293,	Delta[s](7) = 0.0422652,	Delta[s](8) = 0.0354543,	Delta[s](9) = 0.0196293,	Delta[s](10) = 0.000409969,	Delta[s](11) = 0.0196293,	Delta[s](12) = 0.059091,	Delta[s](13) = 0.0422652,	Delta[s](14) = 0.0196293,	Delta[s](15) = 0.0422652,	Delta[d](0) = 0.279127,	Delta[d](1) = 0.192692,	Delta[d](2) = 0.202342,	Delta[d](3) = 0.192692,	Delta[d](4) = 0.192692,	Delta[d](5) = 0.179106,	Delta[d](6) = 0.134423,	Delta[d](7) = 0.179106,	Delta[d](8) = 0.202342,	Delta[d](9) = 0.134423,	Delta[d](10) = 0.0543119,	Delta[d](11) = 0.134423,	Delta[d](12) = 0.192692,	Delta[d](13) = 0.179106,	Delta[d](14) = 0.134423,	Delta[d](15) = 0.179106,	Delta[s+](0) = 0.566728,	Delta[s+](1) = 0.422035,	Delta[s+](2) = 0.202342,	Delta[s+](3) = 0.422035,	Delta[s+](4) = 0.422035,	Delta[s+](5) = 0.295065,	Delta[s+](6) = 0.127922,	Delta[s+](7) = 0.295065,	Delta[s+](8) = 0.202342,	Delta[s+](9) = 0.127922,	Delta[s+](10) = 0.0389185,	Delta[s+](11) = 0.127922,	Delta[s+](12) = 0.422035,	Delta[s+](13) = 0.295065,	Delta[s+](14) = 0.127922,	Delta[s+](15) = 0.295065
The 0-th iteration is completed.	|| time cost : 0h 6m 31.507s
********************************************************************************************************************
Start the 1 rounds of NGS-ED iteration
	effective electronic model is modified as: kinetic energy t = 0.997385
	                                           effective interaction Vq = [   -0.775525,    -0.31546,  -0.0698111,    -0.31546,    -0.31546,  -0.0705452,-0.000404286,  -0.0705452,  -0.0698111,-0.000404286,  -0.0891667,-0.000404286,    -0.31546,  -0.0705452,-0.000404286,  -0.0705452]
	PARPACK diagonalization completed after 60 matrix-vector product operations.
	iteration results: : total energy is -21.630449 | electron energy -21.630456 + phonon energy 0.000007 | electron momentum kIdx = 0
The 1-th iteration is completed.	|| time cost : 0h 5m 16.62s
********************************************************************************************************************
Start the 2 rounds of NGS-ED iteration
	effective electronic model is modified as: kinetic energy t = 0.99636
	                                           effective interaction Vq = [   -0.835477,   -0.343651,  -0.0755779,   -0.343651,   -0.343651,  -0.0764806,-0.000435925,  -0.0764806,  -0.0755779,-0.000435925,  -0.0959374,-0.000435925,   -0.343651,  -0.0764806,-0.000435925,  -0.0764806]
	PARPACK diagonalization completed after 60 matrix-vector product operations.
	iteration results: : total energy is -22.374164 | electron energy -22.374191 + phonon energy 0.000027 | electron momentum kIdx = 0
The 2-th iteration is completed.	|| time cost : 0h 0m 27.292s
********************************************************************************************************************
Start the 3 rounds of NGS-ED iteration
	effective electronic model is modified as: kinetic energy t = 0.996153
	                                           effective interaction Vq = [   -0.840112,   -0.347888,  -0.0763584,   -0.347888,   -0.347888,  -0.0773066,-0.000439894,  -0.0773066,  -0.0763584,-0.000439894,   -0.096743,-0.000439894,   -0.347888,  -0.0773066,-0.000439894,  -0.0773066]
	PARPACK diagonalization completed after 45 matrix-vector product operations.
	iteration results: : total energy is -22.431281 | electron energy -22.431316 + phonon energy 0.000036 | electron momentum kIdx = 0
The 3-th iteration is completed.	|| time cost : 0h 0m 24.472s
********************************************************************************************************************
Start the 4 rounds of NGS-ED iteration
	effective electronic model is modified as: kinetic energy t = 0.996114
	                                           effective interaction Vq = [    -0.84047,   -0.348681,  -0.0764785,   -0.348681,   -0.348681,  -0.0774392,-0.000440445,  -0.0774392,  -0.0764785,-0.000440445,  -0.0968478,-0.000440445,   -0.348681,  -0.0774392,-0.000440445,  -0.0774392]
	PARPACK diagonalization completed after 45 matrix-vector product operations.
	iteration results: : total energy is -22.435683 | electron energy -22.435720 + phonon energy 0.000038 | electron momentum kIdx = 0
The 4-th iteration is completed.	|| time cost : 0h 0m 24.467s
********************************************************************************************************************
Start the 5 rounds of NGS-ED iteration
	effective electronic model is modified as: kinetic energy t = 0.996106
	                                           effective interaction Vq = [   -0.840498,   -0.348838,  -0.0764975,   -0.348838,   -0.348838,   -0.077461,-0.000440523,   -0.077461,  -0.0764975,-0.000440523,  -0.0968616,-0.000440523,   -0.348838,   -0.077461,-0.000440523,   -0.077461]
	PARPACK diagonalization completed after 30 matrix-vector product operations.
	iteration results: : total energy is -22.436023 | electron energy -22.436061 + phonon energy 0.000038 | electron momentum kIdx = 0
The 5-th iteration is completed.	|| time cost : 0h 0m 21.654s
********************************************************************************************************************
Start the 6 rounds of NGS-ED iteration
	effective electronic model is modified as: kinetic energy t = 0.996105
	                                           effective interaction Vq = [     -0.8405,    -0.34887,  -0.0765005,    -0.34887,    -0.34887,  -0.0774646,-0.000440534,  -0.0774646,  -0.0765005,-0.000440534,  -0.0968634,-0.000440534,    -0.34887,  -0.0774646,-0.000440534,  -0.0774646]
	PARPACK diagonalization completed after 30 matrix-vector product operations.
	iteration results: : total energy is -22.436049 | electron energy -22.436087 + phonon energy 0.000038 | electron momentum kIdx = 0
	Nq(0) = 12.25,	Nq(1) = 0.158919,	Nq(2) = 0.186902,	Nq(3) = 0.158919,	Nq(4) = 0.158919,	Nq(5) = 0.204805,	Nq(6) = 0.236811,	Nq(7) = 0.204805,	Nq(8) = 0.186902,	Nq(9) = 0.236811,	Nq(10) = 0.279291,	Nq(11) = 0.236811,	Nq(12) = 0.158919,	Nq(13) = 0.204805,	Nq(14) = 0.236811,	Nq(15) = 0.204805,	Sq(0) = -2.51596e-18,	Sq(1) = 0.4709,	Sq(2) = 0.763021,	Sq(3) = 0.4709,	Sq(4) = 0.4709,	Sq(5) = 0.628514,	Sq(6) = 1.05226,	Sq(7) = 0.628514,	Sq(8) = 0.763021,	Sq(9) = 1.05226,	Sq(10) = 2.56201,	Sq(11) = 1.05226,	Sq(12) = 0.4709,	Sq(13) = 0.628514,	Sq(14) = 1.05226,	Sq(15) = 0.628514,	N(0) = 1.76023,	N(1) = 1.59964,	N(2) = 0.317502,	N(3) = 1.59964,	N(4) = 1.59964,	N(5) = 0.998442,	N(6) = 0.262228,	N(7) = 0.998442,	N(8) = 0.317502,	N(9) = 0.262228,	N(10) = 0.163516,	N(11) = 0.262228,	N(12) = 1.59964,	N(13) = 0.998442,	N(14) = 0.262228,	N(15) = 0.998442,	Delta[s](0) = 0.0809392,	Delta[s](1) = 0.0606542,	Delta[s](2) = 0.0364402,	Delta[s](3) = 0.0606542,	Delta[s](4) = 0.0606542,	Delta[s](5) = 0.0435537,	Delta[s](6) = 0.0203317,	Delta[s](7) = 0.0435537,	Delta[s](8) = 0.0364402,	Delta[s](9) = 0.0203317,	Delta[s](10) = 0.000641042,	Delta[s](11) = 0.0203317,	Delta[s](12) = 0.0606542,	Delta[s](13) = 0.0435537,	Delta[s](14) = 0.0203317,	Delta[s](15) = 0.0435537,	Delta[d](0) = 0.289285,	Delta[d](1) = 0.19461,	Delta[d](2) = 0.20419,	Delta[d](3) = 0.19461,	Delta[d](4) = 0.19461,	Delta[d](5) = 0.18077,	Delta[d](6) = 0.134981,	Delta[d](7) = 0.18077,	Delta[d](8) = 0.20419,	Delta[d](9) = 0.134981,	Delta[d](10) = 0.0549836,	Delta[d](11) = 0.134981,	Delta[d](12) = 0.19461,	Delta[d](13) = 0.18077,	Delta[d](14) = 0.134981,	Delta[d](15) = 0.18077,	Delta[s+](0) = 0.574366,	Delta[s+](1) = 0.427515,	Delta[s+](2) = 0.20419,	Delta[s+](3) = 0.427515,	Delta[s+](4) = 0.427515,	Delta[s+](5) = 0.298279,	Delta[s+](6) = 0.128673,	Delta[s+](7) = 0.298279,	Delta[s+](8) = 0.20419,	Delta[s+](9) = 0.128673,	Delta[s+](10) = 0.0389211,	Delta[s+](11) = 0.128673,	Delta[s+](12) = 0.427515,	Delta[s+](13) = 0.298279,	Delta[s+](14) = 0.128673,	Delta[s+](15) = 0.298279
The 6-th iteration is completed.	|| time cost : 0h 4m 0.186s
********************************************************************************************************************
********************************************************************************************************************
Ground state is obtained after 7 iterations. The current ground-state energy is -22.436, in which electron energy is -22.4361 and phonon energy is 3.81676e-05
final variational state is: 
	Gamma_x = [      1,1.00149,1.00053,1.00149,1.00149,1.00056,      1,1.00056,1.00053,      1,1.00115,      1,1.00149,1.00056,      1,1.00056]
	lambda_q = [   0.256217,   0.133812,  0.0562515,   0.133812,   0.133812,  0.0578066,-0.00409462,  0.0578066,  0.0562515,-0.00409462, -0.0587987,-0.00409462,   0.133812,  0.0578066,-0.00409462,  0.0578066]
The effective e-e interactions mediated by phonons are: [     0.8405,   0.348876,  0.0765009,   0.348876,   0.348876,  0.0774652,0.000440536,  0.0774652,  0.0765009,0.000440536,  0.0968636,0.000440536,   0.348876,  0.0774652,0.000440536,  0.0774652]
The real-space interactions mediated by phonons are: [ -2.79749, -1.20485,-0.219249,-0.589826, -1.44051, -0.96697,-0.219249,-0.294348,-0.780505,-0.294348,-0.219249, -0.96697, -1.44051,-0.589826,-0.219249, -1.20485]
********************************************************************************************************************
o___o  ----------------------------------------
| L |	Time since last clock: 0h 0m 0s
A===A	Time since the beginning: 0h 17m 26.201s
***********************************************

********************************************************************************************************************
Start warm-up calculation for scaling factor 32
open output files: NGSEDWarmUpW6.4Obs.txt
********************************************************************************************************************
Start the 0 rounds of NGS-ED iteration
	effective electronic model is modified as: kinetic energy t = 0.996104
	                                           effective interaction Vq = [   -0.768352,    -0.29416,  -0.0624826,    -0.29416,    -0.29416,  -0.0636347,-0.000355952,  -0.0636347,  -0.0624826,-0.000355952,  -0.0776581,-0.000355952,    -0.29416,  -0.0636347,-0.000355952,  -0.0636347]
	PARPACK diagonalization completed after 60 matrix-vector product operations.
	iteration results: : total energy is -21.495572 | electron energy -21.495591 + phonon energy 0.000019 | electron momentum kIdx = 0
	Nq(0) = 12.25,	Nq(1) = 0.158109,	Nq(2) = 0.186517,	Nq(3) = 0.158109,	Nq(4) = 0.158109,	Nq(5) = 0.204413,	Nq(6) = 0.236482,	Nq(7) = 0.204413,	Nq(8) = 0.186517,	Nq(9) = 0.236482,	Nq(10) = 0.27843,	Nq(11) = 0.236482,	Nq(12) = 0.158109,	Nq(13) = 0.204413,	Nq(14) = 0.236482,	Nq(15) = 0.204413,	Sq(0) = -2.23069e-18,	Sq(1) = 0.471401,	Sq(2) = 0.763683,	Sq(3) = 0.471401,	Sq(4) = 0.471401,	Sq(5) = 0.628926,	Sq(6) = 1.0527,	Sq(7) = 0.628926,	Sq(8) = 0.763683,	Sq(9) = 1.0527,	Sq(10) = 2.56304,	Sq(11) = 1.0527,	Sq(12) = 0.471401,	Sq(13) = 0.628926,	Sq(14) = 1.0527,	Sq(15) = 0.628926,	N(0) = 1.75905,	N(1) = 1.59784,	N(2) = 0.318794,	N(3) = 1.59784,	N(4) = 1.59784,	N(5) = 0.998676,	N(6) = 0.263309,	N(7) = 0.998676,	N(8) = 0.318794,	N(9) = 0.263309,	N(10) = 0.164044,	N(11) = 0.263309,	N(12) = 1.59784,	N(13) = 0.998676,	N(14) = 0.263309,	N(15) = 0.998676,	Delta[s](0) = 0.0803815,	Delta[s](1) = 0.0602541,	Delta[s](2) = 0.0362547,	Delta[s](3) = 0.0602541,	Delta[s](4) = 0.0602541,	Delta[s](5) = 0.0432644,	Delta[s](6) = 0.0202588,	Delta[s](7) = 0.0432644,	Delta[s](8) = 0.0362547,	Delta[s](9) = 0.0202588,	Delta[s](10) = 0.000740338,	Delta[s](11) = 0.0202588,	Delta[s](12) = 0.0602541,	Delta[s](13) = 0.0432644,	Delta[s](14) = 0.0202588,	Delta[s](15) = 0.0432644,	Delta[d](0) = 0.290516,	Delta[d](1) = 0.196709,	Delta[d](2) = 0.206201,	Delta[d](3) = 0.196709,	Delta[d](4) = 0.196709,	Delta[d](5) = 0.182639,	Delta[d](6) = 0.136546,	Delta[d](7) = 0.182639,	Delta[d](8) = 0.206201,	Delta[d](9) = 0.136546,	Delta[d](10) = 0.0556254,	Delta[d](11) = 0.136546,	Delta[d](12) = 0.196709,	Delta[d](13) = 0.182639,	Delta[d](14) = 0.136546,	Delta[d](15) = 0.182639,	Delta[s+](0) = 0.578994,	Delta[s+](1) = 0.431032,	Delta[s+](2) = 0.206201,	Delta[s+](3) = 0.431032,	Delta[s+](4) = 0.431032,	Delta[s+](5) = 0.300909,	Delta[s+](6) = 0.130085,	Delta[s+](7) = 0.300909,	Delta[s+](8) = 0.206201,	Delta[s+](9) = 0.130085,	Delta[s+](10) = 0.0395,	Delta[s+](11) = 0.130085,	Delta[s+](12) = 0.431032,	Delta[s+](13) = 0.300909,	Delta[s+](14) = 0.130085,	Delta[s+](15) = 0.300909
The 0-th iteration is completed.	|| time cost : 0h 4m 5.392s
********************************************************************************************************************
Start the 1 rounds of NGS-ED iteration
	effective electronic model is modified as: kinetic energy t = 0.995428
	                                           effective interaction Vq = [    -0.82044,    -0.31199,  -0.0648371,    -0.31199,    -0.31199,  -0.0663757,-0.000365252,  -0.0663757,  -0.0648371,-0.000365252,  -0.0789039,-0.000365252,    -0.31199,  -0.0663757,-0.000365252,  -0.0663757]
	PARPACK diagonalization completed after 45 matrix-vector product operations.
	iteration results: : total energy is -22.136821 | electron energy -22.136890 + phonon energy 0.000069 | electron momentum kIdx = 0
The 1-th iteration is completed.	|| time cost : 0h 0m 24.472s
********************************************************************************************************************
Start the 2 rounds of NGS-ED iteration
	effective electronic model is modified as: kinetic energy t = 0.995168
	                                           effective interaction Vq = [   -0.834923,   -0.318122,  -0.0655208,   -0.318122,   -0.318122,  -0.0672011,-0.000367709,  -0.0672011,  -0.0655208,-0.000367709,  -0.0792232,-0.000367709,   -0.318122,  -0.0672011,-0.000367709,  -0.0672011]
	PARPACK diagonalization completed after 45 matrix-vector product operations.
	iteration results: : total energy is -22.314678 | electron energy -22.314780 + phonon energy 0.000103 | electron momentum kIdx = 0
The 2-th iteration is completed.	|| time cost : 0h 0m 24.464s
********************************************************************************************************************
Start the 3 rounds of NGS-ED iteration
	effective electronic model is modified as: kinetic energy t = 0.995072
	                                           effective interaction Vq = [   -0.838949,   -0.320368,  -0.0657249,   -0.320368,   -0.320368,   -0.067458,-0.000368369,   -0.067458,  -0.0657249,-0.000368369,  -0.0793067,-0.000368369,   -0.320368,   -0.067458,-0.000368369,   -0.067458]
	PARPACK diagonalization completed after 45 matrix-vector product operations.
	iteration results: : total energy is -22.364068 | electron energy -22.364187 + phonon energy 0.000119 | electron momentum kIdx = 0
The 3-th iteration is completed.	|| time cost : 0h 0m 24.474s
********************************************************************************************************************
Start the 4 rounds of NGS-ED iteration
	effective electronic model is modified as: kinetic energy t = 0.995036
	                                           effective interaction Vq = [   -0.840069,   -0.321213,  -0.0657865,   -0.321213,   -0.321213,  -0.0675388,-0.000368548,  -0.0675388,  -0.0657865,-0.000368548,   -0.079329,-0.000368548,   -0.321213,  -0.0675388,-0.000368548,  -0.0675388]
	PARPACK diagonalization completed after 45 matrix-vector product operations.
	iteration results: : total energy is -22.377792 | electron energy -22.377918 + phonon energy 0.000126 | electron momentum kIdx = 0
The 4-th iteration is completed.	|| time cost : 0h 0m 24.469s
********************************************************************************************************************
Start the 5 rounds of NGS-ED iteration
	effective electronic model is modified as: kinetic energy t = 0.995022
	                                           effective interaction Vq = [    -0.84038,   -0.321534,  -0.0658051,   -0.321534,   -0.321534,  -0.0675644,-0.000368596,  -0.0675644,  -0.0658051,-0.000368596,   -0.079335,-0.000368596,   -0.321534,  -0.0675644,-0.000368596,  -0.0675644]
	PARPACK diagonalization completed after 30 matrix-vector product operations.
	iteration results: : total energy is -22.381607 | electron energy -22.381736 + phonon energy 0.000129 | electron momentum kIdx = 0
The 5-th iteration is completed.	|| time cost : 0h 0m 21.654s
********************************************************************************************************************
Start the 6 rounds of NGS-ED iteration
	effective electronic model is modified as: kinetic energy t = 0.995017
	                                           effective interaction Vq = [  -0.840467,  -0.321657, -0.0658108,  -0.321657,  -0.321657, -0.0675725,-0.00036861, -0.0675725, -0.0658108,-0.00036861, -0.0793366,-0.00036861,  -0.321657, -0.0675725,-0.00036861, -0.0675725]
	PARPACK diagonalization completed after 30 matrix-vector product operations.
	iteration results: : total energy is -22.382667 | electron energy -22.382798 + phonon energy 0.000131 | electron momentum kIdx = 0
The 6-th iteration is completed.	|| time cost : 0h 0m 21.677s
********************************************************************************************************************
Start the 7 rounds of NGS-ED iteration
	effective electronic model is modified as: kinetic energy t = 0.995015
	                                           effective interaction Vq = [   -0.840491,   -0.321704,  -0.0658125,   -0.321704,   -0.321704,   -0.067575,-0.000368613,   -0.067575,  -0.0658125,-0.000368613,  -0.0793371,-0.000368613,   -0.321704,   -0.067575,-0.000368613,   -0.067575]
	PARPACK diagonalization completed after 30 matrix-vector product operations.
	iteration results: : total energy is -22.382962 | electron energy -22.383093 + phonon energy 0.000131 | electron momentum kIdx = 0
The 7-th iteration is completed.	|| time cost : 0h 0m 21.668s
********************************************************************************************************************
Start the 8 rounds of NGS-ED iteration
	effective electronic model is modified as: kinetic energy t = 0.995014
	                                           effective interaction Vq = [   -0.840497,   -0.321722,   -0.065813,   -0.321722,   -0.321722,  -0.0675758,-0.000368614,  -0.0675758,   -0.065813,-0.000368614,  -0.0793372,-0.000368614,   -0.321722,  -0.0675758,-0.000368614,  -0.0675758]
	PARPACK diagonalization completed after 30 matrix-vector product operations.
	iteration results: : total energy is -22.383044 | electron energy -22.383175 + phonon energy 0.000131 | electron momentum kIdx = 0
	Nq(0) = 12.25,	Nq(1) = 0.158434,	Nq(2) = 0.186493,	Nq(3) = 0.158434,	Nq(4) = 0.158434,	Nq(5) = 0.204354,	Nq(6) = 0.236399,	Nq(7) = 0.204354,	Nq(8) = 0.186493,	Nq(9) = 0.236399,	Nq(10) = 0.278404,	Nq(11) = 0.236399,	Nq(12) = 0.158434,	Nq(13) = 0.204354,	Nq(14) = 0.236399,	Nq(15) = 0.204354,	Sq(0) = -5.82473e-18,	Sq(1) = 0.471097,	Sq(2) = 0.763573,	Sq(3) = 0.471097,	Sq(4) = 0.471097,	Sq(5) = 0.628836,	Sq(6) = 1.05305,	Sq(7) = 0.628836,	Sq(8) = 0.763573,	Sq(9) = 1.05305,	Sq(10) = 2.5628,	Sq(11) = 1.05305,	Sq(12) = 0.471097,	Sq(13) = 0.628836,	Sq(14) = 1.05305,	Sq(15) = 0.628836,	N(0) = 1.75911,	N(1) = 1.59804,	N(2) = 0.318809,	N(3) = 1.59804,	N(4) = 1.59804,	N(5) = 0.998541,	N(6) = 0.263201,	N(7) = 0.998541,	N(8) = 0.318809,	N(9) = 0.263201,	N(10) = 0.164146,	N(11) = 0.263201,	N(12) = 1.59804,	N(13) = 0.998541,	N(14) = 0.263201,	N(15) = 0.998541,	Delta[s](0) = 0.0803557,	Delta[s](1) = 0.0602536,	Delta[s](2) = 0.0362785,	Delta[s](3) = 0.0602536,	Delta[s](4) = 0.0602536,	Delta[s](5) = 0.0432818,	Delta[s](6) = 0.0203016,	Delta[s](7) = 0.0432818,	Delta[s](8) = 0.0362785,	Delta[s](9) = 0.0203016,	Delta[s](10) = 0.000808015,	Delta[s](11) = 0.0203016,	Delta[s](12) = 0.0602536,	Delta[s](13) = 0.0432818,	Delta[s](14) = 0.0203016,	Delta[s](15) = 0.0432818,	Delta[d](0) = 0.294187,	Delta[d](1) = 0.198993,	Delta[d](2) = 0.208456,	Delta[d](3) = 0.198993,	Delta[d](4) = 0.198993,	Delta[d](5) = 0.18469,	Delta[d](6) = 0.138052,	Delta[d](7) = 0.18469,	Delta[d](8) = 0.208456,	Delta[d](9) = 0.138052,	Delta[d](10) = 0.0563341,	Delta[d](11) = 0.138052,	Delta[d](12) = 0.198993,	Delta[d](13) = 0.18469,	Delta[d](14) = 0.138052,	Delta[d](15) = 0.18469,	Delta[s+](0) = 0.585123,	Delta[s+](1) = 0.435597,	Delta[s+](2) = 0.208456,	Delta[s+](3) = 0.435597,	Delta[s+](4) = 0.435597,	Delta[s+](5) = 0.304087,	Delta[s+](6) = 0.131511,	Delta[s+](7) = 0.304087,	Delta[s+](8) = 0.208456,	Delta[s+](9) = 0.131511,	Delta[s+](10) = 0.0399798,	Delta[s+](11) = 0.131511,	Delta[s+](12) = 0.435597,	Delta[s+](13) = 0.304087,	Delta[s+](14) = 0.131511,	Delta[s+](15) = 0.304087
The 8-th iteration is completed.	|| time cost : 0h 3m 58.336s
********************************************************************************************************************
********************************************************************************************************************
Ground state is obtained after 9 iterations. The current ground-state energy is -22.383, in which electron energy is -22.3832 and phonon energy is 0.000131246
final variational state is: 
	Gamma_x = [      1,1.00407,1.00123,1.00407,1.00407,1.00134,1.00001,1.00134,1.00123,1.00001,1.00243,1.00001,1.00407,1.00134,1.00001,1.00134]
	lambda_q = [   0.362058,     0.1569,  0.0608695,     0.1569,     0.1569,  0.0634815,-0.00430794,  0.0634815,  0.0608695,-0.00430794, -0.0605986,-0.00430794,     0.1569,  0.0634815,-0.00430794,  0.0634815]
The effective e-e interactions mediated by phonons are: [   0.840499,   0.321729,  0.0658132,   0.321729,   0.321729,  0.0675761,0.000368615,  0.0675761,  0.0658132,0.000368615,  0.0793373,0.000368615,   0.321729,  0.0675761,0.000368615,  0.0675761]
The real-space interactions mediated by phonons are: [ -2.61016,   -1.185,-0.262854, -0.61033, -1.40388,-0.958168,-0.262854,-0.345245,-0.781159,-0.345245,-0.262854,-0.958168, -1.40388, -0.61033,-0.262854,   -1.185]
********************************************************************************************************************
o___o  ----------------------------------------
| L |	Time since last clock: 0h 0m 0s
A===A	Time since the beginning: 0h 28m 12.812s
***********************************************

********************************************************************************************************************
Start warm-up calculation for scaling factor 16
open output files: NGSEDWarmUpW3.2Obs.txt
********************************************************************************************************************
Start the 0 rounds of NGS-ED iteration
	effective electronic model is modified as: kinetic energy t = 0.995014
	                                           effective interaction Vq = [   -0.768075,   -0.260127,   -0.051448,   -0.260127,   -0.260127,  -0.0531251,-0.000285249,  -0.0531251,   -0.051448,-0.000285249,  -0.0609674,-0.000285249,   -0.260127,  -0.0531251,-0.000285249,  -0.0531251]
	PARPACK diagonalization completed after 60 matrix-vector product operations.
	iteration results: : total energy is -21.434665 | electron energy -21.434730 + phonon energy 0.000066 | electron momentum kIdx = 0
	Nq(0) = 12.25,	Nq(1) = 0.157533,	Nq(2) = 0.186099,	Nq(3) = 0.157533,	Nq(4) = 0.157533,	Nq(5) = 0.203955,	Nq(6) = 0.236056,	Nq(7) = 0.203955,	Nq(8) = 0.186099,	Nq(9) = 0.236056,	Nq(10) = 0.277534,	Nq(11) = 0.236056,	Nq(12) = 0.157533,	Nq(13) = 0.203955,	Nq(14) = 0.236056,	Nq(15) = 0.203955,	Sq(0) = 3.63315e-18,	Sq(1) = 0.471676,	Sq(2) = 0.764285,	Sq(3) = 0.471676,	Sq(4) = 0.471676,	Sq(5) = 0.629288,	Sq(6) = 1.05344,	Sq(7) = 0.629288,	Sq(8) = 0.764285,	Sq(9) = 1.05344,	Sq(10) = 2.5639,	Sq(11) = 1.05344,	Sq(12) = 0.471676,	Sq(13) = 0.629288,	Sq(14) = 1.05344,	Sq(15) = 0.629288,	N(0) = 1.75785,	N(1) = 1.59611,	N(2) = 0.320176,	N(3) = 1.59611,	N(4) = 1.59611,	N(5) = 0.998807,	N(6) = 0.264354,	N(7) = 0.998807,	N(8) = 0.320176,	N(9) = 0.264354,	N(10) = 0.164693,	N(11) = 0.264354,	N(12) = 1.59611,	N(13) = 0.998807,	N(14) = 0.264354,	N(15) = 0.998807,	Delta[s](0) = 0.0798706,	Delta[s](1) = 0.0598809,	Delta[s](2) = 0.0360648,	Delta[s](3) = 0.0598809,	Delta[s](4) = 0.0598809,	Delta[s](5) = 0.0429866,	Delta[s](6) = 0.0201689,	Delta[s](7) = 0.0429866,	Delta[s](8) = 0.0360648,	Delta[s](9) = 0.0201689,	Delta[s](10) = 0.000806392,	Delta[s](11) = 0.0201689,	Delta[s](12) = 0.0598809,	Delta[s](13) = 0.0429866,	Delta[s](14) = 0.0201689,	Delta[s](15) = 0.0429866,	Delta[d](0) = 0.295344,	Delta[d](1) = 0.200912,	Delta[d](2) = 0.210381,	Delta[d](3) = 0.200912,	Delta[d](4) = 0.200912,	Delta[d](5) = 0.186435,	Delta[d](6) = 0.139514,	Delta[d](7) = 0.186435,	Delta[d](8) = 0.210381,	Delta[d](9) = 0.139514,	Delta[d](10) = 0.0568879,	Delta[d](11) = 0.139514,	Delta[d](12) = 0.200912,	Delta[d](13) = 0.186435,	Delta[d](14) = 0.139514,	Delta[d](15) = 0.186435,	Delta[s+](0) = 0.589743,	Delta[s+](1) = 0.439095,	Delta[s+](2) = 0.210381,	Delta[s+](3) = 0.439095,	Delta[s+](4) = 0.439095,	Delta[s+](5) = 0.306679,	Delta[s+](6) = 0.132838,	Delta[s+](7) = 0.306679,	Delta[s+](8) = 0.210381,	Delta[s+](9) = 0.132838,	Delta[s+](10) = 0.040481,	Delta[s+](11) = 0.132838,	Delta[s+](12) = 0.439095,	Delta[s+](13) = 0.306679,	Delta[s+](14) = 0.132838,	Delta[s+](15) = 0.306679
The 0-th iteration is completed.	|| time cost : 0h 4m 4.237s
********************************************************************************************************************
Start the 1 rounds of NGS-ED iteration
	effective electronic model is modified as: kinetic energy t = 0.994963
	                                           effective interaction Vq = [   -0.802311,   -0.264625,  -0.0505548,   -0.264625,   -0.264625,  -0.0526014,-0.000275942,  -0.0526014,  -0.0505548,-0.000275942,   -0.058202,-0.000275942,   -0.264625,  -0.0526014,-0.000275942,  -0.0526014]
	PARPACK diagonalization completed after 45 matrix-vector product operations.
	iteration results: : total energy is -21.854402 | electron energy -21.854547 + phonon energy 0.000145 | electron momentum kIdx = 0
The 1-th iteration is completed.	|| time cost : 0h 0m 24.448s
********************************************************************************************************************
Start the 2 rounds of NGS-ED iteration
	effective electronic model is modified as: kinetic energy t = 0.994918
	                                           effective interaction Vq = [   -0.820363,   -0.267006,  -0.0501888,   -0.267006,   -0.267006,  -0.0523785,-0.000272443,  -0.0523785,  -0.0501888,-0.000272443,  -0.0572589,-0.000272443,   -0.267006,  -0.0523785,-0.000272443,  -0.0523785]
	PARPACK diagonalization completed after 45 matrix-vector product operations.
	iteration results: : total energy is -22.075631 | electron energy -22.075835 + phonon energy 0.000204 | electron momentum kIdx = 0
The 2-th iteration is completed.	|| time cost : 0h 0m 24.481s
********************************************************************************************************************
Start the 3 rounds of NGS-ED iteration
	effective electronic model is modified as: kinetic energy t = 0.994887
	                                           effective interaction Vq = [   -0.829882,   -0.268279,  -0.0500401,   -0.268279,   -0.268279,  -0.0522845,-0.000271141,  -0.0522845,  -0.0500401,-0.000271141,  -0.0569421,-0.000271141,   -0.268279,  -0.0522845,-0.000271141,  -0.0522845]
	PARPACK diagonalization completed after 45 matrix-vector product operations.
	iteration results: : total energy is -22.192261 | electron energy -22.192504 + phonon energy 0.000243 | electron momentum kIdx = 0
The 3-th iteration is completed.	|| time cost : 0h 0m 24.468s
********************************************************************************************************************
Start the 4 rounds of NGS-ED iteration
	effective electronic model is modified as: kinetic energy t = 0.994868
	                                           effective interaction Vq = [   -0.834901,   -0.268965,  -0.0499801,   -0.268965,   -0.268965,  -0.0522451,-0.000270659,  -0.0522451,  -0.0499801,-0.000270659,  -0.0568367,-0.000270659,   -0.268965,  -0.0522451,-0.000270659,  -0.0522451]
	PARPACK diagonalization completed after 45 matrix-vector product operations.
	iteration results: : total energy is -22.253754 | electron energy -22.254020 + phonon energy 0.000267 | electron momentum kIdx = 0
The 4-th iteration is completed.	|| time cost : 0h 0m 24.475s
********************************************************************************************************************
Start the 5 rounds of NGS-ED iteration
	effective electronic model is modified as: kinetic energy t = 0.994858
	                                           effective interaction Vq = [  -0.837548,  -0.269336,  -0.049956,  -0.269336,  -0.269336, -0.0522287,-0.00027048, -0.0522287,  -0.049956,-0.00027048,  -0.056802,-0.00027048,  -0.269336, -0.0522287,-0.00027048, -0.0522287]
	PARPACK diagonalization completed after 30 matrix-vector product operations.
	iteration results: : total energy is -22.286177 | electron energy -22.286458 + phonon energy 0.000281 | electron momentum kIdx = 0
The 5-th iteration is completed.	|| time cost : 0h 0m 21.658s
********************************************************************************************************************
Start the 6 rounds of NGS-ED iteration
	effective electronic model is modified as: kinetic energy t = 0.994851
	                                           effective interaction Vq = [   -0.838943,   -0.269538,  -0.0499464,   -0.269538,   -0.269538,   -0.052222,-0.000270414,   -0.052222,  -0.0499464,-0.000270414,  -0.0567907,-0.000270414,   -0.269538,   -0.052222,-0.000270414,   -0.052222]
	PARPACK diagonalization completed after 30 matrix-vector product operations.
	iteration results: : total energy is -22.303273 | electron energy -22.303562 + phonon energy 0.000289 | electron momentum kIdx = 0
The 6-th iteration is completed.	|| time cost : 0h 0m 21.674s
********************************************************************************************************************
Start the 7 rounds of NGS-ED iteration
	effective electronic model is modified as: kinetic energy t = 0.994848
	                                           effective interaction Vq = [  -0.839679,  -0.269648, -0.0499426,  -0.269648,  -0.269648, -0.0522192,-0.00027039, -0.0522192, -0.0499426,-0.00027039, -0.0567871,-0.00027039,  -0.269648, -0.0522192,-0.00027039, -0.0522192]
	PARPACK diagonalization completed after 30 matrix-vector product operations.
	iteration results: : total energy is -22.312287 | electron energy -22.312581 + phonon energy 0.000294 | electron momentum kIdx = 0
The 7-th iteration is completed.	|| time cost : 0h 0m 21.662s
********************************************************************************************************************
Start the 8 rounds of NGS-ED iteration
	effective electronic model is modified as: kinetic energy t = 0.994846
	                                           effective interaction Vq = [   -0.840067,   -0.269707,  -0.0499412,   -0.269707,   -0.269707,  -0.0522181,-0.000270381,  -0.0522181,  -0.0499412,-0.000270381,   -0.056786,-0.000270381,   -0.269707,  -0.0522181,-0.000270381,  -0.0522181]
	PARPACK diagonalization completed after 30 matrix-vector product operations.
	iteration results: : total energy is -22.317040 | electron energy -22.317337 + phonon energy 0.000296 | electron momentum kIdx = 0
The 8-th iteration is completed.	|| time cost : 0h 0m 21.638s
********************************************************************************************************************
Start the 9 rounds of NGS-ED iteration
	effective electronic model is modified as: kinetic energy t = 0.994845
	                                           effective interaction Vq = [   -0.840272,    -0.26974,  -0.0499406,    -0.26974,    -0.26974,  -0.0522177,-0.000270378,  -0.0522177,  -0.0499406,-0.000270378,  -0.0567857,-0.000270378,    -0.26974,  -0.0522177,-0.000270378,  -0.0522177]
	PARPACK diagonalization completed after 30 matrix-vector product operations.
	iteration results: : total energy is -22.319547 | electron energy -22.319845 + phonon energy 0.000298 | electron momentum kIdx = 0
The 9-th iteration is completed.	|| time cost : 0h 0m 21.674s
********************************************************************************************************************
Start the 10 rounds of NGS-ED iteration
	effective electronic model is modified as: kinetic energy t = 0.994844
	                                           effective interaction Vq = [    -0.84038,   -0.269758,  -0.0499404,   -0.269758,   -0.269758,  -0.0522176,-0.000270376,  -0.0522176,  -0.0499404,-0.000270376,  -0.0567856,-0.000270376,   -0.269758,  -0.0522176,-0.000270376,  -0.0522176]
	PARPACK diagonalization completed after 30 matrix-vector product operations.
	iteration results: : total energy is -22.320868 | electron energy -22.321167 + phonon energy 0.000299 | electron momentum kIdx = 0
The 10-th iteration is completed.	|| time cost : 0h 0m 21.688s
********************************************************************************************************************
Start the 11 rounds of NGS-ED iteration
	effective electronic model is modified as: kinetic energy t = 0.994844
	                                           effective interaction Vq = [   -0.840437,   -0.269768,  -0.0499403,   -0.269768,   -0.269768,  -0.0522175,-0.000270376,  -0.0522175,  -0.0499403,-0.000270376,  -0.0567856,-0.000270376,   -0.269768,  -0.0522175,-0.000270376,  -0.0522175]
	PARPACK diagonalization completed after 30 matrix-vector product operations.
	iteration results: : total energy is -22.321565 | electron energy -22.321864 + phonon energy 0.000299 | electron momentum kIdx = 0
The 11-th iteration is completed.	|| time cost : 0h 0m 21.664s
********************************************************************************************************************
Start the 12 rounds of NGS-ED iteration
	effective electronic model is modified as: kinetic energy t = 0.994844
	                                           effective interaction Vq = [   -0.840467,   -0.269773,  -0.0499403,   -0.269773,   -0.269773,  -0.0522175,-0.000270376,  -0.0522175,  -0.0499403,-0.000270376,  -0.0567857,-0.000270376,   -0.269773,  -0.0522175,-0.000270376,  -0.0522175]
	PARPACK diagonalization completed after 30 matrix-vector product operations.
	iteration results: : total energy is -22.321932 | electron energy -22.322232 + phonon energy 0.000300 | electron momentum kIdx = 0
The 12-th iteration is completed.	|| time cost : 0h 0m 21.654s
