SNEDics v3.22.2 Non-Gaussian ED ground state program		Start at Tue Apr 19 05:08:52 2022

Parallelization: 32 MPI threads  * 8 OpenMP threads = 256 total threads.
********************************************************************************************************************
********************************************************************************************************************

********************************************************************************************************************
System parameters and configurations
	special program options are enabled: splitted diagonal Hamiltonian | splitted Hamiltonian terms
********************************************************************************************************************
Read input file "model_params.in"
	Hubbard-Holstein model parameters : 	t = 1    t' = -0.3    U = 8    g = 0.15    W = 0.2    g' = 0.35    
********************************************************************************************************************
Read input file "hilbertspace_params.in"
	Requested 16-site 2D lattice, with 12 electrons (6, 6)
	Boundary : Periodic		Hilbert space representation : momentum-space (restricted to kIdx = 10)
	Conservation: particle number[U(1)]      spin[U(1)]     momentum
********************************************************************************************************************

Cluster Positions:				Cluster symmetry group : D4
 x ... x ... x ... x .....                       x ... x ... x ... x .....
 |           |           :                       |           |           :
 |           |           :                       |           |           :
12    13    14    15     x                       1     5     6     5     x
 |           |           :                       |           |           :
 |           |           :                       |           |           :
 8 --- 9 ---10 ---11 --- x                       2 --- 6 ---10 --- 6 --- x
 |           |           :                       |           |           :
 |           |           :                       |           |           :
 4     5     6     7     x                       1     5     6     5     x
 |           |           :                       |           |           :
 |           |           :                       |           |           :
 0 --- 1 --- 2 --- 3 --- x                       0 --- 1 --- 2 --- 1 --- x
orbital number : 1
********************************************************************************************************************
Read input file "obs_params.in"
	Observable Type : Nq(All),   Sq(All),   N(All-Orbital),   Delta[s](All),   Delta[d](All),   Delta[s+](All)
** WARNING ** the input observables have non-local factors which have been reinterpreted. The total observable number is 96
********************************************************************************************************************


********************************************************************************************************************
Start calculating the non-Gaussian ED ground state
Maximal iteration number is 1000; energy resolution is 1e-06. Phonon state relaxation time is 2000
W = 0.2 is relatively large. The non-Gaussian ED calculation starts directly.
open output files: NGSED_iteration_observables.txt
********************************************************************************************************************
Start the 0 rounds of NGS-ED iteration
	effective electronic model is modified as: kinetic energy t = 1, t' = -0.3
	                                           effective interaction Vq = [0,0,0,0,0,0,0,0,0,0,0,0,0,0,0,0]
	first Hamiltonian is constructed, size = 4008592 and non-zero numbers = 969952276
	PARPACK diagonalization completed after 120 matrix-vector product operations.
	iteration results: : total energy is -14.904199 | electron energy -14.904199 + phonon energy 0.000000 | electron momentum kIdx = 10
	Nq(0) = 9,	Nq(1) = 0.183693,	Nq(2) = 0.250775,	Nq(3) = 0.183693,	Nq(4) = 0.183693,	Nq(5) = 0.258947,	
	Nq(6) = 0.308855,	Nq(7) = 0.258947,	Nq(8) = 0.250775,	Nq(9) = 0.308855,	Nq(10) = 0.355902,	
	Nq(11) = 0.308855,	Nq(12) = 0.183693,	Nq(13) = 0.258947,	Nq(14) = 0.308855,	Nq(15) = 0.258947;	
	Sq(0) = 3.45099e-18,	Sq(1) = 0.504384,	Sq(2) = 0.469115,	Sq(3) = 0.504384,	Sq(4) = 0.504384,	
	Sq(5) = 0.735911,	Sq(6) = 0.943053,	Sq(7) = 0.735911,	Sq(8) = 0.469115,	Sq(9) = 0.943053,	
	Sq(10) = 1.46495,	Sq(11) = 0.943053,	Sq(12) = 0.504384,	Sq(13) = 0.735911,	Sq(14) = 0.943053,	
	Sq(15) = 0.735911;	N(0) = 1.70338,	N(1) = 1.58882,	N(2) = 1.04187,	N(3) = 1.58882,	
	N(4) = 1.58882,	N(5) = 0.289608,	N(6) = 0.157281,	N(7) = 0.289608,	N(8) = 1.04187,	
	N(9) = 0.157281,	N(10) = 0.0700575,	N(11) = 0.157281,	N(12) = 1.58882,	N(13) = 0.289608,	
	N(14) = 0.157281,	N(15) = 0.289608;	Delta[s](0) = 0.0552327,	Delta[s](1) = 0.0390556,	Delta[s](2) = 0.0320027,	
	Delta[s](3) = 0.0390556,	Delta[s](4) = 0.0390556,	Delta[s](5) = 0.0227664,	Delta[s](6) = 0.0147204,	Delta[s](7) = 0.0227664,	
	Delta[s](8) = 0.0320027,	Delta[s](9) = 0.0147204,	Delta[s](10) = 0.00630917,	Delta[s](11) = 0.0147204,	Delta[s](12) = 0.0390556,	
	Delta[s](13) = 0.0227664,	Delta[s](14) = 0.0147204,	Delta[s](15) = 0.0227664;	Delta[d](0) = 0.271546,	Delta[d](1) = 0.218584,	
	Delta[d](2) = 0.260057,	Delta[d](3) = 0.218584,	Delta[d](4) = 0.218584,	Delta[d](5) = 0.148825,	Delta[d](6) = 0.197975,	
	Delta[d](7) = 0.148825,	Delta[d](8) = 0.260057,	Delta[d](9) = 0.197975,	Delta[d](10) = 0.322233,	Delta[d](11) = 0.197975,	
	Delta[d](12) = 0.218584,	Delta[d](13) = 0.148825,	Delta[d](14) = 0.197975,	Delta[d](15) = 0.148825;	Delta[s+](0) = 0.494757,	
	Delta[s+](1) = 0.346061,	Delta[s+](2) = 0.260057,	Delta[s+](3) = 0.346061,	Delta[s+](4) = 0.346061,	Delta[s+](5) = 0.158197,	
	Delta[s+](6) = 0.0731199,	Delta[s+](7) = 0.158197,	Delta[s+](8) = 0.260057,	Delta[s+](9) = 0.0731199,	Delta[s+](10) = 0.0248499,	
	Delta[s+](11) = 0.0731199,	Delta[s+](12) = 0.346061,	Delta[s+](13) = 0.158197,	Delta[s+](14) = 0.0731199,	Delta[s+](15) = 0.158197
	
The 0-th iteration is completed.	|| time cost : 0h 2m 1.429s
********************************************************************************************************************
Start the 1 rounds of NGS-ED iteration
	effective electronic model is modified as: kinetic energy t = 0.950077, t' = -0.29051
	                                           effective interaction Vq = [   -12.0125,  -0.733514,-0.00959739,  -0.733514,  -0.733514,  -0.010089,  -0.130808,  -0.010089,-0.00959739,  -0.130808,   -3.63155,  -0.130808,  -0.733514,  -0.010089,  -0.130808,  -0.010089]
	PARPACK diagonalization completed after 60 matrix-vector product operations.
	iteration results: : total energy is -124.075164 | electron energy -124.612004 + phonon energy 0.536840 | electron momentum kIdx = 10
The 1-th iteration is completed.	|| time cost : 0h 1m 20.762s
********************************************************************************************************************
Start the 2 rounds of NGS-ED iteration
	effective electronic model is modified as: kinetic energy t = 0.900608, t' = -0.287492
	                                           effective interaction Vq = [   -12.0125,  -0.918593,-0.00933053,  -0.918593,  -0.918593, -0.0100416,  -0.129348, -0.0100416,-0.00933053,  -0.129348,   -6.92894,  -0.129348,  -0.918593, -0.0100416,  -0.129348, -0.0100416]
	PARPACK diagonalization completed after 45 matrix-vector product operations.
	iteration results: : total energy is -140.687743 | electron energy -142.060267 + phonon energy 1.372524 | electron momentum kIdx = 10
The 2-th iteration is completed.	|| time cost : 0h 0m 11.56s
********************************************************************************************************************
Start the 3 rounds of NGS-ED iteration
	effective electronic model is modified as: kinetic energy t = 0.717631, t' = -0.248905
	                                           effective interaction Vq = [  -12.0125,  -1.89608,-0.0326516,  -1.89608,  -1.89608,-0.0194704, -0.212722,-0.0194704,-0.0326516, -0.212722,   -7.8105, -0.212722,  -1.89608,-0.0194704, -0.212722,-0.0194704]
	PARPACK diagonalization completed after 135 matrix-vector product operations.
	iteration results: : total energy is -149.634737 | electron energy -150.755218 + phonon energy 1.120481 | electron momentum kIdx = 10
The 3-th iteration is completed.	|| time cost : 0h 0m 22.931s
********************************************************************************************************************
Start the 4 rounds of NGS-ED iteration
	effective electronic model is modified as: kinetic energy t = 0.506719, t' = -0.185651
	                                           effective interaction Vq = [  -12.0125,  -3.05183,-0.0131937,  -3.05183,  -3.05183,-0.0115181, -0.698723,-0.0115181,-0.0131937, -0.698723,  -7.81179, -0.698723,  -3.05183,-0.0115181, -0.698723,-0.0115181]
	PARPACK diagonalization completed after 45 matrix-vector product operations.
	iteration results: : total energy is -150.236833 | electron energy -151.336371 + phonon energy 1.099538 | electron momentum kIdx = 10
The 4-th iteration is completed.	|| time cost : 0h 0m 11.278s
********************************************************************************************************************
Start the 5 rounds of NGS-ED iteration
	effective electronic model is modified as: kinetic energy t = 0.268673, t' = -0.109308
	                                           effective interaction Vq = [  -12.0125,  -3.41263,-0.0142715,  -3.41263,  -3.41263,-0.0121153,  -1.17971,-0.0121153,-0.0142715,  -1.17971,  -7.81222,  -1.17971,  -3.41263,-0.0121153,  -1.17971,-0.0121153]
	PARPACK diagonalization completed after 45 matrix-vector product operations.
	iteration results: : total energy is -150.580949 | electron energy -151.390112 + phonon energy 0.809163 | electron momentum kIdx = 10
The 5-th iteration is completed.	|| time cost : 0h 0m 10.968s
********************************************************************************************************************
Start the 6 rounds of NGS-ED iteration
	effective electronic model is modified as: kinetic energy t = 4.14202e-05, t' = -0.000419392
	                                           effective interaction Vq = [ -12.0125, -3.61249,  -0.1122, -3.61249, -3.61249,-0.112259,  -1.5125,-0.112259,  -0.1122,  -1.5125,  -7.8125,  -1.5125, -3.61249,-0.112259,  -1.5125,-0.112259]
	PARPACK diagonalization completed after 30 matrix-vector product operations.
	iteration results: : total energy is -151.549950 | electron energy -151.549991 + phonon energy 0.000041 | electron momentum kIdx = 10
The 6-th iteration is completed.	|| time cost : 0h 0m 9.458s
********************************************************************************************************************
Start the 7 rounds of NGS-ED iteration
	effective electronic model is modified as: kinetic energy t = 4.64622e-05, t' = -0.000495176
	                                           effective interaction Vq = [  -12.0125,   -3.6125,-0.0118676,   -3.6125,   -3.6125,-0.0118584,   -1.5125,-0.0118584,-0.0118676,   -1.5125,   -7.8125,   -1.5125,   -3.6125,-0.0118584,   -1.5125,-0.0118584]
	PARPACK diagonalization completed after 45 matrix-vector product operations.
	iteration results: : total energy is -151.550003 | electron energy -151.550003 + phonon energy 0.000000 | electron momentum kIdx = 10
The 7-th iteration is completed.	|| time cost : 0h 0m 11.218s
********************************************************************************************************************
Start the 8 rounds of NGS-ED iteration
	effective electronic model is modified as: kinetic energy t = 4.64565e-05, t' = -0.000495097
	                                           effective interaction Vq = [  -12.0125,   -3.6125,-0.0133285,   -3.6125,   -3.6125,-0.0133186,   -1.5125,-0.0133186,-0.0133285,   -1.5125,   -7.8125,   -1.5125,   -3.6125,-0.0133186,   -1.5125,-0.0133186]
	PARPACK diagonalization completed after 30 matrix-vector product operations.
	iteration results: : total energy is -151.550003 | electron energy -151.550003 + phonon energy 0.000000 | electron momentum kIdx = 10
The 8-th iteration is completed.	|| time cost : 0h 0m 9.288s
********************************************************************************************************************
Start the 9 rounds of NGS-ED iteration
	effective electronic model is modified as: kinetic energy t = 4.64564e-05, t' = -0.000495097
	                                           effective interaction Vq = [  -12.0125,   -3.6125,-0.0133334,   -3.6125,   -3.6125,-0.0133234,   -1.5125,-0.0133234,-0.0133334,   -1.5125,   -7.8125,   -1.5125,   -3.6125,-0.0133234,   -1.5125,-0.0133234]
	PARPACK diagonalization completed after 30 matrix-vector product operations.
	iteration results: : total energy is -151.550003 | electron energy -151.550003 + phonon energy 0.000000 | electron momentum kIdx = 10
The 9-th iteration is completed.	|| time cost : 0h 0m 9.289s
********************************************************************************************************************
Start the 10 rounds of NGS-ED iteration
	effective electronic model is modified as: kinetic energy t = 4.64564e-05, t' = -0.000495097
	                                           effective interaction Vq = [  -12.0125,   -3.6125,-0.0133334,   -3.6125,   -3.6125,-0.0133234,   -1.5125,-0.0133234,-0.0133334,   -1.5125,   -7.8125,   -1.5125,   -3.6125,-0.0133234,   -1.5125,-0.0133234]
	PARPACK diagonalization completed after 30 matrix-vector product operations.
	iteration results: : total energy is -151.550003 | electron energy -151.550003 + phonon energy 0.000000 | electron momentum kIdx = 10
	Nq(0) = 9,	Nq(1) = 0.25,	Nq(2) = 2.76375e-07,	Nq(3) = 0.25,	Nq(4) = 0.25,	Nq(5) = 1.38219e-07,	
	Nq(6) = 0.25,	Nq(7) = 1.38219e-07,	Nq(8) = 2.76375e-07,	Nq(9) = 0.25,	Nq(10) = 9,	
	Nq(11) = 0.25,	Nq(12) = 0.25,	Nq(13) = 1.38219e-07,	Nq(14) = 0.25,	Nq(15) = 1.38219e-07;	
	Sq(0) = -2.25098e-19,	Sq(1) = 0.25,	Sq(2) = 0.666666,	Sq(3) = 0.25,	Sq(4) = 0.25,	
	Sq(5) = 0.166667,	Sq(6) = 0.25,	Sq(7) = 0.166667,	Sq(8) = 0.666666,	Sq(9) = 0.25,	
	Sq(10) = 1.25091e-10,	Sq(11) = 0.25,	Sq(12) = 0.25,	Sq(13) = 0.166667,	Sq(14) = 0.25,	
	Sq(15) = 0.166667;	N(0) = 0.499156,	N(1) = 1.00001,	N(2) = 0.500857,	N(3) = 1.00001,	
	N(4) = 1.00001,	N(5) = 0.5,	N(6) = 0.999987,	N(7) = 0.5,	N(8) = 0.500857,	
	N(9) = 0.999987,	N(10) = 0.499131,	N(11) = 0.999987,	N(12) = 1.00001,	N(13) = 0.5,	
	N(14) = 0.999987,	N(15) = 0.5;	Delta[s](0) = 0.25,	Delta[s](1) = 0.25,	Delta[s](2) = 0.25,	
	Delta[s](3) = 0.25,	Delta[s](4) = 0.25,	Delta[s](5) = 0.25,	Delta[s](6) = 0.25,	Delta[s](7) = 0.25,	
	Delta[s](8) = 0.25,	Delta[s](9) = 0.25,	Delta[s](10) = 0.25,	Delta[s](11) = 0.25,	Delta[s](12) = 0.25,	
	Delta[s](13) = 0.25,	Delta[s](14) = 0.25,	Delta[s](15) = 0.25;	Delta[d](0) = 3.12955e-11,	Delta[d](1) = 2.7883e-11,	
	Delta[d](2) = 2.44834e-11,	Delta[d](3) = 2.7883e-11,	Delta[d](4) = 2.7883e-11,	Delta[d](5) = 2.44567e-11,	Delta[d](6) = 2.10432e-11,	
	Delta[d](7) = 2.44567e-11,	Delta[d](8) = 2.44834e-11,	Delta[d](9) = 2.10432e-11,	Delta[d](10) = 1.7616e-11,	Delta[d](11) = 2.10432e-11,	
	Delta[d](12) = 2.7883e-11,	Delta[d](13) = 2.44567e-11,	Delta[d](14) = 2.10432e-11,	Delta[d](15) = 2.44567e-11;	Delta[s+](0) = 3.14383e-11,	
	Delta[s+](1) = 2.79544e-11,	Delta[s+](2) = 2.44834e-11,	Delta[s+](3) = 2.79544e-11,	Delta[s+](4) = 2.79544e-11,	Delta[s+](5) = 2.44844e-11,	
	Delta[s+](6) = 2.10272e-11,	Delta[s+](7) = 2.44844e-11,	Delta[s+](8) = 2.44834e-11,	Delta[s+](9) = 2.10272e-11,	Delta[s+](10) = 1.75839e-11,	
	Delta[s+](11) = 2.10272e-11,	Delta[s+](12) = 2.79544e-11,	Delta[s+](13) = 2.44844e-11,	Delta[s+](14) = 2.10272e-11,	Delta[s+](15) = 2.44844e-11
	
The 10-th iteration is completed.	|| time cost : 0h 1m 19.511s
********************************************************************************************************************
********************************************************************************************************************
Ground state is obtained after 11 iterations. The current ground-state energy is -151.55, in which electron energy is -151.55 and phonon energy is 1.38251e-09
Final variational state is: 
	Gamma_x = [      1,1.00008,      1,1.00008,1.00008,      1,1.00003,      1,      1,1.00003,      1,1.00003,1.00008,      1,1.00003,      1]
	lambda_q = [     7.75,  4.24996, 0.045846,  4.24996,  4.24996,0.0458105, -2.74998,0.0458105, 0.045846, -2.74998,    -6.25, -2.74998,  4.24996,0.0458105, -2.74998,0.0458105]
Effective e-e interactions mediated by phonons are:
	momentum-space Vq = [  -12.0125,   -3.6125,-0.0133334,   -3.6125,   -3.6125,-0.0133234,   -1.5125,-0.0133234,-0.0133334,   -1.5125,   -7.8125,   -1.5125,   -3.6125,-0.0133234,   -1.5125,-0.0133234]
	real-space Vr = [    -2.52531,      -0.525,     -1.2374,      -0.525,      -0.525,     -1.2374,-1.88567e-11,     -1.2374,     -1.2374,-1.88552e-11,     0.03719,-1.88464e-11,      -0.525,     -1.2374, -1.8848e-11,     -1.2374]
********************************************************************************************************************
o___o  ----------------------------------------
| L |	Time since last clock: 0h 0m 0.007s
A===A	Time since the beginning: 0h 6m 17.704s
***********************************************


Non-Gaussina ED ground state calculation is completed. The final ground-state energy is -151.55
********************************************************************************************************************
o___o  ----------------------------------------
| L |	Time since last clock: 0h 0m 0.002s
A===A	Time since the beginning: 0h 6m 17.706s
***********************************************



********************************************************************************************************************
All non-Gaussian ED ground state calculations have been completed. Exit now.
