SNEDics v3.4 Non-Gaussian ED ground state program		Start at Fri Sep 27 16:51:32 2019

parallized on 16 MPI threads  * 8 OpenMP threads = 128 total threads.
********************************************************************************************************************
********************************************************************************************************************

********************************************************************************************************************
System parameters and configurations
********************************************************************************************************************
Special program options are enabled: splitted diagonal Hamiltonian
********************************************************************************************************************
Read input file "model_params.in"
	Hubbard-Holstein model parameters : 	t = 1    U = 10    g = 5    W = 5    
********************************************************************************************************************
Read input file "hilbertspace_params.in"
	Requested 16-site 2D lattice, with 12 electrons (6, 6)
	Boundary : Periodic		Hilbert space representation : momentum-space (restricted to kIdx = 10)
	Conservation: particle number[U(1)]      spin[U(1)]     momentum
********************************************************************************************************************

Cluster Positions:				Cluster symmetry group : D4
 x ... x ... x ... x .....                       x ... x ... x ... x .....
 |           |           :                       |           |           :
 |           |           :                       |           |           :
12    13    14    15     x                       1     5     6     5     x
 |           |           :                       |           |           :
 |           |           :                       |           |           :
 8 --- 9 ---10 ---11 --- x                       2 --- 6 ---10 --- 6 --- x
 |           |           :                       |           |           :
 |           |           :                       |           |           :
 4     5     6     7     x                       1     5     6     5     x
 |           |           :                       |           |           :
 |           |           :                       |           |           :
 0 --- 1 --- 2 --- 3 --- x                       0 --- 1 --- 2 --- 1 --- x
orbital number : 1
********************************************************************************************************************
Read input file "obs_params.in"
	Observable Type : Nq(All),   Sq(All),   N(All),   Delta[s](All),   Delta[d](All),   Delta[s+](All)
********************************************************************************************************************
** WARNING ** the input observables have non-local factors which have been reinterpreted. The total observable number is 96
********************************************************************************************************************


********************************************************************************************************************
Start calculating the non-Gaussian ED ground state
** WARNING ** Detected low phonon energy W < 10. The initial state will be prepared through a warm-up process.
********************************************************************************************************************
Start warm-up calculation for scaling factor 2
open output files: NGSEDWarmUpW10Obs.txt
********************************************************************************************************************
Start the 0 rounds of NGS-ED iteration
	effective electronic model is modified as: kinetic energy t = 1
	                                           effective interaction Vq = [-0,-0,-0,-0,-0,-0,-0,-0,-0,-0,-0,-0,-0,-0,-0,-0]
	first Hamiltonian is constructed, non-zero numbers = 969134084
	PARPACK diagonalization completed after 165 matrix-vector product operations.
	iteration results: : total energy is -14.164383 | electron energy -14.164383 + phonon energy 0.000000 | electron momentum kIdx = 10
	Nq(0) = 9,	Nq(1) = 0.17804,	Nq(2) = 0.22461,	Nq(3) = 0.17804,	Nq(4) = 0.17804,	Nq(5) = 0.245018,	Nq(6) = 0.290274,	Nq(7) = 0.245018,	Nq(8) = 0.22461,	Nq(9) = 0.290274,	Nq(10) = 0.333972,	Nq(11) = 0.290274,	Nq(12) = 0.17804,	Nq(13) = 0.245018,	Nq(14) = 0.290274,	Nq(15) = 0.245018,	Sq(0) = -2.46777e-18,	Sq(1) = 0.570772,	Sq(2) = 0.946875,	Sq(3) = 0.570772,	Sq(4) = 0.570772,	Sq(5) = 0.556891,	Sq(6) = 1.04446,	Sq(7) = 0.556891,	Sq(8) = 0.946875,	Sq(9) = 1.04446,	Sq(10) = 0.781217,	Sq(11) = 1.04446,	Sq(12) = 0.570772,	Sq(13) = 0.556891,	Sq(14) = 1.04446,	Sq(15) = 0.556891,	N(0) = 1.70236,	N(1) = 1.54986,	N(2) = 0.329841,	N(3) = 1.54986,	N(4) = 1.54986,	N(5) = 0.655787,	N(6) = 0.175029,	N(7) = 0.655787,	N(8) = 0.329841,	N(9) = 0.175029,	N(10) = 0.115266,	N(11) = 0.175029,	N(12) = 1.54986,	N(13) = 0.655787,	N(14) = 0.175029,	N(15) = 0.655787,	Delta[s](0) = 0.0356939,	Delta[s](1) = 0.0271496,	Delta[s](2) = 0.0187538,	Delta[s](3) = 0.0271496,	Delta[s](4) = 0.0271496,	Delta[s](5) = 0.0200086,	Delta[s](6) = 0.0120138,	Delta[s](7) = 0.0200086,	Delta[s](8) = 0.0187538,	Delta[s](9) = 0.0120138,	Delta[s](10) = 0.00837121,	Delta[s](11) = 0.0120138,	Delta[s](12) = 0.0271496,	Delta[s](13) = 0.0200086,	Delta[s](14) = 0.0120138,	Delta[s](15) = 0.0200086,	Delta[d](0) = 0.185648,	Delta[d](1) = 0.142787,	Delta[d](2) = 0.168859,	Delta[d](3) = 0.142787,	Delta[d](4) = 0.142787,	Delta[d](5) = 0.128144,	Delta[d](6) = 0.107143,	Delta[d](7) = 0.128144,	Delta[d](8) = 0.168859,	Delta[d](9) = 0.107143,	Delta[d](10) = 0.0620679,	Delta[d](11) = 0.107143,	Delta[d](12) = 0.142787,	Delta[d](13) = 0.128144,	Delta[d](14) = 0.107143,	Delta[d](15) = 0.128144,	Delta[s+](0) = 0.49055,	Delta[s+](1) = 0.338952,	Delta[s+](2) = 0.168859,	Delta[s+](3) = 0.338952,	Delta[s+](4) = 0.338952,	Delta[s+](5) = 0.205065,	Delta[s+](6) = 0.080178,	Delta[s+](7) = 0.205065,	Delta[s+](8) = 0.168859,	Delta[s+](9) = 0.080178,	Delta[s+](10) = 0.0300612,	Delta[s+](11) = 0.080178,	Delta[s+](12) = 0.338952,	Delta[s+](13) = 0.205065,	Delta[s+](14) = 0.080178,	Delta[s+](15) = 0.205065
The 0-th iteration is completed.	|| time cost : 0h 2m 57.619s
********************************************************************************************************************
Start the 1 rounds of NGS-ED iteration
	effective electronic model is modified as: kinetic energy t = 0.87105
	                                           effective interaction Vq = [-4.32332,-4.05714,-3.90547,-4.05714,-4.05714,-3.94047,-3.84321,-3.94047,-3.90547,-3.84321,-3.77203,-3.84321,-4.05714,-3.94047,-3.84321,-3.94047]
	PARPACK diagonalization completed after 45 matrix-vector product operations.
	iteration results: : total energy is -67.648810 | electron energy -67.659244 + phonon energy 0.010434 | electron momentum kIdx = 10
The 1-th iteration is completed.	|| time cost : 0h 2m 34.712s
********************************************************************************************************************
Start the 2 rounds of NGS-ED iteration
	effective electronic model is modified as: kinetic energy t = 0.79289
	                                           effective interaction Vq = [-4.90842,-4.71004,-4.51748,-4.71004,-4.71004,-4.56243,-4.50489,-4.56243,-4.51748,-4.50489,-4.48229,-4.50489,-4.71004,-4.56243,-4.50489,-4.56243]
	PARPACK diagonalization completed after 30 matrix-vector product operations.
	iteration results: : total energy is -75.035265 | electron energy -75.126577 + phonon energy 0.091312 | electron momentum kIdx = 10
The 2-th iteration is completed.	|| time cost : 0h 0m 9.079s
********************************************************************************************************************
Start the 3 rounds of NGS-ED iteration
	effective electronic model is modified as: kinetic energy t = 0.760897
	                                           effective interaction Vq = [-4.98761, -4.8618,-4.67549, -4.8618, -4.8618,-4.72483,-4.69173,-4.72483,-4.67549,-4.69173,-4.69597,-4.69173, -4.8618,-4.72483,-4.69173,-4.72483]
	PARPACK diagonalization completed after 30 matrix-vector product operations.
	iteration results: : total energy is -76.091831 | electron energy -76.251071 + phonon energy 0.159240 | electron momentum kIdx = 10
The 3-th iteration is completed.	|| time cost : 0h 0m 9.112s
********************************************************************************************************************
Start the 4 rounds of NGS-ED iteration
	effective electronic model is modified as: kinetic energy t = 0.748469
	                                           effective interaction Vq = [-4.99832,-4.90369,-4.72439,-4.90369,-4.90369,-4.77553,-4.75313,-4.77553,-4.72439,-4.75313,  -4.769,-4.75313,-4.90369,-4.77553,-4.75313,-4.77553]
	PARPACK diagonalization completed after 30 matrix-vector product operations.
	iteration results: : total energy is -76.239616 | electron energy -76.430630 + phonon energy 0.191014 | electron momentum kIdx = 10
The 4-th iteration is completed.	|| time cost : 0h 0m 9.098s
********************************************************************************************************************
Start the 5 rounds of NGS-ED iteration
	effective electronic model is modified as: kinetic energy t = 0.743759
	                                           effective interaction Vq = [-4.99977,-4.91681,-4.74085,-4.91681,-4.91681,-4.79283,-4.77502,-4.79283,-4.74085,-4.77502,-4.79594,-4.77502,-4.91681,-4.79283,-4.77502,-4.79283]
	PARPACK diagonalization completed after 30 matrix-vector product operations.
	iteration results: : total energy is -76.260025 | electron energy -76.463840 + phonon energy 0.203815 | electron momentum kIdx = 10
The 5-th iteration is completed.	|| time cost : 0h 0m 9.116s
********************************************************************************************************************
Start the 6 rounds of NGS-ED iteration
	effective electronic model is modified as: kinetic energy t = 0.741993
	                                           effective interaction Vq = [-4.99997,-4.92119,-4.74659,-4.92119,-4.92119,-4.79897,-4.78314,-4.79897,-4.74659,-4.78314, -4.8063,-4.78314,-4.92119,-4.79897,-4.78314,-4.79897]
	PARPACK diagonalization completed after 30 matrix-vector product operations.
	iteration results: : total energy is -76.262832 | electron energy -76.471593 + phonon energy 0.208761 | electron momentum kIdx = 10
The 6-th iteration is completed.	|| time cost : 0h 0m 9.089s
********************************************************************************************************************
Start the 7 rounds of NGS-ED iteration
	effective electronic model is modified as: kinetic energy t = 0.741332
	                                           effective interaction Vq = [      -5,-4.92269,-4.74862,-4.92269,-4.92269,-4.80117, -4.7862,-4.80117,-4.74862, -4.7862,-4.81037, -4.7862,-4.92269,-4.80117, -4.7862,-4.80117]
	PARPACK diagonalization completed after 30 matrix-vector product operations.
	iteration results: : total energy is -76.263218 | electron energy -76.473868 + phonon energy 0.210650 | electron momentum kIdx = 10
The 7-th iteration is completed.	|| time cost : 0h 0m 9.094s
********************************************************************************************************************
Start the 8 rounds of NGS-ED iteration
	effective electronic model is modified as: kinetic energy t = 0.741086
	                                           effective interaction Vq = [      -5, -4.9232,-4.74934, -4.9232, -4.9232,-4.80197,-4.78736,-4.80197,-4.74934,-4.78736,-4.81198,-4.78736, -4.9232,-4.80197,-4.78736,-4.80197]
	PARPACK diagonalization completed after 30 matrix-vector product operations.
	iteration results: : total energy is -76.263271 | electron energy -76.474640 + phonon energy 0.211368 | electron momentum kIdx = 10
The 8-th iteration is completed.	|| time cost : 0h 0m 9.004s
********************************************************************************************************************
Start the 9 rounds of NGS-ED iteration
	effective electronic model is modified as: kinetic energy t = 0.740993
	                                           effective interaction Vq = [      -5,-4.92338,-4.74959,-4.92338,-4.92338,-4.80225, -4.7878,-4.80225,-4.74959, -4.7878,-4.81262, -4.7878,-4.92338,-4.80225, -4.7878,-4.80225]
	PARPACK diagonalization completed after 30 matrix-vector product operations.
	iteration results: : total energy is -76.263279 | electron energy -76.474921 + phonon energy 0.211642 | electron momentum kIdx = 10
	Nq(0) = 9,	Nq(1) = 0.377125,	Nq(2) = 0.361497,	Nq(3) = 0.377125,	Nq(4) = 0.377125,	Nq(5) = 0.418303,	Nq(6) = 0.583479,	Nq(7) = 0.418303,	Nq(8) = 0.361497,	Nq(9) = 0.583479,	Nq(10) = 0.81513,	Nq(11) = 0.583479,	Nq(12) = 0.377125,	Nq(13) = 0.418303,	Nq(14) = 0.583479,	Nq(15) = 0.418303,	Sq(0) = 2.41806e-17,	Sq(1) = 0.389606,	Sq(2) = 0.654736,	Sq(3) = 0.389606,	Sq(4) = 0.389606,	Sq(5) = 0.451331,	Sq(6) = 0.656119,	Sq(7) = 0.451331,	Sq(8) = 0.654736,	Sq(9) = 0.656119,	Sq(10) = 0.648556,	Sq(11) = 0.656119,	Sq(12) = 0.389606,	Sq(13) = 0.451331,	Sq(14) = 0.656119,	Sq(15) = 0.451331,	N(0) = 1.99795,	N(1) = 1.99719,	N(2) = 0.0021889,	N(3) = 1.99719,	N(4) = 1.99719,	N(5) = 0.500619,	N(6) = 0.00141885,	N(7) = 0.500619,	N(8) = 0.0021889,	N(9) = 0.00141885,	N(10) = 0.000767531,	N(11) = 0.00141885,	N(12) = 1.99719,	N(13) = 0.500619,	N(14) = 0.00141885,	N(15) = 0.500619,	Delta[s](0) = 0.174263,	Delta[s](1) = 0.141654,	Delta[s](2) = 0.123817,	Delta[s](3) = 0.141654,	Delta[s](4) = 0.141654,	Delta[s](5) = 0.131589,	Delta[s](6) = 0.105885,	Delta[s](7) = 0.131589,	Delta[s](8) = 0.123817,	Delta[s](9) = 0.105885,	Delta[s](10) = 0.0884682,	Delta[s](11) = 0.105885,	Delta[s](12) = 0.141654,	Delta[s](13) = 0.131589,	Delta[s](14) = 0.105885,	Delta[s](15) = 0.131589,	Delta[d](0) = 0.202761,	Delta[d](1) = 0.120464,	Delta[d](2) = 0.149153,	Delta[d](3) = 0.120464,	Delta[d](4) = 0.120464,	Delta[d](5) = 0.134393,	Delta[d](6) = 0.0807435,	Delta[d](7) = 0.134393,	Delta[d](8) = 0.149153,	Delta[d](9) = 0.0807435,	Delta[d](10) = 0.0482628,	Delta[d](11) = 0.0807435,	Delta[d](12) = 0.120464,	Delta[d](13) = 0.134393,	Delta[d](14) = 0.0807435,	Delta[d](15) = 0.134393,	Delta[s+](0) = 0.463739,	Delta[s+](1) = 0.324243,	Delta[s+](2) = 0.149153,	Delta[s+](3) = 0.324243,	Delta[s+](4) = 0.324243,	Delta[s+](5) = 0.19483,	Delta[s+](6) = 0.0687637,	Delta[s+](7) = 0.19483,	Delta[s+](8) = 0.149153,	Delta[s+](9) = 0.0687637,	Delta[s+](10) = 0.0281582,	Delta[s+](11) = 0.0687637,	Delta[s+](12) = 0.324243,	Delta[s+](13) = 0.19483,	Delta[s+](14) = 0.0687637,	Delta[s+](15) = 0.19483
The 9-th iteration is completed.	|| time cost : 0h 1m 29.094s
********************************************************************************************************************
********************************************************************************************************************
Ground state is obtained after 10 iterations. The current ground-state energy is -76.2633, in which electron energy is -76.4749 and phonon energy is 0.211642
final variational state is: 
	Gamma_x = [      1,1.04172,1.06475,1.04172,1.04172,1.06884,1.09992,1.06884,1.06475,1.09992,1.13518,1.09992,1.04172,1.06884,1.09992,1.06884]
	lambda_q = [0.707075,0.619606,0.548892,0.619606,0.619606,0.566521,0.561494,0.566521,0.548892,0.561494,0.570316,0.561494,0.619606,0.566521,0.561494,0.566521]
********************************************************************************************************************
o___o  ----------------------------------------
| L |	Time since last clock: 0h 0m 0s
A===A	Time since the beginning: 0h 8m 5.023s
***********************************************


********************************************************************************************************************
Warm up runs have been completed. Start calculating W = 5 phonon.
open output files: NGSEDIterationObs.txt
********************************************************************************************************************
Start the 0 rounds of NGS-ED iteration
	effective electronic model is modified as: kinetic energy t = 0.740959
	                                           effective interaction Vq = [-4.57097, -4.2765,-3.98251, -4.2765, -4.2765,-4.06048,-4.03856,-4.06048,-3.98251,-4.03856,-4.07686,-4.03856, -4.2765,-4.06048,-4.03856,-4.06048]
	PARPACK diagonalization completed after 30 matrix-vector product operations.
	iteration results: : total energy is -67.832850 | electron energy -67.938723 + phonon energy 0.105873 | electron momentum kIdx = 10
	Nq(0) = 9,	Nq(1) = 0.313462,	Nq(2) = 0.32008,	Nq(3) = 0.313462,	Nq(4) = 0.313462,	Nq(5) = 0.357005,	Nq(6) = 0.476263,	Nq(7) = 0.357005,	Nq(8) = 0.32008,	Nq(9) = 0.476263,	Nq(10) = 0.629841,	Nq(11) = 0.476263,	Nq(12) = 0.313462,	Nq(13) = 0.357005,	Nq(14) = 0.476263,	Nq(15) = 0.357005,	Sq(0) = 3.3177e-18,	Sq(1) = 0.450588,	Sq(2) = 0.760802,	Sq(3) = 0.450588,	Sq(4) = 0.450588,	Sq(5) = 0.494338,	Sq(6) = 0.779982,	Sq(7) = 0.494338,	Sq(8) = 0.760802,	Sq(9) = 0.779982,	Sq(10) = 0.72184,	Sq(11) = 0.779982,	Sq(12) = 0.450588,	Sq(13) = 0.494338,	Sq(14) = 0.779982,	Sq(15) = 0.494338,	N(0) = 1.9631,	N(1) = 1.94009,	N(2) = 0.0446335,	N(3) = 1.94009,	N(4) = 1.94009,	N(5) = 0.515989,	N(6) = 0.0269985,	N(7) = 0.515989,	N(8) = 0.0446335,	N(9) = 0.0269985,	N(10) = 0.0153057,	N(11) = 0.0269985,	N(12) = 1.94009,	N(13) = 0.515989,	N(14) = 0.0269985,	N(15) = 0.515989,	Delta[s](0) = 0.116911,	Delta[s](1) = 0.0997504,	Delta[s](2) = 0.0881466,	Delta[s](3) = 0.0997504,	Delta[s](4) = 0.0997504,	Delta[s](5) = 0.0918106,	Delta[s](6) = 0.0757958,	Delta[s](7) = 0.0918106,	Delta[s](8) = 0.0881466,	Delta[s](9) = 0.0757958,	Delta[s](10) = 0.0658296,	Delta[s](11) = 0.0757958,	Delta[s](12) = 0.0997504,	Delta[s](13) = 0.0918106,	Delta[s](14) = 0.0757958,	Delta[s](15) = 0.0918106,	Delta[d](0) = 0.210749,	Delta[d](1) = 0.139851,	Delta[d](2) = 0.173831,	Delta[d](3) = 0.139851,	Delta[d](4) = 0.139851,	Delta[d](5) = 0.144722,	Delta[d](6) = 0.100142,	Delta[d](7) = 0.144722,	Delta[d](8) = 0.173831,	Delta[d](9) = 0.100142,	Delta[d](10) = 0.0599455,	Delta[d](11) = 0.100142,	Delta[d](12) = 0.139851,	Delta[d](13) = 0.144722,	Delta[d](14) = 0.100142,	Delta[d](15) = 0.144722,	Delta[s+](0) = 0.516574,	Delta[s+](1) = 0.359808,	Delta[s+](2) = 0.173831,	Delta[s+](3) = 0.359808,	Delta[s+](4) = 0.359808,	Delta[s+](5) = 0.218263,	Delta[s+](6) = 0.084321,	Delta[s+](7) = 0.218263,	Delta[s+](8) = 0.173831,	Delta[s+](9) = 0.084321,	Delta[s+](10) = 0.0360806,	Delta[s+](11) = 0.084321,	Delta[s+](12) = 0.359808,	Delta[s+](13) = 0.218263,	Delta[s+](14) = 0.084321,	Delta[s+](15) = 0.218263
The 0-th iteration is completed.	|| time cost : 0h 1m 24.902s
********************************************************************************************************************
Start the 1 rounds of NGS-ED iteration
	effective electronic model is modified as: kinetic energy t = 0.714772
	                                           effective interaction Vq = [-4.84217,-4.52023,-4.17382,-4.52023,-4.52023,-4.25938,-4.21828,-4.25938,-4.17382,-4.21828,-4.25426,-4.21828,-4.52023,-4.25938,-4.21828,-4.25938]
	PARPACK diagonalization completed after 30 matrix-vector product operations.
	iteration results: : total energy is -70.680583 | electron energy -70.964727 + phonon energy 0.284144 | electron momentum kIdx = 10
The 1-th iteration is completed.	|| time cost : 0h 0m 8.973s
********************************************************************************************************************
Start the 2 rounds of NGS-ED iteration
	effective electronic model is modified as: kinetic energy t = 0.695249
	                                           effective interaction Vq = [-4.94194,-4.65077,-4.28674,-4.65077,-4.65077,-4.37694,-4.33491,-4.37694,-4.28674,-4.33491,-4.37749,-4.33491,-4.65077,-4.37694,-4.33491,-4.37694]
	PARPACK diagonalization completed after 30 matrix-vector product operations.
	iteration results: : total energy is -71.745298 | electron energy -72.152438 + phonon energy 0.407140 | electron momentum kIdx = 10
The 2-th iteration is completed.	|| time cost : 0h 0m 9.11s
********************************************************************************************************************
Start the 3 rounds of NGS-ED iteration
	effective electronic model is modified as: kinetic energy t = 0.681945
	                                           effective interaction Vq = [-4.97864,-4.72275,-4.35384,-4.72275,-4.72275,-4.44688,-4.40802,-4.44688,-4.35384,-4.40802,-4.45768,-4.40802,-4.72275,-4.44688,-4.40802,-4.44688]
	PARPACK diagonalization completed after 30 matrix-vector product operations.
	iteration results: : total energy is -72.143989 | electron energy -72.628690 + phonon energy 0.484701 | electron momentum kIdx = 10
The 3-th iteration is completed.	|| time cost : 0h 0m 9.103s
********************************************************************************************************************
Start the 4 rounds of NGS-ED iteration
	effective electronic model is modified as: kinetic energy t = 0.673217
	                                           effective interaction Vq = [-4.99214,-4.76346,-4.39414,-4.76346,-4.76346,  -4.489,-4.45366,  -4.489,-4.39414,-4.45366,-4.50923,-4.45366,-4.76346,  -4.489,-4.45366,  -4.489]
	PARPACK diagonalization completed after 30 matrix-vector product operations.
	iteration results: : total energy is -72.293188 | electron energy -72.826402 + phonon energy 0.533214 | electron momentum kIdx = 10
The 4-th iteration is completed.	|| time cost : 0h 0m 9.081s
********************************************************************************************************************
Start the 5 rounds of NGS-ED iteration
	effective electronic model is modified as: kinetic energy t = 0.667596
	                                           effective interaction Vq = [-4.99711,-4.78699,-4.41858,-4.78699,-4.78699,-4.51462,-4.48228,-4.51462,-4.41858,-4.48228,-4.54247,-4.48228,-4.78699,-4.51462,-4.48228,-4.51462]
	PARPACK diagonalization completed after 30 matrix-vector product operations.
	iteration results: : total energy is -72.348994 | electron energy -72.912668 + phonon energy 0.563674 | electron momentum kIdx = 10
The 5-th iteration is completed.	|| time cost : 0h 0m 8.972s
********************************************************************************************************************
Start the 6 rounds of NGS-ED iteration
	effective electronic model is modified as: kinetic energy t = 0.664012
	                                           effective interaction Vq = [-4.99894,-4.80078,-4.43351,-4.80078,-4.80078,-4.53032,-4.50032,-4.53032,-4.43351,-4.50032,-4.56402,-4.50032,-4.80078,-4.53032,-4.50032,-4.53032]
	PARPACK diagonalization completed after 30 matrix-vector product operations.
	iteration results: : total energy is -72.369869 | electron energy -72.952755 + phonon energy 0.582886 | electron momentum kIdx = 10
The 6-th iteration is completed.	|| time cost : 0h 0m 9.102s
********************************************************************************************************************
Start the 7 rounds of NGS-ED iteration
	effective electronic model is modified as: kinetic energy t = 0.661739
	                                           effective interaction Vq = [-4.99961,-4.80896,-4.44266,-4.80896,-4.80896,-4.53999,-4.51174,-4.53999,-4.44266,-4.51174,-4.57807,-4.51174,-4.80896,-4.53999,-4.51174,-4.53999]
	PARPACK diagonalization completed after 30 matrix-vector product operations.
	iteration results: : total energy is -72.377683 | electron energy -72.972728 + phonon energy 0.595044 | electron momentum kIdx = 10
The 7-th iteration is completed.	|| time cost : 0h 0m 9.348s
********************************************************************************************************************
Start the 8 rounds of NGS-ED iteration
	effective electronic model is modified as: kinetic energy t = 0.6603
	                                           effective interaction Vq = [-4.99986,-4.81383,-4.44828,-4.81383,-4.81383,-4.54597,-4.51899,-4.54597,-4.44828,-4.51899,-4.58729,-4.51899,-4.81383,-4.54597,-4.51899,-4.54597]
	PARPACK diagonalization completed after 30 matrix-vector product operations.
	iteration results: : total energy is -72.380612 | electron energy -72.983371 + phonon energy 0.602760 | electron momentum kIdx = 10
The 8-th iteration is completed.	|| time cost : 0h 0m 9.143s
********************************************************************************************************************
Start the 9 rounds of NGS-ED iteration
	effective electronic model is modified as: kinetic energy t = 0.659392
	                                           effective interaction Vq = [-4.99995,-4.81675,-4.45175,-4.81675,-4.81675,-4.54967,-4.52361,-4.54967,-4.45175,-4.52361,-4.59336,-4.52361,-4.81675,-4.54967,-4.52361,-4.54967]
	PARPACK diagonalization completed after 30 matrix-vector product operations.
	iteration results: : total energy is -72.381711 | electron energy -72.989377 + phonon energy 0.607665 | electron momentum kIdx = 10
The 9-th iteration is completed.	|| time cost : 0h 0m 9.109s
********************************************************************************************************************
Start the 10 rounds of NGS-ED iteration
	effective electronic model is modified as: kinetic energy t = 0.658818
	                                           effective interaction Vq = [-4.99998, -4.8185,-4.45389, -4.8185, -4.8185,-4.55195,-4.52655,-4.55195,-4.45389,-4.52655,-4.59738,-4.52655, -4.8185,-4.55195,-4.52655,-4.55195]
	PARPACK diagonalization completed after 30 matrix-vector product operations.
	iteration results: : total energy is -72.382125 | electron energy -72.992915 + phonon energy 0.610789 | electron momentum kIdx = 10
	Nq(0) = 9,	Nq(1) = 0.373103,	Nq(2) = 0.341765,	Nq(3) = 0.373103,	Nq(4) = 0.373103,	Nq(5) = 0.390422,	Nq(6) = 0.530282,	Nq(7) = 0.390422,	Nq(8) = 0.341765,	Nq(9) = 0.530282,	Nq(10) = 0.740601,	Nq(11) = 0.530282,	Nq(12) = 0.373103,	Nq(13) = 0.390422,	Nq(14) = 0.530282,	Nq(15) = 0.390422,	Sq(0) = -2.68422e-20,	Sq(1) = 0.410092,	Sq(2) = 0.695978,	Sq(3) = 0.410092,	Sq(4) = 0.410092,	Sq(5) = 0.469479,	Sq(6) = 0.702056,	Sq(7) = 0.469479,	Sq(8) = 0.695978,	Sq(9) = 0.702056,	Sq(10) = 0.682183,	Sq(11) = 0.702056,	Sq(12) = 0.410092,	Sq(13) = 0.469479,	Sq(14) = 0.702056,	Sq(15) = 0.469479,	N(0) = 1.98811,	N(1) = 1.9838,	N(2) = 0.0125171,	N(3) = 1.9838,	N(4) = 1.9838,	N(5) = 0.503535,	N(6) = 0.00821125,	N(7) = 0.503535,	N(8) = 0.0125171,	N(9) = 0.00821125,	N(10) = 0.00465768,	N(11) = 0.00821125,	N(12) = 1.9838,	N(13) = 0.503535,	N(14) = 0.00821125,	N(15) = 0.503535,	Delta[s](0) = 0.137744,	Delta[s](1) = 0.121336,	Delta[s](2) = 0.111175,	Delta[s](3) = 0.121336,	Delta[s](4) = 0.121336,	Delta[s](5) = 0.11482,	Delta[s](6) = 0.100911,	Delta[s](7) = 0.11482,	Delta[s](8) = 0.111175,	Delta[s](9) = 0.100911,	Delta[s](10) = 0.0913141,	Delta[s](11) = 0.100911,	Delta[s](12) = 0.121336,	Delta[s](13) = 0.11482,	Delta[s](14) = 0.100911,	Delta[s](15) = 0.11482,	Delta[d](0) = 0.221022,	Delta[d](1) = 0.153782,	Delta[d](2) = 0.183851,	Delta[d](3) = 0.153782,	Delta[d](4) = 0.153782,	Delta[d](5) = 0.159906,	Delta[d](6) = 0.113761,	Delta[d](7) = 0.159906,	Delta[d](8) = 0.183851,	Delta[d](9) = 0.113761,	Delta[d](10) = 0.0735903,	Delta[d](11) = 0.113761,	Delta[d](12) = 0.153782,	Delta[d](13) = 0.159906,	Delta[d](14) = 0.113761,	Delta[d](15) = 0.159906,	Delta[s+](0) = 0.522356,	Delta[s+](1) = 0.368263,	Delta[s+](2) = 0.183851,	Delta[s+](3) = 0.368263,	Delta[s+](4) = 0.368263,	Delta[s+](5) = 0.2289,	Delta[s+](6) = 0.0955932,	Delta[s+](7) = 0.2289,	Delta[s+](8) = 0.183851,	Delta[s+](9) = 0.0955932,	Delta[s+](10) = 0.0454259,	Delta[s+](11) = 0.0955932,	Delta[s+](12) = 0.368263,	Delta[s+](13) = 0.2289,	Delta[s+](14) = 0.0955932,	Delta[s+](15) = 0.2289
The 10-th iteration is completed.	|| time cost : 0h 1m 25.032s
********************************************************************************************************************
Start the 11 rounds of NGS-ED iteration
	effective electronic model is modified as: kinetic energy t = 0.658456
	                                           effective interaction Vq = [-4.99999,-4.81954,-4.45521,-4.81954,-4.81954,-4.55337,-4.52843,-4.55337,-4.45521,-4.52843,-4.60004,-4.52843,-4.81954,-4.55337,-4.52843,-4.55337]
	PARPACK diagonalization completed after 30 matrix-vector product operations.
	iteration results: : total energy is -72.382281 | electron energy -72.995063 + phonon energy 0.612782 | electron momentum kIdx = 10
The 11-th iteration is completed.	|| time cost : 0h 0m 9.081s
********************************************************************************************************************
Start the 12 rounds of NGS-ED iteration
	effective electronic model is modified as: kinetic energy t = 0.658227
	                                           effective interaction Vq = [      -5,-4.82017,-4.45603,-4.82017,-4.82017,-4.55425,-4.52963,-4.55425,-4.45603,-4.52963,-4.60181,-4.52963,-4.82017,-4.55425,-4.52963,-4.55425]
	PARPACK diagonalization completed after 30 matrix-vector product operations.
	iteration results: : total energy is -72.382340 | electron energy -72.996395 + phonon energy 0.614055 | electron momentum kIdx = 10
The 12-th iteration is completed.	|| time cost : 0h 0m 9.102s
********************************************************************************************************************
Start the 13 rounds of NGS-ED iteration
	effective electronic model is modified as: kinetic energy t = 0.658082
	                                           effective interaction Vq = [      -5,-4.82055,-4.45653,-4.82055,-4.82055,-4.55479, -4.5304,-4.55479,-4.45653, -4.5304,-4.60299, -4.5304,-4.82055,-4.55479, -4.5304,-4.55479]
	PARPACK diagonalization completed after 30 matrix-vector product operations.
	iteration results: : total energy is -72.382363 | electron energy -72.997232 + phonon energy 0.614869 | electron momentum kIdx = 10
The 13-th iteration is completed.	|| time cost : 0h 0m 9.09s
********************************************************************************************************************
Start the 14 rounds of NGS-ED iteration
	effective electronic model is modified as: kinetic energy t = 0.657991
	                                           effective interaction Vq = [      -5,-4.82077,-4.45684,-4.82077,-4.82077,-4.55513,-4.53089,-4.55513,-4.45684,-4.53089,-4.60378,-4.53089,-4.82077,-4.55513,-4.53089,-4.55513]
	PARPACK diagonalization completed after 30 matrix-vector product operations.
	iteration results: : total energy is -72.382371 | electron energy -72.997762 + phonon energy 0.615390 | electron momentum kIdx = 10
The 14-th iteration is completed.	|| time cost : 0h 0m 9.112s
********************************************************************************************************************
Start the 15 rounds of NGS-ED iteration
	effective electronic model is modified as: kinetic energy t = 0.657933
	                                           effective interaction Vq = [      -5, -4.8209,-4.45703, -4.8209, -4.8209,-4.55533, -4.5312,-4.55533,-4.45703, -4.5312,-4.60431, -4.5312, -4.8209,-4.55533, -4.5312,-4.55533]
	PARPACK diagonalization completed after 30 matrix-vector product operations.
	iteration results: : total energy is -72.382375 | electron energy -72.998099 + phonon energy 0.615725 | electron momentum kIdx = 10
The 15-th iteration is completed.	|| time cost : 0h 0m 9.094s
********************************************************************************************************************
Start the 16 rounds of NGS-ED iteration
	effective electronic model is modified as: kinetic energy t = 0.657896
	                                           effective interaction Vq = [      -5,-4.82098,-4.45715,-4.82098,-4.82098,-4.55546, -4.5314,-4.55546,-4.45715, -4.5314,-4.60467, -4.5314,-4.82098,-4.55546, -4.5314,-4.55546]
	PARPACK diagonalization completed after 30 matrix-vector product operations.
	iteration results: : total energy is -72.382376 | electron energy -72.998316 + phonon energy 0.615940 | electron momentum kIdx = 10
The 16-th iteration is completed.	|| time cost : 0h 0m 9.079s
********************************************************************************************************************
Start the 17 rounds of NGS-ED iteration
	effective electronic model is modified as: kinetic energy t = 0.657873
	                                           effective interaction Vq = [      -5,-4.82102,-4.45722,-4.82102,-4.82102,-4.55554,-4.53153,-4.55554,-4.45722,-4.53153,-4.60491,-4.53153,-4.82102,-4.55554,-4.53153,-4.55554]
	PARPACK diagonalization completed after 30 matrix-vector product operations.
	iteration results: : total energy is -72.382376 | electron energy -72.998454 + phonon energy 0.616078 | electron momentum kIdx = 10
The 17-th iteration is completed.	|| time cost : 0h 0m 9.088s
********************************************************************************************************************
Start the 18 rounds of NGS-ED iteration
	effective electronic model is modified as: kinetic energy t = 0.657858
	                                           effective interaction Vq = [      -5,-4.82105,-4.45727,-4.82105,-4.82105,-4.55559,-4.53161,-4.55559,-4.45727,-4.53161,-4.60507,-4.53161,-4.82105,-4.55559,-4.53161,-4.55559]
	PARPACK diagonalization completed after 30 matrix-vector product operations.
	iteration results: : total energy is -72.382377 | electron energy -72.998543 + phonon energy 0.616167 | electron momentum kIdx = 10
The 18-th iteration is completed.	|| time cost : 0h 0m 9.108s
********************************************************************************************************************
Start the 19 rounds of NGS-ED iteration
	effective electronic model is modified as: kinetic energy t = 0.657849
	                                           effective interaction Vq = [      -5,-4.82107, -4.4573,-4.82107,-4.82107,-4.55562,-4.53167,-4.55562, -4.4573,-4.53167,-4.60518,-4.53167,-4.82107,-4.55562,-4.53167,-4.55562]
	PARPACK diagonalization completed after 30 matrix-vector product operations.
	iteration results: : total energy is -72.382377 | electron energy -72.998601 + phonon energy 0.616224 | electron momentum kIdx = 10
The 19-th iteration is completed.	|| time cost : 0h 0m 9.1s
********************************************************************************************************************
Start the 20 rounds of NGS-ED iteration
	effective electronic model is modified as: kinetic energy t = 0.657843
	                                           effective interaction Vq = [      -5,-4.82108,-4.45731,-4.82108,-4.82108,-4.55563, -4.5317,-4.55563,-4.45731, -4.5317,-4.60525, -4.5317,-4.82108,-4.55563, -4.5317,-4.55563]
	PARPACK diagonalization completed after 30 matrix-vector product operations.
	iteration results: : total energy is -72.382377 | electron energy -72.998638 + phonon energy 0.616261 | electron momentum kIdx = 10
	Nq(0) = 9,	Nq(1) = 0.373266,	Nq(2) = 0.341878,	Nq(3) = 0.373266,	Nq(4) = 0.373266,	Nq(5) = 0.390644,	Nq(6) = 0.531014,	Nq(7) = 0.390644,	Nq(8) = 0.341878,	Nq(9) = 0.531014,	Nq(10) = 0.743344,	Nq(11) = 0.531014,	Nq(12) = 0.373266,	Nq(13) = 0.390644,	Nq(14) = 0.531014,	Nq(15) = 0.390644,	Sq(0) = 1.01352e-17,	Sq(1) = 0.409697,	Sq(2) = 0.695404,	Sq(3) = 0.409697,	Sq(4) = 0.409697,	Sq(5) = 0.46919,	Sq(6) = 0.701282,	Sq(7) = 0.46919,	Sq(8) = 0.695404,	Sq(9) = 0.701282,	Sq(10) = 0.681718,	Sq(11) = 0.701282,	Sq(12) = 0.409697,	Sq(13) = 0.46919,	Sq(14) = 0.701282,	Sq(15) = 0.46919,	N(0) = 1.98828,	N(1) = 1.98411,	N(2) = 0.0123259,	N(3) = 1.98411,	N(4) = 1.98411,	N(5) = 0.503465,	N(6) = 0.00805423,	N(7) = 0.503465,	N(8) = 0.0123259,	N(9) = 0.00805423,	N(10) = 0.00456635,	N(11) = 0.00805423,	N(12) = 1.98411,	N(13) = 0.503465,	N(14) = 0.00805423,	N(15) = 0.503465,	Delta[s](0) = 0.137937,	Delta[s](1) = 0.121549,	Delta[s](2) = 0.111404,	Delta[s](3) = 0.121549,	Delta[s](4) = 0.121549,	Delta[s](5) = 0.115048,	Delta[s](6) = 0.10117,	Delta[s](7) = 0.115048,	Delta[s](8) = 0.111404,	Delta[s](9) = 0.10117,	Delta[s](10) = 0.0915825,	Delta[s](11) = 0.10117,	Delta[s](12) = 0.121549,	Delta[s](13) = 0.115048,	Delta[s](14) = 0.10117,	Delta[s](15) = 0.115048,	Delta[d](0) = 0.220895,	Delta[d](1) = 0.153774,	Delta[d](2) = 0.183794,	Delta[d](3) = 0.153774,	Delta[d](4) = 0.153774,	Delta[d](5) = 0.15989,	Delta[d](6) = 0.113786,	Delta[d](7) = 0.15989,	Delta[d](8) = 0.183794,	Delta[d](9) = 0.113786,	Delta[d](10) = 0.0736613,	Delta[d](11) = 0.113786,	Delta[d](12) = 0.153774,	Delta[d](13) = 0.15989,	Delta[d](14) = 0.113786,	Delta[d](15) = 0.15989,	Delta[s+](0) = 0.521965,	Delta[s+](1) = 0.368018,	Delta[s+](2) = 0.183794,	Delta[s+](3) = 0.368018,	Delta[s+](4) = 0.368018,	Delta[s+](5) = 0.228795,	Delta[s+](6) = 0.0956173,	Delta[s+](7) = 0.228795,	Delta[s+](8) = 0.183794,	Delta[s+](9) = 0.0956173,	Delta[s+](10) = 0.0454836,	Delta[s+](11) = 0.0956173,	Delta[s+](12) = 0.368018,	Delta[s+](13) = 0.228795,	Delta[s+](14) = 0.0956173,	Delta[s+](15) = 0.228795
The 20-th iteration is completed.	|| time cost : 0h 1m 24.085s
********************************************************************************************************************
Start the 21 rounds of NGS-ED iteration
	effective electronic model is modified as: kinetic energy t = 0.657839
	                                           effective interaction Vq = [      -5,-4.82108,-4.45732,-4.82108,-4.82108,-4.55565,-4.53172,-4.55565,-4.45732,-4.53172, -4.6053,-4.53172,-4.82108,-4.55565,-4.53172,-4.55565]
	PARPACK diagonalization completed after 30 matrix-vector product operations.
	iteration results: : total energy is -72.382377 | electron energy -72.998662 + phonon energy 0.616285 | electron momentum kIdx = 10
The 21-th iteration is completed.	|| time cost : 0h 0m 9.104s
********************************************************************************************************************
Start the 22 rounds of NGS-ED iteration
	effective electronic model is modified as: kinetic energy t = 0.657836
	                                           effective interaction Vq = [      -5,-4.82108,-4.45733,-4.82108,-4.82108,-4.55565,-4.53174,-4.55565,-4.45733,-4.53174,-4.60533,-4.53174,-4.82108,-4.55565,-4.53174,-4.55565]
	PARPACK diagonalization completed after 30 matrix-vector product operations.
	iteration results: : total energy is -72.382377 | electron energy -72.998677 + phonon energy 0.616301 | electron momentum kIdx = 10
The 22-th iteration is completed.	|| time cost : 0h 0m 9.104s
********************************************************************************************************************
Start the 23 rounds of NGS-ED iteration
	effective electronic model is modified as: kinetic energy t = 0.657835
	                                           effective interaction Vq = [      -5,-4.82109,-4.45733,-4.82109,-4.82109,-4.55566,-4.53174,-4.55566,-4.45733,-4.53174,-4.60536,-4.53174,-4.82109,-4.55566,-4.53174,-4.55566]
	PARPACK diagonalization completed after 30 matrix-vector product operations.
	iteration results: : total energy is -72.382377 | electron energy -72.998688 + phonon energy 0.616311 | electron momentum kIdx = 10
The 23-th iteration is completed.	|| time cost : 0h 0m 9.105s
********************************************************************************************************************
Start the 24 rounds of NGS-ED iteration
	effective electronic model is modified as: kinetic energy t = 0.657834
	                                           effective interaction Vq = [      -5,-4.82109,-4.45734,-4.82109,-4.82109,-4.55566,-4.53175,-4.55566,-4.45734,-4.53175,-4.60537,-4.53175,-4.82109,-4.55566,-4.53175,-4.55566]
	PARPACK diagonalization completed after 30 matrix-vector product operations.
