SNEDics v3.4 Non-Gaussian ED ground state program		Start at Tue Oct  1 22:34:29 2019

parallized on 16 MPI threads  * 8 OpenMP threads = 128 total threads.
********************************************************************************************************************
********************************************************************************************************************

********************************************************************************************************************
System parameters and configurations
********************************************************************************************************************
Special program options are enabled: splitted diagonal Hamiltonian
********************************************************************************************************************
Read input file "model_params.in"
	Hubbard-Holstein model parameters : 	t = 1    U = 4    g = 3.937    W = 5    
********************************************************************************************************************
Read input file "hilbertspace_params.in"
	Requested 16-site 2D lattice, with 16 electrons (8, 8)
	Boundary : Periodic		Hilbert space representation : momentum-space (restricted to kIdx = 10)
	Conservation: particle number[U(1)]      spin[U(1)]     momentum
********************************************************************************************************************

Cluster Positions:				Cluster symmetry group : D4
 x ... x ... x ... x .....                       x ... x ... x ... x .....
 |           |           :                       |           |           :
 |           |           :                       |           |           :
12    13    14    15     x                       1     5     6     5     x
 |           |           :                       |           |           :
 |           |           :                       |           |           :
 8 --- 9 ---10 ---11 --- x                       2 --- 6 ---10 --- 6 --- x
 |           |           :                       |           |           :
 |           |           :                       |           |           :
 4     5     6     7     x                       1     5     6     5     x
 |           |           :                       |           |           :
 |           |           :                       |           |           :
 0 --- 1 --- 2 --- 3 --- x                       0 --- 1 --- 2 --- 1 --- x
orbital number : 1
********************************************************************************************************************
Read input file "obs_params.in"
	Observable Type : Nq(All),   Sq(All),   N(All),   Delta[s](All),   Delta[d](All),   Delta[s+](All)
********************************************************************************************************************
** WARNING ** the input observables have non-local factors which have been reinterpreted. The total observable number is 96
********************************************************************************************************************


********************************************************************************************************************
Start calculating the non-Gaussian ED ground state
** WARNING ** Detected low phonon energy W < 10. The initial state will be prepared through a warm-up process.
********************************************************************************************************************
Start warm-up calculation for scaling factor 2
open output files: NGSEDWarmUpW10Obs.txt
********************************************************************************************************************
Start the 0 rounds of NGS-ED iteration
	effective electronic model is modified as: kinetic energy t = 1
	                                           effective interaction Vq = [-0,-0,-0,-0,-0,-0,-0,-0,-0,-0,-0,-0,-0,-0,-0,-0]
	first Hamiltonian is constructed, non-zero numbers = 2845334624
	PARPACK diagonalization completed after 90 matrix-vector product operations.
	iteration results: : total energy is -13.476276 | electron energy -13.476276 + phonon energy 0.000000 | electron momentum kIdx = 10
	Nq(0) = 16,	Nq(1) = 0.164915,	Nq(2) = 0.236752,	Nq(3) = 0.164915,	Nq(4) = 0.164915,	Nq(5) = 0.236752,	Nq(6) = 0.323511,	Nq(7) = 0.236752,	Nq(8) = 0.236752,	Nq(9) = 0.323511,	Nq(10) = 0.387576,	Nq(11) = 0.323511,	Nq(12) = 0.164915,	Nq(13) = 0.236752,	Nq(14) = 0.323511,	Nq(15) = 0.236752,	Sq(0) = 2.89761e-18,	Sq(1) = 0.316113,	Sq(2) = 0.420674,	Sq(3) = 0.316113,	Sq(4) = 0.316113,	Sq(5) = 0.420674,	Sq(6) = 0.635342,	Sq(7) = 0.420674,	Sq(8) = 0.420674,	Sq(9) = 0.635342,	Sq(10) = 5.90834,	Sq(11) = 0.635342,	Sq(12) = 0.316113,	Sq(13) = 0.420674,	Sq(14) = 0.635342,	Sq(15) = 0.420674,	N(0) = 1.93189,	N(1) = 1.84655,	N(2) = 1,	N(3) = 1.84655,	N(4) = 1.84655,	N(5) = 1,	N(6) = 0.153453,	N(7) = 1,	N(8) = 1,	N(9) = 0.153453,	N(10) = 0.0681112,	N(11) = 0.153453,	N(12) = 1.84655,	N(13) = 1,	N(14) = 0.153453,	N(15) = 1,	Delta[s](0) = 0.172916,	Delta[s](1) = 0.149589,	Delta[s](2) = 0.118166,	Delta[s](3) = 0.149589,	Delta[s](4) = 0.149589,	Delta[s](5) = 0.118166,	Delta[s](6) = 0.0920118,	Delta[s](7) = 0.118166,	Delta[s](8) = 0.118166,	Delta[s](9) = 0.0920118,	Delta[s](10) = 0.0325788,	Delta[s](11) = 0.0920118,	Delta[s](12) = 0.149589,	Delta[s](13) = 0.118166,	Delta[s](14) = 0.0920118,	Delta[s](15) = 0.118166,	Delta[d](0) = 0.51522,	Delta[d](1) = 0.38471,	Delta[d](2) = 0.326641,	Delta[d](3) = 0.38471,	Delta[d](4) = 0.38471,	Delta[d](5) = 0.375277,	Delta[d](6) = 0.304308,	Delta[d](7) = 0.375277,	Delta[d](8) = 0.326641,	Delta[d](9) = 0.304308,	Delta[d](10) = 0.247177,	Delta[d](11) = 0.304308,	Delta[d](12) = 0.38471,	Delta[d](13) = 0.375277,	Delta[d](14) = 0.304308,	Delta[d](15) = 0.375277,	Delta[s+](0) = 0.583671,	Delta[s+](1) = 0.479215,	Delta[s+](2) = 0.326641,	Delta[s+](3) = 0.479215,	Delta[s+](4) = 0.479215,	Delta[s+](5) = 0.326641,	Delta[s+](6) = 0.179307,	Delta[s+](7) = 0.326641,	Delta[s+](8) = 0.326641,	Delta[s+](9) = 0.179307,	Delta[s+](10) = 0.0646121,	Delta[s+](11) = 0.179307,	Delta[s+](12) = 0.479215,	Delta[s+](13) = 0.326641,	Delta[s+](14) = 0.179307,	Delta[s+](15) = 0.326641
The 0-th iteration is completed.	|| time cost : 0h 8m 29.338s
********************************************************************************************************************
Start the 1 rounds of NGS-ED iteration
	effective electronic model is modified as: kinetic energy t = 0.922763
	                                           effective interaction Vq = [-2.68046,-2.45516,-2.36999,-2.45516,-2.45516,-2.36999,-2.34246,-2.36999,-2.36999,-2.34246,-2.30734,-2.34246,-2.45516,-2.36999,-2.34246,-2.36999]
	PARPACK diagonalization completed after 165 matrix-vector product operations.
	iteration results: : total energy is -68.493348 | electron energy -68.499203 + phonon energy 0.005856 | electron momentum kIdx = 10
The 1-th iteration is completed.	|| time cost : 0h 8m 12.015s
********************************************************************************************************************
Start the 2 rounds of NGS-ED iteration
	effective electronic model is modified as: kinetic energy t = 0.852887
	                                           effective interaction Vq = [-3.04322,-2.92463,-2.90913,-2.92463,-2.92463,-2.90913,-2.82545,-2.90913,-2.90913,-2.82545,-2.84936,-2.82545,-2.92463,-2.90913,-2.82545,-2.90913]
	PARPACK diagonalization completed after 45 matrix-vector product operations.
	iteration results: : total energy is -77.798764 | electron energy -77.848950 + phonon energy 0.050186 | electron momentum kIdx = 10
The 2-th iteration is completed.	|| time cost : 0h 0m 31.902s
********************************************************************************************************************
Start the 3 rounds of NGS-ED iteration
	effective electronic model is modified as: kinetic energy t = 0.82571
	                                           effective interaction Vq = [-3.09231,-3.01714, -2.9913,-3.01714,-3.01714, -2.9913,-2.93831, -2.9913, -2.9913,-2.93831,-3.03987,-2.93831,-3.01714, -2.9913,-2.93831, -2.9913]
	PARPACK diagonalization completed after 45 matrix-vector product operations.
	iteration results: : total energy is -79.375024 | electron energy -79.463708 + phonon energy 0.088684 | electron momentum kIdx = 10
The 3-th iteration is completed.	|| time cost : 0h 0m 32.058s
********************************************************************************************************************
Start the 4 rounds of NGS-ED iteration
	effective electronic model is modified as: kinetic energy t = 0.824819
	                                           effective interaction Vq = [-3.09895,-3.02708,-2.95714,-3.02708,-3.02708,-2.95714,-2.95244,-2.95714,-2.95714,-2.95244,-3.08425,-2.95244,-3.02708,-2.95714,-2.95244,-2.95714]
	PARPACK diagonalization completed after 30 matrix-vector product operations.
	iteration results: : total energy is -79.656086 | electron energy -79.757157 + phonon energy 0.101071 | electron momentum kIdx = 10
The 4-th iteration is completed.	|| time cost : 0h 0m 27.326s
********************************************************************************************************************
Start the 5 rounds of NGS-ED iteration
	effective electronic model is modified as: kinetic energy t = 0.826183
	                                           effective interaction Vq = [-3.09985,-3.02417,-2.93695,-3.02417,-3.02417,-2.93695,-2.94941,-2.93695,-2.93695,-2.94941,-3.09316,-2.94941,-3.02417,-2.93695,-2.94941,-2.93695]
	PARPACK diagonalization completed after 30 matrix-vector product operations.
	iteration results: : total energy is -79.695344 | electron energy -79.798487 + phonon energy 0.103144 | electron momentum kIdx = 10
The 5-th iteration is completed.	|| time cost : 0h 0m 27.294s
********************************************************************************************************************
Start the 6 rounds of NGS-ED iteration
	effective electronic model is modified as: kinetic energy t = 0.827117
	                                           effective interaction Vq = [-3.09997,-3.02122,-2.92805,-3.02122,-3.02122,-2.92805,-2.94596,-2.92805,-2.92805,-2.94596,-3.09536,-2.94596,-3.02122,-2.92805,-2.94596,-2.92805]
	PARPACK diagonalization completed after 30 matrix-vector product operations.
	iteration results: : total energy is -79.700628 | electron energy -79.803793 + phonon energy 0.103165 | electron momentum kIdx = 10
The 6-th iteration is completed.	|| time cost : 0h 0m 27.266s
********************************************************************************************************************
Start the 7 rounds of NGS-ED iteration
	effective electronic model is modified as: kinetic energy t = 0.827612
	                                           effective interaction Vq = [-3.09999,-3.01948,-2.92433,-3.01948,-3.01948,-2.92433,-2.94386,-2.92433,-2.92433,-2.94386,-3.09602,-2.94386,-3.01948,-2.92433,-2.94386,-2.92433]
	PARPACK diagonalization completed after 30 matrix-vector product operations.
	iteration results: : total energy is -79.701359 | electron energy -79.804268 + phonon energy 0.102909 | electron momentum kIdx = 10
The 7-th iteration is completed.	|| time cost : 0h 0m 27.313s
********************************************************************************************************************
Start the 8 rounds of NGS-ED iteration
	effective electronic model is modified as: kinetic energy t = 0.827855
	                                           effective interaction Vq = [-3.09999,-3.01858,-2.92279,-3.01858,-3.01858,-2.92279,-2.94275,-2.92279,-2.92279,-2.94275,-3.09623,-2.94275,-3.01858,-2.92279,-2.94275,-2.92279]
	PARPACK diagonalization completed after 30 matrix-vector product operations.
	iteration results: : total energy is -79.701466 | electron energy -79.804177 + phonon energy 0.102711 | electron momentum kIdx = 10
The 8-th iteration is completed.	|| time cost : 0h 0m 27.332s
********************************************************************************************************************
Start the 9 rounds of NGS-ED iteration
	effective electronic model is modified as: kinetic energy t = 0.82797
	                                           effective interaction Vq = [-3.09999,-3.01814,-2.92214,-3.01814,-3.01814,-2.92214,-2.94221,-2.92214,-2.92214,-2.94221,-3.09631,-2.94221,-3.01814,-2.92214,-2.94221,-2.92214]
	PARPACK diagonalization completed after 30 matrix-vector product operations.
	iteration results: : total energy is -79.701482 | electron energy -79.804078 + phonon energy 0.102596 | electron momentum kIdx = 10
	Nq(0) = 16,	Nq(1) = 0.291381,	Nq(2) = 0.353776,	Nq(3) = 0.291381,	Nq(4) = 0.291381,	Nq(5) = 0.353776,	Nq(6) = 0.5618,	Nq(7) = 0.353776,	Nq(8) = 0.353776,	Nq(9) = 0.5618,	Nq(10) = 5.80377,	Nq(11) = 0.5618,	Nq(12) = 0.291381,	Nq(13) = 0.353776,	Nq(14) = 0.5618,	Nq(15) = 0.353776,	Sq(0) = 9.4868e-19,	Sq(1) = 0.213857,	Sq(2) = 0.285795,	Sq(3) = 0.213857,	Sq(4) = 0.213857,	Sq(5) = 0.285795,	Sq(6) = 0.404027,	Sq(7) = 0.285795,	Sq(8) = 0.285795,	Sq(9) = 0.404027,	Sq(10) = 0.474538,	Sq(11) = 0.404027,	Sq(12) = 0.213857,	Sq(13) = 0.285795,	Sq(14) = 0.404027,	Sq(15) = 0.285795,	N(0) = 1.96866,	N(1) = 1.9182,	N(2) = 1,	N(3) = 1.9182,	N(4) = 1.9182,	N(5) = 1,	N(6) = 0.0818001,	N(7) = 1,	N(8) = 1,	N(9) = 0.0818001,	N(10) = 0.0313354,	N(11) = 0.0818001,	N(12) = 1.9182,	N(13) = 1,	N(14) = 0.0818001,	N(15) = 1,	Delta[s](0) = 0.51476,	Delta[s](1) = 0.380576,	Delta[s](2) = 0.358038,	Delta[s](3) = 0.380576,	Delta[s](4) = 0.380576,	Delta[s](5) = 0.358038,	Delta[s](6) = 0.304326,	Delta[s](7) = 0.358038,	Delta[s](8) = 0.358038,	Delta[s](9) = 0.304326,	Delta[s](10) = 0.266977,	Delta[s](11) = 0.304326,	Delta[s](12) = 0.380576,	Delta[s](13) = 0.358038,	Delta[s](14) = 0.304326,	Delta[s](15) = 0.358038,	Delta[d](0) = 0.205797,	Delta[d](1) = 0.192408,	Delta[d](2) = 0.196884,	Delta[d](3) = 0.192408,	Delta[d](4) = 0.192408,	Delta[d](5) = 0.130556,	Delta[d](6) = 0.154476,	Delta[d](7) = 0.130556,	Delta[d](8) = 0.196884,	Delta[d](9) = 0.154476,	Delta[d](10) = 0.0553627,	Delta[d](11) = 0.154476,	Delta[d](12) = 0.192408,	Delta[d](13) = 0.130556,	Delta[d](14) = 0.154476,	Delta[d](15) = 0.130556,	Delta[s+](0) = 0.380813,	Delta[s+](1) = 0.30338,	Delta[s+](2) = 0.196884,	Delta[s+](3) = 0.30338,	Delta[s+](4) = 0.30338,	Delta[s+](5) = 0.196884,	Delta[s+](6) = 0.0876528,	Delta[s+](7) = 0.196884,	Delta[s+](8) = 0.196884,	Delta[s+](9) = 0.0876528,	Delta[s+](10) = 0.0310398,	Delta[s+](11) = 0.0876528,	Delta[s+](12) = 0.30338,	Delta[s+](13) = 0.196884,	Delta[s+](14) = 0.0876528,	Delta[s+](15) = 0.196884
The 9-th iteration is completed.	|| time cost : 0h 4m 35.847s
********************************************************************************************************************
********************************************************************************************************************
Ground state is obtained after 10 iterations. The current ground-state energy is -79.7015, in which electron energy is -79.8041 and phonon energy is 0.102596
final variational state is: 
	Gamma_x = [      1,1.02493, 1.0408,1.02493,1.02493, 1.0408,1.06278, 1.0408, 1.0408,1.06278,1.12628,1.06278,1.02493, 1.0408,1.06278, 1.0408]
	lambda_q = [0.556751,0.466192,0.423313,0.466192,0.466192,0.423313, 0.43106,0.423313,0.423313, 0.43106,0.537641, 0.43106,0.466192,0.423313, 0.43106,0.423313]
********************************************************************************************************************
o___o  ----------------------------------------
| L |	Time since last clock: 0h 0m 0s
A===A	Time since the beginning: 0h 24m 37.697s
***********************************************


********************************************************************************************************************
Warm up runs have been completed. Start calculating W = 5 phonon.
open output files: NGSEDIterationObs.txt
********************************************************************************************************************
Start the 0 rounds of NGS-ED iteration
	effective electronic model is modified as: kinetic energy t = 0.828023
	                                           effective interaction Vq = [  -2.834,-2.58412, -2.4372,-2.58412,-2.58412, -2.4372, -2.4651, -2.4372, -2.4372, -2.4651,-2.78809, -2.4651,-2.58412, -2.4372, -2.4651, -2.4372]
	PARPACK diagonalization completed after 30 matrix-vector product operations.
	iteration results: : total energy is -71.202303 | electron energy -71.253571 + phonon energy 0.051268 | electron momentum kIdx = 10
	Nq(0) = 16,	Nq(1) = 0.279143,	Nq(2) = 0.336765,	Nq(3) = 0.279143,	Nq(4) = 0.279143,	Nq(5) = 0.336765,	Nq(6) = 0.523071,	Nq(7) = 0.336765,	Nq(8) = 0.336765,	Nq(9) = 0.523071,	Nq(10) = 5.64061,	Nq(11) = 0.523071,	Nq(12) = 0.279143,	Nq(13) = 0.336765,	Nq(14) = 0.523071,	Nq(15) = 0.336765,	Sq(0) = 3.60539e-18,	Sq(1) = 0.238827,	Sq(2) = 0.308555,	Sq(3) = 0.238827,	Sq(4) = 0.238827,	Sq(5) = 0.308555,	Sq(6) = 0.450012,	Sq(7) = 0.308555,	Sq(8) = 0.308555,	Sq(9) = 0.450012,	Sq(10) = 0.523257,	Sq(11) = 0.450012,	Sq(12) = 0.238827,	Sq(13) = 0.308555,	Sq(14) = 0.450012,	Sq(15) = 0.308555,	N(0) = 1.98039,	N(1) = 1.94059,	N(2) = 1,	N(3) = 1.94059,	N(4) = 1.94059,	N(5) = 1,	N(6) = 0.0594148,	N(7) = 1,	N(8) = 1,	N(9) = 0.0594148,	N(10) = 0.0196061,	N(11) = 0.0594148,	N(12) = 1.94059,	N(13) = 1,	N(14) = 0.0594148,	N(15) = 1,	Delta[s](0) = 0.438277,	Delta[s](1) = 0.360672,	Delta[s](2) = 0.344095,	Delta[s](3) = 0.360672,	Delta[s](4) = 0.360672,	Delta[s](5) = 0.344095,	Delta[s](6) = 0.302285,	Delta[s](7) = 0.344095,	Delta[s](8) = 0.344095,	Delta[s](9) = 0.302285,	Delta[s](10) = 0.280351,	Delta[s](11) = 0.302285,	Delta[s](12) = 0.360672,	Delta[s](13) = 0.344095,	Delta[s](14) = 0.302285,	Delta[s](15) = 0.344095,	Delta[d](0) = 0.211563,	Delta[d](1) = 0.201603,	Delta[d](2) = 0.209117,	Delta[d](3) = 0.201603,	Delta[d](4) = 0.201603,	Delta[d](5) = 0.135311,	Delta[d](6) = 0.161933,	Delta[d](7) = 0.135311,	Delta[d](8) = 0.209117,	Delta[d](9) = 0.161933,	Delta[d](10) = 0.0589758,	Delta[d](11) = 0.161933,	Delta[d](12) = 0.201603,	Delta[d](13) = 0.135311,	Delta[d](14) = 0.161933,	Delta[d](15) = 0.135311,	Delta[s+](0) = 0.415676,	Delta[s+](1) = 0.324355,	Delta[s+](2) = 0.209117,	Delta[s+](3) = 0.324355,	Delta[s+](4) = 0.324355,	Delta[s+](5) = 0.209117,	Delta[s+](6) = 0.0924633,	Delta[s+](7) = 0.209117,	Delta[s+](8) = 0.209117,	Delta[s+](9) = 0.0924633,	Delta[s+](10) = 0.0331992,	Delta[s+](11) = 0.0924633,	Delta[s+](12) = 0.324355,	Delta[s+](13) = 0.209117,	Delta[s+](14) = 0.0924633,	Delta[s+](15) = 0.209117
The 0-th iteration is completed.	|| time cost : 0h 4m 23.864s
********************************************************************************************************************
Start the 1 rounds of NGS-ED iteration
	effective electronic model is modified as: kinetic energy t = 0.804899
	                                           effective interaction Vq = [-3.00214,-2.73015,-2.54546,-2.73015,-2.73015,-2.54546,-2.57966,-2.54546,-2.54546,-2.57966,-2.97794,-2.57966,-2.73015,-2.54546,-2.57966,-2.54546]
	PARPACK diagonalization completed after 30 matrix-vector product operations.
	iteration results: : total energy is -75.030668 | electron energy -75.190641 + phonon energy 0.159973 | electron momentum kIdx = 10
The 1-th iteration is completed.	|| time cost : 0h 0m 27.325s
********************************************************************************************************************
Start the 2 rounds of NGS-ED iteration
	effective electronic model is modified as: kinetic energy t = 0.795293
	                                           effective interaction Vq = [  -3.064,-2.77181,-2.58315,-2.77181,-2.77181,-2.58315,-2.61429,-2.58315,-2.58315,-2.61429,-3.05174,-2.61429,-2.77181,-2.58315,-2.61429,-2.58315]
	PARPACK diagonalization completed after 30 matrix-vector product operations.
	iteration results: : total energy is -76.434646 | electron energy -76.662619 + phonon energy 0.227973 | electron momentum kIdx = 10
The 2-th iteration is completed.	|| time cost : 0h 0m 27.372s
********************************************************************************************************************
Start the 3 rounds of NGS-ED iteration
	effective electronic model is modified as: kinetic energy t = 0.792188
	                                           effective interaction Vq = [-3.08675,-2.77748,-2.59228,-2.77748,-2.77748,-2.59228,-2.61882,-2.59228,-2.59228,-2.61882, -3.0786,-2.61882,-2.77748,-2.59228,-2.61882,-2.59228]
	PARPACK diagonalization completed after 30 matrix-vector product operations.
	iteration results: : total energy is -76.928819 | electron energy -77.189929 + phonon energy 0.261110 | electron momentum kIdx = 10
The 3-th iteration is completed.	|| time cost : 0h 0m 27.319s
********************************************************************************************************************
Start the 4 rounds of NGS-ED iteration
	effective electronic model is modified as: kinetic energy t = 0.791585
	                                           effective interaction Vq = [-3.09512,-2.77308,-2.59193,-2.77308,-2.77308,-2.59193,-2.61463,-2.59193,-2.59193,-2.61463,-3.08858,-2.61463,-2.77308,-2.59193,-2.61463,-2.59193]
	PARPACK diagonalization completed after 30 matrix-vector product operations.
	iteration results: : total energy is -77.100419 | electron energy -77.376452 + phonon energy 0.276033 | electron momentum kIdx = 10
The 4-th iteration is completed.	|| time cost : 0h 0m 27.206s
********************************************************************************************************************
Start the 5 rounds of NGS-ED iteration
	effective electronic model is modified as: kinetic energy t = 0.791817
	                                           effective interaction Vq = [ -3.0982,-2.76708,-2.58909,-2.76708,-2.76708,-2.58909,-2.60899,-2.58909,-2.58909,-2.60899,-3.09256,-2.60899,-2.76708,-2.58909,-2.60899,-2.58909]
	PARPACK diagonalization completed after 30 matrix-vector product operations.
	iteration results: : total energy is -77.160238 | electron energy -77.442567 + phonon energy 0.282329 | electron momentum kIdx = 10
The 5-th iteration is completed.	|| time cost : 0h 0m 27.317s
********************************************************************************************************************
Start the 6 rounds of NGS-ED iteration
	effective electronic model is modified as: kinetic energy t = 0.792258
	                                           effective interaction Vq = [-3.09933,-2.76184,-2.58606,-2.76184,-2.76184,-2.58606,-2.60399,-2.58606,-2.58606,-2.60399,-3.09428,-2.60399,-2.76184,-2.58606,-2.60399,-2.58606]
	PARPACK diagonalization completed after 30 matrix-vector product operations.
	iteration results: : total energy is -77.181325 | electron energy -77.465985 + phonon energy 0.284660 | electron momentum kIdx = 10
The 6-th iteration is completed.	|| time cost : 0h 0m 27.282s
********************************************************************************************************************
Start the 7 rounds of NGS-ED iteration
	effective electronic model is modified as: kinetic energy t = 0.792689
	                                           effective interaction Vq = [-3.09975, -2.7578, -2.5835, -2.7578, -2.7578, -2.5835,-2.60007, -2.5835, -2.5835,-2.60007,-3.09508,-2.60007, -2.7578, -2.5835,-2.60007, -2.5835]
	PARPACK diagonalization completed after 30 matrix-vector product operations.
	iteration results: : total energy is -77.188854 | electron energy -77.474104 + phonon energy 0.285250 | electron momentum kIdx = 10
The 7-th iteration is completed.	|| time cost : 0h 0m 27.298s
********************************************************************************************************************
Start the 8 rounds of NGS-ED iteration
	effective electronic model is modified as: kinetic energy t = 0.793045
	                                           effective interaction Vq = [ -3.0999,-2.75484,-2.58152,-2.75484,-2.75484,-2.58152,-2.59716,-2.58152,-2.58152,-2.59716,-3.09546,-2.59716,-2.75484,-2.58152,-2.59716,-2.58152]
	PARPACK diagonalization completed after 30 matrix-vector product operations.
	iteration results: : total energy is -77.191574 | electron energy -77.476718 + phonon energy 0.285145 | electron momentum kIdx = 10
The 8-th iteration is completed.	|| time cost : 0h 0m 27.278s
********************************************************************************************************************
Start the 9 rounds of NGS-ED iteration
	effective electronic model is modified as: kinetic energy t = 0.793318
	                                           effective interaction Vq = [-3.09996,-2.75274,-2.58005,-2.75274,-2.75274,-2.58005,-2.59505,-2.58005,-2.58005,-2.59505,-3.09566,-2.59505,-2.75274,-2.58005,-2.59505,-2.58005]
	PARPACK diagonalization completed after 30 matrix-vector product operations.
	iteration results: : total energy is -77.192566 | electron energy -77.477382 + phonon energy 0.284816 | electron momentum kIdx = 10
The 9-th iteration is completed.	|| time cost : 0h 0m 27.284s
********************************************************************************************************************
Start the 10 rounds of NGS-ED iteration
	effective electronic model is modified as: kinetic energy t = 0.793519
	                                           effective interaction Vq = [-3.09998,-2.75127,  -2.579,-2.75127,-2.75127,  -2.579,-2.59356,  -2.579,  -2.579,-2.59356,-3.09576,-2.59356,-2.75127,  -2.579,-2.59356,  -2.579]
	PARPACK diagonalization completed after 30 matrix-vector product operations.
	iteration results: : total energy is -77.192931 | electron energy -77.477394 + phonon energy 0.284463 | electron momentum kIdx = 10
	Nq(0) = 16,	Nq(1) = 0.195461,	Nq(2) = 0.276447,	Nq(3) = 0.195461,	Nq(4) = 0.195461,	Nq(5) = 0.276447,	Nq(6) = 0.408137,	Nq(7) = 0.276447,	Nq(8) = 0.276447,	Nq(9) = 0.408137,	Nq(10) = 7.87833,	Nq(11) = 0.408137,	Nq(12) = 0.195461,	Nq(13) = 0.276447,	Nq(14) = 0.408137,	Nq(15) = 0.276447,	Sq(0) = -1.2417e-19,	Sq(1) = 0.171829,	Sq(2) = 0.251388,	Sq(3) = 0.171829,	Sq(4) = 0.171829,	Sq(5) = 0.251388,	Sq(6) = 0.354948,	Sq(7) = 0.251388,	Sq(8) = 0.251388,	Sq(9) = 0.354948,	Sq(10) = 0.433163,	Sq(11) = 0.354948,	Sq(12) = 0.171829,	Sq(13) = 0.251388,	Sq(14) = 0.354948,	Sq(15) = 0.251388,	N(0) = 1.94681,	N(1) = 1.84416,	N(2) = 1,	N(3) = 1.84416,	N(4) = 1.84416,	N(5) = 1,	N(6) = 0.155839,	N(7) = 1,	N(8) = 1,	N(9) = 0.155839,	N(10) = 0.0531938,	N(11) = 0.155839,	N(12) = 1.84416,	N(13) = 1,	N(14) = 0.155839,	N(15) = 1,	Delta[s](0) = 0.451265,	Delta[s](1) = 0.395395,	Delta[s](2) = 0.374395,	Delta[s](3) = 0.395395,	Delta[s](4) = 0.395395,	Delta[s](5) = 0.374395,	Delta[s](6) = 0.343956,	Delta[s](7) = 0.374395,	Delta[s](8) = 0.374395,	Delta[s](9) = 0.343956,	Delta[s](10) = 0.320662,	Delta[s](11) = 0.343956,	Delta[s](12) = 0.395395,	Delta[s](13) = 0.374395,	Delta[s](14) = 0.343956,	Delta[s](15) = 0.374395,	Delta[d](0) = 0.172549,	Delta[d](1) = 0.15724,	Delta[d](2) = 0.175584,	Delta[d](3) = 0.15724,	Delta[d](4) = 0.15724,	Delta[d](5) = 0.10979,	Delta[d](6) = 0.122291,	Delta[d](7) = 0.10979,	Delta[d](8) = 0.175584,	Delta[d](9) = 0.122291,	Delta[d](10) = 0.0469101,	Delta[d](11) = 0.122291,	Delta[d](12) = 0.15724,	Delta[d](13) = 0.10979,	Delta[d](14) = 0.122291,	Delta[d](15) = 0.10979,	Delta[s+](0) = 0.366314,	Delta[s+](1) = 0.278412,	Delta[s+](2) = 0.175584,	Delta[s+](3) = 0.278412,	Delta[s+](4) = 0.278412,	Delta[s+](5) = 0.175584,	Delta[s+](6) = 0.0741765,	Delta[s+](7) = 0.175584,	Delta[s+](8) = 0.175584,	Delta[s+](9) = 0.0741765,	Delta[s+](10) = 0.0279429,	Delta[s+](11) = 0.0741765,	Delta[s+](12) = 0.278412,	Delta[s+](13) = 0.175584,	Delta[s+](14) = 0.0741765,	Delta[s+](15) = 0.175584
The 10-th iteration is completed.	|| time cost : 0h 4m 23.776s
********************************************************************************************************************
Start the 11 rounds of NGS-ED iteration
	effective electronic model is modified as: kinetic energy t = 0.793663
	                                           effective interaction Vq = [-3.09999,-2.75025,-2.57825,-2.75025,-2.75025,-2.57825,-2.59251,-2.57825,-2.57825,-2.59251,-3.09581,-2.59251,-2.75025,-2.57825,-2.59251,-2.57825]
	PARPACK diagonalization completed after 30 matrix-vector product operations.
	iteration results: : total energy is -77.193066 | electron energy -77.477224 + phonon energy 0.284157 | electron momentum kIdx = 10
The 11-th iteration is completed.	|| time cost : 0h 0m 27.366s
********************************************************************************************************************
Start the 12 rounds of NGS-ED iteration
	effective electronic model is modified as: kinetic energy t = 0.793765
	                                           effective interaction Vq = [-3.09999,-2.74954,-2.57772,-2.74954,-2.74954,-2.57772,-2.59178,-2.57772,-2.57772,-2.59178,-3.09584,-2.59178,-2.74954,-2.57772,-2.59178,-2.57772]
	PARPACK diagonalization completed after 30 matrix-vector product operations.
	iteration results: : total energy is -77.193116 | electron energy -77.477034 + phonon energy 0.283917 | electron momentum kIdx = 10
The 12-th iteration is completed.	|| time cost : 0h 0m 27.305s
********************************************************************************************************************
Start the 13 rounds of NGS-ED iteration
	effective electronic model is modified as: kinetic energy t = 0.793837
	                                           effective interaction Vq = [-3.09999,-2.74906,-2.57736,-2.74906,-2.74906,-2.57736,-2.59128,-2.57736,-2.57736,-2.59128,-3.09585,-2.59128,-2.74906,-2.57736,-2.59128,-2.57736]
	PARPACK diagonalization completed after 30 matrix-vector product operations.
	iteration results: : total energy is -77.193135 | electron energy -77.476872 + phonon energy 0.283737 | electron momentum kIdx = 10
The 13-th iteration is completed.	|| time cost : 0h 0m 27.292s
********************************************************************************************************************
Start the 14 rounds of NGS-ED iteration
	effective electronic model is modified as: kinetic energy t = 0.793886
	                                           effective interaction Vq = [-3.09999,-2.74873,-2.57711,-2.74873,-2.74873,-2.57711,-2.59093,-2.57711,-2.57711,-2.59093,-3.09586,-2.59093,-2.74873,-2.57711,-2.59093,-2.57711]
	PARPACK diagonalization completed after 30 matrix-vector product operations.
	iteration results: : total energy is -77.193143 | electron energy -77.476749 + phonon energy 0.283606 | electron momentum kIdx = 10
The 14-th iteration is completed.	|| time cost : 0h 0m 27.293s
********************************************************************************************************************
Start the 15 rounds of NGS-ED iteration
	effective electronic model is modified as: kinetic energy t = 0.793921
	                                           effective interaction Vq = [-3.09999, -2.7485,-2.57693, -2.7485, -2.7485,-2.57693,-2.59069,-2.57693,-2.57693,-2.59069,-3.09587,-2.59069, -2.7485,-2.57693,-2.59069,-2.57693]
	PARPACK diagonalization completed after 30 matrix-vector product operations.
	iteration results: : total energy is -77.193145 | electron energy -77.476659 + phonon energy 0.283513 | electron momentum kIdx = 10
The 15-th iteration is completed.	|| time cost : 0h 0m 27.336s
********************************************************************************************************************
Start the 16 rounds of NGS-ED iteration
	effective electronic model is modified as: kinetic energy t = 0.793944
	                                           effective interaction Vq = [-3.09999,-2.74835,-2.57681,-2.74835,-2.74835,-2.57681,-2.59053,-2.57681,-2.57681,-2.59053,-3.09587,-2.59053,-2.74835,-2.57681,-2.59053,-2.57681]
	PARPACK diagonalization completed after 30 matrix-vector product operations.
	iteration results: : total energy is -77.193146 | electron energy -77.476594 + phonon energy 0.283448 | electron momentum kIdx = 10
The 16-th iteration is completed.	|| time cost : 0h 0m 27.309s
********************************************************************************************************************
Start the 17 rounds of NGS-ED iteration
	effective electronic model is modified as: kinetic energy t = 0.79396
	                                           effective interaction Vq = [-3.09999,-2.74824,-2.57673,-2.74824,-2.74824,-2.57673,-2.59042,-2.57673,-2.57673,-2.59042,-3.09587,-2.59042,-2.74824,-2.57673,-2.59042,-2.57673]
	PARPACK diagonalization completed after 30 matrix-vector product operations.
	iteration results: : total energy is -77.193147 | electron energy -77.476549 + phonon energy 0.283402 | electron momentum kIdx = 10
The 17-th iteration is completed.	|| time cost : 0h 0m 27.29s
********************************************************************************************************************
Start the 18 rounds of NGS-ED iteration
	effective electronic model is modified as: kinetic energy t = 0.793971
	                                           effective interaction Vq = [-3.09999,-2.74817,-2.57668,-2.74817,-2.74817,-2.57668,-2.59034,-2.57668,-2.57668,-2.59034,-3.09587,-2.59034,-2.74817,-2.57668,-2.59034,-2.57668]
	PARPACK diagonalization completed after 30 matrix-vector product operations.
	iteration results: : total energy is -77.193147 | electron energy -77.476518 + phonon energy 0.283371 | electron momentum kIdx = 10
The 18-th iteration is completed.	|| time cost : 0h 0m 27.311s
********************************************************************************************************************
Start the 19 rounds of NGS-ED iteration
	effective electronic model is modified as: kinetic energy t = 0.793979
	                                           effective interaction Vq = [-3.09999,-2.74812,-2.57664,-2.74812,-2.74812,-2.57664,-2.59029,-2.57664,-2.57664,-2.59029,-3.09587,-2.59029,-2.74812,-2.57664,-2.59029,-2.57664]
	PARPACK diagonalization completed after 30 matrix-vector product operations.
	iteration results: : total energy is -77.193147 | electron energy -77.476496 + phonon energy 0.283349 | electron momentum kIdx = 10
The 19-th iteration is completed.	|| time cost : 0h 0m 27.248s
********************************************************************************************************************
Start the 20 rounds of NGS-ED iteration
	effective electronic model is modified as: kinetic energy t = 0.793984
	                                           effective interaction Vq = [-3.09999,-2.74809,-2.57661,-2.74809,-2.74809,-2.57661,-2.59026,-2.57661,-2.57661,-2.59026,-3.09587,-2.59026,-2.74809,-2.57661,-2.59026,-2.57661]
	PARPACK diagonalization completed after 30 matrix-vector product operations.
	iteration results: : total energy is -77.193147 | electron energy -77.476481 + phonon energy 0.283334 | electron momentum kIdx = 10
	Nq(0) = 16,	Nq(1) = 0.19495,	Nq(2) = 0.276001,	Nq(3) = 0.19495,	Nq(4) = 0.19495,	Nq(5) = 0.276001,	Nq(6) = 0.407267,	Nq(7) = 0.276001,	Nq(8) = 0.276001,	Nq(9) = 0.407267,	Nq(10) = 7.89035,	Nq(11) = 0.407267,	Nq(12) = 0.19495,	Nq(13) = 0.276001,	Nq(14) = 0.407267,	Nq(15) = 0.276001,	Sq(0) = -1.87269e-18,	Sq(1) = 0.17158,	Sq(2) = 0.251164,	Sq(3) = 0.17158,	Sq(4) = 0.17158,	Sq(5) = 0.251164,	Sq(6) = 0.354646,	Sq(7) = 0.251164,	Sq(8) = 0.251164,	Sq(9) = 0.354646,	Sq(10) = 0.432882,	Sq(11) = 0.354646,	Sq(12) = 0.17158,	Sq(13) = 0.251164,	Sq(14) = 0.354646,	Sq(15) = 0.251164,	N(0) = 1.94664,	N(1) = 1.84361,	N(2) = 1,	N(3) = 1.84361,	N(4) = 1.84361,	N(5) = 1,	N(6) = 0.156389,	N(7) = 1,	N(8) = 1,	N(9) = 0.156389,	N(10) = 0.0533612,	N(11) = 0.156389,	N(12) = 1.84361,	N(13) = 1,	N(14) = 0.156389,	N(15) = 1,	Delta[s](0) = 0.451223,	Delta[s](1) = 0.39552,	Delta[s](2) = 0.374506,	Delta[s](3) = 0.39552,	Delta[s](4) = 0.39552,	Delta[s](5) = 0.374506,	Delta[s](6) = 0.34411,	Delta[s](7) = 0.374506,	Delta[s](8) = 0.374506,	Delta[s](9) = 0.34411,	Delta[s](10) = 0.320835,	Delta[s](11) = 0.34411,	Delta[s](12) = 0.39552,	Delta[s](13) = 0.374506,	Delta[s](14) = 0.34411,	Delta[s](15) = 0.374506,	Delta[d](0) = 0.172364,	Delta[d](1) = 0.157042,	Delta[d](2) = 0.175456,	Delta[d](3) = 0.157042,	Delta[d](4) = 0.157042,	Delta[d](5) = 0.109611,	Delta[d](6) = 0.122075,	Delta[d](7) = 0.109611,	Delta[d](8) = 0.175456,	Delta[d](9) = 0.122075,	Delta[d](10) = 0.0467381,	Delta[d](11) = 0.122075,	Delta[d](12) = 0.157042,	Delta[d](13) = 0.109611,	Delta[d](14) = 0.122075,	Delta[d](15) = 0.109611,	Delta[s+](0) = 0.366295,	Delta[s+](1) = 0.278311,	Delta[s+](2) = 0.175456,	Delta[s+](3) = 0.278311,	Delta[s+](4) = 0.278311,	Delta[s+](5) = 0.175456,	Delta[s+](6) = 0.0740403,	Delta[s+](7) = 0.175456,	Delta[s+](8) = 0.175456,	Delta[s+](9) = 0.0740403,	Delta[s+](10) = 0.0278495,	Delta[s+](11) = 0.0740403,	Delta[s+](12) = 0.278311,	Delta[s+](13) = 0.175456,	Delta[s+](14) = 0.0740403,	Delta[s+](15) = 0.175456
The 20-th iteration is completed.	|| time cost : 0h 4m 23.816s
********************************************************************************************************************
Start the 21 rounds of NGS-ED iteration
	effective electronic model is modified as: kinetic energy t = 0.793987
	                                           effective interaction Vq = [-3.09999,-2.74807, -2.5766,-2.74807,-2.74807, -2.5766,-2.59023, -2.5766, -2.5766,-2.59023,-3.09587,-2.59023,-2.74807, -2.5766,-2.59023, -2.5766]
	PARPACK diagonalization completed after 30 matrix-vector product operations.
	iteration results: : total energy is -77.193147 | electron energy -77.476471 + phonon energy 0.283324 | electron momentum kIdx = 10
The 21-th iteration is completed.	|| time cost : 0h 0m 27.364s
********************************************************************************************************************
Start the 22 rounds of NGS-ED iteration
	effective electronic model is modified as: kinetic energy t = 0.79399
	                                           effective interaction Vq = [-3.09999,-2.74805,-2.57658,-2.74805,-2.74805,-2.57658,-2.59022,-2.57658,-2.57658,-2.59022,-3.09587,-2.59022,-2.74805,-2.57658,-2.59022,-2.57658]
	PARPACK diagonalization completed after 30 matrix-vector product operations.
	iteration results: : total energy is -77.193147 | electron energy -77.476464 + phonon energy 0.283317 | electron momentum kIdx = 10
The 22-th iteration is completed.	|| time cost : 0h 0m 27.272s
********************************************************************************************************************
Start the 23 rounds of NGS-ED iteration
	effective electronic model is modified as: kinetic energy t = 0.793991
	                                           effective interaction Vq = [-3.09999,-2.74804,-2.57657,-2.74804,-2.74804,-2.57657, -2.5902,-2.57657,-2.57657, -2.5902,-3.09587, -2.5902,-2.74804,-2.57657, -2.5902,-2.57657]
	PARPACK diagonalization completed after 30 matrix-vector product operations.
	iteration results: : total energy is -77.193147 | electron energy -77.476459 + phonon energy 0.283312 | electron momentum kIdx = 10
The 23-th iteration is completed.	|| time cost : 0h 0m 27.252s
********************************************************************************************************************
Start the 24 rounds of NGS-ED iteration
	effective electronic model is modified as: kinetic energy t = 0.793993
	                                           effective interaction Vq = [-3.09999,-2.74803,-2.57657,-2.74803,-2.74803,-2.57657, -2.5902,-2.57657,-2.57657, -2.5902,-3.09587, -2.5902,-2.74803,-2.57657, -2.5902,-2.57657]
	PARPACK diagonalization completed after 30 matrix-vector product operations.
	iteration results: : total energy is -77.193147 | electron energy -77.476456 + phonon energy 0.283309 | electron momentum kIdx = 10
The 24-th iteration is completed.	|| time cost : 0h 0m 27.306s
