SNEDics v3.4 Non-Gaussian ED ground state program		Start at Tue Oct  1 14:47:09 2019

parallized on 16 MPI threads  * 8 OpenMP threads = 128 total threads.
********************************************************************************************************************
********************************************************************************************************************

********************************************************************************************************************
System parameters and configurations
********************************************************************************************************************
Special program options are enabled: splitted diagonal Hamiltonian
********************************************************************************************************************
Read input file "model_params.in"
	Hubbard-Holstein model parameters : 	t = 1    U = 6.27    g = 4.1833    W = 5    
********************************************************************************************************************
Read input file "hilbertspace_params.in"
	Requested 16-site 2D lattice, with 16 electrons (8, 8)
	Boundary : Periodic		Hilbert space representation : momentum-space (restricted to kIdx = 0)
	Conservation: particle number[U(1)]      spin[U(1)]     momentum
********************************************************************************************************************

Cluster Positions:				Cluster symmetry group : D4
 x ... x ... x ... x .....                       x ... x ... x ... x .....
 |           |           :                       |           |           :
 |           |           :                       |           |           :
12    13    14    15     x                       1     5     6     5     x
 |           |           :                       |           |           :
 |           |           :                       |           |           :
 8 --- 9 ---10 ---11 --- x                       2 --- 6 ---10 --- 6 --- x
 |           |           :                       |           |           :
 |           |           :                       |           |           :
 4     5     6     7     x                       1     5     6     5     x
 |           |           :                       |           |           :
 |           |           :                       |           |           :
 0 --- 1 --- 2 --- 3 --- x                       0 --- 1 --- 2 --- 1 --- x
orbital number : 1
********************************************************************************************************************
Read input file "obs_params.in"
	Observable Type : Nq(All),   Sq(All),   N(All),   Delta[s](All),   Delta[d](All),   Delta[s+](All)
********************************************************************************************************************
** WARNING ** the input observables have non-local factors which have been reinterpreted. The total observable number is 96
********************************************************************************************************************


********************************************************************************************************************
Start calculating the non-Gaussian ED ground state
** WARNING ** Detected low phonon energy W < 10. The initial state will be prepared through a warm-up process.
********************************************************************************************************************
Start warm-up calculation for scaling factor 2
open output files: NGSEDWarmUpW10Obs.txt
********************************************************************************************************************
Start the 0 rounds of NGS-ED iteration
	effective electronic model is modified as: kinetic energy t = 1
	                                           effective interaction Vq = [-0,-0,-0,-0,-0,-0,-0,-0,-0,-0,-0,-0,-0,-0,-0,-0]
	first Hamiltonian is constructed, non-zero numbers = 2845383612
	PARPACK diagonalization completed after 90 matrix-vector product operations.
	iteration results: : total energy is -10.221639 | electron energy -10.221639 + phonon energy 0.000000 | electron momentum kIdx = 0
	Nq(0) = 16,	Nq(1) = 0.092248,	Nq(2) = 0.15319,	Nq(3) = 0.092248,	Nq(4) = 0.092248,	Nq(5) = 0.15319,	Nq(6) = 0.208962,	Nq(7) = 0.15319,	Nq(8) = 0.15319,	Nq(9) = 0.208962,	Nq(10) = 0.260512,	Nq(11) = 0.208962,	Nq(12) = 0.092248,	Nq(13) = 0.15319,	Nq(14) = 0.208962,	Nq(15) = 0.15319,	Sq(0) = 6.84733e-19,	Sq(1) = 0.422644,	Sq(2) = 0.635567,	Sq(3) = 0.422644,	Sq(4) = 0.422644,	Sq(5) = 0.635567,	Sq(6) = 0.885423,	Sq(7) = 0.635567,	Sq(8) = 0.635567,	Sq(9) = 0.885423,	Sq(10) = 4.56984,	Sq(11) = 0.885423,	Sq(12) = 0.422644,	Sq(13) = 0.635567,	Sq(14) = 0.885423,	Sq(15) = 0.635567,	N(0) = 1.84644,	N(1) = 1.68284,	N(2) = 1,	N(3) = 1.68284,	N(4) = 1.68284,	N(5) = 1,	N(6) = 0.317157,	N(7) = 1,	N(8) = 1,	N(9) = 0.317157,	N(10) = 0.153556,	N(11) = 0.317157,	N(12) = 1.68284,	N(13) = 1,	N(14) = 0.317157,	N(15) = 1,	Delta[s](0) = 0.114995,	Delta[s](1) = 0.0962638,	Delta[s](2) = 0.0760125,	Delta[s](3) = 0.0962638,	Delta[s](4) = 0.0962638,	Delta[s](5) = 0.0760125,	Delta[s](6) = 0.0538949,	Delta[s](7) = 0.0760125,	Delta[s](8) = 0.0760125,	Delta[s](9) = 0.0538949,	Delta[s](10) = 0.0205434,	Delta[s](11) = 0.0538949,	Delta[s](12) = 0.0962638,	Delta[s](13) = 0.0760125,	Delta[s](14) = 0.0538949,	Delta[s](15) = 0.0760125,	Delta[d](0) = 0.575316,	Delta[d](1) = 0.428568,	Delta[d](2) = 0.330496,	Delta[d](3) = 0.428568,	Delta[d](4) = 0.428568,	Delta[d](5) = 0.339176,	Delta[d](6) = 0.239822,	Delta[d](7) = 0.339176,	Delta[d](8) = 0.330496,	Delta[d](9) = 0.239822,	Delta[d](10) = 0.118599,	Delta[d](11) = 0.239822,	Delta[d](12) = 0.428568,	Delta[d](13) = 0.339176,	Delta[d](14) = 0.239822,	Delta[d](15) = 0.339176,	Delta[s+](0) = 0.608994,	Delta[s+](1) = 0.481386,	Delta[s+](2) = 0.330496,	Delta[s+](3) = 0.481386,	Delta[s+](4) = 0.481386,	Delta[s+](5) = 0.330496,	Delta[s+](6) = 0.183866,	Delta[s+](7) = 0.330496,	Delta[s+](8) = 0.330496,	Delta[s+](9) = 0.183866,	Delta[s+](10) = 0.0609068,	Delta[s+](11) = 0.183866,	Delta[s+](12) = 0.481386,	Delta[s+](13) = 0.330496,	Delta[s+](14) = 0.183866,	Delta[s+](15) = 0.330496
The 0-th iteration is completed.	|| time cost : 0h 8m 41.397s
********************************************************************************************************************
Start the 1 rounds of NGS-ED iteration
	effective electronic model is modified as: kinetic energy t = 0.922926
	                                           effective interaction Vq = [-3.02633,-2.64544,-2.57302,-2.64544,-2.64544,-2.57302,-2.53231,-2.57302,-2.57302,-2.53231,-2.50208,-2.53231,-2.64544,-2.57302,-2.53231,-2.57302]
	PARPACK diagonalization completed after 60 matrix-vector product operations.
	iteration results: : total energy is -66.979887 | electron energy -66.984208 + phonon energy 0.004321 | electron momentum kIdx = 0
The 1-th iteration is completed.	|| time cost : 0h 7m 45.291s
********************************************************************************************************************
Start the 2 rounds of NGS-ED iteration
	effective electronic model is modified as: kinetic energy t = 0.85859
	                                           effective interaction Vq = [ -3.4359,-3.24377,-3.11552,-3.24377,-3.24377,-3.11552,-3.11109,-3.11552,-3.11552,-3.11109,-3.04824,-3.11109,-3.24377,-3.11552,-3.11109,-3.11552]
	PARPACK diagonalization completed after 60 matrix-vector product operations.
	iteration results: : total energy is -75.544751 | electron energy -75.590861 + phonon energy 0.046110 | electron momentum kIdx = 0
The 2-th iteration is completed.	|| time cost : 0h 0m 36.687s
********************************************************************************************************************
Start the 3 rounds of NGS-ED iteration
	effective electronic model is modified as: kinetic energy t = 0.830349
	                                           effective interaction Vq = [-3.49132,-3.39125,-3.25187,-3.39125,-3.39125,-3.25187,-3.27922,-3.25187,-3.25187,-3.27922,-3.19331,-3.27922,-3.39125,-3.25187,-3.27922,-3.25187]
	PARPACK diagonalization completed after 75 matrix-vector product operations.
	iteration results: : total energy is -77.024231 | electron energy -77.111090 + phonon energy 0.086859 | electron momentum kIdx = 0
The 3-th iteration is completed.	|| time cost : 0h 0m 41.494s
********************************************************************************************************************
Start the 4 rounds of NGS-ED iteration
	effective electronic model is modified as: kinetic energy t = 0.807149
	                                           effective interaction Vq = [-3.49883,-3.43032,-3.39001,-3.43032,-3.43032,-3.39001,-3.33219,-3.39001,-3.39001,-3.33219,-3.31571,-3.33219,-3.43032,-3.39001,-3.33219,-3.39001]
	PARPACK diagonalization completed after 60 matrix-vector product operations.
	iteration results: : total energy is -77.477058 | electron energy -77.592312 + phonon energy 0.115254 | electron momentum kIdx = 0
The 4-th iteration is completed.	|| time cost : 0h 0m 36.873s
********************************************************************************************************************
Start the 5 rounds of NGS-ED iteration
	effective electronic model is modified as: kinetic energy t = 0.798922
	                                           effective interaction Vq = [-3.49984,-3.44063,-3.42633,-3.44063,-3.44063,-3.42633, -3.3473,-3.42633,-3.42633, -3.3473,-3.35533, -3.3473,-3.44063,-3.42633, -3.3473,-3.42633]
	PARPACK diagonalization completed after 45 matrix-vector product operations.
	iteration results: : total energy is -77.537349 | electron energy -77.668284 + phonon energy 0.130935 | electron momentum kIdx = 0
The 5-th iteration is completed.	|| time cost : 0h 0m 31.99s
********************************************************************************************************************
Start the 6 rounds of NGS-ED iteration
	effective electronic model is modified as: kinetic energy t = 0.796038
	                                           effective interaction Vq = [-3.49998, -3.4437,-3.43739, -3.4437, -3.4437,-3.43739,-3.35204,-3.43739,-3.43739,-3.35204, -3.3696,-3.35204, -3.4437,-3.43739,-3.35204,-3.43739]
	PARPACK diagonalization completed after 45 matrix-vector product operations.
	iteration results: : total energy is -77.545122 | electron energy -77.682470 + phonon energy 0.137349 | electron momentum kIdx = 0
The 6-th iteration is completed.	|| time cost : 0h 0m 32.055s
********************************************************************************************************************
Start the 7 rounds of NGS-ED iteration
	effective electronic model is modified as: kinetic energy t = 0.795029
	                                           effective interaction Vq = [    -3.5,-3.44466,-3.44102,-3.44466,-3.44466,-3.44102,-3.35358,-3.44102,-3.44102,-3.35358,-3.37502,-3.35358,-3.44466,-3.44102,-3.35358,-3.44102]
	PARPACK diagonalization completed after 30 matrix-vector product operations.
	iteration results: : total energy is -77.546115 | electron energy -77.685855 + phonon energy 0.139740 | electron momentum kIdx = 0
The 7-th iteration is completed.	|| time cost : 0h 0m 27.498s
********************************************************************************************************************
Start the 8 rounds of NGS-ED iteration
	effective electronic model is modified as: kinetic energy t = 0.794676
	                                           effective interaction Vq = [    -3.5,-3.44496,-3.44225,-3.44496,-3.44496,-3.44225,-3.35408,-3.44225,-3.44225,-3.35408,-3.37715,-3.35408,-3.44496,-3.44225,-3.35408,-3.44225]
	PARPACK diagonalization completed after 30 matrix-vector product operations.
	iteration results: : total energy is -77.546243 | electron energy -77.686848 + phonon energy 0.140605 | electron momentum kIdx = 0
The 8-th iteration is completed.	|| time cost : 0h 0m 27.322s
********************************************************************************************************************
Start the 9 rounds of NGS-ED iteration
	effective electronic model is modified as: kinetic energy t = 0.794552
	                                           effective interaction Vq = [    -3.5,-3.44506,-3.44267,-3.44506,-3.44506,-3.44267,-3.35425,-3.44267,-3.44267,-3.35425,  -3.378,-3.35425,-3.44506,-3.44267,-3.35425,-3.44267]
	PARPACK diagonalization completed after 30 matrix-vector product operations.
	iteration results: : total energy is -77.546259 | electron energy -77.687176 + phonon energy 0.140916 | electron momentum kIdx = 0
	Nq(0) = 16,	Nq(1) = 0.401803,	Nq(2) = 0.763325,	Nq(3) = 0.401803,	Nq(4) = 0.401803,	Nq(5) = 0.763325,	Nq(6) = 0.645341,	Nq(7) = 0.763325,	Nq(8) = 0.763325,	Nq(9) = 0.645341,	Nq(10) = 0.938183,	Nq(11) = 0.645341,	Nq(12) = 0.401803,	Nq(13) = 0.763325,	Nq(14) = 0.645341,	Nq(15) = 0.763325,	Sq(0) = 3.55092e-18,	Sq(1) = 0.329231,	Sq(2) = 0.357741,	Sq(3) = 0.329231,	Sq(4) = 0.329231,	Sq(5) = 0.357741,	Sq(6) = 0.559507,	Sq(7) = 0.357741,	Sq(8) = 0.357741,	Sq(9) = 0.559507,	Sq(10) = 0.591895,	Sq(11) = 0.559507,	Sq(12) = 0.329231,	Sq(13) = 0.357741,	Sq(14) = 0.559507,	Sq(15) = 0.357741,	N(0) = 1.99798,	N(1) = 1.99445,	N(2) = 1,	N(3) = 1.99445,	N(4) = 1.99445,	N(5) = 1,	N(6) = 0.00555459,	N(7) = 1,	N(8) = 1,	N(9) = 0.00555459,	N(10) = 0.00201525,	N(11) = 0.00555459,	N(12) = 1.99445,	N(13) = 1,	N(14) = 0.00555459,	N(15) = 1,	Delta[s](0) = 0.640149,	Delta[s](1) = 0.314841,	Delta[s](2) = 0.278554,	Delta[s](3) = 0.314841,	Delta[s](4) = 0.314841,	Delta[s](5) = 0.278554,	Delta[s](6) = 0.259053,	Delta[s](7) = 0.278554,	Delta[s](8) = 0.278554,	Delta[s](9) = 0.259053,	Delta[s](10) = 0.246304,	Delta[s](11) = 0.259053,	Delta[s](12) = 0.314841,	Delta[s](13) = 0.278554,	Delta[s](14) = 0.259053,	Delta[s](15) = 0.278554,	Delta[d](0) = 0.338128,	Delta[d](1) = 0.284705,	Delta[d](2) = 0.260034,	Delta[d](3) = 0.284705,	Delta[d](4) = 0.284705,	Delta[d](5) = 0.255459,	Delta[d](6) = 0.242673,	Delta[d](7) = 0.255459,	Delta[d](8) = 0.260034,	Delta[d](9) = 0.242673,	Delta[d](10) = 0.17288,	Delta[d](11) = 0.242673,	Delta[d](12) = 0.284705,	Delta[d](13) = 0.255459,	Delta[d](14) = 0.242673,	Delta[d](15) = 0.255459,	Delta[s+](0) = 0.464291,	Delta[s+](1) = 0.382422,	Delta[s+](2) = 0.260034,	Delta[s+](3) = 0.382422,	Delta[s+](4) = 0.382422,	Delta[s+](5) = 0.260034,	Delta[s+](6) = 0.13343,	Delta[s+](7) = 0.260034,	Delta[s+](8) = 0.260034,	Delta[s+](9) = 0.13343,	Delta[s+](10) = 0.049228,	Delta[s+](11) = 0.13343,	Delta[s+](12) = 0.382422,	Delta[s+](13) = 0.260034,	Delta[s+](14) = 0.13343,	Delta[s+](15) = 0.260034
The 9-th iteration is completed.	|| time cost : 0h 4m 26.261s
********************************************************************************************************************
********************************************************************************************************************
Ground state is obtained after 10 iterations. The current ground-state energy is -77.5463, in which electron energy is -77.6872 and phonon energy is 0.140916
final variational state is: 
	Gamma_x = [      1,1.03129,1.06129,1.03129,1.03129,1.06129,1.07604,1.06129,1.06129,1.07604,1.10446,1.07604,1.03129,1.06129,1.07604,1.06129]
	lambda_q = [0.591581,0.517504,0.515985,0.517504,0.517504,0.515985,0.470901,0.515985,0.515985,0.470901,0.481307,0.470901,0.517504,0.515985,0.470901,0.515985]
********************************************************************************************************************
o___o  ----------------------------------------
| L |	Time since last clock: 0h 0m 0s
A===A	Time since the beginning: 0h 24m 46.873s
***********************************************


********************************************************************************************************************
Warm up runs have been completed. Start calculating W = 5 phonon.
open output files: NGSEDIterationObs.txt
********************************************************************************************************************
Start the 0 rounds of NGS-ED iteration
	effective electronic model is modified as: kinetic energy t = 0.794508
	                                           effective interaction Vq = [-3.19968, -2.9907,-2.98584, -2.9907, -2.9907,-2.98584, -2.8311,-2.98584,-2.98584, -2.8311,-2.86862, -2.8311, -2.9907,-2.98584, -2.8311,-2.98584]
	PARPACK diagonalization completed after 75 matrix-vector product operations.
	iteration results: : total energy is -68.778977 | electron energy -68.849491 + phonon energy 0.070514 | electron momentum kIdx = 0
	Nq(0) = 16,	Nq(1) = 0.3425,	Nq(2) = 0.36732,	Nq(3) = 0.3425,	Nq(4) = 0.3425,	Nq(5) = 0.36732,	Nq(6) = 0.550556,	Nq(7) = 0.36732,	Nq(8) = 0.36732,	Nq(9) = 0.550556,	Nq(10) = 0.589271,	Nq(11) = 0.550556,	Nq(12) = 0.3425,	Nq(13) = 0.36732,	Nq(14) = 0.550556,	Nq(15) = 0.36732,	Sq(0) = -3.48061e-18,	Sq(1) = 0.390087,	Sq(2) = 0.5622,	Sq(3) = 0.390087,	Sq(4) = 0.390087,	Sq(5) = 0.5622,	Sq(6) = 0.653791,	Sq(7) = 0.5622,	Sq(8) = 0.5622,	Sq(9) = 0.653791,	Sq(10) = 2.08587,	Sq(11) = 0.653791,	Sq(12) = 0.390087,	Sq(13) = 0.5622,	Sq(14) = 0.653791,	Sq(15) = 0.5622,	N(0) = 1.99842,	N(1) = 1.99599,	N(2) = 1,	N(3) = 1.99599,	N(4) = 1.99599,	N(5) = 1,	N(6) = 0.00400634,	N(7) = 1,	N(8) = 1,	N(9) = 0.00400634,	N(10) = 0.0015764,	N(11) = 0.00400634,	N(12) = 1.99599,	N(13) = 1,	N(14) = 0.00400634,	N(15) = 1,	Delta[s](0) = 0.238302,	Delta[s](1) = 0.23027,	Delta[s](2) = 0.192654,	Delta[s](3) = 0.23027,	Delta[s](4) = 0.23027,	Delta[s](5) = 0.192654,	Delta[s](6) = 0.185486,	Delta[s](7) = 0.192654,	Delta[s](8) = 0.192654,	Delta[s](9) = 0.185486,	Delta[s](10) = 0.125462,	Delta[s](11) = 0.185486,	Delta[s](12) = 0.23027,	Delta[s](13) = 0.192654,	Delta[s](14) = 0.185486,	Delta[s](15) = 0.192654,	Delta[d](0) = 0.543008,	Delta[d](1) = 0.33627,	Delta[d](2) = 0.292244,	Delta[d](3) = 0.33627,	Delta[d](4) = 0.33627,	Delta[d](5) = 0.338215,	Delta[d](6) = 0.25816,	Delta[d](7) = 0.338215,	Delta[d](8) = 0.292244,	Delta[d](9) = 0.25816,	Delta[d](10) = 0.137761,	Delta[d](11) = 0.25816,	Delta[d](12) = 0.33627,	Delta[d](13) = 0.338215,	Delta[d](14) = 0.25816,	Delta[d](15) = 0.338215,	Delta[s+](0) = 0.525143,	Delta[s+](1) = 0.432049,	Delta[s+](2) = 0.292244,	Delta[s+](3) = 0.432049,	Delta[s+](4) = 0.432049,	Delta[s+](5) = 0.292244,	Delta[s+](6) = 0.153523,	Delta[s+](7) = 0.292244,	Delta[s+](8) = 0.292244,	Delta[s+](9) = 0.153523,	Delta[s+](10) = 0.0531206,	Delta[s+](11) = 0.153523,	Delta[s+](12) = 0.432049,	Delta[s+](13) = 0.292244,	Delta[s+](14) = 0.153523,	Delta[s+](15) = 0.292244
The 0-th iteration is completed.	|| time cost : 0h 4m 39.677s
********************************************************************************************************************
Start the 1 rounds of NGS-ED iteration
	effective electronic model is modified as: kinetic energy t = 0.785285
	                                           effective interaction Vq = [-3.38952,-3.15383,-3.00392,-3.15383,-3.15383,-3.00392,-2.95135,-3.00392,-3.00392,-2.95135,-2.89424,-2.95135,-3.15383,-3.00392,-2.95135,-3.00392]
	PARPACK diagonalization completed after 45 matrix-vector product operations.
	iteration results: : total energy is -72.033549 | electron energy -72.226367 + phonon energy 0.192818 | electron momentum kIdx = 0
The 1-th iteration is completed.	|| time cost : 0h 0m 32.255s
********************************************************************************************************************
Start the 2 rounds of NGS-ED iteration
	effective electronic model is modified as: kinetic energy t = 0.775737
	                                           effective interaction Vq = [-3.45936,-3.24354,-3.02325,-3.24354,-3.24354,-3.02325,-3.03206,-3.02325,-3.02325,-3.03206, -2.9249,-3.03206,-3.24354,-3.02325,-3.03206,-3.02325]
	PARPACK diagonalization completed after 45 matrix-vector product operations.
	iteration results: : total energy is -73.239083 | electron energy -73.504655 + phonon energy 0.265572 | electron momentum kIdx = 0
The 2-th iteration is completed.	|| time cost : 0h 0m 32.121s
********************************************************************************************************************
Start the 3 rounds of NGS-ED iteration
	effective electronic model is modified as: kinetic energy t = 0.76841
	                                           effective interaction Vq = [-3.48505,-3.29474, -3.0377,-3.29474,-3.29474, -3.0377,-3.08451, -3.0377, -3.0377,-3.08451, -2.9475,-3.08451,-3.29474, -3.0377,-3.08451, -3.0377]
	PARPACK diagonalization completed after 60 matrix-vector product operations.
	iteration results: : total energy is -73.688624 | electron energy -73.995831 + phonon energy 0.307208 | electron momentum kIdx = 0
The 3-th iteration is completed.	|| time cost : 0h 0m 36.818s
********************************************************************************************************************
Start the 4 rounds of NGS-ED iteration
	effective electronic model is modified as: kinetic energy t = 0.763285
	                                           effective interaction Vq = [ -3.4945,-3.32482,-3.04747,-3.32482,-3.32482,-3.04747,-3.11841,-3.04747,-3.04747,-3.11841,-2.96234,-3.11841,-3.32482,-3.04747,-3.11841,-3.04747]
	PARPACK diagonalization completed after 60 matrix-vector product operations.
	iteration results: : total energy is -73.856617 | electron energy -74.188921 + phonon energy 0.332304 | electron momentum kIdx = 0
The 4-th iteration is completed.	|| time cost : 0h 0m 36.851s
********************************************************************************************************************
Start the 5 rounds of NGS-ED iteration
	effective electronic model is modified as: kinetic energy t = 0.759837
	                                           effective interaction Vq = [-3.49798,-3.34289,-3.05382,-3.34289,-3.34289,-3.05382,-3.14039,-3.05382,-3.05382,-3.14039,-2.97173,-3.14039,-3.34289,-3.05382,-3.14039,-3.05382]
	PARPACK diagonalization completed after 60 matrix-vector product operations.
	iteration results: : total energy is -73.919476 | electron energy -74.267542 + phonon energy 0.348066 | electron momentum kIdx = 0
The 5-th iteration is completed.	|| time cost : 0h 0m 36.809s
********************************************************************************************************************
Start the 6 rounds of NGS-ED iteration
	effective electronic model is modified as: kinetic energy t = 0.757559
	                                           effective interaction Vq = [-3.49926,-3.35393, -3.0579,-3.35393,-3.35393, -3.0579,-3.15468, -3.0579, -3.0579,-3.15468,-2.97759,-3.15468,-3.35393, -3.0579,-3.15468, -3.0579]
	PARPACK diagonalization completed after 60 matrix-vector product operations.
	iteration results: : total energy is -73.943027 | electron energy -74.301212 + phonon energy 0.358185 | electron momentum kIdx = 0
The 6-th iteration is completed.	|| time cost : 0h 0m 36.808s
********************************************************************************************************************
Start the 7 rounds of NGS-ED iteration
	effective electronic model is modified as: kinetic energy t = 0.756069
	                                           effective interaction Vq = [-3.49973,-3.36077, -3.0605,-3.36077,-3.36077, -3.0605,-3.16401, -3.0605, -3.0605,-3.16401,-2.98123,-3.16401,-3.36077, -3.0605,-3.16401, -3.0605]
	PARPACK diagonalization completed after 60 matrix-vector product operations.
	iteration results: : total energy is -73.951865 | electron energy -74.316612 + phonon energy 0.364747 | electron momentum kIdx = 0
The 7-th iteration is completed.	|| time cost : 0h 0m 36.799s
********************************************************************************************************************
Start the 8 rounds of NGS-ED iteration
	effective electronic model is modified as: kinetic energy t = 0.755099
	                                           effective interaction Vq = [ -3.4999,-3.36504,-3.06215,-3.36504,-3.36504,-3.06215,-3.17011,-3.06215,-3.06215,-3.17011,-2.98349,-3.17011,-3.36504,-3.06215,-3.17011,-3.06215]
	PARPACK diagonalization completed after 45 matrix-vector product operations.
	iteration results: : total energy is -73.955188 | electron energy -74.324206 + phonon energy 0.369018 | electron momentum kIdx = 0
The 8-th iteration is completed.	|| time cost : 0h 0m 32.095s
********************************************************************************************************************
Start the 9 rounds of NGS-ED iteration
	effective electronic model is modified as: kinetic energy t = 0.754469
	                                           effective interaction Vq = [-3.49996,-3.36772, -3.0632,-3.36772,-3.36772, -3.0632,-3.17411, -3.0632, -3.0632,-3.17411,-2.98489,-3.17411,-3.36772, -3.0632,-3.17411, -3.0632]
	PARPACK diagonalization completed after 60 matrix-vector product operations.
	iteration results: : total energy is -73.956440 | electron energy -74.328241 + phonon energy 0.371801 | electron momentum kIdx = 0
The 9-th iteration is completed.	|| time cost : 0h 0m 36.815s
********************************************************************************************************************
Start the 10 rounds of NGS-ED iteration
	effective electronic model is modified as: kinetic energy t = 0.754061
	                                           effective interaction Vq = [-3.49999,-3.36941,-3.06387,-3.36941,-3.36941,-3.06387,-3.17673,-3.06387,-3.06387,-3.17673,-2.98576,-3.17673,-3.36941,-3.06387,-3.17673,-3.06387]
	PARPACK diagonalization completed after 45 matrix-vector product operations.
	iteration results: : total energy is -73.956913 | electron energy -74.330528 + phonon energy 0.373615 | electron momentum kIdx = 0
	Nq(0) = 16,	Nq(1) = 0.433854,	Nq(2) = 0.368386,	Nq(3) = 0.433854,	Nq(4) = 0.433854,	Nq(5) = 0.368386,	Nq(6) = 0.646326,	Nq(7) = 0.368386,	Nq(8) = 0.368386,	Nq(9) = 0.646326,	Nq(10) = 0.597706,	Nq(11) = 0.646326,	Nq(12) = 0.433854,	Nq(13) = 0.368386,	Nq(14) = 0.646326,	Nq(15) = 0.368386,	Sq(0) = -1.1266e-17,	Sq(1) = 0.365687,	Sq(2) = 0.534105,	Sq(3) = 0.365687,	Sq(4) = 0.365687,	Sq(5) = 0.534105,	Sq(6) = 0.611691,	Sq(7) = 0.534105,	Sq(8) = 0.534105,	Sq(9) = 0.611691,	Sq(10) = 1.75712,	Sq(11) = 0.611691,	Sq(12) = 0.365687,	Sq(13) = 0.534105,	Sq(14) = 0.611691,	Sq(15) = 0.534105,	N(0) = 1.99973,	N(1) = 1.99724,	N(2) = 1,	N(3) = 1.99724,	N(4) = 1.99724,	N(5) = 1,	N(6) = 0.00276479,	N(7) = 1,	N(8) = 1,	N(9) = 0.00276479,	N(10) = 0.000266249,	N(11) = 0.00276479,	N(12) = 1.99724,	N(13) = 1,	N(14) = 0.00276479,	N(15) = 1,	Delta[s](0) = 0.25378,	Delta[s](1) = 0.254047,	Delta[s](2) = 0.213955,	Delta[s](3) = 0.254047,	Delta[s](4) = 0.254047,	Delta[s](5) = 0.213955,	Delta[s](6) = 0.213733,	Delta[s](7) = 0.213955,	Delta[s](8) = 0.213955,	Delta[s](9) = 0.213733,	Delta[s](10) = 0.15574,	Delta[s](11) = 0.213733,	Delta[s](12) = 0.254047,	Delta[s](13) = 0.213955,	Delta[s](14) = 0.213733,	Delta[s](15) = 0.213955,	Delta[d](0) = 0.563628,	Delta[d](1) = 0.348621,	Delta[d](2) = 0.30904,	Delta[d](3) = 0.348621,	Delta[d](4) = 0.348621,	Delta[d](5) = 0.357542,	Delta[d](6) = 0.278985,	Delta[d](7) = 0.357542,	Delta[d](8) = 0.30904,	Delta[d](9) = 0.278985,	Delta[d](10) = 0.163227,	Delta[d](11) = 0.278985,	Delta[d](12) = 0.348621,	Delta[d](13) = 0.357542,	Delta[d](14) = 0.278985,	Delta[d](15) = 0.357542,	Delta[s+](0) = 0.53956,	Delta[s+](1) = 0.445167,	Delta[s+](2) = 0.30904,	Delta[s+](3) = 0.445167,	Delta[s+](4) = 0.445167,	Delta[s+](5) = 0.30904,	Delta[s+](6) = 0.167693,	Delta[s+](7) = 0.30904,	Delta[s+](8) = 0.30904,	Delta[s+](9) = 0.167693,	Delta[s+](10) = 0.0681161,	Delta[s+](11) = 0.167693,	Delta[s+](12) = 0.445167,	Delta[s+](13) = 0.30904,	Delta[s+](14) = 0.167693,	Delta[s+](15) = 0.30904
The 10-th iteration is completed.	|| time cost : 0h 4m 27.297s
********************************************************************************************************************
Start the 11 rounds of NGS-ED iteration
	effective electronic model is modified as: kinetic energy t = 0.753796
	                                           effective interaction Vq = [-3.49999,-3.37048,-3.06429,-3.37048,-3.37048,-3.06429,-3.17845,-3.06429,-3.06429,-3.17845, -2.9863,-3.17845,-3.37048,-3.06429,-3.17845,-3.06429]
	PARPACK diagonalization completed after 45 matrix-vector product operations.
	iteration results: : total energy is -73.957092 | electron energy -74.331889 + phonon energy 0.374796 | electron momentum kIdx = 0
The 11-th iteration is completed.	|| time cost : 0h 0m 32.027s
********************************************************************************************************************
Start the 12 rounds of NGS-ED iteration
	effective electronic model is modified as: kinetic energy t = 0.753625
	                                           effective interaction Vq = [    -3.5,-3.37116,-3.06456,-3.37116,-3.37116,-3.06456,-3.17958,-3.06456,-3.06456,-3.17958,-2.98663,-3.17958,-3.37116,-3.06456,-3.17958,-3.06456]
	PARPACK diagonalization completed after 30 matrix-vector product operations.
	iteration results: : total energy is -73.957161 | electron energy -74.332726 + phonon energy 0.375566 | electron momentum kIdx = 0
The 12-th iteration is completed.	|| time cost : 0h 0m 27.348s
********************************************************************************************************************
Start the 13 rounds of NGS-ED iteration
	effective electronic model is modified as: kinetic energy t = 0.753514
	                                           effective interaction Vq = [    -3.5,-3.37159,-3.06473,-3.37159,-3.37159,-3.06473,-3.18032,-3.06473,-3.06473,-3.18032,-2.98684,-3.18032,-3.37159,-3.06473,-3.18032,-3.06473]
	PARPACK diagonalization completed after 45 matrix-vector product operations.
	iteration results: : total energy is -73.957187 | electron energy -74.333253 + phonon energy 0.376067 | electron momentum kIdx = 0
The 13-th iteration is completed.	|| time cost : 0h 0m 32.096s
********************************************************************************************************************
Start the 14 rounds of NGS-ED iteration
	effective electronic model is modified as: kinetic energy t = 0.753442
	                                           effective interaction Vq = [    -3.5,-3.37186,-3.06483,-3.37186,-3.37186,-3.06483,-3.18081,-3.06483,-3.06483,-3.18081,-2.98697,-3.18081,-3.37186,-3.06483,-3.18081,-3.06483]
	PARPACK diagonalization completed after 30 matrix-vector product operations.
	iteration results: : total energy is -73.957197 | electron energy -74.333589 + phonon energy 0.376393 | electron momentum kIdx = 0
The 14-th iteration is completed.	|| time cost : 0h 0m 27.329s
********************************************************************************************************************
Start the 15 rounds of NGS-ED iteration
	effective electronic model is modified as: kinetic energy t = 0.753395
	                                           effective interaction Vq = [    -3.5,-3.37204, -3.0649,-3.37204,-3.37204, -3.0649,-3.18113, -3.0649, -3.0649,-3.18113,-2.98706,-3.18113,-3.37204, -3.0649,-3.18113, -3.0649]
	PARPACK diagonalization completed after 30 matrix-vector product operations.
	iteration results: : total energy is -73.957200 | electron energy -74.333805 + phonon energy 0.376605 | electron momentum kIdx = 0
The 15-th iteration is completed.	|| time cost : 0h 0m 27.382s
********************************************************************************************************************
Start the 16 rounds of NGS-ED iteration
	effective electronic model is modified as: kinetic energy t = 0.753365
	                                           effective interaction Vq = [    -3.5,-3.37215,-3.06495,-3.37215,-3.37215,-3.06495,-3.18133,-3.06495,-3.06495,-3.18133,-2.98711,-3.18133,-3.37215,-3.06495,-3.18133,-3.06495]
	PARPACK diagonalization completed after 30 matrix-vector product operations.
	iteration results: : total energy is -73.957202 | electron energy -74.333945 + phonon energy 0.376743 | electron momentum kIdx = 0
The 16-th iteration is completed.	|| time cost : 0h 0m 27.421s
********************************************************************************************************************
Start the 17 rounds of NGS-ED iteration
	effective electronic model is modified as: kinetic energy t = 0.753345
	                                           effective interaction Vq = [    -3.5,-3.37222,-3.06497,-3.37222,-3.37222,-3.06497,-3.18147,-3.06497,-3.06497,-3.18147,-2.98714,-3.18147,-3.37222,-3.06497,-3.18147,-3.06497]
	PARPACK diagonalization completed after 30 matrix-vector product operations.
	iteration results: : total energy is -73.957203 | electron energy -74.334035 + phonon energy 0.376833 | electron momentum kIdx = 0
The 17-th iteration is completed.	|| time cost : 0h 0m 27.418s
********************************************************************************************************************
Start the 18 rounds of NGS-ED iteration
	effective electronic model is modified as: kinetic energy t = 0.753332
	                                           effective interaction Vq = [    -3.5,-3.37227,-3.06499,-3.37227,-3.37227,-3.06499,-3.18156,-3.06499,-3.06499,-3.18156,-2.98716,-3.18156,-3.37227,-3.06499,-3.18156,-3.06499]
	PARPACK diagonalization completed after 30 matrix-vector product operations.
	iteration results: : total energy is -73.957203 | electron energy -74.334094 + phonon energy 0.376891 | electron momentum kIdx = 0
The 18-th iteration is completed.	|| time cost : 0h 0m 27.495s
********************************************************************************************************************
Start the 19 rounds of NGS-ED iteration
	effective electronic model is modified as: kinetic energy t = 0.753324
	                                           effective interaction Vq = [    -3.5, -3.3723,  -3.065, -3.3723, -3.3723,  -3.065,-3.18162,  -3.065,  -3.065,-3.18162,-2.98717,-3.18162, -3.3723,  -3.065,-3.18162,  -3.065]
	PARPACK diagonalization completed after 30 matrix-vector product operations.
	iteration results: : total energy is -73.957203 | electron energy -74.334132 + phonon energy 0.376930 | electron momentum kIdx = 0
The 19-th iteration is completed.	|| time cost : 0h 0m 27.363s
********************************************************************************************************************
Start the 20 rounds of NGS-ED iteration
	effective electronic model is modified as: kinetic energy t = 0.753319
	                                           effective interaction Vq = [    -3.5,-3.37232,-3.06501,-3.37232,-3.37232,-3.06501,-3.18166,-3.06501,-3.06501,-3.18166,-2.98718,-3.18166,-3.37232,-3.06501,-3.18166,-3.06501]
	PARPACK diagonalization completed after 30 matrix-vector product operations.
	iteration results: : total energy is -73.957203 | electron energy -74.334157 + phonon energy 0.376954 | electron momentum kIdx = 0
	Nq(0) = 16,	Nq(1) = 0.434883,	Nq(2) = 0.368335,	Nq(3) = 0.434883,	Nq(4) = 0.434883,	Nq(5) = 0.368335,	Nq(6) = 0.648006,	Nq(7) = 0.368335,	Nq(8) = 0.368335,	Nq(9) = 0.648006,	Nq(10) = 0.597657,	Nq(11) = 0.648006,	Nq(12) = 0.434883,	Nq(13) = 0.368335,	Nq(14) = 0.648006,	Nq(15) = 0.368335,	Sq(0) = 1.6323e-18,	Sq(1) = 0.365313,	Sq(2) = 0.53367,	Sq(3) = 0.365313,	Sq(4) = 0.365313,	Sq(5) = 0.53367,	Sq(6) = 0.611104,	Sq(7) = 0.53367,	Sq(8) = 0.53367,	Sq(9) = 0.611104,	Sq(10) = 1.75309,	Sq(11) = 0.611104,	Sq(12) = 0.365313,	Sq(13) = 0.53367,	Sq(14) = 0.611104,	Sq(15) = 0.53367,	N(0) = 1.99972,	N(1) = 1.99713,	N(2) = 1,	N(3) = 1.99713,	N(4) = 1.99713,	N(5) = 1,	N(6) = 0.0028674,	N(7) = 1,	N(8) = 1,	N(9) = 0.0028674,	N(10) = 0.000276067,	N(11) = 0.0028674,	N(12) = 1.99713,	N(13) = 1,	N(14) = 0.0028674,	N(15) = 1,	Delta[s](0) = 0.253989,	Delta[s](1) = 0.254362,	Delta[s](2) = 0.214258,	Delta[s](3) = 0.254362,	Delta[s](4) = 0.254362,	Delta[s](5) = 0.214258,	Delta[s](6) = 0.214113,	Delta[s](7) = 0.214258,	Delta[s](8) = 0.214258,	Delta[s](9) = 0.214113,	Delta[s](10) = 0.156176,	Delta[s](11) = 0.214113,	Delta[s](12) = 0.254362,	Delta[s](13) = 0.214258,	Delta[s](14) = 0.214113,	Delta[s](15) = 0.214258,	Delta[d](0) = 0.563434,	Delta[d](1) = 0.348616,	Delta[d](2) = 0.3091,	Delta[d](3) = 0.348616,	Delta[d](4) = 0.348616,	Delta[d](5) = 0.357607,	Delta[d](6) = 0.279108,	Delta[d](7) = 0.357607,	Delta[d](8) = 0.3091,	Delta[d](9) = 0.279108,	Delta[d](10) = 0.163521,	Delta[d](11) = 0.279108,	Delta[d](12) = 0.348616,	Delta[d](13) = 0.357607,	Delta[d](14) = 0.279108,	Delta[d](15) = 0.357607,	Delta[s+](0) = 0.539422,	Delta[s+](1) = 0.445075,	Delta[s+](2) = 0.3091,	Delta[s+](3) = 0.445075,	Delta[s+](4) = 0.445075,	Delta[s+](5) = 0.3091,	Delta[s+](6) = 0.16783,	Delta[s+](7) = 0.3091,	Delta[s+](8) = 0.3091,	Delta[s+](9) = 0.16783,	Delta[s+](10) = 0.0683219,	Delta[s+](11) = 0.16783,	Delta[s+](12) = 0.445075,	Delta[s+](13) = 0.3091,	Delta[s+](14) = 0.16783,	Delta[s+](15) = 0.3091
The 20-th iteration is completed.	|| time cost : 0h 4m 23.286s
********************************************************************************************************************
Start the 21 rounds of NGS-ED iteration
	effective electronic model is modified as: kinetic energy t = 0.753315
	                                           effective interaction Vq = [    -3.5,-3.37233,-3.06502,-3.37233,-3.37233,-3.06502,-3.18168,-3.06502,-3.06502,-3.18168,-2.98718,-3.18168,-3.37233,-3.06502,-3.18168,-3.06502]
	PARPACK diagonalization completed after 30 matrix-vector product operations.
	iteration results: : total energy is -73.957203 | electron energy -74.334173 + phonon energy 0.376970 | electron momentum kIdx = 0
The 21-th iteration is completed.	|| time cost : 0h 0m 27.421s
********************************************************************************************************************
Start the 22 rounds of NGS-ED iteration
	effective electronic model is modified as: kinetic energy t = 0.753313
	                                           effective interaction Vq = [    -3.5,-3.37234,-3.06502,-3.37234,-3.37234,-3.06502, -3.1817,-3.06502,-3.06502, -3.1817,-2.98719, -3.1817,-3.37234,-3.06502, -3.1817,-3.06502]
	PARPACK diagonalization completed after 30 matrix-vector product operations.
	iteration results: : total energy is -73.957203 | electron energy -74.334184 + phonon energy 0.376981 | electron momentum kIdx = 0
The 22-th iteration is completed.	|| time cost : 0h 0m 27.296s
********************************************************************************************************************
Start the 23 rounds of NGS-ED iteration
	effective electronic model is modified as: kinetic energy t = 0.753312
	                                           effective interaction Vq = [    -3.5,-3.37234,-3.06502,-3.37234,-3.37234,-3.06502,-3.18171,-3.06502,-3.06502,-3.18171,-2.98719,-3.18171,-3.37234,-3.06502,-3.18171,-3.06502]
	PARPACK diagonalization completed after 30 matrix-vector product operations.
	iteration results: : total energy is -73.957203 | electron energy -74.334191 + phonon energy 0.376988 | electron momentum kIdx = 0
The 23-th iteration is completed.	|| time cost : 0h 0m 27.41s
********************************************************************************************************************
Start the 24 rounds of NGS-ED iteration
	effective electronic model is modified as: kinetic energy t = 0.753311
	                                           effective interaction Vq = [    -3.5,-3.37234,-3.06502,-3.37234,-3.37234,-3.06502,-3.18172,-3.06502,-3.06502,-3.18172,-2.98719,-3.18172,-3.37234,-3.06502,-3.18172,-3.06502]
	PARPACK diagonalization completed after 30 matrix-vector product operations.
	iteration results: : total energy is -73.957203 | electron energy -74.334195 + phonon energy 0.376992 | electron momentum kIdx = 0
The 24-th iteration is completed.	|| time cost : 0h 0m 27.351s
