SNEDics v3.22.2 Non-Gaussian ED ground state program		Start at Wed Jun 15 16:28:41 2022

Parallelization: 32 MPI threads  * 8 OpenMP threads = 256 total threads.
********************************************************************************************************************
********************************************************************************************************************

********************************************************************************************************************
System parameters and configurations
	special program options are enabled: splitted diagonal Hamiltonian | splitted Hamiltonian terms
********************************************************************************************************************
Read input file "model_params.in"
	Hubbard-Holstein model parameters : 	t = 1    U = 8    g = 0.8    W = 0.2    
********************************************************************************************************************
Read input file "hilbertspace_params.in"
	Requested 16-site 2D lattice, with 8 electrons (4, 4)
	Boundary : Periodic		Hilbert space representation : momentum-space (restricted to kIdx = 0)
	Conservation: particle number[U(1)]      spin[U(1)]     momentum
********************************************************************************************************************

Cluster Positions:				Cluster symmetry group : D4
 x ... x ... x ... x .....                       x ... x ... x ... x .....
 |           |           :                       |           |           :
 |           |           :                       |           |           :
12    13    14    15     x                       1     5     6     5     x
 |           |           :                       |           |           :
 |           |           :                       |           |           :
 8 --- 9 ---10 ---11 --- x                       2 --- 6 ---10 --- 6 --- x
 |           |           :                       |           |           :
 |           |           :                       |           |           :
 4     5     6     7     x                       1     5     6     5     x
 |           |           :                       |           |           :
 |           |           :                       |           |           :
 0 --- 1 --- 2 --- 3 --- x                       0 --- 1 --- 2 --- 1 --- x
orbital number : 1
********************************************************************************************************************
Read input file "obs_params.in"
	Observable Type : Nq(All),   Sq(All),   N(All-Orbital),   Delta[s](All),   Delta[d](All),   Delta[s+](All)
** WARNING ** the input observables have non-local factors which have been reinterpreted. The total observable number is 96
********************************************************************************************************************


********************************************************************************************************************
Start calculating the non-Gaussian ED ground state
Maximal iteration number is 1000; energy resolution is 1e-06. Phonon state relaxation time is 2000
W = 0.2 is relatively large. The non-Gaussian ED calculation starts directly.
open output files: NGSED_iteration_observables.txt
********************************************************************************************************************
Start the 0 rounds of NGS-ED iteration
	effective electronic model is modified as: kinetic energy t = 1
	                                           effective interaction Vq = [0,0,0,0,0,0,0,0,0,0,0,0,0,0,0,0]
	first Hamiltonian is constructed, size = 207184 and non-zero numbers = 32207050
	PARPACK diagonalization completed after 75 matrix-vector product operations.
	iteration results: : total energy is -16.460627 | electron energy -16.460627 + phonon energy 0.000000 | electron momentum kIdx = 0
	Nq(0) = 4,	Nq(1) = 0.217892,	Nq(2) = 0.275693,	Nq(3) = 0.217892,	Nq(4) = 0.217892,	Nq(5) = 0.260941,	
	Nq(6) = 0.370592,	Nq(7) = 0.260941,	Nq(8) = 0.275693,	Nq(9) = 0.370592,	Nq(10) = 0.4202,	
	Nq(11) = 0.370592,	Nq(12) = 0.217892,	Nq(13) = 0.260941,	Nq(14) = 0.370592,	Nq(15) = 0.260941;	
	Sq(0) = 2.57535e-18,	Sq(1) = 0.41044,	Sq(2) = 0.343979,	Sq(3) = 0.41044,	Sq(4) = 0.41044,	
	Sq(5) = 0.572101,	Sq(6) = 0.615629,	Sq(7) = 0.572101,	Sq(8) = 0.343979,	Sq(9) = 0.615629,	
	Sq(10) = 0.550078,	Sq(11) = 0.615629,	Sq(12) = 0.41044,	Sq(13) = 0.572101,	Sq(14) = 0.615629,	
	Sq(15) = 0.572101;	N(0) = 1.82882,	N(1) = 1.37933,	N(2) = 0.0780726,	N(3) = 1.37933,	
	N(4) = 1.37933,	N(5) = 0.0780398,	N(6) = 0.0412646,	N(7) = 0.0780398,	N(8) = 0.0780726,	
	N(9) = 0.0412646,	N(10) = 0.0205069,	N(11) = 0.0412646,	N(12) = 1.37933,	N(13) = 0.0780398,	
	N(14) = 0.0412646,	N(15) = 0.0780398;	Delta[s](0) = 0.031081,	Delta[s](1) = 0.0184415,	Delta[s](2) = 0.0103357,	
	Delta[s](3) = 0.0184415,	Delta[s](4) = 0.0184415,	Delta[s](5) = 0.0104125,	Delta[s](6) = 0.00362277,	Delta[s](7) = 0.0104125,	
	Delta[s](8) = 0.0103357,	Delta[s](9) = 0.00362277,	Delta[s](10) = 0.00298287,	Delta[s](11) = 0.00362277,	Delta[s](12) = 0.0184415,	
	Delta[s](13) = 0.0104125,	Delta[s](14) = 0.00362277,	Delta[s](15) = 0.0104125;	Delta[d](0) = 0.236774,	Delta[d](1) = 0.062661,	
	Delta[d](2) = 0.0801974,	Delta[d](3) = 0.062661,	Delta[d](4) = 0.062661,	Delta[d](5) = 0.054221,	Delta[d](6) = 0.0201676,	
	Delta[d](7) = 0.054221,	Delta[d](8) = 0.0801974,	Delta[d](9) = 0.0201676,	Delta[d](10) = 0.0127099,	Delta[d](11) = 0.0201676,	
	Delta[d](12) = 0.062661,	Delta[d](13) = 0.054221,	Delta[d](14) = 0.0201676,	Delta[d](15) = 0.054221;	Delta[s+](0) = 0.368708,	
	Delta[s+](1) = 0.212287,	Delta[s+](2) = 0.0801974,	Delta[s+](3) = 0.212287,	Delta[s+](4) = 0.212287,	Delta[s+](5) = 0.0751048,	
	Delta[s+](6) = 0.00948264,	Delta[s+](7) = 0.0751048,	Delta[s+](8) = 0.0801974,	Delta[s+](9) = 0.00948264,	Delta[s+](10) = 0.00286404,	
	Delta[s+](11) = 0.00948264,	Delta[s+](12) = 0.212287,	Delta[s+](13) = 0.0751048,	Delta[s+](14) = 0.00948264,	Delta[s+](15) = 0.0751048
	
The 0-th iteration is completed.	|| time cost : 0h 0m 4.907s
********************************************************************************************************************
Start the 1 rounds of NGS-ED iteration
	effective electronic model is modified as: kinetic energy t = 0.91577
	                                           effective interaction Vq = [     -3.2,-0.980429,-0.608996,-0.980429,-0.980429,-0.527405,-0.733081,-0.527405,-0.608996,-0.733081,-0.640977,-0.733081,-0.980429,-0.527405,-0.733081,-0.527405]
	PARPACK diagonalization completed after 30 matrix-vector product operations.
	iteration results: : total energy is -30.267574 | electron energy -30.867591 + phonon energy 0.600017 | electron momentum kIdx = 0
The 1-th iteration is completed.	|| time cost : 0h 0m 3.486s
********************************************************************************************************************
Start the 2 rounds of NGS-ED iteration
	effective electronic model is modified as: kinetic energy t = 0.911893
	                                           effective interaction Vq = [     -3.2, -1.14849,-0.597145, -1.14849, -1.14849,-0.501185,-0.757966,-0.501185,-0.597145,-0.757966,-0.589265,-0.757966, -1.14849,-0.501185,-0.757966,-0.501185]
	PARPACK diagonalization completed after 30 matrix-vector product operations.
	iteration results: : total energy is -30.275950 | electron energy -30.939828 + phonon energy 0.663878 | electron momentum kIdx = 0
The 2-th iteration is completed.	|| time cost : 0h 0m 0.845s
********************************************************************************************************************
Start the 3 rounds of NGS-ED iteration
	effective electronic model is modified as: kinetic energy t = 0.910612
	                                           effective interaction Vq = [     -3.2, -1.23814,-0.585239, -1.23814, -1.23814,-0.493681,-0.750101,-0.493681,-0.585239,-0.750101,-0.548247,-0.750101, -1.23814,-0.493681,-0.750101,-0.493681]
	PARPACK diagonalization completed after 30 matrix-vector product operations.
	iteration results: : total energy is -30.278572 | electron energy -30.961671 + phonon energy 0.683099 | electron momentum kIdx = 0
The 3-th iteration is completed.	|| time cost : 0h 0m 0.846s
********************************************************************************************************************
Start the 4 rounds of NGS-ED iteration
	effective electronic model is modified as: kinetic energy t = 0.909924
	                                           effective interaction Vq = [     -3.2, -1.29526,-0.579519, -1.29526, -1.29526,-0.492018,-0.737148,-0.492018,-0.579519,-0.737148,-0.526321,-0.737148, -1.29526,-0.492018,-0.737148,-0.492018]
	PARPACK diagonalization completed after 30 matrix-vector product operations.
	iteration results: : total energy is -30.279697 | electron energy -30.973059 + phonon energy 0.693362 | electron momentum kIdx = 0
The 4-th iteration is completed.	|| time cost : 0h 0m 0.844s
********************************************************************************************************************
Start the 5 rounds of NGS-ED iteration
	effective electronic model is modified as: kinetic energy t = 0.909492
	                                           effective interaction Vq = [     -3.2, -1.33418,-0.576781, -1.33418, -1.33418, -0.49165,-0.725081, -0.49165,-0.576781,-0.725081,-0.515039,-0.725081, -1.33418, -0.49165,-0.725081, -0.49165]
	PARPACK diagonalization completed after 30 matrix-vector product operations.
	iteration results: : total energy is -30.280246 | electron energy -30.980093 + phonon energy 0.699847 | electron momentum kIdx = 0
The 5-th iteration is completed.	|| time cost : 0h 0m 0.847s
********************************************************************************************************************
Start the 6 rounds of NGS-ED iteration
	effective electronic model is modified as: kinetic energy t = 0.909196
	                                           effective interaction Vq = [     -3.2, -1.36161,-0.575339, -1.36161, -1.36161,-0.491577,-0.715376,-0.491577,-0.575339,-0.715376,-0.508898,-0.715376, -1.36161,-0.491577,-0.715376,-0.491577]
	PARPACK diagonalization completed after 30 matrix-vector product operations.
	iteration results: : total energy is -30.280528 | electron energy -30.984880 + phonon energy 0.704352 | electron momentum kIdx = 0
The 6-th iteration is completed.	|| time cost : 0h 0m 0.848s
********************************************************************************************************************
Start the 7 rounds of NGS-ED iteration
	effective electronic model is modified as: kinetic energy t = 0.908981
	                                           effective interaction Vq = [     -3.2,  -1.3813,-0.574478,  -1.3813,  -1.3813,-0.491569,-0.708031,-0.491569,-0.574478,-0.708031, -0.50524,-0.708031,  -1.3813,-0.491569,-0.708031,-0.491569]
	PARPACK diagonalization completed after 30 matrix-vector product operations.
	iteration results: : total energy is -30.280676 | electron energy -30.988317 + phonon energy 0.707641 | electron momentum kIdx = 0
The 7-th iteration is completed.	|| time cost : 0h 0m 0.859s
********************************************************************************************************************
Start the 8 rounds of NGS-ED iteration
	effective electronic model is modified as: kinetic energy t = 0.908823
	                                           effective interaction Vq = [     -3.2, -1.39557,-0.573906, -1.39557, -1.39557,-0.491569,-0.702619,-0.491569,-0.573906,-0.702619,-0.502869,-0.702619, -1.39557,-0.491569,-0.702619,-0.491569]
	PARPACK diagonalization completed after 30 matrix-vector product operations.
	iteration results: : total energy is -30.280755 | electron energy -30.990848 + phonon energy 0.710093 | electron momentum kIdx = 0
The 8-th iteration is completed.	|| time cost : 0h 0m 0.85s
********************************************************************************************************************
Start the 9 rounds of NGS-ED iteration
	effective electronic model is modified as: kinetic energy t = 0.908705
	                                           effective interaction Vq = [     -3.2, -1.40598,  -0.5735, -1.40598, -1.40598,-0.491567,-0.698676,-0.491567,  -0.5735,-0.698676, -0.50124,-0.698676, -1.40598,-0.491567,-0.698676,-0.491567]
	PARPACK diagonalization completed after 30 matrix-vector product operations.
	iteration results: : total energy is -30.280797 | electron energy -30.992729 + phonon energy 0.711932 | electron momentum kIdx = 0
The 9-th iteration is completed.	|| time cost : 0h 0m 0.851s
********************************************************************************************************************
Start the 10 rounds of NGS-ED iteration
	effective electronic model is modified as: kinetic energy t = 0.908617
	                                           effective interaction Vq = [     -3.2, -1.41358,-0.573201, -1.41358, -1.41358,-0.491562,-0.695815,-0.491562,-0.573201,-0.695815,-0.500082,-0.695815, -1.41358,-0.491562,-0.695815,-0.491562]
	PARPACK diagonalization completed after 30 matrix-vector product operations.
	iteration results: : total energy is -30.280819 | electron energy -30.994127 + phonon energy 0.713308 | electron momentum kIdx = 0
The 10-th iteration is completed.	|| time cost : 0h 0m 0.839s
********************************************************************************************************************
Start the 11 rounds of NGS-ED iteration
	effective electronic model is modified as: kinetic energy t = 0.908551
	                                           effective interaction Vq = [     -3.2, -1.41913,-0.572978, -1.41913, -1.41913,-0.491555,-0.693738,-0.491555,-0.572978,-0.693738,-0.499243,-0.693738, -1.41913,-0.491555,-0.693738,-0.491555]
	PARPACK diagonalization completed after 30 matrix-vector product operations.
	iteration results: : total energy is -30.280831 | electron energy -30.995167 + phonon energy 0.714336 | electron momentum kIdx = 0
The 11-th iteration is completed.	|| time cost : 0h 0m 0.851s
********************************************************************************************************************
Start the 12 rounds of NGS-ED iteration
	effective electronic model is modified as: kinetic energy t = 0.908503
	                                           effective interaction Vq = [     -3.2, -1.42321,-0.572812, -1.42321, -1.42321,-0.491548,-0.692229,-0.491548,-0.572812,-0.692229,-0.498631,-0.692229, -1.42321,-0.491548,-0.692229,-0.491548]
	PARPACK diagonalization completed after 30 matrix-vector product operations.
	iteration results: : total energy is -30.280837 | electron energy -30.995937 + phonon energy 0.715099 | electron momentum kIdx = 0
The 12-th iteration is completed.	|| time cost : 0h 0m 0.848s
********************************************************************************************************************
Start the 13 rounds of NGS-ED iteration
	effective electronic model is modified as: kinetic energy t = 0.908467
	                                           effective interaction Vq = [     -3.2, -1.42619,-0.572688, -1.42619, -1.42619,-0.491542,-0.691131,-0.491542,-0.572688,-0.691131,-0.498182,-0.691131, -1.42619,-0.491542,-0.691131,-0.491542]
	PARPACK diagonalization completed after 30 matrix-vector product operations.
	iteration results: : total energy is -30.280841 | electron energy -30.996506 + phonon energy 0.715665 | electron momentum kIdx = 0
The 13-th iteration is completed.	|| time cost : 0h 0m 0.849s
********************************************************************************************************************
Start the 14 rounds of NGS-ED iteration
	effective electronic model is modified as: kinetic energy t = 0.90844
	                                           effective interaction Vq = [     -3.2, -1.42837,-0.572596, -1.42837, -1.42837,-0.491536, -0.69033,-0.491536,-0.572596, -0.69033,-0.497853, -0.69033, -1.42837,-0.491536, -0.69033,-0.491536]
	PARPACK diagonalization completed after 30 matrix-vector product operations.
	iteration results: : total energy is -30.280843 | electron energy -30.996926 + phonon energy 0.716083 | electron momentum kIdx = 0
The 14-th iteration is completed.	|| time cost : 0h 0m 0.851s
********************************************************************************************************************
Start the 15 rounds of NGS-ED iteration
	effective electronic model is modified as: kinetic energy t = 0.908421
	                                           effective interaction Vq = [     -3.2, -1.42997,-0.572528, -1.42997, -1.42997,-0.491532,-0.689746,-0.491532,-0.572528,-0.689746,-0.497611,-0.689746, -1.42997,-0.491532,-0.689746,-0.491532]
	PARPACK diagonalization completed after 30 matrix-vector product operations.
	iteration results: : total energy is -30.280844 | electron energy -30.997235 + phonon energy 0.716392 | electron momentum kIdx = 0
The 15-th iteration is completed.	|| time cost : 0h 0m 0.847s
********************************************************************************************************************
Start the 16 rounds of NGS-ED iteration
	effective electronic model is modified as: kinetic energy t = 0.908406
	                                           effective interaction Vq = [     -3.2, -1.43115,-0.572478, -1.43115, -1.43115,-0.491529,-0.689319,-0.491529,-0.572478,-0.689319,-0.497434,-0.689319, -1.43115,-0.491529,-0.689319,-0.491529]
	PARPACK diagonalization completed after 30 matrix-vector product operations.
	iteration results: : total energy is -30.280844 | electron energy -30.997463 + phonon energy 0.716619 | electron momentum kIdx = 0
The 16-th iteration is completed.	|| time cost : 0h 0m 0.837s
********************************************************************************************************************
Start the 17 rounds of NGS-ED iteration
	effective electronic model is modified as: kinetic energy t = 0.908396
	                                           effective interaction Vq = [     -3.2, -1.43201,-0.572441, -1.43201, -1.43201,-0.491527,-0.689007,-0.491527,-0.572441,-0.689007,-0.497304,-0.689007, -1.43201,-0.491527,-0.689007,-0.491527]
	PARPACK diagonalization completed after 30 matrix-vector product operations.
	iteration results: : total energy is -30.280845 | electron energy -30.997630 + phonon energy 0.716786 | electron momentum kIdx = 0
The 17-th iteration is completed.	|| time cost : 0h 0m 0.85s
********************************************************************************************************************
Start the 18 rounds of NGS-ED iteration
	effective electronic model is modified as: kinetic energy t = 0.908388
	                                           effective interaction Vq = [     -3.2, -1.43264,-0.572413, -1.43264, -1.43264,-0.491525,-0.688779,-0.491525,-0.572413,-0.688779,-0.497208,-0.688779, -1.43264,-0.491525,-0.688779,-0.491525]
	PARPACK diagonalization completed after 30 matrix-vector product operations.
	iteration results: : total energy is -30.280845 | electron energy -30.997753 + phonon energy 0.716908 | electron momentum kIdx = 0
The 18-th iteration is completed.	|| time cost : 0h 0m 0.847s
********************************************************************************************************************
Start the 19 rounds of NGS-ED iteration
	effective electronic model is modified as: kinetic energy t = 0.908382
	                                           effective interaction Vq = [     -3.2,  -1.4331,-0.572393,  -1.4331,  -1.4331,-0.491523,-0.688612,-0.491523,-0.572393,-0.688612,-0.497138,-0.688612,  -1.4331,-0.491523,-0.688612,-0.491523]
	PARPACK diagonalization completed after 30 matrix-vector product operations.
	iteration results: : total energy is -30.280845 | electron energy -30.997843 + phonon energy 0.716998 | electron momentum kIdx = 0
The 19-th iteration is completed.	|| time cost : 0h 0m 0.842s
********************************************************************************************************************
Start the 20 rounds of NGS-ED iteration
	effective electronic model is modified as: kinetic energy t = 0.908378
	                                           effective interaction Vq = [     -3.2, -1.43344,-0.572379, -1.43344, -1.43344,-0.491522,-0.688489,-0.491522,-0.572379,-0.688489,-0.497087,-0.688489, -1.43344,-0.491522,-0.688489,-0.491522]
	PARPACK diagonalization completed after 30 matrix-vector product operations.
	iteration results: : total energy is -30.280845 | electron energy -30.997909 + phonon energy 0.717065 | electron momentum kIdx = 0
The 20-th iteration is completed.	|| time cost : 0h 0m 0.851s
********************************************************************************************************************
Start the 21 rounds of NGS-ED iteration
	effective electronic model is modified as: kinetic energy t = 0.908375
	                                           effective interaction Vq = [     -3.2, -1.43369,-0.572368, -1.43369, -1.43369,-0.491521,-0.688399,-0.491521,-0.572368,-0.688399,-0.497049,-0.688399, -1.43369,-0.491521,-0.688399,-0.491521]
	PARPACK diagonalization completed after 30 matrix-vector product operations.
	iteration results: : total energy is -30.280845 | electron energy -30.997958 + phonon energy 0.717113 | electron momentum kIdx = 0
The 21-th iteration is completed.	|| time cost : 0h 0m 0.845s
********************************************************************************************************************
Start the 22 rounds of NGS-ED iteration
	effective electronic model is modified as: kinetic energy t = 0.908373
	                                           effective interaction Vq = [     -3.2, -1.43387, -0.57236, -1.43387, -1.43387,-0.491521,-0.688334,-0.491521, -0.57236,-0.688334,-0.497022,-0.688334, -1.43387,-0.491521,-0.688334,-0.491521]
	PARPACK diagonalization completed after 30 matrix-vector product operations.
	iteration results: : total energy is -30.280845 | electron energy -30.997993 + phonon energy 0.717149 | electron momentum kIdx = 0
The 22-th iteration is completed.	|| time cost : 0h 0m 0.847s
********************************************************************************************************************
Start the 23 rounds of NGS-ED iteration
	effective electronic model is modified as: kinetic energy t = 0.908371
	                                           effective interaction Vq = [     -3.2,   -1.434,-0.572354,   -1.434,   -1.434, -0.49152,-0.688286, -0.49152,-0.572354,-0.688286,-0.497001,-0.688286,   -1.434, -0.49152,-0.688286, -0.49152]
	PARPACK diagonalization completed after 30 matrix-vector product operations.
	iteration results: : total energy is -30.280845 | electron energy -30.998020 + phonon energy 0.717175 | electron momentum kIdx = 0
The 23-th iteration is completed.	|| time cost : 0h 0m 0.863s
********************************************************************************************************************
Start the 24 rounds of NGS-ED iteration
	effective electronic model is modified as: kinetic energy t = 0.90837
	                                           effective interaction Vq = [     -3.2,  -1.4341, -0.57235,  -1.4341,  -1.4341, -0.49152, -0.68825, -0.49152, -0.57235, -0.68825,-0.496987, -0.68825,  -1.4341, -0.49152, -0.68825, -0.49152]
	PARPACK diagonalization completed after 30 matrix-vector product operations.
	iteration results: : total energy is -30.280845 | electron energy -30.998039 + phonon energy 0.717194 | electron momentum kIdx = 0
The 24-th iteration is completed.	|| time cost : 0h 0m 0.849s
********************************************************************************************************************
Start the 25 rounds of NGS-ED iteration
	effective electronic model is modified as: kinetic energy t = 0.908369
	                                           effective interaction Vq = [     -3.2, -1.43417,-0.572347, -1.43417, -1.43417, -0.49152,-0.688224, -0.49152,-0.572347,-0.688224,-0.496976,-0.688224, -1.43417, -0.49152,-0.688224, -0.49152]
	PARPACK diagonalization completed after 30 matrix-vector product operations.
	iteration results: : total energy is -30.280845 | electron energy -30.998053 + phonon energy 0.717208 | electron momentum kIdx = 0
The 25-th iteration is completed.	|| time cost : 0h 0m 0.843s
********************************************************************************************************************
Start the 26 rounds of NGS-ED iteration
	effective electronic model is modified as: kinetic energy t = 0.908368
	                                           effective interaction Vq = [     -3.2, -1.43422,-0.572344, -1.43422, -1.43422, -0.49152,-0.688205, -0.49152,-0.572344,-0.688205,-0.496968,-0.688205, -1.43422, -0.49152,-0.688205, -0.49152]
	PARPACK diagonalization completed after 30 matrix-vector product operations.
	iteration results: : total energy is -30.280845 | electron energy -30.998063 + phonon energy 0.717218 | electron momentum kIdx = 0
The 26-th iteration is completed.	|| time cost : 0h 0m 0.846s
********************************************************************************************************************
Start the 27 rounds of NGS-ED iteration
	effective electronic model is modified as: kinetic energy t = 0.908368
	                                           effective interaction Vq = [     -3.2, -1.43426,-0.572343, -1.43426, -1.43426, -0.49152,-0.688192, -0.49152,-0.572343,-0.688192,-0.496962,-0.688192, -1.43426, -0.49152,-0.688192, -0.49152]
	PARPACK diagonalization completed after 30 matrix-vector product operations.
	iteration results: : total energy is -30.280845 | electron energy -30.998071 + phonon energy 0.717226 | electron momentum kIdx = 0
The 27-th iteration is completed.	|| time cost : 0h 0m 0.848s
********************************************************************************************************************
Start the 28 rounds of NGS-ED iteration
	effective electronic model is modified as: kinetic energy t = 0.908368
	                                           effective interaction Vq = [     -3.2, -1.43429,-0.572341, -1.43429, -1.43429, -0.49152,-0.688181, -0.49152,-0.572341,-0.688181,-0.496958,-0.688181, -1.43429, -0.49152,-0.688181, -0.49152]
	PARPACK diagonalization completed after 30 matrix-vector product operations.
	iteration results: : total energy is -30.280845 | electron energy -30.998076 + phonon energy 0.717231 | electron momentum kIdx = 0
The 28-th iteration is completed.	|| time cost : 0h 0m 0.851s
********************************************************************************************************************
Start the 29 rounds of NGS-ED iteration
	effective electronic model is modified as: kinetic energy t = 0.908367
	                                           effective interaction Vq = [     -3.2, -1.43431, -0.57234, -1.43431, -1.43431, -0.49152,-0.688174, -0.49152, -0.57234,-0.688174,-0.496954,-0.688174, -1.43431, -0.49152,-0.688174, -0.49152]
	PARPACK diagonalization completed after 30 matrix-vector product operations.
	iteration results: : total energy is -30.280845 | electron energy -30.998080 + phonon energy 0.717235 | electron momentum kIdx = 0
The 29-th iteration is completed.	|| time cost : 0h 0m 0.839s
********************************************************************************************************************
Start the 30 rounds of NGS-ED iteration
	effective electronic model is modified as: kinetic energy t = 0.908367
	                                           effective interaction Vq = [     -3.2, -1.43433, -0.57234, -1.43433, -1.43433,-0.491519,-0.688168,-0.491519, -0.57234,-0.688168,-0.496952,-0.688168, -1.43433,-0.491519,-0.688168,-0.491519]
	PARPACK diagonalization completed after 30 matrix-vector product operations.
	iteration results: : total energy is -30.280845 | electron energy -30.998083 + phonon energy 0.717238 | electron momentum kIdx = 0
The 30-th iteration is completed.	|| time cost : 0h 0m 0.842s
********************************************************************************************************************
Start the 31 rounds of NGS-ED iteration
	effective electronic model is modified as: kinetic energy t = 0.908367
	                                           effective interaction Vq = [     -3.2, -1.43434,-0.572339, -1.43434, -1.43434,-0.491519,-0.688164,-0.491519,-0.572339,-0.688164, -0.49695,-0.688164, -1.43434,-0.491519,-0.688164,-0.491519]
	PARPACK diagonalization completed after 30 matrix-vector product operations.
	iteration results: : total energy is -30.280845 | electron energy -30.998085 + phonon energy 0.717240 | electron momentum kIdx = 0
The 31-th iteration is completed.	|| time cost : 0h 0m 0.81s
********************************************************************************************************************
Start the 32 rounds of NGS-ED iteration
	effective electronic model is modified as: kinetic energy t = 0.908367
	                                           effective interaction Vq = [     -3.2, -1.43435,-0.572339, -1.43435, -1.43435,-0.491519,-0.688162,-0.491519,-0.572339,-0.688162,-0.496949,-0.688162, -1.43435,-0.491519,-0.688162,-0.491519]
	PARPACK diagonalization completed after 30 matrix-vector product operations.
	iteration results: : total energy is -30.280845 | electron energy -30.998087 + phonon energy 0.717242 | electron momentum kIdx = 0
The 32-th iteration is completed.	|| time cost : 0h 0m 0.847s
********************************************************************************************************************
Start the 33 rounds of NGS-ED iteration
	effective electronic model is modified as: kinetic energy t = 0.908367
	                                           effective interaction Vq = [     -3.2, -1.43435,-0.572339, -1.43435, -1.43435,-0.491519,-0.688159,-0.491519,-0.572339,-0.688159,-0.496948,-0.688159, -1.43435,-0.491519,-0.688159,-0.491519]
	PARPACK diagonalization completed after 30 matrix-vector product operations.
	iteration results: : total energy is -30.280845 | electron energy -30.998088 + phonon energy 0.717243 | electron momentum kIdx = 0
The 33-th iteration is completed.	|| time cost : 0h 0m 0.844s
********************************************************************************************************************
Start the 34 rounds of NGS-ED iteration
	effective electronic model is modified as: kinetic energy t = 0.908367
	                                           effective interaction Vq = [     -3.2, -1.43436,-0.572338, -1.43436, -1.43436,-0.491519,-0.688158,-0.491519,-0.572338,-0.688158,-0.496948,-0.688158, -1.43436,-0.491519,-0.688158,-0.491519]
	PARPACK diagonalization completed after 30 matrix-vector product operations.
	iteration results: : total energy is -30.280845 | electron energy -30.998089 + phonon energy 0.717244 | electron momentum kIdx = 0
The 34-th iteration is completed.	|| time cost : 0h 0m 0.847s
********************************************************************************************************************
Start the 35 rounds of NGS-ED iteration
	effective electronic model is modified as: kinetic energy t = 0.908367
	                                           effective interaction Vq = [     -3.2, -1.43436,-0.572338, -1.43436, -1.43436,-0.491519,-0.688157,-0.491519,-0.572338,-0.688157,-0.496947,-0.688157, -1.43436,-0.491519,-0.688157,-0.491519]
	PARPACK diagonalization completed after 30 matrix-vector product operations.
	iteration results: : total energy is -30.280845 | electron energy -30.998090 + phonon energy 0.717245 | electron momentum kIdx = 0
The 35-th iteration is completed.	|| time cost : 0h 0m 0.85s
********************************************************************************************************************
Start the 36 rounds of NGS-ED iteration
	effective electronic model is modified as: kinetic energy t = 0.908367
	                                           effective interaction Vq = [     -3.2, -1.43436,-0.572338, -1.43436, -1.43436,-0.491519,-0.688156,-0.491519,-0.572338,-0.688156,-0.496947,-0.688156, -1.43436,-0.491519,-0.688156,-0.491519]
	PARPACK diagonalization completed after 30 matrix-vector product operations.
	iteration results: : total energy is -30.280845 | electron energy -30.998090 + phonon energy 0.717245 | electron momentum kIdx = 0
The 36-th iteration is completed.	|| time cost : 0h 0m 0.849s
********************************************************************************************************************
Start the 37 rounds of NGS-ED iteration
	effective electronic model is modified as: kinetic energy t = 0.908367
	                                           effective interaction Vq = [     -3.2, -1.43436,-0.572338, -1.43436, -1.43436,-0.491519,-0.688155,-0.491519,-0.572338,-0.688155,-0.496946,-0.688155, -1.43436,-0.491519,-0.688155,-0.491519]
	PARPACK diagonalization completed after 30 matrix-vector product operations.
	iteration results: : total energy is -30.280845 | electron energy -30.998090 + phonon energy 0.717246 | electron momentum kIdx = 0
The 37-th iteration is completed.	|| time cost : 0h 0m 0.848s
********************************************************************************************************************
Start the 38 rounds of NGS-ED iteration
	effective electronic model is modified as: kinetic energy t = 0.908367
	                                           effective interaction Vq = [     -3.2, -1.43437,-0.572338, -1.43437, -1.43437,-0.491519,-0.688155,-0.491519,-0.572338,-0.688155,-0.496946,-0.688155, -1.43437,-0.491519,-0.688155,-0.491519]
	PARPACK diagonalization completed after 30 matrix-vector product operations.
	iteration results: : total energy is -30.280845 | electron energy -30.998091 + phonon energy 0.717246 | electron momentum kIdx = 0
The 38-th iteration is completed.	|| time cost : 0h 0m 0.864s
********************************************************************************************************************
Start the 39 rounds of NGS-ED iteration
	effective electronic model is modified as: kinetic energy t = 0.908367
	                                           effective interaction Vq = [     -3.2, -1.43437,-0.572338, -1.43437, -1.43437,-0.491519,-0.688154,-0.491519,-0.572338,-0.688154,-0.496946,-0.688154, -1.43437,-0.491519,-0.688154,-0.491519]
	PARPACK diagonalization completed after 30 matrix-vector product operations.
	iteration results: : total energy is -30.280845 | electron energy -30.998091 + phonon energy 0.717246 | electron momentum kIdx = 0
The 39-th iteration is completed.	|| time cost : 0h 0m 0.849s
********************************************************************************************************************
Start the 40 rounds of NGS-ED iteration
	effective electronic model is modified as: kinetic energy t = 0.908367
	                                           effective interaction Vq = [     -3.2, -1.43437,-0.572338, -1.43437, -1.43437,-0.491519,-0.688154,-0.491519,-0.572338,-0.688154,-0.496946,-0.688154, -1.43437,-0.491519,-0.688154,-0.491519]
	PARPACK diagonalization completed after 30 matrix-vector product operations.
	iteration results: : total energy is -30.280845 | electron energy -30.998091 + phonon energy 0.717246 | electron momentum kIdx = 0
The 40-th iteration is completed.	|| time cost : 0h 0m 0.852s
********************************************************************************************************************
Start the 41 rounds of NGS-ED iteration
	effective electronic model is modified as: kinetic energy t = 0.908367
	                                           effective interaction Vq = [     -3.2, -1.43437,-0.572338, -1.43437, -1.43437,-0.491519,-0.688154,-0.491519,-0.572338,-0.688154,-0.496946,-0.688154, -1.43437,-0.491519,-0.688154,-0.491519]
	PARPACK diagonalization completed after 30 matrix-vector product operations.
	iteration results: : total energy is -30.280845 | electron energy -30.998091 + phonon energy 0.717246 | electron momentum kIdx = 0
The 41-th iteration is completed.	|| time cost : 0h 0m 0.845s
********************************************************************************************************************
Start the 42 rounds of NGS-ED iteration
	effective electronic model is modified as: kinetic energy t = 0.908367
	                                           effective interaction Vq = [     -3.2, -1.43437,-0.572338, -1.43437, -1.43437,-0.491519,-0.688154,-0.491519,-0.572338,-0.688154,-0.496946,-0.688154, -1.43437,-0.491519,-0.688154,-0.491519]
	PARPACK diagonalization completed after 30 matrix-vector product operations.
	iteration results: : total energy is -30.280845 | electron energy -30.998091 + phonon energy 0.717246 | electron momentum kIdx = 0
The 42-th iteration is completed.	|| time cost : 0h 0m 0.845s
********************************************************************************************************************
Start the 43 rounds of NGS-ED iteration
	effective electronic model is modified as: kinetic energy t = 0.908367
	                                           effective interaction Vq = [     -3.2, -1.43437,-0.572338, -1.43437, -1.43437,-0.491519,-0.688154,-0.491519,-0.572338,-0.688154,-0.496946,-0.688154, -1.43437,-0.491519,-0.688154,-0.491519]
	PARPACK diagonalization completed after 30 matrix-vector product operations.
	iteration results: : total energy is -30.280845 | electron energy -30.998091 + phonon energy 0.717246 | electron momentum kIdx = 0
The 43-th iteration is completed.	|| time cost : 0h 0m 0.848s
********************************************************************************************************************
Start the 44 rounds of NGS-ED iteration
	effective electronic model is modified as: kinetic energy t = 0.908367
	                                           effective interaction Vq = [     -3.2, -1.43437,-0.572338, -1.43437, -1.43437,-0.491519,-0.688154,-0.491519,-0.572338,-0.688154,-0.496946,-0.688154, -1.43437,-0.491519,-0.688154,-0.491519]
	PARPACK diagonalization completed after 30 matrix-vector product operations.
	iteration results: : total energy is -30.280845 | electron energy -30.998091 + phonon energy 0.717246 | electron momentum kIdx = 0
The 44-th iteration is completed.	|| time cost : 0h 0m 0.836s
********************************************************************************************************************
Start the 45 rounds of NGS-ED iteration
	effective electronic model is modified as: kinetic energy t = 0.908367
	                                           effective interaction Vq = [     -3.2, -1.43437,-0.572338, -1.43437, -1.43437,-0.491519,-0.688154,-0.491519,-0.572338,-0.688154,-0.496946,-0.688154, -1.43437,-0.491519,-0.688154,-0.491519]
	PARPACK diagonalization completed after 30 matrix-vector product operations.
	iteration results: : total energy is -30.280845 | electron energy -30.998091 + phonon energy 0.717246 | electron momentum kIdx = 0
	Nq(0) = 4,	Nq(1) = 0.258362,	Nq(2) = 0.269866,	Nq(3) = 0.258362,	Nq(4) = 0.258362,	Nq(5) = 0.253864,	
	Nq(6) = 0.364668,	Nq(7) = 0.253864,	Nq(8) = 0.269866,	Nq(9) = 0.364668,	Nq(10) = 0.393171,	
	Nq(11) = 0.364668,	Nq(12) = 0.258362,	Nq(13) = 0.253864,	Nq(14) = 0.364668,	Nq(15) = 0.253864;	
	Sq(0) = 5.86382e-18,	Sq(1) = 0.393113,	Sq(2) = 0.343842,	Sq(3) = 0.393113,	Sq(4) = 0.393113,	
	Sq(5) = 0.576108,	Sq(6) = 0.606578,	Sq(7) = 0.576108,	Sq(8) = 0.343842,	Sq(9) = 0.606578,	
	Sq(10) = 0.568639,	Sq(11) = 0.606578,	Sq(12) = 0.393113,	Sq(13) = 0.576108,	Sq(14) = 0.606578,	
	Sq(15) = 0.576108;	N(0) = 1.85722,	N(1) = 1.39545,	N(2) = 0.0585757,	N(3) = 1.39545,	
	N(4) = 1.39545,	N(5) = 0.0590475,	N(6) = 0.0462484,	N(7) = 0.0590475,	N(8) = 0.0585757,	
	N(9) = 0.0462484,	N(10) = 0.0226374,	N(11) = 0.0462484,	N(12) = 1.39545,	N(13) = 0.0590475,	
