SNEDics v3.22.2 Non-Gaussian ED ground state program		Start at Fri Jun  3 01:27:18 2022

Parallelization: 32 MPI threads  * 8 OpenMP threads = 256 total threads.
********************************************************************************************************************
********************************************************************************************************************

********************************************************************************************************************
System parameters and configurations
	special program options are enabled: splitted diagonal Hamiltonian | splitted Hamiltonian terms
********************************************************************************************************************
Read input file "model_params.in"
	Hubbard-Holstein model parameters : 	t = 1    t' = -0.3    U = 8    g = 0.55    W = 0.2    g' = 0.05    
********************************************************************************************************************
Read input file "hilbertspace_params.in"
	Requested 16-site 2D lattice, with 8 electrons (4, 4)
	Boundary : Periodic		Hilbert space representation : momentum-space (restricted to kIdx = 10)
	Conservation: particle number[U(1)]      spin[U(1)]     momentum
********************************************************************************************************************

Cluster Positions:				Cluster symmetry group : D4
 x ... x ... x ... x .....                       x ... x ... x ... x .....
 |           |           :                       |           |           :
 |           |           :                       |           |           :
12    13    14    15     x                       1     5     6     5     x
 |           |           :                       |           |           :
 |           |           :                       |           |           :
 8 --- 9 ---10 ---11 --- x                       2 --- 6 ---10 --- 6 --- x
 |           |           :                       |           |           :
 |           |           :                       |           |           :
 4     5     6     7     x                       1     5     6     5     x
 |           |           :                       |           |           :
 |           |           :                       |           |           :
 0 --- 1 --- 2 --- 3 --- x                       0 --- 1 --- 2 --- 1 --- x
orbital number : 1
********************************************************************************************************************
Read input file "obs_params.in"
	Observable Type : Nq(All),   Sq(All),   N(All-Orbital),   Delta[s](All),   Delta[d](All),   Delta[s+](All)
** WARNING ** the input observables have non-local factors which have been reinterpreted. The total observable number is 96
********************************************************************************************************************


********************************************************************************************************************
Start calculating the non-Gaussian ED ground state
Maximal iteration number is 1000; energy resolution is 1e-06. Phonon state relaxation time is 2000
W = 0.2 is relatively large. The non-Gaussian ED calculation starts directly.
open output files: NGSED_iteration_observables.txt
********************************************************************************************************************
Start the 0 rounds of NGS-ED iteration
	effective electronic model is modified as: kinetic energy t = 1, t' = -0.3
	                                           effective interaction Vq = [0,0,0,0,0,0,0,0,0,0,0,0,0,0,0,0]
	first Hamiltonian is constructed, size = 207168 and non-zero numbers = 32240256
	PARPACK diagonalization completed after 105 matrix-vector product operations.
	iteration results: : total energy is -14.405877 | electron energy -14.405877 + phonon energy 0.000000 | electron momentum kIdx = 10
	Nq(0) = 4,	Nq(1) = 0.191255,	Nq(2) = 0.234333,	Nq(3) = 0.191255,	Nq(4) = 0.191255,	Nq(5) = 0.305984,	
	Nq(6) = 0.331756,	Nq(7) = 0.305984,	Nq(8) = 0.234333,	Nq(9) = 0.331756,	Nq(10) = 0.361611,	
	Nq(11) = 0.331756,	Nq(12) = 0.191255,	Nq(13) = 0.305984,	Nq(14) = 0.331756,	Nq(15) = 0.305984;	
	Sq(0) = -3.48352e-18,	Sq(1) = 0.388709,	Sq(2) = 0.400904,	Sq(3) = 0.388709,	Sq(4) = 0.388709,	
	Sq(5) = 0.66772,	Sq(6) = 0.571758,	Sq(7) = 0.66772,	Sq(8) = 0.400904,	Sq(9) = 0.571758,	
	Sq(10) = 0.539189,	Sq(11) = 0.571758,	Sq(12) = 0.388709,	Sq(13) = 0.66772,	Sq(14) = 0.571758,	
	Sq(15) = 0.66772;	N(0) = 1.74885,	N(1) = 0.991935,	N(2) = 0.972078,	N(3) = 0.991935,	
	N(4) = 0.991935,	N(5) = 0.0652548,	N(6) = 0.0181601,	N(7) = 0.0652548,	N(8) = 0.972078,	
	N(9) = 0.0181601,	N(10) = 0.00559157,	N(11) = 0.0181601,	N(12) = 0.991935,	N(13) = 0.0652548,	
	N(14) = 0.0181601,	N(15) = 0.0652548;	Delta[s](0) = 0.012624,	Delta[s](1) = 0.00941515,	Delta[s](2) = 0.00830813,	
	Delta[s](3) = 0.00941515,	Delta[s](4) = 0.00941515,	Delta[s](5) = 0.000893511,	Delta[s](6) = 0.00059329,	Delta[s](7) = 0.000893511,	
	Delta[s](8) = 0.00830813,	Delta[s](9) = 0.00059329,	Delta[s](10) = 0.000279424,	Delta[s](11) = 0.00059329,	Delta[s](12) = 0.00941515,	
	Delta[s](13) = 0.000893511,	Delta[s](14) = 0.00059329,	Delta[s](15) = 0.000893511;	Delta[d](0) = 0.0198639,	Delta[d](1) = 0.0621501,	
	Delta[d](2) = 0.125493,	Delta[d](3) = 0.0621501,	Delta[d](4) = 0.0621501,	Delta[d](5) = 0.0790212,	Delta[d](6) = 0.158702,	
	Delta[d](7) = 0.0790212,	Delta[d](8) = 0.125493,	Delta[d](9) = 0.158702,	Delta[d](10) = 0.275758,	Delta[d](11) = 0.158702,	
	Delta[d](12) = 0.0621501,	Delta[d](13) = 0.0790212,	Delta[d](14) = 0.158702,	Delta[d](15) = 0.0790212;	Delta[s+](0) = 0.220985,	
	Delta[s+](1) = 0.151158,	Delta[s+](2) = 0.125493,	Delta[s+](3) = 0.151158,	Delta[s+](4) = 0.151158,	Delta[s+](5) = 0.0114384,	
	Delta[s+](6) = 0.0223881,	Delta[s+](7) = 0.0114384,	Delta[s+](8) = 0.125493,	Delta[s+](9) = 0.0223881,	Delta[s+](10) = 0.00446605,	
	Delta[s+](11) = 0.0223881,	Delta[s+](12) = 0.151158,	Delta[s+](13) = 0.0114384,	Delta[s+](14) = 0.0223881,	Delta[s+](15) = 0.0114384
	
The 0-th iteration is completed.	|| time cost : 0h 0m 4.941s
********************************************************************************************************************
Start the 1 rounds of NGS-ED iteration
	effective electronic model is modified as: kinetic energy t = 0.971596, t' = -0.288313
	                                           effective interaction Vq = [   -2.8125, -0.431719, -0.170134, -0.431719, -0.431719, -0.255154,  -0.10813, -0.255154, -0.170134,  -0.10813,-0.0506618,  -0.10813, -0.431719, -0.255154,  -0.10813, -0.255154]
	PARPACK diagonalization completed after 30 matrix-vector product operations.
	iteration results: : total energy is -26.051632 | electron energy -26.117836 + phonon energy 0.066204 | electron momentum kIdx = 10
The 1-th iteration is completed.	|| time cost : 0h 0m 3.428s
********************************************************************************************************************
Start the 2 rounds of NGS-ED iteration
	effective electronic model is modified as: kinetic energy t = 0.970549, t' = -0.28768
	                                           effective interaction Vq = [  -2.8125,-0.459476,-0.168636,-0.459476,-0.459476,-0.259669,-0.105735,-0.259669,-0.168636,-0.105735, -0.04913,-0.105735,-0.459476,-0.259669,-0.105735,-0.259669]
	PARPACK diagonalization completed after 30 matrix-vector product operations.
	iteration results: : total energy is -26.052145 | electron energy -26.125206 + phonon energy 0.073062 | electron momentum kIdx = 10
The 2-th iteration is completed.	|| time cost : 0h 0m 0.734s
********************************************************************************************************************
Start the 3 rounds of NGS-ED iteration
	effective electronic model is modified as: kinetic energy t = 0.970455, t' = -0.287618
	                                           effective interaction Vq = [   -2.8125, -0.462514, -0.168428, -0.462514, -0.462514, -0.259652, -0.105569, -0.259652, -0.168428, -0.105569,-0.0490681, -0.105569, -0.462514, -0.259652, -0.105569, -0.259652]
	PARPACK diagonalization completed after 30 matrix-vector product operations.
	iteration results: : total energy is -26.052150 | electron energy -26.125837 + phonon energy 0.073687 | electron momentum kIdx = 10
The 3-th iteration is completed.	|| time cost : 0h 0m 0.794s
********************************************************************************************************************
Start the 4 rounds of NGS-ED iteration
	effective electronic model is modified as: kinetic energy t = 0.970445, t' = -0.287611
	                                           effective interaction Vq = [   -2.8125, -0.462866, -0.168407, -0.462866, -0.462866, -0.259618, -0.105556, -0.259618, -0.168407, -0.105556,-0.0490634, -0.105556, -0.462866, -0.259618, -0.105556, -0.259618]
	PARPACK diagonalization completed after 30 matrix-vector product operations.
	iteration results: : total energy is -26.052150 | electron energy -26.125900 + phonon energy 0.073750 | electron momentum kIdx = 10
The 4-th iteration is completed.	|| time cost : 0h 0m 0.757s
********************************************************************************************************************
Start the 5 rounds of NGS-ED iteration
	effective electronic model is modified as: kinetic energy t = 0.970444, t' = -0.28761
	                                           effective interaction Vq = [  -2.8125,-0.462908,-0.168405,-0.462908,-0.462908,-0.259612,-0.105555,-0.259612,-0.168405,-0.105555,-0.049063,-0.105555,-0.462908,-0.259612,-0.105555,-0.259612]
	PARPACK diagonalization completed after 30 matrix-vector product operations.
	iteration results: : total energy is -26.052150 | electron energy -26.125907 + phonon energy 0.073757 | electron momentum kIdx = 10
The 5-th iteration is completed.	|| time cost : 0h 0m 0.79s
********************************************************************************************************************
Start the 6 rounds of NGS-ED iteration
	effective electronic model is modified as: kinetic energy t = 0.970444, t' = -0.28761
	                                           effective interaction Vq = [  -2.8125,-0.462913,-0.168404,-0.462913,-0.462913,-0.259611,-0.105555,-0.259611,-0.168404,-0.105555,-0.049063,-0.105555,-0.462913,-0.259611,-0.105555,-0.259611]
	PARPACK diagonalization completed after 30 matrix-vector product operations.
	iteration results: : total energy is -26.052150 | electron energy -26.125908 + phonon energy 0.073758 | electron momentum kIdx = 10
The 6-th iteration is completed.	|| time cost : 0h 0m 0.788s
********************************************************************************************************************
Start the 7 rounds of NGS-ED iteration
	effective electronic model is modified as: kinetic energy t = 0.970444, t' = -0.28761
	                                           effective interaction Vq = [   -2.8125, -0.462913, -0.168404, -0.462913, -0.462913, -0.259611, -0.105555, -0.259611, -0.168404, -0.105555,-0.0490629, -0.105555, -0.462913, -0.259611, -0.105555, -0.259611]
	PARPACK diagonalization completed after 30 matrix-vector product operations.
	iteration results: : total energy is -26.052150 | electron energy -26.125908 + phonon energy 0.073758 | electron momentum kIdx = 10
The 7-th iteration is completed.	|| time cost : 0h 0m 0.771s
********************************************************************************************************************
Start the 8 rounds of NGS-ED iteration
	effective electronic model is modified as: kinetic energy t = 0.970444, t' = -0.28761
	                                           effective interaction Vq = [   -2.8125, -0.462913, -0.168404, -0.462913, -0.462913, -0.259611, -0.105555, -0.259611, -0.168404, -0.105555,-0.0490629, -0.105555, -0.462913, -0.259611, -0.105555, -0.259611]
	PARPACK diagonalization completed after 30 matrix-vector product operations.
	iteration results: : total energy is -26.052150 | electron energy -26.125908 + phonon energy 0.073758 | electron momentum kIdx = 10
	Nq(0) = 4,	Nq(1) = 0.19959,	Nq(2) = 0.232497,	Nq(3) = 0.19959,	Nq(4) = 0.19959,	Nq(5) = 0.309474,	
	Nq(6) = 0.325938,	Nq(7) = 0.309474,	Nq(8) = 0.232497,	Nq(9) = 0.325938,	Nq(10) = 0.352088,	
	Nq(11) = 0.325938,	Nq(12) = 0.19959,	Nq(13) = 0.309474,	Nq(14) = 0.325938,	Nq(15) = 0.309474;	
	Sq(0) = -7.31215e-19,	Sq(1) = 0.388969,	Sq(2) = 0.399572,	Sq(3) = 0.388969,	Sq(4) = 0.388969,	
	Sq(5) = 0.660198,	Sq(6) = 0.575534,	Sq(7) = 0.660198,	Sq(8) = 0.399572,	Sq(9) = 0.575534,	
	Sq(10) = 0.544965,	Sq(11) = 0.575534,	Sq(12) = 0.388969,	Sq(13) = 0.660198,	Sq(14) = 0.575534,	
	Sq(15) = 0.660198;	N(0) = 1.76686,	N(1) = 0.990683,	N(2) = 0.974027,	N(3) = 0.990683,	
	N(4) = 0.990683,	N(5) = 0.0602743,	N(6) = 0.0186635,	N(7) = 0.0602743,	N(8) = 0.974027,	
	N(9) = 0.0186635,	N(10) = 0.00660065,	N(11) = 0.0186635,	N(12) = 0.990683,	N(13) = 0.0602743,	
	N(14) = 0.0186635,	N(15) = 0.0602743;	Delta[s](0) = 0.0134045,	Delta[s](1) = 0.0101694,	Delta[s](2) = 0.00891498,	
	Delta[s](3) = 0.0101694,	Delta[s](4) = 0.0101694,	Delta[s](5) = 0.000950814,	Delta[s](6) = 0.000634144,	Delta[s](7) = 0.000950814,	
	Delta[s](8) = 0.00891498,	Delta[s](9) = 0.000634144,	Delta[s](10) = 0.000292612,	Delta[s](11) = 0.000634144,	Delta[s](12) = 0.0101694,	
	Delta[s](13) = 0.000950814,	Delta[s](14) = 0.000634144,	Delta[s](15) = 0.000950814;	Delta[d](0) = 0.0187866,	Delta[d](1) = 0.062212,	
	Delta[d](2) = 0.126737,	Delta[d](3) = 0.062212,	Delta[d](4) = 0.062212,	Delta[d](5) = 0.0793865,	Delta[d](6) = 0.159601,	
	Delta[d](7) = 0.0793865,	Delta[d](8) = 0.126737,	Delta[d](9) = 0.159601,	Delta[d](10) = 0.275818,	Delta[d](11) = 0.159601,	
	Delta[d](12) = 0.062212,	Delta[d](13) = 0.0793865,	Delta[d](14) = 0.159601,	Delta[d](15) = 0.0793865;	Delta[s+](0) = 0.226318,	
	Delta[s+](1) = 0.155452,	Delta[s+](2) = 0.126737,	Delta[s+](3) = 0.155452,	Delta[s+](4) = 0.155452,	Delta[s+](5) = 0.0112367,	
	Delta[s+](6) = 0.0224055,	Delta[s+](7) = 0.0112367,	Delta[s+](8) = 0.126737,	Delta[s+](9) = 0.0224055,	Delta[s+](10) = 0.00464616,	
	Delta[s+](11) = 0.0224055,	Delta[s+](12) = 0.155452,	Delta[s+](13) = 0.0112367,	Delta[s+](14) = 0.0224055,	Delta[s+](15) = 0.0112367
	
The 8-th iteration is completed.	|| time cost : 0h 0m 2.996s
********************************************************************************************************************
********************************************************************************************************************
Ground state is obtained after 9 iterations. The current ground-state energy is -26.0522, in which electron energy is -26.1259 and phonon energy is 0.073758
Final variational state is: 
	Gamma_x = [      1,1.52333,1.20788,1.52333,1.52333,1.45359,1.18118,1.45359,1.20788,1.18118,1.08814,1.18118,1.52333,1.45359,1.18118,1.45359]
	lambda_q = [     3.75, 0.378078, 0.157611, 0.378078, 0.378078, 0.247112,  0.12051, 0.247112, 0.157611,  0.12051,0.0715527,  0.12051, 0.378078, 0.247112,  0.12051, 0.247112]
Effective e-e interactions mediated by phonons are:
	momentum-space Vq = [   -2.8125, -0.462913, -0.168404, -0.462913, -0.462913, -0.259611, -0.105555, -0.259611, -0.168404, -0.105555,-0.0490629, -0.105555, -0.462913, -0.259611, -0.105555, -0.259611]
	real-space Vr = [-0.406918,-0.217385,-0.134996,-0.217385,-0.217385,-0.157797,-0.128045,-0.157797,-0.134996,-0.128045,-0.122684,-0.128045,-0.217385,-0.157797,-0.128045,-0.157797]
********************************************************************************************************************
o___o  ----------------------------------------
| L |	Time since last clock: 0h 0m 0.01s
A===A	Time since the beginning: 0h 0m 16.013s
***********************************************


Non-Gaussina ED ground state calculation is completed. The final ground-state energy is -26.0522
********************************************************************************************************************
o___o  ----------------------------------------
| L |	Time since last clock: 0h 0m 0.003s
A===A	Time since the beginning: 0h 0m 16.017s
***********************************************



********************************************************************************************************************
All non-Gaussian ED ground state calculations have been completed. Exit now.
