SNEDics v3.22.2 Non-Gaussian ED ground state program		Start at Thu Feb  3 08:25:11 2022

Parallelization: 32 MPI threads  * 8 OpenMP threads = 256 total threads.
********************************************************************************************************************
********************************************************************************************************************

********************************************************************************************************************
System parameters and configurations
	special program options are enabled: splitted diagonal Hamiltonian | splitted Hamiltonian terms
********************************************************************************************************************
Read input file "model_params.in"
	Hubbard-Holstein model parameters : 	t = 1    t' = -0.1    U = 8    g = 1    W = 1    
********************************************************************************************************************
Read input file "hilbertspace_params.in"
	Requested 16-site 2D lattice, with 6 electrons (3, 3)
	Boundary : Periodic		Hilbert space representation : momentum-space (restricted to kIdx = 10)
	Conservation: particle number[U(1)]      spin[U(1)]     momentum
********************************************************************************************************************

Cluster Positions:				Cluster symmetry group : D4
 x ... x ... x ... x .....                       x ... x ... x ... x .....
 |           |           :                       |           |           :
 |           |           :                       |           |           :
12    13    14    15     x                       1     5     6     5     x
 |           |           :                       |           |           :
 |           |           :                       |           |           :
 8 --- 9 ---10 ---11 --- x                       2 --- 6 ---10 --- 6 --- x
 |           |           :                       |           |           :
 |           |           :                       |           |           :
 4     5     6     7     x                       1     5     6     5     x
 |           |           :                       |           |           :
 |           |           :                       |           |           :
 0 --- 1 --- 2 --- 3 --- x                       0 --- 1 --- 2 --- 1 --- x
orbital number : 1
********************************************************************************************************************
Read input file "obs_params.in"
	Observable Type : Nq(All),   Sq(All),   N(All-Orbital),   Delta[s](All),   Delta[d](All),   Delta[s+](All)
** WARNING ** the input observables have non-local factors which have been reinterpreted. The total observable number is 96
********************************************************************************************************************


********************************************************************************************************************
Start calculating the non-Gaussian ED ground state
Maximal iteration number is 1000; energy resolution is 1e-06. Phonon state relaxation time is 2000
W = 1 is relatively large. The non-Gaussian ED calculation starts directly.
open output files: NGSED_iteration_observables.txt
********************************************************************************************************************
Start the 0 rounds of NGS-ED iteration
	effective electronic model is modified as: kinetic energy t = 1, t' = -0.1
	                                           effective interaction Vq = [0,0,0,0,0,0,0,0,0,0,0,0,0,0,0,0]
	first Hamiltonian is constructed, size = 19600 and non-zero numbers = 2024404
	PARPACK diagonalization completed after 60 matrix-vector product operations.
	iteration results: : total energy is -13.707007 | electron energy -13.707007 + phonon energy 0.000000 | electron momentum kIdx = 10
	Nq(0) = 2.25,	Nq(1) = 0.187198,	Nq(2) = 0.218868,	Nq(3) = 0.187198,	Nq(4) = 0.187198,	Nq(5) = 0.252375,	
	Nq(6) = 0.333365,	Nq(7) = 0.252375,	Nq(8) = 0.218868,	Nq(9) = 0.333365,	Nq(10) = 0.371399,	
	Nq(11) = 0.333365,	Nq(12) = 0.187198,	Nq(13) = 0.252375,	Nq(14) = 0.333365,	Nq(15) = 0.252375;	
	Sq(0) = 8.7471e-20,	Sq(1) = 0.291471,	Sq(2) = 0.626901,	Sq(3) = 0.291471,	Sq(4) = 0.291471,	
	Sq(5) = 0.354367,	Sq(6) = 0.405866,	Sq(7) = 0.354367,	Sq(8) = 0.626901,	Sq(9) = 0.405866,	
	Sq(10) = 0.388498,	Sq(11) = 0.405866,	Sq(12) = 0.291471,	Sq(13) = 0.354367,	Sq(14) = 0.405866,	
	Sq(15) = 0.354367;	N(0) = 1.84826,	N(1) = 0.971912,	N(2) = 0.0531239,	N(3) = 0.971912,	
	N(4) = 0.971912,	N(5) = 0.0210529,	N(6) = 0.0169817,	N(7) = 0.0210529,	N(8) = 0.0531239,	
	N(9) = 0.0169817,	N(10) = 0.00570818,	N(11) = 0.0169817,	N(12) = 0.971912,	N(13) = 0.0210529,	
	N(14) = 0.0169817,	N(15) = 0.0210529;	Delta[s](0) = 0.0140917,	Delta[s](1) = 0.00920671,	Delta[s](2) = 0.00110116,	
	Delta[s](3) = 0.00920671,	Delta[s](4) = 0.00920671,	Delta[s](5) = 0.00444881,	Delta[s](6) = 0.00093773,	Delta[s](7) = 0.00444881,	
	Delta[s](8) = 0.00110116,	Delta[s](9) = 0.00093773,	Delta[s](10) = 0.000776204,	Delta[s](11) = 0.00093773,	Delta[s](12) = 0.00920671,	
	Delta[s](13) = 0.00444881,	Delta[s](14) = 0.00093773,	Delta[s](15) = 0.00444881;	Delta[d](0) = 0.00238302,	Delta[d](1) = 0.018071,	
	Delta[d](2) = 0.00693603,	Delta[d](3) = 0.018071,	Delta[d](4) = 0.018071,	Delta[d](5) = 0.0286721,	Delta[d](6) = 0.00686933,	
	Delta[d](7) = 0.0286721,	Delta[d](8) = 0.00693603,	Delta[d](9) = 0.00686933,	Delta[d](10) = 0.00261258,	Delta[d](11) = 0.00686933,	
	Delta[d](12) = 0.018071,	Delta[d](13) = 0.0286721,	Delta[d](14) = 0.00686933,	Delta[d](15) = 0.0286721;	Delta[s+](0) = 0.235207,	
	Delta[s+](1) = 0.13304,	Delta[s+](2) = 0.00693603,	Delta[s+](3) = 0.13304,	Delta[s+](4) = 0.13304,	Delta[s+](5) = 0.0397486,	
	Delta[s+](6) = 0.00289281,	Delta[s+](7) = 0.0397486,	Delta[s+](8) = 0.00693603,	Delta[s+](9) = 0.00289281,	Delta[s+](10) = 0.000717387,	
	Delta[s+](11) = 0.00289281,	Delta[s+](12) = 0.13304,	Delta[s+](13) = 0.0397486,	Delta[s+](14) = 0.00289281,	Delta[s+](15) = 0.0397486
	
The 0-th iteration is completed.	|| time cost : 0h 0m 0.987s
********************************************************************************************************************
Start the 1 rounds of NGS-ED iteration
	effective electronic model is modified as: kinetic energy t = 0.947893, t' = -0.0939181
	                                           effective interaction Vq = [       -1, -0.55801,-0.401628, -0.55801, -0.55801,-0.431884,-0.398636,-0.431884,-0.401628,-0.398636,-0.343327,-0.398636, -0.55801,-0.431884,-0.398636,-0.431884]
	PARPACK diagonalization completed after 30 matrix-vector product operations.
	iteration results: : total energy is -16.874080 | electron energy -16.909400 + phonon energy 0.035321 | electron momentum kIdx = 10
The 1-th iteration is completed.	|| time cost : 0h 0m 0.93s
********************************************************************************************************************
Start the 2 rounds of NGS-ED iteration
	effective electronic model is modified as: kinetic energy t = 0.947819, t' = -0.0938474
	                                           effective interaction Vq = [       -1,-0.566326,-0.401925,-0.566326,-0.566326,-0.432198,-0.395691,-0.432198,-0.401925,-0.395691,-0.337705,-0.395691,-0.566326,-0.432198,-0.395691,-0.432198]
	PARPACK diagonalization completed after 30 matrix-vector product operations.
	iteration results: : total energy is -16.874205 | electron energy -16.909679 + phonon energy 0.035473 | electron momentum kIdx = 10
The 2-th iteration is completed.	|| time cost : 0h 0m 0.733s
********************************************************************************************************************
Start the 3 rounds of NGS-ED iteration
	effective electronic model is modified as: kinetic energy t = 0.947813, t' = -0.0938428
	                                           effective interaction Vq = [       -1, -0.56683,-0.402006, -0.56683, -0.56683,-0.432216,-0.395471,-0.432216,-0.402006,-0.395471,-0.337425,-0.395471, -0.56683,-0.432216,-0.395471,-0.432216]
	PARPACK diagonalization completed after 30 matrix-vector product operations.
	iteration results: : total energy is -16.874206 | electron energy -16.909676 + phonon energy 0.035470 | electron momentum kIdx = 10
The 3-th iteration is completed.	|| time cost : 0h 0m 0.65s
********************************************************************************************************************
Start the 4 rounds of NGS-ED iteration
	effective electronic model is modified as: kinetic energy t = 0.947813, t' = -0.0938426
	                                           effective interaction Vq = [       -1,-0.566862,-0.402013,-0.566862,-0.566862,-0.432217,-0.395456,-0.432217,-0.402013,-0.395456,-0.337411,-0.395456,-0.566862,-0.432217,-0.395456,-0.432217]
	PARPACK diagonalization completed after 30 matrix-vector product operations.
	iteration results: : total energy is -16.874206 | electron energy -16.909675 + phonon energy 0.035470 | electron momentum kIdx = 10
The 4-th iteration is completed.	|| time cost : 0h 0m 0.624s
********************************************************************************************************************
Start the 5 rounds of NGS-ED iteration
	effective electronic model is modified as: kinetic energy t = 0.947813, t' = -0.0938425
	                                           effective interaction Vq = [       -1,-0.566864,-0.402014,-0.566864,-0.566864,-0.432217,-0.395454,-0.432217,-0.402014,-0.395454, -0.33741,-0.395454,-0.566864,-0.432217,-0.395454,-0.432217]
	PARPACK diagonalization completed after 30 matrix-vector product operations.
	iteration results: : total energy is -16.874206 | electron energy -16.909675 + phonon energy 0.035470 | electron momentum kIdx = 10
The 5-th iteration is completed.	|| time cost : 0h 0m 0.664s
********************************************************************************************************************
Start the 6 rounds of NGS-ED iteration
	effective electronic model is modified as: kinetic energy t = 0.947813, t' = -0.0938425
	                                           effective interaction Vq = [       -1,-0.566864,-0.402014,-0.566864,-0.566864,-0.432217,-0.395454,-0.432217,-0.402014,-0.395454, -0.33741,-0.395454,-0.566864,-0.432217,-0.395454,-0.432217]
	PARPACK diagonalization completed after 30 matrix-vector product operations.
	iteration results: : total energy is -16.874206 | electron energy -16.909675 + phonon energy 0.035470 | electron momentum kIdx = 10
	Nq(0) = 2.25,	Nq(1) = 0.192862,	Nq(2) = 0.219811,	Nq(3) = 0.192862,	Nq(4) = 0.192862,	Nq(5) = 0.253496,	
	Nq(6) = 0.331218,	Nq(7) = 0.253496,	Nq(8) = 0.219811,	Nq(9) = 0.331218,	Nq(10) = 0.365403,	
	Nq(11) = 0.331218,	Nq(12) = 0.192862,	Nq(13) = 0.253496,	Nq(14) = 0.331218,	Nq(15) = 0.253496;	
	Sq(0) = 2.24125e-19,	Sq(1) = 0.28893,	Sq(2) = 0.621225,	Sq(3) = 0.28893,	Sq(4) = 0.28893,	
	Sq(5) = 0.353759,	Sq(6) = 0.407741,	Sq(7) = 0.353759,	Sq(8) = 0.621225,	Sq(9) = 0.407741,	
	Sq(10) = 0.390499,	Sq(11) = 0.407741,	Sq(12) = 0.28893,	Sq(13) = 0.353759,	Sq(14) = 0.407741,	
	Sq(15) = 0.353759;	N(0) = 1.86106,	N(1) = 0.973072,	N(2) = 0.0480066,	N(3) = 0.973072,	
	N(4) = 0.973072,	N(5) = 0.0196762,	N(6) = 0.0164805,	N(7) = 0.0196762,	N(8) = 0.0480066,	
	N(9) = 0.0164805,	N(10) = 0.00601644,	N(11) = 0.0164805,	N(12) = 0.973072,	N(13) = 0.0196762,	
	N(14) = 0.0164805,	N(15) = 0.0196762;	Delta[s](0) = 0.015234,	Delta[s](1) = 0.0101468,	Delta[s](2) = 0.00120738,	
	Delta[s](3) = 0.0101468,	Delta[s](4) = 0.0101468,	Delta[s](5) = 0.00486972,	Delta[s](6) = 0.00102725,	Delta[s](7) = 0.00486972,	
	Delta[s](8) = 0.00120738,	Delta[s](9) = 0.00102725,	Delta[s](10) = 0.000840786,	Delta[s](11) = 0.00102725,	Delta[s](12) = 0.0101468,	
	Delta[s](13) = 0.00486972,	Delta[s](14) = 0.00102725,	Delta[s](15) = 0.00486972;	Delta[d](0) = 0.00237054,	Delta[d](1) = 0.0188396,	
	Delta[d](2) = 0.00686703,	Delta[d](3) = 0.0188396,	Delta[d](4) = 0.0188396,	Delta[d](5) = 0.0291924,	Delta[d](6) = 0.0066858,	
	Delta[d](7) = 0.0291924,	Delta[d](8) = 0.00686703,	Delta[d](9) = 0.0066858,	Delta[d](10) = 0.00268794,	Delta[d](11) = 0.0066858,	
	Delta[d](12) = 0.0188396,	Delta[d](13) = 0.0291924,	Delta[d](14) = 0.0066858,	Delta[d](15) = 0.0291924;	Delta[s+](0) = 0.237778,	
	Delta[s+](1) = 0.135395,	Delta[s+](2) = 0.00686703,	Delta[s+](3) = 0.135395,	Delta[s+](4) = 0.135395,	Delta[s+](5) = 0.0399764,	
	Delta[s+](6) = 0.00294391,	Delta[s+](7) = 0.0399764,	Delta[s+](8) = 0.00686703,	Delta[s+](9) = 0.00294391,	Delta[s+](10) = 0.000731045,	
	Delta[s+](11) = 0.00294391,	Delta[s+](12) = 0.135395,	Delta[s+](13) = 0.0399764,	Delta[s+](14) = 0.00294391,	Delta[s+](15) = 0.0399764
	
The 6-th iteration is completed.	|| time cost : 0h 0m 0.818s
********************************************************************************************************************
********************************************************************************************************************
Ground state is obtained after 7 iterations. The current ground-state energy is -16.8742, in which electron energy is -16.9097 and phonon energy is 0.0354695
Final variational state is: 
	Gamma_x = [      1,1.09054,1.08004,1.09054,1.09054,1.09859,1.12113,1.09859,1.08004,1.12113,1.11675,1.12113,1.09054,1.09859,1.12113,1.09859]
	lambda_q = [       1,0.341869,0.226704,0.341869,0.341869,0.246486,0.222475,0.246486,0.226704,0.222475,0.186004,0.222475,0.341869,0.246486,0.222475,0.246486]
Effective e-e interactions mediated by phonons are:
	momentum-space Vq = [       -1,-0.566864,-0.402014,-0.566864,-0.566864,-0.432217,-0.395454,-0.432217,-0.402014,-0.395454, -0.33741,-0.395454,-0.566864,-0.432217,-0.395454,-0.432217]
	real-space Vr = [  -0.482474, -0.0628381, -0.0257855, -0.0628381, -0.0628381, -0.0333364, -0.0199857, -0.0333364, -0.0257855, -0.0199857,-0.00131462, -0.0199857, -0.0628381, -0.0333364, -0.0199857, -0.0333364]
********************************************************************************************************************
o___o  ----------------------------------------
| L |	Time since last clock: 0h 0m 0.007s
A===A	Time since the beginning: 0h 0m 5.416s
***********************************************


Non-Gaussina ED ground state calculation is completed. The final ground-state energy is -16.8742
********************************************************************************************************************
o___o  ----------------------------------------
| L |	Time since last clock: 0h 0m 0.002s
A===A	Time since the beginning: 0h 0m 5.419s
***********************************************



********************************************************************************************************************
All non-Gaussian ED ground state calculations have been completed. Exit now.
