SNEDics v3.4 Non-Gaussian ED ground state program		Start at Sat Sep 21 21:04:54 2019

parallized on 16 MPI threads  * 8 OpenMP threads = 128 total threads.
********************************************************************************************************************
********************************************************************************************************************

********************************************************************************************************************
System parameters and configurations
********************************************************************************************************************
Special program options are enabled: splitted diagonal Hamiltonian
********************************************************************************************************************
Read input file "model_params.in"
	Hubbard-Holstein model parameters : 	t = 1    U = 3.5    g = 3.5355    W = 5    
********************************************************************************************************************
Read input file "hilbertspace_params.in"
	Requested 16-site 2D lattice, with 16 electrons (8, 8)
	Boundary : Periodic		Hilbert space representation : momentum-space (restricted to kIdx = 0)
	Conservation: particle number[U(1)]      spin[U(1)]     momentum
********************************************************************************************************************

Cluster Positions:				Cluster symmetry group : D4
 x ... x ... x ... x .....                       x ... x ... x ... x .....
 |           |           :                       |           |           :
 |           |           :                       |           |           :
12    13    14    15     x                       1     5     6     5     x
 |           |           :                       |           |           :
 |           |           :                       |           |           :
 8 --- 9 ---10 ---11 --- x                       2 --- 6 ---10 --- 6 --- x
 |           |           :                       |           |           :
 |           |           :                       |           |           :
 4     5     6     7     x                       1     5     6     5     x
 |           |           :                       |           |           :
 |           |           :                       |           |           :
 0 --- 1 --- 2 --- 3 --- x                       0 --- 1 --- 2 --- 1 --- x
orbital number : 1
********************************************************************************************************************
Read input file "obs_params.in"
	Observable Type : Nq(All),   Sq(All),   N(All),   Delta[s](All),   Delta[d](All),   Delta[s+](All)
********************************************************************************************************************
** WARNING ** the input observables have non-local factors which have been reinterpreted. The total observable number is 96
********************************************************************************************************************


********************************************************************************************************************
Start calculating the non-Gaussian ED ground state
** WARNING ** Detected low phonon energy W < 10. The initial state will be prepared through a warm-up process.
********************************************************************************************************************
Start warm-up calculation for scaling factor 2
open output files: NGSEDWarmUpW10Obs.txt
********************************************************************************************************************
Start the 0 rounds of NGS-ED iteration
	effective electronic model is modified as: kinetic energy t = 1
	                                           effective interaction Vq = [-0,-0,-0,-0,-0,-0,-0,-0,-0,-0,-0,-0,-0,-0,-0,-0]
	first Hamiltonian is constructed, non-zero numbers = 2845383612
	PARPACK diagonalization completed after 90 matrix-vector product operations.
	iteration results: : total energy is -14.585369 | electron energy -14.585369 + phonon energy 0.000000 | electron momentum kIdx = 0
	Nq(0) = 16,	Nq(1) = 0.176596,	Nq(2) = 0.252846,	Nq(3) = 0.176596,	Nq(4) = 0.176596,	Nq(5) = 0.252846,	Nq(6) = 0.346657,	Nq(7) = 0.252846,	Nq(8) = 0.252846,	Nq(9) = 0.346657,	Nq(10) = 0.416848,	Nq(11) = 0.346657,	Nq(12) = 0.176596,	Nq(13) = 0.252846,	Nq(14) = 0.346657,	Nq(15) = 0.252846,	Sq(0) = -1.10043e-18,	Sq(1) = 0.425367,	Sq(2) = 0.619396,	Sq(3) = 0.425367,	Sq(4) = 0.425367,	Sq(5) = 0.619396,	Sq(6) = 0.785198,	Sq(7) = 0.619396,	Sq(8) = 0.619396,	Sq(9) = 0.785198,	Sq(10) = 3.41443,	Sq(11) = 0.785198,	Sq(12) = 0.425367,	Sq(13) = 0.619396,	Sq(14) = 0.785198,	Sq(15) = 0.619396,	N(0) = 1.94634,	N(1) = 1.87886,	N(2) = 1,	N(3) = 1.87886,	N(4) = 1.87886,	N(5) = 1,	N(6) = 0.12114,	N(7) = 1,	N(8) = 1,	N(9) = 0.12114,	N(10) = 0.0536562,	N(11) = 0.12114,	N(12) = 1.87886,	N(13) = 1,	N(14) = 0.12114,	N(15) = 1,	Delta[s](0) = 0.189437,	Delta[s](1) = 0.162355,	Delta[s](2) = 0.126306,	Delta[s](3) = 0.162355,	Delta[s](4) = 0.162355,	Delta[s](5) = 0.126306,	Delta[s](6) = 0.0968751,	Delta[s](7) = 0.126306,	Delta[s](8) = 0.126306,	Delta[s](9) = 0.0968751,	Delta[s](10) = 0.0292754,	Delta[s](11) = 0.0968751,	Delta[s](12) = 0.162355,	Delta[s](13) = 0.126306,	Delta[s](14) = 0.0968751,	Delta[s](15) = 0.126306,	Delta[d](0) = 0.556607,	Delta[d](1) = 0.367233,	Delta[d](2) = 0.298876,	Delta[d](3) = 0.367233,	Delta[d](4) = 0.367233,	Delta[d](5) = 0.32301,	Delta[d](6) = 0.233776,	Delta[d](7) = 0.32301,	Delta[d](8) = 0.298876,	Delta[d](9) = 0.233776,	Delta[d](10) = 0.097567,	Delta[d](11) = 0.233776,	Delta[d](12) = 0.367233,	Delta[d](13) = 0.32301,	Delta[d](14) = 0.233776,	Delta[d](15) = 0.32301,	Delta[s+](0) = 0.578684,	Delta[s+](1) = 0.460863,	Delta[s+](2) = 0.298876,	Delta[s+](3) = 0.460863,	Delta[s+](4) = 0.460863,	Delta[s+](5) = 0.298876,	Delta[s+](6) = 0.144605,	Delta[s+](7) = 0.298876,	Delta[s+](8) = 0.298876,	Delta[s+](9) = 0.144605,	Delta[s+](10) = 0.0314789,	Delta[s+](11) = 0.144605,	Delta[s+](12) = 0.460863,	Delta[s+](13) = 0.298876,	Delta[s+](14) = 0.144605,	Delta[s+](15) = 0.298876
The 0-th iteration is completed.	|| time cost : 0h 10m 54.97s
********************************************************************************************************************
Start the 1 rounds of NGS-ED iteration
	effective electronic model is modified as: kinetic energy t = 0.936496
	                                           effective interaction Vq = [-2.16162,-1.98473,-1.91693,-1.98473,-1.98473,-1.91693,-1.89586,-1.91693,-1.91693,-1.89586,-1.86907,-1.89586,-1.98473,-1.91693,-1.89586,-1.91693]
	PARPACK diagonalization completed after 90 matrix-vector product operations.
	iteration results: : total energy is -58.615244 | electron energy -58.619473 + phonon energy 0.004229 | electron momentum kIdx = 0
The 1-th iteration is completed.	|| time cost : 0h 9m 57.668s
********************************************************************************************************************
Start the 2 rounds of NGS-ED iteration
	effective electronic model is modified as: kinetic energy t = 0.880206
	                                           effective interaction Vq = [-2.45416,-2.35771,-2.34119,-2.35771,-2.35771,-2.34119,-2.27332,-2.34119,-2.34119,-2.27332,  -2.278,-2.27332,-2.35771,-2.34119,-2.27332,-2.34119]
	PARPACK diagonalization completed after 60 matrix-vector product operations.
	iteration results: : total energy is -65.860991 | electron energy -65.895520 + phonon energy 0.034528 | electron momentum kIdx = 0
The 2-th iteration is completed.	|| time cost : 0h 0m 51.943s
********************************************************************************************************************
Start the 3 rounds of NGS-ED iteration
	effective electronic model is modified as: kinetic energy t = 0.857494
	                                           effective interaction Vq = [-2.49376, -2.4337,-2.42638, -2.4337, -2.4337,-2.42638,-2.36285,-2.42638,-2.42638,-2.36285,-2.38511,-2.36285, -2.4337,-2.42638,-2.36285,-2.42638]
	PARPACK diagonalization completed after 45 matrix-vector product operations.
	iteration results: : total energy is -66.831381 | electron energy -66.893458 + phonon energy 0.062077 | electron momentum kIdx = 0
The 3-th iteration is completed.	|| time cost : 0h 0m 43.22s
********************************************************************************************************************
Start the 4 rounds of NGS-ED iteration
	effective electronic model is modified as: kinetic energy t = 0.849118
	                                           effective interaction Vq = [-2.49911,-2.45332,-2.44604,-2.45332,-2.45332,-2.44604,-2.38906,-2.44604,-2.44604,-2.38906,-2.42905,-2.38906,-2.45332,-2.44604,-2.38906,-2.44604]
	PARPACK diagonalization completed after 45 matrix-vector product operations.
	iteration results: : total energy is -66.969092 | electron energy -67.044733 + phonon energy 0.075640 | electron momentum kIdx = 0
The 4-th iteration is completed.	|| time cost : 0h 0m 43.472s
********************************************************************************************************************
Start the 5 rounds of NGS-ED iteration
	effective electronic model is modified as: kinetic energy t = 0.846585
	                                           effective interaction Vq = [-2.49984,-2.45829,-2.44476,-2.45829,-2.45829,-2.44476,-2.39613,-2.44476,-2.44476,-2.39613,-2.46168,-2.39613,-2.45829,-2.44476,-2.39613,-2.44476]
	PARPACK diagonalization completed after 45 matrix-vector product operations.
	iteration results: : total energy is -67.030087 | electron energy -67.111589 + phonon energy 0.081502 | electron momentum kIdx = 0
The 5-th iteration is completed.	|| time cost : 0h 0m 43.347s
********************************************************************************************************************
Start the 6 rounds of NGS-ED iteration
	effective electronic model is modified as: kinetic energy t = 0.850713
	                                           effective interaction Vq = [-2.49994,-2.45429,-2.41132,-2.45429,-2.45429,-2.41132,-2.38989,-2.41132,-2.41132,-2.38989,-2.48416,-2.38989,-2.45429,-2.41132,-2.38989,-2.41132]
	PARPACK diagonalization completed after 45 matrix-vector product operations.
	iteration results: : total energy is -67.114469 | electron energy -67.196457 + phonon energy 0.081987 | electron momentum kIdx = 0
The 6-th iteration is completed.	|| time cost : 0h 0m 43.802s
********************************************************************************************************************
Start the 7 rounds of NGS-ED iteration
	effective electronic model is modified as: kinetic energy t = 0.855481
	                                           effective interaction Vq = [-2.49995,-2.44773,-2.37513,-2.44773,-2.44773,-2.37513,-2.38045,-2.37513,-2.37513,-2.38045,-2.49124,-2.38045,-2.44773,-2.37513,-2.38045,-2.37513]
	PARPACK diagonalization completed after 45 matrix-vector product operations.
	iteration results: : total energy is -67.143944 | electron energy -67.223983 + phonon energy 0.080039 | electron momentum kIdx = 0
The 7-th iteration is completed.	|| time cost : 0h 0m 45.214s
********************************************************************************************************************
Start the 8 rounds of NGS-ED iteration
	effective electronic model is modified as: kinetic energy t = 0.857581
	                                           effective interaction Vq = [-2.49995,-2.44376,-2.35881,-2.44376,-2.44376,-2.35881,-2.37501,-2.35881,-2.35881,-2.37501,-2.49334,-2.37501,-2.44376,-2.35881,-2.37501,-2.35881]
	PARPACK diagonalization completed after 30 matrix-vector product operations.
	iteration results: : total energy is -67.148647 | electron energy -67.227153 + phonon energy 0.078506 | electron momentum kIdx = 0
The 8-th iteration is completed.	|| time cost : 0h 0m 36.351s
********************************************************************************************************************
Start the 9 rounds of NGS-ED iteration
	effective electronic model is modified as: kinetic energy t = 0.858419
	                                           effective interaction Vq = [-2.49995,-2.44182, -2.3526,-2.44182,-2.44182, -2.3526,-2.37243, -2.3526, -2.3526,-2.37243,-2.49403,-2.37243,-2.44182, -2.3526,-2.37243, -2.3526]
	PARPACK diagonalization completed after 30 matrix-vector product operations.
	iteration results: : total energy is -67.149322 | electron energy -67.227069 + phonon energy 0.077747 | electron momentum kIdx = 0
The 9-th iteration is completed.	|| time cost : 0h 0m 36.441s
********************************************************************************************************************
Start the 10 rounds of NGS-ED iteration
	effective electronic model is modified as: kinetic energy t = 0.85875
	                                           effective interaction Vq = [-2.49995,-2.44095,-2.35031,-2.44095,-2.44095,-2.35031,-2.37128,-2.35031,-2.35031,-2.37128,-2.49426,-2.37128,-2.44095,-2.35031,-2.37128,-2.35031]
	PARPACK diagonalization completed after 30 matrix-vector product operations.
	iteration results: : total energy is -67.149419 | electron energy -67.226833 + phonon energy 0.077414 | electron momentum kIdx = 0
	Nq(0) = 16,	Nq(1) = 0.335976,	Nq(2) = 0.372004,	Nq(3) = 0.335976,	Nq(4) = 0.335976,	Nq(5) = 0.372004,	Nq(6) = 0.605496,	Nq(7) = 0.372004,	Nq(8) = 0.372004,	Nq(9) = 0.605496,	Nq(10) = 4.57071,	Nq(11) = 0.605496,	Nq(12) = 0.335976,	Nq(13) = 0.372004,	Nq(14) = 0.605496,	Nq(15) = 0.372004,	Sq(0) = 9.04192e-19,	Sq(1) = 0.263679,	Sq(2) = 0.323146,	Sq(3) = 0.263679,	Sq(4) = 0.263679,	Sq(5) = 0.323146,	Sq(6) = 0.47506,	Sq(7) = 0.323146,	Sq(8) = 0.323146,	Sq(9) = 0.47506,	Sq(10) = 0.537545,	Sq(11) = 0.47506,	Sq(12) = 0.263679,	Sq(13) = 0.323146,	Sq(14) = 0.47506,	Sq(15) = 0.323146,	N(0) = 1.98713,	N(1) = 1.96587,	N(2) = 1,	N(3) = 1.96587,	N(4) = 1.96587,	N(5) = 1,	N(6) = 0.0341341,	N(7) = 1,	N(8) = 1,	N(9) = 0.0341341,	N(10) = 0.0128712,	N(11) = 0.0341341,	N(12) = 1.96587,	N(13) = 1,	N(14) = 0.0341341,	N(15) = 1,	Delta[s](0) = 0.505672,	Delta[s](1) = 0.35415,	Delta[s](2) = 0.338935,	Delta[s](3) = 0.35415,	Delta[s](4) = 0.35415,	Delta[s](5) = 0.338935,	Delta[s](6) = 0.273115,	Delta[s](7) = 0.338935,	Delta[s](8) = 0.338935,	Delta[s](9) = 0.273115,	Delta[s](10) = 0.235963,	Delta[s](11) = 0.273115,	Delta[s](12) = 0.35415,	Delta[s](13) = 0.338935,	Delta[s](14) = 0.273115,	Delta[s](15) = 0.338935,	Delta[d](0) = 0.228671,	Delta[d](1) = 0.223554,	Delta[d](2) = 0.219502,	Delta[d](3) = 0.223554,	Delta[d](4) = 0.223554,	Delta[d](5) = 0.139963,	Delta[d](6) = 0.179374,	Delta[d](7) = 0.139963,	Delta[d](8) = 0.219502,	Delta[d](9) = 0.179374,	Delta[d](10) = 0.0512335,	Delta[d](11) = 0.179374,	Delta[d](12) = 0.223554,	Delta[d](13) = 0.139963,	Delta[d](14) = 0.179374,	Delta[d](15) = 0.139963,	Delta[s+](0) = 0.426636,	Delta[s+](1) = 0.341007,	Delta[s+](2) = 0.219502,	Delta[s+](3) = 0.341007,	Delta[s+](4) = 0.341007,	Delta[s+](5) = 0.219502,	Delta[s+](6) = 0.0951959,	Delta[s+](7) = 0.219502,	Delta[s+](8) = 0.219502,	Delta[s+](9) = 0.0951959,	Delta[s+](10) = 0.0275605,	Delta[s+](11) = 0.0951959,	Delta[s+](12) = 0.341007,	Delta[s+](13) = 0.219502,	Delta[s+](14) = 0.0951959,	Delta[s+](15) = 0.219502
The 10-th iteration is completed.	|| time cost : 0h 5m 39.402s
********************************************************************************************************************
Start the 11 rounds of NGS-ED iteration
	effective electronic model is modified as: kinetic energy t = 0.858879
	                                           effective interaction Vq = [-2.49995,-2.44058,-2.34948,-2.44058,-2.44058,-2.34948,-2.37079,-2.34948,-2.34948,-2.37079,-2.49435,-2.37079,-2.44058,-2.34948,-2.37079,-2.34948]
	PARPACK diagonalization completed after 30 matrix-vector product operations.
	iteration results: : total energy is -67.149433 | electron energy -67.226708 + phonon energy 0.077275 | electron momentum kIdx = 0
The 11-th iteration is completed.	|| time cost : 0h 0m 36.429s
********************************************************************************************************************
Start the 12 rounds of NGS-ED iteration
	effective electronic model is modified as: kinetic energy t = 0.85893
	                                           effective interaction Vq = [-2.49995,-2.44042,-2.34918,-2.44042,-2.44042,-2.34918,-2.37059,-2.34918,-2.34918,-2.37059,-2.49438,-2.37059,-2.44042,-2.34918,-2.37059,-2.34918]
	PARPACK diagonalization completed after 30 matrix-vector product operations.
	iteration results: : total energy is -67.149435 | electron energy -67.226653 + phonon energy 0.077218 | electron momentum kIdx = 0
	Nq(0) = 16,	Nq(1) = 0.335718,	Nq(2) = 0.371786,	Nq(3) = 0.335718,	Nq(4) = 0.335718,	Nq(5) = 0.371786,	Nq(6) = 0.605137,	Nq(7) = 0.371786,	Nq(8) = 0.371786,	Nq(9) = 0.605137,	Nq(10) = 4.57465,	Nq(11) = 0.605137,	Nq(12) = 0.335718,	Nq(13) = 0.371786,	Nq(14) = 0.605137,	Nq(15) = 0.371786,	Sq(0) = 1.02152e-18,	Sq(1) = 0.263646,	Sq(2) = 0.323135,	Sq(3) = 0.263646,	Sq(4) = 0.263646,	Sq(5) = 0.323135,	Sq(6) = 0.475059,	Sq(7) = 0.323135,	Sq(8) = 0.323135,	Sq(9) = 0.475059,	Sq(10) = 0.53758,	Sq(11) = 0.475059,	Sq(12) = 0.263646,	Sq(13) = 0.323135,	Sq(14) = 0.475059,	Sq(15) = 0.323135,	N(0) = 1.98712,	N(1) = 1.96583,	N(2) = 1,	N(3) = 1.96583,	N(4) = 1.96583,	N(5) = 1,	N(6) = 0.034171,	N(7) = 1,	N(8) = 1,	N(9) = 0.034171,	N(10) = 0.0128772,	N(11) = 0.034171,	N(12) = 1.96583,	N(13) = 1,	N(14) = 0.034171,	N(15) = 1,	Delta[s](0) = 0.505254,	Delta[s](1) = 0.354178,	Delta[s](2) = 0.338948,	Delta[s](3) = 0.354178,	Delta[s](4) = 0.354178,	Delta[s](5) = 0.338948,	Delta[s](6) = 0.273148,	Delta[s](7) = 0.338948,	Delta[s](8) = 0.338948,	Delta[s](9) = 0.273148,	Delta[s](10) = 0.236148,	Delta[s](11) = 0.273148,	Delta[s](12) = 0.354178,	Delta[s](13) = 0.338948,	Delta[s](14) = 0.273148,	Delta[s](15) = 0.338948,	Delta[d](0) = 0.228604,	Delta[d](1) = 0.223476,	Delta[d](2) = 0.219462,	Delta[d](3) = 0.223476,	Delta[d](4) = 0.223476,	Delta[d](5) = 0.139891,	Delta[d](6) = 0.179289,	Delta[d](7) = 0.139891,	Delta[d](8) = 0.219462,	Delta[d](9) = 0.179289,	Delta[d](10) = 0.0511554,	Delta[d](11) = 0.179289,	Delta[d](12) = 0.223476,	Delta[d](13) = 0.139891,	Delta[d](14) = 0.179289,	Delta[d](15) = 0.139891,	Delta[s+](0) = 0.426653,	Delta[s+](1) = 0.340982,	Delta[s+](2) = 0.219462,	Delta[s+](3) = 0.340982,	Delta[s+](4) = 0.340982,	Delta[s+](5) = 0.219462,	Delta[s+](6) = 0.0951402,	Delta[s+](7) = 0.219462,	Delta[s+](8) = 0.219462,	Delta[s+](9) = 0.0951402,	Delta[s+](10) = 0.0275254,	Delta[s+](11) = 0.0951402,	Delta[s+](12) = 0.340982,	Delta[s+](13) = 0.219462,	Delta[s+](14) = 0.0951402,	Delta[s+](15) = 0.219462
The 12-th iteration is completed.	|| time cost : 0h 5m 38.246s
********************************************************************************************************************
********************************************************************************************************************
Ground state is obtained after 13 iterations. The current ground-state energy is -67.1494, in which electron energy is -67.2267 and phonon energy is 0.077218
final variational state is: 
	Gamma_x = [      1,1.02216,1.03505,1.02216,1.02216,1.03505,1.05461,1.03505,1.03505,1.05461,1.10797,1.05461,1.02216,1.03505,1.05461,1.03505]
	lambda_q = [0.499994,0.422795,0.377158,0.422795,0.422795,0.377158,0.386219,0.377158,0.377158,0.386219,0.476418,0.386219,0.422795,0.377158,0.386219,0.377158]
********************************************************************************************************************
o___o  ----------------------------------------
| L |	Time since last clock: 0h 0m 0s
A===A	Time since the beginning: 0h 38m 30.513s
***********************************************


********************************************************************************************************************
Warm up runs have been completed. Start calculating W = 5 phonon.
open output files: NGSEDIterationObs.txt
********************************************************************************************************************
Start the 0 rounds of NGS-ED iteration
	effective electronic model is modified as: kinetic energy t = 0.858951
	                                           effective interaction Vq = [-2.28549, -2.0958,-1.95564, -2.0958, -2.0958,-1.95564,-1.98513,-1.95564,-1.95564,-1.98513,-2.23388,-1.98513, -2.0958,-1.95564,-1.98513,-1.95564]
	PARPACK diagonalization completed after 45 matrix-vector product operations.
	iteration results: : total energy is -60.370421 | electron energy -60.409018 + phonon energy 0.038597 | electron momentum kIdx = 0
	Nq(0) = 16,	Nq(1) = 0.328036,	Nq(2) = 0.357915,	Nq(3) = 0.328036,	Nq(4) = 0.328036,	Nq(5) = 0.357915,	Nq(6) = 0.57231,	Nq(7) = 0.357915,	Nq(8) = 0.357915,	Nq(9) = 0.57231,	Nq(10) = 4.34336,	Nq(11) = 0.57231,	Nq(12) = 0.328036,	Nq(13) = 0.357915,	Nq(14) = 0.57231,	Nq(15) = 0.357915,	Sq(0) = 5.69308e-19,	Sq(1) = 0.293032,	Sq(2) = 0.343032,	Sq(3) = 0.293032,	Sq(4) = 0.293032,	Sq(5) = 0.343032,	Sq(6) = 0.524282,	Sq(7) = 0.343032,	Sq(8) = 0.343032,	Sq(9) = 0.524282,	Sq(10) = 0.580315,	Sq(11) = 0.524282,	Sq(12) = 0.293032,	Sq(13) = 0.343032,	Sq(14) = 0.524282,	Sq(15) = 0.343032,	N(0) = 1.99369,	N(1) = 1.98068,	N(2) = 1,	N(3) = 1.98068,	N(4) = 1.98068,	N(5) = 1,	N(6) = 0.019322,	N(7) = 1,	N(8) = 1,	N(9) = 0.019322,	N(10) = 0.00630982,	N(11) = 0.019322,	N(12) = 1.98068,	N(13) = 1,	N(14) = 0.019322,	N(15) = 1,	Delta[s](0) = 0.428033,	Delta[s](1) = 0.335777,	Delta[s](2) = 0.323944,	Delta[s](3) = 0.335777,	Delta[s](4) = 0.335777,	Delta[s](5) = 0.323944,	Delta[s](6) = 0.269589,	Delta[s](7) = 0.323944,	Delta[s](8) = 0.323944,	Delta[s](9) = 0.269589,	Delta[s](10) = 0.252955,	Delta[s](11) = 0.269589,	Delta[s](12) = 0.335777,	Delta[s](13) = 0.323944,	Delta[s](14) = 0.269589,	Delta[s](15) = 0.323944,	Delta[d](0) = 0.234117,	Delta[d](1) = 0.234039,	Delta[d](2) = 0.231718,	Delta[d](3) = 0.234039,	Delta[d](4) = 0.234039,	Delta[d](5) = 0.145292,	Delta[d](6) = 0.188714,	Delta[d](7) = 0.145292,	Delta[d](8) = 0.231718,	Delta[d](9) = 0.188714,	Delta[d](10) = 0.0564242,	Delta[d](11) = 0.188714,	Delta[d](12) = 0.234039,	Delta[d](13) = 0.145292,	Delta[d](14) = 0.188714,	Delta[d](15) = 0.145292,	Delta[s+](0) = 0.457101,	Delta[s+](1) = 0.360522,	Delta[s+](2) = 0.231718,	Delta[s+](3) = 0.360522,	Delta[s+](4) = 0.360522,	Delta[s+](5) = 0.231718,	Delta[s+](6) = 0.101282,	Delta[s+](7) = 0.231718,	Delta[s+](8) = 0.231718,	Delta[s+](9) = 0.101282,	Delta[s+](10) = 0.0305762,	Delta[s+](11) = 0.101282,	Delta[s+](12) = 0.360522,	Delta[s+](13) = 0.231718,	Delta[s+](14) = 0.101282,	Delta[s+](15) = 0.231718
The 0-th iteration is completed.	|| time cost : 0h 5m 44.58s
********************************************************************************************************************
Start the 1 rounds of NGS-ED iteration
	effective electronic model is modified as: kinetic energy t = 0.838531
	                                           effective interaction Vq = [-2.42106,-2.21949,-2.04345,-2.21949,-2.21949,-2.04345,-2.08053,-2.04345,-2.04345,-2.08053,-2.38454,-2.08053,-2.21949,-2.04345,-2.08053,-2.04345]
	PARPACK diagonalization completed after 30 matrix-vector product operations.
	iteration results: : total energy is -63.236396 | electron energy -63.356570 + phonon energy 0.120174 | electron momentum kIdx = 0
The 1-th iteration is completed.	|| time cost : 0h 0m 36.276s
********************************************************************************************************************
Start the 2 rounds of NGS-ED iteration
	effective electronic model is modified as: kinetic energy t = 0.828146
	                                           effective interaction Vq = [-2.47093,-2.26804, -2.0826,-2.26804,-2.26804, -2.0826,-2.12078, -2.0826, -2.0826,-2.12078,-2.44703,-2.12078,-2.26804, -2.0826,-2.12078, -2.0826]
	PARPACK diagonalization completed after 30 matrix-vector product operations.
	iteration results: : total energy is -64.281617 | electron energy -64.461131 + phonon energy 0.179514 | electron momentum kIdx = 0
The 2-th iteration is completed.	|| time cost : 0h 0m 36.432s
********************************************************************************************************************
Start the 3 rounds of NGS-ED iteration
	effective electronic model is modified as: kinetic energy t = 0.823144
	                                           effective interaction Vq = [-2.48927, -2.2874,-2.10005, -2.2874, -2.2874,-2.10005,-2.13746,-2.10005,-2.10005,-2.13746,-2.47216,-2.13746, -2.2874,-2.10005,-2.13746,-2.10005]
	PARPACK diagonalization completed after 30 matrix-vector product operations.
	iteration results: : total energy is -64.653467 | electron energy -64.867898 + phonon energy 0.214431 | electron momentum kIdx = 0
The 3-th iteration is completed.	|| time cost : 0h 0m 36.374s
********************************************************************************************************************
Start the 4 rounds of NGS-ED iteration
	effective electronic model is modified as: kinetic energy t = 0.820754
	                                           effective interaction Vq = [-2.49602,-2.29535,-2.10801,-2.29535,-2.29535,-2.10801,-2.14449,-2.10801,-2.10801,-2.14449,-2.48257,-2.14449,-2.29535,-2.10801,-2.14449,-2.10801]
	PARPACK diagonalization completed after 30 matrix-vector product operations.
	iteration results: : total energy is -64.784453 | electron energy -65.017960 + phonon energy 0.233507 | electron momentum kIdx = 0
The 4-th iteration is completed.	|| time cost : 0h 0m 36.166s
********************************************************************************************************************
Start the 5 rounds of NGS-ED iteration
	effective electronic model is modified as: kinetic energy t = 0.81961
	                                           effective interaction Vq = [-2.49851,-2.29867,-2.11173,-2.29867,-2.29867,-2.11173, -2.1475,-2.11173,-2.11173, -2.1475,-2.48714, -2.1475,-2.29867,-2.11173, -2.1475,-2.11173]
	PARPACK diagonalization completed after 30 matrix-vector product operations.
	iteration results: : total energy is -64.830639 | electron energy -65.074215 + phonon energy 0.243576 | electron momentum kIdx = 0
The 5-th iteration is completed.	|| time cost : 0h 0m 36.175s
********************************************************************************************************************
Start the 6 rounds of NGS-ED iteration
	effective electronic model is modified as: kinetic energy t = 0.819061
	                                           effective interaction Vq = [-2.49942,-2.30006,-2.11349,-2.30006,-2.30006,-2.11349,-2.14877,-2.11349,-2.11349,-2.14877,-2.48926,-2.14877,-2.30006,-2.11349,-2.14877,-2.11349]
	PARPACK diagonalization completed after 30 matrix-vector product operations.
	iteration results: : total energy is -64.847023 | electron energy -65.095805 + phonon energy 0.248782 | electron momentum kIdx = 0
The 6-th iteration is completed.	|| time cost : 0h 0m 36.15s
********************************************************************************************************************
Start the 7 rounds of NGS-ED iteration
	effective electronic model is modified as: kinetic energy t = 0.818801
	                                           effective interaction Vq = [-2.49976,-2.30061,-2.11431,-2.30061,-2.30061,-2.11431,-2.14929,-2.11431,-2.11431,-2.14929, -2.4903,-2.14929,-2.30061,-2.11431,-2.14929,-2.11431]
	PARPACK diagonalization completed after 30 matrix-vector product operations.
	iteration results: : total energy is -64.852879 | electron energy -65.104312 + phonon energy 0.251433 | electron momentum kIdx = 0
The 7-th iteration is completed.	|| time cost : 0h 0m 36.324s
********************************************************************************************************************
Start the 8 rounds of NGS-ED iteration
	effective electronic model is modified as: kinetic energy t = 0.818681
	                                           effective interaction Vq = [-2.49988, -2.3008,-2.11469, -2.3008, -2.3008,-2.11469,-2.14947,-2.11469,-2.11469,-2.14947,-2.49081,-2.14947, -2.3008,-2.11469,-2.14947,-2.11469]
	PARPACK diagonalization completed after 30 matrix-vector product operations.
	iteration results: : total energy is -64.854985 | electron energy -65.107753 + phonon energy 0.252768 | electron momentum kIdx = 0
The 8-th iteration is completed.	|| time cost : 0h 0m 36.881s
********************************************************************************************************************
Start the 9 rounds of NGS-ED iteration
	effective electronic model is modified as: kinetic energy t = 0.818626
	                                           effective interaction Vq = [-2.49993,-2.30085,-2.11486,-2.30085,-2.30085,-2.11486,-2.14951,-2.11486,-2.11486,-2.14951,-2.49107,-2.14951,-2.30085,-2.11486,-2.14951,-2.11486]
	PARPACK diagonalization completed after 30 matrix-vector product operations.
	iteration results: : total energy is -64.855748 | electron energy -65.109180 + phonon energy 0.253432 | electron momentum kIdx = 0
The 9-th iteration is completed.	|| time cost : 0h 0m 36.168s
********************************************************************************************************************
Start the 10 rounds of NGS-ED iteration
	effective electronic model is modified as: kinetic energy t = 0.818603
	                                           effective interaction Vq = [-2.49994,-2.30084,-2.11493,-2.30084,-2.30084,-2.11493, -2.1495,-2.11493,-2.11493, -2.1495,-2.49121, -2.1495,-2.30084,-2.11493, -2.1495,-2.11493]
	PARPACK diagonalization completed after 30 matrix-vector product operations.
	iteration results: : total energy is -64.856025 | electron energy -65.109784 + phonon energy 0.253759 | electron momentum kIdx = 0
	Nq(0) = 16,	Nq(1) = 0.282102,	Nq(2) = 0.335759,	Nq(3) = 0.282102,	Nq(4) = 0.282102,	Nq(5) = 0.335759,	Nq(6) = 0.521198,	Nq(7) = 0.335759,	Nq(8) = 0.335759,	Nq(9) = 0.521198,	Nq(10) = 5.5695,	Nq(11) = 0.521198,	Nq(12) = 0.282102,	Nq(13) = 0.335759,	Nq(14) = 0.521198,	Nq(15) = 0.335759,	Sq(0) = 3.38963e-18,	Sq(1) = 0.24288,	Sq(2) = 0.31195,	Sq(3) = 0.24288,	Sq(4) = 0.24288,	Sq(5) = 0.31195,	Sq(6) = 0.457226,	Sq(7) = 0.31195,	Sq(8) = 0.31195,	Sq(9) = 0.457226,	Sq(10) = 0.530622,	Sq(11) = 0.457226,	Sq(12) = 0.24288,	Sq(13) = 0.31195,	Sq(14) = 0.457226,	Sq(15) = 0.31195,	N(0) = 1.98152,	N(1) = 1.94407,	N(2) = 1,	N(3) = 1.94407,	N(4) = 1.94407,	N(5) = 1,	N(6) = 0.0559286,	N(7) = 1,	N(8) = 1,	N(9) = 0.0559286,	N(10) = 0.0184825,	N(11) = 0.0559286,	N(12) = 1.94407,	N(13) = 1,	N(14) = 0.0559286,	N(15) = 1,	Delta[s](0) = 0.440135,	Delta[s](1) = 0.359451,	Delta[s](2) = 0.342296,	Delta[s](3) = 0.359451,	Delta[s](4) = 0.359451,	Delta[s](5) = 0.342296,	Delta[s](6) = 0.297846,	Delta[s](7) = 0.342296,	Delta[s](8) = 0.342296,	Delta[s](9) = 0.297846,	Delta[s](10) = 0.275535,	Delta[s](11) = 0.297846,	Delta[s](12) = 0.359451,	Delta[s](13) = 0.342296,	Delta[s](14) = 0.297846,	Delta[s](15) = 0.342296,	Delta[d](0) = 0.219541,	Delta[d](1) = 0.209421,	Delta[d](2) = 0.216629,	Delta[d](3) = 0.209421,	Delta[d](4) = 0.209421,	Delta[d](5) = 0.138206,	Delta[d](6) = 0.167051,	Delta[d](7) = 0.138206,	Delta[d](8) = 0.216629,	Delta[d](9) = 0.167051,	Delta[d](10) = 0.0567832,	Delta[d](11) = 0.167051,	Delta[d](12) = 0.209421,	Delta[d](13) = 0.138206,	Delta[d](14) = 0.167051,	Delta[d](15) = 0.138206,	Delta[s+](0) = 0.433996,	Delta[s+](1) = 0.338189,	Delta[s+](2) = 0.216629,	Delta[s+](3) = 0.338189,	Delta[s+](4) = 0.338189,	Delta[s+](5) = 0.216629,	Delta[s+](6) = 0.0933293,	Delta[s+](7) = 0.216629,	Delta[s+](8) = 0.216629,	Delta[s+](9) = 0.0933293,	Delta[s+](10) = 0.0312384,	Delta[s+](11) = 0.0933293,	Delta[s+](12) = 0.338189,	Delta[s+](13) = 0.216629,	Delta[s+](14) = 0.0933293,	Delta[s+](15) = 0.216629
The 10-th iteration is completed.	|| time cost : 0h 5m 36.522s
********************************************************************************************************************
Start the 11 rounds of NGS-ED iteration
	effective electronic model is modified as: kinetic energy t = 0.818595
	                                           effective interaction Vq = [-2.49995,-2.30082,-2.11496,-2.30082,-2.30082,-2.11496,-2.14948,-2.11496,-2.11496,-2.14948,-2.49128,-2.14948,-2.30082,-2.11496,-2.14948,-2.11496]
	PARPACK diagonalization completed after 30 matrix-vector product operations.
	iteration results: : total energy is -64.856126 | electron energy -65.110043 + phonon energy 0.253918 | electron momentum kIdx = 0
The 11-th iteration is completed.	|| time cost : 0h 0m 36.342s
********************************************************************************************************************
Start the 12 rounds of NGS-ED iteration
	effective electronic model is modified as: kinetic energy t = 0.818592
	                                           effective interaction Vq = [-2.49995,-2.30079,-2.11496,-2.30079,-2.30079,-2.11496,-2.14945,-2.11496,-2.11496,-2.14945,-2.49132,-2.14945,-2.30079,-2.11496,-2.14945,-2.11496]
	PARPACK diagonalization completed after 30 matrix-vector product operations.
	iteration results: : total energy is -64.856163 | electron energy -65.110156 + phonon energy 0.253993 | electron momentum kIdx = 0
The 12-th iteration is completed.	|| time cost : 0h 0m 36.568s
********************************************************************************************************************
Start the 13 rounds of NGS-ED iteration
	effective electronic model is modified as: kinetic energy t = 0.818592
	                                           effective interaction Vq = [-2.49995,-2.30077,-2.11496,-2.30077,-2.30077,-2.11496,-2.14943,-2.11496,-2.11496,-2.14943,-2.49133,-2.14943,-2.30077,-2.11496,-2.14943,-2.11496]
	PARPACK diagonalization completed after 30 matrix-vector product operations.
	iteration results: : total energy is -64.856176 | electron energy -65.110204 + phonon energy 0.254028 | electron momentum kIdx = 0
The 13-th iteration is completed.	|| time cost : 0h 0m 36.188s
********************************************************************************************************************
Start the 14 rounds of NGS-ED iteration
	effective electronic model is modified as: kinetic energy t = 0.818593
	                                           effective interaction Vq = [-2.49995,-2.30076,-2.11496,-2.30076,-2.30076,-2.11496,-2.14942,-2.11496,-2.11496,-2.14942,-2.49134,-2.14942,-2.30076,-2.11496,-2.14942,-2.11496]
	PARPACK diagonalization completed after 30 matrix-vector product operations.
	iteration results: : total energy is -64.856181 | electron energy -65.110224 + phonon energy 0.254043 | electron momentum kIdx = 0
The 14-th iteration is completed.	|| time cost : 0h 0m 36.199s
********************************************************************************************************************
Start the 15 rounds of NGS-ED iteration
	effective electronic model is modified as: kinetic energy t = 0.818594
	                                           effective interaction Vq = [-2.49995,-2.30075,-2.11495,-2.30075,-2.30075,-2.11495, -2.1494,-2.11495,-2.11495, -2.1494,-2.49135, -2.1494,-2.30075,-2.11495, -2.1494,-2.11495]
	PARPACK diagonalization completed after 30 matrix-vector product operations.
	iteration results: : total energy is -64.856183 | electron energy -65.110233 + phonon energy 0.254050 | electron momentum kIdx = 0
The 15-th iteration is completed.	|| time cost : 0h 0m 36.098s
********************************************************************************************************************
Start the 16 rounds of NGS-ED iteration
	effective electronic model is modified as: kinetic energy t = 0.818595
	                                           effective interaction Vq = [-2.49995,-2.30074,-2.11495,-2.30074,-2.30074,-2.11495, -2.1494,-2.11495,-2.11495, -2.1494,-2.49135, -2.1494,-2.30074,-2.11495, -2.1494,-2.11495]
	PARPACK diagonalization completed after 30 matrix-vector product operations.
	iteration results: : total energy is -64.856184 | electron energy -65.110235 + phonon energy 0.254052 | electron momentum kIdx = 0
The 16-th iteration is completed.	|| time cost : 0h 0m 36.418s
********************************************************************************************************************
Start the 17 rounds of NGS-ED iteration
	effective electronic model is modified as: kinetic energy t = 0.818595
	                                           effective interaction Vq = [-2.49995,-2.30073,-2.11495,-2.30073,-2.30073,-2.11495,-2.14939,-2.11495,-2.11495,-2.14939,-2.49135,-2.14939,-2.30073,-2.11495,-2.14939,-2.11495]
	PARPACK diagonalization completed after 30 matrix-vector product operations.
	iteration results: : total energy is -64.856184 | electron energy -65.110236 + phonon energy 0.254053 | electron momentum kIdx = 0
The 17-th iteration is completed.	|| time cost : 0h 0m 36.906s
********************************************************************************************************************
Start the 18 rounds of NGS-ED iteration
	effective electronic model is modified as: kinetic energy t = 0.818596
	                                           effective interaction Vq = [-2.49995,-2.30073,-2.11495,-2.30073,-2.30073,-2.11495,-2.14939,-2.11495,-2.11495,-2.14939,-2.49135,-2.14939,-2.30073,-2.11495,-2.14939,-2.11495]
	PARPACK diagonalization completed after 30 matrix-vector product operations.
	iteration results: : total energy is -64.856184 | electron energy -65.110236 + phonon energy 0.254052 | electron momentum kIdx = 0
The 18-th iteration is completed.	|| time cost : 0h 0m 36.285s
********************************************************************************************************************
Start the 19 rounds of NGS-ED iteration
	effective electronic model is modified as: kinetic energy t = 0.818596
	                                           effective interaction Vq = [-2.49995,-2.30073,-2.11495,-2.30073,-2.30073,-2.11495,-2.14938,-2.11495,-2.11495,-2.14938,-2.49136,-2.14938,-2.30073,-2.11495,-2.14938,-2.11495]
	PARPACK diagonalization completed after 30 matrix-vector product operations.
	iteration results: : total energy is -64.856184 | electron energy -65.110236 + phonon energy 0.254052 | electron momentum kIdx = 0
The 19-th iteration is completed.	|| time cost : 0h 0m 36.295s
********************************************************************************************************************
Start the 20 rounds of NGS-ED iteration
	effective electronic model is modified as: kinetic energy t = 0.818596
	                                           effective interaction Vq = [-2.49995,-2.30073,-2.11495,-2.30073,-2.30073,-2.11495,-2.14938,-2.11495,-2.11495,-2.14938,-2.49136,-2.14938,-2.30073,-2.11495,-2.14938,-2.11495]
	PARPACK diagonalization completed after 30 matrix-vector product operations.
	iteration results: : total energy is -64.856184 | electron energy -65.110236 + phonon energy 0.254052 | electron momentum kIdx = 0
