SNEDics v3.2 diagonalization test program		Start at Tue Apr 23 19:13:10 2019

parallized on 80 MPI threads  * 6 OpenMP threads = 480 total threads.
************************************************************************************
************************************************************************************

Input file "model_params.in"
Hubbard-Holstein model parameters : 	t = 1    U = 10    g = 3.16228    W = 5    
************************************************************************************
Input file "hilbertspace_params.in"

Cluster Positions:				Cluster symmetry group : D4
 x ... x ... x ... x .....                       x ... x ... x ... x .....
 |           |           :                       |           |           :
 |           |           :                       |           |           :
12    13    14    15     x                       1     5     6     5     x
 |           |           :                       |           |           :
 |           |           :                       |           |           :
 8 --- 9 ---10 ---11 --- x                       2 --- 6 ---10 --- 6 --- x
 |           |           :                       |           |           :
 |           |           :                       |           |           :
 4     5     6     7     x                       1     5     6     5     x
 |           |           :                       |           |           :
 |           |           :                       |           |           :
 0 --- 1 --- 2 --- 3 --- x                       0 --- 1 --- 2 --- 1 --- x
orbital number : 1
************************************************************************************
0 rounds of non-Gaussian ED iteration : ground-state energy is -7.029 | electron energy -7.029 + phonon energy 0 | electron momentum kIdx = 0
Nq = 	16	0.0420847	0.0772202	0.0420847	0.0420847	0.0772202	0.109143	0.0772202	0.0772202	0.109143	0.139405	0.109143	0.0420847	0.0772202	0.109143	0.0772202
Sq = 	-6.79764e-19	0.401736	0.646986	0.401736	0.401736	0.646986	0.988392	0.646986	0.646986	0.988392	5.34993	0.988392	0.401736	0.646986	0.988392	0.646986
1 rounds of non-Gaussian ED iteration : ground-state energy is -28.1285 | electron energy -28.1287 + phonon energy 0.000205429 | electron momentum kIdx = 0
Nq = 	16	0.0570191	0.10136	0.0570191	0.0570191	0.10136	0.141129	0.10136	0.10136	0.141129	0.178612	0.141129	0.0570191	0.10136	0.141129	0.10136
Sq = 	9.7091e-19	0.410334	0.642679	0.410334	0.410334	0.642679	0.950815	0.642679	0.642679	0.950815	5.11996	0.950815	0.410334	0.642679	0.950815	0.642679
2 rounds of non-Gaussian ED iteration : ground-state energy is -35.6712 | electron energy -35.6734 + phonon energy 0.00218776 | electron momentum kIdx = 0
Nq = 	16	0.0610004	0.107517	0.0610004	0.0610004	0.107517	0.149135	0.107517	0.107517	0.149135	0.188266	0.149135	0.0610004	0.107517	0.149135	0.107517
Sq = 	-1.81853e-18	0.412276	0.641755	0.412276	0.412276	0.641755	0.94206	0.641755	0.641755	0.94206	5.05821	0.94206	0.412276	0.641755	0.94206	0.641755
3 rounds of non-Gaussian ED iteration : ground-state energy is -38.4226 | electron energy -38.4277 + phonon energy 0.00510502 | electron momentum kIdx = 0
Nq = 	16	0.0622703	0.10945	0.0622703	0.0622703	0.10945	0.151627	0.10945	0.10945	0.151627	0.191249	0.151627	0.0622703	0.10945	0.151627	0.10945
Sq = 	2.81519e-19	0.412871	0.641483	0.412871	0.412871	0.641483	0.93937	0.641483	0.641483	0.93937	5.0386	0.93937	0.412871	0.641483	0.93937	0.641483
4 rounds of non-Gaussian ED iteration : ground-state energy is -39.4317 | electron energy -39.439 + phonon energy 0.00728586 | electron momentum kIdx = 0
Nq = 	16	0.0627243	0.110136	0.0627243	0.0627243	0.110136	0.152509	0.110136	0.110136	0.152509	0.192302	0.152509	0.0627243	0.110136	0.152509	0.110136
Sq = 	2.55807e-18	0.413081	0.641388	0.413081	0.413081	0.641388	0.938421	0.641388	0.641388	0.938421	5.03161	0.938421	0.413081	0.641388	0.938421	0.641388
5 rounds of non-Gaussian ED iteration : ground-state energy is -39.8026 | electron energy -39.8111 + phonon energy 0.00851586 | electron momentum kIdx = 0
Nq = 	16	0.0628968	0.110396	0.0628968	0.0628968	0.110396	0.152843	0.110396	0.110396	0.152843	0.192701	0.152843	0.0628968	0.110396	0.152843	0.110396
Sq = 	-1.66028e-18	0.41316	0.641353	0.41316	0.41316	0.641353	0.938063	0.641353	0.641353	0.938063	5.02895	0.938063	0.41316	0.641353	0.938063	0.641353
6 rounds of non-Gaussian ED iteration : ground-state energy is -39.9389 | electron energy -39.9481 + phonon energy 0.00912404 | electron momentum kIdx = 0
Nq = 	16	0.0629646	0.110498	0.0629646	0.0629646	0.110498	0.152975	0.110498	0.110498	0.152975	0.192859	0.152975	0.0629646	0.110498	0.152975	0.110498
Sq = 	1.78335e-18	0.413191	0.641339	0.413191	0.413191	0.641339	0.937922	0.641339	0.641339	0.937922	5.02791	0.937922	0.413191	0.641339	0.937922	0.641339
7 rounds of non-Gaussian ED iteration : ground-state energy is -39.9891 | electron energy -39.9985 + phonon energy 0.00940555 | electron momentum kIdx = 0
Nq = 	16	0.0629918	0.110539	0.0629918	0.0629918	0.110539	0.153027	0.110539	0.110539	0.153027	0.192922	0.153027	0.0629918	0.110539	0.153027	0.110539
Sq = 	4.60945e-19	0.413204	0.641333	0.413204	0.413204	0.641333	0.937866	0.641333	0.641333	0.937866	5.02749	0.937866	0.413204	0.641333	0.937866	0.641333
8 rounds of non-Gaussian ED iteration : ground-state energy is -40.0075 | electron energy -40.0171 + phonon energy 0.00953137 | electron momentum kIdx = 0
Nq = 	16	0.063003	0.110556	0.063003	0.063003	0.110556	0.153049	0.110556	0.110556	0.153049	0.192948	0.153049	0.063003	0.110556	0.153049	0.110556
Sq = 	2.2554e-18	0.413209	0.641331	0.413209	0.413209	0.641331	0.937842	0.641331	0.641331	0.937842	5.02732	0.937842	0.413209	0.641331	0.937842	0.641331
9 rounds of non-Gaussian ED iteration : ground-state energy is -40.0143 | electron energy -40.0239 + phonon energy 0.00958653 | electron momentum kIdx = 0
Nq = 	16	0.0630076	0.110563	0.0630076	0.0630076	0.110563	0.153058	0.110563	0.110563	0.153058	0.192959	0.153058	0.0630076	0.110563	0.153058	0.110563
Sq = 	8.9453e-19	0.413211	0.64133	0.413211	0.413211	0.64133	0.937833	0.64133	0.64133	0.937833	5.02725	0.937833	0.413211	0.64133	0.937833	0.64133
10 rounds of non-Gaussian ED iteration : ground-state energy is -40.0168 | electron energy -40.0264 + phonon energy 0.00961045 | electron momentum kIdx = 0
Nq = 	16	0.0630095	0.110566	0.0630095	0.0630095	0.110566	0.153062	0.110566	0.110566	0.153062	0.192964	0.153062	0.0630095	0.110566	0.153062	0.110566
Sq = 	-2.44862e-18	0.413212	0.641329	0.413212	0.413212	0.641329	0.937829	0.641329	0.641329	0.937829	5.02722	0.937829	0.413212	0.641329	0.937829	0.641329
11 rounds of non-Gaussian ED iteration : ground-state energy is -40.0177 | electron energy -40.0274 + phonon energy 0.00962074 | electron momentum kIdx = 0
Nq = 	16	0.0630103	0.110567	0.0630103	0.0630103	0.110567	0.153063	0.110567	0.110567	0.153063	0.192966	0.153063	0.0630103	0.110567	0.153063	0.110567
Sq = 	9.16486e-19	0.413212	0.641329	0.413212	0.413212	0.641329	0.937827	0.641329	0.641329	0.937827	5.02721	0.937827	0.413212	0.641329	0.937827	0.641329
12 rounds of non-Gaussian ED iteration : ground-state energy is -40.0181 | electron energy -40.0277 + phonon energy 0.00962515 | electron momentum kIdx = 0
Nq = 	16	0.0630106	0.110567	0.0630106	0.0630106	0.110567	0.153064	0.110567	0.110567	0.153064	0.192967	0.153064	0.0630106	0.110567	0.153064	0.110567
Sq = 	-2.10357e-18	0.413212	0.641329	0.413212	0.413212	0.641329	0.937827	0.641329	0.641329	0.937827	5.0272	0.937827	0.413212	0.641329	0.937827	0.641329
13 rounds of non-Gaussian ED iteration : ground-state energy is -40.0182 | electron energy -40.0278 + phonon energy 0.00962704 | electron momentum kIdx = 0
Nq = 	16	0.0630107	0.110568	0.0630107	0.0630107	0.110568	0.153064	0.110568	0.110568	0.153064	0.192967	0.153064	0.0630107	0.110568	0.153064	0.110568
Sq = 	4.05875e-19	0.413212	0.641329	0.413212	0.413212	0.641329	0.937826	0.641329	0.641329	0.937826	5.0272	0.937826	0.413212	0.641329	0.937826	0.641329
14 rounds of non-Gaussian ED iteration : ground-state energy is -40.0182 | electron energy -40.0279 + phonon energy 0.00962785 | electron momentum kIdx = 0
Nq = 	16	0.0630108	0.110568	0.0630108	0.0630108	0.110568	0.153064	0.110568	0.110568	0.153064	0.192967	0.153064	0.0630108	0.110568	0.153064	0.110568
Sq = 	-3.24511e-19	0.413212	0.641329	0.413212	0.413212	0.641329	0.937826	0.641329	0.641329	0.937826	5.0272	0.937826	0.413212	0.641329	0.937826	0.641329
15 rounds of non-Gaussian ED iteration : ground-state energy is -40.0183 | electron energy -40.0279 + phonon energy 0.00962819 | electron momentum kIdx = 0
Nq = 	16	0.0630108	0.110568	0.0630108	0.0630108	0.110568	0.153064	0.110568	0.110568	0.153064	0.192967	0.153064	0.0630108	0.110568	0.153064	0.110568
Sq = 	-1.2116e-19	0.413212	0.641329	0.413212	0.413212	0.641329	0.937826	0.641329	0.641329	0.937826	5.0272	0.937826	0.413212	0.641329	0.937826	0.641329
16 rounds of non-Gaussian ED iteration : ground-state energy is -40.0183 | electron energy -40.0279 + phonon energy 0.00962834 | electron momentum kIdx = 0
Nq = 	16	0.0630108	0.110568	0.0630108	0.0630108	0.110568	0.153064	0.110568	0.110568	0.153064	0.192967	0.153064	0.0630108	0.110568	0.153064	0.110568
Sq = 	9.04281e-19	0.413212	0.641329	0.413212	0.413212	0.641329	0.937826	0.641329	0.641329	0.937826	5.0272	0.937826	0.413212	0.641329	0.937826	0.641329
17 rounds of non-Gaussian ED iteration : ground-state energy is -40.0183 | electron energy -40.0279 + phonon energy 0.0096284 | electron momentum kIdx = 0
Nq = 	16	0.0630108	0.110568	0.0630108	0.0630108	0.110568	0.153064	0.110568	0.110568	0.153064	0.192967	0.153064	0.0630108	0.110568	0.153064	0.110568
Sq = 	8.54456e-19	0.413212	0.641329	0.413212	0.413212	0.641329	0.937826	0.641329	0.641329	0.937826	5.0272	0.937826	0.413212	0.641329	0.937826	0.641329
Ground state is obtained after 18 iterations. The current ground-state energy is -40.0183, in which electron energy is -40.0279 and phonon energy is 0.00962842
o___o  -------------------------------------
| L |	Time since last clock: 1h 33m 1.138s
A===A	Time since the beginning: 1h 33m 1.138s
********************************************

************************************************************************************
