SNEDics v3.22.2 Non-Gaussian ED ground state program		Start at Mon May 23 23:06:34 2022

Parallelization: 32 MPI threads  * 8 OpenMP threads = 256 total threads.
********************************************************************************************************************
********************************************************************************************************************

********************************************************************************************************************
System parameters and configurations
	special program options are enabled: splitted diagonal Hamiltonian | splitted Hamiltonian terms
********************************************************************************************************************
Read input file "model_params.in"
	Hubbard-Holstein model parameters : 	t = 1    t' = -0.3    U = 8    g = 0.4    W = 0.2    g' = 0.25    
********************************************************************************************************************
Read input file "hilbertspace_params.in"
	Requested 16-site 2D lattice, with 12 electrons (6, 6)
	Boundary : Periodic		Hilbert space representation : momentum-space (restricted to kIdx = 10)
	Conservation: particle number[U(1)]      spin[U(1)]     momentum
********************************************************************************************************************

Cluster Positions:				Cluster symmetry group : D4
 x ... x ... x ... x .....                       x ... x ... x ... x .....
 |           |           :                       |           |           :
 |           |           :                       |           |           :
12    13    14    15     x                       1     5     6     5     x
 |           |           :                       |           |           :
 |           |           :                       |           |           :
 8 --- 9 ---10 ---11 --- x                       2 --- 6 ---10 --- 6 --- x
 |           |           :                       |           |           :
 |           |           :                       |           |           :
 4     5     6     7     x                       1     5     6     5     x
 |           |           :                       |           |           :
 |           |           :                       |           |           :
 0 --- 1 --- 2 --- 3 --- x                       0 --- 1 --- 2 --- 1 --- x
orbital number : 1
********************************************************************************************************************
Read input file "obs_params.in"
	Observable Type : Nq(All),   Sq(All),   N(All-Orbital),   Delta[s](All),   Delta[d](All),   Delta[s+](All)
** WARNING ** the input observables have non-local factors which have been reinterpreted. The total observable number is 96
********************************************************************************************************************


********************************************************************************************************************
Start calculating the non-Gaussian ED ground state
Maximal iteration number is 1000; energy resolution is 1e-06. Phonon state relaxation time is 2000
W = 0.2 is relatively large. The non-Gaussian ED calculation starts directly.
open output files: NGSED_iteration_observables.txt
********************************************************************************************************************
Start the 0 rounds of NGS-ED iteration
	effective electronic model is modified as: kinetic energy t = 1, t' = -0.3
	                                           effective interaction Vq = [0,0,0,0,0,0,0,0,0,0,0,0,0,0,0,0]
	first Hamiltonian is constructed, size = 4008592 and non-zero numbers = 969952276
	PARPACK diagonalization completed after 120 matrix-vector product operations.
	iteration results: : total energy is -14.904199 | electron energy -14.904199 + phonon energy 0.000000 | electron momentum kIdx = 10
	Nq(0) = 9,	Nq(1) = 0.183693,	Nq(2) = 0.250775,	Nq(3) = 0.183693,	Nq(4) = 0.183693,	Nq(5) = 0.258947,	
	Nq(6) = 0.308855,	Nq(7) = 0.258947,	Nq(8) = 0.250775,	Nq(9) = 0.308855,	Nq(10) = 0.355902,	
	Nq(11) = 0.308855,	Nq(12) = 0.183693,	Nq(13) = 0.258947,	Nq(14) = 0.308855,	Nq(15) = 0.258947;	
	Sq(0) = 3.45099e-18,	Sq(1) = 0.504384,	Sq(2) = 0.469115,	Sq(3) = 0.504384,	Sq(4) = 0.504384,	
	Sq(5) = 0.735911,	Sq(6) = 0.943053,	Sq(7) = 0.735911,	Sq(8) = 0.469115,	Sq(9) = 0.943053,	
	Sq(10) = 1.46495,	Sq(11) = 0.943053,	Sq(12) = 0.504384,	Sq(13) = 0.735911,	Sq(14) = 0.943053,	
	Sq(15) = 0.735911;	N(0) = 1.70338,	N(1) = 1.58882,	N(2) = 1.04187,	N(3) = 1.58882,	
	N(4) = 1.58882,	N(5) = 0.289608,	N(6) = 0.157281,	N(7) = 0.289608,	N(8) = 1.04187,	
	N(9) = 0.157281,	N(10) = 0.0700575,	N(11) = 0.157281,	N(12) = 1.58882,	N(13) = 0.289608,	
	N(14) = 0.157281,	N(15) = 0.289608;	Delta[s](0) = 0.0583096,	Delta[s](1) = 0.0406249,	Delta[s](2) = 0.0319078,	
	Delta[s](3) = 0.0406249,	Delta[s](4) = 0.0406249,	Delta[s](5) = 0.0228482,	Delta[s](6) = 0.0131529,	Delta[s](7) = 0.0228482,	
	Delta[s](8) = 0.0319078,	Delta[s](9) = 0.0131529,	Delta[s](10) = 0.00308785,	Delta[s](11) = 0.0131529,	Delta[s](12) = 0.0406249,	
	Delta[s](13) = 0.0228482,	Delta[s](14) = 0.0131529,	Delta[s](15) = 0.0228482;	Delta[d](0) = 0.270951,	Delta[d](1) = 0.21819,	
	Delta[d](2) = 0.259609,	Delta[d](3) = 0.21819,	Delta[d](4) = 0.21819,	Delta[d](5) = 0.149075,	Delta[d](6) = 0.198042,	
	Delta[d](7) = 0.149075,	Delta[d](8) = 0.259609,	Delta[d](9) = 0.198042,	Delta[d](10) = 0.320695,	Delta[d](11) = 0.198042,	
	Delta[d](12) = 0.21819,	Delta[d](13) = 0.149075,	Delta[d](14) = 0.198042,	Delta[d](15) = 0.149075;	Delta[s+](0) = 0.493651,	
	Delta[s+](1) = 0.345244,	Delta[s+](2) = 0.259609,	Delta[s+](3) = 0.345244,	Delta[s+](4) = 0.345244,	Delta[s+](5) = 0.158288,	
	Delta[s+](6) = 0.0735,	Delta[s+](7) = 0.158288,	Delta[s+](8) = 0.259609,	Delta[s+](9) = 0.0735,	Delta[s+](10) = 0.0250207,	
	Delta[s+](11) = 0.0735,	Delta[s+](12) = 0.345244,	Delta[s+](13) = 0.158288,	Delta[s+](14) = 0.0735,	Delta[s+](15) = 0.158288
	
The 0-th iteration is completed.	|| time cost : 0h 2m 2.44s
********************************************************************************************************************
Start the 1 rounds of NGS-ED iteration
	effective electronic model is modified as: kinetic energy t = 0.979298, t' = -0.28916
	                                           effective interaction Vq = [       -9.8,  -0.868091,  -0.071277,  -0.868091,  -0.868091, -0.0753446,-0.00351372, -0.0753446,  -0.071277,-0.00351372,  -0.139413,-0.00351372,  -0.868091, -0.0753446,-0.00351372, -0.0753446]
	PARPACK diagonalization completed after 45 matrix-vector product operations.
	iteration results: : total energy is -103.450745 | electron energy -103.556058 + phonon energy 0.105313 | electron momentum kIdx = 10
The 1-th iteration is completed.	|| time cost : 0h 1m 18.124s
********************************************************************************************************************
Start the 2 rounds of NGS-ED iteration
	effective electronic model is modified as: kinetic energy t = 0.972446, t' = -0.285126
	                                           effective interaction Vq = [       -9.8,    -1.1473, -0.0696561,    -1.1473,    -1.1473, -0.0748646,-0.00345858, -0.0748646, -0.0696561,-0.00345858,  -0.140242,-0.00345858,    -1.1473, -0.0748646,-0.00345858, -0.0748646]
	PARPACK diagonalization completed after 45 matrix-vector product operations.
	iteration results: : total energy is -103.465705 | electron energy -103.658350 + phonon energy 0.192644 | electron momentum kIdx = 10
The 2-th iteration is completed.	|| time cost : 0h 0m 11.478s
********************************************************************************************************************
Start the 3 rounds of NGS-ED iteration
	effective electronic model is modified as: kinetic energy t = 0.969026, t' = -0.283115
	                                           effective interaction Vq = [       -9.8,   -1.28351, -0.0691022,   -1.28351,   -1.28351, -0.0746394,-0.00344769, -0.0746394, -0.0691022,-0.00344769,  -0.139631,-0.00344769,   -1.28351, -0.0746394,-0.00344769, -0.0746394]
	PARPACK diagonalization completed after 45 matrix-vector product operations.
	iteration results: : total energy is -103.469082 | electron energy -103.710026 + phonon energy 0.240945 | electron momentum kIdx = 10
The 3-th iteration is completed.	|| time cost : 0h 0m 11.369s
********************************************************************************************************************
Start the 4 rounds of NGS-ED iteration
	effective electronic model is modified as: kinetic energy t = 0.967097, t' = -0.281985
	                                           effective interaction Vq = [       -9.8,   -1.35918, -0.0688486,   -1.35918,   -1.35918,  -0.074548,-0.00344282,  -0.074548, -0.0688486,-0.00344282,  -0.139309,-0.00344282,   -1.35918,  -0.074548,-0.00344282,  -0.074548]
	PARPACK diagonalization completed after 45 matrix-vector product operations.
	iteration results: : total energy is -103.470120 | electron energy -103.739309 + phonon energy 0.269188 | electron momentum kIdx = 10
The 4-th iteration is completed.	|| time cost : 0h 0m 11.474s
********************************************************************************************************************
Start the 5 rounds of NGS-ED iteration
	effective electronic model is modified as: kinetic energy t = 0.965949, t' = -0.281313
	                                           effective interaction Vq = [       -9.8,   -1.40383, -0.0687123,   -1.40383,   -1.40383,  -0.074503,-0.00344023,  -0.074503, -0.0687123,-0.00344023,  -0.139131,-0.00344023,   -1.40383,  -0.074503,-0.00344023,  -0.074503]
	PARPACK diagonalization completed after 45 matrix-vector product operations.
	iteration results: : total energy is -103.470484 | electron energy -103.756778 + phonon energy 0.286295 | electron momentum kIdx = 10
The 5-th iteration is completed.	|| time cost : 0h 0m 11.492s
********************************************************************************************************************
Start the 6 rounds of NGS-ED iteration
	effective electronic model is modified as: kinetic energy t = 0.965245, t' = -0.280902
	                                           effective interaction Vq = [       -9.8,   -1.43105, -0.0686333,   -1.43105,   -1.43105, -0.0744783,-0.00343873, -0.0744783, -0.0686333,-0.00343873,  -0.139026,-0.00343873,   -1.43105, -0.0744783,-0.00343873, -0.0744783]
	PARPACK diagonalization completed after 45 matrix-vector product operations.
	iteration results: : total energy is -103.470619 | electron energy -103.767494 + phonon energy 0.296875 | electron momentum kIdx = 10
The 6-th iteration is completed.	|| time cost : 0h 0m 11.487s
********************************************************************************************************************
Start the 7 rounds of NGS-ED iteration
	effective electronic model is modified as: kinetic energy t = 0.964806, t' = -0.280646
	                                           effective interaction Vq = [       -9.8,   -1.44794, -0.0685857,   -1.44794,   -1.44794,  -0.074464,-0.00343783,  -0.074464, -0.0685857,-0.00343783,  -0.138961,-0.00343783,   -1.44794,  -0.074464,-0.00343783,  -0.074464]
	PARPACK diagonalization completed after 45 matrix-vector product operations.
	iteration results: : total energy is -103.470672 | electron energy -103.774172 + phonon energy 0.303501 | electron momentum kIdx = 10
The 7-th iteration is completed.	|| time cost : 0h 0m 11.479s
********************************************************************************************************************
Start the 8 rounds of NGS-ED iteration
	effective electronic model is modified as: kinetic energy t = 0.96453, t' = -0.280485
	                                           effective interaction Vq = [       -9.8,   -1.45855, -0.0685564,   -1.45855,   -1.45855, -0.0744554,-0.00343728, -0.0744554, -0.0685564,-0.00343728,  -0.138922,-0.00343728,   -1.45855, -0.0744554,-0.00343728, -0.0744554]
	PARPACK diagonalization completed after 45 matrix-vector product operations.
	iteration results: : total energy is -103.470692 | electron energy -103.778375 + phonon energy 0.307683 | electron momentum kIdx = 10
The 8-th iteration is completed.	|| time cost : 0h 0m 11.494s
********************************************************************************************************************
Start the 9 rounds of NGS-ED iteration
	effective electronic model is modified as: kinetic energy t = 0.964355, t' = -0.280383
	                                           effective interaction Vq = [       -9.8,   -1.46526, -0.0685381,   -1.46526,   -1.46526, -0.0744501,-0.00343693, -0.0744501, -0.0685381,-0.00343693,  -0.138897,-0.00343693,   -1.46526, -0.0744501,-0.00343693, -0.0744501]
	PARPACK diagonalization completed after 30 matrix-vector product operations.
	iteration results: : total energy is -103.470701 | electron energy -103.781035 + phonon energy 0.310335 | electron momentum kIdx = 10
The 9-th iteration is completed.	|| time cost : 0h 0m 9.549s
********************************************************************************************************************
Start the 10 rounds of NGS-ED iteration
	effective electronic model is modified as: kinetic energy t = 0.964244, t' = -0.280318
	                                           effective interaction Vq = [       -9.8,   -1.46951, -0.0685265,   -1.46951,   -1.46951, -0.0744468,-0.00343671, -0.0744468, -0.0685265,-0.00343671,  -0.138881,-0.00343671,   -1.46951, -0.0744468,-0.00343671, -0.0744468]
	PARPACK diagonalization completed after 30 matrix-vector product operations.
	iteration results: : total energy is -103.470704 | electron energy -103.782726 + phonon energy 0.312022 | electron momentum kIdx = 10
The 10-th iteration is completed.	|| time cost : 0h 0m 9.569s
********************************************************************************************************************
Start the 11 rounds of NGS-ED iteration
	effective electronic model is modified as: kinetic energy t = 0.964174, t' = -0.280277
	                                           effective interaction Vq = [       -9.8,   -1.47222, -0.0685192,   -1.47222,   -1.47222, -0.0744447,-0.00343657, -0.0744447, -0.0685192,-0.00343657,  -0.138871,-0.00343657,   -1.47222, -0.0744447,-0.00343657, -0.0744447]
	PARPACK diagonalization completed after 30 matrix-vector product operations.
	iteration results: : total energy is -103.470705 | electron energy -103.783802 + phonon energy 0.313097 | electron momentum kIdx = 10
The 11-th iteration is completed.	|| time cost : 0h 0m 9.557s
********************************************************************************************************************
Start the 12 rounds of NGS-ED iteration
	effective electronic model is modified as: kinetic energy t = 0.964129, t' = -0.280251
	                                           effective interaction Vq = [       -9.8,   -1.47395, -0.0685145,   -1.47395,   -1.47395, -0.0744434,-0.00343649, -0.0744434, -0.0685145,-0.00343649,  -0.138864,-0.00343649,   -1.47395, -0.0744434,-0.00343649, -0.0744434]
	PARPACK diagonalization completed after 30 matrix-vector product operations.
	iteration results: : total energy is -103.470706 | electron energy -103.784489 + phonon energy 0.313783 | electron momentum kIdx = 10
The 12-th iteration is completed.	|| time cost : 0h 0m 9.573s
********************************************************************************************************************
Start the 13 rounds of NGS-ED iteration
	effective electronic model is modified as: kinetic energy t = 0.9641, t' = -0.280234
	                                           effective interaction Vq = [       -9.8,   -1.47505, -0.0685115,   -1.47505,   -1.47505, -0.0744426,-0.00343643, -0.0744426, -0.0685115,-0.00343643,   -0.13886,-0.00343643,   -1.47505, -0.0744426,-0.00343643, -0.0744426]
	PARPACK diagonalization completed after 30 matrix-vector product operations.
	iteration results: : total energy is -103.470706 | electron energy -103.784927 + phonon energy 0.314221 | electron momentum kIdx = 10
The 13-th iteration is completed.	|| time cost : 0h 0m 9.55s
********************************************************************************************************************
Start the 14 rounds of NGS-ED iteration
	effective electronic model is modified as: kinetic energy t = 0.964082, t' = -0.280223
	                                           effective interaction Vq = [      -9.8,  -1.47575,-0.0685097,  -1.47575,  -1.47575, -0.074442,-0.0034364, -0.074442,-0.0685097,-0.0034364, -0.138858,-0.0034364,  -1.47575, -0.074442,-0.0034364, -0.074442]
	PARPACK diagonalization completed after 30 matrix-vector product operations.
	iteration results: : total energy is -103.470706 | electron energy -103.785207 + phonon energy 0.314501 | electron momentum kIdx = 10
The 14-th iteration is completed.	|| time cost : 0h 0m 9.571s
********************************************************************************************************************
Start the 15 rounds of NGS-ED iteration
	effective electronic model is modified as: kinetic energy t = 0.96407, t' = -0.280216
	                                           effective interaction Vq = [       -9.8,    -1.4762, -0.0685084,    -1.4762,    -1.4762, -0.0744417,-0.00343637, -0.0744417, -0.0685084,-0.00343637,  -0.138856,-0.00343637,    -1.4762, -0.0744417,-0.00343637, -0.0744417]
	PARPACK diagonalization completed after 30 matrix-vector product operations.
	iteration results: : total energy is -103.470706 | electron energy -103.785386 + phonon energy 0.314679 | electron momentum kIdx = 10
The 15-th iteration is completed.	|| time cost : 0h 0m 9.558s
********************************************************************************************************************
Start the 16 rounds of NGS-ED iteration
	effective electronic model is modified as: kinetic energy t = 0.964062, t' = -0.280212
	                                           effective interaction Vq = [       -9.8,   -1.47649, -0.0685077,   -1.47649,   -1.47649, -0.0744415,-0.00343636, -0.0744415, -0.0685077,-0.00343636,  -0.138855,-0.00343636,   -1.47649, -0.0744415,-0.00343636, -0.0744415]
	PARPACK diagonalization completed after 30 matrix-vector product operations.
	iteration results: : total energy is -103.470706 | electron energy -103.785500 + phonon energy 0.314794 | electron momentum kIdx = 10
The 16-th iteration is completed.	|| time cost : 0h 0m 9.534s
********************************************************************************************************************
Start the 17 rounds of NGS-ED iteration
	effective electronic model is modified as: kinetic energy t = 0.964058, t' = -0.280209
	                                           effective interaction Vq = [       -9.8,   -1.47667, -0.0685072,   -1.47667,   -1.47667, -0.0744413,-0.00343635, -0.0744413, -0.0685072,-0.00343635,  -0.138854,-0.00343635,   -1.47667, -0.0744413,-0.00343635, -0.0744413]
	PARPACK diagonalization completed after 30 matrix-vector product operations.
	iteration results: : total energy is -103.470706 | electron energy -103.785573 + phonon energy 0.314867 | electron momentum kIdx = 10
The 17-th iteration is completed.	|| time cost : 0h 0m 9.574s
********************************************************************************************************************
Start the 18 rounds of NGS-ED iteration
	effective electronic model is modified as: kinetic energy t = 0.964054, t' = -0.280207
	                                           effective interaction Vq = [       -9.8,   -1.47679, -0.0685069,   -1.47679,   -1.47679, -0.0744413,-0.00343634, -0.0744413, -0.0685069,-0.00343634,  -0.138854,-0.00343634,   -1.47679, -0.0744413,-0.00343634, -0.0744413]
	PARPACK diagonalization completed after 30 matrix-vector product operations.
	iteration results: : total energy is -103.470706 | electron energy -103.785620 + phonon energy 0.314914 | electron momentum kIdx = 10
The 18-th iteration is completed.	|| time cost : 0h 0m 9.56s
********************************************************************************************************************
Start the 19 rounds of NGS-ED iteration
	effective electronic model is modified as: kinetic energy t = 0.964053, t' = -0.280206
	                                           effective interaction Vq = [       -9.8,   -1.47687, -0.0685067,   -1.47687,   -1.47687, -0.0744412,-0.00343634, -0.0744412, -0.0685067,-0.00343634,  -0.138853,-0.00343634,   -1.47687, -0.0744412,-0.00343634, -0.0744412]
	PARPACK diagonalization completed after 30 matrix-vector product operations.
	iteration results: : total energy is -103.470706 | electron energy -103.785650 + phonon energy 0.314943 | electron momentum kIdx = 10
The 19-th iteration is completed.	|| time cost : 0h 0m 9.554s
********************************************************************************************************************
Start the 20 rounds of NGS-ED iteration
	effective electronic model is modified as: kinetic energy t = 0.964051, t' = -0.280205
	                                           effective interaction Vq = [       -9.8,   -1.47691, -0.0685065,   -1.47691,   -1.47691, -0.0744412,-0.00343634, -0.0744412, -0.0685065,-0.00343634,  -0.138853,-0.00343634,   -1.47691, -0.0744412,-0.00343634, -0.0744412]
	PARPACK diagonalization completed after 30 matrix-vector product operations.
	iteration results: : total energy is -103.470706 | electron energy -103.785669 + phonon energy 0.314963 | electron momentum kIdx = 10
The 20-th iteration is completed.	|| time cost : 0h 0m 9.599s
********************************************************************************************************************
Start the 21 rounds of NGS-ED iteration
	effective electronic model is modified as: kinetic energy t = 0.96405, t' = -0.280205
	                                           effective interaction Vq = [       -9.8,   -1.47695, -0.0685065,   -1.47695,   -1.47695, -0.0744411,-0.00343633, -0.0744411, -0.0685065,-0.00343633,  -0.138853,-0.00343633,   -1.47695, -0.0744411,-0.00343633, -0.0744411]
	PARPACK diagonalization completed after 30 matrix-vector product operations.
	iteration results: : total energy is -103.470706 | electron energy -103.785681 + phonon energy 0.314975 | electron momentum kIdx = 10
The 21-th iteration is completed.	|| time cost : 0h 0m 9.591s
********************************************************************************************************************
Start the 22 rounds of NGS-ED iteration
	effective electronic model is modified as: kinetic energy t = 0.96405, t' = -0.280205
	                                           effective interaction Vq = [       -9.8,   -1.47696, -0.0685064,   -1.47696,   -1.47696, -0.0744411,-0.00343633, -0.0744411, -0.0685064,-0.00343633,  -0.138853,-0.00343633,   -1.47696, -0.0744411,-0.00343633, -0.0744411]
	PARPACK diagonalization completed after 30 matrix-vector product operations.
	iteration results: : total energy is -103.470706 | electron energy -103.785689 + phonon energy 0.314983 | electron momentum kIdx = 10
The 22-th iteration is completed.	|| time cost : 0h 0m 9.568s
********************************************************************************************************************
Start the 23 rounds of NGS-ED iteration
	effective electronic model is modified as: kinetic energy t = 0.96405, t' = -0.280204
	                                           effective interaction Vq = [       -9.8,   -1.47698, -0.0685064,   -1.47698,   -1.47698, -0.0744411,-0.00343633, -0.0744411, -0.0685064,-0.00343633,  -0.138853,-0.00343633,   -1.47698, -0.0744411,-0.00343633, -0.0744411]
	PARPACK diagonalization completed after 30 matrix-vector product operations.
	iteration results: : total energy is -103.470706 | electron energy -103.785694 + phonon energy 0.314988 | electron momentum kIdx = 10
The 23-th iteration is completed.	|| time cost : 0h 0m 9.569s
********************************************************************************************************************
Start the 24 rounds of NGS-ED iteration
	effective electronic model is modified as: kinetic energy t = 0.964049, t' = -0.280204
	                                           effective interaction Vq = [       -9.8,   -1.47699, -0.0685063,   -1.47699,   -1.47699, -0.0744411,-0.00343633, -0.0744411, -0.0685063,-0.00343633,  -0.138853,-0.00343633,   -1.47699, -0.0744411,-0.00343633, -0.0744411]
	PARPACK diagonalization completed after 30 matrix-vector product operations.
	iteration results: : total energy is -103.470706 | electron energy -103.785697 + phonon energy 0.314991 | electron momentum kIdx = 10
The 24-th iteration is completed.	|| time cost : 0h 0m 9.556s
********************************************************************************************************************
Start the 25 rounds of NGS-ED iteration
	effective electronic model is modified as: kinetic energy t = 0.964049, t' = -0.280204
	                                           effective interaction Vq = [       -9.8,   -1.47699, -0.0685063,   -1.47699,   -1.47699, -0.0744411,-0.00343633, -0.0744411, -0.0685063,-0.00343633,  -0.138853,-0.00343633,   -1.47699, -0.0744411,-0.00343633, -0.0744411]
	PARPACK diagonalization completed after 30 matrix-vector product operations.
	iteration results: : total energy is -103.470706 | electron energy -103.785699 + phonon energy 0.314993 | electron momentum kIdx = 10
The 25-th iteration is completed.	|| time cost : 0h 0m 9.562s
********************************************************************************************************************
Start the 26 rounds of NGS-ED iteration
	effective electronic model is modified as: kinetic energy t = 0.964049, t' = -0.280204
	                                           effective interaction Vq = [       -9.8,   -1.47699, -0.0685063,   -1.47699,   -1.47699, -0.0744411,-0.00343633, -0.0744411, -0.0685063,-0.00343633,  -0.138853,-0.00343633,   -1.47699, -0.0744411,-0.00343633, -0.0744411]
	PARPACK diagonalization completed after 30 matrix-vector product operations.
	iteration results: : total energy is -103.470706 | electron energy -103.785700 + phonon energy 0.314994 | electron momentum kIdx = 10
The 26-th iteration is completed.	|| time cost : 0h 0m 9.573s
********************************************************************************************************************
Start the 27 rounds of NGS-ED iteration
	effective electronic model is modified as: kinetic energy t = 0.964049, t' = -0.280204
	                                           effective interaction Vq = [       -9.8,     -1.477, -0.0685063,     -1.477,     -1.477, -0.0744411,-0.00343633, -0.0744411, -0.0685063,-0.00343633,  -0.138853,-0.00343633,     -1.477, -0.0744411,-0.00343633, -0.0744411]
	PARPACK diagonalization completed after 30 matrix-vector product operations.
	iteration results: : total energy is -103.470706 | electron energy -103.785701 + phonon energy 0.314995 | electron momentum kIdx = 10
The 27-th iteration is completed.	|| time cost : 0h 0m 9.556s
********************************************************************************************************************
Start the 28 rounds of NGS-ED iteration
	effective electronic model is modified as: kinetic energy t = 0.964049, t' = -0.280204
	                                           effective interaction Vq = [       -9.8,     -1.477, -0.0685063,     -1.477,     -1.477, -0.0744411,-0.00343633, -0.0744411, -0.0685063,-0.00343633,  -0.138853,-0.00343633,     -1.477, -0.0744411,-0.00343633, -0.0744411]
	PARPACK diagonalization completed after 30 matrix-vector product operations.
	iteration results: : total energy is -103.470706 | electron energy -103.785702 + phonon energy 0.314995 | electron momentum kIdx = 10
The 28-th iteration is completed.	|| time cost : 0h 0m 9.565s
********************************************************************************************************************
Start the 29 rounds of NGS-ED iteration
	effective electronic model is modified as: kinetic energy t = 0.964049, t' = -0.280204
	                                           effective interaction Vq = [       -9.8,     -1.477, -0.0685063,     -1.477,     -1.477, -0.0744411,-0.00343633, -0.0744411, -0.0685063,-0.00343633,  -0.138853,-0.00343633,     -1.477, -0.0744411,-0.00343633, -0.0744411]
	PARPACK diagonalization completed after 30 matrix-vector product operations.
	iteration results: : total energy is -103.470706 | electron energy -103.785702 + phonon energy 0.314996 | electron momentum kIdx = 10
The 29-th iteration is completed.	|| time cost : 0h 0m 9.561s
********************************************************************************************************************
Start the 30 rounds of NGS-ED iteration
	effective electronic model is modified as: kinetic energy t = 0.964049, t' = -0.280204
	                                           effective interaction Vq = [       -9.8,     -1.477, -0.0685063,     -1.477,     -1.477, -0.0744411,-0.00343633, -0.0744411, -0.0685063,-0.00343633,  -0.138853,-0.00343633,     -1.477, -0.0744411,-0.00343633, -0.0744411]
	PARPACK diagonalization completed after 30 matrix-vector product operations.
	iteration results: : total energy is -103.470706 | electron energy -103.785702 + phonon energy 0.314996 | electron momentum kIdx = 10
The 30-th iteration is completed.	|| time cost : 0h 0m 9.562s
********************************************************************************************************************
Start the 31 rounds of NGS-ED iteration
	effective electronic model is modified as: kinetic energy t = 0.964049, t' = -0.280204
	                                           effective interaction Vq = [       -9.8,     -1.477, -0.0685063,     -1.477,     -1.477, -0.0744411,-0.00343633, -0.0744411, -0.0685063,-0.00343633,  -0.138853,-0.00343633,     -1.477, -0.0744411,-0.00343633, -0.0744411]
	PARPACK diagonalization completed after 30 matrix-vector product operations.
	iteration results: : total energy is -103.470706 | electron energy -103.785702 + phonon energy 0.314996 | electron momentum kIdx = 10
The 31-th iteration is completed.	|| time cost : 0h 0m 9.593s
********************************************************************************************************************
Start the 32 rounds of NGS-ED iteration
	effective electronic model is modified as: kinetic energy t = 0.964049, t' = -0.280204
	                                           effective interaction Vq = [       -9.8,     -1.477, -0.0685063,     -1.477,     -1.477, -0.0744411,-0.00343633, -0.0744411, -0.0685063,-0.00343633,  -0.138853,-0.00343633,     -1.477, -0.0744411,-0.00343633, -0.0744411]
	PARPACK diagonalization completed after 30 matrix-vector product operations.
	iteration results: : total energy is -103.470706 | electron energy -103.785702 + phonon energy 0.314996 | electron momentum kIdx = 10
The 32-th iteration is completed.	|| time cost : 0h 0m 9.561s
********************************************************************************************************************
Start the 33 rounds of NGS-ED iteration
	effective electronic model is modified as: kinetic energy t = 0.964049, t' = -0.280204
	                                           effective interaction Vq = [       -9.8,     -1.477, -0.0685063,     -1.477,     -1.477, -0.0744411,-0.00343633, -0.0744411, -0.0685063,-0.00343633,  -0.138853,-0.00343633,     -1.477, -0.0744411,-0.00343633, -0.0744411]
	PARPACK diagonalization completed after 30 matrix-vector product operations.
	iteration results: : total energy is -103.470706 | electron energy -103.785703 + phonon energy 0.314996 | electron momentum kIdx = 10
	Nq(0) = 9,	Nq(1) = 0.22373,	Nq(2) = 0.240518,	Nq(3) = 0.22373,	Nq(4) = 0.22373,	Nq(5) = 0.255971,	
	Nq(6) = 0.302064,	Nq(7) = 0.255971,	Nq(8) = 0.240518,	Nq(9) = 0.302064,	Nq(10) = 0.356291,	
	Nq(11) = 0.302064,	Nq(12) = 0.22373,	Nq(13) = 0.255971,	Nq(14) = 0.302064,	Nq(15) = 0.255971;	
	Sq(0) = 2.17296e-18,	Sq(1) = 0.500736,	Sq(2) = 0.458615,	Sq(3) = 0.500736,	Sq(4) = 0.500736,	
	Sq(5) = 0.712627,	Sq(6) = 0.930432,	Sq(7) = 0.712627,	Sq(8) = 0.458615,	Sq(9) = 0.930432,	
	Sq(10) = 1.5432,	Sq(11) = 0.930432,	Sq(12) = 0.500736,	Sq(13) = 0.712627,	Sq(14) = 0.930432,	
	Sq(15) = 0.712627;	N(0) = 1.71938,	N(1) = 1.63223,	N(2) = 1.01685,	N(3) = 1.63223,	
	N(4) = 1.63223,	N(5) = 0.25211,	N(6) = 0.157372,	N(7) = 0.25211,	N(8) = 1.01685,	
	N(9) = 0.157372,	N(10) = 0.0800833,	N(11) = 0.157372,	N(12) = 1.63223,	N(13) = 0.25211,	
	N(14) = 0.157372,	N(15) = 0.25211;	Delta[s](0) = 0.0622013,	Delta[s](1) = 0.0442839,	Delta[s](2) = 0.0352386,	
	Delta[s](3) = 0.0442839,	Delta[s](4) = 0.0442839,	Delta[s](5) = 0.0265416,	Delta[s](6) = 0.0154646,	Delta[s](7) = 0.0265416,	
	Delta[s](8) = 0.0352386,	Delta[s](9) = 0.0154646,	Delta[s](10) = 0.00435464,	Delta[s](11) = 0.0154646,	Delta[s](12) = 0.0442839,	
	Delta[s](13) = 0.0265416,	Delta[s](14) = 0.0154646,	Delta[s](15) = 0.0265416;	Delta[d](0) = 0.270614,	Delta[d](1) = 0.221991,	
	Delta[d](2) = 0.263043,	Delta[d](3) = 0.221991,	Delta[d](4) = 0.221991,	Delta[d](5) = 0.150103,	Delta[d](6) = 0.195345,	
	Delta[d](7) = 0.150103,	Delta[d](8) = 0.263043,	Delta[d](9) = 0.195345,	Delta[d](10) = 0.323014,	Delta[d](11) = 0.195345,	
	Delta[d](12) = 0.221991,	Delta[d](13) = 0.150103,	Delta[d](14) = 0.195345,	Delta[d](15) = 0.150103;	Delta[s+](0) = 0.50653,	
	Delta[s+](1) = 0.352705,	Delta[s+](2) = 0.263043,	Delta[s+](3) = 0.352705,	Delta[s+](4) = 0.352705,	Delta[s+](5) = 0.161968,	
	Delta[s+](6) = 0.0754708,	Delta[s+](7) = 0.161968,	Delta[s+](8) = 0.263043,	Delta[s+](9) = 0.0754708,	Delta[s+](10) = 0.0275598,	
	Delta[s+](11) = 0.0754708,	Delta[s+](12) = 0.352705,	Delta[s+](13) = 0.161968,	Delta[s+](14) = 0.0754708,	Delta[s+](15) = 0.161968
	
The 33-th iteration is completed.	|| time cost : 0h 1m 19.596s
********************************************************************************************************************
********************************************************************************************************************
Ground state is obtained after 34 iterations. The current ground-state energy is -103.471, in which electron energy is -103.786 and phonon energy is 0.314996
Final variational state is: 
	Gamma_x = [      1,3.23997,1.08378,3.23997,3.23997,1.09726,1.00511,1.09726,1.08378,1.00511,1.27136,1.00511,3.23997,1.09726,1.00511,1.09726]
	lambda_q = [         7,  0.913218, 0.0875491,  0.913218,  0.913218,  0.095323,-0.0174875,  0.095323, 0.0875491,-0.0174875, -0.118033,-0.0174875,  0.913218,  0.095323,-0.0174875,  0.095323]
Effective e-e interactions mediated by phonons are:
	momentum-space Vq = [       -9.8,     -1.477, -0.0685063,     -1.477,     -1.477, -0.0744411,-0.00343633, -0.0744411, -0.0685063,-0.00343633,  -0.138853,-0.00343633,     -1.477, -0.0744411,-0.00343633, -0.0744411]
	real-space Vr = [ -1.01846,-0.788017,-0.611131,-0.788017,-0.788017,-0.612615,-0.419626,-0.612615,-0.611131,-0.419626,-0.278243,-0.419626,-0.788017,-0.612615,-0.419626,-0.612615]
********************************************************************************************************************
o___o  ----------------------------------------
| L |	Time since last clock: 0h 0m 0.007s
A===A	Time since the beginning: 0h 9m 50.02s
***********************************************


Non-Gaussina ED ground state calculation is completed. The final ground-state energy is -103.471
********************************************************************************************************************
o___o  ----------------------------------------
| L |	Time since last clock: 0h 0m 0.002s
A===A	Time since the beginning: 0h 9m 50.023s
***********************************************



********************************************************************************************************************
All non-Gaussian ED ground state calculations have been completed. Exit now.
