SNEDics v3.22.2 Non-Gaussian ED ground state program		Start at Sun May 15 17:29:13 2022

Parallelization: 32 MPI threads  * 8 OpenMP threads = 256 total threads.
********************************************************************************************************************
********************************************************************************************************************

********************************************************************************************************************
System parameters and configurations
	special program options are enabled: splitted diagonal Hamiltonian | splitted Hamiltonian terms
********************************************************************************************************************
Read input file "model_params.in"
	Hubbard-Holstein model parameters : 	t = 1    t' = -0.3    U = 8    g = 0.35    W = 0.2    g' = 0.2    
********************************************************************************************************************
Read input file "hilbertspace_params.in"
	Requested 16-site 2D lattice, with 12 electrons (6, 6)
	Boundary : Periodic		Hilbert space representation : momentum-space (restricted to kIdx = 10)
	Conservation: particle number[U(1)]      spin[U(1)]     momentum
********************************************************************************************************************

Cluster Positions:				Cluster symmetry group : D4
 x ... x ... x ... x .....                       x ... x ... x ... x .....
 |           |           :                       |           |           :
 |           |           :                       |           |           :
12    13    14    15     x                       1     5     6     5     x
 |           |           :                       |           |           :
 |           |           :                       |           |           :
 8 --- 9 ---10 ---11 --- x                       2 --- 6 ---10 --- 6 --- x
 |           |           :                       |           |           :
 |           |           :                       |           |           :
 4     5     6     7     x                       1     5     6     5     x
 |           |           :                       |           |           :
 |           |           :                       |           |           :
 0 --- 1 --- 2 --- 3 --- x                       0 --- 1 --- 2 --- 1 --- x
orbital number : 1
********************************************************************************************************************
Read input file "obs_params.in"
	Observable Type : Nq(All),   Sq(All),   N(All-Orbital),   Delta[s](All),   Delta[d](All),   Delta[s+](All)
** WARNING ** the input observables have non-local factors which have been reinterpreted. The total observable number is 96
********************************************************************************************************************


********************************************************************************************************************
Start calculating the non-Gaussian ED ground state
Maximal iteration number is 1000; energy resolution is 1e-06. Phonon state relaxation time is 2000
W = 0.2 is relatively large. The non-Gaussian ED calculation starts directly.
open output files: NGSED_iteration_observables.txt
********************************************************************************************************************
Start the 0 rounds of NGS-ED iteration
	effective electronic model is modified as: kinetic energy t = 1, t' = -0.3
	                                           effective interaction Vq = [0,0,0,0,0,0,0,0,0,0,0,0,0,0,0,0]
	first Hamiltonian is constructed, size = 4008592 and non-zero numbers = 969952276
	PARPACK diagonalization completed after 120 matrix-vector product operations.
	iteration results: : total energy is -14.904199 | electron energy -14.904199 + phonon energy 0.000000 | electron momentum kIdx = 10
	Nq(0) = 9,	Nq(1) = 0.183693,	Nq(2) = 0.250775,	Nq(3) = 0.183693,	Nq(4) = 0.183693,	Nq(5) = 0.258947,	
	Nq(6) = 0.308855,	Nq(7) = 0.258947,	Nq(8) = 0.250775,	Nq(9) = 0.308855,	Nq(10) = 0.355902,	
	Nq(11) = 0.308855,	Nq(12) = 0.183693,	Nq(13) = 0.258947,	Nq(14) = 0.308855,	Nq(15) = 0.258947;	
	Sq(0) = 3.45099e-18,	Sq(1) = 0.504384,	Sq(2) = 0.469115,	Sq(3) = 0.504384,	Sq(4) = 0.504384,	
	Sq(5) = 0.735911,	Sq(6) = 0.943053,	Sq(7) = 0.735911,	Sq(8) = 0.469115,	Sq(9) = 0.943053,	
	Sq(10) = 1.46495,	Sq(11) = 0.943053,	Sq(12) = 0.504384,	Sq(13) = 0.735911,	Sq(14) = 0.943053,	
	Sq(15) = 0.735911;	N(0) = 1.70338,	N(1) = 1.58882,	N(2) = 1.04187,	N(3) = 1.58882,	
	N(4) = 1.58882,	N(5) = 0.289608,	N(6) = 0.157281,	N(7) = 0.289608,	N(8) = 1.04187,	
	N(9) = 0.157281,	N(10) = 0.0700575,	N(11) = 0.157281,	N(12) = 1.58882,	N(13) = 0.289608,	
	N(14) = 0.157281,	N(15) = 0.289608;	Delta[s](0) = 0.0595976,	Delta[s](1) = 0.041122,	Delta[s](2) = 0.0322444,	
	Delta[s](3) = 0.041122,	Delta[s](4) = 0.041122,	Delta[s](5) = 0.0225762,	Delta[s](6) = 0.0126318,	Delta[s](7) = 0.0225762,	
	Delta[s](8) = 0.0322444,	Delta[s](9) = 0.0126318,	Delta[s](10) = 0.00231114,	Delta[s](11) = 0.0126318,	Delta[s](12) = 0.041122,	
	Delta[s](13) = 0.0225762,	Delta[s](14) = 0.0126318,	Delta[s](15) = 0.0225762;	Delta[d](0) = 0.272728,	Delta[d](1) = 0.219412,	
	Delta[d](2) = 0.261209,	Delta[d](3) = 0.219412,	Delta[d](4) = 0.219412,	Delta[d](5) = 0.14853,	Delta[d](6) = 0.197663,	
	Delta[d](7) = 0.14853,	Delta[d](8) = 0.261209,	Delta[d](9) = 0.197663,	Delta[d](10) = 0.325805,	Delta[d](11) = 0.197663,	
	Delta[d](12) = 0.219412,	Delta[d](13) = 0.14853,	Delta[d](14) = 0.197663,	Delta[d](15) = 0.14853;	Delta[s+](0) = 0.498023,	
	Delta[s+](1) = 0.347899,	Delta[s+](2) = 0.261209,	Delta[s+](3) = 0.347899,	Delta[s+](4) = 0.347899,	Delta[s+](5) = 0.158154,	
	Delta[s+](6) = 0.0720941,	Delta[s+](7) = 0.158154,	Delta[s+](8) = 0.261209,	Delta[s+](9) = 0.0720941,	Delta[s+](10) = 0.0238413,	
	Delta[s+](11) = 0.0720941,	Delta[s+](12) = 0.347899,	Delta[s+](13) = 0.158154,	Delta[s+](14) = 0.0720941,	Delta[s+](15) = 0.158154
	
The 0-th iteration is completed.	|| time cost : 0h 2m 1.603s
********************************************************************************************************************
Start the 1 rounds of NGS-ED iteration
	effective electronic model is modified as: kinetic energy t = 0.988288, t' = -0.293883
	                                           effective interaction Vq = [    -6.6125,  -0.464696, -0.0529803,  -0.464696,  -0.464696, -0.0559081,-0.00086748, -0.0559081, -0.0529803,-0.00086748, -0.0694347,-0.00086748,  -0.464696, -0.0559081,-0.00086748, -0.0559081]
	PARPACK diagonalization completed after 45 matrix-vector product operations.
	iteration results: : total energy is -74.624664 | electron energy -74.658760 + phonon energy 0.034096 | electron momentum kIdx = 10
The 1-th iteration is completed.	|| time cost : 0h 1m 18.043s
********************************************************************************************************************
Start the 2 rounds of NGS-ED iteration
	effective electronic model is modified as: kinetic energy t = 0.987029, t' = -0.29313
	                                           effective interaction Vq = [     -6.6125,   -0.509959,  -0.0523013,   -0.509959,   -0.509959,  -0.0556728,-0.000857782,  -0.0556728,  -0.0523013,-0.000857782,  -0.0693444,-0.000857782,   -0.509959,  -0.0556728,-0.000857782,  -0.0556728]
	PARPACK diagonalization completed after 45 matrix-vector product operations.
	iteration results: : total energy is -74.625612 | electron energy -74.669648 + phonon energy 0.044036 | electron momentum kIdx = 10
The 2-th iteration is completed.	|| time cost : 0h 0m 11.468s
********************************************************************************************************************
Start the 3 rounds of NGS-ED iteration
	effective electronic model is modified as: kinetic energy t = 0.986878, t' = -0.293039
	                                           effective interaction Vq = [     -6.6125,   -0.515368,  -0.0522169,   -0.515368,   -0.515368,  -0.0556239,-0.000857078,  -0.0556239,  -0.0522169,-0.000857078,  -0.0692828,-0.000857078,   -0.515368,  -0.0556239,-0.000857078,  -0.0556239]
	PARPACK diagonalization completed after 30 matrix-vector product operations.
	iteration results: : total energy is -74.625625 | electron energy -74.670915 + phonon energy 0.045290 | electron momentum kIdx = 10
The 3-th iteration is completed.	|| time cost : 0h 0m 9.532s
********************************************************************************************************************
Start the 4 rounds of NGS-ED iteration
	effective electronic model is modified as: kinetic energy t = 0.98686, t' = -0.293028
	                                           effective interaction Vq = [     -6.6125,   -0.516026,  -0.0522069,   -0.516026,   -0.516026,   -0.055618,-0.000856995,   -0.055618,  -0.0522069,-0.000856995,  -0.0692749,-0.000856995,   -0.516026,   -0.055618,-0.000856995,   -0.055618]
	PARPACK diagonalization completed after 30 matrix-vector product operations.
	iteration results: : total energy is -74.625626 | electron energy -74.671069 + phonon energy 0.045443 | electron momentum kIdx = 10
The 4-th iteration is completed.	|| time cost : 0h 0m 9.548s
********************************************************************************************************************
Start the 5 rounds of NGS-ED iteration
	effective electronic model is modified as: kinetic energy t = 0.986858, t' = -0.293026
	                                           effective interaction Vq = [     -6.6125,   -0.516106,  -0.0522056,   -0.516106,   -0.516106,  -0.0556173,-0.000856985,  -0.0556173,  -0.0522056,-0.000856985,   -0.069274,-0.000856985,   -0.516106,  -0.0556173,-0.000856985,  -0.0556173]
	PARPACK diagonalization completed after 30 matrix-vector product operations.
	iteration results: : total energy is -74.625626 | electron energy -74.671088 + phonon energy 0.045462 | electron momentum kIdx = 10
The 5-th iteration is completed.	|| time cost : 0h 0m 9.53s
********************************************************************************************************************
Start the 6 rounds of NGS-ED iteration
	effective electronic model is modified as: kinetic energy t = 0.986857, t' = -0.293026
	                                           effective interaction Vq = [     -6.6125,   -0.516116,  -0.0522055,   -0.516116,   -0.516116,  -0.0556172,-0.000856983,  -0.0556172,  -0.0522055,-0.000856983,  -0.0692739,-0.000856983,   -0.516116,  -0.0556172,-0.000856983,  -0.0556172]
	PARPACK diagonalization completed after 30 matrix-vector product operations.
	iteration results: : total energy is -74.625626 | electron energy -74.671090 + phonon energy 0.045464 | electron momentum kIdx = 10
The 6-th iteration is completed.	|| time cost : 0h 0m 9.549s
********************************************************************************************************************
Start the 7 rounds of NGS-ED iteration
	effective electronic model is modified as: kinetic energy t = 0.986857, t' = -0.293026
	                                           effective interaction Vq = [     -6.6125,   -0.516117,  -0.0522055,   -0.516117,   -0.516117,  -0.0556172,-0.000856983,  -0.0556172,  -0.0522055,-0.000856983,  -0.0692739,-0.000856983,   -0.516117,  -0.0556172,-0.000856983,  -0.0556172]
	PARPACK diagonalization completed after 30 matrix-vector product operations.
	iteration results: : total energy is -74.625626 | electron energy -74.671090 + phonon energy 0.045465 | electron momentum kIdx = 10
The 7-th iteration is completed.	|| time cost : 0h 0m 9.531s
********************************************************************************************************************
Start the 8 rounds of NGS-ED iteration
	effective electronic model is modified as: kinetic energy t = 0.986857, t' = -0.293026
	                                           effective interaction Vq = [     -6.6125,   -0.516117,  -0.0522055,   -0.516117,   -0.516117,  -0.0556172,-0.000856983,  -0.0556172,  -0.0522055,-0.000856983,  -0.0692739,-0.000856983,   -0.516117,  -0.0556172,-0.000856983,  -0.0556172]
	PARPACK diagonalization completed after 30 matrix-vector product operations.
	iteration results: : total energy is -74.625626 | electron energy -74.671090 + phonon energy 0.045465 | electron momentum kIdx = 10
	Nq(0) = 9,	Nq(1) = 0.195094,	Nq(2) = 0.248068,	Nq(3) = 0.195094,	Nq(4) = 0.195094,	Nq(5) = 0.258872,	
	Nq(6) = 0.306601,	Nq(7) = 0.258872,	Nq(8) = 0.248068,	Nq(9) = 0.306601,	Nq(10) = 0.357323,	
	Nq(11) = 0.306601,	Nq(12) = 0.195094,	Nq(13) = 0.258872,	Nq(14) = 0.306601,	Nq(15) = 0.258872;	
	Sq(0) = 6.18181e-19,	Sq(1) = 0.502878,	Sq(2) = 0.465378,	Sq(3) = 0.502878,	Sq(4) = 0.502878,	
	Sq(5) = 0.728379,	Sq(6) = 0.939832,	Sq(7) = 0.728379,	Sq(8) = 0.465378,	Sq(9) = 0.939832,	
	Sq(10) = 1.48917,	Sq(11) = 0.939832,	Sq(12) = 0.502878,	Sq(13) = 0.728379,	Sq(14) = 0.939832,	
	Sq(15) = 0.728379;	N(0) = 1.70986,	N(1) = 1.60415,	N(2) = 1.03487,	N(3) = 1.60415,	
	N(4) = 1.60415,	N(5) = 0.276592,	N(6) = 0.156092,	N(7) = 0.276592,	N(8) = 1.03487,	
	N(9) = 0.156092,	N(10) = 0.0730782,	N(11) = 0.156092,	N(12) = 1.60415,	N(13) = 0.276592,	
	N(14) = 0.156092,	N(15) = 0.276592;	Delta[s](0) = 0.0615459,	Delta[s](1) = 0.0425684,	Delta[s](2) = 0.0335134,	
	Delta[s](3) = 0.0425684,	Delta[s](4) = 0.0425684,	Delta[s](5) = 0.0236095,	Delta[s](6) = 0.013067,	Delta[s](7) = 0.0236095,	
	Delta[s](8) = 0.0335134,	Delta[s](9) = 0.013067,	Delta[s](10) = 0.00230983,	Delta[s](11) = 0.013067,	Delta[s](12) = 0.0425684,	
	Delta[s](13) = 0.0236095,	Delta[s](14) = 0.013067,	Delta[s](15) = 0.0236095;	Delta[d](0) = 0.273549,	Delta[d](1) = 0.221332,	
	Delta[d](2) = 0.263308,	Delta[d](3) = 0.221332,	Delta[d](4) = 0.221332,	Delta[d](5) = 0.148473,	Delta[d](6) = 0.196581,	
	Delta[d](7) = 0.148473,	Delta[d](8) = 0.263308,	Delta[d](9) = 0.196581,	Delta[d](10) = 0.329668,	Delta[d](11) = 0.196581,	
	Delta[d](12) = 0.221332,	Delta[d](13) = 0.148473,	Delta[d](14) = 0.196581,	Delta[d](15) = 0.148473;	Delta[s+](0) = 0.50475,	
	Delta[s+](1) = 0.351858,	Delta[s+](2) = 0.263308,	Delta[s+](3) = 0.351858,	Delta[s+](4) = 0.351858,	Delta[s+](5) = 0.159276,	
	Delta[s+](6) = 0.0719354,	Delta[s+](7) = 0.159276,	Delta[s+](8) = 0.263308,	Delta[s+](9) = 0.0719354,	Delta[s+](10) = 0.0240809,	
	Delta[s+](11) = 0.0719354,	Delta[s+](12) = 0.351858,	Delta[s+](13) = 0.159276,	Delta[s+](14) = 0.0719354,	Delta[s+](15) = 0.159276
	
The 8-th iteration is completed.	|| time cost : 0h 1m 19.722s
********************************************************************************************************************
********************************************************************************************************************
Ground state is obtained after 9 iterations. The current ground-state energy is -74.6256, in which electron energy is -74.6711 and phonon energy is 0.0454648
Final variational state is: 
	Gamma_x = [      1,1.58631,1.06531,1.58631,1.58631,1.07274,1.00129,1.07274,1.06531,1.00129,1.12894,1.00129,1.58631,1.07274,1.00129,1.07274]
	lambda_q = [       5.75,   0.361503,    0.07624,   0.361503,   0.361503,  0.0813436,-0.00872198,  0.0813436,    0.07624,-0.00872198, -0.0783346,-0.00872198,   0.361503,  0.0813436,-0.00872198,  0.0813436]
Effective e-e interactions mediated by phonons are:
	momentum-space Vq = [     -6.6125,   -0.516117,  -0.0522055,   -0.516117,   -0.516117,  -0.0556172,-0.000856983,  -0.0556172,  -0.0522055,-0.000856983,  -0.0692739,-0.000856983,   -0.516117,  -0.0556172,-0.000856983,  -0.0556172]
	real-space Vr = [-0.567284,-0.473359,-0.410232,-0.473359,-0.473359,-0.411085,-0.344544,-0.411085,-0.410232,-0.344544,-0.308797,-0.344544,-0.473359,-0.411085,-0.344544,-0.411085]
********************************************************************************************************************
o___o  ----------------------------------------
| L |	Time since last clock: 0h 0m 0.007s
A===A	Time since the beginning: 0h 5m 38.54s
***********************************************


Non-Gaussina ED ground state calculation is completed. The final ground-state energy is -74.6256
********************************************************************************************************************
o___o  ----------------------------------------
| L |	Time since last clock: 0h 0m 0.003s
A===A	Time since the beginning: 0h 5m 38.544s
***********************************************



********************************************************************************************************************
All non-Gaussian ED ground state calculations have been completed. Exit now.
