SNEDics v3.4 Non-Gaussian ED ground state program		Start at Thu Oct  3 08:31:02 2019

parallized on 16 MPI threads  * 8 OpenMP threads = 128 total threads.
********************************************************************************************************************
********************************************************************************************************************

********************************************************************************************************************
System parameters and configurations
********************************************************************************************************************
Special program options are enabled: splitted diagonal Hamiltonian
********************************************************************************************************************
Read input file "model_params.in"
	Hubbard-Holstein model parameters : 	t = 1    U = 3    g = 3.2404    W = 5    
********************************************************************************************************************
Read input file "hilbertspace_params.in"
	Requested 16-site 2D lattice, with 16 electrons (8, 8)
	Boundary : Periodic		Hilbert space representation : momentum-space (restricted to kIdx = 0)
	Conservation: particle number[U(1)]      spin[U(1)]     momentum
********************************************************************************************************************

Cluster Positions:				Cluster symmetry group : D4
 x ... x ... x ... x .....                       x ... x ... x ... x .....
 |           |           :                       |           |           :
 |           |           :                       |           |           :
12    13    14    15     x                       1     5     6     5     x
 |           |           :                       |           |           :
 |           |           :                       |           |           :
 8 --- 9 ---10 ---11 --- x                       2 --- 6 ---10 --- 6 --- x
 |           |           :                       |           |           :
 |           |           :                       |           |           :
 4     5     6     7     x                       1     5     6     5     x
 |           |           :                       |           |           :
 |           |           :                       |           |           :
 0 --- 1 --- 2 --- 3 --- x                       0 --- 1 --- 2 --- 1 --- x
orbital number : 1
********************************************************************************************************************
Read input file "obs_params.in"
	Observable Type : Nq(All),   Sq(All),   N(All),   Delta[s](All),   Delta[d](All),   Delta[s+](All)
********************************************************************************************************************
** WARNING ** the input observables have non-local factors which have been reinterpreted. The total observable number is 96
********************************************************************************************************************


********************************************************************************************************************
Start calculating the non-Gaussian ED ground state
** WARNING ** Detected low phonon energy W < 10. The initial state will be prepared through a warm-up process.
********************************************************************************************************************
Start warm-up calculation for scaling factor 2
open output files: NGSEDWarmUpW10Obs.txt
********************************************************************************************************************
Start the 0 rounds of NGS-ED iteration
	effective electronic model is modified as: kinetic energy t = 1
	                                           effective interaction Vq = [-0,-0,-0,-0,-0,-0,-0,-0,-0,-0,-0,-0,-0,-0,-0,-0]
	first Hamiltonian is constructed, non-zero numbers = 2845383612
	PARPACK diagonalization completed after 105 matrix-vector product operations.
	iteration results: : total energy is -15.636661 | electron energy -15.636661 + phonon energy 0.000000 | electron momentum kIdx = 0
	Nq(0) = 16,	Nq(1) = 0.197474,	Nq(2) = 0.272632,	Nq(3) = 0.197474,	Nq(4) = 0.197474,	Nq(5) = 0.272632,	Nq(6) = 0.377802,	Nq(7) = 0.272632,	Nq(8) = 0.272632,	Nq(9) = 0.377802,	Nq(10) = 0.449031,	Nq(11) = 0.377802,	Nq(12) = 0.197474,	Nq(13) = 0.272632,	Nq(14) = 0.377802,	Nq(15) = 0.272632,	Sq(0) = 1.50564e-18,	Sq(1) = 0.422553,	Sq(2) = 0.613841,	Sq(3) = 0.422553,	Sq(4) = 0.422553,	Sq(5) = 0.613841,	Sq(6) = 0.765373,	Sq(7) = 0.613841,	Sq(8) = 0.613841,	Sq(9) = 0.765373,	Sq(10) = 3.17932,	Sq(11) = 0.765373,	Sq(12) = 0.422553,	Sq(13) = 0.613841,	Sq(14) = 0.765373,	Sq(15) = 0.613841,	N(0) = 1.96,	N(1) = 1.90847,	N(2) = 1,	N(3) = 1.90847,	N(4) = 1.90847,	N(5) = 1,	N(6) = 0.0915299,	N(7) = 1,	N(8) = 1,	N(9) = 0.0915299,	N(10) = 0.0399965,	N(11) = 0.0915299,	N(12) = 1.90847,	N(13) = 1,	N(14) = 0.0915299,	N(15) = 1,	Delta[s](0) = 0.206989,	Delta[s](1) = 0.178438,	Delta[s](2) = 0.136498,	Delta[s](3) = 0.178438,	Delta[s](4) = 0.178438,	Delta[s](5) = 0.136498,	Delta[s](6) = 0.10635,	Delta[s](7) = 0.136498,	Delta[s](8) = 0.136498,	Delta[s](9) = 0.10635,	Delta[s](10) = 0.0278349,	Delta[s](11) = 0.10635,	Delta[s](12) = 0.178438,	Delta[s](13) = 0.136498,	Delta[s](14) = 0.10635,	Delta[s](15) = 0.136498,	Delta[d](0) = 0.557334,	Delta[d](1) = 0.354252,	Delta[d](2) = 0.291701,	Delta[d](3) = 0.354252,	Delta[d](4) = 0.354252,	Delta[d](5) = 0.321071,	Delta[d](6) = 0.231913,	Delta[d](7) = 0.321071,	Delta[d](8) = 0.291701,	Delta[d](9) = 0.231913,	Delta[d](10) = 0.0911053,	Delta[d](11) = 0.231913,	Delta[d](12) = 0.354252,	Delta[d](13) = 0.321071,	Delta[d](14) = 0.231913,	Delta[d](15) = 0.321071,	Delta[s+](0) = 0.569665,	Delta[s+](1) = 0.45497,	Delta[s+](2) = 0.291701,	Delta[s+](3) = 0.45497,	Delta[s+](4) = 0.45497,	Delta[s+](5) = 0.291701,	Delta[s+](6) = 0.136371,	Delta[s+](7) = 0.291701,	Delta[s+](8) = 0.291701,	Delta[s+](9) = 0.136371,	Delta[s+](10) = 0.0256291,	Delta[s+](11) = 0.136371,	Delta[s+](12) = 0.45497,	Delta[s+](13) = 0.291701,	Delta[s+](14) = 0.136371,	Delta[s+](15) = 0.291701
The 0-th iteration is completed.	|| time cost : 0h 8m 39.002s
********************************************************************************************************************
Start the 1 rounds of NGS-ED iteration
	effective electronic model is modified as: kinetic energy t = 0.945344
	                                           effective interaction Vq = [-1.81583,-1.67828,-1.61831,-1.67828,-1.67828,-1.61831, -1.6034,-1.61831,-1.61831, -1.6034,-1.57912, -1.6034,-1.67828,-1.61831, -1.6034,-1.61831]
	PARPACK diagonalization completed after 75 matrix-vector product operations.
	iteration results: : total energy is -52.850527 | electron energy -52.853830 + phonon energy 0.003302 | electron momentum kIdx = 0
The 1-th iteration is completed.	|| time cost : 0h 7m 32.864s
********************************************************************************************************************
Start the 2 rounds of NGS-ED iteration
	effective electronic model is modified as: kinetic energy t = 0.898379
	                                           effective interaction Vq = [-2.06157, -1.9799,-1.96534, -1.9799, -1.9799,-1.96534, -1.9068,-1.96534,-1.96534, -1.9068,-1.91011, -1.9068, -1.9799,-1.96534, -1.9068,-1.96534]
	PARPACK diagonalization completed after 60 matrix-vector product operations.
	iteration results: : total energy is -58.781604 | electron energy -58.807129 + phonon energy 0.025525 | electron momentum kIdx = 0
The 2-th iteration is completed.	|| time cost : 0h 0m 36.644s
********************************************************************************************************************
Start the 3 rounds of NGS-ED iteration
	effective electronic model is modified as: kinetic energy t = 0.880014
	                                           effective interaction Vq = [-2.09483,-2.04108,-2.03494,-2.04108,-2.04108,-2.03494,-1.97704,-2.03494,-2.03494,-1.97704,-1.99292,-1.97704,-2.04108,-2.03494,-1.97704,-2.03494]
	PARPACK diagonalization completed after 45 matrix-vector product operations.
	iteration results: : total energy is -59.557523 | electron energy -59.603280 + phonon energy 0.045757 | electron momentum kIdx = 0
The 3-th iteration is completed.	|| time cost : 0h 0m 32.279s
********************************************************************************************************************
Start the 4 rounds of NGS-ED iteration
	effective electronic model is modified as: kinetic energy t = 0.873471
	                                           effective interaction Vq = [-2.09933,  -2.057, -2.0519,  -2.057,  -2.057, -2.0519,-1.99726, -2.0519, -2.0519,-1.99726,-2.02321,-1.99726,  -2.057, -2.0519,-1.99726, -2.0519]
	PARPACK diagonalization completed after 45 matrix-vector product operations.
	iteration results: : total energy is -59.659933 | electron energy -59.715455 + phonon energy 0.055522 | electron momentum kIdx = 0
The 4-th iteration is completed.	|| time cost : 0h 0m 32.32s
********************************************************************************************************************
Start the 5 rounds of NGS-ED iteration
	effective electronic model is modified as: kinetic energy t = 0.871114
	                                           effective interaction Vq = [-2.09994,-2.06177,-2.05541,-2.06177,-2.06177,-2.05541,-2.00363,-2.05541,-2.05541,-2.00363,-2.04174,-2.00363,-2.06177,-2.05541,-2.00363,-2.05541]
	PARPACK diagonalization completed after 45 matrix-vector product operations.
	iteration results: : total energy is -59.677973 | electron energy -59.737560 + phonon energy 0.059587 | electron momentum kIdx = 0
The 5-th iteration is completed.	|| time cost : 0h 0m 32.008s
********************************************************************************************************************
Start the 6 rounds of NGS-ED iteration
	effective electronic model is modified as: kinetic energy t = 0.870491
	                                           effective interaction Vq = [-2.10003, -2.0628,-2.05138, -2.0628, -2.0628,-2.05138,-2.00498,-2.05138,-2.05138,-2.00498,-2.06269,-2.00498, -2.0628,-2.05138,-2.00498,-2.05138]
	PARPACK diagonalization completed after 45 matrix-vector product operations.
	iteration results: : total energy is -59.707609 | electron energy -59.769101 + phonon energy 0.061492 | electron momentum kIdx = 0
The 6-th iteration is completed.	|| time cost : 0h 0m 32.275s
********************************************************************************************************************
Start the 7 rounds of NGS-ED iteration
	effective electronic model is modified as: kinetic energy t = 0.874236
	                                           effective interaction Vq = [-2.10004,-2.05941, -2.0206,-2.05941,-2.05941, -2.0206,-1.99975, -2.0206, -2.0206,-1.99975,-2.08368,-1.99975,-2.05941, -2.0206,-1.99975, -2.0206]
	PARPACK diagonalization completed after 45 matrix-vector product operations.
	iteration results: : total energy is -59.781453 | electron energy -59.842636 + phonon energy 0.061183 | electron momentum kIdx = 0
The 7-th iteration is completed.	|| time cost : 0h 0m 32.321s
********************************************************************************************************************
Start the 8 rounds of NGS-ED iteration
	effective electronic model is modified as: kinetic energy t = 0.878303
	                                           effective interaction Vq = [-2.10004,-2.05462,-1.98732,-2.05462,-2.05462,-1.98732,-1.99283,-1.98732,-1.98732,-1.99283,-2.09073,-1.99283,-2.05462,-1.98732,-1.99283,-1.98732]
	PARPACK diagonalization completed after 30 matrix-vector product operations.
	iteration results: : total energy is -59.807211 | electron energy -59.866901 + phonon energy 0.059690 | electron momentum kIdx = 0
The 8-th iteration is completed.	|| time cost : 0h 0m 27.65s
********************************************************************************************************************
Start the 9 rounds of NGS-ED iteration
	effective electronic model is modified as: kinetic energy t = 0.879867
	                                           effective interaction Vq = [-2.10004,  -2.052,-1.97385,  -2.052,  -2.052,-1.97385,-1.98926,-1.97385,-1.97385,-1.98926,-2.09281,-1.98926,  -2.052,-1.97385,-1.98926,-1.97385]
	PARPACK diagonalization completed after 30 matrix-vector product operations.
	iteration results: : total energy is -59.810689 | electron energy -59.869377 + phonon energy 0.058688 | electron momentum kIdx = 0
The 9-th iteration is completed.	|| time cost : 0h 0m 27.636s
********************************************************************************************************************
Start the 10 rounds of NGS-ED iteration
	effective electronic model is modified as: kinetic energy t = 0.88043
	                                           effective interaction Vq = [-2.10004,-2.05081,-1.96915,-2.05081,-2.05081,-1.96915, -1.9877,-1.96915,-1.96915, -1.9877,-2.09348, -1.9877,-2.05081,-1.96915, -1.9877,-1.96915]
	PARPACK diagonalization completed after 30 matrix-vector product operations.
	iteration results: : total energy is -59.811119 | electron energy -59.869372 + phonon energy 0.058254 | electron momentum kIdx = 0
	Nq(0) = 16,	Nq(1) = 0.349622,	Nq(2) = 0.375064,	Nq(3) = 0.349622,	Nq(4) = 0.349622,	Nq(5) = 0.375064,	Nq(6) = 0.615609,	Nq(7) = 0.375064,	Nq(8) = 0.375064,	Nq(9) = 0.615609,	Nq(10) = 4.13141,	Nq(11) = 0.615609,	Nq(12) = 0.349622,	Nq(13) = 0.375064,	Nq(14) = 0.615609,	Nq(15) = 0.375064,	Sq(0) = 5.16129e-18,	Sq(1) = 0.286648,	Sq(2) = 0.337074,	Sq(3) = 0.286648,	Sq(4) = 0.286648,	Sq(5) = 0.337074,	Sq(6) = 0.506726,	Sq(7) = 0.337074,	Sq(8) = 0.337074,	Sq(9) = 0.506726,	Sq(10) = 0.561341,	Sq(11) = 0.506726,	Sq(12) = 0.286648,	Sq(13) = 0.337074,	Sq(14) = 0.506726,	Sq(15) = 0.337074,	N(0) = 1.9924,	N(1) = 1.97963,	N(2) = 1,	N(3) = 1.97963,	N(4) = 1.97963,	N(5) = 1,	N(6) = 0.0203696,	N(7) = 1,	N(8) = 1,	N(9) = 0.0203696,	N(10) = 0.0076043,	N(11) = 0.0203696,	N(12) = 1.97963,	N(13) = 1,	N(14) = 0.0203696,	N(15) = 1,	Delta[s](0) = 0.499953,	Delta[s](1) = 0.343935,	Delta[s](2) = 0.331713,	Delta[s](3) = 0.343935,	Delta[s](4) = 0.343935,	Delta[s](5) = 0.331713,	Delta[s](6) = 0.257742,	Delta[s](7) = 0.331713,	Delta[s](8) = 0.331713,	Delta[s](9) = 0.257742,	Delta[s](10) = 0.224419,	Delta[s](11) = 0.257742,	Delta[s](12) = 0.343935,	Delta[s](13) = 0.331713,	Delta[s](14) = 0.257742,	Delta[s](15) = 0.331713,	Delta[d](0) = 0.235853,	Delta[d](1) = 0.2362,	Delta[d](2) = 0.227722,	Delta[d](3) = 0.2362,	Delta[d](4) = 0.2362,	Delta[d](5) = 0.140436,	Delta[d](6) = 0.188778,	Delta[d](7) = 0.140436,	Delta[d](8) = 0.227722,	Delta[d](9) = 0.188778,	Delta[d](10) = 0.0449797,	Delta[d](11) = 0.188778,	Delta[d](12) = 0.2362,	Delta[d](13) = 0.140436,	Delta[d](14) = 0.188778,	Delta[d](15) = 0.140436,	Delta[s+](0) = 0.444889,	Delta[s+](1) = 0.356213,	Delta[s+](2) = 0.227722,	Delta[s+](3) = 0.356213,	Delta[s+](4) = 0.356213,	Delta[s+](5) = 0.227722,	Delta[s+](6) = 0.0966232,	Delta[s+](7) = 0.227722,	Delta[s+](8) = 0.227722,	Delta[s+](9) = 0.0966232,	Delta[s+](10) = 0.0238762,	Delta[s+](11) = 0.0966232,	Delta[s+](12) = 0.356213,	Delta[s+](13) = 0.227722,	Delta[s+](14) = 0.0966232,	Delta[s+](15) = 0.227722
The 10-th iteration is completed.	|| time cost : 0h 4m 30.572s
********************************************************************************************************************
Start the 11 rounds of NGS-ED iteration
	effective electronic model is modified as: kinetic energy t = 0.880632
	                                           effective interaction Vq = [-2.10004,-2.05032,-1.96757,-2.05032,-2.05032,-1.96757,-1.98706,-1.96757,-1.96757,-1.98706,-2.09371,-1.98706,-2.05032,-1.96757,-1.98706,-1.96757]
	PARPACK diagonalization completed after 30 matrix-vector product operations.
	iteration results: : total energy is -59.811172 | electron energy -59.869255 + phonon energy 0.058083 | electron momentum kIdx = 0
The 11-th iteration is completed.	|| time cost : 0h 0m 27.414s
********************************************************************************************************************
Start the 12 rounds of NGS-ED iteration
	effective electronic model is modified as: kinetic energy t = 0.880705
	                                           effective interaction Vq = [-2.10004,-2.05011,-1.96703,-2.05011,-2.05011,-1.96703,-1.98681,-1.96703,-1.96703,-1.98681,-2.09379,-1.98681,-2.05011,-1.96703,-1.98681,-1.96703]
	PARPACK diagonalization completed after 30 matrix-vector product operations.
	iteration results: : total energy is -59.811179 | electron energy -59.869198 + phonon energy 0.058019 | electron momentum kIdx = 0
	Nq(0) = 16,	Nq(1) = 0.349264,	Nq(2) = 0.37473,	Nq(3) = 0.349264,	Nq(4) = 0.349264,	Nq(5) = 0.37473,	Nq(6) = 0.61515,	Nq(7) = 0.37473,	Nq(8) = 0.37473,	Nq(9) = 0.61515,	Nq(10) = 4.13699,	Nq(11) = 0.61515,	Nq(12) = 0.349264,	Nq(13) = 0.37473,	Nq(14) = 0.61515,	Nq(15) = 0.37473,	Sq(0) = -3.46048e-18,	Sq(1) = 0.286587,	Sq(2) = 0.337055,	Sq(3) = 0.286587,	Sq(4) = 0.286587,	Sq(5) = 0.337055,	Sq(6) = 0.506722,	Sq(7) = 0.337055,	Sq(8) = 0.337055,	Sq(9) = 0.506722,	Sq(10) = 0.561414,	Sq(11) = 0.506722,	Sq(12) = 0.286587,	Sq(13) = 0.337055,	Sq(14) = 0.506722,	Sq(15) = 0.337055,	N(0) = 1.99238,	N(1) = 1.97959,	N(2) = 1,	N(3) = 1.97959,	N(4) = 1.97959,	N(5) = 1,	N(6) = 0.0204124,	N(7) = 1,	N(8) = 1,	N(9) = 0.0204124,	N(10) = 0.00761615,	N(11) = 0.0204124,	N(12) = 1.97959,	N(13) = 1,	N(14) = 0.0204124,	N(15) = 1,	Delta[s](0) = 0.499254,	Delta[s](1) = 0.343977,	Delta[s](2) = 0.331733,	Delta[s](3) = 0.343977,	Delta[s](4) = 0.343977,	Delta[s](5) = 0.331733,	Delta[s](6) = 0.257794,	Delta[s](7) = 0.331733,	Delta[s](8) = 0.331733,	Delta[s](9) = 0.257794,	Delta[s](10) = 0.224773,	Delta[s](11) = 0.257794,	Delta[s](12) = 0.343977,	Delta[s](13) = 0.331733,	Delta[s](14) = 0.257794,	Delta[s](15) = 0.331733,	Delta[d](0) = 0.235759,	Delta[d](1) = 0.236082,	Delta[d](2) = 0.22766,	Delta[d](3) = 0.236082,	Delta[d](4) = 0.236082,	Delta[d](5) = 0.140335,	Delta[d](6) = 0.188651,	Delta[d](7) = 0.140335,	Delta[d](8) = 0.22766,	Delta[d](9) = 0.188651,	Delta[d](10) = 0.0448699,	Delta[d](11) = 0.188651,	Delta[d](12) = 0.236082,	Delta[d](13) = 0.140335,	Delta[d](14) = 0.188651,	Delta[d](15) = 0.140335,	Delta[s+](0) = 0.444918,	Delta[s+](1) = 0.356175,	Delta[s+](2) = 0.22766,	Delta[s+](3) = 0.356175,	Delta[s+](4) = 0.356175,	Delta[s+](5) = 0.22766,	Delta[s+](6) = 0.0965402,	Delta[s+](7) = 0.22766,	Delta[s+](8) = 0.22766,	Delta[s+](9) = 0.0965402,	Delta[s+](10) = 0.0238275,	Delta[s+](11) = 0.0965402,	Delta[s+](12) = 0.356175,	Delta[s+](13) = 0.22766,	Delta[s+](14) = 0.0965402,	Delta[s+](15) = 0.22766
The 12-th iteration is completed.	|| time cost : 0h 4m 21.662s
********************************************************************************************************************
********************************************************************************************************************
Ground state is obtained after 13 iterations. The current ground-state energy is -59.8112, in which electron energy is -59.8692 and phonon energy is 0.0580187
final variational state is: 
	Gamma_x = [      1,1.01934,1.03011,1.01934,1.01934,1.03011,1.04715,1.03011,1.03011,1.04715,1.09326,1.04715,1.01934,1.03011,1.04715,1.03011]
	lambda_q = [0.458261,0.387547,0.342855,0.387547,0.387547,0.342855,0.351805,0.342855,0.342855,0.351805,0.433328,0.351805,0.387547,0.342855,0.351805,0.342855]
********************************************************************************************************************
o___o  ----------------------------------------
| L |	Time since last clock: 0h 0m 0s
A===A	Time since the beginning: 0h 29m 44.652s
***********************************************


********************************************************************************************************************
Warm up runs have been completed. Start calculating W = 5 phonon.
open output files: NGSEDIterationObs.txt
********************************************************************************************************************
Start the 0 rounds of NGS-ED iteration
	effective electronic model is modified as: kinetic energy t = 0.880732
	                                           effective interaction Vq = [-1.91988,-1.76065,-1.63423,-1.76065,-1.76065,-1.63423,-1.66114,-1.63423,-1.63423,-1.66114,-1.86945,-1.66114,-1.76065,-1.63423,-1.66114,-1.63423]
	PARPACK diagonalization completed after 45 matrix-vector product operations.
	iteration results: : total energy is -54.134481 | electron energy -54.163478 + phonon energy 0.028997 | electron momentum kIdx = 0
	Nq(0) = 16,	Nq(1) = 0.343606,	Nq(2) = 0.363318,	Nq(3) = 0.343606,	Nq(4) = 0.343606,	Nq(5) = 0.363318,	Nq(6) = 0.587087,	Nq(7) = 0.363318,	Nq(8) = 0.363318,	Nq(9) = 0.587087,	Nq(10) = 3.9175,	Nq(11) = 0.587087,	Nq(12) = 0.343606,	Nq(13) = 0.363318,	Nq(14) = 0.587087,	Nq(15) = 0.363318,	Sq(0) = 1.30996e-17,	Sq(1) = 0.314017,	Sq(2) = 0.353449,	Sq(3) = 0.314017,	Sq(4) = 0.314017,	Sq(5) = 0.353449,	Sq(6) = 0.551575,	Sq(7) = 0.353449,	Sq(8) = 0.353449,	Sq(9) = 0.551575,	Sq(10) = 0.596759,	Sq(11) = 0.551575,	Sq(12) = 0.314017,	Sq(13) = 0.353449,	Sq(14) = 0.551575,	Sq(15) = 0.353449,	N(0) = 1.99663,	N(1) = 1.98971,	N(2) = 1,	N(3) = 1.98971,	N(4) = 1.98971,	N(5) = 1,	N(6) = 0.010289,	N(7) = 1,	N(8) = 1,	N(9) = 0.010289,	N(10) = 0.00337389,	N(11) = 0.010289,	N(12) = 1.98971,	N(13) = 1,	N(14) = 0.010289,	N(15) = 1,	Delta[s](0) = 0.431102,	Delta[s](1) = 0.327847,	Delta[s](2) = 0.317891,	Delta[s](3) = 0.327847,	Delta[s](4) = 0.327847,	Delta[s](5) = 0.317891,	Delta[s](6) = 0.254864,	Delta[s](7) = 0.317891,	Delta[s](8) = 0.317891,	Delta[s](9) = 0.254864,	Delta[s](10) = 0.240794,	Delta[s](11) = 0.254864,	Delta[s](12) = 0.327847,	Delta[s](13) = 0.317891,	Delta[s](14) = 0.254864,	Delta[s](15) = 0.317891,	Delta[d](0) = 0.240302,	Delta[d](1) = 0.245687,	Delta[d](2) = 0.238346,	Delta[d](3) = 0.245687,	Delta[d](4) = 0.245687,	Delta[d](5) = 0.145292,	Delta[d](6) = 0.19749,	Delta[d](7) = 0.145292,	Delta[d](8) = 0.238346,	Delta[d](9) = 0.19749,	Delta[d](10) = 0.0502556,	Delta[d](11) = 0.19749,	Delta[d](12) = 0.245687,	Delta[d](13) = 0.145292,	Delta[d](14) = 0.19749,	Delta[d](15) = 0.145292,	Delta[s+](0) = 0.470367,	Delta[s+](1) = 0.372877,	Delta[s+](2) = 0.238346,	Delta[s+](3) = 0.372877,	Delta[s+](4) = 0.372877,	Delta[s+](5) = 0.238346,	Delta[s+](6) = 0.102319,	Delta[s+](7) = 0.238346,	Delta[s+](8) = 0.238346,	Delta[s+](9) = 0.102319,	Delta[s+](10) = 0.0267915,	Delta[s+](11) = 0.102319,	Delta[s+](12) = 0.372877,	Delta[s+](13) = 0.238346,	Delta[s+](14) = 0.102319,	Delta[s+](15) = 0.238346
The 0-th iteration is completed.	|| time cost : 0h 4m 40.781s
********************************************************************************************************************
Start the 1 rounds of NGS-ED iteration
	effective electronic model is modified as: kinetic energy t = 0.862887
	                                           effective interaction Vq = [-2.03376, -1.8652,-1.70677, -1.8652, -1.8652,-1.70677,-1.74061,-1.70677,-1.70677,-1.74061, -1.9943,-1.74061, -1.8652,-1.70677,-1.74061,-1.70677]
	PARPACK diagonalization completed after 30 matrix-vector product operations.
	iteration results: : total energy is -56.469930 | electron energy -56.560227 + phonon energy 0.090297 | electron momentum kIdx = 0
The 1-th iteration is completed.	|| time cost : 0h 0m 27.363s
********************************************************************************************************************
Start the 2 rounds of NGS-ED iteration
	effective electronic model is modified as: kinetic energy t = 0.853504
	                                           effective interaction Vq = [-2.07566,-1.90887,-1.74011,-1.90887,-1.90887,-1.74011,-1.77603,-1.74011,-1.74011,-1.77603,-2.04744,-1.77603,-1.90887,-1.74011,-1.77603,-1.74011]
	PARPACK diagonalization completed after 30 matrix-vector product operations.
	iteration results: : total energy is -57.318120 | electron energy -57.455177 + phonon energy 0.137057 | electron momentum kIdx = 0
The 2-th iteration is completed.	|| time cost : 0h 0m 27.576s
********************************************************************************************************************
Start the 3 rounds of NGS-ED iteration
	effective electronic model is modified as: kinetic energy t = 0.848739
	                                           effective interaction Vq = [-2.09107,-1.92802,-1.75577,-1.92802,-1.92802,-1.75577,-1.79209,-1.75577,-1.75577,-1.79209,-2.06988,-1.79209,-1.92802,-1.75577,-1.79209,-1.75577]
	PARPACK diagonalization completed after 30 matrix-vector product operations.
	iteration results: : total energy is -57.621304 | electron energy -57.787325 + phonon energy 0.166021 | electron momentum kIdx = 0
The 3-th iteration is completed.	|| time cost : 0h 0m 27.364s
********************************************************************************************************************
Start the 4 rounds of NGS-ED iteration
	effective electronic model is modified as: kinetic energy t = 0.846331
	                                           effective interaction Vq = [-2.09674,-1.93682,-1.76332,-1.93682,-1.93682,-1.76332,-1.79961,-1.76332,-1.76332,-1.79961,-2.07969,-1.79961,-1.93682,-1.76332,-1.79961,-1.76332]
	PARPACK diagonalization completed after 30 matrix-vector product operations.
	iteration results: : total energy is -57.728992 | electron energy -57.911550 + phonon energy 0.182559 | electron momentum kIdx = 0
The 4-th iteration is completed.	|| time cost : 0h 0m 27.592s
********************************************************************************************************************
Start the 5 rounds of NGS-ED iteration
	effective electronic model is modified as: kinetic energy t = 0.84511
	                                           effective interaction Vq = [-2.09882,  -1.941,-1.76704,  -1.941,  -1.941,-1.76704,-1.80323,-1.76704,-1.76704,-1.80323,-2.08421,-1.80323,  -1.941,-1.76704,-1.80323,-1.76704]
	PARPACK diagonalization completed after 30 matrix-vector product operations.
	iteration results: : total energy is -57.767272 | electron energy -57.958893 + phonon energy 0.191621 | electron momentum kIdx = 0
The 5-th iteration is completed.	|| time cost : 0h 0m 27.3s
********************************************************************************************************************
Start the 6 rounds of NGS-ED iteration
	effective electronic model is modified as: kinetic energy t = 0.84449
	                                           effective interaction Vq = [-2.09959,-1.94302, -1.7689,-1.94302,-1.94302, -1.7689,-1.80499, -1.7689, -1.7689,-1.80499, -2.0864,-1.80499,-1.94302, -1.7689,-1.80499, -1.7689]
	PARPACK diagonalization completed after 30 matrix-vector product operations.
	iteration results: : total energy is -57.780938 | electron energy -57.977411 + phonon energy 0.196472 | electron momentum kIdx = 0
The 6-th iteration is completed.	|| time cost : 0h 0m 27.617s
********************************************************************************************************************
Start the 7 rounds of NGS-ED iteration
	effective electronic model is modified as: kinetic energy t = 0.844175
	                                           effective interaction Vq = [-2.09987,-1.94401,-1.76983,-1.94401,-1.94401,-1.76983,-1.80585,-1.76983,-1.76983,-1.80585, -2.0875,-1.80585,-1.94401,-1.76983,-1.80585,-1.76983]
	PARPACK diagonalization completed after 30 matrix-vector product operations.
	iteration results: : total energy is -57.785844 | electron energy -57.984876 + phonon energy 0.199032 | electron momentum kIdx = 0
The 7-th iteration is completed.	|| time cost : 0h 0m 27.331s
********************************************************************************************************************
Start the 8 rounds of NGS-ED iteration
	effective electronic model is modified as: kinetic energy t = 0.844015
	                                           effective interaction Vq = [-2.09998,-1.94449,-1.77029,-1.94449,-1.94449,-1.77029,-1.80627,-1.77029,-1.77029,-1.80627,-2.08806,-1.80627,-1.94449,-1.77029,-1.80627,-1.77029]
	PARPACK diagonalization completed after 30 matrix-vector product operations.
	iteration results: : total energy is -57.787613 | electron energy -57.987985 + phonon energy 0.200372 | electron momentum kIdx = 0
The 8-th iteration is completed.	|| time cost : 0h 0m 27.618s
********************************************************************************************************************
Start the 9 rounds of NGS-ED iteration
	effective electronic model is modified as: kinetic energy t = 0.843934
	                                           effective interaction Vq = [-2.10002,-1.94472,-1.77052,-1.94472,-1.94472,-1.77052,-1.80647,-1.77052,-1.77052,-1.80647,-2.08836,-1.80647,-1.94472,-1.77052,-1.80647,-1.77052]
	PARPACK diagonalization completed after 30 matrix-vector product operations.
	iteration results: : total energy is -57.788255 | electron energy -57.989323 + phonon energy 0.201068 | electron momentum kIdx = 0
The 9-th iteration is completed.	|| time cost : 0h 0m 27.347s
********************************************************************************************************************
Start the 10 rounds of NGS-ED iteration
	effective electronic model is modified as: kinetic energy t = 0.843894
	                                           effective interaction Vq = [-2.10003,-1.94483,-1.77064,-1.94483,-1.94483,-1.77064,-1.80657,-1.77064,-1.77064,-1.80657,-2.08851,-1.80657,-1.94483,-1.77064,-1.80657,-1.77064]
	PARPACK diagonalization completed after 30 matrix-vector product operations.
	iteration results: : total energy is -57.788488 | electron energy -57.989916 + phonon energy 0.201428 | electron momentum kIdx = 0
	Nq(0) = 16,	Nq(1) = 0.314353,	Nq(2) = 0.351391,	Nq(3) = 0.314353,	Nq(4) = 0.314353,	Nq(5) = 0.351391,	Nq(6) = 0.55694,	Nq(7) = 0.351391,	Nq(8) = 0.351391,	Nq(9) = 0.55694,	Nq(10) = 4.75734,	Nq(11) = 0.55694,	Nq(12) = 0.314353,	Nq(13) = 0.351391,	Nq(14) = 0.55694,	Nq(15) = 0.351391,	Sq(0) = -7.43369e-18,	Sq(1) = 0.274013,	Sq(2) = 0.332286,	Sq(3) = 0.274013,	Sq(4) = 0.274013,	Sq(5) = 0.332286,	Sq(6) = 0.499059,	Sq(7) = 0.332286,	Sq(8) = 0.332286,	Sq(9) = 0.499059,	Sq(10) = 0.563129,	Sq(11) = 0.499059,	Sq(12) = 0.274013,	Sq(13) = 0.332286,	Sq(14) = 0.499059,	Sq(15) = 0.332286,	N(0) = 1.98995,	N(1) = 1.96972,	N(2) = 1,	N(3) = 1.96972,	N(4) = 1.96972,	N(5) = 1,	N(6) = 0.030275,	N(7) = 1,	N(8) = 1,	N(9) = 0.030275,	N(10) = 0.0100525,	N(11) = 0.030275,	N(12) = 1.96972,	N(13) = 1,	N(14) = 0.030275,	N(15) = 1,	Delta[s](0) = 0.441008,	Delta[s](1) = 0.34591,	Delta[s](2) = 0.331127,	Delta[s](3) = 0.34591,	Delta[s](4) = 0.34591,	Delta[s](5) = 0.331127,	Delta[s](6) = 0.276902,	Delta[s](7) = 0.331127,	Delta[s](8) = 0.331127,	Delta[s](9) = 0.276902,	Delta[s](10) = 0.25641,	Delta[s](11) = 0.276902,	Delta[s](12) = 0.34591,	Delta[s](13) = 0.331127,	Delta[s](14) = 0.276902,	Delta[s](15) = 0.331127,	Delta[d](0) = 0.233538,	Delta[d](1) = 0.228936,	Delta[d](2) = 0.229579,	Delta[d](3) = 0.228936,	Delta[d](4) = 0.228936,	Delta[d](5) = 0.143681,	Delta[d](6) = 0.182895,	Delta[d](7) = 0.143681,	Delta[d](8) = 0.229579,	Delta[d](9) = 0.182895,	Delta[d](10) = 0.0537582,	Delta[d](11) = 0.182895,	Delta[d](12) = 0.228936,	Delta[d](13) = 0.143681,	Delta[d](14) = 0.182895,	Delta[d](15) = 0.143681,	Delta[s+](0) = 0.456949,	Delta[s+](1) = 0.359089,	Delta[s+](2) = 0.229579,	Delta[s+](3) = 0.359089,	Delta[s+](4) = 0.359089,	Delta[s+](5) = 0.229579,	Delta[s+](6) = 0.0977949,	Delta[s+](7) = 0.229579,	Delta[s+](8) = 0.229579,	Delta[s+](9) = 0.0977949,	Delta[s+](10) = 0.0287309,	Delta[s+](11) = 0.0977949,	Delta[s+](12) = 0.359089,	Delta[s+](13) = 0.229579,	Delta[s+](14) = 0.0977949,	Delta[s+](15) = 0.229579
The 10-th iteration is completed.	|| time cost : 0h 4m 23.211s
********************************************************************************************************************
Start the 11 rounds of NGS-ED iteration
	effective electronic model is modified as: kinetic energy t = 0.843874
	                                           effective interaction Vq = [-2.10004,-1.94488,-1.77069,-1.94488,-1.94488,-1.77069,-1.80661,-1.77069,-1.77069,-1.80661,-2.08859,-1.80661,-1.94488,-1.77069,-1.80661,-1.77069]
	PARPACK diagonalization completed after 30 matrix-vector product operations.
	iteration results: : total energy is -57.788573 | electron energy -57.990187 + phonon energy 0.201614 | electron momentum kIdx = 0
The 11-th iteration is completed.	|| time cost : 0h 0m 27.353s
********************************************************************************************************************
Start the 12 rounds of NGS-ED iteration
	effective electronic model is modified as: kinetic energy t = 0.843864
	                                           effective interaction Vq = [-2.10004,-1.94491,-1.77072,-1.94491,-1.94491,-1.77072,-1.80663,-1.77072,-1.77072,-1.80663,-2.08863,-1.80663,-1.94491,-1.77072,-1.80663,-1.77072]
	PARPACK diagonalization completed after 30 matrix-vector product operations.
	iteration results: : total energy is -57.788604 | electron energy -57.990314 + phonon energy 0.201710 | electron momentum kIdx = 0
The 12-th iteration is completed.	|| time cost : 0h 0m 27.407s
********************************************************************************************************************
Start the 13 rounds of NGS-ED iteration
	effective electronic model is modified as: kinetic energy t = 0.843859
	                                           effective interaction Vq = [-2.10004,-1.94491,-1.77073,-1.94491,-1.94491,-1.77073,-1.80663,-1.77073,-1.77073,-1.80663,-2.08865,-1.80663,-1.94491,-1.77073,-1.80663,-1.77073]
	PARPACK diagonalization completed after 30 matrix-vector product operations.
	iteration results: : total energy is -57.788615 | electron energy -57.990374 + phonon energy 0.201759 | electron momentum kIdx = 0
The 13-th iteration is completed.	|| time cost : 0h 0m 27.318s
********************************************************************************************************************
Start the 14 rounds of NGS-ED iteration
	effective electronic model is modified as: kinetic energy t = 0.843857
	                                           effective interaction Vq = [-2.10004,-1.94492,-1.77074,-1.94492,-1.94492,-1.77074,-1.80664,-1.77074,-1.77074,-1.80664,-2.08867,-1.80664,-1.94492,-1.77074,-1.80664,-1.77074]
	PARPACK diagonalization completed after 30 matrix-vector product operations.
	iteration results: : total energy is -57.788620 | electron energy -57.990403 + phonon energy 0.201784 | electron momentum kIdx = 0
The 14-th iteration is completed.	|| time cost : 0h 0m 27.355s
********************************************************************************************************************
Start the 15 rounds of NGS-ED iteration
	effective electronic model is modified as: kinetic energy t = 0.843856
	                                           effective interaction Vq = [-2.10004,-1.94492,-1.77074,-1.94492,-1.94492,-1.77074,-1.80664,-1.77074,-1.77074,-1.80664,-2.08867,-1.80664,-1.94492,-1.77074,-1.80664,-1.77074]
	PARPACK diagonalization completed after 30 matrix-vector product operations.
	iteration results: : total energy is -57.788621 | electron energy -57.990418 + phonon energy 0.201797 | electron momentum kIdx = 0
The 15-th iteration is completed.	|| time cost : 0h 0m 27.689s
********************************************************************************************************************
Start the 16 rounds of NGS-ED iteration
	effective electronic model is modified as: kinetic energy t = 0.843856
	                                           effective interaction Vq = [-2.10004,-1.94492,-1.77074,-1.94492,-1.94492,-1.77074,-1.80663,-1.77074,-1.77074,-1.80663,-2.08867,-1.80663,-1.94492,-1.77074,-1.80663,-1.77074]
	PARPACK diagonalization completed after 30 matrix-vector product operations.
	iteration results: : total energy is -57.788622 | electron energy -57.990425 + phonon energy 0.201803 | electron momentum kIdx = 0
The 16-th iteration is completed.	|| time cost : 0h 0m 27.355s
********************************************************************************************************************
Start the 17 rounds of NGS-ED iteration
	effective electronic model is modified as: kinetic energy t = 0.843855
	                                           effective interaction Vq = [-2.10004,-1.94492,-1.77074,-1.94492,-1.94492,-1.77074,-1.80663,-1.77074,-1.77074,-1.80663,-2.08868,-1.80663,-1.94492,-1.77074,-1.80663,-1.77074]
	PARPACK diagonalization completed after 30 matrix-vector product operations.
	iteration results: : total energy is -57.788622 | electron energy -57.990428 + phonon energy 0.201806 | electron momentum kIdx = 0
The 17-th iteration is completed.	|| time cost : 0h 0m 27.617s
********************************************************************************************************************
Start the 18 rounds of NGS-ED iteration
	effective electronic model is modified as: kinetic energy t = 0.843855
	                                           effective interaction Vq = [-2.10004,-1.94492,-1.77074,-1.94492,-1.94492,-1.77074,-1.80663,-1.77074,-1.77074,-1.80663,-2.08868,-1.80663,-1.94492,-1.77074,-1.80663,-1.77074]
	PARPACK diagonalization completed after 30 matrix-vector product operations.
	iteration results: : total energy is -57.788622 | electron energy -57.990430 + phonon energy 0.201808 | electron momentum kIdx = 0
The 18-th iteration is completed.	|| time cost : 0h 0m 27.641s
********************************************************************************************************************
Start the 19 rounds of NGS-ED iteration
	effective electronic model is modified as: kinetic energy t = 0.843855
	                                           effective interaction Vq = [-2.10004,-1.94492,-1.77074,-1.94492,-1.94492,-1.77074,-1.80663,-1.77074,-1.77074,-1.80663,-2.08868,-1.80663,-1.94492,-1.77074,-1.80663,-1.77074]
	PARPACK diagonalization completed after 30 matrix-vector product operations.
	iteration results: : total energy is -57.788622 | electron energy -57.990430 + phonon energy 0.201809 | electron momentum kIdx = 0
The 19-th iteration is completed.	|| time cost : 0h 0m 27.62s
********************************************************************************************************************
Start the 20 rounds of NGS-ED iteration
	effective electronic model is modified as: kinetic energy t = 0.843855
	                                           effective interaction Vq = [-2.10004,-1.94492,-1.77074,-1.94492,-1.94492,-1.77074,-1.80663,-1.77074,-1.77074,-1.80663,-2.08868,-1.80663,-1.94492,-1.77074,-1.80663,-1.77074]
	PARPACK diagonalization completed after 30 matrix-vector product operations.
	iteration results: : total energy is -57.788622 | electron energy -57.990431 + phonon energy 0.201809 | electron momentum kIdx = 0
