SNEDics v3.22.2 Non-Gaussian ED ground state program		Start at Sun Jun 12 06:19:36 2022

Parallelization: 32 MPI threads  * 8 OpenMP threads = 256 total threads.
********************************************************************************************************************
********************************************************************************************************************

********************************************************************************************************************
System parameters and configurations
	special program options are enabled: splitted diagonal Hamiltonian | splitted Hamiltonian terms
********************************************************************************************************************
Read input file "model_params.in"
	Hubbard-Holstein model parameters : 	t = 1    U = 8    g = 0.75    W = 0.2    g' = 0.05    
********************************************************************************************************************
Read input file "hilbertspace_params.in"
	Requested 16-site 2D lattice, with 8 electrons (4, 4)
	Boundary : Periodic		Hilbert space representation : momentum-space (restricted to kIdx = 0)
	Conservation: particle number[U(1)]      spin[U(1)]     momentum
********************************************************************************************************************

Cluster Positions:				Cluster symmetry group : D4
 x ... x ... x ... x .....                       x ... x ... x ... x .....
 |           |           :                       |           |           :
 |           |           :                       |           |           :
12    13    14    15     x                       1     5     6     5     x
 |           |           :                       |           |           :
 |           |           :                       |           |           :
 8 --- 9 ---10 ---11 --- x                       2 --- 6 ---10 --- 6 --- x
 |           |           :                       |           |           :
 |           |           :                       |           |           :
 4     5     6     7     x                       1     5     6     5     x
 |           |           :                       |           |           :
 |           |           :                       |           |           :
 0 --- 1 --- 2 --- 3 --- x                       0 --- 1 --- 2 --- 1 --- x
orbital number : 1
********************************************************************************************************************
Read input file "obs_params.in"
	Observable Type : Nq(All),   Sq(All),   N(All-Orbital),   Delta[s](All),   Delta[d](All),   Delta[s+](All)
** WARNING ** the input observables have non-local factors which have been reinterpreted. The total observable number is 96
********************************************************************************************************************


********************************************************************************************************************
Start calculating the non-Gaussian ED ground state
Maximal iteration number is 1000; energy resolution is 1e-06. Phonon state relaxation time is 2000
W = 0.2 is relatively large. The non-Gaussian ED calculation starts directly.
open output files: NGSED_iteration_observables.txt
********************************************************************************************************************
Start the 0 rounds of NGS-ED iteration
	effective electronic model is modified as: kinetic energy t = 1
	                                           effective interaction Vq = [0,0,0,0,0,0,0,0,0,0,0,0,0,0,0,0]
	first Hamiltonian is constructed, size = 207184 and non-zero numbers = 32207050
	PARPACK diagonalization completed after 75 matrix-vector product operations.
	iteration results: : total energy is -16.460627 | electron energy -16.460627 + phonon energy 0.000000 | electron momentum kIdx = 0
	Nq(0) = 4,	Nq(1) = 0.217892,	Nq(2) = 0.275693,	Nq(3) = 0.217892,	Nq(4) = 0.217892,	Nq(5) = 0.260941,	
	Nq(6) = 0.370592,	Nq(7) = 0.260941,	Nq(8) = 0.275693,	Nq(9) = 0.370592,	Nq(10) = 0.4202,	
	Nq(11) = 0.370592,	Nq(12) = 0.217892,	Nq(13) = 0.260941,	Nq(14) = 0.370592,	Nq(15) = 0.260941;	
	Sq(0) = 2.57535e-18,	Sq(1) = 0.41044,	Sq(2) = 0.343979,	Sq(3) = 0.41044,	Sq(4) = 0.41044,	
	Sq(5) = 0.572101,	Sq(6) = 0.615629,	Sq(7) = 0.572101,	Sq(8) = 0.343979,	Sq(9) = 0.615629,	
	Sq(10) = 0.550078,	Sq(11) = 0.615629,	Sq(12) = 0.41044,	Sq(13) = 0.572101,	Sq(14) = 0.615629,	
	Sq(15) = 0.572101;	N(0) = 1.82882,	N(1) = 1.37933,	N(2) = 0.0780726,	N(3) = 1.37933,	
	N(4) = 1.37933,	N(5) = 0.0780398,	N(6) = 0.0412646,	N(7) = 0.0780398,	N(8) = 0.0780726,	
	N(9) = 0.0412646,	N(10) = 0.0205069,	N(11) = 0.0412646,	N(12) = 1.37933,	N(13) = 0.0780398,	
	N(14) = 0.0412646,	N(15) = 0.0780398;	Delta[s](0) = 0.0329613,	Delta[s](1) = 0.0192422,	Delta[s](2) = 0.0102535,	
	Delta[s](3) = 0.0192422,	Delta[s](4) = 0.0192422,	Delta[s](5) = 0.0103497,	Delta[s](6) = 0.00279271,	Delta[s](7) = 0.0103497,	
	Delta[s](8) = 0.0102535,	Delta[s](9) = 0.00279271,	Delta[s](10) = 0.0016353,	Delta[s](11) = 0.00279271,	Delta[s](12) = 0.0192422,	
	Delta[s](13) = 0.0103497,	Delta[s](14) = 0.00279271,	Delta[s](15) = 0.0103497;	Delta[d](0) = 0.237012,	Delta[d](1) = 0.0637366,	
	Delta[d](2) = 0.0803052,	Delta[d](3) = 0.0637366,	Delta[d](4) = 0.0637366,	Delta[d](5) = 0.0532733,	Delta[d](6) = 0.0198184,	
	Delta[d](7) = 0.0532733,	Delta[d](8) = 0.0803052,	Delta[d](9) = 0.0198184,	Delta[d](10) = 0.0115363,	Delta[d](11) = 0.0198184,	
	Delta[d](12) = 0.0637366,	Delta[d](13) = 0.0532733,	Delta[d](14) = 0.0198184,	Delta[d](15) = 0.0532733;	Delta[s+](0) = 0.373117,	
	Delta[s+](1) = 0.21431,	Delta[s+](2) = 0.0803052,	Delta[s+](3) = 0.21431,	Delta[s+](4) = 0.21431,	Delta[s+](5) = 0.075239,	
	Delta[s+](6) = 0.0084232,	Delta[s+](7) = 0.075239,	Delta[s+](8) = 0.0803052,	Delta[s+](9) = 0.0084232,	Delta[s+](10) = 0.00196492,	
	Delta[s+](11) = 0.0084232,	Delta[s+](12) = 0.21431,	Delta[s+](13) = 0.075239,	Delta[s+](14) = 0.0084232,	Delta[s+](15) = 0.075239
	
The 0-th iteration is completed.	|| time cost : 0h 0m 4.813s
********************************************************************************************************************
Start the 1 rounds of NGS-ED iteration
	effective electronic model is modified as: kinetic energy t = 0.940485
	                                           effective interaction Vq = [  -4.5125,  -1.2084,-0.455607,  -1.2084,  -1.2084,-0.403608,-0.292215,-0.403608,-0.455607,-0.292215,-0.151091,-0.292215,  -1.2084,-0.403608,-0.292215,-0.403608]
	PARPACK diagonalization completed after 45 matrix-vector product operations.
	iteration results: : total energy is -35.381579 | electron energy -35.738529 + phonon energy 0.356950 | electron momentum kIdx = 0
The 1-th iteration is completed.	|| time cost : 0h 0m 3.533s
********************************************************************************************************************
Start the 2 rounds of NGS-ED iteration
	effective electronic model is modified as: kinetic energy t = 0.92554
	                                           effective interaction Vq = [  -4.5125, -1.77378,-0.458811, -1.77378, -1.77378,-0.403137,-0.268408,-0.403137,-0.458811,-0.268408,-0.134619,-0.268408, -1.77378,-0.403137,-0.268408,-0.403137]
	PARPACK diagonalization completed after 30 matrix-vector product operations.
	iteration results: : total energy is -35.466968 | electron energy -36.052625 + phonon energy 0.585657 | electron momentum kIdx = 0
The 2-th iteration is completed.	|| time cost : 0h 0m 0.807s
********************************************************************************************************************
Start the 3 rounds of NGS-ED iteration
	effective electronic model is modified as: kinetic energy t = 0.91387
	                                           effective interaction Vq = [  -4.5125, -2.17276,-0.440587, -2.17276, -2.17276,-0.395325,-0.252586,-0.395325,-0.440587,-0.252586,-0.128823,-0.252586, -2.17276,-0.395325,-0.252586,-0.395325]
	PARPACK diagonalization completed after 45 matrix-vector product operations.
	iteration results: : total energy is -35.522310 | electron energy -36.294102 + phonon energy 0.771792 | electron momentum kIdx = 0
The 3-th iteration is completed.	|| time cost : 0h 0m 0.878s
********************************************************************************************************************
Start the 4 rounds of NGS-ED iteration
	effective electronic model is modified as: kinetic energy t = 0.904987
	                                           effective interaction Vq = [  -4.5125, -2.44299,-0.422706, -2.44299, -2.44299, -0.38715,-0.241343, -0.38715,-0.422706,-0.241343,-0.124758,-0.241343, -2.44299, -0.38715,-0.241343, -0.38715]
	PARPACK diagonalization completed after 45 matrix-vector product operations.
	iteration results: : total energy is -35.555079 | electron energy -36.466173 + phonon energy 0.911095 | electron momentum kIdx = 0
The 4-th iteration is completed.	|| time cost : 0h 0m 0.893s
********************************************************************************************************************
Start the 5 rounds of NGS-ED iteration
	effective electronic model is modified as: kinetic energy t = 0.89874
	                                           effective interaction Vq = [  -4.5125, -2.61434,-0.408901, -2.61434, -2.61434, -0.38008,-0.233658, -0.38008,-0.408901,-0.233658,-0.121892,-0.233658, -2.61434, -0.38008,-0.233658, -0.38008]
	PARPACK diagonalization completed after 30 matrix-vector product operations.
	iteration results: : total energy is -35.571313 | electron energy -36.576560 + phonon energy 1.005248 | electron momentum kIdx = 0
The 5-th iteration is completed.	|| time cost : 0h 0m 0.828s
********************************************************************************************************************
Start the 6 rounds of NGS-ED iteration
	effective electronic model is modified as: kinetic energy t = 0.894659
	                                           effective interaction Vq = [  -4.5125, -2.71756,-0.399402, -2.71756, -2.71756,-0.374784,-0.228777,-0.374784,-0.399402,-0.228777,-0.120011,-0.228777, -2.71756,-0.374784,-0.228777,-0.374784]
	PARPACK diagonalization completed after 30 matrix-vector product operations.
	iteration results: : total energy is -35.578183 | electron energy -36.642354 + phonon energy 1.064170 | electron momentum kIdx = 0
The 6-th iteration is completed.	|| time cost : 0h 0m 0.83s
********************************************************************************************************************
Start the 7 rounds of NGS-ED iteration
	effective electronic model is modified as: kinetic energy t = 0.892134
	                                           effective interaction Vq = [  -4.5125, -2.77789,-0.393347, -2.77789, -2.77789,-0.371217,-0.225834,-0.371217,-0.393347,-0.225834,-0.118845,-0.225834, -2.77789,-0.371217,-0.225834,-0.371217]
	PARPACK diagonalization completed after 30 matrix-vector product operations.
	iteration results: : total energy is -35.580787 | electron energy -36.680137 + phonon energy 1.099350 | electron momentum kIdx = 0
The 7-th iteration is completed.	|| time cost : 0h 0m 0.825s
********************************************************************************************************************
Start the 8 rounds of NGS-ED iteration
	effective electronic model is modified as: kinetic energy t = 0.890627
	                                           effective interaction Vq = [  -4.5125, -2.81262,-0.389671, -2.81262, -2.81262,-0.368977,-0.224111,-0.368977,-0.389671,-0.224111, -0.11815,-0.224111, -2.81262,-0.368977,-0.224111,-0.368977]
	PARPACK diagonalization completed after 30 matrix-vector product operations.
	iteration results: : total energy is -35.581708 | electron energy -36.701539 + phonon energy 1.119832 | electron momentum kIdx = 0
The 8-th iteration is completed.	|| time cost : 0h 0m 0.81s
********************************************************************************************************************
Start the 9 rounds of NGS-ED iteration
	effective electronic model is modified as: kinetic energy t = 0.889746
	                                           effective interaction Vq = [  -4.5125, -2.83245,-0.387504, -2.83245, -2.83245,-0.367629,-0.223116,-0.367629,-0.387504,-0.223116,-0.117743,-0.223116, -2.83245,-0.367629,-0.223116,-0.367629]
	PARPACK diagonalization completed after 30 matrix-vector product operations.
	iteration results: : total energy is -35.582020 | electron energy -36.713626 + phonon energy 1.131605 | electron momentum kIdx = 0
The 9-th iteration is completed.	|| time cost : 0h 0m 0.837s
********************************************************************************************************************
Start the 10 rounds of NGS-ED iteration
	effective electronic model is modified as: kinetic energy t = 0.889238
	                                           effective interaction Vq = [  -4.5125, -2.84375,-0.386247, -2.84375, -2.84375,-0.366839,-0.222547,-0.366839,-0.386247,-0.222547,-0.117509,-0.222547, -2.84375,-0.366839,-0.222547,-0.366839]
	PARPACK diagonalization completed after 30 matrix-vector product operations.
	iteration results: : total energy is -35.582124 | electron energy -36.720454 + phonon energy 1.138330 | electron momentum kIdx = 0
The 10-th iteration is completed.	|| time cost : 0h 0m 0.762s
********************************************************************************************************************
Start the 11 rounds of NGS-ED iteration
	effective electronic model is modified as: kinetic energy t = 0.888947
	                                           effective interaction Vq = [  -4.5125, -2.85016,-0.385525, -2.85016, -2.85016,-0.366381,-0.222222,-0.366381,-0.385525,-0.222222,-0.117375,-0.222222, -2.85016,-0.366381,-0.222222,-0.366381]
	PARPACK diagonalization completed after 30 matrix-vector product operations.
	iteration results: : total energy is -35.582158 | electron energy -36.724317 + phonon energy 1.142159 | electron momentum kIdx = 0
The 11-th iteration is completed.	|| time cost : 0h 0m 0.832s
********************************************************************************************************************
Start the 12 rounds of NGS-ED iteration
	effective electronic model is modified as: kinetic energy t = 0.888781
	                                           effective interaction Vq = [  -4.5125, -2.85381,-0.385113, -2.85381, -2.85381,-0.366119,-0.222038,-0.366119,-0.385113,-0.222038,-0.117299,-0.222038, -2.85381,-0.366119,-0.222038,-0.366119]
	PARPACK diagonalization completed after 30 matrix-vector product operations.
	iteration results: : total energy is -35.582169 | electron energy -36.726504 + phonon energy 1.144335 | electron momentum kIdx = 0
The 12-th iteration is completed.	|| time cost : 0h 0m 0.836s
********************************************************************************************************************
Start the 13 rounds of NGS-ED iteration
	effective electronic model is modified as: kinetic energy t = 0.888686
	                                           effective interaction Vq = [  -4.5125, -2.85587,-0.384879, -2.85587, -2.85587,-0.365969,-0.221933,-0.365969,-0.384879,-0.221933,-0.117255,-0.221933, -2.85587,-0.365969,-0.221933,-0.365969]
	PARPACK diagonalization completed after 30 matrix-vector product operations.
	iteration results: : total energy is -35.582172 | electron energy -36.727743 + phonon energy 1.145570 | electron momentum kIdx = 0
The 13-th iteration is completed.	|| time cost : 0h 0m 0.825s
********************************************************************************************************************
Start the 14 rounds of NGS-ED iteration
	effective electronic model is modified as: kinetic energy t = 0.888632
	                                           effective interaction Vq = [  -4.5125, -2.85705,-0.384745, -2.85705, -2.85705,-0.365884,-0.221873,-0.365884,-0.384745,-0.221873, -0.11723,-0.221873, -2.85705,-0.365884,-0.221873,-0.365884]
	PARPACK diagonalization completed after 30 matrix-vector product operations.
	iteration results: : total energy is -35.582174 | electron energy -36.728445 + phonon energy 1.146271 | electron momentum kIdx = 0
The 14-th iteration is completed.	|| time cost : 0h 0m 0.833s
********************************************************************************************************************
Start the 15 rounds of NGS-ED iteration
	effective electronic model is modified as: kinetic energy t = 0.888602
	                                           effective interaction Vq = [  -4.5125, -2.85771, -0.38467, -2.85771, -2.85771,-0.365836,-0.221839,-0.365836, -0.38467,-0.221839,-0.117216,-0.221839, -2.85771,-0.365836,-0.221839,-0.365836]
	PARPACK diagonalization completed after 30 matrix-vector product operations.
	iteration results: : total energy is -35.582174 | electron energy -36.728843 + phonon energy 1.146669 | electron momentum kIdx = 0
The 15-th iteration is completed.	|| time cost : 0h 0m 0.837s
********************************************************************************************************************
Start the 16 rounds of NGS-ED iteration
	effective electronic model is modified as: kinetic energy t = 0.888585
	                                           effective interaction Vq = [  -4.5125, -2.85809,-0.384627, -2.85809, -2.85809,-0.365808, -0.22182,-0.365808,-0.384627, -0.22182,-0.117208, -0.22182, -2.85809,-0.365808, -0.22182,-0.365808]
	PARPACK diagonalization completed after 30 matrix-vector product operations.
	iteration results: : total energy is -35.582174 | electron energy -36.729069 + phonon energy 1.146895 | electron momentum kIdx = 0
The 16-th iteration is completed.	|| time cost : 0h 0m 0.831s
********************************************************************************************************************
Start the 17 rounds of NGS-ED iteration
	effective electronic model is modified as: kinetic energy t = 0.888575
	                                           effective interaction Vq = [  -4.5125,  -2.8583,-0.384602,  -2.8583,  -2.8583,-0.365793,-0.221809,-0.365793,-0.384602,-0.221809,-0.117204,-0.221809,  -2.8583,-0.365793,-0.221809,-0.365793]
	PARPACK diagonalization completed after 30 matrix-vector product operations.
	iteration results: : total energy is -35.582174 | electron energy -36.729197 + phonon energy 1.147023 | electron momentum kIdx = 0
The 17-th iteration is completed.	|| time cost : 0h 0m 0.825s
********************************************************************************************************************
Start the 18 rounds of NGS-ED iteration
	effective electronic model is modified as: kinetic energy t = 0.888569
	                                           effective interaction Vq = [  -4.5125, -2.85842,-0.384588, -2.85842, -2.85842,-0.365784,-0.221803,-0.365784,-0.384588,-0.221803,-0.117201,-0.221803, -2.85842,-0.365784,-0.221803,-0.365784]
	PARPACK diagonalization completed after 30 matrix-vector product operations.
	iteration results: : total energy is -35.582174 | electron energy -36.729269 + phonon energy 1.147095 | electron momentum kIdx = 0
The 18-th iteration is completed.	|| time cost : 0h 0m 0.832s
********************************************************************************************************************
Start the 19 rounds of NGS-ED iteration
	effective electronic model is modified as: kinetic energy t = 0.888566
	                                           effective interaction Vq = [  -4.5125, -2.85849, -0.38458, -2.85849, -2.85849,-0.365779,  -0.2218,-0.365779, -0.38458,  -0.2218,  -0.1172,  -0.2218, -2.85849,-0.365779,  -0.2218,-0.365779]
	PARPACK diagonalization completed after 30 matrix-vector product operations.
	iteration results: : total energy is -35.582174 | electron energy -36.729311 + phonon energy 1.147137 | electron momentum kIdx = 0
The 19-th iteration is completed.	|| time cost : 0h 0m 0.853s
********************************************************************************************************************
Start the 20 rounds of NGS-ED iteration
	effective electronic model is modified as: kinetic energy t = 0.888564
	                                           effective interaction Vq = [  -4.5125, -2.85853,-0.384576, -2.85853, -2.85853,-0.365776,-0.221798,-0.365776,-0.384576,-0.221798,-0.117199,-0.221798, -2.85853,-0.365776,-0.221798,-0.365776]
	PARPACK diagonalization completed after 30 matrix-vector product operations.
	iteration results: : total energy is -35.582174 | electron energy -36.729334 + phonon energy 1.147160 | electron momentum kIdx = 0
The 20-th iteration is completed.	|| time cost : 0h 0m 0.828s
********************************************************************************************************************
Start the 21 rounds of NGS-ED iteration
	effective electronic model is modified as: kinetic energy t = 0.888563
	                                           effective interaction Vq = [  -4.5125, -2.85855,-0.384573, -2.85855, -2.85855,-0.365774,-0.221796,-0.365774,-0.384573,-0.221796,-0.117199,-0.221796, -2.85855,-0.365774,-0.221796,-0.365774]
	PARPACK diagonalization completed after 30 matrix-vector product operations.
	iteration results: : total energy is -35.582174 | electron energy -36.729347 + phonon energy 1.147173 | electron momentum kIdx = 0
The 21-th iteration is completed.	|| time cost : 0h 0m 0.841s
********************************************************************************************************************
Start the 22 rounds of NGS-ED iteration
	effective electronic model is modified as: kinetic energy t = 0.888563
	                                           effective interaction Vq = [  -4.5125, -2.85857,-0.384572, -2.85857, -2.85857,-0.365774,-0.221796,-0.365774,-0.384572,-0.221796,-0.117198,-0.221796, -2.85857,-0.365774,-0.221796,-0.365774]
	PARPACK diagonalization completed after 30 matrix-vector product operations.
	iteration results: : total energy is -35.582174 | electron energy -36.729355 + phonon energy 1.147181 | electron momentum kIdx = 0
The 22-th iteration is completed.	|| time cost : 0h 0m 0.834s
********************************************************************************************************************
Start the 23 rounds of NGS-ED iteration
	effective electronic model is modified as: kinetic energy t = 0.888562
	                                           effective interaction Vq = [  -4.5125, -2.85857,-0.384571, -2.85857, -2.85857,-0.365773,-0.221795,-0.365773,-0.384571,-0.221795,-0.117198,-0.221795, -2.85857,-0.365773,-0.221795,-0.365773]
	PARPACK diagonalization completed after 30 matrix-vector product operations.
	iteration results: : total energy is -35.582174 | electron energy -36.729359 + phonon energy 1.147185 | electron momentum kIdx = 0
The 23-th iteration is completed.	|| time cost : 0h 0m 0.832s
********************************************************************************************************************
Start the 24 rounds of NGS-ED iteration
	effective electronic model is modified as: kinetic energy t = 0.888562
	                                           effective interaction Vq = [  -4.5125, -2.85858,-0.384571, -2.85858, -2.85858,-0.365773,-0.221795,-0.365773,-0.384571,-0.221795,-0.117198,-0.221795, -2.85858,-0.365773,-0.221795,-0.365773]
	PARPACK diagonalization completed after 30 matrix-vector product operations.
	iteration results: : total energy is -35.582174 | electron energy -36.729361 + phonon energy 1.147187 | electron momentum kIdx = 0
The 24-th iteration is completed.	|| time cost : 0h 0m 0.833s
********************************************************************************************************************
Start the 25 rounds of NGS-ED iteration
	effective electronic model is modified as: kinetic energy t = 0.888562
	                                           effective interaction Vq = [  -4.5125, -2.85858,-0.384571, -2.85858, -2.85858,-0.365773,-0.221795,-0.365773,-0.384571,-0.221795,-0.117198,-0.221795, -2.85858,-0.365773,-0.221795,-0.365773]
	PARPACK diagonalization completed after 30 matrix-vector product operations.
	iteration results: : total energy is -35.582174 | electron energy -36.729363 + phonon energy 1.147189 | electron momentum kIdx = 0
The 25-th iteration is completed.	|| time cost : 0h 0m 0.835s
********************************************************************************************************************
Start the 26 rounds of NGS-ED iteration
	effective electronic model is modified as: kinetic energy t = 0.888562
	                                           effective interaction Vq = [  -4.5125, -2.85858, -0.38457, -2.85858, -2.85858,-0.365772,-0.221795,-0.365772, -0.38457,-0.221795,-0.117198,-0.221795, -2.85858,-0.365772,-0.221795,-0.365772]
	PARPACK diagonalization completed after 30 matrix-vector product operations.
	iteration results: : total energy is -35.582174 | electron energy -36.729364 + phonon energy 1.147189 | electron momentum kIdx = 0
The 26-th iteration is completed.	|| time cost : 0h 0m 0.832s
********************************************************************************************************************
Start the 27 rounds of NGS-ED iteration
	effective electronic model is modified as: kinetic energy t = 0.888562
	                                           effective interaction Vq = [  -4.5125, -2.85858, -0.38457, -2.85858, -2.85858,-0.365772,-0.221795,-0.365772, -0.38457,-0.221795,-0.117198,-0.221795, -2.85858,-0.365772,-0.221795,-0.365772]
	PARPACK diagonalization completed after 30 matrix-vector product operations.
	iteration results: : total energy is -35.582174 | electron energy -36.729364 + phonon energy 1.147190 | electron momentum kIdx = 0
The 27-th iteration is completed.	|| time cost : 0h 0m 0.852s
********************************************************************************************************************
Start the 28 rounds of NGS-ED iteration
	effective electronic model is modified as: kinetic energy t = 0.888562
	                                           effective interaction Vq = [  -4.5125, -2.85858, -0.38457, -2.85858, -2.85858,-0.365772,-0.221795,-0.365772, -0.38457,-0.221795,-0.117198,-0.221795, -2.85858,-0.365772,-0.221795,-0.365772]
	PARPACK diagonalization completed after 30 matrix-vector product operations.
	iteration results: : total energy is -35.582174 | electron energy -36.729364 + phonon energy 1.147190 | electron momentum kIdx = 0
The 28-th iteration is completed.	|| time cost : 0h 0m 0.819s
********************************************************************************************************************
Start the 29 rounds of NGS-ED iteration
	effective electronic model is modified as: kinetic energy t = 0.888562
	                                           effective interaction Vq = [  -4.5125, -2.85858, -0.38457, -2.85858, -2.85858,-0.365772,-0.221795,-0.365772, -0.38457,-0.221795,-0.117198,-0.221795, -2.85858,-0.365772,-0.221795,-0.365772]
	PARPACK diagonalization completed after 30 matrix-vector product operations.
	iteration results: : total energy is -35.582174 | electron energy -36.729364 + phonon energy 1.147190 | electron momentum kIdx = 0
The 29-th iteration is completed.	|| time cost : 0h 0m 0.831s
********************************************************************************************************************
Start the 30 rounds of NGS-ED iteration
	effective electronic model is modified as: kinetic energy t = 0.888562
	                                           effective interaction Vq = [  -4.5125, -2.85858, -0.38457, -2.85858, -2.85858,-0.365772,-0.221795,-0.365772, -0.38457,-0.221795,-0.117198,-0.221795, -2.85858,-0.365772,-0.221795,-0.365772]
	PARPACK diagonalization completed after 30 matrix-vector product operations.
	iteration results: : total energy is -35.582174 | electron energy -36.729364 + phonon energy 1.147190 | electron momentum kIdx = 0
	Nq(0) = 4,	Nq(1) = 0.395642,	Nq(2) = 0.238984,	Nq(3) = 0.395642,	Nq(4) = 0.395642,	Nq(5) = 0.232724,	
	Nq(6) = 0.299626,	Nq(7) = 0.232724,	Nq(8) = 0.238984,	Nq(9) = 0.299626,	Nq(10) = 0.328377,	
	Nq(11) = 0.299626,	Nq(12) = 0.395642,	Nq(13) = 0.232724,	Nq(14) = 0.299626,	Nq(15) = 0.232724;	
	Sq(0) = -2.75381e-18,	Sq(1) = 0.357132,	Sq(2) = 0.348261,	Sq(3) = 0.357132,	Sq(4) = 0.357132,	
	Sq(5) = 0.581371,	Sq(6) = 0.60083,	Sq(7) = 0.581371,	Sq(8) = 0.348261,	Sq(9) = 0.60083,	
	Sq(10) = 0.627834,	Sq(11) = 0.60083,	Sq(12) = 0.357132,	Sq(13) = 0.581371,	Sq(14) = 0.60083,	
	Sq(15) = 0.581371;	N(0) = 1.86733,	N(1) = 1.32886,	N(2) = 0.0776423,	N(3) = 1.32886,	
	N(4) = 1.32886,	N(5) = 0.0812027,	N(6) = 0.0724826,	N(7) = 0.0812027,	N(8) = 0.0776423,	
	N(9) = 0.0724826,	N(10) = 0.0472116,	N(11) = 0.0724826,	N(12) = 1.32886,	N(13) = 0.0812027,	
	N(14) = 0.0724826,	N(15) = 0.0812027;	Delta[s](0) = 0.0365308,	Delta[s](1) = 0.0246622,	Delta[s](2) = 0.0142516,	
	Delta[s](3) = 0.0246622,	Delta[s](4) = 0.0246622,	Delta[s](5) = 0.015153,	Delta[s](6) = 0.00771446,	Delta[s](7) = 0.015153,	
	Delta[s](8) = 0.0142516,	Delta[s](9) = 0.00771446,	Delta[s](10) = 0.0040027,	Delta[s](11) = 0.00771446,	Delta[s](12) = 0.0246622,	
	Delta[s](13) = 0.015153,	Delta[s](14) = 0.00771446,	Delta[s](15) = 0.015153;	Delta[d](0) = 0.211941,	Delta[d](1) = 0.0783361,	
	Delta[d](2) = 0.0873597,	Delta[d](3) = 0.0783361,	Delta[d](4) = 0.0783361,	Delta[d](5) = 0.0618247,	Delta[d](6) = 0.036891,	
	Delta[d](7) = 0.0618247,	Delta[d](8) = 0.0873597,	Delta[d](9) = 0.036891,	Delta[d](10) = 0.0213631,	Delta[d](11) = 0.036891,	
	Delta[d](12) = 0.0783361,	Delta[d](13) = 0.0618247,	Delta[d](14) = 0.036891,	Delta[d](15) = 0.0618247;	Delta[s+](0) = 0.367263,	
	Delta[s+](1) = 0.218871,	Delta[s+](2) = 0.0873597,	Delta[s+](3) = 0.218871,	Delta[s+](4) = 0.218871,	Delta[s+](5) = 0.0874032,	
	Delta[s+](6) = 0.0221986,	Delta[s+](7) = 0.0874032,	Delta[s+](8) = 0.0873597,	Delta[s+](9) = 0.0221986,	Delta[s+](10) = 0.00662826,	
	Delta[s+](11) = 0.0221986,	Delta[s+](12) = 0.218871,	Delta[s+](13) = 0.0874032,	Delta[s+](14) = 0.0221986,	Delta[s+](15) = 0.0874032
	
The 30-th iteration is completed.	|| time cost : 0h 0m 3.036s
********************************************************************************************************************
********************************************************************************************************************
Ground state is obtained after 31 iterations. The current ground-state energy is -35.5822, in which electron energy is -36.7294 and phonon energy is 1.14719
Final variational state is: 
	Gamma_x = [      1, 7.2313,1.53623, 7.2313, 7.2313,1.49189,1.37396,1.49189,1.53623,1.37396,1.20617,1.37396, 7.2313,1.49189,1.37396,1.49189]
	lambda_q = [    4.75, 2.30846,  0.2658, 2.30846, 2.30846,0.252338,0.175341,0.252338,  0.2658,0.175341,0.108692,0.175341, 2.30846,0.252338,0.175341,0.252338]
Effective e-e interactions mediated by phonons are:
	momentum-space Vq = [  -4.5125, -2.85858, -0.38457, -2.85858, -2.85858,-0.365772,-0.221795,-0.365772, -0.38457,-0.221795,-0.117198,-0.221795, -2.85858,-0.365772,-0.221795,-0.365772]
	real-space Vr = [ -1.19897,-0.604305,-0.245984,-0.604305,-0.604305,-0.241285,0.0548922,-0.241285,-0.245984,0.0548921, 0.341224,0.0548921,-0.604305,-0.241285,0.0548922,-0.241285]
********************************************************************************************************************
o___o  ----------------------------------------
| L |	Time since last clock: 0h 0m 0.007s
A===A	Time since the beginning: 0h 0m 34.715s
***********************************************


Non-Gaussina ED ground state calculation is completed. The final ground-state energy is -35.5822
********************************************************************************************************************
o___o  ----------------------------------------
| L |	Time since last clock: 0h 0m 0.002s
A===A	Time since the beginning: 0h 0m 34.717s
***********************************************



********************************************************************************************************************
All non-Gaussian ED ground state calculations have been completed. Exit now.
