TACC:  Starting up job 1741587 
TACC:  Starting parallel tasks... 
SNEDics v3.4 Non-Gaussian ED ground state program		Start at Fri Oct  9 16:58:17 2020

parallized on 16 MPI threads  * 7 OpenMP threads = 112 total threads.
********************************************************************************************************************
********************************************************************************************************************

********************************************************************************************************************
System parameters and configurations
********************************************************************************************************************
Special program options are enabled: splitted diagonal Hamiltonian
********************************************************************************************************************
Read input file "model_params.in"
	Hubbard-Holstein model parameters : 	t = 1    U = 8    g = 0.2    W = 0.2    g' = 0.15    
********************************************************************************************************************
Read input file "hilbertspace_params.in"
	Requested 16-site 2D lattice, with 14 electrons (7, 7)
	Boundary : Periodic		Hilbert space representation : momentum-space (restricted to kIdx = 0)
	Conservation: particle number[U(1)]      spin[U(1)]     momentum
********************************************************************************************************************

Cluster Positions:				Cluster symmetry group : D4
 x ... x ... x ... x .....                       x ... x ... x ... x .....
 |           |           :                       |           |           :
 |           |           :                       |           |           :
12    13    14    15     x                       1     5     6     5     x
 |           |           :                       |           |           :
 |           |           :                       |           |           :
 8 --- 9 ---10 ---11 --- x                       2 --- 6 ---10 --- 6 --- x
 |           |           :                       |           |           :
 |           |           :                       |           |           :
 4     5     6     7     x                       1     5     6     5     x
 |           |           :                       |           |           :
 |           |           :                       |           |           :
 0 --- 1 --- 2 --- 3 --- x                       0 --- 1 --- 2 --- 1 --- x
orbital number : 1
********************************************************************************************************************
Read input file "obs_params.in"
	Observable Type : Nq(All),   Sq(All),   N(All),   Delta[s](All),   Delta[d](All),   Delta[s+](All)
********************************************************************************************************************
** WARNING ** the input observables have non-local factors which have been reinterpreted. The total observable number is 96
********************************************************************************************************************


********************************************************************************************************************
Start calculating the non-Gaussian ED ground state
** WARNING ** Detected low phonon energy W < 10. The initial state will be prepared through a warm-up process.
********************************************************************************************************************
Start warm-up calculation for scaling factor 64
open output files: NGSEDWarmUpW12.8Obs.txt
********************************************************************************************************************
Start the 0 rounds of NGS-ED iteration
	effective electronic model is modified as: kinetic energy t = 1
	                                           effective interaction Vq = [0,0,0,0,0,0,0,0,0,0,0,0,0,0,0,0]
	first Hamiltonian is constructed, non-zero numbers = 2178478298
	PARPACK diagonalization completed after 165 matrix-vector product operations.
	iteration results: : total energy is -11.868836 | electron energy -11.868836 + phonon energy 0.000000 | electron momentum kIdx = 0
	Nq(0) = 12.25,	Nq(1) = 0.154193,	Nq(2) = 0.185311,	Nq(3) = 0.154193,	Nq(4) = 0.154193,	Nq(5) = 0.203281,	Nq(6) = 0.235634,	Nq(7) = 0.203281,	Nq(8) = 0.185311,	Nq(9) = 0.235634,	Nq(10) = 0.275446,	Nq(11) = 0.235634,	Nq(12) = 0.154193,	Nq(13) = 0.203281,	Nq(14) = 0.235634,	Nq(15) = 0.203281,	Sq(0) = 1.11096e-18,	Sq(1) = 0.474292,	Sq(2) = 0.766364,	Sq(3) = 0.474292,	Sq(4) = 0.474292,	Sq(5) = 0.630724,	Sq(6) = 1.05279,	Sq(7) = 0.630724,	Sq(8) = 0.766364,	Sq(9) = 1.05279,	Sq(10) = 2.56755,	Sq(11) = 1.05279,	Sq(12) = 0.474292,	Sq(13) = 0.630724,	Sq(14) = 1.05279,	Sq(15) = 0.630724,	N(0) = 1.75464,	N(1) = 1.59086,	N(2) = 0.323321,	N(3) = 1.59086,	N(4) = 1.59086,	N(5) = 0.999881,	N(6) = 0.267546,	N(7) = 0.999881,	N(8) = 0.323321,	N(9) = 0.267546,	N(10) = 0.165565,	N(11) = 0.267546,	N(12) = 1.59086,	N(13) = 0.999881,	N(14) = 0.267546,	N(15) = 0.999881,	Delta[s](0) = 0.0778831,	Delta[s](1) = 0.0585531,	Delta[s](2) = 0.0355934,	Delta[s](3) = 0.0585531,	Delta[s](4) = 0.0585531,	Delta[s](5) = 0.042168,	Delta[s](6) = 0.0201988,	Delta[s](7) = 0.042168,	Delta[s](8) = 0.0355934,	Delta[s](9) = 0.0201988,	Delta[s](10) = 0.00150036,	Delta[s](11) = 0.0201988,	Delta[s](12) = 0.0585531,	Delta[s](13) = 0.042168,	Delta[s](14) = 0.0201988,	Delta[s](15) = 0.042168,	Delta[d](0) = 0.286805,	Delta[d](1) = 0.200442,	Delta[d](2) = 0.209516,	Delta[d](3) = 0.200442,	Delta[d](4) = 0.200442,	Delta[d](5) = 0.185904,	Delta[d](6) = 0.139798,	Delta[d](7) = 0.185904,	Delta[d](8) = 0.209516,	Delta[d](9) = 0.139798,	Delta[d](10) = 0.0567854,	Delta[d](11) = 0.139798,	Delta[d](12) = 0.200442,	Delta[d](13) = 0.185904,	Delta[d](14) = 0.139798,	Delta[d](15) = 0.185904,	Delta[s+](0) = 0.584162,	Delta[s+](1) = 0.435211,	Delta[s+](2) = 0.209516,	Delta[s+](3) = 0.435211,	Delta[s+](4) = 0.435211,	Delta[s+](5) = 0.304632,	Delta[s+](6) = 0.13285,	Delta[s+](7) = 0.304632,	Delta[s+](8) = 0.209516,	Delta[s+](9) = 0.13285,	Delta[s+](10) = 0.0409783,	Delta[s+](11) = 0.13285,	Delta[s+](12) = 0.435211,	Delta[s+](13) = 0.304632,	Delta[s+](14) = 0.13285,	Delta[s+](15) = 0.304632
The 0-th iteration is completed.	|| time cost : 0h 6m 29.351s
********************************************************************************************************************
Start the 1 rounds of NGS-ED iteration
	effective electronic model is modified as: kinetic energy t = 0.990327
	                                           effective interaction Vq = [ -2.95262, -1.08239,-0.165344, -1.08239, -1.08239,-0.167072, -0.04046,-0.167072,-0.165344, -0.04046, -0.63501, -0.04046, -1.08239,-0.167072, -0.04046,-0.167072]
	PARPACK diagonalization completed after 60 matrix-vector product operations.
	iteration results: : total energy is -48.993703 | electron energy -48.993817 + phonon energy 0.000114 | electron momentum kIdx = 0
The 1-th iteration is completed.	|| time cost : 0h 5m 13.301s
********************************************************************************************************************
Start the 2 rounds of NGS-ED iteration
	effective electronic model is modified as: kinetic energy t = 0.986487
	                                           effective interaction Vq = [  -3.18088,  -1.18313, -0.179078,  -1.18313,  -1.18313, -0.181107,-0.0436398, -0.181107, -0.179078,-0.0436398,  -0.68894,-0.0436398,  -1.18313, -0.181107,-0.0436398, -0.181107]
	PARPACK diagonalization completed after 60 matrix-vector product operations.
	iteration results: : total energy is -51.827575 | electron energy -51.828024 + phonon energy 0.000449 | electron momentum kIdx = 0
The 2-th iteration is completed.	|| time cost : 0h 0m 27.127s
********************************************************************************************************************
Start the 3 rounds of NGS-ED iteration
	effective electronic model is modified as: kinetic energy t = 0.985693
	                                           effective interaction Vq = [  -3.19852,  -1.19862, -0.180963,  -1.19862,  -1.19862, -0.183066,-0.0440419, -0.183066, -0.180963,-0.0440419, -0.696094,-0.0440419,  -1.19862, -0.183066,-0.0440419, -0.183066]
	PARPACK diagonalization completed after 45 matrix-vector product operations.
	iteration results: : total energy is -52.045258 | electron energy -52.045846 + phonon energy 0.000588 | electron momentum kIdx = 0
The 3-th iteration is completed.	|| time cost : 0h 0m 24.323s
********************************************************************************************************************
Start the 4 rounds of NGS-ED iteration
	effective electronic model is modified as: kinetic energy t = 0.985537
	                                           effective interaction Vq = [  -3.19989,  -1.20162, -0.181258,  -1.20162,  -1.20162, -0.183382,-0.0440983, -0.183382, -0.181258,-0.0440983, -0.697148,-0.0440983,  -1.20162, -0.183382,-0.0440983, -0.183382]
	PARPACK diagonalization completed after 45 matrix-vector product operations.
	iteration results: : total energy is -52.062031 | electron energy -52.062653 + phonon energy 0.000622 | electron momentum kIdx = 0
The 4-th iteration is completed.	|| time cost : 0h 0m 24.322s
********************************************************************************************************************
Start the 5 rounds of NGS-ED iteration
	effective electronic model is modified as: kinetic energy t = 0.985507
	                                           effective interaction Vq = [  -3.19999,  -1.20223, -0.181305,  -1.20223,  -1.20223, -0.183434,-0.0441064, -0.183434, -0.181305,-0.0441064, -0.697307,-0.0441064,  -1.20223, -0.183434,-0.0441064, -0.183434]
	PARPACK diagonalization completed after 30 matrix-vector product operations.
	iteration results: : total energy is -52.063326 | electron energy -52.063955 + phonon energy 0.000629 | electron momentum kIdx = 0
The 5-th iteration is completed.	|| time cost : 0h 0m 21.522s
********************************************************************************************************************
Start the 6 rounds of NGS-ED iteration
	effective electronic model is modified as: kinetic energy t = 0.985501
	                                           effective interaction Vq = [      -3.2,  -1.20236, -0.181313,  -1.20236,  -1.20236, -0.183443,-0.0441076, -0.183443, -0.181313,-0.0441076, -0.697331,-0.0441076,  -1.20236, -0.183443,-0.0441076, -0.183443]
	PARPACK diagonalization completed after 30 matrix-vector product operations.
	iteration results: : total energy is -52.063426 | electron energy -52.064056 + phonon energy 0.000631 | electron momentum kIdx = 0
	Nq(0) = 12.25,	Nq(1) = 0.172696,	Nq(2) = 0.190999,	Nq(3) = 0.172696,	Nq(4) = 0.172696,	Nq(5) = 0.208149,	Nq(6) = 0.241479,	Nq(7) = 0.208149,	Nq(8) = 0.190999,	Nq(9) = 0.241479,	Nq(10) = 0.299061,	Nq(11) = 0.241479,	Nq(12) = 0.172696,	Nq(13) = 0.208149,	Nq(14) = 0.241479,	Nq(15) = 0.208149,	Sq(0) = -4.07717e-18,	Sq(1) = 0.463006,	Sq(2) = 0.753481,	Sq(3) = 0.463006,	Sq(4) = 0.463006,	Sq(5) = 0.62225,	Sq(6) = 1.04848,	Sq(7) = 0.62225,	Sq(8) = 0.753481,	Sq(9) = 1.04848,	Sq(10) = 2.53773,	Sq(11) = 1.04848,	Sq(12) = 0.463006,	Sq(13) = 0.62225,	Sq(14) = 1.04848,	Sq(15) = 0.62225,	N(0) = 1.77479,	N(1) = 1.62467,	N(2) = 0.304857,	N(3) = 1.62467,	N(4) = 1.62467,	N(5) = 0.993267,	N(6) = 0.24674,	N(7) = 0.993267,	N(8) = 0.304857,	N(9) = 0.24674,	N(10) = 0.156788,	N(11) = 0.24674,	N(12) = 1.62467,	N(13) = 0.993267,	N(14) = 0.24674,	N(15) = 0.993267,	Delta[s](0) = 0.0856439,	Delta[s](1) = 0.0648768,	Delta[s](2) = 0.0398183,	Delta[s](3) = 0.0648768,	Delta[s](4) = 0.0648768,	Delta[s](5) = 0.0473979,	Delta[s](6) = 0.0232674,	Delta[s](7) = 0.0473979,	Delta[s](8) = 0.0398183,	Delta[s](9) = 0.0232674,	Delta[s](10) = 0.00272794,	Delta[s](11) = 0.0232674,	Delta[s](12) = 0.0648768,	Delta[s](13) = 0.0473979,	Delta[s](14) = 0.0232674,	Delta[s](15) = 0.0473979,	Delta[d](0) = 0.323809,	Delta[d](1) = 0.207883,	Delta[d](2) = 0.216404,	Delta[d](3) = 0.207883,	Delta[d](4) = 0.207883,	Delta[d](5) = 0.192584,	Delta[d](6) = 0.142027,	Delta[d](7) = 0.192584,	Delta[d](8) = 0.216404,	Delta[d](9) = 0.142027,	Delta[d](10) = 0.0595425,	Delta[d](11) = 0.142027,	Delta[d](12) = 0.207883,	Delta[d](13) = 0.192584,	Delta[d](14) = 0.142027,	Delta[d](15) = 0.192584,	Delta[s+](0) = 0.611489,	Delta[s+](1) = 0.455065,	Delta[s+](2) = 0.216404,	Delta[s+](3) = 0.455065,	Delta[s+](4) = 0.455065,	Delta[s+](5) = 0.316213,	Delta[s+](6) = 0.13564,	Delta[s+](7) = 0.316213,	Delta[s+](8) = 0.216404,	Delta[s+](9) = 0.13564,	Delta[s+](10) = 0.0410164,	Delta[s+](11) = 0.13564,	Delta[s+](12) = 0.455065,	Delta[s+](13) = 0.316213,	Delta[s+](14) = 0.13564,	Delta[s+](15) = 0.316213
The 6-th iteration is completed.	|| time cost : 0h 3m 58.003s
********************************************************************************************************************
********************************************************************************************************************
Ground state is obtained after 7 iterations. The current ground-state energy is -52.0634, in which electron energy is -52.0641 and phonon energy is 0.000630563
final variational state is: 
	Gamma_x = [      1,1.00531,1.00127,1.00531,1.00531,1.00133,1.00043,1.00133,1.00127,1.00043,1.00863,1.00043,1.00531,1.00133,1.00043,1.00133]
	lambda_q = [  0.499936,  0.251513,  0.086792,  0.251513,  0.251513, 0.0890359,-0.0410446, 0.0890359,  0.086792,-0.0410446, -0.160441,-0.0410446,  0.251513, 0.0890359,-0.0410446, 0.0890359]
The effective e-e interactions mediated by phonons are: [      3.2,  1.20239, 0.181314,  1.20239,  1.20239, 0.183444,0.0441077, 0.183444, 0.181314,0.0441077, 0.697334,0.0441077,  1.20239, 0.183444,0.0441077, 0.183444]
The real-space interactions mediated by phonons are: [ -9.97974, -4.16717,-0.976531, -2.75671, -4.81923, -4.01043,-0.976531, -1.14043, -3.52619, -1.14043,-0.976531, -4.01043, -4.81923, -2.75671,-0.976531, -4.16717]
********************************************************************************************************************
o___o  ----------------------------------------
| L |	Time since last clock: 0h 0m 0s
A===A	Time since the beginning: 0h 17m 17.951s
***********************************************

********************************************************************************************************************
Start warm-up calculation for scaling factor 32
open output files: NGSEDWarmUpW6.4Obs.txt
********************************************************************************************************************
Start the 0 rounds of NGS-ED iteration
	effective electronic model is modified as: kinetic energy t = 0.985499
	                                           effective interaction Vq = [  -2.92531,  -1.01792, -0.148178,  -1.01792,  -1.01792,  -0.15073,-0.0356549,  -0.15073, -0.148178,-0.0356549,  -0.56133,-0.0356549,  -1.01792,  -0.15073,-0.0356549,  -0.15073]
	PARPACK diagonalization completed after 60 matrix-vector product operations.
	iteration results: : total energy is -48.484506 | electron energy -48.484821 + phonon energy 0.000315 | electron momentum kIdx = 0
	Nq(0) = 12.25,	Nq(1) = 0.169248,	Nq(2) = 0.189445,	Nq(3) = 0.169248,	Nq(4) = 0.169248,	Nq(5) = 0.206703,	Nq(6) = 0.23984,	Nq(7) = 0.206703,	Nq(8) = 0.189445,	Nq(9) = 0.23984,	Nq(10) = 0.293564,	Nq(11) = 0.23984,	Nq(12) = 0.169248,	Nq(13) = 0.206703,	Nq(14) = 0.23984,	Nq(15) = 0.206703,	Sq(0) = 3.85333e-18,	Sq(1) = 0.464476,	Sq(2) = 0.756079,	Sq(3) = 0.464476,	Sq(4) = 0.464476,	Sq(5) = 0.623852,	Sq(6) = 1.05118,	Sq(7) = 0.623852,	Sq(8) = 0.756079,	Sq(9) = 1.05118,	Sq(10) = 2.54418,	Sq(11) = 1.05118,	Sq(12) = 0.464476,	Sq(13) = 0.623852,	Sq(14) = 1.05118,	Sq(15) = 0.623852,	N(0) = 1.77047,	N(1) = 1.61734,	N(2) = 0.309342,	N(3) = 1.61734,	N(4) = 1.61734,	N(5) = 0.994469,	N(6) = 0.251125,	N(7) = 0.994469,	N(8) = 0.309342,	N(9) = 0.251125,	N(10) = 0.15909,	N(11) = 0.251125,	N(12) = 1.61734,	N(13) = 0.994469,	N(14) = 0.251125,	N(15) = 0.994469,	Delta[s](0) = 0.0833606,	Delta[s](1) = 0.0631856,	Delta[s](2) = 0.0389292,	Delta[s](3) = 0.0631856,	Delta[s](4) = 0.0631856,	Delta[s](5) = 0.0461384,	Delta[s](6) = 0.0228298,	Delta[s](7) = 0.0461384,	Delta[s](8) = 0.0389292,	Delta[s](9) = 0.0228298,	Delta[s](10) = 0.00297517,	Delta[s](11) = 0.0228298,	Delta[s](12) = 0.0631856,	Delta[s](13) = 0.0461384,	Delta[s](14) = 0.0228298,	Delta[s](15) = 0.0461384,	Delta[d](0) = 0.329874,	Delta[d](1) = 0.216443,	Delta[d](2) = 0.224545,	Delta[d](3) = 0.216443,	Delta[d](4) = 0.216443,	Delta[d](5) = 0.200044,	Delta[d](6) = 0.148275,	Delta[d](7) = 0.200044,	Delta[d](8) = 0.224545,	Delta[d](9) = 0.148275,	Delta[d](10) = 0.0620749,	Delta[d](11) = 0.148275,	Delta[d](12) = 0.216443,	Delta[d](13) = 0.200044,	Delta[d](14) = 0.148275,	Delta[d](15) = 0.200044,	Delta[s+](0) = 0.630639,	Delta[s+](1) = 0.469551,	Delta[s+](2) = 0.224545,	Delta[s+](3) = 0.469551,	Delta[s+](4) = 0.469551,	Delta[s+](5) = 0.326971,	Delta[s+](6) = 0.141306,	Delta[s+](7) = 0.326971,	Delta[s+](8) = 0.224545,	Delta[s+](9) = 0.141306,	Delta[s+](10) = 0.0433091,	Delta[s+](11) = 0.141306,	Delta[s+](12) = 0.469551,	Delta[s+](13) = 0.326971,	Delta[s+](14) = 0.141306,	Delta[s+](15) = 0.326971
The 0-th iteration is completed.	|| time cost : 0h 4m 5.224s
********************************************************************************************************************
Start the 1 rounds of NGS-ED iteration
	effective electronic model is modified as: kinetic energy t = 0.983137
	                                           effective interaction Vq = [  -3.12363,  -1.08105,  -0.15387,  -1.08105,  -1.08105,  -0.15731,-0.0366157,  -0.15731,  -0.15387,-0.0366157, -0.572523,-0.0366157,  -1.08105,  -0.15731,-0.0366157,  -0.15731]
	PARPACK diagonalization completed after 45 matrix-vector product operations.
	iteration results: : total energy is -50.926677 | electron energy -50.927771 + phonon energy 0.001094 | electron momentum kIdx = 0
The 1-th iteration is completed.	|| time cost : 0h 0m 24.399s
********************************************************************************************************************
Start the 2 rounds of NGS-ED iteration
	effective electronic model is modified as: kinetic energy t = 0.982188
	                                           effective interaction Vq = [  -3.17877,  -1.10369, -0.155566,  -1.10369,  -1.10369, -0.159313,-0.0368759, -0.159313, -0.155566,-0.0368759, -0.576121,-0.0368759,  -1.10369, -0.159313,-0.0368759, -0.159313]
	PARPACK diagonalization completed after 45 matrix-vector product operations.
	iteration results: : total energy is -51.604159 | electron energy -51.605743 + phonon energy 0.001585 | electron momentum kIdx = 0
The 2-th iteration is completed.	|| time cost : 0h 0m 24.299s
********************************************************************************************************************
Start the 3 rounds of NGS-ED iteration
	effective electronic model is modified as: kinetic energy t = 0.981814
	                                           effective interaction Vq = [   -3.1941,  -1.11238, -0.156089,  -1.11238,  -1.11238, -0.159946,-0.0369481, -0.159946, -0.156089,-0.0369481, -0.577296,-0.0369481,  -1.11238, -0.159946,-0.0369481, -0.159946]
	PARPACK diagonalization completed after 45 matrix-vector product operations.
	iteration results: : total energy is -51.792285 | electron energy -51.794109 + phonon energy 0.001823 | electron momentum kIdx = 0
The 3-th iteration is completed.	|| time cost : 0h 0m 24.357s
********************************************************************************************************************
Start the 4 rounds of NGS-ED iteration
	effective electronic model is modified as: kinetic energy t = 0.981668
	                                           effective interaction Vq = [  -3.19836,  -1.11581, -0.156252,  -1.11581,  -1.11581, -0.160148,-0.0369685, -0.160148, -0.156252,-0.0369685, -0.577683,-0.0369685,  -1.11581, -0.160148,-0.0369685, -0.160148]
	PARPACK diagonalization completed after 45 matrix-vector product operations.
	iteration results: : total energy is -51.844554 | electron energy -51.846482 + phonon energy 0.001928 | electron momentum kIdx = 0
The 4-th iteration is completed.	|| time cost : 0h 0m 24.382s
********************************************************************************************************************
Start the 5 rounds of NGS-ED iteration
	effective electronic model is modified as: kinetic energy t = 0.98161
	                                           effective interaction Vq = [  -3.19954,  -1.11718, -0.156304,  -1.11718,  -1.11718, -0.160213,-0.0369743, -0.160213, -0.156304,-0.0369743, -0.577812,-0.0369743,  -1.11718, -0.160213,-0.0369743, -0.160213]
	PARPACK diagonalization completed after 30 matrix-vector product operations.
	iteration results: : total energy is -51.859080 | electron energy -51.861053 + phonon energy 0.001973 | electron momentum kIdx = 0
The 5-th iteration is completed.	|| time cost : 0h 0m 21.52s
********************************************************************************************************************
Start the 6 rounds of NGS-ED iteration
	effective electronic model is modified as: kinetic energy t = 0.981587
	                                           effective interaction Vq = [ -3.19987, -1.11774, -0.15632, -1.11774, -1.11774,-0.160234,-0.036976,-0.160234, -0.15632,-0.036976,-0.577855,-0.036976, -1.11774,-0.160234,-0.036976,-0.160234]
	PARPACK diagonalization completed after 30 matrix-vector product operations.
	iteration results: : total energy is -51.863118 | electron energy -51.865109 + phonon energy 0.001991 | electron momentum kIdx = 0
The 6-th iteration is completed.	|| time cost : 0h 0m 21.589s
********************************************************************************************************************
Start the 7 rounds of NGS-ED iteration
	effective electronic model is modified as: kinetic energy t = 0.981578
	                                           effective interaction Vq = [  -3.19996,  -1.11796, -0.156326,  -1.11796,  -1.11796,  -0.16024,-0.0369765,  -0.16024, -0.156326,-0.0369765,  -0.57787,-0.0369765,  -1.11796,  -0.16024,-0.0369765,  -0.16024]
	PARPACK diagonalization completed after 30 matrix-vector product operations.
	iteration results: : total energy is -51.864241 | electron energy -51.866239 + phonon energy 0.001998 | electron momentum kIdx = 0
The 7-th iteration is completed.	|| time cost : 0h 0m 21.533s
********************************************************************************************************************
Start the 8 rounds of NGS-ED iteration
	effective electronic model is modified as: kinetic energy t = 0.981575
	                                           effective interaction Vq = [  -3.19999,  -1.11805, -0.156328,  -1.11805,  -1.11805, -0.160243,-0.0369767, -0.160243, -0.156328,-0.0369767, -0.577875,-0.0369767,  -1.11805, -0.160243,-0.0369767, -0.160243]
	PARPACK diagonalization completed after 30 matrix-vector product operations.
	iteration results: : total energy is -51.864553 | electron energy -51.866554 + phonon energy 0.002001 | electron momentum kIdx = 0
The 8-th iteration is completed.	|| time cost : 0h 0m 21.556s
********************************************************************************************************************
Start the 9 rounds of NGS-ED iteration
	effective electronic model is modified as: kinetic energy t = 0.981573
	                                           effective interaction Vq = [      -3.2,  -1.11809, -0.156328,  -1.11809,  -1.11809, -0.160243,-0.0369768, -0.160243, -0.156328,-0.0369768, -0.577877,-0.0369768,  -1.11809, -0.160243,-0.0369768, -0.160243]
	PARPACK diagonalization completed after 30 matrix-vector product operations.
	iteration results: : total energy is -51.864639 | electron energy -51.866642 + phonon energy 0.002003 | electron momentum kIdx = 0
	Nq(0) = 12.25,	Nq(1) = 0.170695,	Nq(2) = 0.189434,	Nq(3) = 0.170695,	Nq(4) = 0.170695,	Nq(5) = 0.206483,	Nq(6) = 0.239619,	Nq(7) = 0.206483,	Nq(8) = 0.189434,	Nq(9) = 0.239619,	Nq(10) = 0.293823,	Nq(11) = 0.239619,	Nq(12) = 0.170695,	Nq(13) = 0.206483,	Nq(14) = 0.239619,	Nq(15) = 0.206483,	Sq(0) = 2.42306e-18,	Sq(1) = 0.463377,	Sq(2) = 0.755506,	Sq(3) = 0.463377,	Sq(4) = 0.463377,	Sq(5) = 0.623494,	Sq(6) = 1.05215,	Sq(7) = 0.623494,	Sq(8) = 0.755506,	Sq(9) = 1.05215,	Sq(10) = 2.54301,	Sq(11) = 1.05215,	Sq(12) = 0.463377,	Sq(13) = 0.623494,	Sq(14) = 1.05215,	Sq(15) = 0.623494,	N(0) = 1.77075,	N(1) = 1.6183,	N(2) = 0.30951,	N(3) = 1.6183,	N(4) = 1.6183,	N(5) = 0.993737,	N(6) = 0.250671,	N(7) = 0.993737,	N(8) = 0.30951,	N(9) = 0.250671,	N(10) = 0.159413,	N(11) = 0.250671,	N(12) = 1.6183,	N(13) = 0.993737,	N(14) = 0.250671,	N(15) = 0.993737,	Delta[s](0) = 0.0833264,	Delta[s](1) = 0.0632462,	Delta[s](2) = 0.039076,	Delta[s](3) = 0.0632462,	Delta[s](4) = 0.0632462,	Delta[s](5) = 0.0462608,	Delta[s](6) = 0.0230408,	Delta[s](7) = 0.0462608,	Delta[s](8) = 0.039076,	Delta[s](9) = 0.0230408,	Delta[s](10) = 0.00327151,	Delta[s](11) = 0.0230408,	Delta[s](12) = 0.0632462,	Delta[s](13) = 0.0462608,	Delta[s](14) = 0.0230408,	Delta[s](15) = 0.0462608,	Delta[d](0) = 0.345831,	Delta[d](1) = 0.226196,	Delta[d](2) = 0.234076,	Delta[d](3) = 0.226196,	Delta[d](4) = 0.226196,	Delta[d](5) = 0.20878,	Delta[d](6) = 0.154631,	Delta[d](7) = 0.20878,	Delta[d](8) = 0.234076,	Delta[d](9) = 0.154631,	Delta[d](10) = 0.0651434,	Delta[d](11) = 0.154631,	Delta[d](12) = 0.226196,	Delta[d](13) = 0.20878,	Delta[d](14) = 0.154631,	Delta[d](15) = 0.20878,	Delta[s+](0) = 0.656478,	Delta[s+](1) = 0.488807,	Delta[s+](2) = 0.234076,	Delta[s+](3) = 0.488807,	Delta[s+](4) = 0.488807,	Delta[s+](5) = 0.340321,	Delta[s+](6) = 0.147309,	Delta[s+](7) = 0.340321,	Delta[s+](8) = 0.234076,	Delta[s+](9) = 0.147309,	Delta[s+](10) = 0.0453535,	Delta[s+](11) = 0.147309,	Delta[s+](12) = 0.488807,	Delta[s+](13) = 0.340321,	Delta[s+](14) = 0.147309,	Delta[s+](15) = 0.340321
The 9-th iteration is completed.	|| time cost : 0h 3m 59.215s
********************************************************************************************************************
********************************************************************************************************************
Ground state is obtained after 10 iterations. The current ground-state energy is -51.8646, in which electron energy is -51.8666 and phonon energy is 0.00200256
final variational state is: 
	Gamma_x = [      1,1.01473,1.00295,1.01473,1.01473,1.00319,1.00094,1.00319,1.00295,1.00094,1.01848,1.00094,1.01473,1.00319,1.00094,1.00319]
	lambda_q = [  0.706763,  0.298384,  0.094171,  0.298384,  0.298384, 0.0979607,-0.0432787, 0.0979607,  0.094171,-0.0432787, -0.167256,-0.0432787,  0.298384, 0.0979607,-0.0432787, 0.0979607]
The effective e-e interactions mediated by phonons are: [      3.2,   1.1181, 0.156328,   1.1181,   1.1181, 0.160243,0.0369768, 0.160243, 0.156328,0.0369768, 0.577877,0.0369768,   1.1181, 0.160243,0.0369768, 0.160243]
The real-space interactions mediated by phonons are: [-9.35183,-4.15815,-1.12012,-2.75665,-4.78437,-3.92685,-1.12012,-1.33303,-3.44956,-1.33303,-1.12012,-3.92685,-4.78437,-2.75665,-1.12012,-4.15815]
********************************************************************************************************************
o___o  ----------------------------------------
| L |	Time since last clock: 0h 0m 0s
A===A	Time since the beginning: 0h 28m 26.03s
***********************************************

********************************************************************************************************************
Start warm-up calculation for scaling factor 16
open output files: NGSEDWarmUpW3.2Obs.txt
********************************************************************************************************************
Start the 0 rounds of NGS-ED iteration
	effective electronic model is modified as: kinetic energy t = 0.981573
	                                           effective interaction Vq = [  -2.92484,  -0.90863, -0.122295,  -0.90863,  -0.90863, -0.126029,-0.0286292, -0.126029, -0.122295,-0.0286292, -0.445701,-0.0286292,  -0.90863, -0.126029,-0.0286292, -0.126029]
	PARPACK diagonalization completed after 60 matrix-vector product operations.
	iteration results: : total energy is -48.266038 | electron energy -48.267039 + phonon energy 0.001002 | electron momentum kIdx = 0
	Nq(0) = 12.25,	Nq(1) = 0.166958,	Nq(2) = 0.187873,	Nq(3) = 0.166958,	Nq(4) = 0.166958,	Nq(5) = 0.205051,	Nq(6) = 0.237969,	Nq(7) = 0.205051,	Nq(8) = 0.187873,	Nq(9) = 0.237969,	Nq(10) = 0.288531,	Nq(11) = 0.237969,	Nq(12) = 0.166958,	Nq(13) = 0.205051,	Nq(14) = 0.237969,	Nq(15) = 0.205051,	Sq(0) = 6.07014e-19,	Sq(1) = 0.465162,	Sq(2) = 0.758302,	Sq(3) = 0.465162,	Sq(4) = 0.465162,	Sq(5) = 0.625227,	Sq(6) = 1.05459,	Sq(7) = 0.625227,	Sq(8) = 0.758302,	Sq(9) = 1.05459,	Sq(10) = 2.54929,	Sq(11) = 1.05459,	Sq(12) = 0.465162,	Sq(13) = 0.625227,	Sq(14) = 1.05459,	Sq(15) = 0.625227,	N(0) = 1.76615,	N(1) = 1.61061,	N(2) = 0.31417,	N(3) = 1.61061,	N(4) = 1.61061,	N(5) = 0.995089,	N(6) = 0.255239,	N(7) = 0.995089,	N(8) = 0.31417,	N(9) = 0.255239,	N(10) = 0.161746,	N(11) = 0.255239,	N(12) = 1.61061,	N(13) = 0.995089,	N(14) = 0.255239,	N(15) = 0.995089,	Delta[s](0) = 0.0813712,	Delta[s](1) = 0.0616986,	Delta[s](2) = 0.0381089,	Delta[s](3) = 0.0616986,	Delta[s](4) = 0.0616986,	Delta[s](5) = 0.0450081,	Delta[s](6) = 0.0223884,	Delta[s](7) = 0.0450081,	Delta[s](8) = 0.0381089,	Delta[s](9) = 0.0223884,	Delta[s](10) = 0.00312493,	Delta[s](11) = 0.0223884,	Delta[s](12) = 0.0616986,	Delta[s](13) = 0.0450081,	Delta[s](14) = 0.0223884,	Delta[s](15) = 0.0450081,	Delta[d](0) = 0.352271,	Delta[d](1) = 0.234743,	Delta[d](2) = 0.242563,	Delta[d](3) = 0.234743,	Delta[d](4) = 0.234743,	Delta[d](5) = 0.216405,	Delta[d](6) = 0.160978,	Delta[d](7) = 0.216405,	Delta[d](8) = 0.242563,	Delta[d](9) = 0.160978,	Delta[d](10) = 0.0675823,	Delta[d](11) = 0.160978,	Delta[d](12) = 0.234743,	Delta[d](13) = 0.216405,	Delta[d](14) = 0.160978,	Delta[d](15) = 0.216405,	Delta[s+](0) = 0.677203,	Delta[s+](1) = 0.504428,	Delta[s+](2) = 0.242563,	Delta[s+](3) = 0.504428,	Delta[s+](4) = 0.504428,	Delta[s+](5) = 0.351834,	Delta[s+](6) = 0.153126,	Delta[s+](7) = 0.351834,	Delta[s+](8) = 0.242563,	Delta[s+](9) = 0.153126,	Delta[s+](10) = 0.0475423,	Delta[s+](11) = 0.153126,	Delta[s+](12) = 0.504428,	Delta[s+](13) = 0.351834,	Delta[s+](14) = 0.153126,	Delta[s+](15) = 0.351834
The 0-th iteration is completed.	|| time cost : 0h 4m 5.301s
********************************************************************************************************************
Start the 1 rounds of NGS-ED iteration
	effective electronic model is modified as: kinetic energy t = 0.981529
	                                           effective interaction Vq = [  -3.05491, -0.926715, -0.120281, -0.926715, -0.926715, -0.124881,-0.0277209, -0.124881, -0.120281,-0.0277209, -0.427378,-0.0277209, -0.926715, -0.124881,-0.0277209, -0.124881]
	PARPACK diagonalization completed after 45 matrix-vector product operations.
	iteration results: : total energy is -49.861742 | electron energy -49.863901 + phonon energy 0.002159 | electron momentum kIdx = 0
The 1-th iteration is completed.	|| time cost : 0h 0m 24.387s
********************************************************************************************************************
Start the 2 rounds of NGS-ED iteration
	effective electronic model is modified as: kinetic energy t = 0.98137
	                                           effective interaction Vq = [  -3.12349,  -0.93712,  -0.11947,  -0.93712,  -0.93712, -0.124406,-0.0273794, -0.124406,  -0.11947,-0.0273794, -0.421385,-0.0273794,  -0.93712, -0.124406,-0.0273794, -0.124406]
	PARPACK diagonalization completed after 45 matrix-vector product operations.
	iteration results: : total energy is -50.702563 | electron energy -50.705549 + phonon energy 0.002986 | electron momentum kIdx = 0
The 2-th iteration is completed.	|| time cost : 0h 0m 24.37s
********************************************************************************************************************
Start the 3 rounds of NGS-ED iteration
	effective electronic model is modified as: kinetic energy t = 0.981233
	                                           effective interaction Vq = [  -3.15966, -0.943164,  -0.11915, -0.943164, -0.943164, -0.124213,-0.0272527, -0.124213,  -0.11915,-0.0272527, -0.419519,-0.0272527, -0.943164, -0.124213,-0.0272527, -0.124213]
	PARPACK diagonalization completed after 45 matrix-vector product operations.
	iteration results: : total energy is -51.145787 | electron energy -51.149307 + phonon energy 0.003520 | electron momentum kIdx = 0
The 3-th iteration is completed.	|| time cost : 0h 0m 24.394s
********************************************************************************************************************
Start the 4 rounds of NGS-ED iteration
	effective electronic model is modified as: kinetic energy t = 0.981137
	                                           effective interaction Vq = [  -3.17873, -0.946696, -0.119026, -0.946696, -0.946696, -0.124138,-0.0272062, -0.124138, -0.119026,-0.0272062,  -0.41898,-0.0272062, -0.946696, -0.124138,-0.0272062, -0.124138]
	PARPACK diagonalization completed after 45 matrix-vector product operations.
	iteration results: : total energy is -51.379456 | electron energy -51.383308 + phonon energy 0.003852 | electron momentum kIdx = 0
The 4-th iteration is completed.	|| time cost : 0h 0m 24.381s
********************************************************************************************************************
Start the 5 rounds of NGS-ED iteration
	effective electronic model is modified as: kinetic energy t = 0.981075
	                                           effective interaction Vq = [  -3.18878, -0.948768, -0.118979, -0.948768, -0.948768, -0.124109,-0.0271893, -0.124109, -0.118979,-0.0271893, -0.418849,-0.0271893, -0.948768, -0.124109,-0.0271893, -0.124109]
	PARPACK diagonalization completed after 45 matrix-vector product operations.
	iteration results: : total energy is -51.502656 | electron energy -51.506709 + phonon energy 0.004053 | electron momentum kIdx = 0
The 5-th iteration is completed.	|| time cost : 0h 0m 24.333s
********************************************************************************************************************
Start the 6 rounds of NGS-ED iteration
	effective electronic model is modified as: kinetic energy t = 0.981036
	                                           effective interaction Vq = [  -3.19409, -0.949987, -0.118963, -0.949987, -0.949987, -0.124098,-0.0271832, -0.124098, -0.118963,-0.0271832, -0.418832,-0.0271832, -0.949987, -0.124098,-0.0271832, -0.124098]
	PARPACK diagonalization completed after 30 matrix-vector product operations.
	iteration results: : total energy is -51.567614 | electron energy -51.571788 + phonon energy 0.004175 | electron momentum kIdx = 0
The 6-th iteration is completed.	|| time cost : 0h 0m 21.585s
********************************************************************************************************************
Start the 7 rounds of NGS-ED iteration
	effective electronic model is modified as: kinetic energy t = 0.981013
	                                           effective interaction Vq = [  -3.19688, -0.950706, -0.118957, -0.950706, -0.950706, -0.124095,-0.0271811, -0.124095, -0.118957,-0.0271811, -0.418842,-0.0271811, -0.950706, -0.124095,-0.0271811, -0.124095]
	PARPACK diagonalization completed after 30 matrix-vector product operations.
	iteration results: : total energy is -51.601864 | electron energy -51.606111 + phonon energy 0.004247 | electron momentum kIdx = 0
The 7-th iteration is completed.	|| time cost : 0h 0m 21.575s
********************************************************************************************************************
Start the 8 rounds of NGS-ED iteration
	effective electronic model is modified as: kinetic energy t = 0.980999
	                                           effective interaction Vq = [  -3.19836,  -0.95113, -0.118956,  -0.95113,  -0.95113, -0.124094,-0.0271804, -0.124094, -0.118956,-0.0271804, -0.418855,-0.0271804,  -0.95113, -0.124094,-0.0271804, -0.124094]
	PARPACK diagonalization completed after 30 matrix-vector product operations.
	iteration results: : total energy is -51.619923 | electron energy -51.624214 + phonon energy 0.004291 | electron momentum kIdx = 0
The 8-th iteration is completed.	|| time cost : 0h 0m 21.596s
********************************************************************************************************************
Start the 9 rounds of NGS-ED iteration
	effective electronic model is modified as: kinetic energy t = 0.980991
	                                           effective interaction Vq = [  -3.19913, -0.951381, -0.118955, -0.951381, -0.951381, -0.124094,-0.0271802, -0.124094, -0.118955,-0.0271802, -0.418864,-0.0271802, -0.951381, -0.124094,-0.0271802, -0.124094]
	PARPACK diagonalization completed after 30 matrix-vector product operations.
	iteration results: : total energy is -51.629446 | electron energy -51.633762 + phonon energy 0.004316 | electron momentum kIdx = 0
The 9-th iteration is completed.	|| time cost : 0h 0m 21.58s
********************************************************************************************************************
Start the 10 rounds of NGS-ED iteration
	effective electronic model is modified as: kinetic energy t = 0.980986
	                                           effective interaction Vq = [  -3.19954, -0.951529, -0.118956, -0.951529, -0.951529, -0.124094,-0.0271802, -0.124094, -0.118956,-0.0271802,  -0.41887,-0.0271802, -0.951529, -0.124094,-0.0271802, -0.124094]
	PARPACK diagonalization completed after 30 matrix-vector product operations.
	iteration results: : total energy is -51.634467 | electron energy -51.638798 + phonon energy 0.004332 | electron momentum kIdx = 0
