TACC:  Starting up job 4197736 
TACC:  Starting parallel tasks... 
SNEDics v3.4 Non-Gaussian ED ground state program		Start at Tue Aug 20 00:30:20 2019

parallized on 32 MPI threads  * 6 OpenMP threads = 192 total threads.
********************************************************************************************************************
********************************************************************************************************************

********************************************************************************************************************
System parameters and configurations
********************************************************************************************************************
Special program options are enabled: splitted diagonal Hamiltonian
********************************************************************************************************************
Read input file "model_params.in"
	Hubbard-Holstein model parameters : 	t = 1    U = 1    g = 3.1623    W = 5    
********************************************************************************************************************
Read input file "hilbertspace_params.in"
	Requested 16-site 2D lattice, with 15 electrons (8, 7)
	Boundary : Periodic		Hilbert space representation : momentum-space (restricted to kIdx = 10)
	Conservation: particle number[U(1)]      spin[U(1)]     momentum
********************************************************************************************************************

Cluster Positions:				Cluster symmetry group : D4
 x ... x ... x ... x .....                       x ... x ... x ... x .....
 |           |           :                       |           |           :
 |           |           :                       |           |           :
12    13    14    15     x                       1     5     6     5     x
 |           |           :                       |           |           :
 |           |           :                       |           |           :
 8 --- 9 ---10 ---11 --- x                       2 --- 6 ---10 --- 6 --- x
 |           |           :                       |           |           :
 |           |           :                       |           |           :
 4     5     6     7     x                       1     5     6     5     x
 |           |           :                       |           |           :
 |           |           :                       |           |           :
 0 --- 1 --- 2 --- 3 --- x                       0 --- 1 --- 2 --- 1 --- x
orbital number : 1
********************************************************************************************************************
Read input file "obs_params.in"
	Observable Type : Nq[All],   Sq[All],   N[All]
********************************************************************************************************************
** WARNING ** the input observables have non-local factors which have been reinterpreted. The total observable number is 48
********************************************************************************************************************


********************************************************************************************************************
Start calculating the non-Gaussian ED ground state
** WARNING ** Detected low phonon energy W < 10. The initial state will be prepared through a warm-up process.
********************************************************************************************************************
Start warm-up calculation for scaling factor 2
open output files: NGSEDWarmUpW10Obs.txt
********************************************************************************************************************
Start the 0 rounds of NGS-ED iteration
	effective electronic model is modified as: kinetic energy t = 1
	                                           effective interaction Vq = [0,0,0,0,0,0,0,0,0,0,0,0,0,0,0,0]
	first Hamiltonian is constructed, non-zero numbers = 2489446524
	PARPACK diagonalization completed after 195 matrix-vector product operations.
	iteration results: : total energy is -21.056793 | electron energy -21.056793 + phonon energy 0.000000 | electron momentum kIdx = 10
	Nq(0) = 14.0625,	Nq(1) = 0.329845,	Nq(2) = 0.415592,	Nq(3) = 0.329845,	Nq(4) = 0.329845,	Nq(5) = 0.369313,	Nq(6) = 0.553208,	Nq(7) = 0.369313,	Nq(8) = 0.415592,	Nq(9) = 0.553208,	Nq(10) = 0.624169,	Nq(11) = 0.553208,	Nq(12) = 0.329845,	Nq(13) = 0.369313,	Nq(14) = 0.553208,	Nq(15) = 0.369313,	Sq(0) = 0.0625,	Sq(1) = 0.397693,	Sq(2) = 0.577043,	Sq(3) = 0.397693,	Sq(4) = 0.397693,	Sq(5) = 0.801572,	Sq(6) = 0.67703,	Sq(7) = 0.801572,	Sq(8) = 0.577043,	Sq(9) = 0.67703,	Sq(10) = 0.750916,	Sq(11) = 0.67703,	Sq(12) = 0.397693,	Sq(13) = 0.801572,	Sq(14) = 0.67703,	Sq(15) = 0.801572,	N(0) = 1.99371,	N(1) = 1.9904,	N(2) = 1.16425,	N(3) = 1.9904,	N(4) = 1.9904,	N(5) = 0.670171,	N(6) = 0.00804975,	N(7) = 0.670171,	N(8) = 1.16425,	N(9) = 0.00804975,	N(10) = 0.00330184,	N(11) = 0.00804975,	N(12) = 1.9904,	N(13) = 0.670171,	N(14) = 0.00804975,	N(15) = 0.670171
The 0-th iteration is completed.	|| time cost : 0h 2m 38.059s
********************************************************************************************************************
Start the 1 rounds of NGS-ED iteration
	effective electronic model is modified as: kinetic energy t = 0.942646
	                                           effective interaction Vq = [-1.72935,-1.64562,-1.59715,-1.64562,-1.64562,-1.58051,-1.58139,-1.58051,-1.59715,-1.58139,-1.55548,-1.58139,-1.64562,-1.58051,-1.58139,-1.58051]
	PARPACK diagonalization completed after 180 matrix-vector product operations.
	iteration results: : total energy is -57.806015 | electron energy -57.810064 + phonon energy 0.004050 | electron momentum kIdx = 10
The 1-th iteration is completed.	|| time cost : 0h 3m 42.054s
********************************************************************************************************************
Start the 2 rounds of NGS-ED iteration
	effective electronic model is modified as: kinetic energy t = 0.897972
	                                           effective interaction Vq = [ -1.9634,-1.90211,-1.90229,-1.90211,-1.90211,-1.87837,-1.84909,-1.87837,-1.90229,-1.84909,-1.82539,-1.84909,-1.90211,-1.87837,-1.84909,-1.87837]
	PARPACK diagonalization completed after 45 matrix-vector product operations.
	iteration results: : total energy is -63.034654 | electron energy -63.059150 + phonon energy 0.024496 | electron momentum kIdx = 10
The 2-th iteration is completed.	|| time cost : 0h 0m 20.915s
********************************************************************************************************************
Start the 3 rounds of NGS-ED iteration
	effective electronic model is modified as: kinetic energy t = 0.880361
	                                           effective interaction Vq = [-1.99507,-1.95333,-1.96124,-1.95333,-1.95333, -1.9399,-1.91041, -1.9399,-1.96124,-1.91041,-1.89142,-1.91041,-1.95333, -1.9399,-1.91041, -1.9399]
	PARPACK diagonalization completed after 45 matrix-vector product operations.
	iteration results: : total energy is -63.720853 | electron energy -63.761608 + phonon energy 0.040755 | electron momentum kIdx = 10
The 3-th iteration is completed.	|| time cost : 0h 0m 20.845s
********************************************************************************************************************
Start the 4 rounds of NGS-ED iteration
	effective electronic model is modified as: kinetic energy t = 0.87406
	                                           effective interaction Vq = [-1.99936,-1.96655,-1.97547,-1.96655,-1.96655,-1.95606,-1.92804,-1.95606,-1.97547,-1.92804,-1.91133,-1.92804,-1.96655,-1.95606,-1.92804,-1.95606]
	PARPACK diagonalization completed after 45 matrix-vector product operations.
	iteration results: : total energy is -63.810127 | electron energy -63.858350 + phonon energy 0.048223 | electron momentum kIdx = 10
The 4-th iteration is completed.	|| time cost : 0h 0m 20.826s
********************************************************************************************************************
Start the 5 rounds of NGS-ED iteration
	effective electronic model is modified as: kinetic energy t = 0.871861
	                                           effective interaction Vq = [-1.99994,-1.97056,-1.97958,-1.97056,-1.97056,  -1.961,-1.93374,  -1.961,-1.97958,-1.93374,-1.91801,-1.93374,-1.97056,  -1.961,-1.93374,  -1.961]
	PARPACK diagonalization completed after 30 matrix-vector product operations.
	iteration results: : total energy is -63.821729 | electron energy -63.872827 + phonon energy 0.051097 | electron momentum kIdx = 10
The 5-th iteration is completed.	|| time cost : 0h 0m 17.63s
********************************************************************************************************************
Start the 6 rounds of NGS-ED iteration
	effective electronic model is modified as: kinetic energy t = 0.8711
	                                           effective interaction Vq = [-2.00002,-1.97187,-1.98088,-1.97187,-1.97187,-1.96261,-1.93569,-1.96261,-1.98088,-1.93569,-1.92035,-1.93569,-1.97187,-1.96261,-1.93569,-1.96261]
	PARPACK diagonalization completed after 30 matrix-vector product operations.
	iteration results: : total energy is -63.823241 | electron energy -63.875376 + phonon energy 0.052135 | electron momentum kIdx = 10
The 6-th iteration is completed.	|| time cost : 0h 0m 17.609s
********************************************************************************************************************
Start the 7 rounds of NGS-ED iteration
	effective electronic model is modified as: kinetic energy t = 0.870836
	                                           effective interaction Vq = [-2.00003,-1.97232,-1.98131,-1.97232,-1.97232,-1.96315,-1.93636,-1.96315,-1.98131,-1.93636,-1.92119,-1.93636,-1.97232,-1.96315,-1.93636,-1.96315]
	PARPACK diagonalization completed after 30 matrix-vector product operations.
	iteration results: : total energy is -63.823439 | electron energy -63.875940 + phonon energy 0.052501 | electron momentum kIdx = 10
The 7-th iteration is completed.	|| time cost : 0h 0m 17.607s
********************************************************************************************************************
Start the 8 rounds of NGS-ED iteration
	effective electronic model is modified as: kinetic energy t = 0.870745
	                                           effective interaction Vq = [-2.00003,-1.97247,-1.98146,-1.97247,-1.97247,-1.96333, -1.9366,-1.96333,-1.98146, -1.9366,-1.92149, -1.9366,-1.97247,-1.96333, -1.9366,-1.96333]
	PARPACK diagonalization completed after 30 matrix-vector product operations.
	iteration results: : total energy is -63.823465 | electron energy -63.876093 + phonon energy 0.052629 | electron momentum kIdx = 10
	Nq(0) = 14.0625,	Nq(1) = 0.444202,	Nq(2) = 1.08734,	Nq(3) = 0.444202,	Nq(4) = 0.444202,	Nq(5) = 0.741834,	Nq(6) = 0.795026,	Nq(7) = 0.741834,	Nq(8) = 1.08734,	Nq(9) = 0.795026,	Nq(10) = 0.918478,	Nq(11) = 0.795026,	Nq(12) = 0.444202,	Nq(13) = 0.741834,	Nq(14) = 0.795026,	Nq(15) = 0.741834,	Sq(0) = 0.0625,	Sq(1) = 0.237646,	Sq(2) = 0.288176,	Sq(3) = 0.237646,	Sq(4) = 0.237646,	Sq(5) = 0.311533,	Sq(6) = 0.403635,	Sq(7) = 0.311533,	Sq(8) = 0.288176,	Sq(9) = 0.403635,	Sq(10) = 0.469989,	Sq(11) = 0.403635,	Sq(12) = 0.237646,	Sq(13) = 0.311533,	Sq(14) = 0.403635,	Sq(15) = 0.311533,	N(0) = 1.94521,	N(1) = 1.89646,	N(2) = 0.837358,	N(3) = 1.89646,	N(4) = 1.89646,	N(5) = 0.851692,	N(6) = 0.0849096,	N(7) = 0.851692,	N(8) = 0.837358,	N(9) = 0.0849096,	N(10) = 0.047844,	N(11) = 0.0849096,	N(12) = 1.89646,	N(13) = 0.851692,	N(14) = 0.0849096,	N(15) = 0.851692
The 8-th iteration is completed.	|| time cost : 0h 0m 46.314s
********************************************************************************************************************
********************************************************************************************************************
Ground state is obtained after 9 iterations. The current ground-state energy is -63.8235, in which electron energy is -63.8761 and phonon energy is 0.0526287
final variational state is: 
	Gamma_x = [      1,1.01855,1.03851,1.01855,1.01855,1.03531,1.04758,1.03531,1.03851,1.04758,1.06002,1.04758,1.01855,1.03531,1.04758,1.03531]
	lambda_q = [0.447162,0.394766,0.404176,0.394766,0.394766,0.386688,0.367627,0.386688,0.404176,0.367627,0.358653,0.367627,0.394766,0.386688,0.367627,0.386688]
********************************************************************************************************************
o___o  ----------------------------------------
| L |	Time since last clock: 0h 0m 0s
A===A	Time since the beginning: 0h 9m 1.863s
***********************************************


********************************************************************************************************************
Warm up runs have been completed. Start calculating W = 5 phonon.
open output files: NGSEDIterationObs.txt
Start the 0 rounds of NGS-ED iteration
	effective electronic model is modified as: kinetic energy t = 0.870714
	                                           effective interaction Vq = [-1.82835,-1.71754,-1.73946,-1.71754,-1.71754,-1.69801,-1.64934,-1.69801,-1.73946,-1.64934,-1.62518,-1.64934,-1.71754,-1.69801,-1.64934,-1.69801]
	PARPACK diagonalization completed after 45 matrix-vector product operations.
	iteration results: : total energy is -58.540747 | electron energy -58.567084 + phonon energy 0.026337 | electron momentum kIdx = 10
	Nq(0) = 14.0625,	Nq(1) = 0.435671,	Nq(2) = 1.07342,	Nq(3) = 0.435671,	Nq(4) = 0.435671,	Nq(5) = 0.717746,	Nq(6) = 0.748032,	Nq(7) = 0.717746,	Nq(8) = 1.07342,	Nq(9) = 0.748032,	Nq(10) = 0.847856,	Nq(11) = 0.748032,	Nq(12) = 0.435671,	Nq(13) = 0.717746,	Nq(14) = 0.748032,	Nq(15) = 0.717746,	Sq(0) = 0.0625,	Sq(1) = 0.260969,	Sq(2) = 0.307801,	Sq(3) = 0.260969,	Sq(4) = 0.260969,	Sq(5) = 0.335827,	Sq(6) = 0.440361,	Sq(7) = 0.335827,	Sq(8) = 0.307801,	Sq(9) = 0.440361,	Sq(10) = 0.510271,	Sq(11) = 0.440361,	Sq(12) = 0.260969,	Sq(13) = 0.335827,	Sq(14) = 0.440361,	Sq(15) = 0.335827,	N(0) = 1.96312,	N(1) = 1.93032,	N(2) = 0.820235,	N(3) = 1.93032,	N(4) = 1.93032,	N(5) = 0.853453,	N(6) = 0.057255,	N(7) = 0.853453,	N(8) = 0.820235,	N(9) = 0.057255,	N(10) = 0.0322989,	N(11) = 0.057255,	N(12) = 1.93032,	N(13) = 0.853453,	N(14) = 0.057255,	N(15) = 0.853453
The 0-th iteration is completed.	|| time cost : 0h 0m 49.602s
********************************************************************************************************************
Start the 1 rounds of NGS-ED iteration
	effective electronic model is modified as: kinetic energy t = 0.847142
	                                           effective interaction Vq = [-1.93687,-1.82246,-1.85043,-1.82246,-1.82246,-1.80055,-1.73881,-1.80055,-1.85043,-1.73881,-1.70634,-1.73881,-1.82246,-1.80055,-1.73881,-1.80055]
	PARPACK diagonalization completed after 45 matrix-vector product operations.
	iteration results: : total energy is -60.539079 | electron energy -60.624026 + phonon energy 0.084948 | electron momentum kIdx = 10
The 1-th iteration is completed.	|| time cost : 0h 0m 21.716s
********************************************************************************************************************
Start the 2 rounds of NGS-ED iteration
	effective electronic model is modified as: kinetic energy t = 0.83239
	                                           effective interaction Vq = [-1.97679,-1.87244,-1.90285,-1.87244,-1.87244,-1.85104,-1.78642,-1.85104,-1.90285,-1.78642,-1.75271,-1.78642,-1.87244,-1.85104,-1.78642,-1.85104]
	PARPACK diagonalization completed after 45 matrix-vector product operations.
	iteration results: : total energy is -61.266080 | electron energy -61.396119 + phonon energy 0.130039 | electron momentum kIdx = 10
The 2-th iteration is completed.	|| time cost : 0h 0m 20.874s
********************************************************************************************************************
Start the 3 rounds of NGS-ED iteration
	effective electronic model is modified as: kinetic energy t = 0.823439
	                                           effective interaction Vq = [-1.99148,-1.89769,-1.92861,-1.89769,-1.89769,-1.87713,-1.81263,-1.87713,-1.92861,-1.81263,-1.77953,-1.81263,-1.89769,-1.87713,-1.81263,-1.87713]
	PARPACK diagonalization completed after 45 matrix-vector product operations.
	iteration results: : total energy is -61.529745 | electron energy -61.688822 + phonon energy 0.159077 | electron momentum kIdx = 10
The 3-th iteration is completed.	|| time cost : 0h 0m 22.507s
********************************************************************************************************************
Start the 4 rounds of NGS-ED iteration
	effective electronic model is modified as: kinetic energy t = 0.818092
	                                           effective interaction Vq = [-1.99688,-1.91106,-1.94179,-1.91106,-1.91106,-1.89114,-1.82746,-1.89114,-1.94179,-1.82746,-1.79529,-1.82746,-1.91106,-1.89114,-1.82746,-1.89114]
	PARPACK diagonalization completed after 45 matrix-vector product operations.
	iteration results: : total energy is -61.625242 | electron energy -61.802016 + phonon energy 0.176773 | electron momentum kIdx = 10
The 4-th iteration is completed.	|| time cost : 0h 0m 25.016s
********************************************************************************************************************
Start the 5 rounds of NGS-ED iteration
	effective electronic model is modified as: kinetic energy t = 0.814926
	                                           effective interaction Vq = [-1.99887,-1.91838,-1.94878,-1.91838,-1.91838,-1.89887,-1.83603,-1.89887,-1.94878,-1.83603,-1.80469,-1.83603,-1.91838,-1.89887,-1.83603,-1.89887]
	PARPACK diagonalization completed after 45 matrix-vector product operations.
	iteration results: : total energy is -61.659827 | electron energy -61.847161 + phonon energy 0.187334 | electron momentum kIdx = 10
The 5-th iteration is completed.	|| time cost : 0h 0m 24.321s
********************************************************************************************************************
Start the 6 rounds of NGS-ED iteration
	effective electronic model is modified as: kinetic energy t = 0.813059
	                                           effective interaction Vq = [ -1.9996,-1.92248,-1.95257,-1.92248,-1.92248,-1.90322,-1.84105,-1.90322,-1.95257,-1.84105,-1.81035,-1.84105,-1.92248,-1.90322,-1.84105,-1.90322]
	PARPACK diagonalization completed after 30 matrix-vector product operations.
	iteration results: : total energy is -61.672360 | electron energy -61.865942 + phonon energy 0.193583 | electron momentum kIdx = 10
The 6-th iteration is completed.	|| time cost : 0h 0m 18.492s
********************************************************************************************************************
Start the 7 rounds of NGS-ED iteration
	effective electronic model is modified as: kinetic energy t = 0.811961
	                                           effective interaction Vq = [-1.99987, -1.9248,-1.95467, -1.9248, -1.9248, -1.9057,-1.84401, -1.9057,-1.95467,-1.84401,-1.81378,-1.84401, -1.9248, -1.9057,-1.84401, -1.9057]
	PARPACK diagonalization completed after 30 matrix-vector product operations.
	iteration results: : total energy is -61.676905 | electron energy -61.874173 + phonon energy 0.197267 | electron momentum kIdx = 10
The 7-th iteration is completed.	|| time cost : 0h 0m 17.628s
********************************************************************************************************************
Start the 8 rounds of NGS-ED iteration
	effective electronic model is modified as: kinetic energy t = 0.811316
	                                           effective interaction Vq = [-1.99997,-1.92613,-1.95584,-1.92613,-1.92613,-1.90712,-1.84576,-1.90712,-1.95584,-1.84576,-1.81586,-1.84576,-1.92613,-1.90712,-1.84576,-1.90712]
	PARPACK diagonalization completed after 30 matrix-vector product operations.
	iteration results: : total energy is -61.678556 | electron energy -61.877993 + phonon energy 0.199437 | electron momentum kIdx = 10
The 8-th iteration is completed.	|| time cost : 0h 0m 17.614s
********************************************************************************************************************
Start the 9 rounds of NGS-ED iteration
	effective electronic model is modified as: kinetic energy t = 0.810936
	                                           effective interaction Vq = [-2.00001, -1.9269,-1.95649, -1.9269, -1.9269,-1.90793,-1.84681,-1.90793,-1.95649,-1.84681,-1.81713,-1.84681, -1.9269,-1.90793,-1.84681,-1.90793]
	PARPACK diagonalization completed after 30 matrix-vector product operations.
	iteration results: : total energy is -61.679156 | electron energy -61.879871 + phonon energy 0.200715 | electron momentum kIdx = 10
The 9-th iteration is completed.	|| time cost : 0h 0m 17.61s
********************************************************************************************************************
Start the 10 rounds of NGS-ED iteration
	effective electronic model is modified as: kinetic energy t = 0.810714
	                                           effective interaction Vq = [-2.00002,-1.92734,-1.95686,-1.92734,-1.92734, -1.9084,-1.84744, -1.9084,-1.95686,-1.84744,-1.81791,-1.84744,-1.92734, -1.9084,-1.84744, -1.9084]
	PARPACK diagonalization completed after 30 matrix-vector product operations.
	iteration results: : total energy is -61.679375 | electron energy -61.880843 + phonon energy 0.201468 | electron momentum kIdx = 10
	Nq(0) = 14.0625,	Nq(1) = 0.449179,	Nq(2) = 1.15855,	Nq(3) = 0.449179,	Nq(4) = 0.449179,	Nq(5) = 0.742755,	Nq(6) = 0.775761,	Nq(7) = 0.742755,	Nq(8) = 1.15855,	Nq(9) = 0.775761,	Nq(10) = 0.890429,	Nq(11) = 0.775761,	Nq(12) = 0.449179,	Nq(13) = 0.742755,	Nq(14) = 0.775761,	Nq(15) = 0.742755,	Sq(0) = 0.0625,	Sq(1) = 0.234159,	Sq(2) = 0.2855,	Sq(3) = 0.234159,	Sq(4) = 0.234159,	Sq(5) = 0.30843,	Sq(6) = 0.39785,	Sq(7) = 0.30843,	Sq(8) = 0.2855,	Sq(9) = 0.39785,	Sq(10) = 0.463937,	Sq(11) = 0.39785,	Sq(12) = 0.234159,	Sq(13) = 0.30843,	Sq(14) = 0.39785,	Sq(15) = 0.30843,	N(0) = 1.94152,	N(1) = 1.88992,	N(2) = 0.823073,	N(3) = 1.88992,	N(4) = 1.88992,	N(5) = 0.860772,	N(6) = 0.0897718,	N(7) = 0.860772,	N(8) = 0.823073,	N(9) = 0.0897718,	N(10) = 0.0504948,	N(11) = 0.0897718,	N(12) = 1.88992,	N(13) = 0.860772,	N(14) = 0.0897718,	N(15) = 0.860772
The 10-th iteration is completed.	|| time cost : 0h 0m 46.273s
********************************************************************************************************************
Start the 11 rounds of NGS-ED iteration
	effective electronic model is modified as: kinetic energy t = 0.810583
	                                           effective interaction Vq = [-2.00003, -1.9276,-1.95707, -1.9276, -1.9276,-1.90867,-1.84781,-1.90867,-1.95707,-1.84781,-1.81839,-1.84781, -1.9276,-1.90867,-1.84781,-1.90867]
	PARPACK diagonalization completed after 30 matrix-vector product operations.
	iteration results: : total energy is -61.679454 | electron energy -61.881366 + phonon energy 0.201912 | electron momentum kIdx = 10
The 11-th iteration is completed.	|| time cost : 0h 0m 18.68s
********************************************************************************************************************
Start the 12 rounds of NGS-ED iteration
	effective electronic model is modified as: kinetic energy t = 0.810506
	                                           effective interaction Vq = [-2.00003,-1.92775,-1.95718,-1.92775,-1.92775,-1.90883,-1.84803,-1.90883,-1.95718,-1.84803,-1.81868,-1.84803,-1.92775,-1.90883,-1.84803,-1.90883]
	PARPACK diagonalization completed after 30 matrix-vector product operations.
	iteration results: : total energy is -61.679483 | electron energy -61.881657 + phonon energy 0.202174 | electron momentum kIdx = 10
The 12-th iteration is completed.	|| time cost : 0h 0m 20.891s
********************************************************************************************************************
Start the 13 rounds of NGS-ED iteration
	effective electronic model is modified as: kinetic energy t = 0.81046
	                                           effective interaction Vq = [-2.00003,-1.92784,-1.95725,-1.92784,-1.92784,-1.90892,-1.84817,-1.90892,-1.95725,-1.84817,-1.81886,-1.84817,-1.92784,-1.90892,-1.84817,-1.90892]
	PARPACK diagonalization completed after 30 matrix-vector product operations.
	iteration results: : total energy is -61.679494 | electron energy -61.881823 + phonon energy 0.202329 | electron momentum kIdx = 10
The 13-th iteration is completed.	|| time cost : 0h 0m 19.884s
********************************************************************************************************************
Start the 14 rounds of NGS-ED iteration
	effective electronic model is modified as: kinetic energy t = 0.810434
	                                           effective interaction Vq = [-2.00003,-1.92789,-1.95728,-1.92789,-1.92789,-1.90897,-1.84825,-1.90897,-1.95728,-1.84825,-1.81897,-1.84825,-1.92789,-1.90897,-1.84825,-1.90897]
	PARPACK diagonalization completed after 30 matrix-vector product operations.
	iteration results: : total energy is -61.679498 | electron energy -61.881918 + phonon energy 0.202420 | electron momentum kIdx = 10
The 14-th iteration is completed.	|| time cost : 0h 0m 17.67s
********************************************************************************************************************
Start the 15 rounds of NGS-ED iteration
	effective electronic model is modified as: kinetic energy t = 0.810418
	                                           effective interaction Vq = [-2.00003,-1.92791, -1.9573,-1.92791,-1.92791,  -1.909, -1.8483,  -1.909, -1.9573, -1.8483,-1.81903, -1.8483,-1.92791,  -1.909, -1.8483,  -1.909]
	PARPACK diagonalization completed after 30 matrix-vector product operations.
	iteration results: : total energy is -61.679499 | electron energy -61.881974 + phonon energy 0.202474 | electron momentum kIdx = 10
The 15-th iteration is completed.	|| time cost : 0h 0m 17.757s
********************************************************************************************************************
Start the 16 rounds of NGS-ED iteration
	effective electronic model is modified as: kinetic energy t = 0.810408
	                                           effective interaction Vq = [-2.00003,-1.92793,-1.95731,-1.92793,-1.92793,-1.90902,-1.84833,-1.90902,-1.95731,-1.84833,-1.81907,-1.84833,-1.92793,-1.90902,-1.84833,-1.90902]
	PARPACK diagonalization completed after 30 matrix-vector product operations.
	iteration results: : total energy is -61.679500 | electron energy -61.882006 + phonon energy 0.202507 | electron momentum kIdx = 10
The 16-th iteration is completed.	|| time cost : 0h 0m 17.629s
********************************************************************************************************************
Start the 17 rounds of NGS-ED iteration
	effective electronic model is modified as: kinetic energy t = 0.810403
	                                           effective interaction Vq = [-2.00003,-1.92794,-1.95732,-1.92794,-1.92794,-1.90903,-1.84835,-1.90903,-1.95732,-1.84835, -1.8191,-1.84835,-1.92794,-1.90903,-1.84835,-1.90903]
	PARPACK diagonalization completed after 30 matrix-vector product operations.
	iteration results: : total energy is -61.679500 | electron energy -61.882025 + phonon energy 0.202526 | electron momentum kIdx = 10
The 17-th iteration is completed.	|| time cost : 0h 0m 17.645s
********************************************************************************************************************
Start the 18 rounds of NGS-ED iteration
	effective electronic model is modified as: kinetic energy t = 0.8104
	                                           effective interaction Vq = [-2.00003,-1.92795,-1.95732,-1.92795,-1.92795,-1.90904,-1.84836,-1.90904,-1.95732,-1.84836,-1.81912,-1.84836,-1.92795,-1.90904,-1.84836,-1.90904]
	PARPACK diagonalization completed after 30 matrix-vector product operations.
	iteration results: : total energy is -61.679500 | electron energy -61.882037 + phonon energy 0.202537 | electron momentum kIdx = 10
The 18-th iteration is completed.	|| time cost : 0h 0m 17.618s
********************************************************************************************************************
Start the 19 rounds of NGS-ED iteration
	effective electronic model is modified as: kinetic energy t = 0.810398
	                                           effective interaction Vq = [-2.00003,-1.92795,-1.95733,-1.92795,-1.92795,-1.90904,-1.84836,-1.90904,-1.95733,-1.84836,-1.81913,-1.84836,-1.92795,-1.90904,-1.84836,-1.90904]
	PARPACK diagonalization completed after 30 matrix-vector product operations.
	iteration results: : total energy is -61.679500 | electron energy -61.882044 + phonon energy 0.202544 | electron momentum kIdx = 10
The 19-th iteration is completed.	|| time cost : 0h 0m 17.65s
********************************************************************************************************************
Start the 20 rounds of NGS-ED iteration
	effective electronic model is modified as: kinetic energy t = 0.810397
	                                           effective interaction Vq = [-2.00003,-1.92795,-1.95733,-1.92795,-1.92795,-1.90904,-1.84837,-1.90904,-1.95733,-1.84837,-1.81913,-1.84837,-1.92795,-1.90904,-1.84837,-1.90904]
	PARPACK diagonalization completed after 30 matrix-vector product operations.
	iteration results: : total energy is -61.679500 | electron energy -61.882048 + phonon energy 0.202548 | electron momentum kIdx = 10
	Nq(0) = 14.0625,	Nq(1) = 0.449221,	Nq(2) = 1.15844,	Nq(3) = 0.449221,	Nq(4) = 0.449221,	Nq(5) = 0.742837,	Nq(6) = 0.776074,	Nq(7) = 0.742837,	Nq(8) = 1.15844,	Nq(9) = 0.776074,	Nq(10) = 0.89103,	Nq(11) = 0.776074,	Nq(12) = 0.449221,	Nq(13) = 0.742837,	Nq(14) = 0.776074,	Nq(15) = 0.742837,	Sq(0) = 0.0625,	Sq(1) = 0.234042,	Sq(2) = 0.285394,	Sq(3) = 0.234042,	Sq(4) = 0.234042,	Sq(5) = 0.308301,	Sq(6) = 0.397667,	Sq(7) = 0.308301,	Sq(8) = 0.285394,	Sq(9) = 0.397667,	Sq(10) = 0.463734,	Sq(11) = 0.397667,	Sq(12) = 0.234042,	Sq(13) = 0.308301,	Sq(14) = 0.397667,	Sq(15) = 0.308301,	N(0) = 1.94142,	N(1) = 1.88973,	N(2) = 0.823185,	N(3) = 1.88973,	N(4) = 1.88973,	N(5) = 0.860752,	N(6) = 0.0899285,	N(7) = 0.860752,	N(8) = 0.823185,	N(9) = 0.0899285,	N(10) = 0.0505823,	N(11) = 0.0899285,	N(12) = 1.88973,	N(13) = 0.860752,	N(14) = 0.0899285,	N(15) = 0.860752
The 20-th iteration is completed.	|| time cost : 0h 0m 46.303s
********************************************************************************************************************
Start the 21 rounds of NGS-ED iteration
	effective electronic model is modified as: kinetic energy t = 0.810396
	                                           effective interaction Vq = [-2.00003,-1.92795,-1.95733,-1.92795,-1.92795,-1.90904,-1.84837,-1.90904,-1.95733,-1.84837,-1.81913,-1.84837,-1.92795,-1.90904,-1.84837,-1.90904]
	PARPACK diagonalization completed after 30 matrix-vector product operations.
	iteration results: : total energy is -61.679500 | electron energy -61.882050 + phonon energy 0.202550 | electron momentum kIdx = 10
The 21-th iteration is completed.	|| time cost : 0h 0m 17.651s
********************************************************************************************************************
Start the 22 rounds of NGS-ED iteration
	effective electronic model is modified as: kinetic energy t = 0.810396
	                                           effective interaction Vq = [-2.00003,-1.92795,-1.95733,-1.92795,-1.92795,-1.90904,-1.84837,-1.90904,-1.95733,-1.84837,-1.81914,-1.84837,-1.92795,-1.90904,-1.84837,-1.90904]
	PARPACK diagonalization completed after 30 matrix-vector product operations.
	iteration results: : total energy is -61.679500 | electron energy -61.882051 + phonon energy 0.202551 | electron momentum kIdx = 10
The 22-th iteration is completed.	|| time cost : 0h 0m 17.62s
********************************************************************************************************************
Start the 23 rounds of NGS-ED iteration
	effective electronic model is modified as: kinetic energy t = 0.810395
	                                           effective interaction Vq = [-2.00003,-1.92796,-1.95733,-1.92796,-1.92796,-1.90904,-1.84837,-1.90904,-1.95733,-1.84837,-1.81914,-1.84837,-1.92796,-1.90904,-1.84837,-1.90904]
	PARPACK diagonalization completed after 30 matrix-vector product operations.
	iteration results: : total energy is -61.679500 | electron energy -61.882052 + phonon energy 0.202552 | electron momentum kIdx = 10
The 23-th iteration is completed.	|| time cost : 0h 0m 17.638s
********************************************************************************************************************
Start the 24 rounds of NGS-ED iteration
	effective electronic model is modified as: kinetic energy t = 0.810395
	                                           effective interaction Vq = [-2.00003,-1.92796,-1.95733,-1.92796,-1.92796,-1.90905,-1.84837,-1.90905,-1.95733,-1.84837,-1.81914,-1.84837,-1.92796,-1.90905,-1.84837,-1.90905]
	PARPACK diagonalization completed after 30 matrix-vector product operations.
	iteration results: : total energy is -61.679500 | electron energy -61.882053 + phonon energy 0.202553 | electron momentum kIdx = 10
The 24-th iteration is completed.	|| time cost : 0h 0m 17.61s
********************************************************************************************************************
Start the 25 rounds of NGS-ED iteration
	effective electronic model is modified as: kinetic energy t = 0.810395
	                                           effective interaction Vq = [-2.00003,-1.92796,-1.95733,-1.92796,-1.92796,-1.90905,-1.84837,-1.90905,-1.95733,-1.84837,-1.81914,-1.84837,-1.92796,-1.90905,-1.84837,-1.90905]
	PARPACK diagonalization completed after 30 matrix-vector product operations.
	iteration results: : total energy is -61.679500 | electron energy -61.882053 + phonon energy 0.202553 | electron momentum kIdx = 10
	Nq(0) = 14.0625,	Nq(1) = 0.449221,	Nq(2) = 1.15844,	Nq(3) = 0.449221,	Nq(4) = 0.449221,	Nq(5) = 0.742837,	Nq(6) = 0.776077,	Nq(7) = 0.742837,	Nq(8) = 1.15844,	Nq(9) = 0.776077,	Nq(10) = 0.891035,	Nq(11) = 0.776077,	Nq(12) = 0.449221,	Nq(13) = 0.742837,	Nq(14) = 0.776077,	Nq(15) = 0.742837,	Sq(0) = 0.0625,	Sq(1) = 0.234042,	Sq(2) = 0.285393,	Sq(3) = 0.234042,	Sq(4) = 0.234042,	Sq(5) = 0.308301,	Sq(6) = 0.397667,	Sq(7) = 0.308301,	Sq(8) = 0.285393,	Sq(9) = 0.397667,	Sq(10) = 0.463733,	Sq(11) = 0.397667,	Sq(12) = 0.234042,	Sq(13) = 0.308301,	Sq(14) = 0.397667,	Sq(15) = 0.308301,	N(0) = 1.94142,	N(1) = 1.88972,	N(2) = 0.823186,	N(3) = 1.88972,	N(4) = 1.88972,	N(5) = 0.860752,	N(6) = 0.0899293,	N(7) = 0.860752,	N(8) = 0.823186,	N(9) = 0.0899293,	N(10) = 0.0505827,	N(11) = 0.0899293,	N(12) = 1.88972,	N(13) = 0.860752,	N(14) = 0.0899293,	N(15) = 0.860752
The 25-th iteration is completed.	|| time cost : 0h 0m 46.321s
********************************************************************************************************************
********************************************************************************************************************
Ground state is obtained after 26 iterations. The current ground-state energy is -61.6795, in which electron energy is -61.8821 and phonon energy is 0.202553
final variational state is: 
	Gamma_x = [      1, 1.0568,1.12229, 1.0568, 1.0568,1.10468,1.13153,1.10468,1.12229,1.13153,1.16108,1.13153, 1.0568,1.10468,1.13153,1.10468]
	lambda_q = [ 0.63246,  0.5124,0.540048,  0.5124,  0.5124,0.497565,0.458302,0.497565,0.540048,0.458302,0.442256,0.458302,  0.5124,0.497565,0.458302,0.497565]
********************************************************************************************************************
o___o  ----------------------------------------
| L |	Time since last clock: 0h 0m 0s
A===A	Time since the beginning: 0h 19m 12.095s
***********************************************


Non-Gaussina ED ground state calculation is completed. The final ground-state energy is -61.6795
********************************************************************************************************************
o___o  ----------------------------------------
| L |	Time since last clock: 0h 0m 0.001s
A===A	Time since the beginning: 0h 19m 12.096s
***********************************************



********************************************************************************************************************
All non-Gaussian ED ground state calculations have been completed. Exit now.
TACC:  Shutdown complete. Exiting. 
