SNEDics v3.22.2 Non-Gaussian ED ground state program		Start at Tue Apr 12 03:48:12 2022

Parallelization: 32 MPI threads  * 8 OpenMP threads = 256 total threads.
********************************************************************************************************************
********************************************************************************************************************

********************************************************************************************************************
System parameters and configurations
	special program options are enabled: splitted diagonal Hamiltonian | splitted Hamiltonian terms
********************************************************************************************************************
Read input file "model_params.in"
	Hubbard-Holstein model parameters : 	t = 1    U = 8    g = 0.05    W = 0.2    g' = 0.55    
********************************************************************************************************************
Read input file "hilbertspace_params.in"
	Requested 16-site 2D lattice, with 8 electrons (4, 4)
	Boundary : Periodic		Hilbert space representation : momentum-space (restricted to kIdx = 10)
	Conservation: particle number[U(1)]      spin[U(1)]     momentum
********************************************************************************************************************

Cluster Positions:				Cluster symmetry group : D4
 x ... x ... x ... x .....                       x ... x ... x ... x .....
 |           |           :                       |           |           :
 |           |           :                       |           |           :
12    13    14    15     x                       1     5     6     5     x
 |           |           :                       |           |           :
 |           |           :                       |           |           :
 8 --- 9 ---10 ---11 --- x                       2 --- 6 ---10 --- 6 --- x
 |           |           :                       |           |           :
 |           |           :                       |           |           :
 4     5     6     7     x                       1     5     6     5     x
 |           |           :                       |           |           :
 |           |           :                       |           |           :
 0 --- 1 --- 2 --- 3 --- x                       0 --- 1 --- 2 --- 1 --- x
orbital number : 1
********************************************************************************************************************
Read input file "obs_params.in"
	Observable Type : Nq(All),   Sq(All),   N(All-Orbital),   Delta[s](All),   Delta[d](All),   Delta[s+](All)
** WARNING ** the input observables have non-local factors which have been reinterpreted. The total observable number is 96
********************************************************************************************************************


********************************************************************************************************************
Start calculating the non-Gaussian ED ground state
Maximal iteration number is 1000; energy resolution is 1e-06. Phonon state relaxation time is 2000
W = 0.2 is relatively large. The non-Gaussian ED calculation starts directly.
open output files: NGSED_iteration_observables.txt
********************************************************************************************************************
Start the 0 rounds of NGS-ED iteration
	effective electronic model is modified as: kinetic energy t = 1
	                                           effective interaction Vq = [0,0,0,0,0,0,0,0,0,0,0,0,0,0,0,0]
	first Hamiltonian is constructed, size = 207168 and non-zero numbers = 32194784
	PARPACK diagonalization completed after 225 matrix-vector product operations.
	iteration results: : total energy is -14.228491 | electron energy -14.228491 + phonon energy 0.000000 | electron momentum kIdx = 10
	Nq(0) = 4,	Nq(1) = 0.1929,	Nq(2) = 0.241361,	Nq(3) = 0.1929,	Nq(4) = 0.1929,	Nq(5) = 0.2635,	
	Nq(6) = 0.343209,	Nq(7) = 0.2635,	Nq(8) = 0.241361,	Nq(9) = 0.343209,	Nq(10) = 0.497356,	
	Nq(11) = 0.343209,	Nq(12) = 0.1929,	Nq(13) = 0.2635,	Nq(14) = 0.343209,	Nq(15) = 0.2635;	
	Sq(0) = 1.05048e-18,	Sq(1) = 0.540129,	Sq(2) = 0.425883,	Sq(3) = 0.540129,	Sq(4) = 0.540129,	
	Sq(5) = 0.44091,	Sq(6) = 0.633208,	Sq(7) = 0.44091,	Sq(8) = 0.425883,	Sq(9) = 0.633208,	
	Sq(10) = 0.512733,	Sq(11) = 0.633208,	Sq(12) = 0.540129,	Sq(13) = 0.44091,	Sq(14) = 0.633208,	
	Sq(15) = 0.44091;	N(0) = 1.39632,	N(1) = 1.19393,	N(2) = 0.182033,	N(3) = 1.19393,	
	N(4) = 1.19393,	N(5) = 0.343994,	N(6) = 0.0196952,	N(7) = 0.343994,	N(8) = 0.182033,	
	N(9) = 0.0196952,	N(10) = 0.00914957,	N(11) = 0.0196952,	N(12) = 1.19393,	N(13) = 0.343994,	
	N(14) = 0.0196952,	N(15) = 0.343994;	Delta[s](0) = 0.00698899,	Delta[s](1) = 0.00595411,	Delta[s](2) = 0.00504948,	
	Delta[s](3) = 0.00595411,	Delta[s](4) = 0.00595411,	Delta[s](5) = 0.0055522,	Delta[s](6) = 0.00518145,	Delta[s](7) = 0.0055522,	
	Delta[s](8) = 0.00504948,	Delta[s](9) = 0.00518145,	Delta[s](10) = 0.00541678,	Delta[s](11) = 0.00518145,	Delta[s](12) = 0.00595411,	
	Delta[s](13) = 0.0055522,	Delta[s](14) = 0.00518145,	Delta[s](15) = 0.0055522;	Delta[d](0) = 0.0321942,	Delta[d](1) = 0.0428937,	
	Delta[d](2) = 0.0469475,	Delta[d](3) = 0.0428937,	Delta[d](4) = 0.0428937,	Delta[d](5) = 0.0589811,	Delta[d](6) = 0.0562321,	
	Delta[d](7) = 0.0589811,	Delta[d](8) = 0.0469475,	Delta[d](9) = 0.0562321,	Delta[d](10) = 0.0447932,	Delta[d](11) = 0.0562321,	
	Delta[d](12) = 0.0428937,	Delta[d](13) = 0.0589811,	Delta[d](14) = 0.0562321,	Delta[d](15) = 0.0589811;	Delta[s+](0) = 0.135731,	
	Delta[s+](1) = 0.0977507,	Delta[s+](2) = 0.0469475,	Delta[s+](3) = 0.0977507,	Delta[s+](4) = 0.0977507,	Delta[s+](5) = 0.0681038,	
	Delta[s+](6) = 0.0346419,	Delta[s+](7) = 0.0681038,	Delta[s+](8) = 0.0469475,	Delta[s+](9) = 0.0346419,	Delta[s+](10) = 0.0244375,	
	Delta[s+](11) = 0.0346419,	Delta[s+](12) = 0.0977507,	Delta[s+](13) = 0.0681038,	Delta[s+](14) = 0.0346419,	Delta[s+](15) = 0.0681038
	
The 0-th iteration is completed.	|| time cost : 0h 0m 5.944s
********************************************************************************************************************
Start the 1 rounds of NGS-ED iteration
	effective electronic model is modified as: kinetic energy t = 0.525847
	                                           effective interaction Vq = [   -25.3125,   -5.00147,-0.00214191,   -5.00147,   -5.00147,-0.00231111,   -3.96628,-0.00231111,-0.00214191,   -3.96628,   -22.1205,   -3.96628,   -5.00147,-0.00231111,   -3.96628,-0.00231111]
	PARPACK diagonalization completed after 150 matrix-vector product operations.
	iteration results: : total energy is -189.602919 | electron energy -193.857505 + phonon energy 4.254586 | electron momentum kIdx = 10
The 1-th iteration is completed.	|| time cost : 0h 0m 3.511s
********************************************************************************************************************
Start the 2 rounds of NGS-ED iteration
	effective electronic model is modified as: kinetic energy t = 2.70772e-13
	                                           effective interaction Vq = [-25.3125, -6.6125, -0.0125, -6.6125, -6.6125, -0.0125, -5.5125, -0.0125, -0.0125, -5.5125,-23.1125, -5.5125, -6.6125, -0.0125, -5.5125, -0.0125]
	PARPACK diagonalization completed after 30 matrix-vector product operations.
	iteration results: : total energy is -210.200000 | electron energy -210.200000 + phonon energy 0.000000 | electron momentum kIdx = 10
The 2-th iteration is completed.	|| time cost : 0h 0m 0.356s
********************************************************************************************************************
Start the 3 rounds of NGS-ED iteration
	effective electronic model is modified as: kinetic energy t = 2.70772e-13
	                                           effective interaction Vq = [-25.3125, -6.6125, -0.0125, -6.6125, -6.6125, -0.0125, -5.5125, -0.0125, -0.0125, -5.5125,-23.1125, -5.5125, -6.6125, -0.0125, -5.5125, -0.0125]
	PARPACK diagonalization completed after 30 matrix-vector product operations.
	iteration results: : total energy is -210.200000 | electron energy -210.200000 + phonon energy 0.000000 | electron momentum kIdx = 10
The 3-th iteration is completed.	|| time cost : 0h 0m 0.355s
********************************************************************************************************************
Start the 4 rounds of NGS-ED iteration
	effective electronic model is modified as: kinetic energy t = 2.70772e-13
	                                           effective interaction Vq = [-25.3125, -6.6125, -0.0125, -6.6125, -6.6125, -0.0125, -5.5125, -0.0125, -0.0125, -5.5125,-23.1125, -5.5125, -6.6125, -0.0125, -5.5125, -0.0125]
	PARPACK diagonalization completed after 30 matrix-vector product operations.
	iteration results: : total energy is -210.200000 | electron energy -210.200000 + phonon energy 0.000000 | electron momentum kIdx = 10
The 4-th iteration is completed.	|| time cost : 0h 0m 0.36s
********************************************************************************************************************
Start the 5 rounds of NGS-ED iteration
	effective electronic model is modified as: kinetic energy t = 2.70772e-13
	                                           effective interaction Vq = [-25.3125, -6.6125, -0.0125, -6.6125, -6.6125, -0.0125, -5.5125, -0.0125, -0.0125, -5.5125,-23.1125, -5.5125, -6.6125, -0.0125, -5.5125, -0.0125]
	PARPACK diagonalization completed after 30 matrix-vector product operations.
	iteration results: : total energy is -210.200000 | electron energy -210.200000 + phonon energy 0.000000 | electron momentum kIdx = 10
The 5-th iteration is completed.	|| time cost : 0h 0m 0.357s
********************************************************************************************************************
Start the 6 rounds of NGS-ED iteration
	effective electronic model is modified as: kinetic energy t = 2.70772e-13
	                                           effective interaction Vq = [-25.3125, -6.6125, -0.0125, -6.6125, -6.6125, -0.0125, -5.5125, -0.0125, -0.0125, -5.5125,-23.1125, -5.5125, -6.6125, -0.0125, -5.5125, -0.0125]
	PARPACK diagonalization completed after 30 matrix-vector product operations.
	iteration results: : total energy is -210.200000 | electron energy -210.200000 + phonon energy 0.000000 | electron momentum kIdx = 10
The 6-th iteration is completed.	|| time cost : 0h 0m 0.355s
********************************************************************************************************************
Start the 7 rounds of NGS-ED iteration
	effective electronic model is modified as: kinetic energy t = 2.70772e-13
	                                           effective interaction Vq = [-25.3125, -6.6125, -0.0125, -6.6125, -6.6125, -0.0125, -5.5125, -0.0125, -0.0125, -5.5125,-23.1125, -5.5125, -6.6125, -0.0125, -5.5125, -0.0125]
	PARPACK diagonalization completed after 30 matrix-vector product operations.
	iteration results: : total energy is -210.200000 | electron energy -210.200000 + phonon energy 0.000000 | electron momentum kIdx = 10
The 7-th iteration is completed.	|| time cost : 0h 0m 0.357s
********************************************************************************************************************
Start the 8 rounds of NGS-ED iteration
	effective electronic model is modified as: kinetic energy t = 2.70772e-13
	                                           effective interaction Vq = [-25.3125, -6.6125, -0.0125, -6.6125, -6.6125, -0.0125, -5.5125, -0.0125, -0.0125, -5.5125,-23.1125, -5.5125, -6.6125, -0.0125, -5.5125, -0.0125]
	PARPACK diagonalization completed after 30 matrix-vector product operations.
	iteration results: : total energy is -210.200000 | electron energy -210.200000 + phonon energy 0.000000 | electron momentum kIdx = 10
The 8-th iteration is completed.	|| time cost : 0h 0m 0.353s
********************************************************************************************************************
Start the 9 rounds of NGS-ED iteration
	effective electronic model is modified as: kinetic energy t = 2.70772e-13
	                                           effective interaction Vq = [-25.3125, -6.6125, -0.0125, -6.6125, -6.6125, -0.0125, -5.5125, -0.0125, -0.0125, -5.5125,-23.1125, -5.5125, -6.6125, -0.0125, -5.5125, -0.0125]
	PARPACK diagonalization completed after 30 matrix-vector product operations.
	iteration results: : total energy is -210.200000 | electron energy -210.200000 + phonon energy 0.000000 | electron momentum kIdx = 10
The 9-th iteration is completed.	|| time cost : 0h 0m 0.36s
********************************************************************************************************************
Start the 10 rounds of NGS-ED iteration
	effective electronic model is modified as: kinetic energy t = 2.70772e-13
	                                           effective interaction Vq = [-25.3125, -6.6125, -0.0125, -6.6125, -6.6125, -0.0125, -5.5125, -0.0125, -0.0125, -5.5125,-23.1125, -5.5125, -6.6125, -0.0125, -5.5125, -0.0125]
	PARPACK diagonalization completed after 30 matrix-vector product operations.
	iteration results: : total energy is -210.200000 | electron energy -210.200000 + phonon energy 0.000000 | electron momentum kIdx = 10
The 10-th iteration is completed.	|| time cost : 0h 0m 0.361s
********************************************************************************************************************
Start the 11 rounds of NGS-ED iteration
	effective electronic model is modified as: kinetic energy t = 2.70772e-13
	                                           effective interaction Vq = [-25.3125, -6.6125, -0.0125, -6.6125, -6.6125, -0.0125, -5.5125, -0.0125, -0.0125, -5.5125,-23.1125, -5.5125, -6.6125, -0.0125, -5.5125, -0.0125]
	PARPACK diagonalization completed after 30 matrix-vector product operations.
	iteration results: : total energy is -210.200000 | electron energy -210.200000 + phonon energy 0.000000 | electron momentum kIdx = 10
The 11-th iteration is completed.	|| time cost : 0h 0m 0.349s
********************************************************************************************************************
Start the 12 rounds of NGS-ED iteration
	effective electronic model is modified as: kinetic energy t = 2.70772e-13
	                                           effective interaction Vq = [-25.3125, -6.6125, -0.0125, -6.6125, -6.6125, -0.0125, -5.5125, -0.0125, -0.0125, -5.5125,-23.1125, -5.5125, -6.6125, -0.0125, -5.5125, -0.0125]
	PARPACK diagonalization completed after 30 matrix-vector product operations.
	iteration results: : total energy is -210.200000 | electron energy -210.200000 + phonon energy 0.000000 | electron momentum kIdx = 10
The 12-th iteration is completed.	|| time cost : 0h 0m 0.354s
********************************************************************************************************************
Start the 13 rounds of NGS-ED iteration
	effective electronic model is modified as: kinetic energy t = 2.70772e-13
	                                           effective interaction Vq = [-25.3125, -6.6125, -0.0125, -6.6125, -6.6125, -0.0125, -5.5125, -0.0125, -0.0125, -5.5125,-23.1125, -5.5125, -6.6125, -0.0125, -5.5125, -0.0125]
	PARPACK diagonalization completed after 30 matrix-vector product operations.
	iteration results: : total energy is -210.200000 | electron energy -210.200000 + phonon energy 0.000000 | electron momentum kIdx = 10
The 13-th iteration is completed.	|| time cost : 0h 0m 0.353s
********************************************************************************************************************
Start the 14 rounds of NGS-ED iteration
	effective electronic model is modified as: kinetic energy t = 2.70772e-13
	                                           effective interaction Vq = [-25.3125, -6.6125, -0.0125, -6.6125, -6.6125, -0.0125, -5.5125, -0.0125, -0.0125, -5.5125,-23.1125, -5.5125, -6.6125, -0.0125, -5.5125, -0.0125]
	PARPACK diagonalization completed after 30 matrix-vector product operations.
	iteration results: : total energy is -210.200000 | electron energy -210.200000 + phonon energy 0.000000 | electron momentum kIdx = 10
The 14-th iteration is completed.	|| time cost : 0h 0m 0.357s
********************************************************************************************************************
Start the 15 rounds of NGS-ED iteration
	effective electronic model is modified as: kinetic energy t = 2.70772e-13
	                                           effective interaction Vq = [-25.3125, -6.6125, -0.0125, -6.6125, -6.6125, -0.0125, -5.5125, -0.0125, -0.0125, -5.5125,-23.1125, -5.5125, -6.6125, -0.0125, -5.5125, -0.0125]
	PARPACK diagonalization completed after 30 matrix-vector product operations.
	iteration results: : total energy is -210.200000 | electron energy -210.200000 + phonon energy 0.000000 | electron momentum kIdx = 10
The 15-th iteration is completed.	|| time cost : 0h 0m 0.359s
********************************************************************************************************************
Start the 16 rounds of NGS-ED iteration
	effective electronic model is modified as: kinetic energy t = 2.70772e-13
	                                           effective interaction Vq = [-25.3125, -6.6125, -0.0125, -6.6125, -6.6125, -0.0125, -5.5125, -0.0125, -0.0125, -5.5125,-23.1125, -5.5125, -6.6125, -0.0125, -5.5125, -0.0125]
	PARPACK diagonalization completed after 30 matrix-vector product operations.
	iteration results: : total energy is -210.200000 | electron energy -210.200000 + phonon energy 0.000000 | electron momentum kIdx = 10
The 16-th iteration is completed.	|| time cost : 0h 0m 0.357s
********************************************************************************************************************
Start the 17 rounds of NGS-ED iteration
	effective electronic model is modified as: kinetic energy t = 2.70771e-13
	                                           effective interaction Vq = [-25.3125, -6.6125, -0.0125, -6.6125, -6.6125, -0.0125, -5.5125, -0.0125, -0.0125, -5.5125,-23.1125, -5.5125, -6.6125, -0.0125, -5.5125, -0.0125]
	PARPACK diagonalization completed after 30 matrix-vector product operations.
	iteration results: : total energy is -210.200000 | electron energy -210.200000 + phonon energy 0.000000 | electron momentum kIdx = 10
The 17-th iteration is completed.	|| time cost : 0h 0m 0.352s
********************************************************************************************************************
Start the 18 rounds of NGS-ED iteration
	effective electronic model is modified as: kinetic energy t = 2.70772e-13
	                                           effective interaction Vq = [-25.3125, -6.6125, -0.0125, -6.6125, -6.6125, -0.0125, -5.5125, -0.0125, -0.0125, -5.5125,-23.1125, -5.5125, -6.6125, -0.0125, -5.5125, -0.0125]
	PARPACK diagonalization completed after 30 matrix-vector product operations.
	iteration results: : total energy is -210.200000 | electron energy -210.200000 + phonon energy 0.000000 | electron momentum kIdx = 10
The 18-th iteration is completed.	|| time cost : 0h 0m 0.359s
********************************************************************************************************************
Start the 19 rounds of NGS-ED iteration
	effective electronic model is modified as: kinetic energy t = 2.70772e-13
	                                           effective interaction Vq = [-25.3125, -6.6125, -0.0125, -6.6125, -6.6125, -0.0125, -5.5125, -0.0125, -0.0125, -5.5125,-23.1125, -5.5125, -6.6125, -0.0125, -5.5125, -0.0125]
	PARPACK diagonalization completed after 30 matrix-vector product operations.
	iteration results: : total energy is -210.200000 | electron energy -210.200000 + phonon energy 0.000000 | electron momentum kIdx = 10
The 19-th iteration is completed.	|| time cost : 0h 0m 0.355s
********************************************************************************************************************
Start the 20 rounds of NGS-ED iteration
	effective electronic model is modified as: kinetic energy t = 2.70772e-13
	                                           effective interaction Vq = [-25.3125, -6.6125, -0.0125, -6.6125, -6.6125, -0.0125, -5.5125, -0.0125, -0.0125, -5.5125,-23.1125, -5.5125, -6.6125, -0.0125, -5.5125, -0.0125]
	PARPACK diagonalization completed after 30 matrix-vector product operations.
	iteration results: : total energy is -210.200000 | electron energy -210.200000 + phonon energy 0.000000 | electron momentum kIdx = 10
The 20-th iteration is completed.	|| time cost : 0h 0m 0.354s
********************************************************************************************************************
Start the 21 rounds of NGS-ED iteration
	effective electronic model is modified as: kinetic energy t = 2.70772e-13
	                                           effective interaction Vq = [-25.3125, -6.6125, -0.0125, -6.6125, -6.6125, -0.0125, -5.5125, -0.0125, -0.0125, -5.5125,-23.1125, -5.5125, -6.6125, -0.0125, -5.5125, -0.0125]
	PARPACK diagonalization completed after 30 matrix-vector product operations.
	iteration results: : total energy is -210.200000 | electron energy -210.200000 + phonon energy 0.000000 | electron momentum kIdx = 10
The 21-th iteration is completed.	|| time cost : 0h 0m 0.358s
********************************************************************************************************************
Start the 22 rounds of NGS-ED iteration
	effective electronic model is modified as: kinetic energy t = 2.70772e-13
	                                           effective interaction Vq = [-25.3125, -6.6125, -0.0125, -6.6125, -6.6125, -0.0125, -5.5125, -0.0125, -0.0125, -5.5125,-23.1125, -5.5125, -6.6125, -0.0125, -5.5125, -0.0125]
	PARPACK diagonalization completed after 30 matrix-vector product operations.
	iteration results: : total energy is -210.200000 | electron energy -210.200000 + phonon energy 0.000000 | electron momentum kIdx = 10
The 22-th iteration is completed.	|| time cost : 0h 0m 0.352s
********************************************************************************************************************
Start the 23 rounds of NGS-ED iteration
	effective electronic model is modified as: kinetic energy t = 2.70772e-13
	                                           effective interaction Vq = [-25.3125, -6.6125, -0.0125, -6.6125, -6.6125, -0.0125, -5.5125, -0.0125, -0.0125, -5.5125,-23.1125, -5.5125, -6.6125, -0.0125, -5.5125, -0.0125]
	PARPACK diagonalization completed after 30 matrix-vector product operations.
	iteration results: : total energy is -210.200000 | electron energy -210.200000 + phonon energy 0.000000 | electron momentum kIdx = 10
The 23-th iteration is completed.	|| time cost : 0h 0m 0.358s
********************************************************************************************************************
Start the 24 rounds of NGS-ED iteration
	effective electronic model is modified as: kinetic energy t = 2.70772e-13
	                                           effective interaction Vq = [-25.3125, -6.6125, -0.0125, -6.6125, -6.6125, -0.0125, -5.5125, -0.0125, -0.0125, -5.5125,-23.1125, -5.5125, -6.6125, -0.0125, -5.5125, -0.0125]
	PARPACK diagonalization completed after 30 matrix-vector product operations.
	iteration results: : total energy is -210.200000 | electron energy -210.200000 + phonon energy 0.000000 | electron momentum kIdx = 10
The 24-th iteration is completed.	|| time cost : 0h 0m 0.356s
********************************************************************************************************************
Start the 25 rounds of NGS-ED iteration
	effective electronic model is modified as: kinetic energy t = 2.70772e-13
	                                           effective interaction Vq = [-25.3125, -6.6125, -0.0125, -6.6125, -6.6125, -0.0125, -5.5125, -0.0125, -0.0125, -5.5125,-23.1125, -5.5125, -6.6125, -0.0125, -5.5125, -0.0125]
	PARPACK diagonalization completed after 30 matrix-vector product operations.
	iteration results: : total energy is -210.200000 | electron energy -210.200000 + phonon energy 0.000000 | electron momentum kIdx = 10
The 25-th iteration is completed.	|| time cost : 0h 0m 0.351s
********************************************************************************************************************
Start the 26 rounds of NGS-ED iteration
	effective electronic model is modified as: kinetic energy t = 2.70772e-13
	                                           effective interaction Vq = [-25.3125, -6.6125, -0.0125, -6.6125, -6.6125, -0.0125, -5.5125, -0.0125, -0.0125, -5.5125,-23.1125, -5.5125, -6.6125, -0.0125, -5.5125, -0.0125]
	PARPACK diagonalization completed after 30 matrix-vector product operations.
	iteration results: : total energy is -210.200000 | electron energy -210.200000 + phonon energy 0.000000 | electron momentum kIdx = 10
The 26-th iteration is completed.	|| time cost : 0h 0m 0.357s
********************************************************************************************************************
Start the 27 rounds of NGS-ED iteration
	effective electronic model is modified as: kinetic energy t = 2.70772e-13
	                                           effective interaction Vq = [-25.3125, -6.6125, -0.0125, -6.6125, -6.6125, -0.0125, -5.5125, -0.0125, -0.0125, -5.5125,-23.1125, -5.5125, -6.6125, -0.0125, -5.5125, -0.0125]
	PARPACK diagonalization completed after 30 matrix-vector product operations.
	iteration results: : total energy is -210.200000 | electron energy -210.200000 + phonon energy 0.000000 | electron momentum kIdx = 10
The 27-th iteration is completed.	|| time cost : 0h 0m 0.355s
********************************************************************************************************************
Start the 28 rounds of NGS-ED iteration
	effective electronic model is modified as: kinetic energy t = 2.70772e-13
	                                           effective interaction Vq = [-25.3125, -6.6125, -0.0125, -6.6125, -6.6125, -0.0125, -5.5125, -0.0125, -0.0125, -5.5125,-23.1125, -5.5125, -6.6125, -0.0125, -5.5125, -0.0125]
	PARPACK diagonalization completed after 30 matrix-vector product operations.
	iteration results: : total energy is -210.200000 | electron energy -210.200000 + phonon energy 0.000000 | electron momentum kIdx = 10
The 28-th iteration is completed.	|| time cost : 0h 0m 0.353s
********************************************************************************************************************
Start the 29 rounds of NGS-ED iteration
	effective electronic model is modified as: kinetic energy t = 2.70772e-13
	                                           effective interaction Vq = [-25.3125, -6.6125, -0.0125, -6.6125, -6.6125, -0.0125, -5.5125, -0.0125, -0.0125, -5.5125,-23.1125, -5.5125, -6.6125, -0.0125, -5.5125, -0.0125]
	PARPACK diagonalization completed after 30 matrix-vector product operations.
	iteration results: : total energy is -210.200000 | electron energy -210.200000 + phonon energy 0.000000 | electron momentum kIdx = 10
The 29-th iteration is completed.	|| time cost : 0h 0m 0.359s
********************************************************************************************************************
Start the 30 rounds of NGS-ED iteration
	effective electronic model is modified as: kinetic energy t = 2.70772e-13
	                                           effective interaction Vq = [-25.3125, -6.6125, -0.0125, -6.6125, -6.6125, -0.0125, -5.5125, -0.0125, -0.0125, -5.5125,-23.1125, -5.5125, -6.6125, -0.0125, -5.5125, -0.0125]
	PARPACK diagonalization completed after 30 matrix-vector product operations.
	iteration results: : total energy is -210.200000 | electron energy -210.200000 + phonon energy 0.000000 | electron momentum kIdx = 10
The 30-th iteration is completed.	|| time cost : 0h 0m 0.352s
********************************************************************************************************************
Start the 31 rounds of NGS-ED iteration
	effective electronic model is modified as: kinetic energy t = 2.70772e-13
	                                           effective interaction Vq = [-25.3125, -6.6125, -0.0125, -6.6125, -6.6125, -0.0125, -5.5125, -0.0125, -0.0125, -5.5125,-23.1125, -5.5125, -6.6125, -0.0125, -5.5125, -0.0125]
	PARPACK diagonalization completed after 30 matrix-vector product operations.
	iteration results: : total energy is -210.200000 | electron energy -210.200000 + phonon energy 0.000000 | electron momentum kIdx = 10
The 31-th iteration is completed.	|| time cost : 0h 0m 0.356s
********************************************************************************************************************
Start the 32 rounds of NGS-ED iteration
	effective electronic model is modified as: kinetic energy t = 2.70772e-13
	                                           effective interaction Vq = [-25.3125, -6.6125, -0.0125, -6.6125, -6.6125, -0.0125, -5.5125, -0.0125, -0.0125, -5.5125,-23.1125, -5.5125, -6.6125, -0.0125, -5.5125, -0.0125]
	PARPACK diagonalization completed after 30 matrix-vector product operations.
	iteration results: : total energy is -210.200000 | electron energy -210.200000 + phonon energy 0.000000 | electron momentum kIdx = 10
The 32-th iteration is completed.	|| time cost : 0h 0m 0.359s
********************************************************************************************************************
Start the 33 rounds of NGS-ED iteration
	effective electronic model is modified as: kinetic energy t = 2.70772e-13
	                                           effective interaction Vq = [-25.3125, -6.6125, -0.0125, -6.6125, -6.6125, -0.0125, -5.5125, -0.0125, -0.0125, -5.5125,-23.1125, -5.5125, -6.6125, -0.0125, -5.5125, -0.0125]
	PARPACK diagonalization completed after 30 matrix-vector product operations.
	iteration results: : total energy is -210.200000 | electron energy -210.200000 + phonon energy 0.000000 | electron momentum kIdx = 10
The 33-th iteration is completed.	|| time cost : 0h 0m 0.356s
********************************************************************************************************************
Start the 34 rounds of NGS-ED iteration
	effective electronic model is modified as: kinetic energy t = 2.70772e-13
	                                           effective interaction Vq = [-25.3125, -6.6125, -0.0125, -6.6125, -6.6125, -0.0125, -5.5125, -0.0125, -0.0125, -5.5125,-23.1125, -5.5125, -6.6125, -0.0125, -5.5125, -0.0125]
	PARPACK diagonalization completed after 30 matrix-vector product operations.
	iteration results: : total energy is -210.200000 | electron energy -210.200000 + phonon energy 0.000000 | electron momentum kIdx = 10
The 34-th iteration is completed.	|| time cost : 0h 0m 0.357s
********************************************************************************************************************
Start the 35 rounds of NGS-ED iteration
	effective electronic model is modified as: kinetic energy t = 2.70772e-13
	                                           effective interaction Vq = [-25.3125, -6.6125, -0.0125, -6.6125, -6.6125, -0.0125, -5.5125, -0.0125, -0.0125, -5.5125,-23.1125, -5.5125, -6.6125, -0.0125, -5.5125, -0.0125]
	PARPACK diagonalization completed after 30 matrix-vector product operations.
	iteration results: : total energy is -210.200000 | electron energy -210.200000 + phonon energy 0.000000 | electron momentum kIdx = 10
The 35-th iteration is completed.	|| time cost : 0h 0m 0.363s
********************************************************************************************************************
Start the 36 rounds of NGS-ED iteration
	effective electronic model is modified as: kinetic energy t = 2.70772e-13
	                                           effective interaction Vq = [-25.3125, -6.6125, -0.0125, -6.6125, -6.6125, -0.0125, -5.5125, -0.0125, -0.0125, -5.5125,-23.1125, -5.5125, -6.6125, -0.0125, -5.5125, -0.0125]
	PARPACK diagonalization completed after 30 matrix-vector product operations.
	iteration results: : total energy is -210.200000 | electron energy -210.200000 + phonon energy 0.000000 | electron momentum kIdx = 10
The 36-th iteration is completed.	|| time cost : 0h 0m 0.357s
********************************************************************************************************************
Start the 37 rounds of NGS-ED iteration
	effective electronic model is modified as: kinetic energy t = 2.70772e-13
	                                           effective interaction Vq = [-25.3125, -6.6125, -0.0125, -6.6125, -6.6125, -0.0125, -5.5125, -0.0125, -0.0125, -5.5125,-23.1125, -5.5125, -6.6125, -0.0125, -5.5125, -0.0125]
	PARPACK diagonalization completed after 30 matrix-vector product operations.
	iteration results: : total energy is -210.200000 | electron energy -210.200000 + phonon energy 0.000000 | electron momentum kIdx = 10
The 37-th iteration is completed.	|| time cost : 0h 0m 0.355s
********************************************************************************************************************
Start the 38 rounds of NGS-ED iteration
	effective electronic model is modified as: kinetic energy t = 2.70772e-13
	                                           effective interaction Vq = [-25.3125, -6.6125, -0.0125, -6.6125, -6.6125, -0.0125, -5.5125, -0.0125, -0.0125, -5.5125,-23.1125, -5.5125, -6.6125, -0.0125, -5.5125, -0.0125]
	PARPACK diagonalization completed after 30 matrix-vector product operations.
	iteration results: : total energy is -210.200000 | electron energy -210.200000 + phonon energy 0.000000 | electron momentum kIdx = 10
The 38-th iteration is completed.	|| time cost : 0h 0m 0.359s
********************************************************************************************************************
Start the 39 rounds of NGS-ED iteration
	effective electronic model is modified as: kinetic energy t = 2.70772e-13
	                                           effective interaction Vq = [-25.3125, -6.6125, -0.0125, -6.6125, -6.6125, -0.0125, -5.5125, -0.0125, -0.0125, -5.5125,-23.1125, -5.5125, -6.6125, -0.0125, -5.5125, -0.0125]
	PARPACK diagonalization completed after 30 matrix-vector product operations.
	iteration results: : total energy is -210.200000 | electron energy -210.200000 + phonon energy 0.000000 | electron momentum kIdx = 10
The 39-th iteration is completed.	|| time cost : 0h 0m 0.353s
********************************************************************************************************************
Start the 40 rounds of NGS-ED iteration
	effective electronic model is modified as: kinetic energy t = 2.70772e-13
	                                           effective interaction Vq = [-25.3125, -6.6125, -0.0125, -6.6125, -6.6125, -0.0125, -5.5125, -0.0125, -0.0125, -5.5125,-23.1125, -5.5125, -6.6125, -0.0125, -5.5125, -0.0125]
	PARPACK diagonalization completed after 30 matrix-vector product operations.
	iteration results: : total energy is -210.200000 | electron energy -210.200000 + phonon energy 0.000000 | electron momentum kIdx = 10
The 40-th iteration is completed.	|| time cost : 0h 0m 0.36s
********************************************************************************************************************
Start the 41 rounds of NGS-ED iteration
	effective electronic model is modified as: kinetic energy t = 2.70772e-13
	                                           effective interaction Vq = [-25.3125, -6.6125, -0.0125, -6.6125, -6.6125, -0.0125, -5.5125, -0.0125, -0.0125, -5.5125,-23.1125, -5.5125, -6.6125, -0.0125, -5.5125, -0.0125]
	PARPACK diagonalization completed after 30 matrix-vector product operations.
	iteration results: : total energy is -210.200000 | electron energy -210.200000 + phonon energy 0.000000 | electron momentum kIdx = 10
The 41-th iteration is completed.	|| time cost : 0h 0m 0.351s
********************************************************************************************************************
Start the 42 rounds of NGS-ED iteration
	effective electronic model is modified as: kinetic energy t = 2.70772e-13
	                                           effective interaction Vq = [-25.3125, -6.6125, -0.0125, -6.6125, -6.6125, -0.0125, -5.5125, -0.0125, -0.0125, -5.5125,-23.1125, -5.5125, -6.6125, -0.0125, -5.5125, -0.0125]
	PARPACK diagonalization completed after 30 matrix-vector product operations.
	iteration results: : total energy is -210.200000 | electron energy -210.200000 + phonon energy 0.000000 | electron momentum kIdx = 10
The 42-th iteration is completed.	|| time cost : 0h 0m 0.354s
********************************************************************************************************************
Start the 43 rounds of NGS-ED iteration
	effective electronic model is modified as: kinetic energy t = 2.70772e-13
	                                           effective interaction Vq = [-25.3125, -6.6125, -0.0125, -6.6125, -6.6125, -0.0125, -5.5125, -0.0125, -0.0125, -5.5125,-23.1125, -5.5125, -6.6125, -0.0125, -5.5125, -0.0125]
	PARPACK diagonalization completed after 30 matrix-vector product operations.
	iteration results: : total energy is -210.200000 | electron energy -210.200000 + phonon energy 0.000000 | electron momentum kIdx = 10
The 43-th iteration is completed.	|| time cost : 0h 0m 0.355s
********************************************************************************************************************
Start the 44 rounds of NGS-ED iteration
	effective electronic model is modified as: kinetic energy t = 2.70772e-13
	                                           effective interaction Vq = [-25.3125, -6.6125, -0.0125, -6.6125, -6.6125, -0.0125, -5.5125, -0.0125, -0.0125, -5.5125,-23.1125, -5.5125, -6.6125, -0.0125, -5.5125, -0.0125]
	PARPACK diagonalization completed after 30 matrix-vector product operations.
	iteration results: : total energy is -210.200000 | electron energy -210.200000 + phonon energy 0.000000 | electron momentum kIdx = 10
The 44-th iteration is completed.	|| time cost : 0h 0m 0.356s
********************************************************************************************************************
Start the 45 rounds of NGS-ED iteration
	effective electronic model is modified as: kinetic energy t = 2.70772e-13
	                                           effective interaction Vq = [-25.3125, -6.6125, -0.0125, -6.6125, -6.6125, -0.0125, -5.5125, -0.0125, -0.0125, -5.5125,-23.1125, -5.5125, -6.6125, -0.0125, -5.5125, -0.0125]
	PARPACK diagonalization completed after 30 matrix-vector product operations.
	iteration results: : total energy is -210.200000 | electron energy -210.200000 + phonon energy 0.000000 | electron momentum kIdx = 10
	Nq(0) = 4,	Nq(1) = 1.00004,	Nq(2) = 2.06365e-20,	Nq(3) = 1.00004,	Nq(4) = 0.999961,	Nq(5) = 3.42211e-20,	
	Nq(6) = 0.999961,	Nq(7) = 1.45255e-20,	Nq(8) = 1.77657e-20,	Nq(9) = 1.00004,	Nq(10) = 4,	
	Nq(11) = 1.00004,	Nq(12) = 0.999961,	Nq(13) = 4.58644e-20,	Nq(14) = 0.999961,	Nq(15) = 4.05027e-21;	
	Sq(0) = -1.04813e-19,	Sq(1) = -2.57571e-20,	Sq(2) = -1.36247e-20,	Sq(3) = -4.77144e-20,	Sq(4) = 1.22185e-19,	
	Sq(5) = -4.73787e-20,	Sq(6) = 1.84001e-19,	Sq(7) = -3.71443e-20,	Sq(8) = -2.06141e-21,	Sq(9) = 5.06474e-20,	
	Sq(10) = -5.00179e-19,	Sq(11) = -4.45075e-20,	Sq(12) = -2.17286e-20,	Sq(13) = 5.40571e-21,	Sq(14) = 8.05793e-20,	
	Sq(15) = 3.02569e-21;	N(0) = 0.5,	N(1) = 0.5,	N(2) = 0.5,	N(3) = 0.5,	
	N(4) = 0.5,	N(5) = 0.5,	N(6) = 0.5,	N(7) = 0.5,	N(8) = 0.5,	
	N(9) = 0.5,	N(10) = 0.5,	N(11) = 0.5,	N(12) = 0.5,	N(13) = 0.5,	
	N(14) = 0.5,	N(15) = 0.5;	Delta[s](0) = 0.25,	Delta[s](1) = 0.25,	Delta[s](2) = 0.25,	
	Delta[s](3) = 0.25,	Delta[s](4) = 0.25,	Delta[s](5) = 0.25,	Delta[s](6) = 0.25,	Delta[s](7) = 0.25,	
	Delta[s](8) = 0.25,	Delta[s](9) = 0.25,	Delta[s](10) = 0.25,	Delta[s](11) = 0.25,	Delta[s](12) = 0.25,	
	Delta[s](13) = 0.25,	Delta[s](14) = 0.25,	Delta[s](15) = 0.25;	Delta[d](0) = -2.98088e-19,	Delta[d](1) = 3.62916e-20,	
