SNEDics v3.22.2 Non-Gaussian ED ground state program		Start at Sat Jun 18 04:47:15 2022

Parallelization: 32 MPI threads  * 8 OpenMP threads = 256 total threads.
********************************************************************************************************************
********************************************************************************************************************

********************************************************************************************************************
System parameters and configurations
	special program options are enabled: splitted diagonal Hamiltonian | splitted Hamiltonian terms
********************************************************************************************************************
Read input file "model_params.in"
	Hubbard-Holstein model parameters : 	t = 1    t' = -0.3    U = 8    g = 0.85    W = 0.2    g' = 0.05    
********************************************************************************************************************
Read input file "hilbertspace_params.in"
	Requested 16-site 2D lattice, with 12 electrons (6, 6)
	Boundary : Periodic		Hilbert space representation : momentum-space (restricted to kIdx = 10)
	Conservation: particle number[U(1)]      spin[U(1)]     momentum
********************************************************************************************************************

Cluster Positions:				Cluster symmetry group : D4
 x ... x ... x ... x .....                       x ... x ... x ... x .....
 |           |           :                       |           |           :
 |           |           :                       |           |           :
12    13    14    15     x                       1     5     6     5     x
 |           |           :                       |           |           :
 |           |           :                       |           |           :
 8 --- 9 ---10 ---11 --- x                       2 --- 6 ---10 --- 6 --- x
 |           |           :                       |           |           :
 |           |           :                       |           |           :
 4     5     6     7     x                       1     5     6     5     x
 |           |           :                       |           |           :
 |           |           :                       |           |           :
 0 --- 1 --- 2 --- 3 --- x                       0 --- 1 --- 2 --- 1 --- x
orbital number : 1
********************************************************************************************************************
Read input file "obs_params.in"
	Observable Type : Nq(All),   Sq(All),   N(All-Orbital),   Delta[s](All),   Delta[d](All),   Delta[s+](All)
** WARNING ** the input observables have non-local factors which have been reinterpreted. The total observable number is 96
********************************************************************************************************************


********************************************************************************************************************
Start calculating the non-Gaussian ED ground state
Maximal iteration number is 1000; energy resolution is 1e-06. Phonon state relaxation time is 2000
W = 0.2 is relatively large. The non-Gaussian ED calculation starts directly.
open output files: NGSED_iteration_observables.txt
********************************************************************************************************************
Start the 0 rounds of NGS-ED iteration
	effective electronic model is modified as: kinetic energy t = 1, t' = -0.3
	                                           effective interaction Vq = [0,0,0,0,0,0,0,0,0,0,0,0,0,0,0,0]
	first Hamiltonian is constructed, size = 4008592 and non-zero numbers = 969952276
	PARPACK diagonalization completed after 120 matrix-vector product operations.
	iteration results: : total energy is -14.904199 | electron energy -14.904199 + phonon energy 0.000000 | electron momentum kIdx = 10
	Nq(0) = 9,	Nq(1) = 0.183693,	Nq(2) = 0.250775,	Nq(3) = 0.183693,	Nq(4) = 0.183693,	Nq(5) = 0.258947,	
	Nq(6) = 0.308855,	Nq(7) = 0.258947,	Nq(8) = 0.250775,	Nq(9) = 0.308855,	Nq(10) = 0.355902,	
	Nq(11) = 0.308855,	Nq(12) = 0.183693,	Nq(13) = 0.258947,	Nq(14) = 0.308855,	Nq(15) = 0.258947;	
	Sq(0) = 3.45099e-18,	Sq(1) = 0.504384,	Sq(2) = 0.469115,	Sq(3) = 0.504384,	Sq(4) = 0.504384,	
	Sq(5) = 0.735911,	Sq(6) = 0.943053,	Sq(7) = 0.735911,	Sq(8) = 0.469115,	Sq(9) = 0.943053,	
	Sq(10) = 1.46495,	Sq(11) = 0.943053,	Sq(12) = 0.504384,	Sq(13) = 0.735911,	Sq(14) = 0.943053,	
	Sq(15) = 0.735911;	N(0) = 1.70338,	N(1) = 1.58882,	N(2) = 1.04187,	N(3) = 1.58882,	
	N(4) = 1.58882,	N(5) = 0.289608,	N(6) = 0.157281,	N(7) = 0.289608,	N(8) = 1.04187,	
	N(9) = 0.157281,	N(10) = 0.0700575,	N(11) = 0.157281,	N(12) = 1.58882,	N(13) = 0.289608,	
	N(14) = 0.157281,	N(15) = 0.289608;	Delta[s](0) = 0.0537067,	Delta[s](1) = 0.038679,	Delta[s](2) = 0.0310389,	
	Delta[s](3) = 0.038679,	Delta[s](4) = 0.038679,	Delta[s](5) = 0.023588,	Delta[s](6) = 0.0151249,	Delta[s](7) = 0.023588,	
	Delta[s](8) = 0.0310389,	Delta[s](9) = 0.0151249,	Delta[s](10) = 0.00636467,	Delta[s](11) = 0.0151249,	Delta[s](12) = 0.038679,	
	Delta[s](13) = 0.023588,	Delta[s](14) = 0.0151249,	Delta[s](15) = 0.023588;	Delta[d](0) = 0.264755,	Delta[d](1) = 0.215228,	
	Delta[d](2) = 0.254877,	Delta[d](3) = 0.215228,	Delta[d](4) = 0.215228,	Delta[d](5) = 0.150982,	Delta[d](6) = 0.19727,	
	Delta[d](7) = 0.150982,	Delta[d](8) = 0.254877,	Delta[d](9) = 0.19727,	Delta[d](10) = 0.310768,	Delta[d](11) = 0.19727,	
	Delta[d](12) = 0.215228,	Delta[d](13) = 0.150982,	Delta[d](14) = 0.19727,	Delta[d](15) = 0.150982;	Delta[s+](0) = 0.480006,	
	Delta[s+](1) = 0.336936,	Delta[s+](2) = 0.254877,	Delta[s+](3) = 0.336936,	Delta[s+](4) = 0.336936,	Delta[s+](5) = 0.159217,	
	Delta[s+](6) = 0.0777074,	Delta[s+](7) = 0.159217,	Delta[s+](8) = 0.254877,	Delta[s+](9) = 0.0777074,	Delta[s+](10) = 0.0291114,	
	Delta[s+](11) = 0.0777074,	Delta[s+](12) = 0.336936,	Delta[s+](13) = 0.159217,	Delta[s+](14) = 0.0777074,	Delta[s+](15) = 0.159217
	
The 0-th iteration is completed.	|| time cost : 0h 2m 1.644s
********************************************************************************************************************
Start the 1 rounds of NGS-ED iteration
	effective electronic model is modified as: kinetic energy t = 0.942332, t' = -0.27598
	                                           effective interaction Vq = [  -5.5125, -1.15103,-0.534937, -1.15103, -1.15103,-0.601471, -0.30998,-0.601471,-0.534937, -0.30998,-0.180994, -0.30998, -1.15103,-0.601471, -0.30998,-0.601471]
	PARPACK diagonalization completed after 60 matrix-vector product operations.
	iteration results: : total energy is -65.344357 | electron energy -65.686469 + phonon energy 0.342112 | electron momentum kIdx = 10
The 1-th iteration is completed.	|| time cost : 0h 1m 20.031s
********************************************************************************************************************
Start the 2 rounds of NGS-ED iteration
	effective electronic model is modified as: kinetic energy t = 0.930516, t' = -0.269515
	                                           effective interaction Vq = [  -5.5125,  -1.5943,-0.533488,  -1.5943,  -1.5943,-0.663079,-0.304559,-0.663079,-0.533488,-0.304559,-0.174699,-0.304559,  -1.5943,-0.663079,-0.304559,-0.663079]
	PARPACK diagonalization completed after 45 matrix-vector product operations.
	iteration results: : total energy is -65.376506 | electron energy -65.898663 + phonon energy 0.522157 | electron momentum kIdx = 10
The 2-th iteration is completed.	|| time cost : 0h 0m 11.494s
********************************************************************************************************************
Start the 3 rounds of NGS-ED iteration
	effective electronic model is modified as: kinetic energy t = 0.923142, t' = -0.265259
	                                           effective interaction Vq = [  -5.5125, -1.90405,-0.516962, -1.90405, -1.90405,-0.670531,-0.300658,-0.670531,-0.516962,-0.300658,-0.172992,-0.300658, -1.90405,-0.670531,-0.300658,-0.670531]
	PARPACK diagonalization completed after 45 matrix-vector product operations.
	iteration results: : total energy is -65.393312 | electron energy -66.035189 + phonon energy 0.641876 | electron momentum kIdx = 10
The 3-th iteration is completed.	|| time cost : 0h 0m 11.486s
********************************************************************************************************************
Start the 4 rounds of NGS-ED iteration
	effective electronic model is modified as: kinetic energy t = 0.917097, t' = -0.261749
	                                           effective interaction Vq = [  -5.5125, -2.15259, -0.50542, -2.15259, -2.15259,-0.668731,-0.298634,-0.668731, -0.50542,-0.298634,-0.172147,-0.298634, -2.15259,-0.668731,-0.298634,-0.668731]
	PARPACK diagonalization completed after 45 matrix-vector product operations.
	iteration results: : total energy is -65.405458 | electron energy -66.148426 + phonon energy 0.742969 | electron momentum kIdx = 10
The 4-th iteration is completed.	|| time cost : 0h 0m 11.489s
********************************************************************************************************************
Start the 5 rounds of NGS-ED iteration
	effective electronic model is modified as: kinetic energy t = 0.91172, t' = -0.258642
	                                           effective interaction Vq = [  -5.5125, -2.36355,-0.497114, -2.36355, -2.36355,-0.665892,-0.297109,-0.665892,-0.497114,-0.297109,-0.171468,-0.297109, -2.36355,-0.665892,-0.297109,-0.665892]
	PARPACK diagonalization completed after 45 matrix-vector product operations.
	iteration results: : total energy is -65.415329 | electron energy -66.249277 + phonon energy 0.833948 | electron momentum kIdx = 10
The 5-th iteration is completed.	|| time cost : 0h 0m 11.488s
********************************************************************************************************************
Start the 6 rounds of NGS-ED iteration
	effective electronic model is modified as: kinetic energy t = 0.906779, t' = -0.255807
	                                           effective interaction Vq = [  -5.5125, -2.54786,-0.490598, -2.54786, -2.54786,-0.663547,-0.295746,-0.663547,-0.490598,-0.295746,-0.170838,-0.295746, -2.54786,-0.663547,-0.295746,-0.663547]
	PARPACK diagonalization completed after 45 matrix-vector product operations.
	iteration results: : total energy is -65.423839 | electron energy -66.341697 + phonon energy 0.917858 | electron momentum kIdx = 10
The 6-th iteration is completed.	|| time cost : 0h 0m 11.49s
********************************************************************************************************************
Start the 7 rounds of NGS-ED iteration
	effective electronic model is modified as: kinetic energy t = 0.902165, t' = -0.253181
	                                           effective interaction Vq = [  -5.5125, -2.71161,-0.485219, -2.71161, -2.71161,-0.661858, -0.29446,-0.661858,-0.485219, -0.29446,-0.170236, -0.29446, -2.71161,-0.661858, -0.29446,-0.661858]
	PARPACK diagonalization completed after 45 matrix-vector product operations.
	iteration results: : total energy is -65.431425 | electron energy -66.427596 + phonon energy 0.996171 | electron momentum kIdx = 10
The 7-th iteration is completed.	|| time cost : 0h 0m 11.515s
********************************************************************************************************************
Start the 8 rounds of NGS-ED iteration
	effective electronic model is modified as: kinetic energy t = 0.897816, t' = -0.250722
	                                           effective interaction Vq = [  -5.5125,  -2.8586,-0.480669,  -2.8586,  -2.8586,-0.660742,-0.293229,-0.660742,-0.480669,-0.293229,-0.169657,-0.293229,  -2.8586,-0.660742,-0.293229,-0.660742]
	PARPACK diagonalization completed after 45 matrix-vector product operations.
	iteration results: : total energy is -65.438326 | electron energy -66.508081 + phonon energy 1.069755 | electron momentum kIdx = 10
The 8-th iteration is completed.	|| time cost : 0h 0m 11.496s
********************************************************************************************************************
Start the 9 rounds of NGS-ED iteration
	effective electronic model is modified as: kinetic energy t = 0.893691, t' = -0.248406
	                                           effective interaction Vq = [  -5.5125, -2.99148,-0.476782, -2.99148, -2.99148, -0.66009,-0.292048, -0.66009,-0.476782,-0.292048,-0.169106,-0.292048, -2.99148, -0.66009,-0.292048, -0.66009]
	PARPACK diagonalization completed after 45 matrix-vector product operations.
	iteration results: : total energy is -65.444692 | electron energy -66.583894 + phonon energy 1.139202 | electron momentum kIdx = 10
The 9-th iteration is completed.	|| time cost : 0h 0m 11.493s
********************************************************************************************************************
Start the 10 rounds of NGS-ED iteration
	effective electronic model is modified as: kinetic energy t = 0.889762, t' = -0.246213
	                                           effective interaction Vq = [  -5.5125, -3.11224, -0.47345, -3.11224, -3.11224,-0.659808,-0.290919,-0.659808, -0.47345,-0.290919,-0.168588,-0.290919, -3.11224,-0.659808,-0.290919,-0.659808]
	PARPACK diagonalization completed after 45 matrix-vector product operations.
	iteration results: : total energy is -65.450623 | electron energy -66.655584 + phonon energy 1.204961 | electron momentum kIdx = 10
The 10-th iteration is completed.	|| time cost : 0h 0m 11.495s
********************************************************************************************************************
Start the 11 rounds of NGS-ED iteration
	effective electronic model is modified as: kinetic energy t = 0.886004, t' = -0.244129
	                                           effective interaction Vq = [  -5.5125, -3.22244,  -0.4706, -3.22244, -3.22244,-0.659814,-0.289845,-0.659814,  -0.4706,-0.289845, -0.16811,-0.289845, -3.22244,-0.659814,-0.289845,-0.659814]
	PARPACK diagonalization completed after 45 matrix-vector product operations.
	iteration results: : total energy is -65.456194 | electron energy -66.723590 + phonon energy 1.267396 | electron momentum kIdx = 10
The 11-th iteration is completed.	|| time cost : 0h 0m 11.471s
********************************************************************************************************************
Start the 12 rounds of NGS-ED iteration
	effective electronic model is modified as: kinetic energy t = 0.8824, t' = -0.242141
	                                           effective interaction Vq = [  -5.5125, -3.32336,-0.468177, -3.32336, -3.32336,-0.660033, -0.28883,-0.660033,-0.468177, -0.28883,-0.167678, -0.28883, -3.32336,-0.660033, -0.28883,-0.660033]
	PARPACK diagonalization completed after 45 matrix-vector product operations.
	iteration results: : total energy is -65.461463 | electron energy -66.788277 + phonon energy 1.326814 | electron momentum kIdx = 10
The 12-th iteration is completed.	|| time cost : 0h 0m 11.47s
********************************************************************************************************************
Start the 13 rounds of NGS-ED iteration
	effective electronic model is modified as: kinetic energy t = 0.878932, t' = -0.240239
	                                           effective interaction Vq = [  -5.5125, -3.41607,-0.466141, -3.41607, -3.41607,-0.660391,-0.287877,-0.660391,-0.466141,-0.287877,-0.167297,-0.287877, -3.41607,-0.660391,-0.287877,-0.660391]
	PARPACK diagonalization completed after 45 matrix-vector product operations.
	iteration results: : total energy is -65.466478 | electron energy -66.849956 + phonon energy 1.383478 | electron momentum kIdx = 10
The 13-th iteration is completed.	|| time cost : 0h 0m 11.495s
********************************************************************************************************************
Start the 14 rounds of NGS-ED iteration
	effective electronic model is modified as: kinetic energy t = 0.875589, t' = -0.238413
	                                           effective interaction Vq = [  -5.5125, -3.50147,-0.464457, -3.50147, -3.50147,-0.660821,-0.286988,-0.660821,-0.464457,-0.286988,-0.166974,-0.286988, -3.50147,-0.660821,-0.286988,-0.660821]
	PARPACK diagonalization completed after 45 matrix-vector product operations.
	iteration results: : total energy is -65.471276 | electron energy -66.908883 + phonon energy 1.437606 | electron momentum kIdx = 10
The 14-th iteration is completed.	|| time cost : 0h 0m 11.481s
********************************************************************************************************************
Start the 15 rounds of NGS-ED iteration
	effective electronic model is modified as: kinetic energy t = 0.872359, t' = -0.236658
	                                           effective interaction Vq = [  -5.5125, -3.58029,-0.463102, -3.58029, -3.58029,-0.661253,-0.286164,-0.661253,-0.463102,-0.286164,-0.166711,-0.286164, -3.58029,-0.661253,-0.286164,-0.661253]
	PARPACK diagonalization completed after 45 matrix-vector product operations.
	iteration results: : total energy is -65.475888 | electron energy -66.965255 + phonon energy 1.489367 | electron momentum kIdx = 10
The 15-th iteration is completed.	|| time cost : 0h 0m 11.497s
********************************************************************************************************************
Start the 16 rounds of NGS-ED iteration
	effective electronic model is modified as: kinetic energy t = 0.869234, t' = -0.234968
	                                           effective interaction Vq = [  -5.5125, -3.65314,-0.462056, -3.65314, -3.65314,-0.661618,-0.285406,-0.661618,-0.462056,-0.285406,-0.166515,-0.285406, -3.65314,-0.661618,-0.285406,-0.661618]
	PARPACK diagonalization completed after 45 matrix-vector product operations.
	iteration results: : total energy is -65.480331 | electron energy -67.019208 + phonon energy 1.538877 | electron momentum kIdx = 10
The 16-th iteration is completed.	|| time cost : 0h 0m 11.519s
********************************************************************************************************************
Start the 17 rounds of NGS-ED iteration
	effective electronic model is modified as: kinetic energy t = 0.866209, t' = -0.233338
	                                           effective interaction Vq = [  -5.5125, -3.72051,-0.461304, -3.72051, -3.72051,-0.661851,-0.284712,-0.661851,-0.461304,-0.284712,-0.166388,-0.284712, -3.72051,-0.661851,-0.284712,-0.661851]
	PARPACK diagonalization completed after 45 matrix-vector product operations.
	iteration results: : total energy is -65.484616 | electron energy -67.070807 + phonon energy 1.586192 | electron momentum kIdx = 10
The 17-th iteration is completed.	|| time cost : 0h 0m 11.487s
********************************************************************************************************************
Start the 18 rounds of NGS-ED iteration
	effective electronic model is modified as: kinetic energy t = 0.863285, t' = -0.231768
	                                           effective interaction Vq = [  -5.5125, -3.78273,-0.460834, -3.78273, -3.78273,-0.661885,-0.284082,-0.661885,-0.460834,-0.284082,-0.166335,-0.284082, -3.78273,-0.661885,-0.284082,-0.661885]
	PARPACK diagonalization completed after 45 matrix-vector product operations.
	iteration results: : total energy is -65.488738 | electron energy -67.120038 + phonon energy 1.631300 | electron momentum kIdx = 10
The 18-th iteration is completed.	|| time cost : 0h 0m 11.483s
********************************************************************************************************************
Start the 19 rounds of NGS-ED iteration
	effective electronic model is modified as: kinetic energy t = 0.860465, t' = -0.230258
	                                           effective interaction Vq = [  -5.5125, -3.84005,-0.460637, -3.84005, -3.84005,-0.661661,-0.283513,-0.661661,-0.460637,-0.283513,-0.166356,-0.283513, -3.84005,-0.661661,-0.283513,-0.661661]
	PARPACK diagonalization completed after 45 matrix-vector product operations.
	iteration results: : total energy is -65.492681 | electron energy -67.166804 + phonon energy 1.674124 | electron momentum kIdx = 10
The 19-th iteration is completed.	|| time cost : 0h 0m 11.496s
********************************************************************************************************************
Start the 20 rounds of NGS-ED iteration
	effective electronic model is modified as: kinetic energy t = 0.857756, t' = -0.228812
	                                           effective interaction Vq = [  -5.5125, -3.89265,-0.460702, -3.89265, -3.89265,-0.661128,-0.283005,-0.661128,-0.460702,-0.283005,-0.166451,-0.283005, -3.89265,-0.661128,-0.283005,-0.661128]
	PARPACK diagonalization completed after 45 matrix-vector product operations.
	iteration results: : total energy is -65.496414 | electron energy -67.210934 + phonon energy 1.714519 | electron momentum kIdx = 10
The 20-th iteration is completed.	|| time cost : 0h 0m 11.473s
********************************************************************************************************************
Start the 21 rounds of NGS-ED iteration
	effective electronic model is modified as: kinetic energy t = 0.855171, t' = -0.227434
	                                           effective interaction Vq = [  -5.5125, -3.94059,-0.461014, -3.94059, -3.94059,-0.660251,-0.282553,-0.660251,-0.461014,-0.282553,-0.166619,-0.282553, -3.94059,-0.660251,-0.282553,-0.660251]
	PARPACK diagonalization completed after 45 matrix-vector product operations.
	iteration results: : total energy is -65.499897 | electron energy -67.252188 + phonon energy 1.752291 | electron momentum kIdx = 10
The 21-th iteration is completed.	|| time cost : 0h 0m 11.49s
********************************************************************************************************************
Start the 22 rounds of NGS-ED iteration
	effective electronic model is modified as: kinetic energy t = 0.852726, t' = -0.226134
	                                           effective interaction Vq = [  -5.5125, -3.98392,-0.461553, -3.98392, -3.98392,-0.659017,-0.282154,-0.659017,-0.461553,-0.282154,-0.166853,-0.282154, -3.98392,-0.659017,-0.282154,-0.659017]
	PARPACK diagonalization completed after 45 matrix-vector product operations.
	iteration results: : total energy is -65.503080 | electron energy -67.290292 + phonon energy 1.787212 | electron momentum kIdx = 10
The 22-th iteration is completed.	|| time cost : 0h 0m 11.485s
********************************************************************************************************************
Start the 23 rounds of NGS-ED iteration
	effective electronic model is modified as: kinetic energy t = 0.850439, t' = -0.224919
	                                           effective interaction Vq = [  -5.5125, -4.02267,-0.462292, -4.02267, -4.02267,-0.657444,-0.281804,-0.657444,-0.462292,-0.281804,-0.167144,-0.281804, -4.02267,-0.657444,-0.281804,-0.657444]
	PARPACK diagonalization completed after 45 matrix-vector product operations.
	iteration results: : total energy is -65.505916 | electron energy -67.324973 + phonon energy 1.819057 | electron momentum kIdx = 10
The 23-th iteration is completed.	|| time cost : 0h 0m 11.487s
********************************************************************************************************************
Start the 24 rounds of NGS-ED iteration
	effective electronic model is modified as: kinetic energy t = 0.848329, t' = -0.223798
	                                           effective interaction Vq = [  -5.5125, -4.05692,-0.463194, -4.05692, -4.05692,-0.655576,  -0.2815,-0.655576,-0.463194,  -0.2815,-0.167479,  -0.2815, -4.05692,-0.655576,  -0.2815,-0.655576]
	PARPACK diagonalization completed after 45 matrix-vector product operations.
	iteration results: : total energy is -65.508367 | electron energy -67.356008 + phonon energy 1.847641 | electron momentum kIdx = 10
The 24-th iteration is completed.	|| time cost : 0h 0m 11.487s
********************************************************************************************************************
Start the 25 rounds of NGS-ED iteration
	effective electronic model is modified as: kinetic energy t = 0.846411, t' = -0.22278
	                                           effective interaction Vq = [  -5.5125, -4.08676,-0.464214, -4.08676, -4.08676, -0.65349,-0.281236, -0.65349,-0.464214,-0.281236,-0.167841,-0.281236, -4.08676, -0.65349,-0.281236, -0.65349]
	PARPACK diagonalization completed after 45 matrix-vector product operations.
	iteration results: : total energy is -65.510413 | electron energy -67.383269 + phonon energy 1.872856 | electron momentum kIdx = 10
The 25-th iteration is completed.	|| time cost : 0h 0m 11.479s
********************************************************************************************************************
Start the 26 rounds of NGS-ED iteration
	effective electronic model is modified as: kinetic energy t = 0.844697, t' = -0.22187
	                                           effective interaction Vq = [  -5.5125, -4.11238,-0.465301, -4.11238, -4.11238,-0.651281, -0.28101,-0.651281,-0.465301, -0.28101,-0.168215, -0.28101, -4.11238,-0.651281, -0.28101,-0.651281]
	PARPACK diagonalization completed after 45 matrix-vector product operations.
	iteration results: : total energy is -65.512058 | electron energy -67.406758 + phonon energy 1.894700 | electron momentum kIdx = 10
The 26-th iteration is completed.	|| time cost : 0h 0m 11.487s
********************************************************************************************************************
Start the 27 rounds of NGS-ED iteration
	effective electronic model is modified as: kinetic energy t = 0.843192, t' = -0.221072
	                                           effective interaction Vq = [  -5.5125, -4.13408,-0.466403, -4.13408, -4.13408,-0.649051,-0.280816,-0.649051,-0.466403,-0.280816,-0.168582,-0.280816, -4.13408,-0.649051,-0.280816,-0.649051]
	PARPACK diagonalization completed after 45 matrix-vector product operations.
	iteration results: : total energy is -65.513331 | electron energy -67.426615 + phonon energy 1.913284 | electron momentum kIdx = 10
The 27-th iteration is completed.	|| time cost : 0h 0m 11.485s
********************************************************************************************************************
Start the 28 rounds of NGS-ED iteration
	effective electronic model is modified as: kinetic energy t = 0.841893, t' = -0.220382
	                                           effective interaction Vq = [  -5.5125, -4.15217,-0.467474, -4.15217, -4.15217,-0.646896,-0.280652,-0.646896,-0.467474,-0.280652,-0.168929,-0.280652, -4.15217,-0.646896,-0.280652,-0.646896]
	PARPACK diagonalization completed after 45 matrix-vector product operations.
	iteration results: : total energy is -65.514280 | electron energy -67.443103 + phonon energy 1.928824 | electron momentum kIdx = 10
The 28-th iteration is completed.	|| time cost : 0h 0m 11.492s
********************************************************************************************************************
Start the 29 rounds of NGS-ED iteration
	effective electronic model is modified as: kinetic energy t = 0.840792, t' = -0.219798
	                                           effective interaction Vq = [  -5.5125, -4.16706,-0.468475, -4.16706, -4.16706,-0.644892,-0.280514,-0.644892,-0.468475,-0.280514,-0.169246,-0.280514, -4.16706,-0.644892,-0.280514,-0.644892]
	PARPACK diagonalization completed after 45 matrix-vector product operations.
	iteration results: : total energy is -65.514961 | electron energy -67.456577 + phonon energy 1.941616 | electron momentum kIdx = 10
The 29-th iteration is completed.	|| time cost : 0h 0m 11.476s
********************************************************************************************************************
Start the 30 rounds of NGS-ED iteration
	effective electronic model is modified as: kinetic energy t = 0.839873, t' = -0.21931
	                                           effective interaction Vq = [  -5.5125, -4.17918,-0.469379, -4.17918, -4.17918,-0.643091,-0.280399,-0.643091,-0.469379,-0.280399,-0.169526,-0.280399, -4.17918,-0.643091,-0.280399,-0.643091]
	PARPACK diagonalization completed after 45 matrix-vector product operations.
	iteration results: : total energy is -65.515434 | electron energy -67.467437 + phonon energy 1.952003 | electron momentum kIdx = 10
The 30-th iteration is completed.	|| time cost : 0h 0m 11.465s
********************************************************************************************************************
Start the 31 rounds of NGS-ED iteration
	effective electronic model is modified as: kinetic energy t = 0.839117, t' = -0.218908
	                                           effective interaction Vq = [  -5.5125, -4.18892,-0.470173, -4.18892, -4.18892, -0.64152,-0.280304, -0.64152,-0.470173,-0.280304,-0.169767,-0.280304, -4.18892, -0.64152,-0.280304, -0.64152]
	PARPACK diagonalization completed after 45 matrix-vector product operations.
	iteration results: : total energy is -65.515754 | electron energy -67.476092 + phonon energy 1.960338 | electron momentum kIdx = 10
The 31-th iteration is completed.	|| time cost : 0h 0m 11.478s
********************************************************************************************************************
Start the 32 rounds of NGS-ED iteration
	effective electronic model is modified as: kinetic energy t = 0.838503, t' = -0.218582
	                                           effective interaction Vq = [  -5.5125, -4.19669,-0.470851, -4.19669, -4.19669,-0.640183,-0.280226,-0.640183,-0.470851,-0.280226,-0.169969,-0.280226, -4.19669,-0.640183,-0.280226,-0.640183]
	PARPACK diagonalization completed after 45 matrix-vector product operations.
	iteration results: : total energy is -65.515964 | electron energy -67.482927 + phonon energy 1.966963 | electron momentum kIdx = 10
The 32-th iteration is completed.	|| time cost : 0h 0m 11.442s
********************************************************************************************************************
Start the 33 rounds of NGS-ED iteration
	effective electronic model is modified as: kinetic energy t = 0.83801, t' = -0.21832
	                                           effective interaction Vq = [  -5.5125, -4.20283, -0.47142, -4.20283, -4.20283,-0.639068,-0.280164,-0.639068, -0.47142,-0.280164,-0.170137,-0.280164, -4.20283,-0.639068,-0.280164,-0.639068]
	PARPACK diagonalization completed after 45 matrix-vector product operations.
	iteration results: : total energy is -65.516099 | electron energy -67.488287 + phonon energy 1.972188 | electron momentum kIdx = 10
The 33-th iteration is completed.	|| time cost : 0h 0m 11.484s
********************************************************************************************************************
Start the 34 rounds of NGS-ED iteration
	effective electronic model is modified as: kinetic energy t = 0.837617, t' = -0.218111
	                                           effective interaction Vq = [  -5.5125, -4.20766,-0.471888, -4.20766, -4.20766,-0.638155,-0.280113,-0.638155,-0.471888,-0.280113,-0.170273,-0.280113, -4.20766,-0.638155,-0.280113,-0.638155]
	PARPACK diagonalization completed after 45 matrix-vector product operations.
	iteration results: : total energy is -65.516184 | electron energy -67.492469 + phonon energy 1.976284 | electron momentum kIdx = 10
The 34-th iteration is completed.	|| time cost : 0h 0m 11.459s
********************************************************************************************************************
Start the 35 rounds of NGS-ED iteration
	effective electronic model is modified as: kinetic energy t = 0.837307, t' = -0.217946
	                                           effective interaction Vq = [  -5.5125, -4.21144,-0.472267, -4.21144, -4.21144,-0.637417,-0.280074,-0.637417,-0.472267,-0.280074,-0.170383,-0.280074, -4.21144,-0.637417,-0.280074,-0.637417]
	PARPACK diagonalization completed after 45 matrix-vector product operations.
	iteration results: : total energy is -65.516238 | electron energy -67.495718 + phonon energy 1.979480 | electron momentum kIdx = 10
The 35-th iteration is completed.	|| time cost : 0h 0m 11.487s
********************************************************************************************************************
Start the 36 rounds of NGS-ED iteration
	effective electronic model is modified as: kinetic energy t = 0.837063, t' = -0.217816
	                                           effective interaction Vq = [  -5.5125, -4.21439,-0.472571, -4.21439, -4.21439,-0.636827,-0.280042,-0.636827,-0.472571,-0.280042, -0.17047,-0.280042, -4.21439,-0.636827,-0.280042,-0.636827]
	PARPACK diagonalization completed after 45 matrix-vector product operations.
	iteration results: : total energy is -65.516270 | electron energy -67.498234 + phonon energy 1.981964 | electron momentum kIdx = 10
The 36-th iteration is completed.	|| time cost : 0h 0m 11.464s
********************************************************************************************************************
Start the 37 rounds of NGS-ED iteration
	effective electronic model is modified as: kinetic energy t = 0.836872, t' = -0.217715
	                                           effective interaction Vq = [  -5.5125, -4.21668,-0.472813, -4.21668, -4.21668,-0.636359,-0.280017,-0.636359,-0.472813,-0.280017,-0.170538,-0.280017, -4.21668,-0.636359,-0.280017,-0.636359]
	PARPACK diagonalization completed after 45 matrix-vector product operations.
	iteration results: : total energy is -65.516290 | electron energy -67.500179 + phonon energy 1.983889 | electron momentum kIdx = 10
The 37-th iteration is completed.	|| time cost : 0h 0m 11.493s
********************************************************************************************************************
Start the 38 rounds of NGS-ED iteration
	effective electronic model is modified as: kinetic energy t = 0.836724, t' = -0.217636
	                                           effective interaction Vq = [  -5.5125, -4.21845,-0.473003, -4.21845, -4.21845,-0.635992,-0.279998,-0.635992,-0.473003,-0.279998,-0.170592,-0.279998, -4.21845,-0.635992,-0.279998,-0.635992]
	PARPACK diagonalization completed after 45 matrix-vector product operations.
	iteration results: : total energy is -65.516302 | electron energy -67.501680 + phonon energy 1.985377 | electron momentum kIdx = 10
The 38-th iteration is completed.	|| time cost : 0h 0m 11.468s
********************************************************************************************************************
Start the 39 rounds of NGS-ED iteration
	effective electronic model is modified as: kinetic energy t = 0.836609, t' = -0.217575
	                                           effective interaction Vq = [  -5.5125, -4.21982,-0.473152, -4.21982, -4.21982,-0.635704,-0.279983,-0.635704,-0.473152,-0.279983,-0.170634,-0.279983, -4.21982,-0.635704,-0.279983,-0.635704]
	PARPACK diagonalization completed after 45 matrix-vector product operations.
	iteration results: : total energy is -65.516310 | electron energy -67.502836 + phonon energy 1.986527 | electron momentum kIdx = 10
The 39-th iteration is completed.	|| time cost : 0h 0m 11.472s
********************************************************************************************************************
Start the 40 rounds of NGS-ED iteration
	effective electronic model is modified as: kinetic energy t = 0.83652, t' = -0.217528
	                                           effective interaction Vq = [  -5.5125, -4.22087,-0.473268, -4.22087, -4.22087, -0.63548,-0.279972, -0.63548,-0.473268,-0.279972,-0.170667,-0.279972, -4.22087, -0.63548,-0.279972, -0.63548]
	PARPACK diagonalization completed after 45 matrix-vector product operations.
	iteration results: : total energy is -65.516314 | electron energy -67.503727 + phonon energy 1.987413 | electron momentum kIdx = 10
The 40-th iteration is completed.	|| time cost : 0h 0m 11.466s
********************************************************************************************************************
Start the 41 rounds of NGS-ED iteration
	effective electronic model is modified as: kinetic energy t = 0.836451, t' = -0.217491
	                                           effective interaction Vq = [  -5.5125, -4.22169,-0.473359, -4.22169, -4.22169,-0.635306,-0.279962,-0.635306,-0.473359,-0.279962,-0.170692,-0.279962, -4.22169,-0.635306,-0.279962,-0.635306]
	PARPACK diagonalization completed after 45 matrix-vector product operations.
	iteration results: : total energy is -65.516317 | electron energy -67.504412 + phonon energy 1.988095 | electron momentum kIdx = 10
The 41-th iteration is completed.	|| time cost : 0h 0m 11.486s
********************************************************************************************************************
Start the 42 rounds of NGS-ED iteration
	effective electronic model is modified as: kinetic energy t = 0.836398, t' = -0.217463
	                                           effective interaction Vq = [  -5.5125, -4.22231,-0.473429, -4.22231, -4.22231,-0.635172,-0.279955,-0.635172,-0.473429,-0.279955,-0.170712,-0.279955, -4.22231,-0.635172,-0.279955,-0.635172]
	PARPACK diagonalization completed after 45 matrix-vector product operations.
	iteration results: : total energy is -65.516318 | electron energy -67.504939 + phonon energy 1.988621 | electron momentum kIdx = 10
The 42-th iteration is completed.	|| time cost : 0h 0m 11.473s
********************************************************************************************************************
Start the 43 rounds of NGS-ED iteration
	effective electronic model is modified as: kinetic energy t = 0.836357, t' = -0.217441
	                                           effective interaction Vq = [  -5.5125,  -4.2228,-0.473483,  -4.2228,  -4.2228,-0.635067, -0.27995,-0.635067,-0.473483, -0.27995,-0.170727, -0.27995,  -4.2228,-0.635067, -0.27995,-0.635067]
	PARPACK diagonalization completed after 45 matrix-vector product operations.
	iteration results: : total energy is -65.516319 | electron energy -67.505344 + phonon energy 1.989025 | electron momentum kIdx = 10
The 43-th iteration is completed.	|| time cost : 0h 0m 11.477s
********************************************************************************************************************
Start the 44 rounds of NGS-ED iteration
	effective electronic model is modified as: kinetic energy t = 0.836326, t' = -0.217424
	                                           effective interaction Vq = [  -5.5125, -4.22317,-0.473525, -4.22317, -4.22317,-0.634987,-0.279946,-0.634987,-0.473525,-0.279946,-0.170739,-0.279946, -4.22317,-0.634987,-0.279946,-0.634987]
	PARPACK diagonalization completed after 45 matrix-vector product operations.
	iteration results: : total energy is -65.516320 | electron energy -67.505655 + phonon energy 1.989336 | electron momentum kIdx = 10
The 44-th iteration is completed.	|| time cost : 0h 0m 11.475s
********************************************************************************************************************
Start the 45 rounds of NGS-ED iteration
	effective electronic model is modified as: kinetic energy t = 0.836301, t' = -0.217411
	                                           effective interaction Vq = [  -5.5125, -4.22345,-0.473557, -4.22345, -4.22345,-0.634925,-0.279943,-0.634925,-0.473557,-0.279943,-0.170748,-0.279943, -4.22345,-0.634925,-0.279943,-0.634925]
	PARPACK diagonalization completed after 30 matrix-vector product operations.
	iteration results: : total energy is -65.516320 | electron energy -67.505895 + phonon energy 1.989575 | electron momentum kIdx = 10
The 45-th iteration is completed.	|| time cost : 0h 0m 9.537s
