SNEDics v3.4 Non-Gaussian ED ground state program		Start at Sat Sep 28 12:38:23 2019

parallized on 16 MPI threads  * 8 OpenMP threads = 128 total threads.
********************************************************************************************************************
********************************************************************************************************************

********************************************************************************************************************
System parameters and configurations
********************************************************************************************************************
Special program options are enabled: splitted diagonal Hamiltonian
********************************************************************************************************************
Read input file "model_params.in"
	Hubbard-Holstein model parameters : 	t = 1    U = 10    g = 3.873    W = 5    
********************************************************************************************************************
Read input file "hilbertspace_params.in"
	Requested 16-site 2D lattice, with 10 electrons (5, 5)
	Boundary : Periodic		Hilbert space representation : momentum-space (restricted to kIdx = 0)
	Conservation: particle number[U(1)]      spin[U(1)]     momentum
********************************************************************************************************************

Cluster Positions:				Cluster symmetry group : D4
 x ... x ... x ... x .....                       x ... x ... x ... x .....
 |           |           :                       |           |           :
 |           |           :                       |           |           :
12    13    14    15     x                       1     5     6     5     x
 |           |           :                       |           |           :
 |           |           :                       |           |           :
 8 --- 9 ---10 ---11 --- x                       2 --- 6 ---10 --- 6 --- x
 |           |           :                       |           |           :
 |           |           :                       |           |           :
 4     5     6     7     x                       1     5     6     5     x
 |           |           :                       |           |           :
 |           |           :                       |           |           :
 0 --- 1 --- 2 --- 3 --- x                       0 --- 1 --- 2 --- 1 --- x
orbital number : 1
********************************************************************************************************************
Read input file "obs_params.in"
	Observable Type : Nq(All),   Sq(All),   N(All),   Delta[s](All),   Delta[d](All),   Delta[s+](All)
********************************************************************************************************************
** WARNING ** the input observables have non-local factors which have been reinterpreted. The total observable number is 96
********************************************************************************************************************


********************************************************************************************************************
Start calculating the non-Gaussian ED ground state
** WARNING ** Detected low phonon energy W < 10. The initial state will be prepared through a warm-up process.
********************************************************************************************************************
Start warm-up calculation for scaling factor 2
open output files: NGSEDWarmUpW10Obs.txt
********************************************************************************************************************
Start the 0 rounds of NGS-ED iteration
	effective electronic model is modified as: kinetic energy t = 1
	                                           effective interaction Vq = [-0,-0,-0,-0,-0,-0,-0,-0,-0,-0,-0,-0,-0,-0,-0,-0]
	first Hamiltonian is constructed, non-zero numbers = 242521378
	PARPACK diagonalization completed after 90 matrix-vector product operations.
	iteration results: : total energy is -16.903560 | electron energy -16.903560 + phonon energy 0.000000 | electron momentum kIdx = 0
	Nq(0) = 6.25,	Nq(1) = 0.204373,	Nq(2) = 0.272385,	Nq(3) = 0.204373,	Nq(4) = 0.204373,	Nq(5) = 0.272385,	Nq(6) = 0.347816,	Nq(7) = 0.272385,	Nq(8) = 0.272385,	Nq(9) = 0.347816,	Nq(10) = 0.424119,	Nq(11) = 0.347816,	Nq(12) = 0.204373,	Nq(13) = 0.272385,	Nq(14) = 0.347816,	Nq(15) = 0.272385,	Sq(0) = 7.16922e-19,	Sq(1) = 0.533446,	Sq(2) = 0.456822,	Sq(3) = 0.533446,	Sq(4) = 0.533446,	Sq(5) = 0.456822,	Sq(6) = 0.9653,	Sq(7) = 0.456822,	Sq(8) = 0.456822,	Sq(9) = 0.9653,	Sq(10) = 0.746901,	Sq(11) = 0.9653,	Sq(12) = 0.533446,	Sq(13) = 0.456822,	Sq(14) = 0.9653,	Sq(15) = 0.456822,	N(0) = 1.78421,	N(1) = 1.66059,	N(2) = 0.197839,	N(3) = 1.66059,	N(4) = 1.66059,	N(5) = 0.197839,	N(6) = 0.0766856,	N(7) = 0.197839,	N(8) = 0.197839,	N(9) = 0.0766856,	N(10) = 0.0796508,	N(11) = 0.0766856,	N(12) = 1.66059,	N(13) = 0.197839,	N(14) = 0.0766856,	N(15) = 0.197839,	Delta[s](0) = 0.0379849,	Delta[s](1) = 0.0244288,	Delta[s](2) = 0.0162899,	Delta[s](3) = 0.0244288,	Delta[s](4) = 0.0244288,	Delta[s](5) = 0.0162899,	Delta[s](6) = 0.00516238,	Delta[s](7) = 0.0162899,	Delta[s](8) = 0.0162899,	Delta[s](9) = 0.00516238,	Delta[s](10) = 0.00450255,	Delta[s](11) = 0.00516238,	Delta[s](12) = 0.0244288,	Delta[s](13) = 0.0162899,	Delta[s](14) = 0.00516238,	Delta[s](15) = 0.0162899,	Delta[d](0) = 0.182949,	Delta[d](1) = 0.0984355,	Delta[d](2) = 0.150807,	Delta[d](3) = 0.0984355,	Delta[d](4) = 0.0984355,	Delta[d](5) = 0.0958531,	Delta[d](6) = 0.0482944,	Delta[d](7) = 0.0958531,	Delta[d](8) = 0.150807,	Delta[d](9) = 0.0482944,	Delta[d](10) = 0.0305979,	Delta[d](11) = 0.0482944,	Delta[d](12) = 0.0984355,	Delta[d](13) = 0.0958531,	Delta[d](14) = 0.0482944,	Delta[d](15) = 0.0958531,	Delta[s+](0) = 0.52958,	Delta[s+](1) = 0.323252,	Delta[s+](2) = 0.150807,	Delta[s+](3) = 0.323252,	Delta[s+](4) = 0.323252,	Delta[s+](5) = 0.150807,	Delta[s+](6) = 0.022291,	Delta[s+](7) = 0.150807,	Delta[s+](8) = 0.150807,	Delta[s+](9) = 0.022291,	Delta[s+](10) = 0.00713244,	Delta[s+](11) = 0.022291,	Delta[s+](12) = 0.323252,	Delta[s+](13) = 0.150807,	Delta[s+](14) = 0.022291,	Delta[s+](15) = 0.150807
The 0-th iteration is completed.	|| time cost : 0h 0m 47.725s
********************************************************************************************************************
Start the 1 rounds of NGS-ED iteration
	effective electronic model is modified as: kinetic energy t = 0.919943
	                                           effective interaction Vq = [-2.59402,-2.43092,-2.35124,-2.43092,-2.43092,-2.35124,-2.31106,-2.35124,-2.35124,-2.31106, -2.2868,-2.31106,-2.43092,-2.35124,-2.31106,-2.35124]
	PARPACK diagonalization completed after 30 matrix-vector product operations.
	iteration results: : total energy is -42.009595 | electron energy -42.014867 + phonon energy 0.005272 | electron momentum kIdx = 0
The 1-th iteration is completed.	|| time cost : 0h 0m 39.475s
********************************************************************************************************************
Start the 2 rounds of NGS-ED iteration
	effective electronic model is modified as: kinetic energy t = 0.877455
	                                           effective interaction Vq = [-2.94508,-2.79044,-2.67906,-2.79044,-2.79044,-2.67906,-2.64445,-2.67906,-2.67906,-2.64445,-2.60363,-2.64445,-2.79044,-2.67906,-2.64445,-2.67906]
	PARPACK diagonalization completed after 30 matrix-vector product operations.
	iteration results: : total energy is -44.882944 | electron energy -44.914704 + phonon energy 0.031760 | electron momentum kIdx = 0
The 2-th iteration is completed.	|| time cost : 0h 0m 2.289s
********************************************************************************************************************
Start the 3 rounds of NGS-ED iteration
	effective electronic model is modified as: kinetic energy t = 0.864398
	                                           effective interaction Vq = [-2.99259,-2.86769,-2.75025,-2.86769,-2.86769,-2.75025, -2.7198,-2.75025,-2.75025, -2.7198,-2.67298, -2.7198,-2.86769,-2.75025, -2.7198,-2.75025]
	PARPACK diagonalization completed after 30 matrix-vector product operations.
	iteration results: : total energy is -45.238808 | electron energy -45.288600 + phonon energy 0.049792 | electron momentum kIdx = 0
The 3-th iteration is completed.	|| time cost : 0h 0m 2.289s
********************************************************************************************************************
Start the 4 rounds of NGS-ED iteration
	effective electronic model is modified as: kinetic energy t = 0.860555
	                                           effective interaction Vq = [-2.99902,-2.88831,-2.76886,-2.88831,-2.88831,-2.76886,-2.73998,-2.76886,-2.76886,-2.73998,-2.69093,-2.73998,-2.88831,-2.76886,-2.73998,-2.76886]
	PARPACK diagonalization completed after 30 matrix-vector product operations.
	iteration results: : total energy is -45.284191 | electron energy -45.340793 + phonon energy 0.056602 | electron momentum kIdx = 0
The 4-th iteration is completed.	|| time cost : 0h 0m 2.33s
********************************************************************************************************************
Start the 5 rounds of NGS-ED iteration
	effective electronic model is modified as: kinetic energy t = 0.859429
	                                           effective interaction Vq = [-2.99989,-2.89439,-2.77404,-2.89439,-2.89439,-2.77404,-2.74571,-2.77404,-2.77404,-2.74571,-2.69583,-2.74571,-2.89439,-2.77404,-2.74571,-2.77404]
	PARPACK diagonalization completed after 30 matrix-vector product operations.
	iteration results: : total energy is -45.290090 | electron energy -45.348848 + phonon energy 0.058758 | electron momentum kIdx = 0
The 5-th iteration is completed.	|| time cost : 0h 0m 2.288s
********************************************************************************************************************
Start the 6 rounds of NGS-ED iteration
	effective electronic model is modified as: kinetic energy t = 0.859099
	                                           effective interaction Vq = [-3.00001,-2.89625,-2.77551,-2.89625,-2.89625,-2.77551,-2.74737,-2.77551,-2.77551,-2.74737,-2.69717,-2.74737,-2.89625,-2.77551,-2.74737,-2.77551]
	PARPACK diagonalization completed after 30 matrix-vector product operations.
	iteration results: : total energy is -45.290867 | electron energy -45.350271 + phonon energy 0.059404 | electron momentum kIdx = 0
The 6-th iteration is completed.	|| time cost : 0h 0m 2.289s
********************************************************************************************************************
Start the 7 rounds of NGS-ED iteration
	effective electronic model is modified as: kinetic energy t = 0.859003
	                                           effective interaction Vq = [-3.00002,-2.89683,-2.77593,-2.89683,-2.89683,-2.77593,-2.74785,-2.77593,-2.77593,-2.74785,-2.69754,-2.74785,-2.89683,-2.77593,-2.74785,-2.77593]
	PARPACK diagonalization completed after 30 matrix-vector product operations.
	iteration results: : total energy is -45.290970 | electron energy -45.350564 + phonon energy 0.059593 | electron momentum kIdx = 0
The 7-th iteration is completed.	|| time cost : 0h 0m 2.285s
********************************************************************************************************************
Start the 8 rounds of NGS-ED iteration
	effective electronic model is modified as: kinetic energy t = 0.858974
	                                           effective interaction Vq = [-3.00003,-2.89701,-2.77605,-2.89701,-2.89701,-2.77605,  -2.748,-2.77605,-2.77605,  -2.748,-2.69765,  -2.748,-2.89701,-2.77605,  -2.748,-2.77605]
	PARPACK diagonalization completed after 30 matrix-vector product operations.
	iteration results: : total energy is -45.290984 | electron energy -45.350633 + phonon energy 0.059649 | electron momentum kIdx = 0
	Nq(0) = 6.25,	Nq(1) = 0.252299,	Nq(2) = 0.301218,	Nq(3) = 0.252299,	Nq(4) = 0.252299,	Nq(5) = 0.301218,	Nq(6) = 0.41012,	Nq(7) = 0.301218,	Nq(8) = 0.301218,	Nq(9) = 0.41012,	Nq(10) = 0.474509,	Nq(11) = 0.41012,	Nq(12) = 0.252299,	Nq(13) = 0.301218,	Nq(14) = 0.41012,	Nq(15) = 0.301218,	Sq(0) = -1.15111e-17,	Sq(1) = 0.489839,	Sq(2) = 0.434655,	Sq(3) = 0.489839,	Sq(4) = 0.489839,	Sq(5) = 0.434655,	Sq(6) = 0.875085,	Sq(7) = 0.434655,	Sq(8) = 0.434655,	Sq(9) = 0.875085,	Sq(10) = 0.750879,	Sq(11) = 0.875085,	Sq(12) = 0.489839,	Sq(13) = 0.434655,	Sq(14) = 0.875085,	Sq(15) = 0.434655,	N(0) = 1.91131,	N(1) = 1.83235,	N(2) = 0.0962785,	N(3) = 1.83235,	N(4) = 1.83235,	N(5) = 0.0962785,	N(6) = 0.0355782,	N(7) = 0.0962785,	N(8) = 0.0962785,	N(9) = 0.0355782,	N(10) = 0.0393121,	N(11) = 0.0355782,	N(12) = 1.83235,	N(13) = 0.0962785,	N(14) = 0.0355782,	N(15) = 0.0962785,	Delta[s](0) = 0.0733845,	Delta[s](1) = 0.0489359,	Delta[s](2) = 0.0392363,	Delta[s](3) = 0.0489359,	Delta[s](4) = 0.0489359,	Delta[s](5) = 0.0392363,	Delta[s](6) = 0.0174685,	Delta[s](7) = 0.0392363,	Delta[s](8) = 0.0392363,	Delta[s](9) = 0.0174685,	Delta[s](10) = 0.0163266,	Delta[s](11) = 0.0174685,	Delta[s](12) = 0.0489359,	Delta[s](13) = 0.0392363,	Delta[s](14) = 0.0174685,	Delta[s](15) = 0.0392363,	Delta[d](0) = 0.201537,	Delta[d](1) = 0.0947376,	Delta[d](2) = 0.1541,	Delta[d](3) = 0.0947376,	Delta[d](4) = 0.0947376,	Delta[d](5) = 0.108858,	Delta[d](6) = 0.0431421,	Delta[d](7) = 0.108858,	Delta[d](8) = 0.1541,	Delta[d](9) = 0.0431421,	Delta[d](10) = 0.0285821,	Delta[d](11) = 0.0431421,	Delta[d](12) = 0.0947376,	Delta[d](13) = 0.108858,	Delta[d](14) = 0.0431421,	Delta[d](15) = 0.108858,	Delta[s+](0) = 0.536533,	Delta[s+](1) = 0.332105,	Delta[s+](2) = 0.1541,	Delta[s+](3) = 0.332105,	Delta[s+](4) = 0.332105,	Delta[s+](5) = 0.1541,	Delta[s+](6) = 0.0239478,	Delta[s+](7) = 0.1541,	Delta[s+](8) = 0.1541,	Delta[s+](9) = 0.0239478,	Delta[s+](10) = 0.00784211,	Delta[s+](11) = 0.0239478,	Delta[s+](12) = 0.332105,	Delta[s+](13) = 0.1541,	Delta[s+](14) = 0.0239478,	Delta[s+](15) = 0.1541
The 8-th iteration is completed.	|| time cost : 0h 0m 22.238s
********************************************************************************************************************
********************************************************************************************************************
Ground state is obtained after 9 iterations. The current ground-state energy is -45.291, in which electron energy is -45.3506 and phonon energy is 0.0596486
final variational state is: 
	Gamma_x = [      1, 1.0231,1.03653, 1.0231, 1.0231,1.03653,1.05193,1.03653,1.03653,1.05193,1.06359,1.05193, 1.0231,1.03653,1.05193,1.03653]
	lambda_q = [0.547657,0.446257,0.398077,0.446257,0.446257,0.398077,0.388983,0.398077,0.398077,0.388983,0.373842,0.388983,0.446257,0.398077,0.388983,0.398077]
********************************************************************************************************************
o___o  ----------------------------------------
| L |	Time since last clock: 0h 0m 0s
A===A	Time since the beginning: 0h 2m 3.211s
***********************************************


********************************************************************************************************************
Warm up runs have been completed. Start calculating W = 5 phonon.
open output files: NGSEDIterationObs.txt
********************************************************************************************************************
Start the 0 rounds of NGS-ED iteration
	effective electronic model is modified as: kinetic energy t = 0.858966
	                                           effective interaction Vq = [-2.74251,-2.46098,-2.29118,-2.46098,-2.46098,-2.29118,-2.25652,-2.29118,-2.29118,-2.25652,-2.19699,-2.25652,-2.46098,-2.29118,-2.25652,-2.29118]
	PARPACK diagonalization completed after 30 matrix-vector product operations.
	iteration results: : total energy is -41.405510 | electron energy -41.435342 + phonon energy 0.029832 | electron momentum kIdx = 0
	Nq(0) = 6.25,	Nq(1) = 0.239829,	Nq(2) = 0.291353,	Nq(3) = 0.239829,	Nq(4) = 0.239829,	Nq(5) = 0.291353,	Nq(6) = 0.387543,	Nq(7) = 0.291353,	Nq(8) = 0.291353,	Nq(9) = 0.387543,	Nq(10) = 0.454635,	Nq(11) = 0.387543,	Nq(12) = 0.239829,	Nq(13) = 0.291353,	Nq(14) = 0.387543,	Nq(15) = 0.291353,	Sq(0) = 1.02349e-17,	Sq(1) = 0.502086,	Sq(2) = 0.442023,	Sq(3) = 0.502086,	Sq(4) = 0.502086,	Sq(5) = 0.442023,	Sq(6) = 0.904456,	Sq(7) = 0.442023,	Sq(8) = 0.442023,	Sq(9) = 0.904456,	Sq(10) = 0.759452,	Sq(11) = 0.904456,	Sq(12) = 0.502086,	Sq(13) = 0.442023,	Sq(14) = 0.904456,	Sq(15) = 0.442023,	N(0) = 1.88032,	N(1) = 1.78718,	N(2) = 0.122009,	N(3) = 1.78718,	N(4) = 1.78718,	N(5) = 0.122009,	N(6) = 0.046898,	N(7) = 0.122009,	N(8) = 0.122009,	N(9) = 0.046898,	N(10) = 0.0513187,	N(11) = 0.046898,	N(12) = 1.78718,	N(13) = 0.122009,	N(14) = 0.046898,	N(15) = 0.122009,	Delta[s](0) = 0.0577324,	Delta[s](1) = 0.0397968,	Delta[s](2) = 0.0313377,	Delta[s](3) = 0.0397968,	Delta[s](4) = 0.0397968,	Delta[s](5) = 0.0313377,	Delta[s](6) = 0.0154742,	Delta[s](7) = 0.0313377,	Delta[s](8) = 0.0313377,	Delta[s](9) = 0.0154742,	Delta[s](10) = 0.0142786,	Delta[s](11) = 0.0154742,	Delta[s](12) = 0.0397968,	Delta[s](13) = 0.0313377,	Delta[s](14) = 0.0154742,	Delta[s](15) = 0.0313377,	Delta[d](0) = 0.200273,	Delta[d](1) = 0.103147,	Delta[d](2) = 0.160733,	Delta[d](3) = 0.103147,	Delta[d](4) = 0.103147,	Delta[d](5) = 0.109684,	Delta[d](6) = 0.0515771,	Delta[d](7) = 0.109684,	Delta[d](8) = 0.160733,	Delta[d](9) = 0.0515771,	Delta[d](10) = 0.0340702,	Delta[d](11) = 0.0515771,	Delta[d](12) = 0.103147,	Delta[d](13) = 0.109684,	Delta[d](14) = 0.0515771,	Delta[d](15) = 0.109684,	Delta[s+](0) = 0.548977,	Delta[s+](1) = 0.340127,	Delta[s+](2) = 0.160733,	Delta[s+](3) = 0.340127,	Delta[s+](4) = 0.340127,	Delta[s+](5) = 0.160733,	Delta[s+](6) = 0.0287868,	Delta[s+](7) = 0.160733,	Delta[s+](8) = 0.160733,	Delta[s+](9) = 0.0287868,	Delta[s+](10) = 0.00959006,	Delta[s+](11) = 0.0287868,	Delta[s+](12) = 0.340127,	Delta[s+](13) = 0.160733,	Delta[s+](14) = 0.0287868,	Delta[s+](15) = 0.160733
The 0-th iteration is completed.	|| time cost : 0h 0m 20.998s
********************************************************************************************************************
Start the 1 rounds of NGS-ED iteration
	effective electronic model is modified as: kinetic energy t = 0.84382
	                                           effective interaction Vq = [-2.90529,    -2.6,-2.39579,    -2.6,    -2.6,-2.39579, -2.3458,-2.39579,-2.39579, -2.3458,-2.27751, -2.3458,    -2.6,-2.39579, -2.3458,-2.39579]
	PARPACK diagonalization completed after 30 matrix-vector product operations.
	iteration results: : total energy is -42.540664 | electron energy -42.623220 + phonon energy 0.082557 | electron momentum kIdx = 0
The 1-th iteration is completed.	|| time cost : 0h 0m 2.322s
********************************************************************************************************************
Start the 2 rounds of NGS-ED iteration
	effective electronic model is modified as: kinetic energy t = 0.835427
	                                           effective interaction Vq = [-2.96517,-2.66688, -2.4468,-2.66688,-2.66688, -2.4468,-2.39242, -2.4468, -2.4468,-2.39242,-2.32052,-2.39242,-2.66688, -2.4468,-2.39242, -2.4468]
	PARPACK diagonalization completed after 30 matrix-vector product operations.
	iteration results: : total energy is -42.947390 | electron energy -43.065477 + phonon energy 0.118086 | electron momentum kIdx = 0
The 2-th iteration is completed.	|| time cost : 0h 0m 2.292s
********************************************************************************************************************
Start the 3 rounds of NGS-ED iteration
	effective electronic model is modified as: kinetic energy t = 0.830909
	                                           effective interaction Vq = [ -2.9872,-2.70052,-2.47227,-2.70052,-2.70052,-2.47227,-2.41667,-2.47227,-2.47227,-2.41667,-2.34294,-2.41667,-2.70052,-2.47227,-2.41667,-2.47227]
	PARPACK diagonalization completed after 30 matrix-vector product operations.
	iteration results: : total energy is -43.094048 | electron energy -43.232430 + phonon energy 0.138382 | electron momentum kIdx = 0
The 3-th iteration is completed.	|| time cost : 0h 0m 2.286s
********************************************************************************************************************
Start the 4 rounds of NGS-ED iteration
	effective electronic model is modified as: kinetic energy t = 0.828511
	                                           effective interaction Vq = [-2.99531,-2.71793,-2.48514,-2.71793,-2.71793,-2.48514,-2.42929,-2.48514,-2.48514,-2.42929, -2.3545,-2.42929,-2.71793,-2.48514,-2.42929,-2.48514]
	PARPACK diagonalization completed after 30 matrix-vector product operations.
	iteration results: : total energy is -43.147183 | electron energy -43.296552 + phonon energy 0.149370 | electron momentum kIdx = 0
The 4-th iteration is completed.	|| time cost : 0h 0m 2.291s
********************************************************************************************************************
Start the 5 rounds of NGS-ED iteration
	effective electronic model is modified as: kinetic energy t = 0.827248
	                                           effective interaction Vq = [-2.99829, -2.7271, -2.4917, -2.7271, -2.7271, -2.4917,-2.43585, -2.4917, -2.4917,-2.43585,-2.36043,-2.43585, -2.7271, -2.4917,-2.43585, -2.4917]
	PARPACK diagonalization completed after 30 matrix-vector product operations.
	iteration results: : total energy is -43.166504 | electron energy -43.321694 + phonon energy 0.155190 | electron momentum kIdx = 0
The 5-th iteration is completed.	|| time cost : 0h 0m 2.285s
********************************************************************************************************************
Start the 6 rounds of NGS-ED iteration
	effective electronic model is modified as: kinetic energy t = 0.826585
	                                           effective interaction Vq = [-2.99939,-2.73197,-2.49505,-2.73197,-2.73197,-2.49505,-2.43927,-2.49505,-2.49505,-2.43927,-2.36346,-2.43927,-2.73197,-2.49505,-2.43927,-2.49505]
	PARPACK diagonalization completed after 30 matrix-vector product operations.
	iteration results: : total energy is -43.173550 | electron energy -43.331793 + phonon energy 0.158243 | electron momentum kIdx = 0
The 6-th iteration is completed.	|| time cost : 0h 0m 2.29s
********************************************************************************************************************
Start the 7 rounds of NGS-ED iteration
	effective electronic model is modified as: kinetic energy t = 0.826239
	                                           effective interaction Vq = [-2.99979,-2.73458,-2.49677,-2.73458,-2.73458,-2.49677,-2.44104,-2.49677,-2.49677,-2.44104,  -2.365,-2.44104,-2.73458,-2.49677,-2.44104,-2.49677]
	PARPACK diagonalization completed after 30 matrix-vector product operations.
	iteration results: : total energy is -43.176125 | electron energy -43.335962 + phonon energy 0.159837 | electron momentum kIdx = 0
The 7-th iteration is completed.	|| time cost : 0h 0m 2.32s
********************************************************************************************************************
Start the 8 rounds of NGS-ED iteration
	effective electronic model is modified as: kinetic energy t = 0.826057
	                                           effective interaction Vq = [-2.99994,-2.73598,-2.49765,-2.73598,-2.73598,-2.49765,-2.44197,-2.49765,-2.49765,-2.44197,-2.36579,-2.44197,-2.73598,-2.49765,-2.44197,-2.49765]
	PARPACK diagonalization completed after 30 matrix-vector product operations.
	iteration results: : total energy is -43.177068 | electron energy -43.337736 + phonon energy 0.160668 | electron momentum kIdx = 0
The 8-th iteration is completed.	|| time cost : 0h 0m 2.29s
********************************************************************************************************************
Start the 9 rounds of NGS-ED iteration
	effective electronic model is modified as: kinetic energy t = 0.825962
	                                           effective interaction Vq = [-2.99999,-2.73673, -2.4981,-2.73673,-2.73673, -2.4981,-2.44245, -2.4981, -2.4981,-2.44245,-2.36618,-2.44245,-2.73673, -2.4981,-2.44245, -2.4981]
	PARPACK diagonalization completed after 30 matrix-vector product operations.
	iteration results: : total energy is -43.177413 | electron energy -43.338513 + phonon energy 0.161100 | electron momentum kIdx = 0
The 9-th iteration is completed.	|| time cost : 0h 0m 2.291s
********************************************************************************************************************
Start the 10 rounds of NGS-ED iteration
	effective electronic model is modified as: kinetic energy t = 0.825913
	                                           effective interaction Vq = [-3.00001,-2.73714,-2.49833,-2.73714,-2.73714,-2.49833, -2.4427,-2.49833,-2.49833, -2.4427,-2.36638, -2.4427,-2.73714,-2.49833, -2.4427,-2.49833]
	PARPACK diagonalization completed after 30 matrix-vector product operations.
	iteration results: : total energy is -43.177540 | electron energy -43.338865 + phonon energy 0.161325 | electron momentum kIdx = 0
	Nq(0) = 6.25,	Nq(1) = 0.247061,	Nq(2) = 0.29318,	Nq(3) = 0.247061,	Nq(4) = 0.247061,	Nq(5) = 0.29318,	Nq(6) = 0.38996,	Nq(7) = 0.29318,	Nq(8) = 0.29318,	Nq(9) = 0.38996,	Nq(10) = 0.453783,	Nq(11) = 0.38996,	Nq(12) = 0.247061,	Nq(13) = 0.29318,	Nq(14) = 0.38996,	Nq(15) = 0.29318,	Sq(0) = 3.02686e-19,	Sq(1) = 0.498582,	Sq(2) = 0.441025,	Sq(3) = 0.498582,	Sq(4) = 0.498582,	Sq(5) = 0.441025,	Sq(6) = 0.89629,	Sq(7) = 0.441025,	Sq(8) = 0.441025,	Sq(9) = 0.89629,	Sq(10) = 0.763419,	Sq(11) = 0.89629,	Sq(12) = 0.498582,	Sq(13) = 0.441025,	Sq(14) = 0.89629,	Sq(15) = 0.441025,	N(0) = 1.8872,	N(1) = 1.79925,	N(2) = 0.114195,	N(3) = 1.79925,	N(4) = 1.79925,	N(5) = 0.114195,	N(6) = 0.0452245,	N(7) = 0.114195,	N(8) = 0.114195,	N(9) = 0.0452245,	N(10) = 0.0497262,	N(11) = 0.0452245,	N(12) = 1.79925,	N(13) = 0.114195,	N(14) = 0.0452245,	N(15) = 0.114195,	Delta[s](0) = 0.0581343,	Delta[s](1) = 0.0408926,	Delta[s](2) = 0.032869,	Delta[s](3) = 0.0408926,	Delta[s](4) = 0.0408926,	Delta[s](5) = 0.032869,	Delta[s](6) = 0.0175963,	Delta[s](7) = 0.032869,	Delta[s](8) = 0.032869,	Delta[s](9) = 0.0175963,	Delta[s](10) = 0.0161693,	Delta[s](11) = 0.0175963,	Delta[s](12) = 0.0408926,	Delta[s](13) = 0.032869,	Delta[s](14) = 0.0175963,	Delta[s](15) = 0.032869,	Delta[d](0) = 0.209862,	Delta[d](1) = 0.11034,	Delta[d](2) = 0.169829,	Delta[d](3) = 0.11034,	Delta[d](4) = 0.11034,	Delta[d](5) = 0.116709,	Delta[d](6) = 0.0570266,	Delta[d](7) = 0.116709,	Delta[d](8) = 0.169829,	Delta[d](9) = 0.0570266,	Delta[d](10) = 0.0379813,	Delta[d](11) = 0.0570266,	Delta[d](12) = 0.11034,	Delta[d](13) = 0.116709,	Delta[d](14) = 0.0570266,	Delta[d](15) = 0.116709,	Delta[s+](0) = 0.574001,	Delta[s+](1) = 0.356853,	Delta[s+](2) = 0.169829,	Delta[s+](3) = 0.356853,	Delta[s+](4) = 0.356853,	Delta[s+](5) = 0.169829,	Delta[s+](6) = 0.0327357,	Delta[s+](7) = 0.169829,	Delta[s+](8) = 0.169829,	Delta[s+](9) = 0.0327357,	Delta[s+](10) = 0.0109711,	Delta[s+](11) = 0.0327357,	Delta[s+](12) = 0.356853,	Delta[s+](13) = 0.169829,	Delta[s+](14) = 0.0327357,	Delta[s+](15) = 0.169829
The 10-th iteration is completed.	|| time cost : 0h 0m 20.748s
********************************************************************************************************************
Start the 11 rounds of NGS-ED iteration
	effective electronic model is modified as: kinetic energy t = 0.825887
	                                           effective interaction Vq = [-3.00002,-2.73736,-2.49844,-2.73736,-2.73736,-2.49844,-2.44283,-2.49844,-2.49844,-2.44283,-2.36648,-2.44283,-2.73736,-2.49844,-2.44283,-2.49844]
	PARPACK diagonalization completed after 30 matrix-vector product operations.
	iteration results: : total energy is -43.177586 | electron energy -43.339028 + phonon energy 0.161442 | electron momentum kIdx = 0
The 11-th iteration is completed.	|| time cost : 0h 0m 2.282s
********************************************************************************************************************
Start the 12 rounds of NGS-ED iteration
	effective electronic model is modified as: kinetic energy t = 0.825873
	                                           effective interaction Vq = [-3.00002,-2.73747, -2.4985,-2.73747,-2.73747, -2.4985,-2.44289, -2.4985, -2.4985,-2.44289,-2.36653,-2.44289,-2.73747, -2.4985,-2.44289, -2.4985]
	PARPACK diagonalization completed after 30 matrix-vector product operations.
	iteration results: : total energy is -43.177603 | electron energy -43.339106 + phonon energy 0.161503 | electron momentum kIdx = 0
The 12-th iteration is completed.	|| time cost : 0h 0m 2.285s
********************************************************************************************************************
Start the 13 rounds of NGS-ED iteration
	effective electronic model is modified as: kinetic energy t = 0.825866
	                                           effective interaction Vq = [-3.00003,-2.73754,-2.49853,-2.73754,-2.73754,-2.49853,-2.44293,-2.49853,-2.49853,-2.44293,-2.36656,-2.44293,-2.73754,-2.49853,-2.44293,-2.49853]
	PARPACK diagonalization completed after 30 matrix-vector product operations.
	iteration results: : total energy is -43.177610 | electron energy -43.339144 + phonon energy 0.161534 | electron momentum kIdx = 0
The 13-th iteration is completed.	|| time cost : 0h 0m 2.289s
********************************************************************************************************************
Start the 14 rounds of NGS-ED iteration
	effective electronic model is modified as: kinetic energy t = 0.825863
	                                           effective interaction Vq = [-3.00003,-2.73757,-2.49855,-2.73757,-2.73757,-2.49855,-2.44295,-2.49855,-2.49855,-2.44295,-2.36657,-2.44295,-2.73757,-2.49855,-2.44295,-2.49855]
	PARPACK diagonalization completed after 30 matrix-vector product operations.
	iteration results: : total energy is -43.177612 | electron energy -43.339163 + phonon energy 0.161551 | electron momentum kIdx = 0
The 14-th iteration is completed.	|| time cost : 0h 0m 2.291s
********************************************************************************************************************
Start the 15 rounds of NGS-ED iteration
	effective electronic model is modified as: kinetic energy t = 0.825861
	                                           effective interaction Vq = [-3.00003,-2.73759,-2.49856,-2.73759,-2.73759,-2.49856,-2.44296,-2.49856,-2.49856,-2.44296,-2.36658,-2.44296,-2.73759,-2.49856,-2.44296,-2.49856]
	PARPACK diagonalization completed after 30 matrix-vector product operations.
	iteration results: : total energy is -43.177613 | electron energy -43.339172 + phonon energy 0.161559 | electron momentum kIdx = 0
The 15-th iteration is completed.	|| time cost : 0h 0m 2.322s
********************************************************************************************************************
Start the 16 rounds of NGS-ED iteration
	effective electronic model is modified as: kinetic energy t = 0.82586
	                                           effective interaction Vq = [-3.00003, -2.7376,-2.49856, -2.7376, -2.7376,-2.49856,-2.44296,-2.49856,-2.49856,-2.44296,-2.36658,-2.44296, -2.7376,-2.49856,-2.44296,-2.49856]
	PARPACK diagonalization completed after 30 matrix-vector product operations.
	iteration results: : total energy is -43.177613 | electron energy -43.339177 + phonon energy 0.161564 | electron momentum kIdx = 0
The 16-th iteration is completed.	|| time cost : 0h 0m 2.326s
********************************************************************************************************************
Start the 17 rounds of NGS-ED iteration
	effective electronic model is modified as: kinetic energy t = 0.825859
	                                           effective interaction Vq = [-3.00003,-2.73761,-2.49856,-2.73761,-2.73761,-2.49856,-2.44296,-2.49856,-2.49856,-2.44296,-2.36658,-2.44296,-2.73761,-2.49856,-2.44296,-2.49856]
	PARPACK diagonalization completed after 30 matrix-vector product operations.
	iteration results: : total energy is -43.177613 | electron energy -43.339179 + phonon energy 0.161566 | electron momentum kIdx = 0
The 17-th iteration is completed.	|| time cost : 0h 0m 2.295s
********************************************************************************************************************
Start the 18 rounds of NGS-ED iteration
	effective electronic model is modified as: kinetic energy t = 0.825859
	                                           effective interaction Vq = [-3.00003,-2.73761,-2.49856,-2.73761,-2.73761,-2.49856,-2.44297,-2.49856,-2.49856,-2.44297,-2.36658,-2.44297,-2.73761,-2.49856,-2.44297,-2.49856]
	PARPACK diagonalization completed after 30 matrix-vector product operations.
	iteration results: : total energy is -43.177613 | electron energy -43.339181 + phonon energy 0.161567 | electron momentum kIdx = 0
The 18-th iteration is completed.	|| time cost : 0h 0m 2.295s
********************************************************************************************************************
Start the 19 rounds of NGS-ED iteration
	effective electronic model is modified as: kinetic energy t = 0.825859
	                                           effective interaction Vq = [-3.00003,-2.73761,-2.49856,-2.73761,-2.73761,-2.49856,-2.44297,-2.49856,-2.49856,-2.44297,-2.36658,-2.44297,-2.73761,-2.49856,-2.44297,-2.49856]
	PARPACK diagonalization completed after 30 matrix-vector product operations.
	iteration results: : total energy is -43.177613 | electron energy -43.339181 + phonon energy 0.161568 | electron momentum kIdx = 0
The 19-th iteration is completed.	|| time cost : 0h 0m 2.323s
********************************************************************************************************************
Start the 20 rounds of NGS-ED iteration
	effective electronic model is modified as: kinetic energy t = 0.825859
	                                           effective interaction Vq = [-3.00003,-2.73761,-2.49857,-2.73761,-2.73761,-2.49857,-2.44297,-2.49857,-2.49857,-2.44297,-2.36658,-2.44297,-2.73761,-2.49857,-2.44297,-2.49857]
	PARPACK diagonalization completed after 30 matrix-vector product operations.
	iteration results: : total energy is -43.177613 | electron energy -43.339182 + phonon energy 0.161568 | electron momentum kIdx = 0
	Nq(0) = 6.25,	Nq(1) = 0.247077,	Nq(2) = 0.293179,	Nq(3) = 0.247077,	Nq(4) = 0.247077,	Nq(5) = 0.293179,	Nq(6) = 0.389964,	Nq(7) = 0.293179,	Nq(8) = 0.293179,	Nq(9) = 0.389964,	Nq(10) = 0.453777,	Nq(11) = 0.389964,	Nq(12) = 0.247077,	Nq(13) = 0.293179,	Nq(14) = 0.389964,	Nq(15) = 0.293179,	Sq(0) = -2.28513e-19,	Sq(1) = 0.498575,	Sq(2) = 0.441025,	Sq(3) = 0.498575,	Sq(4) = 0.498575,	Sq(5) = 0.441025,	Sq(6) = 0.896275,	Sq(7) = 0.441025,	Sq(8) = 0.441025,	Sq(9) = 0.896275,	Sq(10) = 0.763434,	Sq(11) = 0.896275,	Sq(12) = 0.498575,	Sq(13) = 0.441025,	Sq(14) = 0.896275,	Sq(15) = 0.441025,	N(0) = 1.88721,	N(1) = 1.79927,	N(2) = 0.114181,	N(3) = 1.79927,	N(4) = 1.79927,	N(5) = 0.114181,	N(6) = 0.0452243,	N(7) = 0.114181,	N(8) = 0.114181,	N(9) = 0.0452243,	N(10) = 0.0497245,	N(11) = 0.0452243,	N(12) = 1.79927,	N(13) = 0.114181,	N(14) = 0.0452243,	N(15) = 0.114181,	Delta[s](0) = 0.0581343,	Delta[s](1) = 0.040894,	Delta[s](2) = 0.0328711,	Delta[s](3) = 0.040894,	Delta[s](4) = 0.040894,	Delta[s](5) = 0.0328711,	Delta[s](6) = 0.0175996,	Delta[s](7) = 0.0328711,	Delta[s](8) = 0.0328711,	Delta[s](9) = 0.0175996,	Delta[s](10) = 0.016172,	Delta[s](11) = 0.0175996,	Delta[s](12) = 0.040894,	Delta[s](13) = 0.0328711,	Delta[s](14) = 0.0175996,	Delta[s](15) = 0.0328711,	Delta[d](0) = 0.209939,	Delta[d](1) = 0.110385,	Delta[d](2) = 0.169894,	Delta[d](3) = 0.110385,	Delta[d](4) = 0.110385,	Delta[d](5) = 0.116754,	Delta[d](6) = 0.0570533,	Delta[d](7) = 0.116754,	Delta[d](8) = 0.169894,	Delta[d](9) = 0.0570533,	Delta[d](10) = 0.0379991,	Delta[d](11) = 0.0570533,	Delta[d](12) = 0.110385,	Delta[d](13) = 0.116754,	Delta[d](14) = 0.0570533,	Delta[d](15) = 0.116754,	Delta[s+](0) = 0.574211,	Delta[s+](1) = 0.356986,	Delta[s+](2) = 0.169894,	Delta[s+](3) = 0.356986,	Delta[s+](4) = 0.356986,	Delta[s+](5) = 0.169894,	Delta[s+](6) = 0.0327523,	Delta[s+](7) = 0.169894,	Delta[s+](8) = 0.169894,	Delta[s+](9) = 0.0327523,	Delta[s+](10) = 0.0109767,	Delta[s+](11) = 0.0327523,	Delta[s+](12) = 0.356986,	Delta[s+](13) = 0.169894,	Delta[s+](14) = 0.0327523,	Delta[s+](15) = 0.169894
The 20-th iteration is completed.	|| time cost : 0h 0m 20.74s
********************************************************************************************************************
Start the 21 rounds of NGS-ED iteration
	effective electronic model is modified as: kinetic energy t = 0.825858
	                                           effective interaction Vq = [-3.00003,-2.73761,-2.49857,-2.73761,-2.73761,-2.49857,-2.44297,-2.49857,-2.49857,-2.44297,-2.36658,-2.44297,-2.73761,-2.49857,-2.44297,-2.49857]
	PARPACK diagonalization completed after 30 matrix-vector product operations.
	iteration results: : total energy is -43.177613 | electron energy -43.339182 + phonon energy 0.161568 | electron momentum kIdx = 0
The 21-th iteration is completed.	|| time cost : 0h 0m 2.29s
********************************************************************************************************************
Start the 22 rounds of NGS-ED iteration
	effective electronic model is modified as: kinetic energy t = 0.825858
	                                           effective interaction Vq = [-3.00003,-2.73761,-2.49857,-2.73761,-2.73761,-2.49857,-2.44297,-2.49857,-2.49857,-2.44297,-2.36658,-2.44297,-2.73761,-2.49857,-2.44297,-2.49857]
	PARPACK diagonalization completed after 30 matrix-vector product operations.
	iteration results: : total energy is -43.177613 | electron energy -43.339182 + phonon energy 0.161569 | electron momentum kIdx = 0
The 22-th iteration is completed.	|| time cost : 0h 0m 2.325s
********************************************************************************************************************
Start the 23 rounds of NGS-ED iteration
	effective electronic model is modified as: kinetic energy t = 0.825858
	                                           effective interaction Vq = [-3.00003,-2.73761,-2.49857,-2.73761,-2.73761,-2.49857,-2.44297,-2.49857,-2.49857,-2.44297,-2.36658,-2.44297,-2.73761,-2.49857,-2.44297,-2.49857]
	PARPACK diagonalization completed after 30 matrix-vector product operations.
	iteration results: : total energy is -43.177613 | electron energy -43.339182 + phonon energy 0.161569 | electron momentum kIdx = 0
The 23-th iteration is completed.	|| time cost : 0h 0m 2.299s
********************************************************************************************************************
Start the 24 rounds of NGS-ED iteration
	effective electronic model is modified as: kinetic energy t = 0.825858
	                                           effective interaction Vq = [-3.00003,-2.73761,-2.49857,-2.73761,-2.73761,-2.49857,-2.44297,-2.49857,-2.49857,-2.44297,-2.36658,-2.44297,-2.73761,-2.49857,-2.44297,-2.49857]
	PARPACK diagonalization completed after 30 matrix-vector product operations.
	iteration results: : total energy is -43.177613 | electron energy -43.339182 + phonon energy 0.161569 | electron momentum kIdx = 0
