SNEDics v3.22.2 Non-Gaussian ED ground state program		Start at Tue Apr 12 01:14:36 2022

Parallelization: 32 MPI threads  * 8 OpenMP threads = 256 total threads.
********************************************************************************************************************
********************************************************************************************************************

********************************************************************************************************************
System parameters and configurations
	special program options are enabled: splitted diagonal Hamiltonian | splitted Hamiltonian terms
********************************************************************************************************************
Read input file "model_params.in"
	Hubbard-Holstein model parameters : 	t = 1    t' = -0.3    U = 8    g = 0.05    W = 0.2    g' = 0.35    
********************************************************************************************************************
Read input file "hilbertspace_params.in"
	Requested 16-site 2D lattice, with 8 electrons (4, 4)
	Boundary : Periodic		Hilbert space representation : momentum-space (restricted to kIdx = 10)
	Conservation: particle number[U(1)]      spin[U(1)]     momentum
********************************************************************************************************************

Cluster Positions:				Cluster symmetry group : D4
 x ... x ... x ... x .....                       x ... x ... x ... x .....
 |           |           :                       |           |           :
 |           |           :                       |           |           :
12    13    14    15     x                       1     5     6     5     x
 |           |           :                       |           |           :
 |           |           :                       |           |           :
 8 --- 9 ---10 ---11 --- x                       2 --- 6 ---10 --- 6 --- x
 |           |           :                       |           |           :
 |           |           :                       |           |           :
 4     5     6     7     x                       1     5     6     5     x
 |           |           :                       |           |           :
 |           |           :                       |           |           :
 0 --- 1 --- 2 --- 3 --- x                       0 --- 1 --- 2 --- 1 --- x
orbital number : 1
********************************************************************************************************************
Read input file "obs_params.in"
	Observable Type : Nq(All),   Sq(All),   N(All-Orbital),   Delta[s](All),   Delta[d](All),   Delta[s+](All)
** WARNING ** the input observables have non-local factors which have been reinterpreted. The total observable number is 96
********************************************************************************************************************


********************************************************************************************************************
Start calculating the non-Gaussian ED ground state
Maximal iteration number is 1000; energy resolution is 1e-06. Phonon state relaxation time is 2000
W = 0.2 is relatively large. The non-Gaussian ED calculation starts directly.
open output files: NGSED_iteration_observables.txt
********************************************************************************************************************
Start the 0 rounds of NGS-ED iteration
	effective electronic model is modified as: kinetic energy t = 1, t' = -0.3
	                                           effective interaction Vq = [0,0,0,0,0,0,0,0,0,0,0,0,0,0,0,0]
	first Hamiltonian is constructed, size = 207168 and non-zero numbers = 32240256
	PARPACK diagonalization completed after 105 matrix-vector product operations.
	iteration results: : total energy is -14.405877 | electron energy -14.405877 + phonon energy 0.000000 | electron momentum kIdx = 10
	Nq(0) = 4,	Nq(1) = 0.191255,	Nq(2) = 0.234333,	Nq(3) = 0.191255,	Nq(4) = 0.191255,	Nq(5) = 0.305984,	
	Nq(6) = 0.331756,	Nq(7) = 0.305984,	Nq(8) = 0.234333,	Nq(9) = 0.331756,	Nq(10) = 0.361611,	
	Nq(11) = 0.331756,	Nq(12) = 0.191255,	Nq(13) = 0.305984,	Nq(14) = 0.331756,	Nq(15) = 0.305984;	
	Sq(0) = -3.48352e-18,	Sq(1) = 0.388709,	Sq(2) = 0.400904,	Sq(3) = 0.388709,	Sq(4) = 0.388709,	
	Sq(5) = 0.66772,	Sq(6) = 0.571758,	Sq(7) = 0.66772,	Sq(8) = 0.400904,	Sq(9) = 0.571758,	
	Sq(10) = 0.539189,	Sq(11) = 0.571758,	Sq(12) = 0.388709,	Sq(13) = 0.66772,	Sq(14) = 0.571758,	
	Sq(15) = 0.66772;	N(0) = 1.74885,	N(1) = 0.991935,	N(2) = 0.972078,	N(3) = 0.991935,	
	N(4) = 0.991935,	N(5) = 0.0652548,	N(6) = 0.0181601,	N(7) = 0.0652548,	N(8) = 0.972078,	
	N(9) = 0.0181601,	N(10) = 0.00559157,	N(11) = 0.0181601,	N(12) = 0.991935,	N(13) = 0.0652548,	
	N(14) = 0.0181601,	N(15) = 0.0652548;	Delta[s](0) = 0.0113416,	Delta[s](1) = 0.0083321,	Delta[s](2) = 0.00832286,	
	Delta[s](3) = 0.0083321,	Delta[s](4) = 0.0083321,	Delta[s](5) = 0.000995886,	Delta[s](6) = 0.00153244,	Delta[s](7) = 0.000995886,	
	Delta[s](8) = 0.00832286,	Delta[s](9) = 0.00153244,	Delta[s](10) = 0.00169842,	Delta[s](11) = 0.00153244,	Delta[s](12) = 0.0083321,	
	Delta[s](13) = 0.000995886,	Delta[s](14) = 0.00153244,	Delta[s](15) = 0.000995886;	Delta[d](0) = 0.0203619,	Delta[d](1) = 0.0623003,	
	Delta[d](2) = 0.12594,	Delta[d](3) = 0.0623003,	Delta[d](4) = 0.0623003,	Delta[d](5) = 0.0788359,	Delta[d](6) = 0.157871,	
	Delta[d](7) = 0.0788359,	Delta[d](8) = 0.12594,	Delta[d](9) = 0.157871,	Delta[d](10) = 0.27492,	Delta[d](11) = 0.157871,	
	Delta[d](12) = 0.0623003,	Delta[d](13) = 0.0788359,	Delta[d](14) = 0.157871,	Delta[d](15) = 0.0788359;	Delta[s+](0) = 0.22116,	
	Delta[s+](1) = 0.14953,	Delta[s+](2) = 0.12594,	Delta[s+](3) = 0.14953,	Delta[s+](4) = 0.14953,	Delta[s+](5) = 0.012618,	
	Delta[s+](6) = 0.0225162,	Delta[s+](7) = 0.012618,	Delta[s+](8) = 0.12594,	Delta[s+](9) = 0.0225162,	Delta[s+](10) = 0.00563546,	
	Delta[s+](11) = 0.0225162,	Delta[s+](12) = 0.14953,	Delta[s+](13) = 0.012618,	Delta[s+](14) = 0.0225162,	Delta[s+](15) = 0.012618
	
The 0-th iteration is completed.	|| time cost : 0h 0m 5.386s
********************************************************************************************************************
Start the 1 rounds of NGS-ED iteration
	effective electronic model is modified as: kinetic energy t = 0.911631, t' = -0.28621
	                                           effective interaction Vq = [   -10.5125,  -0.727883,-0.00124912,  -0.727883,  -0.727883,-0.00161802,  -0.316084,-0.00161802,-0.00124912,  -0.316084,   -5.90873,  -0.316084,  -0.727883,-0.00161802,  -0.316084,-0.00161802]
	PARPACK diagonalization completed after 150 matrix-vector product operations.
	iteration results: : total energy is -67.554199 | electron energy -68.379337 + phonon energy 0.825138 | electron momentum kIdx = 10
The 1-th iteration is completed.	|| time cost : 0h 0m 4.217s
********************************************************************************************************************
Start the 2 rounds of NGS-ED iteration
	effective electronic model is modified as: kinetic energy t = 0.782044, t' = -0.298951
	                                           effective interaction Vq = [    -10.5125,   -0.137632,-0.000554435,   -0.137632,   -0.137632,-0.000587578,  -0.0957366,-0.000587578,-0.000554435,  -0.0957366,    -9.10143,  -0.0957366,   -0.137632,-0.000587578,  -0.0957366,-0.000587578]
	PARPACK diagonalization completed after 45 matrix-vector product operations.
	iteration results: : total energy is -78.897475 | electron energy -79.892714 + phonon energy 0.995239 | electron momentum kIdx = 10
The 2-th iteration is completed.	|| time cost : 0h 0m 1.479s
********************************************************************************************************************
Start the 3 rounds of NGS-ED iteration
	effective electronic model is modified as: kinetic energy t = 0.673626, t' = -0.299528
	                                           effective interaction Vq = [    -10.5125,   -0.093377,-0.000399922,   -0.093377,   -0.093377,-0.000384652,  -0.0625455,-0.000384652,-0.000399922,  -0.0625455,     -9.1089,  -0.0625455,   -0.093377,-0.000384652,  -0.0625455,-0.000384652]
	PARPACK diagonalization completed after 30 matrix-vector product operations.
	iteration results: : total energy is -79.060139 | electron energy -79.658558 + phonon energy 0.598418 | electron momentum kIdx = 10
The 3-th iteration is completed.	|| time cost : 0h 0m 1.439s
********************************************************************************************************************
Start the 4 rounds of NGS-ED iteration
	effective electronic model is modified as: kinetic energy t = 0.645216, t' = -0.299534
	                                           effective interaction Vq = [    -10.5125,  -0.0942398,-0.000404788,  -0.0942398,  -0.0942398,-0.000377979,  -0.0603876,-0.000377979,-0.000404788,  -0.0603876,    -9.10961,  -0.0603876,  -0.0942398,-0.000377979,  -0.0603876,-0.000377979]
	PARPACK diagonalization completed after 30 matrix-vector product operations.
	iteration results: : total energy is -79.066871 | electron energy -79.599710 + phonon energy 0.532839 | electron momentum kIdx = 10
The 4-th iteration is completed.	|| time cost : 0h 0m 1.464s
********************************************************************************************************************
Start the 5 rounds of NGS-ED iteration
	effective electronic model is modified as: kinetic energy t = 0.636771, t' = -0.299533
	                                           effective interaction Vq = [    -10.5125,  -0.0947958,-0.000407455,  -0.0947958,  -0.0947958,-0.000377753,  -0.0600609,-0.000377753,-0.000407455,  -0.0600609,    -9.10979,  -0.0600609,  -0.0947958,-0.000377753,  -0.0600609,-0.000377753]
	PARPACK diagonalization completed after 30 matrix-vector product operations.
	iteration results: : total energy is -79.067407 | electron energy -79.582627 + phonon energy 0.515220 | electron momentum kIdx = 10
The 5-th iteration is completed.	|| time cost : 0h 0m 1.457s
********************************************************************************************************************
Start the 6 rounds of NGS-ED iteration
	effective electronic model is modified as: kinetic energy t = 0.634159, t' = -0.299532
	                                           effective interaction Vq = [    -10.5125,  -0.0949864,-0.000408355,  -0.0949864,  -0.0949864,-0.000377812,  -0.0599842,-0.000377812,-0.000408355,  -0.0599842,    -9.10984,  -0.0599842,  -0.0949864,-0.000377812,  -0.0599842,-0.000377812]
	PARPACK diagonalization completed after 30 matrix-vector product operations.
	iteration results: : total energy is -79.067457 | electron energy -79.577384 + phonon energy 0.509927 | electron momentum kIdx = 10
The 6-th iteration is completed.	|| time cost : 0h 0m 1.465s
********************************************************************************************************************
Start the 7 rounds of NGS-ED iteration
	effective electronic model is modified as: kinetic energy t = 0.633342, t' = -0.299531
	                                           effective interaction Vq = [    -10.5125,  -0.0950477,-0.000408644,  -0.0950477,  -0.0950477,-0.000377843,  -0.0599623,-0.000377843,-0.000408644,  -0.0599623,    -9.10985,  -0.0599623,  -0.0950477,-0.000377843,  -0.0599623,-0.000377843]
	PARPACK diagonalization completed after 30 matrix-vector product operations.
	iteration results: : total energy is -79.067462 | electron energy -79.575747 + phonon energy 0.508285 | electron momentum kIdx = 10
The 7-th iteration is completed.	|| time cost : 0h 0m 1.468s
********************************************************************************************************************
Start the 8 rounds of NGS-ED iteration
	effective electronic model is modified as: kinetic energy t = 0.633085, t' = -0.299531
	                                           effective interaction Vq = [    -10.5125,  -0.0950671,-0.000408735,  -0.0950671,  -0.0950671,-0.000377853,  -0.0599557,-0.000377853,-0.000408735,  -0.0599557,    -9.10986,  -0.0599557,  -0.0950671,-0.000377853,  -0.0599557,-0.000377853]
	PARPACK diagonalization completed after 30 matrix-vector product operations.
	iteration results: : total energy is -79.067462 | electron energy -79.575232 + phonon energy 0.507770 | electron momentum kIdx = 10
The 8-th iteration is completed.	|| time cost : 0h 0m 1.464s
********************************************************************************************************************
Start the 9 rounds of NGS-ED iteration
	effective electronic model is modified as: kinetic energy t = 0.633004, t' = -0.299531
	                                           effective interaction Vq = [    -10.5125,  -0.0950732,-0.000408764,  -0.0950732,  -0.0950732,-0.000377857,  -0.0599536,-0.000377857,-0.000408764,  -0.0599536,    -9.10986,  -0.0599536,  -0.0950732,-0.000377857,  -0.0599536,-0.000377857]
	PARPACK diagonalization completed after 30 matrix-vector product operations.
	iteration results: : total energy is -79.067462 | electron energy -79.575071 + phonon energy 0.507608 | electron momentum kIdx = 10
The 9-th iteration is completed.	|| time cost : 0h 0m 1.463s
********************************************************************************************************************
Start the 10 rounds of NGS-ED iteration
	effective electronic model is modified as: kinetic energy t = 0.632978, t' = -0.299531
	                                           effective interaction Vq = [    -10.5125,  -0.0950751,-0.000408773,  -0.0950751,  -0.0950751,-0.000377858,   -0.059953,-0.000377858,-0.000408773,   -0.059953,    -9.10986,   -0.059953,  -0.0950751,-0.000377858,   -0.059953,-0.000377858]
	PARPACK diagonalization completed after 30 matrix-vector product operations.
	iteration results: : total energy is -79.067462 | electron energy -79.575020 + phonon energy 0.507557 | electron momentum kIdx = 10
The 10-th iteration is completed.	|| time cost : 0h 0m 1.474s
********************************************************************************************************************
Start the 11 rounds of NGS-ED iteration
	effective electronic model is modified as: kinetic energy t = 0.63297, t' = -0.299531
	                                           effective interaction Vq = [    -10.5125,  -0.0950757,-0.000408776,  -0.0950757,  -0.0950757,-0.000377858,  -0.0599528,-0.000377858,-0.000408776,  -0.0599528,    -9.10986,  -0.0599528,  -0.0950757,-0.000377858,  -0.0599528,-0.000377858]
	PARPACK diagonalization completed after 30 matrix-vector product operations.
	iteration results: : total energy is -79.067462 | electron energy -79.575004 + phonon energy 0.507541 | electron momentum kIdx = 10
The 11-th iteration is completed.	|| time cost : 0h 0m 1.463s
********************************************************************************************************************
Start the 12 rounds of NGS-ED iteration
	effective electronic model is modified as: kinetic energy t = 0.632968, t' = -0.299531
	                                           effective interaction Vq = [    -10.5125,  -0.0950759,-0.000408777,  -0.0950759,  -0.0950759,-0.000377858,  -0.0599527,-0.000377858,-0.000408777,  -0.0599527,    -9.10986,  -0.0599527,  -0.0950759,-0.000377858,  -0.0599527,-0.000377858]
	PARPACK diagonalization completed after 30 matrix-vector product operations.
	iteration results: : total energy is -79.067462 | electron energy -79.574999 + phonon energy 0.507536 | electron momentum kIdx = 10
The 12-th iteration is completed.	|| time cost : 0h 0m 1.46s
********************************************************************************************************************
Start the 13 rounds of NGS-ED iteration
	effective electronic model is modified as: kinetic energy t = 0.632967, t' = -0.299531
	                                           effective interaction Vq = [    -10.5125,   -0.095076,-0.000408777,   -0.095076,   -0.095076,-0.000377858,  -0.0599527,-0.000377858,-0.000408777,  -0.0599527,    -9.10986,  -0.0599527,   -0.095076,-0.000377858,  -0.0599527,-0.000377858]
	PARPACK diagonalization completed after 30 matrix-vector product operations.
	iteration results: : total energy is -79.067462 | electron energy -79.574997 + phonon energy 0.507535 | electron momentum kIdx = 10
The 13-th iteration is completed.	|| time cost : 0h 0m 1.461s
********************************************************************************************************************
Start the 14 rounds of NGS-ED iteration
	effective electronic model is modified as: kinetic energy t = 0.632967, t' = -0.299531
	                                           effective interaction Vq = [    -10.5125,   -0.095076,-0.000408777,   -0.095076,   -0.095076,-0.000377858,  -0.0599527,-0.000377858,-0.000408777,  -0.0599527,    -9.10986,  -0.0599527,   -0.095076,-0.000377858,  -0.0599527,-0.000377858]
	PARPACK diagonalization completed after 30 matrix-vector product operations.
	iteration results: : total energy is -79.067462 | electron energy -79.574997 + phonon energy 0.507534 | electron momentum kIdx = 10
The 14-th iteration is completed.	|| time cost : 0h 0m 1.466s
********************************************************************************************************************
Start the 15 rounds of NGS-ED iteration
	effective electronic model is modified as: kinetic energy t = 0.632967, t' = -0.299531
	                                           effective interaction Vq = [    -10.5125,   -0.095076,-0.000408777,   -0.095076,   -0.095076,-0.000377858,  -0.0599527,-0.000377858,-0.000408777,  -0.0599527,    -9.10986,  -0.0599527,   -0.095076,-0.000377858,  -0.0599527,-0.000377858]
	PARPACK diagonalization completed after 30 matrix-vector product operations.
	iteration results: : total energy is -79.067462 | electron energy -79.574996 + phonon energy 0.507534 | electron momentum kIdx = 10
The 15-th iteration is completed.	|| time cost : 0h 0m 1.46s
********************************************************************************************************************
Start the 16 rounds of NGS-ED iteration
	effective electronic model is modified as: kinetic energy t = 0.632967, t' = -0.299531
	                                           effective interaction Vq = [    -10.5125,   -0.095076,-0.000408777,   -0.095076,   -0.095076,-0.000377858,  -0.0599527,-0.000377858,-0.000408777,  -0.0599527,    -9.10986,  -0.0599527,   -0.095076,-0.000377858,  -0.0599527,-0.000377858]
	PARPACK diagonalization completed after 30 matrix-vector product operations.
	iteration results: : total energy is -79.067462 | electron energy -79.574996 + phonon energy 0.507534 | electron momentum kIdx = 10
	Nq(0) = 4,	Nq(1) = 0.00734465,	Nq(2) = 0.0142469,	Nq(3) = 0.00734465,	Nq(4) = 0.00734465,	Nq(5) = 0.00974761,	
	Nq(6) = 0.0120722,	Nq(7) = 0.00974761,	Nq(8) = 0.0142469,	Nq(9) = 0.0120722,	Nq(10) = 3.93024,	
	Nq(11) = 0.0120722,	Nq(12) = 0.00734465,	Nq(13) = 0.00974761,	Nq(14) = 0.0120722,	Nq(15) = 0.00974761;	
	Sq(0) = -4.72785e-20,	Sq(1) = 0.333028,	Sq(2) = 1.95673,	Sq(3) = 0.333028,	Sq(4) = 0.333028,	
	Sq(5) = 0.333411,	Sq(6) = 0.333865,	Sq(7) = 0.333411,	Sq(8) = 1.95673,	Sq(9) = 0.333865,	
	Sq(10) = 0.00992938,	Sq(11) = 0.333865,	Sq(12) = 0.333028,	Sq(13) = 0.333411,	Sq(14) = 0.333865,	
	Sq(15) = 0.333411;	N(0) = 0.453306,	N(1) = 0.579777,	N(2) = 0.64664,	N(3) = 0.579777,	
	N(4) = 0.579777,	N(5) = 0.500001,	N(6) = 0.42023,	N(7) = 0.500001,	N(8) = 0.64664,	
	N(9) = 0.42023,	N(10) = 0.253384,	N(11) = 0.42023,	N(12) = 0.579777,	N(13) = 0.500001,	
	N(14) = 0.42023,	N(15) = 0.500001;	Delta[s](0) = 0.00458454,	Delta[s](1) = 0.00233506,	Delta[s](2) = 1.47287e-05,	
	Delta[s](3) = 0.00233506,	Delta[s](4) = 0.00233506,	Delta[s](5) = 0.00237928,	Delta[s](6) = 0.00238969,	Delta[s](7) = 0.00237928,	
	Delta[s](8) = 1.47287e-05,	Delta[s](9) = 0.00238969,	Delta[s](10) = 0.00466815,	Delta[s](11) = 0.00238969,	Delta[s](12) = 0.00233506,	
	Delta[s](13) = 0.00237928,	Delta[s](14) = 0.00238969,	Delta[s](15) = 0.00237928;	Delta[d](0) = 2.7074e-07,	Delta[d](1) = 0.000384822,	
	Delta[d](2) = 0.000316095,	Delta[d](3) = 0.000384822,	Delta[d](4) = 0.000384822,	Delta[d](5) = 0.000728529,	Delta[d](6) = 0.00062345,	
	Delta[d](7) = 0.000728529,	Delta[d](8) = 0.000316095,	Delta[d](9) = 0.00062345,	Delta[d](10) = 4.37035e-06,	Delta[d](11) = 0.00062345,	
	Delta[d](12) = 0.000384822,	Delta[d](13) = 0.000728529,	Delta[d](14) = 0.00062345,	Delta[d](15) = 0.000728529;	Delta[s+](0) = 0.00341443,	
	Delta[s+](1) = 0.00258233,	Delta[s+](2) = 0.000316095,	Delta[s+](3) = 0.00258233,	Delta[s+](4) = 0.00258233,	Delta[s+](5) = 0.00198463,	
	Delta[s+](6) = 0.000301681,	Delta[s+](7) = 0.00198463,	Delta[s+](8) = 0.000316095,	Delta[s+](9) = 0.000301681,	Delta[s+](10) = 2.27991e-06,	
	Delta[s+](11) = 0.000301681,	Delta[s+](12) = 0.00258233,	Delta[s+](13) = 0.00198463,	Delta[s+](14) = 0.000301681,	Delta[s+](15) = 0.00198463
	
The 16-th iteration is completed.	|| time cost : 0h 0m 3.664s
********************************************************************************************************************
********************************************************************************************************************
Ground state is obtained after 17 iterations. The current ground-state energy is -79.0675, in which electron energy is -79.575 and phonon energy is 0.507534
Final variational state is: 
	Gamma_x = [      1,1.00347,1.00003,1.00347,1.00347,1.00002, 1.0036,1.00002,1.00003, 1.0036,12.0677, 1.0036,1.00347,1.00002, 1.0036,1.00002]
	lambda_q = [      7.25, 0.0639289,0.00412175, 0.0639289, 0.0639289,0.00380758,-0.0464494,0.00380758,0.00412175,-0.0464494,   -6.6351,-0.0464494, 0.0639289,0.00380758,-0.0464494,0.00380758]
Effective e-e interactions mediated by phonons are:
	momentum-space Vq = [    -10.5125,   -0.095076,-0.000408777,   -0.095076,   -0.095076,-0.000377858,  -0.0599527,-0.000377858,-0.000408777,  -0.0599527,    -9.10986,  -0.0599527,   -0.095076,-0.000377858,  -0.0599527,-0.000377858]
	real-space Vr = [   -1.2653,-0.0920554,  -1.22635,-0.0920554,-0.0920554,  -1.22635,-0.0832746,  -1.22635,  -1.22635,-0.0832746,  -1.18779,-0.0832746,-0.0920554,  -1.22635,-0.0832746,  -1.22635]
********************************************************************************************************************
o___o  ----------------------------------------
| L |	Time since last clock: 0h 0m 0.009s
A===A	Time since the beginning: 0h 0m 33.768s
***********************************************


Non-Gaussina ED ground state calculation is completed. The final ground-state energy is -79.0675
********************************************************************************************************************
o___o  ----------------------------------------
| L |	Time since last clock: 0h 0m 0.003s
A===A	Time since the beginning: 0h 0m 33.772s
***********************************************



********************************************************************************************************************
All non-Gaussian ED ground state calculations have been completed. Exit now.
