SNEDics v3.21.4 Non-Gaussian ED ground state program		Start at Mon Jul 26 13:47:05 2021

parallized on 32 MPI threads  * 8 OpenMP threads = 256 total threads.
********************************************************************************************************************
********************************************************************************************************************

********************************************************************************************************************
System parameters and configurations
	special program options are enabled: splitted diagonal Hamiltonian | splitted Hamiltonian terms
********************************************************************************************************************
Read input file "model_params.in"
	Hubbard-Holstein model parameters : 	t = 1    U = 8    g = 0.06    W = 0.2    g' = 0.05    
********************************************************************************************************************
Read input file "hilbertspace_params.in"
	Requested 16-site 2D lattice, with 12 electrons (6, 6)
	Boundary : Periodic		Hilbert space representation : momentum-space (restricted to kIdx = 0)
	Conservation: particle number[U(1)]      spin[U(1)]     momentum
********************************************************************************************************************

Cluster Positions:				Cluster symmetry group : D4
 x ... x ... x ... x .....                       x ... x ... x ... x .....
 |           |           :                       |           |           :
 |           |           :                       |           |           :
12    13    14    15     x                       1     5     6     5     x
 |           |           :                       |           |           :
 |           |           :                       |           |           :
 8 --- 9 ---10 ---11 --- x                       2 --- 6 ---10 --- 6 --- x
 |           |           :                       |           |           :
 |           |           :                       |           |           :
 4     5     6     7     x                       1     5     6     5     x
 |           |           :                       |           |           :
 |           |           :                       |           |           :
 0 --- 1 --- 2 --- 3 --- x                       0 --- 1 --- 2 --- 1 --- x
orbital number : 1
********************************************************************************************************************
Read input file "obs_params.in"
	Observable Type : Nq(All),   Sq(All),   N(All),   Delta[s](All),   Delta[d](All),   Delta[s+](All)
** WARNING ** the input observables have non-local factors which have been reinterpreted. The total observable number is 96
********************************************************************************************************************


********************************************************************************************************************
Start calculating the non-Gaussian ED ground state
Maximal iteration number is 1000; energy resolution is 1e-06. Phonon state relaxation time is 2000
W = 0.2 is relatively large. The non-Gaussian ED calculation starts directly.
open output files: NGSED_iteration_obserbles.txt
********************************************************************************************************************
Start the 0 rounds of NGS-ED iteration
	effective electronic model is modified as: kinetic energy t = 1
	                                           effective interaction Vq = [0,0,0,0,0,0,0,0,0,0,0,0,0,0,0,0]
	first Hamiltonian is constructed, size = 4008592 and non-zero numbers = 969134044
	PARPACK diagonalization completed after 150 matrix-vector product operations.
	iteration results: : total energy is -14.925310 | electron energy -14.925310 + phonon energy 0.000000 | electron momentum kIdx = 0
	Nq(0) = 9,	Nq(1) = 0.191675,	Nq(2) = 0.266183,	Nq(3) = 0.191675,	Nq(4) = 0.191675,	Nq(5) = 0.245517,	
	Nq(6) = 0.314107,	Nq(7) = 0.245517,	Nq(8) = 0.266183,	Nq(9) = 0.314107,	Nq(10) = 0.369338,	
	Nq(11) = 0.314107,	Nq(12) = 0.191675,	Nq(13) = 0.245517,	Nq(14) = 0.314107,	Nq(15) = 0.245517;	
	Sq(0) = 3.02743e-18,	Sq(1) = 0.554662,	Sq(2) = 0.424361,	Sq(3) = 0.554662,	Sq(4) = 0.554662,	
	Sq(5) = 0.79749,	Sq(6) = 1.01287,	Sq(7) = 0.79749,	Sq(8) = 0.424361,	Sq(9) = 1.01287,	
	Sq(10) = 0.784303,	Sq(11) = 1.01287,	Sq(12) = 0.554662,	Sq(13) = 0.79749,	Sq(14) = 1.01287,	
	Sq(15) = 0.79749;	N(0) = 1.76735,	N(1) = 1.6264,	N(2) = 0.74365,	N(3) = 1.6264,	
	N(4) = 1.6264,	N(5) = 0.392302,	N(6) = 0.144321,	N(7) = 0.392302,	N(8) = 0.74365,	
	N(9) = 0.144321,	N(10) = 0.0932732,	N(11) = 0.144321,	N(12) = 1.6264,	N(13) = 0.392302,	
	N(14) = 0.144321,	N(15) = 0.392302;	Delta[s](0) = 0.0657785,	Delta[s](1) = 0.0454094,	Delta[s](2) = 0.0304024,	
	Delta[s](3) = 0.0454094,	Delta[s](4) = 0.0454094,	Delta[s](5) = 0.0270931,	Delta[s](6) = 0.00920428,	Delta[s](7) = 0.0270931,	
	Delta[s](8) = 0.0304024,	Delta[s](9) = 0.00920428,	Delta[s](10) = 3.95166e-05,	Delta[s](11) = 0.00920428,	Delta[s](12) = 0.0454094,	
	Delta[s](13) = 0.0270931,	Delta[s](14) = 0.00920428,	Delta[s](15) = 0.0270931;	Delta[d](0) = 0.229519,	Delta[d](1) = 0.180079,	
	Delta[d](2) = 0.222296,	Delta[d](3) = 0.180079,	Delta[d](4) = 0.180079,	Delta[d](5) = 0.122955,	Delta[d](6) = 0.150474,	
	Delta[d](7) = 0.122955,	Delta[d](8) = 0.222296,	Delta[d](9) = 0.150474,	Delta[d](10) = 0.0766369,	Delta[d](11) = 0.150474,	
	Delta[d](12) = 0.180079,	Delta[d](13) = 0.122955,	Delta[d](14) = 0.150474,	Delta[d](15) = 0.122955;	Delta[s+](0) = 0.529867,	
	Delta[s+](1) = 0.361334,	Delta[s+](2) = 0.222296,	Delta[s+](3) = 0.361334,	Delta[s+](4) = 0.361334,	Delta[s+](5) = 0.177147,	
	Delta[s+](6) = 0.0625796,	Delta[s+](7) = 0.177147,	Delta[s+](8) = 0.222296,	Delta[s+](9) = 0.0625796,	Delta[s+](10) = 0.0156325,	
	Delta[s+](11) = 0.0625796,	Delta[s+](12) = 0.361334,	Delta[s+](13) = 0.177147,	Delta[s+](14) = 0.0625796,	Delta[s+](15) = 0.177147
	
The 0-th iteration is completed.	|| time cost : 0h 2m 2.389s
********************************************************************************************************************
Start the 1 rounds of NGS-ED iteration
	effective electronic model is modified as: kinetic energy t = 0.999552
	                                           effective interaction Vq = [      -0.338,  -0.0155941, -0.00154913,  -0.0155941,  -0.0155941, -0.00143577,-0.000548695, -0.00143577, -0.00154913,-0.000548695, -0.00602191,-0.000548695,  -0.0155941, -0.00143577,-0.000548695, -0.00143577]
	PARPACK diagonalization completed after 45 matrix-vector product operations.
	iteration results: : total energy is -17.976064 | electron energy -17.976112 + phonon energy 0.000049 | electron momentum kIdx = 0
The 1-th iteration is completed.	|| time cost : 0h 1m 18.239s
********************************************************************************************************************
Start the 2 rounds of NGS-ED iteration
	effective electronic model is modified as: kinetic energy t = 0.999551
	                                           effective interaction Vq = [      -0.338,  -0.0156173, -0.00154833,  -0.0156173,  -0.0156173, -0.00143526,-0.000548466, -0.00143526, -0.00154833,-0.000548466, -0.00602428,-0.000548466,  -0.0156173, -0.00143526,-0.000548466, -0.00143526]
	PARPACK diagonalization completed after 30 matrix-vector product operations.
	iteration results: : total energy is -17.976064 | electron energy -17.976113 + phonon energy 0.000049 | electron momentum kIdx = 0
The 2-th iteration is completed.	|| time cost : 0h 0m 9.673s
********************************************************************************************************************
Start the 3 rounds of NGS-ED iteration
	effective electronic model is modified as: kinetic energy t = 0.999551
	                                           effective interaction Vq = [      -0.338,  -0.0156173, -0.00154833,  -0.0156173,  -0.0156173, -0.00143526,-0.000548465, -0.00143526, -0.00154833,-0.000548465, -0.00602428,-0.000548465,  -0.0156173, -0.00143526,-0.000548465, -0.00143526]
	PARPACK diagonalization completed after 30 matrix-vector product operations.
	iteration results: : total energy is -17.976064 | electron energy -17.976113 + phonon energy 0.000049 | electron momentum kIdx = 0
	Nq(0) = 9,	Nq(1) = 0.19202,	Nq(2) = 0.266091,	Nq(3) = 0.19202,	Nq(4) = 0.19202,	Nq(5) = 0.245476,	
	Nq(6) = 0.314032,	Nq(7) = 0.245476,	Nq(8) = 0.266091,	Nq(9) = 0.314032,	Nq(10) = 0.369563,	
	Nq(11) = 0.314032,	Nq(12) = 0.19202,	Nq(13) = 0.245476,	Nq(14) = 0.314032,	Nq(15) = 0.245476;	
	Sq(0) = 1.8223e-18,	Sq(1) = 0.554477,	Sq(2) = 0.424382,	Sq(3) = 0.554477,	Sq(4) = 0.554477,	
	Sq(5) = 0.797365,	Sq(6) = 1.01282,	Sq(7) = 0.797365,	Sq(8) = 0.424382,	Sq(9) = 1.01282,	
	Sq(10) = 0.784738,	Sq(11) = 1.01282,	Sq(12) = 0.554477,	Sq(13) = 0.797365,	Sq(14) = 1.01282,	
	Sq(15) = 0.797365;	N(0) = 1.76748,	N(1) = 1.62681,	N(2) = 0.743437,	N(3) = 1.62681,	
	N(4) = 1.62681,	N(5) = 0.391989,	N(6) = 0.144277,	N(7) = 0.391989,	N(8) = 0.743437,	
	N(9) = 0.144277,	N(10) = 0.0933543,	N(11) = 0.144277,	N(12) = 1.62681,	N(13) = 0.391989,	
	N(14) = 0.144277,	N(15) = 0.391989;	Delta[s](0) = 0.0658434,	Delta[s](1) = 0.0454537,	Delta[s](2) = 0.0304413,	
	Delta[s](3) = 0.0454537,	Delta[s](4) = 0.0454537,	Delta[s](5) = 0.0271262,	Delta[s](6) = 0.00921084,	Delta[s](7) = 0.0271262,	
	Delta[s](8) = 0.0304413,	Delta[s](9) = 0.00921084,	Delta[s](10) = 3.96383e-05,	Delta[s](11) = 0.00921084,	Delta[s](12) = 0.0454537,	
	Delta[s](13) = 0.0271262,	Delta[s](14) = 0.00921084,	Delta[s](15) = 0.0271262;	Delta[d](0) = 0.229594,	Delta[d](1) = 0.180134,	
	Delta[d](2) = 0.22234,	Delta[d](3) = 0.180134,	Delta[d](4) = 0.180134,	Delta[d](5) = 0.122956,	Delta[d](6) = 0.150486,	
	Delta[d](7) = 0.122956,	Delta[d](8) = 0.22234,	Delta[d](9) = 0.150486,	Delta[d](10) = 0.076512,	Delta[d](11) = 0.150486,	
	Delta[d](12) = 0.180134,	Delta[d](13) = 0.122956,	Delta[d](14) = 0.150486,	Delta[d](15) = 0.122956;	Delta[s+](0) = 0.530032,	
	Delta[s+](1) = 0.361431,	Delta[s+](2) = 0.22234,	Delta[s+](3) = 0.361431,	Delta[s+](4) = 0.361431,	Delta[s+](5) = 0.177177,	
	Delta[s+](6) = 0.0625766,	Delta[s+](7) = 0.177177,	Delta[s+](8) = 0.22234,	Delta[s+](9) = 0.0625766,	Delta[s+](10) = 0.0156413,	
	Delta[s+](11) = 0.0625766,	Delta[s+](12) = 0.361431,	Delta[s+](13) = 0.177177,	Delta[s+](14) = 0.0625766,	Delta[s+](15) = 0.177177
	
The 3-th iteration is completed.	|| time cost : 0h 1m 19.059s
********************************************************************************************************************
********************************************************************************************************************
Ground state is obtained after 4 iterations. The current ground-state energy is -17.9761, in which electron energy is -17.9761 and phonon energy is 4.92306e-05
Final variational state is: 
	Gamma_x = [      1,1.01461,1.00202,1.01461,1.01461,1.00173,1.00085,1.00173,1.00202,1.00085,1.01102,1.00085,1.01461,1.00173,1.00085,1.00173]
	lambda_q = [        1.3,  0.0503912,  0.0131928,  0.0503912,  0.0503912,   0.012209,-0.00697753,   0.012209,  0.0131928,-0.00697753, -0.0218565,-0.00697753,  0.0503912,   0.012209,-0.00697753,   0.012209]
Effective e-e interactions mediated by phonons are:
	momentum-space Vq = [      -0.338,  -0.0156173, -0.00154833,  -0.0156173,  -0.0156173, -0.00143526,-0.000548465, -0.00143526, -0.00154833,-0.000548465, -0.00602428,-0.000548465,  -0.0156173, -0.00143526,-0.000548465, -0.00143526]
	real-space Vr = [-0.0260953,-0.0226321,-0.0213362,-0.0226321,-0.0226321, -0.021308,-0.0188649, -0.021308,-0.0213362,-0.0188649,-0.0180124,-0.0188649,-0.0226321, -0.021308,-0.0188649, -0.021308]
********************************************************************************************************************
o___o  ----------------------------------------
| L |	Time since last clock: 0h 0m 0.01s
A===A	Time since the beginning: 0h 4m 49.372s
***********************************************


Non-Gaussina ED ground state calculation is completed. The final ground-state energy is -17.9761
********************************************************************************************************************
o___o  ----------------------------------------
| L |	Time since last clock: 0h 0m 0.003s
A===A	Time since the beginning: 0h 4m 49.375s
***********************************************



********************************************************************************************************************
All non-Gaussian ED ground state calculations have been completed. Exit now.
