SNEDics v3.22.2 Non-Gaussian ED ground state program		Start at Sun Jun  5 05:18:56 2022

Parallelization: 32 MPI threads  * 8 OpenMP threads = 256 total threads.
********************************************************************************************************************
********************************************************************************************************************

********************************************************************************************************************
System parameters and configurations
	special program options are enabled: splitted diagonal Hamiltonian | splitted Hamiltonian terms
********************************************************************************************************************
Read input file "model_params.in"
	Hubbard-Holstein model parameters : 	t = 1    t' = -0.3    U = 8    g = 0.6    W = 0.2    
********************************************************************************************************************
Read input file "hilbertspace_params.in"
	Requested 16-site 2D lattice, with 12 electrons (6, 6)
	Boundary : Periodic		Hilbert space representation : momentum-space (restricted to kIdx = 10)
	Conservation: particle number[U(1)]      spin[U(1)]     momentum
********************************************************************************************************************

Cluster Positions:				Cluster symmetry group : D4
 x ... x ... x ... x .....                       x ... x ... x ... x .....
 |           |           :                       |           |           :
 |           |           :                       |           |           :
12    13    14    15     x                       1     5     6     5     x
 |           |           :                       |           |           :
 |           |           :                       |           |           :
 8 --- 9 ---10 ---11 --- x                       2 --- 6 ---10 --- 6 --- x
 |           |           :                       |           |           :
 |           |           :                       |           |           :
 4     5     6     7     x                       1     5     6     5     x
 |           |           :                       |           |           :
 |           |           :                       |           |           :
 0 --- 1 --- 2 --- 3 --- x                       0 --- 1 --- 2 --- 1 --- x
orbital number : 1
********************************************************************************************************************
Read input file "obs_params.in"
	Observable Type : Nq(All),   Sq(All),   N(All-Orbital),   Delta[s](All),   Delta[d](All),   Delta[s+](All)
** WARNING ** the input observables have non-local factors which have been reinterpreted. The total observable number is 96
********************************************************************************************************************


********************************************************************************************************************
Start calculating the non-Gaussian ED ground state
Maximal iteration number is 1000; energy resolution is 1e-06. Phonon state relaxation time is 2000
W = 0.2 is relatively large. The non-Gaussian ED calculation starts directly.
open output files: NGSED_iteration_observables.txt
********************************************************************************************************************
Start the 0 rounds of NGS-ED iteration
	effective electronic model is modified as: kinetic energy t = 1, t' = -0.3
	                                           effective interaction Vq = [0,0,0,0,0,0,0,0,0,0,0,0,0,0,0,0]
	first Hamiltonian is constructed, size = 4008592 and non-zero numbers = 969952276
	PARPACK diagonalization completed after 120 matrix-vector product operations.
	iteration results: : total energy is -14.904199 | electron energy -14.904199 + phonon energy 0.000000 | electron momentum kIdx = 10
	Nq(0) = 9,	Nq(1) = 0.183693,	Nq(2) = 0.250775,	Nq(3) = 0.183693,	Nq(4) = 0.183693,	Nq(5) = 0.258947,	
	Nq(6) = 0.308855,	Nq(7) = 0.258947,	Nq(8) = 0.250775,	Nq(9) = 0.308855,	Nq(10) = 0.355902,	
	Nq(11) = 0.308855,	Nq(12) = 0.183693,	Nq(13) = 0.258947,	Nq(14) = 0.308855,	Nq(15) = 0.258947;	
	Sq(0) = 3.45099e-18,	Sq(1) = 0.504384,	Sq(2) = 0.469115,	Sq(3) = 0.504384,	Sq(4) = 0.504384,	
	Sq(5) = 0.735911,	Sq(6) = 0.943053,	Sq(7) = 0.735911,	Sq(8) = 0.469115,	Sq(9) = 0.943053,	
	Sq(10) = 1.46495,	Sq(11) = 0.943053,	Sq(12) = 0.504384,	Sq(13) = 0.735911,	Sq(14) = 0.943053,	
	Sq(15) = 0.735911;	N(0) = 1.70338,	N(1) = 1.58882,	N(2) = 1.04187,	N(3) = 1.58882,	
	N(4) = 1.58882,	N(5) = 0.289608,	N(6) = 0.157281,	N(7) = 0.289608,	N(8) = 1.04187,	
	N(9) = 0.157281,	N(10) = 0.0700575,	N(11) = 0.157281,	N(12) = 1.58882,	N(13) = 0.289608,	
	N(14) = 0.157281,	N(15) = 0.289608;	Delta[s](0) = 0.0586865,	Delta[s](1) = 0.0406874,	Delta[s](2) = 0.0321775,	
	Delta[s](3) = 0.0406874,	Delta[s](4) = 0.0406874,	Delta[s](5) = 0.0226424,	Delta[s](6) = 0.0130592,	Delta[s](7) = 0.0226424,	
	Delta[s](8) = 0.0321775,	Delta[s](9) = 0.0130592,	Delta[s](10) = 0.00311972,	Delta[s](11) = 0.0130592,	Delta[s](12) = 0.0406874,	
	Delta[s](13) = 0.0226424,	Delta[s](14) = 0.0130592,	Delta[s](15) = 0.0226424;	Delta[d](0) = 0.27197,	Delta[d](1) = 0.219342,	
	Delta[d](2) = 0.260831,	Delta[d](3) = 0.219342,	Delta[d](4) = 0.219342,	Delta[d](5) = 0.148755,	Delta[d](6) = 0.197134,	
	Delta[d](7) = 0.148755,	Delta[d](8) = 0.260831,	Delta[d](9) = 0.197134,	Delta[d](10) = 0.326376,	Delta[d](11) = 0.197134,	
	Delta[d](12) = 0.219342,	Delta[d](13) = 0.148755,	Delta[d](14) = 0.197134,	Delta[d](15) = 0.148755;	Delta[s+](0) = 0.496681,	
	Delta[s+](1) = 0.347096,	Delta[s+](2) = 0.260831,	Delta[s+](3) = 0.347096,	Delta[s+](4) = 0.347096,	Delta[s+](5) = 0.158364,	
	Delta[s+](6) = 0.0724854,	Delta[s+](7) = 0.158364,	Delta[s+](8) = 0.260831,	Delta[s+](9) = 0.0724854,	Delta[s+](10) = 0.0243936,	
	Delta[s+](11) = 0.0724854,	Delta[s+](12) = 0.347096,	Delta[s+](13) = 0.158364,	Delta[s+](14) = 0.0724854,	Delta[s+](15) = 0.158364
	
The 0-th iteration is completed.	|| time cost : 0h 2m 1.402s
********************************************************************************************************************
Start the 1 rounds of NGS-ED iteration
	effective electronic model is modified as: kinetic energy t = 0.980756, t' = -0.292989
	                                           effective interaction Vq = [     -1.8,-0.257319,-0.180927,-0.257319,-0.257319,-0.193739,-0.156635,-0.193739,-0.180927,-0.156635,-0.139164,-0.156635,-0.257319,-0.193739,-0.156635,-0.193739]
	PARPACK diagonalization completed after 45 matrix-vector product operations.
	iteration results: : total energy is -31.434974 | electron energy -31.475623 + phonon energy 0.040649 | electron momentum kIdx = 10
The 1-th iteration is completed.	|| time cost : 0h 1m 18.157s
********************************************************************************************************************
Start the 2 rounds of NGS-ED iteration
	effective electronic model is modified as: kinetic energy t = 0.980571, t' = -0.29289
	                                           effective interaction Vq = [     -1.8,  -0.2623,-0.180375,  -0.2623,  -0.2623,-0.195288, -0.15663,-0.195288,-0.180375, -0.15663, -0.13899, -0.15663,  -0.2623,-0.195288, -0.15663,-0.195288]
	PARPACK diagonalization completed after 30 matrix-vector product operations.
	iteration results: : total energy is -31.435008 | electron energy -31.477160 + phonon energy 0.042151 | electron momentum kIdx = 10
The 2-th iteration is completed.	|| time cost : 0h 0m 9.471s
********************************************************************************************************************
Start the 3 rounds of NGS-ED iteration
	effective electronic model is modified as: kinetic energy t = 0.980568, t' = -0.292887
	                                           effective interaction Vq = [     -1.8,-0.262492,-0.180304,-0.262492,-0.262492,-0.195308,-0.156599,-0.195308,-0.180304,-0.156599,-0.138961,-0.156599,-0.262492,-0.195308,-0.156599,-0.195308]
	PARPACK diagonalization completed after 30 matrix-vector product operations.
	iteration results: : total energy is -31.435008 | electron energy -31.477179 + phonon energy 0.042170 | electron momentum kIdx = 10
The 3-th iteration is completed.	|| time cost : 0h 0m 9.51s
********************************************************************************************************************
Start the 4 rounds of NGS-ED iteration
	effective electronic model is modified as: kinetic energy t = 0.980568, t' = -0.292887
	                                           effective interaction Vq = [     -1.8,  -0.2625,-0.180301,  -0.2625,  -0.2625,-0.195308,-0.156598,-0.195308,-0.180301,-0.156598, -0.13896,-0.156598,  -0.2625,-0.195308,-0.156598,-0.195308]
	PARPACK diagonalization completed after 30 matrix-vector product operations.
	iteration results: : total energy is -31.435008 | electron energy -31.477179 + phonon energy 0.042171 | electron momentum kIdx = 10
The 4-th iteration is completed.	|| time cost : 0h 0m 9.5s
********************************************************************************************************************
Start the 5 rounds of NGS-ED iteration
	effective electronic model is modified as: kinetic energy t = 0.980568, t' = -0.292887
	                                           effective interaction Vq = [     -1.8,-0.262501,-0.180301,-0.262501,-0.262501,-0.195308,-0.156598,-0.195308,-0.180301,-0.156598, -0.13896,-0.156598,-0.262501,-0.195308,-0.156598,-0.195308]
	PARPACK diagonalization completed after 30 matrix-vector product operations.
	iteration results: : total energy is -31.435008 | electron energy -31.477179 + phonon energy 0.042171 | electron momentum kIdx = 10
The 5-th iteration is completed.	|| time cost : 0h 0m 9.505s
********************************************************************************************************************
Start the 6 rounds of NGS-ED iteration
	effective electronic model is modified as: kinetic energy t = 0.980568, t' = -0.292887
	                                           effective interaction Vq = [     -1.8,-0.262501,-0.180301,-0.262501,-0.262501,-0.195308,-0.156598,-0.195308,-0.180301,-0.156598, -0.13896,-0.156598,-0.262501,-0.195308,-0.156598,-0.195308]
	PARPACK diagonalization completed after 30 matrix-vector product operations.
	iteration results: : total energy is -31.435008 | electron energy -31.477179 + phonon energy 0.042171 | electron momentum kIdx = 10
	Nq(0) = 9,	Nq(1) = 0.187614,	Nq(2) = 0.251755,	Nq(3) = 0.187614,	Nq(4) = 0.187614,	Nq(5) = 0.26228,	
	Nq(6) = 0.31115,	Nq(7) = 0.26228,	Nq(8) = 0.251755,	Nq(9) = 0.31115,	Nq(10) = 0.358473,	
	Nq(11) = 0.31115,	Nq(12) = 0.187614,	Nq(13) = 0.26228,	Nq(14) = 0.31115,	Nq(15) = 0.26228;	
	Sq(0) = -1.03107e-18,	Sq(1) = 0.50176,	Sq(2) = 0.465613,	Sq(3) = 0.50176,	Sq(4) = 0.50176,	
	Sq(5) = 0.731095,	Sq(6) = 0.939849,	Sq(7) = 0.731095,	Sq(8) = 0.465613,	Sq(9) = 0.939849,	
	Sq(10) = 1.4718,	Sq(11) = 0.939849,	Sq(12) = 0.50176,	Sq(13) = 0.731095,	Sq(14) = 0.939849,	
	Sq(15) = 0.731095;	N(0) = 1.71407,	N(1) = 1.6022,	N(2) = 1.03923,	N(3) = 1.6022,	
	N(4) = 1.6022,	N(5) = 0.279271,	N(6) = 0.153055,	N(7) = 0.279271,	N(8) = 1.03923,	
	N(9) = 0.153055,	N(10) = 0.0693762,	N(11) = 0.153055,	N(12) = 1.6022,	N(13) = 0.279271,	
	N(14) = 0.153055,	N(15) = 0.279271;	Delta[s](0) = 0.0614188,	Delta[s](1) = 0.0426392,	Delta[s](2) = 0.0338487,	
	Delta[s](3) = 0.0426392,	Delta[s](4) = 0.0426392,	Delta[s](5) = 0.0238555,	Delta[s](6) = 0.0136938,	Delta[s](7) = 0.0238555,	
	Delta[s](8) = 0.0338487,	Delta[s](9) = 0.0136938,	Delta[s](10) = 0.00320904,	Delta[s](11) = 0.0136938,	Delta[s](12) = 0.0426392,	
	Delta[s](13) = 0.0238555,	Delta[s](14) = 0.0136938,	Delta[s](15) = 0.0238555;	Delta[d](0) = 0.272085,	Delta[d](1) = 0.220105,	
	Delta[d](2) = 0.262169,	Delta[d](3) = 0.220105,	Delta[d](4) = 0.220105,	Delta[d](5) = 0.148215,	Delta[d](6) = 0.196754,	
	Delta[d](7) = 0.148215,	Delta[d](8) = 0.262169,	Delta[d](9) = 0.196754,	Delta[d](10) = 0.33032,	Delta[d](11) = 0.196754,	
	Delta[d](12) = 0.220105,	Delta[d](13) = 0.148215,	Delta[d](14) = 0.196754,	Delta[d](15) = 0.148215;	Delta[s+](0) = 0.501108,	
	Delta[s+](1) = 0.349753,	Delta[s+](2) = 0.262169,	Delta[s+](3) = 0.349753,	Delta[s+](4) = 0.349753,	Delta[s+](5) = 0.158694,	
	Delta[s+](6) = 0.071823,	Delta[s+](7) = 0.158694,	Delta[s+](8) = 0.262169,	Delta[s+](9) = 0.071823,	Delta[s+](10) = 0.0240211,	
	Delta[s+](11) = 0.071823,	Delta[s+](12) = 0.349753,	Delta[s+](13) = 0.158694,	Delta[s+](14) = 0.071823,	Delta[s+](15) = 0.158694
	
The 6-th iteration is completed.	|| time cost : 0h 1m 19.615s
********************************************************************************************************************
********************************************************************************************************************
Ground state is obtained after 7 iterations. The current ground-state energy is -31.435, in which electron energy is -31.4772 and phonon energy is 0.0421709
Final variational state is: 
	Gamma_x = [      1,1.26414,1.24509,1.26414,1.26414,1.27925,1.26604,1.27925,1.24509,1.26604,1.27342,1.26604,1.26414,1.27925,1.26604,1.27925]
	lambda_q = [       3,0.227366,0.154214,0.227366,0.227366,0.167429,0.133467,0.167429,0.154214,0.133467,0.118126,0.133467,0.227366,0.167429,0.133467,0.167429]
Effective e-e interactions mediated by phonons are:
	momentum-space Vq = [     -1.8,-0.262501,-0.180301,-0.262501,-0.262501,-0.195308,-0.156598,-0.195308,-0.180301,-0.156598, -0.13896,-0.156598,-0.262501,-0.195308,-0.156598,-0.195308]
	real-space Vr = [ -0.297324, -0.117053,-0.0948955, -0.117053, -0.117053,-0.0986474,-0.0905771,-0.0986474,-0.0948955,-0.0905771,-0.0877752,-0.0905771, -0.117053,-0.0986474,-0.0905771,-0.0986474]
********************************************************************************************************************
o___o  ----------------------------------------
| L |	Time since last clock: 0h 0m 0.007s
A===A	Time since the beginning: 0h 5m 17.17s
***********************************************


Non-Gaussina ED ground state calculation is completed. The final ground-state energy is -31.435
********************************************************************************************************************
o___o  ----------------------------------------
| L |	Time since last clock: 0h 0m 0.003s
A===A	Time since the beginning: 0h 5m 17.173s
***********************************************



********************************************************************************************************************
All non-Gaussian ED ground state calculations have been completed. Exit now.
