SNEDics v3.2 diagonalization test program		Start at Fri Apr 26 23:49:12 2019

parallized on 80 MPI threads  * 6 OpenMP threads = 480 total threads.
************************************************************************************
************************************************************************************

Input file "model_params.in"
Hubbard-Holstein model parameters : 	t = 1    U = 6    g = 2.2361    W = 1    
************************************************************************************
Input file "hilbertspace_params.in"

Cluster Positions:				Cluster symmetry group : D4
 x ... x ... x ... x .....                       x ... x ... x ... x .....
 |           |           :                       |           |           :
 |           |           :                       |           |           :
12    13    14    15     x                       1     5     6     5     x
 |           |           :                       |           |           :
 |           |           :                       |           |           :
 8 --- 9 ---10 ---11 --- x                       2 --- 6 ---10 --- 6 --- x
 |           |           :                       |           |           :
 |           |           :                       |           |           :
 4     5     6     7     x                       1     5     6     5     x
 |           |           :                       |           |           :
 |           |           :                       |           |           :
 0 --- 1 --- 2 --- 3 --- x                       0 --- 1 --- 2 --- 1 --- x
orbital number : 1
************************************************************************************
0 rounds of non-Gaussian ED iteration : ground-state energy is -10.5522 | electron energy -10.5522 + phonon energy 0 | electron momentum kIdx = 0
Nq = 	16	0.0982957	0.161432	0.0982957	0.0982957	0.161432	0.219761	0.161432	0.161432	0.219761	0.273324	0.219761	0.0982957	0.161432	0.219761	0.161432
Sq = 	-3.34797e-19	0.423896	0.634552	0.423896	0.423896	0.634552	0.876339	0.634552	0.634552	0.876339	4.47761	0.876339	0.423896	0.634552	0.876339	0.634552
1 rounds of non-Gaussian ED iteration : ground-state energy is -26.4981 | electron energy -26.4981 + phonon energy 7.65381e-05 | electron momentum kIdx = 0
Nq = 	16	0.131664	0.203496	0.131664	0.131664	0.203496	0.275452	0.203496	0.203496	0.275452	0.337659	0.275452	0.131664	0.203496	0.275452	0.203496
Sq = 	5.8646e-19	0.427515	0.629122	0.427515	0.427515	0.629122	0.833255	0.629122	0.629122	0.833255	3.99509	0.833255	0.427515	0.629122	0.833255	0.629122
2 rounds of non-Gaussian ED iteration : ground-state energy is -38.9266 | electron energy -38.9286 + phonon energy 0.00205303 | electron momentum kIdx = 0
Nq = 	16	0.1524	0.226365	0.1524	0.1524	0.226365	0.306287	0.226365	0.226365	0.306287	0.371297	0.306287	0.1524	0.226365	0.306287	0.226365
Sq = 	1.21628e-19	0.427626	0.625683	0.427626	0.427626	0.625683	0.811162	0.625683	0.625683	0.811162	3.72651	0.811162	0.427626	0.625683	0.811162	0.625683
3 rounds of non-Gaussian ED iteration : ground-state energy is -48.9482 | electron energy -48.9589 + phonon energy 0.0107081 | electron momentum kIdx = 0
Nq = 	16	0.168114	0.241807	0.168114	0.168114	0.241807	0.327591	0.241807	0.241807	0.327591	0.39346	0.327591	0.168114	0.241807	0.327591	0.241807
Sq = 	-2.5627e-18	0.426924	0.622985	0.426924	0.426924	0.622985	0.796307	0.622985	0.622985	0.796307	3.54205	0.796307	0.426924	0.622985	0.796307	0.622985
4 rounds of non-Gaussian ED iteration : ground-state energy is -57.1214 | electron energy -57.1517 + phonon energy 0.0302248 | electron momentum kIdx = 0
Nq = 	16	0.1817	0.253854	0.1817	0.1817	0.253854	0.344814	0.253854	0.253854	0.344814	0.41079	0.344814	0.1817	0.253854	0.344814	0.253854
Sq = 	3.69083e-18	0.425866	0.620533	0.425866	0.425866	0.620533	0.784513	0.620533	0.620533	0.784513	3.39531	0.784513	0.425866	0.620533	0.784513	0.620533
5 rounds of non-Gaussian ED iteration : ground-state energy is -63.8178 | electron energy -63.8804 + phonon energy 0.0626162 | electron momentum kIdx = 0
Nq = 	16	0.194541	0.264208	0.194541	0.194541	0.264208	0.36035	0.264208	0.264208	0.36035	0.426042	0.36035	0.194541	0.264208	0.36035	0.264208
Sq = 	-3.83531e-18	0.424529	0.618069	0.424529	0.424529	0.618069	0.774061	0.618069	0.618069	0.774061	3.26637	0.774061	0.424529	0.618069	0.774061	0.618069
6 rounds of non-Gaussian ED iteration : ground-state energy is -69.3181 | electron energy -69.4264 + phonon energy 0.108352 | electron momentum kIdx = 0
Nq = 	16	0.207463	0.27369	0.207463	0.207463	0.27369	0.375441	0.27369	0.27369	0.375441	0.440521	0.375441	0.207463	0.27369	0.375441	0.27369
Sq = 	-6.29433e-18	0.422895	0.615424	0.422895	0.422895	0.615424	0.764088	0.615424	0.615424	0.764088	3.14525	0.764088	0.422895	0.615424	0.764088	0.615424
7 rounds of non-Gaussian ED iteration : ground-state energy is -73.8455 | electron energy -74.0127 + phonon energy 0.167233 | electron momentum kIdx = 0
Nq = 	16	0.221088	0.28273	0.221088	0.221088	0.28273	0.390858	0.28273	0.28273	0.390858	0.454926	0.390858	0.221088	0.28273	0.390858	0.28273
Sq = 	-2.12196e-18	0.420905	0.612463	0.420905	0.420905	0.612463	0.754075	0.612463	0.612463	0.754075	3.02621	0.754075	0.420905	0.612463	0.754075	0.612463
8 rounds of non-Gaussian ED iteration : ground-state energy is -77.581 | electron energy -77.82 + phonon energy 0.238965 | electron momentum kIdx = 0
Nq = 	16	0.236011	0.291559	0.236011	0.236011	0.291559	0.407189	0.291559	0.291559	0.407189	0.469681	0.407189	0.236011	0.291559	0.407189	0.291559
Sq = 	-5.34081e-18	0.41847	0.609043	0.41847	0.41847	0.609043	0.743644	0.609043	0.609043	0.743644	2.90545	0.743644	0.41847	0.609043	0.743644	0.609043
9 rounds of non-Gaussian ED iteration : ground-state energy is -80.6732 | electron energy -80.9966 + phonon energy 0.323462 | electron momentum kIdx = 0
Nq = 	16	0.252918	0.30029	0.252918	0.252918	0.30029	0.424998	0.30029	0.30029	0.424998	0.485079	0.424998	0.252918	0.30029	0.424998	0.30029
Sq = 	3.04634e-18	0.41546	0.604993	0.41546	0.41546	0.604993	0.732446	0.604993	0.604993	0.732446	2.77994	0.732446	0.41546	0.604993	0.732446	0.604993
10 rounds of non-Gaussian ED iteration : ground-state energy is -83.2446 | electron energy -83.6656 + phonon energy 0.420977 | electron momentum kIdx = 0
Nq = 	16	0.272738	0.308948	0.272738	0.272738	0.308948	0.444932	0.308948	0.308948	0.444932	0.501335	0.444932	0.272738	0.308948	0.444932	0.308948
Sq = 	-5.24818e-18	0.411685	0.600069	0.411685	0.411685	0.600069	0.720091	0.600069	0.600069	0.720091	2.64678	0.720091	0.411685	0.600069	0.720091	0.600069
11 rounds of non-Gaussian ED iteration : ground-state energy is -85.3978 | electron energy -85.9299 + phonon energy 0.532153 | electron momentum kIdx = 0
Nq = 	16	0.296878	0.317469	0.296878	0.296878	0.317469	0.467835	0.317469	0.317469	0.467835	0.518575	0.467835	0.296878	0.317469	0.467835	0.317469
Sq = 	-4.85693e-18	0.406851	0.59391	0.406851	0.406851	0.59391	0.706065	0.59391	0.59391	0.706065	2.50264	0.706065	0.406851	0.59391	0.706065	0.59391
12 rounds of non-Gaussian ED iteration : ground-state energy is -87.2202 | electron energy -87.8782 + phonon energy 0.658023 | electron momentum kIdx = 0
Nq = 	16	0.327701	0.325655	0.327701	0.327701	0.325655	0.494888	0.325655	0.325655	0.494888	0.536753	0.494888	0.327701	0.325655	0.494888	0.325655
Sq = 	-1.13677e-18	0.400486	0.585923	0.400486	0.400486	0.585923	0.689599	0.585923	0.585923	0.689598	2.34308	0.689598	0.400486	0.585923	0.689599	0.585923
13 rounds of non-Gaussian ED iteration : ground-state energy is -88.7892 | electron energy -89.5892 + phonon energy 0.799947 | electron momentum kIdx = 0
Nq = 	16	0.369676	0.333078	0.369676	0.369676	0.333078	0.527798	0.333078	0.333078	0.527798	0.555376	0.527798	0.369676	0.333078	0.527798	0.333078
Sq = 	-7.31215e-18	0.391759	0.575049	0.391759	0.391759	0.575049	0.669409	0.575049	0.575049	0.669409	2.16129	0.669409	0.391759	0.575049	0.669409	0.575049
14 rounds of non-Gaussian ED iteration : ground-state energy is -90.1796 | electron energy -91.139 + phonon energy 0.959401 | electron momentum kIdx = 0
Nq = 	16	0.432941	0.338843	0.432941	0.432941	0.338843	0.568796	0.338843	0.338843	0.568796	0.572688	0.568796	0.432941	0.338843	0.568796	0.338843
Sq = 	6.9077e-18	0.379004	0.559076	0.379004	0.379004	0.559076	0.643005	0.559077	0.559076	0.643005	1.94481	0.643005	0.379004	0.559077	0.643005	0.559076
15 rounds of non-Gaussian ED iteration : ground-state energy is -91.4788 | electron energy -92.616 + phonon energy 1.13724 | electron momentum kIdx = 0
Nq = 	16	0.554047	0.341067	0.554047	0.554047	0.341067	0.616846	0.341067	0.341067	0.616846	0.583014	0.616846	0.554047	0.341067	0.616846	0.341067
Sq = 	2.7536e-19	0.357599	0.531204	0.357599	0.357599	0.531204	0.603373	0.531204	0.531204	0.603373	1.6559	0.603373	0.357599	0.531204	0.603373	0.531204
16 rounds of non-Gaussian ED iteration : ground-state energy is -92.907 | electron energy -94.2373 + phonon energy 1.33031 | electron momentum kIdx = 0
Nq = 	16	1.12526	0.337179	1.12526	1.12526	0.337179	0.556775	0.337179	0.337179	0.556775	0.591551	0.556775	1.12526	0.337179	0.556775	0.337179
Sq = 	-2.75529e-18	0.296986	0.43184	0.296986	0.296986	0.43184	0.494111	0.43184	0.431839	0.494111	0.90181	0.494111	0.296986	0.43184	0.494111	0.43184
17 rounds of non-Gaussian ED iteration : ground-state energy is -95.2051 | electron energy -96.6908 + phonon energy 1.48564 | electron momentum kIdx = 0
Nq = 	16	1.93771	0.287586	1.93771	1.93556	0.287549	0.395654	0.287549	0.287513	0.395595	0.437856	0.395595	1.93556	0.287549	0.395654	0.287549
Sq = 	3.15709e-19	0.21521	0.304311	0.21521	0.215213	0.30427	0.347295	0.30427	0.304228	0.347249	0.432265	0.347249	0.215213	0.30427	0.347295	0.30427
18 rounds of non-Gaussian ED iteration : ground-state energy is -97.6831 | electron energy -99.209 + phonon energy 1.52586 | electron momentum kIdx = 0
Nq = 	16	4.03052	0.27718	4.03052	0.437739	0.254422	0.386527	0.254422	0.231639	0.332418	0.346593	0.332418	0.437739	0.254422	0.386527	0.254422
Sq = 	-6.43892e-19	0.157064	0.280212	0.157064	0.196266	0.256579	0.309536	0.256579	0.232925	0.275087	0.337125	0.275087	0.196266	0.256579	0.309536	0.256579
19 rounds of non-Gaussian ED iteration : ground-state energy is -100.761 | electron energy -102.276 + phonon energy 1.51482 | electron momentum kIdx = 0
Nq = 	16	7.57337	0.0568389	7.57337	5.94492e-07	0.0284085	0.0575567	0.0284085	1.04843e-06	0.0287294	0.0569451	0.0287294	5.94492e-07	0.0284085	0.0575567	0.0284085
Sq = 	2.30113e-20	0.028337	0.0566645	0.028337	5.47116e-07	0.0283329	0.0566535	0.0283329	1.00206e-06	0.0283278	0.0566372	0.0283278	5.47116e-07	0.0283329	0.0566535	0.0283329
20 rounds of non-Gaussian ED iteration : ground-state energy is -103.99 | electron energy -105.083 + phonon energy 1.0927 | electron momentum kIdx = 0
Nq = 	16	7.70673	0.038934	7.70673	2.51453e-08	0.0194622	0.0391617	0.0194622	4.86986e-08	0.0195669	0.0390408	0.0195669	2.51453e-08	0.0194622	0.0391617	0.0194622
Sq = 	-4.43811e-20	0.0195775	0.0391559	0.0195775	2.51224e-08	0.019578	0.039157	0.019578	4.91149e-08	0.0195786	0.0391584	0.0195786	2.51224e-08	0.019578	0.039157	0.019578
21 rounds of non-Gaussian ED iteration : ground-state energy is -106.309 | electron energy -107.099 + phonon energy 0.790216 | electron momentum kIdx = 0
Nq = 	16	7.77162	0.0303125	7.77162	3.45665e-08	0.0151528	0.0304037	0.0151528	6.77085e-08	0.0151954	0.0303747	0.0151954	3.45665e-08	0.0151528	0.0304037	0.0151528
Sq = 	1.78135e-19	0.0152658	0.0305331	0.0152658	3.51929e-08	0.0152666	0.0305347	0.0152666	6.91918e-08	0.0152674	0.0305365	0.0152674	3.51929e-08	0.0152666	0.0305347	0.0152666
22 rounds of non-Gaussian ED iteration : ground-state energy is -107.964 | electron energy -108.541 + phonon energy 0.576935 | electron momentum kIdx = 0
Nq = 	16	7.81022	0.0251992	7.81022	3.16323e-08	0.0125971	0.0252403	0.0125971	6.21909e-08	0.0126165	0.0252329	0.0126165	3.16323e-08	0.0125971	0.0252403	0.0125971
Sq = 	1.05469e-20	0.012688	0.0253772	0.012688	3.221e-08	0.0126886	0.0253784	0.0126886	6.35745e-08	0.0126892	0.0253798	0.0126892	3.221e-08	0.0126886	0.0253784	0.0126886
23 rounds of non-Gaussian ED iteration : ground-state energy is -109.152 | electron energy -109.58 + phonon energy 0.428741 | electron momentum kIdx = 0
Nq = 	16	7.83495	0.021925	7.83495	2.57074e-08	0.0109607	0.0219456	0.0109607	5.06453e-08	0.0109704	0.0219435	0.0109704	2.57074e-08	0.0109607	0.0219456	0.0109607
Sq = 	9.48651e-20	0.0110336	0.022068	0.0110336	2.61301e-08	0.011034	0.0220689	0.011034	5.16757e-08	0.0110345	0.0220699	0.0110345	2.61301e-08	0.011034	0.0220689	0.011034
24 rounds of non-Gaussian ED iteration : ground-state energy is -110.013 | electron energy -110.34 + phonon energy 0.326797 | electron momentum kIdx = 0
Nq = 	16	7.85129	0.019762	7.85129	2.0842e-08	0.00987971	0.0197734	0.00987971	4.11161e-08	0.00988511	0.0197726	0.00988511	2.0842e-08	0.00987971	0.0197734	0.00987971
Sq = 	-1.21384e-19	0.00994022	0.0198811	0.00994022	2.11526e-08	0.00994056	0.0198818	0.00994056	4.18829e-08	0.00994093	0.0198826	0.00994093	2.11526e-08	0.00994056	0.0198818	0.00994056
25 rounds of non-Gaussian ED iteration : ground-state energy is -110.643 | electron energy -110.9 + phonon energy 0.257022 | electron momentum kIdx = 0
Nq = 	16	7.86247	0.0182812	7.86247	1.73877e-08	0.00913967	0.0182881	0.00913967	3.4335e-08	0.00914293	0.0182877	0.00914293	1.73877e-08	0.00913967	0.0182881	0.00913967
Sq = 	9.62539e-20	0.00919186	0.0183843	0.00919186	1.76272e-08	0.00919215	0.0183849	0.00919215	3.49311e-08	0.00919244	0.0183855	0.00919244	1.76272e-08	0.00919215	0.0183849	0.00919215
26 rounds of non-Gaussian ED iteration : ground-state energy is -111.107 | electron energy -111.316 + phonon energy 0.209353 | electron momentum kIdx = 0
Nq = 	16	7.87043	0.0172253	7.87043	1.49754e-08	0.00861197	0.0172298	0.00861197	2.95927e-08	0.00861408	0.0172294	0.00861408	1.49754e-08	0.00861197	0.0172298	0.00861197
Sq = 	5.01197e-20	0.00865844	0.0173173	0.00865844	1.51693e-08	0.00865868	0.0173178	0.00865868	3.0078e-08	0.00865893	0.0173184	0.00865893	1.51693e-08	0.00865868	0.0173178	0.00865868
27 rounds of non-Gaussian ED iteration : ground-state energy is -111.45 | electron energy -111.627 + phonon energy 0.176795 | electron momentum kIdx = 0
Nq = 	16	7.87633	0.0164442	7.87633	1.32601e-08	0.00822156	0.0164472	0.00822156	2.62172e-08	0.00822298	0.0164469	0.00822298	1.32601e-08	0.00822156	0.0164472	0.00822156
Sq = 	1.21956e-20	0.00826394	0.0165283	0.00826394	1.34235e-08	0.00826415	0.0165287	0.00826415	2.6628e-08	0.00826437	0.0165292	0.00826437	1.34235e-08	0.00826415	0.0165287	0.00826415
28 rounds of non-Gaussian ED iteration : ground-state energy is -111.706 | electron energy -111.861 + phonon energy 0.154549 | electron momentum kIdx = 0
Nq = 	16	7.88081	0.0158493	7.88081	1.20096e-08	0.00792422	0.0158514	0.00792422	2.37547e-08	0.0079252	0.0158511	0.0079252	1.20096e-08	0.00792422	0.0158514	0.00792422
Sq = 	-3.44482e-20	0.00796358	0.0159275	0.00796358	1.21519e-08	0.00796377	0.0159279	0.00796377	2.41135e-08	0.00796397	0.0159283	0.00796397	1.21519e-08	0.00796377	0.0159279	0.00796377
29 rounds of non-Gaussian ED iteration : ground-state energy is -111.897 | electron energy -112.037 + phonon energy 0.13934 | electron momentum kIdx = 0
Nq = 	16	7.8843	0.0153863	7.8843	1.10763e-08	0.00769281	0.0153878	0.00769281	2.19159e-08	0.00769351	0.0153875	0.00769351	1.10763e-08	0.00769281	0.0153878	0.00769281
Sq = 	-6.78806e-20	0.0077299	0.0154601	0.0077299	1.12035e-08	0.00773008	0.0154605	0.00773008	2.22372e-08	0.00773026	0.0154609	0.00773026	1.12035e-08	0.00773008	0.0154605	0.00773008
30 rounds of non-Gaussian ED iteration : ground-state energy is -112.041 | electron energy -112.17 + phonon energy 0.128938 | electron momentum kIdx = 0
Nq = 	16	7.88706	0.0150202	7.88706	1.03656e-08	0.00750984	0.0150213	0.00750984	2.05151e-08	0.00751034	0.015021	0.00751034	1.03656e-08	0.00750984	0.0150213	0.00750984
Sq = 	-3.58759e-20	0.00754518	0.0150907	0.00754518	1.04816e-08	0.00754534	0.015091	0.00754534	2.08086e-08	0.00754551	0.0150914	0.00754551	1.04816e-08	0.00754534	0.015091	0.00754534
31 rounds of non-Gaussian ED iteration : ground-state energy is -112.149 | electron energy -112.271 + phonon energy 0.121821 | electron momentum kIdx = 0
Nq = 	16	7.88927	0.0147273	7.88927	9.81519e-09	0.00736344	0.0147281	0.00736344	1.94297e-08	0.00736379	0.0147278	0.00736379	9.81519e-09	0.00736344	0.0147281	0.00736344
Sq = 	-1.02039e-19	0.0073974	0.0147951	0.0073974	9.92267e-09	0.00739756	0.0147954	0.00739756	1.97023e-08	0.00739772	0.0147958	0.00739772	9.92267e-09	0.00739756	0.0147954	0.00739756
32 rounds of non-Gaussian ED iteration : ground-state energy is -112.231 | electron energy -112.348 + phonon energy 0.116953 | electron momentum kIdx = 0
Nq = 	16	7.89106	0.0144908	7.89106	9.3828e-09	0.00724521	0.0144914	0.00724521	1.8577e-08	0.00724546	0.0144911	0.00724546	9.3828e-09	0.00724521	0.0144914	0.00724521
Sq = 	-2.441e-20	0.00727809	0.0145565	0.00727809	9.48378e-09	0.00727824	0.0145568	0.00727824	1.88333e-08	0.00727839	0.0145571	0.00727839	9.48378e-09	0.00727824	0.0145568	0.00727824
33 rounds of non-Gaussian ED iteration : ground-state energy is -112.293 | electron energy -112.406 + phonon energy 0.113628 | electron momentum kIdx = 0
Nq = 	16	7.89251	0.0142984	7.89251	9.03917e-09	0.00714905	0.0142988	0.00714905	1.78991e-08	0.00714921	0.0142985	0.00714921	9.03917e-09	0.00714905	0.0142988	0.00714905
Sq = 	-4.25357e-20	0.00718105	0.0143624	0.00718105	9.13507e-09	0.0071812	0.0143627	0.0071812	1.81428e-08	0.00718135	0.014363	0.00718135	9.13507e-09	0.0071812	0.0143627	0.0071812
34 rounds of non-Gaussian ED iteration : ground-state energy is -112.34 | electron energy -112.451 + phonon energy 0.111361 | electron momentum kIdx = 0
Nq = 	16	7.89369	0.014141	7.89369	8.76337e-09	0.00707036	0.0141413	0.00707036	1.73549e-08	0.00707047	0.014141	0.00707047	8.76337e-09	0.00707036	0.0141413	0.00707036
Sq = 	8.5951e-20	0.00710167	0.0142036	0.00710167	8.85526e-09	0.0071018	0.0142039	0.0071018	1.75886e-08	0.00710195	0.0142042	0.00710195	8.85526e-09	0.0071018	0.0142039	0.0071018
35 rounds of non-Gaussian ED iteration : ground-state energy is -112.376 | electron energy -112.486 + phonon energy 0.109822 | electron momentum kIdx = 0
Nq = 	16	7.89467	0.0140116	7.89467	8.5402e-09	0.00700566	0.0140117	0.00700566	1.69145e-08	0.00700572	0.0140115	0.00700572	8.5402e-09	0.00700566	0.0140117	0.00700566
Sq = 	-4.21608e-20	0.0070364	0.0140731	0.0070364	8.62887e-09	0.00703653	0.0140733	0.00703653	1.71402e-08	0.00703667	0.0140736	0.00703667	8.62887e-09	0.00703653	0.0140733	0.00703653
36 rounds of non-Gaussian ED iteration : ground-state energy is -112.404 | electron energy -112.513 + phonon energy 0.108782 | electron momentum kIdx = 0
Nq = 	16	7.89547	0.0139047	7.89547	8.35835e-09	0.00695225	0.0139048	0.00695225	1.65557e-08	0.00695227	0.0139045	0.00695227	8.35835e-09	0.00695225	0.0139048	0.00695225
Sq = 	9.22053e-21	0.00698252	0.0139653	0.00698252	8.44443e-09	0.00698265	0.0139656	0.00698265	1.67748e-08	0.00698279	0.0139658	0.00698279	8.44443e-09	0.00698265	0.0139656	0.00698265
37 rounds of non-Gaussian ED iteration : ground-state energy is -112.425 | electron energy -112.534 + phonon energy 0.108085 | electron momentum kIdx = 0
Nq = 	16	7.89614	0.0138162	7.89614	8.20929e-09	0.006908	0.0138162	0.006908	1.62615e-08	0.00690799	0.0138159	0.00690799	8.20929e-09	0.006908	0.0138162	0.006908
Sq = 	-1.00192e-19	0.00693788	0.013876	0.00693788	8.29326e-09	0.00693801	0.0138763	0.00693801	1.64753e-08	0.00693815	0.0138766	0.00693815	8.29326e-09	0.00693801	0.0138763	0.00693801
38 rounds of non-Gaussian ED iteration : ground-state energy is -112.442 | electron energy -112.55 + phonon energy 0.107625 | electron momentum kIdx = 0
Nq = 	16	7.89669	0.0137427	7.89669	8.0865e-09	0.00687123	0.0137426	0.00687123	1.60191e-08	0.0068712	0.0137423	0.0068712	8.0865e-09	0.00687123	0.0137426	0.00687123
Sq = 	1.38891e-19	0.0069008	0.0138018	0.0069008	8.16875e-09	0.00690092	0.0138021	0.00690092	1.62286e-08	0.00690106	0.0138024	0.00690106	8.16875e-09	0.00690092	0.0138021	0.00690092
39 rounds of non-Gaussian ED iteration : ground-state energy is -112.455 | electron energy -112.562 + phonon energy 0.107327 | electron momentum kIdx = 0
Nq = 	16	7.89715	0.0136814	7.89715	7.98492e-09	0.0068406	0.0136813	0.0068406	1.58186e-08	0.00684056	0.013681	0.00684056	7.98492e-09	0.0068406	0.0136813	0.0068406
Sq = 	8.01888e-20	0.0068699	0.0137401	0.0068699	8.06575e-09	0.00687003	0.0137403	0.00687003	1.60246e-08	0.00687016	0.0137406	0.00687016	8.06575e-09	0.00687003	0.0137403	0.00687003
40 rounds of non-Gaussian ED iteration : ground-state energy is -112.465 | electron energy -112.572 + phonon energy 0.107139 | electron momentum kIdx = 0
Nq = 	16	7.89754	0.0136302	7.89754	7.90057e-09	0.00681503	0.0136301	0.00681503	1.56521e-08	0.00681497	0.0136298	0.00681497	7.90057e-09	0.00681503	0.0136301	0.00681503
Sq = 	6.62738e-20	0.00684411	0.0136885	0.00684411	7.98023e-09	0.00684424	0.0136887	0.00684424	1.58551e-08	0.00684437	0.013689	0.00684437	7.98023e-09	0.00684424	0.0136887	0.00684424
41 rounds of non-Gaussian ED iteration : ground-state energy is -112.473 | electron energy -112.58 + phonon energy 0.107027 | electron momentum kIdx = 0
Nq = 	16	7.89786	0.0135874	7.89786	7.8303e-09	0.00679364	0.0135873	0.00679364	1.55133e-08	0.00679356	0.013587	0.00679356	7.8303e-09	0.00679364	0.0135873	0.00679364
Sq = 	-6.56316e-20	0.00682254	0.0136453	0.00682254	7.90899e-09	0.00682266	0.0136456	0.00682266	1.5714e-08	0.00682279	0.0136458	0.00682279	7.90899e-09	0.00682266	0.0136456	0.00682266
42 rounds of non-Gaussian ED iteration : ground-state energy is -112.479 | electron energy -112.586 + phonon energy 0.106966 | electron momentum kIdx = 0
Nq = 	16	7.89813	0.0135516	7.89813	7.77161e-09	0.00677571	0.0135514	0.00677571	1.53975e-08	0.00677563	0.0135511	0.00677563	7.77161e-09	0.00677571	0.0135514	0.00677571
Sq = 	5.67237e-20	0.00680446	0.0136092	0.00680446	7.8495e-09	0.00680458	0.0136094	0.00680458	1.55961e-08	0.00680471	0.0136097	0.00680471	7.8495e-09	0.00680458	0.0136094	0.00680458
43 rounds of non-Gaussian ED iteration : ground-state energy is -112.484 | electron energy -112.591 + phonon energy 0.106939 | electron momentum kIdx = 0
Nq = 	16	7.89836	0.0135215	7.89836	7.72248e-09	0.00676067	0.0135213	0.00676067	1.53005e-08	0.00676058	0.013521	0.00676058	7.72248e-09	0.00676067	0.0135213	0.00676067
Sq = 	8.17593e-20	0.00678929	0.0135788	0.00678929	7.79968e-09	0.00678941	0.0135791	0.00678941	1.54974e-08	0.00678954	0.0135793	0.00678954	7.79968e-09	0.00678941	0.0135791	0.00678941
44 rounds of non-Gaussian ED iteration : ground-state energy is -112.488 | electron energy -112.595 + phonon energy 0.106934 | electron momentum kIdx = 0
Nq = 	16	7.89855	0.0134962	7.89855	7.68125e-09	0.00674803	0.013496	0.00674803	1.52191e-08	0.00674793	0.0134957	0.00674793	7.68125e-09	0.00674803	0.013496	0.00674803
Sq = 	8.89827e-21	0.00677654	0.0135533	0.00677654	7.7579e-09	0.00677666	0.0135536	0.00677666	1.54145e-08	0.00677679	0.0135538	0.00677679	7.7579e-09	0.00677666	0.0135536	0.00677666
45 rounds of non-Gaussian ED iteration : ground-state energy is -112.491 | electron energy -112.598 + phonon energy 0.106943 | electron momentum kIdx = 0
Nq = 	16	7.89871	0.0134749	7.89871	7.6466e-09	0.00673739	0.0134747	0.00673739	1.51507e-08	0.00673729	0.0134744	0.00673729	7.6466e-09	0.00673739	0.0134747	0.00673739
Sq = 	-6.84889e-20	0.00676581	0.0135319	0.00676581	7.72277e-09	0.00676593	0.0135321	0.00676593	1.53449e-08	0.00676606	0.0135324	0.00676606	7.72277e-09	0.00676593	0.0135321	0.00676593
46 rounds of non-Gaussian ED iteration : ground-state energy is -112.493 | electron energy -112.6 + phonon energy 0.106961 | electron momentum kIdx = 0
Nq = 	16	7.89885	0.013457	7.89885	7.61744e-09	0.00672843	0.0134568	0.00672843	1.50931e-08	0.00672833	0.0134565	0.00672833	7.61744e-09	0.00672843	0.0134568	0.00672843
Sq = 	-5.28872e-20	0.00675678	0.0135138	0.00675678	7.69321e-09	0.0067569	0.013514	0.0067569	1.52864e-08	0.00675703	0.0135143	0.00675703	7.69321e-09	0.0067569	0.013514	0.0067569
47 rounds of non-Gaussian ED iteration : ground-state energy is -112.495 | electron energy -112.602 + phonon energy 0.106984 | electron momentum kIdx = 0
Nq = 	16	7.89896	0.0134419	7.89896	7.59285e-09	0.00672088	0.0134417	0.00672088	1.50445e-08	0.00672077	0.0134414	0.00672077	7.59285e-09	0.00672088	0.0134417	0.00672088
Sq = 	-4.02342e-21	0.00674917	0.0134986	0.00674917	7.66829e-09	0.00674929	0.0134988	0.00674929	1.5237e-08	0.00674941	0.0134991	0.00674941	7.66829e-09	0.00674929	0.0134988	0.00674929
48 rounds of non-Gaussian ED iteration : ground-state energy is -112.497 | electron energy -112.604 + phonon energy 0.10701 | electron momentum kIdx = 0
Nq = 	16	7.89906	0.0134291	7.89906	7.5721e-09	0.00671451	0.0134289	0.00671451	1.50036e-08	0.0067144	0.0134287	0.0067144	7.5721e-09	0.00671451	0.0134289	0.00671451
Sq = 	-3.79776e-20	0.00674274	0.0134857	0.00674274	7.64726e-09	0.00674286	0.013486	0.00674286	1.51953e-08	0.00674298	0.0134862	0.00674298	7.64726e-09	0.00674286	0.013486	0.00674286
49 rounds of non-Gaussian ED iteration : ground-state energy is -112.498 | electron energy -112.605 + phonon energy 0.107036 | electron momentum kIdx = 0
Nq = 	16	7.89914	0.0134184	7.89914	7.55457e-09	0.00670913	0.0134182	0.00670913	1.49689e-08	0.00670902	0.0134179	0.00670902	7.55457e-09	0.00670913	0.0134182	0.00670913
Sq = 	-6.9595e-20	0.00673732	0.0134749	0.00673732	7.62949e-09	0.00673743	0.0134751	0.00673743	1.51601e-08	0.00673756	0.0134754	0.00673756	7.62949e-09	0.00673743	0.0134751	0.00673743
50 rounds of non-Gaussian ED iteration : ground-state energy is -112.499 | electron energy -112.606 + phonon energy 0.107061 | electron momentum kIdx = 0
Nq = 	16	7.8992	0.0134093	7.8992	7.53975e-09	0.00670458	0.0134091	0.00670458	1.49397e-08	0.00670447	0.0134088	0.00670447	7.53975e-09	0.00670458	0.0134091	0.00670458
Sq = 	-9.78382e-21	0.00673273	0.0134657	0.00673273	7.61446e-09	0.00673285	0.0134659	0.00673285	1.51303e-08	0.00673297	0.0134662	0.00673297	7.61446e-09	0.00673285	0.0134659	0.00673285
51 rounds of non-Gaussian ED iteration : ground-state energy is -112.499 | electron energy -112.607 + phonon energy 0.107086 | electron momentum kIdx = 0
Nq = 	16	7.89926	0.0134016	7.89926	7.5272e-09	0.00670074	0.0134014	0.00670074	1.49149e-08	0.00670062	0.0134011	0.00670062	7.5272e-09	0.00670074	0.0134014	0.00670074
Sq = 	-1.41863e-19	0.00672885	0.0134579	0.00672885	7.60174e-09	0.00672897	0.0134582	0.00672897	1.51051e-08	0.0067291	0.0134584	0.0067291	7.60174e-09	0.00672897	0.0134582	0.00672897
52 rounds of non-Gaussian ED iteration : ground-state energy is -112.5 | electron energy -112.607 + phonon energy 0.107108 | electron momentum kIdx = 0
Nq = 	16	7.89931	0.0133951	7.89931	7.51657e-09	0.00669749	0.0133949	0.00669749	1.48939e-08	0.00669737	0.0133946	0.00669737	7.51657e-09	0.00669749	0.0133949	0.00669749
Sq = 	1.61253e-20	0.00672558	0.0134514	0.00672558	7.59097e-09	0.00672569	0.0134516	0.00672569	1.50837e-08	0.00672582	0.0134519	0.00672582	7.59097e-09	0.00672569	0.0134516	0.00672569
53 rounds of non-Gaussian ED iteration : ground-state energy is -112.501 | electron energy -112.608 + phonon energy 0.10713 | electron momentum kIdx = 0
Nq = 	16	7.89935	0.0133896	7.89935	7.50757e-09	0.00669473	0.0133893	0.00669473	1.48761e-08	0.00669462	0.0133891	0.00669462	7.50757e-09	0.00669473	0.0133893	0.00669473
Sq = 	-4.2038e-20	0.0067228	0.0134458	0.0067228	7.58184e-09	0.00672292	0.0134461	0.00672292	1.50657e-08	0.00672304	0.0134463	0.00672304	7.58184e-09	0.00672292	0.0134461	0.00672292
54 rounds of non-Gaussian ED iteration : ground-state energy is -112.501 | electron energy -112.608 + phonon energy 0.107149 | electron momentum kIdx = 0
Nq = 	16	7.89939	0.0133849	7.89939	7.49993e-09	0.0066924	0.0133847	0.0066924	1.4861e-08	0.00669228	0.0133844	0.00669228	7.49993e-09	0.0066924	0.0133847	0.0066924
Sq = 	7.0496e-20	0.00672045	0.0134411	0.00672045	7.5741e-09	0.00672057	0.0134414	0.00672057	1.50503e-08	0.00672069	0.0134416	0.00672069	7.5741e-09	0.00672057	0.0134414	0.00672057
55 rounds of non-Gaussian ED iteration : ground-state energy is -112.501 | electron energy -112.609 + phonon energy 0.107166 | electron momentum kIdx = 0
Nq = 	16	7.89942	0.013381	7.89942	7.49345e-09	0.00669043	0.0133807	0.00669043	1.48482e-08	0.00669031	0.0133805	0.00669031	7.49345e-09	0.00669043	0.0133807	0.00669043
Sq = 	-2.95487e-20	0.00671846	0.0134371	0.00671846	7.56753e-09	0.00671858	0.0134374	0.00671858	1.50373e-08	0.0067187	0.0134376	0.0067187	7.56753e-09	0.00671858	0.0134374	0.00671858
56 rounds of non-Gaussian ED iteration : ground-state energy is -112.502 | electron energy -112.609 + phonon energy 0.107182 | electron momentum kIdx = 0
Nq = 	16	7.89944	0.0133776	7.89944	7.48794e-09	0.00668875	0.0133774	0.00668875	1.48374e-08	0.00668863	0.0133771	0.00668863	7.48794e-09	0.00668875	0.0133774	0.00668875
Sq = 	3.61214e-20	0.00671677	0.0134338	0.00671677	7.56196e-09	0.00671689	0.013434	0.00671689	1.50262e-08	0.00671701	0.0134343	0.00671701	7.56196e-09	0.00671689	0.013434	0.00671689
57 rounds of non-Gaussian ED iteration : ground-state energy is -112.502 | electron energy -112.609 + phonon energy 0.107196 | electron momentum kIdx = 0
Nq = 	16	7.89946	0.0133748	7.89946	7.48327e-09	0.00668733	0.0133745	0.00668733	1.48282e-08	0.00668721	0.0133743	0.00668721	7.48327e-09	0.00668733	0.0133745	0.00668733
Sq = 	-3.5289e-20	0.00671534	0.0134309	0.00671534	7.55722e-09	0.00671545	0.0134311	0.00671545	1.50168e-08	0.00671558	0.0134314	0.00671558	7.55722e-09	0.00671545	0.0134311	0.00671545
58 rounds of non-Gaussian ED iteration : ground-state energy is -112.502 | electron energy -112.609 + phonon energy 0.107208 | electron momentum kIdx = 0
Nq = 	16	7.89948	0.0133724	7.89948	7.4793e-09	0.00668613	0.0133721	0.00668613	1.48203e-08	0.00668601	0.0133719	0.00668601	7.4793e-09	0.00668613	0.0133721	0.00668613
Sq = 	-3.71832e-20	0.00671412	0.0134285	0.00671412	7.5532e-09	0.00671424	0.0134287	0.00671424	1.50089e-08	0.00671436	0.013429	0.00671436	7.5532e-09	0.00671424	0.0134287	0.00671424
59 rounds of non-Gaussian ED iteration : ground-state energy is -112.502 | electron energy -112.609 + phonon energy 0.10722 | electron momentum kIdx = 0
Nq = 	16	7.8995	0.0133703	7.8995	7.47593e-09	0.00668511	0.0133701	0.00668511	1.48137e-08	0.00668499	0.0133698	0.00668499	7.47593e-09	0.00668511	0.0133701	0.00668511
Sq = 	-8.47979e-20	0.00671309	0.0134264	0.00671309	7.54978e-09	0.00671321	0.0134267	0.00671321	1.50021e-08	0.00671333	0.0134269	0.00671333	7.54978e-09	0.00671321	0.0134267	0.00671321
srun: Job step aborted: Waiting up to 32 seconds for job step to finish.
slurmstepd: error: *** STEP 13182236.0 ON nid00302 CANCELLED AT 2019-04-27T04:49:14 DUE TO TIME LIMIT ***
srun: got SIGCONT
srun: forcing job termination
