TACC:  Starting up job 4394856 
TACC:  Starting parallel tasks... 
SNEDics v3.4 Non-Gaussian ED ground state program		Start at Wed Sep 25 13:26:12 2019

parallized on 32 MPI threads  * 6 OpenMP threads = 192 total threads.
********************************************************************************************************************
********************************************************************************************************************

********************************************************************************************************************
System parameters and configurations
********************************************************************************************************************
Special program options are enabled: splitted diagonal Hamiltonian
********************************************************************************************************************
Read input file "model_params.in"
	Hubbard-Holstein model parameters : 	t = 1    U = 0.3    g = 1.5811    W = 5    
********************************************************************************************************************
Read input file "hilbertspace_params.in"
	Requested 16-site 2D lattice, with 14 electrons (7, 7)
	Boundary : Periodic		Hilbert space representation : momentum-space (restricted to kIdx = 10)
	Conservation: particle number[U(1)]      spin[U(1)]     momentum
********************************************************************************************************************

Cluster Positions:				Cluster symmetry group : D4
 x ... x ... x ... x .....                       x ... x ... x ... x .....
 |           |           :                       |           |           :
 |           |           :                       |           |           :
12    13    14    15     x                       1     5     6     5     x
 |           |           :                       |           |           :
 |           |           :                       |           |           :
 8 --- 9 ---10 ---11 --- x                       2 --- 6 ---10 --- 6 --- x
 |           |           :                       |           |           :
 |           |           :                       |           |           :
 4     5     6     7     x                       1     5     6     5     x
 |           |           :                       |           |           :
 |           |           :                       |           |           :
 0 --- 1 --- 2 --- 3 --- x                       0 --- 1 --- 2 --- 1 --- x
orbital number : 1
********************************************************************************************************************
Read input file "obs_params.in"
	Observable Type : Nq(All),   Sq(All),   N(All),   Delta[s](All),   Delta[d](All),   Delta[s+](All)
********************************************************************************************************************
** WARNING ** the input observables have non-local factors which have been reinterpreted. The total observable number is 96
********************************************************************************************************************


********************************************************************************************************************
Start calculating the non-Gaussian ED ground state
** WARNING ** Detected low phonon energy W < 10. The initial state will be prepared through a warm-up process.
********************************************************************************************************************
Start warm-up calculation for scaling factor 2
open output files: NGSEDWarmUpW10Obs.txt
********************************************************************************************************************
Start the 0 rounds of NGS-ED iteration
	effective electronic model is modified as: kinetic energy t = 1
	                                           effective interaction Vq = [0,0,0,0,0,0,0,0,0,0,0,0,0,0,0,0]
	first Hamiltonian is constructed, non-zero numbers = 2178478152
	PARPACK diagonalization completed after 195 matrix-vector product operations.
	iteration results: : total energy is -23.175152 | electron energy -23.175152 + phonon energy 0.000000 | electron momentum kIdx = 10
	Nq(0) = 12.25,	Nq(1) = 0.356476,	Nq(2) = 0.377665,	Nq(3) = 0.356476,	Nq(4) = 0.359436,	Nq(5) = 0.450924,	Nq(6) = 0.601033,	Nq(7) = 0.404348,	Nq(8) = 0.593969,	Nq(9) = 0.59818,	Nq(10) = 0.611794,	Nq(11) = 0.59818,	Nq(12) = 0.359436,	Nq(13) = 0.404348,	Nq(14) = 0.601033,	Nq(15) = 0.450924,	Sq(0) = 4.25249e-18,	Sq(1) = 0.384272,	Sq(2) = 0.591108,	Sq(3) = 0.384272,	Sq(4) = 0.384766,	Sq(5) = 0.524156,	Sq(6) = 0.64342,	Sq(7) = 0.542295,	Sq(8) = 0.429959,	Sq(9) = 0.642976,	Sq(10) = 1.36094,	Sq(11) = 0.642976,	Sq(12) = 0.384766,	Sq(13) = 0.542295,	Sq(14) = 0.64342,	Sq(15) = 0.524156,	N(0) = 1.99944,	N(1) = 1.99892,	N(2) = 0.999966,	N(3) = 1.99892,	N(4) = 1.99889,	N(5) = 0.700395,	N(6) = 0.000821601,	N(7) = 0.300373,	N(8) = 0.999879,	N(9) = 0.000791027,	N(10) = 0.000322313,	N(11) = 0.000791027,	N(12) = 1.99889,	N(13) = 0.300373,	N(14) = 0.000821601,	N(15) = 0.700394,	Delta[s](0) = 0.293018,	Delta[s](1) = 0.233533,	Delta[s](2) = 0.179614,	Delta[s](3) = 0.233533,	Delta[s](4) = 0.233983,	Delta[s](5) = 0.163361,	Delta[s](6) = 0.120168,	Delta[s](7) = 0.141583,	Delta[s](8) = 0.179761,	Delta[s](9) = 0.119793,	Delta[s](10) = 0.00987598,	Delta[s](11) = 0.119793,	Delta[s](12) = 0.233983,	Delta[s](13) = 0.141583,	Delta[s](14) = 0.120168,	Delta[s](15) = 0.163361,	Delta[d](0) = 0.615482,	Delta[d](1) = 0.254863,	Delta[d](2) = 0.253011,	Delta[d](3) = 0.254863,	Delta[d](4) = 0.254867,	Delta[d](5) = 0.188194,	Delta[d](6) = 0.188654,	Delta[d](7) = 0.26993,	Delta[d](8) = 0.253197,	Delta[d](9) = 0.188793,	Delta[d](10) = 0.0468746,	Delta[d](11) = 0.188793,	Delta[d](12) = 0.254867,	Delta[d](13) = 0.26993,	Delta[d](14) = 0.188654,	Delta[d](15) = 0.188194,	Delta[s+](0) = 0.505221,	Delta[s+](1) = 0.378882,	Delta[s+](2) = 0.253011,	Delta[s+](3) = 0.378882,	Delta[s+](4) = 0.378882,	Delta[s+](5) = 0.215891,	Delta[s+](6) = 0.0666179,	Delta[s+](7) = 0.166181,	Delta[s+](8) = 0.253197,	Delta[s+](9) = 0.0667586,	Delta[s+](10) = 0.00249982,	Delta[s+](11) = 0.0667586,	Delta[s+](12) = 0.378882,	Delta[s+](13) = 0.166181,	Delta[s+](14) = 0.0666179,	Delta[s+](15) = 0.215891
The 0-th iteration is completed.	|| time cost : 0h 5m 11.607s
********************************************************************************************************************
Start the 1 rounds of NGS-ED iteration
	effective electronic model is modified as: kinetic energy (tx,ty)=(0.985188, 0.984975)
	                                           effective interaction Vq = [-0.432311,-0.412035,-0.394156,-0.412035,-0.412204,-0.400323,-0.396403,-0.396656,-0.408033,-0.396234,-0.385486,-0.396234,-0.412204,-0.396656,-0.396403,-0.400323]
	PARPACK diagonalization completed after 135 matrix-vector product operations.
	iteration results: : total energy is -31.447221 | electron energy -31.447503 + phonon energy 0.000282 | electron momentum kIdx = 10
The 1-th iteration is completed.	|| time cost : 0h 3m 7.172s
********************************************************************************************************************
Start the 2 rounds of NGS-ED iteration
	effective electronic model is modified as: kinetic energy (tx,ty)=(0.974475, 0.974393)
	                                           effective interaction Vq = [-0.490818,-0.471499,-0.461348,-0.471499,-0.471528,-0.462447,-0.453355,-0.461669,-0.463894,-0.453357, -0.46992,-0.453357,-0.471528,-0.461669,-0.453355,-0.462447]
	PARPACK diagonalization completed after 45 matrix-vector product operations.
	iteration results: : total energy is -32.510787 | electron energy -32.512634 + phonon energy 0.001847 | electron momentum kIdx = 10
The 2-th iteration is completed.	|| time cost : 0h 0m 22.844s
********************************************************************************************************************
Start the 3 rounds of NGS-ED iteration
	effective electronic model is modified as: kinetic energy (tx,ty)=(0.97081, 0.970784)
	                                           effective interaction Vq = [-0.498736, -0.48318,-0.474759, -0.48318,-0.483187, -0.47502,-0.464982,-0.474816,-0.475376,-0.464985,-0.485842,-0.464985,-0.483187,-0.474816,-0.464982, -0.47502]
	PARPACK diagonalization completed after 30 matrix-vector product operations.
	iteration results: : total energy is -32.640115 | electron energy -32.643321 + phonon energy 0.003206 | electron momentum kIdx = 10
The 3-th iteration is completed.	|| time cost : 0h 0m 19.285s
********************************************************************************************************************
Start the 4 rounds of NGS-ED iteration
	effective electronic model is modified as: kinetic energy (tx,ty)=(0.969685, 0.969677)
	                                           effective interaction Vq = [-0.499808,-0.486151,-0.478152,-0.486151,-0.486153,-0.478224, -0.46788,-0.478163,-0.478323,-0.467881,-0.489736,-0.467881,-0.486153,-0.478163, -0.46788,-0.478224]
	PARPACK diagonalization completed after 30 matrix-vector product operations.
	iteration results: : total energy is -32.656263 | electron energy -32.660073 + phonon energy 0.003811 | electron momentum kIdx = 10
The 4-th iteration is completed.	|| time cost : 0h 0m 19.318s
********************************************************************************************************************
Start the 5 rounds of NGS-ED iteration
	effective electronic model is modified as: kinetic energy (tx,ty)=(0.969348, 0.969345)
	                                           effective interaction Vq = [-0.499953,-0.487006,-0.479101,-0.487006,-0.487006,-0.479122,-0.468655,-0.479103,-0.479151,-0.468656,-0.490857,-0.468656,-0.487006,-0.479103,-0.468655,-0.479122]
	PARPACK diagonalization completed after 30 matrix-vector product operations.
	iteration results: : total energy is -32.658323 | electron energy -32.662345 + phonon energy 0.004022 | electron momentum kIdx = 10
The 5-th iteration is completed.	|| time cost : 0h 0m 19.348s
********************************************************************************************************************
Start the 6 rounds of NGS-ED iteration
	effective electronic model is modified as: kinetic energy t = 0.969247
	                                           effective interaction Vq = [-0.499972,-0.487263,-0.479376,-0.487263,-0.487263,-0.479382,-0.468867,-0.479376, -0.47939,-0.468867,-0.491204,-0.468867,-0.487263,-0.479376,-0.468867,-0.479382]
	PARPACK diagonalization completed after 30 matrix-vector product operations.
	iteration results: : total energy is -32.658598 | electron energy -32.662688 + phonon energy 0.004090 | electron momentum kIdx = 10
The 6-th iteration is completed.	|| time cost : 0h 0m 19.135s
********************************************************************************************************************
Start the 7 rounds of NGS-ED iteration
	effective electronic model is modified as: kinetic energy t = 0.969217
	                                           effective interaction Vq = [-0.499975,-0.487341,-0.479456,-0.487341,-0.487342,-0.479458,-0.468925,-0.479456, -0.47946,-0.468925,-0.491313,-0.468925,-0.487342,-0.479456,-0.468925,-0.479458]
	PARPACK diagonalization completed after 30 matrix-vector product operations.
	iteration results: : total energy is -32.658628 | electron energy -32.662739 + phonon energy 0.004111 | electron momentum kIdx = 10
	Nq(0) = 12.25,	Nq(1) = 0.381857,	Nq(2) = 0.565547,	Nq(3) = 0.381857,	Nq(4) = 0.381858,	Nq(5) = 0.565548,	Nq(6) = 0.647025,	Nq(7) = 0.565547,	Nq(8) = 0.565549,	Nq(9) = 0.647025,	Nq(10) = 1.87719,	Nq(11) = 0.647025,	Nq(12) = 0.381858,	Nq(13) = 0.565547,	Nq(14) = 0.647025,	Nq(15) = 0.565548,	Sq(0) = -4.92474e-18,	Sq(1) = 0.336421,	Sq(2) = 0.358916,	Sq(3) = 0.336421,	Sq(4) = 0.336421,	Sq(5) = 0.358916,	Sq(6) = 0.567944,	Sq(7) = 0.358916,	Sq(8) = 0.358916,	Sq(9) = 0.567945,	Sq(10) = 0.593038,	Sq(11) = 0.567945,	Sq(12) = 0.336421,	Sq(13) = 0.358916,	Sq(14) = 0.567944,	Sq(15) = 0.358916,	N(0) = 1.99797,	N(1) = 1.99467,	N(2) = 0.667752,	N(3) = 1.99467,	N(4) = 1.99467,	N(5) = 0.66775,	N(6) = 0.00379371,	N(7) = 0.667747,	N(8) = 0.667749,	N(9) = 0.00379372,	N(10) = 0.00165769,	N(11) = 0.00379372,	N(12) = 1.99467,	N(13) = 0.667747,	N(14) = 0.00379371,	N(15) = 0.66775,	Delta[s](0) = 0.591589,	Delta[s](1) = 0.264692,	Delta[s](2) = 0.222934,	Delta[s](3) = 0.264692,	Delta[s](4) = 0.264692,	Delta[s](5) = 0.222934,	Delta[s](6) = 0.145339,	Delta[s](7) = 0.222935,	Delta[s](8) = 0.222934,	Delta[s](9) = 0.145339,	Delta[s](10) = 0.248682,	Delta[s](11) = 0.145339,	Delta[s](12) = 0.264692,	Delta[s](13) = 0.222935,	Delta[s](14) = 0.145339,	Delta[s](15) = 0.222934,	Delta[d](0) = 0.245119,	Delta[d](1) = 0.199814,	Delta[d](2) = 0.201069,	Delta[d](3) = 0.199814,	Delta[d](4) = 0.199813,	Delta[d](5) = 0.127947,	Delta[d](6) = 0.142066,	Delta[d](7) = 0.127947,	Delta[d](8) = 0.201069,	Delta[d](9) = 0.142065,	Delta[d](10) = 0.010914,	Delta[d](11) = 0.142065,	Delta[d](12) = 0.199813,	Delta[d](13) = 0.127947,	Delta[d](14) = 0.142066,	Delta[d](15) = 0.127947,	Delta[s+](0) = 0.4742,	Delta[s+](1) = 0.356074,	Delta[s+](2) = 0.201069,	Delta[s+](3) = 0.356074,	Delta[s+](4) = 0.356073,	Delta[s+](5) = 0.201069,	Delta[s+](6) = 0.0630087,	Delta[s+](7) = 0.201069,	Delta[s+](8) = 0.201069,	Delta[s+](9) = 0.0630086,	Delta[s+](10) = 0.00503504,	Delta[s+](11) = 0.0630086,	Delta[s+](12) = 0.356073,	Delta[s+](13) = 0.201069,	Delta[s+](14) = 0.0630087,	Delta[s+](15) = 0.201069
The 7-th iteration is completed.	|| time cost : 0h 3m 29.068s
********************************************************************************************************************
********************************************************************************************************************
Ground state is obtained after 8 iterations. The current ground-state energy is -32.6586, in which electron energy is -32.6627 and phonon energy is 0.00411072
final variational state is: 
	Gamma_x = [      1,1.00511,1.00917,1.00511,1.00511,1.00917,1.01217,1.00917,1.00917,1.01217,1.02162,1.01217,1.00511,1.00917,1.01217,1.00917]
	lambda_q = [0.223526,0.188091,0.178329,0.188091,0.188091, 0.17833,0.167893,0.178329, 0.17833,0.167893, 0.19423,0.167893,0.188091,0.178329,0.167893, 0.17833]
********************************************************************************************************************
o___o  ----------------------------------------
| L |	Time since last clock: 0h 0m 0s
A===A	Time since the beginning: 0h 13m 27.78s
***********************************************


********************************************************************************************************************
Warm up runs have been completed. Start calculating W = 5 phonon.
open output files: NGSEDIterationObs.txt
********************************************************************************************************************
Start the 0 rounds of NGS-ED iteration
	effective electronic model is modified as: kinetic energy t = 0.969208
	                                           effective interaction Vq = [-0.457015, -0.41789,-0.404906, -0.41789, -0.41789,-0.404907,-0.389971,-0.404906,-0.404908,-0.389971,-0.425567,-0.389971, -0.41789,-0.404906,-0.389971,-0.404907]
	PARPACK diagonalization completed after 30 matrix-vector product operations.
	iteration results: : total energy is -31.451267 | electron energy -31.453326 + phonon energy 0.002059 | electron momentum kIdx = 10
	Nq(0) = 12.25,	Nq(1) = 0.380721,	Nq(2) = 0.560177,	Nq(3) = 0.380721,	Nq(4) = 0.380721,	Nq(5) = 0.560177,	Nq(6) = 0.639549,	Nq(7) = 0.560176,	Nq(8) = 0.560177,	Nq(9) = 0.639549,	Nq(10) = 1.83626,	Nq(11) = 0.639549,	Nq(12) = 0.380721,	Nq(13) = 0.560176,	Nq(14) = 0.639549,	Nq(15) = 0.560177,	Sq(0) = -3.53159e-18,	Sq(1) = 0.344126,	Sq(2) = 0.362619,	Sq(3) = 0.344126,	Sq(4) = 0.344126,	Sq(5) = 0.362619,	Sq(6) = 0.579706,	Sq(7) = 0.362619,	Sq(8) = 0.362619,	Sq(9) = 0.579706,	Sq(10) = 0.60056,	Sq(11) = 0.579706,	Sq(12) = 0.344126,	Sq(13) = 0.362619,	Sq(14) = 0.579706,	Sq(15) = 0.362619,	N(0) = 1.99878,	N(1) = 1.99667,	N(2) = 0.66731,	N(3) = 1.99667,	N(4) = 1.99667,	N(5) = 0.667309,	N(6) = 0.00242095,	N(7) = 0.667307,	N(8) = 0.667309,	N(9) = 0.00242095,	N(10) = 0.00100497,	N(11) = 0.00242095,	N(12) = 1.99667,	N(13) = 0.667307,	N(14) = 0.00242095,	N(15) = 0.667309,	Delta[s](0) = 0.567464,	Delta[s](1) = 0.260524,	Delta[s](2) = 0.220551,	Delta[s](3) = 0.260524,	Delta[s](4) = 0.260524,	Delta[s](5) = 0.220551,	Delta[s](6) = 0.145845,	Delta[s](7) = 0.220551,	Delta[s](8) = 0.220551,	Delta[s](9) = 0.145845,	Delta[s](10) = 0.247953,	Delta[s](11) = 0.145845,	Delta[s](12) = 0.260524,	Delta[s](13) = 0.220551,	Delta[s](14) = 0.145845,	Delta[s](15) = 0.220551,	Delta[d](0) = 0.245542,	Delta[d](1) = 0.201625,	Delta[d](2) = 0.203346,	Delta[d](3) = 0.201625,	Delta[d](4) = 0.201625,	Delta[d](5) = 0.12896,	Delta[d](6) = 0.143926,	Delta[d](7) = 0.12896,	Delta[d](8) = 0.203345,	Delta[d](9) = 0.143926,	Delta[d](10) = 0.01246,	Delta[d](11) = 0.143926,	Delta[d](12) = 0.201625,	Delta[d](13) = 0.12896,	Delta[d](14) = 0.143926,	Delta[d](15) = 0.12896,	Delta[s+](0) = 0.47959,	Delta[s+](1) = 0.359789,	Delta[s+](2) = 0.203346,	Delta[s+](3) = 0.359789,	Delta[s+](4) = 0.359789,	Delta[s+](5) = 0.203345,	Delta[s+](6) = 0.0645824,	Delta[s+](7) = 0.203345,	Delta[s+](8) = 0.203345,	Delta[s+](9) = 0.0645824,	Delta[s+](10) = 0.00572966,	Delta[s+](11) = 0.0645824,	Delta[s+](12) = 0.359789,	Delta[s+](13) = 0.203345,	Delta[s+](14) = 0.0645824,	Delta[s+](15) = 0.203345
The 0-th iteration is completed.	|| time cost : 0h 3m 13.427s
********************************************************************************************************************
Start the 1 rounds of NGS-ED iteration
	effective electronic model is modified as: kinetic energy t = 0.96359
	                                           effective interaction Vq = [-0.484171,-0.442381,-0.426517,-0.442381,-0.442381,-0.426517,-0.407763,-0.426517,-0.426517,-0.407763,-0.451526,-0.407763,-0.442381,-0.426517,-0.407763,-0.426517]
	PARPACK diagonalization completed after 30 matrix-vector product operations.
	iteration results: : total energy is -31.848550 | electron energy -31.855070 + phonon energy 0.006520 | electron momentum kIdx = 10
The 1-th iteration is completed.	|| time cost : 0h 0m 18.499s
********************************************************************************************************************
Start the 2 rounds of NGS-ED iteration
	effective electronic model is modified as: kinetic energy t = 0.960645
	                                           effective interaction Vq = [-0.494161,-0.453281,-0.436174,-0.453281,-0.453281,-0.436175,-0.415553,-0.436174,-0.436175,-0.415553, -0.46344,-0.415553,-0.453281,-0.436174,-0.415553,-0.436175]
	PARPACK diagonalization completed after 30 matrix-vector product operations.
	iteration results: : total energy is -31.988143 | electron energy -31.998360 + phonon energy 0.010217 | electron momentum kIdx = 10
The 2-th iteration is completed.	|| time cost : 0h 0m 17.83s
********************************************************************************************************************
Start the 3 rounds of NGS-ED iteration
	effective electronic model is modified as: kinetic energy t = 0.959137
	                                           effective interaction Vq = [-0.497837,-0.458435,-0.440706,-0.458435,-0.458435,-0.440706,-0.419095,-0.440706,-0.440706,-0.419095,-0.469238,-0.419095,-0.458435,-0.440706,-0.419095,-0.440706]
	PARPACK diagonalization completed after 30 matrix-vector product operations.
	iteration results: : total energy is -32.037785 | electron energy -32.050420 + phonon energy 0.012635 | electron momentum kIdx = 10
The 3-th iteration is completed.	|| time cost : 0h 0m 17.863s
********************************************************************************************************************
Start the 4 rounds of NGS-ED iteration
	effective electronic model is modified as: kinetic energy t = 0.958372
	                                           effective interaction Vq = [-0.499189,-0.460965,-0.442892,-0.460965,-0.460965,-0.442892,-0.420737,-0.442892,-0.442892,-0.420737,-0.472182,-0.420737,-0.460965,-0.442892,-0.420737,-0.442892]
	PARPACK diagonalization completed after 30 matrix-vector product operations.
	iteration results: : total energy is -32.055596 | electron energy -32.069654 + phonon energy 0.014057 | electron momentum kIdx = 10
The 4-th iteration is completed.	|| time cost : 0h 0m 15.539s
********************************************************************************************************************
Start the 5 rounds of NGS-ED iteration
	effective electronic model is modified as: kinetic energy t = 0.957984
	                                           effective interaction Vq = [-0.499686,-0.462234,-0.443963,-0.462234,-0.462234,-0.443963,-0.421507,-0.443963,-0.443963,-0.421507,-0.473717,-0.421507,-0.462234,-0.443963,-0.421507,-0.443963]
	PARPACK diagonalization completed after 30 matrix-vector product operations.
	iteration results: : total energy is -32.062029 | electron energy -32.076878 + phonon energy 0.014849 | electron momentum kIdx = 10
The 5-th iteration is completed.	|| time cost : 0h 0m 15.493s
********************************************************************************************************************
Start the 6 rounds of NGS-ED iteration
	effective electronic model is modified as: kinetic energy t = 0.957787
	                                           effective interaction Vq = [-0.499869,-0.462877,-0.444491,-0.462877,-0.462877,-0.444491,-0.421868,-0.444491,-0.444491,-0.421868,-0.474532,-0.421868,-0.462877,-0.444491,-0.421868,-0.444491]
	PARPACK diagonalization completed after 30 matrix-vector product operations.
	iteration results: : total energy is -32.064363 | electron energy -32.079640 + phonon energy 0.015277 | electron momentum kIdx = 10
The 6-th iteration is completed.	|| time cost : 0h 0m 15.523s
********************************************************************************************************************
Start the 7 rounds of NGS-ED iteration
	effective electronic model is modified as: kinetic energy t = 0.957687
	                                           effective interaction Vq = [-0.499936,-0.463205,-0.444754,-0.463205,-0.463205,-0.444754,-0.422039,-0.444754,-0.444754,-0.422039,-0.474968,-0.422039,-0.463205,-0.444754,-0.422039,-0.444754]
	PARPACK diagonalization completed after 30 matrix-vector product operations.
	iteration results: : total energy is -32.065214 | electron energy -32.080718 + phonon energy 0.015504 | electron momentum kIdx = 10
The 7-th iteration is completed.	|| time cost : 0h 0m 15.515s
********************************************************************************************************************
Start the 8 rounds of NGS-ED iteration
	effective electronic model is modified as: kinetic energy t = 0.957636
	                                           effective interaction Vq = [-0.499961,-0.463373,-0.444884,-0.463373,-0.463373,-0.444884,-0.422119,-0.444884,-0.444884,-0.422119,-0.475203,-0.422119,-0.463373,-0.444884,-0.422119,-0.444884]
	PARPACK diagonalization completed after 30 matrix-vector product operations.
	iteration results: : total energy is -32.065524 | electron energy -32.081148 + phonon energy 0.015624 | electron momentum kIdx = 10
The 8-th iteration is completed.	|| time cost : 0h 0m 15.522s
********************************************************************************************************************
Start the 9 rounds of NGS-ED iteration
	effective electronic model is modified as: kinetic energy t = 0.95761
	                                           effective interaction Vq = [ -0.49997,-0.463458,-0.444949,-0.463458,-0.463458,-0.444949,-0.422156,-0.444949,-0.444949,-0.422156, -0.47533,-0.422156,-0.463458,-0.444949,-0.422156,-0.444949]
	PARPACK diagonalization completed after 30 matrix-vector product operations.
	iteration results: : total energy is -32.065638 | electron energy -32.081324 + phonon energy 0.015686 | electron momentum kIdx = 10
The 9-th iteration is completed.	|| time cost : 0h 0m 15.527s
********************************************************************************************************************
Start the 10 rounds of NGS-ED iteration
	effective electronic model is modified as: kinetic energy t = 0.957597
	                                           effective interaction Vq = [-0.499973,-0.463502,-0.444981,-0.463502,-0.463502,-0.444981,-0.422174,-0.444981,-0.444981,-0.422174,-0.475399,-0.422174,-0.463502,-0.444981,-0.422174,-0.444981]
	PARPACK diagonalization completed after 30 matrix-vector product operations.
	iteration results: : total energy is -32.065679 | electron energy -32.081398 + phonon energy 0.015719 | electron momentum kIdx = 10
	Nq(0) = 12.25,	Nq(1) = 0.381484,	Nq(2) = 0.56308,	Nq(3) = 0.381484,	Nq(4) = 0.381484,	Nq(5) = 0.56308,	Nq(6) = 0.639607,	Nq(7) = 0.56308,	Nq(8) = 0.56308,	Nq(9) = 0.639607,	Nq(10) = 1.88775,	Nq(11) = 0.639607,	Nq(12) = 0.381484,	Nq(13) = 0.56308,	Nq(14) = 0.639607,	Nq(15) = 0.56308,	Sq(0) = -6.67685e-19,	Sq(1) = 0.338647,	Sq(2) = 0.360221,	Sq(3) = 0.338647,	Sq(4) = 0.338647,	Sq(5) = 0.360221,	Sq(6) = 0.571894,	Sq(7) = 0.360221,	Sq(8) = 0.360221,	Sq(9) = 0.571894,	Sq(10) = 0.595922,	Sq(11) = 0.571894,	Sq(12) = 0.338647,	Sq(13) = 0.360221,	Sq(14) = 0.571894,	Sq(15) = 0.360221,	N(0) = 1.99831,	N(1) = 1.99533,	N(2) = 0.667552,	N(3) = 1.99533,	N(4) = 1.99533,	N(5) = 0.667552,	N(6) = 0.00341454,	N(7) = 0.667552,	N(8) = 0.667552,	N(9) = 0.00341454,	N(10) = 0.00138523,	N(11) = 0.00341454,	N(12) = 1.99533,	N(13) = 0.667552,	N(14) = 0.00341454,	N(15) = 0.667552,	Delta[s](0) = 0.567951,	Delta[s](1) = 0.262645,	Delta[s](2) = 0.222588,	Delta[s](3) = 0.262645,	Delta[s](4) = 0.262645,	Delta[s](5) = 0.222588,	Delta[s](6) = 0.149537,	Delta[s](7) = 0.222588,	Delta[s](8) = 0.222588,	Delta[s](9) = 0.149537,	Delta[s](10) = 0.24809,	Delta[s](11) = 0.149537,	Delta[s](12) = 0.262645,	Delta[s](13) = 0.222588,	Delta[s](14) = 0.149537,	Delta[s](15) = 0.222588,	Delta[d](0) = 0.246114,	Delta[d](1) = 0.201422,	Delta[d](2) = 0.203582,	Delta[d](3) = 0.201422,	Delta[d](4) = 0.201422,	Delta[d](5) = 0.130357,	Delta[d](6) = 0.144169,	Delta[d](7) = 0.130357,	Delta[d](8) = 0.203582,	Delta[d](9) = 0.144169,	Delta[d](10) = 0.0147124,	Delta[d](11) = 0.144169,	Delta[d](12) = 0.201422,	Delta[d](13) = 0.130357,	Delta[d](14) = 0.144169,	Delta[d](15) = 0.130357,	Delta[s+](0) = 0.478883,	Delta[s+](1) = 0.359228,	Delta[s+](2) = 0.203582,	Delta[s+](3) = 0.359228,	Delta[s+](4) = 0.359228,	Delta[s+](5) = 0.203582,	Delta[s+](6) = 0.0651611,	Delta[s+](7) = 0.203582,	Delta[s+](8) = 0.203582,	Delta[s+](9) = 0.0651611,	Delta[s+](10) = 0.00667602,	Delta[s+](11) = 0.0651611,	Delta[s+](12) = 0.359228,	Delta[s+](13) = 0.203582,	Delta[s+](14) = 0.0651611,	Delta[s+](15) = 0.203582
The 10-th iteration is completed.	|| time cost : 0h 2m 41.414s
********************************************************************************************************************
Start the 11 rounds of NGS-ED iteration
	effective electronic model is modified as: kinetic energy t = 0.95759
	                                           effective interaction Vq = [-0.499975,-0.463525,-0.444997,-0.463525,-0.463525,-0.444997,-0.422182,-0.444997,-0.444997,-0.422182,-0.475436,-0.422182,-0.463525,-0.444997,-0.422182,-0.444997]
	PARPACK diagonalization completed after 30 matrix-vector product operations.
	iteration results: : total energy is -32.065695 | electron energy -32.081430 + phonon energy 0.015736 | electron momentum kIdx = 10
The 11-th iteration is completed.	|| time cost : 0h 0m 15.551s
********************************************************************************************************************
Start the 12 rounds of NGS-ED iteration
	effective electronic model is modified as: kinetic energy t = 0.957586
	                                           effective interaction Vq = [-0.499975,-0.463536,-0.445005,-0.463536,-0.463536,-0.445005,-0.422186,-0.445005,-0.445005,-0.422186,-0.475456,-0.422186,-0.463536,-0.445005,-0.422186,-0.445005]
	PARPACK diagonalization completed after 30 matrix-vector product operations.
	iteration results: : total energy is -32.065700 | electron energy -32.081445 + phonon energy 0.015745 | electron momentum kIdx = 10
The 12-th iteration is completed.	|| time cost : 0h 0m 15.517s
********************************************************************************************************************
Start the 13 rounds of NGS-ED iteration
	effective electronic model is modified as: kinetic energy t = 0.957585
	                                           effective interaction Vq = [-0.499975,-0.463542,-0.445009,-0.463542,-0.463542,-0.445009,-0.422188,-0.445009,-0.445009,-0.422188,-0.475467,-0.422188,-0.463542,-0.445009,-0.422188,-0.445009]
	PARPACK diagonalization completed after 30 matrix-vector product operations.
	iteration results: : total energy is -32.065702 | electron energy -32.081452 + phonon energy 0.015750 | electron momentum kIdx = 10
The 13-th iteration is completed.	|| time cost : 0h 0m 15.543s
********************************************************************************************************************
Start the 14 rounds of NGS-ED iteration
	effective electronic model is modified as: kinetic energy t = 0.957584
	                                           effective interaction Vq = [-0.499975,-0.463545,-0.445011,-0.463545,-0.463545,-0.445011,-0.422188,-0.445011,-0.445011,-0.422188,-0.475473,-0.422188,-0.463545,-0.445011,-0.422188,-0.445011]
	PARPACK diagonalization completed after 30 matrix-vector product operations.
	iteration results: : total energy is -32.065703 | electron energy -32.081455 + phonon energy 0.015752 | electron momentum kIdx = 10
The 14-th iteration is completed.	|| time cost : 0h 0m 15.523s
********************************************************************************************************************
Start the 15 rounds of NGS-ED iteration
	effective electronic model is modified as: kinetic energy t = 0.957583
	                                           effective interaction Vq = [-0.499975,-0.463547,-0.445012,-0.463547,-0.463547,-0.445012,-0.422189,-0.445012,-0.445012,-0.422189,-0.475476,-0.422189,-0.463547,-0.445012,-0.422189,-0.445012]
	PARPACK diagonalization completed after 30 matrix-vector product operations.
	iteration results: : total energy is -32.065703 | electron energy -32.081457 + phonon energy 0.015753 | electron momentum kIdx = 10
The 15-th iteration is completed.	|| time cost : 0h 0m 15.464s
********************************************************************************************************************
Start the 16 rounds of NGS-ED iteration
	effective electronic model is modified as: kinetic energy t = 0.957583
	                                           effective interaction Vq = [-0.499975,-0.463547,-0.445013,-0.463547,-0.463547,-0.445013,-0.422189,-0.445013,-0.445013,-0.422189,-0.475478,-0.422189,-0.463547,-0.445013,-0.422189,-0.445013]
	PARPACK diagonalization completed after 30 matrix-vector product operations.
	iteration results: : total energy is -32.065703 | electron energy -32.081457 + phonon energy 0.015754 | electron momentum kIdx = 10
The 16-th iteration is completed.	|| time cost : 0h 0m 15.478s
********************************************************************************************************************
Start the 17 rounds of NGS-ED iteration
	effective electronic model is modified as: kinetic energy t = 0.957583
	                                           effective interaction Vq = [-0.499975,-0.463548,-0.445013,-0.463548,-0.463548,-0.445013,-0.422189,-0.445013,-0.445013,-0.422189,-0.475479,-0.422189,-0.463548,-0.445013,-0.422189,-0.445013]
	PARPACK diagonalization completed after 30 matrix-vector product operations.
	iteration results: : total energy is -32.065703 | electron energy -32.081458 + phonon energy 0.015754 | electron momentum kIdx = 10
The 17-th iteration is completed.	|| time cost : 0h 0m 15.495s
********************************************************************************************************************
Start the 18 rounds of NGS-ED iteration
	effective electronic model is modified as: kinetic energy t = 0.957583
	                                           effective interaction Vq = [-0.499975,-0.463548,-0.445013,-0.463548,-0.463548,-0.445013,-0.422189,-0.445013,-0.445013,-0.422189, -0.47548,-0.422189,-0.463548,-0.445013,-0.422189,-0.445013]
	PARPACK diagonalization completed after 30 matrix-vector product operations.
	iteration results: : total energy is -32.065703 | electron energy -32.081458 + phonon energy 0.015754 | electron momentum kIdx = 10
The 18-th iteration is completed.	|| time cost : 0h 0m 15.507s
********************************************************************************************************************
Start the 19 rounds of NGS-ED iteration
	effective electronic model is modified as: kinetic energy t = 0.957583
	                                           effective interaction Vq = [-0.499975,-0.463548,-0.445013,-0.463548,-0.463548,-0.445013,-0.422189,-0.445013,-0.445013,-0.422189, -0.47548,-0.422189,-0.463548,-0.445013,-0.422189,-0.445013]
	PARPACK diagonalization completed after 30 matrix-vector product operations.
	iteration results: : total energy is -32.065703 | electron energy -32.081458 + phonon energy 0.015755 | electron momentum kIdx = 10
The 19-th iteration is completed.	|| time cost : 0h 0m 15.49s
********************************************************************************************************************
Start the 20 rounds of NGS-ED iteration
	effective electronic model is modified as: kinetic energy t = 0.957583
	                                           effective interaction Vq = [-0.499975,-0.463548,-0.445013,-0.463548,-0.463548,-0.445013,-0.422189,-0.445013,-0.445013,-0.422189, -0.47548,-0.422189,-0.463548,-0.445013,-0.422189,-0.445013]
	PARPACK diagonalization completed after 30 matrix-vector product operations.
	iteration results: : total energy is -32.065703 | electron energy -32.081458 + phonon energy 0.015755 | electron momentum kIdx = 10
	Nq(0) = 12.25,	Nq(1) = 0.381482,	Nq(2) = 0.563081,	Nq(3) = 0.381482,	Nq(4) = 0.381482,	Nq(5) = 0.563081,	Nq(6) = 0.6396,	Nq(7) = 0.563081,	Nq(8) = 0.563081,	Nq(9) = 0.6396,	Nq(10) = 1.88787,	Nq(11) = 0.6396,	Nq(12) = 0.381482,	Nq(13) = 0.563081,	Nq(14) = 0.6396,	Nq(15) = 0.563081,	Sq(0) = 7.00924e-18,	Sq(1) = 0.338639,	Sq(2) = 0.360217,	Sq(3) = 0.338639,	Sq(4) = 0.338639,	Sq(5) = 0.360217,	Sq(6) = 0.571884,	Sq(7) = 0.360217,	Sq(8) = 0.360217,	Sq(9) = 0.571884,	Sq(10) = 0.595917,	Sq(11) = 0.571884,	Sq(12) = 0.338639,	Sq(13) = 0.360217,	Sq(14) = 0.571884,	Sq(15) = 0.360217,	N(0) = 1.99831,	N(1) = 1.99533,	N(2) = 0.667552,	N(3) = 1.99533,	N(4) = 1.99533,	N(5) = 0.667552,	N(6) = 0.00341613,	N(7) = 0.667552,	N(8) = 0.667552,	N(9) = 0.00341613,	N(10) = 0.00138573,	N(11) = 0.00341613,	N(12) = 1.99533,	N(13) = 0.667552,	N(14) = 0.00341613,	N(15) = 0.667552,	Delta[s](0) = 0.56795,	Delta[s](1) = 0.262648,	Delta[s](2) = 0.22259,	Delta[s](3) = 0.262648,	Delta[s](4) = 0.262648,	Delta[s](5) = 0.22259,	Delta[s](6) = 0.149542,	Delta[s](7) = 0.22259,	Delta[s](8) = 0.22259,	Delta[s](9) = 0.149542,	Delta[s](10) = 0.248091,	Delta[s](11) = 0.149542,	Delta[s](12) = 0.262648,	Delta[s](13) = 0.22259,	Delta[s](14) = 0.149542,	Delta[s](15) = 0.22259,	Delta[d](0) = 0.246126,	Delta[d](1) = 0.201431,	Delta[d](2) = 0.203592,	Delta[d](3) = 0.201431,	Delta[d](4) = 0.201431,	Delta[d](5) = 0.130364,	Delta[d](6) = 0.144175,	Delta[d](7) = 0.130364,	Delta[d](8) = 0.203592,	Delta[d](9) = 0.144175,	Delta[d](10) = 0.0147154,	Delta[d](11) = 0.144175,	Delta[d](12) = 0.201431,	Delta[d](13) = 0.130364,	Delta[d](14) = 0.144175,	Delta[d](15) = 0.130364,	Delta[s+](0) = 0.478906,	Delta[s+](1) = 0.359245,	Delta[s+](2) = 0.203592,	Delta[s+](3) = 0.359245,	Delta[s+](4) = 0.359245,	Delta[s+](5) = 0.203592,	Delta[s+](6) = 0.0651642,	Delta[s+](7) = 0.203592,	Delta[s+](8) = 0.203592,	Delta[s+](9) = 0.0651642,	Delta[s+](10) = 0.00667718,	Delta[s+](11) = 0.0651642,	Delta[s+](12) = 0.359245,	Delta[s+](13) = 0.203592,	Delta[s+](14) = 0.0651642,	Delta[s+](15) = 0.203592
The 20-th iteration is completed.	|| time cost : 0h 2m 41.424s
********************************************************************************************************************
Start the 21 rounds of NGS-ED iteration
	effective electronic model is modified as: kinetic energy t = 0.957583
	                                           effective interaction Vq = [-0.499975,-0.463548,-0.445013,-0.463548,-0.463548,-0.445013,-0.422189,-0.445013,-0.445013,-0.422189, -0.47548,-0.422189,-0.463548,-0.445013,-0.422189,-0.445013]
	PARPACK diagonalization completed after 30 matrix-vector product operations.
	iteration results: : total energy is -32.065703 | electron energy -32.081458 + phonon energy 0.015755 | electron momentum kIdx = 10
The 21-th iteration is completed.	|| time cost : 0h 0m 15.566s
********************************************************************************************************************
Start the 22 rounds of NGS-ED iteration
	effective electronic model is modified as: kinetic energy t = 0.957583
	                                           effective interaction Vq = [-0.499975,-0.463548,-0.445013,-0.463548,-0.463548,-0.445013,-0.422189,-0.445013,-0.445013,-0.422189, -0.47548,-0.422189,-0.463548,-0.445013,-0.422189,-0.445013]
	PARPACK diagonalization completed after 30 matrix-vector product operations.
	iteration results: : total energy is -32.065703 | electron energy -32.081458 + phonon energy 0.015755 | electron momentum kIdx = 10
The 22-th iteration is completed.	|| time cost : 0h 0m 15.53s
********************************************************************************************************************
Start the 23 rounds of NGS-ED iteration
	effective electronic model is modified as: kinetic energy t = 0.957583
	                                           effective interaction Vq = [-0.499975,-0.463548,-0.445013,-0.463548,-0.463548,-0.445013,-0.422189,-0.445013,-0.445013,-0.422189, -0.47548,-0.422189,-0.463548,-0.445013,-0.422189,-0.445013]
	PARPACK diagonalization completed after 30 matrix-vector product operations.
	iteration results: : total energy is -32.065703 | electron energy -32.081458 + phonon energy 0.015755 | electron momentum kIdx = 10
