TACC:  Starting up job 1804194 
TACC:  Starting parallel tasks... 
SNEDics v3.4 Non-Gaussian ED ground state program		Start at Tue Oct 20 02:04:15 2020

parallized on 16 MPI threads  * 7 OpenMP threads = 112 total threads.
********************************************************************************************************************
********************************************************************************************************************

********************************************************************************************************************
System parameters and configurations
********************************************************************************************************************
Special program options are enabled: splitted diagonal Hamiltonian
********************************************************************************************************************
Read input file "model_params.in"
	Hubbard-Holstein model parameters : 	t = 1    U = 8    g = 0.07    W = 0.2    
********************************************************************************************************************
Read input file "hilbertspace_params.in"
	Requested 16-site 2D lattice, with 16 electrons (8, 8)
	Boundary : Periodic		Hilbert space representation : momentum-space (restricted to kIdx = 0)
	Conservation: particle number[U(1)]      spin[U(1)]     momentum
********************************************************************************************************************

Cluster Positions:				Cluster symmetry group : D4
 x ... x ... x ... x .....                       x ... x ... x ... x .....
 |           |           :                       |           |           :
 |           |           :                       |           |           :
12    13    14    15     x                       1     5     6     5     x
 |           |           :                       |           |           :
 |           |           :                       |           |           :
 8 --- 9 ---10 ---11 --- x                       2 --- 6 ---10 --- 6 --- x
 |           |           :                       |           |           :
 |           |           :                       |           |           :
 4     5     6     7     x                       1     5     6     5     x
 |           |           :                       |           |           :
 |           |           :                       |           |           :
 0 --- 1 --- 2 --- 3 --- x                       0 --- 1 --- 2 --- 1 --- x
orbital number : 1
********************************************************************************************************************
Read input file "obs_params.in"
	Observable Type : Nq(All),   Sq(All),   N(All),   Delta[s](All),   Delta[d](All),   Delta[s+](All)
********************************************************************************************************************
** WARNING ** the input observables have non-local factors which have been reinterpreted. The total observable number is 96
********************************************************************************************************************


********************************************************************************************************************
Start calculating the non-Gaussian ED ground state
Input file varState.dat exists. Start iterations from it.
open output files: NGSEDIterationObs.txt
********************************************************************************************************************
Start the 0 rounds of NGS-ED iteration
	effective electronic model is modified as: kinetic energy t = 0.999941
	                                           effective interaction Vq = [  -0.0244997, -0.00123213, -0.00108851, -0.00123213, -0.00123213, -0.00108851, -0.00100915, -0.00108851, -0.00108851, -0.00100915,-0.000957476, -0.00100915, -0.00123213, -0.00108851, -0.00100915, -0.00108851]
	first Hamiltonian is constructed, non-zero numbers = 12310855584
	PARPACK diagonalization completed after 105 matrix-vector product operations.
	iteration results: : total energy is -8.861792 | electron energy -8.861793 + phonon energy 0.000000 | electron momentum kIdx = 0
	Nq(0) = 16,	Nq(1) = 0.0625259,	Nq(2) = 0.109946,	Nq(3) = 0.0625259,	Nq(4) = 0.0625259,	Nq(5) = 0.109946,	Nq(6) = 0.152483,	Nq(7) = 0.109946,	Nq(8) = 0.109946,	Nq(9) = 0.152483,	Nq(10) = 0.192554,	Nq(11) = 0.152483,	Nq(12) = 0.0625259,	Nq(13) = 0.109946,	Nq(14) = 0.152483,	Nq(15) = 0.109946,	Sq(0) = 1.64708e-18,	Sq(1) = 0.412883,	Sq(2) = 0.64131,	Sq(3) = 0.412883,	Sq(4) = 0.412883,	Sq(5) = 0.64131,	Sq(6) = 0.938773,	Sq(7) = 0.64131,	Sq(8) = 0.64131,	Sq(9) = 0.938773,	Sq(10) = 5.03325,	Sq(11) = 0.938773,	Sq(12) = 0.412883,	Sq(13) = 0.64131,	Sq(14) = 0.938773,	Sq(15) = 0.64131,	N(0) = 1.7754,	N(1) = 1.56967,	N(2) = 1,	N(3) = 1.56967,	N(4) = 1.56967,	N(5) = 1,	N(6) = 0.43033,	N(7) = 1,	N(8) = 1,	N(9) = 0.43033,	N(10) = 0.224597,	N(11) = 0.43033,	N(12) = 1.56967,	N(13) = 1,	N(14) = 0.43033,	N(15) = 1,	Delta[s](0) = 0.0962674,	Delta[s](1) = 0.0762361,	Delta[s](2) = 0.0549726,	Delta[s](3) = 0.0762361,	Delta[s](4) = 0.0762361,	Delta[s](5) = 0.0549726,	Delta[s](6) = 0.0312681,	Delta[s](7) = 0.0549726,	Delta[s](8) = 0.0549726,	Delta[s](9) = 0.0312681,	Delta[s](10) = 1.2767e-05,	Delta[s](11) = 0.0312681,	Delta[s](12) = 0.0762361,	Delta[s](13) = 0.0549726,	Delta[s](14) = 0.0312681,	Delta[s](15) = 0.0549726,	Delta[d](0) = 0.603377,	Delta[d](1) = 0.458101,	Delta[d](2) = 0.344657,	Delta[d](3) = 0.458101,	Delta[d](4) = 0.458101,	Delta[d](5) = 0.351657,	Delta[d](6) = 0.241665,	Delta[d](7) = 0.351657,	Delta[d](8) = 0.344657,	Delta[d](9) = 0.241665,	Delta[d](10) = 0.118349,	Delta[d](11) = 0.241665,	Delta[d](12) = 0.458101,	Delta[d](13) = 0.351657,	Delta[d](14) = 0.241665,	Delta[d](15) = 0.351657,	Delta[s+](0) = 0.626574,	Delta[s+](1) = 0.494246,	Delta[s+](2) = 0.344657,	Delta[s+](3) = 0.494246,	Delta[s+](4) = 0.494246,	Delta[s+](5) = 0.344657,	Delta[s+](6) = 0.197942,	Delta[s+](7) = 0.344657,	Delta[s+](8) = 0.344657,	Delta[s+](9) = 0.197942,	Delta[s+](10) = 0.0694143,	Delta[s+](11) = 0.197942,	Delta[s+](12) = 0.494246,	Delta[s+](13) = 0.344657,	Delta[s+](14) = 0.197942,	Delta[s+](15) = 0.344657
The 0-th iteration is completed.	|| time cost : 0h 14m 29.716s
********************************************************************************************************************
Start the 1 rounds of NGS-ED iteration
	effective electronic model is modified as: kinetic energy t = 0.999941
	                                           effective interaction Vq = [  -0.0244997, -0.00123213, -0.00108851, -0.00123213, -0.00123213, -0.00108851, -0.00100915, -0.00108851, -0.00108851, -0.00100915,-0.000957476, -0.00100915, -0.00123213, -0.00108851, -0.00100915, -0.00108851]
	PARPACK diagonalization completed after 30 matrix-vector product operations.
	iteration results: : total energy is -8.861793 | electron energy -8.861793 + phonon energy 0.000000 | electron momentum kIdx = 0
The 1-th iteration is completed.	|| time cost : 0h 0m 28.878s
********************************************************************************************************************
Start the 2 rounds of NGS-ED iteration
	effective electronic model is modified as: kinetic energy t = 0.999941
	                                           effective interaction Vq = [  -0.0244997, -0.00123213, -0.00108851, -0.00123213, -0.00123213, -0.00108851, -0.00100915, -0.00108851, -0.00108851, -0.00100915,-0.000957476, -0.00100915, -0.00123213, -0.00108851, -0.00100915, -0.00108851]
	PARPACK diagonalization completed after 30 matrix-vector product operations.
	iteration results: : total energy is -8.861793 | electron energy -8.861793 + phonon energy 0.000000 | electron momentum kIdx = 0
The 2-th iteration is completed.	|| time cost : 0h 0m 28.792s
********************************************************************************************************************
Start the 3 rounds of NGS-ED iteration
	effective electronic model is modified as: kinetic energy t = 0.999941
	                                           effective interaction Vq = [  -0.0244997, -0.00123213, -0.00108851, -0.00123213, -0.00123213, -0.00108851, -0.00100915, -0.00108851, -0.00108851, -0.00100915,-0.000957476, -0.00100915, -0.00123213, -0.00108851, -0.00100915, -0.00108851]
	PARPACK diagonalization completed after 30 matrix-vector product operations.
	iteration results: : total energy is -8.861793 | electron energy -8.861793 + phonon energy 0.000000 | electron momentum kIdx = 0
The 3-th iteration is completed.	|| time cost : 0h 0m 28.834s
********************************************************************************************************************
Start the 4 rounds of NGS-ED iteration
	effective electronic model is modified as: kinetic energy t = 0.999941
	                                           effective interaction Vq = [  -0.0244997, -0.00123213, -0.00108851, -0.00123213, -0.00123213, -0.00108851, -0.00100915, -0.00108851, -0.00108851, -0.00100915,-0.000957476, -0.00100915, -0.00123213, -0.00108851, -0.00100915, -0.00108851]
	PARPACK diagonalization completed after 30 matrix-vector product operations.
	iteration results: : total energy is -8.861793 | electron energy -8.861794 + phonon energy 0.000000 | electron momentum kIdx = 0
The 4-th iteration is completed.	|| time cost : 0h 0m 28.767s
********************************************************************************************************************
Start the 5 rounds of NGS-ED iteration
	effective electronic model is modified as: kinetic energy t = 0.999941
	                                           effective interaction Vq = [  -0.0244997, -0.00123213, -0.00108851, -0.00123213, -0.00123213, -0.00108851, -0.00100915, -0.00108851, -0.00108851, -0.00100915,-0.000957476, -0.00100915, -0.00123213, -0.00108851, -0.00100915, -0.00108851]
	PARPACK diagonalization completed after 30 matrix-vector product operations.
	iteration results: : total energy is -8.861793 | electron energy -8.861794 + phonon energy 0.000000 | electron momentum kIdx = 0
The 5-th iteration is completed.	|| time cost : 0h 0m 28.879s
********************************************************************************************************************
Start the 6 rounds of NGS-ED iteration
	effective electronic model is modified as: kinetic energy t = 0.999941
	                                           effective interaction Vq = [  -0.0244997, -0.00123213, -0.00108851, -0.00123213, -0.00123213, -0.00108851, -0.00100915, -0.00108851, -0.00108851, -0.00100915,-0.000957476, -0.00100915, -0.00123213, -0.00108851, -0.00100915, -0.00108851]
	PARPACK diagonalization completed after 30 matrix-vector product operations.
	iteration results: : total energy is -8.861794 | electron energy -8.861794 + phonon energy 0.000000 | electron momentum kIdx = 0
The 6-th iteration is completed.	|| time cost : 0h 0m 28.847s
********************************************************************************************************************
Start the 7 rounds of NGS-ED iteration
	effective electronic model is modified as: kinetic energy t = 0.999941
	                                           effective interaction Vq = [  -0.0244997, -0.00123213, -0.00108851, -0.00123213, -0.00123213, -0.00108851, -0.00100915, -0.00108851, -0.00108851, -0.00100915,-0.000957476, -0.00100915, -0.00123213, -0.00108851, -0.00100915, -0.00108851]
	PARPACK diagonalization completed after 30 matrix-vector product operations.
	iteration results: : total energy is -8.861794 | electron energy -8.861794 + phonon energy 0.000000 | electron momentum kIdx = 0
The 7-th iteration is completed.	|| time cost : 0h 0m 28.831s
********************************************************************************************************************
Start the 8 rounds of NGS-ED iteration
	effective electronic model is modified as: kinetic energy t = 0.999941
	                                           effective interaction Vq = [  -0.0244998, -0.00123213, -0.00108851, -0.00123213, -0.00123213, -0.00108851, -0.00100915, -0.00108851, -0.00108851, -0.00100915,-0.000957476, -0.00100915, -0.00123213, -0.00108851, -0.00100915, -0.00108851]
	PARPACK diagonalization completed after 30 matrix-vector product operations.
	iteration results: : total energy is -8.861794 | electron energy -8.861794 + phonon energy 0.000000 | electron momentum kIdx = 0
The 8-th iteration is completed.	|| time cost : 0h 0m 28.769s
********************************************************************************************************************
Start the 9 rounds of NGS-ED iteration
	effective electronic model is modified as: kinetic energy t = 0.999941
	                                           effective interaction Vq = [  -0.0244998, -0.00123213, -0.00108851, -0.00123213, -0.00123213, -0.00108851, -0.00100915, -0.00108851, -0.00108851, -0.00100915,-0.000957476, -0.00100915, -0.00123213, -0.00108851, -0.00100915, -0.00108851]
	PARPACK diagonalization completed after 30 matrix-vector product operations.
	iteration results: : total energy is -8.861794 | electron energy -8.861794 + phonon energy 0.000000 | electron momentum kIdx = 0
The 9-th iteration is completed.	|| time cost : 0h 0m 28.77s
********************************************************************************************************************
Start the 10 rounds of NGS-ED iteration
	effective electronic model is modified as: kinetic energy t = 0.999941
	                                           effective interaction Vq = [  -0.0244998, -0.00123213, -0.00108851, -0.00123213, -0.00123213, -0.00108851, -0.00100915, -0.00108851, -0.00108851, -0.00100915,-0.000957476, -0.00100915, -0.00123213, -0.00108851, -0.00100915, -0.00108851]
	PARPACK diagonalization completed after 30 matrix-vector product operations.
	iteration results: : total energy is -8.861794 | electron energy -8.861794 + phonon energy 0.000000 | electron momentum kIdx = 0
The 10-th iteration is completed.	|| time cost : 0h 0m 28.79s
********************************************************************************************************************
Start the 11 rounds of NGS-ED iteration
	effective electronic model is modified as: kinetic energy t = 0.999941
	                                           effective interaction Vq = [  -0.0244998, -0.00123213, -0.00108851, -0.00123213, -0.00123213, -0.00108851, -0.00100915, -0.00108851, -0.00108851, -0.00100915,-0.000957476, -0.00100915, -0.00123213, -0.00108851, -0.00100915, -0.00108851]
	PARPACK diagonalization completed after 30 matrix-vector product operations.
	iteration results: : total energy is -8.861794 | electron energy -8.861795 + phonon energy 0.000000 | electron momentum kIdx = 0
The 11-th iteration is completed.	|| time cost : 0h 0m 28.781s
********************************************************************************************************************
Start the 12 rounds of NGS-ED iteration
	effective electronic model is modified as: kinetic energy t = 0.999941
	                                           effective interaction Vq = [  -0.0244998, -0.00123213, -0.00108851, -0.00123213, -0.00123213, -0.00108851, -0.00100915, -0.00108851, -0.00108851, -0.00100915,-0.000957476, -0.00100915, -0.00123213, -0.00108851, -0.00100915, -0.00108851]
	PARPACK diagonalization completed after 30 matrix-vector product operations.
	iteration results: : total energy is -8.861794 | electron energy -8.861795 + phonon energy 0.000000 | electron momentum kIdx = 0
The 12-th iteration is completed.	|| time cost : 0h 0m 28.782s
********************************************************************************************************************
Start the 13 rounds of NGS-ED iteration
	effective electronic model is modified as: kinetic energy t = 0.999941
	                                           effective interaction Vq = [  -0.0244998, -0.00123213, -0.00108851, -0.00123213, -0.00123213, -0.00108851, -0.00100915, -0.00108851, -0.00108851, -0.00100915,-0.000957476, -0.00100915, -0.00123213, -0.00108851, -0.00100915, -0.00108851]
	PARPACK diagonalization completed after 30 matrix-vector product operations.
	iteration results: : total energy is -8.861795 | electron energy -8.861795 + phonon energy 0.000000 | electron momentum kIdx = 0
The 13-th iteration is completed.	|| time cost : 0h 0m 28.798s
********************************************************************************************************************
Start the 14 rounds of NGS-ED iteration
	effective electronic model is modified as: kinetic energy t = 0.999941
	                                           effective interaction Vq = [  -0.0244998, -0.00123213, -0.00108851, -0.00123213, -0.00123213, -0.00108851, -0.00100915, -0.00108851, -0.00108851, -0.00100915,-0.000957476, -0.00100915, -0.00123213, -0.00108851, -0.00100915, -0.00108851]
	PARPACK diagonalization completed after 30 matrix-vector product operations.
	iteration results: : total energy is -8.861795 | electron energy -8.861795 + phonon energy 0.000000 | electron momentum kIdx = 0
The 14-th iteration is completed.	|| time cost : 0h 0m 28.796s
********************************************************************************************************************
Start the 15 rounds of NGS-ED iteration
	effective electronic model is modified as: kinetic energy t = 0.999941
	                                           effective interaction Vq = [  -0.0244998, -0.00123213, -0.00108851, -0.00123213, -0.00123213, -0.00108851, -0.00100915, -0.00108851, -0.00108851, -0.00100915,-0.000957476, -0.00100915, -0.00123213, -0.00108851, -0.00100915, -0.00108851]
	PARPACK diagonalization completed after 30 matrix-vector product operations.
	iteration results: : total energy is -8.861795 | electron energy -8.861795 + phonon energy 0.000000 | electron momentum kIdx = 0
The 15-th iteration is completed.	|| time cost : 0h 0m 28.916s
********************************************************************************************************************
Start the 16 rounds of NGS-ED iteration
	effective electronic model is modified as: kinetic energy t = 0.999941
	                                           effective interaction Vq = [  -0.0244998, -0.00123213, -0.00108851, -0.00123213, -0.00123213, -0.00108851, -0.00100915, -0.00108851, -0.00108851, -0.00100915,-0.000957476, -0.00100915, -0.00123213, -0.00108851, -0.00100915, -0.00108851]
	PARPACK diagonalization completed after 30 matrix-vector product operations.
	iteration results: : total energy is -8.861795 | electron energy -8.861795 + phonon energy 0.000000 | electron momentum kIdx = 0
The 16-th iteration is completed.	|| time cost : 0h 0m 28.795s
********************************************************************************************************************
Start the 17 rounds of NGS-ED iteration
	effective electronic model is modified as: kinetic energy t = 0.999941
	                                           effective interaction Vq = [  -0.0244998, -0.00123213, -0.00108851, -0.00123213, -0.00123213, -0.00108851, -0.00100915, -0.00108851, -0.00108851, -0.00100915,-0.000957476, -0.00100915, -0.00123213, -0.00108851, -0.00100915, -0.00108851]
	PARPACK diagonalization completed after 30 matrix-vector product operations.
	iteration results: : total energy is -8.861795 | electron energy -8.861795 + phonon energy 0.000000 | electron momentum kIdx = 0
The 17-th iteration is completed.	|| time cost : 0h 0m 28.789s
********************************************************************************************************************
Start the 18 rounds of NGS-ED iteration
	effective electronic model is modified as: kinetic energy t = 0.999941
	                                           effective interaction Vq = [  -0.0244998, -0.00123213, -0.00108851, -0.00123213, -0.00123213, -0.00108851, -0.00100915, -0.00108851, -0.00108851, -0.00100915,-0.000957476, -0.00100915, -0.00123213, -0.00108851, -0.00100915, -0.00108851]
	PARPACK diagonalization completed after 30 matrix-vector product operations.
	iteration results: : total energy is -8.861795 | electron energy -8.861795 + phonon energy 0.000000 | electron momentum kIdx = 0
The 18-th iteration is completed.	|| time cost : 0h 0m 28.812s
********************************************************************************************************************
Start the 19 rounds of NGS-ED iteration
	effective electronic model is modified as: kinetic energy t = 0.999941
	                                           effective interaction Vq = [  -0.0244998, -0.00123213, -0.00108851, -0.00123213, -0.00123213, -0.00108851, -0.00100915, -0.00108851, -0.00108851, -0.00100915,-0.000957476, -0.00100915, -0.00123213, -0.00108851, -0.00100915, -0.00108851]
	PARPACK diagonalization completed after 30 matrix-vector product operations.
	iteration results: : total energy is -8.861795 | electron energy -8.861796 + phonon energy 0.000000 | electron momentum kIdx = 0
The 19-th iteration is completed.	|| time cost : 0h 0m 28.813s
********************************************************************************************************************
Start the 20 rounds of NGS-ED iteration
	effective electronic model is modified as: kinetic energy t = 0.999941
	                                           effective interaction Vq = [  -0.0244999, -0.00123213, -0.00108851, -0.00123213, -0.00123213, -0.00108851, -0.00100915, -0.00108851, -0.00108851, -0.00100915,-0.000957476, -0.00100915, -0.00123213, -0.00108851, -0.00100915, -0.00108851]
	PARPACK diagonalization completed after 30 matrix-vector product operations.
	iteration results: : total energy is -8.861795 | electron energy -8.861796 + phonon energy 0.000000 | electron momentum kIdx = 0
The 20-th iteration is completed.	|| time cost : 0h 0m 28.855s
********************************************************************************************************************
Start the 21 rounds of NGS-ED iteration
	effective electronic model is modified as: kinetic energy t = 0.999941
	                                           effective interaction Vq = [  -0.0244999, -0.00123213, -0.00108851, -0.00123213, -0.00123213, -0.00108851, -0.00100915, -0.00108851, -0.00108851, -0.00100915,-0.000957476, -0.00100915, -0.00123213, -0.00108851, -0.00100915, -0.00108851]
	PARPACK diagonalization completed after 30 matrix-vector product operations.
	iteration results: : total energy is -8.861795 | electron energy -8.861796 + phonon energy 0.000000 | electron momentum kIdx = 0
The 21-th iteration is completed.	|| time cost : 0h 0m 28.85s
********************************************************************************************************************
Start the 22 rounds of NGS-ED iteration
	effective electronic model is modified as: kinetic energy t = 0.999941
	                                           effective interaction Vq = [  -0.0244999, -0.00123213, -0.00108851, -0.00123213, -0.00123213, -0.00108851, -0.00100915, -0.00108851, -0.00108851, -0.00100915,-0.000957476, -0.00100915, -0.00123213, -0.00108851, -0.00100915, -0.00108851]
	PARPACK diagonalization completed after 30 matrix-vector product operations.
	iteration results: : total energy is -8.861796 | electron energy -8.861796 + phonon energy 0.000000 | electron momentum kIdx = 0
The 22-th iteration is completed.	|| time cost : 0h 0m 28.829s
********************************************************************************************************************
Start the 23 rounds of NGS-ED iteration
	effective electronic model is modified as: kinetic energy t = 0.999941
	                                           effective interaction Vq = [  -0.0244999, -0.00123213, -0.00108851, -0.00123213, -0.00123213, -0.00108851, -0.00100915, -0.00108851, -0.00108851, -0.00100915,-0.000957476, -0.00100915, -0.00123213, -0.00108851, -0.00100915, -0.00108851]
	PARPACK diagonalization completed after 30 matrix-vector product operations.
	iteration results: : total energy is -8.861796 | electron energy -8.861796 + phonon energy 0.000000 | electron momentum kIdx = 0
The 23-th iteration is completed.	|| time cost : 0h 0m 28.832s
********************************************************************************************************************
Start the 24 rounds of NGS-ED iteration
	effective electronic model is modified as: kinetic energy t = 0.999941
	                                           effective interaction Vq = [  -0.0244999, -0.00123213, -0.00108851, -0.00123213, -0.00123213, -0.00108851, -0.00100915, -0.00108851, -0.00108851, -0.00100915,-0.000957476, -0.00100915, -0.00123213, -0.00108851, -0.00100915, -0.00108851]
	PARPACK diagonalization completed after 30 matrix-vector product operations.
	iteration results: : total energy is -8.861796 | electron energy -8.861796 + phonon energy 0.000000 | electron momentum kIdx = 0
The 24-th iteration is completed.	|| time cost : 0h 0m 28.801s
********************************************************************************************************************
Start the 25 rounds of NGS-ED iteration
	effective electronic model is modified as: kinetic energy t = 0.999941
	                                           effective interaction Vq = [  -0.0244999, -0.00123213, -0.00108851, -0.00123213, -0.00123213, -0.00108851, -0.00100915, -0.00108851, -0.00108851, -0.00100915,-0.000957476, -0.00100915, -0.00123213, -0.00108851, -0.00100915, -0.00108851]
	PARPACK diagonalization completed after 30 matrix-vector product operations.
	iteration results: : total energy is -8.861796 | electron energy -8.861796 + phonon energy 0.000000 | electron momentum kIdx = 0
The 25-th iteration is completed.	|| time cost : 0h 0m 28.837s
********************************************************************************************************************
Start the 26 rounds of NGS-ED iteration
	effective electronic model is modified as: kinetic energy t = 0.999941
	                                           effective interaction Vq = [  -0.0244999, -0.00123213, -0.00108851, -0.00123213, -0.00123213, -0.00108851, -0.00100915, -0.00108851, -0.00108851, -0.00100915,-0.000957476, -0.00100915, -0.00123213, -0.00108851, -0.00100915, -0.00108851]
	PARPACK diagonalization completed after 30 matrix-vector product operations.
	iteration results: : total energy is -8.861796 | electron energy -8.861796 + phonon energy 0.000000 | electron momentum kIdx = 0
The 26-th iteration is completed.	|| time cost : 0h 0m 28.789s
********************************************************************************************************************
Start the 27 rounds of NGS-ED iteration
	effective electronic model is modified as: kinetic energy t = 0.999941
	                                           effective interaction Vq = [  -0.0244999, -0.00123213, -0.00108851, -0.00123213, -0.00123213, -0.00108851, -0.00100915, -0.00108851, -0.00108851, -0.00100915,-0.000957476, -0.00100915, -0.00123213, -0.00108851, -0.00100915, -0.00108851]
	PARPACK diagonalization completed after 30 matrix-vector product operations.
	iteration results: : total energy is -8.861796 | electron energy -8.861796 + phonon energy 0.000000 | electron momentum kIdx = 0
The 27-th iteration is completed.	|| time cost : 0h 0m 28.868s
********************************************************************************************************************
Start the 28 rounds of NGS-ED iteration
	effective electronic model is modified as: kinetic energy t = 0.999941
	                                           effective interaction Vq = [  -0.0244999, -0.00123213, -0.00108851, -0.00123213, -0.00123213, -0.00108851, -0.00100915, -0.00108851, -0.00108851, -0.00100915,-0.000957476, -0.00100915, -0.00123213, -0.00108851, -0.00100915, -0.00108851]
	PARPACK diagonalization completed after 30 matrix-vector product operations.
	iteration results: : total energy is -8.861796 | electron energy -8.861796 + phonon energy 0.000000 | electron momentum kIdx = 0
The 28-th iteration is completed.	|| time cost : 0h 0m 28.801s
********************************************************************************************************************
Start the 29 rounds of NGS-ED iteration
	effective electronic model is modified as: kinetic energy t = 0.999941
	                                           effective interaction Vq = [  -0.0244999, -0.00123213, -0.00108851, -0.00123213, -0.00123213, -0.00108851, -0.00100915, -0.00108851, -0.00108851, -0.00100915,-0.000957476, -0.00100915, -0.00123213, -0.00108851, -0.00100915, -0.00108851]
	PARPACK diagonalization completed after 30 matrix-vector product operations.
	iteration results: : total energy is -8.861796 | electron energy -8.861796 + phonon energy 0.000000 | electron momentum kIdx = 0
The 29-th iteration is completed.	|| time cost : 0h 0m 28.839s
********************************************************************************************************************
Start the 30 rounds of NGS-ED iteration
	effective electronic model is modified as: kinetic energy t = 0.999941
	                                           effective interaction Vq = [  -0.0244999, -0.00123213, -0.00108851, -0.00123213, -0.00123213, -0.00108851, -0.00100915, -0.00108851, -0.00108851, -0.00100915,-0.000957476, -0.00100915, -0.00123213, -0.00108851, -0.00100915, -0.00108851]
	PARPACK diagonalization completed after 30 matrix-vector product operations.
	iteration results: : total energy is -8.861796 | electron energy -8.861796 + phonon energy 0.000000 | electron momentum kIdx = 0
The 30-th iteration is completed.	|| time cost : 0h 0m 28.94s
********************************************************************************************************************
Start the 31 rounds of NGS-ED iteration
	effective electronic model is modified as: kinetic energy t = 0.999941
	                                           effective interaction Vq = [  -0.0244999, -0.00123213, -0.00108851, -0.00123213, -0.00123213, -0.00108851, -0.00100915, -0.00108851, -0.00108851, -0.00100915,-0.000957476, -0.00100915, -0.00123213, -0.00108851, -0.00100915, -0.00108851]
	PARPACK diagonalization completed after 30 matrix-vector product operations.
	iteration results: : total energy is -8.861796 | electron energy -8.861797 + phonon energy 0.000000 | electron momentum kIdx = 0
The 31-th iteration is completed.	|| time cost : 0h 0m 28.86s
********************************************************************************************************************
Start the 32 rounds of NGS-ED iteration
	effective electronic model is modified as: kinetic energy t = 0.999941
	                                           effective interaction Vq = [  -0.0244999, -0.00123213, -0.00108851, -0.00123213, -0.00123213, -0.00108851, -0.00100915, -0.00108851, -0.00108851, -0.00100915,-0.000957476, -0.00100915, -0.00123213, -0.00108851, -0.00100915, -0.00108851]
	PARPACK diagonalization completed after 30 matrix-vector product operations.
	iteration results: : total energy is -8.861796 | electron energy -8.861797 + phonon energy 0.000000 | electron momentum kIdx = 0
The 32-th iteration is completed.	|| time cost : 0h 0m 28.852s
********************************************************************************************************************
Start the 33 rounds of NGS-ED iteration
	effective electronic model is modified as: kinetic energy t = 0.999941
	                                           effective interaction Vq = [  -0.0244999, -0.00123213, -0.00108851, -0.00123213, -0.00123213, -0.00108851, -0.00100915, -0.00108851, -0.00108851, -0.00100915,-0.000957476, -0.00100915, -0.00123213, -0.00108851, -0.00100915, -0.00108851]
	PARPACK diagonalization completed after 30 matrix-vector product operations.
	iteration results: : total energy is -8.861796 | electron energy -8.861797 + phonon energy 0.000000 | electron momentum kIdx = 0
The 33-th iteration is completed.	|| time cost : 0h 0m 28.858s
********************************************************************************************************************
Start the 34 rounds of NGS-ED iteration
	effective electronic model is modified as: kinetic energy t = 0.999941
	                                           effective interaction Vq = [  -0.0244999, -0.00123213, -0.00108851, -0.00123213, -0.00123213, -0.00108851, -0.00100915, -0.00108851, -0.00108851, -0.00100915,-0.000957476, -0.00100915, -0.00123213, -0.00108851, -0.00100915, -0.00108851]
	PARPACK diagonalization completed after 30 matrix-vector product operations.
	iteration results: : total energy is -8.861796 | electron energy -8.861797 + phonon energy 0.000000 | electron momentum kIdx = 0
The 34-th iteration is completed.	|| time cost : 0h 0m 28.842s
********************************************************************************************************************
Start the 35 rounds of NGS-ED iteration
	effective electronic model is modified as: kinetic energy t = 0.999941
	                                           effective interaction Vq = [  -0.0244999, -0.00123213, -0.00108851, -0.00123213, -0.00123213, -0.00108851, -0.00100915, -0.00108851, -0.00108851, -0.00100915,-0.000957476, -0.00100915, -0.00123213, -0.00108851, -0.00100915, -0.00108851]
	PARPACK diagonalization completed after 30 matrix-vector product operations.
	iteration results: : total energy is -8.861796 | electron energy -8.861797 + phonon energy 0.000000 | electron momentum kIdx = 0
The 35-th iteration is completed.	|| time cost : 0h 0m 28.816s
********************************************************************************************************************
Start the 36 rounds of NGS-ED iteration
	effective electronic model is modified as: kinetic energy t = 0.999941
	                                           effective interaction Vq = [  -0.0244999, -0.00123213, -0.00108851, -0.00123213, -0.00123213, -0.00108851, -0.00100915, -0.00108851, -0.00108851, -0.00100915,-0.000957476, -0.00100915, -0.00123213, -0.00108851, -0.00100915, -0.00108851]
	PARPACK diagonalization completed after 30 matrix-vector product operations.
	iteration results: : total energy is -8.861796 | electron energy -8.861797 + phonon energy 0.000000 | electron momentum kIdx = 0
The 36-th iteration is completed.	|| time cost : 0h 0m 28.785s
********************************************************************************************************************
Start the 37 rounds of NGS-ED iteration
	effective electronic model is modified as: kinetic energy t = 0.999941
	                                           effective interaction Vq = [  -0.0244999, -0.00123213, -0.00108851, -0.00123213, -0.00123213, -0.00108851, -0.00100915, -0.00108851, -0.00108851, -0.00100915,-0.000957476, -0.00100915, -0.00123213, -0.00108851, -0.00100915, -0.00108851]
	PARPACK diagonalization completed after 30 matrix-vector product operations.
	iteration results: : total energy is -8.861797 | electron energy -8.861797 + phonon energy 0.000000 | electron momentum kIdx = 0
The 37-th iteration is completed.	|| time cost : 0h 0m 28.776s
********************************************************************************************************************
Start the 38 rounds of NGS-ED iteration
	effective electronic model is modified as: kinetic energy t = 0.999941
	                                           effective interaction Vq = [  -0.0244999, -0.00123213, -0.00108851, -0.00123213, -0.00123213, -0.00108851, -0.00100915, -0.00108851, -0.00108851, -0.00100915,-0.000957476, -0.00100915, -0.00123213, -0.00108851, -0.00100915, -0.00108851]
	PARPACK diagonalization completed after 30 matrix-vector product operations.
	iteration results: : total energy is -8.861797 | electron energy -8.861797 + phonon energy 0.000000 | electron momentum kIdx = 0
The 38-th iteration is completed.	|| time cost : 0h 0m 28.835s
********************************************************************************************************************
Start the 39 rounds of NGS-ED iteration
	effective electronic model is modified as: kinetic energy t = 0.999941
	                                           effective interaction Vq = [  -0.0244999, -0.00123213, -0.00108851, -0.00123213, -0.00123213, -0.00108851, -0.00100915, -0.00108851, -0.00108851, -0.00100915,-0.000957476, -0.00100915, -0.00123213, -0.00108851, -0.00100915, -0.00108851]
	PARPACK diagonalization completed after 30 matrix-vector product operations.
	iteration results: : total energy is -8.861797 | electron energy -8.861797 + phonon energy 0.000000 | electron momentum kIdx = 0
The 39-th iteration is completed.	|| time cost : 0h 0m 28.776s
********************************************************************************************************************
Start the 40 rounds of NGS-ED iteration
	effective electronic model is modified as: kinetic energy t = 0.999941
	                                           effective interaction Vq = [  -0.0244999, -0.00123213, -0.00108851, -0.00123213, -0.00123213, -0.00108851, -0.00100915, -0.00108851, -0.00108851, -0.00100915,-0.000957476, -0.00100915, -0.00123213, -0.00108851, -0.00100915, -0.00108851]
	PARPACK diagonalization completed after 30 matrix-vector product operations.
	iteration results: : total energy is -8.861797 | electron energy -8.861797 + phonon energy 0.000000 | electron momentum kIdx = 0
The 40-th iteration is completed.	|| time cost : 0h 0m 28.784s
********************************************************************************************************************
Start the 41 rounds of NGS-ED iteration
	effective electronic model is modified as: kinetic energy t = 0.999941
	                                           effective interaction Vq = [  -0.0244999, -0.00123213, -0.00108851, -0.00123213, -0.00123213, -0.00108851, -0.00100915, -0.00108851, -0.00108851, -0.00100915,-0.000957476, -0.00100915, -0.00123213, -0.00108851, -0.00100915, -0.00108851]
	PARPACK diagonalization completed after 30 matrix-vector product operations.
	iteration results: : total energy is -8.861797 | electron energy -8.861797 + phonon energy 0.000000 | electron momentum kIdx = 0
The 41-th iteration is completed.	|| time cost : 0h 0m 28.85s
********************************************************************************************************************
Start the 42 rounds of NGS-ED iteration
	effective electronic model is modified as: kinetic energy t = 0.999941
	                                           effective interaction Vq = [  -0.0244999, -0.00123213, -0.00108851, -0.00123213, -0.00123213, -0.00108851, -0.00100915, -0.00108851, -0.00108851, -0.00100915,-0.000957476, -0.00100915, -0.00123213, -0.00108851, -0.00100915, -0.00108851]
	PARPACK diagonalization completed after 30 matrix-vector product operations.
	iteration results: : total energy is -8.861797 | electron energy -8.861797 + phonon energy 0.000000 | electron momentum kIdx = 0
The 42-th iteration is completed.	|| time cost : 0h 0m 28.803s
********************************************************************************************************************
Start the 43 rounds of NGS-ED iteration
	effective electronic model is modified as: kinetic energy t = 0.999941
	                                           effective interaction Vq = [  -0.0244999, -0.00123213, -0.00108851, -0.00123213, -0.00123213, -0.00108851, -0.00100915, -0.00108851, -0.00108851, -0.00100915,-0.000957476, -0.00100915, -0.00123213, -0.00108851, -0.00100915, -0.00108851]
	PARPACK diagonalization completed after 30 matrix-vector product operations.
	iteration results: : total energy is -8.861797 | electron energy -8.861797 + phonon energy 0.000000 | electron momentum kIdx = 0
The 43-th iteration is completed.	|| time cost : 0h 0m 28.855s
********************************************************************************************************************
