SNEDics v3.2 diagonalization test program		Start at Fri May  3 03:27:51 2019

parallized on 80 MPI threads  * 6 OpenMP threads = 480 total threads.
************************************************************************************
************************************************************************************

Input file "model_params.in"
Hubbard-Holstein model parameters : 	t = 1    U = 8    g = 1.4142    W = 1    
************************************************************************************
Input file "hilbertspace_params.in"

Cluster Positions:				Cluster symmetry group : D4
 x ... x ... x ... x .....                       x ... x ... x ... x .....
 |           |           :                       |           |           :
 |           |           :                       |           |           :
12    13    14    15     x                       1     5     6     5     x
 |           |           :                       |           |           :
 |           |           :                       |           |           :
 8 --- 9 ---10 ---11 --- x                       2 --- 6 ---10 --- 6 --- x
 |           |           :                       |           |           :
 |           |           :                       |           |           :
 4     5     6     7     x                       1     5     6     5     x
 |           |           :                       |           |           :
 |           |           :                       |           |           :
 0 --- 1 --- 2 --- 3 --- x                       0 --- 1 --- 2 --- 1 --- x
orbital number : 1
************************************************************************************
** NOTE ** Detected low phonon energy W < 10. The initial state will be prepared through a warm-up process.
starting warm-up calculation for scaling factor 16
0 rounds of non-Gaussian ED iteration : ground-state energy is -8.46888 | electron energy -8.46888 + phonon energy 0 | electron momentum kIdx = 0
Nq = 	16	0.0625034	0.109912	0.0625034	0.0625034	0.109912	0.152438	0.109912	0.109912	0.152438	0.1925	0.152438	0.0625034	0.109912	0.152438	0.109912
Sq = 	2.31488e-18	0.412873	0.641315	0.412873	0.412873	0.641315	0.93882	0.641315	0.641315	0.93882	5.0336	0.93882	0.412873	0.641315	0.93882	0.641315
1 rounds of non-Gaussian ED iteration : ground-state energy is -42.3232 | electron energy -42.3244 + phonon energy 0.00115151 | electron momentum kIdx = 0
Nq = 	16	0.129129	0.20052	0.129129	0.129129	0.20052	0.271382	0.20052	0.20052	0.271382	0.33298	0.271382	0.129129	0.20052	0.271382	0.20052
Sq = 	5.45206e-18	0.427423	0.62956	0.427423	0.427423	0.62956	0.836198	0.62956	0.62956	0.836198	4.03001	0.836198	0.427423	0.62956	0.836198	0.62956
2 rounds of non-Gaussian ED iteration : ground-state energy is -43.74 | electron energy -43.7456 + phonon energy 0.00565963 | electron momentum kIdx = 0
Nq = 	16	0.137449	0.210219	0.137449	0.137449	0.210219	0.284561	0.210219	0.210219	0.284561	0.347812	0.284561	0.137449	0.210219	0.284561	0.210219
Sq = 	-2.12928e-18	0.42766	0.628129	0.42766	0.42766	0.628129	0.8267	0.628129	0.628129	0.8267	3.91662	0.8267	0.42766	0.628129	0.8267	0.628129
3 rounds of non-Gaussian ED iteration : ground-state energy is -43.7957 | electron energy -43.8029 + phonon energy 0.0072192 | electron momentum kIdx = 0
Nq = 	16	0.138467	0.211374	0.138467	0.138467	0.211374	0.286153	0.211374	0.211374	0.286153	0.34958	0.286153	0.138467	0.211374	0.286153	0.211374
Sq = 	3.50546e-18	0.427671	0.627951	0.427671	0.427671	0.627951	0.825572	0.627951	0.627951	0.825572	3.90301	0.825572	0.427671	0.627951	0.825572	0.627951
4 rounds of non-Gaussian ED iteration : ground-state energy is -43.7979 | electron energy -43.8054 + phonon energy 0.00750432 | electron momentum kIdx = 0
Nq = 	16	0.138618	0.211543	0.138618	0.138618	0.211543	0.286386	0.211543	0.211543	0.286386	0.349835	0.286386	0.138618	0.211543	0.286386	0.211543
Sq = 	8.14665e-19	0.427673	0.627926	0.427673	0.427673	0.627926	0.825407	0.627926	0.627926	0.825407	3.90102	0.825407	0.427673	0.627926	0.825407	0.627926
Ground state is obtained after 5 iterations. The current ground-state energy is -43.7979, in which electron energy is -43.8055 and phonon energy is 0.00754979
final variational state is: 
Gamma_x =       1 1.00575 1.01014 1.00575 1.00575 1.01014  1.0144 1.01014 1.01014  1.0144 1.01827  1.0144 1.00575 1.01014  1.0144 1.01014
lambda_q = 0.353431 0.279512 0.262761 0.279512 0.279512 0.262761 0.255971 0.262761 0.262761 0.255971 0.249949 0.255971 0.279512 0.262761 0.255971 0.262761
o___o  -------------------------------------
| L |	Time since last clock: 0h 28m 22.777s
A===A	Time since the beginning: 0h 28m 22.777s
********************************************

************************************************************************************
starting warm-up calculation for scaling factor 8
0 rounds of non-Gaussian ED iteration : ground-state energy is -40.0603 | electron energy -40.0641 + phonon energy 0.00377489 | electron momentum kIdx = 0
Nq = 	16	0.118052	0.186695	0.118052	0.118052	0.186695	0.252662	0.186695	0.186695	0.252662	0.311175	0.252662	0.118052	0.186695	0.252662	0.186695
Sq = 	1.92604e-18	0.426747	0.631577	0.426747	0.426747	0.631577	0.849966	0.631577	0.631577	0.849966	4.18948	0.849966	0.426747	0.631577	0.849966	0.631577
1 rounds of non-Gaussian ED iteration : ground-state energy is -42.2828 | electron energy -42.2956 + phonon energy 0.0128545 | electron momentum kIdx = 0
Nq = 	16	0.121054	0.1903	0.121054	0.121054	0.1903	0.25724	0.1903	0.1903	0.25724	0.316216	0.25724	0.121054	0.1903	0.25724	0.1903
Sq = 	1.20683e-19	0.427051	0.631182	0.427051	0.427051	0.631182	0.846373	0.631182	0.631182	0.846373	4.14802	0.846373	0.427051	0.631182	0.846373	0.631182
2 rounds of non-Gaussian ED iteration : ground-state energy is -42.7293 | electron energy -42.7463 + phonon energy 0.0170305 | electron momentum kIdx = 0
Nq = 	16	0.122036	0.191461	0.122036	0.122036	0.191461	0.25873	0.191461	0.191461	0.25873	0.317862	0.25873	0.122036	0.191461	0.25873	0.191461
Sq = 	2.77464e-20	0.427139	0.631051	0.427139	0.427139	0.631051	0.845218	0.631051	0.631051	0.845218	4.13457	0.845218	0.427139	0.631051	0.845218	0.631051
3 rounds of non-Gaussian ED iteration : ground-state energy is -42.8191 | electron energy -42.8377 + phonon energy 0.0185825 | electron momentum kIdx = 0
Nq = 	16	0.122369	0.191852	0.122369	0.122369	0.191852	0.259234	0.191852	0.191852	0.259234	0.318419	0.259234	0.122369	0.191852	0.259234	0.191852
Sq = 	-1.40359e-18	0.427168	0.631006	0.427168	0.427168	0.631006	0.844829	0.631006	0.631006	0.844829	4.13003	0.844829	0.427168	0.631006	0.844829	0.631006
4 rounds of non-Gaussian ED iteration : ground-state energy is -42.8372 | electron energy -42.8564 + phonon energy 0.0191308 | electron momentum kIdx = 0
Nq = 	16	0.122484	0.191985	0.122484	0.122484	0.191985	0.259407	0.191985	0.191985	0.259407	0.318611	0.259407	0.122484	0.191985	0.259407	0.191985
Sq = 	-1.42982e-18	0.427178	0.630991	0.427178	0.427178	0.630991	0.844696	0.630991	0.630991	0.844696	4.12847	0.844696	0.427178	0.630991	0.844696	0.630991
5 rounds of non-Gaussian ED iteration : ground-state energy is -42.8409 | electron energy -42.8602 + phonon energy 0.0193216 | electron momentum kIdx = 0
Nq = 	16	0.122524	0.192031	0.122524	0.122524	0.192031	0.259466	0.192031	0.192031	0.259466	0.318677	0.259466	0.122524	0.192031	0.259466	0.192031
Sq = 	6.29634e-19	0.427181	0.630986	0.427181	0.427181	0.630986	0.84465	0.630986	0.630986	0.84465	4.12793	0.84465	0.427181	0.630986	0.84465	0.630986
Ground state is obtained after 6 iterations. The current ground-state energy is -42.8416, in which electron energy is -42.861 and phonon energy is 0.0193876
final variational state is: 
Gamma_x =       1  1.0142 1.02358  1.0142  1.0142 1.02358 1.03244 1.02358 1.02358 1.03244 1.04031 1.03244  1.0142 1.02358 1.03244 1.02358
lambda_q = 0.498789 0.319767 0.291974 0.319767 0.319767 0.291974 0.280249 0.291974 0.291974 0.280249 0.271034 0.280249 0.319767 0.291974 0.280249 0.291974
o___o  -------------------------------------
| L |	Time since last clock: 0h 33m 20.61s
A===A	Time since the beginning: 1h 1m 43.387s
********************************************

************************************************************************************
starting warm-up calculation for scaling factor 4
0 rounds of non-Gaussian ED iteration : ground-state energy is -39.1187 | electron energy -39.1284 + phonon energy 0.00969381 | electron momentum kIdx = 0
Nq = 	16	0.102567	0.166662	0.102567	0.102567	0.166662	0.226012	0.166662	0.166662	0.226012	0.279914	0.226012	0.102567	0.166662	0.226012	0.166662
Sq = 	2.62973e-19	0.424829	0.634196	0.424829	0.424829	0.634196	0.87072	0.634196	0.634196	0.87072	4.41842	0.87072	0.424829	0.634196	0.87072	0.634196
1 rounds of non-Gaussian ED iteration : ground-state energy is -40.6588 | electron energy -40.6788 + phonon energy 0.0199602 | electron momentum kIdx = 0
Nq = 	16	0.101849	0.16564	0.101849	0.101849	0.16564	0.224536	0.16564	0.16564	0.224536	0.278049	0.224536	0.101849	0.16564	0.224536	0.16564
Sq = 	-9.77833e-19	0.424743	0.634375	0.424743	0.424743	0.634375	0.87182	0.634375	0.634375	0.87182	4.43007	0.87182	0.424743	0.634375	0.87182	0.634375
2 rounds of non-Gaussian ED iteration : ground-state energy is -41.3472 | electron energy -41.3715 + phonon energy 0.0242966 | electron momentum kIdx = 0
Nq = 	16	0.101567	0.165248	0.101567	0.101567	0.165248	0.223995	0.165248	0.165248	0.223995	0.277402	0.223995	0.101567	0.165248	0.223995	0.165248
Sq = 	-2.87296e-19	0.424702	0.634434	0.424702	0.424702	0.634434	0.87224	0.634434	0.634434	0.87224	4.43449	0.87224	0.424702	0.634434	0.87224	0.634434
3 rounds of non-Gaussian ED iteration : ground-state energy is -41.6561 | electron energy -41.682 + phonon energy 0.0258853 | electron momentum kIdx = 0
Nq = 	16	0.10146	0.165104	0.10146	0.10146	0.165104	0.223803	0.165104	0.165104	0.223803	0.277182	0.223803	0.10146	0.165104	0.223803	0.165104
Sq = 	-6.92923e-19	0.424684	0.634452	0.424684	0.424684	0.634452	0.872394	0.634452	0.634452	0.872394	4.43612	0.872394	0.424684	0.634452	0.872394	0.634452
4 rounds of non-Gaussian ED iteration : ground-state energy is -41.7949 | electron energy -41.8213 + phonon energy 0.0264447 | electron momentum kIdx = 0
Nq = 	16	0.10142	0.16505	0.10142	0.10142	0.16505	0.223734	0.16505	0.16505	0.223734	0.277106	0.223734	0.10142	0.16505	0.223734	0.16505
Sq = 	-8.27744e-19	0.424676	0.634458	0.424676	0.424676	0.634458	0.872451	0.634458	0.634458	0.872451	4.43672	0.872451	0.424676	0.634458	0.872451	0.634458
5 rounds of non-Gaussian ED iteration : ground-state energy is -41.8572 | electron energy -41.8839 + phonon energy 0.0266387 | electron momentum kIdx = 0
Nq = 	16	0.101405	0.165031	0.101405	0.101405	0.165031	0.223709	0.165031	0.165031	0.223709	0.27708	0.223709	0.101405	0.165031	0.223709	0.165031
Sq = 	1.41097e-18	0.424673	0.63446	0.424673	0.424673	0.63446	0.872472	0.63446	0.63446	0.872472	4.43694	0.872472	0.424673	0.63446	0.872472	0.63446
6 rounds of non-Gaussian ED iteration : ground-state energy is -41.8852 | electron energy -41.9119 + phonon energy 0.0267052 | electron momentum kIdx = 0
Nq = 	16	0.101399	0.165023	0.101399	0.101399	0.165023	0.2237	0.165023	0.165023	0.2237	0.27707	0.2237	0.101399	0.165023	0.2237	0.165023
Sq = 	-4.50985e-19	0.424672	0.634461	0.424672	0.424672	0.634461	0.87248	0.634461	0.634461	0.87248	4.43703	0.87248	0.424672	0.634461	0.87248	0.634461
7 rounds of non-Gaussian ED iteration : ground-state energy is -41.8978 | electron energy -41.9246 + phonon energy 0.0267275 | electron momentum kIdx = 0
Nq = 	16	0.101396	0.16502	0.101396	0.101396	0.16502	0.223696	0.16502	0.16502	0.223696	0.277067	0.223696	0.101396	0.16502	0.223696	0.16502
Sq = 	-1.37723e-18	0.424672	0.634461	0.424672	0.424672	0.634461	0.872483	0.634461	0.634461	0.872483	4.43706	0.872483	0.424672	0.634461	0.872483	0.634461
8 rounds of non-Gaussian ED iteration : ground-state energy is -41.9035 | electron energy -41.9302 + phonon energy 0.0267348 | electron momentum kIdx = 0
Nq = 	16	0.101395	0.165019	0.101395	0.101395	0.165019	0.223695	0.165019	0.165019	0.223695	0.277065	0.223695	0.101395	0.165019	0.223695	0.165019
Sq = 	1.74636e-18	0.424671	0.634461	0.424671	0.424671	0.634461	0.872484	0.634461	0.634461	0.872484	4.43707	0.872484	0.424671	0.634461	0.872484	0.634461
9 rounds of non-Gaussian ED iteration : ground-state energy is -41.906 | electron energy -41.9328 + phonon energy 0.026737 | electron momentum kIdx = 0
Nq = 	16	0.101395	0.165018	0.101395	0.101395	0.165018	0.223694	0.165018	0.165018	0.223694	0.277065	0.223694	0.101395	0.165018	0.223694	0.165018
Sq = 	-7.58351e-19	0.424671	0.634461	0.424671	0.424671	0.634461	0.872485	0.634461	0.634461	0.872485	4.43708	0.872485	0.424671	0.634461	0.872485	0.634461
10 rounds of non-Gaussian ED iteration : ground-state energy is -41.9072 | electron energy -41.9339 + phonon energy 0.0267376 | electron momentum kIdx = 0
Nq = 	16	0.101395	0.165018	0.101395	0.101395	0.165018	0.223694	0.165018	0.165018	0.223694	0.277064	0.223694	0.101395	0.165018	0.223694	0.165018
Sq = 	-3.27548e-19	0.424671	0.634461	0.424671	0.424671	0.634461	0.872485	0.634461	0.634461	0.872485	4.43708	0.872485	0.424671	0.634461	0.872485	0.634461
Ground state is obtained after 11 iterations. The current ground-state energy is -41.9077, in which electron energy is -41.9344 and phonon energy is 0.0267377
final variational state is: 
Gamma_x =       1 1.02529 1.04013 1.02529 1.02529 1.04013 1.05361 1.04013 1.04013 1.05361 1.06565 1.05361 1.02529 1.04013 1.05361 1.04013
lambda_q = 0.704542 0.310556 0.277646 0.310556 0.310556 0.277646 0.262895 0.277646 0.277646 0.262895 0.252683 0.262895 0.310556 0.277646 0.262895 0.277646
o___o  -------------------------------------
| L |	Time since last clock: 0h 58m 21.492s
A===A	Time since the beginning: 2h 0m 4.88s
********************************************

************************************************************************************
starting warm-up calculation for scaling factor 2
0 rounds of non-Gaussian ED iteration : ground-state energy is -38.3965 | electron energy -38.4099 + phonon energy 0.0133688 | electron momentum kIdx = 0
Nq = 	16	0.0867739	0.145225	0.0867739	0.0867739	0.145225	0.198076	0.145225	0.145225	0.198076	0.246964	0.198076	0.0867739	0.145225	0.198076	0.145225
Sq = 	-2.08011e-18	0.421473	0.636782	0.421473	0.421473	0.636782	0.894432	0.636782	0.636782	0.894432	4.65798	0.894432	0.421473	0.636782	0.894432	0.636782
1 rounds of non-Gaussian ED iteration : ground-state energy is -39.359 | electron energy -39.3789 + phonon energy 0.0198629 | electron momentum kIdx = 0
Nq = 	16	0.0851314	0.142909	0.0851314	0.0851314	0.142909	0.195036	0.142909	0.142909	0.195036	0.24332	0.195036	0.0851314	0.142909	0.195036	0.142909
Sq = 	-2.56064e-19	0.421045	0.637078	0.421045	0.421045	0.637078	0.897113	0.637078	0.637078	0.897113	4.68345	0.897113	0.421045	0.637078	0.897113	0.637078
2 rounds of non-Gaussian ED iteration : ground-state energy is -39.9842 | electron energy -40.0062 + phonon energy 0.0220636 | electron momentum kIdx = 0
Nq = 	16	0.0842736	0.141714	0.0842736	0.0842736	0.141714	0.193503	0.141714	0.141714	0.193503	0.241525	0.193503	0.0842736	0.141714	0.193503	0.141714
Sq = 	-1.8303e-18	0.420804	0.637216	0.420804	0.420804	0.637216	0.898509	0.637216	0.637216	0.898509	4.69654	0.898509	0.420804	0.637216	0.898509	0.637216
3 rounds of non-Gaussian ED iteration : ground-state energy is -40.3995 | electron energy -40.422 + phonon energy 0.0224376 | electron momentum kIdx = 0
Nq = 	16	0.0838518	0.141133	0.0838518	0.0838518	0.141133	0.192769	0.141133	0.141133	0.192769	0.240678	0.192769	0.0838518	0.141133	0.192769	0.141133
Sq = 	-9.05912e-19	0.420679	0.637277	0.420679	0.420679	0.637277	0.899191	0.637277	0.637277	0.899191	4.70289	0.899191	0.420679	0.637277	0.899191	0.637277
4 rounds of non-Gaussian ED iteration : ground-state energy is -40.6772 | electron energy -40.6994 + phonon energy 0.0221941 | electron momentum kIdx = 0
Nq = 	16	0.0836446	0.140851	0.0836446	0.0836446	0.140851	0.192415	0.140851	0.140851	0.192415	0.240273	0.192415	0.0836446	0.140851	0.192415	0.140851
Sq = 	-1.78811e-19	0.420616	0.637306	0.420616	0.420616	0.637306	0.899525	0.637306	0.637306	0.899525	4.70598	0.899525	0.420616	0.637306	0.899525	0.637306
5 rounds of non-Gaussian ED iteration : ground-state energy is -40.8632 | electron energy -40.8851 + phonon energy 0.0218112 | electron momentum kIdx = 0
Nq = 	16	0.0835401	0.14071	0.0835401	0.0835401	0.14071	0.192239	0.14071	0.14071	0.192239	0.240072	0.192239	0.0835401	0.14071	0.192239	0.14071
Sq = 	-1.35102e-18	0.420584	0.637319	0.420584	0.420584	0.637319	0.899692	0.637319	0.637319	0.899692	4.70753	0.899692	0.420584	0.637319	0.899692	0.637319
6 rounds of non-Gaussian ED iteration : ground-state energy is -40.9879 | electron energy -41.0094 + phonon energy 0.0214536 | electron momentum kIdx = 0
Nq = 	16	0.0834854	0.140636	0.0834854	0.0834854	0.140636	0.192147	0.140636	0.140636	0.192147	0.239967	0.192147	0.0834854	0.140636	0.192147	0.140636
Sq = 	1.85991e-18	0.420567	0.637326	0.420567	0.420567	0.637326	0.89978	0.637326	0.637326	0.89978	4.70834	0.89978	0.420567	0.637326	0.89978	0.637326
7 rounds of non-Gaussian ED iteration : ground-state energy is -41.0715 | electron energy -41.0926 + phonon energy 0.0211651 | electron momentum kIdx = 0
Nq = 	16	0.0834553	0.140595	0.0834553	0.0834553	0.140595	0.192097	0.140595	0.140595	0.192097	0.239908	0.192097	0.0834553	0.140595	0.192097	0.140595
Sq = 	1.75121e-18	0.420558	0.63733	0.420558	0.420558	0.63733	0.899828	0.63733	0.63733	0.899828	4.70879	0.899828	0.420558	0.63733	0.899828	0.63733
8 rounds of non-Gaussian ED iteration : ground-state energy is -41.1275 | electron energy -41.1484 + phonon energy 0.0209463 | electron momentum kIdx = 0
Nq = 	16	0.0834379	0.140572	0.0834379	0.0834379	0.140572	0.192067	0.140572	0.140572	0.192067	0.239874	0.192067	0.0834379	0.140572	0.192067	0.140572
Sq = 	-4.08594e-19	0.420553	0.637333	0.420553	0.420553	0.637333	0.899855	0.637333	0.637333	0.899855	4.70904	0.899855	0.420553	0.637333	0.899855	0.637333
9 rounds of non-Gaussian ED iteration : ground-state energy is -41.165 | electron energy -41.1858 + phonon energy 0.0207856 | electron momentum kIdx = 0
Nq = 	16	0.0834274	0.140558	0.0834274	0.0834274	0.140558	0.192049	0.140558	0.140558	0.192049	0.239853	0.192049	0.0834274	0.140558	0.192049	0.140558
Sq = 	2.37585e-18	0.42055	0.637334	0.42055	0.42055	0.637334	0.899872	0.637334	0.637334	0.899872	4.7092	0.899872	0.42055	0.637334	0.899872	0.637334
10 rounds of non-Gaussian ED iteration : ground-state energy is -41.1902 | electron energy -41.2108 + phonon energy 0.0206696 | electron momentum kIdx = 0
Nq = 	16	0.0834208	0.140549	0.0834208	0.0834208	0.140549	0.192037	0.140549	0.140549	0.192037	0.239839	0.192037	0.0834208	0.140549	0.192037	0.140549
Sq = 	-1.80779e-18	0.420548	0.637335	0.420548	0.420548	0.637335	0.899883	0.637335	0.637335	0.899883	4.7093	0.899883	0.420548	0.637335	0.899883	0.637335
11 rounds of non-Gaussian ED iteration : ground-state energy is -41.207 | electron energy -41.2276 + phonon energy 0.0205867 | electron momentum kIdx = 0
Nq = 	16	0.0834165	0.140543	0.0834165	0.0834165	0.140543	0.19203	0.140543	0.140543	0.19203	0.23983	0.19203	0.0834165	0.140543	0.19203	0.140543
Sq = 	-2.37198e-18	0.420547	0.637336	0.420547	0.420547	0.637336	0.89989	0.637336	0.637336	0.89989	4.70937	0.89989	0.420547	0.637336	0.89989	0.637336
12 rounds of non-Gaussian ED iteration : ground-state energy is -41.2183 | electron energy -41.2389 + phonon energy 0.0205277 | electron momentum kIdx = 0
Nq = 	16	0.0834136	0.140539	0.0834136	0.0834136	0.140539	0.192025	0.140539	0.140539	0.192025	0.239824	0.192025	0.0834136	0.140539	0.192025	0.140539
Sq = 	-2.32074e-19	0.420546	0.637336	0.420546	0.420546	0.637336	0.899895	0.637336	0.637336	0.899895	4.70941	0.899895	0.420546	0.637336	0.899895	0.637336
13 rounds of non-Gaussian ED iteration : ground-state energy is -41.2259 | electron energy -41.2464 + phonon energy 0.0204859 | electron momentum kIdx = 0
Nq = 	16	0.0834117	0.140536	0.0834117	0.0834117	0.140536	0.192021	0.140536	0.140536	0.192021	0.23982	0.192021	0.0834117	0.140536	0.192021	0.140536
Sq = 	8.30231e-19	0.420545	0.637337	0.420545	0.420545	0.637337	0.899898	0.637337	0.637337	0.899898	4.70944	0.899898	0.420545	0.637337	0.899898	0.637337
14 rounds of non-Gaussian ED iteration : ground-state energy is -41.231 | electron energy -41.2514 + phonon energy 0.0204563 | electron momentum kIdx = 0
Nq = 	16	0.0834103	0.140534	0.0834103	0.0834103	0.140534	0.192019	0.140534	0.140534	0.192019	0.239817	0.192019	0.0834103	0.140534	0.192019	0.140534
Sq = 	-9.36374e-19	0.420545	0.637337	0.420545	0.420545	0.637337	0.8999	0.637337	0.637337	0.8999	4.70946	0.8999	0.420545	0.637337	0.8999	0.637337
15 rounds of non-Gaussian ED iteration : ground-state energy is -41.2344 | electron energy -41.2548 + phonon energy 0.0204355 | electron momentum kIdx = 0
Nq = 	16	0.0834094	0.140533	0.0834094	0.0834094	0.140533	0.192017	0.140533	0.140533	0.192017	0.239815	0.192017	0.0834094	0.140533	0.192017	0.140533
Sq = 	1.38147e-18	0.420545	0.637337	0.420545	0.420545	0.637337	0.899902	0.637337	0.637337	0.899902	4.70947	0.899902	0.420545	0.637337	0.899902	0.637337
16 rounds of non-Gaussian ED iteration : ground-state energy is -41.2367 | electron energy -41.2571 + phonon energy 0.0204207 | electron momentum kIdx = 0
Nq = 	16	0.0834088	0.140532	0.0834088	0.0834088	0.140532	0.192016	0.140532	0.140532	0.192016	0.239813	0.192016	0.0834088	0.140532	0.192016	0.140532
Sq = 	2.2656e-18	0.420545	0.637337	0.420545	0.420545	0.637337	0.899903	0.637337	0.637337	0.899903	4.70948	0.899903	0.420545	0.637337	0.899903	0.637337
17 rounds of non-Gaussian ED iteration : ground-state energy is -41.2382 | electron energy -41.2586 + phonon energy 0.0204103 | electron momentum kIdx = 0
Nq = 	16	0.0834083	0.140531	0.0834083	0.0834083	0.140531	0.192015	0.140531	0.140531	0.192015	0.239812	0.192015	0.0834083	0.140531	0.192015	0.140531
Sq = 	9.33119e-19	0.420544	0.637337	0.420544	0.420544	0.637337	0.899904	0.637337	0.637337	0.899904	4.70949	0.899904	0.420544	0.637337	0.899904	0.637337
18 rounds of non-Gaussian ED iteration : ground-state energy is -41.2392 | electron energy -41.2596 + phonon energy 0.020403 | electron momentum kIdx = 0
Nq = 	16	0.083408	0.140531	0.083408	0.083408	0.140531	0.192014	0.140531	0.140531	0.192014	0.239812	0.192014	0.083408	0.140531	0.192014	0.140531
Sq = 	7.97152e-19	0.420544	0.637337	0.420544	0.420544	0.637337	0.899904	0.637337	0.637337	0.899904	4.7095	0.899904	0.420544	0.637337	0.899904	0.637337
Ground state is obtained after 19 iterations. The current ground-state energy is -41.2399, in which electron energy is -41.2603 and phonon energy is 0.0203979
final variational state is: 
Gamma_x =       1 1.03202 1.05021 1.03202 1.03202 1.05021 1.06612 1.05021 1.05021 1.06612 1.08063 1.06612 1.03202 1.05021 1.06612 1.05021
lambda_q = 0.993381 0.252872 0.224897 0.252872 0.252872 0.224897 0.211545 0.224897 0.224897 0.211545 0.203022 0.211545 0.252872 0.224897 0.211545 0.224897
o___o  -------------------------------------
| L |	Time since last clock: 1h 38m 20.317s
A===A	Time since the beginning: 3h 38m 25.198s
********************************************

************************************************************************************
Warm up completed
o___o  -------------------------------------
| L |	Time since last clock: 0h 0m 0.027s
A===A	Time since the beginning: 3h 38m 25.225s
********************************************

************************************************************************************
0 rounds of non-Gaussian ED iteration : ground-state energy is -37.9773 | electron energy -37.9875 + phonon energy 0.0101989 | electron momentum kIdx = 0
Nq = 	16	0.0752983	0.128934	0.0752983	0.0752983	0.128934	0.177045	0.128934	0.128934	0.177045	0.221997	0.177045	0.0752983	0.128934	0.177045	0.128934
Sq = 	1.056e-18	0.417983	0.638765	0.417983	0.417983	0.638765	0.913926	0.638765	0.638765	0.913926	4.8348	0.913926	0.417983	0.638765	0.913926	0.638765
1 rounds of non-Gaussian ED iteration : ground-state energy is -38.5323 | electron energy -38.5449 + phonon energy 0.0126373 | electron momentum kIdx = 0
Nq = 	16	0.0741385	0.127239	0.0741385	0.0741385	0.127239	0.174841	0.127239	0.127239	0.174841	0.21935	0.174841	0.0741385	0.127239	0.174841	0.127239
Sq = 	2.31445e-19	0.417582	0.638987	0.417582	0.417582	0.638987	0.91604	0.638987	0.638987	0.91604	4.85289	0.91604	0.417582	0.638987	0.91604	0.638987
2 rounds of non-Gaussian ED iteration : ground-state energy is -38.9608 | electron energy -38.9743 + phonon energy 0.0134064 | electron momentum kIdx = 0
Nq = 	16	0.0735233	0.126348	0.0735233	0.0735233	0.126348	0.173702	0.126348	0.126348	0.173702	0.218005	0.173702	0.0735233	0.126348	0.173702	0.126348
Sq = 	-9.03364e-19	0.417357	0.639095	0.417357	0.417357	0.639095	0.917162	0.639095	0.639095	0.917162	4.86236	0.917162	0.417357	0.639095	0.917162	0.639095
3 rounds of non-Gaussian ED iteration : ground-state energy is -39.3067 | electron energy -39.3202 + phonon energy 0.0134904 | electron momentum kIdx = 0
Nq = 	16	0.0732239	0.125919	0.0732239	0.0732239	0.125919	0.173159	0.125919	0.125919	0.173159	0.217372	0.173159	0.0732239	0.125919	0.173159	0.125919
Sq = 	3.17631e-19	0.417244	0.639144	0.417244	0.417244	0.639144	0.917707	0.639144	0.639144	0.917707	4.86691	0.917707	0.417244	0.639144	0.917707	0.639144
4 rounds of non-Gaussian ED iteration : ground-state energy is -39.589 | electron energy -39.6023 + phonon energy 0.013325 | electron momentum kIdx = 0
Nq = 	16	0.0730803	0.125714	0.0730803	0.0730803	0.125714	0.172904	0.125714	0.125714	0.172904	0.217076	0.172904	0.0730803	0.125714	0.172904	0.125714
Sq = 	7.07998e-19	0.417189	0.639166	0.417189	0.417189	0.639166	0.917967	0.639166	0.639166	0.917967	4.86908	0.917967	0.417189	0.639166	0.917967	0.639166
5 rounds of non-Gaussian ED iteration : ground-state energy is -39.8198 | electron energy -39.8329 + phonon energy 0.0130888 | electron momentum kIdx = 0
Nq = 	16	0.07301	0.125615	0.07301	0.07301	0.125615	0.172781	0.125615	0.125615	0.172781	0.216933	0.172781	0.07301	0.125615	0.172781	0.125615
Sq = 	-1.50937e-19	0.417162	0.639177	0.417162	0.417162	0.639177	0.918094	0.639177	0.639177	0.918094	4.87013	0.918094	0.417162	0.639177	0.918094	0.639177
6 rounds of non-Gaussian ED iteration : ground-state energy is -40.0088 | electron energy -40.0217 + phonon energy 0.0128514 | electron momentum kIdx = 0
Nq = 	16	0.0729742	0.125565	0.0729742	0.0729742	0.125565	0.172718	0.125565	0.125565	0.172718	0.216861	0.172718	0.0729742	0.125565	0.172718	0.125565
Sq = 	1.66373e-18	0.417148	0.639182	0.417148	0.417148	0.639182	0.918158	0.639182	0.639182	0.918158	4.87066	0.918158	0.417148	0.639182	0.918158	0.639182
7 rounds of non-Gaussian ED iteration : ground-state energy is -40.1635 | electron energy -40.1762 + phonon energy 0.012637 | electron momentum kIdx = 0
Nq = 	16	0.0729547	0.125538	0.0729547	0.0729547	0.125538	0.172684	0.125538	0.125538	0.172684	0.216821	0.172684	0.0729547	0.125538	0.172684	0.125538
Sq = 	1.73386e-18	0.41714	0.639185	0.41714	0.41714	0.639185	0.918193	0.639185	0.639185	0.918193	4.87096	0.918193	0.41714	0.639185	0.918193	0.639185
8 rounds of non-Gaussian ED iteration : ground-state energy is -40.2902 | electron energy -40.3026 + phonon energy 0.0124518 | electron momentum kIdx = 0
Nq = 	16	0.0729431	0.125521	0.0729431	0.0729431	0.125521	0.172663	0.125521	0.125521	0.172663	0.216797	0.172663	0.0729431	0.125521	0.172663	0.125521
Sq = 	-1.36755e-19	0.417136	0.639187	0.417136	0.417136	0.639187	0.918214	0.639187	0.639187	0.918214	4.87113	0.918214	0.417136	0.639187	0.918214	0.639187
9 rounds of non-Gaussian ED iteration : ground-state energy is -40.3939 | electron energy -40.4062 + phonon energy 0.0122951 | electron momentum kIdx = 0
Nq = 	16	0.0729356	0.125511	0.0729356	0.0729356	0.125511	0.172649	0.125511	0.125511	0.172649	0.21678	0.172649	0.0729356	0.125511	0.172649	0.125511
Sq = 	8.86928e-19	0.417133	0.639188	0.417133	0.417133	0.639188	0.918228	0.639188	0.639188	0.918228	4.87124	0.918228	0.417133	0.639188	0.918228	0.639188
10 rounds of non-Gaussian ED iteration : ground-state energy is -40.4788 | electron energy -40.491 + phonon energy 0.0121637 | electron momentum kIdx = 0
Nq = 	16	0.0729304	0.125503	0.0729304	0.0729304	0.125503	0.17264	0.125503	0.125503	0.17264	0.216769	0.17264	0.0729304	0.125503	0.17264	0.125503
Sq = 	-2.81696e-19	0.417131	0.639189	0.417131	0.417131	0.639189	0.918238	0.639189	0.639189	0.918238	4.87132	0.918238	0.417131	0.639189	0.918238	0.639189
11 rounds of non-Gaussian ED iteration : ground-state energy is -40.5483 | electron energy -40.5604 + phonon energy 0.0120541 | electron momentum kIdx = 0
Nq = 	16	0.0729264	0.125498	0.0729264	0.0729264	0.125498	0.172632	0.125498	0.125498	0.172632	0.21676	0.172632	0.0729264	0.125498	0.172632	0.125498
Sq = 	1.18986e-18	0.417129	0.63919	0.417129	0.417129	0.63919	0.918245	0.63919	0.63919	0.918245	4.87139	0.918245	0.417129	0.63919	0.918245	0.63919
12 rounds of non-Gaussian ED iteration : ground-state energy is -40.6052 | electron energy -40.6172 + phonon energy 0.0119629 | electron momentum kIdx = 0
Nq = 	16	0.0729234	0.125493	0.0729234	0.0729234	0.125493	0.172626	0.125493	0.125493	0.172626	0.216753	0.172626	0.0729234	0.125493	0.172626	0.125493
Sq = 	-1.86769e-18	0.417128	0.63919	0.417128	0.417128	0.63919	0.918251	0.63919	0.63919	0.918251	4.87143	0.918251	0.417128	0.63919	0.918251	0.63919
13 rounds of non-Gaussian ED iteration : ground-state energy is -40.6518 | electron energy -40.6637 + phonon energy 0.011887 | electron momentum kIdx = 0
Nq = 	16	0.0729209	0.125489	0.0729209	0.0729209	0.125489	0.172622	0.125489	0.125489	0.172622	0.216747	0.172622	0.0729209	0.125489	0.172622	0.125489
Sq = 	-6.80782e-19	0.417127	0.639191	0.417127	0.417127	0.639191	0.918255	0.639191	0.639191	0.918255	4.87147	0.918255	0.417127	0.639191	0.918255	0.639191
14 rounds of non-Gaussian ED iteration : ground-state energy is -40.69 | electron energy -40.7018 + phonon energy 0.0118239 | electron momentum kIdx = 0
Nq = 	16	0.0729189	0.125486	0.0729189	0.0729189	0.125486	0.172618	0.125486	0.125486	0.172618	0.216742	0.172618	0.0729189	0.125486	0.172618	0.125486
Sq = 	-2.30256e-18	0.417127	0.639191	0.417127	0.417127	0.639191	0.918259	0.639191	0.639191	0.918259	4.8715	0.918259	0.417127	0.639191	0.918259	0.639191
15 rounds of non-Gaussian ED iteration : ground-state energy is -40.7212 | electron energy -40.733 + phonon energy 0.0117714 | electron momentum kIdx = 0
Nq = 	16	0.0729172	0.125484	0.0729172	0.0729172	0.125484	0.172615	0.125484	0.125484	0.172615	0.216738	0.172615	0.0729172	0.125484	0.172615	0.125484
Sq = 	-3.26304e-20	0.417126	0.639191	0.417126	0.417126	0.639191	0.918262	0.639191	0.639191	0.918262	4.87153	0.918262	0.417126	0.639191	0.918262	0.639191
16 rounds of non-Gaussian ED iteration : ground-state energy is -40.7468 | electron energy -40.7585 + phonon energy 0.0117278 | electron momentum kIdx = 0
Nq = 	16	0.0729159	0.125482	0.0729159	0.0729159	0.125482	0.172612	0.125482	0.125482	0.172612	0.216735	0.172612	0.0729159	0.125482	0.172612	0.125482
Sq = 	-4.13242e-19	0.417126	0.639192	0.417126	0.417126	0.639192	0.918264	0.639192	0.639192	0.918264	4.87155	0.918264	0.417126	0.639192	0.918264	0.639192
17 rounds of non-Gaussian ED iteration : ground-state energy is -40.7677 | electron energy -40.7794 + phonon energy 0.0116914 | electron momentum kIdx = 0
Nq = 	16	0.0729148	0.12548	0.0729148	0.0729148	0.12548	0.17261	0.12548	0.12548	0.17261	0.216732	0.17261	0.0729148	0.12548	0.17261	0.12548
Sq = 	-3.10394e-18	0.417125	0.639192	0.417125	0.417125	0.639192	0.918267	0.639192	0.639192	0.918267	4.87157	0.918267	0.417125	0.639192	0.918267	0.639192
18 rounds of non-Gaussian ED iteration : ground-state energy is -40.7848 | electron energy -40.7965 + phonon energy 0.0116612 | electron momentum kIdx = 0
Nq = 	16	0.0729138	0.125479	0.0729138	0.0729138	0.125479	0.172608	0.125479	0.125479	0.172608	0.21673	0.172608	0.0729138	0.125479	0.172608	0.125479
Sq = 	-7.52556e-19	0.417125	0.639192	0.417125	0.417125	0.639192	0.918268	0.639192	0.639192	0.918268	4.87158	0.918268	0.417125	0.639192	0.918268	0.639192
19 rounds of non-Gaussian ED iteration : ground-state energy is -40.7989 | electron energy -40.8105 + phonon energy 0.0116361 | electron momentum kIdx = 0
Nq = 	16	0.072913	0.125478	0.072913	0.072913	0.125478	0.172606	0.125478	0.125478	0.172606	0.216728	0.172606	0.072913	0.125478	0.172606	0.125478
Sq = 	2.02269e-19	0.417125	0.639192	0.417125	0.417125	0.639192	0.91827	0.639192	0.639192	0.91827	4.87159	0.91827	0.417125	0.639192	0.91827	0.639192
20 rounds of non-Gaussian ED iteration : ground-state energy is -40.8104 | electron energy -40.822 + phonon energy 0.0116151 | electron momentum kIdx = 0
Nq = 	16	0.0729124	0.125477	0.0729124	0.0729124	0.125477	0.172605	0.125477	0.125477	0.172605	0.216727	0.172605	0.0729124	0.125477	0.172605	0.125477
Sq = 	-3.82799e-19	0.417124	0.639192	0.417124	0.417124	0.639192	0.918271	0.639192	0.639192	0.918271	4.8716	0.918271	0.417124	0.639192	0.918271	0.639192
21 rounds of non-Gaussian ED iteration : ground-state energy is -40.8198 | electron energy -40.8314 + phonon energy 0.0115977 | electron momentum kIdx = 0
Nq = 	16	0.0729118	0.125476	0.0729118	0.0729118	0.125476	0.172604	0.125476	0.125476	0.172604	0.216726	0.172604	0.0729118	0.125476	0.172604	0.125476
Sq = 	2.02971e-20	0.417124	0.639193	0.417124	0.417124	0.639193	0.918272	0.639193	0.639193	0.918272	4.87161	0.918272	0.417124	0.639193	0.918272	0.639193
22 rounds of non-Gaussian ED iteration : ground-state energy is -40.8275 | electron energy -40.8391 + phonon energy 0.0115832 | electron momentum kIdx = 0
Nq = 	16	0.0729114	0.125475	0.0729114	0.0729114	0.125475	0.172603	0.125475	0.125475	0.172603	0.216724	0.172603	0.0729114	0.125475	0.172603	0.125475
Sq = 	-1.52363e-18	0.417124	0.639193	0.417124	0.417124	0.639193	0.918273	0.639193	0.639193	0.918273	4.87162	0.918273	0.417124	0.639193	0.918273	0.639193
23 rounds of non-Gaussian ED iteration : ground-state energy is -40.8338 | electron energy -40.8454 + phonon energy 0.0115711 | electron momentum kIdx = 0
Nq = 	16	0.072911	0.125475	0.072911	0.072911	0.125475	0.172603	0.125475	0.125475	0.172603	0.216724	0.172603	0.072911	0.125475	0.172603	0.125475
Sq = 	2.49289e-18	0.417124	0.639193	0.417124	0.417124	0.639193	0.918274	0.639193	0.639193	0.918274	4.87163	0.918274	0.417124	0.639193	0.918274	0.639193
24 rounds of non-Gaussian ED iteration : ground-state energy is -40.8389 | electron energy -40.8505 + phonon energy 0.011561 | electron momentum kIdx = 0
Nq = 	16	0.0729107	0.125474	0.0729107	0.0729107	0.125474	0.172602	0.125474	0.125474	0.172602	0.216723	0.172602	0.0729107	0.125474	0.172602	0.125474
Sq = 	-8.6485e-19	0.417124	0.639193	0.417124	0.417124	0.639193	0.918274	0.639193	0.639193	0.918274	4.87163	0.918274	0.417124	0.639193	0.918274	0.639193
25 rounds of non-Gaussian ED iteration : ground-state energy is -40.8432 | electron energy -40.8547 + phonon energy 0.0115526 | electron momentum kIdx = 0
Nq = 	16	0.0729104	0.125474	0.0729104	0.0729104	0.125474	0.172601	0.125474	0.125474	0.172601	0.216722	0.172601	0.0729104	0.125474	0.172601	0.125474
Sq = 	-1.90944e-18	0.417124	0.639193	0.417124	0.417124	0.639193	0.918275	0.639193	0.639193	0.918275	4.87164	0.918275	0.417124	0.639193	0.918275	0.639193
26 rounds of non-Gaussian ED iteration : ground-state energy is -40.8466 | electron energy -40.8582 + phonon energy 0.0115456 | electron momentum kIdx = 0
Nq = 	16	0.0729102	0.125474	0.0729102	0.0729102	0.125474	0.172601	0.125474	0.125474	0.172601	0.216722	0.172601	0.0729102	0.125474	0.172601	0.125474
Sq = 	-1.97322e-18	0.417124	0.639193	0.417124	0.417124	0.639193	0.918275	0.639193	0.639193	0.918275	4.87164	0.918275	0.417124	0.639193	0.918275	0.639193
27 rounds of non-Gaussian ED iteration : ground-state energy is -40.8495 | electron energy -40.861 + phonon energy 0.0115398 | electron momentum kIdx = 0
Nq = 	16	0.07291	0.125473	0.07291	0.07291	0.125473	0.172601	0.125473	0.125473	0.172601	0.216721	0.172601	0.07291	0.125473	0.172601	0.125473
Sq = 	5.3044e-19	0.417124	0.639193	0.417124	0.417124	0.639193	0.918275	0.639193	0.639193	0.918275	4.87164	0.918275	0.417124	0.639193	0.918275	0.639193
28 rounds of non-Gaussian ED iteration : ground-state energy is -40.8518 | electron energy -40.8633 + phonon energy 0.011535 | electron momentum kIdx = 0
Nq = 	16	0.0729099	0.125473	0.0729099	0.0729099	0.125473	0.1726	0.125473	0.125473	0.1726	0.216721	0.1726	0.0729099	0.125473	0.1726	0.125473
Sq = 	1.38241e-18	0.417124	0.639193	0.417124	0.417124	0.639193	0.918276	0.639193	0.639193	0.918276	4.87164	0.918276	0.417124	0.639193	0.918276	0.639193
29 rounds of non-Gaussian ED iteration : ground-state energy is -40.8537 | electron energy -40.8652 + phonon energy 0.0115309 | electron momentum kIdx = 0
Nq = 	16	0.0729098	0.125473	0.0729098	0.0729098	0.125473	0.1726	0.125473	0.125473	0.1726	0.216721	0.1726	0.0729098	0.125473	0.1726	0.125473
Sq = 	1.95801e-18	0.417124	0.639193	0.417124	0.417124	0.639193	0.918276	0.639193	0.639193	0.918276	4.87165	0.918276	0.417124	0.639193	0.918276	0.639193
30 rounds of non-Gaussian ED iteration : ground-state energy is -40.8552 | electron energy -40.8668 + phonon energy 0.0115276 | electron momentum kIdx = 0
Nq = 	16	0.0729097	0.125473	0.0729097	0.0729097	0.125473	0.1726	0.125473	0.125473	0.1726	0.21672	0.1726	0.0729097	0.125473	0.1726	0.125473
Sq = 	-9.38955e-19	0.417123	0.639193	0.417123	0.417123	0.639193	0.918276	0.639193	0.639193	0.918276	4.87165	0.918276	0.417123	0.639193	0.918276	0.639193
31 rounds of non-Gaussian ED iteration : ground-state energy is -40.8565 | electron energy -40.868 + phonon energy 0.0115248 | electron momentum kIdx = 0
Nq = 	16	0.0729096	0.125473	0.0729096	0.0729096	0.125473	0.1726	0.125473	0.125473	0.1726	0.21672	0.1726	0.0729096	0.125473	0.1726	0.125473
Sq = 	2.99136e-19	0.417123	0.639193	0.417123	0.417123	0.639193	0.918276	0.639193	0.639193	0.918276	4.87165	0.918276	0.417123	0.639193	0.918276	0.639193
32 rounds of non-Gaussian ED iteration : ground-state energy is -40.8576 | electron energy -40.8691 + phonon energy 0.0115224 | electron momentum kIdx = 0
Nq = 	16	0.0729095	0.125473	0.0729095	0.0729095	0.125473	0.1726	0.125473	0.125473	0.1726	0.21672	0.1726	0.0729095	0.125473	0.1726	0.125473
Sq = 	1.82034e-18	0.417123	0.639193	0.417123	0.417123	0.639193	0.918276	0.639193	0.639193	0.918276	4.87165	0.918276	0.417123	0.639193	0.918276	0.639193
33 rounds of non-Gaussian ED iteration : ground-state energy is -40.8584 | electron energy -40.8699 + phonon energy 0.0115205 | electron momentum kIdx = 0
Nq = 	16	0.0729094	0.125473	0.0729094	0.0729094	0.125473	0.172599	0.125473	0.125473	0.172599	0.21672	0.172599	0.0729094	0.125473	0.172599	0.125473
Sq = 	-5.23646e-19	0.417123	0.639193	0.417123	0.417123	0.639193	0.918276	0.639193	0.639193	0.918276	4.87165	0.918276	0.417123	0.639193	0.918276	0.639193
34 rounds of non-Gaussian ED iteration : ground-state energy is -40.8591 | electron energy -40.8706 + phonon energy 0.0115188 | electron momentum kIdx = 0
Nq = 	16	0.0729094	0.125472	0.0729094	0.0729094	0.125472	0.172599	0.125472	0.125472	0.172599	0.21672	0.172599	0.0729094	0.125472	0.172599	0.125472
Sq = 	-6.23685e-19	0.417123	0.639193	0.417123	0.417123	0.639193	0.918277	0.639193	0.639193	0.918277	4.87165	0.918277	0.417123	0.639193	0.918277	0.639193
35 rounds of non-Gaussian ED iteration : ground-state energy is -40.8597 | electron energy -40.8712 + phonon energy 0.0115175 | electron momentum kIdx = 0
Nq = 	16	0.0729094	0.125472	0.0729094	0.0729094	0.125472	0.172599	0.125472	0.125472	0.172599	0.21672	0.172599	0.0729094	0.125472	0.172599	0.125472
Sq = 	1.30274e-18	0.417123	0.639193	0.417123	0.417123	0.639193	0.918277	0.639193	0.639193	0.918277	4.87165	0.918277	0.417123	0.639193	0.918277	0.639193
