SNEDics v3.22.2 Non-Gaussian ED ground state program		Start at Fri May  6 09:29:50 2022

Parallelization: 32 MPI threads  * 8 OpenMP threads = 256 total threads.
********************************************************************************************************************
********************************************************************************************************************

********************************************************************************************************************
System parameters and configurations
	special program options are enabled: splitted diagonal Hamiltonian | splitted Hamiltonian terms
********************************************************************************************************************
Read input file "model_params.in"
	Hubbard-Holstein model parameters : 	t = 1    U = 8    g = 0.25    W = 0.2    g' = 0.25    
********************************************************************************************************************
Read input file "hilbertspace_params.in"
	Requested 16-site 2D lattice, with 8 electrons (4, 4)
	Boundary : Periodic		Hilbert space representation : momentum-space (restricted to kIdx = 0)
	Conservation: particle number[U(1)]      spin[U(1)]     momentum
********************************************************************************************************************

Cluster Positions:				Cluster symmetry group : D4
 x ... x ... x ... x .....                       x ... x ... x ... x .....
 |           |           :                       |           |           :
 |           |           :                       |           |           :
12    13    14    15     x                       1     5     6     5     x
 |           |           :                       |           |           :
 |           |           :                       |           |           :
 8 --- 9 ---10 ---11 --- x                       2 --- 6 ---10 --- 6 --- x
 |           |           :                       |           |           :
 |           |           :                       |           |           :
 4     5     6     7     x                       1     5     6     5     x
 |           |           :                       |           |           :
 |           |           :                       |           |           :
 0 --- 1 --- 2 --- 3 --- x                       0 --- 1 --- 2 --- 1 --- x
orbital number : 1
********************************************************************************************************************
Read input file "obs_params.in"
	Observable Type : Nq(All),   Sq(All),   N(All-Orbital),   Delta[s](All),   Delta[d](All),   Delta[s+](All)
** WARNING ** the input observables have non-local factors which have been reinterpreted. The total observable number is 96
********************************************************************************************************************


********************************************************************************************************************
Start calculating the non-Gaussian ED ground state
Maximal iteration number is 1000; energy resolution is 1e-06. Phonon state relaxation time is 2000
W = 0.2 is relatively large. The non-Gaussian ED calculation starts directly.
open output files: NGSED_iteration_observables.txt
********************************************************************************************************************
Start the 0 rounds of NGS-ED iteration
	effective electronic model is modified as: kinetic energy t = 1
	                                           effective interaction Vq = [0,0,0,0,0,0,0,0,0,0,0,0,0,0,0,0]
	first Hamiltonian is constructed, size = 207184 and non-zero numbers = 32207050
	PARPACK diagonalization completed after 75 matrix-vector product operations.
	iteration results: : total energy is -16.460627 | electron energy -16.460627 + phonon energy 0.000000 | electron momentum kIdx = 0
	Nq(0) = 4,	Nq(1) = 0.217892,	Nq(2) = 0.275693,	Nq(3) = 0.217892,	Nq(4) = 0.217892,	Nq(5) = 0.260941,	
	Nq(6) = 0.370592,	Nq(7) = 0.260941,	Nq(8) = 0.275693,	Nq(9) = 0.370592,	Nq(10) = 0.4202,	
	Nq(11) = 0.370592,	Nq(12) = 0.217892,	Nq(13) = 0.260941,	Nq(14) = 0.370592,	Nq(15) = 0.260941;	
	Sq(0) = 2.57535e-18,	Sq(1) = 0.41044,	Sq(2) = 0.343979,	Sq(3) = 0.41044,	Sq(4) = 0.41044,	
	Sq(5) = 0.572101,	Sq(6) = 0.615629,	Sq(7) = 0.572101,	Sq(8) = 0.343979,	Sq(9) = 0.615629,	
	Sq(10) = 0.550078,	Sq(11) = 0.615629,	Sq(12) = 0.41044,	Sq(13) = 0.572101,	Sq(14) = 0.615629,	
	Sq(15) = 0.572101;	N(0) = 1.82882,	N(1) = 1.37933,	N(2) = 0.0780726,	N(3) = 1.37933,	
	N(4) = 1.37933,	N(5) = 0.0780398,	N(6) = 0.0412646,	N(7) = 0.0780398,	N(8) = 0.0780726,	
	N(9) = 0.0412646,	N(10) = 0.0205069,	N(11) = 0.0412646,	N(12) = 1.37933,	N(13) = 0.0780398,	
	N(14) = 0.0412646,	N(15) = 0.0780398;	Delta[s](0) = 0.0369445,	Delta[s](1) = 0.0204623,	Delta[s](2) = 0.00993198,	
	Delta[s](3) = 0.0204623,	Delta[s](4) = 0.0204623,	Delta[s](5) = 0.0100887,	Delta[s](6) = 0.00127578,	Delta[s](7) = 0.0100887,	
	Delta[s](8) = 0.00993198,	Delta[s](9) = 0.00127578,	Delta[s](10) = 0.000526615,	Delta[s](11) = 0.00127578,	Delta[s](12) = 0.0204623,	
	Delta[s](13) = 0.0100887,	Delta[s](14) = 0.00127578,	Delta[s](15) = 0.0100887;	Delta[d](0) = 0.258783,	Delta[d](1) = 0.0614162,	
	Delta[d](2) = 0.0795205,	Delta[d](3) = 0.0614162,	Delta[d](4) = 0.0614162,	Delta[d](5) = 0.0541788,	Delta[d](6) = 0.0153045,	
	Delta[d](7) = 0.0541788,	Delta[d](8) = 0.0795205,	Delta[d](9) = 0.0153045,	Delta[d](10) = 0.00855268,	Delta[d](11) = 0.0153045,	
	Delta[d](12) = 0.0614162,	Delta[d](13) = 0.0541788,	Delta[d](14) = 0.0153045,	Delta[d](15) = 0.0541788;	Delta[s+](0) = 0.392609,	
	Delta[s+](1) = 0.223445,	Delta[s+](2) = 0.0795205,	Delta[s+](3) = 0.223445,	Delta[s+](4) = 0.223445,	Delta[s+](5) = 0.0747772,	
	Delta[s+](6) = 0.00494108,	Delta[s+](7) = 0.0747772,	Delta[s+](8) = 0.0795205,	Delta[s+](9) = 0.00494108,	Delta[s+](10) = 0.00096459,	
	Delta[s+](11) = 0.00494108,	Delta[s+](12) = 0.223445,	Delta[s+](13) = 0.0747772,	Delta[s+](14) = 0.00494108,	Delta[s+](15) = 0.0747772
	
The 0-th iteration is completed.	|| time cost : 0h 0m 4.914s
********************************************************************************************************************
Start the 1 rounds of NGS-ED iteration
	effective electronic model is modified as: kinetic energy t = 0.976985
	                                           effective interaction Vq = [   -7.8125, -0.700047,-0.0303638, -0.700047, -0.700047,-0.0287413,-0.0276594,-0.0287413,-0.0303638,-0.0276594, -0.405881,-0.0276594, -0.700047,-0.0287413,-0.0276594,-0.0287413]
	PARPACK diagonalization completed after 30 matrix-vector product operations.
	iteration results: : total energy is -48.078347 | electron energy -48.198723 + phonon energy 0.120376 | electron momentum kIdx = 0
The 1-th iteration is completed.	|| time cost : 0h 0m 3.473s
********************************************************************************************************************
Start the 2 rounds of NGS-ED iteration
	effective electronic model is modified as: kinetic energy t = 0.970429
	                                           effective interaction Vq = [   -7.8125, -0.893448,-0.0297503, -0.893448, -0.893448,-0.0283281,-0.0267265,-0.0283281,-0.0297503,-0.0267265, -0.446813,-0.0267265, -0.893448,-0.0283281,-0.0267265,-0.0283281]
	PARPACK diagonalization completed after 30 matrix-vector product operations.
	iteration results: : total energy is -48.090650 | electron energy -48.286707 + phonon energy 0.196057 | electron momentum kIdx = 0
The 2-th iteration is completed.	|| time cost : 0h 0m 0.838s
********************************************************************************************************************
Start the 3 rounds of NGS-ED iteration
	effective electronic model is modified as: kinetic energy t = 0.967986
	                                           effective interaction Vq = [   -7.8125, -0.973253,-0.0295922, -0.973253, -0.973253,-0.0282421,-0.0264846,-0.0282421,-0.0295922,-0.0264846, -0.439316,-0.0264846, -0.973253,-0.0282421,-0.0264846,-0.0282421]
	PARPACK diagonalization completed after 30 matrix-vector product operations.
	iteration results: : total energy is -48.092696 | electron energy -48.319670 + phonon energy 0.226974 | electron momentum kIdx = 0
The 3-th iteration is completed.	|| time cost : 0h 0m 0.731s
********************************************************************************************************************
Start the 4 rounds of NGS-ED iteration
	effective electronic model is modified as: kinetic energy t = 0.966901
	                                           effective interaction Vq = [   -7.8125,  -1.01103,-0.0295351,  -1.01103,  -1.01103,-0.0282163,-0.0263953,-0.0282163,-0.0295351,-0.0263953, -0.429584,-0.0263953,  -1.01103,-0.0282163,-0.0263953,-0.0282163]
	PARPACK diagonalization completed after 30 matrix-vector product operations.
	iteration results: : total energy is -48.093177 | electron energy -48.334457 + phonon energy 0.241280 | electron momentum kIdx = 0
The 4-th iteration is completed.	|| time cost : 0h 0m 0.825s
********************************************************************************************************************
Start the 5 rounds of NGS-ED iteration
	effective electronic model is modified as: kinetic energy t = 0.966368
	                                           effective interaction Vq = [   -7.8125,  -1.03003,-0.0295101,  -1.03003,  -1.03003,-0.0282065,-0.0263556,-0.0282065,-0.0295101,-0.0263556, -0.423549,-0.0263556,  -1.03003,-0.0282065,-0.0263556,-0.0282065]
	PARPACK diagonalization completed after 30 matrix-vector product operations.
	iteration results: : total energy is -48.093302 | electron energy -48.341758 + phonon energy 0.248455 | electron momentum kIdx = 0
The 5-th iteration is completed.	|| time cost : 0h 0m 0.831s
********************************************************************************************************************
Start the 6 rounds of NGS-ED iteration
	effective electronic model is modified as: kinetic energy t = 0.966094
	                                           effective interaction Vq = [   -7.8125,  -1.03981,-0.0294979,  -1.03981,  -1.03981, -0.028202, -0.026336, -0.028202,-0.0294979, -0.026336, -0.420299, -0.026336,  -1.03981, -0.028202, -0.026336, -0.028202]
	PARPACK diagonalization completed after 30 matrix-vector product operations.
	iteration results: : total energy is -48.093336 | electron energy -48.345512 + phonon energy 0.252176 | electron momentum kIdx = 0
The 6-th iteration is completed.	|| time cost : 0h 0m 0.835s
********************************************************************************************************************
Start the 7 rounds of NGS-ED iteration
	effective electronic model is modified as: kinetic energy t = 0.965951
	                                           effective interaction Vq = [   -7.8125,  -1.04491,-0.0294917,  -1.04491,  -1.04491,-0.0281997, -0.026326,-0.0281997,-0.0294917, -0.026326, -0.418611, -0.026326,  -1.04491,-0.0281997, -0.026326,-0.0281997]
	PARPACK diagonalization completed after 30 matrix-vector product operations.
	iteration results: : total energy is -48.093345 | electron energy -48.347472 + phonon energy 0.254127 | electron momentum kIdx = 0
The 7-th iteration is completed.	|| time cost : 0h 0m 0.823s
********************************************************************************************************************
Start the 8 rounds of NGS-ED iteration
	effective electronic model is modified as: kinetic energy t = 0.965876
	                                           effective interaction Vq = [   -7.8125,  -1.04758,-0.0294884,  -1.04758,  -1.04758,-0.0281985,-0.0263208,-0.0281985,-0.0294884,-0.0263208, -0.417738,-0.0263208,  -1.04758,-0.0281985,-0.0263208,-0.0281985]
	PARPACK diagonalization completed after 30 matrix-vector product operations.
	iteration results: : total energy is -48.093348 | electron energy -48.348499 + phonon energy 0.255151 | electron momentum kIdx = 0
The 8-th iteration is completed.	|| time cost : 0h 0m 0.85s
********************************************************************************************************************
Start the 9 rounds of NGS-ED iteration
	effective electronic model is modified as: kinetic energy t = 0.965836
	                                           effective interaction Vq = [   -7.8125,  -1.04897,-0.0294867,  -1.04897,  -1.04897,-0.0281979, -0.026318,-0.0281979,-0.0294867, -0.026318, -0.417286, -0.026318,  -1.04897,-0.0281979, -0.026318,-0.0281979]
	PARPACK diagonalization completed after 30 matrix-vector product operations.
	iteration results: : total energy is -48.093348 | electron energy -48.349038 + phonon energy 0.255690 | electron momentum kIdx = 0
The 9-th iteration is completed.	|| time cost : 0h 0m 0.829s
********************************************************************************************************************
Start the 10 rounds of NGS-ED iteration
	effective electronic model is modified as: kinetic energy t = 0.965816
	                                           effective interaction Vq = [   -7.8125,   -1.0497,-0.0294859,   -1.0497,   -1.0497,-0.0281976,-0.0263166,-0.0281976,-0.0294859,-0.0263166, -0.417051,-0.0263166,   -1.0497,-0.0281976,-0.0263166,-0.0281976]
	PARPACK diagonalization completed after 30 matrix-vector product operations.
	iteration results: : total energy is -48.093348 | electron energy -48.349321 + phonon energy 0.255972 | electron momentum kIdx = 0
The 10-th iteration is completed.	|| time cost : 0h 0m 0.833s
********************************************************************************************************************
Start the 11 rounds of NGS-ED iteration
	effective electronic model is modified as: kinetic energy t = 0.965805
	                                           effective interaction Vq = [   -7.8125,  -1.05009,-0.0294854,  -1.05009,  -1.05009,-0.0281974,-0.0263158,-0.0281974,-0.0294854,-0.0263158, -0.416928,-0.0263158,  -1.05009,-0.0281974,-0.0263158,-0.0281974]
	PARPACK diagonalization completed after 30 matrix-vector product operations.
	iteration results: : total energy is -48.093349 | electron energy -48.349469 + phonon energy 0.256120 | electron momentum kIdx = 0
The 11-th iteration is completed.	|| time cost : 0h 0m 0.827s
********************************************************************************************************************
Start the 12 rounds of NGS-ED iteration
	effective electronic model is modified as: kinetic energy t = 0.965799
	                                           effective interaction Vq = [   -7.8125,  -1.05029,-0.0294851,  -1.05029,  -1.05029,-0.0281973,-0.0263155,-0.0281973,-0.0294851,-0.0263155, -0.416864,-0.0263155,  -1.05029,-0.0281973,-0.0263155,-0.0281973]
	PARPACK diagonalization completed after 30 matrix-vector product operations.
	iteration results: : total energy is -48.093349 | electron energy -48.349547 + phonon energy 0.256198 | electron momentum kIdx = 0
The 12-th iteration is completed.	|| time cost : 0h 0m 0.831s
********************************************************************************************************************
Start the 13 rounds of NGS-ED iteration
	effective electronic model is modified as: kinetic energy t = 0.965796
	                                           effective interaction Vq = [   -7.8125,  -1.05039, -0.029485,  -1.05039,  -1.05039,-0.0281973,-0.0263152,-0.0281973, -0.029485,-0.0263152,  -0.41683,-0.0263152,  -1.05039,-0.0281973,-0.0263152,-0.0281973]
	PARPACK diagonalization completed after 30 matrix-vector product operations.
	iteration results: : total energy is -48.093349 | electron energy -48.349587 + phonon energy 0.256239 | electron momentum kIdx = 0
The 13-th iteration is completed.	|| time cost : 0h 0m 0.836s
********************************************************************************************************************
Start the 14 rounds of NGS-ED iteration
	effective electronic model is modified as: kinetic energy t = 0.965794
	                                           effective interaction Vq = [   -7.8125,  -1.05045,-0.0294849,  -1.05045,  -1.05045,-0.0281972,-0.0263151,-0.0281972,-0.0294849,-0.0263151, -0.416812,-0.0263151,  -1.05045,-0.0281972,-0.0263151,-0.0281972]
	PARPACK diagonalization completed after 30 matrix-vector product operations.
	iteration results: : total energy is -48.093349 | electron energy -48.349609 + phonon energy 0.256260 | electron momentum kIdx = 0
The 14-th iteration is completed.	|| time cost : 0h 0m 0.846s
********************************************************************************************************************
Start the 15 rounds of NGS-ED iteration
	effective electronic model is modified as: kinetic energy t = 0.965794
	                                           effective interaction Vq = [   -7.8125,  -1.05048,-0.0294849,  -1.05048,  -1.05048,-0.0281972,-0.0263151,-0.0281972,-0.0294849,-0.0263151, -0.416803,-0.0263151,  -1.05048,-0.0281972,-0.0263151,-0.0281972]
	PARPACK diagonalization completed after 30 matrix-vector product operations.
	iteration results: : total energy is -48.093349 | electron energy -48.349620 + phonon energy 0.256272 | electron momentum kIdx = 0
The 15-th iteration is completed.	|| time cost : 0h 0m 0.827s
********************************************************************************************************************
Start the 16 rounds of NGS-ED iteration
	effective electronic model is modified as: kinetic energy t = 0.965793
	                                           effective interaction Vq = [   -7.8125,  -1.05049,-0.0294849,  -1.05049,  -1.05049,-0.0281972,-0.0263151,-0.0281972,-0.0294849,-0.0263151, -0.416798,-0.0263151,  -1.05049,-0.0281972,-0.0263151,-0.0281972]
	PARPACK diagonalization completed after 30 matrix-vector product operations.
	iteration results: : total energy is -48.093349 | electron energy -48.349626 + phonon energy 0.256277 | electron momentum kIdx = 0
The 16-th iteration is completed.	|| time cost : 0h 0m 0.827s
********************************************************************************************************************
Start the 17 rounds of NGS-ED iteration
	effective electronic model is modified as: kinetic energy t = 0.965793
	                                           effective interaction Vq = [   -7.8125,   -1.0505,-0.0294849,   -1.0505,   -1.0505,-0.0281972, -0.026315,-0.0281972,-0.0294849, -0.026315, -0.416796, -0.026315,   -1.0505,-0.0281972, -0.026315,-0.0281972]
	PARPACK diagonalization completed after 30 matrix-vector product operations.
	iteration results: : total energy is -48.093349 | electron energy -48.349629 + phonon energy 0.256280 | electron momentum kIdx = 0
The 17-th iteration is completed.	|| time cost : 0h 0m 0.829s
********************************************************************************************************************
Start the 18 rounds of NGS-ED iteration
	effective electronic model is modified as: kinetic energy t = 0.965793
	                                           effective interaction Vq = [   -7.8125,   -1.0505,-0.0294849,   -1.0505,   -1.0505,-0.0281972, -0.026315,-0.0281972,-0.0294849, -0.026315, -0.416794, -0.026315,   -1.0505,-0.0281972, -0.026315,-0.0281972]
	PARPACK diagonalization completed after 30 matrix-vector product operations.
	iteration results: : total energy is -48.093349 | electron energy -48.349631 + phonon energy 0.256282 | electron momentum kIdx = 0
The 18-th iteration is completed.	|| time cost : 0h 0m 0.83s
********************************************************************************************************************
Start the 19 rounds of NGS-ED iteration
	effective electronic model is modified as: kinetic energy t = 0.965793
	                                           effective interaction Vq = [   -7.8125,  -1.05051,-0.0294849,  -1.05051,  -1.05051,-0.0281972, -0.026315,-0.0281972,-0.0294849, -0.026315, -0.416794, -0.026315,  -1.05051,-0.0281972, -0.026315,-0.0281972]
	PARPACK diagonalization completed after 30 matrix-vector product operations.
	iteration results: : total energy is -48.093349 | electron energy -48.349632 + phonon energy 0.256283 | electron momentum kIdx = 0
The 19-th iteration is completed.	|| time cost : 0h 0m 0.832s
********************************************************************************************************************
Start the 20 rounds of NGS-ED iteration
	effective electronic model is modified as: kinetic energy t = 0.965793
	                                           effective interaction Vq = [   -7.8125,  -1.05051,-0.0294849,  -1.05051,  -1.05051,-0.0281972, -0.026315,-0.0281972,-0.0294849, -0.026315, -0.416793, -0.026315,  -1.05051,-0.0281972, -0.026315,-0.0281972]
	PARPACK diagonalization completed after 30 matrix-vector product operations.
	iteration results: : total energy is -48.093349 | electron energy -48.349632 + phonon energy 0.256283 | electron momentum kIdx = 0
The 20-th iteration is completed.	|| time cost : 0h 0m 0.839s
********************************************************************************************************************
Start the 21 rounds of NGS-ED iteration
	effective electronic model is modified as: kinetic energy t = 0.965793
	                                           effective interaction Vq = [   -7.8125,  -1.05051,-0.0294849,  -1.05051,  -1.05051,-0.0281972, -0.026315,-0.0281972,-0.0294849, -0.026315, -0.416793, -0.026315,  -1.05051,-0.0281972, -0.026315,-0.0281972]
	PARPACK diagonalization completed after 30 matrix-vector product operations.
	iteration results: : total energy is -48.093349 | electron energy -48.349632 + phonon energy 0.256284 | electron momentum kIdx = 0
The 21-th iteration is completed.	|| time cost : 0h 0m 0.83s
********************************************************************************************************************
Start the 22 rounds of NGS-ED iteration
	effective electronic model is modified as: kinetic energy t = 0.965793
	                                           effective interaction Vq = [   -7.8125,  -1.05051,-0.0294849,  -1.05051,  -1.05051,-0.0281972, -0.026315,-0.0281972,-0.0294849, -0.026315, -0.416793, -0.026315,  -1.05051,-0.0281972, -0.026315,-0.0281972]
	PARPACK diagonalization completed after 30 matrix-vector product operations.
	iteration results: : total energy is -48.093349 | electron energy -48.349632 + phonon energy 0.256284 | electron momentum kIdx = 0
The 22-th iteration is completed.	|| time cost : 0h 0m 0.837s
********************************************************************************************************************
Start the 23 rounds of NGS-ED iteration
	effective electronic model is modified as: kinetic energy t = 0.965793
	                                           effective interaction Vq = [   -7.8125,  -1.05051,-0.0294849,  -1.05051,  -1.05051,-0.0281972, -0.026315,-0.0281972,-0.0294849, -0.026315, -0.416793, -0.026315,  -1.05051,-0.0281972, -0.026315,-0.0281972]
	PARPACK diagonalization completed after 30 matrix-vector product operations.
	iteration results: : total energy is -48.093349 | electron energy -48.349632 + phonon energy 0.256284 | electron momentum kIdx = 0
	Nq(0) = 4,	Nq(1) = 0.258497,	Nq(2) = 0.265054,	Nq(3) = 0.258497,	Nq(4) = 0.258497,	Nq(5) = 0.253439,	
	Nq(6) = 0.349503,	Nq(7) = 0.253439,	Nq(8) = 0.265054,	Nq(9) = 0.349503,	Nq(10) = 0.42106,	
	Nq(11) = 0.349503,	Nq(12) = 0.258497,	Nq(13) = 0.253439,	Nq(14) = 0.349503,	Nq(15) = 0.253439;	
	Sq(0) = 1.15319e-17,	Sq(1) = 0.400504,	Sq(2) = 0.343061,	Sq(3) = 0.400504,	Sq(4) = 0.400504,	
	Sq(5) = 0.578731,	Sq(6) = 0.608896,	Sq(7) = 0.578731,	Sq(8) = 0.343061,	Sq(9) = 0.608896,	
	Sq(10) = 0.564428,	Sq(11) = 0.608896,	Sq(12) = 0.400504,	Sq(13) = 0.578731,	Sq(14) = 0.608896,	
	Sq(15) = 0.578731;	N(0) = 1.84193,	N(1) = 1.38385,	N(2) = 0.0689586,	N(3) = 1.38385,	
	N(4) = 1.38385,	N(5) = 0.0675122,	N(6) = 0.0473952,	N(7) = 0.0675122,	N(8) = 0.0689586,	
	N(9) = 0.0473952,	N(10) = 0.0251095,	N(11) = 0.0473952,	N(12) = 1.38385,	N(13) = 0.0675122,	
	N(14) = 0.0473952,	N(15) = 0.0675122;	Delta[s](0) = 0.0382392,	Delta[s](1) = 0.0215969,	Delta[s](2) = 0.0104835,	
	Delta[s](3) = 0.0215969,	Delta[s](4) = 0.0215969,	Delta[s](5) = 0.0109716,	Delta[s](6) = 0.00207097,	Delta[s](7) = 0.0109716,	
	Delta[s](8) = 0.0104835,	Delta[s](9) = 0.00207097,	Delta[s](10) = 0.000698291,	Delta[s](11) = 0.00207097,	Delta[s](12) = 0.0215969,	
	Delta[s](13) = 0.0109716,	Delta[s](14) = 0.00207097,	Delta[s](15) = 0.0109716;	Delta[d](0) = 0.259364,	Delta[d](1) = 0.0617666,	
	Delta[d](2) = 0.080068,	Delta[d](3) = 0.0617666,	Delta[d](4) = 0.0617666,	Delta[d](5) = 0.0574728,	Delta[d](6) = 0.0178234,	
	Delta[d](7) = 0.0574728,	Delta[d](8) = 0.080068,	Delta[d](9) = 0.0178234,	Delta[d](10) = 0.010844,	Delta[d](11) = 0.0178234,	
	Delta[d](12) = 0.0617666,	Delta[d](13) = 0.0574728,	Delta[d](14) = 0.0178234,	Delta[d](15) = 0.0574728;	Delta[s+](0) = 0.3958,	
	Delta[s+](1) = 0.225661,	Delta[s+](2) = 0.080068,	Delta[s+](3) = 0.225661,	Delta[s+](4) = 0.225661,	Delta[s+](5) = 0.0765567,	
	Delta[s+](6) = 0.00728604,	Delta[s+](7) = 0.0765567,	Delta[s+](8) = 0.080068,	Delta[s+](9) = 0.00728604,	Delta[s+](10) = 0.00159867,	
	Delta[s+](11) = 0.00728604,	Delta[s+](12) = 0.225661,	Delta[s+](13) = 0.0765567,	Delta[s+](14) = 0.00728604,	Delta[s+](15) = 0.0765567
	
The 23-th iteration is completed.	|| time cost : 0h 0m 3.032s
********************************************************************************************************************
********************************************************************************************************************
Ground state is obtained after 24 iterations. The current ground-state energy is -48.0933, in which electron energy is -48.3496 and phonon energy is 0.256284
Final variational state is: 
	Gamma_x = [      1,2.76161,1.03883,2.76161,2.76161, 1.0355,1.04599, 1.0355,1.03883,1.04599,2.14978,1.04599,2.76161, 1.0355,1.04599, 1.0355]
	lambda_q = [      6.25,  0.781843, 0.0604305,  0.781843,  0.781843, 0.0577274,-0.0537873, 0.0577274, 0.0604305,-0.0537873, -0.288998,-0.0537873,  0.781843, 0.0577274,-0.0537873, 0.0577274]
Effective e-e interactions mediated by phonons are:
	momentum-space Vq = [   -7.8125,  -1.05051,-0.0294849,  -1.05051,  -1.05051,-0.0281972, -0.026315,-0.0281972,-0.0294849, -0.026315, -0.416793, -0.026315,  -1.05051,-0.0281972, -0.026315,-0.0281972]
	real-space Vr = [-0.794272,-0.590256,-0.510967,-0.590256,-0.590256,-0.510645,-0.334207,-0.510645,-0.510967,-0.334207, -0.25586,-0.334207,-0.590256,-0.510645,-0.334207,-0.510645]
********************************************************************************************************************
o___o  ----------------------------------------
| L |	Time since last clock: 0h 0m 0.007s
A===A	Time since the beginning: 0h 0m 28.825s
***********************************************


Non-Gaussina ED ground state calculation is completed. The final ground-state energy is -48.0933
********************************************************************************************************************
o___o  ----------------------------------------
| L |	Time since last clock: 0h 0m 0.002s
A===A	Time since the beginning: 0h 0m 28.828s
***********************************************



********************************************************************************************************************
All non-Gaussian ED ground state calculations have been completed. Exit now.
