SNEDics v3.22.2 Non-Gaussian ED ground state program		Start at Thu Jun  9 08:46:27 2022

Parallelization: 32 MPI threads  * 8 OpenMP threads = 256 total threads.
********************************************************************************************************************
********************************************************************************************************************

********************************************************************************************************************
System parameters and configurations
	special program options are enabled: splitted diagonal Hamiltonian | splitted Hamiltonian terms
********************************************************************************************************************
Read input file "model_params.in"
	Hubbard-Holstein model parameters : 	t = 1    U = 8    g = 0.65    W = 0.2    g' = 0.4    
********************************************************************************************************************
Read input file "hilbertspace_params.in"
	Requested 16-site 2D lattice, with 8 electrons (4, 4)
	Boundary : Periodic		Hilbert space representation : momentum-space (restricted to kIdx = 10)
	Conservation: particle number[U(1)]      spin[U(1)]     momentum
********************************************************************************************************************

Cluster Positions:				Cluster symmetry group : D4
 x ... x ... x ... x .....                       x ... x ... x ... x .....
 |           |           :                       |           |           :
 |           |           :                       |           |           :
12    13    14    15     x                       1     5     6     5     x
 |           |           :                       |           |           :
 |           |           :                       |           |           :
 8 --- 9 ---10 ---11 --- x                       2 --- 6 ---10 --- 6 --- x
 |           |           :                       |           |           :
 |           |           :                       |           |           :
 4     5     6     7     x                       1     5     6     5     x
 |           |           :                       |           |           :
 |           |           :                       |           |           :
 0 --- 1 --- 2 --- 3 --- x                       0 --- 1 --- 2 --- 1 --- x
orbital number : 1
********************************************************************************************************************
Read input file "obs_params.in"
	Observable Type : Nq(All),   Sq(All),   N(All-Orbital),   Delta[s](All),   Delta[d](All),   Delta[s+](All)
** WARNING ** the input observables have non-local factors which have been reinterpreted. The total observable number is 96
********************************************************************************************************************


********************************************************************************************************************
Start calculating the non-Gaussian ED ground state
Maximal iteration number is 1000; energy resolution is 1e-06. Phonon state relaxation time is 2000
W = 0.2 is relatively large. The non-Gaussian ED calculation starts directly.
open output files: NGSED_iteration_observables.txt
********************************************************************************************************************
Start the 0 rounds of NGS-ED iteration
	effective electronic model is modified as: kinetic energy t = 1
	                                           effective interaction Vq = [0,0,0,0,0,0,0,0,0,0,0,0,0,0,0,0]
	first Hamiltonian is constructed, size = 207168 and non-zero numbers = 32194784
	PARPACK diagonalization completed after 225 matrix-vector product operations.
	iteration results: : total energy is -14.228491 | electron energy -14.228491 + phonon energy 0.000000 | electron momentum kIdx = 10
	Nq(0) = 4,	Nq(1) = 0.1929,	Nq(2) = 0.241361,	Nq(3) = 0.1929,	Nq(4) = 0.1929,	Nq(5) = 0.2635,	
	Nq(6) = 0.343209,	Nq(7) = 0.2635,	Nq(8) = 0.241361,	Nq(9) = 0.343209,	Nq(10) = 0.497356,	
	Nq(11) = 0.343209,	Nq(12) = 0.1929,	Nq(13) = 0.2635,	Nq(14) = 0.343209,	Nq(15) = 0.2635;	
	Sq(0) = 1.05048e-18,	Sq(1) = 0.540129,	Sq(2) = 0.425883,	Sq(3) = 0.540129,	Sq(4) = 0.540129,	
	Sq(5) = 0.44091,	Sq(6) = 0.633208,	Sq(7) = 0.44091,	Sq(8) = 0.425883,	Sq(9) = 0.633208,	
	Sq(10) = 0.512733,	Sq(11) = 0.633208,	Sq(12) = 0.540129,	Sq(13) = 0.44091,	Sq(14) = 0.633208,	
	Sq(15) = 0.44091;	N(0) = 1.39632,	N(1) = 1.19393,	N(2) = 0.182033,	N(3) = 1.19393,	
	N(4) = 1.19393,	N(5) = 0.343994,	N(6) = 0.0196952,	N(7) = 0.343994,	N(8) = 0.182033,	
	N(9) = 0.0196952,	N(10) = 0.00914957,	N(11) = 0.0196952,	N(12) = 1.19393,	N(13) = 0.343994,	
	N(14) = 0.0196952,	N(15) = 0.343994;	Delta[s](0) = 0.0103568,	Delta[s](1) = 0.00743747,	Delta[s](2) = 0.00478897,	
	Delta[s](3) = 0.00743747,	Delta[s](4) = 0.00743747,	Delta[s](5) = 0.0055552,	Delta[s](6) = 0.00365532,	Delta[s](7) = 0.0055552,	
	Delta[s](8) = 0.00478897,	Delta[s](9) = 0.00365532,	Delta[s](10) = 0.0027291,	Delta[s](11) = 0.00365532,	Delta[s](12) = 0.00743747,	
	Delta[s](13) = 0.0055552,	Delta[s](14) = 0.00365532,	Delta[s](15) = 0.0055552;	Delta[d](0) = 0.0316017,	Delta[d](1) = 0.0425583,	
	Delta[d](2) = 0.0457591,	Delta[d](3) = 0.0425583,	Delta[d](4) = 0.0425583,	Delta[d](5) = 0.0581902,	Delta[d](6) = 0.0542697,	
	Delta[d](7) = 0.0581902,	Delta[d](8) = 0.0457591,	Delta[d](9) = 0.0542697,	Delta[d](10) = 0.0413207,	Delta[d](11) = 0.0542697,	
	Delta[d](12) = 0.0425583,	Delta[d](13) = 0.0581902,	Delta[d](14) = 0.0542697,	Delta[d](15) = 0.0581902;	Delta[s+](0) = 0.147002,	
	Delta[s+](1) = 0.103411,	Delta[s+](2) = 0.0457591,	Delta[s+](3) = 0.103411,	Delta[s+](4) = 0.103411,	Delta[s+](5) = 0.0689031,	
	Delta[s+](6) = 0.0302011,	Delta[s+](7) = 0.0689031,	Delta[s+](8) = 0.0457591,	Delta[s+](9) = 0.0302011,	Delta[s+](10) = 0.016595,	
	Delta[s+](11) = 0.0302011,	Delta[s+](12) = 0.103411,	Delta[s+](13) = 0.0689031,	Delta[s+](14) = 0.0302011,	Delta[s+](15) = 0.0689031
	
The 0-th iteration is completed.	|| time cost : 0h 0m 5.544s
********************************************************************************************************************
Start the 1 rounds of NGS-ED iteration
	effective electronic model is modified as: kinetic energy t = 0.781287
	                                           effective interaction Vq = [  -25.3125,  -8.08486, -0.365097,  -8.08486,  -8.08486, -0.429807,-0.0131459, -0.429807, -0.365097,-0.0131459,  -3.04962,-0.0131459,  -8.08486, -0.429807,-0.0131459, -0.429807]
	PARPACK diagonalization completed after 180 matrix-vector product operations.
	iteration results: : total energy is -135.440629 | electron energy -137.634320 + phonon energy 2.193690 | electron momentum kIdx = 10
The 1-th iteration is completed.	|| time cost : 0h 0m 4.041s
********************************************************************************************************************
Start the 2 rounds of NGS-ED iteration
	effective electronic model is modified as: kinetic energy t = 0.568228
	                                           effective interaction Vq = [  -25.3125,  -10.4846, -0.549531,  -10.4846,  -10.4846, -0.820173,-0.0108152, -0.820173, -0.549531,-0.0108152, -0.903945,-0.0108152,  -10.4846, -0.820173,-0.0108152, -0.820173]
	PARPACK diagonalization completed after 60 matrix-vector product operations.
	iteration results: : total energy is -154.591824 | electron energy -156.868580 + phonon energy 2.276756 | electron momentum kIdx = 10
The 2-th iteration is completed.	|| time cost : 0h 0m 0.5s
********************************************************************************************************************
Start the 3 rounds of NGS-ED iteration
	effective electronic model is modified as: kinetic energy t = 1.28992e-06
	                                           effective interaction Vq = [-25.3125,-10.5125, -2.1125,-10.5125,-10.5125, -2.1125, -0.1125, -2.1125, -2.1125, -0.1125, -4.5125, -0.1125,-10.5125, -2.1125, -0.1125, -2.1125]
	PARPACK diagonalization completed after 30 matrix-vector product operations.
	iteration results: : total energy is -161.800000 | electron energy -161.800000 + phonon energy 0.000000 | electron momentum kIdx = 10
The 3-th iteration is completed.	|| time cost : 0h 1m 7.794s
********************************************************************************************************************
Start the 4 rounds of NGS-ED iteration
	effective electronic model is modified as: kinetic energy t = 9.99403e-05
	                                           effective interaction Vq = [    -25.3125,    -10.5125,-0.000922009,    -10.5125,    -10.5125,     -2.1125, -4.9101e-05,     -2.1125,-0.000922005,-4.91009e-05, -0.00196949,-4.91009e-05,    -10.5125,     -2.1125, -4.9101e-05,     -2.1125]
	PARPACK diagonalization completed after 30 matrix-vector product operations.
	iteration results: : total energy is -161.800000 | electron energy -161.800000 + phonon energy 0.000000 | electron momentum kIdx = 10
The 4-th iteration is completed.	|| time cost : 0h 0m 2.03s
********************************************************************************************************************
Start the 5 rounds of NGS-ED iteration
	effective electronic model is modified as: kinetic energy t = 9.98487e-05
	                                           effective interaction Vq = [   -25.3125,   -10.5125, -0.0609969,   -10.5125,   -10.5125,    -2.1125,-0.00324836,    -2.1125, -0.0609969,-0.00324836,  -0.130295,-0.00324836,   -10.5125,    -2.1125,-0.00324836,    -2.1125]
	PARPACK diagonalization completed after 30 matrix-vector product operations.
	iteration results: : total energy is -161.800000 | electron energy -161.800000 + phonon energy 0.000000 | electron momentum kIdx = 10
The 5-th iteration is completed.	|| time cost : 0h 0m 1.383s
********************************************************************************************************************
Start the 6 rounds of NGS-ED iteration
	effective electronic model is modified as: kinetic energy t = 9.98482e-05
	                                           effective interaction Vq = [   -25.3125,   -10.5125, -0.0611608,   -10.5125,   -10.5125,    -2.1125,-0.00325709,    -2.1125, -0.0611608,-0.00325709,  -0.130645,-0.00325709,   -10.5125,    -2.1125,-0.00325709,    -2.1125]
	PARPACK diagonalization completed after 30 matrix-vector product operations.
	iteration results: : total energy is -161.800000 | electron energy -161.800000 + phonon energy 0.000000 | electron momentum kIdx = 10
The 6-th iteration is completed.	|| time cost : 0h 0m 1.376s
********************************************************************************************************************
Start the 7 rounds of NGS-ED iteration
	effective electronic model is modified as: kinetic energy t = 9.98482e-05
	                                           effective interaction Vq = [  -25.3125,  -10.5125,-0.0611611,  -10.5125,  -10.5125,   -2.1125,-0.0032571,   -2.1125,-0.0611611,-0.0032571, -0.130646,-0.0032571,  -10.5125,   -2.1125,-0.0032571,   -2.1125]
	PARPACK diagonalization completed after 30 matrix-vector product operations.
	iteration results: : total energy is -161.800000 | electron energy -161.800000 + phonon energy 0.000000 | electron momentum kIdx = 10
	Nq(0) = 4,	Nq(1) = 2,	Nq(2) = 1.0916e-10,	Nq(3) = 2,	Nq(4) = 2,	Nq(5) = 1,	
	Nq(6) = 1.6374e-10,	Nq(7) = 1,	Nq(8) = 1.0916e-10,	Nq(9) = 1.6374e-10,	Nq(10) = 2.1832e-10,	
	Nq(11) = 1.6374e-10,	Nq(12) = 2,	Nq(13) = 1,	Nq(14) = 1.6374e-10,	Nq(15) = 1;	
	Sq(0) = -8.12592e-21,	Sq(1) = 5.458e-11,	Sq(2) = 1.0916e-10,	Sq(3) = 5.458e-11,	Sq(4) = 5.458e-11,	
	Sq(5) = 1.0916e-10,	Sq(6) = 1.6374e-10,	Sq(7) = 1.0916e-10,	Sq(8) = 1.0916e-10,	Sq(9) = 1.6374e-10,	
	Sq(10) = 2.1832e-10,	Sq(11) = 1.6374e-10,	Sq(12) = 5.458e-11,	Sq(13) = 1.0916e-10,	Sq(14) = 1.6374e-10,	
	Sq(15) = 1.0916e-10;	N(0) = 0.500015,	N(1) = 0.500007,	N(2) = 0.5,	N(3) = 0.500007,	
	N(4) = 0.500007,	N(5) = 0.5,	N(6) = 0.499993,	N(7) = 0.5,	N(8) = 0.5,	
	N(9) = 0.499993,	N(10) = 0.499985,	N(11) = 0.499993,	N(12) = 0.500007,	N(13) = 0.5,	
	N(14) = 0.499993,	N(15) = 0.5;	Delta[s](0) = 0.25,	Delta[s](1) = 0.25,	Delta[s](2) = 0.25,	
	Delta[s](3) = 0.25,	Delta[s](4) = 0.25,	Delta[s](5) = 0.25,	Delta[s](6) = 0.25,	Delta[s](7) = 0.25,	
	Delta[s](8) = 0.25,	Delta[s](9) = 0.25,	Delta[s](10) = 0.25,	Delta[s](11) = 0.25,	Delta[s](12) = 0.25,	
	Delta[s](13) = 0.25,	Delta[s](14) = 0.25,	Delta[s](15) = 0.25;	Delta[d](0) = 0.125,	Delta[d](1) = 0.125,	
	Delta[d](2) = 0.125,	Delta[d](3) = 0.125,	Delta[d](4) = 0.125,	Delta[d](5) = 0.125,	Delta[d](6) = 0.125,	
	Delta[d](7) = 0.125,	Delta[d](8) = 0.125,	Delta[d](9) = 0.125,	Delta[d](10) = 0.125,	Delta[d](11) = 0.125,	
	Delta[d](12) = 0.125,	Delta[d](13) = 0.125,	Delta[d](14) = 0.125,	Delta[d](15) = 0.125;	Delta[s+](0) = 0.125,	
	Delta[s+](1) = 0.125,	Delta[s+](2) = 0.125,	Delta[s+](3) = 0.125,	Delta[s+](4) = 0.125,	Delta[s+](5) = 0.125,	
	Delta[s+](6) = 0.125,	Delta[s+](7) = 0.125,	Delta[s+](8) = 0.125,	Delta[s+](9) = 0.125,	Delta[s+](10) = 0.125,	
	Delta[s+](11) = 0.125,	Delta[s+](12) = 0.125,	Delta[s+](13) = 0.125,	Delta[s+](14) = 0.125,	Delta[s+](15) = 0.125
	
The 7-th iteration is completed.	|| time cost : 0h 0m 3.59s
********************************************************************************************************************
********************************************************************************************************************
Ground state is obtained after 8 iterations. The current ground-state energy is -161.8, in which electron energy is -161.8 and phonon energy is 3.49054e-14
Final variational state is: 
	Gamma_x = [1,1,1,1,1,1,1,1,1,1,1,1,1,1,1,1]
	lambda_q = [     11.25,      7.25, 0.0473926,      7.25,      7.25,      3.25,-0.0109367,      3.25, 0.0473926,-0.0109367,-0.0692661,-0.0109367,      7.25,      3.25,-0.0109367,      3.25]
Effective e-e interactions mediated by phonons are:
	momentum-space Vq = [  -25.3125,  -10.5125,-0.0611611,  -10.5125,  -10.5125,   -2.1125,-0.0032571,   -2.1125,-0.0611611,-0.0032571, -0.130646,-0.0032571,  -10.5125,   -2.1125,-0.0032571,   -2.1125]
	real-space Vr = [ -4.75491, -2.88752, -1.06972, -2.88752, -2.88752, -1.58255,-0.260211, -1.58255, -1.06972,-0.260211, 0.502973,-0.260211, -2.88752, -1.58255,-0.260211, -1.58255]
********************************************************************************************************************
o___o  ----------------------------------------
| L |	Time since last clock: 0h 0m 0.008s
A===A	Time since the beginning: 0h 1m 26.272s
***********************************************


Non-Gaussina ED ground state calculation is completed. The final ground-state energy is -161.8
********************************************************************************************************************
o___o  ----------------------------------------
| L |	Time since last clock: 0h 0m 0.002s
A===A	Time since the beginning: 0h 1m 26.274s
***********************************************



********************************************************************************************************************
All non-Gaussian ED ground state calculations have been completed. Exit now.
