SNEDics v3.22.2 Non-Gaussian ED ground state program		Start at Fri Jun  3 01:21:45 2022

Parallelization: 32 MPI threads  * 8 OpenMP threads = 256 total threads.
********************************************************************************************************************
********************************************************************************************************************

********************************************************************************************************************
System parameters and configurations
	special program options are enabled: splitted diagonal Hamiltonian | splitted Hamiltonian terms
********************************************************************************************************************
Read input file "model_params.in"
	Hubbard-Holstein model parameters : 	t = 1    t' = -0.3    U = 8    g = 0.55    W = 0.2    g' = 0.4    
********************************************************************************************************************
Read input file "hilbertspace_params.in"
	Requested 16-site 2D lattice, with 8 electrons (4, 4)
	Boundary : Periodic		Hilbert space representation : momentum-space (restricted to kIdx = 10)
	Conservation: particle number[U(1)]      spin[U(1)]     momentum
********************************************************************************************************************

Cluster Positions:				Cluster symmetry group : D4
 x ... x ... x ... x .....                       x ... x ... x ... x .....
 |           |           :                       |           |           :
 |           |           :                       |           |           :
12    13    14    15     x                       1     5     6     5     x
 |           |           :                       |           |           :
 |           |           :                       |           |           :
 8 --- 9 ---10 ---11 --- x                       2 --- 6 ---10 --- 6 --- x
 |           |           :                       |           |           :
 |           |           :                       |           |           :
 4     5     6     7     x                       1     5     6     5     x
 |           |           :                       |           |           :
 |           |           :                       |           |           :
 0 --- 1 --- 2 --- 3 --- x                       0 --- 1 --- 2 --- 1 --- x
orbital number : 1
********************************************************************************************************************
Read input file "obs_params.in"
	Observable Type : Nq(All),   Sq(All),   N(All-Orbital),   Delta[s](All),   Delta[d](All),   Delta[s+](All)
** WARNING ** the input observables have non-local factors which have been reinterpreted. The total observable number is 96
********************************************************************************************************************


********************************************************************************************************************
Start calculating the non-Gaussian ED ground state
Maximal iteration number is 1000; energy resolution is 1e-06. Phonon state relaxation time is 2000
W = 0.2 is relatively large. The non-Gaussian ED calculation starts directly.
open output files: NGSED_iteration_observables.txt
********************************************************************************************************************
Start the 0 rounds of NGS-ED iteration
	effective electronic model is modified as: kinetic energy t = 1, t' = -0.3
	                                           effective interaction Vq = [0,0,0,0,0,0,0,0,0,0,0,0,0,0,0,0]
	first Hamiltonian is constructed, size = 207168 and non-zero numbers = 32240256
	PARPACK diagonalization completed after 105 matrix-vector product operations.
	iteration results: : total energy is -14.405877 | electron energy -14.405877 + phonon energy 0.000000 | electron momentum kIdx = 10
	Nq(0) = 4,	Nq(1) = 0.191255,	Nq(2) = 0.234333,	Nq(3) = 0.191255,	Nq(4) = 0.191255,	Nq(5) = 0.305984,	
	Nq(6) = 0.331756,	Nq(7) = 0.305984,	Nq(8) = 0.234333,	Nq(9) = 0.331756,	Nq(10) = 0.361611,	
	Nq(11) = 0.331756,	Nq(12) = 0.191255,	Nq(13) = 0.305984,	Nq(14) = 0.331756,	Nq(15) = 0.305984;	
	Sq(0) = -3.48352e-18,	Sq(1) = 0.388709,	Sq(2) = 0.400904,	Sq(3) = 0.388709,	Sq(4) = 0.388709,	
	Sq(5) = 0.66772,	Sq(6) = 0.571758,	Sq(7) = 0.66772,	Sq(8) = 0.400904,	Sq(9) = 0.571758,	
	Sq(10) = 0.539189,	Sq(11) = 0.571758,	Sq(12) = 0.388709,	Sq(13) = 0.66772,	Sq(14) = 0.571758,	
	Sq(15) = 0.66772;	N(0) = 1.74885,	N(1) = 0.991935,	N(2) = 0.972078,	N(3) = 0.991935,	
	N(4) = 0.991935,	N(5) = 0.0652548,	N(6) = 0.0181601,	N(7) = 0.0652548,	N(8) = 0.972078,	
	N(9) = 0.0181601,	N(10) = 0.00559157,	N(11) = 0.0181601,	N(12) = 0.991935,	N(13) = 0.0652548,	
	N(14) = 0.0181601,	N(15) = 0.0652548;	Delta[s](0) = 0.00899132,	Delta[s](1) = 0.00670944,	Delta[s](2) = 0.00597841,	
	Delta[s](3) = 0.00670944,	Delta[s](4) = 0.00670944,	Delta[s](5) = 0.00337654,	Delta[s](6) = 0.00254572,	Delta[s](7) = 0.00337654,	
	Delta[s](8) = 0.00597841,	Delta[s](9) = 0.00254572,	Delta[s](10) = 0.00165254,	Delta[s](11) = 0.00254572,	Delta[s](12) = 0.00670944,	
	Delta[s](13) = 0.00337654,	Delta[s](14) = 0.00254572,	Delta[s](15) = 0.00337654;	Delta[d](0) = 0.0297923,	Delta[d](1) = 0.0579614,	
	Delta[d](2) = 0.112954,	Delta[d](3) = 0.0579614,	Delta[d](4) = 0.0579614,	Delta[d](5) = 0.0766602,	Delta[d](6) = 0.141163,	
	Delta[d](7) = 0.0766602,	Delta[d](8) = 0.112954,	Delta[d](9) = 0.141163,	Delta[d](10) = 0.230838,	Delta[d](11) = 0.141163,	
	Delta[d](12) = 0.0579614,	Delta[d](13) = 0.0766602,	Delta[d](14) = 0.141163,	Delta[d](15) = 0.0766602;	Delta[s+](0) = 0.17285,	
	Delta[s+](1) = 0.117552,	Delta[s+](2) = 0.112954,	Delta[s+](3) = 0.117552,	Delta[s+](4) = 0.117552,	Delta[s+](5) = 0.0370282,	
	Delta[s+](6) = 0.0357604,	Delta[s+](7) = 0.0370282,	Delta[s+](8) = 0.112954,	Delta[s+](9) = 0.0357604,	Delta[s+](10) = 0.021064,	
	Delta[s+](11) = 0.0357604,	Delta[s+](12) = 0.117552,	Delta[s+](13) = 0.0370282,	Delta[s+](14) = 0.0357604,	Delta[s+](15) = 0.0370282
	
The 0-th iteration is completed.	|| time cost : 0h 0m 5.143s
********************************************************************************************************************
Start the 1 rounds of NGS-ED iteration
	effective electronic model is modified as: kinetic energy t = 0.826017, t' = -0.22233
	                                           effective interaction Vq = [  -23.1125,   -6.4706, -0.204172,   -6.4706,   -6.4706, -0.312044,-0.0348054, -0.312044, -0.204172,-0.0348054,  -2.64224,-0.0348054,   -6.4706, -0.312044,-0.0348054, -0.312044]
	PARPACK diagonalization completed after 150 matrix-vector product operations.
	iteration results: : total energy is -120.294398 | electron energy -122.029732 + phonon energy 1.735334 | electron momentum kIdx = 10
The 1-th iteration is completed.	|| time cost : 0h 0m 3.963s
********************************************************************************************************************
Start the 2 rounds of NGS-ED iteration
	effective electronic model is modified as: kinetic energy t = 0.642653, t' = -0.12627
	                                           effective interaction Vq = [  -23.1125,  -9.07308, -0.140718,  -9.07308,  -9.07308, -0.139779,-0.0230847, -0.139779, -0.140718,-0.0230847, -0.576991,-0.0230847,  -9.07308, -0.139779,-0.0230847, -0.139779]
	PARPACK diagonalization completed after 105 matrix-vector product operations.
	iteration results: : total energy is -132.513494 | electron energy -134.459172 + phonon energy 1.945678 | electron momentum kIdx = 10
The 2-th iteration is completed.	|| time cost : 0h 0m 0.685s
********************************************************************************************************************
Start the 3 rounds of NGS-ED iteration
	effective electronic model is modified as: kinetic energy t = 3.5152e-06, t' = -5.24232e-08
	                                           effective interaction Vq = [-23.1125, -9.1125, -1.5125, -9.1125, -9.1125, -1.5125, -0.3125, -1.5125, -1.5125, -0.3125, -5.5125, -0.3125, -9.1125, -1.5125, -0.3125, -1.5125]
	PARPACK diagonalization completed after 30 matrix-vector product operations.
	iteration results: : total energy is -139.400000 | electron energy -139.400000 + phonon energy 0.000000 | electron momentum kIdx = 10
The 3-th iteration is completed.	|| time cost : 0h 1m 31.328s
********************************************************************************************************************
Start the 4 rounds of NGS-ED iteration
	effective electronic model is modified as: kinetic energy t = 0.000507539, t' = -5.11856e-07
	                                           effective interaction Vq = [    -23.1125,     -9.1125,-0.000509625,     -9.1125,     -9.1125,     -1.5125,-0.000105252,     -1.5125,-0.000509625,-0.000105252, -0.00185628,-0.000105252,     -9.1125,     -1.5125,-0.000105252,     -1.5125]
	PARPACK diagonalization completed after 30 matrix-vector product operations.
	iteration results: : total energy is -139.400000 | electron energy -139.400000 + phonon energy 0.000000 | electron momentum kIdx = 10
The 4-th iteration is completed.	|| time cost : 0h 0m 1.581s
********************************************************************************************************************
Start the 5 rounds of NGS-ED iteration
	effective electronic model is modified as: kinetic energy t = 0.000506643, t' = -5.11496e-07
	                                           effective interaction Vq = [  -23.1125,   -9.1125,-0.0576307,   -9.1125,   -9.1125,   -1.5125,-0.0119072,   -1.5125,-0.0576307,-0.0119072, -0.210042,-0.0119072,   -9.1125,   -1.5125,-0.0119072,   -1.5125]
	PARPACK diagonalization completed after 30 matrix-vector product operations.
	iteration results: : total energy is -139.400000 | electron energy -139.400000 + phonon energy 0.000000 | electron momentum kIdx = 10
The 5-th iteration is completed.	|| time cost : 0h 0m 1.172s
********************************************************************************************************************
Start the 6 rounds of NGS-ED iteration
	effective electronic model is modified as: kinetic energy t = 0.000506632, t' = -5.11491e-07
	                                           effective interaction Vq = [  -23.1125,   -9.1125,-0.0579472,   -9.1125,   -9.1125,   -1.5125,-0.0119726,   -1.5125,-0.0579472,-0.0119726, -0.211196,-0.0119726,   -9.1125,   -1.5125,-0.0119726,   -1.5125]
	PARPACK diagonalization completed after 30 matrix-vector product operations.
	iteration results: : total energy is -139.400000 | electron energy -139.400000 + phonon energy 0.000000 | electron momentum kIdx = 10
The 6-th iteration is completed.	|| time cost : 0h 0m 1.173s
********************************************************************************************************************
Start the 7 rounds of NGS-ED iteration
	effective electronic model is modified as: kinetic energy t = 0.000506632, t' = -5.11491e-07
	                                           effective interaction Vq = [  -23.1125,   -9.1125,-0.0579484,   -9.1125,   -9.1125,   -1.5125,-0.0119728,   -1.5125,-0.0579484,-0.0119728,   -0.2112,-0.0119728,   -9.1125,   -1.5125,-0.0119728,   -1.5125]
	PARPACK diagonalization completed after 30 matrix-vector product operations.
	iteration results: : total energy is -139.400000 | electron energy -139.400000 + phonon energy 0.000000 | electron momentum kIdx = 10
The 7-th iteration is completed.	|| time cost : 0h 0m 1.13s
********************************************************************************************************************
Start the 8 rounds of NGS-ED iteration
	effective electronic model is modified as: kinetic energy t = 0.000506632, t' = -5.11491e-07
	                                           effective interaction Vq = [  -23.1125,   -9.1125,-0.0579484,   -9.1125,   -9.1125,   -1.5125,-0.0119728,   -1.5125,-0.0579484,-0.0119728,   -0.2112,-0.0119728,   -9.1125,   -1.5125,-0.0119728,   -1.5125]
	PARPACK diagonalization completed after 30 matrix-vector product operations.
	iteration results: : total energy is -139.400000 | electron energy -139.400000 + phonon energy 0.000000 | electron momentum kIdx = 10
	Nq(0) = 4,	Nq(1) = 2,	Nq(2) = 4.9934e-09,	Nq(3) = 2,	Nq(4) = 2,	Nq(5) = 1,	
	Nq(6) = 7.49008e-09,	Nq(7) = 1,	Nq(8) = 4.9934e-09,	Nq(9) = 7.49008e-09,	Nq(10) = 9.98676e-09,	
	Nq(11) = 7.49008e-09,	Nq(12) = 2,	Nq(13) = 1,	Nq(14) = 7.49008e-09,	Nq(15) = 1;	
	Sq(0) = 9.77978e-21,	Sq(1) = 2.4967e-09,	Sq(2) = 4.9934e-09,	Sq(3) = 2.4967e-09,	Sq(4) = 2.4967e-09,	
	Sq(5) = 4.99339e-09,	Sq(6) = 7.49008e-09,	Sq(7) = 4.99339e-09,	Sq(8) = 4.9934e-09,	Sq(9) = 7.49008e-09,	
	Sq(10) = 9.98676e-09,	Sq(11) = 7.49008e-09,	Sq(12) = 2.4967e-09,	Sq(13) = 4.99339e-09,	Sq(14) = 7.49008e-09,	
	Sq(15) = 4.99339e-09;	N(0) = 0.5001,	N(1) = 0.50005,	N(2) = 0.5,	N(3) = 0.50005,	
	N(4) = 0.50005,	N(5) = 0.5,	N(6) = 0.49995,	N(7) = 0.5,	N(8) = 0.5,	
	N(9) = 0.49995,	N(10) = 0.4999,	N(11) = 0.49995,	N(12) = 0.50005,	N(13) = 0.5,	
	N(14) = 0.49995,	N(15) = 0.5;	Delta[s](0) = 0.25,	Delta[s](1) = 0.25,	Delta[s](2) = 0.25,	
	Delta[s](3) = 0.25,	Delta[s](4) = 0.25,	Delta[s](5) = 0.25,	Delta[s](6) = 0.25,	Delta[s](7) = 0.25,	
	Delta[s](8) = 0.25,	Delta[s](9) = 0.25,	Delta[s](10) = 0.25,	Delta[s](11) = 0.25,	Delta[s](12) = 0.25,	
	Delta[s](13) = 0.25,	Delta[s](14) = 0.25,	Delta[s](15) = 0.25;	Delta[d](0) = 0.125,	Delta[d](1) = 0.125,	
	Delta[d](2) = 0.125,	Delta[d](3) = 0.125,	Delta[d](4) = 0.125,	Delta[d](5) = 0.125,	Delta[d](6) = 0.125,	
	Delta[d](7) = 0.125,	Delta[d](8) = 0.125,	Delta[d](9) = 0.125,	Delta[d](10) = 0.125,	Delta[d](11) = 0.125,	
	Delta[d](12) = 0.125,	Delta[d](13) = 0.125,	Delta[d](14) = 0.125,	Delta[d](15) = 0.125;	Delta[s+](0) = 0.125,	
	Delta[s+](1) = 0.125,	Delta[s+](2) = 0.125,	Delta[s+](3) = 0.125,	Delta[s+](4) = 0.125,	Delta[s+](5) = 0.125,	
	Delta[s+](6) = 0.125,	Delta[s+](7) = 0.125,	Delta[s+](8) = 0.125,	Delta[s+](9) = 0.125,	Delta[s+](10) = 0.125,	
	Delta[s+](11) = 0.125,	Delta[s+](12) = 0.125,	Delta[s+](13) = 0.125,	Delta[s+](14) = 0.125,	Delta[s+](15) = 0.125
	
The 8-th iteration is completed.	|| time cost : 0h 0m 3.366s
********************************************************************************************************************
********************************************************************************************************************
Ground state is obtained after 9 iterations. The current ground-state energy is -139.4, in which electron energy is -139.4 and phonon energy is 2.95386e-11
Final variational state is: 
	Gamma_x = [      1,1.00001,      1,1.00001,1.00001,      1,      1,      1,      1,      1,      1,      1,1.00001,      1,      1,      1]
	lambda_q = [     10.75,      6.75, 0.0531948,      6.75,      6.75,      2.75,-0.0241795,      2.75, 0.0531948,-0.0241795, -0.101554,-0.0241795,      6.75,      2.75,-0.0241795,      2.75]
Effective e-e interactions mediated by phonons are:
	momentum-space Vq = [  -23.1125,   -9.1125,-0.0579484,   -9.1125,   -9.1125,   -1.5125,-0.0119728,   -1.5125,-0.0579484,-0.0119728,   -0.2112,-0.0119728,   -9.1125,   -1.5125,-0.0119728,   -1.5125]
	real-space Vr = [ -4.12422,  -2.5689, -1.08685,  -2.5689,  -2.5689, -1.45049,-0.293765, -1.45049, -1.08685,-0.293765, 0.438018,-0.293765,  -2.5689, -1.45049,-0.293765, -1.45049]
********************************************************************************************************************
o___o  ----------------------------------------
| L |	Time since last clock: 0h 0m 0.012s
A===A	Time since the beginning: 0h 1m 49.558s
***********************************************


Non-Gaussina ED ground state calculation is completed. The final ground-state energy is -139.4
********************************************************************************************************************
o___o  ----------------------------------------
| L |	Time since last clock: 0h 0m 0.003s
A===A	Time since the beginning: 0h 1m 49.562s
***********************************************



********************************************************************************************************************
All non-Gaussian ED ground state calculations have been completed. Exit now.
