SNEDics v3.2 diagonalization test program		Start at Sat Apr 27 22:12:42 2019

parallized on 80 MPI threads  * 6 OpenMP threads = 480 total threads.
************************************************************************************
************************************************************************************

Input file "model_params.in"
Hubbard-Holstein model parameters : 	t = 1    U = 4    g = 1.4142    W = 1    
************************************************************************************
Input file "hilbertspace_params.in"

Cluster Positions:				Cluster symmetry group : D4
 x ... x ... x ... x .....                       x ... x ... x ... x .....
 |           |           :                       |           |           :
 |           |           :                       |           |           :
12    13    14    15     x                       1     5     6     5     x
 |           |           :                       |           |           :
 |           |           :                       |           |           :
 8 --- 9 ---10 ---11 --- x                       2 --- 6 ---10 --- 6 --- x
 |           |           :                       |           |           :
 |           |           :                       |           |           :
 4     5     6     7     x                       1     5     6     5     x
 |           |           :                       |           |           :
 |           |           :                       |           |           :
 0 --- 1 --- 2 --- 3 --- x                       0 --- 1 --- 2 --- 1 --- x
orbital number : 1
************************************************************************************
0 rounds of non-Gaussian ED iteration : ground-state energy is -13.6219 | electron energy -13.6219 + phonon energy 0 | electron momentum kIdx = 0
Nq = 	16	0.157533	0.233127	0.157533	0.157533	0.233127	0.317451	0.233127	0.233127	0.317451	0.385325	0.317451	0.157533	0.233127	0.317451	0.233127
Sq = 	5.23095e-19	0.426995	0.623805	0.426995	0.426995	0.623805	0.804409	0.623805	0.623805	0.804409	3.64753	0.804409	0.426995	0.623805	0.804409	0.623805
1 rounds of non-Gaussian ED iteration : ground-state energy is -20.2868 | electron energy -20.2868 + phonon energy 2.02188e-05 | electron momentum kIdx = 0
Nq = 	16	0.178111	0.254067	0.178111	0.178111	0.254067	0.3482	0.254067	0.254067	0.3482	0.418065	0.3482	0.178111	0.254067	0.3482	0.254067
Sq = 	7.40969e-18	0.425287	0.619209	0.425287	0.425287	0.619209	0.784041	0.619209	0.619209	0.784041	3.39972	0.784041	0.425287	0.619209	0.784041	0.619209
2 rounds of non-Gaussian ED iteration : ground-state energy is -25.3347 | electron energy -25.3352 + phonon energy 0.000527906 | electron momentum kIdx = 0
Nq = 	16	0.189458	0.264353	0.189458	0.189458	0.264353	0.363657	0.264353	0.264353	0.363657	0.433445	0.363657	0.189458	0.264353	0.363657	0.264353
Sq = 	7.12684e-18	0.424024	0.616654	0.424024	0.424024	0.616654	0.773858	0.616654	0.616654	0.773858	3.27652	0.773858	0.424024	0.616654	0.773858	0.616654
3 rounds of non-Gaussian ED iteration : ground-state energy is -29.3471 | electron energy -29.3498 + phonon energy 0.00267808 | electron momentum kIdx = 0
Nq = 	16	0.196636	0.270257	0.196636	0.196636	0.270257	0.372646	0.270257	0.270257	0.372646	0.441935	0.372646	0.196636	0.270257	0.372646	0.270257
Sq = 	3.03973e-18	0.423159	0.615103	0.423159	0.423159	0.615103	0.767896	0.615103	0.615103	0.767896	3.20456	0.767896	0.423159	0.615103	0.767896	0.615103
4 rounds of non-Gaussian ED iteration : ground-state energy is -32.5934 | electron energy -32.6007 + phonon energy 0.00725836 | electron momentum kIdx = 0
Nq = 	16	0.201582	0.274014	0.201582	0.201582	0.274014	0.378461	0.274014	0.274014	0.378461	0.44725	0.378461	0.201582	0.274014	0.378461	0.274014
Sq = 	-2.50989e-18	0.422541	0.614075	0.422541	0.422541	0.614075	0.764019	0.614075	0.614075	0.764019	3.1578	0.764019	0.422541	0.614075	0.764019	0.614075
5 rounds of non-Gaussian ED iteration : ground-state energy is -35.2374 | electron energy -35.2516 + phonon energy 0.0142817 | electron momentum kIdx = 0
Nq = 	16	0.2052	0.276598	0.2052	0.2052	0.276598	0.38255	0.276598	0.276598	0.38255	0.450933	0.38255	0.2052	0.276598	0.38255	0.276598
Sq = 	-2.2275e-18	0.422076	0.61334	0.422076	0.422076	0.61334	0.761294	0.61334	0.61334	0.761294	3.12496	0.761294	0.422076	0.61334	0.761294	0.61334
6 rounds of non-Gaussian ED iteration : ground-state energy is -37.3964 | electron energy -37.4197 + phonon energy 0.0232687 | electron momentum kIdx = 0
Nq = 	16	0.207965	0.278486	0.207965	0.207965	0.278486	0.385621	0.278486	0.278486	0.385621	0.453692	0.385621	0.207965	0.278486	0.385621	0.278486
Sq = 	7.84646e-19	0.421708	0.612778	0.421708	0.421708	0.612778	0.75926	0.612778	0.612778	0.75926	3.1005	0.75926	0.421708	0.612778	0.75926	0.612778
7 rounds of non-Gaussian ED iteration : ground-state energy is -39.1614 | electron energy -39.195 + phonon energy 0.0335776 | electron momentum kIdx = 0
Nq = 	16	0.210154	0.279935	0.210154	0.210154	0.279935	0.388047	0.279935	0.279935	0.388047	0.455881	0.388047	0.210154	0.279935	0.388047	0.279935
Sq = 	4.59644e-18	0.421406	0.612328	0.421406	0.421406	0.612328	0.757669	0.612328	0.612328	0.757669	3.08144	0.757669	0.421406	0.612328	0.757669	0.612328
8 rounds of non-Gaussian ED iteration : ground-state energy is -40.6051 | electron energy -40.6497 + phonon energy 0.0445981 | electron momentum kIdx = 0
Nq = 	16	0.211934	0.281089	0.211934	0.211934	0.281089	0.390035	0.281089	0.281089	0.390035	0.457686	0.390035	0.211934	0.281089	0.390035	0.281089
Sq = 	-7.90621e-18	0.421152	0.611954	0.421152	0.421152	0.611954	0.75638	0.611954	0.611954	0.75638	3.06605	0.75638	0.421152	0.611954	0.75638	0.611954
9 rounds of non-Gaussian ED iteration : ground-state energy is -41.7862 | electron energy -41.842 + phonon energy 0.0558307 | electron momentum kIdx = 0
Nq = 	16	0.213413	0.282034	0.213413	0.213413	0.282034	0.391707	0.282034	0.282034	0.391707	0.459213	0.391707	0.213413	0.282034	0.391707	0.282034
Sq = 	5.3989e-18	0.420933	0.611636	0.420933	0.420933	0.611636	0.755309	0.611636	0.611636	0.755309	3.05332	0.755309	0.420933	0.611636	0.755309	0.611636
10 rounds of non-Gaussian ED iteration : ground-state energy is -42.7526 | electron energy -42.8195 + phonon energy 0.0669026 | electron momentum kIdx = 0
Nq = 	16	0.214663	0.282825	0.214663	0.214663	0.282825	0.393139	0.282825	0.282825	0.393139	0.460527	0.393139	0.214663	0.282825	0.393139	0.282825
Sq = 	3.48804e-18	0.420743	0.61136	0.420743	0.420743	0.61136	0.754401	0.61136	0.61136	0.754401	3.04258	0.754401	0.420743	0.61136	0.754401	0.61136
11 rounds of non-Gaussian ED iteration : ground-state energy is -43.5435 | electron energy -43.621 + phonon energy 0.0775551 | electron momentum kIdx = 0
Nq = 	16	0.215733	0.283496	0.215733	0.215733	0.283496	0.39438	0.283496	0.283496	0.39438	0.461669	0.39438	0.215733	0.283496	0.39438	0.283496
Sq = 	2.37667e-19	0.420576	0.61112	0.420576	0.420576	0.61112	0.753622	0.61112	0.61112	0.753622	3.03339	0.753622	0.420576	0.61112	0.753622	0.61112
12 rounds of non-Gaussian ED iteration : ground-state energy is -44.1906 | electron energy -44.2783 + phonon energy 0.0876219 | electron momentum kIdx = 0
Nq = 	16	0.216657	0.284072	0.216657	0.216657	0.284072	0.395463	0.284072	0.284072	0.395463	0.462668	0.395463	0.216657	0.284072	0.395463	0.284072
Sq = 	3.48374e-18	0.420428	0.610908	0.420428	0.420428	0.610908	0.752948	0.610908	0.610908	0.752948	3.02547	0.752948	0.420428	0.610908	0.752948	0.610908
13 rounds of non-Gaussian ED iteration : ground-state energy is -44.7203 | electron energy -44.8173 + phonon energy 0.097007 | electron momentum kIdx = 0
Nq = 	16	0.217461	0.284569	0.217461	0.217461	0.284569	0.396415	0.284569	0.284569	0.396415	0.463545	0.396415	0.217461	0.284569	0.396415	0.284569
Sq = 	5.20612e-18	0.420297	0.610722	0.420297	0.420297	0.610722	0.75236	0.610722	0.610722	0.75236	3.01858	0.75236	0.420297	0.610722	0.75236	0.610722
14 rounds of non-Gaussian ED iteration : ground-state energy is -45.1538 | electron energy -45.2594 + phonon energy 0.105666 | electron momentum kIdx = 0
Nq = 	16	0.218163	0.285001	0.218163	0.218163	0.285001	0.397252	0.285001	0.285001	0.397252	0.464319	0.397252	0.218163	0.285001	0.397252	0.285001
Sq = 	7.15209e-18	0.420181	0.610557	0.420181	0.420181	0.610557	0.751846	0.610557	0.610557	0.751846	3.01257	0.751846	0.420181	0.610557	0.751846	0.610557
15 rounds of non-Gaussian ED iteration : ground-state energy is -45.5085 | electron energy -45.6221 + phonon energy 0.113589 | electron momentum kIdx = 0
Nq = 	16	0.218778	0.285377	0.218778	0.218778	0.285377	0.397991	0.285377	0.285377	0.397991	0.465001	0.397991	0.218778	0.285377	0.397991	0.285377
Sq = 	2.19208e-18	0.420078	0.61041	0.420078	0.420078	0.61041	0.751395	0.61041	0.61041	0.751395	3.0073	0.751395	0.420078	0.61041	0.751395	0.61041
16 rounds of non-Gaussian ED iteration : ground-state energy is -45.7989 | electron energy -45.9197 + phonon energy 0.120794 | electron momentum kIdx = 0
Nq = 	16	0.21932	0.285705	0.21932	0.21932	0.285705	0.398644	0.285705	0.285705	0.398644	0.465603	0.398644	0.21932	0.285705	0.398644	0.285705
Sq = 	7.95326e-18	0.419986	0.610281	0.419986	0.419986	0.610281	0.750999	0.610281	0.610281	0.750999	3.00268	0.750999	0.419986	0.610281	0.750999	0.610281
17 rounds of non-Gaussian ED iteration : ground-state energy is -46.0365 | electron energy -46.1639 + phonon energy 0.12731 | electron momentum kIdx = 0
Nq = 	16	0.219796	0.285992	0.219796	0.219796	0.285992	0.399221	0.285992	0.285992	0.399221	0.466135	0.399221	0.219796	0.285992	0.399221	0.285992
Sq = 	-8.69955e-18	0.419905	0.610167	0.419905	0.419905	0.610167	0.75065	0.610167	0.610167	0.75065	2.99862	0.75065	0.419905	0.610167	0.75065	0.610167
18 rounds of non-Gaussian ED iteration : ground-state energy is -46.2311 | electron energy -46.3642 + phonon energy 0.133179 | electron momentum kIdx = 0
Nq = 	16	0.220216	0.286244	0.220216	0.220216	0.286244	0.399732	0.286244	0.286244	0.399732	0.466606	0.399732	0.220216	0.286244	0.399732	0.286244
Sq = 	-4.86134e-18	0.419832	0.610065	0.419832	0.419832	0.610065	0.750343	0.610065	0.610065	0.750343	2.99505	0.750343	0.419832	0.610065	0.750343	0.610065
19 rounds of non-Gaussian ED iteration : ground-state energy is -46.3903 | electron energy -46.5287 + phonon energy 0.138447 | electron momentum kIdx = 0
Nq = 	16	0.220587	0.286464	0.220587	0.220587	0.286464	0.400183	0.286464	0.286464	0.400183	0.467022	0.400183	0.220587	0.286464	0.400183	0.286464
Sq = 	2.07525e-18	0.419768	0.609976	0.419768	0.419768	0.609976	0.750072	0.609976	0.609976	0.750072	2.9919	0.750072	0.419768	0.609976	0.750072	0.609976
20 rounds of non-Gaussian ED iteration : ground-state energy is -46.5206 | electron energy -46.6638 + phonon energy 0.143163 | electron momentum kIdx = 0
Nq = 	16	0.220914	0.286657	0.220914	0.220914	0.286657	0.400582	0.286657	0.286657	0.400582	0.467389	0.400582	0.220914	0.286657	0.400582	0.286657
Sq = 	3.39794e-18	0.419711	0.609896	0.419711	0.419711	0.609896	0.749834	0.609896	0.609896	0.749834	2.98913	0.749834	0.419711	0.609896	0.749834	0.609896
21 rounds of non-Gaussian ED iteration : ground-state energy is -46.6273 | electron energy -46.7747 + phonon energy 0.147374 | electron momentum kIdx = 0
Nq = 	16	0.221203	0.286826	0.221203	0.221203	0.286826	0.400935	0.286826	0.286826	0.400935	0.467715	0.400935	0.221203	0.286826	0.400935	0.286826
Sq = 	5.21253e-18	0.41966	0.609826	0.41966	0.41966	0.609826	0.749623	0.609826	0.609826	0.749623	2.98669	0.749623	0.41966	0.609826	0.749623	0.609826
22 rounds of non-Gaussian ED iteration : ground-state energy is -46.7146 | electron energy -46.8657 + phonon energy 0.151127 | electron momentum kIdx = 0
Nq = 	16	0.221457	0.286974	0.221457	0.221457	0.286974	0.401248	0.286974	0.286974	0.401248	0.468002	0.401248	0.221457	0.286974	0.401248	0.286974
Sq = 	-2.47676e-18	0.419615	0.609764	0.419615	0.419615	0.609764	0.749438	0.609764	0.609764	0.749438	2.98454	0.749438	0.419615	0.609764	0.749438	0.609764
23 rounds of non-Gaussian ED iteration : ground-state energy is -46.7861 | electron energy -46.9405 + phonon energy 0.154466 | electron momentum kIdx = 0
Nq = 	16	0.221682	0.287104	0.221682	0.221682	0.287104	0.401524	0.287104	0.287104	0.401524	0.468256	0.401524	0.221682	0.287104	0.401524	0.287104
Sq = 	4.82566e-18	0.419575	0.609709	0.419575	0.419575	0.609709	0.749274	0.609709	0.609709	0.749274	2.98264	0.749274	0.419575	0.609709	0.749274	0.609709
24 rounds of non-Gaussian ED iteration : ground-state energy is -46.8446 | electron energy -47.002 + phonon energy 0.157433 | electron momentum kIdx = 0
Nq = 	16	0.221881	0.287218	0.221881	0.221881	0.287218	0.401768	0.287218	0.287218	0.401768	0.46848	0.401768	0.221881	0.287218	0.401768	0.287218
Sq = 	1.0406e-18	0.41954	0.609661	0.41954	0.41954	0.609661	0.74913	0.609661	0.609661	0.74913	2.98097	0.74913	0.41954	0.609661	0.74913	0.609661
25 rounds of non-Gaussian ED iteration : ground-state energy is -46.8925 | electron energy -47.0525 + phonon energy 0.160066 | electron momentum kIdx = 0
Nq = 	16	0.222057	0.287319	0.222057	0.222057	0.287319	0.401984	0.287319	0.287319	0.401984	0.468679	0.401984	0.222057	0.287319	0.401984	0.287319
Sq = 	-1.27084e-18	0.419509	0.609618	0.419509	0.419509	0.609618	0.749003	0.609618	0.609618	0.749003	2.97949	0.749003	0.419509	0.609618	0.749003	0.609618
26 rounds of non-Gaussian ED iteration : ground-state energy is -46.9317 | electron energy -47.0941 + phonon energy 0.162401 | electron momentum kIdx = 0
Nq = 	16	0.222211	0.287407	0.222211	0.222211	0.287407	0.402174	0.287407	0.287406	0.402174	0.468854	0.402174	0.222211	0.287407	0.402174	0.287407
Sq = 	-2.63492e-18	0.419481	0.60958	0.419481	0.419481	0.60958	0.748891	0.60958	0.60958	0.748891	2.9782	0.748891	0.419481	0.60958	0.748891	0.60958
27 rounds of non-Gaussian ED iteration : ground-state energy is -46.9638 | electron energy -47.1282 + phonon energy 0.164468 | electron momentum kIdx = 0
Nq = 	16	0.222348	0.287484	0.222348	0.222348	0.287484	0.402343	0.287484	0.287484	0.402343	0.469009	0.402343	0.222348	0.287484	0.402343	0.287484
Sq = 	-2.93062e-18	0.419456	0.609547	0.419456	0.419456	0.609547	0.748792	0.609547	0.609547	0.748792	2.97705	0.748792	0.419456	0.609547	0.748792	0.609547
28 rounds of non-Gaussian ED iteration : ground-state energy is -46.99 | electron energy -47.1563 + phonon energy 0.166299 | electron momentum kIdx = 0
Nq = 	16	0.222469	0.287551	0.222469	0.222469	0.287551	0.402492	0.287551	0.287551	0.402492	0.469146	0.402492	0.222469	0.287551	0.402492	0.287551
Sq = 	-1.19335e-17	0.419435	0.609517	0.419435	0.419435	0.609517	0.748705	0.609517	0.609517	0.748705	2.97604	0.748705	0.419435	0.609517	0.748705	0.609517
29 rounds of non-Gaussian ED iteration : ground-state energy is -47.0116 | electron energy -47.1795 + phonon energy 0.167918 | electron momentum kIdx = 0
Nq = 	16	0.222575	0.287611	0.222575	0.222575	0.287611	0.402623	0.287611	0.287611	0.402623	0.469267	0.402623	0.222575	0.287611	0.402623	0.287611
Sq = 	2.06798e-18	0.419415	0.609491	0.419415	0.419415	0.609491	0.748629	0.609491	0.609491	0.748629	2.97515	0.748629	0.419415	0.609491	0.748629	0.609491
30 rounds of non-Gaussian ED iteration : ground-state energy is -47.0292 | electron energy -47.1985 + phonon energy 0.16935 | electron momentum kIdx = 0
Nq = 	16	0.222669	0.287663	0.222669	0.222669	0.287663	0.40274	0.287663	0.287663	0.40274	0.469374	0.40274	0.222669	0.287663	0.40274	0.287663
Sq = 	7.65499e-20	0.419398	0.609468	0.419398	0.419398	0.609468	0.748561	0.609468	0.609468	0.748561	2.97437	0.748561	0.419398	0.609468	0.748561	0.609468
31 rounds of non-Gaussian ED iteration : ground-state energy is -47.0436 | electron energy -47.2142 + phonon energy 0.170615 | electron momentum kIdx = 0
Nq = 	16	0.222752	0.287709	0.222752	0.222752	0.287709	0.402842	0.287709	0.287709	0.402842	0.469468	0.402842	0.222752	0.287709	0.402842	0.287709
Sq = 	-6.9825e-18	0.419383	0.609448	0.419383	0.419383	0.609448	0.748501	0.609448	0.609448	0.748501	2.97368	0.748501	0.419383	0.609448	0.748501	0.609448
32 rounds of non-Gaussian ED iteration : ground-state energy is -47.0554 | electron energy -47.2271 + phonon energy 0.171732 | electron momentum kIdx = 0
Nq = 	16	0.222825	0.287749	0.222825	0.222825	0.287749	0.402933	0.287749	0.287749	0.402933	0.469551	0.402933	0.222825	0.287749	0.402933	0.287749
Sq = 	-1.83799e-19	0.41937	0.60943	0.41937	0.41937	0.60943	0.748449	0.60943	0.60943	0.748449	2.97307	0.748449	0.41937	0.60943	0.748449	0.60943
33 rounds of non-Gaussian ED iteration : ground-state energy is -47.065 | electron energy -47.2377 + phonon energy 0.172719 | electron momentum kIdx = 0
Nq = 	16	0.222889	0.287784	0.222889	0.222889	0.287784	0.403013	0.287784	0.287784	0.403013	0.469625	0.403013	0.222889	0.287784	0.403013	0.287784
Sq = 	6.04565e-18	0.419358	0.609414	0.419358	0.419358	0.609414	0.748403	0.609414	0.609414	0.748403	2.97253	0.748403	0.419358	0.609414	0.748403	0.609414
34 rounds of non-Gaussian ED iteration : ground-state energy is -47.0729 | electron energy -47.2465 + phonon energy 0.173591 | electron momentum kIdx = 0
Nq = 	16	0.222946	0.287815	0.222946	0.222946	0.287815	0.403084	0.287815	0.287815	0.403084	0.46969	0.403084	0.222946	0.287815	0.403084	0.287815
Sq = 	4.184e-18	0.419348	0.6094	0.419348	0.419348	0.6094	0.748362	0.6094	0.6094	0.748362	2.97206	0.748362	0.419348	0.6094	0.748362	0.6094
35 rounds of non-Gaussian ED iteration : ground-state energy is -47.0794 | electron energy -47.2538 + phonon energy 0.174359 | electron momentum kIdx = 0
Nq = 	16	0.222997	0.287843	0.222997	0.222997	0.287843	0.403146	0.287843	0.287843	0.403146	0.469747	0.403146	0.222997	0.287843	0.403146	0.287843
Sq = 	1.58362e-18	0.419339	0.609388	0.419339	0.419339	0.609388	0.748326	0.609388	0.609388	0.748326	2.97164	0.748326	0.419339	0.609388	0.748326	0.609388
36 rounds of non-Gaussian ED iteration : ground-state energy is -47.0847 | electron energy -47.2597 + phonon energy 0.175038 | electron momentum kIdx = 0
Nq = 	16	0.223041	0.287867	0.223041	0.223041	0.287867	0.403201	0.287867	0.287867	0.403201	0.469798	0.403201	0.223041	0.287867	0.403201	0.287867
Sq = 	1.56667e-18	0.41933	0.609377	0.41933	0.41933	0.609377	0.748294	0.609377	0.609377	0.748294	2.97127	0.748294	0.41933	0.609377	0.748294	0.609377
37 rounds of non-Gaussian ED iteration : ground-state energy is -47.089 | electron energy -47.2647 + phonon energy 0.175636 | electron momentum kIdx = 0
Nq = 	16	0.22308	0.287888	0.22308	0.22308	0.287888	0.40325	0.287888	0.287888	0.40325	0.469842	0.40325	0.22308	0.287888	0.40325	0.287888
Sq = 	6.48604e-18	0.419323	0.609368	0.419323	0.419323	0.609368	0.748266	0.609368	0.609368	0.748266	2.97095	0.748266	0.419323	0.609368	0.748266	0.609368
38 rounds of non-Gaussian ED iteration : ground-state energy is -47.0926 | electron energy -47.2688 + phonon energy 0.176164 | electron momentum kIdx = 0
Nq = 	16	0.223114	0.287906	0.223114	0.223114	0.287906	0.403293	0.287906	0.287906	0.403293	0.469882	0.403293	0.223114	0.287906	0.403293	0.287906
Sq = 	-2.26427e-18	0.419317	0.609359	0.419317	0.419317	0.609359	0.748242	0.609359	0.609359	0.748242	2.97066	0.748242	0.419317	0.609359	0.748242	0.609359
39 rounds of non-Gaussian ED iteration : ground-state energy is -47.0955 | electron energy -47.2721 + phonon energy 0.17663 | electron momentum kIdx = 0
Nq = 	16	0.223145	0.287922	0.223145	0.223145	0.287922	0.403331	0.287922	0.287922	0.403331	0.469917	0.403331	0.223145	0.287922	0.403331	0.287922
Sq = 	3.34475e-18	0.419311	0.609352	0.419311	0.419311	0.609352	0.74822	0.609352	0.609352	0.74822	2.97041	0.74822	0.419311	0.609352	0.74822	0.609352
40 rounds of non-Gaussian ED iteration : ground-state energy is -47.0979 | electron energy -47.2749 + phonon energy 0.177041 | electron momentum kIdx = 0
Nq = 	16	0.223172	0.287937	0.223172	0.223172	0.287937	0.403364	0.287937	0.287937	0.403364	0.469947	0.403364	0.223172	0.287937	0.403364	0.287937
Sq = 	-7.55061e-19	0.419306	0.609345	0.419306	0.419306	0.609345	0.748201	0.609345	0.609345	0.748201	2.97019	0.748201	0.419306	0.609345	0.748201	0.609345
41 rounds of non-Gaussian ED iteration : ground-state energy is -47.0998 | electron energy -47.2772 + phonon energy 0.177403 | electron momentum kIdx = 0
Nq = 	16	0.223195	0.287949	0.223195	0.223195	0.287949	0.403394	0.287949	0.287949	0.403394	0.469974	0.403394	0.223195	0.287949	0.403394	0.287949
Sq = 	2.80484e-18	0.419302	0.60934	0.419302	0.419302	0.60934	0.748184	0.60934	0.60934	0.748184	2.96999	0.748184	0.419302	0.60934	0.748184	0.60934
42 rounds of non-Gaussian ED iteration : ground-state energy is -47.1014 | electron energy -47.2792 + phonon energy 0.177722 | electron momentum kIdx = 0
Nq = 	16	0.223216	0.28796	0.223216	0.223216	0.28796	0.40342	0.28796	0.28796	0.40342	0.469998	0.40342	0.223216	0.28796	0.40342	0.28796
Sq = 	-5.13492e-18	0.419298	0.609335	0.419298	0.419298	0.609335	0.748169	0.609335	0.609335	0.748169	2.96982	0.748169	0.419298	0.609335	0.748169	0.609335
43 rounds of non-Gaussian ED iteration : ground-state energy is -47.1027 | electron energy -47.2807 + phonon energy 0.178003 | electron momentum kIdx = 0
Nq = 	16	0.223234	0.28797	0.223234	0.223234	0.28797	0.403443	0.28797	0.28797	0.403443	0.47002	0.403443	0.223234	0.28797	0.403443	0.28797
Sq = 	-6.35963e-18	0.419295	0.60933	0.419295	0.419295	0.60933	0.748156	0.60933	0.60933	0.748156	2.96967	0.748156	0.419295	0.60933	0.748156	0.60933
44 rounds of non-Gaussian ED iteration : ground-state energy is -47.1038 | electron energy -47.2821 + phonon energy 0.178251 | electron momentum kIdx = 0
Nq = 	16	0.223251	0.287978	0.223251	0.223251	0.287978	0.403463	0.287978	0.287978	0.403463	0.470038	0.403463	0.223251	0.287978	0.403463	0.287978
Sq = 	-1.86177e-18	0.419292	0.609326	0.419292	0.419292	0.609326	0.748145	0.609326	0.609326	0.748145	2.96954	0.748145	0.419292	0.609326	0.748145	0.609326
45 rounds of non-Gaussian ED iteration : ground-state energy is -47.1047 | electron energy -47.2831 + phonon energy 0.17847 | electron momentum kIdx = 0
Nq = 	16	0.223265	0.287986	0.223265	0.223265	0.287986	0.403481	0.287986	0.287986	0.403481	0.470055	0.403481	0.223265	0.287986	0.403481	0.287986
Sq = 	-6.50211e-18	0.419289	0.609323	0.419289	0.419289	0.609323	0.748134	0.609323	0.609323	0.748134	2.96942	0.748134	0.419289	0.609323	0.748134	0.609323
46 rounds of non-Gaussian ED iteration : ground-state energy is -47.1054 | electron energy -47.2841 + phonon energy 0.178663 | electron momentum kIdx = 0
Nq = 	16	0.223277	0.287992	0.223277	0.223277	0.287992	0.403497	0.287992	0.287992	0.403497	0.470069	0.403497	0.223277	0.287992	0.403497	0.287992
Sq = 	1.15722e-17	0.419287	0.60932	0.419287	0.419287	0.60932	0.748125	0.60932	0.60932	0.748125	2.96931	0.748125	0.419287	0.60932	0.748125	0.60932
47 rounds of non-Gaussian ED iteration : ground-state energy is -47.106 | electron energy -47.2848 + phonon energy 0.178833 | electron momentum kIdx = 0
Nq = 	16	0.223289	0.287998	0.223289	0.223289	0.287998	0.403511	0.287998	0.287998	0.403511	0.470082	0.403511	0.223289	0.287998	0.403511	0.287998
Sq = 	-5.5669e-18	0.419285	0.609317	0.419285	0.419285	0.609317	0.748118	0.609317	0.609317	0.748118	2.96922	0.748118	0.419285	0.609317	0.748118	0.609317
48 rounds of non-Gaussian ED iteration : ground-state energy is -47.1065 | electron energy -47.2854 + phonon energy 0.178982 | electron momentum kIdx = 0
Nq = 	16	0.223298	0.288003	0.223298	0.223298	0.288003	0.403523	0.288003	0.288003	0.403523	0.470093	0.403523	0.223298	0.288003	0.403523	0.288003
Sq = 	-1.14451e-18	0.419283	0.609314	0.419283	0.419283	0.609314	0.748111	0.609314	0.609314	0.748111	2.96914	0.748111	0.419283	0.609314	0.748111	0.609314
49 rounds of non-Gaussian ED iteration : ground-state energy is -47.1069 | electron energy -47.286 + phonon energy 0.179114 | electron momentum kIdx = 0
Nq = 	16	0.223307	0.288008	0.223307	0.223307	0.288008	0.403534	0.288008	0.288008	0.403534	0.470103	0.403534	0.223307	0.288008	0.403534	0.288008
Sq = 	-2.28004e-18	0.419281	0.609312	0.419281	0.419281	0.609312	0.748104	0.609312	0.609312	0.748104	2.96907	0.748104	0.419281	0.609312	0.748104	0.609312
50 rounds of non-Gaussian ED iteration : ground-state energy is -47.1072 | electron energy -47.2864 + phonon energy 0.179231 | electron momentum kIdx = 0
Nq = 	16	0.223315	0.288011	0.223315	0.223315	0.288011	0.403544	0.288011	0.288011	0.403544	0.470112	0.403544	0.223315	0.288011	0.403544	0.288011
Sq = 	6.33362e-18	0.41928	0.60931	0.41928	0.41928	0.60931	0.748099	0.60931	0.60931	0.748099	2.96901	0.748099	0.41928	0.60931	0.748099	0.60931
51 rounds of non-Gaussian ED iteration : ground-state energy is -47.1074 | electron energy -47.2868 + phonon energy 0.179333 | electron momentum kIdx = 0
Nq = 	16	0.223321	0.288015	0.223321	0.223321	0.288015	0.403552	0.288015	0.288015	0.403552	0.47012	0.403552	0.223321	0.288015	0.403552	0.288015
Sq = 	-1.13588e-18	0.419278	0.609309	0.419278	0.419278	0.609309	0.748094	0.609309	0.609309	0.748094	2.96895	0.748094	0.419278	0.609309	0.748094	0.609309
52 rounds of non-Gaussian ED iteration : ground-state energy is -47.1077 | electron energy -47.2871 + phonon energy 0.179424 | electron momentum kIdx = 0
Nq = 	16	0.223327	0.288018	0.223327	0.223327	0.288018	0.40356	0.288018	0.288018	0.40356	0.470127	0.40356	0.223327	0.288018	0.40356	0.288018
Sq = 	4.93771e-19	0.419277	0.609307	0.419277	0.419277	0.609307	0.74809	0.609307	0.609307	0.74809	2.9689	0.74809	0.419277	0.609307	0.74809	0.609307
53 rounds of non-Gaussian ED iteration : ground-state energy is -47.1078 | electron energy -47.2873 + phonon energy 0.179503 | electron momentum kIdx = 0
Nq = 	16	0.223332	0.288021	0.223332	0.223332	0.288021	0.403566	0.288021	0.288021	0.403566	0.470133	0.403566	0.223332	0.288021	0.403566	0.288021
Sq = 	-1.34935e-17	0.419276	0.609306	0.419276	0.419276	0.609306	0.748086	0.609306	0.609306	0.748086	2.96886	0.748086	0.419276	0.609306	0.748086	0.609306
54 rounds of non-Gaussian ED iteration : ground-state energy is -47.108 | electron energy -47.2876 + phonon energy 0.179573 | electron momentum kIdx = 0
Nq = 	16	0.223337	0.288023	0.223337	0.223337	0.288023	0.403572	0.288023	0.288023	0.403572	0.470138	0.403572	0.223337	0.288023	0.403572	0.288023
Sq = 	-9.89832e-19	0.419276	0.609305	0.419276	0.419276	0.609305	0.748083	0.609305	0.609305	0.748083	2.96882	0.748083	0.419276	0.609305	0.748083	0.609305
55 rounds of non-Gaussian ED iteration : ground-state energy is -47.1081 | electron energy -47.2877 + phonon energy 0.179635 | electron momentum kIdx = 0
Nq = 	16	0.223341	0.288025	0.223341	0.223341	0.288025	0.403577	0.288025	0.288025	0.403577	0.470143	0.403577	0.223341	0.288025	0.403577	0.288025
Sq = 	-7.13406e-18	0.419275	0.609304	0.419275	0.419275	0.609304	0.74808	0.609304	0.609304	0.74808	2.96879	0.74808	0.419275	0.609304	0.74808	0.609304
56 rounds of non-Gaussian ED iteration : ground-state energy is -47.1082 | electron energy -47.2879 + phonon energy 0.17969 | electron momentum kIdx = 0
Nq = 	16	0.223345	0.288027	0.223345	0.223345	0.288027	0.403582	0.288027	0.288027	0.403582	0.470147	0.403582	0.223345	0.288027	0.403582	0.288027
Sq = 	-1.20286e-17	0.419274	0.609303	0.419274	0.419274	0.609303	0.748078	0.609303	0.609303	0.748078	2.96876	0.748078	0.419274	0.609303	0.748078	0.609303
57 rounds of non-Gaussian ED iteration : ground-state energy is -47.1083 | electron energy -47.288 + phonon energy 0.179738 | electron momentum kIdx = 0
Nq = 	16	0.223348	0.288028	0.223348	0.223348	0.288028	0.403586	0.288028	0.288028	0.403586	0.470151	0.403586	0.223348	0.288028	0.403586	0.288028
Sq = 	2.40128e-18	0.419273	0.609302	0.419273	0.419273	0.609302	0.748076	0.609302	0.609302	0.748076	2.96873	0.748076	0.419273	0.609302	0.748076	0.609302
58 rounds of non-Gaussian ED iteration : ground-state energy is -47.1083 | electron energy -47.2881 + phonon energy 0.17978 | electron momentum kIdx = 0
Nq = 	16	0.223351	0.28803	0.223351	0.223351	0.28803	0.40359	0.28803	0.28803	0.40359	0.470154	0.40359	0.223351	0.28803	0.40359	0.28803
Sq = 	3.03234e-18	0.419273	0.609302	0.419273	0.419273	0.609302	0.748074	0.609302	0.609302	0.748074	2.96871	0.748074	0.419273	0.609302	0.748074	0.609302
59 rounds of non-Gaussian ED iteration : ground-state energy is -47.1084 | electron energy -47.2882 + phonon energy 0.179818 | electron momentum kIdx = 0
Nq = 	16	0.223353	0.288031	0.223353	0.223353	0.288031	0.403593	0.288031	0.288031	0.403593	0.470157	0.403593	0.223353	0.288031	0.403593	0.288031
Sq = 	-5.45526e-18	0.419273	0.609301	0.419273	0.419272	0.609301	0.748072	0.609301	0.609301	0.748072	2.96869	0.748072	0.419272	0.609301	0.748072	0.609301
60 rounds of non-Gaussian ED iteration : ground-state energy is -47.1084 | electron energy -47.2883 + phonon energy 0.17985 | electron momentum kIdx = 0
Nq = 	16	0.223355	0.288032	0.223355	0.223355	0.288032	0.403595	0.288032	0.288032	0.403595	0.47016	0.403595	0.223355	0.288032	0.403595	0.288032
Sq = 	2.88354e-18	0.419272	0.609301	0.419272	0.419272	0.609301	0.74807	0.609301	0.609301	0.74807	2.96867	0.74807	0.419272	0.609301	0.74807	0.609301
61 rounds of non-Gaussian ED iteration : ground-state energy is -47.1085 | electron energy -47.2883 + phonon energy 0.179879 | electron momentum kIdx = 0
Nq = 	16	0.223357	0.288033	0.223357	0.223357	0.288033	0.403598	0.288033	0.288033	0.403598	0.470162	0.403598	0.223357	0.288033	0.403598	0.288033
Sq = 	4.09258e-18	0.419272	0.6093	0.419272	0.419272	0.6093	0.748069	0.6093	0.6093	0.748069	2.96866	0.748069	0.419272	0.6093	0.748069	0.6093
62 rounds of non-Gaussian ED iteration : ground-state energy is -47.1085 | electron energy -47.2884 + phonon energy 0.179905 | electron momentum kIdx = 0
Nq = 	16	0.223359	0.288034	0.223359	0.223359	0.288034	0.4036	0.288034	0.288034	0.4036	0.470164	0.4036	0.223359	0.288034	0.4036	0.288034
Sq = 	-4.61125e-18	0.419271	0.6093	0.419271	0.419271	0.6093	0.748068	0.6093	0.6093	0.748068	2.96864	0.748068	0.419271	0.6093	0.748068	0.6093
63 rounds of non-Gaussian ED iteration : ground-state energy is -47.1085 | electron energy -47.2885 + phonon energy 0.179928 | electron momentum kIdx = 0
Nq = 	16	0.22336	0.288035	0.22336	0.22336	0.288035	0.403602	0.288035	0.288035	0.403602	0.470165	0.403602	0.22336	0.288035	0.403602	0.288035
Sq = 	5.94999e-19	0.419271	0.609299	0.419271	0.419271	0.609299	0.748067	0.609299	0.609299	0.748067	2.96863	0.748067	0.419271	0.609299	0.748067	0.609299
64 rounds of non-Gaussian ED iteration : ground-state energy is -47.1085 | electron energy -47.2885 + phonon energy 0.179947 | electron momentum kIdx = 0
Nq = 	16	0.223362	0.288035	0.223362	0.223362	0.288035	0.403604	0.288035	0.288035	0.403604	0.470167	0.403604	0.223362	0.288035	0.403604	0.288035
Sq = 	-8.58525e-18	0.419271	0.609299	0.419271	0.419271	0.609299	0.748066	0.609299	0.609299	0.748066	2.96862	0.748066	0.419271	0.609299	0.748066	0.609299
65 rounds of non-Gaussian ED iteration : ground-state energy is -47.1086 | electron energy -47.2885 + phonon energy 0.179965 | electron momentum kIdx = 0
Nq = 	16	0.223363	0.288036	0.223363	0.223363	0.288036	0.403605	0.288036	0.288036	0.403605	0.470168	0.403605	0.223363	0.288036	0.403605	0.288036
Sq = 	-8.59017e-19	0.419271	0.609299	0.419271	0.419271	0.609299	0.748065	0.609299	0.609299	0.748065	2.96861	0.748065	0.419271	0.609299	0.748065	0.609299
66 rounds of non-Gaussian ED iteration : ground-state energy is -47.1086 | electron energy -47.2886 + phonon energy 0.17998 | electron momentum kIdx = 0
Nq = 	16	0.223364	0.288036	0.223364	0.223364	0.288036	0.403606	0.288036	0.288036	0.403606	0.47017	0.403606	0.223364	0.288036	0.403606	0.288036
Sq = 	-1.09854e-17	0.41927	0.609298	0.41927	0.41927	0.609298	0.748064	0.609298	0.609298	0.748064	2.9686	0.748064	0.41927	0.609298	0.748064	0.609298
67 rounds of non-Gaussian ED iteration : ground-state energy is -47.1086 | electron energy -47.2886 + phonon energy 0.179994 | electron momentum kIdx = 0
Nq = 	16	0.223365	0.288037	0.223365	0.223365	0.288037	0.403607	0.288037	0.288037	0.403607	0.470171	0.403607	0.223365	0.288037	0.403607	0.288037
Sq = 	1.68186e-18	0.41927	0.609298	0.41927	0.41927	0.609298	0.748064	0.609298	0.609298	0.748064	2.9686	0.748064	0.41927	0.609298	0.748064	0.609298
68 rounds of non-Gaussian ED iteration : ground-state energy is -47.1086 | electron energy -47.2886 + phonon energy 0.180006 | electron momentum kIdx = 0
Nq = 	16	0.223365	0.288037	0.223365	0.223365	0.288037	0.403608	0.288037	0.288037	0.403608	0.470171	0.403608	0.223365	0.288037	0.403608	0.288037
Sq = 	1.05464e-18	0.41927	0.609298	0.41927	0.41927	0.609298	0.748063	0.609298	0.609298	0.748063	2.96859	0.748063	0.41927	0.609298	0.748063	0.609298
69 rounds of non-Gaussian ED iteration : ground-state energy is -47.1086 | electron energy -47.2886 + phonon energy 0.180016 | electron momentum kIdx = 0
Nq = 	16	0.223366	0.288038	0.223366	0.223366	0.288038	0.403609	0.288038	0.288038	0.403609	0.470172	0.403609	0.223366	0.288038	0.403609	0.288038
Sq = 	9.16285e-19	0.41927	0.609298	0.41927	0.41927	0.609298	0.748063	0.609298	0.609298	0.748063	2.96858	0.748063	0.41927	0.609298	0.748063	0.609298
70 rounds of non-Gaussian ED iteration : ground-state energy is -47.1086 | electron energy -47.2886 + phonon energy 0.180026 | electron momentum kIdx = 0
Nq = 	16	0.223367	0.288038	0.223367	0.223367	0.288038	0.40361	0.288038	0.288038	0.40361	0.470173	0.40361	0.223367	0.288038	0.40361	0.288038
Sq = 	-6.98999e-19	0.41927	0.609298	0.41927	0.41927	0.609298	0.748062	0.609298	0.609298	0.748062	2.96858	0.748062	0.41927	0.609298	0.748062	0.609298
71 rounds of non-Gaussian ED iteration : ground-state energy is -47.1086 | electron energy -47.2886 + phonon energy 0.180034 | electron momentum kIdx = 0
Nq = 	16	0.223367	0.288038	0.223367	0.223367	0.288038	0.403611	0.288038	0.288038	0.403611	0.470174	0.403611	0.223367	0.288038	0.403611	0.288038
Sq = 	9.14373e-19	0.41927	0.609298	0.41927	0.41927	0.609298	0.748062	0.609298	0.609298	0.748062	2.96857	0.748062	0.41927	0.609298	0.748062	0.609298
72 rounds of non-Gaussian ED iteration : ground-state energy is -47.1086 | electron energy -47.2887 + phonon energy 0.180041 | electron momentum kIdx = 0
Nq = 	16	0.223368	0.288038	0.223368	0.223368	0.288038	0.403611	0.288038	0.288038	0.403611	0.470174	0.403611	0.223368	0.288038	0.403611	0.288038
Sq = 	3.10608e-18	0.41927	0.609297	0.41927	0.41927	0.609297	0.748061	0.609297	0.609297	0.748061	2.96857	0.748061	0.41927	0.609297	0.748061	0.609297
73 rounds of non-Gaussian ED iteration : ground-state energy is -47.1086 | electron energy -47.2887 + phonon energy 0.180048 | electron momentum kIdx = 0
Nq = 	16	0.223368	0.288039	0.223368	0.223368	0.288039	0.403612	0.288039	0.288039	0.403612	0.470175	0.403612	0.223368	0.288039	0.403612	0.288039
Sq = 	-3.47961e-18	0.41927	0.609297	0.41927	0.41927	0.609297	0.748061	0.609297	0.609297	0.748061	2.96857	0.748061	0.41927	0.609297	0.748061	0.609297
74 rounds of non-Gaussian ED iteration : ground-state energy is -47.1086 | electron energy -47.2887 + phonon energy 0.180053 | electron momentum kIdx = 0
Nq = 	16	0.223369	0.288039	0.223369	0.223369	0.288039	0.403612	0.288039	0.288039	0.403612	0.470175	0.403612	0.223369	0.288039	0.403612	0.288039
Sq = 	1.60954e-17	0.41927	0.609297	0.41927	0.41927	0.609297	0.748061	0.609297	0.609297	0.748061	2.96856	0.748061	0.41927	0.609297	0.748061	0.609297
75 rounds of non-Gaussian ED iteration : ground-state energy is -47.1086 | electron energy -47.2887 + phonon energy 0.180058 | electron momentum kIdx = 0
Nq = 	16	0.223369	0.288039	0.223369	0.223369	0.288039	0.403613	0.288039	0.288039	0.403613	0.470176	0.403613	0.223369	0.288039	0.403613	0.288039
Sq = 	1.9765e-18	0.419269	0.609297	0.419269	0.419269	0.609297	0.748061	0.609297	0.609297	0.748061	2.96856	0.748061	0.419269	0.609297	0.748061	0.609297
76 rounds of non-Gaussian ED iteration : ground-state energy is -47.1086 | electron energy -47.2887 + phonon energy 0.180063 | electron momentum kIdx = 0
Nq = 	16	0.223369	0.288039	0.223369	0.223369	0.288039	0.403613	0.288039	0.288039	0.403613	0.470176	0.403613	0.223369	0.288039	0.403613	0.288039
Sq = 	7.46219e-18	0.419269	0.609297	0.419269	0.419269	0.609297	0.74806	0.609297	0.609297	0.74806	2.96856	0.74806	0.419269	0.609297	0.74806	0.609297
77 rounds of non-Gaussian ED iteration : ground-state energy is -47.1086 | electron energy -47.2887 + phonon energy 0.180066 | electron momentum kIdx = 0
Nq = 	16	0.223369	0.288039	0.223369	0.223369	0.288039	0.403614	0.288039	0.288039	0.403614	0.470176	0.403614	0.223369	0.288039	0.403614	0.288039
Sq = 	-6.1751e-18	0.419269	0.609297	0.419269	0.419269	0.609297	0.74806	0.609297	0.609297	0.74806	2.96856	0.74806	0.419269	0.609297	0.74806	0.609297
78 rounds of non-Gaussian ED iteration : ground-state energy is -47.1086 | electron energy -47.2887 + phonon energy 0.18007 | electron momentum kIdx = 0
Nq = 	16	0.22337	0.288039	0.22337	0.22337	0.288039	0.403614	0.288039	0.288039	0.403614	0.470176	0.403614	0.22337	0.288039	0.403614	0.288039
Sq = 	-4.94201e-18	0.419269	0.609297	0.419269	0.419269	0.609297	0.74806	0.609297	0.609297	0.74806	2.96855	0.74806	0.419269	0.609297	0.74806	0.609297
Ground state is obtained after 79 iterations. The current ground-state energy is -47.1086, in which electron energy is -47.2887 and phonon energy is 0.180073
o___o  -------------------------------------
| L |	Time since last clock: 6h 41m 28.322s
A===A	Time since the beginning: 6h 41m 28.322s
********************************************

************************************************************************************
