SNEDics v3.22.2 Non-Gaussian ED ground state program		Start at Tue Jun 28 02:24:23 2022

Parallelization: 32 MPI threads  * 8 OpenMP threads = 256 total threads.
********************************************************************************************************************
********************************************************************************************************************

********************************************************************************************************************
System parameters and configurations
	special program options are enabled: splitted diagonal Hamiltonian | splitted Hamiltonian terms
********************************************************************************************************************
Read input file "model_params.in"
	Hubbard-Holstein model parameters : 	t = 1    t' = -0.3    U = 8    g = 0.95    W = 0.2    g' = 0.05    
********************************************************************************************************************
Read input file "hilbertspace_params.in"
	Requested 16-site 2D lattice, with 12 electrons (6, 6)
	Boundary : Periodic		Hilbert space representation : momentum-space (restricted to kIdx = 0)
	Conservation: particle number[U(1)]      spin[U(1)]     momentum
********************************************************************************************************************

Cluster Positions:				Cluster symmetry group : D4
 x ... x ... x ... x .....                       x ... x ... x ... x .....
 |           |           :                       |           |           :
 |           |           :                       |           |           :
12    13    14    15     x                       1     5     6     5     x
 |           |           :                       |           |           :
 |           |           :                       |           |           :
 8 --- 9 ---10 ---11 --- x                       2 --- 6 ---10 --- 6 --- x
 |           |           :                       |           |           :
 |           |           :                       |           |           :
 4     5     6     7     x                       1     5     6     5     x
 |           |           :                       |           |           :
 |           |           :                       |           |           :
 0 --- 1 --- 2 --- 3 --- x                       0 --- 1 --- 2 --- 1 --- x
orbital number : 1
********************************************************************************************************************
Read input file "obs_params.in"
	Observable Type : Nq(All),   Sq(All),   N(All-Orbital),   Delta[s](All),   Delta[d](All),   Delta[s+](All)
** WARNING ** the input observables have non-local factors which have been reinterpreted. The total observable number is 96
********************************************************************************************************************


********************************************************************************************************************
Start calculating the non-Gaussian ED ground state
Maximal iteration number is 1000; energy resolution is 1e-06. Phonon state relaxation time is 2000
W = 0.2 is relatively large. The non-Gaussian ED calculation starts directly.
open output files: NGSED_iteration_observables.txt
********************************************************************************************************************
Start the 0 rounds of NGS-ED iteration
	effective electronic model is modified as: kinetic energy t = 1, t' = -0.3
	                                           effective interaction Vq = [0,0,0,0,0,0,0,0,0,0,0,0,0,0,0,0]
	first Hamiltonian is constructed, size = 4008592 and non-zero numbers = 969952250
	PARPACK diagonalization completed after 135 matrix-vector product operations.
	iteration results: : total energy is -15.091341 | electron energy -15.091341 + phonon energy 0.000000 | electron momentum kIdx = 0
	Nq(0) = 9,	Nq(1) = 0.182775,	Nq(2) = 0.248843,	Nq(3) = 0.182775,	Nq(4) = 0.182775,	Nq(5) = 0.263236,	
	Nq(6) = 0.307436,	Nq(7) = 0.263236,	Nq(8) = 0.248843,	Nq(9) = 0.307436,	Nq(10) = 0.356784,	
	Nq(11) = 0.307436,	Nq(12) = 0.182775,	Nq(13) = 0.263236,	Nq(14) = 0.307436,	Nq(15) = 0.263236;	
	Sq(0) = 2.57275e-18,	Sq(1) = 0.523525,	Sq(2) = 0.451304,	Sq(3) = 0.523525,	Sq(4) = 0.523525,	
	Sq(5) = 0.707557,	Sq(6) = 1.00669,	Sq(7) = 0.707557,	Sq(8) = 0.451304,	Sq(9) = 1.00669,	
	Sq(10) = 1.27807,	Sq(11) = 1.00669,	Sq(12) = 0.523525,	Sq(13) = 0.707557,	Sq(14) = 1.00669,	
	Sq(15) = 0.707557;	N(0) = 1.72657,	N(1) = 1.59708,	N(2) = 1.0703,	N(3) = 1.59708,	
	N(4) = 1.59708,	N(5) = 0.264255,	N(6) = 0.153085,	N(7) = 0.264255,	N(8) = 1.0703,	
	N(9) = 0.153085,	N(10) = 0.0751403,	N(11) = 0.153085,	N(12) = 1.59708,	N(13) = 0.264255,	
	N(14) = 0.153085,	N(15) = 0.264255;	Delta[s](0) = 0.0501986,	Delta[s](1) = 0.0367942,	Delta[s](2) = 0.0306168,	
	Delta[s](3) = 0.0367942,	Delta[s](4) = 0.0367942,	Delta[s](5) = 0.0246165,	Delta[s](6) = 0.0169063,	Delta[s](7) = 0.0246165,	
	Delta[s](8) = 0.0306168,	Delta[s](9) = 0.0169063,	Delta[s](10) = 0.00942804,	Delta[s](11) = 0.0169063,	Delta[s](12) = 0.0367942,	
	Delta[s](13) = 0.0246165,	Delta[s](14) = 0.0169063,	Delta[s](15) = 0.0246165;	Delta[d](0) = 0.464556,	Delta[d](1) = 0.250062,	
	Delta[d](2) = 0.251101,	Delta[d](3) = 0.250062,	Delta[d](4) = 0.250062,	Delta[d](5) = 0.147906,	Delta[d](6) = 0.157419,	
	Delta[d](7) = 0.147906,	Delta[d](8) = 0.251101,	Delta[d](9) = 0.157419,	Delta[d](10) = 0.119654,	Delta[d](11) = 0.157419,	
	Delta[d](12) = 0.250062,	Delta[d](13) = 0.147906,	Delta[d](14) = 0.157419,	Delta[d](15) = 0.147906;	Delta[s+](0) = 0.480036,	
	Delta[s+](1) = 0.333823,	Delta[s+](2) = 0.251101,	Delta[s+](3) = 0.333823,	Delta[s+](4) = 0.333823,	Delta[s+](5) = 0.157595,	
	Delta[s+](6) = 0.075171,	Delta[s+](7) = 0.157595,	Delta[s+](8) = 0.251101,	Delta[s+](9) = 0.075171,	Delta[s+](10) = 0.0215263,	
	Delta[s+](11) = 0.075171,	Delta[s+](12) = 0.333823,	Delta[s+](13) = 0.157595,	Delta[s+](14) = 0.075171,	Delta[s+](15) = 0.157595
	
The 0-th iteration is completed.	|| time cost : 0h 2m 2.08s
********************************************************************************************************************
Start the 1 rounds of NGS-ED iteration
	effective electronic model is modified as: kinetic energy t = 0.902634, t' = -0.260457
	                                           effective interaction Vq = [  -6.6125, -1.86846,-0.891045, -1.86846, -1.86846, -1.13257,-0.511137, -1.13257,-0.891045,-0.511137,-0.294835,-0.511137, -1.86846, -1.13257,-0.511137, -1.13257]
	PARPACK diagonalization completed after 60 matrix-vector product operations.
	iteration results: : total energy is -75.859751 | electron energy -76.677459 + phonon energy 0.817709 | electron momentum kIdx = 0
The 1-th iteration is completed.	|| time cost : 0h 1m 20.016s
********************************************************************************************************************
Start the 2 rounds of NGS-ED iteration
	effective electronic model is modified as: kinetic energy t = 0.864202, t' = -0.242219
	                                           effective interaction Vq = [  -6.6125, -3.01154,-0.890791, -3.01154, -3.01154, -1.55967,-0.510172, -1.55967,-0.890791,-0.510172,-0.279099,-0.510172, -3.01154, -1.55967,-0.510172, -1.55967]
	PARPACK diagonalization completed after 60 matrix-vector product operations.
	iteration results: : total energy is -76.112687 | electron energy -77.589122 + phonon energy 1.476435 | electron momentum kIdx = 0
The 2-th iteration is completed.	|| time cost : 0h 0m 13.447s
********************************************************************************************************************
Start the 3 rounds of NGS-ED iteration
	effective electronic model is modified as: kinetic energy t = 0.828445, t' = -0.22479
	                                           effective interaction Vq = [  -6.6125, -4.04773,-0.785946, -4.04773, -4.04773,  -1.8428,-0.488862,  -1.8428,-0.785946,-0.488862,-0.267424,-0.488862, -4.04773,  -1.8428,-0.488862,  -1.8428]
	PARPACK diagonalization completed after 60 matrix-vector product operations.
	iteration results: : total energy is -76.641229 | electron energy -78.729415 + phonon energy 2.088186 | electron momentum kIdx = 0
The 3-th iteration is completed.	|| time cost : 0h 0m 13.456s
********************************************************************************************************************
Start the 4 rounds of NGS-ED iteration
	effective electronic model is modified as: kinetic energy t = 0.775875, t' = -0.198713
	                                           effective interaction Vq = [  -6.6125, -5.13309,-0.771874, -5.13309, -5.13309, -2.00252,-0.469696, -2.00252,-0.771874,-0.469696,-0.261286,-0.469696, -5.13309, -2.00252,-0.469696, -2.00252]
	PARPACK diagonalization completed after 90 matrix-vector product operations.
	iteration results: : total energy is -81.603701 | electron energy -84.480515 + phonon energy 2.876815 | electron momentum kIdx = 0
The 4-th iteration is completed.	|| time cost : 0h 0m 17.181s
********************************************************************************************************************
Start the 5 rounds of NGS-ED iteration
	effective electronic model is modified as: kinetic energy (tx,ty)=(0.574686, 0.574684), t' = -0.122212
	                                           effective interaction Vq = [  -6.6125, -5.50453,-0.912458, -5.50453, -5.50453, -2.81388,-0.446765, -2.81388,-0.912528, -0.44678,-0.269942, -0.44678, -5.50453, -2.81388,-0.446765, -2.81388]
	PARPACK diagonalization completed after 90 matrix-vector product operations.
	iteration results: : total energy is -84.999940 | electron energy -87.171725 + phonon energy 2.171786 | electron momentum kIdx = 0
The 5-th iteration is completed.	|| time cost : 0h 0m 17.164s
********************************************************************************************************************
Start the 6 rounds of NGS-ED iteration
	effective electronic model is modified as: kinetic energy (tx,ty)=(0.373479, 0.383824), t' = -0.0687377
	                                           effective interaction Vq = [  -6.6125, -5.51103,-0.607709, -5.51103, -5.50129, -3.92709,-0.450294, -3.92709,-0.671617,  -0.4413, -0.28996,  -0.4413, -5.50129, -3.92709,-0.450294, -3.92709]
	PARPACK diagonalization completed after 75 matrix-vector product operations.
	iteration results: : total energy is -85.661483 | electron energy -87.305898 + phonon energy 1.644414 | electron momentum kIdx = 0
The 6-th iteration is completed.	|| time cost : 0h 0m 14.894s
********************************************************************************************************************
Start the 7 rounds of NGS-ED iteration
	effective electronic model is modified as: kinetic energy t = 1.33079e-09, t' = -4.20791e-11
	                                           effective interaction Vq = [-6.6125,-5.5125,-4.5125,-5.5125,-5.5125,-4.5125,-3.6125,-4.5125,-4.5125,-3.6125,-2.8125,-3.6125,-5.5125,-4.5125,-3.6125,-4.5125]
	PARPACK diagonalization completed after 45 matrix-vector product operations.
	iteration results: : total energy is -89.300000 | electron energy -89.300000 + phonon energy 0.000000 | electron momentum kIdx = 0
The 7-th iteration is completed.	|| time cost : 0h 0m 12.257s
********************************************************************************************************************
Start the 8 rounds of NGS-ED iteration
	effective electronic model is modified as: kinetic energy t = 7.71571e-09, t' = -4.2079e-11
	                                           effective interaction Vq = [   -6.6125,   -5.5125,   -4.5125,   -5.5125,   -5.5125,   -4.5125,   -3.6125,   -4.5125,   -4.5125,   -3.6125,-0.0753162,   -3.6125,   -5.5125,   -4.5125,   -3.6125,   -4.5125]
	PARPACK diagonalization completed after 30 matrix-vector product operations.
	iteration results: : total energy is -89.300000 | electron energy -89.300000 + phonon energy 0.000000 | electron momentum kIdx = 0
The 8-th iteration is completed.	|| time cost : 0h 0m 9.287s
********************************************************************************************************************
Start the 9 rounds of NGS-ED iteration
	effective electronic model is modified as: kinetic energy t = 7.67476e-09, t' = -4.2079e-11
	                                           effective interaction Vq = [  -6.6125,  -5.5125,  -4.5125,  -5.5125,  -5.5125,  -4.5125,  -3.6125,  -4.5125,  -4.5125,  -3.6125,-0.309634,  -3.6125,  -5.5125,  -4.5125,  -3.6125,  -4.5125]
	PARPACK diagonalization completed after 30 matrix-vector product operations.
	iteration results: : total energy is -89.300000 | electron energy -89.300000 + phonon energy 0.000000 | electron momentum kIdx = 0
The 9-th iteration is completed.	|| time cost : 0h 0m 9.334s
********************************************************************************************************************
Start the 10 rounds of NGS-ED iteration
	effective electronic model is modified as: kinetic energy t = 7.6735e-09, t' = -4.2079e-11
	                                           effective interaction Vq = [  -6.6125,  -5.5125,  -4.5125,  -5.5125,  -5.5125,  -4.5125,  -3.6125,  -4.5125,  -4.5125,  -3.6125,-0.313973,  -3.6125,  -5.5125,  -4.5125,  -3.6125,  -4.5125]
	PARPACK diagonalization completed after 30 matrix-vector product operations.
	iteration results: : total energy is -89.300000 | electron energy -89.300000 + phonon energy 0.000000 | electron momentum kIdx = 0
The 10-th iteration is completed.	|| time cost : 0h 0m 9.335s
********************************************************************************************************************
Start the 11 rounds of NGS-ED iteration
	effective electronic model is modified as: kinetic energy t = 7.67351e-09, t' = -4.2079e-11
	                                           effective interaction Vq = [  -6.6125,  -5.5125,  -4.5125,  -5.5125,  -5.5125,  -4.5125,  -3.6125,  -4.5125,  -4.5125,  -3.6125,-0.313946,  -3.6125,  -5.5125,  -4.5125,  -3.6125,  -4.5125]
	PARPACK diagonalization completed after 30 matrix-vector product operations.
	iteration results: : total energy is -89.300000 | electron energy -89.300000 + phonon energy 0.000000 | electron momentum kIdx = 0
The 11-th iteration is completed.	|| time cost : 0h 0m 9.324s
********************************************************************************************************************
Start the 12 rounds of NGS-ED iteration
	effective electronic model is modified as: kinetic energy t = 7.67339e-09, t' = -4.2079e-11
	                                           effective interaction Vq = [  -6.6125,  -5.5125,  -4.5125,  -5.5125,  -5.5125,  -4.5125,  -3.6125,  -4.5125,  -4.5125,  -3.6125,-0.314349,  -3.6125,  -5.5125,  -4.5125,  -3.6125,  -4.5125]
	PARPACK diagonalization completed after 30 matrix-vector product operations.
	iteration results: : total energy is -89.300000 | electron energy -89.300000 + phonon energy 0.000000 | electron momentum kIdx = 0
The 12-th iteration is completed.	|| time cost : 0h 0m 9.332s
********************************************************************************************************************
Start the 13 rounds of NGS-ED iteration
	effective electronic model is modified as: kinetic energy t = 7.67351e-09, t' = -4.2079e-11
	                                           effective interaction Vq = [ -6.6125, -5.5125, -4.5125, -5.5125, -5.5125, -4.5125, -3.6125, -4.5125, -4.5125, -3.6125,-0.31394, -3.6125, -5.5125, -4.5125, -3.6125, -4.5125]
	PARPACK diagonalization completed after 30 matrix-vector product operations.
	iteration results: : total energy is -89.300000 | electron energy -89.300000 + phonon energy 0.000000 | electron momentum kIdx = 0
The 13-th iteration is completed.	|| time cost : 0h 0m 9.33s
********************************************************************************************************************
Start the 14 rounds of NGS-ED iteration
	effective electronic model is modified as: kinetic energy t = 7.67343e-09, t' = -4.2079e-11
	                                           effective interaction Vq = [  -6.6125,  -5.5125,  -4.5125,  -5.5125,  -5.5125,  -4.5125,  -3.6125,  -4.5125,  -4.5125,  -3.6125,-0.314202,  -3.6125,  -5.5125,  -4.5125,  -3.6125,  -4.5125]
	PARPACK diagonalization completed after 30 matrix-vector product operations.
	iteration results: : total energy is -89.300000 | electron energy -89.300000 + phonon energy 0.000000 | electron momentum kIdx = 0
The 14-th iteration is completed.	|| time cost : 0h 0m 9.356s
********************************************************************************************************************
Start the 15 rounds of NGS-ED iteration
	effective electronic model is modified as: kinetic energy t = 7.67348e-09, t' = -4.2079e-11
	                                           effective interaction Vq = [  -6.6125,  -5.5125,  -4.5125,  -5.5125,  -5.5125,  -4.5125,  -3.6125,  -4.5125,  -4.5125,  -3.6125,-0.314034,  -3.6125,  -5.5125,  -4.5125,  -3.6125,  -4.5125]
	PARPACK diagonalization completed after 30 matrix-vector product operations.
	iteration results: : total energy is -89.300000 | electron energy -89.300000 + phonon energy 0.000000 | electron momentum kIdx = 0
The 15-th iteration is completed.	|| time cost : 0h 0m 9.357s
********************************************************************************************************************
Start the 16 rounds of NGS-ED iteration
	effective electronic model is modified as: kinetic energy t = 7.67347e-09, t' = -4.2079e-11
	                                           effective interaction Vq = [  -6.6125,  -5.5125,  -4.5125,  -5.5125,  -5.5125,  -4.5125,  -3.6125,  -4.5125,  -4.5125,  -3.6125,-0.314062,  -3.6125,  -5.5125,  -4.5125,  -3.6125,  -4.5125]
	PARPACK diagonalization completed after 30 matrix-vector product operations.
	iteration results: : total energy is -89.300000 | electron energy -89.300000 + phonon energy 0.000000 | electron momentum kIdx = 0
The 16-th iteration is completed.	|| time cost : 0h 0m 9.316s
********************************************************************************************************************
Start the 17 rounds of NGS-ED iteration
	effective electronic model is modified as: kinetic energy t = 7.67344e-09, t' = -4.2079e-11
	                                           effective interaction Vq = [  -6.6125,  -5.5125,  -4.5125,  -5.5125,  -5.5125,  -4.5125,  -3.6125,  -4.5125,  -4.5125,  -3.6125,-0.314196,  -3.6125,  -5.5125,  -4.5125,  -3.6125,  -4.5125]
	PARPACK diagonalization completed after 30 matrix-vector product operations.
	iteration results: : total energy is -89.300000 | electron energy -89.300000 + phonon energy 0.000000 | electron momentum kIdx = 0
The 17-th iteration is completed.	|| time cost : 0h 0m 9.33s
********************************************************************************************************************
Start the 18 rounds of NGS-ED iteration
	effective electronic model is modified as: kinetic energy t = 7.67345e-09, t' = -4.2079e-11
	                                           effective interaction Vq = [  -6.6125,  -5.5125,  -4.5125,  -5.5125,  -5.5125,  -4.5125,  -3.6125,  -4.5125,  -4.5125,  -3.6125,-0.314135,  -3.6125,  -5.5125,  -4.5125,  -3.6125,  -4.5125]
	PARPACK diagonalization completed after 30 matrix-vector product operations.
	iteration results: : total energy is -89.300000 | electron energy -89.300000 + phonon energy 0.000000 | electron momentum kIdx = 0
The 18-th iteration is completed.	|| time cost : 0h 0m 9.325s
********************************************************************************************************************
Start the 19 rounds of NGS-ED iteration
	effective electronic model is modified as: kinetic energy t = 7.67348e-09, t' = -4.2079e-11
	                                           effective interaction Vq = [  -6.6125,  -5.5125,  -4.5125,  -5.5125,  -5.5125,  -4.5125,  -3.6125,  -4.5125,  -4.5125,  -3.6125,-0.314055,  -3.6125,  -5.5125,  -4.5125,  -3.6125,  -4.5125]
	PARPACK diagonalization completed after 30 matrix-vector product operations.
	iteration results: : total energy is -89.300000 | electron energy -89.300000 + phonon energy 0.000000 | electron momentum kIdx = 0
The 19-th iteration is completed.	|| time cost : 0h 0m 9.34s
********************************************************************************************************************
Start the 20 rounds of NGS-ED iteration
	effective electronic model is modified as: kinetic energy t = 7.67341e-09, t' = -4.2079e-11
	                                           effective interaction Vq = [  -6.6125,  -5.5125,  -4.5125,  -5.5125,  -5.5125,  -4.5125,  -3.6125,  -4.5125,  -4.5125,  -3.6125,-0.314267,  -3.6125,  -5.5125,  -4.5125,  -3.6125,  -4.5125]
	PARPACK diagonalization completed after 30 matrix-vector product operations.
	iteration results: : total energy is -89.300000 | electron energy -89.300000 + phonon energy 0.000000 | electron momentum kIdx = 0
The 20-th iteration is completed.	|| time cost : 0h 0m 9.326s
********************************************************************************************************************
Start the 21 rounds of NGS-ED iteration
	effective electronic model is modified as: kinetic energy t = 7.67347e-09, t' = -4.2079e-11
	                                           effective interaction Vq = [  -6.6125,  -5.5125,  -4.5125,  -5.5125,  -5.5125,  -4.5125,  -3.6125,  -4.5125,  -4.5125,  -3.6125,-0.314066,  -3.6125,  -5.5125,  -4.5125,  -3.6125,  -4.5125]
	PARPACK diagonalization completed after 30 matrix-vector product operations.
	iteration results: : total energy is -89.300000 | electron energy -89.300000 + phonon energy 0.000000 | electron momentum kIdx = 0
The 21-th iteration is completed.	|| time cost : 0h 0m 9.443s
********************************************************************************************************************
Start the 22 rounds of NGS-ED iteration
	effective electronic model is modified as: kinetic energy t = 7.67351e-09, t' = -4.2079e-11
	                                           effective interaction Vq = [  -6.6125,  -5.5125,  -4.5125,  -5.5125,  -5.5125,  -4.5125,  -3.6125,  -4.5125,  -4.5125,  -3.6125,-0.313947,  -3.6125,  -5.5125,  -4.5125,  -3.6125,  -4.5125]
	PARPACK diagonalization completed after 30 matrix-vector product operations.
	iteration results: : total energy is -89.300000 | electron energy -89.300000 + phonon energy 0.000000 | electron momentum kIdx = 0
The 22-th iteration is completed.	|| time cost : 0h 0m 9.32s
********************************************************************************************************************
Start the 23 rounds of NGS-ED iteration
	effective electronic model is modified as: kinetic energy t = 7.67346e-09, t' = -4.2079e-11
	                                           effective interaction Vq = [  -6.6125,  -5.5125,  -4.5125,  -5.5125,  -5.5125,  -4.5125,  -3.6125,  -4.5125,  -4.5125,  -3.6125,-0.314111,  -3.6125,  -5.5125,  -4.5125,  -3.6125,  -4.5125]
	PARPACK diagonalization completed after 30 matrix-vector product operations.
	iteration results: : total energy is -89.300000 | electron energy -89.300000 + phonon energy 0.000000 | electron momentum kIdx = 0
The 23-th iteration is completed.	|| time cost : 0h 0m 9.321s
********************************************************************************************************************
Start the 24 rounds of NGS-ED iteration
	effective electronic model is modified as: kinetic energy t = 7.67345e-09, t' = -4.2079e-11
	                                           effective interaction Vq = [  -6.6125,  -5.5125,  -4.5125,  -5.5125,  -5.5125,  -4.5125,  -3.6125,  -4.5125,  -4.5125,  -3.6125,-0.314147,  -3.6125,  -5.5125,  -4.5125,  -3.6125,  -4.5125]
	PARPACK diagonalization completed after 30 matrix-vector product operations.
	iteration results: : total energy is -89.300000 | electron energy -89.300000 + phonon energy 0.000000 | electron momentum kIdx = 0
The 24-th iteration is completed.	|| time cost : 0h 0m 9.328s
********************************************************************************************************************
Start the 25 rounds of NGS-ED iteration
	effective electronic model is modified as: kinetic energy t = 7.67347e-09, t' = -4.2079e-11
	                                           effective interaction Vq = [  -6.6125,  -5.5125,  -4.5125,  -5.5125,  -5.5125,  -4.5125,  -3.6125,  -4.5125,  -4.5125,  -3.6125,-0.314067,  -3.6125,  -5.5125,  -4.5125,  -3.6125,  -4.5125]
	PARPACK diagonalization completed after 30 matrix-vector product operations.
	iteration results: : total energy is -89.300000 | electron energy -89.300000 + phonon energy 0.000000 | electron momentum kIdx = 0
The 25-th iteration is completed.	|| time cost : 0h 0m 9.329s
********************************************************************************************************************
Start the 26 rounds of NGS-ED iteration
	effective electronic model is modified as: kinetic energy t = 7.67344e-09, t' = -4.2079e-11
	                                           effective interaction Vq = [  -6.6125,  -5.5125,  -4.5125,  -5.5125,  -5.5125,  -4.5125,  -3.6125,  -4.5125,  -4.5125,  -3.6125,-0.314171,  -3.6125,  -5.5125,  -4.5125,  -3.6125,  -4.5125]
	PARPACK diagonalization completed after 30 matrix-vector product operations.
	iteration results: : total energy is -89.300000 | electron energy -89.300000 + phonon energy 0.000000 | electron momentum kIdx = 0
The 26-th iteration is completed.	|| time cost : 0h 0m 9.318s
********************************************************************************************************************
Start the 27 rounds of NGS-ED iteration
	effective electronic model is modified as: kinetic energy t = 7.67348e-09, t' = -4.2079e-11
	                                           effective interaction Vq = [  -6.6125,  -5.5125,  -4.5125,  -5.5125,  -5.5125,  -4.5125,  -3.6125,  -4.5125,  -4.5125,  -3.6125,-0.314033,  -3.6125,  -5.5125,  -4.5125,  -3.6125,  -4.5125]
	PARPACK diagonalization completed after 30 matrix-vector product operations.
	iteration results: : total energy is -89.300000 | electron energy -89.300000 + phonon energy 0.000000 | electron momentum kIdx = 0
The 27-th iteration is completed.	|| time cost : 0h 0m 9.522s
********************************************************************************************************************
Start the 28 rounds of NGS-ED iteration
	effective electronic model is modified as: kinetic energy t = 7.67354e-09, t' = -4.2079e-11
	                                           effective interaction Vq = [  -6.6125,  -5.5125,  -4.5125,  -5.5125,  -5.5125,  -4.5125,  -3.6125,  -4.5125,  -4.5125,  -3.6125,-0.313849,  -3.6125,  -5.5125,  -4.5125,  -3.6125,  -4.5125]
	PARPACK diagonalization completed after 30 matrix-vector product operations.
	iteration results: : total energy is -89.300000 | electron energy -89.300000 + phonon energy 0.000000 | electron momentum kIdx = 0
The 28-th iteration is completed.	|| time cost : 0h 0m 9.392s
********************************************************************************************************************
Start the 29 rounds of NGS-ED iteration
	effective electronic model is modified as: kinetic energy t = 7.67344e-09, t' = -4.2079e-11
	                                           effective interaction Vq = [  -6.6125,  -5.5125,  -4.5125,  -5.5125,  -5.5125,  -4.5125,  -3.6125,  -4.5125,  -4.5125,  -3.6125,-0.314163,  -3.6125,  -5.5125,  -4.5125,  -3.6125,  -4.5125]
	PARPACK diagonalization completed after 30 matrix-vector product operations.
	iteration results: : total energy is -89.300000 | electron energy -89.300000 + phonon energy 0.000000 | electron momentum kIdx = 0
The 29-th iteration is completed.	|| time cost : 0h 0m 9.322s
********************************************************************************************************************
Start the 30 rounds of NGS-ED iteration
	effective electronic model is modified as: kinetic energy t = 7.67352e-09, t' = -4.2079e-11
	                                           effective interaction Vq = [  -6.6125,  -5.5125,  -4.5125,  -5.5125,  -5.5125,  -4.5125,  -3.6125,  -4.5125,  -4.5125,  -3.6125,-0.313912,  -3.6125,  -5.5125,  -4.5125,  -3.6125,  -4.5125]
	PARPACK diagonalization completed after 30 matrix-vector product operations.
	iteration results: : total energy is -89.300000 | electron energy -89.300000 + phonon energy 0.000000 | electron momentum kIdx = 0
The 30-th iteration is completed.	|| time cost : 0h 0m 9.323s
********************************************************************************************************************
Start the 31 rounds of NGS-ED iteration
	effective electronic model is modified as: kinetic energy t = 7.67355e-09, t' = -4.2079e-11
	                                           effective interaction Vq = [  -6.6125,  -5.5125,  -4.5125,  -5.5125,  -5.5125,  -4.5125,  -3.6125,  -4.5125,  -4.5125,  -3.6125,-0.313808,  -3.6125,  -5.5125,  -4.5125,  -3.6125,  -4.5125]
	PARPACK diagonalization completed after 30 matrix-vector product operations.
	iteration results: : total energy is -89.300000 | electron energy -89.300000 + phonon energy 0.000000 | electron momentum kIdx = 0
The 31-th iteration is completed.	|| time cost : 0h 0m 9.345s
********************************************************************************************************************
Start the 32 rounds of NGS-ED iteration
	effective electronic model is modified as: kinetic energy t = 7.67348e-09, t' = -4.2079e-11
	                                           effective interaction Vq = [  -6.6125,  -5.5125,  -4.5125,  -5.5125,  -5.5125,  -4.5125,  -3.6125,  -4.5125,  -4.5125,  -3.6125,-0.314028,  -3.6125,  -5.5125,  -4.5125,  -3.6125,  -4.5125]
	PARPACK diagonalization completed after 30 matrix-vector product operations.
	iteration results: : total energy is -89.300000 | electron energy -89.300000 + phonon energy 0.000000 | electron momentum kIdx = 0
The 32-th iteration is completed.	|| time cost : 0h 0m 9.324s
********************************************************************************************************************
Start the 33 rounds of NGS-ED iteration
	effective electronic model is modified as: kinetic energy t = 7.67343e-09, t' = -4.2079e-11
	                                           effective interaction Vq = [  -6.6125,  -5.5125,  -4.5125,  -5.5125,  -5.5125,  -4.5125,  -3.6125,  -4.5125,  -4.5125,  -3.6125,-0.314223,  -3.6125,  -5.5125,  -4.5125,  -3.6125,  -4.5125]
	PARPACK diagonalization completed after 30 matrix-vector product operations.
	iteration results: : total energy is -89.300000 | electron energy -89.300000 + phonon energy 0.000000 | electron momentum kIdx = 0
The 33-th iteration is completed.	|| time cost : 0h 0m 9.318s
********************************************************************************************************************
Start the 34 rounds of NGS-ED iteration
	effective electronic model is modified as: kinetic energy t = 7.67343e-09, t' = -4.2079e-11
	                                           effective interaction Vq = [  -6.6125,  -5.5125,  -4.5125,  -5.5125,  -5.5125,  -4.5125,  -3.6125,  -4.5125,  -4.5125,  -3.6125,-0.314205,  -3.6125,  -5.5125,  -4.5125,  -3.6125,  -4.5125]
	PARPACK diagonalization completed after 30 matrix-vector product operations.
	iteration results: : total energy is -89.300000 | electron energy -89.300000 + phonon energy 0.000000 | electron momentum kIdx = 0
The 34-th iteration is completed.	|| time cost : 0h 0m 9.291s
********************************************************************************************************************
Start the 35 rounds of NGS-ED iteration
	effective electronic model is modified as: kinetic energy t = 7.6735e-09, t' = -4.2079e-11
	                                           effective interaction Vq = [  -6.6125,  -5.5125,  -4.5125,  -5.5125,  -5.5125,  -4.5125,  -3.6125,  -4.5125,  -4.5125,  -3.6125,-0.313974,  -3.6125,  -5.5125,  -4.5125,  -3.6125,  -4.5125]
	PARPACK diagonalization completed after 30 matrix-vector product operations.
	iteration results: : total energy is -89.300000 | electron energy -89.300000 + phonon energy 0.000000 | electron momentum kIdx = 0
The 35-th iteration is completed.	|| time cost : 0h 0m 9.326s
********************************************************************************************************************
Start the 36 rounds of NGS-ED iteration
	effective electronic model is modified as: kinetic energy t = 7.67346e-09, t' = -4.2079e-11
	                                           effective interaction Vq = [  -6.6125,  -5.5125,  -4.5125,  -5.5125,  -5.5125,  -4.5125,  -3.6125,  -4.5125,  -4.5125,  -3.6125,-0.314111,  -3.6125,  -5.5125,  -4.5125,  -3.6125,  -4.5125]
	PARPACK diagonalization completed after 30 matrix-vector product operations.
	iteration results: : total energy is -89.300000 | electron energy -89.300000 + phonon energy 0.000000 | electron momentum kIdx = 0
The 36-th iteration is completed.	|| time cost : 0h 0m 9.291s
********************************************************************************************************************
Start the 37 rounds of NGS-ED iteration
	effective electronic model is modified as: kinetic energy t = 7.67349e-09, t' = -4.2079e-11
	                                           effective interaction Vq = [  -6.6125,  -5.5125,  -4.5125,  -5.5125,  -5.5125,  -4.5125,  -3.6125,  -4.5125,  -4.5125,  -3.6125,-0.314012,  -3.6125,  -5.5125,  -4.5125,  -3.6125,  -4.5125]
	PARPACK diagonalization completed after 30 matrix-vector product operations.
	iteration results: : total energy is -89.300000 | electron energy -89.300000 + phonon energy 0.000000 | electron momentum kIdx = 0
The 37-th iteration is completed.	|| time cost : 0h 0m 9.334s
********************************************************************************************************************
Start the 38 rounds of NGS-ED iteration
	effective electronic model is modified as: kinetic energy t = 7.67348e-09, t' = -4.2079e-11
	                                           effective interaction Vq = [  -6.6125,  -5.5125,  -4.5125,  -5.5125,  -5.5125,  -4.5125,  -3.6125,  -4.5125,  -4.5125,  -3.6125,-0.314055,  -3.6125,  -5.5125,  -4.5125,  -3.6125,  -4.5125]
	PARPACK diagonalization completed after 30 matrix-vector product operations.
	iteration results: : total energy is -89.300000 | electron energy -89.300000 + phonon energy 0.000000 | electron momentum kIdx = 0
The 38-th iteration is completed.	|| time cost : 0h 0m 9.411s
********************************************************************************************************************
Start the 39 rounds of NGS-ED iteration
	effective electronic model is modified as: kinetic energy t = 7.67342e-09, t' = -4.2079e-11
	                                           effective interaction Vq = [  -6.6125,  -5.5125,  -4.5125,  -5.5125,  -5.5125,  -4.5125,  -3.6125,  -4.5125,  -4.5125,  -3.6125,-0.314258,  -3.6125,  -5.5125,  -4.5125,  -3.6125,  -4.5125]
	PARPACK diagonalization completed after 30 matrix-vector product operations.
	iteration results: : total energy is -89.300000 | electron energy -89.300000 + phonon energy 0.000000 | electron momentum kIdx = 0
The 39-th iteration is completed.	|| time cost : 0h 0m 9.337s
********************************************************************************************************************
Start the 40 rounds of NGS-ED iteration
	effective electronic model is modified as: kinetic energy t = 7.67354e-09, t' = -4.2079e-11
	                                           effective interaction Vq = [  -6.6125,  -5.5125,  -4.5125,  -5.5125,  -5.5125,  -4.5125,  -3.6125,  -4.5125,  -4.5125,  -3.6125,-0.313829,  -3.6125,  -5.5125,  -4.5125,  -3.6125,  -4.5125]
	PARPACK diagonalization completed after 30 matrix-vector product operations.
	iteration results: : total energy is -89.300000 | electron energy -89.300000 + phonon energy 0.000000 | electron momentum kIdx = 0
The 40-th iteration is completed.	|| time cost : 0h 0m 9.316s
********************************************************************************************************************
Start the 41 rounds of NGS-ED iteration
	effective electronic model is modified as: kinetic energy t = 7.67347e-09, t' = -4.2079e-11
	                                           effective interaction Vq = [  -6.6125,  -5.5125,  -4.5125,  -5.5125,  -5.5125,  -4.5125,  -3.6125,  -4.5125,  -4.5125,  -3.6125,-0.314092,  -3.6125,  -5.5125,  -4.5125,  -3.6125,  -4.5125]
	PARPACK diagonalization completed after 30 matrix-vector product operations.
	iteration results: : total energy is -89.300000 | electron energy -89.300000 + phonon energy 0.000000 | electron momentum kIdx = 0
The 41-th iteration is completed.	|| time cost : 0h 0m 9.349s
********************************************************************************************************************
Start the 42 rounds of NGS-ED iteration
	effective electronic model is modified as: kinetic energy t = 7.67344e-09, t' = -4.2079e-11
	                                           effective interaction Vq = [  -6.6125,  -5.5125,  -4.5125,  -5.5125,  -5.5125,  -4.5125,  -3.6125,  -4.5125,  -4.5125,  -3.6125,-0.314187,  -3.6125,  -5.5125,  -4.5125,  -3.6125,  -4.5125]
	PARPACK diagonalization completed after 30 matrix-vector product operations.
	iteration results: : total energy is -89.300000 | electron energy -89.300000 + phonon energy 0.000000 | electron momentum kIdx = 0
The 42-th iteration is completed.	|| time cost : 0h 0m 9.318s
********************************************************************************************************************
Start the 43 rounds of NGS-ED iteration
	effective electronic model is modified as: kinetic energy t = 7.67348e-09, t' = -4.2079e-11
	                                           effective interaction Vq = [  -6.6125,  -5.5125,  -4.5125,  -5.5125,  -5.5125,  -4.5125,  -3.6125,  -4.5125,  -4.5125,  -3.6125,-0.314037,  -3.6125,  -5.5125,  -4.5125,  -3.6125,  -4.5125]
	PARPACK diagonalization completed after 30 matrix-vector product operations.
	iteration results: : total energy is -89.300000 | electron energy -89.300000 + phonon energy 0.000000 | electron momentum kIdx = 0
The 43-th iteration is completed.	|| time cost : 0h 0m 9.317s
********************************************************************************************************************
Start the 44 rounds of NGS-ED iteration
	effective electronic model is modified as: kinetic energy t = 7.67343e-09, t' = -4.2079e-11
	                                           effective interaction Vq = [  -6.6125,  -5.5125,  -4.5125,  -5.5125,  -5.5125,  -4.5125,  -3.6125,  -4.5125,  -4.5125,  -3.6125,-0.314214,  -3.6125,  -5.5125,  -4.5125,  -3.6125,  -4.5125]
	PARPACK diagonalization completed after 30 matrix-vector product operations.
	iteration results: : total energy is -89.300000 | electron energy -89.300000 + phonon energy 0.000000 | electron momentum kIdx = 0
The 44-th iteration is completed.	|| time cost : 0h 0m 9.356s
********************************************************************************************************************
Start the 45 rounds of NGS-ED iteration
	effective electronic model is modified as: kinetic energy t = 7.67342e-09, t' = -4.2079e-11
	                                           effective interaction Vq = [  -6.6125,  -5.5125,  -4.5125,  -5.5125,  -5.5125,  -4.5125,  -3.6125,  -4.5125,  -4.5125,  -3.6125,-0.314248,  -3.6125,  -5.5125,  -4.5125,  -3.6125,  -4.5125]
	PARPACK diagonalization completed after 30 matrix-vector product operations.
	iteration results: : total energy is -89.300000 | electron energy -89.300000 + phonon energy 0.000000 | electron momentum kIdx = 0
