SNEDics v3.4 Non-Gaussian ED ground state program		Start at Tue Oct  1 12:54:29 2019

parallized on 16 MPI threads  * 8 OpenMP threads = 128 total threads.
********************************************************************************************************************
********************************************************************************************************************

********************************************************************************************************************
System parameters and configurations
********************************************************************************************************************
Special program options are enabled: splitted diagonal Hamiltonian
********************************************************************************************************************
Read input file "model_params.in"
	Hubbard-Holstein model parameters : 	t = 1    U = 4.9    g = 3.937    W = 5    
********************************************************************************************************************
Read input file "hilbertspace_params.in"
	Requested 16-site 2D lattice, with 16 electrons (8, 8)
	Boundary : Periodic		Hilbert space representation : momentum-space (restricted to kIdx = 0)
	Conservation: particle number[U(1)]      spin[U(1)]     momentum
********************************************************************************************************************

Cluster Positions:				Cluster symmetry group : D4
 x ... x ... x ... x .....                       x ... x ... x ... x .....
 |           |           :                       |           |           :
 |           |           :                       |           |           :
12    13    14    15     x                       1     5     6     5     x
 |           |           :                       |           |           :
 |           |           :                       |           |           :
 8 --- 9 ---10 ---11 --- x                       2 --- 6 ---10 --- 6 --- x
 |           |           :                       |           |           :
 |           |           :                       |           |           :
 4     5     6     7     x                       1     5     6     5     x
 |           |           :                       |           |           :
 |           |           :                       |           |           :
 0 --- 1 --- 2 --- 3 --- x                       0 --- 1 --- 2 --- 1 --- x
orbital number : 1
********************************************************************************************************************
Read input file "obs_params.in"
	Observable Type : Nq(All),   Sq(All),   N(All),   Delta[s](All),   Delta[d](All),   Delta[s+](All)
********************************************************************************************************************
** WARNING ** the input observables have non-local factors which have been reinterpreted. The total observable number is 96
********************************************************************************************************************


********************************************************************************************************************
Start calculating the non-Gaussian ED ground state
** WARNING ** Detected low phonon energy W < 10. The initial state will be prepared through a warm-up process.
********************************************************************************************************************
Start warm-up calculation for scaling factor 2
open output files: NGSEDWarmUpW10Obs.txt
********************************************************************************************************************
Start the 0 rounds of NGS-ED iteration
	effective electronic model is modified as: kinetic energy t = 1
	                                           effective interaction Vq = [-0,-0,-0,-0,-0,-0,-0,-0,-0,-0,-0,-0,-0,-0,-0,-0]
	first Hamiltonian is constructed, non-zero numbers = 2845383612
	PARPACK diagonalization completed after 90 matrix-vector product operations.
	iteration results: : total energy is -12.094753 | electron energy -12.094753 + phonon energy 0.000000 | electron momentum kIdx = 0
	Nq(0) = 16,	Nq(1) = 0.127598,	Nq(2) = 0.198901,	Nq(3) = 0.127598,	Nq(4) = 0.127598,	Nq(5) = 0.198901,	Nq(6) = 0.269657,	Nq(7) = 0.198901,	Nq(8) = 0.198901,	Nq(9) = 0.269657,	Nq(10) = 0.331553,	Nq(11) = 0.269657,	Nq(12) = 0.127598,	Nq(13) = 0.198901,	Nq(14) = 0.269657,	Nq(15) = 0.198901,	Sq(0) = 5.81457e-18,	Sq(1) = 0.427248,	Sq(2) = 0.629625,	Sq(3) = 0.427248,	Sq(4) = 0.427248,	Sq(5) = 0.629625,	Sq(6) = 0.837716,	Sq(7) = 0.629625,	Sq(8) = 0.629625,	Sq(9) = 0.837716,	Sq(10) = 4.04841,	Sq(11) = 0.837716,	Sq(12) = 0.427248,	Sq(13) = 0.629625,	Sq(14) = 0.837716,	Sq(15) = 0.629625,	N(0) = 1.89992,	N(1) = 1.78279,	N(2) = 1,	N(3) = 1.78279,	N(4) = 1.78279,	N(5) = 1,	N(6) = 0.21721,	N(7) = 1,	N(8) = 1,	N(9) = 0.21721,	N(10) = 0.100079,	N(11) = 0.21721,	N(12) = 1.78279,	N(13) = 1,	N(14) = 0.21721,	N(15) = 1,	Delta[s](0) = 0.147813,	Delta[s](1) = 0.124962,	Delta[s](2) = 0.0988799,	Delta[s](3) = 0.124962,	Delta[s](4) = 0.124962,	Delta[s](5) = 0.0988799,	Delta[s](6) = 0.0725725,	Delta[s](7) = 0.0988799,	Delta[s](8) = 0.0988799,	Delta[s](9) = 0.0725725,	Delta[s](10) = 0.0257629,	Delta[s](11) = 0.0725725,	Delta[s](12) = 0.124962,	Delta[s](13) = 0.0988799,	Delta[s](14) = 0.0725725,	Delta[s](15) = 0.0988799,	Delta[d](0) = 0.563371,	Delta[d](1) = 0.400998,	Delta[d](2) = 0.316536,	Delta[d](3) = 0.400998,	Delta[d](4) = 0.400998,	Delta[d](5) = 0.330351,	Delta[d](6) = 0.237243,	Delta[d](7) = 0.330351,	Delta[d](8) = 0.316536,	Delta[d](9) = 0.237243,	Delta[d](10) = 0.110341,	Delta[d](11) = 0.237243,	Delta[d](12) = 0.400998,	Delta[d](13) = 0.330351,	Delta[d](14) = 0.237243,	Delta[d](15) = 0.330351,	Delta[s+](0) = 0.598341,	Delta[s+](1) = 0.473822,	Delta[s+](2) = 0.316536,	Delta[s+](3) = 0.473822,	Delta[s+](4) = 0.473822,	Delta[s+](5) = 0.316536,	Delta[s+](6) = 0.165475,	Delta[s+](7) = 0.316536,	Delta[s+](8) = 0.316536,	Delta[s+](9) = 0.165475,	Delta[s+](10) = 0.0465177,	Delta[s+](11) = 0.165475,	Delta[s+](12) = 0.473822,	Delta[s+](13) = 0.316536,	Delta[s+](14) = 0.165475,	Delta[s+](15) = 0.316536
The 0-th iteration is completed.	|| time cost : 0h 8m 35.27s
********************************************************************************************************************
Start the 1 rounds of NGS-ED iteration
	effective electronic model is modified as: kinetic energy t = 0.926497
	                                           effective interaction Vq = [-2.68046,-2.40656,-2.33299,-2.40656,-2.40656,-2.33299,-2.29925,-2.33299,-2.33299,-2.29925,-2.27025,-2.29925,-2.40656,-2.33299,-2.29925,-2.33299]
	PARPACK diagonalization completed after 60 matrix-vector product operations.
	iteration results: : total energy is -64.315514 | electron energy -64.320290 + phonon energy 0.004775 | electron momentum kIdx = 0
The 1-th iteration is completed.	|| time cost : 0h 8m 6.601s
********************************************************************************************************************
Start the 2 rounds of NGS-ED iteration
	effective electronic model is modified as: kinetic energy t = 0.867595
	                                           effective interaction Vq = [-3.04322,-2.90727,-2.78342,-2.90727,-2.90727,-2.78342,-2.79777,-2.78342,-2.78342,-2.79777,-2.72775,-2.79777,-2.90727,-2.78342,-2.79777,-2.78342]
	PARPACK diagonalization completed after 75 matrix-vector product operations.
	iteration results: : total energy is -72.814173 | electron energy -72.856648 + phonon energy 0.042475 | electron momentum kIdx = 0
The 2-th iteration is completed.	|| time cost : 0h 0m 41.399s
********************************************************************************************************************
Start the 3 rounds of NGS-ED iteration
	effective electronic model is modified as: kinetic energy t = 0.832188
	                                           effective interaction Vq = [-3.09231, -3.0167,-2.98313, -3.0167, -3.0167,-2.98313,-2.92807,-2.98313,-2.98313,-2.92807,-2.92401,-2.92807, -3.0167,-2.98313,-2.92807,-2.98313]
	PARPACK diagonalization completed after 60 matrix-vector product operations.
	iteration results: : total energy is -74.364834 | electron energy -74.446713 + phonon energy 0.081878 | electron momentum kIdx = 0
The 3-th iteration is completed.	|| time cost : 0h 0m 36.811s
********************************************************************************************************************
Start the 4 rounds of NGS-ED iteration
	effective electronic model is modified as: kinetic energy t = 0.819029
	                                           effective interaction Vq = [-3.09895,-3.04351, -3.0306,-3.04351,-3.04351, -3.0306,-2.96463, -3.0306, -3.0306,-2.96463,-2.98552,-2.96463,-3.04351, -3.0306,-2.96463, -3.0306]
	PARPACK diagonalization completed after 45 matrix-vector product operations.
	iteration results: : total energy is -74.572958 | electron energy -74.677016 + phonon energy 0.104058 | electron momentum kIdx = 0
The 4-th iteration is completed.	|| time cost : 0h 0m 32.092s
********************************************************************************************************************
Start the 5 rounds of NGS-ED iteration
	effective electronic model is modified as: kinetic energy t = 0.814191
	                                           effective interaction Vq = [-3.09985,-3.05145,-3.04323,-3.05145,-3.05145,-3.04323,-2.97649,-3.04323,-3.04323,-2.97649,-3.01333,-2.97649,-3.05145,-3.04323,-2.97649,-3.04323]
	PARPACK diagonalization completed after 45 matrix-vector product operations.
	iteration results: : total energy is -74.602821 | electron energy -74.716417 + phonon energy 0.113596 | electron momentum kIdx = 0
The 5-th iteration is completed.	|| time cost : 0h 0m 32.033s
********************************************************************************************************************
Start the 6 rounds of NGS-ED iteration
	effective electronic model is modified as: kinetic energy t = 0.812341
	                                           effective interaction Vq = [-3.09997,-3.05388,-3.04492,-3.05388,-3.05388,-3.04492,-2.98038,-3.04492,-3.04492,-2.98038, -3.0352,-2.98038,-3.05388,-3.04492,-2.98038,-3.04492]
	PARPACK diagonalization completed after 45 matrix-vector product operations.
	iteration results: : total energy is -74.616313 | electron energy -74.734081 + phonon energy 0.117769 | electron momentum kIdx = 0
The 6-th iteration is completed.	|| time cost : 0h 0m 32.088s
********************************************************************************************************************
Start the 7 rounds of NGS-ED iteration
	effective electronic model is modified as: kinetic energy t = 0.812712
	                                           effective interaction Vq = [-3.09999,-3.05307,-3.03364,-3.05307,-3.05307,-3.03364,-2.97926,-3.03364,-3.03364,-2.97926,-3.06505,-2.97926,-3.05307,-3.03364,-2.97926,-3.03364]
	PARPACK diagonalization completed after 45 matrix-vector product operations.
	iteration results: : total energy is -74.683610 | electron energy -74.803436 + phonon energy 0.119827 | electron momentum kIdx = 0
The 7-th iteration is completed.	|| time cost : 0h 0m 32.1s
********************************************************************************************************************
Start the 8 rounds of NGS-ED iteration
	effective electronic model is modified as: kinetic energy t = 0.820507
	                                           effective interaction Vq = [-3.09999,-3.04461,-2.97757,-3.04461,-3.04461,-2.97757,-2.96655,-2.97757,-2.97757,-2.96655,-3.08538,-2.96655,-3.04461,-2.97757,-2.96655,-2.97757]
	PARPACK diagonalization completed after 45 matrix-vector product operations.
	iteration results: : total energy is -74.780672 | electron energy -74.897810 + phonon energy 0.117138 | electron momentum kIdx = 0
The 8-th iteration is completed.	|| time cost : 0h 0m 32.056s
********************************************************************************************************************
Start the 9 rounds of NGS-ED iteration
	effective electronic model is modified as: kinetic energy t = 0.825044
	                                           effective interaction Vq = [-3.09999,-3.03726, -2.9422,-3.03726,-3.03726, -2.9422,-2.95611, -2.9422, -2.9422,-2.95611,  -3.091,-2.95611,-3.03726, -2.9422,-2.95611, -2.9422]
	PARPACK diagonalization completed after 30 matrix-vector product operations.
	iteration results: : total energy is -74.800616 | electron energy -74.914505 + phonon energy 0.113889 | electron momentum kIdx = 0
The 9-th iteration is completed.	|| time cost : 0h 0m 27.428s
********************************************************************************************************************
Start the 10 rounds of NGS-ED iteration
	effective electronic model is modified as: kinetic energy t = 0.826856
	                                           effective interaction Vq = [-3.09999,-3.03335,-2.92826,-3.03335,-3.03335,-2.92826,-2.95076,-2.92826,-2.92826,-2.95076,-3.09268,-2.95076,-3.03335,-2.92826,-2.95076,-2.92826]
	PARPACK diagonalization completed after 30 matrix-vector product operations.
	iteration results: : total energy is -74.803438 | electron energy -74.915501 + phonon energy 0.112063 | electron momentum kIdx = 0
	Nq(0) = 16,	Nq(1) = 0.336101,	Nq(2) = 0.368228,	Nq(3) = 0.336101,	Nq(4) = 0.336101,	Nq(5) = 0.368228,	Nq(6) = 0.59855,	Nq(7) = 0.368228,	Nq(8) = 0.368228,	Nq(9) = 0.59855,	Nq(10) = 4.47553,	Nq(11) = 0.59855,	Nq(12) = 0.336101,	Nq(13) = 0.368228,	Nq(14) = 0.59855,	Nq(15) = 0.368228,	Sq(0) = -1.94505e-18,	Sq(1) = 0.272913,	Sq(2) = 0.329444,	Sq(3) = 0.272913,	Sq(4) = 0.272913,	Sq(5) = 0.329444,	Sq(6) = 0.489544,	Sq(7) = 0.329444,	Sq(8) = 0.329444,	Sq(9) = 0.489544,	Sq(10) = 0.550002,	Sq(11) = 0.489544,	Sq(12) = 0.272913,	Sq(13) = 0.329444,	Sq(14) = 0.489544,	Sq(15) = 0.329444,	N(0) = 1.9896,	N(1) = 1.97155,	N(2) = 1,	N(3) = 1.97155,	N(4) = 1.97155,	N(5) = 1,	N(6) = 0.028445,	N(7) = 1,	N(8) = 1,	N(9) = 0.028445,	N(10) = 0.0103965,	N(11) = 0.028445,	N(12) = 1.97155,	N(13) = 1,	N(14) = 0.028445,	N(15) = 1,	Delta[s](0) = 0.461495,	Delta[s](1) = 0.346,	Delta[s](2) = 0.33375,	Delta[s](3) = 0.346,	Delta[s](4) = 0.346,	Delta[s](5) = 0.33375,	Delta[s](6) = 0.277938,	Delta[s](7) = 0.33375,	Delta[s](8) = 0.33375,	Delta[s](9) = 0.277938,	Delta[s](10) = 0.252008,	Delta[s](11) = 0.277938,	Delta[s](12) = 0.346,	Delta[s](13) = 0.33375,	Delta[s](14) = 0.277938,	Delta[s](15) = 0.33375,	Delta[d](0) = 0.2287,	Delta[d](1) = 0.22577,	Delta[d](2) = 0.222773,	Delta[d](3) = 0.22577,	Delta[d](4) = 0.22577,	Delta[d](5) = 0.144563,	Delta[d](6) = 0.183491,	Delta[d](7) = 0.144563,	Delta[d](8) = 0.222773,	Delta[d](9) = 0.183491,	Delta[d](10) = 0.0603738,	Delta[d](11) = 0.183491,	Delta[d](12) = 0.22577,	Delta[d](13) = 0.144563,	Delta[d](14) = 0.183491,	Delta[d](15) = 0.144563,	Delta[s+](0) = 0.431005,	Delta[s+](1) = 0.343214,	Delta[s+](2) = 0.222773,	Delta[s+](3) = 0.343214,	Delta[s+](4) = 0.343214,	Delta[s+](5) = 0.222773,	Delta[s+](6) = 0.100642,	Delta[s+](7) = 0.222773,	Delta[s+](8) = 0.222773,	Delta[s+](9) = 0.100642,	Delta[s+](10) = 0.033219,	Delta[s+](11) = 0.100642,	Delta[s+](12) = 0.343214,	Delta[s+](13) = 0.222773,	Delta[s+](14) = 0.100642,	Delta[s+](15) = 0.222773
The 10-th iteration is completed.	|| time cost : 0h 4m 28.714s
********************************************************************************************************************
Start the 11 rounds of NGS-ED iteration
	effective electronic model is modified as: kinetic energy t = 0.827571
	                                           effective interaction Vq = [-3.09999,-3.03152,-2.92313,-3.03152,-3.03152,-2.92313,-2.94828,-2.92313,-2.92313,-2.94828,-3.09323,-2.94828,-3.03152,-2.92313,-2.94828,-2.92313]
	PARPACK diagonalization completed after 30 matrix-vector product operations.
	iteration results: : total energy is -74.803836 | electron energy -74.915071 + phonon energy 0.111235 | electron momentum kIdx = 0
The 11-th iteration is completed.	|| time cost : 0h 0m 27.351s
********************************************************************************************************************
Start the 12 rounds of NGS-ED iteration
	effective electronic model is modified as: kinetic energy t = 0.827854
	                                           effective interaction Vq = [-3.09999,-3.03072,-2.92126,-3.03072,-3.03072,-2.92126,-2.94719,-2.92126,-2.92126,-2.94719,-3.09343,-2.94719,-3.03072,-2.92126,-2.94719,-2.92126]
	PARPACK diagonalization completed after 30 matrix-vector product operations.
	iteration results: : total energy is -74.803894 | electron energy -74.914775 + phonon energy 0.110882 | electron momentum kIdx = 0
The 12-th iteration is completed.	|| time cost : 0h 0m 27.432s
********************************************************************************************************************
Start the 13 rounds of NGS-ED iteration
	effective electronic model is modified as: kinetic energy t = 0.827966
	                                           effective interaction Vq = [-3.09999,-3.03037,-2.92058,-3.03037,-3.03037,-2.92058,-2.94672,-2.92058,-2.92058,-2.94672, -3.0935,-2.94672,-3.03037,-2.92058,-2.94672,-2.92058]
	PARPACK diagonalization completed after 30 matrix-vector product operations.
	iteration results: : total energy is -74.803902 | electron energy -74.914637 + phonon energy 0.110734 | electron momentum kIdx = 0
	Nq(0) = 16,	Nq(1) = 0.334729,	Nq(2) = 0.367122,	Nq(3) = 0.334729,	Nq(4) = 0.334729,	Nq(5) = 0.367122,	Nq(6) = 0.596659,	Nq(7) = 0.367122,	Nq(8) = 0.367122,	Nq(9) = 0.596659,	Nq(10) = 4.49709,	Nq(11) = 0.596659,	Nq(12) = 0.334729,	Nq(13) = 0.367122,	Nq(14) = 0.596659,	Nq(15) = 0.367122,	Sq(0) = -4.63568e-18,	Sq(1) = 0.272625,	Sq(2) = 0.32934,	Sq(3) = 0.272625,	Sq(4) = 0.272625,	Sq(5) = 0.32934,	Sq(6) = 0.489466,	Sq(7) = 0.32934,	Sq(8) = 0.32934,	Sq(9) = 0.489466,	Sq(10) = 0.550227,	Sq(11) = 0.489466,	Sq(12) = 0.272625,	Sq(13) = 0.32934,	Sq(14) = 0.489466,	Sq(15) = 0.32934,	N(0) = 1.98954,	N(1) = 1.9713,	N(2) = 1,	N(3) = 1.9713,	N(4) = 1.9713,	N(5) = 1,	N(6) = 0.0286954,	N(7) = 1,	N(8) = 1,	N(9) = 0.0286954,	N(10) = 0.0104614,	N(11) = 0.0286954,	N(12) = 1.9713,	N(13) = 1,	N(14) = 0.0286954,	N(15) = 1,	Delta[s](0) = 0.460164,	Delta[s](1) = 0.346147,	Delta[s](2) = 0.333805,	Delta[s](3) = 0.346147,	Delta[s](4) = 0.346147,	Delta[s](5) = 0.333805,	Delta[s](6) = 0.278114,	Delta[s](7) = 0.333805,	Delta[s](8) = 0.333805,	Delta[s](9) = 0.278114,	Delta[s](10) = 0.252643,	Delta[s](11) = 0.278114,	Delta[s](12) = 0.346147,	Delta[s](13) = 0.333805,	Delta[s](14) = 0.278114,	Delta[s](15) = 0.333805,	Delta[d](0) = 0.228358,	Delta[d](1) = 0.225325,	Delta[d](2) = 0.222528,	Delta[d](3) = 0.225325,	Delta[d](4) = 0.225325,	Delta[d](5) = 0.14419,	Delta[d](6) = 0.183006,	Delta[d](7) = 0.14419,	Delta[d](8) = 0.222528,	Delta[d](9) = 0.183006,	Delta[d](10) = 0.0599691,	Delta[d](11) = 0.183006,	Delta[d](12) = 0.225325,	Delta[d](13) = 0.14419,	Delta[d](14) = 0.183006,	Delta[d](15) = 0.14419,	Delta[s+](0) = 0.431101,	Delta[s+](1) = 0.343063,	Delta[s+](2) = 0.222528,	Delta[s+](3) = 0.343063,	Delta[s+](4) = 0.343063,	Delta[s+](5) = 0.222528,	Delta[s+](6) = 0.100312,	Delta[s+](7) = 0.222528,	Delta[s+](8) = 0.222528,	Delta[s+](9) = 0.100312,	Delta[s+](10) = 0.0330068,	Delta[s+](11) = 0.100312,	Delta[s+](12) = 0.343063,	Delta[s+](13) = 0.222528,	Delta[s+](14) = 0.100312,	Delta[s+](15) = 0.222528
The 13-th iteration is completed.	|| time cost : 0h 4m 26.585s
********************************************************************************************************************
********************************************************************************************************************
Ground state is obtained after 14 iterations. The current ground-state energy is -74.8039, in which electron energy is -74.9146 and phonon energy is 0.110734
final variational state is: 
	Gamma_x = [      1,1.02683,1.04249,1.02683,1.02683,1.04249,1.06607,1.04249,1.04249,1.06607,1.12878,1.06607,1.02683,1.04249,1.06607,1.04249]
	lambda_q = [0.556775,0.473249,0.422737,0.473249,0.473249,0.422737,0.432892,0.422737,0.422737,0.432892, 0.53134,0.432892,0.473249,0.422737,0.432892,0.422737]
********************************************************************************************************************
o___o  ----------------------------------------
| L |	Time since last clock: 0h 0m 0s
A===A	Time since the beginning: 0h 30m 57.966s
***********************************************


********************************************************************************************************************
Warm up runs have been completed. Start calculating W = 5 phonon.
open output files: NGSEDIterationObs.txt
********************************************************************************************************************
Start the 0 rounds of NGS-ED iteration
	effective electronic model is modified as: kinetic energy t = 0.828011
	                                           effective interaction Vq = [-2.83406,-2.60654, -2.4351,-2.60654,-2.60654, -2.4351,-2.47161, -2.4351, -2.4351,-2.47161,-2.77216,-2.47161,-2.60654, -2.4351,-2.47161, -2.4351]
	PARPACK diagonalization completed after 45 matrix-vector product operations.
	iteration results: : total energy is -66.509775 | electron energy -66.565112 + phonon energy 0.055337 | electron momentum kIdx = 0
	Nq(0) = 16,	Nq(1) = 0.330327,	Nq(2) = 0.353379,	Nq(3) = 0.330327,	Nq(4) = 0.330327,	Nq(5) = 0.353379,	Nq(6) = 0.561031,	Nq(7) = 0.353379,	Nq(8) = 0.353379,	Nq(9) = 0.561031,	Nq(10) = 4.10628,	Nq(11) = 0.561031,	Nq(12) = 0.330327,	Nq(13) = 0.353379,	Nq(14) = 0.561031,	Nq(15) = 0.353379,	Sq(0) = -3.11265e-18,	Sq(1) = 0.312775,	Sq(2) = 0.354435,	Sq(3) = 0.312775,	Sq(4) = 0.312775,	Sq(5) = 0.354435,	Sq(6) = 0.556361,	Sq(7) = 0.354435,	Sq(8) = 0.354435,	Sq(9) = 0.556361,	Sq(10) = 0.604866,	Sq(11) = 0.556361,	Sq(12) = 0.312775,	Sq(13) = 0.354435,	Sq(14) = 0.556361,	Sq(15) = 0.354435,	N(0) = 1.99573,	N(1) = 1.98714,	N(2) = 1,	N(3) = 1.98714,	N(4) = 1.98714,	N(5) = 1,	N(6) = 0.0128579,	N(7) = 1,	N(8) = 1,	N(9) = 0.0128579,	N(10) = 0.00427334,	N(11) = 0.0128579,	N(12) = 1.98714,	N(13) = 1,	N(14) = 0.0128579,	N(15) = 1,	Delta[s](0) = 0.390803,	Delta[s](1) = 0.322338,	Delta[s](2) = 0.313263,	Delta[s](3) = 0.322338,	Delta[s](4) = 0.322338,	Delta[s](5) = 0.313263,	Delta[s](6) = 0.269353,	Delta[s](7) = 0.313263,	Delta[s](8) = 0.313263,	Delta[s](9) = 0.269353,	Delta[s](10) = 0.258848,	Delta[s](11) = 0.269353,	Delta[s](12) = 0.322338,	Delta[s](13) = 0.313263,	Delta[s](14) = 0.269353,	Delta[s](15) = 0.313263,	Delta[d](0) = 0.237826,	Delta[d](1) = 0.241129,	Delta[d](2) = 0.239527,	Delta[d](3) = 0.241129,	Delta[d](4) = 0.241129,	Delta[d](5) = 0.153572,	Delta[d](6) = 0.197347,	Delta[d](7) = 0.153572,	Delta[d](8) = 0.239527,	Delta[d](9) = 0.197347,	Delta[d](10) = 0.0693183,	Delta[d](11) = 0.197347,	Delta[d](12) = 0.241129,	Delta[d](13) = 0.153572,	Delta[d](14) = 0.197347,	Delta[d](15) = 0.153572,	Delta[s+](0) = 0.470005,	Delta[s+](1) = 0.369076,	Delta[s+](2) = 0.239527,	Delta[s+](3) = 0.369076,	Delta[s+](4) = 0.369076,	Delta[s+](5) = 0.239527,	Delta[s+](6) = 0.109903,	Delta[s+](7) = 0.239527,	Delta[s+](8) = 0.239527,	Delta[s+](9) = 0.109903,	Delta[s+](10) = 0.03814,	Delta[s+](11) = 0.109903,	Delta[s+](12) = 0.369076,	Delta[s+](13) = 0.239527,	Delta[s+](14) = 0.109903,	Delta[s+](15) = 0.239527
The 0-th iteration is completed.	|| time cost : 0h 4m 32.36s
********************************************************************************************************************
Start the 1 rounds of NGS-ED iteration
	effective electronic model is modified as: kinetic energy t = 0.80379
	                                           effective interaction Vq = [-3.00216,-2.76462,-2.54954,-2.76462,-2.76462,-2.54954,-2.59449,-2.54954,-2.54954,-2.59449,-2.96065,-2.59449,-2.76462,-2.54954,-2.59449,-2.54954]
	PARPACK diagonalization completed after 30 matrix-vector product operations.
	iteration results: : total energy is -70.068634 | electron energy -70.239345 + phonon energy 0.170710 | electron momentum kIdx = 0
The 1-th iteration is completed.	|| time cost : 0h 0m 27.647s
********************************************************************************************************************
Start the 2 rounds of NGS-ED iteration
	effective electronic model is modified as: kinetic energy t = 0.79129
	                                           effective interaction Vq = [  -3.064,-2.82592,-2.60168,-2.82592,-2.82592,-2.60168,-2.64717,-2.60168,-2.60168,-2.64717,-3.03878,-2.64717,-2.82592,-2.60168,-2.64717,-2.60168]
	PARPACK diagonalization completed after 30 matrix-vector product operations.
	iteration results: : total energy is -71.374816 | electron energy -71.626682 + phonon energy 0.251867 | electron momentum kIdx = 0
The 2-th iteration is completed.	|| time cost : 0h 0m 27.442s
********************************************************************************************************************
Start the 3 rounds of NGS-ED iteration
	effective electronic model is modified as: kinetic energy t = 0.78531
	                                           effective interaction Vq = [-3.08675,-2.84946,-2.62504,-2.84946,-2.84946,-2.62504,-2.66882,-2.62504,-2.62504,-2.66882,-3.06937,-2.66882,-2.84946,-2.62504,-2.66882,-2.62504]
	PARPACK diagonalization completed after 30 matrix-vector product operations.
	iteration results: : total energy is -71.838330 | electron energy -72.136116 + phonon energy 0.297786 | electron momentum kIdx = 0
The 3-th iteration is completed.	|| time cost : 0h 0m 27.436s
********************************************************************************************************************
Start the 4 rounds of NGS-ED iteration
	effective electronic model is modified as: kinetic energy t = 0.782491
	                                           effective interaction Vq = [-3.09512,-2.85869,-2.63577,-2.85869,-2.85869,-2.63577,-2.67784,-2.63577,-2.63577,-2.67784,-3.08158,-2.67784,-2.85869,-2.63577,-2.67784,-2.63577]
	PARPACK diagonalization completed after 30 matrix-vector product operations.
	iteration results: : total energy is -72.000653 | electron energy -72.322684 + phonon energy 0.322031 | electron momentum kIdx = 0
The 4-th iteration is completed.	|| time cost : 0h 0m 27.343s
********************************************************************************************************************
Start the 5 rounds of NGS-ED iteration
	effective electronic model is modified as: kinetic energy t = 0.781154
	                                           effective interaction Vq = [ -3.0982,-2.86238,-2.64087,-2.86238,-2.86238,-2.64087, -2.6817,-2.64087,-2.64087, -2.6817,-3.08674, -2.6817,-2.86238,-2.64087, -2.6817,-2.64087]
	PARPACK diagonalization completed after 30 matrix-vector product operations.
	iteration results: : total energy is -72.057595 | electron energy -72.392080 + phonon energy 0.334485 | electron momentum kIdx = 0
The 5-th iteration is completed.	|| time cost : 0h 0m 27.315s
********************************************************************************************************************
Start the 6 rounds of NGS-ED iteration
	effective electronic model is modified as: kinetic energy t = 0.780518
	                                           effective interaction Vq = [-3.09933,-2.86385,-2.64333,-2.86385,-2.86385,-2.64333,-2.68336,-2.64333,-2.64333,-2.68336,-3.08907,-2.68336,-2.86385,-2.64333,-2.68336,-2.64333]
	PARPACK diagonalization completed after 30 matrix-vector product operations.
	iteration results: : total energy is -72.077733 | electron energy -72.418512 + phonon energy 0.340779 | electron momentum kIdx = 0
The 6-th iteration is completed.	|| time cost : 0h 0m 27.358s
********************************************************************************************************************
Start the 7 rounds of NGS-ED iteration
	effective electronic model is modified as: kinetic energy t = 0.780218
	                                           effective interaction Vq = [-3.09975,-2.86439,-2.64453,-2.86439,-2.86439,-2.64453,-2.68406,-2.64453,-2.64453,-2.68406,-3.09017,-2.68406,-2.86439,-2.64453,-2.68406,-2.64453]
	PARPACK diagonalization completed after 30 matrix-vector product operations.
	iteration results: : total energy is -72.084920 | electron energy -72.428840 + phonon energy 0.343920 | electron momentum kIdx = 0
The 7-th iteration is completed.	|| time cost : 0h 0m 27.364s
********************************************************************************************************************
Start the 8 rounds of NGS-ED iteration
	effective electronic model is modified as: kinetic energy t = 0.780078
	                                           effective interaction Vq = [ -3.0999,-2.86456,-2.64511,-2.86456,-2.86456,-2.64511,-2.68432,-2.64511,-2.64511,-2.68432,-3.09071,-2.68432,-2.86456,-2.64511,-2.68432,-2.64511]
	PARPACK diagonalization completed after 30 matrix-vector product operations.
	iteration results: : total energy is -72.087506 | electron energy -72.432976 + phonon energy 0.345470 | electron momentum kIdx = 0
The 8-th iteration is completed.	|| time cost : 0h 0m 27.469s
********************************************************************************************************************
Start the 9 rounds of NGS-ED iteration
	effective electronic model is modified as: kinetic energy t = 0.780016
	                                           effective interaction Vq = [-3.09996,-2.86459,-2.64538,-2.86459,-2.86459,-2.64538, -2.6844,-2.64538,-2.64538, -2.6844,-3.09098, -2.6844,-2.86459,-2.64538, -2.6844,-2.64538]
	PARPACK diagonalization completed after 30 matrix-vector product operations.
	iteration results: : total energy is -72.088443 | electron energy -72.434669 + phonon energy 0.346226 | electron momentum kIdx = 0
The 9-th iteration is completed.	|| time cost : 0h 0m 27.391s
********************************************************************************************************************
Start the 10 rounds of NGS-ED iteration
	effective electronic model is modified as: kinetic energy t = 0.779989
	                                           effective interaction Vq = [-3.09998,-2.86456,-2.64551,-2.86456,-2.86456,-2.64551,-2.68441,-2.64551,-2.64551,-2.68441,-3.09111,-2.68441,-2.86456,-2.64551,-2.68441,-2.64551]
	PARPACK diagonalization completed after 30 matrix-vector product operations.
	iteration results: : total energy is -72.088784 | electron energy -72.435374 + phonon energy 0.346590 | electron momentum kIdx = 0
	Nq(0) = 16,	Nq(1) = 0.274753,	Nq(2) = 0.327768,	Nq(3) = 0.274753,	Nq(4) = 0.274753,	Nq(5) = 0.327768,	Nq(6) = 0.503036,	Nq(7) = 0.327768,	Nq(8) = 0.327768,	Nq(9) = 0.503036,	Nq(10) = 5.64683,	Nq(11) = 0.503036,	Nq(12) = 0.274753,	Nq(13) = 0.327768,	Nq(14) = 0.503036,	Nq(15) = 0.327768,	Sq(0) = 1.19404e-18,	Sq(1) = 0.245513,	Sq(2) = 0.315005,	Sq(3) = 0.245513,	Sq(4) = 0.245513,	Sq(5) = 0.315005,	Sq(6) = 0.465601,	Sq(7) = 0.315005,	Sq(8) = 0.315005,	Sq(9) = 0.465601,	Sq(10) = 0.540922,	Sq(11) = 0.465601,	Sq(12) = 0.245513,	Sq(13) = 0.315005,	Sq(14) = 0.465601,	Sq(15) = 0.315005,	N(0) = 1.98173,	N(1) = 1.94374,	N(2) = 1,	N(3) = 1.94374,	N(4) = 1.94374,	N(5) = 1,	N(6) = 0.0562552,	N(7) = 1,	N(8) = 1,	N(9) = 0.0562552,	N(10) = 0.0182715,	N(11) = 0.0562552,	N(12) = 1.94374,	N(13) = 1,	N(14) = 0.0562552,	N(15) = 1,	Delta[s](0) = 0.411266,	Delta[s](1) = 0.352893,	Delta[s](2) = 0.338888,	Delta[s](3) = 0.352893,	Delta[s](4) = 0.352893,	Delta[s](5) = 0.338888,	Delta[s](6) = 0.304574,	Delta[s](7) = 0.338888,	Delta[s](8) = 0.338888,	Delta[s](9) = 0.304574,	Delta[s](10) = 0.287837,	Delta[s](11) = 0.304574,	Delta[s](12) = 0.352893,	Delta[s](13) = 0.338888,	Delta[s](14) = 0.304574,	Delta[s](15) = 0.338888,	Delta[d](0) = 0.219429,	Delta[d](1) = 0.210392,	Delta[d](2) = 0.219981,	Delta[d](3) = 0.210392,	Delta[d](4) = 0.210392,	Delta[d](5) = 0.143598,	Delta[d](6) = 0.170054,	Delta[d](7) = 0.143598,	Delta[d](8) = 0.219981,	Delta[d](9) = 0.170054,	Delta[d](10) = 0.0677091,	Delta[d](11) = 0.170054,	Delta[d](12) = 0.210392,	Delta[d](13) = 0.143598,	Delta[d](14) = 0.170054,	Delta[d](15) = 0.143598,	Delta[s+](0) = 0.44021,	Delta[s+](1) = 0.340558,	Delta[s+](2) = 0.219981,	Delta[s+](3) = 0.340558,	Delta[s+](4) = 0.340558,	Delta[s+](5) = 0.219981,	Delta[s+](6) = 0.0991935,	Delta[s+](7) = 0.219981,	Delta[s+](8) = 0.219981,	Delta[s+](9) = 0.0991935,	Delta[s+](10) = 0.0380297,	Delta[s+](11) = 0.0991935,	Delta[s+](12) = 0.340558,	Delta[s+](13) = 0.219981,	Delta[s+](14) = 0.0991935,	Delta[s+](15) = 0.219981
The 10-th iteration is completed.	|| time cost : 0h 4m 23.149s
********************************************************************************************************************
Start the 11 rounds of NGS-ED iteration
	effective electronic model is modified as: kinetic energy t = 0.779979
	                                           effective interaction Vq = [-3.09999,-2.86453,-2.64556,-2.86453,-2.86453,-2.64556,-2.68439,-2.64556,-2.64556,-2.68439,-3.09118,-2.68439,-2.86453,-2.64556,-2.68439,-2.64556]
	PARPACK diagonalization completed after 30 matrix-vector product operations.
	iteration results: : total energy is -72.088908 | electron energy -72.435671 + phonon energy 0.346763 | electron momentum kIdx = 0
The 11-th iteration is completed.	|| time cost : 0h 0m 27.389s
********************************************************************************************************************
Start the 12 rounds of NGS-ED iteration
	effective electronic model is modified as: kinetic energy t = 0.779976
	                                           effective interaction Vq = [-3.09999,-2.86449,-2.64558,-2.86449,-2.86449,-2.64558,-2.68437,-2.64558,-2.64558,-2.68437,-3.09121,-2.68437,-2.86449,-2.64558,-2.68437,-2.64558]
	PARPACK diagonalization completed after 30 matrix-vector product operations.
	iteration results: : total energy is -72.088954 | electron energy -72.435795 + phonon energy 0.346842 | electron momentum kIdx = 0
The 12-th iteration is completed.	|| time cost : 0h 0m 27.268s
********************************************************************************************************************
Start the 13 rounds of NGS-ED iteration
	effective electronic model is modified as: kinetic energy t = 0.779976
	                                           effective interaction Vq = [-3.09999,-2.86447,-2.64559,-2.86447,-2.86447,-2.64559,-2.68434,-2.64559,-2.64559,-2.68434,-3.09123,-2.68434,-2.86447,-2.64559,-2.68434,-2.64559]
	PARPACK diagonalization completed after 30 matrix-vector product operations.
	iteration results: : total energy is -72.088970 | electron energy -72.435847 + phonon energy 0.346877 | electron momentum kIdx = 0
The 13-th iteration is completed.	|| time cost : 0h 0m 27.334s
********************************************************************************************************************
Start the 14 rounds of NGS-ED iteration
	effective electronic model is modified as: kinetic energy t = 0.779976
	                                           effective interaction Vq = [-3.09999,-2.86445,-2.64559,-2.86445,-2.86445,-2.64559,-2.68433,-2.64559,-2.64559,-2.68433,-3.09124,-2.68433,-2.86445,-2.64559,-2.68433,-2.64559]
	PARPACK diagonalization completed after 30 matrix-vector product operations.
	iteration results: : total energy is -72.088976 | electron energy -72.435868 + phonon energy 0.346891 | electron momentum kIdx = 0
The 14-th iteration is completed.	|| time cost : 0h 0m 27.273s
********************************************************************************************************************
Start the 15 rounds of NGS-ED iteration
	effective electronic model is modified as: kinetic energy t = 0.779978
	                                           effective interaction Vq = [-3.09999,-2.86443,-2.64559,-2.86443,-2.86443,-2.64559,-2.68431,-2.64559,-2.64559,-2.68431,-3.09124,-2.68431,-2.86443,-2.64559,-2.68431,-2.64559]
	PARPACK diagonalization completed after 30 matrix-vector product operations.
	iteration results: : total energy is -72.088979 | electron energy -72.435875 + phonon energy 0.346896 | electron momentum kIdx = 0
The 15-th iteration is completed.	|| time cost : 0h 0m 27.335s
********************************************************************************************************************
Start the 16 rounds of NGS-ED iteration
	effective electronic model is modified as: kinetic energy t = 0.779978
	                                           effective interaction Vq = [-3.09999,-2.86442,-2.64559,-2.86442,-2.86442,-2.64559, -2.6843,-2.64559,-2.64559, -2.6843,-3.09124, -2.6843,-2.86442,-2.64559, -2.6843,-2.64559]
	PARPACK diagonalization completed after 30 matrix-vector product operations.
	iteration results: : total energy is -72.088979 | electron energy -72.435877 + phonon energy 0.346898 | electron momentum kIdx = 0
The 16-th iteration is completed.	|| time cost : 0h 0m 27.346s
********************************************************************************************************************
Start the 17 rounds of NGS-ED iteration
	effective electronic model is modified as: kinetic energy t = 0.779979
	                                           effective interaction Vq = [-3.09999,-2.86442,-2.64558,-2.86442,-2.86442,-2.64558, -2.6843,-2.64558,-2.64558, -2.6843,-3.09125, -2.6843,-2.86442,-2.64558, -2.6843,-2.64558]
	PARPACK diagonalization completed after 30 matrix-vector product operations.
	iteration results: : total energy is -72.088980 | electron energy -72.435877 + phonon energy 0.346897 | electron momentum kIdx = 0
The 17-th iteration is completed.	|| time cost : 0h 0m 27.351s
********************************************************************************************************************
Start the 18 rounds of NGS-ED iteration
	effective electronic model is modified as: kinetic energy t = 0.77998
	                                           effective interaction Vq = [-3.09999,-2.86441,-2.64558,-2.86441,-2.86441,-2.64558,-2.68429,-2.64558,-2.64558,-2.68429,-3.09125,-2.68429,-2.86441,-2.64558,-2.68429,-2.64558]
	PARPACK diagonalization completed after 30 matrix-vector product operations.
	iteration results: : total energy is -72.088980 | electron energy -72.435876 + phonon energy 0.346897 | electron momentum kIdx = 0
The 18-th iteration is completed.	|| time cost : 0h 0m 27.328s
********************************************************************************************************************
Start the 19 rounds of NGS-ED iteration
	effective electronic model is modified as: kinetic energy t = 0.77998
	                                           effective interaction Vq = [-3.09999,-2.86441,-2.64558,-2.86441,-2.86441,-2.64558,-2.68429,-2.64558,-2.64558,-2.68429,-3.09125,-2.68429,-2.86441,-2.64558,-2.68429,-2.64558]
	PARPACK diagonalization completed after 30 matrix-vector product operations.
	iteration results: : total energy is -72.088980 | electron energy -72.435876 + phonon energy 0.346896 | electron momentum kIdx = 0
The 19-th iteration is completed.	|| time cost : 0h 0m 27.347s
********************************************************************************************************************
Start the 20 rounds of NGS-ED iteration
	effective electronic model is modified as: kinetic energy t = 0.77998
	                                           effective interaction Vq = [-3.09999,-2.86441,-2.64558,-2.86441,-2.86441,-2.64558,-2.68429,-2.64558,-2.64558,-2.68429,-3.09125,-2.68429,-2.86441,-2.64558,-2.68429,-2.64558]
	PARPACK diagonalization completed after 30 matrix-vector product operations.
	iteration results: : total energy is -72.088980 | electron energy -72.435875 + phonon energy 0.346895 | electron momentum kIdx = 0
