SNEDics v3.22.2 Non-Gaussian ED ground state program		Start at Wed Apr 13 04:12:49 2022

Parallelization: 32 MPI threads  * 8 OpenMP threads = 256 total threads.
********************************************************************************************************************
********************************************************************************************************************

********************************************************************************************************************
System parameters and configurations
	special program options are enabled: splitted diagonal Hamiltonian | splitted Hamiltonian terms
********************************************************************************************************************
Read input file "model_params.in"
	Hubbard-Holstein model parameters : 	t = 1    U = 8    g = 0.1    W = 0.2    g' = 0.15    
********************************************************************************************************************
Read input file "hilbertspace_params.in"
	Requested 16-site 2D lattice, with 12 electrons (6, 6)
	Boundary : Periodic		Hilbert space representation : momentum-space (restricted to kIdx = 0)
	Conservation: particle number[U(1)]      spin[U(1)]     momentum
********************************************************************************************************************

Cluster Positions:				Cluster symmetry group : D4
 x ... x ... x ... x .....                       x ... x ... x ... x .....
 |           |           :                       |           |           :
 |           |           :                       |           |           :
12    13    14    15     x                       1     5     6     5     x
 |           |           :                       |           |           :
 |           |           :                       |           |           :
 8 --- 9 ---10 ---11 --- x                       2 --- 6 ---10 --- 6 --- x
 |           |           :                       |           |           :
 |           |           :                       |           |           :
 4     5     6     7     x                       1     5     6     5     x
 |           |           :                       |           |           :
 |           |           :                       |           |           :
 0 --- 1 --- 2 --- 3 --- x                       0 --- 1 --- 2 --- 1 --- x
orbital number : 1
********************************************************************************************************************
Read input file "obs_params.in"
	Observable Type : Nq(All),   Sq(All),   N(All-Orbital),   Delta[s](All),   Delta[d](All),   Delta[s+](All)
** WARNING ** the input observables have non-local factors which have been reinterpreted. The total observable number is 96
********************************************************************************************************************


********************************************************************************************************************
Start calculating the non-Gaussian ED ground state
Maximal iteration number is 1000; energy resolution is 1e-06. Phonon state relaxation time is 2000
W = 0.2 is relatively large. The non-Gaussian ED calculation starts directly.
open output files: NGSED_iteration_observables.txt
********************************************************************************************************************
Start the 0 rounds of NGS-ED iteration
	effective electronic model is modified as: kinetic energy t = 1
	                                           effective interaction Vq = [0,0,0,0,0,0,0,0,0,0,0,0,0,0,0,0]
	first Hamiltonian is constructed, size = 4008592 and non-zero numbers = 969134044
	PARPACK diagonalization completed after 150 matrix-vector product operations.
	iteration results: : total energy is -14.925310 | electron energy -14.925310 + phonon energy 0.000000 | electron momentum kIdx = 0
	Nq(0) = 9,	Nq(1) = 0.191675,	Nq(2) = 0.266183,	Nq(3) = 0.191675,	Nq(4) = 0.191675,	Nq(5) = 0.245517,	
	Nq(6) = 0.314107,	Nq(7) = 0.245517,	Nq(8) = 0.266183,	Nq(9) = 0.314107,	Nq(10) = 0.369338,	
	Nq(11) = 0.314107,	Nq(12) = 0.191675,	Nq(13) = 0.245517,	Nq(14) = 0.314107,	Nq(15) = 0.245517;	
	Sq(0) = 3.02743e-18,	Sq(1) = 0.554662,	Sq(2) = 0.424361,	Sq(3) = 0.554662,	Sq(4) = 0.554662,	
	Sq(5) = 0.79749,	Sq(6) = 1.01287,	Sq(7) = 0.79749,	Sq(8) = 0.424361,	Sq(9) = 1.01287,	
	Sq(10) = 0.784303,	Sq(11) = 1.01287,	Sq(12) = 0.554662,	Sq(13) = 0.79749,	Sq(14) = 1.01287,	
	Sq(15) = 0.79749;	N(0) = 1.76735,	N(1) = 1.6264,	N(2) = 0.74365,	N(3) = 1.6264,	
	N(4) = 1.6264,	N(5) = 0.392302,	N(6) = 0.144321,	N(7) = 0.392302,	N(8) = 0.74365,	
	N(9) = 0.144321,	N(10) = 0.0932732,	N(11) = 0.144321,	N(12) = 1.6264,	N(13) = 0.392302,	
	N(14) = 0.144321,	N(15) = 0.392302;	Delta[s](0) = 0.0652986,	Delta[s](1) = 0.0452027,	Delta[s](2) = 0.0303544,	
	Delta[s](3) = 0.0452027,	Delta[s](4) = 0.0452027,	Delta[s](5) = 0.0270979,	Delta[s](6) = 0.00947431,	Delta[s](7) = 0.0270979,	
	Delta[s](8) = 0.0303544,	Delta[s](9) = 0.00947431,	Delta[s](10) = 0.000343046,	Delta[s](11) = 0.00947431,	Delta[s](12) = 0.0452027,	
	Delta[s](13) = 0.0270979,	Delta[s](14) = 0.00947431,	Delta[s](15) = 0.0270979;	Delta[d](0) = 0.229064,	Delta[d](1) = 0.179988,	
	Delta[d](2) = 0.222026,	Delta[d](3) = 0.179988,	Delta[d](4) = 0.179988,	Delta[d](5) = 0.123139,	Delta[d](6) = 0.150379,	
	Delta[d](7) = 0.123139,	Delta[d](8) = 0.222026,	Delta[d](9) = 0.150379,	Delta[d](10) = 0.0774734,	Delta[d](11) = 0.150379,	
	Delta[d](12) = 0.179988,	Delta[d](13) = 0.123139,	Delta[d](14) = 0.150379,	Delta[d](15) = 0.123139;	Delta[s+](0) = 0.528658,	
	Delta[s+](1) = 0.360623,	Delta[s+](2) = 0.222026,	Delta[s+](3) = 0.360623,	Delta[s+](4) = 0.360623,	Delta[s+](5) = 0.177059,	
	Delta[s+](6) = 0.0628757,	Delta[s+](7) = 0.177059,	Delta[s+](8) = 0.222026,	Delta[s+](9) = 0.0628757,	Delta[s+](10) = 0.015883,	
	Delta[s+](11) = 0.0628757,	Delta[s+](12) = 0.360623,	Delta[s+](13) = 0.177059,	Delta[s+](14) = 0.0628757,	Delta[s+](15) = 0.177059
	
The 0-th iteration is completed.	|| time cost : 0h 2m 2.388s
********************************************************************************************************************
Start the 1 rounds of NGS-ED iteration
	effective electronic model is modified as: kinetic energy t = 0.996395
	                                           effective interaction Vq = [      -2.45,  -0.105326,-0.00433049,  -0.105326,  -0.105326,-0.00401176, -0.0140322,-0.00401176,-0.00433049, -0.0140322, -0.0887789, -0.0140322,  -0.105326,-0.00401176, -0.0140322,-0.00401176]
	PARPACK diagonalization completed after 45 matrix-vector product operations.
	iteration results: : total energy is -37.043158 | electron energy -37.046439 + phonon energy 0.003280 | electron momentum kIdx = 0
The 1-th iteration is completed.	|| time cost : 0h 1m 17.928s
********************************************************************************************************************
Start the 2 rounds of NGS-ED iteration
	effective electronic model is modified as: kinetic energy t = 0.996336
	                                           effective interaction Vq = [      -2.45,  -0.106534,-0.00430925,  -0.106534,  -0.106534,-0.00399706, -0.0140009,-0.00399706,-0.00430925, -0.0140009, -0.0897795, -0.0140009,  -0.106534,-0.00399706, -0.0140009,-0.00399706]
	PARPACK diagonalization completed after 30 matrix-vector product operations.
	iteration results: : total energy is -37.043165 | electron energy -37.046589 + phonon energy 0.003424 | electron momentum kIdx = 0
The 2-th iteration is completed.	|| time cost : 0h 0m 9.318s
********************************************************************************************************************
Start the 3 rounds of NGS-ED iteration
	effective electronic model is modified as: kinetic energy t = 0.996336
	                                           effective interaction Vq = [      -2.45,  -0.106549,-0.00430901,  -0.106549,  -0.106549, -0.0039969, -0.0140003, -0.0039969,-0.00430901, -0.0140003, -0.0897913, -0.0140003,  -0.106549, -0.0039969, -0.0140003, -0.0039969]
	PARPACK diagonalization completed after 30 matrix-vector product operations.
	iteration results: : total energy is -37.043165 | electron energy -37.046591 + phonon energy 0.003426 | electron momentum kIdx = 0
The 3-th iteration is completed.	|| time cost : 0h 0m 9.307s
********************************************************************************************************************
Start the 4 rounds of NGS-ED iteration
	effective electronic model is modified as: kinetic energy t = 0.996336
	                                           effective interaction Vq = [      -2.45,  -0.106549,-0.00430901,  -0.106549,  -0.106549, -0.0039969, -0.0140003, -0.0039969,-0.00430901, -0.0140003, -0.0897915, -0.0140003,  -0.106549, -0.0039969, -0.0140003, -0.0039969]
	PARPACK diagonalization completed after 30 matrix-vector product operations.
	iteration results: : total energy is -37.043165 | electron energy -37.046591 + phonon energy 0.003426 | electron momentum kIdx = 0
The 4-th iteration is completed.	|| time cost : 0h 0m 9.306s
********************************************************************************************************************
Start the 5 rounds of NGS-ED iteration
	effective electronic model is modified as: kinetic energy t = 0.996336
	                                           effective interaction Vq = [      -2.45,  -0.106549,-0.00430901,  -0.106549,  -0.106549, -0.0039969, -0.0140003, -0.0039969,-0.00430901, -0.0140003, -0.0897915, -0.0140003,  -0.106549, -0.0039969, -0.0140003, -0.0039969]
	PARPACK diagonalization completed after 30 matrix-vector product operations.
	iteration results: : total energy is -37.043165 | electron energy -37.046591 + phonon energy 0.003426 | electron momentum kIdx = 0
	Nq(0) = 9,	Nq(1) = 0.194052,	Nq(2) = 0.265251,	Nq(3) = 0.194052,	Nq(4) = 0.194052,	Nq(5) = 0.244988,	
	Nq(6) = 0.313925,	Nq(7) = 0.244988,	Nq(8) = 0.265251,	Nq(9) = 0.313925,	Nq(10) = 0.373168,	
	Nq(11) = 0.313925,	Nq(12) = 0.194052,	Nq(13) = 0.244988,	Nq(14) = 0.313925,	Nq(15) = 0.244988;	
	Sq(0) = 1.59066e-18,	Sq(1) = 0.553212,	Sq(2) = 0.42437,	Sq(3) = 0.553212,	Sq(4) = 0.553212,	
	Sq(5) = 0.79662,	Sq(6) = 1.01223,	Sq(7) = 0.79662,	Sq(8) = 0.42437,	Sq(9) = 1.01223,	
	Sq(10) = 0.787481,	Sq(11) = 1.01223,	Sq(12) = 0.553212,	Sq(13) = 0.79662,	Sq(14) = 1.01223,	
	Sq(15) = 0.79662;	N(0) = 1.76829,	N(1) = 1.6298,	N(2) = 0.741835,	N(3) = 1.6298,	
	N(4) = 1.6298,	N(5) = 0.39001,	N(6) = 0.143809,	N(7) = 0.39001,	N(8) = 0.741835,	
	N(9) = 0.143809,	N(10) = 0.0935664,	N(11) = 0.143809,	N(12) = 1.6298,	N(13) = 0.39001,	
	N(14) = 0.143809,	N(15) = 0.39001;	Delta[s](0) = 0.0658434,	Delta[s](1) = 0.0455894,	Delta[s](2) = 0.0306867,	
	Delta[s](3) = 0.0455894,	Delta[s](4) = 0.0455894,	Delta[s](5) = 0.027396,	Delta[s](6) = 0.00956315,	Delta[s](7) = 0.027396,	
	Delta[s](8) = 0.0306867,	Delta[s](9) = 0.00956315,	Delta[s](10) = 0.000352478,	Delta[s](11) = 0.00956315,	Delta[s](12) = 0.0455894,	
	Delta[s](13) = 0.027396,	Delta[s](14) = 0.00956315,	Delta[s](15) = 0.027396;	Delta[d](0) = 0.229371,	Delta[d](1) = 0.180232,	
	Delta[d](2) = 0.222266,	Delta[d](3) = 0.180232,	Delta[d](4) = 0.180232,	Delta[d](5) = 0.123115,	Delta[d](6) = 0.150385,	
	Delta[d](7) = 0.123115,	Delta[d](8) = 0.222266,	Delta[d](9) = 0.150385,	Delta[d](10) = 0.0765905,	Delta[d](11) = 0.150385,	
	Delta[d](12) = 0.180232,	Delta[d](13) = 0.123115,	Delta[d](14) = 0.150385,	Delta[d](15) = 0.123115;	Delta[s+](0) = 0.529686,	
	Delta[s+](1) = 0.361222,	Delta[s+](2) = 0.222266,	Delta[s+](3) = 0.361222,	Delta[s+](4) = 0.361222,	Delta[s+](5) = 0.177261,	
	Delta[s+](6) = 0.0628556,	Delta[s+](7) = 0.177261,	Delta[s+](8) = 0.222266,	Delta[s+](9) = 0.0628556,	Delta[s+](10) = 0.0159451,	
	Delta[s+](11) = 0.0628556,	Delta[s+](12) = 0.361222,	Delta[s+](13) = 0.177261,	Delta[s+](14) = 0.0628556,	Delta[s+](15) = 0.177261
	
The 5-th iteration is completed.	|| time cost : 0h 1m 19.729s
********************************************************************************************************************
********************************************************************************************************************
Ground state is obtained after 6 iterations. The current ground-state energy is -37.0432, in which electron energy is -37.0466 and phonon energy is 0.00342603
Final variational state is: 
	Gamma_x = [      1,1.10464, 1.0056,1.10464,1.10464,1.00481,1.02181,1.00481, 1.0056,1.02181,1.17784,1.02181,1.10464,1.00481,1.02181,1.00481]
	lambda_q = [       3.5,  0.137944, 0.0220304,  0.137944,  0.137944, 0.0204007,-0.0356357, 0.0204007, 0.0220304,-0.0356357,-0.0914646,-0.0356357,  0.137944, 0.0204007,-0.0356357, 0.0204007]
Effective e-e interactions mediated by phonons are:
	momentum-space Vq = [      -2.45,  -0.106549,-0.00430901,  -0.106549,  -0.106549, -0.0039969, -0.0140003, -0.0039969,-0.00430901, -0.0140003, -0.0897915, -0.0140003,  -0.106549, -0.0039969, -0.0140003, -0.0039969]
	real-space Vr = [-0.190412,-0.159082,-0.158276,-0.159082,-0.159082,-0.158198,-0.135944,-0.158198,-0.158276,-0.135944,-0.130137,-0.135944,-0.159082,-0.158198,-0.135944,-0.158198]
********************************************************************************************************************
o___o  ----------------------------------------
| L |	Time since last clock: 0h 0m 0.01s
A===A	Time since the beginning: 0h 5m 7.988s
***********************************************


Non-Gaussina ED ground state calculation is completed. The final ground-state energy is -37.0432
********************************************************************************************************************
o___o  ----------------------------------------
| L |	Time since last clock: 0h 0m 0.006s
A===A	Time since the beginning: 0h 5m 7.994s
***********************************************



********************************************************************************************************************
All non-Gaussian ED ground state calculations have been completed. Exit now.
