SNEDics v3.4 Non-Gaussian ED ground state program		Start at Tue Oct  1 12:10:33 2019

parallized on 16 MPI threads  * 8 OpenMP threads = 128 total threads.
********************************************************************************************************************
********************************************************************************************************************

********************************************************************************************************************
System parameters and configurations
********************************************************************************************************************
Special program options are enabled: splitted diagonal Hamiltonian
********************************************************************************************************************
Read input file "model_params.in"
	Hubbard-Holstein model parameters : 	t = 1    U = 4.2    g = 3.6056    W = 5    
********************************************************************************************************************
Read input file "hilbertspace_params.in"
	Requested 16-site 2D lattice, with 16 electrons (8, 8)
	Boundary : Periodic		Hilbert space representation : momentum-space (restricted to kIdx = 0)
	Conservation: particle number[U(1)]      spin[U(1)]     momentum
********************************************************************************************************************

Cluster Positions:				Cluster symmetry group : D4
 x ... x ... x ... x .....                       x ... x ... x ... x .....
 |           |           :                       |           |           :
 |           |           :                       |           |           :
12    13    14    15     x                       1     5     6     5     x
 |           |           :                       |           |           :
 |           |           :                       |           |           :
 8 --- 9 ---10 ---11 --- x                       2 --- 6 ---10 --- 6 --- x
 |           |           :                       |           |           :
 |           |           :                       |           |           :
 4     5     6     7     x                       1     5     6     5     x
 |           |           :                       |           |           :
 |           |           :                       |           |           :
 0 --- 1 --- 2 --- 3 --- x                       0 --- 1 --- 2 --- 1 --- x
orbital number : 1
********************************************************************************************************************
Read input file "obs_params.in"
	Observable Type : Nq(All),   Sq(All),   N(All),   Delta[s](All),   Delta[d](All),   Delta[s+](All)
********************************************************************************************************************
** WARNING ** the input observables have non-local factors which have been reinterpreted. The total observable number is 96
********************************************************************************************************************


********************************************************************************************************************
Start calculating the non-Gaussian ED ground state
** WARNING ** Detected low phonon energy W < 10. The initial state will be prepared through a warm-up process.
********************************************************************************************************************
Start warm-up calculation for scaling factor 2
open output files: NGSEDWarmUpW10Obs.txt
********************************************************************************************************************
Start the 0 rounds of NGS-ED iteration
	effective electronic model is modified as: kinetic energy t = 1
	                                           effective interaction Vq = [-0,-0,-0,-0,-0,-0,-0,-0,-0,-0,-0,-0,-0,-0,-0,-0]
	first Hamiltonian is constructed, non-zero numbers = 2845383612
	PARPACK diagonalization completed after 90 matrix-vector product operations.
	iteration results: : total energy is -13.260088 | electron energy -13.260088 + phonon energy 0.000000 | electron momentum kIdx = 0
	Nq(0) = 16,	Nq(1) = 0.1504,	Nq(2) = 0.225336,	Nq(3) = 0.1504,	Nq(4) = 0.1504,	Nq(5) = 0.225336,	Nq(6) = 0.306298,	Nq(7) = 0.225336,	Nq(8) = 0.225336,	Nq(9) = 0.306298,	Nq(10) = 0.372996,	Nq(11) = 0.306298,	Nq(12) = 0.1504,	Nq(13) = 0.225336,	Nq(14) = 0.306298,	Nq(15) = 0.225336,	Sq(0) = 2.26948e-18,	Sq(1) = 0.427334,	Sq(2) = 0.625304,	Sq(3) = 0.427334,	Sq(4) = 0.427334,	Sq(5) = 0.625304,	Sq(6) = 0.811944,	Sq(7) = 0.625304,	Sq(8) = 0.625304,	Sq(9) = 0.811944,	Sq(10) = 3.73926,	Sq(11) = 0.811944,	Sq(12) = 0.427334,	Sq(13) = 0.625304,	Sq(14) = 0.811944,	Sq(15) = 0.625304,	N(0) = 1.92449,	N(1) = 1.83269,	N(2) = 1,	N(3) = 1.83269,	N(4) = 1.83269,	N(5) = 1,	N(6) = 0.167314,	N(7) = 1,	N(8) = 1,	N(9) = 0.167314,	N(10) = 0.0755115,	N(11) = 0.167314,	N(12) = 1.83269,	N(13) = 1,	N(14) = 0.167314,	N(15) = 1,	Delta[s](0) = 0.169015,	Delta[s](1) = 0.143355,	Delta[s](2) = 0.11228,	Delta[s](3) = 0.143355,	Delta[s](4) = 0.143355,	Delta[s](5) = 0.11228,	Delta[s](6) = 0.0834552,	Delta[s](7) = 0.11228,	Delta[s](8) = 0.11228,	Delta[s](9) = 0.0834552,	Delta[s](10) = 0.025969,	Delta[s](11) = 0.0834552,	Delta[s](12) = 0.143355,	Delta[s](13) = 0.11228,	Delta[s](14) = 0.0834552,	Delta[s](15) = 0.11228,	Delta[d](0) = 0.5596,	Delta[d](1) = 0.384145,	Delta[d](2) = 0.307585,	Delta[d](3) = 0.384145,	Delta[d](4) = 0.384145,	Delta[d](5) = 0.326007,	Delta[d](6) = 0.235117,	Delta[d](7) = 0.326007,	Delta[d](8) = 0.307585,	Delta[d](9) = 0.235117,	Delta[d](10) = 0.103298,	Delta[d](11) = 0.235117,	Delta[d](12) = 0.384145,	Delta[d](13) = 0.326007,	Delta[d](14) = 0.235117,	Delta[d](15) = 0.326007,	Delta[s+](0) = 0.589866,	Delta[s+](1) = 0.468103,	Delta[s+](2) = 0.307585,	Delta[s+](3) = 0.468103,	Delta[s+](4) = 0.468103,	Delta[s+](5) = 0.307585,	Delta[s+](6) = 0.154277,	Delta[s+](7) = 0.307585,	Delta[s+](8) = 0.307585,	Delta[s+](9) = 0.154277,	Delta[s+](10) = 0.0380288,	Delta[s+](11) = 0.154277,	Delta[s+](12) = 0.468103,	Delta[s+](13) = 0.307585,	Delta[s+](14) = 0.154277,	Delta[s+](15) = 0.307585
The 0-th iteration is completed.	|| time cost : 0h 8m 31.133s
********************************************************************************************************************
Start the 1 rounds of NGS-ED iteration
	effective electronic model is modified as: kinetic energy t = 0.936036
	                                           effective interaction Vq = [-2.24819,-2.04152,-1.97516,-2.04152,-2.04152,-1.97516,-1.94918,-1.97516,-1.97516,-1.94918,-1.92318,-1.94918,-2.04152,-1.97516,-1.94918,-1.97516]
	PARPACK diagonalization completed after 60 matrix-vector product operations.
	iteration results: : total energy is -57.591197 | electron energy -57.595172 + phonon energy 0.003975 | electron momentum kIdx = 0
The 1-th iteration is completed.	|| time cost : 0h 7m 49.362s
********************************************************************************************************************
Start the 2 rounds of NGS-ED iteration
	effective electronic model is modified as: kinetic energy t = 0.887487
	                                           effective interaction Vq = [-2.55245,-2.43941,-2.33236,-2.43941,-2.43941,-2.33236,-2.34494,-2.33236,-2.33236,-2.34494,-2.28437,-2.34494,-2.43941,-2.33236,-2.34494,-2.33236]
	PARPACK diagonalization completed after 75 matrix-vector product operations.
	iteration results: : total energy is -64.440909 | electron energy -64.472646 + phonon energy 0.031737 | electron momentum kIdx = 0
The 2-th iteration is completed.	|| time cost : 0h 0m 41.72s
********************************************************************************************************************
Start the 3 rounds of NGS-ED iteration
	effective electronic model is modified as: kinetic energy t = 0.85845
	                                           effective interaction Vq = [-2.59363,-2.52596,-2.49751,-2.52596,-2.52596,-2.49751, -2.4458,-2.49751,-2.49751, -2.4458,-2.44044, -2.4458,-2.52596,-2.49751, -2.4458,-2.49751]
	PARPACK diagonalization completed after 60 matrix-vector product operations.
	iteration results: : total energy is -65.675330 | electron energy -65.735922 + phonon energy 0.060592 | electron momentum kIdx = 0
The 3-th iteration is completed.	|| time cost : 0h 0m 36.717s
********************************************************************************************************************
Start the 4 rounds of NGS-ED iteration
	effective electronic model is modified as: kinetic energy t = 0.848023
	                                           effective interaction Vq = [ -2.5992,-2.54735,-2.53686,-2.54735,-2.54735,-2.53686,-2.47352,-2.53686,-2.53686,-2.47352,-2.48649,-2.47352,-2.54735,-2.53686,-2.47352,-2.53686]
	PARPACK diagonalization completed after 45 matrix-vector product operations.
	iteration results: : total energy is -65.835616 | electron energy -65.912571 + phonon energy 0.076955 | electron momentum kIdx = 0
The 4-th iteration is completed.	|| time cost : 0h 0m 31.999s
********************************************************************************************************************
Start the 5 rounds of NGS-ED iteration
	effective electronic model is modified as: kinetic energy t = 0.844375
	                                           effective interaction Vq = [-2.59995,-2.55369,-2.54793,-2.55369,-2.55369,-2.54793,-2.48225,-2.54793,-2.54793,-2.48225,-2.50343,-2.48225,-2.55369,-2.54793,-2.48225,-2.54793]
	PARPACK diagonalization completed after 45 matrix-vector product operations.
	iteration results: : total energy is -65.856326 | electron energy -65.940074 + phonon energy 0.083748 | electron momentum kIdx = 0
The 5-th iteration is completed.	|| time cost : 0h 0m 32.13s
********************************************************************************************************************
Start the 6 rounds of NGS-ED iteration
	effective electronic model is modified as: kinetic energy t = 0.843082
	                                           effective interaction Vq = [-2.60005,-2.55574,-2.55122,-2.55574,-2.55574,-2.55122,-2.48518,-2.55122,-2.55122,-2.48518,-2.51115,-2.48518,-2.55574,-2.55122,-2.48518,-2.55122]
	PARPACK diagonalization completed after 45 matrix-vector product operations.
	iteration results: : total energy is -65.859106 | electron energy -65.945439 + phonon energy 0.086333 | electron momentum kIdx = 0
The 6-th iteration is completed.	|| time cost : 0h 0m 32.104s
********************************************************************************************************************
Start the 7 rounds of NGS-ED iteration
	effective electronic model is modified as: kinetic energy t = 0.8426
	                                           effective interaction Vq = [-2.60007,-2.55643, -2.5521,-2.55643,-2.55643, -2.5521, -2.4862, -2.5521, -2.5521, -2.4862, -2.5156, -2.4862,-2.55643, -2.5521, -2.4862, -2.5521]
	PARPACK diagonalization completed after 45 matrix-vector product operations.
	iteration results: : total energy is -65.859559 | electron energy -65.946895 + phonon energy 0.087336 | electron momentum kIdx = 0
The 7-th iteration is completed.	|| time cost : 0h 0m 32.403s
********************************************************************************************************************
Start the 8 rounds of NGS-ED iteration
	effective electronic model is modified as: kinetic energy t = 0.842399
	                                           effective interaction Vq = [-2.60007,-2.55667,-2.55218,-2.55667,-2.55667,-2.55218,-2.48657,-2.55218,-2.55218,-2.48657,-2.51887,-2.48657,-2.55667,-2.55218,-2.48657,-2.55218]
	PARPACK diagonalization completed after 45 matrix-vector product operations.
	iteration results: : total energy is -65.859702 | electron energy -65.947476 + phonon energy 0.087774 | electron momentum kIdx = 0
The 8-th iteration is completed.	|| time cost : 0h 0m 32.026s
********************************************************************************************************************
Start the 9 rounds of NGS-ED iteration
	effective electronic model is modified as: kinetic energy t = 0.842291
	                                           effective interaction Vq = [-2.60007,-2.55676,-2.55197,-2.55676,-2.55676,-2.55197,-2.48671,-2.55197,-2.55197,-2.48671,-2.52184,-2.48671,-2.55676,-2.55197,-2.48671,-2.55197]
	PARPACK diagonalization completed after 45 matrix-vector product operations.
	iteration results: : total energy is -65.859818 | electron energy -65.947838 + phonon energy 0.088020 | electron momentum kIdx = 0
The 9-th iteration is completed.	|| time cost : 0h 0m 32.057s
********************************************************************************************************************
Start the 10 rounds of NGS-ED iteration
	effective electronic model is modified as: kinetic energy t = 0.842211
	                                           effective interaction Vq = [-2.60007, -2.5568,-2.55159, -2.5568, -2.5568,-2.55159,-2.48678,-2.55159,-2.55159,-2.48678,-2.52509,-2.48678, -2.5568,-2.55159,-2.48678,-2.55159]
	PARPACK diagonalization completed after 45 matrix-vector product operations.
	iteration results: : total energy is -65.859983 | electron energy -65.948197 + phonon energy 0.088214 | electron momentum kIdx = 0
	Nq(0) = 16,	Nq(1) = 0.412469,	Nq(2) = 0.747766,	Nq(3) = 0.412469,	Nq(4) = 0.412469,	Nq(5) = 0.747766,	Nq(6) = 0.67187,	Nq(7) = 0.747766,	Nq(8) = 0.747766,	Nq(9) = 0.67187,	Nq(10) = 1.18225,	Nq(11) = 0.67187,	Nq(12) = 0.412469,	Nq(13) = 0.747766,	Nq(14) = 0.67187,	Nq(15) = 0.747766,	Sq(0) = 1.00168e-17,	Sq(1) = 0.306137,	Sq(2) = 0.346858,	Sq(3) = 0.306137,	Sq(4) = 0.306137,	Sq(5) = 0.346858,	Sq(6) = 0.52864,	Sq(7) = 0.346858,	Sq(8) = 0.346858,	Sq(9) = 0.52864,	Sq(10) = 0.573542,	Sq(11) = 0.52864,	Sq(12) = 0.306137,	Sq(13) = 0.346858,	Sq(14) = 0.52864,	Sq(15) = 0.346858,	N(0) = 1.99547,	N(1) = 1.98833,	N(2) = 1,	N(3) = 1.98833,	N(4) = 1.98833,	N(5) = 1,	N(6) = 0.011669,	N(7) = 1,	N(8) = 1,	N(9) = 0.011669,	N(10) = 0.00452798,	N(11) = 0.011669,	N(12) = 1.98833,	N(13) = 1,	N(14) = 0.011669,	N(15) = 1,	Delta[s](0) = 0.80278,	Delta[s](1) = 0.325685,	Delta[s](2) = 0.280984,	Delta[s](3) = 0.325685,	Delta[s](4) = 0.325685,	Delta[s](5) = 0.280984,	Delta[s](6) = 0.253138,	Delta[s](7) = 0.280984,	Delta[s](8) = 0.280984,	Delta[s](9) = 0.253138,	Delta[s](10) = 0.19913,	Delta[s](11) = 0.253138,	Delta[s](12) = 0.325685,	Delta[s](13) = 0.280984,	Delta[s](14) = 0.253138,	Delta[s](15) = 0.280984,	Delta[d](0) = 0.332232,	Delta[d](1) = 0.277948,	Delta[d](2) = 0.251171,	Delta[d](3) = 0.277948,	Delta[d](4) = 0.277948,	Delta[d](5) = 0.242174,	Delta[d](6) = 0.232984,	Delta[d](7) = 0.242174,	Delta[d](8) = 0.251171,	Delta[d](9) = 0.232984,	Delta[d](10) = 0.152489,	Delta[d](11) = 0.232984,	Delta[d](12) = 0.277948,	Delta[d](13) = 0.242174,	Delta[d](14) = 0.232984,	Delta[d](15) = 0.242174,	Delta[s+](0) = 0.455402,	Delta[s+](1) = 0.375646,	Delta[s+](2) = 0.251171,	Delta[s+](3) = 0.375646,	Delta[s+](4) = 0.375646,	Delta[s+](5) = 0.251171,	Delta[s+](6) = 0.121206,	Delta[s+](7) = 0.251171,	Delta[s+](8) = 0.251171,	Delta[s+](9) = 0.121206,	Delta[s+](10) = 0.0378311,	Delta[s+](11) = 0.121206,	Delta[s+](12) = 0.375646,	Delta[s+](13) = 0.251171,	Delta[s+](14) = 0.121206,	Delta[s+](15) = 0.251171
The 10-th iteration is completed.	|| time cost : 0h 4m 44.156s
********************************************************************************************************************
Start the 11 rounds of NGS-ED iteration
	effective electronic model is modified as: kinetic energy t = 0.842128
	                                           effective interaction Vq = [-2.60007, -2.5568,-2.55097, -2.5568, -2.5568,-2.55097,-2.48681,-2.55097,-2.55097,-2.48681,-2.52933,-2.48681, -2.5568,-2.55097,-2.48681,-2.55097]
	PARPACK diagonalization completed after 45 matrix-vector product operations.
	iteration results: : total energy is -65.860347 | electron energy -65.948777 + phonon energy 0.088430 | electron momentum kIdx = 0
The 11-th iteration is completed.	|| time cost : 0h 0m 32.296s
********************************************************************************************************************
Start the 12 rounds of NGS-ED iteration
	effective electronic model is modified as: kinetic energy t = 0.842024
	                                           effective interaction Vq = [-2.60007,-2.55677,-2.54976,-2.55677,-2.55677,-2.54976,-2.48679,-2.54976,-2.54976,-2.48679,-2.53625,-2.48679,-2.55677,-2.54976,-2.48679,-2.54976]
	PARPACK diagonalization completed after 45 matrix-vector product operations.
	iteration results: : total energy is -65.861860 | electron energy -65.950608 + phonon energy 0.088748 | electron momentum kIdx = 0
The 12-th iteration is completed.	|| time cost : 0h 0m 32.058s
********************************************************************************************************************
Start the 13 rounds of NGS-ED iteration
	effective electronic model is modified as: kinetic energy t = 0.842002
	                                           effective interaction Vq = [-2.60007,-2.55649,-2.54571,-2.55649,-2.55649,-2.54571,-2.48641,-2.54571,-2.54571,-2.48641,-2.55137,-2.48641,-2.55649,-2.54571,-2.48641,-2.54571]
	PARPACK diagonalization completed after 45 matrix-vector product operations.
	iteration results: : total energy is -65.879722 | electron energy -65.969071 + phonon energy 0.089349 | electron momentum kIdx = 0
The 13-th iteration is completed.	|| time cost : 0h 0m 32.035s
********************************************************************************************************************
Start the 14 rounds of NGS-ED iteration
	effective electronic model is modified as: kinetic energy t = 0.846241
	                                           effective interaction Vq = [-2.60007,-2.55278,-2.50991,-2.55278,-2.55278,-2.50991,-2.48079,-2.50991,-2.50991,-2.48079,-2.57903,-2.48079,-2.55278,-2.50991,-2.48079,-2.50991]
	PARPACK diagonalization completed after 45 matrix-vector product operations.
	iteration results: : total energy is -65.976877 | electron energy -66.065433 + phonon energy 0.088556 | electron momentum kIdx = 0
The 14-th iteration is completed.	|| time cost : 0h 0m 32.285s
********************************************************************************************************************
Start the 15 rounds of NGS-ED iteration
	effective electronic model is modified as: kinetic energy t = 0.851511
	                                           effective interaction Vq = [-2.60007,-2.54695,-2.46597,-2.54695,-2.54695,-2.46597,-2.47231,-2.46597,-2.46597,-2.47231,-2.58861,-2.47231,-2.54695,-2.46597,-2.47231,-2.46597]
	PARPACK diagonalization completed after 30 matrix-vector product operations.
	iteration results: : total energy is -66.013200 | electron energy -66.099476 + phonon energy 0.086276 | electron momentum kIdx = 0
The 15-th iteration is completed.	|| time cost : 0h 0m 27.333s
********************************************************************************************************************
Start the 16 rounds of NGS-ED iteration
	effective electronic model is modified as: kinetic energy t = 0.853411
	                                           effective interaction Vq = [-2.60007,-2.54377,-2.44912,-2.54377,-2.54377,-2.44912,-2.46794,-2.44912,-2.44912,-2.46794,-2.59131,-2.46794,-2.54377,-2.44912,-2.46794,-2.44912]
	PARPACK diagonalization completed after 30 matrix-vector product operations.
	iteration results: : total energy is -66.017702 | electron energy -66.102487 + phonon energy 0.084785 | electron momentum kIdx = 0
The 16-th iteration is completed.	|| time cost : 0h 0m 27.336s
********************************************************************************************************************
Start the 17 rounds of NGS-ED iteration
	effective electronic model is modified as: kinetic energy t = 0.85409
	                                           effective interaction Vq = [-2.60007,-2.54233,-2.44332,-2.54233,-2.54233,-2.44332,-2.46602,-2.44332,-2.44332,-2.46602,-2.59217,-2.46602,-2.54233,-2.44332,-2.46602,-2.44332]
	PARPACK diagonalization completed after 30 matrix-vector product operations.
	iteration results: : total energy is -66.018246 | electron energy -66.102401 + phonon energy 0.084155 | electron momentum kIdx = 0
The 17-th iteration is completed.	|| time cost : 0h 0m 27.365s
********************************************************************************************************************
Start the 18 rounds of NGS-ED iteration
	effective electronic model is modified as: kinetic energy t = 0.854335
	                                           effective interaction Vq = [-2.60007,-2.54172,-2.44137,-2.54172,-2.54172,-2.44137,-2.46521,-2.44137,-2.44137,-2.46521,-2.59246,-2.46521,-2.54172,-2.44137,-2.46521,-2.44137]
	PARPACK diagonalization completed after 30 matrix-vector product operations.
	iteration results: : total energy is -66.018313 | electron energy -66.102222 + phonon energy 0.083909 | electron momentum kIdx = 0
The 18-th iteration is completed.	|| time cost : 0h 0m 27.699s
********************************************************************************************************************
Start the 19 rounds of NGS-ED iteration
	effective electronic model is modified as: kinetic energy t = 0.854424
	                                           effective interaction Vq = [-2.60007,-2.54146,-2.44071,-2.54146,-2.54146,-2.44071,-2.46489,-2.44071,-2.44071,-2.46489,-2.59256,-2.46489,-2.54146,-2.44071,-2.46489,-2.44071]
	PARPACK diagonalization completed after 30 matrix-vector product operations.
	iteration results: : total energy is -66.018321 | electron energy -66.102136 + phonon energy 0.083814 | electron momentum kIdx = 0
	Nq(0) = 16,	Nq(1) = 0.349605,	Nq(2) = 0.370746,	Nq(3) = 0.349605,	Nq(4) = 0.349605,	Nq(5) = 0.370746,	Nq(6) = 0.607639,	Nq(7) = 0.370746,	Nq(8) = 0.370746,	Nq(9) = 0.607639,	Nq(10) = 4.02545,	Nq(11) = 0.607639,	Nq(12) = 0.349605,	Nq(13) = 0.370746,	Nq(14) = 0.607639,	Nq(15) = 0.370746,	Sq(0) = -8.66148e-19,	Sq(1) = 0.29753,	Sq(2) = 0.343612,	Sq(3) = 0.29753,	Sq(4) = 0.29753,	Sq(5) = 0.343612,	Sq(6) = 0.523659,	Sq(7) = 0.343612,	Sq(8) = 0.343612,	Sq(9) = 0.523659,	Sq(10) = 0.574677,	Sq(11) = 0.523659,	Sq(12) = 0.29753,	Sq(13) = 0.343612,	Sq(14) = 0.523659,	Sq(15) = 0.343612,	N(0) = 1.99442,	N(1) = 1.9845,	N(2) = 1,	N(3) = 1.9845,	N(4) = 1.9845,	N(5) = 1,	N(6) = 0.0155039,	N(7) = 1,	N(8) = 1,	N(9) = 0.0155039,	N(10) = 0.00557878,	N(11) = 0.0155039,	N(12) = 1.9845,	N(13) = 1,	N(14) = 0.0155039,	N(15) = 1,	Delta[s](0) = 0.456565,	Delta[s](1) = 0.335686,	Delta[s](2) = 0.325761,	Delta[s](3) = 0.335686,	Delta[s](4) = 0.335686,	Delta[s](5) = 0.325761,	Delta[s](6) = 0.261445,	Delta[s](7) = 0.325761,	Delta[s](8) = 0.325761,	Delta[s](9) = 0.261445,	Delta[s](10) = 0.239792,	Delta[s](11) = 0.261445,	Delta[s](12) = 0.335686,	Delta[s](13) = 0.325761,	Delta[s](14) = 0.261445,	Delta[s](15) = 0.325761,	Delta[d](0) = 0.236017,	Delta[d](1) = 0.238744,	Delta[d](2) = 0.231198,	Delta[d](3) = 0.238744,	Delta[d](4) = 0.238744,	Delta[d](5) = 0.144594,	Delta[d](6) = 0.192928,	Delta[d](7) = 0.144594,	Delta[d](8) = 0.231198,	Delta[d](9) = 0.192928,	Delta[d](10) = 0.0531212,	Delta[d](11) = 0.192928,	Delta[d](12) = 0.238744,	Delta[d](13) = 0.144594,	Delta[d](14) = 0.192928,	Delta[d](15) = 0.144594,	Delta[s+](0) = 0.450363,	Delta[s+](1) = 0.359279,	Delta[s+](2) = 0.231198,	Delta[s+](3) = 0.359279,	Delta[s+](4) = 0.359279,	Delta[s+](5) = 0.231198,	Delta[s+](6) = 0.101594,	Delta[s+](7) = 0.231198,	Delta[s+](8) = 0.231198,	Delta[s+](9) = 0.101594,	Delta[s+](10) = 0.0287666,	Delta[s+](11) = 0.101594,	Delta[s+](12) = 0.359279,	Delta[s+](13) = 0.231198,	Delta[s+](14) = 0.101594,	Delta[s+](15) = 0.231198
The 19-th iteration is completed.	|| time cost : 0h 4m 30.48s
********************************************************************************************************************
********************************************************************************************************************
Ground state is obtained after 20 iterations. The current ground-state energy is -66.0183, in which electron energy is -66.1021 and phonon energy is 0.0838142
final variational state is: 
	Gamma_x = [      1, 1.0235, 1.0366, 1.0235, 1.0235, 1.0366,1.05721, 1.0366, 1.0366,1.05721,1.11168,1.05721, 1.0235, 1.0366,1.05721, 1.0366]
	lambda_q = [0.509909,0.433289,0.383585,0.433289,0.433289,0.383585,0.393584,0.383585,0.383585,0.393584,0.482573,0.393584,0.433289,0.383585,0.393584,0.383585]
********************************************************************************************************************
o___o  ----------------------------------------
| L |	Time since last clock: 0h 0m 0s
A===A	Time since the beginning: 0h 34m 4.702s
***********************************************


********************************************************************************************************************
Warm up runs have been completed. Start calculating W = 5 phonon.
open output files: NGSEDIterationObs.txt
********************************************************************************************************************
Start the 0 rounds of NGS-ED iteration
	effective electronic model is modified as: kinetic energy t = 0.854457
	                                           effective interaction Vq = [-2.37702,-2.18584,-2.03042,-2.18584,-2.18584,-2.03042,-2.06367,-2.03042,-2.03042,-2.06367,-2.31555,-2.06367,-2.18584,-2.03042,-2.06367,-2.03042]
	PARPACK diagonalization completed after 45 matrix-vector product operations.
	iteration results: : total energy is -59.081978 | electron energy -59.123868 + phonon energy 0.041889 | electron momentum kIdx = 0
	Nq(0) = 16,	Nq(1) = 0.345663,	Nq(2) = 0.358698,	Nq(3) = 0.345663,	Nq(4) = 0.345663,	Nq(5) = 0.358698,	Nq(6) = 0.575663,	Nq(7) = 0.358698,	Nq(8) = 0.358698,	Nq(9) = 0.575663,	Nq(10) = 3.68427,	Nq(11) = 0.575663,	Nq(12) = 0.345663,	Nq(13) = 0.358698,	Nq(14) = 0.575663,	Nq(15) = 0.358698,	Sq(0) = -1.20395e-18,	Sq(1) = 0.334803,	Sq(2) = 0.363868,	Sq(3) = 0.334803,	Sq(4) = 0.334803,	Sq(5) = 0.363868,	Sq(6) = 0.584254,	Sq(7) = 0.363868,	Sq(8) = 0.363868,	Sq(9) = 0.584254,	Sq(10) = 0.618805,	Sq(11) = 0.584254,	Sq(12) = 0.334803,	Sq(13) = 0.363868,	Sq(14) = 0.584254,	Sq(15) = 0.363868,	N(0) = 1.99789,	N(1) = 1.99412,	N(2) = 1,	N(3) = 1.99412,	N(4) = 1.99412,	N(5) = 1,	N(6) = 0.00588194,	N(7) = 1,	N(8) = 1,	N(9) = 0.00588194,	N(10) = 0.00210637,	N(11) = 0.00588194,	N(12) = 1.99412,	N(13) = 1,	N(14) = 0.00588194,	N(15) = 1,	Delta[s](0) = 0.394959,	Delta[s](1) = 0.314915,	Delta[s](2) = 0.307117,	Delta[s](3) = 0.314915,	Delta[s](4) = 0.314915,	Delta[s](5) = 0.307117,	Delta[s](6) = 0.254417,	Delta[s](7) = 0.307117,	Delta[s](8) = 0.307117,	Delta[s](9) = 0.254417,	Delta[s](10) = 0.245889,	Delta[s](11) = 0.254417,	Delta[s](12) = 0.314915,	Delta[s](13) = 0.307117,	Delta[s](14) = 0.254417,	Delta[s](15) = 0.307117,	Delta[d](0) = 0.243438,	Delta[d](1) = 0.252527,	Delta[d](2) = 0.245619,	Delta[d](3) = 0.252527,	Delta[d](4) = 0.252527,	Delta[d](5) = 0.152691,	Delta[d](6) = 0.205749,	Delta[d](7) = 0.152691,	Delta[d](8) = 0.245619,	Delta[d](9) = 0.205749,	Delta[d](10) = 0.0619543,	Delta[d](11) = 0.205749,	Delta[d](12) = 0.252527,	Delta[d](13) = 0.152691,	Delta[d](14) = 0.205749,	Delta[d](15) = 0.152691,	Delta[s+](0) = 0.482407,	Delta[s+](1) = 0.381062,	Delta[s+](2) = 0.245619,	Delta[s+](3) = 0.381062,	Delta[s+](4) = 0.381062,	Delta[s+](5) = 0.245619,	Delta[s+](6) = 0.110201,	Delta[s+](7) = 0.245619,	Delta[s+](8) = 0.245619,	Delta[s+](9) = 0.110201,	Delta[s+](10) = 0.0334712,	Delta[s+](11) = 0.110201,	Delta[s+](12) = 0.381062,	Delta[s+](13) = 0.245619,	Delta[s+](14) = 0.110201,	Delta[s+](15) = 0.245619
The 0-th iteration is completed.	|| time cost : 0h 4m 28.776s
********************************************************************************************************************
Start the 1 rounds of NGS-ED iteration
	effective electronic model is modified as: kinetic energy t = 0.833289
	                                           effective interaction Vq = [-2.51801,-2.31837,-2.12394,-2.31837,-2.31837,-2.12394,-2.16493,-2.12394,-2.12394,-2.16493, -2.4713,-2.16493,-2.31837,-2.12394,-2.16493,-2.12394]
	PARPACK diagonalization completed after 30 matrix-vector product operations.
	iteration results: : total energy is -61.970271 | electron energy -62.099381 + phonon energy 0.129110 | electron momentum kIdx = 0
The 1-th iteration is completed.	|| time cost : 0h 0m 27.598s
********************************************************************************************************************
Start the 2 rounds of NGS-ED iteration
	effective electronic model is modified as: kinetic energy t = 0.821952
	                                           effective interaction Vq = [-2.56988,-2.37371,-2.16808,-2.37371,-2.37371,-2.16808,-2.21118,-2.16808,-2.16808,-2.21118,-2.53793,-2.21118,-2.37371,-2.16808,-2.21118,-2.16808]
	PARPACK diagonalization completed after 30 matrix-vector product operations.
	iteration results: : total energy is -63.025013 | electron energy -63.219125 + phonon energy 0.194112 | electron momentum kIdx = 0
The 2-th iteration is completed.	|| time cost : 0h 0m 27.743s
********************************************************************************************************************
Start the 3 rounds of NGS-ED iteration
	effective electronic model is modified as: kinetic energy t = 0.816153
	                                           effective interaction Vq = [-2.58897,-2.39774,-2.18922,-2.39774,-2.39774,-2.18922,-2.23243,-2.18922,-2.18922,-2.23243,-2.56561,-2.23243,-2.39774,-2.18922,-2.23243,-2.18922]
	PARPACK diagonalization completed after 30 matrix-vector product operations.
	iteration results: : total energy is -63.401796 | electron energy -63.635299 + phonon energy 0.233503 | electron momentum kIdx = 0
The 3-th iteration is completed.	|| time cost : 0h 0m 27.364s
********************************************************************************************************************
Start the 4 rounds of NGS-ED iteration
	effective electronic model is modified as: kinetic energy t = 0.813208
	                                           effective interaction Vq = [-2.59598,-2.40872,-2.19963,-2.40872,-2.40872,-2.19963,-2.24255,-2.19963,-2.19963,-2.24255,-2.57742,-2.24255,-2.40872,-2.19963,-2.24255,-2.19963]
	PARPACK diagonalization completed after 30 matrix-vector product operations.
	iteration results: : total energy is -63.535172 | electron energy -63.790765 + phonon energy 0.255593 | electron momentum kIdx = 0
The 4-th iteration is completed.	|| time cost : 0h 0m 27.336s
********************************************************************************************************************
Start the 5 rounds of NGS-ED iteration
	effective electronic model is modified as: kinetic energy t = 0.811704
	                                           effective interaction Vq = [-2.59857,-2.41395,-2.20489,-2.41395,-2.41395,-2.20489,-2.24754,-2.20489,-2.20489,-2.24754,-2.58273,-2.24754,-2.41395,-2.20489,-2.24754,-2.20489]
	PARPACK diagonalization completed after 30 matrix-vector product operations.
	iteration results: : total energy is -63.582418 | electron energy -63.849951 + phonon energy 0.267533 | electron momentum kIdx = 0
The 5-th iteration is completed.	|| time cost : 0h 0m 27.375s
********************************************************************************************************************
Start the 6 rounds of NGS-ED iteration
	effective electronic model is modified as: kinetic energy t = 0.810931
	                                           effective interaction Vq = [-2.59952,-2.41653, -2.2076,-2.41653,-2.41653, -2.2076,-2.25007, -2.2076, -2.2076,-2.25007,-2.58524,-2.25007,-2.41653, -2.2076,-2.25007, -2.2076]
	PARPACK diagonalization completed after 30 matrix-vector product operations.
	iteration results: : total energy is -63.599244 | electron energy -63.873101 + phonon energy 0.273857 | electron momentum kIdx = 0
The 6-th iteration is completed.	|| time cost : 0h 0m 27.355s
********************************************************************************************************************
Start the 7 rounds of NGS-ED iteration
	effective electronic model is modified as: kinetic energy t = 0.810531
	                                           effective interaction Vq = [-2.59987,-2.41781,-2.20901,-2.41781,-2.41781,-2.20901,-2.25136,-2.20901,-2.20901,-2.25136,-2.58647,-2.25136,-2.41781,-2.20901,-2.25136,-2.20901]
	PARPACK diagonalization completed after 30 matrix-vector product operations.
	iteration results: : total energy is -63.605276 | electron energy -63.882444 + phonon energy 0.277169 | electron momentum kIdx = 0
The 7-th iteration is completed.	|| time cost : 0h 0m 27.63s
********************************************************************************************************************
Start the 8 rounds of NGS-ED iteration
	effective electronic model is modified as: kinetic energy t = 0.810325
	                                           effective interaction Vq = [    -2.6,-2.41846,-2.20975,-2.41846,-2.41846,-2.20975,-2.25203,-2.20975,-2.20975,-2.25203,-2.58708,-2.25203,-2.41846,-2.20975,-2.25203,-2.20975]
	PARPACK diagonalization completed after 30 matrix-vector product operations.
	iteration results: : total energy is -63.607451 | electron energy -63.886343 + phonon energy 0.278892 | electron momentum kIdx = 0
The 8-th iteration is completed.	|| time cost : 0h 0m 27.344s
********************************************************************************************************************
Start the 9 rounds of NGS-ED iteration
	effective electronic model is modified as: kinetic energy t = 0.810218
	                                           effective interaction Vq = [-2.60004,-2.41879,-2.21013,-2.41879,-2.41879,-2.21013,-2.25238,-2.21013,-2.21013,-2.25238, -2.5874,-2.25238,-2.41879,-2.21013,-2.25238,-2.21013]
	PARPACK diagonalization completed after 30 matrix-vector product operations.
	iteration results: : total energy is -63.608239 | electron energy -63.888025 + phonon energy 0.279786 | electron momentum kIdx = 0
The 9-th iteration is completed.	|| time cost : 0h 0m 27.347s
********************************************************************************************************************
Start the 10 rounds of NGS-ED iteration
	effective electronic model is modified as: kinetic energy t = 0.810162
	                                           effective interaction Vq = [-2.60006,-2.41895,-2.21033,-2.41895,-2.41895,-2.21033,-2.25256,-2.21033,-2.21033,-2.25256,-2.58756,-2.25256,-2.41895,-2.21033,-2.25256,-2.21033]
	PARPACK diagonalization completed after 30 matrix-vector product operations.
	iteration results: : total energy is -63.608526 | electron energy -63.888775 + phonon energy 0.280249 | electron momentum kIdx = 0
	Nq(0) = 16,	Nq(1) = 0.311679,	Nq(2) = 0.345904,	Nq(3) = 0.311679,	Nq(4) = 0.311679,	Nq(5) = 0.345904,	Nq(6) = 0.543533,	Nq(7) = 0.345904,	Nq(8) = 0.345904,	Nq(9) = 0.543533,	Nq(10) = 4.71574,	Nq(11) = 0.543533,	Nq(12) = 0.311679,	Nq(13) = 0.345904,	Nq(14) = 0.543533,	Nq(15) = 0.345904,	Sq(0) = -1.21748e-18,	Sq(1) = 0.281676,	Sq(2) = 0.337961,	Sq(3) = 0.281676,	Sq(4) = 0.281676,	Sq(5) = 0.337961,	Sq(6) = 0.514025,	Sq(7) = 0.337961,	Sq(8) = 0.337961,	Sq(9) = 0.514025,	Sq(10) = 0.577413,	Sq(11) = 0.514025,	Sq(12) = 0.281676,	Sq(13) = 0.337961,	Sq(14) = 0.514025,	Sq(15) = 0.337961,	N(0) = 1.99099,	N(1) = 1.9726,	N(2) = 1,	N(3) = 1.9726,	N(4) = 1.9726,	N(5) = 1,	N(6) = 0.0274009,	N(7) = 1,	N(8) = 1,	N(9) = 0.0274009,	N(10) = 0.00901094,	N(11) = 0.0274009,	N(12) = 1.9726,	N(13) = 1,	N(14) = 0.0274009,	N(15) = 1,	Delta[s](0) = 0.410142,	Delta[s](1) = 0.337807,	Delta[s](2) = 0.325416,	Delta[s](3) = 0.337807,	Delta[s](4) = 0.337807,	Delta[s](5) = 0.325416,	Delta[s](6) = 0.281483,	Delta[s](7) = 0.325416,	Delta[s](8) = 0.325416,	Delta[s](9) = 0.281483,	Delta[s](10) = 0.266208,	Delta[s](11) = 0.281483,	Delta[s](12) = 0.337807,	Delta[s](13) = 0.325416,	Delta[s](14) = 0.281483,	Delta[s](15) = 0.325416,	Delta[d](0) = 0.235581,	Delta[d](1) = 0.232342,	Delta[d](2) = 0.23489,	Delta[d](3) = 0.232342,	Delta[d](4) = 0.232342,	Delta[d](5) = 0.150427,	Delta[d](6) = 0.188007,	Delta[d](7) = 0.150427,	Delta[d](8) = 0.23489,	Delta[d](9) = 0.188007,	Delta[d](10) = 0.0652405,	Delta[d](11) = 0.188007,	Delta[d](12) = 0.232342,	Delta[d](13) = 0.150427,	Delta[d](14) = 0.188007,	Delta[d](15) = 0.150427,	Delta[s+](0) = 0.466265,	Delta[s+](1) = 0.364368,	Delta[s+](2) = 0.23489,	Delta[s+](3) = 0.364368,	Delta[s+](4) = 0.364368,	Delta[s+](5) = 0.23489,	Delta[s+](6) = 0.104427,	Delta[s+](7) = 0.23489,	Delta[s+](8) = 0.23489,	Delta[s+](9) = 0.104427,	Delta[s+](10) = 0.0354434,	Delta[s+](11) = 0.104427,	Delta[s+](12) = 0.364368,	Delta[s+](13) = 0.23489,	Delta[s+](14) = 0.104427,	Delta[s+](15) = 0.23489
The 10-th iteration is completed.	|| time cost : 0h 4m 22.23s
********************************************************************************************************************
Start the 11 rounds of NGS-ED iteration
	effective electronic model is modified as: kinetic energy t = 0.810133
	                                           effective interaction Vq = [-2.60007,-2.41904,-2.21044,-2.41904,-2.41904,-2.21044,-2.25266,-2.21044,-2.21044,-2.25266,-2.58764,-2.25266,-2.41904,-2.21044,-2.25266,-2.21044]
	PARPACK diagonalization completed after 30 matrix-vector product operations.
	iteration results: : total energy is -63.608631 | electron energy -63.889120 + phonon energy 0.280489 | electron momentum kIdx = 0
The 11-th iteration is completed.	|| time cost : 0h 0m 27.374s
********************************************************************************************************************
Start the 12 rounds of NGS-ED iteration
	effective electronic model is modified as: kinetic energy t = 0.810118
	                                           effective interaction Vq = [-2.60007,-2.41908,-2.21049,-2.41908,-2.41908,-2.21049,-2.25271,-2.21049,-2.21049,-2.25271,-2.58768,-2.25271,-2.41908,-2.21049,-2.25271,-2.21049]
	PARPACK diagonalization completed after 30 matrix-vector product operations.
	iteration results: : total energy is -63.608669 | electron energy -63.889282 + phonon energy 0.280613 | electron momentum kIdx = 0
The 12-th iteration is completed.	|| time cost : 0h 0m 27.328s
********************************************************************************************************************
Start the 13 rounds of NGS-ED iteration
	effective electronic model is modified as: kinetic energy t = 0.810111
	                                           effective interaction Vq = [-2.60007, -2.4191,-2.21052, -2.4191, -2.4191,-2.21052,-2.25273,-2.21052,-2.21052,-2.25273, -2.5877,-2.25273, -2.4191,-2.21052,-2.25273,-2.21052]
	PARPACK diagonalization completed after 30 matrix-vector product operations.
	iteration results: : total energy is -63.608683 | electron energy -63.889360 + phonon energy 0.280677 | electron momentum kIdx = 0
The 13-th iteration is completed.	|| time cost : 0h 0m 27.342s
********************************************************************************************************************
Start the 14 rounds of NGS-ED iteration
	effective electronic model is modified as: kinetic energy t = 0.810106
	                                           effective interaction Vq = [-2.60007,-2.41911,-2.21054,-2.41911,-2.41911,-2.21054,-2.25275,-2.21054,-2.21054,-2.25275,-2.58771,-2.25275,-2.41911,-2.21054,-2.25275,-2.21054]
	PARPACK diagonalization completed after 30 matrix-vector product operations.
	iteration results: : total energy is -63.608688 | electron energy -63.889399 + phonon energy 0.280711 | electron momentum kIdx = 0
The 14-th iteration is completed.	|| time cost : 0h 0m 27.319s
