TACC:  Starting up job 4311940 
TACC:  Starting parallel tasks... 
SNEDics v3.4 Non-Gaussian ED ground state program		Start at Wed Sep 11 14:07:18 2019

parallized on 32 MPI threads  * 6 OpenMP threads = 192 total threads.
********************************************************************************************************************
********************************************************************************************************************

********************************************************************************************************************
System parameters and configurations
********************************************************************************************************************
Special program options are enabled: splitted diagonal Hamiltonian
********************************************************************************************************************
Read input file "model_params.in"
	Hubbard-Holstein model parameters : 	t = 1    U = 9    g = 4.4721    W = 5    
********************************************************************************************************************
Read input file "hilbertspace_params.in"
	Requested 16-site 2D lattice, with 16 electrons (8, 8)
	Boundary : Periodic		Hilbert space representation : momentum-space (restricted to kIdx = 10)
	Conservation: particle number[U(1)]      spin[U(1)]     momentum
********************************************************************************************************************

Cluster Positions:				Cluster symmetry group : D4
 x ... x ... x ... x .....                       x ... x ... x ... x .....
 |           |           :                       |           |           :
 |           |           :                       |           |           :
12    13    14    15     x                       1     5     6     5     x
 |           |           :                       |           |           :
 |           |           :                       |           |           :
 8 --- 9 ---10 ---11 --- x                       2 --- 6 ---10 --- 6 --- x
 |           |           :                       |           |           :
 |           |           :                       |           |           :
 4     5     6     7     x                       1     5     6     5     x
 |           |           :                       |           |           :
 |           |           :                       |           |           :
 0 --- 1 --- 2 --- 3 --- x                       0 --- 1 --- 2 --- 1 --- x
orbital number : 1
********************************************************************************************************************
Read input file "obs_params.in"
	Observable Type : Nq(All),   Sq(All),   N(All),   Delta[s](All),   Delta[d](All),   Delta[s+](All)
********************************************************************************************************************
** WARNING ** the input observables have non-local factors which have been reinterpreted. The total observable number is 96
********************************************************************************************************************


********************************************************************************************************************
Start calculating the non-Gaussian ED ground state
Input file varState.dat exists. Start iterations from it.
open output files: NGSEDIterationObs.txt
********************************************************************************************************************
Start the 0 rounds of NGS-ED iteration
	effective electronic model is modified as: kinetic energy t = 0.779423
	                                           effective interaction Vq = [-3.99994,-3.60658,-3.32422,-3.60658,-3.60658,-3.32422,-3.29472,-3.32422,-3.32422,-3.29472,-3.18835,-3.29472,-3.60658,-3.32422,-3.29472,-3.32422]
	first Hamiltonian is constructed, non-zero numbers = 12310659360
	PARPACK diagonalization completed after 105 matrix-vector product operations.
	iteration results: : total energy is -75.942778 | electron energy -76.212561 + phonon energy 0.269783 | electron momentum kIdx = 10
	Nq(0) = 16,	Nq(1) = 0.221142,	Nq(2) = 0.280337,	Nq(3) = 0.221142,	Nq(4) = 0.221142,	Nq(5) = 0.280337,	Nq(6) = 0.388559,	Nq(7) = 0.280337,	Nq(8) = 0.280337,	Nq(9) = 0.388559,	Nq(10) = 0.446209,	Nq(11) = 0.388559,	Nq(12) = 0.221142,	Nq(13) = 0.280337,	Nq(14) = 0.388559,	Nq(15) = 0.280337,	Sq(0) = 5.21204e-18,	Sq(1) = 0.346924,	Sq(2) = 0.430235,	Sq(3) = 0.346924,	Sq(4) = 0.346924,	Sq(5) = 0.430235,	Sq(6) = 0.66378,	Sq(7) = 0.430235,	Sq(8) = 0.430235,	Sq(9) = 0.66378,	Sq(10) = 4.80874,	Sq(11) = 0.66378,	Sq(12) = 0.346924,	Sq(13) = 0.430235,	Sq(14) = 0.66378,	Sq(15) = 0.430235,	N(0) = 1.96049,	N(1) = 1.91824,	N(2) = 1,	N(3) = 1.91824,	N(4) = 1.91824,	N(5) = 1,	N(6) = 0.0817627,	N(7) = 1,	N(8) = 1,	N(9) = 0.0817627,	N(10) = 0.0395139,	N(11) = 0.0817627,	N(12) = 1.91824,	N(13) = 1,	N(14) = 0.0817627,	N(15) = 1,	Delta[s](0) = 0.174591,	Delta[s](1) = 0.162315,	Delta[s](2) = 0.141998,	Delta[s](3) = 0.162315,	Delta[s](4) = 0.162315,	Delta[s](5) = 0.141998,	Delta[s](6) = 0.12899,	Delta[s](7) = 0.141998,	Delta[s](8) = 0.141998,	Delta[s](9) = 0.12899,	Delta[s](10) = 0.0917227,	Delta[s](11) = 0.12899,	Delta[s](12) = 0.162315,	Delta[s](13) = 0.141998,	Delta[s](14) = 0.12899,	Delta[s](15) = 0.141998,	Delta[d](0) = 0.565457,	Delta[d](1) = 0.428611,	Delta[d](2) = 0.376126,	Delta[d](3) = 0.428611,	Delta[d](4) = 0.428611,	Delta[d](5) = 0.431065,	Delta[d](6) = 0.354078,	Delta[d](7) = 0.431065,	Delta[d](8) = 0.376126,	Delta[d](9) = 0.354078,	Delta[d](10) = 0.303303,	Delta[d](11) = 0.354078,	Delta[d](12) = 0.428611,	Delta[d](13) = 0.431065,	Delta[d](14) = 0.354078,	Delta[d](15) = 0.431065,	Delta[s+](0) = 0.651317,	Delta[s+](1) = 0.53738,	Delta[s+](2) = 0.376126,	Delta[s+](3) = 0.53738,	Delta[s+](4) = 0.53738,	Delta[s+](5) = 0.376126,	Delta[s+](6) = 0.216988,	Delta[s+](7) = 0.376126,	Delta[s+](8) = 0.376126,	Delta[s+](9) = 0.216988,	Delta[s+](10) = 0.0903699,	Delta[s+](11) = 0.216988,	Delta[s+](12) = 0.53738,	Delta[s+](13) = 0.376126,	Delta[s+](14) = 0.216988,	Delta[s+](15) = 0.376126
The 0-th iteration is completed.	|| time cost : 0h 8m 38.826s
********************************************************************************************************************
Start the 1 rounds of NGS-ED iteration
	effective electronic model is modified as: kinetic energy t = 0.779416
	                                           effective interaction Vq = [-3.99994,-3.60663,-3.32426,-3.60663,-3.60663,-3.32426,-3.29477,-3.32426,-3.32426,-3.29477,-3.18839,-3.29477,-3.60663,-3.32426,-3.29477,-3.32426]
	PARPACK diagonalization completed after 30 matrix-vector product operations.
	iteration results: : total energy is -75.942778 | electron energy -76.212598 + phonon energy 0.269820 | electron momentum kIdx = 10
The 1-th iteration is completed.	|| time cost : 0h 0m 24.69s
********************************************************************************************************************
Start the 2 rounds of NGS-ED iteration
	effective electronic model is modified as: kinetic energy t = 0.779412
	                                           effective interaction Vq = [-3.99994,-3.60665,-3.32428,-3.60665,-3.60665,-3.32428, -3.2948,-3.32428,-3.32428, -3.2948,-3.18842, -3.2948,-3.60665,-3.32428, -3.2948,-3.32428]
	PARPACK diagonalization completed after 30 matrix-vector product operations.
	iteration results: : total energy is -75.942778 | electron energy -76.212619 + phonon energy 0.269842 | electron momentum kIdx = 10
The 2-th iteration is completed.	|| time cost : 0h 0m 24.523s
********************************************************************************************************************
Start the 3 rounds of NGS-ED iteration
	effective electronic model is modified as: kinetic energy t = 0.779409
	                                           effective interaction Vq = [-3.99994,-3.60667,-3.32429,-3.60667,-3.60667,-3.32429,-3.29482,-3.32429,-3.32429,-3.29482,-3.18843,-3.29482,-3.60667,-3.32429,-3.29482,-3.32429]
	PARPACK diagonalization completed after 30 matrix-vector product operations.
	iteration results: : total energy is -75.942778 | electron energy -76.212633 + phonon energy 0.269855 | electron momentum kIdx = 10
The 3-th iteration is completed.	|| time cost : 0h 0m 24.448s
********************************************************************************************************************
Start the 4 rounds of NGS-ED iteration
	effective electronic model is modified as: kinetic energy t = 0.779407
	                                           effective interaction Vq = [-3.99994,-3.60668, -3.3243,-3.60668,-3.60668, -3.3243,-3.29483, -3.3243, -3.3243,-3.29483,-3.18845,-3.29483,-3.60668, -3.3243,-3.29483, -3.3243]
	PARPACK diagonalization completed after 30 matrix-vector product operations.
	iteration results: : total energy is -75.942778 | electron energy -76.212641 + phonon energy 0.269863 | electron momentum kIdx = 10
The 4-th iteration is completed.	|| time cost : 0h 0m 24.872s
********************************************************************************************************************
Start the 5 rounds of NGS-ED iteration
	effective electronic model is modified as: kinetic energy t = 0.779406
	                                           effective interaction Vq = [-3.99994,-3.60669,-3.32431,-3.60669,-3.60669,-3.32431,-3.29484,-3.32431,-3.32431,-3.29484,-3.18845,-3.29484,-3.60669,-3.32431,-3.29484,-3.32431]
	PARPACK diagonalization completed after 30 matrix-vector product operations.
	iteration results: : total energy is -75.942778 | electron energy -76.212646 + phonon energy 0.269868 | electron momentum kIdx = 10
The 5-th iteration is completed.	|| time cost : 0h 0m 24.22s
********************************************************************************************************************
Start the 6 rounds of NGS-ED iteration
	effective electronic model is modified as: kinetic energy t = 0.779405
	                                           effective interaction Vq = [-3.99994, -3.6067,-3.32431, -3.6067, -3.6067,-3.32431,-3.29484,-3.32431,-3.32431,-3.29484,-3.18846,-3.29484, -3.6067,-3.32431,-3.29484,-3.32431]
	PARPACK diagonalization completed after 30 matrix-vector product operations.
	iteration results: : total energy is -75.942778 | electron energy -76.212649 + phonon energy 0.269871 | electron momentum kIdx = 10
The 6-th iteration is completed.	|| time cost : 0h 0m 22.366s
********************************************************************************************************************
Start the 7 rounds of NGS-ED iteration
	effective electronic model is modified as: kinetic energy t = 0.779405
	                                           effective interaction Vq = [-3.99994, -3.6067,-3.32431, -3.6067, -3.6067,-3.32431,-3.29485,-3.32431,-3.32431,-3.29485,-3.18846,-3.29485, -3.6067,-3.32431,-3.29485,-3.32431]
	PARPACK diagonalization completed after 30 matrix-vector product operations.
	iteration results: : total energy is -75.942778 | electron energy -76.212651 + phonon energy 0.269874 | electron momentum kIdx = 10
The 7-th iteration is completed.	|| time cost : 0h 0m 20.49s
********************************************************************************************************************
Start the 8 rounds of NGS-ED iteration
	effective electronic model is modified as: kinetic energy t = 0.779404
	                                           effective interaction Vq = [-3.99994, -3.6067,-3.32431, -3.6067, -3.6067,-3.32431,-3.29485,-3.32431,-3.32431,-3.29485,-3.18846,-3.29485, -3.6067,-3.32431,-3.29485,-3.32431]
	PARPACK diagonalization completed after 30 matrix-vector product operations.
	iteration results: : total energy is -75.942778 | electron energy -76.212653 + phonon energy 0.269875 | electron momentum kIdx = 10
The 8-th iteration is completed.	|| time cost : 0h 0m 20.509s
********************************************************************************************************************
Start the 9 rounds of NGS-ED iteration
	effective electronic model is modified as: kinetic energy t = 0.779404
	                                           effective interaction Vq = [-3.99994, -3.6067,-3.32432, -3.6067, -3.6067,-3.32432,-3.29485,-3.32432,-3.32432,-3.29485,-3.18846,-3.29485, -3.6067,-3.32432,-3.29485,-3.32432]
	PARPACK diagonalization completed after 30 matrix-vector product operations.
	iteration results: : total energy is -75.942778 | electron energy -76.212654 + phonon energy 0.269876 | electron momentum kIdx = 10
The 9-th iteration is completed.	|| time cost : 0h 0m 20.539s
********************************************************************************************************************
Start the 10 rounds of NGS-ED iteration
	effective electronic model is modified as: kinetic energy t = 0.779404
	                                           effective interaction Vq = [-3.99994, -3.6067,-3.32432, -3.6067, -3.6067,-3.32432,-3.29485,-3.32432,-3.32432,-3.29485,-3.18846,-3.29485, -3.6067,-3.32432,-3.29485,-3.32432]
	PARPACK diagonalization completed after 30 matrix-vector product operations.
	iteration results: : total energy is -75.942778 | electron energy -76.212654 + phonon energy 0.269876 | electron momentum kIdx = 10
	Nq(0) = 16,	Nq(1) = 0.221154,	Nq(2) = 0.280345,	Nq(3) = 0.221154,	Nq(4) = 0.221154,	Nq(5) = 0.280345,	Nq(6) = 0.388575,	Nq(7) = 0.280345,	Nq(8) = 0.280345,	Nq(9) = 0.388575,	Nq(10) = 0.446222,	Nq(11) = 0.388575,	Nq(12) = 0.221154,	Nq(13) = 0.280345,	Nq(14) = 0.388575,	Nq(15) = 0.280345,	Sq(0) = 3.68309e-18,	Sq(1) = 0.346929,	Sq(2) = 0.430236,	Sq(3) = 0.346929,	Sq(4) = 0.346929,	Sq(5) = 0.430236,	Sq(6) = 0.663783,	Sq(7) = 0.430236,	Sq(8) = 0.430236,	Sq(9) = 0.663783,	Sq(10) = 4.80853,	Sq(11) = 0.663783,	Sq(12) = 0.346929,	Sq(13) = 0.430236,	Sq(14) = 0.663783,	Sq(15) = 0.430236,	N(0) = 1.96049,	N(1) = 1.91825,	N(2) = 1,	N(3) = 1.91825,	N(4) = 1.91825,	N(5) = 1,	N(6) = 0.0817503,	N(7) = 1,	N(8) = 1,	N(9) = 0.0817503,	N(10) = 0.0395086,	N(11) = 0.0817503,	N(12) = 1.91825,	N(13) = 1,	N(14) = 0.0817503,	N(15) = 1,	Delta[s](0) = 0.174595,	Delta[s](1) = 0.16232,	Delta[s](2) = 0.142003,	Delta[s](3) = 0.16232,	Delta[s](4) = 0.16232,	Delta[s](5) = 0.142003,	Delta[s](6) = 0.128996,	Delta[s](7) = 0.142003,	Delta[s](8) = 0.142003,	Delta[s](9) = 0.128996,	Delta[s](10) = 0.0917295,	Delta[s](11) = 0.128996,	Delta[s](12) = 0.16232,	Delta[s](13) = 0.142003,	Delta[s](14) = 0.128996,	Delta[s](15) = 0.142003,	Delta[d](0) = 0.56546,	Delta[d](1) = 0.428612,	Delta[d](2) = 0.376128,	Delta[d](3) = 0.428612,	Delta[d](4) = 0.428612,	Delta[d](5) = 0.431069,	Delta[d](6) = 0.354081,	Delta[d](7) = 0.431069,	Delta[d](8) = 0.376128,	Delta[d](9) = 0.354081,	Delta[d](10) = 0.303307,	Delta[d](11) = 0.354081,	Delta[d](12) = 0.428612,	Delta[d](13) = 0.431069,	Delta[d](14) = 0.354081,	Delta[d](15) = 0.431069,	Delta[s+](0) = 0.65132,	Delta[s+](1) = 0.537382,	Delta[s+](2) = 0.376128,	Delta[s+](3) = 0.537382,	Delta[s+](4) = 0.537382,	Delta[s+](5) = 0.376128,	Delta[s+](6) = 0.216989,	Delta[s+](7) = 0.376128,	Delta[s+](8) = 0.376128,	Delta[s+](9) = 0.216989,	Delta[s+](10) = 0.0903707,	Delta[s+](11) = 0.216989,	Delta[s+](12) = 0.537382,	Delta[s+](13) = 0.376128,	Delta[s+](14) = 0.216989,	Delta[s+](15) = 0.376128
The 10-th iteration is completed.	|| time cost : 0h 4m 1.731s
********************************************************************************************************************
********************************************************************************************************************
Ground state is obtained after 11 iterations. The current ground-state energy is -75.9428, in which electron energy is -76.2127 and phonon energy is 0.269876
final variational state is: 
	Gamma_x = [      1,1.07905,1.11446,1.07905,1.07905,1.11446,1.16283,1.11446,1.11446,1.16283,1.19223,1.16283,1.07905,1.11446,1.16283,1.11446]
	lambda_q = [ 0.89442, 0.61398,0.526828, 0.61398, 0.61398,0.526828,0.518898,0.526828,0.526828,0.518898,0.491562,0.518898, 0.61398,0.526828,0.518898,0.526828]
********************************************************************************************************************
o___o  ----------------------------------------
| L |	Time since last clock: 0h 0m 0s
A===A	Time since the beginning: 0h 16m 7.22s
***********************************************


Non-Gaussina ED ground state calculation is completed. The final ground-state energy is -75.9428
********************************************************************************************************************
o___o  ----------------------------------------
| L |	Time since last clock: 0h 0m 0.001s
A===A	Time since the beginning: 0h 16m 7.221s
***********************************************



********************************************************************************************************************
All non-Gaussian ED ground state calculations have been completed. Exit now.
TACC:  Shutdown complete. Exiting. 
