TACC:  Starting up job 1740055 
TACC:  Starting parallel tasks... 
SNEDics v3.4 Non-Gaussian ED ground state program		Start at Fri Oct  9 04:40:15 2020

parallized on 16 MPI threads  * 7 OpenMP threads = 112 total threads.
********************************************************************************************************************
********************************************************************************************************************

********************************************************************************************************************
System parameters and configurations
********************************************************************************************************************
Special program options are enabled: splitted diagonal Hamiltonian
********************************************************************************************************************
Read input file "model_params.in"
	Hubbard-Holstein model parameters : 	t = 1    U = 8    g = 0.3    W = 0.25    
********************************************************************************************************************
Read input file "hilbertspace_params.in"
	Requested 16-site 2D lattice, with 14 electrons (7, 7)
	Boundary : Periodic		Hilbert space representation : momentum-space (restricted to kIdx = 0)
	Conservation: particle number[U(1)]      spin[U(1)]     momentum
********************************************************************************************************************

Cluster Positions:				Cluster symmetry group : D4
 x ... x ... x ... x .....                       x ... x ... x ... x .....
 |           |           :                       |           |           :
 |           |           :                       |           |           :
12    13    14    15     x                       1     5     6     5     x
 |           |           :                       |           |           :
 |           |           :                       |           |           :
 8 --- 9 ---10 ---11 --- x                       2 --- 6 ---10 --- 6 --- x
 |           |           :                       |           |           :
 |           |           :                       |           |           :
 4     5     6     7     x                       1     5     6     5     x
 |           |           :                       |           |           :
 |           |           :                       |           |           :
 0 --- 1 --- 2 --- 3 --- x                       0 --- 1 --- 2 --- 1 --- x
orbital number : 1
********************************************************************************************************************
Read input file "obs_params.in"
	Observable Type : Nq(All),   Sq(All),   N(All),   Delta[s](All),   Delta[d](All),   Delta[s+](All)
********************************************************************************************************************
** WARNING ** the input observables have non-local factors which have been reinterpreted. The total observable number is 96
********************************************************************************************************************


********************************************************************************************************************
Start calculating the non-Gaussian ED ground state
** WARNING ** Detected low phonon energy W < 10. The initial state will be prepared through a warm-up process.
********************************************************************************************************************
Start warm-up calculation for scaling factor 64
open output files: NGSEDWarmUpW16Obs.txt
********************************************************************************************************************
Start the 0 rounds of NGS-ED iteration
	effective electronic model is modified as: kinetic energy t = 1
	                                           effective interaction Vq = [0,0,0,0,0,0,0,0,0,0,0,0,0,0,0,0]
	first Hamiltonian is constructed, non-zero numbers = 2178478298
	PARPACK diagonalization completed after 165 matrix-vector product operations.
	iteration results: : total energy is -11.868836 | electron energy -11.868836 + phonon energy 0.000000 | electron momentum kIdx = 0
	Nq(0) = 12.25,	Nq(1) = 0.154193,	Nq(2) = 0.185311,	Nq(3) = 0.154193,	Nq(4) = 0.154193,	Nq(5) = 0.203281,	Nq(6) = 0.235634,	Nq(7) = 0.203281,	Nq(8) = 0.185311,	Nq(9) = 0.235634,	Nq(10) = 0.275446,	Nq(11) = 0.235634,	Nq(12) = 0.154193,	Nq(13) = 0.203281,	Nq(14) = 0.235634,	Nq(15) = 0.203281,	Sq(0) = 1.11096e-18,	Sq(1) = 0.474292,	Sq(2) = 0.766364,	Sq(3) = 0.474292,	Sq(4) = 0.474292,	Sq(5) = 0.630724,	Sq(6) = 1.05279,	Sq(7) = 0.630724,	Sq(8) = 0.766364,	Sq(9) = 1.05279,	Sq(10) = 2.56755,	Sq(11) = 1.05279,	Sq(12) = 0.474292,	Sq(13) = 0.630724,	Sq(14) = 1.05279,	Sq(15) = 0.630724,	N(0) = 1.75464,	N(1) = 1.59086,	N(2) = 0.323321,	N(3) = 1.59086,	N(4) = 1.59086,	N(5) = 0.999881,	N(6) = 0.267546,	N(7) = 0.999881,	N(8) = 0.323321,	N(9) = 0.267546,	N(10) = 0.165565,	N(11) = 0.267546,	N(12) = 1.59086,	N(13) = 0.999881,	N(14) = 0.267546,	N(15) = 0.999881,	Delta[s](0) = 0.0779203,	Delta[s](1) = 0.0585595,	Delta[s](2) = 0.0355549,	Delta[s](3) = 0.0585595,	Delta[s](4) = 0.0585595,	Delta[s](5) = 0.0422048,	Delta[s](6) = 0.0201706,	Delta[s](7) = 0.0422048,	Delta[s](8) = 0.0355549,	Delta[s](9) = 0.0201706,	Delta[s](10) = 0.00148062,	Delta[s](11) = 0.0201706,	Delta[s](12) = 0.0585595,	Delta[s](13) = 0.0422048,	Delta[s](14) = 0.0201706,	Delta[s](15) = 0.0422048,	Delta[d](0) = 0.275957,	Delta[d](1) = 0.191071,	Delta[d](2) = 0.200391,	Delta[d](3) = 0.191071,	Delta[d](4) = 0.191071,	Delta[d](5) = 0.177632,	Delta[d](6) = 0.133413,	Delta[d](7) = 0.177632,	Delta[d](8) = 0.200391,	Delta[d](9) = 0.133413,	Delta[d](10) = 0.0544131,	Delta[d](11) = 0.133413,	Delta[d](12) = 0.191071,	Delta[d](13) = 0.177632,	Delta[d](14) = 0.133413,	Delta[d](15) = 0.177632,	Delta[s+](0) = 0.559206,	Delta[s+](1) = 0.416557,	Delta[s+](2) = 0.200391,	Delta[s+](3) = 0.416557,	Delta[s+](4) = 0.416557,	Delta[s+](5) = 0.291552,	Delta[s+](6) = 0.127023,	Delta[s+](7) = 0.291552,	Delta[s+](8) = 0.200391,	Delta[s+](9) = 0.127023,	Delta[s+](10) = 0.0391347,	Delta[s+](11) = 0.127023,	Delta[s+](12) = 0.416557,	Delta[s+](13) = 0.291552,	Delta[s+](14) = 0.127023,	Delta[s+](15) = 0.291552
The 0-th iteration is completed.	|| time cost : 0h 6m 33.41s
********************************************************************************************************************
Start the 1 rounds of NGS-ED iteration
	effective electronic model is modified as: kinetic energy t = 0.99053
	                                           effective interaction Vq = [-0.345326,-0.328901,-0.316875,-0.328901,-0.328901, -0.31958,-0.311359, -0.31958,-0.316875,-0.311359,-0.306252,-0.311359,-0.328901, -0.31958,-0.311359, -0.31958]
	PARPACK diagonalization completed after 60 matrix-vector product operations.
	iteration results: : total energy is -16.916272 | electron energy -16.916338 + phonon energy 0.000065 | electron momentum kIdx = 0
The 1-th iteration is completed.	|| time cost : 0h 5m 20.804s
********************************************************************************************************************
Start the 2 rounds of NGS-ED iteration
	effective electronic model is modified as: kinetic energy t = 0.988152
	                                           effective interaction Vq = [-0.359402, -0.34673,-0.334088, -0.34673, -0.34673,-0.337234,-0.328081,-0.337234,-0.334088,-0.328081,-0.322262,-0.328081, -0.34673,-0.337234,-0.328081,-0.337234]
	PARPACK diagonalization completed after 45 matrix-vector product operations.
	iteration results: : total energy is -17.101367 | electron energy -17.101544 + phonon energy 0.000178 | electron momentum kIdx = 0
The 2-th iteration is completed.	|| time cost : 0h 0m 24.437s
********************************************************************************************************************
Start the 3 rounds of NGS-ED iteration
	effective electronic model is modified as: kinetic energy t = 0.987849
	                                           effective interaction Vq = [-0.359976,-0.348691,-0.335837,-0.348691,-0.348691,-0.339079, -0.32969,-0.339079,-0.335837, -0.32969,-0.323713, -0.32969,-0.348691,-0.339079, -0.32969,-0.339079]
	PARPACK diagonalization completed after 45 matrix-vector product operations.
	iteration results: : total energy is -17.108596 | electron energy -17.108798 + phonon energy 0.000202 | electron momentum kIdx = 0
The 3-th iteration is completed.	|| time cost : 0h 0m 24.427s
********************************************************************************************************************
Start the 4 rounds of NGS-ED iteration
	effective electronic model is modified as: kinetic energy t = 0.987812
	                                           effective interaction Vq = [-0.359999,-0.348962,-0.336039,-0.348962,-0.348962,-0.339303,-0.329863,-0.339303,-0.336039,-0.329863,-0.323857,-0.329863,-0.348962,-0.339303,-0.329863,-0.339303]
	PARPACK diagonalization completed after 30 matrix-vector product operations.
	iteration results: : total energy is -17.108886 | electron energy -17.109091 + phonon energy 0.000205 | electron momentum kIdx = 0
The 4-th iteration is completed.	|| time cost : 0h 0m 21.682s
********************************************************************************************************************
Start the 5 rounds of NGS-ED iteration
	effective electronic model is modified as: kinetic energy t = 0.987807
	                                           effective interaction Vq = [    -0.36,-0.349001,-0.336063,-0.349001,-0.349001,-0.339331,-0.329881,-0.339331,-0.336063,-0.329881,-0.323872,-0.329881,-0.349001,-0.339331,-0.329881,-0.339331]
	PARPACK diagonalization completed after 30 matrix-vector product operations.
	iteration results: : total energy is -17.108897 | electron energy -17.109103 + phonon energy 0.000206 | electron momentum kIdx = 0
	Nq(0) = 12.25,	Nq(1) = 0.159474,	Nq(2) = 0.194265,	Nq(3) = 0.159474,	Nq(4) = 0.159474,	Nq(5) = 0.214187,	Nq(6) = 0.248625,	Nq(7) = 0.214187,	Nq(8) = 0.194265,	Nq(9) = 0.248625,	Nq(10) = 0.290785,	Nq(11) = 0.248625,	Nq(12) = 0.159474,	Nq(13) = 0.214187,	Nq(14) = 0.248625,	Nq(15) = 0.214187,	Sq(0) = 1.06433e-17,	Sq(1) = 0.474803,	Sq(2) = 0.756298,	Sq(3) = 0.474803,	Sq(4) = 0.474803,	Sq(5) = 0.625146,	Sq(6) = 1.02932,	Sq(7) = 0.625146,	Sq(8) = 0.756298,	Sq(9) = 1.02932,	Sq(10) = 2.55188,	Sq(11) = 1.02932,	Sq(12) = 0.474803,	Sq(13) = 0.625146,	Sq(14) = 1.02932,	Sq(15) = 0.625146,	N(0) = 1.77851,	N(1) = 1.62347,	N(2) = 0.293615,	N(3) = 1.62347,	N(4) = 1.62347,	N(5) = 0.999697,	N(6) = 0.248125,	N(7) = 0.999697,	N(8) = 0.293615,	N(9) = 0.248125,	N(10) = 0.149097,	N(11) = 0.248125,	N(12) = 1.62347,	N(13) = 0.999697,	N(14) = 0.248125,	N(15) = 0.999697,	Delta[s](0) = 0.0859337,	Delta[s](1) = 0.0648986,	Delta[s](2) = 0.039815,	Delta[s](3) = 0.0648986,	Delta[s](4) = 0.0648986,	Delta[s](5) = 0.0473709,	Delta[s](6) = 0.0231156,	Delta[s](7) = 0.0473709,	Delta[s](8) = 0.039815,	Delta[s](9) = 0.0231156,	Delta[s](10) = 0.00212523,	Delta[s](11) = 0.0231156,	Delta[s](12) = 0.0648986,	Delta[s](13) = 0.0473709,	Delta[s](14) = 0.0231156,	Delta[s](15) = 0.0473709,	Delta[d](0) = 0.271549,	Delta[d](1) = 0.185621,	Delta[d](2) = 0.197456,	Delta[d](3) = 0.185621,	Delta[d](4) = 0.185621,	Delta[d](5) = 0.174049,	Delta[d](6) = 0.130011,	Delta[d](7) = 0.174049,	Delta[d](8) = 0.197456,	Delta[d](9) = 0.130011,	Delta[d](10) = 0.0510154,	Delta[d](11) = 0.130011,	Delta[d](12) = 0.185621,	Delta[d](13) = 0.174049,	Delta[d](14) = 0.130011,	Delta[d](15) = 0.174049,	Delta[s+](0) = 0.563422,	Delta[s+](1) = 0.419245,	Delta[s+](2) = 0.197456,	Delta[s+](3) = 0.419245,	Delta[s+](4) = 0.419245,	Delta[s+](5) = 0.292247,	Delta[s+](6) = 0.12437,	Delta[s+](7) = 0.292247,	Delta[s+](8) = 0.197456,	Delta[s+](9) = 0.12437,	Delta[s+](10) = 0.0367908,	Delta[s+](11) = 0.12437,	Delta[s+](12) = 0.419245,	Delta[s+](13) = 0.292247,	Delta[s+](14) = 0.12437,	Delta[s+](15) = 0.292247
The 5-th iteration is completed.	|| time cost : 0h 4m 12.94s
********************************************************************************************************************
********************************************************************************************************************
Ground state is obtained after 6 iterations. The current ground-state energy is -17.1089, in which electron energy is -17.1091 and phonon energy is 0.000205528
final variational state is: 
	Gamma_x = [      1,1.00104,1.00167,1.00104,1.00104,1.00176, 1.0023,1.00176,1.00167, 1.0023,1.00284, 1.0023,1.00104,1.00176, 1.0023,1.00176]
	lambda_q = [ 0.14999,0.123788,0.111324,0.123788,0.123788,0.114061,0.106615,0.114061,0.111324,0.106615,0.102482,0.106615,0.123788,0.114061,0.106615,0.114061]
The effective e-e interactions mediated by phonons are: [    0.36,0.349007,0.336066,0.349007,0.349007,0.339334,0.329883,0.339334,0.336066,0.329883,0.323873,0.329883,0.349007,0.339334,0.329883,0.339334]
The real-space interactions mediated by phonons are: [    -5.4289, -0.0575412, 0.00194707,-0.00496283, -0.0743732, -0.0256617, 0.00194707,-0.00756978, 0.00133187,-0.00756978, 0.00194707, -0.0256617, -0.0743732,-0.00496283, 0.00194707, -0.0575412]
********************************************************************************************************************
o___o  ----------------------------------------
| L |	Time since last clock: 0h 0m 0s
A===A	Time since the beginning: 0h 17m 17.703s
***********************************************

********************************************************************************************************************
Start warm-up calculation for scaling factor 32
open output files: NGSEDWarmUpW8Obs.txt
********************************************************************************************************************
Start the 0 rounds of NGS-ED iteration
	effective electronic model is modified as: kinetic energy t = 0.987806
	                                           effective interaction Vq = [-0.329107,-0.297562,-0.278701,-0.297562,-0.297562,-0.283057,-0.270929,-0.283057,-0.278701,-0.270929,-0.263816,-0.270929,-0.297562,-0.283057,-0.270929,-0.283057]
	PARPACK diagonalization completed after 60 matrix-vector product operations.
	iteration results: : total energy is -16.552050 | electron energy -16.552153 + phonon energy 0.000103 | electron momentum kIdx = 0
	Nq(0) = 12.25,	Nq(1) = 0.158458,	Nq(2) = 0.192374,	Nq(3) = 0.158458,	Nq(4) = 0.158458,	Nq(5) = 0.21189,	Nq(6) = 0.245827,	Nq(7) = 0.21189,	Nq(8) = 0.192374,	Nq(9) = 0.245827,	Nq(10) = 0.287467,	Nq(11) = 0.245827,	Nq(12) = 0.158458,	Nq(13) = 0.21189,	Nq(14) = 0.245827,	Nq(15) = 0.21189,	Sq(0) = -5.14621e-18,	Sq(1) = 0.474627,	Sq(2) = 0.758367,	Sq(3) = 0.474627,	Sq(4) = 0.474627,	Sq(5) = 0.62622,	Sq(6) = 1.03426,	Sq(7) = 0.62622,	Sq(8) = 0.758367,	Sq(9) = 1.03426,	Sq(10) = 2.55593,	Sq(11) = 1.03426,	Sq(12) = 0.474627,	Sq(13) = 0.62622,	Sq(14) = 1.03426,	Sq(15) = 0.62622,	N(0) = 1.7737,	N(1) = 1.61683,	N(2) = 0.299573,	N(3) = 1.61683,	N(4) = 1.61683,	N(5) = 0.999711,	N(6) = 0.252132,	N(7) = 0.999711,	N(8) = 0.299573,	N(9) = 0.252132,	N(10) = 0.152476,	N(11) = 0.252132,	N(12) = 1.61683,	N(13) = 0.999711,	N(14) = 0.252132,	N(15) = 0.999711,	Delta[s](0) = 0.0837871,	Delta[s](1) = 0.0633396,	Delta[s](2) = 0.0389768,	Delta[s](3) = 0.0633396,	Delta[s](4) = 0.0633396,	Delta[s](5) = 0.0462438,	Delta[s](6) = 0.0227294,	Delta[s](7) = 0.0462438,	Delta[s](8) = 0.0389768,	Delta[s](9) = 0.0227294,	Delta[s](10) = 0.00246456,	Delta[s](11) = 0.0227294,	Delta[s](12) = 0.0633396,	Delta[s](13) = 0.0462438,	Delta[s](14) = 0.0227294,	Delta[s](15) = 0.0462438,	Delta[d](0) = 0.273512,	Delta[d](1) = 0.187977,	Delta[d](2) = 0.199115,	Delta[d](3) = 0.187977,	Delta[d](4) = 0.187977,	Delta[d](5) = 0.175875,	Delta[d](6) = 0.131594,	Delta[d](7) = 0.175875,	Delta[d](8) = 0.199115,	Delta[d](9) = 0.131594,	Delta[d](10) = 0.0523031,	Delta[d](11) = 0.131594,	Delta[d](12) = 0.187977,	Delta[d](13) = 0.175875,	Delta[d](14) = 0.131594,	Delta[d](15) = 0.175875,	Delta[s+](0) = 0.564452,	Delta[s+](1) = 0.420157,	Delta[s+](2) = 0.199115,	Delta[s+](3) = 0.420157,	Delta[s+](4) = 0.420157,	Delta[s+](5) = 0.293285,	Delta[s+](6) = 0.125753,	Delta[s+](7) = 0.293285,	Delta[s+](8) = 0.199115,	Delta[s+](9) = 0.125753,	Delta[s+](10) = 0.0377761,	Delta[s+](11) = 0.125753,	Delta[s+](12) = 0.420157,	Delta[s+](13) = 0.293285,	Delta[s+](14) = 0.125753,	Delta[s+](15) = 0.293285
The 0-th iteration is completed.	|| time cost : 0h 4m 3.818s
********************************************************************************************************************
Start the 1 rounds of NGS-ED iteration
	effective electronic model is modified as: kinetic energy t = 0.98549
	                                           effective interaction Vq = [-0.353763, -0.31956,-0.294435, -0.31956, -0.31956,-0.300299,-0.283728,-0.300299,-0.294435,-0.283728,-0.273929,-0.283728, -0.31956,-0.300299,-0.283728,-0.300299]
	PARPACK diagonalization completed after 45 matrix-vector product operations.
	iteration results: : total energy is -16.863587 | electron energy -16.863993 + phonon energy 0.000406 | electron momentum kIdx = 0
The 1-th iteration is completed.	|| time cost : 0h 0m 24.494s
********************************************************************************************************************
Start the 2 rounds of NGS-ED iteration
	effective electronic model is modified as: kinetic energy t = 0.984815
	                                           effective interaction Vq = [-0.358741, -0.32567,-0.298331, -0.32567, -0.32567,-0.304716,-0.286724,-0.304716,-0.298331,-0.286724,-0.276176,-0.286724, -0.32567,-0.304716,-0.286724,-0.304716]
	PARPACK diagonalization completed after 45 matrix-vector product operations.
	iteration results: : total energy is -16.925387 | electron energy -16.925942 + phonon energy 0.000555 | electron momentum kIdx = 0
The 2-th iteration is completed.	|| time cost : 0h 0m 24.528s
********************************************************************************************************************
Start the 3 rounds of NGS-ED iteration
	effective electronic model is modified as: kinetic energy t = 0.984623
	                                           effective interaction Vq = [-0.359746,-0.327545, -0.29935,-0.327545,-0.327545,-0.305919,-0.287455,-0.305919, -0.29935,-0.287455,-0.276694,-0.287455,-0.327545,-0.305919,-0.287455,-0.305919]
	PARPACK diagonalization completed after 30 matrix-vector product operations.
	iteration results: : total energy is -16.937773 | electron energy -16.938379 + phonon energy 0.000606 | electron momentum kIdx = 0
The 3-th iteration is completed.	|| time cost : 0h 0m 21.652s
********************************************************************************************************************
Start the 4 rounds of NGS-ED iteration
	effective electronic model is modified as: kinetic energy t = 0.984568
	                                           effective interaction Vq = [-0.359949,-0.328142, -0.29962,-0.328142,-0.328142,-0.306253,-0.287637,-0.306253, -0.29962,-0.287637,-0.276816,-0.287637,-0.328142,-0.306253,-0.287637,-0.306253]
	PARPACK diagonalization completed after 30 matrix-vector product operations.
	iteration results: : total energy is -16.940265 | electron energy -16.940887 + phonon energy 0.000622 | electron momentum kIdx = 0
The 4-th iteration is completed.	|| time cost : 0h 0m 21.66s
********************************************************************************************************************
Start the 5 rounds of NGS-ED iteration
	effective electronic model is modified as: kinetic energy t = 0.984552
	                                           effective interaction Vq = [ -0.35999,-0.328334,-0.299692,-0.328334,-0.328334,-0.306346,-0.287682,-0.306346,-0.299692,-0.287682,-0.276845,-0.287682,-0.328334,-0.306346,-0.287682,-0.306346]
	PARPACK diagonalization completed after 30 matrix-vector product operations.
	iteration results: : total energy is -16.940768 | electron energy -16.941395 + phonon energy 0.000627 | electron momentum kIdx = 0
The 5-th iteration is completed.	|| time cost : 0h 0m 21.662s
********************************************************************************************************************
Start the 6 rounds of NGS-ED iteration
	effective electronic model is modified as: kinetic energy t = 0.984547
	                                           effective interaction Vq = [-0.359998,-0.328396,-0.299712,-0.328396,-0.328396,-0.306372,-0.287693,-0.306372,-0.299712,-0.287693,-0.276852,-0.287693,-0.328396,-0.306372,-0.287693,-0.306372]
	PARPACK diagonalization completed after 30 matrix-vector product operations.
	iteration results: : total energy is -16.940869 | electron energy -16.941497 + phonon energy 0.000628 | electron momentum kIdx = 0
	Nq(0) = 12.25,	Nq(1) = 0.158751,	Nq(2) = 0.192642,	Nq(3) = 0.158751,	Nq(4) = 0.158751,	Nq(5) = 0.212238,	Nq(6) = 0.246136,	Nq(7) = 0.212238,	Nq(8) = 0.192642,	Nq(9) = 0.246136,	Nq(10) = 0.287766,	Nq(11) = 0.246136,	Nq(12) = 0.158751,	Nq(13) = 0.212238,	Nq(14) = 0.246136,	Nq(15) = 0.212238,	Sq(0) = 2.12627e-18,	Sq(1) = 0.474513,	Sq(2) = 0.758048,	Sq(3) = 0.474513,	Sq(4) = 0.474513,	Sq(5) = 0.626038,	Sq(6) = 1.03367,	Sq(7) = 0.626038,	Sq(8) = 0.758048,	Sq(9) = 1.03367,	Sq(10) = 2.55547,	Sq(11) = 1.03367,	Sq(12) = 0.474513,	Sq(13) = 0.626038,	Sq(14) = 1.03367,	Sq(15) = 0.626038,	N(0) = 1.7744,	N(1) = 1.61786,	N(2) = 0.298627,	N(3) = 1.61786,	N(4) = 1.61786,	N(5) = 0.999669,	N(6) = 0.251542,	N(7) = 0.999669,	N(8) = 0.298627,	N(9) = 0.251542,	N(10) = 0.152062,	N(11) = 0.251542,	N(12) = 1.61786,	N(13) = 0.999669,	N(14) = 0.251542,	N(15) = 0.999669,	Delta[s](0) = 0.0838916,	Delta[s](1) = 0.0634657,	Delta[s](2) = 0.0391232,	Delta[s](3) = 0.0634657,	Delta[s](4) = 0.0634657,	Delta[s](5) = 0.0463928,	Delta[s](6) = 0.0228932,	Delta[s](7) = 0.0463928,	Delta[s](8) = 0.0391232,	Delta[s](9) = 0.0228932,	Delta[s](10) = 0.00263057,	Delta[s](11) = 0.0228932,	Delta[s](12) = 0.0634657,	Delta[s](13) = 0.0463928,	Delta[s](14) = 0.0228932,	Delta[s](15) = 0.0463928,	Delta[d](0) = 0.274488,	Delta[d](1) = 0.188626,	Delta[d](2) = 0.199781,	Delta[d](3) = 0.188626,	Delta[d](4) = 0.188626,	Delta[d](5) = 0.176489,	Delta[d](6) = 0.132044,	Delta[d](7) = 0.176489,	Delta[d](8) = 0.199781,	Delta[d](9) = 0.132044,	Delta[d](10) = 0.052515,	Delta[d](11) = 0.132044,	Delta[d](12) = 0.188626,	Delta[d](13) = 0.176489,	Delta[d](14) = 0.132044,	Delta[d](15) = 0.176489,	Delta[s+](0) = 0.56638,	Delta[s+](1) = 0.421589,	Delta[s+](2) = 0.199781,	Delta[s+](3) = 0.421589,	Delta[s+](4) = 0.421589,	Delta[s+](5) = 0.294283,	Delta[s+](6) = 0.126193,	Delta[s+](7) = 0.294283,	Delta[s+](8) = 0.199781,	Delta[s+](9) = 0.126193,	Delta[s+](10) = 0.0379438,	Delta[s+](11) = 0.126193,	Delta[s+](12) = 0.421589,	Delta[s+](13) = 0.294283,	Delta[s+](14) = 0.126193,	Delta[s+](15) = 0.294283
The 6-th iteration is completed.	|| time cost : 0h 3m 58.835s
********************************************************************************************************************
********************************************************************************************************************
Ground state is obtained after 7 iterations. The current ground-state energy is -16.9409, in which electron energy is -16.9415 and phonon energy is 0.000628302
final variational state is: 
	Gamma_x = [      1,1.00298, 1.0042,1.00298,1.00298,1.00454,1.00549,1.00454, 1.0042,1.00549,1.00649,1.00549,1.00298,1.00454,1.00549,1.00454]
	lambda_q = [0.211902,  0.1493,0.125326,  0.1493,  0.1493,0.130263,0.117064,0.130263,0.125326,0.117064,0.110184,0.117064,  0.1493,0.130263,0.117064,0.130263]
The effective e-e interactions mediated by phonons are: [    0.36,0.328417,0.299717,0.328417,0.328417,0.306379,0.287696,0.306379,0.299717,0.287696,0.276853,0.287696,0.328417,0.306379,0.287696,0.306379]
The real-space interactions mediated by phonons are: [   -4.92626,  -0.129653,-0.00288337, -0.0220777,  -0.164587, -0.0661532,-0.00288337, -0.0232457, -0.0107697, -0.0232457,-0.00288337, -0.0661532,  -0.164587, -0.0220777,-0.00288337,  -0.129653]
********************************************************************************************************************
o___o  ----------------------------------------
| L |	Time since last clock: 0h 0m 0s
A===A	Time since the beginning: 0h 27m 14.355s
***********************************************

********************************************************************************************************************
Start warm-up calculation for scaling factor 16
open output files: NGSEDWarmUpW4Obs.txt
********************************************************************************************************************
Start the 0 rounds of NGS-ED iteration
	effective electronic model is modified as: kinetic energy t = 0.984546
	                                           effective interaction Vq = [-0.328955,-0.269158,-0.237955,-0.269158,-0.269158,-0.244757,-0.226137,-0.244757,-0.237955,-0.226137, -0.21588,-0.226137,-0.269158,-0.244757,-0.226137,-0.244757]
	PARPACK diagonalization completed after 60 matrix-vector product operations.
	iteration results: : total energy is -16.370036 | electron energy -16.370350 + phonon energy 0.000314 | electron momentum kIdx = 0
	Nq(0) = 12.25,	Nq(1) = 0.157636,	Nq(2) = 0.190652,	Nq(3) = 0.157636,	Nq(4) = 0.157636,	Nq(5) = 0.209815,	Nq(6) = 0.243236,	Nq(7) = 0.209815,	Nq(8) = 0.190652,	Nq(9) = 0.243236,	Nq(10) = 0.28435,	Nq(11) = 0.243236,	Nq(12) = 0.157636,	Nq(13) = 0.209815,	Nq(14) = 0.243236,	Nq(15) = 0.209815,	Sq(0) = 2.4495e-18,	Sq(1) = 0.474354,	Sq(2) = 0.76024,	Sq(3) = 0.474354,	Sq(4) = 0.474354,	Sq(5) = 0.627208,	Sq(6) = 1.03888,	Sq(7) = 0.627208,	Sq(8) = 0.76024,	Sq(9) = 1.03888,	Sq(10) = 2.55935,	Sq(11) = 1.03888,	Sq(12) = 0.474354,	Sq(13) = 0.627208,	Sq(14) = 1.03888,	Sq(15) = 0.627208,	N(0) = 1.76925,	N(1) = 1.61077,	N(2) = 0.305047,	N(3) = 1.61077,	N(4) = 1.61077,	N(5) = 0.999693,	N(6) = 0.255788,	N(7) = 0.999693,	N(8) = 0.305047,	N(9) = 0.255788,	N(10) = 0.155652,	N(11) = 0.255788,	N(12) = 1.61077,	N(13) = 0.999693,	N(14) = 0.255788,	N(15) = 0.999693,	Delta[s](0) = 0.082032,	Delta[s](1) = 0.0620222,	Delta[s](2) = 0.0381986,	Delta[s](3) = 0.0620222,	Delta[s](4) = 0.0620222,	Delta[s](5) = 0.0452388,	Delta[s](6) = 0.0222868,	Delta[s](7) = 0.0452388,	Delta[s](8) = 0.0381986,	Delta[s](9) = 0.0222868,	Delta[s](10) = 0.0025799,	Delta[s](11) = 0.0222868,	Delta[s](12) = 0.0620222,	Delta[s](13) = 0.0452388,	Delta[s](14) = 0.0222868,	Delta[s](15) = 0.0452388,	Delta[d](0) = 0.276867,	Delta[d](1) = 0.190999,	Delta[d](2) = 0.201554,	Delta[d](3) = 0.190999,	Delta[d](4) = 0.190999,	Delta[d](5) = 0.17833,	Delta[d](6) = 0.133601,	Delta[d](7) = 0.17833,	Delta[d](8) = 0.201554,	Delta[d](9) = 0.133601,	Delta[d](10) = 0.0536516,	Delta[d](11) = 0.133601,	Delta[d](12) = 0.190999,	Delta[d](13) = 0.17833,	Delta[d](14) = 0.133601,	Delta[d](15) = 0.17833,	Delta[s+](0) = 0.568297,	Delta[s+](1) = 0.423131,	Delta[s+](2) = 0.201554,	Delta[s+](3) = 0.423131,	Delta[s+](4) = 0.423131,	Delta[s+](5) = 0.295666,	Delta[s+](6) = 0.127541,	Delta[s+](7) = 0.295666,	Delta[s+](8) = 0.201554,	Delta[s+](9) = 0.127541,	Delta[s+](10) = 0.038768,	Delta[s+](11) = 0.127541,	Delta[s+](12) = 0.423131,	Delta[s+](13) = 0.295666,	Delta[s+](14) = 0.127541,	Delta[s+](15) = 0.295666
The 0-th iteration is completed.	|| time cost : 0h 4m 4.709s
********************************************************************************************************************
Start the 1 rounds of NGS-ED iteration
	effective electronic model is modified as: kinetic energy t = 0.984471
	                                           effective interaction Vq = [-0.346051,-0.277587,-0.238237,-0.277587,-0.277587, -0.24675,-0.223317, -0.24675,-0.238237,-0.223317,-0.210524,-0.223317,-0.277587, -0.24675,-0.223317, -0.24675]
	PARPACK diagonalization completed after 45 matrix-vector product operations.
	iteration results: : total energy is -16.580566 | electron energy -16.581310 + phonon energy 0.000744 | electron momentum kIdx = 0
The 1-th iteration is completed.	|| time cost : 0h 0m 24.455s
********************************************************************************************************************
Start the 2 rounds of NGS-ED iteration
	effective electronic model is modified as: kinetic energy t = 0.984382
	                                           effective interaction Vq = [-0.353732,-0.281561, -0.23844,-0.281561,-0.281561,-0.247654,-0.222436,-0.247654, -0.23844,-0.222436,-0.208918,-0.222436,-0.281561,-0.247654,-0.222436,-0.247654]
	PARPACK diagonalization completed after 45 matrix-vector product operations.
	iteration results: : total energy is -16.674898 | electron energy -16.675894 + phonon energy 0.000996 | electron momentum kIdx = 0
The 2-th iteration is completed.	|| time cost : 0h 0m 24.459s
********************************************************************************************************************
Start the 3 rounds of NGS-ED iteration
	effective electronic model is modified as: kinetic energy t = 0.984322
	                                           effective interaction Vq = [-0.357184,-0.283472,-0.238562,-0.283472,-0.283472,-0.248067,-0.222176,-0.248067,-0.238562,-0.222176,-0.208455,-0.222176,-0.283472,-0.248067,-0.222176,-0.248067]
	PARPACK diagonalization completed after 45 matrix-vector product operations.
	iteration results: : total energy is -16.717232 | electron energy -16.718357 + phonon energy 0.001125 | electron momentum kIdx = 0
The 3-th iteration is completed.	|| time cost : 0h 0m 24.449s
********************************************************************************************************************
Start the 4 rounds of NGS-ED iteration
	effective electronic model is modified as: kinetic energy t = 0.984288
	                                           effective interaction Vq = [-0.358735,-0.284402,-0.238629,-0.284402,-0.284402,-0.248258,-0.222106,-0.248258,-0.238629,-0.222106,-0.208328,-0.222106,-0.284402,-0.248258,-0.222106,-0.248258]
	PARPACK diagonalization completed after 45 matrix-vector product operations.
	iteration results: : total energy is -16.736242 | electron energy -16.737431 + phonon energy 0.001188 | electron momentum kIdx = 0
The 4-th iteration is completed.	|| time cost : 0h 0m 24.477s
********************************************************************************************************************
Start the 5 rounds of NGS-ED iteration
	effective electronic model is modified as: kinetic energy t = 0.98427
	                                           effective interaction Vq = [-0.359431,-0.284857,-0.238664,-0.284857,-0.284857,-0.248346,-0.222091,-0.248346,-0.238664,-0.222091,-0.208296,-0.222091,-0.284857,-0.248346,-0.222091,-0.248346]
	PARPACK diagonalization completed after 30 matrix-vector product operations.
	iteration results: : total energy is -16.744782 | electron energy -16.746001 + phonon energy 0.001219 | electron momentum kIdx = 0
The 5-th iteration is completed.	|| time cost : 0h 0m 21.665s
********************************************************************************************************************
Start the 6 rounds of NGS-ED iteration
	effective electronic model is modified as: kinetic energy t = 0.98426
	                                           effective interaction Vq = [-0.359745,-0.285081,-0.238682,-0.285081,-0.285081,-0.248387, -0.22209,-0.248387,-0.238682, -0.22209, -0.20829, -0.22209,-0.285081,-0.248387, -0.22209,-0.248387]
	PARPACK diagonalization completed after 30 matrix-vector product operations.
	iteration results: : total energy is -16.748618 | electron energy -16.749852 + phonon energy 0.001234 | electron momentum kIdx = 0
The 6-th iteration is completed.	|| time cost : 0h 0m 21.666s
********************************************************************************************************************
Start the 7 rounds of NGS-ED iteration
	effective electronic model is modified as: kinetic energy t = 0.984255
	                                           effective interaction Vq = [-0.359885,-0.285191,-0.238691,-0.285191,-0.285191,-0.248406,-0.222092,-0.248406,-0.238691,-0.222092, -0.20829,-0.222092,-0.285191,-0.248406,-0.222092,-0.248406]
	PARPACK diagonalization completed after 30 matrix-vector product operations.
	iteration results: : total energy is -16.750342 | electron energy -16.751582 + phonon energy 0.001241 | electron momentum kIdx = 0
The 7-th iteration is completed.	|| time cost : 0h 0m 21.641s
********************************************************************************************************************
Start the 8 rounds of NGS-ED iteration
	effective electronic model is modified as: kinetic energy t = 0.984253
	                                           effective interaction Vq = [-0.359948,-0.285245,-0.238695,-0.285245,-0.285245,-0.248415,-0.222093,-0.248415,-0.238695,-0.222093,-0.208291,-0.222093,-0.285245,-0.248415,-0.222093,-0.248415]
	PARPACK diagonalization completed after 30 matrix-vector product operations.
	iteration results: : total energy is -16.751116 | electron energy -16.752360 + phonon energy 0.001244 | electron momentum kIdx = 0
The 8-th iteration is completed.	|| time cost : 0h 0m 21.699s
********************************************************************************************************************
Start the 9 rounds of NGS-ED iteration
	effective electronic model is modified as: kinetic energy t = 0.984252
	                                           effective interaction Vq = [-0.359977,-0.285272,-0.238698,-0.285272,-0.285272,-0.248419,-0.222094,-0.248419,-0.238698,-0.222094,-0.208291,-0.222094,-0.285272,-0.248419,-0.222094,-0.248419]
	PARPACK diagonalization completed after 30 matrix-vector product operations.
	iteration results: : total energy is -16.751464 | electron energy -16.752710 + phonon energy 0.001246 | electron momentum kIdx = 0
The 9-th iteration is completed.	|| time cost : 0h 0m 21.658s
********************************************************************************************************************
Start the 10 rounds of NGS-ED iteration
	effective electronic model is modified as: kinetic energy t = 0.984251
	                                           effective interaction Vq = [ -0.35999,-0.285285,-0.238699,-0.285285,-0.285285,-0.248421,-0.222094,-0.248421,-0.238699,-0.222094,-0.208292,-0.222094,-0.285285,-0.248421,-0.222094,-0.248421]
	PARPACK diagonalization completed after 30 matrix-vector product operations.
	iteration results: : total energy is -16.751620 | electron energy -16.752867 + phonon energy 0.001247 | electron momentum kIdx = 0
	Nq(0) = 12.25,	Nq(1) = 0.157834,	Nq(2) = 0.190626,	Nq(3) = 0.157834,	Nq(4) = 0.157834,	Nq(5) = 0.209808,	Nq(6) = 0.243113,	Nq(7) = 0.209808,	Nq(8) = 0.190626,	Nq(9) = 0.243113,	Nq(10) = 0.284155,	Nq(11) = 0.243113,	Nq(12) = 0.157834,	Nq(13) = 0.209808,	Nq(14) = 0.243113,	Nq(15) = 0.209808,	Sq(0) = -1.44228e-18,	Sq(1) = 0.474157,	Sq(2) = 0.760216,	Sq(3) = 0.474157,	Sq(4) = 0.474157,	Sq(5) = 0.627172,	Sq(6) = 1.0391,	Sq(7) = 0.627172,	Sq(8) = 0.760216,	Sq(9) = 1.0391,	Sq(10) = 2.55941,	Sq(11) = 1.0391,	Sq(12) = 0.474157,	Sq(13) = 0.627172,	Sq(14) = 1.0391,	Sq(15) = 0.627172,	N(0) = 1.76923,	N(1) = 1.61084,	N(2) = 0.305003,	N(3) = 1.61084,	N(4) = 1.61084,	N(5) = 0.999632,	N(6) = 0.255781,	N(7) = 0.999632,	N(8) = 0.305003,	N(9) = 0.255781,	N(10) = 0.155766,	N(11) = 0.255781,	N(12) = 1.61084,	N(13) = 0.999632,	N(14) = 0.255781,	N(15) = 0.999632,	Delta[s](0) = 0.0819996,	Delta[s](1) = 0.0620082,	Delta[s](2) = 0.0382013,	Delta[s](3) = 0.0620082,	Delta[s](4) = 0.0620082,	Delta[s](5) = 0.0452371,	Delta[s](6) = 0.0223038,	Delta[s](7) = 0.0452371,	Delta[s](8) = 0.0382013,	Delta[s](9) = 0.0223038,	Delta[s](10) = 0.00261621,	Delta[s](11) = 0.0223038,	Delta[s](12) = 0.0620082,	Delta[s](13) = 0.0452371,	Delta[s](14) = 0.0223038,	Delta[s](15) = 0.0452371,	Delta[d](0) = 0.27975,	Delta[d](1) = 0.192871,	Delta[d](2) = 0.203437,	Delta[d](3) = 0.192871,	Delta[d](4) = 0.192871,	Delta[d](5) = 0.180027,	Delta[d](6) = 0.134861,	Delta[d](7) = 0.180027,	Delta[d](8) = 0.203437,	Delta[d](9) = 0.134861,	Delta[d](10) = 0.054219,	Delta[d](11) = 0.134861,	Delta[d](12) = 0.192871,	Delta[d](13) = 0.180027,	Delta[d](14) = 0.134861,	Delta[d](15) = 0.180027,	Delta[s+](0) = 0.573474,	Delta[s+](1) = 0.42698,	Delta[s+](2) = 0.203437,	Delta[s+](3) = 0.42698,	Delta[s+](4) = 0.42698,	Delta[s+](5) = 0.298351,	Delta[s+](6) = 0.128737,	Delta[s+](7) = 0.298351,	Delta[s+](8) = 0.203437,	Delta[s+](9) = 0.128737,	Delta[s+](10) = 0.0391672,	Delta[s+](11) = 0.128737,	Delta[s+](12) = 0.42698,	Delta[s+](13) = 0.298351,	Delta[s+](14) = 0.128737,	Delta[s+](15) = 0.298351
The 10-th iteration is completed.	|| time cost : 0h 3m 58.383s
********************************************************************************************************************
********************************************************************************************************************
Ground state is obtained after 11 iterations. The current ground-state energy is -16.7516, in which electron energy is -16.7529 and phonon energy is 0.00124671
final variational state is: 
	Gamma_x = [      1,1.00707,1.00839,1.00707,1.00707,1.00936,1.01037,1.00936,1.00839,1.01037,1.01172,1.01037,1.00707,1.00936,1.01037,1.00936]
	lambda_q = [0.298918,0.163336,0.125859,0.163336,0.163336,0.132983,0.114322,0.132983,0.125859,0.114322,0.105251,0.114322,0.163336,0.132983,0.114322,0.132983]
The effective e-e interactions mediated by phonons are: [0.359995,0.285292,0.238699,0.285292,0.285292,0.248421,0.222095,0.248421,0.238699,0.222095,0.208292,0.222095,0.285292,0.248421,0.222095,0.248421]
The real-space interactions mediated by phonons are: [  -4.06892, -0.225368,-0.0281105,-0.0655931, -0.278098, -0.133997,-0.0281105,-0.0602262,-0.0519995,-0.0602262,-0.0281105, -0.133997, -0.278098,-0.0655931,-0.0281105, -0.225368]
********************************************************************************************************************
o___o  ----------------------------------------
| L |	Time since last clock: 0h 0m 0s
A===A	Time since the beginning: 0h 38m 43.62s
***********************************************

********************************************************************************************************************
Start warm-up calculation for scaling factor 8
open output files: NGSEDWarmUpW2Obs.txt
********************************************************************************************************************
Start the 0 rounds of NGS-ED iteration
	effective electronic model is modified as: kinetic energy t = 0.984251
	                                           effective interaction Vq = [-0.328577,-0.223833,-0.181908,-0.223833,-0.223833,-0.190311,-0.167872,-0.190311,-0.181908,-0.167872,-0.156462,-0.167872,-0.223833,-0.190311,-0.167872,-0.190311]
	PARPACK diagonalization completed after 60 matrix-vector product operations.
	iteration results: : total energy is -16.191603 | electron energy -16.192227 + phonon energy 0.000624 | electron momentum kIdx = 0
