SNEDics v3.4 Non-Gaussian ED ground state program		Start at Fri Sep 27 00:23:39 2019

parallized on 16 MPI threads  * 8 OpenMP threads = 128 total threads.
********************************************************************************************************************
********************************************************************************************************************

********************************************************************************************************************
System parameters and configurations
********************************************************************************************************************
Special program options are enabled: splitted diagonal Hamiltonian
********************************************************************************************************************
Read input file "model_params.in"
	Hubbard-Holstein model parameters : 	t = 1    U = 8    g = 4.1833    W = 5    
********************************************************************************************************************
Read input file "hilbertspace_params.in"
	Requested 16-site 2D lattice, with 12 electrons (6, 6)
	Boundary : Periodic		Hilbert space representation : momentum-space (restricted to kIdx = 0)
	Conservation: particle number[U(1)]      spin[U(1)]     momentum
********************************************************************************************************************

Cluster Positions:				Cluster symmetry group : D4
 x ... x ... x ... x .....                       x ... x ... x ... x .....
 |           |           :                       |           |           :
 |           |           :                       |           |           :
12    13    14    15     x                       1     5     6     5     x
 |           |           :                       |           |           :
 |           |           :                       |           |           :
 8 --- 9 ---10 ---11 --- x                       2 --- 6 ---10 --- 6 --- x
 |           |           :                       |           |           :
 |           |           :                       |           |           :
 4     5     6     7     x                       1     5     6     5     x
 |           |           :                       |           |           :
 |           |           :                       |           |           :
 0 --- 1 --- 2 --- 3 --- x                       0 --- 1 --- 2 --- 1 --- x
orbital number : 1
********************************************************************************************************************
Read input file "obs_params.in"
	Observable Type : Nq(All),   Sq(All),   N(All),   Delta[s](All),   Delta[d](All),   Delta[s+](All)
********************************************************************************************************************
** WARNING ** the input observables have non-local factors which have been reinterpreted. The total observable number is 96
********************************************************************************************************************


********************************************************************************************************************
Start calculating the non-Gaussian ED ground state
** WARNING ** Detected low phonon energy W < 10. The initial state will be prepared through a warm-up process.
********************************************************************************************************************
Start warm-up calculation for scaling factor 2
open output files: NGSEDWarmUpW10Obs.txt
********************************************************************************************************************
Start the 0 rounds of NGS-ED iteration
	effective electronic model is modified as: kinetic energy t = 1
	                                           effective interaction Vq = [-0,-0,-0,-0,-0,-0,-0,-0,-0,-0,-0,-0,-0,-0,-0,-0]
	first Hamiltonian is constructed, non-zero numbers = 969134044
	PARPACK diagonalization completed after 165 matrix-vector product operations.
	iteration results: : total energy is -14.925310 | electron energy -14.925310 + phonon energy 0.000000 | electron momentum kIdx = 0
	Nq(0) = 9,	Nq(1) = 0.191675,	Nq(2) = 0.266183,	Nq(3) = 0.191675,	Nq(4) = 0.191675,	Nq(5) = 0.245517,	Nq(6) = 0.314107,	Nq(7) = 0.245517,	Nq(8) = 0.266183,	Nq(9) = 0.314107,	Nq(10) = 0.369338,	Nq(11) = 0.314107,	Nq(12) = 0.191675,	Nq(13) = 0.245517,	Nq(14) = 0.314107,	Nq(15) = 0.245517,	Sq(0) = 9.70438e-19,	Sq(1) = 0.554662,	Sq(2) = 0.424361,	Sq(3) = 0.554662,	Sq(4) = 0.554662,	Sq(5) = 0.79749,	Sq(6) = 1.01287,	Sq(7) = 0.79749,	Sq(8) = 0.424361,	Sq(9) = 1.01287,	Sq(10) = 0.784303,	Sq(11) = 1.01287,	Sq(12) = 0.554662,	Sq(13) = 0.79749,	Sq(14) = 1.01287,	Sq(15) = 0.79749,	N(0) = 1.76735,	N(1) = 1.6264,	N(2) = 0.74365,	N(3) = 1.6264,	N(4) = 1.6264,	N(5) = 0.392302,	N(6) = 0.144321,	N(7) = 0.392302,	N(8) = 0.74365,	N(9) = 0.144321,	N(10) = 0.0932732,	N(11) = 0.144321,	N(12) = 1.6264,	N(13) = 0.392302,	N(14) = 0.144321,	N(15) = 0.392302,	Delta[s](0) = 0.0538513,	Delta[s](1) = 0.0399861,	Delta[s](2) = 0.0297284,	Delta[s](3) = 0.0399861,	Delta[s](4) = 0.0399861,	Delta[s](5) = 0.0274965,	Delta[s](6) = 0.0153093,	Delta[s](7) = 0.0274965,	Delta[s](8) = 0.0297284,	Delta[s](9) = 0.0153093,	Delta[s](10) = 0.00897442,	Delta[s](11) = 0.0153093,	Delta[s](12) = 0.0399861,	Delta[s](13) = 0.0274965,	Delta[s](14) = 0.0153093,	Delta[s](15) = 0.0274965,	Delta[d](0) = 0.225616,	Delta[d](1) = 0.182124,	Delta[d](2) = 0.220506,	Delta[d](3) = 0.182124,	Delta[d](4) = 0.182124,	Delta[d](5) = 0.129886,	Delta[d](6) = 0.153591,	Delta[d](7) = 0.129886,	Delta[d](8) = 0.220506,	Delta[d](9) = 0.153591,	Delta[d](10) = 0.0904326,	Delta[d](11) = 0.153591,	Delta[d](12) = 0.182124,	Delta[d](13) = 0.129886,	Delta[d](14) = 0.153591,	Delta[d](15) = 0.129886,	Delta[s+](0) = 0.51073,	Delta[s+](1) = 0.350722,	Delta[s+](2) = 0.220506,	Delta[s+](3) = 0.350722,	Delta[s+](4) = 0.350722,	Delta[s+](5) = 0.179837,	Delta[s+](6) = 0.0724345,	Delta[s+](7) = 0.179837,	Delta[s+](8) = 0.220506,	Delta[s+](9) = 0.0724345,	Delta[s+](10) = 0.0239897,	Delta[s+](11) = 0.0724345,	Delta[s+](12) = 0.350722,	Delta[s+](13) = 0.179837,	Delta[s+](14) = 0.0724345,	Delta[s+](15) = 0.179837
The 0-th iteration is completed.	|| time cost : 0h 2m 59.305s
********************************************************************************************************************
Start the 1 rounds of NGS-ED iteration
	effective electronic model is modified as: kinetic energy t = 0.908377
	                                           effective interaction Vq = [-3.02633,-2.83509, -2.7533,-2.83509,-2.83509,-2.73031, -2.6822,-2.73031, -2.7533, -2.6822,-2.63919, -2.6822,-2.83509,-2.73031, -2.6822,-2.73031]
	PARPACK diagonalization completed after 45 matrix-vector product operations.
	iteration results: : total energy is -52.795353 | electron energy -52.801558 + phonon energy 0.006205 | electron momentum kIdx = 0
The 1-th iteration is completed.	|| time cost : 0h 2m 31.862s
********************************************************************************************************************
Start the 2 rounds of NGS-ED iteration
	effective electronic model is modified as: kinetic energy t = 0.853035
	                                           effective interaction Vq = [ -3.4359,-3.28067,-3.17715,-3.28067,-3.28067,-3.14612,-3.12355,-3.14612,-3.17715,-3.12355,-3.10748,-3.12355,-3.28067,-3.14612,-3.12355,-3.14612]
	PARPACK diagonalization completed after 45 matrix-vector product operations.
	iteration results: : total energy is -57.729395 | electron energy -57.778081 + phonon energy 0.048686 | electron momentum kIdx = 0
The 2-th iteration is completed.	|| time cost : 0h 0m 10.513s
********************************************************************************************************************
Start the 3 rounds of NGS-ED iteration
	effective electronic model is modified as: kinetic energy t = 0.832681
	                                           effective interaction Vq = [-3.49132,-3.38039,   -3.28,-3.38039,-3.38039,-3.24573,-3.23708,-3.24573,   -3.28,-3.23708,-3.23485,-3.23708,-3.38039,-3.24573,-3.23708,-3.24573]
	PARPACK diagonalization completed after 30 matrix-vector product operations.
	iteration results: : total energy is -58.382713 | electron energy -58.465886 + phonon energy 0.083172 | electron momentum kIdx = 0
The 3-th iteration is completed.	|| time cost : 0h 0m 8.995s
********************************************************************************************************************
Start the 4 rounds of NGS-ED iteration
	effective electronic model is modified as: kinetic energy t = 0.825658
	                                           effective interaction Vq = [-3.49883,-3.40771,-3.31006,-3.40771,-3.40771, -3.2743,-3.27145, -3.2743,-3.31006,-3.27145,-3.27507,-3.27145,-3.40771, -3.2743,-3.27145, -3.2743]
	PARPACK diagonalization completed after 30 matrix-vector product operations.
	iteration results: : total energy is -58.468452 | electron energy -58.566944 + phonon energy 0.098492 | electron momentum kIdx = 0
The 4-th iteration is completed.	|| time cost : 0h 0m 9.014s
********************************************************************************************************************
Start the 5 rounds of NGS-ED iteration
	effective electronic model is modified as: kinetic energy t = 0.823278
	                                           effective interaction Vq = [-3.49984,-3.41614,-3.31959,-3.41614,-3.41614,-3.28311,-3.28263,-3.28311,-3.31959,-3.28263,-3.28869,-3.28263,-3.41614,-3.28311,-3.28263,-3.28311]
	PARPACK diagonalization completed after 30 matrix-vector product operations.
	iteration results: : total energy is -58.479690 | electron energy -58.583863 + phonon energy 0.104172 | electron momentum kIdx = 0
The 5-th iteration is completed.	|| time cost : 0h 0m 8.996s
********************************************************************************************************************
Start the 6 rounds of NGS-ED iteration
	effective electronic model is modified as: kinetic energy t = 0.822476
	                                           effective interaction Vq = [-3.49998,-3.41887,-3.32271,-3.41887,-3.41887, -3.2859,-3.28637, -3.2859,-3.32271,-3.28637,-3.29345,-3.28637,-3.41887, -3.2859,-3.28637, -3.2859]
	PARPACK diagonalization completed after 30 matrix-vector product operations.
	iteration results: : total energy is -58.481167 | electron energy -58.587325 + phonon energy 0.106158 | electron momentum kIdx = 0
The 6-th iteration is completed.	|| time cost : 0h 0m 8.997s
********************************************************************************************************************
Start the 7 rounds of NGS-ED iteration
	effective electronic model is modified as: kinetic energy t = 0.822206
	                                           effective interaction Vq = [    -3.5,-3.41978,-3.32374,-3.41978,-3.41978,-3.28679,-3.28763,-3.28679,-3.32374,-3.28763,-3.29513,-3.28763,-3.41978,-3.28679,-3.28763,-3.28679]
	PARPACK diagonalization completed after 30 matrix-vector product operations.
	iteration results: : total energy is -58.481362 | electron energy -58.588201 + phonon energy 0.106839 | electron momentum kIdx = 0
The 7-th iteration is completed.	|| time cost : 0h 0m 8.995s
********************************************************************************************************************
Start the 8 rounds of NGS-ED iteration
	effective electronic model is modified as: kinetic energy t = 0.822115
	                                           effective interaction Vq = [    -3.5,-3.42008,-3.32408,-3.42008,-3.42008,-3.28707,-3.28806,-3.28707,-3.32408,-3.28806,-3.29573,-3.28806,-3.42008,-3.28707,-3.28806,-3.28707]
	PARPACK diagonalization completed after 30 matrix-vector product operations.
	iteration results: : total energy is -58.481388 | electron energy -58.588458 + phonon energy 0.107070 | electron momentum kIdx = 0
	Nq(0) = 9,	Nq(1) = 0.33054,	Nq(2) = 0.399395,	Nq(3) = 0.33054,	Nq(4) = 0.33054,	Nq(5) = 0.353387,	Nq(6) = 0.520476,	Nq(7) = 0.353387,	Nq(8) = 0.399395,	Nq(9) = 0.520476,	Nq(10) = 0.696139,	Nq(11) = 0.520476,	Nq(12) = 0.33054,	Nq(13) = 0.353387,	Nq(14) = 0.520476,	Nq(15) = 0.353387,	Sq(0) = -2.08708e-18,	Sq(1) = 0.428676,	Sq(2) = 0.398141,	Sq(3) = 0.428676,	Sq(4) = 0.428676,	Sq(5) = 0.64063,	Sq(6) = 0.730509,	Sq(7) = 0.64063,	Sq(8) = 0.398141,	Sq(9) = 0.730509,	Sq(10) = 0.691919,	Sq(11) = 0.730509,	Sq(12) = 0.428676,	Sq(13) = 0.64063,	Sq(14) = 0.730509,	Sq(15) = 0.64063,	N(0) = 1.98264,	N(1) = 1.9712,	N(2) = 0.657808,	N(3) = 1.9712,	N(4) = 1.9712,	N(5) = 0.189449,	N(6) = 0.0130133,	N(7) = 0.189449,	N(8) = 0.657808,	N(9) = 0.0130133,	N(10) = 0.00709063,	N(11) = 0.0130133,	N(12) = 1.9712,	N(13) = 0.189449,	N(14) = 0.0130133,	N(15) = 0.189449,	Delta[s](0) = 0.160702,	Delta[s](1) = 0.123421,	Delta[s](2) = 0.111923,	Delta[s](3) = 0.123421,	Delta[s](4) = 0.123421,	Delta[s](5) = 0.103823,	Delta[s](6) = 0.0766538,	Delta[s](7) = 0.103823,	Delta[s](8) = 0.111923,	Delta[s](9) = 0.0766538,	Delta[s](10) = 0.0561313,	Delta[s](11) = 0.0766538,	Delta[s](12) = 0.123421,	Delta[s](13) = 0.103823,	Delta[s](14) = 0.0766538,	Delta[s](15) = 0.103823,	Delta[d](0) = 0.231814,	Delta[d](1) = 0.17901,	Delta[d](2) = 0.218722,	Delta[d](3) = 0.17901,	Delta[d](4) = 0.17901,	Delta[d](5) = 0.136176,	Delta[d](6) = 0.142299,	Delta[d](7) = 0.136176,	Delta[d](8) = 0.218722,	Delta[d](9) = 0.142299,	Delta[d](10) = 0.0572837,	Delta[d](11) = 0.142299,	Delta[d](12) = 0.17901,	Delta[d](13) = 0.136176,	Delta[d](14) = 0.142299,	Delta[d](15) = 0.136176,	Delta[s+](0) = 0.506171,	Delta[s+](1) = 0.349507,	Delta[s+](2) = 0.218722,	Delta[s+](3) = 0.349507,	Delta[s+](4) = 0.349507,	Delta[s+](5) = 0.16975,	Delta[s+](6) = 0.0619335,	Delta[s+](7) = 0.16975,	Delta[s+](8) = 0.218722,	Delta[s+](9) = 0.0619335,	Delta[s+](10) = 0.0200507,	Delta[s+](11) = 0.0619335,	Delta[s+](12) = 0.349507,	Delta[s+](13) = 0.16975,	Delta[s+](14) = 0.0619335,	Delta[s+](15) = 0.16975
The 8-th iteration is completed.	|| time cost : 0h 1m 26.677s
********************************************************************************************************************
********************************************************************************************************************
Ground state is obtained after 9 iterations. The current ground-state energy is -58.4814, in which electron energy is -58.5885 and phonon energy is 0.10707
final variational state is: 
	Gamma_x = [      1,1.03009,1.04978,1.03009,1.03009,1.04701,1.06984,1.04701,1.04978,1.06984,1.09319,1.06984,1.03009,1.04701,1.06984,1.04701]
	lambda_q = [0.591535,0.502265,0.459018,0.502265,0.502265,0.445719,0.446074,0.445719,0.459018,0.446074,0.448761,0.446074,0.502265,0.445719,0.446074,0.445719]
********************************************************************************************************************
o___o  ----------------------------------------
| L |	Time since last clock: 0h 0m 0s
A===A	Time since the beginning: 0h 7m 53.358s
***********************************************


********************************************************************************************************************
Warm up runs have been completed. Start calculating W = 5 phonon.
open output files: NGSEDIterationObs.txt
********************************************************************************************************************
Start the 0 rounds of NGS-ED iteration
	effective electronic model is modified as: kinetic energy t = 0.822084
	                                           effective interaction Vq = [-3.19957, -2.9409,-2.78693, -2.9409, -2.9409,-2.73583,-2.73721,-2.73583,-2.78693,-2.73721,-2.74767,-2.73721, -2.9409,-2.73583,-2.73721,-2.73583]
	PARPACK diagonalization completed after 45 matrix-vector product operations.
	iteration results: : total energy is -52.660732 | electron energy -52.714307 + phonon energy 0.053575 | electron momentum kIdx = 0
	Nq(0) = 9,	Nq(1) = 0.291774,	Nq(2) = 0.357297,	Nq(3) = 0.291774,	Nq(4) = 0.291774,	Nq(5) = 0.322545,	Nq(6) = 0.454809,	Nq(7) = 0.322545,	Nq(8) = 0.357297,	Nq(9) = 0.454809,	Nq(10) = 0.587197,	Nq(11) = 0.454809,	Nq(12) = 0.291774,	Nq(13) = 0.322545,	Nq(14) = 0.454809,	Nq(15) = 0.322545,	Sq(0) = 7.08665e-18,	Sq(1) = 0.466324,	Sq(2) = 0.408878,	Sq(3) = 0.466324,	Sq(4) = 0.466324,	Sq(5) = 0.690245,	Sq(6) = 0.810907,	Sq(7) = 0.690245,	Sq(8) = 0.408878,	Sq(9) = 0.810907,	Sq(10) = 0.73404,	Sq(11) = 0.810907,	Sq(12) = 0.466324,	Sq(13) = 0.690245,	Sq(14) = 0.810907,	Sq(15) = 0.690245,	N(0) = 1.94996,	N(1) = 1.91375,	N(2) = 0.670811,	N(3) = 1.91375,	N(4) = 1.91375,	N(5) = 0.220994,	N(6) = 0.037068,	N(7) = 0.220994,	N(8) = 0.670811,	N(9) = 0.037068,	N(10) = 0.0211785,	N(11) = 0.037068,	N(12) = 1.91375,	N(13) = 0.220994,	N(14) = 0.037068,	N(15) = 0.220994,	Delta[s](0) = 0.120592,	Delta[s](1) = 0.0961651,	Delta[s](2) = 0.0857957,	Delta[s](3) = 0.0961651,	Delta[s](4) = 0.0961651,	Delta[s](5) = 0.0807507,	Delta[s](6) = 0.0606361,	Delta[s](7) = 0.0807507,	Delta[s](8) = 0.0857957,	Delta[s](9) = 0.0606361,	Delta[s](10) = 0.0467612,	Delta[s](11) = 0.0606361,	Delta[s](12) = 0.0961651,	Delta[s](13) = 0.0807507,	Delta[s](14) = 0.0606361,	Delta[s](15) = 0.0807507,	Delta[d](0) = 0.236802,	Delta[d](1) = 0.18845,	Delta[d](2) = 0.232678,	Delta[d](3) = 0.18845,	Delta[d](4) = 0.18845,	Delta[d](5) = 0.143036,	Delta[d](6) = 0.156631,	Delta[d](7) = 0.143036,	Delta[d](8) = 0.232678,	Delta[d](9) = 0.156631,	Delta[d](10) = 0.0748543,	Delta[d](11) = 0.156631,	Delta[d](12) = 0.18845,	Delta[d](13) = 0.143036,	Delta[d](14) = 0.156631,	Delta[d](15) = 0.143036,	Delta[s+](0) = 0.535588,	Delta[s+](1) = 0.369471,	Delta[s+](2) = 0.232678,	Delta[s+](3) = 0.369471,	Delta[s+](4) = 0.369471,	Delta[s+](5) = 0.184813,	Delta[s+](6) = 0.0727216,	Delta[s+](7) = 0.184813,	Delta[s+](8) = 0.232678,	Delta[s+](9) = 0.0727216,	Delta[s+](10) = 0.0257762,	Delta[s+](11) = 0.0727216,	Delta[s+](12) = 0.369471,	Delta[s+](13) = 0.184813,	Delta[s+](14) = 0.0727216,	Delta[s+](15) = 0.184813
The 0-th iteration is completed.	|| time cost : 0h 1m 26.539s
********************************************************************************************************************
Start the 1 rounds of NGS-ED iteration
	effective electronic model is modified as: kinetic energy t = 0.803643
	                                           effective interaction Vq = [-3.38948,-3.10599,-2.91793,-3.10599,-3.10599,-2.85841,-2.84807,-2.85841,-2.91793,-2.84807,-2.85269,-2.84807,-3.10599,-2.85841,-2.84807,-2.85841]
	PARPACK diagonalization completed after 30 matrix-vector product operations.
	iteration results: : total energy is -54.573854 | electron energy -54.719269 + phonon energy 0.145416 | electron momentum kIdx = 0
The 1-th iteration is completed.	|| time cost : 0h 0m 9.112s
********************************************************************************************************************
Start the 2 rounds of NGS-ED iteration
	effective electronic model is modified as: kinetic energy t = 0.791679
	                                           effective interaction Vq = [-3.45934,-3.19015, -2.9894,-3.19015,-3.19015, -2.9247,-2.91403, -2.9247, -2.9894,-2.91403,-2.92025,-2.91403,-3.19015, -2.9247,-2.91403, -2.9247]
	PARPACK diagonalization completed after 30 matrix-vector product operations.
	iteration results: : total energy is -55.271857 | electron energy -55.480470 + phonon energy 0.208613 | electron momentum kIdx = 0
The 2-th iteration is completed.	|| time cost : 0h 0m 8.991s
********************************************************************************************************************
Start the 3 rounds of NGS-ED iteration
	effective electronic model is modified as: kinetic energy t = 0.784355
	                                           effective interaction Vq = [-3.48504,-3.23483,-3.02904,-3.23483,-3.23483,-2.96102,-2.95242,-2.96102,-3.02904,-2.95242,-2.96143,-2.95242,-3.23483,-2.96102,-2.95242,-2.96102]
	PARPACK diagonalization completed after 30 matrix-vector product operations.
	iteration results: : total energy is -55.526721 | electron energy -55.773878 + phonon energy 0.247157 | electron momentum kIdx = 0
The 3-th iteration is completed.	|| time cost : 0h 0m 9.014s
********************************************************************************************************************
Start the 4 rounds of NGS-ED iteration
	effective electronic model is modified as: kinetic energy t = 0.779991
	                                           effective interaction Vq = [ -3.4945,-3.25925,-3.05131,-3.25925,-3.25925,-2.98112,-2.97468,-2.98112,-3.05131,-2.97468,-2.98619,-2.97468,-3.25925,-2.98112,-2.97468,-2.98112]
	PARPACK diagonalization completed after 30 matrix-vector product operations.
	iteration results: : total energy is -55.619793 | electron energy -55.889794 + phonon energy 0.270000 | electron momentum kIdx = 0
The 4-th iteration is completed.	|| time cost : 0h 0m 8.996s
********************************************************************************************************************
Start the 5 rounds of NGS-ED iteration
	effective electronic model is modified as: kinetic energy t = 0.777427
	                                           effective interaction Vq = [-3.49798,-3.27286,-3.06393,-3.27286,-3.27286,-2.99233, -2.9876,-2.99233,-3.06393, -2.9876,-3.00104, -2.9876,-3.27286,-2.99233, -2.9876,-2.99233]
	PARPACK diagonalization completed after 30 matrix-vector product operations.
	iteration results: : total energy is -55.653790 | electron energy -55.937205 + phonon energy 0.283415 | electron momentum kIdx = 0
The 5-th iteration is completed.	|| time cost : 0h 0m 9.011s
********************************************************************************************************************
Start the 6 rounds of NGS-ED iteration
	effective electronic model is modified as: kinetic energy t = 0.775931
	                                           effective interaction Vq = [-3.49926,-3.28054,-3.07112,-3.28054,-3.28054,-2.99859,-2.99511,-2.99859,-3.07112,-2.99511,-3.00997,-2.99511,-3.28054,-2.99859,-2.99511,-2.99859]
	PARPACK diagonalization completed after 30 matrix-vector product operations.
	iteration results: : total energy is -55.666214 | electron energy -55.957476 + phonon energy 0.291262 | electron momentum kIdx = 0
The 6-th iteration is completed.	|| time cost : 0h 0m 8.992s
********************************************************************************************************************
Start the 7 rounds of NGS-ED iteration
	effective electronic model is modified as: kinetic energy t = 0.775061
	                                           effective interaction Vq = [-3.49973,-3.28491,-3.07524,-3.28491,-3.28491,-3.00211,-2.99948,-3.00211,-3.07524,-2.99948,-3.01534,-2.99948,-3.28491,-3.00211,-2.99948,-3.00211]
	PARPACK diagonalization completed after 30 matrix-vector product operations.
	iteration results: : total energy is -55.670756 | electron energy -55.966600 + phonon energy 0.295844 | electron momentum kIdx = 0
The 7-th iteration is completed.	|| time cost : 0h 0m 9.121s
********************************************************************************************************************
Start the 8 rounds of NGS-ED iteration
	effective electronic model is modified as: kinetic energy t = 0.774556
	                                           effective interaction Vq = [ -3.4999,-3.28741, -3.0776,-3.28741,-3.28741,-3.00408,-3.00203,-3.00408, -3.0776,-3.00203,-3.01859,-3.00203,-3.28741,-3.00408,-3.00203,-3.00408]
	PARPACK diagonalization completed after 30 matrix-vector product operations.
	iteration results: : total energy is -55.672417 | electron energy -55.970934 + phonon energy 0.298517 | electron momentum kIdx = 0
The 8-th iteration is completed.	|| time cost : 0h 0m 8.992s
********************************************************************************************************************
Start the 9 rounds of NGS-ED iteration
	effective electronic model is modified as: kinetic energy t = 0.774263
	                                           effective interaction Vq = [-3.49996,-3.28884,-3.07895,-3.28884,-3.28884,-3.00519,-3.00351,-3.00519,-3.07895,-3.00351,-3.02055,-3.00351,-3.28884,-3.00519,-3.00351,-3.00519]
	PARPACK diagonalization completed after 30 matrix-vector product operations.
	iteration results: : total energy is -55.673025 | electron energy -55.973101 + phonon energy 0.300076 | electron momentum kIdx = 0
The 9-th iteration is completed.	|| time cost : 0h 0m 8.995s
********************************************************************************************************************
Start the 10 rounds of NGS-ED iteration
	effective electronic model is modified as: kinetic energy t = 0.774093
	                                           effective interaction Vq = [-3.49999,-3.28966,-3.07973,-3.28966,-3.28966,-3.00581,-3.00438,-3.00581,-3.07973,-3.00438,-3.02174,-3.00438,-3.28966,-3.00581,-3.00438,-3.00581]
	PARPACK diagonalization completed after 30 matrix-vector product operations.
	iteration results: : total energy is -55.673248 | electron energy -55.974233 + phonon energy 0.300985 | electron momentum kIdx = 0
	Nq(0) = 9,	Nq(1) = 0.318362,	Nq(2) = 0.375441,	Nq(3) = 0.318362,	Nq(4) = 0.318362,	Nq(5) = 0.333675,	Nq(6) = 0.476821,	Nq(7) = 0.333675,	Nq(8) = 0.375441,	Nq(9) = 0.476821,	Nq(10) = 0.62492,	Nq(11) = 0.476821,	Nq(12) = 0.318362,	Nq(13) = 0.333675,	Nq(14) = 0.476821,	Nq(15) = 0.333675,	Sq(0) = -7.59298e-18,	Sq(1) = 0.448874,	Sq(2) = 0.405175,	Sq(3) = 0.448874,	Sq(4) = 0.448874,	Sq(5) = 0.66927,	Sq(6) = 0.776483,	Sq(7) = 0.66927,	Sq(8) = 0.405175,	Sq(9) = 0.776483,	Sq(10) = 0.719905,	Sq(11) = 0.776483,	Sq(12) = 0.448874,	Sq(13) = 0.66927,	Sq(14) = 0.776483,	Sq(15) = 0.66927,	N(0) = 1.96495,	N(1) = 1.94271,	N(2) = 0.658025,	N(3) = 1.94271,	N(4) = 1.94271,	N(5) = 0.207249,	N(6) = 0.0260446,	N(7) = 0.207249,	N(8) = 0.658025,	N(9) = 0.0260446,	N(10) = 0.015,	N(11) = 0.0260446,	N(12) = 1.94271,	N(13) = 0.207249,	N(14) = 0.0260446,	N(15) = 0.207249,	Delta[s](0) = 0.12884,	Delta[s](1) = 0.10486,	Delta[s](2) = 0.0954623,	Delta[s](3) = 0.10486,	Delta[s](4) = 0.10486,	Delta[s](5) = 0.0905485,	Delta[s](6) = 0.0716208,	Delta[s](7) = 0.0905485,	Delta[s](8) = 0.0954623,	Delta[s](9) = 0.0716208,	Delta[s](10) = 0.0577359,	Delta[s](11) = 0.0716208,	Delta[s](12) = 0.10486,	Delta[s](13) = 0.0905485,	Delta[s](14) = 0.0716208,	Delta[s](15) = 0.0905485,	Delta[d](0) = 0.251004,	Delta[d](1) = 0.201238,	Delta[d](2) = 0.243895,	Delta[d](3) = 0.201238,	Delta[d](4) = 0.201238,	Delta[d](5) = 0.154707,	Delta[d](6) = 0.165475,	Delta[d](7) = 0.154707,	Delta[d](8) = 0.243895,	Delta[d](9) = 0.165475,	Delta[d](10) = 0.0834859,	Delta[d](11) = 0.165475,	Delta[d](12) = 0.201238,	Delta[d](13) = 0.154707,	Delta[d](14) = 0.165475,	Delta[d](15) = 0.154707,	Delta[s+](0) = 0.555978,	Delta[s+](1) = 0.385173,	Delta[s+](2) = 0.243895,	Delta[s+](3) = 0.385173,	Delta[s+](4) = 0.385173,	Delta[s+](5) = 0.195194,	Delta[s+](6) = 0.0795397,	Delta[s+](7) = 0.195194,	Delta[s+](8) = 0.243895,	Delta[s+](9) = 0.0795397,	Delta[s+](10) = 0.0301206,	Delta[s+](11) = 0.0795397,	Delta[s+](12) = 0.385173,	Delta[s+](13) = 0.195194,	Delta[s+](14) = 0.0795397,	Delta[s+](15) = 0.195194
The 10-th iteration is completed.	|| time cost : 0h 1m 24.652s
********************************************************************************************************************
Start the 11 rounds of NGS-ED iteration
	effective electronic model is modified as: kinetic energy t = 0.773994
	                                           effective interaction Vq = [-3.49999,-3.29013,-3.08018,-3.29013,-3.29013,-3.00616,-3.00488,-3.00616,-3.08018,-3.00488,-3.02246,-3.00488,-3.29013,-3.00616,-3.00488,-3.00616]
	PARPACK diagonalization completed after 30 matrix-vector product operations.
	iteration results: : total energy is -55.673329 | electron energy -55.974844 + phonon energy 0.301515 | electron momentum kIdx = 0
The 11-th iteration is completed.	|| time cost : 0h 0m 8.994s
********************************************************************************************************************
Start the 12 rounds of NGS-ED iteration
	effective electronic model is modified as: kinetic energy t = 0.773937
	                                           effective interaction Vq = [    -3.5, -3.2904,-3.08043, -3.2904, -3.2904,-3.00636,-3.00517,-3.00636,-3.08043,-3.00517, -3.0229,-3.00517, -3.2904,-3.00636,-3.00517,-3.00636]
	PARPACK diagonalization completed after 30 matrix-vector product operations.
	iteration results: : total energy is -55.673359 | electron energy -55.975184 + phonon energy 0.301824 | electron momentum kIdx = 0
The 12-th iteration is completed.	|| time cost : 0h 0m 9.001s
********************************************************************************************************************
Start the 13 rounds of NGS-ED iteration
	effective electronic model is modified as: kinetic energy t = 0.773904
	                                           effective interaction Vq = [    -3.5,-3.29056,-3.08058,-3.29056,-3.29056,-3.00647,-3.00535,-3.00647,-3.08058,-3.00535,-3.02316,-3.00535,-3.29056,-3.00647,-3.00535,-3.00647]
	PARPACK diagonalization completed after 30 matrix-vector product operations.
	iteration results: : total energy is -55.673370 | electron energy -55.975375 + phonon energy 0.302005 | electron momentum kIdx = 0
The 13-th iteration is completed.	|| time cost : 0h 0m 9.006s
********************************************************************************************************************
Start the 14 rounds of NGS-ED iteration
	effective electronic model is modified as: kinetic energy t = 0.773885
	                                           effective interaction Vq = [    -3.5,-3.29065,-3.08067,-3.29065,-3.29065,-3.00653,-3.00545,-3.00653,-3.08067,-3.00545,-3.02333,-3.00545,-3.29065,-3.00653,-3.00545,-3.00653]
	PARPACK diagonalization completed after 30 matrix-vector product operations.
	iteration results: : total energy is -55.673374 | electron energy -55.975485 + phonon energy 0.302111 | electron momentum kIdx = 0
The 14-th iteration is completed.	|| time cost : 0h 0m 8.992s
********************************************************************************************************************
Start the 15 rounds of NGS-ED iteration
	effective electronic model is modified as: kinetic energy t = 0.773873
	                                           effective interaction Vq = [    -3.5, -3.2907,-3.08072, -3.2907, -3.2907,-3.00656, -3.0055,-3.00656,-3.08072, -3.0055,-3.02343, -3.0055, -3.2907,-3.00656, -3.0055,-3.00656]
	PARPACK diagonalization completed after 30 matrix-vector product operations.
	iteration results: : total energy is -55.673376 | electron energy -55.975548 + phonon energy 0.302173 | electron momentum kIdx = 0
The 15-th iteration is completed.	|| time cost : 0h 0m 9.01s
********************************************************************************************************************
Start the 16 rounds of NGS-ED iteration
	effective electronic model is modified as: kinetic energy t = 0.773867
	                                           effective interaction Vq = [    -3.5,-3.29073,-3.08074,-3.29073,-3.29073,-3.00658,-3.00554,-3.00658,-3.08074,-3.00554,-3.02349,-3.00554,-3.29073,-3.00658,-3.00554,-3.00658]
	PARPACK diagonalization completed after 30 matrix-vector product operations.
	iteration results: : total energy is -55.673376 | electron energy -55.975585 + phonon energy 0.302209 | electron momentum kIdx = 0
The 16-th iteration is completed.	|| time cost : 0h 0m 8.997s
********************************************************************************************************************
Start the 17 rounds of NGS-ED iteration
	effective electronic model is modified as: kinetic energy t = 0.773863
	                                           effective interaction Vq = [    -3.5,-3.29075,-3.08076,-3.29075,-3.29075,-3.00659,-3.00556,-3.00659,-3.08076,-3.00556,-3.02352,-3.00556,-3.29075,-3.00659,-3.00556,-3.00659]
	PARPACK diagonalization completed after 30 matrix-vector product operations.
	iteration results: : total energy is -55.673377 | electron energy -55.975606 + phonon energy 0.302230 | electron momentum kIdx = 0
The 17-th iteration is completed.	|| time cost : 0h 0m 9.027s
********************************************************************************************************************
Start the 18 rounds of NGS-ED iteration
	effective electronic model is modified as: kinetic energy t = 0.773861
	                                           effective interaction Vq = [    -3.5,-3.29076,-3.08077,-3.29076,-3.29076, -3.0066,-3.00557, -3.0066,-3.08077,-3.00557,-3.02355,-3.00557,-3.29076, -3.0066,-3.00557, -3.0066]
	PARPACK diagonalization completed after 30 matrix-vector product operations.
	iteration results: : total energy is -55.673377 | electron energy -55.975619 + phonon energy 0.302242 | electron momentum kIdx = 0
The 18-th iteration is completed.	|| time cost : 0h 0m 8.997s
********************************************************************************************************************
Start the 19 rounds of NGS-ED iteration
	effective electronic model is modified as: kinetic energy t = 0.77386
	                                           effective interaction Vq = [    -3.5,-3.29076,-3.08077,-3.29076,-3.29076, -3.0066,-3.00558, -3.0066,-3.08077,-3.00558,-3.02356,-3.00558,-3.29076, -3.0066,-3.00558, -3.0066]
	PARPACK diagonalization completed after 30 matrix-vector product operations.
	iteration results: : total energy is -55.673377 | electron energy -55.975626 + phonon energy 0.302250 | electron momentum kIdx = 0
The 19-th iteration is completed.	|| time cost : 0h 0m 9.118s
********************************************************************************************************************
Start the 20 rounds of NGS-ED iteration
	effective electronic model is modified as: kinetic energy t = 0.773859
	                                           effective interaction Vq = [    -3.5,-3.29076,-3.08078,-3.29076,-3.29076, -3.0066,-3.00558, -3.0066,-3.08078,-3.00558,-3.02357,-3.00558,-3.29076, -3.0066,-3.00558, -3.0066]
	PARPACK diagonalization completed after 30 matrix-vector product operations.
	iteration results: : total energy is -55.673377 | electron energy -55.975630 + phonon energy 0.302254 | electron momentum kIdx = 0
	Nq(0) = 9,	Nq(1) = 0.318445,	Nq(2) = 0.375508,	Nq(3) = 0.318445,	Nq(4) = 0.318445,	Nq(5) = 0.333697,	Nq(6) = 0.47693,	Nq(7) = 0.333697,	Nq(8) = 0.375508,	Nq(9) = 0.47693,	Nq(10) = 0.625258,	Nq(11) = 0.47693,	Nq(12) = 0.318445,	Nq(13) = 0.333697,	Nq(14) = 0.47693,	Nq(15) = 0.333697,	Sq(0) = -6.82704e-18,	Sq(1) = 0.448797,	Sq(2) = 0.40515,	Sq(3) = 0.448797,	Sq(4) = 0.448797,	Sq(5) = 0.66919,	Sq(6) = 0.776337,	Sq(7) = 0.66919,	Sq(8) = 0.40515,	Sq(9) = 0.776337,	Sq(10) = 0.719845,	Sq(11) = 0.776337,	Sq(12) = 0.448797,	Sq(13) = 0.66919,	Sq(14) = 0.776337,	Sq(15) = 0.66919,	N(0) = 1.965,	N(1) = 1.94282,	N(2) = 0.657936,	N(3) = 1.94282,	N(4) = 1.94282,	N(5) = 0.207224,	N(6) = 0.0259988,	N(7) = 0.207224,	N(8) = 0.657936,	N(9) = 0.0259988,	N(10) = 0.0149726,	N(11) = 0.0259988,	N(12) = 1.94282,	N(13) = 0.207224,	N(14) = 0.0259988,	N(15) = 0.207224,	Delta[s](0) = 0.128871,	Delta[s](1) = 0.104896,	Delta[s](2) = 0.0955017,	Delta[s](3) = 0.104896,	Delta[s](4) = 0.104896,	Delta[s](5) = 0.0905897,	Delta[s](6) = 0.0716692,	Delta[s](7) = 0.0905897,	Delta[s](8) = 0.0955017,	Delta[s](9) = 0.0716692,	Delta[s](10) = 0.0577852,	Delta[s](11) = 0.0716692,	Delta[s](12) = 0.104896,	Delta[s](13) = 0.0905897,	Delta[s](14) = 0.0716692,	Delta[s](15) = 0.0905897,	Delta[d](0) = 0.251088,	Delta[d](1) = 0.201307,	Delta[d](2) = 0.243967,	Delta[d](3) = 0.201307,	Delta[d](4) = 0.201307,	Delta[d](5) = 0.154773,	Delta[d](6) = 0.165525,	Delta[d](7) = 0.154773,	Delta[d](8) = 0.243967,	Delta[d](9) = 0.165525,	Delta[d](10) = 0.0835335,	Delta[d](11) = 0.165525,	Delta[d](12) = 0.201307,	Delta[d](13) = 0.154773,	Delta[d](14) = 0.165525,	Delta[d](15) = 0.154773,	Delta[s+](0) = 0.556133,	Delta[s+](1) = 0.385286,	Delta[s+](2) = 0.243967,	Delta[s+](3) = 0.385286,	Delta[s+](4) = 0.385286,	Delta[s+](5) = 0.195265,	Delta[s+](6) = 0.0795791,	Delta[s+](7) = 0.195265,	Delta[s+](8) = 0.243967,	Delta[s+](9) = 0.0795791,	Delta[s+](10) = 0.0301443,	Delta[s+](11) = 0.0795791,	Delta[s+](12) = 0.385286,	Delta[s+](13) = 0.195265,	Delta[s+](14) = 0.0795791,	Delta[s+](15) = 0.195265
The 20-th iteration is completed.	|| time cost : 0h 1m 23.39s
********************************************************************************************************************
Start the 21 rounds of NGS-ED iteration
	effective electronic model is modified as: kinetic energy t = 0.773858
	                                           effective interaction Vq = [    -3.5,-3.29077,-3.08078,-3.29077,-3.29077,-3.00661,-3.00558,-3.00661,-3.08078,-3.00558,-3.02357,-3.00558,-3.29077,-3.00661,-3.00558,-3.00661]
	PARPACK diagonalization completed after 30 matrix-vector product operations.
	iteration results: : total energy is -55.673377 | electron energy -55.975633 + phonon energy 0.302256 | electron momentum kIdx = 0
The 21-th iteration is completed.	|| time cost : 0h 0m 9.041s
********************************************************************************************************************
Start the 22 rounds of NGS-ED iteration
	effective electronic model is modified as: kinetic energy t = 0.773858
	                                           effective interaction Vq = [    -3.5,-3.29077,-3.08078,-3.29077,-3.29077,-3.00661,-3.00558,-3.00661,-3.08078,-3.00558,-3.02358,-3.00558,-3.29077,-3.00661,-3.00558,-3.00661]
	PARPACK diagonalization completed after 30 matrix-vector product operations.
	iteration results: : total energy is -55.673377 | electron energy -55.975634 + phonon energy 0.302258 | electron momentum kIdx = 0
The 22-th iteration is completed.	|| time cost : 0h 0m 9.006s
********************************************************************************************************************
Start the 23 rounds of NGS-ED iteration
	effective electronic model is modified as: kinetic energy t = 0.773858
	                                           effective interaction Vq = [    -3.5,-3.29077,-3.08078,-3.29077,-3.29077,-3.00661,-3.00558,-3.00661,-3.08078,-3.00558,-3.02358,-3.00558,-3.29077,-3.00661,-3.00558,-3.00661]
	PARPACK diagonalization completed after 30 matrix-vector product operations.
	iteration results: : total energy is -55.673377 | electron energy -55.975635 + phonon energy 0.302259 | electron momentum kIdx = 0
The 23-th iteration is completed.	|| time cost : 0h 0m 9.132s
********************************************************************************************************************
Start the 24 rounds of NGS-ED iteration
	effective electronic model is modified as: kinetic energy t = 0.773858
	                                           effective interaction Vq = [    -3.5,-3.29077,-3.08078,-3.29077,-3.29077,-3.00661,-3.00558,-3.00661,-3.08078,-3.00558,-3.02358,-3.00558,-3.29077,-3.00661,-3.00558,-3.00661]
	PARPACK diagonalization completed after 30 matrix-vector product operations.
	iteration results: : total energy is -55.673377 | electron energy -55.975636 + phonon energy 0.302259 | electron momentum kIdx = 0
The 24-th iteration is completed.	|| time cost : 0h 0m 8.993s
********************************************************************************************************************
Start the 25 rounds of NGS-ED iteration
	effective electronic model is modified as: kinetic energy t = 0.773858
	                                           effective interaction Vq = [    -3.5,-3.29077,-3.08078,-3.29077,-3.29077,-3.00661,-3.00558,-3.00661,-3.08078,-3.00558,-3.02358,-3.00558,-3.29077,-3.00661,-3.00558,-3.00661]
	PARPACK diagonalization completed after 30 matrix-vector product operations.
