SNEDics v3.4 Non-Gaussian ED ground state program		Start at Fri Sep 27 16:27:04 2019

parallized on 16 MPI threads  * 8 OpenMP threads = 128 total threads.
********************************************************************************************************************
********************************************************************************************************************

********************************************************************************************************************
System parameters and configurations
********************************************************************************************************************
Special program options are enabled: splitted diagonal Hamiltonian
********************************************************************************************************************
Read input file "model_params.in"
	Hubbard-Holstein model parameters : 	t = 1    U = 7    g = 4.4721    W = 5    
********************************************************************************************************************
Read input file "hilbertspace_params.in"
	Requested 16-site 2D lattice, with 12 electrons (6, 6)
	Boundary : Periodic		Hilbert space representation : momentum-space (restricted to kIdx = 10)
	Conservation: particle number[U(1)]      spin[U(1)]     momentum
********************************************************************************************************************

Cluster Positions:				Cluster symmetry group : D4
 x ... x ... x ... x .....                       x ... x ... x ... x .....
 |           |           :                       |           |           :
 |           |           :                       |           |           :
12    13    14    15     x                       1     5     6     5     x
 |           |           :                       |           |           :
 |           |           :                       |           |           :
 8 --- 9 ---10 ---11 --- x                       2 --- 6 ---10 --- 6 --- x
 |           |           :                       |           |           :
 |           |           :                       |           |           :
 4     5     6     7     x                       1     5     6     5     x
 |           |           :                       |           |           :
 |           |           :                       |           |           :
 0 --- 1 --- 2 --- 3 --- x                       0 --- 1 --- 2 --- 1 --- x
orbital number : 1
********************************************************************************************************************
Read input file "obs_params.in"
	Observable Type : Nq(All),   Sq(All),   N(All),   Delta[s](All),   Delta[d](All),   Delta[s+](All)
********************************************************************************************************************
** WARNING ** the input observables have non-local factors which have been reinterpreted. The total observable number is 96
********************************************************************************************************************


********************************************************************************************************************
Start calculating the non-Gaussian ED ground state
** WARNING ** Detected low phonon energy W < 10. The initial state will be prepared through a warm-up process.
********************************************************************************************************************
Start warm-up calculation for scaling factor 2
open output files: NGSEDWarmUpW10Obs.txt
********************************************************************************************************************
Start the 0 rounds of NGS-ED iteration
	effective electronic model is modified as: kinetic energy t = 1
	                                           effective interaction Vq = [-0,-0,-0,-0,-0,-0,-0,-0,-0,-0,-0,-0,-0,-0,-0,-0]
	first Hamiltonian is constructed, non-zero numbers = 969134084
	PARPACK diagonalization completed after 135 matrix-vector product operations.
	iteration results: : total energy is -15.425223 | electron energy -15.425223 + phonon energy 0.000000 | electron momentum kIdx = 10
	Nq(0) = 9,	Nq(1) = 0.201482,	Nq(2) = 0.248467,	Nq(3) = 0.201482,	Nq(4) = 0.201482,	Nq(5) = 0.269578,	Nq(6) = 0.331249,	Nq(7) = 0.269578,	Nq(8) = 0.248467,	Nq(9) = 0.331249,	Nq(10) = 0.394673,	Nq(11) = 0.331249,	Nq(12) = 0.201482,	Nq(13) = 0.269578,	Nq(14) = 0.331249,	Nq(15) = 0.269578,	Sq(0) = -2.09253e-18,	Sq(1) = 0.544222,	Sq(2) = 0.905246,	Sq(3) = 0.544222,	Sq(4) = 0.544222,	Sq(5) = 0.543266,	Sq(6) = 0.988954,	Sq(7) = 0.543266,	Sq(8) = 0.905246,	Sq(9) = 0.988954,	Sq(10) = 0.782889,	Sq(11) = 0.988954,	Sq(12) = 0.544222,	Sq(13) = 0.543266,	Sq(14) = 0.988954,	Sq(15) = 0.543266,	N(0) = 1.8036,	N(1) = 1.6739,	N(2) = 0.240827,	N(3) = 1.6739,	N(4) = 1.6739,	N(5) = 0.608848,	N(6) = 0.125952,	N(7) = 0.608848,	N(8) = 0.240827,	N(9) = 0.125952,	N(10) = 0.0799487,	N(11) = 0.125952,	N(12) = 1.6739,	N(13) = 0.608848,	N(14) = 0.125952,	N(15) = 0.608848,	Delta[s](0) = 0.0629297,	Delta[s](1) = 0.0472973,	Delta[s](2) = 0.0327966,	Delta[s](3) = 0.0472973,	Delta[s](4) = 0.0472973,	Delta[s](5) = 0.0354416,	Delta[s](6) = 0.019684,	Delta[s](7) = 0.0354416,	Delta[s](8) = 0.0327966,	Delta[s](9) = 0.019684,	Delta[s](10) = 0.0122086,	Delta[s](11) = 0.019684,	Delta[s](12) = 0.0472973,	Delta[s](13) = 0.0354416,	Delta[s](14) = 0.019684,	Delta[s](15) = 0.0354416,	Delta[d](0) = 0.196594,	Delta[d](1) = 0.132872,	Delta[d](2) = 0.165723,	Delta[d](3) = 0.132872,	Delta[d](4) = 0.132872,	Delta[d](5) = 0.124153,	Delta[d](6) = 0.0935806,	Delta[d](7) = 0.124153,	Delta[d](8) = 0.165723,	Delta[d](9) = 0.0935806,	Delta[d](10) = 0.0469474,	Delta[d](11) = 0.0935806,	Delta[d](12) = 0.132872,	Delta[d](13) = 0.124153,	Delta[d](14) = 0.0935806,	Delta[d](15) = 0.124153,	Delta[s+](0) = 0.514237,	Delta[s+](1) = 0.353027,	Delta[s+](2) = 0.165723,	Delta[s+](3) = 0.353027,	Delta[s+](4) = 0.353027,	Delta[s+](5) = 0.20754,	Delta[s+](6) = 0.0712864,	Delta[s+](7) = 0.20754,	Delta[s+](8) = 0.165723,	Delta[s+](9) = 0.0712864,	Delta[s+](10) = 0.0235233,	Delta[s+](11) = 0.0712864,	Delta[s+](12) = 0.353027,	Delta[s+](13) = 0.20754,	Delta[s+](14) = 0.0712864,	Delta[s+](15) = 0.20754
The 0-th iteration is completed.	|| time cost : 0h 2m 53.588s
********************************************************************************************************************
Start the 1 rounds of NGS-ED iteration
	effective electronic model is modified as: kinetic energy t = 0.895391
	                                           effective interaction Vq = [ -3.4586, -3.2452,-3.11568, -3.2452, -3.2452,-3.14259,-3.07638,-3.14259,-3.11568,-3.07638,-3.03449,-3.07638, -3.2452,-3.14259,-3.07638,-3.14259]
	PARPACK diagonalization completed after 30 matrix-vector product operations.
	iteration results: : total energy is -60.460757 | electron energy -60.469412 + phonon energy 0.008655 | electron momentum kIdx = 10
The 1-th iteration is completed.	|| time cost : 0h 2m 32.653s
********************************************************************************************************************
Start the 2 rounds of NGS-ED iteration
	effective electronic model is modified as: kinetic energy t = 0.825762
	                                           effective interaction Vq = [-3.92667,-3.78152,-3.61917,-3.78152,-3.78152,-3.66186,-3.63127,-3.66186,-3.61917,-3.63127,-3.63097,-3.63127,-3.78152,-3.66186,-3.63127,-3.66186]
	PARPACK diagonalization completed after 30 matrix-vector product operations.
	iteration results: : total energy is -66.855254 | electron energy -66.927042 + phonon energy 0.071787 | electron momentum kIdx = 10
The 2-th iteration is completed.	|| time cost : 0h 0m 9.092s
********************************************************************************************************************
Start the 3 rounds of NGS-ED iteration
	effective electronic model is modified as: kinetic energy t = 0.797003
	                                           effective interaction Vq = [-3.99002, -3.9003,-3.74499, -3.9003, -3.9003,-3.79452,-3.78019,-3.79452,-3.74499,-3.78019,-3.79736,-3.78019, -3.9003,-3.79452,-3.78019,-3.79452]
	PARPACK diagonalization completed after 30 matrix-vector product operations.
	iteration results: : total energy is -67.764646 | electron energy -67.887517 + phonon energy 0.122871 | electron momentum kIdx = 10
The 3-th iteration is completed.	|| time cost : 0h 0m 9.09s
********************************************************************************************************************
Start the 4 rounds of NGS-ED iteration
	effective electronic model is modified as: kinetic energy t = 0.785943
	                                           effective interaction Vq = [-3.99859,-3.93195,-3.78299,-3.93195,-3.93195,-3.83537,-3.82734,-3.83537,-3.78299,-3.82734,-3.85074,-3.82734,-3.93195,-3.83537,-3.82734,-3.83537]
	PARPACK diagonalization completed after 30 matrix-vector product operations.
	iteration results: : total energy is -67.890723 | electron energy -68.037229 + phonon energy 0.146506 | electron momentum kIdx = 10
The 4-th iteration is completed.	|| time cost : 0h 0m 9.057s
********************************************************************************************************************
Start the 5 rounds of NGS-ED iteration
	effective electronic model is modified as: kinetic energy t = 0.781805
	                                           effective interaction Vq = [-3.99975,-3.94167,-3.79554,-3.94167,-3.94167,-3.84924,-3.84376,-3.84924,-3.79554,-3.84376,-3.86949,-3.84376,-3.94167,-3.84924,-3.84376,-3.84924]
	PARPACK diagonalization completed after 30 matrix-vector product operations.
	iteration results: : total energy is -67.907961 | electron energy -68.063918 + phonon energy 0.155957 | electron momentum kIdx = 10
The 5-th iteration is completed.	|| time cost : 0h 0m 9.087s
********************************************************************************************************************
Start the 6 rounds of NGS-ED iteration
	effective electronic model is modified as: kinetic energy t = 0.780274
	                                           effective interaction Vq = [-3.99991,-3.94488,-3.79985,-3.94488,-3.94488,-3.85416,-3.84974,-3.85416,-3.79985,-3.84974,-3.87641,-3.84974,-3.94488,-3.85416,-3.84974,-3.85416]
	PARPACK diagonalization completed after 30 matrix-vector product operations.
	iteration results: : total energy is -67.910305 | electron energy -68.069876 + phonon energy 0.159571 | electron momentum kIdx = 10
The 6-th iteration is completed.	|| time cost : 0h 0m 9.1s
********************************************************************************************************************
Start the 7 rounds of NGS-ED iteration
	effective electronic model is modified as: kinetic energy t = 0.779709
	                                           effective interaction Vq = [-3.99993,-3.94597,-3.80135,-3.94597,-3.94597,-3.85594,-3.85197,-3.85594,-3.80135,-3.85197,-3.87901,-3.85197,-3.94597,-3.85594,-3.85197,-3.85594]
	PARPACK diagonalization completed after 75 matrix-vector product operations.
	iteration results: : total energy is -68.128240 | electron energy -68.289171 + phonon energy 0.160931 | electron momentum kIdx = 10
The 7-th iteration is completed.	|| time cost : 0h 0m 13.696s
********************************************************************************************************************
Start the 8 rounds of NGS-ED iteration
	effective electronic model is modified as: kinetic energy t = 0.775426
	                                           effective interaction Vq = [-3.99994,-3.94205,-3.86482,-3.94205,-3.94205,-3.88865,-3.84759,-3.88865,-3.86482,-3.84759,-3.88232,-3.84759,-3.94205,-3.88865,-3.84759,-3.88865]
	PARPACK diagonalization completed after 30 matrix-vector product operations.
	iteration results: : total energy is -68.154994 | electron energy -68.319318 + phonon energy 0.164324 | electron momentum kIdx = 10
The 8-th iteration is completed.	|| time cost : 0h 0m 9.098s
********************************************************************************************************************
Start the 9 rounds of NGS-ED iteration
	effective electronic model is modified as: kinetic energy t = 0.773919
	                                           effective interaction Vq = [-3.99994,-3.94067,-3.88746,-3.94067,-3.94067,-3.89812,-3.84577,-3.89812,-3.88746,-3.84577,-3.88333,-3.84577,-3.94067,-3.89812,-3.84577,-3.89812]
	PARPACK diagonalization completed after 30 matrix-vector product operations.
	iteration results: : total energy is -68.158871 | electron energy -68.325467 + phonon energy 0.166596 | electron momentum kIdx = 10
The 9-th iteration is completed.	|| time cost : 0h 0m 9.098s
********************************************************************************************************************
Start the 10 rounds of NGS-ED iteration
	effective electronic model is modified as: kinetic energy t = 0.773391
	                                           effective interaction Vq = [-3.99994, -3.9402,-3.89605, -3.9402, -3.9402,-3.90091,-3.84503,-3.90091,-3.89605,-3.84503,-3.88366,-3.84503, -3.9402,-3.90091,-3.84503,-3.90091]
	PARPACK diagonalization completed after 30 matrix-vector product operations.
	iteration results: : total energy is -68.159438 | electron energy -68.326991 + phonon energy 0.167553 | electron momentum kIdx = 10
	Nq(0) = 9,	Nq(1) = 0.399185,	Nq(2) = 0.580381,	Nq(3) = 0.399185,	Nq(4) = 0.399185,	Nq(5) = 0.58429,	Nq(6) = 0.649079,	Nq(7) = 0.58429,	Nq(8) = 0.580381,	Nq(9) = 0.649079,	Nq(10) = 1.00246,	Nq(11) = 0.649079,	Nq(12) = 0.399185,	Nq(13) = 0.58429,	Nq(14) = 0.649079,	Nq(15) = 0.58429,	Sq(0) = 2.22176e-17,	Sq(1) = 0.337512,	Sq(2) = 0.356266,	Sq(3) = 0.337512,	Sq(4) = 0.337512,	Sq(5) = 0.356202,	Sq(6) = 0.560031,	Sq(7) = 0.356202,	Sq(8) = 0.356266,	Sq(9) = 0.560031,	Sq(10) = 0.57905,	Sq(11) = 0.560031,	Sq(12) = 0.337512,	Sq(13) = 0.356202,	Sq(14) = 0.560031,	Sq(15) = 0.356202,	N(0) = 1.99616,	N(1) = 1.98875,	N(2) = 0.343267,	N(3) = 1.98875,	N(4) = 1.98875,	N(5) = 0.335912,	N(6) = 0.00411839,	N(7) = 0.335912,	N(8) = 0.343267,	N(9) = 0.00411839,	N(10) = 0.00220415,	N(11) = 0.00411839,	N(12) = 1.98875,	N(13) = 0.335912,	N(14) = 0.00411839,	N(15) = 0.335912,	Delta[s](0) = 0.248304,	Delta[s](1) = 0.189097,	Delta[s](2) = 0.173399,	Delta[s](3) = 0.189097,	Delta[s](4) = 0.189097,	Delta[s](5) = 0.173217,	Delta[s](6) = 0.139602,	Delta[s](7) = 0.173217,	Delta[s](8) = 0.173399,	Delta[s](9) = 0.139602,	Delta[s](10) = 0.243951,	Delta[s](11) = 0.139602,	Delta[s](12) = 0.189097,	Delta[s](13) = 0.173217,	Delta[s](14) = 0.139602,	Delta[s](15) = 0.173217,	Delta[d](0) = 0.211629,	Delta[d](1) = 0.141286,	Delta[d](2) = 0.164364,	Delta[d](3) = 0.141286,	Delta[d](4) = 0.141286,	Delta[d](5) = 0.132055,	Delta[d](6) = 0.101937,	Delta[d](7) = 0.132055,	Delta[d](8) = 0.164364,	Delta[d](9) = 0.101937,	Delta[d](10) = 0.0532545,	Delta[d](11) = 0.101937,	Delta[d](12) = 0.141286,	Delta[d](13) = 0.132055,	Delta[d](14) = 0.101937,	Delta[d](15) = 0.132055,	Delta[s+](0) = 0.423689,	Delta[s+](1) = 0.29786,	Delta[s+](2) = 0.164364,	Delta[s+](3) = 0.29786,	Delta[s+](4) = 0.29786,	Delta[s+](5) = 0.163671,	Delta[s+](6) = 0.0591829,	Delta[s+](7) = 0.163671,	Delta[s+](8) = 0.164364,	Delta[s+](9) = 0.0591829,	Delta[s+](10) = 0.0230341,	Delta[s+](11) = 0.0591829,	Delta[s+](12) = 0.29786,	Delta[s+](13) = 0.163671,	Delta[s+](14) = 0.0591829,	Delta[s+](15) = 0.163671
The 10-th iteration is completed.	|| time cost : 0h 1m 25.373s
********************************************************************************************************************
Start the 11 rounds of NGS-ED iteration
	effective electronic model is modified as: kinetic energy t = 0.773207
	                                           effective interaction Vq = [-3.99994,-3.94004,-3.89945,-3.94004,-3.94004,-3.90168,-3.84474,-3.90168,-3.89945,-3.84474,-3.88376,-3.84474,-3.94004,-3.90168,-3.84474,-3.90168]
	PARPACK diagonalization completed after 30 matrix-vector product operations.
	iteration results: : total energy is -68.159523 | electron energy -68.327432 + phonon energy 0.167909 | electron momentum kIdx = 10
The 11-th iteration is completed.	|| time cost : 0h 0m 9.075s
********************************************************************************************************************
Start the 12 rounds of NGS-ED iteration
	effective electronic model is modified as: kinetic energy t = 0.773143
	                                           effective interaction Vq = [-3.99994,-3.93999,-3.90083,-3.93999,-3.93999,-3.90185,-3.84462,-3.90185,-3.90083,-3.84462, -3.8838,-3.84462,-3.93999,-3.90185,-3.84462,-3.90185]
	PARPACK diagonalization completed after 30 matrix-vector product operations.
	iteration results: : total energy is -68.159537 | electron energy -68.327571 + phonon energy 0.168034 | electron momentum kIdx = 10
The 12-th iteration is completed.	|| time cost : 0h 0m 9.095s
********************************************************************************************************************
Start the 13 rounds of NGS-ED iteration
	effective electronic model is modified as: kinetic energy t = 0.77312
	                                           effective interaction Vq = [-3.99994,-3.93997,-3.90141,-3.93997,-3.93997,-3.90188,-3.84457,-3.90188,-3.90141,-3.84457,-3.88381,-3.84457,-3.93997,-3.90188,-3.84457,-3.90188]
	PARPACK diagonalization completed after 30 matrix-vector product operations.
	iteration results: : total energy is -68.159539 | electron energy -68.327617 + phonon energy 0.168078 | electron momentum kIdx = 10
	Nq(0) = 9,	Nq(1) = 0.39908,	Nq(2) = 0.583287,	Nq(3) = 0.39908,	Nq(4) = 0.39908,	Nq(5) = 0.583667,	Nq(6) = 0.64877,	Nq(7) = 0.583667,	Nq(8) = 0.583287,	Nq(9) = 0.64877,	Nq(10) = 1.00232,	Nq(11) = 0.64877,	Nq(12) = 0.39908,	Nq(13) = 0.583667,	Nq(14) = 0.64877,	Nq(15) = 0.583667,	Sq(0) = 5.59867e-18,	Sq(1) = 0.337405,	Sq(2) = 0.356191,	Sq(3) = 0.337405,	Sq(4) = 0.337405,	Sq(5) = 0.356185,	Sq(6) = 0.559855,	Sq(7) = 0.356185,	Sq(8) = 0.356191,	Sq(9) = 0.559855,	Sq(10) = 0.578883,	Sq(11) = 0.559855,	Sq(12) = 0.337405,	Sq(13) = 0.356185,	Sq(14) = 0.559855,	Sq(15) = 0.356185,	N(0) = 1.99613,	N(1) = 1.9887,	N(2) = 0.338837,	N(3) = 1.9887,	N(4) = 1.9887,	N(5) = 0.338127,	N(6) = 0.00416837,	N(7) = 0.338127,	N(8) = 0.338837,	N(9) = 0.00416837,	N(10) = 0.00220449,	N(11) = 0.00416837,	N(12) = 1.9887,	N(13) = 0.338127,	N(14) = 0.00416837,	N(15) = 0.338127,	Delta[s](0) = 0.248333,	Delta[s](1) = 0.189149,	Delta[s](2) = 0.173337,	Delta[s](3) = 0.189149,	Delta[s](4) = 0.189149,	Delta[s](5) = 0.173319,	Delta[s](6) = 0.139662,	Delta[s](7) = 0.173319,	Delta[s](8) = 0.173337,	Delta[s](9) = 0.139662,	Delta[s](10) = 0.24395,	Delta[s](11) = 0.139662,	Delta[s](12) = 0.189149,	Delta[s](13) = 0.173319,	Delta[s](14) = 0.139662,	Delta[s](15) = 0.173319,	Delta[d](0) = 0.211484,	Delta[d](1) = 0.140874,	Delta[d](2) = 0.163939,	Delta[d](3) = 0.140874,	Delta[d](4) = 0.140874,	Delta[d](5) = 0.132035,	Delta[d](6) = 0.10153,	Delta[d](7) = 0.132035,	Delta[d](8) = 0.163939,	Delta[d](9) = 0.10153,	Delta[d](10) = 0.0531207,	Delta[d](11) = 0.10153,	Delta[d](12) = 0.140874,	Delta[d](13) = 0.132035,	Delta[d](14) = 0.10153,	Delta[d](15) = 0.132035,	Delta[s+](0) = 0.423571,	Delta[s+](1) = 0.297789,	Delta[s+](2) = 0.163939,	Delta[s+](3) = 0.297789,	Delta[s+](4) = 0.297789,	Delta[s+](5) = 0.163872,	Delta[s+](6) = 0.0591854,	Delta[s+](7) = 0.163872,	Delta[s+](8) = 0.163939,	Delta[s+](9) = 0.0591854,	Delta[s+](10) = 0.0230441,	Delta[s+](11) = 0.0591854,	Delta[s+](12) = 0.297789,	Delta[s+](13) = 0.163872,	Delta[s+](14) = 0.0591854,	Delta[s+](15) = 0.163872
The 13-th iteration is completed.	|| time cost : 0h 1m 25.43s
********************************************************************************************************************
********************************************************************************************************************
Ground state is obtained after 14 iterations. The current ground-state energy is -68.1595, in which electron energy is -68.3276 and phonon energy is 0.168078
final variational state is: 
	Gamma_x = [      1,1.03489,1.06353,1.03489,1.03489,1.06357, 1.0855,1.06357,1.06353, 1.0855,1.11975, 1.0855,1.03489,1.06357, 1.0855,1.06357]
	lambda_q = [ 0.63245,0.555012, 0.53331,0.555012,0.555012,0.533419,0.507799,0.533419, 0.53331,0.507799, 0.52469,0.507799,0.555012,0.533419,0.507799,0.533419]
********************************************************************************************************************
o___o  ----------------------------------------
| L |	Time since last clock: 0h 0m 0s
A===A	Time since the beginning: 0h 9m 52.537s
***********************************************


********************************************************************************************************************
Warm up runs have been completed. Start calculating W = 5 phonon.
open output files: NGSEDIterationObs.txt
********************************************************************************************************************
Start the 0 rounds of NGS-ED iteration
	effective electronic model is modified as: kinetic energy t = 0.773112
	                                           effective interaction Vq = [-3.65679,-3.42395,-3.34793,-3.42395,-3.42395,-3.34833,-3.25256,-3.34833,-3.34793,-3.25256,-3.31643,-3.25256,-3.42395,-3.34833,-3.25256,-3.34833]
	PARPACK diagonalization completed after 45 matrix-vector product operations.
	iteration results: : total energy is -60.642512 | electron energy -60.726559 + phonon energy 0.084047 | electron momentum kIdx = 10
	Nq(0) = 9,	Nq(1) = 0.375114,	Nq(2) = 0.444617,	Nq(3) = 0.375114,	Nq(4) = 0.375114,	Nq(5) = 0.388549,	Nq(6) = 0.577483,	Nq(7) = 0.388549,	Nq(8) = 0.444617,	Nq(9) = 0.577483,	Nq(10) = 0.818467,	Nq(11) = 0.577483,	Nq(12) = 0.375114,	Nq(13) = 0.388549,	Nq(14) = 0.577483,	Nq(15) = 0.388549,	Sq(0) = -3.08784e-21,	Sq(1) = 0.392849,	Sq(2) = 0.383711,	Sq(3) = 0.392849,	Sq(4) = 0.392849,	Sq(5) = 0.585071,	Sq(6) = 0.651022,	Sq(7) = 0.585071,	Sq(8) = 0.383711,	Sq(9) = 0.651022,	Sq(10) = 0.644528,	Sq(11) = 0.651022,	Sq(12) = 0.392849,	Sq(13) = 0.585071,	Sq(14) = 0.651022,	Sq(15) = 0.585071,	N(0) = 1.99843,	N(1) = 1.99713,	N(2) = 0.667767,	N(3) = 1.99713,	N(4) = 1.99713,	N(5) = 0.168007,	N(6) = 0.00114753,	N(7) = 0.168007,	N(8) = 0.667767,	N(9) = 0.00114753,	N(10) = 0.000881924,	N(11) = 0.00114753,	N(12) = 1.99713,	N(13) = 0.168007,	N(14) = 0.00114753,	N(15) = 0.168007,	Delta[s](0) = 0.177485,	Delta[s](1) = 0.143148,	Delta[s](2) = 0.135149,	Delta[s](3) = 0.143148,	Delta[s](4) = 0.143148,	Delta[s](5) = 0.126906,	Delta[s](6) = 0.105292,	Delta[s](7) = 0.126906,	Delta[s](8) = 0.135149,	Delta[s](9) = 0.105292,	Delta[s](10) = 0.086977,	Delta[s](11) = 0.105292,	Delta[s](12) = 0.143148,	Delta[s](13) = 0.126906,	Delta[s](14) = 0.105292,	Delta[s](15) = 0.126906,	Delta[d](0) = 0.232162,	Delta[d](1) = 0.183073,	Delta[d](2) = 0.215458,	Delta[d](3) = 0.183073,	Delta[d](4) = 0.183073,	Delta[d](5) = 0.14384,	Delta[d](6) = 0.145239,	Delta[d](7) = 0.14384,	Delta[d](8) = 0.215458,	Delta[d](9) = 0.145239,	Delta[d](10) = 0.0740519,	Delta[d](11) = 0.145239,	Delta[d](12) = 0.183073,	Delta[d](13) = 0.14384,	Delta[d](14) = 0.145239,	Delta[d](15) = 0.14384,	Delta[s+](0) = 0.475903,	Delta[s+](1) = 0.332942,	Delta[s+](2) = 0.215458,	Delta[s+](3) = 0.332942,	Delta[s+](4) = 0.332942,	Delta[s+](5) = 0.167938,	Delta[s+](6) = 0.0693152,	Delta[s+](7) = 0.167938,	Delta[s+](8) = 0.215458,	Delta[s+](9) = 0.0693152,	Delta[s+](10) = 0.0278809,	Delta[s+](11) = 0.0693152,	Delta[s+](12) = 0.332942,	Delta[s+](13) = 0.167938,	Delta[s+](14) = 0.0693152,	Delta[s+](15) = 0.167938
The 0-th iteration is completed.	|| time cost : 0h 1m 24.972s
********************************************************************************************************************
Start the 1 rounds of NGS-ED iteration
	effective electronic model is modified as: kinetic energy t = 0.750021
	                                           effective interaction Vq = [ -3.8737,  -3.633,-3.49039,  -3.633,  -3.633,-3.44458, -3.4178,-3.44458,-3.49039, -3.4178,-3.48223, -3.4178,  -3.633,-3.44458, -3.4178,-3.44458]
	PARPACK diagonalization completed after 30 matrix-vector product operations.
	iteration results: : total energy is -63.017499 | electron energy -63.259966 + phonon energy 0.242467 | electron momentum kIdx = 10
The 1-th iteration is completed.	|| time cost : 0h 0m 9.077s
********************************************************************************************************************
Start the 2 rounds of NGS-ED iteration
	effective electronic model is modified as: kinetic energy t = 0.73245
	                                           effective interaction Vq = [ -3.9535,-3.74039,-3.61303,-3.74039,-3.74039,-3.48802,-3.51975,-3.48802,-3.61303,-3.51975,-3.58877,-3.51975,-3.74039,-3.48802,-3.51975,-3.48802]
	PARPACK diagonalization completed after 30 matrix-vector product operations.
	iteration results: : total energy is -63.939220 | electron energy -64.289472 + phonon energy 0.350252 | electron momentum kIdx = 10
The 2-th iteration is completed.	|| time cost : 0h 0m 9.066s
********************************************************************************************************************
Start the 3 rounds of NGS-ED iteration
	effective electronic model is modified as: kinetic energy t = 0.716907
	                                           effective interaction Vq = [-3.98285, -3.7969,-3.71676, -3.7969, -3.7969,-3.55561,-3.57971,-3.55561,-3.71676,-3.57971, -3.6559,-3.57971, -3.7969,-3.55561,-3.57971,-3.55561]
	PARPACK diagonalization completed after 30 matrix-vector product operations.
	iteration results: : total energy is -64.320417 | electron energy -64.739975 + phonon energy 0.419558 | electron momentum kIdx = 10
The 3-th iteration is completed.	|| time cost : 0h 0m 9.071s
********************************************************************************************************************
Start the 4 rounds of NGS-ED iteration
	effective electronic model is modified as: kinetic energy t = 0.70572
	                                           effective interaction Vq = [-3.99365,-3.82699,-3.77225,-3.82699,-3.82699,-3.61903,-3.61438,-3.61903,-3.77225,-3.61438,-3.69786,-3.61438,-3.82699,-3.61903,-3.61438,-3.61903]
	PARPACK diagonalization completed after 30 matrix-vector product operations.
	iteration results: : total energy is -64.472956 | electron energy -64.938754 + phonon energy 0.465798 | electron momentum kIdx = 10
The 4-th iteration is completed.	|| time cost : 0h 0m 9.086s
********************************************************************************************************************
Start the 5 rounds of NGS-ED iteration
	effective electronic model is modified as: kinetic energy t = 0.698289
	                                           effective interaction Vq = [-3.99762,-3.84342,-3.79965,-3.84342,-3.84342,-3.66664,-3.63463,-3.66664,-3.79965,-3.63463,-3.72404,-3.63463,-3.84342,-3.66664,-3.63463,-3.66664]
	PARPACK diagonalization completed after 30 matrix-vector product operations.
	iteration results: : total energy is -64.533714 | electron energy -65.030277 + phonon energy 0.496563 | electron momentum kIdx = 10
The 5-th iteration is completed.	|| time cost : 0h 0m 9.08s
********************************************************************************************************************
Start the 6 rounds of NGS-ED iteration
	effective electronic model is modified as: kinetic energy t = 0.693485
	                                           effective interaction Vq = [-3.99909,-3.85258,-3.81187,-3.85258,-3.85258,-3.70058,-3.64656,-3.70058,-3.81187,-3.64656,-3.74042,-3.64656,-3.85258,-3.70058,-3.64656,-3.70058]
	PARPACK diagonalization completed after 30 matrix-vector product operations.
	iteration results: : total energy is -64.558366 | electron energy -65.075096 + phonon energy 0.516730 | electron momentum kIdx = 10
The 6-th iteration is completed.	|| time cost : 0h 0m 9.092s
********************************************************************************************************************
Start the 7 rounds of NGS-ED iteration
	effective electronic model is modified as: kinetic energy t = 0.690414
	                                           effective interaction Vq = [-3.99962,-3.85775,-3.81594,-3.85775,-3.85775,-3.72447,-3.65364,-3.72447,-3.81594,-3.65364, -3.7507,-3.65364,-3.85775,-3.72447,-3.65364,-3.72447]
	PARPACK diagonalization completed after 30 matrix-vector product operations.
	iteration results: : total energy is -64.568737 | electron energy -65.098516 + phonon energy 0.529779 | electron momentum kIdx = 10
The 7-th iteration is completed.	|| time cost : 0h 0m 9.081s
********************************************************************************************************************
Start the 8 rounds of NGS-ED iteration
	effective electronic model is modified as: kinetic energy t = 0.688461
	                                           effective interaction Vq = [-3.99982,-3.86069,-3.81575,-3.86069,-3.86069,-3.74132,-3.65786,-3.74132,-3.81575,-3.65786,-3.75718,-3.65786,-3.86069,-3.74132,-3.65786,-3.74132]
	PARPACK diagonalization completed after 30 matrix-vector product operations.
	iteration results: : total energy is -64.573330 | electron energy -65.111477 + phonon energy 0.538147 | electron momentum kIdx = 10
The 8-th iteration is completed.	|| time cost : 0h 0m 9.105s
********************************************************************************************************************
Start the 9 rounds of NGS-ED iteration
	effective electronic model is modified as: kinetic energy t = 0.687224
	                                           effective interaction Vq = [-3.99989,-3.86237,-3.81347,-3.86237,-3.86237,-3.75325,-3.66038,-3.75325,-3.81347,-3.66038,-3.76126,-3.66038,-3.86237,-3.75325,-3.66038,-3.75325]
	PARPACK diagonalization completed after 30 matrix-vector product operations.
	iteration results: : total energy is -64.575494 | electron energy -65.118974 + phonon energy 0.543481 | electron momentum kIdx = 10
The 9-th iteration is completed.	|| time cost : 0h 0m 9.098s
********************************************************************************************************************
Start the 10 rounds of NGS-ED iteration
	effective electronic model is modified as: kinetic energy t = 0.686441
	                                           effective interaction Vq = [-3.99992,-3.86334, -3.8103,-3.86334,-3.86334,-3.76179,-3.66188,-3.76179, -3.8103,-3.66188,-3.76385,-3.66188,-3.86334,-3.76179,-3.66188,-3.76179]
	PARPACK diagonalization completed after 30 matrix-vector product operations.
	iteration results: : total energy is -64.576583 | electron energy -65.123451 + phonon energy 0.546868 | electron momentum kIdx = 10
	Nq(0) = 9,	Nq(1) = 0.411774,	Nq(2) = 0.608945,	Nq(3) = 0.411774,	Nq(4) = 0.411774,	Nq(5) = 0.559711,	Nq(6) = 0.615538,	Nq(7) = 0.559711,	Nq(8) = 0.608945,	Nq(9) = 0.615538,	Nq(10) = 0.972922,	Nq(11) = 0.615538,	Nq(12) = 0.411774,	Nq(13) = 0.559711,	Nq(14) = 0.615538,	Nq(15) = 0.559711,	Sq(0) = 3.78288e-17,	Sq(1) = 0.34687,	Sq(2) = 0.361846,	Sq(3) = 0.34687,	Sq(4) = 0.34687,	Sq(5) = 0.363336,	Sq(6) = 0.576211,	Sq(7) = 0.363336,	Sq(8) = 0.361846,	Sq(9) = 0.576211,	Sq(10) = 0.591736,	Sq(11) = 0.576211,	Sq(12) = 0.34687,	Sq(13) = 0.363336,	Sq(14) = 0.576211,	Sq(15) = 0.363336,	N(0) = 1.99783,	N(1) = 1.99188,	N(2) = 0.27152,	N(3) = 1.99188,	N(4) = 1.99188,	N(5) = 0.369923,	N(6) = 0.00275941,	N(7) = 0.369923,	N(8) = 0.27152,	N(9) = 0.00275941,	N(10) = 0.000894722,	N(11) = 0.00275941,	N(12) = 1.99188,	N(13) = 0.369923,	N(14) = 0.00275941,	N(15) = 0.369923,	Delta[s](0) = 0.212656,	Delta[s](1) = 0.180165,	Delta[s](2) = 0.169446,	Delta[s](3) = 0.180165,	Delta[s](4) = 0.180165,	Delta[s](5) = 0.170674,	Delta[s](6) = 0.151023,	Delta[s](7) = 0.170674,	Delta[s](8) = 0.169446,	Delta[s](9) = 0.151023,	Delta[s](10) = 0.21046,	Delta[s](11) = 0.151023,	Delta[s](12) = 0.180165,	Delta[s](13) = 0.170674,	Delta[s](14) = 0.151023,	Delta[s](15) = 0.170674,	Delta[d](0) = 0.219517,	Delta[d](1) = 0.156376,	Delta[d](2) = 0.179563,	Delta[d](3) = 0.156376,	Delta[d](4) = 0.156376,	Delta[d](5) = 0.14998,	Delta[d](6) = 0.1193,	Delta[d](7) = 0.14998,	Delta[d](8) = 0.179563,	Delta[d](9) = 0.1193,	Delta[d](10) = 0.0759464,	Delta[d](11) = 0.1193,	Delta[d](12) = 0.156376,	Delta[d](13) = 0.14998,	Delta[d](14) = 0.1193,	Delta[d](15) = 0.14998,	Delta[s+](0) = 0.450556,	Delta[s+](1) = 0.319921,	Delta[s+](2) = 0.179563,	Delta[s+](3) = 0.319921,	Delta[s+](4) = 0.319921,	Delta[s+](5) = 0.188298,	Delta[s+](6) = 0.0798057,	Delta[s+](7) = 0.188298,	Delta[s+](8) = 0.179563,	Delta[s+](9) = 0.0798057,	Delta[s+](10) = 0.0370279,	Delta[s+](11) = 0.0798057,	Delta[s+](12) = 0.319921,	Delta[s+](13) = 0.188298,	Delta[s+](14) = 0.0798057,	Delta[s+](15) = 0.188298
The 10-th iteration is completed.	|| time cost : 0h 1m 24.894s
********************************************************************************************************************
Start the 11 rounds of NGS-ED iteration
	effective electronic model is modified as: kinetic energy t = 0.685947
	                                           effective interaction Vq = [-3.99993,-3.86389,-3.80692,-3.86389,-3.86389,-3.76795,-3.66278,-3.76795,-3.80692,-3.66278,-3.76549,-3.66278,-3.86389,-3.76795,-3.66278,-3.76795]
	PARPACK diagonalization completed after 30 matrix-vector product operations.
	iteration results: : total energy is -64.577167 | electron energy -65.126181 + phonon energy 0.549014 | electron momentum kIdx = 10
The 11-th iteration is completed.	|| time cost : 0h 0m 9.088s
********************************************************************************************************************
Start the 12 rounds of NGS-ED iteration
	effective electronic model is modified as: kinetic energy t = 0.685635
	                                           effective interaction Vq = [-3.99993,-3.86421,-3.80368,-3.86421,-3.86421,-3.77244,-3.66332,-3.77244,-3.80368,-3.66332,-3.76653,-3.66332,-3.86421,-3.77244,-3.66332,-3.77244]
	PARPACK diagonalization completed after 30 matrix-vector product operations.
	iteration results: : total energy is -64.577497 | electron energy -65.127869 + phonon energy 0.550372 | electron momentum kIdx = 10
The 12-th iteration is completed.	|| time cost : 0h 0m 9.086s
********************************************************************************************************************
Start the 13 rounds of NGS-ED iteration
	effective electronic model is modified as: kinetic energy t = 0.685438
	                                           effective interaction Vq = [-3.99993,-3.86439,-3.80075,-3.86439,-3.86439,-3.77574,-3.66363,-3.77574,-3.80075,-3.66363,-3.76719,-3.66363,-3.86439,-3.77574,-3.66363,-3.77574]
	PARPACK diagonalization completed after 30 matrix-vector product operations.
	iteration results: : total energy is -64.577690 | electron energy -65.128921 + phonon energy 0.551230 | electron momentum kIdx = 10
The 13-th iteration is completed.	|| time cost : 0h 0m 9.073s
********************************************************************************************************************
Start the 14 rounds of NGS-ED iteration
	effective electronic model is modified as: kinetic energy t = 0.685313
	                                           effective interaction Vq = [-3.99994, -3.8645, -3.7982, -3.8645, -3.8645,-3.77821,-3.66382,-3.77821, -3.7982,-3.66382,-3.76761,-3.66382, -3.8645,-3.77821,-3.66382,-3.77821]
	PARPACK diagonalization completed after 30 matrix-vector product operations.
	iteration results: : total energy is -64.577807 | electron energy -65.129580 + phonon energy 0.551772 | electron momentum kIdx = 10
The 14-th iteration is completed.	|| time cost : 0h 0m 9.093s
********************************************************************************************************************
Start the 15 rounds of NGS-ED iteration
	effective electronic model is modified as: kinetic energy t = 0.685235
	                                           effective interaction Vq = [-3.99994,-3.86455,-3.79602,-3.86455,-3.86455,-3.78005,-3.66393,-3.78005,-3.79602,-3.66393,-3.76787,-3.66393,-3.86455,-3.78005,-3.66393,-3.78005]
	PARPACK diagonalization completed after 30 matrix-vector product operations.
	iteration results: : total energy is -64.577879 | electron energy -65.129994 + phonon energy 0.552115 | electron momentum kIdx = 10
The 15-th iteration is completed.	|| time cost : 0h 0m 9.073s
********************************************************************************************************************
Start the 16 rounds of NGS-ED iteration
	effective electronic model is modified as: kinetic energy t = 0.685185
	                                           effective interaction Vq = [-3.99994,-3.86459,-3.79419,-3.86459,-3.86459,-3.78145,  -3.664,-3.78145,-3.79419,  -3.664,-3.76804,  -3.664,-3.86459,-3.78145,  -3.664,-3.78145]
	PARPACK diagonalization completed after 30 matrix-vector product operations.
	iteration results: : total energy is -64.577924 | electron energy -65.130255 + phonon energy 0.552331 | electron momentum kIdx = 10
The 16-th iteration is completed.	|| time cost : 0h 0m 9.084s
********************************************************************************************************************
Start the 17 rounds of NGS-ED iteration
	effective electronic model is modified as: kinetic energy t = 0.685154
	                                           effective interaction Vq = [-3.99994,-3.86461,-3.79268,-3.86461,-3.86461,-3.78252,-3.66404,-3.78252,-3.79268,-3.66404,-3.76815,-3.66404,-3.86461,-3.78252,-3.66404,-3.78252]
	PARPACK diagonalization completed after 30 matrix-vector product operations.
	iteration results: : total energy is -64.577952 | electron energy -65.130419 + phonon energy 0.552467 | electron momentum kIdx = 10
The 17-th iteration is completed.	|| time cost : 0h 0m 9.078s
********************************************************************************************************************
Start the 18 rounds of NGS-ED iteration
	effective electronic model is modified as: kinetic energy t = 0.685134
	                                           effective interaction Vq = [-3.99994,-3.86462,-3.79144,-3.86462,-3.86462,-3.78334,-3.66406,-3.78334,-3.79144,-3.66406,-3.76822,-3.66406,-3.86462,-3.78334,-3.66406,-3.78334]
	PARPACK diagonalization completed after 30 matrix-vector product operations.
	iteration results: : total energy is -64.577970 | electron energy -65.130523 + phonon energy 0.552553 | electron momentum kIdx = 10
The 18-th iteration is completed.	|| time cost : 0h 0m 9.089s
********************************************************************************************************************
Start the 19 rounds of NGS-ED iteration
	effective electronic model is modified as: kinetic energy t = 0.685122
	                                           effective interaction Vq = [-3.99994,-3.86462,-3.79043,-3.86462,-3.86462,-3.78397,-3.66407,-3.78397,-3.79043,-3.66407,-3.76827,-3.66407,-3.86462,-3.78397,-3.66407,-3.78397]
	PARPACK diagonalization completed after 30 matrix-vector product operations.
	iteration results: : total energy is -64.577981 | electron energy -65.130589 + phonon energy 0.552608 | electron momentum kIdx = 10
The 19-th iteration is completed.	|| time cost : 0h 0m 9.12s
********************************************************************************************************************
Start the 20 rounds of NGS-ED iteration
	effective electronic model is modified as: kinetic energy t = 0.685114
	                                           effective interaction Vq = [-3.99994,-3.86463,-3.78961,-3.86463,-3.86463,-3.78446,-3.66408,-3.78446,-3.78961,-3.66408,-3.76829,-3.66408,-3.86463,-3.78446,-3.66408,-3.78446]
	PARPACK diagonalization completed after 30 matrix-vector product operations.
