SNEDics v3.4 Non-Gaussian ED ground state program		Start at Wed Oct  2 02:02:13 2019

parallized on 16 MPI threads  * 8 OpenMP threads = 128 total threads.
********************************************************************************************************************
********************************************************************************************************************

********************************************************************************************************************
System parameters and configurations
********************************************************************************************************************
Special program options are enabled: splitted diagonal Hamiltonian
********************************************************************************************************************
Read input file "model_params.in"
	Hubbard-Holstein model parameters : 	t = 1    U = 6.18    g = 4.1833    W = 5    
********************************************************************************************************************
Read input file "hilbertspace_params.in"
	Requested 16-site 2D lattice, with 16 electrons (8, 8)
	Boundary : Periodic		Hilbert space representation : momentum-space (restricted to kIdx = 10)
	Conservation: particle number[U(1)]      spin[U(1)]     momentum
********************************************************************************************************************

Cluster Positions:				Cluster symmetry group : D4
 x ... x ... x ... x .....                       x ... x ... x ... x .....
 |           |           :                       |           |           :
 |           |           :                       |           |           :
12    13    14    15     x                       1     5     6     5     x
 |           |           :                       |           |           :
 |           |           :                       |           |           :
 8 --- 9 ---10 ---11 --- x                       2 --- 6 ---10 --- 6 --- x
 |           |           :                       |           |           :
 |           |           :                       |           |           :
 4     5     6     7     x                       1     5     6     5     x
 |           |           :                       |           |           :
 |           |           :                       |           |           :
 0 --- 1 --- 2 --- 3 --- x                       0 --- 1 --- 2 --- 1 --- x
orbital number : 1
********************************************************************************************************************
Read input file "obs_params.in"
	Observable Type : Nq(All),   Sq(All),   N(All),   Delta[s](All),   Delta[d](All),   Delta[s+](All)
********************************************************************************************************************
** WARNING ** the input observables have non-local factors which have been reinterpreted. The total observable number is 96
********************************************************************************************************************


********************************************************************************************************************
Start calculating the non-Gaussian ED ground state
** WARNING ** Detected low phonon energy W < 10. The initial state will be prepared through a warm-up process.
********************************************************************************************************************
Start warm-up calculation for scaling factor 2
open output files: NGSEDWarmUpW10Obs.txt
********************************************************************************************************************
Start the 0 rounds of NGS-ED iteration
	effective electronic model is modified as: kinetic energy t = 1
	                                           effective interaction Vq = [-0,-0,-0,-0,-0,-0,-0,-0,-0,-0,-0,-0,-0,-0,-0,-0]
	first Hamiltonian is constructed, non-zero numbers = 2845334624
	PARPACK diagonalization completed after 90 matrix-vector product operations.
	iteration results: : total energy is -10.139627 | electron energy -10.139627 + phonon energy 0.000000 | electron momentum kIdx = 10
	Nq(0) = 16,	Nq(1) = 0.0959116,	Nq(2) = 0.156147,	Nq(3) = 0.0959116,	Nq(4) = 0.0959116,	Nq(5) = 0.156147,	Nq(6) = 0.212711,	Nq(7) = 0.156147,	Nq(8) = 0.156147,	Nq(9) = 0.212711,	Nq(10) = 0.263102,	Nq(11) = 0.212711,	Nq(12) = 0.0959116,	Nq(13) = 0.156147,	Nq(14) = 0.212711,	Nq(15) = 0.156147,	Sq(0) = -4.87495e-19,	Sq(1) = 0.262121,	Sq(2) = 0.398099,	Sq(3) = 0.262121,	Sq(4) = 0.262121,	Sq(5) = 0.398099,	Sq(6) = 0.585306,	Sq(7) = 0.398099,	Sq(8) = 0.398099,	Sq(9) = 0.585306,	Sq(10) = 7.78722,	Sq(11) = 0.585306,	Sq(12) = 0.262121,	Sq(13) = 0.398099,	Sq(14) = 0.585306,	Sq(15) = 0.398099,	N(0) = 1.84867,	N(1) = 1.67955,	N(2) = 1,	N(3) = 1.67955,	N(4) = 1.67955,	N(5) = 1,	N(6) = 0.320448,	N(7) = 1,	N(8) = 1,	N(9) = 0.320448,	N(10) = 0.151334,	N(11) = 0.320448,	N(12) = 1.67955,	N(13) = 1,	N(14) = 0.320448,	N(15) = 1,	Delta[s](0) = 0.116225,	Delta[s](1) = 0.0979722,	Delta[s](2) = 0.0775097,	Delta[s](3) = 0.0979722,	Delta[s](4) = 0.0979722,	Delta[s](5) = 0.0775097,	Delta[s](6) = 0.0557203,	Delta[s](7) = 0.0775097,	Delta[s](8) = 0.0775097,	Delta[s](9) = 0.0557203,	Delta[s](10) = 0.0211856,	Delta[s](11) = 0.0557203,	Delta[s](12) = 0.0979722,	Delta[s](13) = 0.0775097,	Delta[s](14) = 0.0557203,	Delta[s](15) = 0.0775097,	Delta[d](0) = 0.543126,	Delta[d](1) = 0.439756,	Delta[d](2) = 0.365533,	Delta[d](3) = 0.439756,	Delta[d](4) = 0.439756,	Delta[d](5) = 0.396969,	Delta[d](6) = 0.330501,	Delta[d](7) = 0.396969,	Delta[d](8) = 0.365533,	Delta[d](9) = 0.330501,	Delta[d](10) = 0.268206,	Delta[d](11) = 0.330501,	Delta[d](12) = 0.439756,	Delta[d](13) = 0.396969,	Delta[d](14) = 0.330501,	Delta[d](15) = 0.396969,	Delta[s+](0) = 0.600848,	Delta[s+](1) = 0.499534,	Delta[s+](2) = 0.365533,	Delta[s+](3) = 0.499534,	Delta[s+](4) = 0.499534,	Delta[s+](5) = 0.365533,	Delta[s+](6) = 0.232637,	Delta[s+](7) = 0.365533,	Delta[s+](8) = 0.365533,	Delta[s+](9) = 0.232637,	Delta[s+](10) = 0.119005,	Delta[s+](11) = 0.232637,	Delta[s+](12) = 0.499534,	Delta[s+](13) = 0.365533,	Delta[s+](14) = 0.232637,	Delta[s+](15) = 0.365533
The 0-th iteration is completed.	|| time cost : 0h 8m 42.249s
********************************************************************************************************************
Start the 1 rounds of NGS-ED iteration
	effective electronic model is modified as: kinetic energy t = 0.922095
	                                           effective interaction Vq = [-3.02633,-2.66051,-2.58234,-2.66051,-2.66051,-2.58234,-2.54179,-2.58234,-2.58234,-2.54179,-2.50821,-2.54179,-2.66051,-2.58234,-2.54179,-2.58234]
	PARPACK diagonalization completed after 45 matrix-vector product operations.
	iteration results: : total energy is -67.266880 | electron energy -67.271253 + phonon energy 0.004373 | electron momentum kIdx = 10
The 1-th iteration is completed.	|| time cost : 0h 7m 30.476s
********************************************************************************************************************
Start the 2 rounds of NGS-ED iteration
	effective electronic model is modified as: kinetic energy t = 0.857293
	                                           effective interaction Vq = [ -3.4359,-3.25354,-3.12143,-3.25354,-3.25354,-3.12143,-3.12087,-3.12143,-3.12143,-3.12087,-3.05322,-3.12087,-3.25354,-3.12143,-3.12087,-3.12143]
	PARPACK diagonalization completed after 45 matrix-vector product operations.
	iteration results: : total energy is -75.926958 | electron energy -75.974103 + phonon energy 0.047145 | electron momentum kIdx = 10
The 2-th iteration is completed.	|| time cost : 0h 0m 31.951s
********************************************************************************************************************
Start the 3 rounds of NGS-ED iteration
	effective electronic model is modified as: kinetic energy t = 0.820887
	                                           effective interaction Vq = [-3.49132,-3.39451,-3.34639,-3.39451,-3.39451,-3.34639,-3.28442,-3.34639,-3.34639,-3.28442,-3.19915,-3.28442,-3.39451,-3.34639,-3.28442,-3.34639]
	PARPACK diagonalization completed after 30 matrix-vector product operations.
	iteration results: : total energy is -77.497860 | electron energy -77.590247 + phonon energy 0.092387 | electron momentum kIdx = 10
The 3-th iteration is completed.	|| time cost : 0h 0m 27.553s
********************************************************************************************************************
Start the 4 rounds of NGS-ED iteration
	effective electronic model is modified as: kinetic energy t = 0.807429
	                                           effective interaction Vq = [-3.49883,-3.42926,-3.40416,-3.42926,-3.42926,-3.40416,-3.33127,-3.40416,-3.40416,-3.33127,-3.24318,-3.33127,-3.42926,-3.40416,-3.33127,-3.40416]
	PARPACK diagonalization completed after 30 matrix-vector product operations.
	iteration results: : total energy is -77.708974 | electron energy -77.825836 + phonon energy 0.116862 | electron momentum kIdx = 10
The 4-th iteration is completed.	|| time cost : 0h 0m 27.281s
********************************************************************************************************************
Start the 5 rounds of NGS-ED iteration
	effective electronic model is modified as: kinetic energy t = 0.802637
	                                           effective interaction Vq = [-3.49984,-3.43948,-3.42149,-3.43948,-3.43948,-3.42149,-3.34648,-3.42149,-3.42149,-3.34648,-3.25792,-3.34648,-3.43948,-3.42149,-3.34648,-3.42149]
	PARPACK diagonalization completed after 30 matrix-vector product operations.
	iteration results: : total energy is -77.736676 | electron energy -77.863482 + phonon energy 0.126805 | electron momentum kIdx = 10
The 5-th iteration is completed.	|| time cost : 0h 0m 27.298s
********************************************************************************************************************
Start the 6 rounds of NGS-ED iteration
	effective electronic model is modified as: kinetic energy t = 0.800952
	                                           effective interaction Vq = [-3.49998,-3.44276,-3.42716,-3.44276,-3.44276,-3.42716,-3.35171,-3.42716,-3.42716,-3.35171,-3.26307,-3.35171,-3.44276,-3.42716,-3.35171,-3.42716]
	PARPACK diagonalization completed after 30 matrix-vector product operations.
	iteration results: : total energy is -77.740283 | electron energy -77.870767 + phonon energy 0.130484 | electron momentum kIdx = 10
The 6-th iteration is completed.	|| time cost : 0h 0m 27.266s
********************************************************************************************************************
Start the 7 rounds of NGS-ED iteration
	effective electronic model is modified as: kinetic energy t = 0.800362
	                                           effective interaction Vq = [    -3.5,-3.44385,-3.42909,-3.44385,-3.44385,-3.42909,-3.35355,-3.42909,-3.42909,-3.35355,-3.26489,-3.35355,-3.44385,-3.42909,-3.35355,-3.42909]
	PARPACK diagonalization completed after 30 matrix-vector product operations.
	iteration results: : total energy is -77.740753 | electron energy -77.872553 + phonon energy 0.131801 | electron momentum kIdx = 10
The 7-th iteration is completed.	|| time cost : 0h 0m 27.276s
********************************************************************************************************************
Start the 8 rounds of NGS-ED iteration
	effective electronic model is modified as: kinetic energy t = 0.800155
	                                           effective interaction Vq = [    -3.5,-3.44421,-3.42976,-3.44421,-3.44421,-3.42976, -3.3542,-3.42976,-3.42976, -3.3542,-3.26554, -3.3542,-3.44421,-3.42976, -3.3542,-3.42976]
	PARPACK diagonalization completed after 30 matrix-vector product operations.
	iteration results: : total energy is -77.740814 | electron energy -77.873080 + phonon energy 0.132266 | electron momentum kIdx = 10
The 8-th iteration is completed.	|| time cost : 0h 0m 27.261s
********************************************************************************************************************
Start the 9 rounds of NGS-ED iteration
	effective electronic model is modified as: kinetic energy t = 0.800083
	                                           effective interaction Vq = [    -3.5,-3.44434,-3.42999,-3.44434,-3.44434,-3.42999,-3.35443,-3.42999,-3.42999,-3.35443,-3.26577,-3.35443,-3.44434,-3.42999,-3.35443,-3.42999]
	PARPACK diagonalization completed after 105 matrix-vector product operations.
	iteration results: : total energy is -77.932639 | electron energy -78.065070 + phonon energy 0.132430 | electron momentum kIdx = 10
The 9-th iteration is completed.	|| time cost : 0h 0m 50.759s
********************************************************************************************************************
Start the 10 rounds of NGS-ED iteration
	effective electronic model is modified as: kinetic energy t = 0.797009
	                                           effective interaction Vq = [    -3.5,-3.44165,-3.43914,-3.44165,-3.44165,-3.43914,-3.34999,-3.43914,-3.43914,-3.34999,-3.34126,-3.34999,-3.44165,-3.43914,-3.34999,-3.43914]
	PARPACK diagonalization completed after 45 matrix-vector product operations.
	iteration results: : total energy is -77.951630 | electron energy -78.087362 + phonon energy 0.135732 | electron momentum kIdx = 10
	Nq(0) = 16,	Nq(1) = 0.383263,	Nq(2) = 0.768757,	Nq(3) = 0.383263,	Nq(4) = 0.383263,	Nq(5) = 0.768757,	Nq(6) = 0.628633,	Nq(7) = 0.768757,	Nq(8) = 0.768757,	Nq(9) = 0.628633,	Nq(10) = 0.938939,	Nq(11) = 0.628633,	Nq(12) = 0.383263,	Nq(13) = 0.768757,	Nq(14) = 0.628633,	Nq(15) = 0.768757,	Sq(0) = 4.8937e-18,	Sq(1) = 0.341402,	Sq(2) = 0.360605,	Sq(3) = 0.341402,	Sq(4) = 0.341402,	Sq(5) = 0.360605,	Sq(6) = 0.570632,	Sq(7) = 0.360605,	Sq(8) = 0.360605,	Sq(9) = 0.570632,	Sq(10) = 0.589175,	Sq(11) = 0.570632,	Sq(12) = 0.341402,	Sq(13) = 0.360605,	Sq(14) = 0.570632,	Sq(15) = 0.360605,	N(0) = 1.99811,	N(1) = 1.99467,	N(2) = 1,	N(3) = 1.99467,	N(4) = 1.99467,	N(5) = 1,	N(6) = 0.00532921,	N(7) = 1,	N(8) = 1,	N(9) = 0.00532921,	N(10) = 0.00189323,	N(11) = 0.00532921,	N(12) = 1.99467,	N(13) = 1,	N(14) = 0.00532921,	N(15) = 1,	Delta[s](0) = 0.411027,	Delta[s](1) = 0.313004,	Delta[s](2) = 0.277269,	Delta[s](3) = 0.313004,	Delta[s](4) = 0.313004,	Delta[s](5) = 0.277269,	Delta[s](6) = 0.25855,	Delta[s](7) = 0.277269,	Delta[s](8) = 0.277269,	Delta[s](9) = 0.25855,	Delta[s](10) = 0.438674,	Delta[s](11) = 0.25855,	Delta[s](12) = 0.313004,	Delta[s](13) = 0.277269,	Delta[s](14) = 0.25855,	Delta[s](15) = 0.277269,	Delta[d](0) = 0.338642,	Delta[d](1) = 0.284865,	Delta[d](2) = 0.259507,	Delta[d](3) = 0.284865,	Delta[d](4) = 0.284865,	Delta[d](5) = 0.255521,	Delta[d](6) = 0.243426,	Delta[d](7) = 0.255521,	Delta[d](8) = 0.259507,	Delta[d](9) = 0.243426,	Delta[d](10) = 0.172645,	Delta[d](11) = 0.243426,	Delta[d](12) = 0.284865,	Delta[d](13) = 0.255521,	Delta[d](14) = 0.243426,	Delta[d](15) = 0.255521,	Delta[s+](0) = 0.462603,	Delta[s+](1) = 0.380654,	Delta[s+](2) = 0.259507,	Delta[s+](3) = 0.380654,	Delta[s+](4) = 0.380654,	Delta[s+](5) = 0.259507,	Delta[s+](6) = 0.133453,	Delta[s+](7) = 0.259507,	Delta[s+](8) = 0.259507,	Delta[s+](9) = 0.133453,	Delta[s+](10) = 0.0486454,	Delta[s+](11) = 0.133453,	Delta[s+](12) = 0.380654,	Delta[s+](13) = 0.259507,	Delta[s+](14) = 0.133453,	Delta[s+](15) = 0.259507
The 10-th iteration is completed.	|| time cost : 0h 4m 46.528s
********************************************************************************************************************
Start the 11 rounds of NGS-ED iteration
	effective electronic model is modified as: kinetic energy t = 0.795874
	                                           effective interaction Vq = [    -3.5,-3.44059,-3.44209,-3.44059,-3.44059,-3.44209,-3.34813,-3.44209,-3.44209,-3.34813,-3.36832,-3.34813,-3.44059,-3.44209,-3.34813,-3.44209]
	PARPACK diagonalization completed after 30 matrix-vector product operations.
	iteration results: : total energy is -77.954877 | electron energy -78.093303 + phonon energy 0.138426 | electron momentum kIdx = 10
The 11-th iteration is completed.	|| time cost : 0h 0m 27.364s
********************************************************************************************************************
Start the 12 rounds of NGS-ED iteration
	effective electronic model is modified as: kinetic energy t = 0.795426
	                                           effective interaction Vq = [    -3.5,-3.44022,-3.44301,-3.44022,-3.44022,-3.44301,-3.34744,-3.44301,-3.44301,-3.34744,-3.37933,-3.34744,-3.44022,-3.44301,-3.34744,-3.44301]
	PARPACK diagonalization completed after 30 matrix-vector product operations.
	iteration results: : total energy is -77.955482 | electron energy -78.095195 + phonon energy 0.139712 | electron momentum kIdx = 10
The 12-th iteration is completed.	|| time cost : 0h 0m 27.269s
********************************************************************************************************************
Start the 13 rounds of NGS-ED iteration
	effective electronic model is modified as: kinetic energy t = 0.795234
	                                           effective interaction Vq = [    -3.5,-3.44012,-3.44325,-3.44012,-3.44012,-3.44325,-3.34721,-3.44325,-3.44325,-3.34721,-3.38436,-3.34721,-3.44012,-3.44325,-3.34721,-3.44325]
	PARPACK diagonalization completed after 30 matrix-vector product operations.
	iteration results: : total energy is -77.955616 | electron energy -78.095903 + phonon energy 0.140287 | electron momentum kIdx = 10
The 13-th iteration is completed.	|| time cost : 0h 0m 27.261s
********************************************************************************************************************
Start the 14 rounds of NGS-ED iteration
	effective electronic model is modified as: kinetic energy t = 0.795144
	                                           effective interaction Vq = [    -3.5, -3.4401,-3.44327, -3.4401, -3.4401,-3.44327,-3.34716,-3.44327,-3.44327,-3.34716,-3.38689,-3.34716, -3.4401,-3.44327,-3.34716,-3.44327]
	PARPACK diagonalization completed after 30 matrix-vector product operations.
	iteration results: : total energy is -77.955651 | electron energy -78.096206 + phonon energy 0.140555 | electron momentum kIdx = 10
The 14-th iteration is completed.	|| time cost : 0h 0m 27.393s
********************************************************************************************************************
Start the 15 rounds of NGS-ED iteration
	effective electronic model is modified as: kinetic energy t = 0.795098
	                                           effective interaction Vq = [    -3.5,-3.44011,-3.44324,-3.44011,-3.44011,-3.44324,-3.34717,-3.44324,-3.44324,-3.34717,-3.38827,-3.34717,-3.44011,-3.44324,-3.34717,-3.44324]
	PARPACK diagonalization completed after 30 matrix-vector product operations.
	iteration results: : total energy is -77.955662 | electron energy -78.096351 + phonon energy 0.140690 | electron momentum kIdx = 10
	Nq(0) = 16,	Nq(1) = 0.382654,	Nq(2) = 0.766073,	Nq(3) = 0.382654,	Nq(4) = 0.382654,	Nq(5) = 0.766073,	Nq(6) = 0.627042,	Nq(7) = 0.766073,	Nq(8) = 0.766073,	Nq(9) = 0.627042,	Nq(10) = 0.992232,	Nq(11) = 0.627042,	Nq(12) = 0.382654,	Nq(13) = 0.766073,	Nq(14) = 0.627042,	Nq(15) = 0.766073,	Sq(0) = -6.16526e-18,	Sq(1) = 0.339051,	Sq(2) = 0.359551,	Sq(3) = 0.339051,	Sq(4) = 0.339051,	Sq(5) = 0.359551,	Sq(6) = 0.567855,	Sq(7) = 0.359551,	Sq(8) = 0.359551,	Sq(9) = 0.567855,	Sq(10) = 0.587618,	Sq(11) = 0.567855,	Sq(12) = 0.339051,	Sq(13) = 0.359551,	Sq(14) = 0.567855,	Sq(15) = 0.359551,	N(0) = 1.99797,	N(1) = 1.99421,	N(2) = 1,	N(3) = 1.99421,	N(4) = 1.99421,	N(5) = 1,	N(6) = 0.00578571,	N(7) = 1,	N(8) = 1,	N(9) = 0.00578571,	N(10) = 0.00202638,	N(11) = 0.00578571,	N(12) = 1.99421,	N(13) = 1,	N(14) = 0.00578571,	N(15) = 1,	Delta[s](0) = 0.421725,	Delta[s](1) = 0.313841,	Delta[s](2) = 0.27825,	Delta[s](3) = 0.313841,	Delta[s](4) = 0.313841,	Delta[s](5) = 0.27825,	Delta[s](6) = 0.259412,	Delta[s](7) = 0.27825,	Delta[s](8) = 0.27825,	Delta[s](9) = 0.259412,	Delta[s](10) = 0.429491,	Delta[s](11) = 0.259412,	Delta[s](12) = 0.313841,	Delta[s](13) = 0.27825,	Delta[s](14) = 0.259412,	Delta[s](15) = 0.27825,	Delta[d](0) = 0.33657,	Delta[d](1) = 0.283446,	Delta[d](2) = 0.258414,	Delta[d](3) = 0.283446,	Delta[d](4) = 0.283446,	Delta[d](5) = 0.253853,	Delta[d](6) = 0.242128,	Delta[d](7) = 0.253853,	Delta[d](8) = 0.258414,	Delta[d](9) = 0.242128,	Delta[d](10) = 0.171366,	Delta[d](11) = 0.242128,	Delta[d](12) = 0.283446,	Delta[d](13) = 0.253853,	Delta[d](14) = 0.242128,	Delta[d](15) = 0.253853,	Delta[s+](0) = 0.460809,	Delta[s+](1) = 0.379076,	Delta[s+](2) = 0.258414,	Delta[s+](3) = 0.379076,	Delta[s+](4) = 0.379076,	Delta[s+](5) = 0.258414,	Delta[s+](6) = 0.132752,	Delta[s+](7) = 0.258414,	Delta[s+](8) = 0.258414,	Delta[s+](9) = 0.132752,	Delta[s+](10) = 0.0484798,	Delta[s+](11) = 0.132752,	Delta[s+](12) = 0.379076,	Delta[s+](13) = 0.258414,	Delta[s+](14) = 0.132752,	Delta[s+](15) = 0.258414
The 15-th iteration is completed.	|| time cost : 0h 4m 46.528s
********************************************************************************************************************
********************************************************************************************************************
Ground state is obtained after 16 iterations. The current ground-state energy is -77.9557, in which electron energy is -78.0964 and phonon energy is 0.14069
final variational state is: 
	Gamma_x = [      1,1.03092, 1.0614,1.03092,1.03092, 1.0614,1.07518, 1.0614, 1.0614,1.07518,1.10655,1.07518,1.03092, 1.0614,1.07518, 1.0614]
	lambda_q = [0.591608,0.514225,0.516244,0.514225,0.514225,0.516244,0.467988,0.516244,0.516244,0.467988,0.486279,0.467988,0.514225,0.516244,0.467988,0.516244]
********************************************************************************************************************
o___o  ----------------------------------------
| L |	Time since last clock: 0h 0m 0s
A===A	Time since the beginning: 0h 31m 41.719s
***********************************************


********************************************************************************************************************
Warm up runs have been completed. Start calculating W = 5 phonon.
open output files: NGSEDIterationObs.txt
********************************************************************************************************************
Start the 0 rounds of NGS-ED iteration
	effective electronic model is modified as: kinetic energy t = 0.795073
	                                           effective interaction Vq = [-3.19975,-2.98018,-2.98667,-2.98018,-2.98018,-2.98667,-2.82041,-2.98667,-2.98667,-2.82041,-2.88617,-2.82041,-2.98018,-2.98667,-2.82041,-2.98667]
	PARPACK diagonalization completed after 60 matrix-vector product operations.
	iteration results: : total energy is -68.944095 | electron energy -69.014476 + phonon energy 0.070381 | electron momentum kIdx = 10
	Nq(0) = 16,	Nq(1) = 0.37014,	Nq(2) = 0.453313,	Nq(3) = 0.37014,	Nq(4) = 0.37014,	Nq(5) = 0.453313,	Nq(6) = 0.572939,	Nq(7) = 0.453313,	Nq(8) = 0.453313,	Nq(9) = 0.572939,	Nq(10) = 0.811076,	Nq(11) = 0.572939,	Nq(12) = 0.37014,	Nq(13) = 0.453313,	Nq(14) = 0.572939,	Nq(15) = 0.453313,	Sq(0) = 4.17286e-18,	Sq(1) = 0.38973,	Sq(2) = 0.651703,	Sq(3) = 0.38973,	Sq(4) = 0.38973,	Sq(5) = 0.651703,	Sq(6) = 0.646289,	Sq(7) = 0.651703,	Sq(8) = 0.651703,	Sq(9) = 0.646289,	Sq(10) = 0.642434,	Sq(11) = 0.646289,	Sq(12) = 0.38973,	Sq(13) = 0.651703,	Sq(14) = 0.646289,	Sq(15) = 0.651703,	N(0) = 1.99869,	N(1) = 1.99779,	N(2) = 1,	N(3) = 1.99779,	N(4) = 1.99779,	N(5) = 1,	N(6) = 0.00220773,	N(7) = 1,	N(8) = 1,	N(9) = 0.00220773,	N(10) = 0.00131039,	N(11) = 0.00220773,	N(12) = 1.99779,	N(13) = 1,	N(14) = 0.00220773,	N(15) = 1,	Delta[s](0) = 0.256051,	Delta[s](1) = 0.25271,	Delta[s](2) = 0.225623,	Delta[s](3) = 0.25271,	Delta[s](4) = 0.25271,	Delta[s](5) = 0.225623,	Delta[s](6) = 0.210011,	Delta[s](7) = 0.225623,	Delta[s](8) = 0.225623,	Delta[s](9) = 0.210011,	Delta[s](10) = 0.190964,	Delta[s](11) = 0.210011,	Delta[s](12) = 0.25271,	Delta[s](13) = 0.225623,	Delta[s](14) = 0.210011,	Delta[s](15) = 0.225623,	Delta[d](0) = 0.314879,	Delta[d](1) = 0.296399,	Delta[d](2) = 0.280456,	Delta[d](3) = 0.296399,	Delta[d](4) = 0.296399,	Delta[d](5) = 0.28583,	Delta[d](6) = 0.258422,	Delta[d](7) = 0.28583,	Delta[d](8) = 0.280456,	Delta[d](9) = 0.258422,	Delta[d](10) = 0.150379,	Delta[d](11) = 0.258422,	Delta[d](12) = 0.296399,	Delta[d](13) = 0.28583,	Delta[d](14) = 0.258422,	Delta[d](15) = 0.28583,	Delta[s+](0) = 0.510205,	Delta[s+](1) = 0.415734,	Delta[s+](2) = 0.280456,	Delta[s+](3) = 0.415734,	Delta[s+](4) = 0.415734,	Delta[s+](5) = 0.280456,	Delta[s+](6) = 0.147714,	Delta[s+](7) = 0.280456,	Delta[s+](8) = 0.280456,	Delta[s+](9) = 0.147714,	Delta[s+](10) = 0.0566126,	Delta[s+](11) = 0.147714,	Delta[s+](12) = 0.415734,	Delta[s+](13) = 0.280456,	Delta[s+](14) = 0.147714,	Delta[s+](15) = 0.280456
The 0-th iteration is completed.	|| time cost : 0h 4m 32.791s
********************************************************************************************************************
Start the 1 rounds of NGS-ED iteration
	effective electronic model is modified as: kinetic energy t = 0.774736
	                                           effective interaction Vq = [-3.38954,-3.16396, -3.0728,-3.16396,-3.16396, -3.0728,-2.96296, -3.0728, -3.0728,-2.96296,-3.02294,-2.96296,-3.16396, -3.0728,-2.96296, -3.0728]
	PARPACK diagonalization completed after 45 matrix-vector product operations.
	iteration results: : total energy is -72.322933 | electron energy -72.525381 + phonon energy 0.202448 | electron momentum kIdx = 10
The 1-th iteration is completed.	|| time cost : 0h 0m 32.05s
********************************************************************************************************************
Start the 2 rounds of NGS-ED iteration
	effective electronic model is modified as: kinetic energy t = 0.759961
	                                           effective interaction Vq = [-3.45936,-3.25738,-3.12541,-3.25738,-3.25738,-3.12541, -3.0488,-3.12541,-3.12541, -3.0488,-3.10922, -3.0488,-3.25738,-3.12541, -3.0488,-3.12541]
	PARPACK diagonalization completed after 45 matrix-vector product operations.
	iteration results: : total energy is -73.623945 | electron energy -73.915608 + phonon energy 0.291663 | electron momentum kIdx = 10
The 2-th iteration is completed.	|| time cost : 0h 0m 31.933s
********************************************************************************************************************
Start the 3 rounds of NGS-ED iteration
	effective electronic model is modified as: kinetic energy t = 0.740199
	                                           effective interaction Vq = [-3.48505,-3.30703,-3.24332,-3.30703,-3.30703,-3.24332,-3.09934,-3.24332,-3.24332,-3.09934,-3.16361,-3.09934,-3.30703,-3.24332,-3.09934,-3.24332]
	PARPACK diagonalization completed after 45 matrix-vector product operations.
	iteration results: : total energy is -74.260353 | electron energy -74.614550 + phonon energy 0.354196 | electron momentum kIdx = 10
The 3-th iteration is completed.	|| time cost : 0h 0m 32.014s
********************************************************************************************************************
Start the 4 rounds of NGS-ED iteration
	effective electronic model is modified as: kinetic energy t = 0.728738
	                                           effective interaction Vq = [ -3.4945,-3.33146,-3.30332,-3.33146,-3.33146,-3.30332,-3.12624,-3.30332,-3.30332,-3.12624,-3.19654,-3.12624,-3.33146,-3.30332,-3.12624,-3.30332]
	PARPACK diagonalization completed after 30 matrix-vector product operations.
	iteration results: : total energy is -74.492860 | electron energy -74.892898 + phonon energy 0.400038 | electron momentum kIdx = 10
The 4-th iteration is completed.	|| time cost : 0h 0m 27.572s
********************************************************************************************************************
Start the 5 rounds of NGS-ED iteration
	effective electronic model is modified as: kinetic energy t = 0.722067
	                                           effective interaction Vq = [-3.49798,-3.34395,-3.33534,-3.34395,-3.34395,-3.33534,-3.14091,-3.33534,-3.33534,-3.14091,-3.21675,-3.14091,-3.34395,-3.33534,-3.14091,-3.33534]
	PARPACK diagonalization completed after 30 matrix-vector product operations.
	iteration results: : total energy is -74.577462 | electron energy -75.007821 + phonon energy 0.430360 | electron momentum kIdx = 10
The 5-th iteration is completed.	|| time cost : 0h 0m 27.583s
********************************************************************************************************************
Start the 6 rounds of NGS-ED iteration
	effective electronic model is modified as: kinetic energy t = 0.718179
	                                           effective interaction Vq = [-3.49926,-3.35047,-3.35299,-3.35047,-3.35047,-3.35299,  -3.149,-3.35299,-3.35299,  -3.149, -3.2293,  -3.149,-3.35047,-3.35299,  -3.149,-3.35299]
	PARPACK diagonalization completed after 30 matrix-vector product operations.
	iteration results: : total energy is -74.608112 | electron energy -75.057473 + phonon energy 0.449361 | electron momentum kIdx = 10
The 6-th iteration is completed.	|| time cost : 0h 0m 27.342s
********************************************************************************************************************
Start the 7 rounds of NGS-ED iteration
	effective electronic model is modified as: kinetic energy t = 0.715913
	                                           effective interaction Vq = [-3.49973, -3.3539,-3.36294, -3.3539, -3.3539,-3.36294, -3.1535,-3.36294,-3.36294, -3.1535,-3.23718, -3.1535, -3.3539,-3.36294, -3.1535,-3.36294]
	PARPACK diagonalization completed after 30 matrix-vector product operations.
	iteration results: : total energy is -74.619187 | electron energy -75.080108 + phonon energy 0.460920 | electron momentum kIdx = 10
The 7-th iteration is completed.	|| time cost : 0h 0m 27.414s
********************************************************************************************************************
Start the 8 rounds of NGS-ED iteration
	effective electronic model is modified as: kinetic energy t = 0.714592
	                                           effective interaction Vq = [ -3.4999,-3.35572,-3.36862,-3.35572,-3.35572,-3.36862,-3.15601,-3.36862,-3.36862,-3.15601,-3.24216,-3.15601,-3.35572,-3.36862,-3.15601,-3.36862]
	PARPACK diagonalization completed after 30 matrix-vector product operations.
	iteration results: : total energy is -74.623186 | electron energy -75.091027 + phonon energy 0.467840 | electron momentum kIdx = 10
The 8-th iteration is completed.	|| time cost : 0h 0m 27.572s
********************************************************************************************************************
Start the 9 rounds of NGS-ED iteration
	effective electronic model is modified as: kinetic energy t = 0.713822
	                                           effective interaction Vq = [-3.49996,-3.35667, -3.3719,-3.35667,-3.35667, -3.3719, -3.1574, -3.3719, -3.3719, -3.1574,-3.24533, -3.1574,-3.35667, -3.3719, -3.1574, -3.3719]
	PARPACK diagonalization completed after 30 matrix-vector product operations.
	iteration results: : total energy is -74.624631 | electron energy -75.096579 + phonon energy 0.471949 | electron momentum kIdx = 10
The 9-th iteration is completed.	|| time cost : 0h 0m 27.543s
********************************************************************************************************************
Start the 10 rounds of NGS-ED iteration
	effective electronic model is modified as: kinetic energy t = 0.713373
	                                           effective interaction Vq = [-3.49999,-3.35717, -3.3738,-3.35717,-3.35717, -3.3738,-3.15817, -3.3738, -3.3738,-3.15817,-3.24735,-3.15817,-3.35717, -3.3738,-3.15817, -3.3738]
	PARPACK diagonalization completed after 30 matrix-vector product operations.
	iteration results: : total energy is -74.625153 | electron energy -75.099531 + phonon energy 0.474378 | electron momentum kIdx = 10
	Nq(0) = 16,	Nq(1) = 0.386775,	Nq(2) = 0.779097,	Nq(3) = 0.386775,	Nq(4) = 0.386775,	Nq(5) = 0.779101,	Nq(6) = 0.590487,	Nq(7) = 0.779101,	Nq(8) = 0.779106,	Nq(9) = 0.590487,	Nq(10) = 0.9121,	Nq(11) = 0.590487,	Nq(12) = 0.386775,	Nq(13) = 0.779101,	Nq(14) = 0.590487,	Nq(15) = 0.779101,	Sq(0) = -8.80056e-18,	Sq(1) = 0.345989,	Sq(2) = 0.365823,	Sq(3) = 0.345989,	Sq(4) = 0.345989,	Sq(5) = 0.365823,	Sq(6) = 0.581999,	Sq(7) = 0.365823,	Sq(8) = 0.365823,	Sq(9) = 0.581999,	Sq(10) = 0.597352,	Sq(11) = 0.581999,	Sq(12) = 0.345989,	Sq(13) = 0.365823,	Sq(14) = 0.581999,	Sq(15) = 0.365823,	N(0) = 1.99879,	N(1) = 1.99485,	N(2) = 1,	N(3) = 1.99485,	N(4) = 1.99485,	N(5) = 1,	N(6) = 0.00515354,	N(7) = 1,	N(8) = 1,	N(9) = 0.00515357,	N(10) = 0.00120807,	N(11) = 0.00515357,	N(12) = 1.99485,	N(13) = 1,	N(14) = 0.00515354,	N(15) = 1,	Delta[s](0) = 0.356481,	Delta[s](1) = 0.305065,	Delta[s](2) = 0.283376,	Delta[s](3) = 0.305065,	Delta[s](4) = 0.305065,	Delta[s](5) = 0.283376,	Delta[s](6) = 0.271663,	Delta[s](7) = 0.283376,	Delta[s](8) = 0.283376,	Delta[s](9) = 0.271663,	Delta[s](10) = 0.384229,	Delta[s](11) = 0.271663,	Delta[s](12) = 0.305065,	Delta[s](13) = 0.283376,	Delta[s](14) = 0.271663,	Delta[s](15) = 0.283376,	Delta[d](0) = 0.361088,	Delta[d](1) = 0.313887,	Delta[d](2) = 0.290612,	Delta[d](3) = 0.313887,	Delta[d](4) = 0.313887,	Delta[d](5) = 0.287205,	Delta[d](6) = 0.275598,	Delta[d](7) = 0.287205,	Delta[d](8) = 0.290612,	Delta[d](9) = 0.275598,	Delta[d](10) = 0.213347,	Delta[d](11) = 0.275598,	Delta[d](12) = 0.313887,	Delta[d](13) = 0.287205,	Delta[d](14) = 0.275598,	Delta[d](15) = 0.287205,	Delta[s+](0) = 0.498324,	Delta[s+](1) = 0.410896,	Delta[s+](2) = 0.290612,	Delta[s+](3) = 0.410896,	Delta[s+](4) = 0.410896,	Delta[s+](5) = 0.290612,	Delta[s+](6) = 0.165612,	Delta[s+](7) = 0.290612,	Delta[s+](8) = 0.290612,	Delta[s+](9) = 0.165612,	Delta[s+](10) = 0.076782,	Delta[s+](11) = 0.165612,	Delta[s+](12) = 0.410896,	Delta[s+](13) = 0.290612,	Delta[s+](14) = 0.165612,	Delta[s+](15) = 0.290612
The 10-th iteration is completed.	|| time cost : 0h 4m 22.003s
********************************************************************************************************************
Start the 11 rounds of NGS-ED iteration
	effective electronic model is modified as: kinetic energy t = 0.713111
	                                           effective interaction Vq = [-3.49999,-3.35742, -3.3749,-3.35742,-3.35742, -3.3749, -3.1586, -3.3749, -3.3749, -3.1586,-3.24865, -3.1586,-3.35742, -3.3749, -3.1586, -3.3749]
	PARPACK diagonalization completed after 30 matrix-vector product operations.
	iteration results: : total energy is -74.625342 | electron energy -75.101155 + phonon energy 0.475812 | electron momentum kIdx = 10
The 11-th iteration is completed.	|| time cost : 0h 0m 27.589s
********************************************************************************************************************
Start the 12 rounds of NGS-ED iteration
	effective electronic model is modified as: kinetic energy t = 0.712958
	                                           effective interaction Vq = [    -3.5,-3.35755,-3.37555,-3.35755,-3.35755,-3.37555,-3.15883,-3.37555,-3.37555,-3.15883,-3.24948,-3.15883,-3.35755,-3.37555,-3.15883,-3.37555]
	PARPACK diagonalization completed after 30 matrix-vector product operations.
	iteration results: : total energy is -74.625411 | electron energy -75.102071 + phonon energy 0.476659 | electron momentum kIdx = 10
The 12-th iteration is completed.	|| time cost : 0h 0m 27.266s
********************************************************************************************************************
Start the 13 rounds of NGS-ED iteration
	effective electronic model is modified as: kinetic energy t = 0.712869
	                                           effective interaction Vq = [    -3.5,-3.35761,-3.37592,-3.35761,-3.35761,-3.37592,-3.15895,-3.37592,-3.37593,-3.15895,-3.25002,-3.15895,-3.35761,-3.37592,-3.15895,-3.37592]
	PARPACK diagonalization completed after 30 matrix-vector product operations.
	iteration results: : total energy is -74.625436 | electron energy -75.102596 + phonon energy 0.477160 | electron momentum kIdx = 10
The 13-th iteration is completed.	|| time cost : 0h 0m 27.241s
********************************************************************************************************************
Start the 14 rounds of NGS-ED iteration
	effective electronic model is modified as: kinetic energy t = 0.712816
	                                           effective interaction Vq = [    -3.5,-3.35764,-3.37614,-3.35764,-3.35764,-3.37615,-3.15902,-3.37615,-3.37615,-3.15902,-3.25037,-3.15902,-3.35764,-3.37615,-3.15902,-3.37615]
	PARPACK diagonalization completed after 30 matrix-vector product operations.
	iteration results: : total energy is -74.625446 | electron energy -75.102902 + phonon energy 0.477456 | electron momentum kIdx = 10
The 14-th iteration is completed.	|| time cost : 0h 0m 27.611s
********************************************************************************************************************
Start the 15 rounds of NGS-ED iteration
	effective electronic model is modified as: kinetic energy t = 0.712786
	                                           effective interaction Vq = [    -3.5,-3.35765,-3.37627,-3.35765,-3.35765,-3.37627,-3.15906,-3.37627,-3.37628,-3.15906,-3.25059,-3.15906,-3.35765,-3.37627,-3.15906,-3.37627]
	PARPACK diagonalization completed after 30 matrix-vector product operations.
	iteration results: : total energy is -74.625450 | electron energy -75.103082 + phonon energy 0.477632 | electron momentum kIdx = 10
The 15-th iteration is completed.	|| time cost : 0h 0m 27.432s
********************************************************************************************************************
Start the 16 rounds of NGS-ED iteration
	effective electronic model is modified as: kinetic energy t = 0.712767
	                                           effective interaction Vq = [    -3.5,-3.35766,-3.37635,-3.35766,-3.35766,-3.37635,-3.15907,-3.37635,-3.37635,-3.15908,-3.25074,-3.15908,-3.35766,-3.37635,-3.15907,-3.37635]
	PARPACK diagonalization completed after 30 matrix-vector product operations.
	iteration results: : total energy is -74.625451 | electron energy -75.103188 + phonon energy 0.477736 | electron momentum kIdx = 10
The 16-th iteration is completed.	|| time cost : 0h 0m 27.555s
********************************************************************************************************************
Start the 17 rounds of NGS-ED iteration
	effective electronic model is modified as: kinetic energy t = 0.712757
	                                           effective interaction Vq = [    -3.5,-3.35766,-3.37639,-3.35766,-3.35766,-3.37639,-3.15908,-3.37639, -3.3764,-3.15908,-3.25083,-3.15908,-3.35766,-3.37639,-3.15908,-3.37639]
	PARPACK diagonalization completed after 30 matrix-vector product operations.
	iteration results: : total energy is -74.625453 | electron energy -75.103251 + phonon energy 0.477799 | electron momentum kIdx = 10
The 17-th iteration is completed.	|| time cost : 0h 0m 27.353s
********************************************************************************************************************
Start the 18 rounds of NGS-ED iteration
	effective electronic model is modified as: kinetic energy t = 0.712751
	                                           effective interaction Vq = [    -3.5,-3.35766,-3.37642,-3.35766,-3.35766,-3.37642,-3.15909,-3.37642,-3.37642,-3.15909, -3.2509,-3.15909,-3.35766,-3.37642,-3.15909,-3.37642]
	PARPACK diagonalization completed after 30 matrix-vector product operations.
	iteration results: : total energy is -74.625454 | electron energy -75.103290 + phonon energy 0.477836 | electron momentum kIdx = 10
