SNEDics v3.4 Non-Gaussian ED ground state program		Start at Tue Sep 24 13:54:50 2019

parallized on 16 MPI threads  * 8 OpenMP threads = 128 total threads.
********************************************************************************************************************
********************************************************************************************************************

********************************************************************************************************************
System parameters and configurations
********************************************************************************************************************
Special program options are enabled: splitted diagonal Hamiltonian
********************************************************************************************************************
Read input file "model_params.in"
	Hubbard-Holstein model parameters : 	t = 1    U = 1    g = 5    W = 5    
********************************************************************************************************************
Read input file "hilbertspace_params.in"
	Requested 16-site 2D lattice, with 14 electrons (7, 7)
	Boundary : Periodic		Hilbert space representation : momentum-space (restricted to kIdx = 0)
	Conservation: particle number[U(1)]      spin[U(1)]     momentum
********************************************************************************************************************

Cluster Positions:				Cluster symmetry group : D4
 x ... x ... x ... x .....                       x ... x ... x ... x .....
 |           |           :                       |           |           :
 |           |           :                       |           |           :
12    13    14    15     x                       1     5     6     5     x
 |           |           :                       |           |           :
 |           |           :                       |           |           :
 8 --- 9 ---10 ---11 --- x                       2 --- 6 ---10 --- 6 --- x
 |           |           :                       |           |           :
 |           |           :                       |           |           :
 4     5     6     7     x                       1     5     6     5     x
 |           |           :                       |           |           :
 |           |           :                       |           |           :
 0 --- 1 --- 2 --- 3 --- x                       0 --- 1 --- 2 --- 1 --- x
orbital number : 1
********************************************************************************************************************
Read input file "obs_params.in"
	Observable Type : Nq(All),   Sq(All),   N(All),   Delta[s](All),   Delta[d](All),   Delta[s+](All)
********************************************************************************************************************
** WARNING ** the input observables have non-local factors which have been reinterpreted. The total observable number is 96
********************************************************************************************************************


********************************************************************************************************************
Start calculating the non-Gaussian ED ground state
** WARNING ** Detected low phonon energy W < 10. The initial state will be prepared through a warm-up process.
********************************************************************************************************************
Start warm-up calculation for scaling factor 2
open output files: NGSEDWarmUpW10Obs.txt
********************************************************************************************************************
Start the 0 rounds of NGS-ED iteration
	effective electronic model is modified as: kinetic energy t = 1
	                                           effective interaction Vq = [-0,-0,-0,-0,-0,-0,-0,-0,-0,-0,-0,-0,-0,-0,-0,-0]
	first Hamiltonian is constructed, non-zero numbers = 2178478298
	PARPACK diagonalization completed after 225 matrix-vector product operations.
	iteration results: : total energy is -21.392788 | electron energy -21.392788 + phonon energy 0.000000 | electron momentum kIdx = 0
	Nq(0) = 12.25,	Nq(1) = 0.322314,	Nq(2) = 0.354504,	Nq(3) = 0.322314,	Nq(4) = 0.322314,	Nq(5) = 0.452135,	Nq(6) = 0.545423,	Nq(7) = 0.452135,	Nq(8) = 0.354504,	Nq(9) = 0.545423,	Nq(10) = 0.578411,	Nq(11) = 0.545423,	Nq(12) = 0.322314,	Nq(13) = 0.452135,	Nq(14) = 0.545423,	Nq(15) = 0.452135,	Sq(0) = -2.85055e-17,	Sq(1) = 0.404746,	Sq(2) = 0.586094,	Sq(3) = 0.404746,	Sq(4) = 0.404746,	Sq(5) = 0.532207,	Sq(6) = 0.684785,	Sq(7) = 0.532207,	Sq(8) = 0.586095,	Sq(9) = 0.684785,	Sq(10) = 1.52395,	Sq(11) = 0.684785,	Sq(12) = 0.404746,	Sq(13) = 0.532207,	Sq(14) = 0.684785,	Sq(15) = 0.532207,	N(0) = 1.99398,	N(1) = 1.98838,	N(2) = 0.00885483,	N(3) = 1.98838,	N(4) = 1.98838,	N(5) = 0.999368,	N(6) = 0.00845225,	N(7) = 0.999368,	N(8) = 0.00885483,	N(9) = 0.00845225,	N(10) = 0.00351848,	N(11) = 0.00845225,	N(12) = 1.98838,	N(13) = 0.999368,	N(14) = 0.00845225,	N(15) = 0.999368,	Delta[s](0) = 0.218039,	Delta[s](1) = 0.184256,	Delta[s](2) = 0.131803,	Delta[s](3) = 0.184256,	Delta[s](4) = 0.184256,	Delta[s](5) = 0.157628,	Delta[s](6) = 0.122782,	Delta[s](7) = 0.157628,	Delta[s](8) = 0.131803,	Delta[s](9) = 0.122782,	Delta[s](10) = 0.0681457,	Delta[s](11) = 0.122782,	Delta[s](12) = 0.184256,	Delta[s](13) = 0.157628,	Delta[s](14) = 0.122782,	Delta[s](15) = 0.157628,	Delta[d](0) = 0.221863,	Delta[d](1) = 0.140693,	Delta[d](2) = 0.148475,	Delta[d](3) = 0.140693,	Delta[d](4) = 0.140693,	Delta[d](5) = 0.144552,	Delta[d](6) = 0.09577,	Delta[d](7) = 0.144552,	Delta[d](8) = 0.148475,	Delta[d](9) = 0.09577,	Delta[d](10) = 0.0315898,	Delta[d](11) = 0.09577,	Delta[d](12) = 0.140693,	Delta[d](13) = 0.144552,	Delta[d](14) = 0.09577,	Delta[d](15) = 0.144552,	Delta[s+](0) = 0.499299,	Delta[s+](1) = 0.376275,	Delta[s+](2) = 0.148475,	Delta[s+](3) = 0.376275,	Delta[s+](4) = 0.376275,	Delta[s+](5) = 0.260398,	Delta[s+](6) = 0.0913742,	Delta[s+](7) = 0.260398,	Delta[s+](8) = 0.148475,	Delta[s+](9) = 0.0913741,	Delta[s+](10) = 0.02325,	Delta[s+](11) = 0.0913741,	Delta[s+](12) = 0.376275,	Delta[s+](13) = 0.260398,	Delta[s+](14) = 0.0913742,	Delta[s+](15) = 0.260398
The 0-th iteration is completed.	|| time cost : 0h 6m 35.661s
********************************************************************************************************************
Start the 1 rounds of NGS-ED iteration
	effective electronic model is modified as: kinetic energy t = 0.861154
	                                           effective interaction Vq = [-4.32332,-4.12558, -3.9663,-4.12558,-4.12558,-4.04545,-3.98185,-4.04545, -3.9663,-3.98185, -3.8972,-3.98185,-4.12558,-4.04545,-3.98185,-4.04545]
	PARPACK diagonalization completed after 135 matrix-vector product operations.
	iteration results: : total energy is -116.088120 | electron energy -116.110413 + phonon energy 0.022293 | electron momentum kIdx = 0
The 1-th iteration is completed.	|| time cost : 0h 5m 59.053s
********************************************************************************************************************
Start the 2 rounds of NGS-ED iteration
	effective electronic model is modified as: kinetic energy t = 0.733761
	                                           effective interaction Vq = [-4.90842,-4.84596, -4.7941,-4.84596,-4.84596,-4.81675,-4.79848,-4.81675, -4.7941,-4.79848,-4.78868,-4.79848,-4.84596,-4.81675,-4.79848,-4.81675]
	PARPACK diagonalization completed after 75 matrix-vector product operations.
	iteration results: : total energy is -133.152817 | electron energy -133.212680 + phonon energy 0.059863 | electron momentum kIdx = 0
The 2-th iteration is completed.	|| time cost : 0h 0m 31.344s
********************************************************************************************************************
Start the 3 rounds of NGS-ED iteration
	effective electronic model is modified as: kinetic energy t = 0.677714
	                                           effective interaction Vq = [-4.98761,-4.96227, -4.9451,-4.96227,-4.96227,-4.95114,-4.94831,-4.95114, -4.9451,-4.94831,-4.95803,-4.94831,-4.96227,-4.95114,-4.94831,-4.95114]
	PARPACK diagonalization completed after 60 matrix-vector product operations.
	iteration results: : total energy is -135.687912 | electron energy -135.750753 + phonon energy 0.062842 | electron momentum kIdx = 0
The 3-th iteration is completed.	|| time cost : 0h 0m 27.743s
********************************************************************************************************************
Start the 4 rounds of NGS-ED iteration
	effective electronic model is modified as: kinetic energy t = 0.65674
	                                           effective interaction Vq = [-4.99832,-4.98412,-4.97598,-4.98412,-4.98412,-4.97775,-4.97825,-4.97775,-4.97598,-4.97825,-4.98988,-4.97825,-4.98412,-4.97775,-4.97825,-4.97775]
	PARPACK diagonalization completed after 60 matrix-vector product operations.
	iteration results: : total energy is -136.041203 | electron energy -136.102426 + phonon energy 0.061224 | electron momentum kIdx = 0
The 4-th iteration is completed.	|| time cost : 0h 0m 27.738s
********************************************************************************************************************
Start the 5 rounds of NGS-ED iteration
	effective electronic model is modified as: kinetic energy t = 0.649038
	                                           effective interaction Vq = [-4.99977,-4.98968,-4.98418,-4.98968,-4.98968,-4.98477,-4.98596,-4.98477,-4.98418,-4.98596,-4.99615,-4.98596,-4.98968,-4.98477,-4.98596,-4.98477]
	PARPACK diagonalization completed after 60 matrix-vector product operations.
	iteration results: : total energy is -136.088917 | electron energy -136.149097 + phonon energy 0.060181 | electron momentum kIdx = 0
The 5-th iteration is completed.	|| time cost : 0h 0m 27.739s
********************************************************************************************************************
Start the 6 rounds of NGS-ED iteration
	effective electronic model is modified as: kinetic energy t = 0.646085
	                                           effective interaction Vq = [-4.99997,-4.99149,-4.98695,-4.99149,-4.99149,-4.98716,-4.98852,-4.98716,-4.98695,-4.98852,-4.99761,-4.98852,-4.99149,-4.98716,-4.98852,-4.98716]
	PARPACK diagonalization completed after 45 matrix-vector product operations.
	iteration results: : total energy is -136.095482 | electron energy -136.155291 + phonon energy 0.059809 | electron momentum kIdx = 0
The 6-th iteration is completed.	|| time cost : 0h 0m 24.102s
********************************************************************************************************************
Start the 7 rounds of NGS-ED iteration
	effective electronic model is modified as: kinetic energy t = 0.644915
	                                           effective interaction Vq = [      -5,-4.99217,-4.98802,-4.99217,-4.99217, -4.9881, -4.9895, -4.9881,-4.98802, -4.9895,  -4.998, -4.9895,-4.99217, -4.9881, -4.9895, -4.9881]
	PARPACK diagonalization completed after 45 matrix-vector product operations.
	iteration results: : total energy is -136.096422 | electron energy -136.156102 + phonon energy 0.059681 | electron momentum kIdx = 0
The 7-th iteration is completed.	|| time cost : 0h 0m 24.08s
********************************************************************************************************************
Start the 8 rounds of NGS-ED iteration
	effective electronic model is modified as: kinetic energy t = 0.644441
	                                           effective interaction Vq = [      -5,-4.99244,-4.98845,-4.99244,-4.99244,-4.98848, -4.9899,-4.98848,-4.98845, -4.9899,-4.99811, -4.9899,-4.99244,-4.98848, -4.9899,-4.98848]
	PARPACK diagonalization completed after 45 matrix-vector product operations.
	iteration results: : total energy is -136.096562 | electron energy -136.156195 + phonon energy 0.059632 | electron momentum kIdx = 0
The 8-th iteration is completed.	|| time cost : 0h 0m 24.258s
********************************************************************************************************************
Start the 9 rounds of NGS-ED iteration
	effective electronic model is modified as: kinetic energy t = 0.644245
	                                           effective interaction Vq = [      -5,-4.99255,-4.98863,-4.99255,-4.99255,-4.98864,-4.99007,-4.98864,-4.98863,-4.99007,-4.99814,-4.99007,-4.99255,-4.98864,-4.99007,-4.98864]
	PARPACK diagonalization completed after 45 matrix-vector product operations.
	iteration results: : total energy is -136.096585 | electron energy -136.156197 + phonon energy 0.059613 | electron momentum kIdx = 0
	Nq(0) = 12.25,	Nq(1) = 0.483368,	Nq(2) = 0.763162,	Nq(3) = 0.483368,	Nq(4) = 0.483368,	Nq(5) = 0.763193,	Nq(6) = 1.20846,	Nq(7) = 0.763193,	Nq(8) = 0.763162,	Nq(9) = 1.20846,	Nq(10) = 3.73333,	Nq(11) = 1.20846,	Nq(12) = 0.483368,	Nq(13) = 0.763193,	Nq(14) = 1.20846,	Nq(15) = 0.763193,	Sq(0) = -3.33286e-20,	Sq(1) = 0.0222674,	Sq(2) = 0.0425526,	Sq(3) = 0.0222674,	Sq(4) = 0.0222674,	Sq(5) = 0.0425526,	Sq(6) = 0.0615528,	Sq(7) = 0.0425526,	Sq(8) = 0.0425526,	Sq(9) = 0.0615528,	Sq(10) = 0.0796611,	Sq(11) = 0.0615528,	Sq(12) = 0.0222674,	Sq(13) = 0.0425526,	Sq(14) = 0.0615528,	Sq(15) = 0.0425526,	N(0) = 1.48181,	N(1) = 1.21025,	N(2) = 0.853105,	N(3) = 1.21025,	N(4) = 1.21025,	N(5) = 0.853105,	N(6) = 0.549277,	N(7) = 0.853105,	N(8) = 0.853105,	N(9) = 0.549277,	N(10) = 0.361456,	N(11) = 0.549277,	N(12) = 1.21025,	N(13) = 0.853105,	N(14) = 0.549277,	N(15) = 0.853105,	Delta[s](0) = 0.880586,	Delta[s](1) = 0.416253,	Delta[s](2) = 0.385745,	Delta[s](3) = 0.416253,	Delta[s](4) = 0.416253,	Delta[s](5) = 0.385745,	Delta[s](6) = 0.364651,	Delta[s](7) = 0.385745,	Delta[s](8) = 0.385745,	Delta[s](9) = 0.364651,	Delta[s](10) = 0.346199,	Delta[s](11) = 0.364651,	Delta[s](12) = 0.416253,	Delta[s](13) = 0.385745,	Delta[s](14) = 0.364651,	Delta[s](15) = 0.385745,	Delta[d](0) = 0.11854,	Delta[d](1) = 0.116504,	Delta[d](2) = 0.118845,	Delta[d](3) = 0.116504,	Delta[d](4) = 0.116504,	Delta[d](5) = 0.112552,	Delta[d](6) = 0.111903,	Delta[d](7) = 0.112552,	Delta[d](8) = 0.118845,	Delta[d](9) = 0.111903,	Delta[d](10) = 0.106369,	Delta[d](11) = 0.111903,	Delta[d](12) = 0.116504,	Delta[d](13) = 0.112552,	Delta[d](14) = 0.111903,	Delta[d](15) = 0.112552,	Delta[s+](0) = 0.150206,	Delta[s+](1) = 0.134611,	Delta[s+](2) = 0.118845,	Delta[s+](3) = 0.134611,	Delta[s+](4) = 0.134611,	Delta[s+](5) = 0.118845,	Delta[s+](6) = 0.10449,	Delta[s+](7) = 0.118845,	Delta[s+](8) = 0.118845,	Delta[s+](9) = 0.10449,	Delta[s+](10) = 0.0943453,	Delta[s+](11) = 0.10449,	Delta[s+](12) = 0.134611,	Delta[s+](13) = 0.118845,	Delta[s+](14) = 0.10449,	Delta[s+](15) = 0.118845
The 9-th iteration is completed.	|| time cost : 0h 3m 29.472s
********************************************************************************************************************
********************************************************************************************************************
Ground state is obtained after 10 iterations. The current ground-state energy is -136.097, in which electron energy is -136.156 and phonon energy is 0.0596126
final variational state is: 
	Gamma_x = [      1,1.01802,1.03507,1.01802,1.01802,1.03507,1.05249,1.03507,1.03507,1.05249,  1.073,1.05249,1.01802,1.03507,1.05249,1.03507]
	lambda_q = [0.707075,0.679888,0.673508,0.679888,0.679888,0.673515,0.675703,0.673515,0.673508,0.675703,0.693479,0.675703,0.679888,0.673515,0.675703,0.673515]
********************************************************************************************************************
o___o  ----------------------------------------
| L |	Time since last clock: 0h 0m 0s
A===A	Time since the beginning: 0h 19m 11.195s
***********************************************


********************************************************************************************************************
Warm up runs have been completed. Start calculating W = 5 phonon.
open output files: NGSEDIterationObs.txt
********************************************************************************************************************
Start the 0 rounds of NGS-ED iteration
	effective electronic model is modified as: kinetic energy t = 0.644163
	                                           effective interaction Vq = [-4.57097,-4.48764,-4.46702,-4.48764,-4.48764,-4.46704,-4.47416,-4.46704,-4.46702,-4.47416,-4.53023,-4.47416,-4.48764,-4.46704,-4.47416,-4.46704]
	PARPACK diagonalization completed after 60 matrix-vector product operations.
	iteration results: : total energy is -123.380516 | electron energy -123.410319 + phonon energy 0.029802 | electron momentum kIdx = 0
	Nq(0) = 12.25,	Nq(1) = 0.376753,	Nq(2) = 0.536381,	Nq(3) = 0.376753,	Nq(4) = 0.376753,	Nq(5) = 0.536404,	Nq(6) = 0.786813,	Nq(7) = 0.536404,	Nq(8) = 0.536381,	Nq(9) = 0.786813,	Nq(10) = 7.08272,	Nq(11) = 0.786813,	Nq(12) = 0.376753,	Nq(13) = 0.536404,	Nq(14) = 0.786813,	Nq(15) = 0.536404,	Sq(0) = 6.58421e-19,	Sq(1) = 0.026838,	Sq(2) = 0.0506222,	Sq(3) = 0.026838,	Sq(4) = 0.026838,	Sq(5) = 0.0506221,	Sq(6) = 0.0725748,	Sq(7) = 0.0506221,	Sq(8) = 0.0506222,	Sq(9) = 0.0725748,	Sq(10) = 0.0932575,	Sq(11) = 0.0725748,	Sq(12) = 0.026838,	Sq(13) = 0.0506221,	Sq(14) = 0.0725748,	Sq(15) = 0.0506221,	N(0) = 1.52146,	N(1) = 1.23564,	N(2) = 0.848985,	N(3) = 1.23564,	N(4) = 1.23564,	N(5) = 0.848986,	N(6) = 0.527025,	N(7) = 0.848986,	N(8) = 0.848985,	N(9) = 0.527025,	N(10) = 0.333972,	N(11) = 0.527025,	N(12) = 1.23564,	N(13) = 0.848986,	N(14) = 0.527025,	N(15) = 0.848986,	Delta[s](0) = 0.606685,	Delta[s](1) = 0.417079,	Delta[s](2) = 0.399475,	Delta[s](3) = 0.417079,	Delta[s](4) = 0.417079,	Delta[s](5) = 0.399475,	Delta[s](6) = 0.386584,	Delta[s](7) = 0.399475,	Delta[s](8) = 0.399475,	Delta[s](9) = 0.386584,	Delta[s](10) = 0.384491,	Delta[s](11) = 0.386584,	Delta[s](12) = 0.417079,	Delta[s](13) = 0.399475,	Delta[s](14) = 0.386584,	Delta[s](15) = 0.399475,	Delta[d](0) = 0.0757424,	Delta[d](1) = 0.0744103,	Delta[d](2) = 0.0790395,	Delta[d](3) = 0.0744103,	Delta[d](4) = 0.0744103,	Delta[d](5) = 0.0695291,	Delta[d](6) = 0.0695572,	Delta[d](7) = 0.0695291,	Delta[d](8) = 0.0790395,	Delta[d](9) = 0.0695572,	Delta[d](10) = 0.0633111,	Delta[d](11) = 0.0695572,	Delta[d](12) = 0.0744103,	Delta[d](13) = 0.0695291,	Delta[d](14) = 0.0695572,	Delta[d](15) = 0.0695291,	Delta[s+](0) = 0.118325,	Delta[s+](1) = 0.0966362,	Delta[s+](2) = 0.0790395,	Delta[s+](3) = 0.0966362,	Delta[s+](4) = 0.0966362,	Delta[s+](5) = 0.0790395,	Delta[s+](6) = 0.0645846,	Delta[s+](7) = 0.0790395,	Delta[s+](8) = 0.0790395,	Delta[s+](9) = 0.0645846,	Delta[s+](10) = 0.0559515,	Delta[s+](11) = 0.0645846,	Delta[s+](12) = 0.0966362,	Delta[s+](13) = 0.0790395,	Delta[s+](14) = 0.0645846,	Delta[s+](15) = 0.0790395
The 0-th iteration is completed.	|| time cost : 0h 3m 22.331s
********************************************************************************************************************
Start the 1 rounds of NGS-ED iteration
	effective electronic model is modified as: kinetic energy t = 0.574058
	                                           effective interaction Vq = [-4.84217,-4.75444,-4.72548,-4.75444,-4.75444, -4.7255,-4.73231, -4.7255,-4.72548,-4.73231,-4.83345,-4.73231,-4.75444, -4.7255,-4.73231, -4.7255]
	PARPACK diagonalization completed after 60 matrix-vector product operations.
	iteration results: : total energy is -130.285299 | electron energy -130.384500 + phonon energy 0.099201 | electron momentum kIdx = 0
The 1-th iteration is completed.	|| time cost : 0h 0m 27.773s
********************************************************************************************************************
Start the 2 rounds of NGS-ED iteration
	effective electronic model is modified as: kinetic energy t = 0.533869
	                                           effective interaction Vq = [-4.94194,-4.86759,-4.82734,-4.86759,-4.86759,-4.82734,-4.81949,-4.82734,-4.82734,-4.81949,-4.94314,-4.81949,-4.86759,-4.82734,-4.81949,-4.82734]
	PARPACK diagonalization completed after 60 matrix-vector product operations.
	iteration results: : total energy is -132.808227 | electron energy -132.917457 + phonon energy 0.109231 | electron momentum kIdx = 0
The 2-th iteration is completed.	|| time cost : 0h 0m 27.9s
********************************************************************************************************************
Start the 3 rounds of NGS-ED iteration
	effective electronic model is modified as: kinetic energy t = 0.508896
	                                           effective interaction Vq = [-4.97864,-4.92133,-4.87825,-4.92133,-4.92133,-4.87825,-4.85937,-4.87825,-4.87825,-4.85937,-4.98008,-4.85937,-4.92133,-4.87825,-4.85937,-4.87825]
	PARPACK diagonalization completed after 45 matrix-vector product operations.
	iteration results: : total energy is -133.702781 | electron energy -133.805243 + phonon energy 0.102463 | electron momentum kIdx = 0
The 3-th iteration is completed.	|| time cost : 0h 0m 24.087s
********************************************************************************************************************
Start the 4 rounds of NGS-ED iteration
	effective electronic model is modified as: kinetic energy t = 0.492449
	                                           effective interaction Vq = [-4.99214,-4.94834,-4.90735,-4.94834,-4.94834,-4.90735,-4.88405,-4.90735,-4.90735,-4.88405, -4.9926,-4.88405,-4.94834,-4.90735,-4.88405,-4.90735]
	PARPACK diagonalization completed after 45 matrix-vector product operations.
	iteration results: : total energy is -134.021756 | electron energy -134.117644 + phonon energy 0.095888 | electron momentum kIdx = 0
The 4-th iteration is completed.	|| time cost : 0h 0m 24.112s
********************************************************************************************************************
Start the 5 rounds of NGS-ED iteration
	effective electronic model is modified as: kinetic energy t = 0.48111
	                                           effective interaction Vq = [-4.99711,-4.96275,-4.92548,-4.96275,-4.96275,-4.92548,-4.90188,-4.92548,-4.92548,-4.90188,-4.99699,-4.90188,-4.96275,-4.92548,-4.90188,-4.92548]
	PARPACK diagonalization completed after 60 matrix-vector product operations.
	iteration results: : total energy is -134.138620 | electron energy -134.230414 + phonon energy 0.091794 | electron momentum kIdx = 0
The 5-th iteration is completed.	|| time cost : 0h 0m 27.733s
********************************************************************************************************************
Start the 6 rounds of NGS-ED iteration
	effective electronic model is modified as: kinetic energy t = 0.472865
	                                           effective interaction Vq = [-4.99894,-4.97094,-4.93768,-4.97094,-4.97094,-4.93768,-4.91588,-4.93768,-4.93768,-4.91588,-4.99861,-4.91588,-4.97094,-4.93768,-4.91588,-4.93768]
	PARPACK diagonalization completed after 60 matrix-vector product operations.
	iteration results: : total energy is -134.183996 | electron energy -134.273633 + phonon energy 0.089637 | electron momentum kIdx = 0
The 6-th iteration is completed.	|| time cost : 0h 0m 27.956s
********************************************************************************************************************
Start the 7 rounds of NGS-ED iteration
	effective electronic model is modified as: kinetic energy t = 0.466509
	                                           effective interaction Vq = [-4.99961,-4.97592, -4.9465,-4.97592,-4.97592, -4.9465,-4.92744, -4.9465, -4.9465,-4.92744,-4.99925,-4.92744,-4.97592, -4.9465,-4.92744, -4.9465]
	PARPACK diagonalization completed after 60 matrix-vector product operations.
	iteration results: : total energy is -134.203719 | electron energy -134.292425 + phonon energy 0.088706 | electron momentum kIdx = 0
The 7-th iteration is completed.	|| time cost : 0h 0m 27.776s
********************************************************************************************************************
Start the 8 rounds of NGS-ED iteration
	effective electronic model is modified as: kinetic energy t = 0.461316
	                                           effective interaction Vq = [-4.99986,-4.97919, -4.9533,-4.97919,-4.97919, -4.9533,-4.93731, -4.9533, -4.9533,-4.93731,-4.99952,-4.93731,-4.97919, -4.9533,-4.93731, -4.9533]
	PARPACK diagonalization completed after 60 matrix-vector product operations.
	iteration results: : total energy is -134.214068 | electron energy -134.302582 + phonon energy 0.088514 | electron momentum kIdx = 0
The 8-th iteration is completed.	|| time cost : 0h 0m 27.909s
********************************************************************************************************************
Start the 9 rounds of NGS-ED iteration
	effective electronic model is modified as: kinetic energy t = 0.45684
	                                           effective interaction Vq = [-4.99995, -4.9815,-4.95886, -4.9815, -4.9815,-4.95886,-4.94593,-4.95886,-4.95886,-4.94593,-4.99964,-4.94593, -4.9815,-4.95886,-4.94593,-4.95886]
	PARPACK diagonalization completed after 60 matrix-vector product operations.
	iteration results: : total energy is -134.220956 | electron energy -134.309727 + phonon energy 0.088771 | electron momentum kIdx = 0
The 9-th iteration is completed.	|| time cost : 0h 0m 27.727s
********************************************************************************************************************
Start the 10 rounds of NGS-ED iteration
	effective electronic model is modified as: kinetic energy t = 0.452808
	                                           effective interaction Vq = [-4.99998,-4.98327,-4.96362,-4.98327,-4.98327,-4.96362,-4.95358,-4.96362,-4.96362,-4.95358,-4.99969,-4.95358,-4.98327,-4.96362,-4.95358,-4.96362]
	PARPACK diagonalization completed after 60 matrix-vector product operations.
	iteration results: : total energy is -134.226609 | electron energy -134.315920 + phonon energy 0.089312 | electron momentum kIdx = 0
	Nq(0) = 12.25,	Nq(1) = 0.336298,	Nq(2) = 0.448612,	Nq(3) = 0.336298,	Nq(4) = 0.336298,	Nq(5) = 0.448612,	Nq(6) = 0.600811,	Nq(7) = 0.448612,	Nq(8) = 0.448612,	Nq(9) = 0.600811,	Nq(10) = 8.97867,	Nq(11) = 0.600811,	Nq(12) = 0.336298,	Nq(13) = 0.448612,	Nq(14) = 0.600811,	Nq(15) = 0.448612,	Sq(0) = 2.68001e-19,	Sq(1) = 0.0107032,	Sq(2) = 0.0209078,	Sq(3) = 0.0107032,	Sq(4) = 0.0107032,	Sq(5) = 0.0209078,	Sq(6) = 0.0307029,	Sq(7) = 0.0209078,	Sq(8) = 0.0209078,	Sq(9) = 0.0307029,	Sq(10) = 0.0401531,	Sq(11) = 0.0307029,	Sq(12) = 0.0107032,	Sq(13) = 0.0209078,	Sq(14) = 0.0307029,	Sq(15) = 0.0209078,	N(0) = 1.30579,	N(1) = 1.09332,	N(2) = 0.865001,	N(3) = 1.09332,	N(4) = 1.09332,	N(5) = 0.865001,	N(6) = 0.658851,	N(7) = 0.865001,	N(8) = 0.865001,	N(9) = 0.658851,	N(10) = 0.49552,	N(11) = 0.658851,	N(12) = 1.09332,	N(13) = 0.865001,	N(14) = 0.658851,	N(15) = 0.865001,	Delta[s](0) = 0.487619,	Delta[s](1) = 0.42916,	Delta[s](2) = 0.42278,	Delta[s](3) = 0.42916,	Delta[s](4) = 0.42916,	Delta[s](5) = 0.42278,	Delta[s](6) = 0.418185,	Delta[s](7) = 0.42278,	Delta[s](8) = 0.42278,	Delta[s](9) = 0.418185,	Delta[s](10) = 0.420708,	Delta[s](11) = 0.418185,	Delta[s](12) = 0.42916,	Delta[s](13) = 0.42278,	Delta[s](14) = 0.418185,	Delta[s](15) = 0.42278,	Delta[d](0) = 0.0480466,	Delta[d](1) = 0.0479378,	Delta[d](2) = 0.0500174,	Delta[d](3) = 0.0479378,	Delta[d](4) = 0.0479378,	Delta[d](5) = 0.0459967,	Delta[d](6) = 0.0460822,	Delta[d](7) = 0.0459967,	Delta[d](8) = 0.0500174,	Delta[d](9) = 0.0460822,	Delta[d](10) = 0.043926,	Delta[d](11) = 0.0460822,	Delta[d](12) = 0.0479378,	Delta[d](13) = 0.0459967,	Delta[d](14) = 0.0460822,	Delta[d](15) = 0.0459967,	Delta[s+](0) = 0.0656712,	Delta[s+](1) = 0.0564939,	Delta[s+](2) = 0.0500174,	Delta[s+](3) = 0.0564939,	Delta[s+](4) = 0.0564939,	Delta[s+](5) = 0.0500174,	Delta[s+](6) = 0.0451309,	Delta[s+](7) = 0.0500174,	Delta[s+](8) = 0.0500174,	Delta[s+](9) = 0.0451309,	Delta[s+](10) = 0.042292,	Delta[s+](11) = 0.0451309,	Delta[s+](12) = 0.0564939,	Delta[s+](13) = 0.0500174,	Delta[s+](14) = 0.0451309,	Delta[s+](15) = 0.0500174
The 10-th iteration is completed.	|| time cost : 0h 3m 21.842s
********************************************************************************************************************
Start the 11 rounds of NGS-ED iteration
	effective electronic model is modified as: kinetic energy t = 0.449053
	                                           effective interaction Vq = [-4.99999,-4.98475,-4.96784,-4.98475,-4.98475,-4.96784,-4.96042,-4.96784,-4.96784,-4.96042,-4.99971,-4.96042,-4.98475,-4.96784,-4.96042,-4.96784]
	PARPACK diagonalization completed after 60 matrix-vector product operations.
	iteration results: : total energy is -134.231901 | electron energy -134.321934 + phonon energy 0.090034 | electron momentum kIdx = 0
The 11-th iteration is completed.	|| time cost : 0h 0m 28.027s
********************************************************************************************************************
Start the 12 rounds of NGS-ED iteration
	effective electronic model is modified as: kinetic energy t = 0.44549
	                                           effective interaction Vq = [      -5,-4.98605,-4.97166,-4.98605,-4.98605,-4.97166,-4.96653,-4.97166,-4.97166,-4.96653,-4.99971,-4.96653,-4.98605,-4.97166,-4.96653,-4.97166]
	PARPACK diagonalization completed after 60 matrix-vector product operations.
	iteration results: : total energy is -134.237147 | electron energy -134.328007 + phonon energy 0.090859 | electron momentum kIdx = 0
The 12-th iteration is completed.	|| time cost : 0h 0m 27.937s
********************************************************************************************************************
Start the 13 rounds of NGS-ED iteration
	effective electronic model is modified as: kinetic energy t = 0.442099
	                                           effective interaction Vq = [      -5,-4.98723,-4.97511,-4.98723,-4.98723,-4.97511, -4.9719,-4.97511,-4.97511, -4.9719,-4.99969, -4.9719,-4.98723,-4.97511, -4.9719,-4.97511]
	PARPACK diagonalization completed after 60 matrix-vector product operations.
	iteration results: : total energy is -134.242355 | electron energy -134.334064 + phonon energy 0.091709 | electron momentum kIdx = 0
The 13-th iteration is completed.	|| time cost : 0h 0m 27.725s
********************************************************************************************************************
Start the 14 rounds of NGS-ED iteration
	effective electronic model is modified as: kinetic energy t = 0.438914
	                                           effective interaction Vq = [      -5,-4.98833,-4.97819,-4.98833,-4.98833,-4.97819,-4.97652,-4.97819,-4.97819,-4.97652,-4.99966,-4.97652,-4.98833,-4.97819,-4.97652,-4.97819]
	PARPACK diagonalization completed after 60 matrix-vector product operations.
	iteration results: : total energy is -134.247312 | electron energy -134.339800 + phonon energy 0.092487 | electron momentum kIdx = 0
The 14-th iteration is completed.	|| time cost : 0h 0m 27.91s
********************************************************************************************************************
Start the 15 rounds of NGS-ED iteration
	effective electronic model is modified as: kinetic energy t = 0.436002
	                                           effective interaction Vq = [      -5,-4.98932,-4.98085,-4.98932,-4.98932,-4.98085,-4.98035,-4.98085,-4.98085,-4.98035,-4.99961,-4.98035,-4.98932,-4.98085,-4.98035,-4.98085]
	PARPACK diagonalization completed after 60 matrix-vector product operations.
	iteration results: : total energy is -134.251700 | electron energy -134.344801 + phonon energy 0.093101 | electron momentum kIdx = 0
The 15-th iteration is completed.	|| time cost : 0h 0m 27.981s
********************************************************************************************************************
Start the 16 rounds of NGS-ED iteration
	effective electronic model is modified as: kinetic energy t = 0.43343
	                                           effective interaction Vq = [      -5,-4.99019,-4.98308,-4.99019,-4.99019,-4.98308,-4.98341,-4.98308,-4.98308,-4.98341,-4.99956,-4.98341,-4.99019,-4.98308,-4.98341,-4.98308]
	PARPACK diagonalization completed after 60 matrix-vector product operations.
	iteration results: : total energy is -134.255252 | electron energy -134.348739 + phonon energy 0.093487 | electron momentum kIdx = 0
The 16-th iteration is completed.	|| time cost : 0h 0m 27.786s
********************************************************************************************************************
Start the 17 rounds of NGS-ED iteration
	effective electronic model is modified as: kinetic energy t = 0.431242
	                                           effective interaction Vq = [      -5,-4.99092,-4.98487,-4.99092,-4.99092,-4.98487,-4.98577,-4.98487,-4.98487,-4.98577, -4.9995,-4.98577,-4.99092,-4.98487,-4.98577,-4.98487]
	PARPACK diagonalization completed after 60 matrix-vector product operations.
	iteration results: : total energy is -134.257884 | electron energy -134.351524 + phonon energy 0.093640 | electron momentum kIdx = 0
The 17-th iteration is completed.	|| time cost : 0h 0m 27.717s
********************************************************************************************************************
Start the 18 rounds of NGS-ED iteration
	effective electronic model is modified as: kinetic energy t = 0.429444
	                                           effective interaction Vq = [      -5,-4.99152,-4.98627,-4.99152,-4.99152,-4.98627,-4.98755,-4.98627,-4.98627,-4.98755,-4.99943,-4.98755,-4.99152,-4.98627,-4.98755,-4.98627]
	PARPACK diagonalization completed after 60 matrix-vector product operations.
	iteration results: : total energy is -134.259687 | electron energy -134.353294 + phonon energy 0.093607 | electron momentum kIdx = 0
The 18-th iteration is completed.	|| time cost : 0h 0m 27.697s
********************************************************************************************************************
Start the 19 rounds of NGS-ED iteration
	effective electronic model is modified as: kinetic energy t = 0.428009
	                                           effective interaction Vq = [      -5,-4.99199,-4.98734,-4.99199,-4.99199,-4.98734,-4.98886,-4.98734,-4.98734,-4.98886,-4.99936,-4.98886,-4.99199,-4.98734,-4.98886,-4.98734]
	PARPACK diagonalization completed after 60 matrix-vector product operations.
	iteration results: : total energy is -134.260846 | electron energy -134.354303 + phonon energy 0.093457 | electron momentum kIdx = 0
The 19-th iteration is completed.	|| time cost : 0h 0m 27.948s
********************************************************************************************************************
Start the 20 rounds of NGS-ED iteration
	effective electronic model is modified as: kinetic energy t = 0.426888
	                                           effective interaction Vq = [      -5,-4.99236,-4.98815,-4.99236,-4.99236,-4.98815,-4.98981,-4.98815,-4.98815,-4.98981, -4.9993,-4.98981,-4.99236,-4.98815,-4.98981,-4.98815]
	PARPACK diagonalization completed after 60 matrix-vector product operations.
	iteration results: : total energy is -134.261556 | electron energy -134.354809 + phonon energy 0.093253 | electron momentum kIdx = 0
	Nq(0) = 12.25,	Nq(1) = 0.448824,	Nq(2) = 0.705663,	Nq(3) = 0.448824,	Nq(4) = 0.448824,	Nq(5) = 0.705663,	Nq(6) = 1.13739,	Nq(7) = 0.705663,	Nq(8) = 0.705663,	Nq(9) = 1.13739,	Nq(10) = 4.85764,	Nq(11) = 1.13739,	Nq(12) = 0.448824,	Nq(13) = 0.705663,	Nq(14) = 1.13739,	Nq(15) = 0.705663,	Sq(0) = -1.50052e-19,	Sq(1) = 0.0100724,	Sq(2) = 0.0197558,	Sq(3) = 0.0100724,	Sq(4) = 0.0100724,	Sq(5) = 0.0197558,	Sq(6) = 0.0291199,	Sq(7) = 0.0197558,	Sq(8) = 0.0197558,	Sq(9) = 0.0291199,	Sq(10) = 0.0382187,	Sq(11) = 0.0291199,	Sq(12) = 0.0100724,	Sq(13) = 0.0197558,	Sq(14) = 0.0291199,	Sq(15) = 0.0197558,	N(0) = 1.30487,	N(1) = 1.09521,	N(2) = 0.865224,	N(3) = 1.09521,	N(4) = 1.09521,	N(5) = 0.865224,	N(6) = 0.656936,	N(7) = 0.865224,	N(8) = 0.865224,	N(9) = 0.656936,	N(10) = 0.49521,	N(11) = 0.656936,	N(12) = 1.09521,	N(13) = 0.865224,	N(14) = 0.656936,	N(15) = 0.865224,	Delta[s](0) = 0.510529,	Delta[s](1) = 0.428807,	Delta[s](2) = 0.422131,	Delta[s](3) = 0.428807,	Delta[s](4) = 0.428807,	Delta[s](5) = 0.422131,	Delta[s](6) = 0.417559,	Delta[s](7) = 0.422131,	Delta[s](8) = 0.422131,	Delta[s](9) = 0.417559,	Delta[s](10) = 0.41446,	Delta[s](11) = 0.417559,	Delta[s](12) = 0.428807,	Delta[s](13) = 0.422131,	Delta[s](14) = 0.417559,	Delta[s](15) = 0.422131,	Delta[d](0) = 0.102151,	Delta[d](1) = 0.101761,	Delta[d](2) = 0.102816,	Delta[d](3) = 0.101761,	Delta[d](4) = 0.101761,	Delta[d](5) = 0.100259,	Delta[d](6) = 0.100051,	Delta[d](7) = 0.100259,	Delta[d](8) = 0.102816,	Delta[d](9) = 0.100051,	Delta[d](10) = 0.0982845,	Delta[d](11) = 0.100051,	Delta[d](12) = 0.101761,	Delta[d](13) = 0.100259,	Delta[d](14) = 0.100051,	Delta[d](15) = 0.100259,	Delta[s+](0) = 0.114695,	Delta[s+](1) = 0.108309,	Delta[s+](2) = 0.102816,	Delta[s+](3) = 0.108309,	Delta[s+](4) = 0.108309,	Delta[s+](5) = 0.102816,	Delta[s+](6) = 0.098198,	Delta[s+](7) = 0.102816,	Delta[s+](8) = 0.102816,	Delta[s+](9) = 0.098198,	Delta[s+](10) = 0.0948641,	Delta[s+](11) = 0.098198,	Delta[s+](12) = 0.108309,	Delta[s+](13) = 0.102816,	Delta[s+](14) = 0.098198,	Delta[s+](15) = 0.102816
The 20-th iteration is completed.	|| time cost : 0h 3m 21.984s
********************************************************************************************************************
Start the 21 rounds of NGS-ED iteration
	effective electronic model is modified as: kinetic energy t = 0.426028
	                                           effective interaction Vq = [      -5,-4.99264,-4.98876,-4.99264,-4.99264,-4.98876,-4.99051,-4.98876,-4.98876,-4.99051,-4.99924,-4.99051,-4.99264,-4.98876,-4.99051,-4.98876]
	PARPACK diagonalization completed after 60 matrix-vector product operations.
	iteration results: : total energy is -134.261976 | electron energy -134.355016 + phonon energy 0.093039 | electron momentum kIdx = 0
The 21-th iteration is completed.	|| time cost : 0h 0m 27.776s
********************************************************************************************************************
Start the 22 rounds of NGS-ED iteration
	effective electronic model is modified as: kinetic energy t = 0.425377
	                                           effective interaction Vq = [      -5,-4.99286,-4.98921,-4.99286,-4.99286,-4.98921,-4.99101,-4.98921,-4.98921,-4.99101,-4.99919,-4.99101,-4.99286,-4.98921,-4.99101,-4.98921]
	PARPACK diagonalization completed after 60 matrix-vector product operations.
	iteration results: : total energy is -134.262219 | electron energy -134.355062 + phonon energy 0.092843 | electron momentum kIdx = 0
The 22-th iteration is completed.	|| time cost : 0h 0m 27.665s
********************************************************************************************************************
Start the 23 rounds of NGS-ED iteration
	effective electronic model is modified as: kinetic energy t = 0.424888
	                                           effective interaction Vq = [      -5,-4.99302,-4.98954,-4.99302,-4.99302,-4.98954,-4.99138,-4.98954,-4.98954,-4.99138,-4.99916,-4.99138,-4.99302,-4.98954,-4.99138,-4.98954]
	PARPACK diagonalization completed after 60 matrix-vector product operations.
	iteration results: : total energy is -134.262356 | electron energy -134.355031 + phonon energy 0.092675 | electron momentum kIdx = 0
The 23-th iteration is completed.	|| time cost : 0h 0m 27.76s
********************************************************************************************************************
Start the 24 rounds of NGS-ED iteration
	effective electronic model is modified as: kinetic energy t = 0.424523
