SNEDics v3.4 Non-Gaussian ED ground state program		Start at Wed Oct  2 02:50:40 2019

parallized on 16 MPI threads  * 8 OpenMP threads = 128 total threads.
********************************************************************************************************************
********************************************************************************************************************

********************************************************************************************************************
System parameters and configurations
********************************************************************************************************************
Special program options are enabled: splitted diagonal Hamiltonian
********************************************************************************************************************
Read input file "model_params.in"
	Hubbard-Holstein model parameters : 	t = 1    U = 8.09    g = 4.7434    W = 5    
********************************************************************************************************************
Read input file "hilbertspace_params.in"
	Requested 16-site 2D lattice, with 16 electrons (8, 8)
	Boundary : Periodic		Hilbert space representation : momentum-space (restricted to kIdx = 10)
	Conservation: particle number[U(1)]      spin[U(1)]     momentum
********************************************************************************************************************

Cluster Positions:				Cluster symmetry group : D4
 x ... x ... x ... x .....                       x ... x ... x ... x .....
 |           |           :                       |           |           :
 |           |           :                       |           |           :
12    13    14    15     x                       1     5     6     5     x
 |           |           :                       |           |           :
 |           |           :                       |           |           :
 8 --- 9 ---10 ---11 --- x                       2 --- 6 ---10 --- 6 --- x
 |           |           :                       |           |           :
 |           |           :                       |           |           :
 4     5     6     7     x                       1     5     6     5     x
 |           |           :                       |           |           :
 |           |           :                       |           |           :
 0 --- 1 --- 2 --- 3 --- x                       0 --- 1 --- 2 --- 1 --- x
orbital number : 1
********************************************************************************************************************
Read input file "obs_params.in"
	Observable Type : Nq(All),   Sq(All),   N(All),   Delta[s](All),   Delta[d](All),   Delta[s+](All)
********************************************************************************************************************
** WARNING ** the input observables have non-local factors which have been reinterpreted. The total observable number is 96
********************************************************************************************************************


********************************************************************************************************************
Start calculating the non-Gaussian ED ground state
** WARNING ** Detected low phonon energy W < 10. The initial state will be prepared through a warm-up process.
********************************************************************************************************************
Start warm-up calculation for scaling factor 2
open output files: NGSEDWarmUpW10Obs.txt
********************************************************************************************************************
Start the 0 rounds of NGS-ED iteration
	effective electronic model is modified as: kinetic energy t = 1
	                                           effective interaction Vq = [-0,-0,-0,-0,-0,-0,-0,-0,-0,-0,-0,-0,-0,-0,-0,-0]
	first Hamiltonian is constructed, non-zero numbers = 2845334624
	PARPACK diagonalization completed after 105 matrix-vector product operations.
	iteration results: : total energy is -8.209245 | electron energy -8.209245 + phonon energy 0.000000 | electron momentum kIdx = 10
	Nq(0) = 16,	Nq(1) = 0.0611518,	Nq(2) = 0.107048,	Nq(3) = 0.0611518,	Nq(4) = 0.0611518,	Nq(5) = 0.107048,	Nq(6) = 0.148414,	Nq(7) = 0.107048,	Nq(8) = 0.107048,	Nq(9) = 0.148414,	Nq(10) = 0.186747,	Nq(11) = 0.148414,	Nq(12) = 0.0611518,	Nq(13) = 0.107048,	Nq(14) = 0.148414,	Nq(15) = 0.107048,	Sq(0) = -1.089e-18,	Sq(1) = 0.233602,	Sq(2) = 0.383959,	Sq(3) = 0.233602,	Sq(4) = 0.233602,	Sq(5) = 0.383959,	Sq(6) = 0.569298,	Sq(7) = 0.383959,	Sq(8) = 0.383959,	Sq(9) = 0.569298,	Sq(10) = 8.81734,	Sq(11) = 0.569298,	Sq(12) = 0.233602,	Sq(13) = 0.383959,	Sq(14) = 0.569298,	Sq(15) = 0.383959,	N(0) = 1.76764,	N(1) = 1.55077,	N(2) = 1,	N(3) = 1.55077,	N(4) = 1.55077,	N(5) = 1,	N(6) = 0.449226,	N(7) = 1,	N(8) = 1,	N(9) = 0.449226,	N(10) = 0.232364,	N(11) = 0.449226,	N(12) = 1.55077,	N(13) = 1,	N(14) = 0.449226,	N(15) = 1,	Delta[s](0) = 0.080507,	Delta[s](1) = 0.0673063,	Delta[s](2) = 0.0530711,	Delta[s](3) = 0.0673063,	Delta[s](4) = 0.0673063,	Delta[s](5) = 0.0530711,	Delta[s](6) = 0.0372915,	Delta[s](7) = 0.0530711,	Delta[s](8) = 0.0530711,	Delta[s](9) = 0.0372915,	Delta[s](10) = 0.0163248,	Delta[s](11) = 0.0372915,	Delta[s](12) = 0.0673063,	Delta[s](13) = 0.0530711,	Delta[s](14) = 0.0372915,	Delta[s](15) = 0.0530711,	Delta[d](0) = 0.565308,	Delta[d](1) = 0.47252,	Delta[d](2) = 0.390756,	Delta[d](3) = 0.47252,	Delta[d](4) = 0.47252,	Delta[d](5) = 0.413871,	Delta[d](6) = 0.343695,	Delta[d](7) = 0.413871,	Delta[d](8) = 0.390756,	Delta[d](9) = 0.343695,	Delta[d](10) = 0.27865,	Delta[d](11) = 0.343695,	Delta[d](12) = 0.47252,	Delta[d](13) = 0.413871,	Delta[d](14) = 0.343695,	Delta[d](15) = 0.413871,	Delta[s+](0) = 0.604662,	Delta[s+](1) = 0.508283,	Delta[s+](2) = 0.390756,	Delta[s+](3) = 0.508283,	Delta[s+](4) = 0.508283,	Delta[s+](5) = 0.390756,	Delta[s+](6) = 0.271432,	Delta[s+](7) = 0.390756,	Delta[s+](8) = 0.390756,	Delta[s+](9) = 0.271432,	Delta[s+](10) = 0.162156,	Delta[s+](11) = 0.271432,	Delta[s+](12) = 0.508283,	Delta[s+](13) = 0.390756,	Delta[s+](14) = 0.271432,	Delta[s+](15) = 0.390756
The 0-th iteration is completed.	|| time cost : 0h 8m 25.481s
********************************************************************************************************************
Start the 1 rounds of NGS-ED iteration
	effective electronic model is modified as: kinetic energy t = 0.910625
	                                           effective interaction Vq = [-3.89096,-3.27893,-3.20027,-3.27893,-3.27893,-3.20027,-3.15077,-3.20027,-3.20027,-3.15077,-3.11305,-3.15077,-3.27893,-3.20027,-3.15077,-3.20027]
	PARPACK diagonalization completed after 45 matrix-vector product operations.
	iteration results: : total energy is -78.905032 | electron energy -78.909278 + phonon energy 0.004246 | electron momentum kIdx = 10
The 1-th iteration is completed.	|| time cost : 0h 7m 23.547s
********************************************************************************************************************
Start the 2 rounds of NGS-ED iteration
	effective electronic model is modified as: kinetic energy t = 0.827019
	                                           effective interaction Vq = [-4.41755,-4.14002,-3.98602,-4.14002,-4.14002,-3.98602,-3.97047,-3.98602,-3.98602,-3.97047,-3.89718,-3.97047,-4.14002,-3.98602,-3.97047,-3.98602]
	PARPACK diagonalization completed after 45 matrix-vector product operations.
	iteration results: : total energy is -90.205380 | electron energy -90.268090 + phonon energy 0.062710 | electron momentum kIdx = 10
The 2-th iteration is completed.	|| time cost : 0h 0m 31.992s
********************************************************************************************************************
Start the 3 rounds of NGS-ED iteration
	effective electronic model is modified as: kinetic energy t = 0.787655
	                                           effective interaction Vq = [-4.48881,-4.35976,-4.19302,-4.35976,-4.35976,-4.19302,-4.22159,-4.19302,-4.19302,-4.22159,-4.12159,-4.22159,-4.35976,-4.19302,-4.22159,-4.19302]
	PARPACK diagonalization completed after 45 matrix-vector product operations.
	iteration results: : total energy is -92.153286 | electron energy -92.280136 + phonon energy 0.126850 | electron momentum kIdx = 10
The 3-th iteration is completed.	|| time cost : 0h 0m 32.02s
********************************************************************************************************************
Start the 4 rounds of NGS-ED iteration
	effective electronic model is modified as: kinetic energy t = 0.761841
	                                           effective interaction Vq = [-4.49846,-4.41622,-4.35557,-4.41622,-4.41622,-4.35557,-4.30088,-4.35557,-4.35557,-4.30088,-4.19705,-4.30088,-4.41622,-4.35557,-4.30088,-4.35557]
	PARPACK diagonalization completed after 30 matrix-vector product operations.
	iteration results: : total energy is -92.639205 | electron energy -92.805132 + phonon energy 0.165928 | electron momentum kIdx = 10
The 4-th iteration is completed.	|| time cost : 0h 0m 27.596s
********************************************************************************************************************
Start the 5 rounds of NGS-ED iteration
	effective electronic model is modified as: kinetic energy t = 0.752266
	                                           effective interaction Vq = [-4.49976, -4.4317,-4.40175, -4.4317, -4.4317,-4.40175,-4.32568,-4.40175,-4.40175,-4.32568,-4.22227,-4.32568, -4.4317,-4.40175,-4.32568,-4.40175]
	PARPACK diagonalization completed after 30 matrix-vector product operations.
	iteration results: : total energy is -92.707869 | electron energy -92.892886 + phonon energy 0.185017 | electron momentum kIdx = 10
The 5-th iteration is completed.	|| time cost : 0h 0m 27.432s
********************************************************************************************************************
Start the 6 rounds of NGS-ED iteration
	effective electronic model is modified as: kinetic energy t = 0.748775
	                                           effective interaction Vq = [-4.49994, -4.4365, -4.4166, -4.4365, -4.4365, -4.4166,-4.33417, -4.4166, -4.4166,-4.33417,-4.23129,-4.33417, -4.4365, -4.4166,-4.33417, -4.4166]
	PARPACK diagonalization completed after 30 matrix-vector product operations.
	iteration results: : total energy is -92.717171 | electron energy -92.909804 + phonon energy 0.192633 | electron momentum kIdx = 10
The 6-th iteration is completed.	|| time cost : 0h 0m 27.316s
********************************************************************************************************************
Start the 7 rounds of NGS-ED iteration
	effective electronic model is modified as: kinetic energy t = 0.747512
	                                           effective interaction Vq = [-4.49996,-4.43807, -4.4217,-4.43807,-4.43807, -4.4217,-4.33719, -4.4217, -4.4217,-4.33719,-4.23461,-4.33719,-4.43807, -4.4217,-4.33719, -4.4217]
	PARPACK diagonalization completed after 30 matrix-vector product operations.
	iteration results: : total energy is -92.718407 | electron energy -92.913896 + phonon energy 0.195489 | electron momentum kIdx = 10
The 7-th iteration is completed.	|| time cost : 0h 0m 27.444s
********************************************************************************************************************
Start the 8 rounds of NGS-ED iteration
	effective electronic model is modified as: kinetic energy t = 0.747056
	                                           effective interaction Vq = [-4.49997,-4.43859,-4.42351,-4.43859,-4.43859,-4.42351,-4.33828,-4.42351,-4.42351,-4.33828,-4.23585,-4.33828,-4.43859,-4.42351,-4.33828,-4.42351]
	PARPACK diagonalization completed after 30 matrix-vector product operations.
	iteration results: : total energy is -92.718571 | electron energy -92.915107 + phonon energy 0.196537 | electron momentum kIdx = 10
The 8-th iteration is completed.	|| time cost : 0h 0m 27.322s
********************************************************************************************************************
Start the 9 rounds of NGS-ED iteration
	effective electronic model is modified as: kinetic energy t = 0.746892
	                                           effective interaction Vq = [-4.49997,-4.43876,-4.42416,-4.43876,-4.43876,-4.42416,-4.33867,-4.42416,-4.42416,-4.33867,-4.23631,-4.33867,-4.43876,-4.42416,-4.33867,-4.42416]
	PARPACK diagonalization completed after 30 matrix-vector product operations.
	iteration results: : total energy is -92.718592 | electron energy -92.915510 + phonon energy 0.196918 | electron momentum kIdx = 10
The 9-th iteration is completed.	|| time cost : 0h 0m 27.298s
********************************************************************************************************************
Start the 10 rounds of NGS-ED iteration
	effective electronic model is modified as: kinetic energy t = 0.746832
	                                           effective interaction Vq = [-4.49997,-4.43882,-4.42439,-4.43882,-4.43882,-4.42439,-4.33882,-4.42439,-4.42439,-4.33882,-4.23648,-4.33882,-4.43882,-4.42439,-4.33882,-4.42439]
	PARPACK diagonalization completed after 30 matrix-vector product operations.
	iteration results: : total energy is -92.718595 | electron energy -92.915652 + phonon energy 0.197057 | electron momentum kIdx = 10
	Nq(0) = 16,	Nq(1) = 0.406114,	Nq(2) = 0.696897,	Nq(3) = 0.406114,	Nq(4) = 0.406114,	Nq(5) = 0.696897,	Nq(6) = 0.653564,	Nq(7) = 0.696897,	Nq(8) = 0.696897,	Nq(9) = 0.653564,	Nq(10) = 0.628605,	Nq(11) = 0.653564,	Nq(12) = 0.406114,	Nq(13) = 0.696897,	Nq(14) = 0.653564,	Nq(15) = 0.696897,	Sq(0) = 2.63655e-18,	Sq(1) = 0.343817,	Sq(2) = 0.423413,	Sq(3) = 0.343817,	Sq(4) = 0.343817,	Sq(5) = 0.423413,	Sq(6) = 0.565489,	Sq(7) = 0.423413,	Sq(8) = 0.423413,	Sq(9) = 0.565489,	Sq(10) = 0.773593,	Sq(11) = 0.565489,	Sq(12) = 0.343817,	Sq(13) = 0.423413,	Sq(14) = 0.565489,	Sq(15) = 0.423413,	N(0) = 1.99511,	N(1) = 1.9922,	N(2) = 1,	N(3) = 1.9922,	N(4) = 1.9922,	N(5) = 1,	N(6) = 0.00779712,	N(7) = 1,	N(8) = 1,	N(9) = 0.00779712,	N(10) = 0.00489494,	N(11) = 0.00779712,	N(12) = 1.9922,	N(13) = 1,	N(14) = 0.00779712,	N(15) = 1,	Delta[s](0) = 0.300479,	Delta[s](1) = 0.300504,	Delta[s](2) = 0.299153,	Delta[s](3) = 0.300504,	Delta[s](4) = 0.300504,	Delta[s](5) = 0.299153,	Delta[s](6) = 0.257232,	Delta[s](7) = 0.299153,	Delta[s](8) = 0.299153,	Delta[s](9) = 0.257232,	Delta[s](10) = 0.198015,	Delta[s](11) = 0.257232,	Delta[s](12) = 0.300504,	Delta[s](13) = 0.299153,	Delta[s](14) = 0.257232,	Delta[s](15) = 0.299153,	Delta[d](0) = 0.307166,	Delta[d](1) = 0.292028,	Delta[d](2) = 0.268414,	Delta[d](3) = 0.292028,	Delta[d](4) = 0.292028,	Delta[d](5) = 0.268777,	Delta[d](6) = 0.257017,	Delta[d](7) = 0.268777,	Delta[d](8) = 0.268414,	Delta[d](9) = 0.257017,	Delta[d](10) = 0.324554,	Delta[d](11) = 0.257017,	Delta[d](12) = 0.292028,	Delta[d](13) = 0.268777,	Delta[d](14) = 0.257017,	Delta[d](15) = 0.268777,	Delta[s+](0) = 0.4597,	Delta[s+](1) = 0.382061,	Delta[s+](2) = 0.268414,	Delta[s+](3) = 0.382061,	Delta[s+](4) = 0.382061,	Delta[s+](5) = 0.268414,	Delta[s+](6) = 0.148508,	Delta[s+](7) = 0.268414,	Delta[s+](8) = 0.268414,	Delta[s+](9) = 0.148508,	Delta[s+](10) = 0.064779,	Delta[s+](11) = 0.148508,	Delta[s+](12) = 0.382061,	Delta[s+](13) = 0.268414,	Delta[s+](14) = 0.148508,	Delta[s+](15) = 0.268414
The 10-th iteration is completed.	|| time cost : 0h 4m 40.295s
********************************************************************************************************************
********************************************************************************************************************
Ground state is obtained after 11 iterations. The current ground-state energy is -92.7186, in which electron energy is -92.9157 and phonon energy is 0.197057
final variational state is: 
	Gamma_x = [      1,1.03834,1.07319,1.03834,1.03834,1.07319,1.09429,1.07319,1.07319,1.09429,1.10912,1.09429,1.03834,1.07319,1.09429,1.07319]
	lambda_q = [0.670807,0.592632, 0.58393,0.592632,0.592632, 0.58393,0.543893, 0.58393, 0.58393,0.543893,0.508515,0.543893,0.592632, 0.58393,0.543893, 0.58393]
********************************************************************************************************************
o___o  ----------------------------------------
| L |	Time since last clock: 0h 0m 0s
A===A	Time since the beginning: 0h 24m 17.75s
***********************************************


********************************************************************************************************************
Warm up runs have been completed. Start calculating W = 5 phonon.
open output files: NGSEDIterationObs.txt
********************************************************************************************************************
Start the 0 rounds of NGS-ED iteration
	effective electronic model is modified as: kinetic energy t = 0.746811
	                                           effective interaction Vq = [ -4.1139,-3.86612,-3.83475,-3.86612,-3.86612,-3.83475,-3.68071,-3.83475,-3.83475,-3.68071,-3.53124,-3.68071,-3.86612,-3.83475,-3.68071,-3.83475]
	PARPACK diagonalization completed after 45 matrix-vector product operations.
	iteration results: : total energy is -81.780898 | electron energy -81.879452 + phonon energy 0.098553 | electron momentum kIdx = 10
	Nq(0) = 16,	Nq(1) = 0.337193,	Nq(2) = 0.363754,	Nq(3) = 0.337193,	Nq(4) = 0.337193,	Nq(5) = 0.363754,	Nq(6) = 0.537187,	Nq(7) = 0.363754,	Nq(8) = 0.363754,	Nq(9) = 0.537187,	Nq(10) = 0.550364,	Nq(11) = 0.537187,	Nq(12) = 0.337193,	Nq(13) = 0.363754,	Nq(14) = 0.537187,	Nq(15) = 0.363754,	Sq(0) = 5.17522e-18,	Sq(1) = 0.376942,	Sq(2) = 0.422298,	Sq(3) = 0.376942,	Sq(4) = 0.376942,	Sq(5) = 0.422298,	Sq(6) = 0.649442,	Sq(7) = 0.422298,	Sq(8) = 0.422298,	Sq(9) = 0.649442,	Sq(10) = 3.13027,	Sq(11) = 0.649442,	Sq(12) = 0.376942,	Sq(13) = 0.422298,	Sq(14) = 0.649442,	Sq(15) = 0.422298,	N(0) = 1.99704,	N(1) = 1.99305,	N(2) = 1,	N(3) = 1.99305,	N(4) = 1.99305,	N(5) = 1,	N(6) = 0.00695188,	N(7) = 1,	N(8) = 1,	N(9) = 0.00695188,	N(10) = 0.00296271,	N(11) = 0.00695188,	N(12) = 1.99305,	N(13) = 1,	N(14) = 0.00695188,	N(15) = 1,	Delta[s](0) = 0.223881,	Delta[s](1) = 0.217388,	Delta[s](2) = 0.190475,	Delta[s](3) = 0.217388,	Delta[s](4) = 0.217388,	Delta[s](5) = 0.190475,	Delta[s](6) = 0.184426,	Delta[s](7) = 0.190475,	Delta[s](8) = 0.190475,	Delta[s](9) = 0.184426,	Delta[s](10) = 0.141219,	Delta[s](11) = 0.184426,	Delta[s](12) = 0.217388,	Delta[s](13) = 0.190475,	Delta[s](14) = 0.184426,	Delta[s](15) = 0.190475,	Delta[d](0) = 0.496593,	Delta[d](1) = 0.35211,	Delta[d](2) = 0.314726,	Delta[d](3) = 0.35211,	Delta[d](4) = 0.35211,	Delta[d](5) = 0.384977,	Delta[d](6) = 0.300078,	Delta[d](7) = 0.384977,	Delta[d](8) = 0.314726,	Delta[d](9) = 0.300078,	Delta[d](10) = 0.274794,	Delta[d](11) = 0.300078,	Delta[d](12) = 0.35211,	Delta[d](13) = 0.384977,	Delta[d](14) = 0.300078,	Delta[d](15) = 0.384977,	Delta[s+](0) = 0.538091,	Delta[s+](1) = 0.449022,	Delta[s+](2) = 0.314726,	Delta[s+](3) = 0.449022,	Delta[s+](4) = 0.449022,	Delta[s+](5) = 0.314726,	Delta[s+](6) = 0.179391,	Delta[s+](7) = 0.314726,	Delta[s+](8) = 0.314726,	Delta[s+](9) = 0.179391,	Delta[s+](10) = 0.0749568,	Delta[s+](11) = 0.179391,	Delta[s+](12) = 0.449022,	Delta[s+](13) = 0.314726,	Delta[s+](14) = 0.179391,	Delta[s+](15) = 0.314726
The 0-th iteration is completed.	|| time cost : 0h 4m 26.937s
********************************************************************************************************************
Start the 1 rounds of NGS-ED iteration
	effective electronic model is modified as: kinetic energy t = 0.731395
	                                           effective interaction Vq = [-4.35794, -4.0791,-3.89405, -4.0791, -4.0791,-3.89405,-3.84217,-3.89405,-3.89405,-3.84217,-3.67123,-3.84217, -4.0791,-3.89405,-3.84217,-3.89405]
	PARPACK diagonalization completed after 30 matrix-vector product operations.
	iteration results: : total energy is -86.013428 | electron energy -86.286980 + phonon energy 0.273552 | electron momentum kIdx = 10
The 1-th iteration is completed.	|| time cost : 0h 0m 27.641s
********************************************************************************************************************
Start the 2 rounds of NGS-ED iteration
	effective electronic model is modified as: kinetic energy t = 0.716254
	                                           effective interaction Vq = [-4.44772,-4.20085,-3.94134,-4.20085,-4.20085,-3.94134,-3.95691,-3.94134,-3.94134,-3.95691,-3.77315,-3.95691,-4.20085,-3.94134,-3.95691,-3.94134]
	PARPACK diagonalization completed after 30 matrix-vector product operations.
	iteration results: : total energy is -87.602572 | electron energy -87.986310 + phonon energy 0.383739 | electron momentum kIdx = 10
The 2-th iteration is completed.	|| time cost : 0h 0m 27.358s
********************************************************************************************************************
Start the 3 rounds of NGS-ED iteration
	effective electronic model is modified as: kinetic energy t = 0.70446
	                                           effective interaction Vq = [-4.48075,-4.27225,-3.97397,-4.27225,-4.27225,-3.97397,-4.03459,-3.97397,-3.97397,-4.03459, -3.8401,-4.03459,-4.27225,-3.97397,-4.03459,-3.97397]
	PARPACK diagonalization completed after 30 matrix-vector product operations.
	iteration results: : total energy is -88.205418 | electron energy -88.655252 + phonon energy 0.449835 | electron momentum kIdx = 10
The 3-th iteration is completed.	|| time cost : 0h 0m 27.651s
********************************************************************************************************************
Start the 4 rounds of NGS-ED iteration
	effective electronic model is modified as: kinetic energy t = 0.695955
	                                           effective interaction Vq = [ -4.4929,-4.31505,-3.99552,-4.31505,-4.31505,-3.99552,-4.08667,-3.99552,-3.99552,-4.08667,-3.88277,-4.08667,-4.31505,-3.99552,-4.08667,-3.99552]
	PARPACK diagonalization completed after 30 matrix-vector product operations.
	iteration results: : total energy is -88.435585 | electron energy -88.926637 + phonon energy 0.491052 | electron momentum kIdx = 10
The 4-th iteration is completed.	|| time cost : 0h 0m 27.312s
********************************************************************************************************************
Start the 5 rounds of NGS-ED iteration
	effective electronic model is modified as: kinetic energy t = 0.690019
	                                           effective interaction Vq = [-4.49737, -4.3412,-4.00964, -4.3412, -4.3412,-4.00964,-4.12164,-4.00964,-4.00964,-4.12164,-3.90972,-4.12164, -4.3412,-4.00964,-4.12164,-4.00964]
	PARPACK diagonalization completed after 30 matrix-vector product operations.
	iteration results: : total energy is -88.523983 | electron energy -89.041626 + phonon energy 0.517643 | electron momentum kIdx = 10
The 5-th iteration is completed.	|| time cost : 0h 0m 27.467s
********************************************************************************************************************
Start the 6 rounds of NGS-ED iteration
	effective electronic model is modified as: kinetic energy t = 0.685942
	                                           effective interaction Vq = [-4.49901,-4.35747,-4.01893,-4.35747,-4.35747,-4.01893,-4.14521,-4.01893,-4.01893,-4.14521,-3.92671,-4.14521,-4.35747,-4.01893,-4.14521,-4.01893]
	PARPACK diagonalization completed after 30 matrix-vector product operations.
	iteration results: : total energy is -88.558151 | electron energy -89.093313 + phonon energy 0.535161 | electron momentum kIdx = 10
The 6-th iteration is completed.	|| time cost : 0h 0m 27.294s
********************************************************************************************************************
Start the 7 rounds of NGS-ED iteration
	effective electronic model is modified as: kinetic energy t = 0.683161
	                                           effective interaction Vq = [-4.49962,-4.36773,-4.02511,-4.36773,-4.36773,-4.02511,-4.16116,-4.02511,-4.02511,-4.16116,-3.93742,-4.16116,-4.36773,-4.02511,-4.16116,-4.02511]
	PARPACK diagonalization completed after 30 matrix-vector product operations.
	iteration results: : total energy is -88.571456 | electron energy -89.118297 + phonon energy 0.546841 | electron momentum kIdx = 10
The 7-th iteration is completed.	|| time cost : 0h 0m 27.585s
********************************************************************************************************************
Start the 8 rounds of NGS-ED iteration
	effective electronic model is modified as: kinetic energy t = 0.681272
	                                           effective interaction Vq = [-4.49984,-4.37426,-4.02926,-4.37426,-4.37426,-4.02926,  -4.172,-4.02926,-4.02926,  -4.172,-3.94417,  -4.172,-4.37426,-4.02926,  -4.172,-4.02926]
	PARPACK diagonalization completed after 30 matrix-vector product operations.
	iteration results: : total energy is -88.576682 | electron energy -89.131364 + phonon energy 0.554682 | electron momentum kIdx = 10
The 8-th iteration is completed.	|| time cost : 0h 0m 27.586s
********************************************************************************************************************
Start the 9 rounds of NGS-ED iteration
	effective electronic model is modified as: kinetic energy t = 0.679991
	                                           effective interaction Vq = [-4.49992,-4.37847,-4.03209,-4.37847,-4.37847,-4.03209,-4.17937,-4.03209,-4.03209,-4.17937,-3.94843,-4.17937,-4.37847,-4.03209,-4.17937,-4.03209]
	PARPACK diagonalization completed after 30 matrix-vector product operations.
	iteration results: : total energy is -88.578754 | electron energy -89.138722 + phonon energy 0.559968 | electron momentum kIdx = 10
The 9-th iteration is completed.	|| time cost : 0h 0m 27.409s
********************************************************************************************************************
Start the 10 rounds of NGS-ED iteration
	effective electronic model is modified as: kinetic energy t = 0.679122
	                                           effective interaction Vq = [-4.49995,-4.38119,-4.03403,-4.38119,-4.38119,-4.03403, -4.1844,-4.03403,-4.03403, -4.1844,-3.95112, -4.1844,-4.38119,-4.03403, -4.1844,-4.03403]
	PARPACK diagonalization completed after 30 matrix-vector product operations.
	iteration results: : total energy is -88.579584 | electron energy -89.143127 + phonon energy 0.563543 | electron momentum kIdx = 10
	Nq(0) = 16,	Nq(1) = 0.474507,	Nq(2) = 0.3707,	Nq(3) = 0.474507,	Nq(4) = 0.474507,	Nq(5) = 0.3707,	Nq(6) = 0.677325,	Nq(7) = 0.3707,	Nq(8) = 0.3707,	Nq(9) = 0.677325,	Nq(10) = 0.595622,	Nq(11) = 0.677325,	Nq(12) = 0.474507,	Nq(13) = 0.3707,	Nq(14) = 0.677325,	Nq(15) = 0.3707,	Sq(0) = -1.70791e-18,	Sq(1) = 0.36697,	Sq(2) = 0.400938,	Sq(3) = 0.36697,	Sq(4) = 0.36697,	Sq(5) = 0.400938,	Sq(6) = 0.609706,	Sq(7) = 0.400938,	Sq(8) = 0.400938,	Sq(9) = 0.609706,	Sq(10) = 2.26052,	Sq(11) = 0.609706,	Sq(12) = 0.36697,	Sq(13) = 0.400938,	Sq(14) = 0.609706,	Sq(15) = 0.400938,	N(0) = 1.99937,	N(1) = 1.99199,	N(2) = 1,	N(3) = 1.99199,	N(4) = 1.99199,	N(5) = 1,	N(6) = 0.00801056,	N(7) = 1,	N(8) = 1,	N(9) = 0.00801056,	N(10) = 0.000627919,	N(11) = 0.00801056,	N(12) = 1.99199,	N(13) = 1,	N(14) = 0.00801056,	N(15) = 1,	Delta[s](0) = 0.252037,	Delta[s](1) = 0.253552,	Delta[s](2) = 0.225867,	Delta[s](3) = 0.253552,	Delta[s](4) = 0.253552,	Delta[s](5) = 0.225867,	Delta[s](6) = 0.226141,	Delta[s](7) = 0.225867,	Delta[s](8) = 0.225867,	Delta[s](9) = 0.226141,	Delta[s](10) = 0.187562,	Delta[s](11) = 0.226141,	Delta[s](12) = 0.253552,	Delta[s](13) = 0.225867,	Delta[s](14) = 0.226141,	Delta[s](15) = 0.225867,	Delta[d](0) = 0.513812,	Delta[d](1) = 0.361362,	Delta[d](2) = 0.329286,	Delta[d](3) = 0.361362,	Delta[d](4) = 0.361362,	Delta[d](5) = 0.400993,	Delta[d](6) = 0.312756,	Delta[d](7) = 0.400993,	Delta[d](8) = 0.329286,	Delta[d](9) = 0.312756,	Delta[d](10) = 0.296946,	Delta[d](11) = 0.312756,	Delta[d](12) = 0.361362,	Delta[d](13) = 0.400993,	Delta[d](14) = 0.312756,	Delta[d](15) = 0.400993,	Delta[s+](0) = 0.538106,	Delta[s+](1) = 0.452449,	Delta[s+](2) = 0.329286,	Delta[s+](3) = 0.452449,	Delta[s+](4) = 0.452449,	Delta[s+](5) = 0.329286,	Delta[s+](6) = 0.197398,	Delta[s+](7) = 0.329286,	Delta[s+](8) = 0.329286,	Delta[s+](9) = 0.197398,	Delta[s+](10) = 0.0987574,	Delta[s+](11) = 0.197398,	Delta[s+](12) = 0.452449,	Delta[s+](13) = 0.329286,	Delta[s+](14) = 0.197398,	Delta[s+](15) = 0.329286
The 10-th iteration is completed.	|| time cost : 0h 4m 21.499s
********************************************************************************************************************
Start the 11 rounds of NGS-ED iteration
	effective electronic model is modified as: kinetic energy t = 0.678532
	                                           effective interaction Vq = [-4.49996,-4.38296,-4.03537,-4.38296,-4.38296,-4.03537,-4.18782,-4.03537,-4.03537,-4.18782,-3.95281,-4.18782,-4.38296,-4.03537,-4.18782,-4.03537]
	PARPACK diagonalization completed after 30 matrix-vector product operations.
	iteration results: : total energy is -88.579921 | electron energy -89.145885 + phonon energy 0.565964 | electron momentum kIdx = 10
The 11-th iteration is completed.	|| time cost : 0h 0m 27.4s
********************************************************************************************************************
Start the 12 rounds of NGS-ED iteration
	effective electronic model is modified as: kinetic energy t = 0.678133
	                                           effective interaction Vq = [-4.49997,-4.38411, -4.0363,-4.38411,-4.38411, -4.0363,-4.19016, -4.0363, -4.0363,-4.19016,-3.95388,-4.19016,-4.38411, -4.0363,-4.19016, -4.0363]
	PARPACK diagonalization completed after 30 matrix-vector product operations.
	iteration results: : total energy is -88.580059 | electron energy -89.147666 + phonon energy 0.567606 | electron momentum kIdx = 10
The 12-th iteration is completed.	|| time cost : 0h 0m 27.411s
********************************************************************************************************************
Start the 13 rounds of NGS-ED iteration
	effective electronic model is modified as: kinetic energy t = 0.677861
	                                           effective interaction Vq = [-4.49997,-4.38487,-4.03694,-4.38487,-4.38487,-4.03694,-4.19176,-4.03694,-4.03694,-4.19176,-3.95455,-4.19176,-4.38487,-4.03694,-4.19176,-4.03694]
	PARPACK diagonalization completed after 30 matrix-vector product operations.
	iteration results: : total energy is -88.580117 | electron energy -89.148839 + phonon energy 0.568722 | electron momentum kIdx = 10
The 13-th iteration is completed.	|| time cost : 0h 0m 27.433s
********************************************************************************************************************
Start the 14 rounds of NGS-ED iteration
	effective electronic model is modified as: kinetic energy t = 0.677677
	                                           effective interaction Vq = [-4.49997,-4.38537, -4.0374,-4.38537,-4.38537, -4.0374,-4.19285, -4.0374, -4.0374,-4.19285,-3.95497,-4.19285,-4.38537, -4.0374,-4.19285, -4.0374]
	PARPACK diagonalization completed after 30 matrix-vector product operations.
	iteration results: : total energy is -88.580141 | electron energy -89.149621 + phonon energy 0.569480 | electron momentum kIdx = 10
The 14-th iteration is completed.	|| time cost : 0h 0m 27.316s
********************************************************************************************************************
Start the 15 rounds of NGS-ED iteration
	effective electronic model is modified as: kinetic energy t = 0.677552
	                                           effective interaction Vq = [-4.49997,-4.38569,-4.03771,-4.38569,-4.38569,-4.03771, -4.1936,-4.03771,-4.03771, -4.1936,-3.95524, -4.1936,-4.38569,-4.03771, -4.1936,-4.03771]
	PARPACK diagonalization completed after 30 matrix-vector product operations.
	iteration results: : total energy is -88.580151 | electron energy -89.150147 + phonon energy 0.569995 | electron momentum kIdx = 10
The 15-th iteration is completed.	|| time cost : 0h 0m 27.873s
********************************************************************************************************************
Start the 16 rounds of NGS-ED iteration
	effective electronic model is modified as: kinetic energy t = 0.677466
	                                           effective interaction Vq = [-4.49997,-4.38591,-4.03793,-4.38591,-4.38591,-4.03793,-4.19411,-4.03793,-4.03793,-4.19411, -3.9554,-4.19411,-4.38591,-4.03793,-4.19411,-4.03793]
	PARPACK diagonalization completed after 30 matrix-vector product operations.
	iteration results: : total energy is -88.580156 | electron energy -89.150502 + phonon energy 0.570346 | electron momentum kIdx = 10
The 16-th iteration is completed.	|| time cost : 0h 0m 27.383s
********************************************************************************************************************
Start the 17 rounds of NGS-ED iteration
	effective electronic model is modified as: kinetic energy t = 0.677408
	                                           effective interaction Vq = [-4.49997,-4.38605,-4.03809,-4.38605,-4.38605,-4.03809,-4.19445,-4.03809,-4.03809,-4.19445,-3.95551,-4.19445,-4.38605,-4.03809,-4.19445,-4.03809]
	PARPACK diagonalization completed after 30 matrix-vector product operations.
	iteration results: : total energy is -88.580158 | electron energy -89.150743 + phonon energy 0.570585 | electron momentum kIdx = 10
The 17-th iteration is completed.	|| time cost : 0h 0m 27.598s
********************************************************************************************************************
Start the 18 rounds of NGS-ED iteration
	effective electronic model is modified as: kinetic energy t = 0.677369
	                                           effective interaction Vq = [-4.49997,-4.38615, -4.0382,-4.38615,-4.38615, -4.0382,-4.19469, -4.0382, -4.0382,-4.19469,-3.95557,-4.19469,-4.38615, -4.0382,-4.19469, -4.0382]
	PARPACK diagonalization completed after 30 matrix-vector product operations.
	iteration results: : total energy is -88.580159 | electron energy -89.150906 + phonon energy 0.570747 | electron momentum kIdx = 10
The 18-th iteration is completed.	|| time cost : 0h 0m 27.341s
********************************************************************************************************************
Start the 19 rounds of NGS-ED iteration
	effective electronic model is modified as: kinetic energy t = 0.677342
	                                           effective interaction Vq = [-4.49997,-4.38621,-4.03827,-4.38621,-4.38621,-4.03827,-4.19485,-4.03827,-4.03827,-4.19485,-3.95561,-4.19485,-4.38621,-4.03827,-4.19485,-4.03827]
	PARPACK diagonalization completed after 30 matrix-vector product operations.
	iteration results: : total energy is -88.580159 | electron energy -89.151017 + phonon energy 0.570858 | electron momentum kIdx = 10
The 19-th iteration is completed.	|| time cost : 0h 0m 27.44s
********************************************************************************************************************
Start the 20 rounds of NGS-ED iteration
	effective electronic model is modified as: kinetic energy t = 0.677324
	                                           effective interaction Vq = [-4.49997,-4.38625,-4.03833,-4.38625,-4.38625,-4.03833,-4.19496,-4.03833,-4.03833,-4.19496,-3.95564,-4.19496,-4.38625,-4.03833,-4.19496,-4.03833]
	PARPACK diagonalization completed after 30 matrix-vector product operations.
	iteration results: : total energy is -88.580159 | electron energy -89.151093 + phonon energy 0.570934 | electron momentum kIdx = 10
	Nq(0) = 16,	Nq(1) = 0.476722,	Nq(2) = 0.370917,	Nq(3) = 0.476722,	Nq(4) = 0.47671,	Nq(5) = 0.370913,	Nq(6) = 0.681443,	Nq(7) = 0.370913,	Nq(8) = 0.370909,	Nq(9) = 0.681433,	Nq(10) = 0.595491,	Nq(11) = 0.681433,	Nq(12) = 0.47671,	Nq(13) = 0.370913,	Nq(14) = 0.681443,	Nq(15) = 0.370913,	Sq(0) = -5.02288e-18,	Sq(1) = 0.366494,	Sq(2) = 0.400384,	Sq(3) = 0.366494,	Sq(4) = 0.366486,	Sq(5) = 0.40038,	Sq(6) = 0.608578,	Sq(7) = 0.40038,	Sq(8) = 0.400376,	Sq(9) = 0.608571,	Sq(10) = 2.24388,	Sq(11) = 0.608571,	Sq(12) = 0.366486,	Sq(13) = 0.40038,	Sq(14) = 0.608578,	Sq(15) = 0.40038,	N(0) = 1.99929,	N(1) = 1.99153,	N(2) = 0.999968,	N(3) = 1.99153,	N(4) = 1.99153,	N(5) = 1,	N(6) = 0.00846671,	N(7) = 1,	N(8) = 1.00003,	N(9) = 0.00846674,	N(10) = 0.000706109,	N(11) = 0.00846674,	N(12) = 1.99153,	N(13) = 1,	N(14) = 0.00846671,	N(15) = 1,	Delta[s](0) = 0.252653,	Delta[s](1) = 0.254324,	Delta[s](2) = 0.226688,	Delta[s](3) = 0.254324,	Delta[s](4) = 0.254325,	Delta[s](5) = 0.226689,	Delta[s](6) = 0.227028,	Delta[s](7) = 0.226689,	Delta[s](8) = 0.226689,	Delta[s](9) = 0.227029,	Delta[s](10) = 0.188595,	Delta[s](11) = 0.227029,	Delta[s](12) = 0.254325,	Delta[s](13) = 0.226689,	Delta[s](14) = 0.227028,	Delta[s](15) = 0.226689,	Delta[d](0) = 0.513759,	Delta[d](1) = 0.361037,	Delta[d](2) = 0.329108,	Delta[d](3) = 0.361037,	Delta[d](4) = 0.361044,	Delta[d](5) = 0.400481,	Delta[d](6) = 0.312588,	Delta[d](7) = 0.400481,	Delta[d](8) = 0.329115,	Delta[d](9) = 0.312594,	Delta[d](10) = 0.296628,	Delta[d](11) = 0.312594,	Delta[d](12) = 0.361044,	Delta[d](13) = 0.400481,	Delta[d](14) = 0.312588,	Delta[d](15) = 0.400481,	Delta[s+](0) = 0.537216,	Delta[s+](1) = 0.451803,	Delta[s+](2) = 0.329108,	Delta[s+](3) = 0.451803,	Delta[s+](4) = 0.451805,	Delta[s+](5) = 0.329111,	Delta[s+](6) = 0.197596,	Delta[s+](7) = 0.329111,	Delta[s+](8) = 0.329115,	Delta[s+](9) = 0.197598,	Delta[s+](10) = 0.0992526,	Delta[s+](11) = 0.197598,	Delta[s+](12) = 0.451805,	Delta[s+](13) = 0.329111,	Delta[s+](14) = 0.197596,	Delta[s+](15) = 0.329111
The 20-th iteration is completed.	|| time cost : 0h 4m 34.437s
********************************************************************************************************************
Start the 21 rounds of NGS-ED iteration
	effective electronic model is modified as: kinetic energy t = 0.677311
	                                           effective interaction Vq = [-4.49997,-4.38628,-4.03836,-4.38628,-4.38628,-4.03836,-4.19504,-4.03836,-4.03836,-4.19503,-3.95565,-4.19503,-4.38628,-4.03836,-4.19504,-4.03836]
	PARPACK diagonalization completed after 30 matrix-vector product operations.
	iteration results: : total energy is -88.580159 | electron energy -89.151144 + phonon energy 0.570985 | electron momentum kIdx = 10
The 21-th iteration is completed.	|| time cost : 0h 0m 27.376s
********************************************************************************************************************
Start the 22 rounds of NGS-ED iteration
	effective electronic model is modified as: kinetic energy t = 0.677303
	                                           effective interaction Vq = [-4.49997, -4.3863,-4.03839, -4.3863, -4.3863,-4.03839,-4.19509,-4.03839,-4.03839,-4.19508,-3.95566,-4.19508, -4.3863,-4.03839,-4.19509,-4.03839]
	PARPACK diagonalization completed after 30 matrix-vector product operations.
	iteration results: : total energy is -88.580160 | electron energy -89.151180 + phonon energy 0.571020 | electron momentum kIdx = 10
The 22-th iteration is completed.	|| time cost : 0h 0m 27.328s
********************************************************************************************************************
Start the 23 rounds of NGS-ED iteration
	effective electronic model is modified as: kinetic energy t = 0.677297
	                                           effective interaction Vq = [-4.49997,-4.38631,-4.03841,-4.38631,-4.38631,-4.03841,-4.19512,-4.03841,-4.03841,-4.19511,-3.95567,-4.19511,-4.38631,-4.03841,-4.19512,-4.03841]
	PARPACK diagonalization completed after 30 matrix-vector product operations.
	iteration results: : total energy is -88.580160 | electron energy -89.151204 + phonon energy 0.571044 | electron momentum kIdx = 10
The 23-th iteration is completed.	|| time cost : 0h 0m 27.459s
