SNEDics v3.21.4 Non-Gaussian ED ground state program		Start at Mon Jul 26 18:16:35 2021

parallized on 32 MPI threads  * 8 OpenMP threads = 256 total threads.
********************************************************************************************************************
********************************************************************************************************************

********************************************************************************************************************
System parameters and configurations
	special program options are enabled: splitted diagonal Hamiltonian | splitted Hamiltonian terms
********************************************************************************************************************
Read input file "model_params.in"
	Hubbard-Holstein model parameters : 	t = 1    U = 8    g = 0.08    W = 0.2    g' = 0.1    
********************************************************************************************************************
Read input file "hilbertspace_params.in"
	Requested 16-site 2D lattice, with 12 electrons (6, 6)
	Boundary : Periodic		Hilbert space representation : momentum-space (restricted to kIdx = 0)
	Conservation: particle number[U(1)]      spin[U(1)]     momentum
********************************************************************************************************************

Cluster Positions:				Cluster symmetry group : D4
 x ... x ... x ... x .....                       x ... x ... x ... x .....
 |           |           :                       |           |           :
 |           |           :                       |           |           :
12    13    14    15     x                       1     5     6     5     x
 |           |           :                       |           |           :
 |           |           :                       |           |           :
 8 --- 9 ---10 ---11 --- x                       2 --- 6 ---10 --- 6 --- x
 |           |           :                       |           |           :
 |           |           :                       |           |           :
 4     5     6     7     x                       1     5     6     5     x
 |           |           :                       |           |           :
 |           |           :                       |           |           :
 0 --- 1 --- 2 --- 3 --- x                       0 --- 1 --- 2 --- 1 --- x
orbital number : 1
********************************************************************************************************************
Read input file "obs_params.in"
	Observable Type : Nq(All),   Sq(All),   N(All),   Delta[s](All),   Delta[d](All),   Delta[s+](All)
** WARNING ** the input observables have non-local factors which have been reinterpreted. The total observable number is 96
********************************************************************************************************************


********************************************************************************************************************
Start calculating the non-Gaussian ED ground state
Maximal iteration number is 1000; energy resolution is 1e-06. Phonon state relaxation time is 2000
W = 0.2 is relatively large. The non-Gaussian ED calculation starts directly.
open output files: NGSED_iteration_obserbles.txt
********************************************************************************************************************
Start the 0 rounds of NGS-ED iteration
	effective electronic model is modified as: kinetic energy t = 1
	                                           effective interaction Vq = [0,0,0,0,0,0,0,0,0,0,0,0,0,0,0,0]
	first Hamiltonian is constructed, size = 4008592 and non-zero numbers = 969134044
	PARPACK diagonalization completed after 150 matrix-vector product operations.
	iteration results: : total energy is -14.925310 | electron energy -14.925310 + phonon energy 0.000000 | electron momentum kIdx = 0
	Nq(0) = 9,	Nq(1) = 0.191675,	Nq(2) = 0.266183,	Nq(3) = 0.191675,	Nq(4) = 0.191675,	Nq(5) = 0.245517,	
	Nq(6) = 0.314107,	Nq(7) = 0.245517,	Nq(8) = 0.266183,	Nq(9) = 0.314107,	Nq(10) = 0.369338,	
	Nq(11) = 0.314107,	Nq(12) = 0.191675,	Nq(13) = 0.245517,	Nq(14) = 0.314107,	Nq(15) = 0.245517;	
	Sq(0) = 3.02743e-18,	Sq(1) = 0.554662,	Sq(2) = 0.424361,	Sq(3) = 0.554662,	Sq(4) = 0.554662,	
	Sq(5) = 0.79749,	Sq(6) = 1.01287,	Sq(7) = 0.79749,	Sq(8) = 0.424361,	Sq(9) = 1.01287,	
	Sq(10) = 0.784303,	Sq(11) = 1.01287,	Sq(12) = 0.554662,	Sq(13) = 0.79749,	Sq(14) = 1.01287,	
	Sq(15) = 0.79749;	N(0) = 1.76735,	N(1) = 1.6264,	N(2) = 0.74365,	N(3) = 1.6264,	
	N(4) = 1.6264,	N(5) = 0.392302,	N(6) = 0.144321,	N(7) = 0.392302,	N(8) = 0.74365,	
	N(9) = 0.144321,	N(10) = 0.0932732,	N(11) = 0.144321,	N(12) = 1.6264,	N(13) = 0.392302,	
	N(14) = 0.144321,	N(15) = 0.392302;	Delta[s](0) = 0.0656055,	Delta[s](1) = 0.0453355,	Delta[s](2) = 0.0303845,	
	Delta[s](3) = 0.0453355,	Delta[s](4) = 0.0453355,	Delta[s](5) = 0.0270949,	Delta[s](6) = 0.00930187,	Delta[s](7) = 0.0270949,	
	Delta[s](8) = 0.0303845,	Delta[s](9) = 0.00930187,	Delta[s](10) = 0.000146453,	Delta[s](11) = 0.00930187,	Delta[s](12) = 0.0453355,	
	Delta[s](13) = 0.0270949,	Delta[s](14) = 0.00930187,	Delta[s](15) = 0.0270949;	Delta[d](0) = 0.229349,	Delta[d](1) = 0.180045,	
	Delta[d](2) = 0.222195,	Delta[d](3) = 0.180045,	Delta[d](4) = 0.180045,	Delta[d](5) = 0.123024,	Delta[d](6) = 0.150438,	
	Delta[d](7) = 0.123024,	Delta[d](8) = 0.222195,	Delta[d](9) = 0.150438,	Delta[d](10) = 0.0769513,	Delta[d](11) = 0.150438,	
	Delta[d](12) = 0.180045,	Delta[d](13) = 0.123024,	Delta[d](14) = 0.150438,	Delta[d](15) = 0.123024;	Delta[s+](0) = 0.529417,	
	Delta[s+](1) = 0.361069,	Delta[s+](2) = 0.222195,	Delta[s+](3) = 0.361069,	Delta[s+](4) = 0.361069,	Delta[s+](5) = 0.177114,	
	Delta[s+](6) = 0.0626898,	Delta[s+](7) = 0.177114,	Delta[s+](8) = 0.222195,	Delta[s+](9) = 0.0626898,	Delta[s+](10) = 0.0157251,	
	Delta[s+](11) = 0.0626898,	Delta[s+](12) = 0.361069,	Delta[s+](13) = 0.177114,	Delta[s+](14) = 0.0626898,	Delta[s+](15) = 0.177114
	
The 0-th iteration is completed.	|| time cost : 0h 2m 4.553s
********************************************************************************************************************
Start the 1 rounds of NGS-ED iteration
	effective electronic model is modified as: kinetic energy t = 0.998423
	                                           effective interaction Vq = [     -1.152, -0.0491695,-0.00276098, -0.0491695, -0.0491695,-0.00255843,-0.00497564,-0.00255843,-0.00276098,-0.00497564, -0.0329979,-0.00497564, -0.0491695,-0.00255843,-0.00497564,-0.00255843]
	PARPACK diagonalization completed after 45 matrix-vector product operations.
	iteration results: : total energy is -25.323684 | electron energy -25.324293 + phonon energy 0.000609 | electron momentum kIdx = 0
The 1-th iteration is completed.	|| time cost : 0h 1m 18.382s
********************************************************************************************************************
Start the 2 rounds of NGS-ED iteration
	effective electronic model is modified as: kinetic energy t = 0.998413
	                                           effective interaction Vq = [     -1.152, -0.0494095,-0.00275524, -0.0494095, -0.0494095,-0.00255455, -0.0049701,-0.00255455,-0.00275524, -0.0049701, -0.0331024, -0.0049701, -0.0494095,-0.00255455, -0.0049701,-0.00255455]
	PARPACK diagonalization completed after 30 matrix-vector product operations.
	iteration results: : total energy is -25.323685 | electron energy -25.324305 + phonon energy 0.000620 | electron momentum kIdx = 0
The 2-th iteration is completed.	|| time cost : 0h 0m 9.771s
********************************************************************************************************************
Start the 3 rounds of NGS-ED iteration
	effective electronic model is modified as: kinetic energy t = 0.998413
	                                           effective interaction Vq = [     -1.152, -0.0494108,-0.00275521, -0.0494108, -0.0494108,-0.00255453,-0.00497007,-0.00255453,-0.00275521,-0.00497007, -0.0331027,-0.00497007, -0.0494108,-0.00255453,-0.00497007,-0.00255453]
	PARPACK diagonalization completed after 30 matrix-vector product operations.
	iteration results: : total energy is -25.323685 | electron energy -25.324305 + phonon energy 0.000620 | electron momentum kIdx = 0
The 3-th iteration is completed.	|| time cost : 0h 0m 9.776s
********************************************************************************************************************
Start the 4 rounds of NGS-ED iteration
	effective electronic model is modified as: kinetic energy t = 0.998413
	                                           effective interaction Vq = [     -1.152, -0.0494108,-0.00275521, -0.0494108, -0.0494108,-0.00255453,-0.00497007,-0.00255453,-0.00275521,-0.00497007, -0.0331027,-0.00497007, -0.0494108,-0.00255453,-0.00497007,-0.00255453]
	PARPACK diagonalization completed after 30 matrix-vector product operations.
	iteration results: : total energy is -25.323685 | electron energy -25.324305 + phonon energy 0.000620 | electron momentum kIdx = 0
	Nq(0) = 9,	Nq(1) = 0.192771,	Nq(2) = 0.265793,	Nq(3) = 0.192771,	Nq(4) = 0.192771,	Nq(5) = 0.245308,	
	Nq(6) = 0.313978,	Nq(7) = 0.245308,	Nq(8) = 0.265793,	Nq(9) = 0.313978,	Nq(10) = 0.370703,	
	Nq(11) = 0.313978,	Nq(12) = 0.192771,	Nq(13) = 0.245308,	Nq(14) = 0.313978,	Nq(15) = 0.245308;	
	Sq(0) = -2.29827e-19,	Sq(1) = 0.554024,	Sq(2) = 0.424388,	Sq(3) = 0.554024,	Sq(4) = 0.554024,	
	Sq(5) = 0.797089,	Sq(6) = 1.01263,	Sq(7) = 0.797089,	Sq(8) = 0.424388,	Sq(9) = 1.01263,	
	Sq(10) = 0.785747,	Sq(11) = 1.01263,	Sq(12) = 0.554024,	Sq(13) = 0.797089,	Sq(14) = 1.01263,	
	Sq(15) = 0.797089;	N(0) = 1.76777,	N(1) = 1.62787,	N(2) = 0.74287,	N(3) = 1.62787,	
	N(4) = 1.62787,	N(5) = 0.391265,	N(6) = 0.144122,	N(7) = 0.391265,	N(8) = 0.74287,	
	N(9) = 0.144122,	N(10) = 0.0934502,	N(11) = 0.144122,	N(12) = 1.62787,	N(13) = 0.391265,	
	N(14) = 0.144122,	N(15) = 0.391265;	Delta[s](0) = 0.0658412,	Delta[s](1) = 0.0455001,	Delta[s](2) = 0.0305267,	
	Delta[s](3) = 0.0455001,	Delta[s](4) = 0.0455001,	Delta[s](5) = 0.0272202,	Delta[s](6) = 0.00933407,	Delta[s](7) = 0.0272202,	
	Delta[s](8) = 0.0305267,	Delta[s](9) = 0.00933407,	Delta[s](10) = 0.000148065,	Delta[s](11) = 0.00933407,	Delta[s](12) = 0.0455001,	
	Delta[s](13) = 0.0272202,	Delta[s](14) = 0.00933407,	Delta[s](15) = 0.0272202;	Delta[d](0) = 0.229526,	Delta[d](1) = 0.180181,	
	Delta[d](2) = 0.222317,	Delta[d](3) = 0.180181,	Delta[d](4) = 0.180181,	Delta[d](5) = 0.123017,	Delta[d](6) = 0.150455,	
	Delta[d](7) = 0.123017,	Delta[d](8) = 0.222317,	Delta[d](9) = 0.150455,	Delta[d](10) = 0.0765447,	Delta[d](11) = 0.150455,	
	Delta[d](12) = 0.180181,	Delta[d](13) = 0.123017,	Delta[d](14) = 0.150455,	Delta[d](15) = 0.123017;	Delta[s+](0) = 0.529913,	
	Delta[s+](1) = 0.36136,	Delta[s+](2) = 0.222317,	Delta[s+](3) = 0.36136,	Delta[s+](4) = 0.36136,	Delta[s+](5) = 0.177209,	
	Delta[s+](6) = 0.06268,	Delta[s+](7) = 0.177209,	Delta[s+](8) = 0.222317,	Delta[s+](9) = 0.06268,	Delta[s+](10) = 0.0157526,	
	Delta[s+](11) = 0.06268,	Delta[s+](12) = 0.36136,	Delta[s+](13) = 0.177209,	Delta[s+](14) = 0.06268,	Delta[s+](15) = 0.177209
	
The 4-th iteration is completed.	|| time cost : 0h 1m 20.953s
********************************************************************************************************************
********************************************************************************************************************
Ground state is obtained after 5 iterations. The current ground-state energy is -25.3237, in which electron energy is -25.3243 and phonon energy is 0.000620106
Final variational state is: 
	Gamma_x = [      1,1.04708,1.00359,1.04708,1.04708,1.00307,1.00769,1.00307,1.00359,1.00769,1.06215,1.00769,1.04708,1.00307,1.00769,1.00307]
	lambda_q = [       2.4, 0.0912044, 0.0176076, 0.0912044, 0.0912044, 0.0162978,-0.0210789, 0.0162978, 0.0176076,-0.0210789,-0.0525871,-0.0210789, 0.0912044, 0.0162978,-0.0210789, 0.0162978]
Effective e-e interactions mediated by phonons are:
	momentum-space Vq = [     -1.152, -0.0494108,-0.00275521, -0.0494108, -0.0494108,-0.00255453,-0.00497007,-0.00255453,-0.00275521,-0.00497007, -0.0331027,-0.00497007, -0.0494108,-0.00255453,-0.00497007,-0.00255453]
	real-space Vr = [-0.0886472,-0.0754862,-0.0737747,-0.0754862,-0.0754862,-0.0737245, -0.064376,-0.0737245,-0.0737747, -0.064376,-0.0614567, -0.064376,-0.0754862,-0.0737245, -0.064376,-0.0737245]
********************************************************************************************************************
o___o  ----------------------------------------
| L |	Time since last clock: 0h 0m 0.014s
A===A	Time since the beginning: 0h 5m 3.452s
***********************************************


Non-Gaussina ED ground state calculation is completed. The final ground-state energy is -25.3237
********************************************************************************************************************
o___o  ----------------------------------------
| L |	Time since last clock: 0h 0m 0.006s
A===A	Time since the beginning: 0h 5m 3.458s
***********************************************



********************************************************************************************************************
All non-Gaussian ED ground state calculations have been completed. Exit now.
