SNEDics v3.22.2 Non-Gaussian ED ground state program		Start at Wed Apr  6 05:22:42 2022

Parallelization: 32 MPI threads  * 8 OpenMP threads = 256 total threads.
********************************************************************************************************************
********************************************************************************************************************

********************************************************************************************************************
System parameters and configurations
	special program options are enabled: splitted diagonal Hamiltonian | splitted Hamiltonian terms
********************************************************************************************************************
Read input file "model_params.in"
	Hubbard-Holstein model parameters : 	t = 1    t' = -0.3    U = 8    W = 0.2    g' = 0.15    
********************************************************************************************************************
Read input file "hilbertspace_params.in"
	Requested 16-site 2D lattice, with 8 electrons (4, 4)
	Boundary : Periodic		Hilbert space representation : momentum-space (restricted to kIdx = 0)
	Conservation: particle number[U(1)]      spin[U(1)]     momentum
********************************************************************************************************************

Cluster Positions:				Cluster symmetry group : D4
 x ... x ... x ... x .....                       x ... x ... x ... x .....
 |           |           :                       |           |           :
 |           |           :                       |           |           :
12    13    14    15     x                       1     5     6     5     x
 |           |           :                       |           |           :
 |           |           :                       |           |           :
 8 --- 9 ---10 ---11 --- x                       2 --- 6 ---10 --- 6 --- x
 |           |           :                       |           |           :
 |           |           :                       |           |           :
 4     5     6     7     x                       1     5     6     5     x
 |           |           :                       |           |           :
 |           |           :                       |           |           :
 0 --- 1 --- 2 --- 3 --- x                       0 --- 1 --- 2 --- 1 --- x
orbital number : 1
********************************************************************************************************************
Read input file "obs_params.in"
	Observable Type : Nq(All),   Sq(All),   N(All-Orbital),   Delta[s](All),   Delta[d](All),   Delta[s+](All)
** WARNING ** the input observables have non-local factors which have been reinterpreted. The total observable number is 96
********************************************************************************************************************


********************************************************************************************************************
Start calculating the non-Gaussian ED ground state
Maximal iteration number is 1000; energy resolution is 1e-06. Phonon state relaxation time is 2000
W = 0.2 is relatively large. The non-Gaussian ED calculation starts directly.
open output files: NGSED_iteration_observables.txt
********************************************************************************************************************
Start the 0 rounds of NGS-ED iteration
	effective electronic model is modified as: kinetic energy t = 1, t' = -0.3
	                                           effective interaction Vq = [0,0,0,0,0,0,0,0,0,0,0,0,0,0,0,0]
	first Hamiltonian is constructed, size = 207184 and non-zero numbers = 32252562
	PARPACK diagonalization completed after 120 matrix-vector product operations.
	iteration results: : total energy is -14.600323 | electron energy -14.600323 + phonon energy 0.000000 | electron momentum kIdx = 0
	Nq(0) = 4,	Nq(1) = 0.197198,	Nq(2) = 0.25408,	Nq(3) = 0.197198,	Nq(4) = 0.197198,	Nq(5) = 0.267076,	
	Nq(6) = 0.353825,	Nq(7) = 0.267076,	Nq(8) = 0.25408,	Nq(9) = 0.353825,	Nq(10) = 0.466428,	
	Nq(11) = 0.353825,	Nq(12) = 0.197198,	Nq(13) = 0.267076,	Nq(14) = 0.353825,	Nq(15) = 0.267076;	
	Sq(0) = 8.19558e-19,	Sq(1) = 0.482052,	Sq(2) = 0.340779,	Sq(3) = 0.482052,	Sq(4) = 0.482052,	
	Sq(5) = 0.566062,	Sq(6) = 0.591821,	Sq(7) = 0.566062,	Sq(8) = 0.340779,	Sq(9) = 0.591821,	
	Sq(10) = 0.511715,	Sq(11) = 0.591821,	Sq(12) = 0.482052,	Sq(13) = 0.566062,	Sq(14) = 0.591821,	
	Sq(15) = 0.566062;	N(0) = 1.72489,	N(1) = 1.32099,	N(2) = 0.213478,	N(3) = 1.32099,	
	N(4) = 1.32099,	N(5) = 0.105651,	N(6) = 0.0323985,	N(7) = 0.105651,	N(8) = 0.213478,	
	N(9) = 0.0323985,	N(10) = 0.0120143,	N(11) = 0.0323985,	N(12) = 1.32099,	N(13) = 0.105651,	
	N(14) = 0.0323985,	N(15) = 0.105651;	Delta[s](0) = 0.023936,	Delta[s](1) = 0.0130811,	Delta[s](2) = 0.00962086,	
	Delta[s](3) = 0.0130811,	Delta[s](4) = 0.0130811,	Delta[s](5) = 0.00643742,	Delta[s](6) = 0.000493246,	Delta[s](7) = 0.00643742,	
	Delta[s](8) = 0.00962086,	Delta[s](9) = 0.000493246,	Delta[s](10) = 0.000267898,	Delta[s](11) = 0.000493246,	Delta[s](12) = 0.0130811,	
	Delta[s](13) = 0.00643742,	Delta[s](14) = 0.000493246,	Delta[s](15) = 0.00643742;	Delta[d](0) = 0.205785,	Delta[d](1) = 0.0604279,	
	Delta[d](2) = 0.0837321,	Delta[d](3) = 0.0604279,	Delta[d](4) = 0.0604279,	Delta[d](5) = 0.0549266,	Delta[d](6) = 0.0245406,	
	Delta[d](7) = 0.0549266,	Delta[d](8) = 0.0837321,	Delta[d](9) = 0.0245406,	Delta[d](10) = 0.00908283,	Delta[d](11) = 0.0245406,	
	Delta[d](12) = 0.0604279,	Delta[d](13) = 0.0549266,	Delta[d](14) = 0.0245406,	Delta[d](15) = 0.0549266;	Delta[s+](0) = 0.356675,	
	Delta[s+](1) = 0.1965,	Delta[s+](2) = 0.0837321,	Delta[s+](3) = 0.1965,	Delta[s+](4) = 0.1965,	Delta[s+](5) = 0.0624624,	
	Delta[s+](6) = 0.00247542,	Delta[s+](7) = 0.0624624,	Delta[s+](8) = 0.0837321,	Delta[s+](9) = 0.00247542,	Delta[s+](10) = 0.00034289,	
	Delta[s+](11) = 0.00247542,	Delta[s+](12) = 0.1965,	Delta[s+](13) = 0.0624624,	Delta[s+](14) = 0.00247542,	Delta[s+](15) = 0.0624624
	
The 0-th iteration is completed.	|| time cost : 0h 0m 4.905s
********************************************************************************************************************
Start the 1 rounds of NGS-ED iteration
	effective electronic model is modified as: kinetic energy t = 0.99301, t' = -0.2984
	                                           effective interaction Vq = [        -1.8,  -0.0763739,           0,  -0.0763739,  -0.0763739,-2.23651e-30,  -0.0424294,-2.23651e-30,           0,  -0.0424294,   -0.236234,  -0.0424294,  -0.0763739,-2.23651e-30,  -0.0424294,-2.01286e-29]
	PARPACK diagonalization completed after 45 matrix-vector product operations.
	iteration results: : total energy is -21.906463 | electron energy -21.921814 + phonon energy 0.015350 | electron momentum kIdx = 0
The 1-th iteration is completed.	|| time cost : 0h 0m 3s
********************************************************************************************************************
Start the 2 rounds of NGS-ED iteration
	effective electronic model is modified as: kinetic energy t = 0.992481, t' = -0.298403
	                                           effective interaction Vq = [        -1.8,  -0.0763288,           0,  -0.0763288,  -0.0763288,-2.21574e-30,   -0.042283,-2.21574e-30,           0,   -0.042283,   -0.265383,   -0.042283,  -0.0763288,-2.21574e-30,   -0.042283,-1.99417e-29]
	PARPACK diagonalization completed after 45 matrix-vector product operations.
	iteration results: : total energy is -21.906856 | electron energy -21.926810 + phonon energy 0.019954 | electron momentum kIdx = 0
The 2-th iteration is completed.	|| time cost : 0h 0m 1.312s
********************************************************************************************************************
Start the 3 rounds of NGS-ED iteration
	effective electronic model is modified as: kinetic energy t = 0.99239, t' = -0.298408
	                                           effective interaction Vq = [        -1.8,  -0.0762107,           0,  -0.0762107,  -0.0762107,-2.21446e-30,   -0.042247,-2.21446e-30,           0,   -0.042247,   -0.270723,   -0.042247,  -0.0762107,-2.21446e-30,   -0.042247,-1.99301e-29]
	PARPACK diagonalization completed after 30 matrix-vector product operations.
	iteration results: : total energy is -21.906868 | electron energy -21.927716 + phonon energy 0.020848 | electron momentum kIdx = 0
The 3-th iteration is completed.	|| time cost : 0h 0m 1.265s
********************************************************************************************************************
Start the 4 rounds of NGS-ED iteration
	effective electronic model is modified as: kinetic energy t = 0.992372, t' = -0.298409
	                                           effective interaction Vq = [        -1.8,  -0.0761874,           0,  -0.0761874,  -0.0761874,-2.21423e-30,  -0.0422405,-2.21423e-30,           0,  -0.0422405,    -0.27174,  -0.0422405,  -0.0761874,-2.21423e-30,  -0.0422405, -1.9928e-29]
	PARPACK diagonalization completed after 30 matrix-vector product operations.
	iteration results: : total energy is -21.906869 | electron energy -21.927889 + phonon energy 0.021021 | electron momentum kIdx = 0
The 4-th iteration is completed.	|| time cost : 0h 0m 1.244s
********************************************************************************************************************
Start the 5 rounds of NGS-ED iteration
	effective electronic model is modified as: kinetic energy t = 0.992369, t' = -0.298409
	                                           effective interaction Vq = [        -1.8,   -0.076183,           0,   -0.076183,   -0.076183,-2.21418e-30,  -0.0422392,-2.21418e-30,           0,  -0.0422392,   -0.271936,  -0.0422392,   -0.076183,-2.21418e-30,  -0.0422392,-1.99276e-29]
	PARPACK diagonalization completed after 30 matrix-vector product operations.
	iteration results: : total energy is -21.906869 | electron energy -21.927922 + phonon energy 0.021054 | electron momentum kIdx = 0
The 5-th iteration is completed.	|| time cost : 0h 0m 1.252s
********************************************************************************************************************
Start the 6 rounds of NGS-ED iteration
	effective electronic model is modified as: kinetic energy t = 0.992368, t' = -0.298409
	                                           effective interaction Vq = [        -1.8,  -0.0761821,           0,  -0.0761821,  -0.0761821,-2.21417e-30,   -0.042239,-2.21417e-30,           0,   -0.042239,   -0.271973,   -0.042239,  -0.0761821,-2.21417e-30,   -0.042239,-1.99276e-29]
	PARPACK diagonalization completed after 30 matrix-vector product operations.
	iteration results: : total energy is -21.906869 | electron energy -21.927929 + phonon energy 0.021060 | electron momentum kIdx = 0
The 6-th iteration is completed.	|| time cost : 0h 0m 1.257s
********************************************************************************************************************
Start the 7 rounds of NGS-ED iteration
	effective electronic model is modified as: kinetic energy t = 0.992368, t' = -0.298409
	                                           effective interaction Vq = [        -1.8,  -0.0761819,           0,  -0.0761819,  -0.0761819,-2.21417e-30,   -0.042239,-2.21417e-30,           0,   -0.042239,    -0.27198,   -0.042239,  -0.0761819,-2.21417e-30,   -0.042239,-1.99275e-29]
	PARPACK diagonalization completed after 30 matrix-vector product operations.
	iteration results: : total energy is -21.906869 | electron energy -21.927930 + phonon energy 0.021061 | electron momentum kIdx = 0
The 7-th iteration is completed.	|| time cost : 0h 0m 1.247s
********************************************************************************************************************
Start the 8 rounds of NGS-ED iteration
	effective electronic model is modified as: kinetic energy t = 0.992368, t' = -0.298409
	                                           effective interaction Vq = [        -1.8,  -0.0761819,           0,  -0.0761819,  -0.0761819,-2.21417e-30,  -0.0422389,-2.21417e-30,           0,  -0.0422389,   -0.271982,  -0.0422389,  -0.0761819,-2.21417e-30,  -0.0422389,-1.99275e-29]
	PARPACK diagonalization completed after 30 matrix-vector product operations.
	iteration results: : total energy is -21.906869 | electron energy -21.927930 + phonon energy 0.021062 | electron momentum kIdx = 0
The 8-th iteration is completed.	|| time cost : 0h 0m 1.224s
********************************************************************************************************************
Start the 9 rounds of NGS-ED iteration
	effective electronic model is modified as: kinetic energy t = 0.992368, t' = -0.298409
	                                           effective interaction Vq = [        -1.8,  -0.0761819,           0,  -0.0761819,  -0.0761819,-2.21417e-30,  -0.0422389,-2.21417e-30,           0,  -0.0422389,   -0.271982,  -0.0422389,  -0.0761819,-2.21417e-30,  -0.0422389,-1.99275e-29]
	PARPACK diagonalization completed after 30 matrix-vector product operations.
	iteration results: : total energy is -21.906869 | electron energy -21.927930 + phonon energy 0.021062 | electron momentum kIdx = 0
The 9-th iteration is completed.	|| time cost : 0h 0m 1.242s
********************************************************************************************************************
Start the 10 rounds of NGS-ED iteration
	effective electronic model is modified as: kinetic energy t = 0.992368, t' = -0.298409
	                                           effective interaction Vq = [        -1.8,  -0.0761819,           0,  -0.0761819,  -0.0761819,-2.21417e-30,  -0.0422389,-2.21417e-30,           0,  -0.0422389,   -0.271982,  -0.0422389,  -0.0761819,-2.21417e-30,  -0.0422389,-1.99275e-29]
	PARPACK diagonalization completed after 30 matrix-vector product operations.
	iteration results: : total energy is -21.906869 | electron energy -21.927930 + phonon energy 0.021062 | electron momentum kIdx = 0
	Nq(0) = 4,	Nq(1) = 0.196646,	Nq(2) = 0.251042,	Nq(3) = 0.196646,	Nq(4) = 0.196646,	Nq(5) = 0.263875,	
	Nq(6) = 0.351861,	Nq(7) = 0.263875,	Nq(8) = 0.251042,	Nq(9) = 0.351861,	Nq(10) = 0.494483,	
	Nq(11) = 0.351861,	Nq(12) = 0.196646,	Nq(13) = 0.263875,	Nq(14) = 0.351861,	Nq(15) = 0.263875;	
	Sq(0) = -2.42511e-19,	Sq(1) = 0.483884,	Sq(2) = 0.337102,	Sq(3) = 0.483884,	Sq(4) = 0.483884,	
	Sq(5) = 0.566784,	Sq(6) = 0.592283,	Sq(7) = 0.566784,	Sq(8) = 0.337102,	Sq(9) = 0.592283,	
	Sq(10) = 0.507897,	Sq(11) = 0.592283,	Sq(12) = 0.483884,	Sq(13) = 0.566784,	Sq(14) = 0.592283,	
	Sq(15) = 0.566784;	N(0) = 1.72136,	N(1) = 1.31905,	N(2) = 0.217386,	N(3) = 1.31905,	
	N(4) = 1.31905,	N(5) = 0.107286,	N(6) = 0.0318197,	N(7) = 0.107286,	N(8) = 0.217386,	
	N(9) = 0.0318197,	N(10) = 0.0112329,	N(11) = 0.0318197,	N(12) = 1.31905,	N(13) = 0.107286,	
	N(14) = 0.0318197,	N(15) = 0.107286;	Delta[s](0) = 0.0238262,	Delta[s](1) = 0.0129808,	Delta[s](2) = 0.00965055,	
	Delta[s](3) = 0.0129808,	Delta[s](4) = 0.0129808,	Delta[s](5) = 0.00640196,	Delta[s](6) = 0.000519951,	Delta[s](7) = 0.00640196,	
	Delta[s](8) = 0.00965055,	Delta[s](9) = 0.000519951,	Delta[s](10) = 0.000311081,	Delta[s](11) = 0.000519951,	Delta[s](12) = 0.0129808,	
	Delta[s](13) = 0.00640196,	Delta[s](14) = 0.000519951,	Delta[s](15) = 0.00640196;	Delta[d](0) = 0.20483,	Delta[d](1) = 0.0600224,	
	Delta[d](2) = 0.0833312,	Delta[d](3) = 0.0600224,	Delta[d](4) = 0.0600224,	Delta[d](5) = 0.0544192,	Delta[d](6) = 0.0244129,	
	Delta[d](7) = 0.0544192,	Delta[d](8) = 0.0833312,	Delta[d](9) = 0.0244129,	Delta[d](10) = 0.00878409,	Delta[d](11) = 0.0244129,	
	Delta[d](12) = 0.0600224,	Delta[d](13) = 0.0544192,	Delta[d](14) = 0.0244129,	Delta[d](15) = 0.0544192;	Delta[s+](0) = 0.353826,	
	Delta[s+](1) = 0.19468,	Delta[s+](2) = 0.0833312,	Delta[s+](3) = 0.19468,	Delta[s+](4) = 0.19468,	Delta[s+](5) = 0.0617875,	
	Delta[s+](6) = 0.00245318,	Delta[s+](7) = 0.0617875,	Delta[s+](8) = 0.0833312,	Delta[s+](9) = 0.00245318,	Delta[s+](10) = 0.000337065,	
	Delta[s+](11) = 0.00245318,	Delta[s+](12) = 0.19468,	Delta[s+](13) = 0.0617875,	Delta[s+](14) = 0.00245318,	Delta[s+](15) = 0.0617875
	
The 10-th iteration is completed.	|| time cost : 0h 0m 3.438s
********************************************************************************************************************
********************************************************************************************************************
Ground state is obtained after 11 iterations. The current ground-state energy is -21.9069, in which electron energy is -21.9279 and phonon energy is 0.0210616
Final variational state is: 
	Gamma_x = [      1,1.07398,      1,1.07398,1.07398,      1, 1.0751,      1,      1, 1.0751,1.83486, 1.0751,1.07398,      1, 1.0751,      1]
	lambda_q = [          3,   0.132853,          0,   0.132853,   0.132853,-5.4252e-16, -0.0721326, 5.4252e-16,          0, -0.0721326,  -0.235929, -0.0721326,   0.132853, 5.4252e-16, -0.0721326,1.62756e-15]
Effective e-e interactions mediated by phonons are:
	momentum-space Vq = [        -1.8,  -0.0761819,           0,  -0.0761819,  -0.0761819,-2.21417e-30,  -0.0422389,-2.21417e-30,           0,  -0.0422389,   -0.271982,  -0.0422389,  -0.0761819,-2.21417e-30,  -0.0422389,-1.99275e-29]
	real-space Vr = [ -0.159104, -0.099744, -0.129499, -0.099744, -0.099744, -0.129499,-0.0912583, -0.129499, -0.129499,-0.0912583,-0.0998937,-0.0912583, -0.099744, -0.129499,-0.0912583, -0.129499]
********************************************************************************************************************
o___o  ----------------------------------------
| L |	Time since last clock: 0h 0m 0.009s
A===A	Time since the beginning: 0h 0m 21.4s
***********************************************


Non-Gaussina ED ground state calculation is completed. The final ground-state energy is -21.9069
********************************************************************************************************************
o___o  ----------------------------------------
| L |	Time since last clock: 0h 0m 0.002s
A===A	Time since the beginning: 0h 0m 21.403s
***********************************************



********************************************************************************************************************
All non-Gaussian ED ground state calculations have been completed. Exit now.
