SNEDics v3.22.2 Non-Gaussian ED ground state program		Start at Tue May 31 01:02:55 2022

Parallelization: 32 MPI threads  * 8 OpenMP threads = 256 total threads.
********************************************************************************************************************
********************************************************************************************************************

********************************************************************************************************************
System parameters and configurations
	special program options are enabled: splitted diagonal Hamiltonian | splitted Hamiltonian terms
********************************************************************************************************************
Read input file "model_params.in"
	Hubbard-Holstein model parameters : 	t = 1    t' = -0.3    U = 8    g = 0.5    W = 0.2    g' = 0.1    
********************************************************************************************************************
Read input file "hilbertspace_params.in"
	Requested 16-site 2D lattice, with 12 electrons (6, 6)
	Boundary : Periodic		Hilbert space representation : momentum-space (restricted to kIdx = 10)
	Conservation: particle number[U(1)]      spin[U(1)]     momentum
********************************************************************************************************************

Cluster Positions:				Cluster symmetry group : D4
 x ... x ... x ... x .....                       x ... x ... x ... x .....
 |           |           :                       |           |           :
 |           |           :                       |           |           :
12    13    14    15     x                       1     5     6     5     x
 |           |           :                       |           |           :
 |           |           :                       |           |           :
 8 --- 9 ---10 ---11 --- x                       2 --- 6 ---10 --- 6 --- x
 |           |           :                       |           |           :
 |           |           :                       |           |           :
 4     5     6     7     x                       1     5     6     5     x
 |           |           :                       |           |           :
 |           |           :                       |           |           :
 0 --- 1 --- 2 --- 3 --- x                       0 --- 1 --- 2 --- 1 --- x
orbital number : 1
********************************************************************************************************************
Read input file "obs_params.in"
	Observable Type : Nq(All),   Sq(All),   N(All-Orbital),   Delta[s](All),   Delta[d](All),   Delta[s+](All)
** WARNING ** the input observables have non-local factors which have been reinterpreted. The total observable number is 96
********************************************************************************************************************


********************************************************************************************************************
Start calculating the non-Gaussian ED ground state
Maximal iteration number is 1000; energy resolution is 1e-06. Phonon state relaxation time is 2000
W = 0.2 is relatively large. The non-Gaussian ED calculation starts directly.
open output files: NGSED_iteration_observables.txt
********************************************************************************************************************
Start the 0 rounds of NGS-ED iteration
	effective electronic model is modified as: kinetic energy t = 1, t' = -0.3
	                                           effective interaction Vq = [0,0,0,0,0,0,0,0,0,0,0,0,0,0,0,0]
	first Hamiltonian is constructed, size = 4008592 and non-zero numbers = 969952276
	PARPACK diagonalization completed after 120 matrix-vector product operations.
	iteration results: : total energy is -14.904199 | electron energy -14.904199 + phonon energy 0.000000 | electron momentum kIdx = 10
	Nq(0) = 9,	Nq(1) = 0.183693,	Nq(2) = 0.250775,	Nq(3) = 0.183693,	Nq(4) = 0.183693,	Nq(5) = 0.258947,	
	Nq(6) = 0.308855,	Nq(7) = 0.258947,	Nq(8) = 0.250775,	Nq(9) = 0.308855,	Nq(10) = 0.355902,	
	Nq(11) = 0.308855,	Nq(12) = 0.183693,	Nq(13) = 0.258947,	Nq(14) = 0.308855,	Nq(15) = 0.258947;	
	Sq(0) = 3.45099e-18,	Sq(1) = 0.504384,	Sq(2) = 0.469115,	Sq(3) = 0.504384,	Sq(4) = 0.504384,	
	Sq(5) = 0.735911,	Sq(6) = 0.943053,	Sq(7) = 0.735911,	Sq(8) = 0.469115,	Sq(9) = 0.943053,	
	Sq(10) = 1.46495,	Sq(11) = 0.943053,	Sq(12) = 0.504384,	Sq(13) = 0.735911,	Sq(14) = 0.943053,	
	Sq(15) = 0.735911;	N(0) = 1.70338,	N(1) = 1.58882,	N(2) = 1.04187,	N(3) = 1.58882,	
	N(4) = 1.58882,	N(5) = 0.289608,	N(6) = 0.157281,	N(7) = 0.289608,	N(8) = 1.04187,	
	N(9) = 0.157281,	N(10) = 0.0700575,	N(11) = 0.157281,	N(12) = 1.58882,	N(13) = 0.289608,	
	N(14) = 0.157281,	N(15) = 0.289608;	Delta[s](0) = 0.0593937,	Delta[s](1) = 0.0410277,	Delta[s](2) = 0.0322176,	
	Delta[s](3) = 0.0410277,	Delta[s](4) = 0.0410277,	Delta[s](5) = 0.0226038,	Delta[s](6) = 0.0127221,	Delta[s](7) = 0.0226038,	
	Delta[s](8) = 0.0322176,	Delta[s](9) = 0.0127221,	Delta[s](10) = 0.00247393,	Delta[s](11) = 0.0127221,	Delta[s](12) = 0.0410277,	
	Delta[s](13) = 0.0226038,	Delta[s](14) = 0.0127221,	Delta[s](15) = 0.0226038;	Delta[d](0) = 0.27241,	Delta[d](1) = 0.219372,	
	Delta[d](2) = 0.261061,	Delta[d](3) = 0.219372,	Delta[d](4) = 0.219372,	Delta[d](5) = 0.14864,	Delta[d](6) = 0.197449,	
	Delta[d](7) = 0.14864,	Delta[d](8) = 0.261061,	Delta[d](9) = 0.197449,	Delta[d](10) = 0.325999,	Delta[d](11) = 0.197449,	
	Delta[d](12) = 0.219372,	Delta[d](13) = 0.14864,	Delta[d](14) = 0.197449,	Delta[d](15) = 0.14864;	Delta[s+](0) = 0.497523,	
	Delta[s+](1) = 0.347568,	Delta[s+](2) = 0.261061,	Delta[s+](3) = 0.347568,	Delta[s+](4) = 0.347568,	Delta[s+](5) = 0.158248,	
	Delta[s+](6) = 0.0722447,	Delta[s+](7) = 0.158248,	Delta[s+](8) = 0.261061,	Delta[s+](9) = 0.0722447,	Delta[s+](10) = 0.0240224,	
	Delta[s+](11) = 0.0722447,	Delta[s+](12) = 0.347568,	Delta[s+](13) = 0.158248,	Delta[s+](14) = 0.0722447,	Delta[s+](15) = 0.158248
	
The 0-th iteration is completed.	|| time cost : 0h 2m 1.661s
********************************************************************************************************************
Start the 1 rounds of NGS-ED iteration
	effective electronic model is modified as: kinetic energy t = 0.986692, t' = -0.293525
	                                           effective interaction Vq = [      -4.05,  -0.382325,  -0.116332,  -0.382325,  -0.382325,  -0.123602, -0.0327382,  -0.123602,  -0.116332, -0.0327382,-0.00307648, -0.0327382,  -0.382325,  -0.123602, -0.0327382,  -0.123602]
	PARPACK diagonalization completed after 45 matrix-vector product operations.
	iteration results: : total energy is -51.591689 | electron energy -51.621037 + phonon energy 0.029347 | electron momentum kIdx = 10
The 1-th iteration is completed.	|| time cost : 0h 1m 18.26s
********************************************************************************************************************
Start the 2 rounds of NGS-ED iteration
	effective electronic model is modified as: kinetic energy t = 0.98601, t' = -0.293115
	                                           effective interaction Vq = [      -4.05,  -0.406176,  -0.115548,  -0.406176,  -0.406176,  -0.124007, -0.0324058,  -0.124007,  -0.115548, -0.0324058,-0.00304137, -0.0324058,  -0.406176,  -0.124007, -0.0324058,  -0.124007]
	PARPACK diagonalization completed after 45 matrix-vector product operations.
	iteration results: : total energy is -51.592047 | electron energy -51.626085 + phonon energy 0.034038 | electron momentum kIdx = 10
The 2-th iteration is completed.	|| time cost : 0h 0m 11.473s
********************************************************************************************************************
Start the 3 rounds of NGS-ED iteration
	effective electronic model is modified as: kinetic energy t = 0.985959, t' = -0.293083
	                                           effective interaction Vq = [      -4.05,  -0.408112,  -0.115425,  -0.408112,  -0.408112,  -0.123948, -0.0323886,  -0.123948,  -0.115425, -0.0323886,-0.00304012, -0.0323886,  -0.408112,  -0.123948, -0.0323886,  -0.123948]
	PARPACK diagonalization completed after 30 matrix-vector product operations.
	iteration results: : total energy is -51.592049 | electron energy -51.626458 + phonon energy 0.034409 | electron momentum kIdx = 10
The 3-th iteration is completed.	|| time cost : 0h 0m 9.528s
********************************************************************************************************************
Start the 4 rounds of NGS-ED iteration
	effective electronic model is modified as: kinetic energy t = 0.985955, t' = -0.293081
	                                           effective interaction Vq = [      -4.05,  -0.408272,  -0.115415,  -0.408272,  -0.408272,  -0.123942, -0.0323874,  -0.123942,  -0.115415, -0.0323874,-0.00304002, -0.0323874,  -0.408272,  -0.123942, -0.0323874,  -0.123942]
	PARPACK diagonalization completed after 30 matrix-vector product operations.
	iteration results: : total energy is -51.592049 | electron energy -51.626489 + phonon energy 0.034439 | electron momentum kIdx = 10
The 4-th iteration is completed.	|| time cost : 0h 0m 9.519s
********************************************************************************************************************
Start the 5 rounds of NGS-ED iteration
	effective electronic model is modified as: kinetic energy t = 0.985954, t' = -0.293081
	                                           effective interaction Vq = [      -4.05,  -0.408286,  -0.115414,  -0.408286,  -0.408286,  -0.123942, -0.0323873,  -0.123942,  -0.115414, -0.0323873,-0.00304002, -0.0323873,  -0.408286,  -0.123942, -0.0323873,  -0.123942]
	PARPACK diagonalization completed after 30 matrix-vector product operations.
	iteration results: : total energy is -51.592049 | electron energy -51.626491 + phonon energy 0.034442 | electron momentum kIdx = 10
The 5-th iteration is completed.	|| time cost : 0h 0m 9.529s
********************************************************************************************************************
Start the 6 rounds of NGS-ED iteration
	effective electronic model is modified as: kinetic energy t = 0.985954, t' = -0.293081
	                                           effective interaction Vq = [      -4.05,  -0.408287,  -0.115414,  -0.408287,  -0.408287,  -0.123942, -0.0323872,  -0.123942,  -0.115414, -0.0323872,-0.00304002, -0.0323872,  -0.408287,  -0.123942, -0.0323872,  -0.123942]
	PARPACK diagonalization completed after 30 matrix-vector product operations.
	iteration results: : total energy is -51.592049 | electron energy -51.626491 + phonon energy 0.034442 | electron momentum kIdx = 10
The 6-th iteration is completed.	|| time cost : 0h 0m 9.537s
********************************************************************************************************************
Start the 7 rounds of NGS-ED iteration
	effective electronic model is modified as: kinetic energy t = 0.985954, t' = -0.293081
	                                           effective interaction Vq = [      -4.05,  -0.408287,  -0.115414,  -0.408287,  -0.408287,  -0.123942, -0.0323872,  -0.123942,  -0.115414, -0.0323872,-0.00304002, -0.0323872,  -0.408287,  -0.123942, -0.0323872,  -0.123942]
	PARPACK diagonalization completed after 30 matrix-vector product operations.
	iteration results: : total energy is -51.592049 | electron energy -51.626491 + phonon energy 0.034442 | electron momentum kIdx = 10
	Nq(0) = 9,	Nq(1) = 0.191955,	Nq(2) = 0.250135,	Nq(3) = 0.191955,	Nq(4) = 0.191955,	Nq(5) = 0.260856,	
	Nq(6) = 0.307538,	Nq(7) = 0.260856,	Nq(8) = 0.250135,	Nq(9) = 0.307538,	Nq(10) = 0.354111,	
	Nq(11) = 0.307538,	Nq(12) = 0.191955,	Nq(13) = 0.260856,	Nq(14) = 0.307538,	Nq(15) = 0.260856;	
	Sq(0) = 1.75361e-18,	Sq(1) = 0.502372,	Sq(2) = 0.46589,	Sq(3) = 0.502372,	Sq(4) = 0.502372,	
	Sq(5) = 0.729936,	Sq(6) = 0.939989,	Sq(7) = 0.729936,	Sq(8) = 0.46589,	Sq(9) = 0.939989,	
	Sq(10) = 1.48325,	Sq(11) = 0.939989,	Sq(12) = 0.502372,	Sq(13) = 0.729936,	Sq(14) = 0.939989,	
	Sq(15) = 0.729936;	N(0) = 1.71122,	N(1) = 1.60238,	N(2) = 1.03698,	N(3) = 1.60238,	
	N(4) = 1.60238,	N(5) = 0.277903,	N(6) = 0.155378,	N(7) = 0.277903,	N(8) = 1.03698,	
	N(9) = 0.155378,	N(10) = 0.0721763,	N(11) = 0.155378,	N(12) = 1.60238,	N(13) = 0.277903,	
	N(14) = 0.155378,	N(15) = 0.277903;	Delta[s](0) = 0.0614797,	Delta[s](1) = 0.0425141,	Delta[s](2) = 0.0335272,	
	Delta[s](3) = 0.0425141,	Delta[s](4) = 0.0425141,	Delta[s](5) = 0.0235663,	Delta[s](6) = 0.0131394,	Delta[s](7) = 0.0235663,	
	Delta[s](8) = 0.0335272,	Delta[s](9) = 0.0131394,	Delta[s](10) = 0.00247636,	Delta[s](11) = 0.0131394,	Delta[s](12) = 0.0425141,	
	Delta[s](13) = 0.0235663,	Delta[s](14) = 0.0131394,	Delta[s](15) = 0.0235663;	Delta[d](0) = 0.273257,	Delta[d](1) = 0.221018,	
	Delta[d](2) = 0.263004,	Delta[d](3) = 0.221018,	Delta[d](4) = 0.221018,	Delta[d](5) = 0.14845,	Delta[d](6) = 0.196707,	
	Delta[d](7) = 0.14845,	Delta[d](8) = 0.263004,	Delta[d](9) = 0.196707,	Delta[d](10) = 0.32996,	Delta[d](11) = 0.196707,	
	Delta[d](12) = 0.221018,	Delta[d](13) = 0.14845,	Delta[d](14) = 0.196707,	Delta[d](15) = 0.14845;	Delta[s+](0) = 0.503725,	
	Delta[s+](1) = 0.351253,	Delta[s+](2) = 0.263004,	Delta[s+](3) = 0.351253,	Delta[s+](4) = 0.351253,	Delta[s+](5) = 0.159119,	
	Delta[s+](6) = 0.0718797,	Delta[s+](7) = 0.159119,	Delta[s+](8) = 0.263004,	Delta[s+](9) = 0.0718797,	Delta[s+](10) = 0.0240417,	
	Delta[s+](11) = 0.0718797,	Delta[s+](12) = 0.351253,	Delta[s+](13) = 0.159119,	Delta[s+](14) = 0.0718797,	Delta[s+](15) = 0.159119
	
The 7-th iteration is completed.	|| time cost : 0h 1m 19.458s
********************************************************************************************************************
********************************************************************************************************************
Ground state is obtained after 8 iterations. The current ground-state energy is -51.592, in which electron energy is -51.6265 and phonon energy is 0.0344421
Final variational state is: 
	Gamma_x = [      1,1.44167,1.15072,1.44167,1.44167,1.16975,1.05007,1.16975,1.15072,1.05007,1.00531,1.05007,1.44167,1.16975,1.05007,1.16975]
	lambda_q = [      4.5, 0.304915, 0.118209, 0.304915, 0.304915, 0.127177,0.0549866, 0.127177, 0.118209,0.0549866,0.0154384,0.0549866, 0.304915, 0.127177,0.0549866, 0.127177]
Effective e-e interactions mediated by phonons are:
	momentum-space Vq = [      -4.05,  -0.408287,  -0.115414,  -0.408287,  -0.408287,  -0.123942, -0.0323872,  -0.123942,  -0.115414, -0.0323872,-0.00304002, -0.0323872,  -0.408287,  -0.123942, -0.0323872,  -0.123942]
	real-space Vr = [-0.408896,-0.299922,-0.236756,-0.299922,-0.299922,-0.238888,-0.205948,-0.238888,-0.236756,-0.205948,-0.188559,-0.205948,-0.299922,-0.238888,-0.205948,-0.238888]
********************************************************************************************************************
o___o  ----------------------------------------
| L |	Time since last clock: 0h 0m 0.007s
A===A	Time since the beginning: 0h 5m 28.977s
***********************************************


Non-Gaussina ED ground state calculation is completed. The final ground-state energy is -51.592
********************************************************************************************************************
o___o  ----------------------------------------
| L |	Time since last clock: 0h 0m 0.002s
A===A	Time since the beginning: 0h 5m 28.98s
***********************************************



********************************************************************************************************************
All non-Gaussian ED ground state calculations have been completed. Exit now.
