SNEDics v3.22.2 Non-Gaussian ED ground state program		Start at Wed Jun 15 00:05:57 2022

Parallelization: 32 MPI threads  * 8 OpenMP threads = 256 total threads.
********************************************************************************************************************
********************************************************************************************************************

********************************************************************************************************************
System parameters and configurations
	special program options are enabled: splitted diagonal Hamiltonian | splitted Hamiltonian terms
********************************************************************************************************************
Read input file "model_params.in"
	Hubbard-Holstein model parameters : 	t = 1    t' = -0.3    U = 8    g = 0.75    W = 0.2    g' = 0.6    
********************************************************************************************************************
Read input file "hilbertspace_params.in"
	Requested 16-site 2D lattice, with 8 electrons (4, 4)
	Boundary : Periodic		Hilbert space representation : momentum-space (restricted to kIdx = 2)
	Conservation: particle number[U(1)]      spin[U(1)]     momentum
********************************************************************************************************************

Cluster Positions:				Cluster symmetry group : D4
 x ... x ... x ... x .....                       x ... x ... x ... x .....
 |           |           :                       |           |           :
 |           |           :                       |           |           :
12    13    14    15     x                       1     5     6     5     x
 |           |           :                       |           |           :
 |           |           :                       |           |           :
 8 --- 9 ---10 ---11 --- x                       2 --- 6 ---10 --- 6 --- x
 |           |           :                       |           |           :
 |           |           :                       |           |           :
 4     5     6     7     x                       1     5     6     5     x
 |           |           :                       |           |           :
 |           |           :                       |           |           :
 0 --- 1 --- 2 --- 3 --- x                       0 --- 1 --- 2 --- 1 --- x
orbital number : 1
********************************************************************************************************************
Read input file "obs_params.in"
	Observable Type : Nq(All),   Sq(All),   N(All-Orbital),   Delta[s](All),   Delta[d](All),   Delta[s+](All)
** WARNING ** the input observables have non-local factors which have been reinterpreted. The total observable number is 96
********************************************************************************************************************


********************************************************************************************************************
Start calculating the non-Gaussian ED ground state
Maximal iteration number is 1000; energy resolution is 1e-06. Phonon state relaxation time is 2000
W = 0.2 is relatively large. The non-Gaussian ED calculation starts directly.
open output files: NGSED_iteration_observables.txt
********************************************************************************************************************
Start the 0 rounds of NGS-ED iteration
	effective electronic model is modified as: kinetic energy t = 1, t' = -0.3
	                                           effective interaction Vq = [0,0,0,0,0,0,0,0,0,0,0,0,0,0,0,0]
	first Hamiltonian is constructed, size = 207168 and non-zero numbers = 32240272
	PARPACK diagonalization completed after 105 matrix-vector product operations.
	iteration results: : total energy is -14.589859 | electron energy -14.589859 + phonon energy 0.000000 | electron momentum kIdx = 2
	Nq(0) = 4,	Nq(1) = 0.210989,	Nq(2) = 0.27716,	Nq(3) = 0.210989,	Nq(4) = 0.183815,	Nq(5) = 0.269769,	
	Nq(6) = 0.352301,	Nq(7) = 0.269769,	Nq(8) = 0.21969,	Nq(9) = 0.36765,	Nq(10) = 0.448498,	
	Nq(11) = 0.36765,	Nq(12) = 0.183815,	Nq(13) = 0.269769,	Nq(14) = 0.352301,	Nq(15) = 0.269769;	
	Sq(0) = -1.31941e-18,	Sq(1) = 0.578692,	Sq(2) = 0.918331,	Sq(3) = 0.578692,	Sq(4) = 0.332581,	
	Sq(5) = 0.45046,	Sq(6) = 0.571755,	Sq(7) = 0.45046,	Sq(8) = 0.294095,	Sq(9) = 0.623631,	
	Sq(10) = 0.51848,	Sq(11) = 0.623631,	Sq(12) = 0.332581,	Sq(13) = 0.45046,	Sq(14) = 0.571755,	
	Sq(15) = 0.45046;	N(0) = 1.69474,	N(1) = 0.981264,	N(2) = 0.249236,	N(3) = 0.981264,	
	N(4) = 1.71528,	N(5) = 0.0941986,	N(6) = 0.0463095,	N(7) = 0.0941986,	N(8) = 0.121871,	
	N(9) = 0.029174,	N(10) = 0.0133117,	N(11) = 0.029174,	N(12) = 1.71528,	N(13) = 0.0941986,	
	N(14) = 0.0463095,	N(15) = 0.0941986;	Delta[s](0) = 0.00898549,	Delta[s](1) = 0.00797832,	Delta[s](2) = 0.00727939,	
	Delta[s](3) = 0.00797832,	Delta[s](4) = 0.00883472,	Delta[s](5) = 0.00786957,	Delta[s](6) = 0.00720759,	Delta[s](7) = 0.00786957,	
	Delta[s](8) = 0.00865619,	Delta[s](9) = 0.00771548,	Delta[s](10) = 0.00709671,	Delta[s](11) = 0.00771548,	Delta[s](12) = 0.00883472,	
	Delta[s](13) = 0.00786957,	Delta[s](14) = 0.00720759,	Delta[s](15) = 0.00786957;	Delta[d](0) = 0.0720038,	Delta[d](1) = 0.0391393,	
	Delta[d](2) = 0.0337427,	Delta[d](3) = 0.0391393,	Delta[d](4) = 0.0939662,	Delta[d](5) = 0.0532365,	Delta[d](6) = 0.0403873,	
	Delta[d](7) = 0.0532365,	Delta[d](8) = 0.110714,	Delta[d](9) = 0.0609055,	Delta[d](10) = 0.0404011,	Delta[d](11) = 0.0609055,	
	Delta[d](12) = 0.0939662,	Delta[d](13) = 0.0532365,	Delta[d](14) = 0.0403873,	Delta[d](15) = 0.0532365;	Delta[s+](0) = 0.177088,	
	Delta[s+](1) = 0.0886385,	Delta[s+](2) = 0.0337427,	Delta[s+](3) = 0.0886385,	Delta[s+](4) = 0.148516,	Delta[s+](5) = 0.0701426,	
	Delta[s+](6) = 0.0266079,	Delta[s+](7) = 0.0701426,	Delta[s+](8) = 0.110714,	Delta[s+](9) = 0.0470942,	Delta[s+](10) = 0.0177089,	
	Delta[s+](11) = 0.0470942,	Delta[s+](12) = 0.148516,	Delta[s+](13) = 0.0701426,	Delta[s+](14) = 0.0266079,	Delta[s+](15) = 0.0701426
	
The 0-th iteration is completed.	|| time cost : 0h 0m 5.521s
********************************************************************************************************************
Start the 1 rounds of NGS-ED iteration
	effective electronic model is modified as: kinetic energy (tx,ty)=(0.534648, 0.473551), t' = -0.112912
	                                           effective interaction Vq = [ -49.6125, -17.3943, -1.13108, -17.3943, -17.6727, -1.23767,-0.201147, -1.23767, -1.19623,-0.250867, -12.2555,-0.250867, -17.6727, -1.23767,-0.201147, -1.23767]
	PARPACK diagonalization completed after 45 matrix-vector product operations.
	iteration results: : total energy is -307.556796 | electron energy -311.873541 + phonon energy 4.316745 | electron momentum kIdx = 2
The 1-th iteration is completed.	|| time cost : 0h 0m 3.082s
********************************************************************************************************************
Start the 2 rounds of NGS-ED iteration
	effective electronic model is modified as: kinetic energy t = 1.07092e-12, t' = -3.56906e-15
	                                           effective interaction Vq = [-49.6125,-19.0125, -2.8125,-19.0125,-19.0125, -2.8125, -1.0125, -2.8125, -2.8125, -1.0125,-13.6125, -1.0125,-19.0125, -2.8125, -1.0125, -2.8125]
	PARPACK diagonalization completed after 30 matrix-vector product operations.
	iteration results: : total energy is -329.800000 | electron energy -329.800000 + phonon energy 0.000000 | electron momentum kIdx = 2
The 2-th iteration is completed.	|| time cost : 0h 0m 0.374s
********************************************************************************************************************
Start the 3 rounds of NGS-ED iteration
	effective electronic model is modified as: kinetic energy t = 1.06976e-12, t' = -3.5689e-15
	                                           effective interaction Vq = [-49.6125,-19.0125, -2.8125,-19.0125,-19.0125, -2.8125, -1.0125, -2.8125, -2.8125, -1.0125,-13.6125, -1.0125,-19.0125, -2.8125, -1.0125, -2.8125]
	PARPACK diagonalization completed after 30 matrix-vector product operations.
	iteration results: : total energy is -329.800000 | electron energy -329.800000 + phonon energy 0.000000 | electron momentum kIdx = 2
The 3-th iteration is completed.	|| time cost : 0h 0m 0.377s
********************************************************************************************************************
Start the 4 rounds of NGS-ED iteration
	effective electronic model is modified as: kinetic energy t = 1.07071e-12, t' = -3.56922e-15
	                                           effective interaction Vq = [-49.6125,-19.0125, -2.8125,-19.0125,-19.0125, -2.8125, -1.0125, -2.8125, -2.8125, -1.0125,-13.6125, -1.0125,-19.0125, -2.8125, -1.0125, -2.8125]
	PARPACK diagonalization completed after 30 matrix-vector product operations.
	iteration results: : total energy is -329.800000 | electron energy -329.800000 + phonon energy 0.000000 | electron momentum kIdx = 2
The 4-th iteration is completed.	|| time cost : 0h 0m 0.373s
********************************************************************************************************************
Start the 5 rounds of NGS-ED iteration
	effective electronic model is modified as: kinetic energy (tx,ty)=(1.07077e-12, 1.06968e-12), t' = -3.56566e-15
	                                           effective interaction Vq = [-49.6125,-19.0125, -2.8125,-19.0125,-19.0125, -2.8125, -1.0125, -2.8125, -2.8125, -1.0125,-13.6125, -1.0125,-19.0125, -2.8125, -1.0125, -2.8125]
	PARPACK diagonalization completed after 30 matrix-vector product operations.
	iteration results: : total energy is -329.800000 | electron energy -329.800000 + phonon energy 0.000000 | electron momentum kIdx = 2
The 5-th iteration is completed.	|| time cost : 0h 0m 0.38s
********************************************************************************************************************
Start the 6 rounds of NGS-ED iteration
	effective electronic model is modified as: kinetic energy t = 1.07303e-12, t' = -3.56869e-15
	                                           effective interaction Vq = [-49.6125,-19.0125, -2.8125,-19.0125,-19.0125, -2.8125, -1.0125, -2.8125, -2.8125, -1.0125,-13.6125, -1.0125,-19.0125, -2.8125, -1.0125, -2.8125]
	PARPACK diagonalization completed after 30 matrix-vector product operations.
	iteration results: : total energy is -329.800000 | electron energy -329.800000 + phonon energy 0.000000 | electron momentum kIdx = 2
The 6-th iteration is completed.	|| time cost : 0h 0m 0.375s
********************************************************************************************************************
Start the 7 rounds of NGS-ED iteration
	effective electronic model is modified as: kinetic energy t = 1.07126e-12, t' = -3.56843e-15
	                                           effective interaction Vq = [-49.6125,-19.0125, -2.8125,-19.0125,-19.0125, -2.8125, -1.0125, -2.8125, -2.8125, -1.0125,-13.6125, -1.0125,-19.0125, -2.8125, -1.0125, -2.8125]
	PARPACK diagonalization completed after 30 matrix-vector product operations.
	iteration results: : total energy is -329.800000 | electron energy -329.800000 + phonon energy 0.000000 | electron momentum kIdx = 2
The 7-th iteration is completed.	|| time cost : 0h 0m 0.375s
********************************************************************************************************************
Start the 8 rounds of NGS-ED iteration
	effective electronic model is modified as: kinetic energy t = 1.07081e-12, t' = -3.56956e-15
	                                           effective interaction Vq = [-49.6125,-19.0125, -2.8125,-19.0125,-19.0125, -2.8125, -1.0125, -2.8125, -2.8125, -1.0125,-13.6125, -1.0125,-19.0125, -2.8125, -1.0125, -2.8125]
	PARPACK diagonalization completed after 30 matrix-vector product operations.
	iteration results: : total energy is -329.800000 | electron energy -329.800000 + phonon energy 0.000000 | electron momentum kIdx = 2
The 8-th iteration is completed.	|| time cost : 0h 0m 0.381s
********************************************************************************************************************
Start the 9 rounds of NGS-ED iteration
	effective electronic model is modified as: kinetic energy (tx,ty)=(1.07207e-12, 1.07028e-12), t' = -3.56765e-15
	                                           effective interaction Vq = [-49.6125,-19.0125, -2.8125,-19.0125,-19.0125, -2.8125, -1.0125, -2.8125, -2.8125, -1.0125,-13.6125, -1.0125,-19.0125, -2.8125, -1.0125, -2.8125]
	PARPACK diagonalization completed after 30 matrix-vector product operations.
	iteration results: : total energy is -329.800000 | electron energy -329.800000 + phonon energy 0.000000 | electron momentum kIdx = 2
The 9-th iteration is completed.	|| time cost : 0h 0m 0.383s
********************************************************************************************************************
Start the 10 rounds of NGS-ED iteration
	effective electronic model is modified as: kinetic energy t = 1.07207e-12, t' = -3.56892e-15
	                                           effective interaction Vq = [-49.6125,-19.0125, -2.8125,-19.0125,-19.0125, -2.8125, -1.0125, -2.8125, -2.8125, -1.0125,-13.6125, -1.0125,-19.0125, -2.8125, -1.0125, -2.8125]
	PARPACK diagonalization completed after 30 matrix-vector product operations.
	iteration results: : total energy is -329.800000 | electron energy -329.800000 + phonon energy 0.000000 | electron momentum kIdx = 2
The 10-th iteration is completed.	|| time cost : 0h 0m 0.349s
********************************************************************************************************************
Start the 11 rounds of NGS-ED iteration
	effective electronic model is modified as: kinetic energy t = 1.07001e-12, t' = -3.56751e-15
	                                           effective interaction Vq = [-49.6125,-19.0125, -2.8125,-19.0125,-19.0125, -2.8125, -1.0125, -2.8125, -2.8125, -1.0125,-13.6125, -1.0125,-19.0125, -2.8125, -1.0125, -2.8125]
	PARPACK diagonalization completed after 30 matrix-vector product operations.
	iteration results: : total energy is -329.800000 | electron energy -329.800000 + phonon energy 0.000000 | electron momentum kIdx = 2
The 11-th iteration is completed.	|| time cost : 0h 0m 0.4s
********************************************************************************************************************
Start the 12 rounds of NGS-ED iteration
	effective electronic model is modified as: kinetic energy t = 1.07126e-12, t' = -3.56886e-15
	                                           effective interaction Vq = [-49.6125,-19.0125, -2.8125,-19.0125,-19.0125, -2.8125, -1.0125, -2.8125, -2.8125, -1.0125,-13.6125, -1.0125,-19.0125, -2.8125, -1.0125, -2.8125]
	PARPACK diagonalization completed after 30 matrix-vector product operations.
	iteration results: : total energy is -329.800000 | electron energy -329.800000 + phonon energy 0.000000 | electron momentum kIdx = 2
The 12-th iteration is completed.	|| time cost : 0h 0m 0.348s
********************************************************************************************************************
Start the 13 rounds of NGS-ED iteration
	effective electronic model is modified as: kinetic energy t = 1.07084e-12, t' = -3.56934e-15
	                                           effective interaction Vq = [-49.6125,-19.0125, -2.8125,-19.0125,-19.0125, -2.8125, -1.0125, -2.8125, -2.8125, -1.0125,-13.6125, -1.0125,-19.0125, -2.8125, -1.0125, -2.8125]
	PARPACK diagonalization completed after 30 matrix-vector product operations.
	iteration results: : total energy is -329.800000 | electron energy -329.800000 + phonon energy 0.000000 | electron momentum kIdx = 2
The 13-th iteration is completed.	|| time cost : 0h 0m 0.349s
********************************************************************************************************************
Start the 14 rounds of NGS-ED iteration
	effective electronic model is modified as: kinetic energy t = 1.0716e-12, t' = -3.56938e-15
	                                           effective interaction Vq = [-49.6125,-19.0125, -2.8125,-19.0125,-19.0125, -2.8125, -1.0125, -2.8125, -2.8125, -1.0125,-13.6125, -1.0125,-19.0125, -2.8125, -1.0125, -2.8125]
	PARPACK diagonalization completed after 30 matrix-vector product operations.
	iteration results: : total energy is -329.800000 | electron energy -329.800000 + phonon energy 0.000000 | electron momentum kIdx = 2
The 14-th iteration is completed.	|| time cost : 0h 0m 0.348s
********************************************************************************************************************
Start the 15 rounds of NGS-ED iteration
	effective electronic model is modified as: kinetic energy t = 1.07255e-12, t' = -3.57056e-15
	                                           effective interaction Vq = [-49.6125,-19.0125, -2.8125,-19.0125,-19.0125, -2.8125, -1.0125, -2.8125, -2.8125, -1.0125,-13.6125, -1.0125,-19.0125, -2.8125, -1.0125, -2.8125]
	PARPACK diagonalization completed after 30 matrix-vector product operations.
	iteration results: : total energy is -329.800000 | electron energy -329.800000 + phonon energy 0.000000 | electron momentum kIdx = 2
The 15-th iteration is completed.	|| time cost : 0h 0m 0.349s
********************************************************************************************************************
Start the 16 rounds of NGS-ED iteration
	effective electronic model is modified as: kinetic energy t = 1.0697e-12, t' = -3.56885e-15
	                                           effective interaction Vq = [-49.6125,-19.0125, -2.8125,-19.0125,-19.0125, -2.8125, -1.0125, -2.8125, -2.8125, -1.0125,-13.6125, -1.0125,-19.0125, -2.8125, -1.0125, -2.8125]
	PARPACK diagonalization completed after 30 matrix-vector product operations.
	iteration results: : total energy is -329.800000 | electron energy -329.800000 + phonon energy 0.000000 | electron momentum kIdx = 2
The 16-th iteration is completed.	|| time cost : 0h 0m 0.353s
********************************************************************************************************************
Start the 17 rounds of NGS-ED iteration
	effective electronic model is modified as: kinetic energy t = 1.07288e-12, t' = -3.56878e-15
	                                           effective interaction Vq = [-49.6125,-19.0125, -2.8125,-19.0125,-19.0125, -2.8125, -1.0125, -2.8125, -2.8125, -1.0125,-13.6125, -1.0125,-19.0125, -2.8125, -1.0125, -2.8125]
	PARPACK diagonalization completed after 30 matrix-vector product operations.
	iteration results: : total energy is -329.800000 | electron energy -329.800000 + phonon energy 0.000000 | electron momentum kIdx = 2
The 17-th iteration is completed.	|| time cost : 0h 0m 0.348s
********************************************************************************************************************
Start the 18 rounds of NGS-ED iteration
	effective electronic model is modified as: kinetic energy t = 1.0699e-12, t' = -3.56866e-15
	                                           effective interaction Vq = [-49.6125,-19.0125, -2.8125,-19.0125,-19.0125, -2.8125, -1.0125, -2.8125, -2.8125, -1.0125,-13.6125, -1.0125,-19.0125, -2.8125, -1.0125, -2.8125]
	PARPACK diagonalization completed after 30 matrix-vector product operations.
	iteration results: : total energy is -329.800000 | electron energy -329.800000 + phonon energy 0.000000 | electron momentum kIdx = 2
The 18-th iteration is completed.	|| time cost : 0h 0m 0.347s
********************************************************************************************************************
Start the 19 rounds of NGS-ED iteration
	effective electronic model is modified as: kinetic energy t = 1.07047e-12, t' = -3.56916e-15
	                                           effective interaction Vq = [-49.6125,-19.0125, -2.8125,-19.0125,-19.0125, -2.8125, -1.0125, -2.8125, -2.8125, -1.0125,-13.6125, -1.0125,-19.0125, -2.8125, -1.0125, -2.8125]
	PARPACK diagonalization completed after 30 matrix-vector product operations.
	iteration results: : total energy is -329.800000 | electron energy -329.800000 + phonon energy 0.000000 | electron momentum kIdx = 2
The 19-th iteration is completed.	|| time cost : 0h 0m 0.352s
********************************************************************************************************************
Start the 20 rounds of NGS-ED iteration
	effective electronic model is modified as: kinetic energy (tx,ty)=(1.07452e-12, 1.07262e-12), t' = -3.57274e-15
	                                           effective interaction Vq = [-49.6125,-19.0125, -2.8125,-19.0125,-19.0125, -2.8125, -1.0125, -2.8125, -2.8125, -1.0125,-13.6125, -1.0125,-19.0125, -2.8125, -1.0125, -2.8125]
	PARPACK diagonalization completed after 30 matrix-vector product operations.
	iteration results: : total energy is -329.800000 | electron energy -329.800000 + phonon energy 0.000000 | electron momentum kIdx = 2
The 20-th iteration is completed.	|| time cost : 0h 0m 0.35s
********************************************************************************************************************
Start the 21 rounds of NGS-ED iteration
	effective electronic model is modified as: kinetic energy t = 1.07144e-12, t' = -3.56902e-15
	                                           effective interaction Vq = [-49.6125,-19.0125, -2.8125,-19.0125,-19.0125, -2.8125, -1.0125, -2.8125, -2.8125, -1.0125,-13.6125, -1.0125,-19.0125, -2.8125, -1.0125, -2.8125]
	PARPACK diagonalization completed after 30 matrix-vector product operations.
	iteration results: : total energy is -329.800000 | electron energy -329.800000 + phonon energy 0.000000 | electron momentum kIdx = 2
The 21-th iteration is completed.	|| time cost : 0h 0m 0.349s
********************************************************************************************************************
Start the 22 rounds of NGS-ED iteration
	effective electronic model is modified as: kinetic energy t = 1.0722e-12, t' = -3.56885e-15
	                                           effective interaction Vq = [-49.6125,-19.0125, -2.8125,-19.0125,-19.0125, -2.8125, -1.0125, -2.8125, -2.8125, -1.0125,-13.6125, -1.0125,-19.0125, -2.8125, -1.0125, -2.8125]
	PARPACK diagonalization completed after 30 matrix-vector product operations.
	iteration results: : total energy is -329.800000 | electron energy -329.800000 + phonon energy 0.000000 | electron momentum kIdx = 2
The 22-th iteration is completed.	|| time cost : 0h 0m 0.352s
********************************************************************************************************************
Start the 23 rounds of NGS-ED iteration
	effective electronic model is modified as: kinetic energy t = 1.07162e-12, t' = -3.56898e-15
	                                           effective interaction Vq = [-49.6125,-19.0125, -2.8125,-19.0125,-19.0125, -2.8125, -1.0125, -2.8125, -2.8125, -1.0125,-13.6125, -1.0125,-19.0125, -2.8125, -1.0125, -2.8125]
	PARPACK diagonalization completed after 30 matrix-vector product operations.
	iteration results: : total energy is -329.800000 | electron energy -329.800000 + phonon energy 0.000000 | electron momentum kIdx = 2
The 23-th iteration is completed.	|| time cost : 0h 0m 0.349s
********************************************************************************************************************
Start the 24 rounds of NGS-ED iteration
	effective electronic model is modified as: kinetic energy (tx,ty)=(1.0704e-12, 1.06618e-12), t' = -3.55532e-15
	                                           effective interaction Vq = [-49.6125,-19.0125, -2.8125,-19.0125,-19.0125, -2.8125, -1.0125, -2.8125, -2.8125,-1.01249,-13.6125,-1.01249,-19.0125, -2.8125, -1.0125, -2.8125]
	PARPACK diagonalization completed after 30 matrix-vector product operations.
	iteration results: : total energy is -329.800000 | electron energy -329.800000 + phonon energy 0.000000 | electron momentum kIdx = 2
The 24-th iteration is completed.	|| time cost : 0h 0m 0.353s
********************************************************************************************************************
Start the 25 rounds of NGS-ED iteration
	effective electronic model is modified as: kinetic energy t = 1.07073e-12, t' = -3.56886e-15
	                                           effective interaction Vq = [-49.6125,-19.0125, -2.8125,-19.0125,-19.0125, -2.8125, -1.0125, -2.8125, -2.8125, -1.0125,-13.6125, -1.0125,-19.0125, -2.8125, -1.0125, -2.8125]
	PARPACK diagonalization completed after 30 matrix-vector product operations.
	iteration results: : total energy is -329.800000 | electron energy -329.800000 + phonon energy 0.000000 | electron momentum kIdx = 2
The 25-th iteration is completed.	|| time cost : 0h 0m 0.352s
********************************************************************************************************************
Start the 26 rounds of NGS-ED iteration
	effective electronic model is modified as: kinetic energy t = 1.07168e-12, t' = -3.57016e-15
	                                           effective interaction Vq = [-49.6125,-19.0125, -2.8125,-19.0125,-19.0125, -2.8125, -1.0125, -2.8125, -2.8125, -1.0125,-13.6125, -1.0125,-19.0125, -2.8125, -1.0125, -2.8125]
	PARPACK diagonalization completed after 30 matrix-vector product operations.
	iteration results: : total energy is -329.800000 | electron energy -329.800000 + phonon energy 0.000000 | electron momentum kIdx = 2
The 26-th iteration is completed.	|| time cost : 0h 0m 0.348s
********************************************************************************************************************
Start the 27 rounds of NGS-ED iteration
	effective electronic model is modified as: kinetic energy (tx,ty)=(1.07064e-12, 1.07641e-12), t' = -3.58811e-15
	                                           effective interaction Vq = [-49.6125,-19.0125, -2.8125,-19.0125,-19.0125, -2.8125, -1.0125, -2.8125,-2.81249, -1.0125,-13.6125, -1.0125,-19.0125, -2.8125, -1.0125, -2.8125]
	PARPACK diagonalization completed after 30 matrix-vector product operations.
	iteration results: : total energy is -329.800000 | electron energy -329.800000 + phonon energy 0.000000 | electron momentum kIdx = 2
The 27-th iteration is completed.	|| time cost : 0h 0m 0.355s
********************************************************************************************************************
Start the 28 rounds of NGS-ED iteration
	effective electronic model is modified as: kinetic energy t = 1.07019e-12, t' = -3.56681e-15
	                                           effective interaction Vq = [-49.6125,-19.0125, -2.8125,-19.0125,-19.0125, -2.8125, -1.0125, -2.8125, -2.8125, -1.0125,-13.6125, -1.0125,-19.0125, -2.8125, -1.0125, -2.8125]
	PARPACK diagonalization completed after 30 matrix-vector product operations.
	iteration results: : total energy is -329.800000 | electron energy -329.800000 + phonon energy 0.000000 | electron momentum kIdx = 2
The 28-th iteration is completed.	|| time cost : 0h 0m 0.349s
********************************************************************************************************************
Start the 29 rounds of NGS-ED iteration
	effective electronic model is modified as: kinetic energy t = 1.07082e-12, t' = -3.56685e-15
	                                           effective interaction Vq = [-49.6125,-19.0125, -2.8125,-19.0125,-19.0125, -2.8125, -1.0125, -2.8125, -2.8125, -1.0125,-13.6125, -1.0125,-19.0125, -2.8125, -1.0125, -2.8125]
	PARPACK diagonalization completed after 30 matrix-vector product operations.
	iteration results: : total energy is -329.800000 | electron energy -329.800000 + phonon energy 0.000000 | electron momentum kIdx = 2
The 29-th iteration is completed.	|| time cost : 0h 0m 0.351s
********************************************************************************************************************
Start the 30 rounds of NGS-ED iteration
	effective electronic model is modified as: kinetic energy t = 1.07115e-12, t' = -3.56871e-15
	                                           effective interaction Vq = [-49.6125,-19.0125, -2.8125,-19.0125,-19.0125, -2.8125, -1.0125, -2.8125, -2.8125, -1.0125,-13.6125, -1.0125,-19.0125, -2.8125, -1.0125, -2.8125]
	PARPACK diagonalization completed after 30 matrix-vector product operations.
	iteration results: : total energy is -329.800000 | electron energy -329.800000 + phonon energy 0.000000 | electron momentum kIdx = 2
The 30-th iteration is completed.	|| time cost : 0h 0m 0.347s
********************************************************************************************************************
Start the 31 rounds of NGS-ED iteration
	effective electronic model is modified as: kinetic energy t = 1.07139e-12, t' = -3.56673e-15
	                                           effective interaction Vq = [-49.6125,-19.0125, -2.8125,-19.0125,-19.0125, -2.8125, -1.0125, -2.8125, -2.8125, -1.0125,-13.6125, -1.0125,-19.0125, -2.8125, -1.0125, -2.8125]
	PARPACK diagonalization completed after 30 matrix-vector product operations.
	iteration results: : total energy is -329.800000 | electron energy -329.800000 + phonon energy 0.000000 | electron momentum kIdx = 2
The 31-th iteration is completed.	|| time cost : 0h 0m 0.349s
********************************************************************************************************************
Start the 32 rounds of NGS-ED iteration
	effective electronic model is modified as: kinetic energy t = 1.07059e-12, t' = -3.56955e-15
	                                           effective interaction Vq = [-49.6125,-19.0125, -2.8125,-19.0125,-19.0125, -2.8125, -1.0125, -2.8125, -2.8125, -1.0125,-13.6125, -1.0125,-19.0125, -2.8125, -1.0125, -2.8125]
	PARPACK diagonalization completed after 30 matrix-vector product operations.
	iteration results: : total energy is -329.800000 | electron energy -329.800000 + phonon energy 0.000000 | electron momentum kIdx = 2
The 32-th iteration is completed.	|| time cost : 0h 0m 0.349s
********************************************************************************************************************
Start the 33 rounds of NGS-ED iteration
	effective electronic model is modified as: kinetic energy t = 1.06971e-12, t' = -3.56912e-15
	                                           effective interaction Vq = [-49.6125,-19.0125, -2.8125,-19.0125,-19.0125, -2.8125, -1.0125, -2.8125, -2.8125, -1.0125,-13.6125, -1.0125,-19.0125, -2.8125, -1.0125, -2.8125]
	PARPACK diagonalization completed after 30 matrix-vector product operations.
	iteration results: : total energy is -329.800000 | electron energy -329.800000 + phonon energy 0.000000 | electron momentum kIdx = 2
The 33-th iteration is completed.	|| time cost : 0h 0m 0.351s
********************************************************************************************************************
Start the 34 rounds of NGS-ED iteration
	effective electronic model is modified as: kinetic energy (tx,ty)=(1.05087e-12, 1.06048e-12), t' = -3.53738e-15
	                                           effective interaction Vq = [-49.6125,-19.0125, -2.8125,-19.0125,-19.0125, -2.8125,-1.01245, -2.8125, -2.8125, -1.0125,-13.6125, -1.0125,-19.0125, -2.8125,-1.01245, -2.8125]
	PARPACK diagonalization completed after 30 matrix-vector product operations.
	iteration results: : total energy is -329.800000 | electron energy -329.800000 + phonon energy 0.000000 | electron momentum kIdx = 2
The 34-th iteration is completed.	|| time cost : 0h 0m 0.353s
********************************************************************************************************************
Start the 35 rounds of NGS-ED iteration
	effective electronic model is modified as: kinetic energy t = 1.07146e-12, t' = -3.56931e-15
	                                           effective interaction Vq = [-49.6125,-19.0125, -2.8125,-19.0125,-19.0125, -2.8125, -1.0125, -2.8125, -2.8125, -1.0125,-13.6125, -1.0125,-19.0125, -2.8125, -1.0125, -2.8125]
	PARPACK diagonalization completed after 30 matrix-vector product operations.
	iteration results: : total energy is -329.800000 | electron energy -329.800000 + phonon energy 0.000000 | electron momentum kIdx = 2
The 35-th iteration is completed.	|| time cost : 0h 0m 0.474s
********************************************************************************************************************
Start the 36 rounds of NGS-ED iteration
	effective electronic model is modified as: kinetic energy t = 1.02013e-12, t' = -3.56883e-15
	                                           effective interaction Vq = [-49.6125,-19.0125, -2.8125,-19.0125,-19.0125, -2.8125, -1.0125, -2.8125, -2.8125, -1.0125,-13.6124, -1.0125,-19.0125, -2.8125, -1.0125, -2.8125]
	PARPACK diagonalization completed after 30 matrix-vector product operations.
	iteration results: : total energy is -329.800000 | electron energy -329.800000 + phonon energy 0.000000 | electron momentum kIdx = 2
The 36-th iteration is completed.	|| time cost : 0h 0m 0.356s
********************************************************************************************************************
Start the 37 rounds of NGS-ED iteration
	effective electronic model is modified as: kinetic energy t = 1.07286e-12, t' = -3.56898e-15
	                                           effective interaction Vq = [-49.6125,-19.0125, -2.8125,-19.0125,-19.0125, -2.8125, -1.0125, -2.8125, -2.8125, -1.0125,-13.6125, -1.0125,-19.0125, -2.8125, -1.0125, -2.8125]
	PARPACK diagonalization completed after 30 matrix-vector product operations.
	iteration results: : total energy is -329.800000 | electron energy -329.800000 + phonon energy 0.000000 | electron momentum kIdx = 2
The 37-th iteration is completed.	|| time cost : 0h 0m 0.348s
********************************************************************************************************************
Start the 38 rounds of NGS-ED iteration
	effective electronic model is modified as: kinetic energy t = 1.06922e-12, t' = -3.56902e-15
	                                           effective interaction Vq = [-49.6125,-19.0125, -2.8125,-19.0125,-19.0125, -2.8125, -1.0125, -2.8125, -2.8125, -1.0125,-13.6125, -1.0125,-19.0125, -2.8125, -1.0125, -2.8125]
	PARPACK diagonalization completed after 30 matrix-vector product operations.
	iteration results: : total energy is -329.800000 | electron energy -329.800000 + phonon energy 0.000000 | electron momentum kIdx = 2
The 38-th iteration is completed.	|| time cost : 0h 0m 0.349s
********************************************************************************************************************
Start the 39 rounds of NGS-ED iteration
	effective electronic model is modified as: kinetic energy t = 1.07114e-12, t' = -3.57062e-15
	                                           effective interaction Vq = [-49.6125,-19.0125, -2.8125,-19.0125,-19.0125, -2.8125, -1.0125, -2.8125, -2.8125, -1.0125,-13.6125, -1.0125,-19.0125, -2.8125, -1.0125, -2.8125]
	PARPACK diagonalization completed after 30 matrix-vector product operations.
	iteration results: : total energy is -329.800000 | electron energy -329.800000 + phonon energy 0.000000 | electron momentum kIdx = 2
The 39-th iteration is completed.	|| time cost : 0h 0m 0.4s
********************************************************************************************************************
Start the 40 rounds of NGS-ED iteration
	effective electronic model is modified as: kinetic energy t = 1.07073e-12, t' = -3.56994e-15
	                                           effective interaction Vq = [-49.6125,-19.0125, -2.8125,-19.0125,-19.0125, -2.8125, -1.0125, -2.8125, -2.8125, -1.0125,-13.6125, -1.0125,-19.0125, -2.8125, -1.0125, -2.8125]
	PARPACK diagonalization completed after 30 matrix-vector product operations.
	iteration results: : total energy is -329.800000 | electron energy -329.800000 + phonon energy 0.000000 | electron momentum kIdx = 2
The 40-th iteration is completed.	|| time cost : 0h 0m 0.349s
********************************************************************************************************************
Start the 41 rounds of NGS-ED iteration
	effective electronic model is modified as: kinetic energy (tx,ty)=(1.06736e-12, 1.06889e-12), t' = -3.56167e-15
	                                           effective interaction Vq = [-49.6125,-19.0125, -2.8125,-19.0125,-19.0125, -2.8125, -1.0125, -2.8125, -2.8125, -1.0125,-13.6125, -1.0125,-19.0125, -2.8125, -1.0125, -2.8125]
	PARPACK diagonalization completed after 30 matrix-vector product operations.
	iteration results: : total energy is -329.800000 | electron energy -329.800000 + phonon energy 0.000000 | electron momentum kIdx = 2
The 41-th iteration is completed.	|| time cost : 0h 0m 0.353s
********************************************************************************************************************
Start the 42 rounds of NGS-ED iteration
	effective electronic model is modified as: kinetic energy t = 1.06077e-12, t' = -3.5659e-15
	                                           effective interaction Vq = [-49.6125,-19.0125, -2.8125,-19.0125,-19.0125, -2.8125, -1.0125, -2.8125, -2.8125, -1.0125,-13.6125, -1.0125,-19.0125, -2.8125, -1.0125, -2.8125]
	PARPACK diagonalization completed after 30 matrix-vector product operations.
	iteration results: : total energy is -329.800000 | electron energy -329.800000 + phonon energy 0.000000 | electron momentum kIdx = 2
The 42-th iteration is completed.	|| time cost : 0h 0m 0.348s
********************************************************************************************************************
Start the 43 rounds of NGS-ED iteration
	effective electronic model is modified as: kinetic energy t = 1.07115e-12, t' = -3.56888e-15
	                                           effective interaction Vq = [-49.6125,-19.0125, -2.8125,-19.0125,-19.0125, -2.8125, -1.0125, -2.8125, -2.8125, -1.0125,-13.6125, -1.0125,-19.0125, -2.8125, -1.0125, -2.8125]
	PARPACK diagonalization completed after 30 matrix-vector product operations.
	iteration results: : total energy is -329.800000 | electron energy -329.800000 + phonon energy 0.000000 | electron momentum kIdx = 2
The 43-th iteration is completed.	|| time cost : 0h 0m 0.346s
********************************************************************************************************************
Start the 44 rounds of NGS-ED iteration
	effective electronic model is modified as: kinetic energy (tx,ty)=(1.07042e-12, 1.06925e-12), t' = -3.56537e-15
	                                           effective interaction Vq = [-49.6125,-19.0125, -2.8125,-19.0125,-19.0125, -2.8125, -1.0125, -2.8125, -2.8125, -1.0125,-13.6125, -1.0125,-19.0125, -2.8125, -1.0125, -2.8125]
	PARPACK diagonalization completed after 30 matrix-vector product operations.
	iteration results: : total energy is -329.800000 | electron energy -329.800000 + phonon energy 0.000000 | electron momentum kIdx = 2
The 44-th iteration is completed.	|| time cost : 0h 0m 0.356s
********************************************************************************************************************
Start the 45 rounds of NGS-ED iteration
	effective electronic model is modified as: kinetic energy t = 1.07131e-12, t' = -3.56889e-15
	                                           effective interaction Vq = [-49.6125,-19.0125, -2.8125,-19.0125,-19.0125, -2.8125, -1.0125, -2.8125, -2.8125, -1.0125,-13.6125, -1.0125,-19.0125, -2.8125, -1.0125, -2.8125]
	PARPACK diagonalization completed after 30 matrix-vector product operations.
	iteration results: : total energy is -329.800000 | electron energy -329.800000 + phonon energy 0.000000 | electron momentum kIdx = 2
The 45-th iteration is completed.	|| time cost : 0h 0m 0.35s
********************************************************************************************************************
Start the 46 rounds of NGS-ED iteration
	effective electronic model is modified as: kinetic energy t = 1.06718e-12, t' = -3.56955e-15
